58.0226
-0.89539
-0.89538
-0.89539
-0.89541
-0.89539
-0.88856
-0.89265
-0.885
-0.89328
-0.9035
-0.9035
-0.9035
-0.89188
-0.89187
-0.92202
-0.90673
-0.90294
-0.90375
-0.89442
-0.8944
-0.8944
-0.89441
-0.91474
-0.8937
-0.8937
-0.91878
-0.89155
-0.88481
-0.92712
-0.91508
-0.88684
-0.9211
-0.88826
-0.89099
-0.89283
-0.90044
-0.90044
-0.8914
-0.89431
-0.8865
-0.91879
-0.91301
-0.89486
-0.91757
-0.90717
-0.93126
-0.95817
-0.90194
-0.95185
-0.95035
-0.8808
-0.89989
-0.90375
-0.89907
-1.0167
-0.94444
-1.0302
-1.0786
-1.0153
-1.037
-1.0449
-0.99807
-1.0926
0
0
0
0
0
0
0
0
0
0
0
0
0
0
0
0
0
0
0
0
0
0
0
0
0
0
0
0
0
0
0
0
0
0
0
0
0
0
0
0
0
0
0
0
0
-0.89539
58.0227
-0.89539
-0.89539
-0.8954
-0.8954
-0.88855
-0.89265
-0.885
-0.89329
-0.9035
-0.90349
-0.9035
-0.89188
-0.89189
-0.92203
-0.90673
-0.90294
-0.90375
-0.89441
-0.8944
-0.8944
-0.89441
-0.91474
-0.8937
-0.8937
-0.91878
-0.89156
-0.88481
-0.92713
-0.91508
-0.88684
-0.9211
-0.88825
-0.89099
-0.89283
-0.90044
-0.90044
-0.89139
-0.89431
-0.8865
-0.9188
-0.913
-0.89486
-0.91757
-0.90717
-0.93127
-0.95817
-0.90194
-0.95185
-0.95035
-0.88081
-0.89989
-0.90374
-0.89908
-1.0167
-0.94444
-1.0302
-1.0786
-1.0153
-1.037
-1.0449
-0.99807
-1.0926
0
0
0
0
0
0
0
0
0
0
0
0
0
0
0
0
0
0
0
0
0
0
0
0
0
0
0
0
0
0
0
0
0
0
0
0
0
0
0
0
0
0
0
0
0
-0.89538
-0.89539
58.0224
-0.89538
-0.89539
-0.8954
-0.88856
-0.89265
-0.885
-0.89328
-0.9035
-0.90349
-0.90349
-0.89188
-0.89187
-0.92202
-0.90672
-0.90293
-0.90374
-0.89441
-0.89439
-0.8944
-0.89441
-0.91474
-0.89369
-0.8937
-0.91878
-0.89155
-0.8848
-0.92712
-0.91507
-0.88684
-0.92109
-0.88825
-0.89099
-0.89283
-0.90043
-0.90044
-0.89139
-0.89431
-0.8865
-0.91879
-0.913
-0.89485
-0.91756
-0.90716
-0.93125
-0.95816
-0.90194
-0.95185
-0.95035
-0.8808
-0.89989
-0.90374
-0.89907
-1.0167
-0.94444
-1.0302
-1.0786
-1.0153
-1.037
-1.0449
-0.99806
-1.0926
0
0
0
0
0
0
0
0
0
0
0
0
0
0
0
0
0
0
0
0
0
0
0
0
0
0
0
0
0
0
0
0
0
0
0
0
0
0
0
0
0
0
0
0
0
-0.89539
-0.89539
-0.89538
58.0223
-0.89539
-0.89539
-0.88855
-0.89265
-0.88499
-0.89328
-0.90349
-0.90349
-0.90349
-0.89187
-0.89187
-0.92202
-0.90673
-0.90294
-0.90374
-0.8944
-0.89439
-0.8944
-0.89441
-0.91473
-0.8937
-0.89369
-0.91878
-0.89155
-0.8848
-0.92711
-0.91507
-0.88684
-0.92109
-0.88824
-0.89099
-0.89283
-0.90044
-0.90044
-0.89139
-0.8943
-0.88649
-0.91879
-0.913
-0.89485
-0.91757
-0.90716
-0.93125
-0.95816
-0.90193
-0.95185
-0.95035
-0.8808
-0.89988
-0.90373
-0.89907
-1.0167
-0.94444
-1.0302
-1.0786
-1.0153
-1.037
-1.0449
-0.99806
-1.0926
0
0
0
0
0
0
0
0
0
0
0
0
0
0
0
0
0
0
0
0
0
0
0
0
0
0
0
0
0
0
0
0
0
0
0
0
0
0
0
0
0
0
0
0
0
-0.89541
-0.8954
-0.89539
-0.89539
58.0232
-0.89541
-0.88857
-0.89266
-0.88502
-0.8933
-0.90351
-0.90351
-0.90351
-0.89189
-0.89189
-0.92203
-0.90674
-0.90295
-0.90375
-0.89442
-0.8944
-0.89441
-0.89442
-0.91475
-0.89371
-0.89371
-0.91879
-0.89156
-0.88482
-0.92714
-0.91509
-0.88685
-0.9211
-0.88826
-0.891
-0.89284
-0.90045
-0.90045
-0.89141
-0.89432
-0.88651
-0.9188
-0.91302
-0.89487
-0.91758
-0.90718
-0.93127
-0.95819
-0.90195
-0.95186
-0.95036
-0.88081
-0.8999
-0.90375
-0.89908
-1.0167
-0.94445
-1.0302
-1.0786
-1.0153
-1.037
-1.0449
-0.99808
-1.0926
0
0
0
0
0
0
0
0
0
0
0
0
0
0
0
0
0
0
0
0
0
0
0
0
0
0
0
0
0
0
0
0
0
0
0
0
0
0
0
0
0
0
0
0
0
-0.89539
-0.8954
-0.8954
-0.89539
-0.89541
58.0232
-0.88856
-0.89266
-0.88501
-0.8933
-0.90351
-0.9035
-0.90351
-0.89189
-0.89189
-0.92204
-0.90674
-0.90295
-0.90376
-0.89443
-0.8944
-0.8944
-0.89442
-0.91475
-0.89371
-0.89371
-0.91879
-0.89156
-0.88481
-0.92713
-0.91509
-0.88685
-0.92111
-0.88827
-0.891
-0.89284
-0.90045
-0.90045
-0.89141
-0.89432
-0.88651
-0.91881
-0.91302
-0.89486
-0.91758
-0.90718
-0.93127
-0.95818
-0.90195
-0.95187
-0.95036
-0.88082
-0.8999
-0.90376
-0.89908
-1.0167
-0.94445
-1.0302
-1.0786
-1.0153
-1.037
-1.0449
-0.99808
-1.0926
0
0
0
0
0
0
0
0
0
0
0
0
0
0
0
0
0
0
0
0
0
0
0
0
0
0
0
0
0
0
0
0
0
0
0
0
0
0
0
0
0
0
0
0
0
-0.88856
-0.88855
-0.88856
-0.88855
-0.88857
-0.88856
56.3764
-0.88471
-0.8764
-0.88423
-0.8937
-0.8937
-0.8937
-0.88298
-0.88297
-0.91344
-0.89704
-0.89383
-0.89466
-0.88539
-0.88538
-0.88539
-0.88539
-0.90499
-0.88468
-0.88468
-0.90908
-0.88256
-0.87583
-0.91699
-0.9055
-0.87786
-0.91115
-0.8793
-0.88197
-0.88391
-0.89113
-0.89113
-0.88236
-0.88527
-0.87754
-0.90916
-0.90377
-0.8858
-0.90813
-0.89806
-0.92158
-0.94804
-0.89301
-0.94209
-0.94059
-0.87182
-0.89097
-0.89454
-0.89009
-1.0065
-0.93519
-1.0201
-1.0685
-1.0061
-1.0277
-1.0356
-0.9889
0
0
0
0
0
0
0
0
0
0
0
0
0
0
0
0
0
0
0
0
0
0
0
0
0
0
0
0
0
0
0
0
0
0
0
0
0
0
0
0
0
0
0
0
0
0
-0.89265
-0.89265
-0.89265
-0.89265
-0.89266
-0.89266
-0.88471
55.6664
-0.87944
-0.88785
-0.89777
-0.89776
-0.89776
-0.88653
-0.88653
-0.91703
-0.90071
-0.89744
-0.89828
-0.88898
-0.88896
-0.88897
-0.88898
-0.90875
-0.88826
-0.88826
-0.91283
-0.88612
-0.87944
-0.92077
-0.90918
-0.88149
-0.9149
-0.88284
-0.88554
-0.88748
-0.89475
-0.89476
-0.88593
-0.88885
-0.88108
-0.91285
-0.90743
-0.88938
-0.91181
-0.90168
-0.92535
-0.95199
-0.89656
-0.94591
-0.94442
-0.87556
-0.89453
-0.89834
-0.8938
-1.0108
0
-1.0243
-1.0728
-1.01
-1.0317
-1.0396
-0.99276
0
0
0
0
0
0
0
0
0
0
0
0
0
0
0
0
0
0
0
0
0
0
0
0
0
0
0
0
0
0
0
0
0
0
0
0
0
0
0
0
0
0
0
0
0
0
-0.885
-0.885
-0.885
-0.88499
-0.88502
-0.88501
-0.8764
-0.87944
54.2012
-0.87997
-0.89025
-0.89025
-0.89025
-0.87873
-0.87873
-0.90909
-0.89219
-0.88948
-0.89024
-0.88106
-0.88104
-0.88105
-0.88106
-0.90029
-0.88032
-0.88033
-0.90443
-0.8782
-0.87151
-0.91197
-0.90084
-0.87356
-0.90628
-0.87493
-0.8776
-0.87949
-0.88661
-0.88661
-0.87798
-0.88088
-0.87316
-0.90446
-0.89935
-0.88141
-0.90359
-0.89366
-0.91706
-0.94341
-0.88862
-0.93754
-0.93605
-0.86765
-0.88658
-0.89024
-0.88589
-1.0021
0
-1.0161
-1.0645
-1.0025
-1.0242
-1.032
0
0
0
0
0
0
0
0
0
0
0
0
0
0
0
0
0
0
0
0
0
0
0
0
0
0
0
0
0
0
0
0
0
0
0
0
0
0
0
0
0
0
0
0
0
0
0
-0.89328
-0.89329
-0.89328
-0.89328
-0.8933
-0.8933
-0.88423
-0.88785
-0.87997
50.436
-0.89452
-0.89452
-0.89452
-0.8851
-0.8851
-0.91431
-0.89883
-0.89601
-0.89683
-0.88754
-0.88753
-0.88754
-0.88755
-0.90627
-0.88675
-0.88675
-0.91082
-0.88461
-0.87764
-0.91781
-0.907
-0.87974
-0.91227
-0.8813
-0.884
-0.88604
-0.89281
-0.89282
-0.8844
-0.88735
-0.87959
-0.9108
-0.90603
-0.88799
-0.91006
-0.90032
-0.92366
-0.95012
-0.89524
-0.94432
-0.94282
-0.87607
-0.89324
-0.89615
-0.89264
0
0
0
0
0
0
0
0
0
0
0
0
0
0
-2.0269
0
0
0
0
0
0
0
0
0
0
0
0
0
0
0
0
0
0
0
0
0
0
0
0
0
0
0
0
0
0
0
0
0
0
0
0
0
0
0
-0.9035
-0.9035
-0.9035
-0.90349
-0.90351
-0.90351
-0.8937
-0.89777
-0.89025
-0.89452
54.4369
-0.90672
-0.90672
-0.89342
-0.89342
-0.92281
-0.90623
-0.90434
-0.90523
-0.8958
-0.89579
-0.89579
-0.8958
-0.9141
-0.89505
-0.89504
-0.91845
-0.89287
-0.88601
-0.92564
-0.91499
-0.88838
-0.91981
-0.88956
-0.89231
-0.89444
-0.90071
-0.90071
-0.89272
-0.8957
-0.88792
-0.91804
-0.91459
-0.8965
-0.91812
-0.9089
-0.93179
-0.95784
-0.90386
-0.95275
-0.95124
-0.88184
-0.9019
-0.9045
-0.90171
0
0
0
0
0
0
0
0
0
0
0
0
0
0
0
0
0
-5.5696
0
0
0
0
0
0
0
0
0
0
0
0
0
0
0
0
0
0
0
0
0
0
0
0
0
0
0
0
0
0
0
0
0
0
0
0
-0.9035
-0.90349
-0.90349
-0.90349
-0.90351
-0.9035
-0.8937
-0.89776
-0.89025
-0.89452
-0.90672
54.4367
-0.90673
-0.89342
-0.89342
-0.92281
-0.90623
-0.90434
-0.90523
-0.8958
-0.89578
-0.89578
-0.89579
-0.91409
-0.89504
-0.89504
-0.91845
-0.89287
-0.886
-0.92564
-0.91499
-0.88837
-0.9198
-0.88957
-0.8923
-0.89444
-0.90071
-0.9007
-0.89272
-0.89569
-0.88792
-0.91804
-0.91459
-0.89651
-0.91811
-0.9089
-0.93178
-0.95784
-0.90387
-0.95274
-0.95124
-0.88183
-0.9019
-0.9045
-0.90171
0
0
0
0
0
0
0
0
0
0
0
0
0
0
0
0
0
0
0
0
0
0
0
0
0
0
0
0
0
0
0
0
0
0
0
-5.5696
0
0
0
0
0
0
0
0
0
0
0
0
0
0
0
0
0
0
-0.9035
-0.9035
-0.90349
-0.90349
-0.90351
-0.90351
-0.8937
-0.89776
-0.89025
-0.89452
-0.90672
-0.90673
54.4366
-0.89341
-0.89342
-0.9228
-0.90622
-0.90433
-0.90523
-0.89579
-0.89578
-0.89579
-0.8958
-0.91409
-0.89503
-0.89504
-0.91844
-0.89287
-0.886
-0.92564
-0.91499
-0.88837
-0.91981
-0.88956
-0.8923
-0.89444
-0.9007
-0.9007
-0.89272
-0.8957
-0.88791
-0.91803
-0.91459
-0.89651
-0.91811
-0.9089
-0.93178
-0.95783
-0.90386
-0.95274
-0.95123
-0.88183
-0.90189
-0.90449
-0.90171
0
0
0
0
0
0
0
0
0
0
0
0
0
0
0
0
0
0
0
0
0
0
0
0
0
0
0
0
0
0
0
0
0
0
0
0
0
0
-5.5695
0
0
0
0
0
0
0
0
0
0
0
0
0
0
0
-0.89188
-0.89188
-0.89188
-0.89187
-0.89189
-0.89189
-0.88298
-0.88653
-0.87873
-0.8851
-0.89342
-0.89342
-0.89341
48.3388
-0.88166
-0.91328
-0.89741
-0.89476
-0.89558
-0.88631
-0.88628
-0.8863
-0.88631
-0.9054
-0.88547
-0.88548
-0.90941
-0.88333
-0.87662
-0.91678
-0.90586
-0.87876
-0.9112
-0.88002
-0.88271
-0.88479
-0.8917
-0.8917
-0.88308
-0.88602
-0.87826
-0.90962
-0.9046
-0.88656
-0.9088
-0.89889
-0.92234
-0.94882
-0.8938
-0.94293
-0.94143
-0.87315
-0.89179
-0.89567
-0.891
0
0
0
0
0
0
0
0
0
0
0
0
0
0
0
0
0
0
0
0
0
0
0
0
0
0
0
0
0
0
0
0
0
0
0
0
0
0
0
0
0
0
0
0
0
0
0
0
0
0
0
0
0
0
-0.89187
-0.89189
-0.89187
-0.89187
-0.89189
-0.89189
-0.88297
-0.88653
-0.87873
-0.8851
-0.89342
-0.89342
-0.89342
-0.88166
48.3388
-0.91328
-0.89741
-0.89476
-0.89558
-0.8863
-0.88629
-0.8863
-0.8863
-0.90541
-0.88548
-0.88548
-0.90941
-0.88332
-0.87662
-0.91678
-0.90586
-0.87875
-0.9112
-0.88003
-0.88271
-0.8848
-0.89169
-0.89169
-0.88308
-0.88602
-0.87826
-0.90962
-0.9046
-0.88656
-0.9088
-0.89889
-0.92234
-0.94882
-0.8938
-0.94293
-0.94143
-0.87315
-0.89178
-0.89567
-0.891
0
0
0
0
0
0
0
0
0
0
0
0
0
0
0
0
0
0
0
0
0
0
0
0
0
0
0
0
0
0
0
0
0
0
0
0
0
0
0
0
0
0
0
0
0
0
0
0
0
0
0
0
0
0
-0.92202
-0.92203
-0.92202
-0.92202
-0.92203
-0.92204
-0.91344
-0.91703
-0.90909
-0.91431
-0.92281
-0.92281
-0.9228
-0.91328
-0.91328
63.6739
-0.92612
-0.92439
-0.92536
-0.9157
-0.91568
-0.91569
-0.9157
-0.93507
-0.91497
-0.91498
-0.94013
-0.91277
-0.90569
-0.94601
-0.93657
-0.90821
-0.93845
-0.90947
-0.91228
-0.91446
-0.91973
-0.91973
-0.91283
-0.91592
-0.90807
-0.93629
-0.93528
-0.91696
-0.93768
-0.92952
-0.9516
-0.97772
-0.92434
-0.97316
-0.97163
0
-0.92244
0
0
0
0
0
0
0
0
0
0
0
0
0
0
0
0
0
0
0
0
0
-5.5041
0
0
0
0
0
0
0
0
0
0
0
0
0
0
0
0
0
0
0
0
0
0
0
-5.5041
0
0
0
0
0
0
0
-5.504
0
0
-0.90673
-0.90673
-0.90672
-0.90673
-0.90674
-0.90674
-0.89704
-0.90071
-0.89219
-0.89883
-0.90623
-0.90623
-0.90622
-0.89741
-0.89741
-0.92612
51.4645
-0.90856
-0.90946
-0.90001
-0.89998
-0.89998
-0.9
-0.91853
-0.89918
-0.89918
-0.92281
-0.89701
-0.89019
-0.93036
-0.91937
-0.89249
-0.92434
-0.89368
-0.89643
-0.89859
-0.90495
-0.90495
-0.89688
-0.89989
-0.89205
-0.92241
-0.91895
-0.90076
-0.92245
-0.91325
-0.93618
-0.96254
-0.90798
-0.95711
-0.9556
0
-0.90604
0
0
0
0
0
0
0
0
0
0
0
0
0
0
0
0
0
0
0
0
0
0
0
0
0
-5.0936
0
0
0
0
0
0
0
0
0
0
0
0
0
0
0
0
0
0
0
0
0
0
0
0
0
0
0
0
0
0
-0.90294
-0.90294
-0.90293
-0.90294
-0.90295
-0.90295
-0.89383
-0.89744
-0.88948
-0.89601
-0.90434
-0.90434
-0.90433
-0.89476
-0.89476
-0.92439
-0.90856
42.4705
-0.90734
-0.89757
-0.89755
-0.89756
-0.89757
-0.9164
-0.89621
-0.89621
-0.92375
-0.89405
-0.8875
-0.92842
-0.91743
-0.88966
-0.92271
-0.89074
-0.89354
-0.8958
-0.90283
-0.90282
-0.89393
-0.89699
-0.88905
-0.92127
-0.91615
-0.89795
-0.92019
-0.91024
-0.93414
0
-0.90506
0
0
0
0
0
0
0
0
0
0
0
0
0
0
0
0
0
0
0
0
0
0
0
0
0
0
0
0
0
0
0
0
0
0
0
0
0
0
0
0
0
0
0
0
0
0
0
0
0
0
0
0
0
0
0
0
0
0
0
0
-0.90375
-0.90375
-0.90374
-0.90374
-0.90375
-0.90376
-0.89466
-0.89828
-0.89024
-0.89683
-0.90523
-0.90523
-0.90523
-0.89558
-0.89558
-0.92536
-0.90946
-0.90734
42.5083
-0.89859
-0.89857
-0.89858
-0.89859
-0.91731
-0.89705
-0.89706
-0.92486
-0.8949
-0.88842
-0.92923
-0.91853
-0.89052
-0.92357
-0.8916
-0.89439
-0.89407
-0.9037
-0.90369
-0.89484
-0.89791
-0.89
-0.92219
-0.91716
-0.89893
-0.92117
-0.91132
0
0
0
0
0
0
0
0
0
0
0
0
0
0
0
0
0
0
0
0
0
-1.84
0
0
0
0
0
0
0
0
0
0
0
0
0
0
0
0
0
0
0
0
0
0
0
0
0
0
0
0
0
0
0
0
0
0
0
0
0
0
0
0
0
-0.89442
-0.89441
-0.89441
-0.8944
-0.89442
-0.89443
-0.88539
-0.88898
-0.88106
-0.88754
-0.8958
-0.8958
-0.89579
-0.88631
-0.8863
-0.9157
-0.90001
-0.89757
-0.89859
40.2377
-0.88765
-0.88765
-0.88766
-0.90824
-0.88621
-0.88621
-0.91431
-0.88438
-0.8778
-0.92041
-0.91342
-0.87993
-0.91535
-0.88129
-0.88407
-0.88596
-0.89249
-0.89249
-0.88424
-0.88755
-0.8798
-0.91161
-0.90694
-0.88885
-0.91074
-0.90111
0
0
0
0
0
0
0
0
0
0
0
0
0
0
0
0
0
0
0
0
0
0
0
0
0
0
0
0
0
0
0
0
0
0
0
0
0
0
0
0
0
0
0
0
0
0
0
0
0
0
0
0
0
0
0
0
0
0
0
0
0
0
0
-0.8944
-0.8944
-0.89439
-0.89439
-0.8944
-0.8944
-0.88538
-0.88896
-0.88104
-0.88753
-0.89579
-0.89578
-0.89578
-0.88628
-0.88629
-0.91568
-0.89998
-0.89755
-0.89857
-0.88765
40.237
-0.88765
-0.88765
-0.90823
-0.8862
-0.8862
-0.91431
-0.88436
-0.87777
-0.92039
-0.91341
-0.87991
-0.91533
-0.88127
-0.88406
-0.88594
-0.89247
-0.89247
-0.88422
-0.88753
-0.87978
-0.9116
-0.90693
-0.88884
-0.91072
-0.9011
0
0
0
0
0
0
0
0
0
0
0
0
0
0
0
0
0
0
0
0
0
0
0
0
0
0
0
0
0
0
0
0
0
0
0
0
0
0
0
0
0
0
0
0
0
0
0
0
0
0
0
0
0
0
0
0
0
0
0
0
0
0
0
-0.8944
-0.8944
-0.8944
-0.8944
-0.89441
-0.8944
-0.88539
-0.88897
-0.88105
-0.88754
-0.89579
-0.89578
-0.89579
-0.8863
-0.8863
-0.91569
-0.89998
-0.89756
-0.89858
-0.88765
-0.88765
40.2373
-0.88766
-0.90824
-0.88621
-0.88621
-0.91431
-0.88438
-0.87779
-0.9204
-0.91342
-0.87992
-0.91534
-0.88127
-0.88406
-0.88595
-0.89247
-0.89248
-0.88422
-0.88755
-0.87979
-0.9116
-0.90693
-0.88884
-0.91073
-0.9011
0
0
0
0
0
0
0
0
0
0
0
0
0
0
0
0
0
0
0
0
0
0
0
0
0
0
0
0
0
0
0
0
0
0
0
0
0
0
0
0
0
0
0
0
0
0
0
0
0
0
0
0
0
0
0
0
0
0
0
0
0
0
0
-0.89441
-0.89441
-0.89441
-0.89441
-0.89442
-0.89442
-0.88539
-0.88898
-0.88106
-0.88755
-0.8958
-0.89579
-0.8958
-0.88631
-0.8863
-0.9157
-0.9
-0.89757
-0.89859
-0.88766
-0.88765
-0.88766
40.2377
-0.90825
-0.88622
-0.88622
-0.91432
-0.88437
-0.87779
-0.9204
-0.91343
-0.87993
-0.91535
-0.88128
-0.88408
-0.88596
-0.89249
-0.89249
-0.88423
-0.88754
-0.8798
-0.91162
-0.90694
-0.88885
-0.91073
-0.9011
0
0
0
0
0
0
0
0
0
0
0
0
0
0
0
0
0
0
0
0
0
0
0
0
0
0
0
0
0
0
0
0
0
0
0
0
0
0
0
0
0
0
0
0
0
0
0
0
0
0
0
0
0
0
0
0
0
0
0
0
0
0
0
-0.91474
-0.91474
-0.91474
-0.91473
-0.91475
-0.91475
-0.90499
-0.90875
-0.90029
-0.90627
-0.9141
-0.91409
-0.91409
-0.9054
-0.90541
-0.93507
-0.91853
-0.9164
-0.91731
-0.90824
-0.90823
-0.90824
-0.90825
45.5593
-0.90666
-0.90666
-0.93105
-0.90438
-0.89647
-0.94073
-0.92803
-0.89941
-0.93117
-0.90096
-0.90383
-0.90614
-0.91218
-0.91218
-0.90423
-0.90737
-0.89952
-0.93034
-0.9274
0
0
0
0
0
0
0
0
0
0
0
0
0
0
0
0
0
0
0
0
0
0
0
0
0
-2.4657
0
0
0
0
0
0
0
0
0
0
0
0
0
0
0
0
0
0
0
0
0
0
0
0
0
-4.7628
0
0
0
0
0
0
0
0
0
0
0
0
0
0
-0.8937
-0.8937
-0.89369
-0.8937
-0.89371
-0.89371
-0.88468
-0.88826
-0.88032
-0.88675
-0.89505
-0.89504
-0.89503
-0.88547
-0.88548
-0.91497
-0.89918
-0.89621
-0.89705
-0.88621
-0.8862
-0.88621
-0.88622
-0.90666
38.392
-0.88678
-0.9106
-0.88446
-0.87791
-0.91854
-0.90569
-0.88026
-0.91278
-0.88108
-0.88404
-0.88665
-0.89385
-0.89385
-0.88452
-0.88767
-0.87968
-0.91138
-0.90683
-0.88827
0
0
0
0
0
0
0
0
0
0
0
0
0
0
0
0
0
0
0
0
0
0
0
0
0
0
0
0
0
0
0
0
0
0
0
0
0
0
0
0
0
0
0
0
0
0
0
0
0
0
0
0
0
0
0
0
0
0
0
0
0
0
0
0
0
-0.8937
-0.8937
-0.8937
-0.89369
-0.89371
-0.89371
-0.88468
-0.88826
-0.88033
-0.88675
-0.89504
-0.89504
-0.89504
-0.88548
-0.88548
-0.91498
-0.89918
-0.89621
-0.89706
-0.88621
-0.8862
-0.88621
-0.88622
-0.90666
-0.88678
38.3921
-0.91061
-0.88446
-0.87791
-0.91854
-0.90569
-0.88026
-0.91278
-0.88108
-0.88405
-0.88665
-0.89385
-0.89385
-0.88451
-0.88768
-0.87968
-0.91137
-0.90682
-0.88827
0
0
0
0
0
0
0
0
0
0
0
0
0
0
0
0
0
0
0
0
0
0
0
0
0
0
0
0
0
0
0
0
0
0
0
0
0
0
0
0
0
0
0
0
0
0
0
0
0
0
0
0
0
0
0
0
0
0
0
0
0
0
0
0
0
-0.91878
-0.91878
-0.91878
-0.91878
-0.91879
-0.91879
-0.90908
-0.91283
-0.90443
-0.91082
-0.91845
-0.91845
-0.91844
-0.90941
-0.90941
-0.94013
-0.92281
-0.92375
-0.92486
-0.91431
-0.91431
-0.91431
-0.91432
-0.93105
-0.9106
-0.91061
42.1939
-0.90839
-0.90031
-0.94392
-0.93389
-0.90268
-0.93838
-0.90417
-0.90712
-0.90915
-0.91559
-0.9156
-0.90793
-0.91095
-0.90292
0
0
0
0
0
0
0
0
0
0
0
0
0
0
0
0
0
0
0
0
0
0
0
0
-0.77414
0
0
0
0
0
0
0
0
0
0
0
0
0
0
0
0
0
0
0
0
0
0
0
0
0
0
0
0
0
0
0
0
0
0
0
-4.7736
0
0
0
0
0
0
0
-0.89155
-0.89156
-0.89155
-0.89155
-0.89156
-0.89156
-0.88256
-0.88612
-0.8782
-0.88461
-0.89287
-0.89287
-0.89287
-0.88333
-0.88332
-0.91277
-0.89701
-0.89405
-0.8949
-0.88438
-0.88436
-0.88438
-0.88437
-0.90438
-0.88446
-0.88446
-0.90839
37.4111
-0.87457
-0.91635
-0.90376
-0.87707
-0.91063
-0.87846
-0.88161
-0.88423
-0.89133
-0.89134
-0.88204
-0.88531
-0.87729
-0.90855
-0.90453
0
0
0
0
0
0
0
0
0
0
0
0
0
0
0
0
0
0
0
0
0
0
0
0
0
0
0
0
0
0
0
0
0
0
0
0
0
0
0
0
0
0
0
0
0
0
0
0
0
0
0
0
0
0
0
0
0
0
0
0
0
0
0
0
0
0
-0.88481
-0.88481
-0.8848
-0.8848
-0.88482
-0.88481
-0.87583
-0.87944
-0.87151
-0.87764
-0.88601
-0.886
-0.886
-0.87662
-0.87662
-0.90569
-0.89019
-0.8875
-0.88842
-0.8778
-0.87777
-0.87779
-0.87779
-0.89647
-0.87791
-0.87791
-0.90031
-0.87457
36.6776
-0.90888
-0.89572
-0.86643
-0.90326
-0.87177
-0.87434
-0.87541
-0.88147
-0.88147
-0.8747
-0.87753
-0.8696
0
0
0
0
0
0
0
0
0
0
0
0
0
0
0
0
0
0
0
0
0
0
0
-1.3624
0
0
0
0
0
0
0
0
0
0
0
0
0
0
0
0
0
0
0
0
0
0
0
0
0
0
0
0
0
0
0
0
0
0
0
0
0
0
0
0
0
0
0
0
-0.92712
-0.92713
-0.92712
-0.92711
-0.92714
-0.92713
-0.91699
-0.92077
-0.91197
-0.91781
-0.92564
-0.92564
-0.92564
-0.91678
-0.91678
-0.94601
-0.93036
-0.92842
-0.92923
-0.92041
-0.92039
-0.9204
-0.9204
-0.94073
-0.91854
-0.91854
-0.94392
-0.91635
-0.90888
45.8687
-0.94065
-0.91141
-0.94111
-0.91242
-0.91515
-0.9173
-0.92253
-0.92254
-0.91601
-0.91921
0
0
0
0
0
0
0
0
0
0
0
0
0
0
0
0
0
0
0
0
0
0
0
0
0
0
0
0
0
0
0
0
0
0
0
0
0
0
0
0
-4.9235
0
0
0
0
0
0
0
0
0
0
0
0
0
0
0
0
0
0
0
0
0
0
0
-4.9235
0
0
0
0
-0.91508
-0.91508
-0.91507
-0.91507
-0.91509
-0.91509
-0.9055
-0.90918
-0.90084
-0.907
-0.91499
-0.91499
-0.91499
-0.90586
-0.90586
-0.93657
-0.91937
-0.91743
-0.91853
-0.91342
-0.91341
-0.91342
-0.91343
-0.92803
-0.90569
-0.90569
-0.93389
-0.90376
-0.89572
-0.94065
41.2007
-0.89815
-0.93512
-0.89955
-0.9025
-0.90413
-0.91015
-0.91015
-0.90313
-0.90628
-0.89839
0
0
0
0
0
0
0
0
0
0
0
0
0
0
0
0
0
0
0
0
0
0
0
0
0
0
0
0
0
0
0
0
0
0
0
0
0
0
0
0
0
0
0
0
0
0
0
0
0
0
0
0
0
0
0
-4.7045
0
0
0
0
0
0
0
0
0
0
0
0
-0.88684
-0.88684
-0.88684
-0.88684
-0.88685
-0.88685
-0.87786
-0.88149
-0.87356
-0.87974
-0.88838
-0.88837
-0.88837
-0.87876
-0.87875
-0.90821
-0.89249
-0.88966
-0.89052
-0.87993
-0.87991
-0.87992
-0.87993
-0.89941
-0.88026
-0.88026
-0.90268
-0.87707
-0.86643
-0.91141
-0.89815
36.9223
-0.90571
-0.87335
-0.87635
-0.87789
-0.88461
-0.8846
-0.8771
-0.87985
-0.87187
0
0
0
0
0
0
0
0
0
0
0
0
0
0
0
0
0
0
0
0
0
0
0
0
0
-1.5184
0
0
0
0
0
0
0
0
0
0
0
0
0
0
0
0
0
0
0
0
0
0
0
0
0
0
0
0
0
0
0
0
0
0
0
0
0
0
0
0
0
0
-0.9211
-0.9211
-0.92109
-0.92109
-0.9211
-0.92111
-0.91115
-0.9149
-0.90628
-0.91227
-0.91981
-0.9198
-0.91981
-0.9112
-0.9112
-0.93845
-0.92434
-0.92271
-0.92357
-0.91535
-0.91533
-0.91534
-0.91535
-0.93117
-0.91278
-0.91278
-0.93838
-0.91063
-0.90326
-0.94111
-0.93512
-0.90571
43.9868
-0.90669
-0.90911
-0.91117
-0.91677
-0.91678
-0.90987
0
0
0
0
0
0
0
0
0
0
0
0
0
0
0
0
0
0
0
0
0
0
0
0
0
0
0
0
0
0
0
0
0
0
0
0
0
0
0
0
0
0
0
0
0
0
0
0
-4.551
0
0
0
0
0
0
0
-4.551
0
0
0
0
0
0
0
0
0
0
0
0
0
-0.88826
-0.88825
-0.88825
-0.88824
-0.88826
-0.88827
-0.8793
-0.88284
-0.87493
-0.8813
-0.88956
-0.88957
-0.88956
-0.88002
-0.88003
-0.90947
-0.89368
-0.89074
-0.8916
-0.88129
-0.88127
-0.88127
-0.88128
-0.90096
-0.88108
-0.88108
-0.90417
-0.87846
-0.87177
-0.91242
-0.89955
-0.87335
-0.90669
35.4582
-0.87786
-0.87911
-0.88583
-0.88583
-0.87852
-0.88119
-0.87309
0
0
0
0
0
0
0
0
0
0
0
0
0
0
0
0
0
0
0
0
0
0
0
0
0
0
0
0
0
0
0
0
0
0
0
0
0
0
0
0
0
0
0
0
0
0
0
0
0
0
0
0
0
0
0
0
0
0
0
0
0
0
0
0
0
0
0
0
-0.89099
-0.89099
-0.89099
-0.89099
-0.891
-0.891
-0.88197
-0.88554
-0.8776
-0.884
-0.89231
-0.8923
-0.8923
-0.88271
-0.88271
-0.91228
-0.89643
-0.89354
-0.89439
-0.88407
-0.88406
-0.88406
-0.88408
-0.90383
-0.88404
-0.88405
-0.90712
-0.88161
-0.87434
-0.91515
-0.9025
-0.87635
-0.90911
-0.87786
33.8079
-0.88188
-0.88914
-0.88914
-0.88152
0
0
0
0
0
0
0
0
0
0
0
0
0
0
0
0
0
0
0
0
0
0
0
0
0
0
0
0
0
0
0
0
0
0
0
0
0
0
0
0
0
0
0
0
0
0
0
0
0
0
0
0
0
0
0
0
0
0
0
0
0
0
0
0
0
0
0
0
0
0
-0.89283
-0.89283
-0.89283
-0.89283
-0.89284
-0.89284
-0.88391
-0.88748
-0.87949
-0.88604
-0.89444
-0.89444
-0.89444
-0.88479
-0.8848
-0.91446
-0.89859
-0.8958
-0.89407
-0.88596
-0.88594
-0.88595
-0.88596
-0.90614
-0.88665
-0.88665
-0.90915
-0.88423
-0.87541
-0.9173
-0.90413
-0.87789
-0.91117
-0.87911
-0.88188
33.0125
0
0
0
0
0
0
0
0
0
0
0
0
0
0
0
0
0
0
0
0
0
0
0
0
0
0
0
0
0
0
0
-1.7993
0
0
0
0
0
0
0
0
0
0
0
0
0
0
0
0
0
0
0
0
0
0
0
0
0
0
0
0
0
0
0
0
0
0
0
0
0
0
0
0
0
-0.90044
-0.90044
-0.90043
-0.90044
-0.90045
-0.90045
-0.89113
-0.89475
-0.88661
-0.89281
-0.90071
-0.90071
-0.9007
-0.8917
-0.89169
-0.91973
-0.90495
-0.90283
-0.9037
-0.89249
-0.89247
-0.89247
-0.89249
-0.91218
-0.89385
-0.89385
-0.91559
-0.89133
-0.88147
-0.92253
-0.91015
-0.88461
-0.91677
-0.88583
-0.88914
0
35.1887
0
0
0
0
0
0
0
0
0
0
0
0
0
0
0
0
0
0
0
0
0
0
0
0
0
0
0
0
0
0
0
0
0
0
0
0
0
0
0
0
0
0
0
0
0
0
0
0
0
0
0
0
0
0
0
0
0
0
0
0
0
0
-3.7368
0
0
0
0
0
0
0
0
0
-0.90044
-0.90044
-0.90044
-0.90044
-0.90045
-0.90045
-0.89113
-0.89476
-0.88661
-0.89282
-0.90071
-0.9007
-0.9007
-0.8917
-0.89169
-0.91973
-0.90495
-0.90282
-0.90369
-0.89249
-0.89247
-0.89248
-0.89249
-0.91218
-0.89385
-0.89385
-0.9156
-0.89134
-0.88147
-0.92254
-0.91015
-0.8846
-0.91678
-0.88583
-0.88914
0
0
35.1888
0
0
0
0
0
0
0
0
0
0
0
0
0
0
0
0
0
0
0
0
0
0
0
0
0
0
0
0
0
0
0
0
0
0
0
0
0
0
0
0
0
0
0
0
0
0
0
0
0
0
0
0
0
0
0
0
0
0
0
0
0
0
0
0
-3.7369
0
0
0
0
0
0
-0.8914
-0.89139
-0.89139
-0.89139
-0.89141
-0.89141
-0.88236
-0.88593
-0.87798
-0.8844
-0.89272
-0.89272
-0.89272
-0.88308
-0.88308
-0.91283
-0.89688
-0.89393
-0.89484
-0.88424
-0.88422
-0.88422
-0.88423
-0.90423
-0.88452
-0.88451
-0.90793
-0.88204
-0.8747
-0.91601
-0.90313
-0.8771
-0.90987
-0.87852
-0.88152
0
0
0
31.1629
0
0
0
0
0
0
0
0
0
0
0
0
0
0
0
0
0
0
0
0
0
0
0
0
0
0
0
0
0
0
0
0
0
0
0
0
0
0
0
0
0
0
0
0
0
0
0
0
0
0
0
0
0
0
0
0
0
0
0
0
0
0
0
0
0
0
0
0
0
0
-0.89431
-0.89431
-0.89431
-0.8943
-0.89432
-0.89432
-0.88527
-0.88885
-0.88088
-0.88735
-0.8957
-0.89569
-0.8957
-0.88602
-0.88602
-0.91592
-0.89989
-0.89699
-0.89791
-0.88755
-0.88753
-0.88755
-0.88754
-0.90737
-0.88767
-0.88768
-0.91095
-0.88531
-0.87753
-0.91921
-0.90628
-0.87985
0
-0.88119
0
0
0
0
0
29.4713
0
0
0
0
0
0
0
0
0
0
0
0
0
0
0
0
0
0
0
0
0
0
0
0
0
0
0
0
0
0
0
0
0
0
0
0
0
0
0
0
0
0
0
0
0
0
0
0
0
0
0
0
0
0
0
0
0
0
0
0
0
0
0
0
0
0
0
0
0
-0.8865
-0.8865
-0.8865
-0.88649
-0.88651
-0.88651
-0.87754
-0.88108
-0.87316
-0.87959
-0.88792
-0.88792
-0.88791
-0.87826
-0.87826
-0.90807
-0.89205
-0.88905
-0.89
-0.8798
-0.87978
-0.87979
-0.8798
-0.89952
-0.87968
-0.87968
-0.90292
-0.87729
-0.8696
0
-0.89839
-0.87187
0
-0.87309
0
0
0
0
0
0
28.301
0
0
0
0
0
0
0
0
0
0
0
0
0
0
0
0
0
0
0
0
0
0
0
0
0
0
0
0
0
0
0
0
0
0
0
0
0
0
0
0
0
0
0
0
0
0
0
0
0
0
0
0
0
0
0
0
0
0
0
0
0
0
0
0
0
0
0
0
-0.91879
-0.9188
-0.91879
-0.91879
-0.9188
-0.91881
-0.90916
-0.91285
-0.90446
-0.9108
-0.91804
-0.91804
-0.91803
-0.90962
-0.90962
-0.93629
-0.92241
-0.92127
-0.92219
-0.91161
-0.9116
-0.9116
-0.91162
-0.93034
-0.91138
-0.91137
0
-0.90855
0
0
0
0
0
0
0
0
0
0
0
0
0
32.4503
0
0
0
0
0
0
0
0
0
0
0
0
0
0
0
0
0
0
0
0
0
0
0
0
0
0
0
0
0
0
0
0
0
0
0
0
0
0
0
0
0
0
0
-3.8583
0
0
0
0
0
0
0
0
0
0
0
0
0
0
-3.8584
0
0
0
0
0
0
0
0
-0.91301
-0.913
-0.913
-0.913
-0.91302
-0.91302
-0.90377
-0.90743
-0.89935
-0.90603
-0.91459
-0.91459
-0.91459
-0.9046
-0.9046
-0.93528
-0.91895
-0.91615
-0.91716
-0.90694
-0.90693
-0.90693
-0.90694
-0.9274
-0.90683
-0.90682
0
-0.90453
0
0
0
0
0
0
0
0
0
0
0
0
0
0
24.6085
0
0
0
0
0
0
0
0
0
0
0
0
0
0
0
0
0
0
0
0
0
0
0
0
0
0
0
0
0
0
0
0
0
0
0
0
0
0
0
0
0
0
0
0
0
0
0
0
0
0
0
0
0
0
0
0
0
0
0
0
0
0
0
0
0
0
-0.89486
-0.89486
-0.89485
-0.89485
-0.89487
-0.89486
-0.8858
-0.88938
-0.88141
-0.88799
-0.8965
-0.89651
-0.89651
-0.88656
-0.88656
-0.91696
-0.90076
-0.89795
-0.89893
-0.88885
-0.88884
-0.88884
-0.88885
0
-0.88827
-0.88827
0
0
0
0
0
0
0
0
0
0
0
0
0
0
0
0
0
22.3229
0
0
0
0
0
0
0
0
0
0
0
0
0
0
0
0
0
0
0
0
0
0
0
0
0
0
0
0
0
0
0
0
0
0
0
0
0
0
0
0
0
0
0
0
0
0
0
0
0
0
0
0
0
0
0
0
0
0
0
0
0
0
0
0
0
-0.91757
-0.91757
-0.91756
-0.91757
-0.91758
-0.91758
-0.90813
-0.91181
-0.90359
-0.91006
-0.91812
-0.91811
-0.91811
-0.9088
-0.9088
-0.93768
-0.92245
-0.92019
-0.92117
-0.91074
-0.91072
-0.91073
-0.91073
0
0
0
0
0
0
0
0
0
0
0
0
0
0
0
0
0
0
0
0
0
24.2503
0
0
0
0
0
0
0
0
0
0
0
0
0
0
0
0
0
0
0
0
0
0
0
0
0
0
0
0
0
0
0
0
0
0
0
0
0
0
0
0
0
0
0
0
0
0
0
0
0
0
0
0
0
0
0
0
0
0
0
0
0
0
0
-3.1949
-0.90717
-0.90717
-0.90716
-0.90716
-0.90718
-0.90718
-0.89806
-0.90168
-0.89366
-0.90032
-0.9089
-0.9089
-0.9089
-0.89889
-0.89889
-0.92952
-0.91325
-0.91024
-0.91132
-0.90111
-0.9011
-0.9011
-0.9011
0
0
0
0
0
0
0
0
0
0
0
0
0
0
0
0
0
0
0
0
0
0
20.8299
0
0
0
0
0
0
0
0
0
0
0
0
0
0
0
0
0
0
0
0
0
0
0
0
0
0
0
0
0
0
0
0
0
0
0
0
0
0
0
0
0
0
0
0
0
0
0
0
0
0
0
0
0
0
0
0
0
0
0
0
0
0
0
-0.93126
-0.93127
-0.93125
-0.93125
-0.93127
-0.93127
-0.92158
-0.92535
-0.91706
-0.92366
-0.93179
-0.93178
-0.93178
-0.92234
-0.92234
-0.9516
-0.93618
-0.93414
0
0
0
0
0
0
0
0
0
0
0
0
0
0
0
0
0
0
0
0
0
0
0
0
0
0
0
0
19.7449
0
0
0
0
0
0
0
0
0
0
0
0
0
0
0
0
0
0
0
0
0
0
0
0
0
0
0
0
0
0
0
0
0
0
0
-3.0077
0
0
0
0
0
0
0
0
0
0
0
0
0
0
0
0
0
0
0
0
0
0
0
0
0
0
-0.95817
-0.95817
-0.95816
-0.95816
-0.95819
-0.95818
-0.94804
-0.95199
-0.94341
-0.95012
-0.95784
-0.95784
-0.95783
-0.94882
-0.94882
-0.97772
-0.96254
0
0
0
0
0
0
0
0
0
0
0
0
0
0
0
0
0
0
0
0
0
0
0
0
0
0
0
0
0
0
22.5279
0
0
0
0
0
0
0
0
0
0
0
0
0
0
0
0
0
0
0
0
0
0
0
0
0
0
0
0
0
-3.137
0
0
0
0
0
0
0
0
-3.137
0
0
0
0
0
0
0
0
0
0
0
0
0
0
0
0
0
0
0
0
0
0
-0.90194
-0.90194
-0.90194
-0.90193
-0.90195
-0.90195
-0.89301
-0.89656
-0.88862
-0.89524
-0.90386
-0.90387
-0.90386
-0.8938
-0.8938
-0.92434
-0.90798
-0.90506
0
0
0
0
0
0
0
0
0
0
0
0
0
0
0
0
0
0
0
0
0
0
0
0
0
0
0
0
0
0
16.2216
0
0
0
0
0
0
0
0
0
0
0
0
0
0
0
0
0
0
0
0
0
0
0
0
0
0
0
0
0
0
0
0
0
0
0
0
0
0
0
0
0
0
0
0
0
0
0
0
0
0
0
0
0
0
0
0
0
0
0
0
-0.95185
-0.95185
-0.95185
-0.95185
-0.95186
-0.95187
-0.94209
-0.94591
-0.93754
-0.94432
-0.95275
-0.95274
-0.95274
-0.94293
-0.94293
-0.97316
-0.95711
0
0
0
0
0
0
0
0
0
0
0
0
0
0
0
0
0
0
0
0
0
0
0
0
0
0
0
0
0
0
0
0
18.6073
0
0
0
0
0
0
0
0
0
0
0
0
0
0
0
0
0
0
0
0
0
0
0
0
0
0
0
0
0
0
0
0
0
0
0
0
0
0
0
0
0
0
-2.452
0
0
0
0
0
0
0
0
0
0
0
0
0
0
0
0
-0.95035
-0.95035
-0.95035
-0.95035
-0.95036
-0.95036
-0.94059
-0.94442
-0.93605
-0.94282
-0.95124
-0.95124
-0.95123
-0.94143
-0.94143
-0.97163
-0.9556
0
0
0
0
0
0
0
0
0
0
0
0
0
0
0
0
0
0
0
0
0
0
0
0
0
0
0
0
0
0
0
0
0
18.5703
0
0
0
0
0
0
0
0
0
0
0
0
0
0
0
0
0
0
0
0
0
0
0
0
-2.4405
0
0
0
0
0
0
0
0
0
0
0
0
0
0
0
0
0
0
0
0
0
0
0
0
0
0
0
0
0
0
0
0
0
-0.8808
-0.88081
-0.8808
-0.8808
-0.88081
-0.88082
-0.87182
-0.87556
-0.86765
-0.87607
-0.88184
-0.88183
-0.88183
-0.87315
-0.87315
0
0
0
0
0
0
0
0
0
0
0
0
0
0
0
0
0
0
0
0
0
0
0
0
0
0
0
0
0
0
0
0
0
0
0
0
17.1865
0
0
0
0
0
0
0
0
0
0
0
0
0
0
0
0
0
0
-1.8618
0
0
-2.1569
0
0
0
0
0
0
0
0
0
0
0
0
0
0
0
0
0
0
0
0
0
0
0
0
0
0
0
0
0
0
0
0
0
0
0
-0.89989
-0.89989
-0.89989
-0.89988
-0.8999
-0.8999
-0.89097
-0.89453
-0.88658
-0.89324
-0.9019
-0.9019
-0.90189
-0.89179
-0.89178
-0.92244
-0.90604
0
0
0
0
0
0
0
0
0
0
0
0
0
0
0
0
0
0
0
0
0
0
0
0
0
0
0
0
0
0
0
0
0
0
0
15.2824
0
0
0
0
0
0
0
0
0
0
0
0
0
0
0
0
0
0
0
0
0
0
0
0
0
0
0
0
0
0
0
0
0
0
0
0
0
0
0
0
0
0
0
0
0
0
0
0
0
0
0
0
0
0
0
0
-0.90375
-0.90374
-0.90374
-0.90373
-0.90375
-0.90376
-0.89454
-0.89834
-0.89024
-0.89615
-0.9045
-0.9045
-0.90449
-0.89567
-0.89567
0
0
0
0
0
0
0
0
0
0
0
0
0
0
0
0
0
0
0
0
0
0
0
0
0
0
0
0
0
0
0
0
0
0
0
0
0
0
17.7988
0
0
0
0
0
0
0
0
0
0
0
0
0
0
0
0
0
-2.146
0
0
0
0
0
0
0
-2.1462
0
0
0
0
0
0
0
0
0
0
0
0
0
0
0
0
0
0
0
0
0
0
0
0
0
0
0
0
0
-0.89907
-0.89908
-0.89907
-0.89907
-0.89908
-0.89908
-0.89009
-0.8938
-0.88589
-0.89264
-0.90171
-0.90171
-0.90171
-0.891
-0.891
0
0
0
0
0
0
0
0
0
0
0
0
0
0
0
0
0
0
0
0
0
0
0
0
0
0
0
0
0
0
0
0
0
0
0
0
0
0
0
13.444
0
0
0
0
0
0
0
0
0
0
0
0
0
0
0
0
0
0
0
0
0
0
0
0
0
0
0
0
0
0
0
0
0
0
0
0
0
0
0
0
0
0
0
0
0
0
0
0
0
0
0
0
0
0
-1.0167
-1.0167
-1.0167
-1.0167
-1.0167
-1.0167
-1.0065
-1.0108
-1.0021
0
0
0
0
0
0
0
0
0
0
0
0
0
0
0
0
0
0
0
0
0
0
0
0
0
0
0
0
0
0
0
0
0
0
0
0
0
0
0
0
0
0
0
0
0
0
14.3745
0
0
0
0
0
0
0
0
0
0
0
0
0
0
0
0
0
0
0
0
0
0
0
0
0
0
0
0
-2.6275
0
0
0
0
0
0
-2.6275
0
0
0
0
0
0
0
0
0
0
0
0
0
0
0
0
0
-0.94444
-0.94444
-0.94444
-0.94444
-0.94445
-0.94445
-0.93519
0
0
0
0
0
0
0
0
0
0
0
0
0
0
0
0
0
0
0
0
0
0
0
0
0
0
0
0
0
0
0
0
0
0
0
0
0
0
0
0
0
0
0
0
0
0
0
0
0
12.8906
0
0
0
0
0
0
0
0
0
-1.4863
0
0
0
0
0
0
0
0
0
0
0
0
0
0
0
0
0
0
0
0
0
0
0
0
0
0
0
0
0
0
0
0
0
0
0
0
-2.4012
0
0
0
-2.4012
0
-1.0302
-1.0302
-1.0302
-1.0302
-1.0302
-1.0302
-1.0201
-1.0243
-1.0161
0
0
0
0
0
0
0
0
0
0
0
0
0
0
0
0
0
0
0
0
0
0
0
0
0
0
0
0
0
0
0
0
0
0
0
0
0
0
0
0
0
0
0
0
0
0
0
0
10.9337
0
0
0
0
0
0
0
0
0
0
0
0
0
0
0
0
0
0
0
0
0
0
0
-1.6922
0
0
0
0
0
0
0
0
0
0
0
0
0
0
0
0
0
0
0
0
0
0
0
0
0
0
0
-1.0786
-1.0786
-1.0786
-1.0786
-1.0786
-1.0786
-1.0685
-1.0728
-1.0645
0
0
0
0
0
0
0
0
0
0
0
0
0
0
0
0
0
0
0
0
0
0
0
0
0
0
0
0
0
0
0
0
0
0
0
0
0
0
0
0
0
0
0
0
0
0
0
0
0
10.3398
0
0
0
0
0
0
0
0
0
0
0
0
0
0
0
0
0
0
0
0
0
0
0
0
0
0
0
0
0
0
0
0
0
0
0
0
0
0
0
0
0
0
0
0
0
0
-0.66265
0
0
0
-1.0153
-1.0153
-1.0153
-1.0153
-1.0153
-1.0153
-1.0061
-1.01
-1.0025
0
0
0
0
0
0
0
0
0
0
0
0
0
0
0
0
0
0
0
0
0
0
0
0
0
0
0
0
0
0
0
0
0
0
0
0
0
0
0
0
0
0
0
0
0
0
0
0
0
0
9.1106
0
0
0
0
0
0
0
0
0
0
0
0
0
0
0
0
0
0
0
0
0
0
0
0
0
0
0
0
0
0
0
0
0
0
0
0
0
0
0
0
0
0
0
0
0
0
0
0
0
-1.037
-1.037
-1.037
-1.037
-1.037
-1.037
-1.0277
-1.0317
-1.0242
0
0
0
0
0
0
0
0
0
0
0
0
0
0
0
0
0
0
0
0
0
0
0
0
0
0
0
0
0
0
0
0
0
0
0
0
0
0
0
0
0
0
0
0
0
0
0
0
0
0
0
9.3058
0
0
0
0
0
0
0
0
0
0
0
0
0
0
0
0
0
0
0
0
0
0
0
0
0
0
0
0
0
0
0
0
0
0
0
0
0
0
0
0
0
0
0
0
0
0
0
0
-1.0449
-1.0449
-1.0449
-1.0449
-1.0449
-1.0449
-1.0356
-1.0396
-1.032
0
0
0
0
0
0
0
0
0
0
0
0
0
0
0
0
0
0
0
0
0
0
0
0
0
0
0
0
0
0
0
0
0
0
0
0
0
0
0
0
0
0
0
0
0
0
0
0
0
0
0
0
9.3766
0
0
0
0
0
0
0
0
0
0
0
0
0
0
0
0
0
0
0
0
0
0
0
0
0
0
0
0
0
0
0
0
0
0
0
0
0
0
0
0
0
0
0
0
0
0
0
-0.99807
-0.99807
-0.99806
-0.99806
-0.99808
-0.99808
-0.9889
-0.99276
0
0
0
0
0
0
0
0
0
0
0
0
0
0
0
0
0
0
0
0
0
0
0
0
0
0
0
0
0
0
0
0
0
0
0
0
0
0
0
0
0
0
0
0
0
0
0
0
0
0
0
0
0
0
7.9701
0
0
0
0
0
0
0
0
0
0
0
0
0
0
0
0
0
0
0
0
0
0
0
0
0
0
0
0
0
0
0
0
0
0
0
0
0
0
0
0
0
0
0
0
0
0
-1.0926
-1.0926
-1.0926
-1.0926
-1.0926
-1.0926
0
0
0
0
0
0
0
0
0
0
0
0
0
0
0
0
0
0
0
0
0
0
0
0
0
0
0
0
0
0
0
0
0
0
0
0
0
0
0
0
0
0
0
0
0
0
0
0
0
0
0
0
0
0
0
0
0
6.9168
0
0
0
0
0
0
0
0
0
0
0
0
0
0
0
0
0
0
0
0
0
0
0
0
-0.36107
0
0
0
0
0
0
0
0
0
0
0
0
0
0
0
0
0
0
0
0
0
0
0
0
0
0
0
0
0
0
0
0
0
0
0
0
0
0
0
0
0
0
0
0
0
0
0
0
-1.3624
0
0
0
0
0
0
0
0
0
0
0
0
0
0
0
0
0
0
0
0
0
0
0
0
0
0
0
0
0
0
0
0
0
0
0
7.282
0
0
0
-1.8513
0
0
-1.8486
0
0
0
0
0
0
0
0
0
0
0
0
0
0
0
0
0
-2.2198
0
0
0
0
0
0
0
0
0
0
0
0
0
0
0
0
0
0
0
0
0
0
0
0
0
0
0
0
0
0
0
0
0
0
0
0
0
0
0
0
0
0
0
0
0
-0.77414
0
0
0
0
0
0
0
0
0
0
0
0
0
0
0
0
0
0
0
0
0
0
0
0
0
0
0
0
0
0
0
0
0
0
0
0
0
0
6.2626
0
0
0
-1.697
-1.7731
0
0
0
0
0
-2.0184
0
0
0
0
0
0
0
0
0
0
0
0
0
0
0
0
0
0
0
0
0
0
0
0
0
0
0
0
0
0
0
0
0
0
0
0
0
0
0
0
0
0
0
0
0
0
0
0
0
0
0
0
0
0
0
0
0
0
0
0
0
0
0
-1.5184
0
0
0
0
0
0
0
0
0
0
0
0
0
0
0
0
0
0
0
0
0
0
0
0
-1.4863
0
0
0
0
0
0
0
0
0
5.3603
0
0
0
0
0
0
0
0
0
0
0
0
0
0
0
0
0
0
0
0
0
0
0
0
0
0
0
0
0
0
-2.3556
0
0
0
0
0
0
0
0
0
0
0
0
0
0
0
0
0
0
0
0
0
0
0
0
0
0
0
0
0
-1.84
0
0
0
0
0
0
0
0
0
0
0
0
0
0
0
0
-1.7993
0
0
0
0
0
0
0
0
0
0
0
0
0
0
0
0
0
0
0
0
0
0
0
0
0
0
0
0
0
0
0
6.0992
0
0
0
0
0
0
0
0
0
0
0
0
0
0
0
-2.4599
0
0
0
0
0
0
0
0
0
0
0
0
0
0
0
0
0
0
0
0
0
0
0
0
0
0
0
0
0
0
0
0
0
0
0
0
0
0
0
0
0
0
0
0
0
0
0
0
-2.4657
0
0
0
0
0
0
0
0
0
0
0
0
0
0
0
0
0
0
0
0
0
0
0
0
0
0
0
0
0
0
0
0
0
0
0
0
0
0
0
0
-1.8513
0
0
0
4.317
0
0
0
0
0
0
0
0
0
0
0
0
0
0
0
0
0
0
0
0
0
0
0
0
0
0
0
0
0
0
0
0
0
0
0
0
0
0
0
0
0
0
0
0
0
0
0
0
0
-2.0269
0
0
0
0
0
0
0
0
0
0
0
0
0
0
0
0
0
0
0
0
0
0
0
0
0
0
0
0
0
0
0
0
0
0
0
0
0
0
0
0
0
0
0
0
0
0
0
0
0
0
0
0
0
0
0
-1.697
0
0
0
3.7239
0
0
0
0
0
0
0
0
0
0
0
0
0
0
0
0
0
0
0
0
0
0
0
0
0
0
0
0
0
0
0
0
0
0
0
0
0
0
0
0
0
0
0
0
0
0
0
0
0
0
0
0
0
0
0
0
0
0
0
0
0
0
0
0
0
0
0
0
0
0
0
0
0
0
0
0
0
0
0
0
0
0
0
0
0
0
0
0
0
0
-1.8618
0
0
0
0
0
0
0
0
0
0
0
0
0
-1.7731
0
0
0
0
3.6349
0
0
0
0
0
0
0
0
0
0
0
0
0
0
0
0
0
0
0
0
0
0
0
0
0
0
0
0
0
0
0
0
0
0
0
0
0
0
0
0
0
0
0
0
0
0
0
0
0
0
0
0
0
0
0
0
0
0
0
0
0
0
0
0
0
0
0
0
0
0
0
0
0
0
0
0
0
0
0
0
0
0
0
0
0
0
0
0
0
0
0
-2.146
0
0
0
0
0
0
0
0
0
0
-1.8486
0
0
0
0
0
0
3.9946
0
0
0
0
0
0
0
0
0
0
0
0
0
0
0
0
0
0
0
0
0
0
0
0
0
0
0
0
0
0
0
0
0
0
0
0
0
0
0
0
0
0
0
0
0
0
0
-5.5696
0
0
0
0
0
0
0
0
0
0
0
0
0
0
0
0
0
0
0
0
0
0
0
0
0
0
0
0
0
0
0
0
0
0
0
0
0
0
0
0
0
0
0
0
0
0
0
0
0
0
0
0
0
0
0
0
0
0
0
0
0
5.5696
0
0
0
0
0
0
0
0
0
0
0
0
0
0
0
0
0
0
0
0
0
0
0
0
0
0
0
0
0
0
0
0
0
0
0
0
0
0
0
0
0
0
0
0
0
0
0
0
0
0
0
0
0
0
0
0
0
0
0
0
0
0
0
0
0
0
0
0
0
0
0
0
0
0
0
0
0
0
0
0
0
0
0
0
0
0
0
-2.1569
0
0
0
0
0
0
0
0
0
0
0
0
0
0
0
0
0
0
0
0
0
2.1569
0
0
0
0
0
0
0
0
0
0
0
0
0
0
0
0
0
0
0
0
0
0
0
0
0
0
0
0
0
0
0
0
0
0
0
0
0
0
0
0
0
0
0
0
0
0
0
0
0
0
-5.5041
0
0
0
0
0
0
0
0
0
0
0
0
0
0
0
0
0
0
0
0
0
0
0
0
0
0
0
0
0
0
0
0
0
0
0
0
0
0
0
0
0
0
0
0
0
0
0
0
0
0
0
0
0
0
0
0
0
0
5.5041
0
0
0
0
0
0
0
0
0
0
0
0
0
0
0
0
0
0
0
0
0
0
0
0
0
0
0
0
0
0
0
0
0
0
0
0
0
0
0
0
0
0
0
0
0
0
0
0
0
0
0
0
0
0
0
0
0
0
0
0
0
0
0
0
0
0
0
0
0
0
0
0
0
0
0
0
0
0
0
0
0
0
0
0
-2.4405
0
0
0
0
0
0
0
0
0
0
0
0
0
0
0
0
0
0
0
0
0
0
0
0
2.4405
0
0
0
0
0
0
0
0
0
0
0
0
0
0
0
0
0
0
0
0
0
0
0
0
0
0
0
0
0
0
0
0
0
0
0
0
0
0
0
0
0
0
0
0
0
0
0
0
0
0
0
0
0
0
0
0
0
0
0
0
0
0
0
0
0
0
0
0
0
0
0
0
0
0
0
0
0
0
0
0
0
0
0
0
0
0
0
0
0
0
0
0
0
0
0
0
0
0
-2.0184
0
0
0
0
0
0
0
0
0
0
2.0184
0
0
0
0
0
0
0
0
0
0
0
0
0
0
0
0
0
0
0
0
0
0
0
0
0
0
0
0
0
0
0
0
0
0
0
0
0
0
0
0
0
0
0
0
0
0
0
0
0
0
0
0
0
0
0
0
0
0
0
0
0
0
0
0
0
0
0
0
0
0
0
0
0
0
0
0
0
0
0
-3.137
0
0
0
0
0
0
0
0
0
0
0
0
0
0
0
0
0
0
0
0
0
0
0
0
0
0
0
0
0
3.137
0
0
0
0
0
0
0
0
0
0
0
0
0
0
0
0
0
0
0
0
0
0
0
0
0
0
0
0
0
0
0
0
0
0
0
0
0
0
0
0
0
0
0
0
0
0
0
-5.0936
0
0
0
0
0
0
0
0
0
0
0
0
0
0
0
0
0
0
0
0
0
0
0
0
0
0
0
0
0
0
0
0
0
0
0
0
0
0
0
0
0
0
0
0
0
0
0
0
0
0
0
0
0
0
0
0
0
0
0
0
0
5.0936
0
0
0
0
0
0
0
0
0
0
0
0
0
0
0
0
0
0
0
0
0
0
0
0
0
0
0
0
0
0
0
0
0
0
0
0
0
0
0
0
0
0
0
0
0
0
0
0
0
0
0
0
0
0
0
0
0
0
0
0
0
0
0
0
0
0
0
0
0
0
0
0
0
0
0
0
0
0
0
0
0
0
0
-2.1462
0
0
0
0
0
0
0
0
0
0
0
0
0
0
0
0
0
0
0
0
0
0
0
0
0
2.1462
0
0
0
0
0
0
0
0
0
0
0
0
0
0
0
0
0
0
0
0
0
0
0
0
0
0
0
0
0
0
0
0
0
0
0
0
0
0
0
0
0
0
0
0
0
0
0
0
0
0
0
0
0
0
0
0
0
0
-4.9235
0
0
0
0
0
0
0
0
0
0
0
0
0
0
0
0
0
0
0
0
0
0
0
0
0
0
0
0
0
0
0
0
0
0
0
0
0
0
0
0
0
0
0
0
0
0
0
0
0
0
4.9235
0
0
0
0
0
0
0
0
0
0
0
0
0
0
0
0
0
0
0
0
0
0
0
0
0
0
0
0
0
0
0
0
0
0
0
0
0
0
0
0
0
0
0
0
0
0
0
0
0
0
0
0
0
0
0
0
0
0
0
0
0
0
0
0
0
0
0
0
0
0
0
0
0
0
0
0
0
0
0
0
0
0
0
0
0
-1.6922
0
0
0
0
0
0
0
0
0
0
0
0
0
0
0
0
0
0
0
0
0
0
0
1.6922
0
0
0
0
0
0
0
0
0
0
0
0
0
0
0
0
0
0
0
0
0
0
0
0
0
0
0
0
0
0
0
0
0
0
0
0
0
0
0
0
0
0
0
0
0
0
0
0
0
0
0
0
0
0
0
0
0
0
0
0
0
0
0
0
0
0
0
0
0
0
0
0
0
-3.0077
0
0
0
0
0
0
0
0
0
0
0
0
0
0
0
0
0
0
0
0
0
0
0
0
0
0
0
0
0
0
0
0
0
0
0
3.0077
0
0
0
0
0
0
0
0
0
0
0
0
0
0
0
0
0
0
0
0
0
0
0
0
0
0
0
0
0
0
0
0
0
0
0
0
0
0
0
0
0
0
0
0
0
0
0
0
0
0
0
0
0
0
0
0
0
0
0
0
0
0
0
0
0
0
0
0
0
0
0
0
0
0
0
0
0
0
0
0
0
0
0
0
0
0
0
0
0
0
0
0
0
-2.4599
0
0
0
0
0
0
0
0
0
0
0
0
0
0
0
2.4599
0
0
0
0
0
0
0
0
0
0
0
0
0
0
0
0
0
0
0
0
0
0
0
0
0
0
0
0
0
0
0
0
0
0
0
0
0
0
0
0
0
0
0
0
0
0
0
0
0
0
0
0
0
0
0
0
0
0
0
0
0
0
0
0
0
0
0
0
0
0
0
0
0
0
0
0
0
0
0
0
-2.6275
0
0
0
0
0
0
0
0
0
0
0
0
0
0
0
0
0
0
0
0
0
0
0
0
0
0
0
0
2.6275
0
0
0
0
0
0
0
0
0
0
0
0
0
0
0
0
0
0
0
0
0
0
0
0
0
0
0
0
0
0
0
0
0
0
0
0
0
0
0
0
0
0
0
0
0
0
0
0
0
0
0
0
0
0
0
0
0
0
0
0
0
0
0
0
0
-3.8583
0
0
0
0
0
0
0
0
0
0
0
0
0
0
0
0
0
0
0
0
0
0
0
0
0
0
0
0
0
0
0
0
0
0
0
0
0
0
0
0
0
0
0
3.8583
0
0
0
0
0
0
0
0
0
0
0
0
0
0
0
0
0
0
0
0
0
0
0
0
0
0
0
0
0
0
0
0
0
0
0
0
0
0
0
0
0
0
0
0
0
0
0
0
0
0
0
0
0
0
0
0
0
0
0
0
0
0
0
0
0
0
0
0
0
0
-3.137
0
0
0
0
0
0
0
0
0
0
0
0
0
0
0
0
0
0
0
0
0
0
0
0
0
0
0
0
0
0
0
0
0
0
0
0
0
0
3.137
0
0
0
0
0
0
0
0
0
0
0
0
0
0
0
0
0
0
0
0
0
0
0
0
0
0
0
0
0
0
0
0
0
0
0
0
0
0
0
0
0
0
0
0
0
0
0
0
0
0
0
0
0
0
-4.551
0
0
0
0
0
0
0
0
0
0
0
0
0
0
0
0
0
0
0
0
0
0
0
0
0
0
0
0
0
0
0
0
0
0
0
0
0
0
0
0
0
0
0
0
0
0
0
0
0
0
0
0
0
0
4.551
0
0
0
0
0
0
0
0
0
0
0
0
0
0
0
0
0
0
0
0
0
0
0
0
0
0
0
0
0
0
0
0
0
0
0
0
0
0
0
0
0
0
0
0
0
0
0
0
0
0
0
0
0
0
0
0
0
0
0
0
0
0
0
0
0
0
0
0
0
0
0
0
0
0
0
0
0
0
0
0
0
0
0
0
-0.36107
0
0
0
0
0
0
0
0
0
0
0
0
0
0
0
0
0
0
0
0
0
0
0
0
0.36107
0
0
0
0
0
0
0
0
0
0
0
0
0
0
0
0
0
0
0
0
0
0
0
0
0
0
0
0
0
0
0
0
0
0
0
0
0
0
0
0
0
0
0
0
0
0
0
0
0
0
0
0
0
0
0
0
0
0
0
0
0
0
0
0
0
0
0
0
0
0
0
0
0
0
0
0
0
0
0
0
0
0
0
0
-2.2198
0
0
0
0
0
0
0
0
0
0
0
0
0
0
0
0
0
0
0
0
0
0
0
0
2.2198
0
0
0
0
0
0
0
0
0
0
0
0
0
0
0
0
0
0
0
0
0
0
0
0
0
0
0
0
0
0
-5.5696
0
0
0
0
0
0
0
0
0
0
0
0
0
0
0
0
0
0
0
0
0
0
0
0
0
0
0
0
0
0
0
0
0
0
0
0
0
0
0
0
0
0
0
0
0
0
0
0
0
0
0
0
0
0
0
0
0
0
0
0
0
0
0
0
0
0
0
0
0
0
0
0
0
0
0
0
0
0
5.5696
0
0
0
0
0
0
0
0
0
0
0
0
0
0
0
0
0
0
0
0
0
0
0
0
0
0
0
0
0
0
0
0
0
0
0
0
0
0
0
0
0
0
0
0
0
0
0
0
0
0
0
0
0
0
0
0
0
0
0
0
0
0
0
0
0
0
0
0
0
0
0
0
0
-2.6275
0
0
0
0
0
0
0
0
0
0
0
0
0
0
0
0
0
0
0
0
0
0
0
0
0
0
0
0
0
0
0
0
0
0
0
2.6275
0
0
0
0
0
0
0
0
0
0
0
0
0
0
0
0
0
0
0
0
0
0
0
0
0
0
0
0
0
0
0
0
0
0
0
0
0
0
0
0
0
0
0
0
0
0
0
0
0
0
0
0
0
0
0
0
0
0
0
0
0
0
0
0
0
0
-2.452
0
0
0
0
0
0
0
0
0
0
0
0
0
0
0
0
0
0
0
0
0
0
0
0
0
0
0
0
0
0
0
0
0
0
0
0
0
0
0
0
0
0
2.452
0
0
0
0
0
0
0
0
0
0
0
0
0
0
0
0
0
0
0
0
0
0
0
0
0
0
0
0
-5.5695
0
0
0
0
0
0
0
0
0
0
0
0
0
0
0
0
0
0
0
0
0
0
0
0
0
0
0
0
0
0
0
0
0
0
0
0
0
0
0
0
0
0
0
0
0
0
0
0
0
0
0
0
0
0
0
0
0
0
0
0
0
0
0
0
0
0
0
0
0
0
0
0
0
0
0
0
0
0
0
0
5.5695
0
0
0
0
0
0
0
0
0
0
0
0
0
0
0
0
0
0
0
0
0
0
0
0
0
0
0
0
0
0
0
0
0
0
0
0
0
0
-4.7628
0
0
0
0
0
0
0
0
0
0
0
0
0
0
0
0
0
0
0
0
0
0
0
0
0
0
0
0
0
0
0
0
0
0
0
0
0
0
0
0
0
0
0
0
0
0
0
0
0
0
0
0
0
0
0
0
0
0
0
0
0
0
0
0
0
0
0
0
0
0
4.7628
0
0
0
0
0
0
0
0
0
0
0
0
0
0
0
0
0
0
0
0
0
0
0
0
0
0
0
0
0
0
0
0
0
0
0
0
0
0
0
0
0
0
0
0
0
0
-4.551
0
0
0
0
0
0
0
0
0
0
0
0
0
0
0
0
0
0
0
0
0
0
0
0
0
0
0
0
0
0
0
0
0
0
0
0
0
0
0
0
0
0
0
0
0
0
0
0
0
0
0
0
0
0
0
0
0
0
0
0
0
0
4.551
0
0
0
0
0
0
0
0
0
0
0
0
0
0
0
0
0
0
0
0
0
0
0
0
0
0
0
0
0
0
0
0
0
0
0
0
0
0
0
0
0
0
0
-4.7045
0
0
0
0
0
0
0
0
0
0
0
0
0
0
0
0
0
0
0
0
0
0
0
0
0
0
0
0
0
0
0
0
0
0
0
0
0
0
0
0
0
0
0
0
0
0
0
0
0
0
0
0
0
0
0
0
0
0
0
0
0
0
0
0
0
4.7045
0
0
0
0
0
0
0
0
0
0
0
0
0
0
0
0
0
0
0
0
0
0
0
0
0
0
0
0
0
0
0
0
0
0
0
0
0
0
0
0
0
0
0
0
0
0
0
0
0
0
0
0
0
0
0
0
0
0
0
0
0
0
0
0
0
0
0
0
0
0
0
0
0
0
0
0
0
0
-2.3556
0
0
0
0
0
0
0
0
0
0
0
0
0
0
0
0
0
0
0
0
0
0
0
0
0
0
0
0
0
0
2.3556
0
0
0
0
0
0
0
0
0
0
0
0
0
0
0
0
0
0
0
0
0
0
0
0
0
0
-5.5041
0
0
0
0
0
0
0
0
0
0
0
0
0
0
0
0
0
0
0
0
0
0
0
0
0
0
0
0
0
0
0
0
0
0
0
0
0
0
0
0
0
0
0
0
0
0
0
0
0
0
0
0
0
0
0
0
0
0
0
0
0
0
0
0
0
0
0
0
0
0
0
0
0
0
0
0
0
0
0
0
0
0
5.5041
0
0
0
0
0
0
0
0
0
0
0
0
0
0
0
0
0
0
0
0
0
0
0
0
0
0
0
0
0
0
0
0
0
0
0
0
0
0
0
0
0
0
0
0
0
0
-3.7368
0
0
0
0
0
0
0
0
0
0
0
0
0
0
0
0
0
0
0
0
0
0
0
0
0
0
0
0
0
0
0
0
0
0
0
0
0
0
0
0
0
0
0
0
0
0
0
0
0
0
0
0
0
0
0
0
0
0
0
0
0
0
3.7368
0
0
0
0
0
0
0
0
0
0
0
0
0
0
0
0
0
0
0
0
0
0
0
0
0
0
0
0
0
0
0
0
0
0
0
0
0
0
0
0
0
0
0
0
0
0
0
0
0
0
-3.8584
0
0
0
0
0
0
0
0
0
0
0
0
0
0
0
0
0
0
0
0
0
0
0
0
0
0
0
0
0
0
0
0
0
0
0
0
0
0
0
0
0
0
0
0
0
0
0
0
0
0
0
0
0
0
0
0
0
0
3.8584
0
0
0
0
0
0
0
0
0
0
0
0
0
0
0
0
0
0
0
0
0
0
0
0
0
0
0
0
0
0
0
0
0
0
-4.7736
0
0
0
0
0
0
0
0
0
0
0
0
0
0
0
0
0
0
0
0
0
0
0
0
0
0
0
0
0
0
0
0
0
0
0
0
0
0
0
0
0
0
0
0
0
0
0
0
0
0
0
0
0
0
0
0
0
0
0
0
0
0
0
0
0
0
0
0
0
0
0
0
0
0
4.7736
0
0
0
0
0
0
0
0
0
0
0
0
0
0
0
0
0
0
0
0
0
0
0
0
0
0
0
0
0
0
0
0
0
0
0
0
0
0
0
0
0
0
0
0
-3.7369
0
0
0
0
0
0
0
0
0
0
0
0
0
0
0
0
0
0
0
0
0
0
0
0
0
0
0
0
0
0
0
0
0
0
0
0
0
0
0
0
0
0
0
0
0
0
0
0
0
0
0
0
0
0
0
0
0
0
0
0
0
0
0
0
3.7369
0
0
0
0
0
0
0
0
0
0
0
0
0
0
0
0
0
0
0
0
0
0
0
0
0
0
0
0
0
0
0
0
0
0
0
0
0
0
0
0
0
0
0
0
0
0
0
0
0
0
0
0
0
0
0
0
0
0
0
0
0
0
-2.4012
0
0
0
0
0
0
0
0
0
0
0
0
0
0
0
0
0
0
0
0
0
0
0
0
0
0
0
0
0
0
0
0
0
0
0
0
0
0
0
0
0
0
0
0
0
0
2.4012
0
0
0
0
0
0
0
0
0
0
0
0
0
0
0
0
0
0
0
0
0
0
0
0
0
0
0
0
0
0
0
0
0
0
-4.9235
0
0
0
0
0
0
0
0
0
0
0
0
0
0
0
0
0
0
0
0
0
0
0
0
0
0
0
0
0
0
0
0
0
0
0
0
0
0
0
0
0
0
0
0
0
0
0
0
0
0
0
0
0
0
0
0
0
0
0
0
0
0
0
0
0
0
0
0
0
0
0
0
0
0
4.9235
0
0
0
0
0
0
0
0
0
0
0
0
0
0
0
0
0
0
0
0
0
0
0
0
0
0
0
0
0
0
0
0
0
0
0
0
0
0
0
0
0
0
0
0
0
0
0
0
0
0
0
0
0
0
0
0
0
0
0
0
0
0
-0.66265
0
0
0
0
0
0
0
0
0
0
0
0
0
0
0
0
0
0
0
0
0
0
0
0
0
0
0
0
0
0
0
0
0
0
0
0
0
0
0
0
0
0
0
0
0
0
0.66265
0
0
0
0
0
0
0
0
0
0
0
0
0
0
0
0
0
0
-5.504
0
0
0
0
0
0
0
0
0
0
0
0
0
0
0
0
0
0
0
0
0
0
0
0
0
0
0
0
0
0
0
0
0
0
0
0
0
0
0
0
0
0
0
0
0
0
0
0
0
0
0
0
0
0
0
0
0
0
0
0
0
0
0
0
0
0
0
0
0
0
0
0
0
0
0
0
0
0
0
0
0
0
0
0
0
0
0
0
0
0
5.504
0
0
0
0
0
0
0
0
0
0
0
0
0
0
0
0
0
0
0
0
0
0
0
0
0
0
0
0
0
0
0
0
0
0
0
0
0
0
0
0
0
0
0
0
0
0
0
0
0
0
0
0
0
0
0
0
0
0
-2.4012
0
0
0
0
0
0
0
0
0
0
0
0
0
0
0
0
0
0
0
0
0
0
0
0
0
0
0
0
0
0
0
0
0
0
0
0
0
0
0
0
0
0
0
0
0
0
0
0
0
0
2.4012
0
0
0
0
0
0
0
0
0
0
0
0
0
0
0
0
0
0
0
0
0
0
0
0
0
0
0
0
0
0
0
0
0
0
0
0
0
0
0
0
0
0
0
0
0
-3.1949
0
0
0
0
0
0
0
0
0
0
0
0
0
0
0
0
0
0
0
0
0
0
0
0
0
0
0
0
0
0
0
0
0
0
0
0
0
0
0
0
0
0
0
0
0
0
0
0
0
0
0
0
0
0
0
0
0
0
0
0
0
0
0
3.1949
