58.5562
-0.91566
-0.91565
-0.91565
-0.91566
-0.91564
-0.90967
-0.9125
-0.9115
-0.91396
-0.92019
-0.92019
-0.92019
-0.91164
-0.91164
-0.93101
-0.92249
-0.91984
-0.92049
-0.91464
-0.91464
-0.91464
-0.91464
-0.92936
-0.91308
-0.91309
-0.92879
-0.9123
-0.90911
-0.93495
-0.92412
-0.90984
-0.93212
-0.90932
-0.91337
-0.91422
-0.91686
-0.91686
-0.91489
-0.91368
-0.90904
-0.92338
-0.92504
-0.91827
-0.92698
-0.91672
-0.94487
-0.96385
-0.90585
-0.95073
-0.95056
-0.9079
-0.90393
-0.91524
-0.92576
-0.96159
-0.92539
-1.0335
-1.0232
-0.97649
-0.9769
-0.97707
-0.96669
-1.0592
0
0
0
0
0
0
0
0
0
0
0
0
0
0
0
0
0
0
0
0
0
0
0
0
0
0
0
0
0
0
0
0
0
0
0
0
0
0
0
0
0
0
0
0
0
-0.91566
58.5562
-0.91566
-0.91565
-0.91566
-0.91566
-0.90966
-0.9125
-0.9115
-0.91396
-0.92018
-0.92019
-0.92019
-0.91165
-0.91166
-0.93102
-0.92249
-0.91985
-0.9205
-0.91464
-0.91464
-0.91464
-0.91464
-0.92936
-0.91308
-0.91309
-0.92879
-0.91231
-0.90911
-0.93495
-0.92411
-0.90983
-0.93213
-0.90931
-0.91337
-0.91422
-0.91686
-0.91685
-0.91487
-0.91368
-0.90903
-0.92338
-0.92503
-0.91827
-0.92699
-0.91672
-0.94487
-0.96385
-0.90585
-0.95072
-0.95055
-0.90791
-0.90395
-0.91524
-0.92578
-0.96159
-0.92539
-1.0335
-1.0232
-0.97649
-0.9769
-0.97706
-0.96668
-1.0592
0
0
0
0
0
0
0
0
0
0
0
0
0
0
0
0
0
0
0
0
0
0
0
0
0
0
0
0
0
0
0
0
0
0
0
0
0
0
0
0
0
0
0
0
0
-0.91565
-0.91566
58.5562
-0.91565
-0.91565
-0.91566
-0.90968
-0.9125
-0.9115
-0.91396
-0.92019
-0.92018
-0.92019
-0.91165
-0.91164
-0.93101
-0.92248
-0.91983
-0.9205
-0.91464
-0.91464
-0.91464
-0.91464
-0.92937
-0.91308
-0.9131
-0.92879
-0.9123
-0.90911
-0.93495
-0.92411
-0.90983
-0.93213
-0.90931
-0.91337
-0.91422
-0.91684
-0.91686
-0.91488
-0.91368
-0.90904
-0.92338
-0.92504
-0.91827
-0.92698
-0.91672
-0.94486
-0.96385
-0.90585
-0.95073
-0.95055
-0.9079
-0.90394
-0.91524
-0.92578
-0.96159
-0.92539
-1.0335
-1.0232
-0.97648
-0.97689
-0.97708
-0.96668
-1.0592
0
0
0
0
0
0
0
0
0
0
0
0
0
0
0
0
0
0
0
0
0
0
0
0
0
0
0
0
0
0
0
0
0
0
0
0
0
0
0
0
0
0
0
0
0
-0.91565
-0.91565
-0.91565
58.556
-0.91564
-0.91564
-0.90966
-0.9125
-0.91149
-0.91396
-0.92019
-0.92018
-0.92019
-0.91164
-0.91165
-0.93102
-0.92249
-0.91984
-0.9205
-0.91464
-0.91462
-0.91463
-0.91464
-0.92936
-0.91309
-0.91308
-0.92878
-0.9123
-0.90911
-0.93495
-0.92411
-0.90983
-0.93211
-0.9093
-0.91338
-0.91422
-0.91686
-0.91686
-0.91487
-0.91367
-0.90903
-0.92338
-0.92504
-0.91827
-0.92699
-0.91671
-0.94486
-0.96385
-0.90584
-0.95074
-0.95056
-0.90791
-0.90393
-0.91523
-0.92578
-0.96159
-0.92539
-1.0335
-1.0232
-0.9765
-0.9769
-0.97707
-0.96668
-1.0592
0
0
0
0
0
0
0
0
0
0
0
0
0
0
0
0
0
0
0
0
0
0
0
0
0
0
0
0
0
0
0
0
0
0
0
0
0
0
0
0
0
0
0
0
0
-0.91566
-0.91566
-0.91565
-0.91564
58.5563
-0.91566
-0.90967
-0.91251
-0.91151
-0.91397
-0.9202
-0.9202
-0.9202
-0.91165
-0.91165
-0.93102
-0.92249
-0.91984
-0.9205
-0.91464
-0.91463
-0.91463
-0.91464
-0.92936
-0.91309
-0.91309
-0.92879
-0.91229
-0.90911
-0.93496
-0.92411
-0.90982
-0.93212
-0.90931
-0.91337
-0.91422
-0.91686
-0.91685
-0.91488
-0.91369
-0.90904
-0.92338
-0.92504
-0.91827
-0.92699
-0.91673
-0.94487
-0.96386
-0.90585
-0.95074
-0.95055
-0.9079
-0.90395
-0.91523
-0.92578
-0.96159
-0.92539
-1.0335
-1.0232
-0.97649
-0.9769
-0.97707
-0.96669
-1.0592
0
0
0
0
0
0
0
0
0
0
0
0
0
0
0
0
0
0
0
0
0
0
0
0
0
0
0
0
0
0
0
0
0
0
0
0
0
0
0
0
0
0
0
0
0
-0.91564
-0.91566
-0.91566
-0.91564
-0.91566
58.5563
-0.90967
-0.9125
-0.91151
-0.91397
-0.92019
-0.92019
-0.92019
-0.91166
-0.91165
-0.93103
-0.92248
-0.91985
-0.9205
-0.91465
-0.91464
-0.91463
-0.91465
-0.92936
-0.91309
-0.91309
-0.92879
-0.9123
-0.9091
-0.93495
-0.92411
-0.90983
-0.93213
-0.90932
-0.91337
-0.91422
-0.91685
-0.91686
-0.91488
-0.91368
-0.90904
-0.92339
-0.92505
-0.91827
-0.92699
-0.91672
-0.94487
-0.96385
-0.90586
-0.95075
-0.95056
-0.90791
-0.90395
-0.91524
-0.92578
-0.96158
-0.92539
-1.0335
-1.0232
-0.97649
-0.9769
-0.97706
-0.96668
-1.0592
0
0
0
0
0
0
0
0
0
0
0
0
0
0
0
0
0
0
0
0
0
0
0
0
0
0
0
0
0
0
0
0
0
0
0
0
0
0
0
0
0
0
0
0
0
-0.90967
-0.90966
-0.90968
-0.90966
-0.90967
-0.90967
57.0724
-0.9061
-0.90486
-0.90697
-0.91275
-0.91275
-0.91275
-0.90475
-0.90475
-0.92446
-0.91511
-0.91285
-0.91351
-0.90768
-0.90767
-0.90767
-0.90767
-0.922
-0.90611
-0.90613
-0.92147
-0.90535
-0.90215
-0.92743
-0.91689
-0.90287
-0.92467
-0.90238
-0.9064
-0.90728
-0.90973
-0.90974
-0.9079
-0.90671
-0.90209
-0.91613
-0.91799
-0.91128
-0.91984
-0.90975
-0.93753
-0.95629
-0.89901
-0.94345
-0.94326
-0.90093
-0.89712
-0.90822
-0.91886
-0.95445
-0.91863
-1.0263
-1.016
-0.96968
-0.97009
-0.97025
-0.9598
0
0
0
0
0
0
0
0
0
0
0
0
0
0
0
0
0
0
0
0
0
0
0
0
0
0
0
0
0
0
0
0
0
0
0
0
0
0
0
0
0
0
0
0
0
0
-0.9125
-0.9125
-0.9125
-0.9125
-0.91251
-0.9125
-0.9061
56.3128
-0.90727
-0.90957
-0.91557
-0.91556
-0.91556
-0.90731
-0.9073
-0.92697
-0.91775
-0.91542
-0.91608
-0.91026
-0.91024
-0.91025
-0.91025
-0.92467
-0.90869
-0.90869
-0.92414
-0.90791
-0.90474
-0.93011
-0.91951
-0.9055
-0.92735
-0.90493
-0.90898
-0.90985
-0.91233
-0.91233
-0.91047
-0.90928
-0.90465
-0.91876
-0.92059
-0.91386
-0.92244
-0.91233
-0.94023
-0.95911
-0.90154
-0.94615
-0.94597
-0.90364
-0.89965
-0.91093
-0.92143
-0.9573
0
-1.0292
-1.0188
-0.97229
-0.97271
-0.97288
-0.9624
0
0
0
0
0
0
0
0
0
0
0
0
0
0
0
0
0
0
0
0
0
0
0
0
0
0
0
0
0
0
0
0
0
0
0
0
0
0
0
0
0
0
0
0
0
0
-0.9115
-0.9115
-0.9115
-0.91149
-0.91151
-0.91151
-0.90486
-0.90727
55.2825
-0.90837
-0.91471
-0.91471
-0.91472
-0.90612
-0.90613
-0.92568
-0.91635
-0.91424
-0.91487
-0.90906
-0.90904
-0.90905
-0.90905
-0.92331
-0.90749
-0.9075
-0.9228
-0.9067
-0.90352
-0.92865
-0.91818
-0.90427
-0.92592
-0.90373
-0.90776
-0.90862
-0.91105
-0.91104
-0.90926
-0.90806
-0.90344
-0.91743
-0.91939
-0.91266
-0.92118
-0.91113
-0.93896
-0.95775
-0.90037
-0.9449
-0.94471
-0.90242
-0.89847
-0.90969
-0.92028
-0.95603
0
-1.0284
-1.018
-0.97174
-0.97215
-0.97233
0
0
0
0
0
0
0
0
0
0
0
0
0
0
0
0
0
0
0
0
0
0
0
0
0
0
0
0
0
0
0
0
0
0
0
0
0
0
0
0
0
0
0
0
0
0
0
-0.91396
-0.91396
-0.91396
-0.91396
-0.91397
-0.91397
-0.90697
-0.90957
-0.90837
51.2082
-0.91482
-0.91482
-0.91481
-0.90746
-0.90746
-0.92648
-0.91792
-0.91571
-0.91641
-0.91053
-0.91052
-0.91053
-0.91053
-0.92434
-0.90892
-0.90892
-0.9238
-0.90813
-0.90478
-0.92955
-0.91941
-0.90553
-0.92687
-0.90512
-0.90917
-0.91016
-0.91228
-0.91228
-0.91069
-0.90952
-0.90489
-0.91871
-0.92093
-0.9142
-0.92264
-0.91268
-0.94061
-0.95954
-0.90186
-0.94655
-0.94637
-0.90344
-0.89994
-0.91096
-0.92199
0
0
0
0
0
0
0
0
0
0
0
0
0
0
-1.7668
0
0
0
0
0
0
0
0
0
0
0
0
0
0
0
0
0
0
0
0
0
0
0
0
0
0
0
0
0
0
0
0
0
0
0
0
0
0
0
-0.92019
-0.92018
-0.92019
-0.92019
-0.9202
-0.92019
-0.91275
-0.91557
-0.91471
-0.91482
54.7709
-0.92244
-0.92244
-0.91267
-0.91267
-0.93119
-0.92241
-0.92082
-0.92154
-0.9156
-0.9156
-0.9156
-0.9156
-0.92894
-0.91402
-0.91402
-0.92858
-0.91321
-0.90994
-0.93403
-0.92409
-0.91082
-0.93132
-0.91021
-0.91429
-0.91532
-0.91704
-0.91704
-0.91582
-0.91465
-0.91004
-0.92286
-0.92618
-0.91945
-0.92741
-0.91795
-0.94545
-0.96387
-0.9072
-0.95158
-0.95139
-0.90884
-0.9053
-0.91604
-0.92764
0
0
0
0
0
0
0
0
0
0
0
0
0
0
0
0
0
-5.0488
0
0
0
0
0
0
0
0
0
0
0
0
0
0
0
0
0
0
0
0
0
0
0
0
0
0
0
0
0
0
0
0
0
0
0
0
-0.92019
-0.92019
-0.92018
-0.92018
-0.9202
-0.92019
-0.91275
-0.91556
-0.91471
-0.91482
-0.92244
54.7708
-0.92245
-0.91268
-0.91267
-0.93119
-0.9224
-0.92082
-0.92153
-0.9156
-0.91559
-0.91559
-0.91559
-0.92892
-0.91401
-0.91401
-0.92858
-0.9132
-0.90994
-0.93402
-0.92409
-0.91082
-0.93132
-0.91021
-0.91429
-0.91532
-0.91704
-0.91703
-0.91581
-0.91464
-0.91003
-0.92287
-0.92617
-0.91947
-0.92741
-0.91796
-0.94544
-0.96388
-0.90719
-0.95158
-0.95139
-0.90883
-0.9053
-0.91605
-0.92765
0
0
0
0
0
0
0
0
0
0
0
0
0
0
0
0
0
0
0
0
0
0
0
0
0
0
0
0
0
0
0
0
0
0
0
-5.0488
0
0
0
0
0
0
0
0
0
0
0
0
0
0
0
0
0
0
-0.92019
-0.92019
-0.92019
-0.92019
-0.9202
-0.92019
-0.91275
-0.91556
-0.91472
-0.91481
-0.92244
-0.92245
54.7707
-0.91266
-0.91267
-0.93118
-0.9224
-0.9208
-0.92154
-0.91559
-0.91559
-0.91559
-0.9156
-0.92893
-0.914
-0.91401
-0.92857
-0.9132
-0.90994
-0.93403
-0.92409
-0.91082
-0.93133
-0.91021
-0.91429
-0.91532
-0.91703
-0.91703
-0.91581
-0.91465
-0.91003
-0.92286
-0.92618
-0.91947
-0.92741
-0.91797
-0.94544
-0.96387
-0.90718
-0.95158
-0.95139
-0.90883
-0.9053
-0.91604
-0.92765
0
0
0
0
0
0
0
0
0
0
0
0
0
0
0
0
0
0
0
0
0
0
0
0
0
0
0
0
0
0
0
0
0
0
0
0
0
0
-5.0487
0
0
0
0
0
0
0
0
0
0
0
0
0
0
0
-0.91164
-0.91165
-0.91165
-0.91164
-0.91165
-0.91166
-0.90475
-0.90731
-0.90612
-0.90746
-0.91267
-0.91268
-0.91266
49.3203
-0.90423
-0.92433
-0.91543
-0.91348
-0.91411
-0.90831
-0.90829
-0.90829
-0.9083
-0.92218
-0.90665
-0.90666
-0.92174
-0.90586
-0.90266
-0.92725
-0.91722
-0.90346
-0.92467
-0.90286
-0.9069
-0.90784
-0.91009
-0.91009
-0.90839
-0.9072
-0.90257
-0.91648
-0.91853
-0.9118
-0.92029
-0.91028
-0.93806
-0.95689
-0.89948
-0.94407
-0.94387
-0.90185
-0.89756
-0.90906
-0.91948
0
0
0
0
0
0
0
0
0
0
0
0
0
0
0
0
0
0
0
0
0
0
0
0
0
0
0
0
0
0
0
0
0
0
0
0
0
0
0
0
0
0
0
0
0
0
0
0
0
0
0
0
0
0
-0.91164
-0.91166
-0.91164
-0.91165
-0.91165
-0.91165
-0.90475
-0.9073
-0.90613
-0.90746
-0.91267
-0.91267
-0.91267
-0.90423
49.3202
-0.92433
-0.91542
-0.91347
-0.91411
-0.90829
-0.90829
-0.9083
-0.9083
-0.92218
-0.90665
-0.90665
-0.92175
-0.90585
-0.90266
-0.92725
-0.9172
-0.90344
-0.92467
-0.90287
-0.9069
-0.90785
-0.91008
-0.91009
-0.90838
-0.90721
-0.90256
-0.91648
-0.91853
-0.9118
-0.92029
-0.91028
-0.93807
-0.95689
-0.89948
-0.94406
-0.94387
-0.90185
-0.89755
-0.90906
-0.91949
0
0
0
0
0
0
0
0
0
0
0
0
0
0
0
0
0
0
0
0
0
0
0
0
0
0
0
0
0
0
0
0
0
0
0
0
0
0
0
0
0
0
0
0
0
0
0
0
0
0
0
0
0
0
-0.93101
-0.93102
-0.93101
-0.93102
-0.93102
-0.93103
-0.92446
-0.92697
-0.92568
-0.92648
-0.93119
-0.93119
-0.93118
-0.92433
-0.92433
62.5579
-0.93303
-0.93243
-0.9332
-0.92717
-0.92715
-0.92716
-0.92716
-0.94149
-0.92559
-0.92561
-0.94117
-0.9248
-0.92149
-0.94568
-0.93641
-0.92235
-0.94237
-0.92182
-0.92592
-0.92703
-0.92792
-0.92793
-0.92753
-0.92641
-0.92179
-0.9329
-0.9381
-0.93133
-0.93848
-0.92982
-0.95701
-0.97549
-0.91902
-0.96332
-0.96314
0
-0.91713
0
0
0
0
0
0
0
0
0
0
0
0
0
0
0
0
0
0
0
0
0
-5.0065
0
0
0
0
0
0
0
0
0
0
0
0
0
0
0
0
0
0
0
0
0
0
0
-5.0065
0
0
0
0
0
0
0
-5.0065
0
0
-0.92249
-0.92249
-0.92248
-0.92249
-0.92249
-0.92248
-0.91511
-0.91775
-0.91635
-0.91792
-0.92241
-0.9224
-0.9224
-0.91543
-0.91542
-0.93303
51.7801
-0.92364
-0.92437
-0.91844
-0.91842
-0.91841
-0.91844
-0.9317
-0.91679
-0.91679
-0.93135
-0.916
-0.91277
-0.93692
-0.92688
-0.91359
-0.93422
-0.91299
-0.91706
-0.91811
-0.91981
-0.91981
-0.91862
-0.91748
-0.91283
-0.9257
-0.92908
-0.92237
-0.93028
-0.92087
-0.94835
-0.96698
-0.91006
-0.95453
-0.95434
0
-0.90813
0
0
0
0
0
0
0
0
0
0
0
0
0
0
0
0
0
0
0
0
0
0
0
0
0
-4.6808
0
0
0
0
0
0
0
0
0
0
0
0
0
0
0
0
0
0
0
0
0
0
0
0
0
0
0
0
0
0
-0.91984
-0.91985
-0.91983
-0.91984
-0.91984
-0.91985
-0.91285
-0.91542
-0.91424
-0.91571
-0.92082
-0.92082
-0.9208
-0.91348
-0.91347
-0.93243
-0.92364
43.2301
-0.92242
-0.91668
-0.91667
-0.91667
-0.91668
-0.93086
-0.91458
-0.91459
-0.93062
-0.91383
-0.91079
-0.93639
-0.92605
-0.91156
-0.93387
-0.91083
-0.91499
-0.91599
-0.91828
-0.91827
-0.91652
-0.9154
-0.91071
-0.92495
-0.927
-0.92025
-0.92859
-0.9186
-0.94675
0
-0.90795
0
0
0
0
0
0
0
0
0
0
0
0
0
0
0
0
0
0
0
0
0
0
0
0
0
0
0
0
0
0
0
0
0
0
0
0
0
0
0
0
0
0
0
0
0
0
0
0
0
0
0
0
0
0
0
0
0
0
0
0
-0.92049
-0.9205
-0.9205
-0.9205
-0.9205
-0.9205
-0.91351
-0.91608
-0.91487
-0.91641
-0.92154
-0.92153
-0.92154
-0.91411
-0.91411
-0.9332
-0.92437
-0.92242
43.1588
-0.91749
-0.91747
-0.91747
-0.91748
-0.93166
-0.91522
-0.91523
-0.9314
-0.91448
-0.91148
-0.93709
-0.927
-0.91222
-0.93465
-0.91149
-0.91564
-0.91485
-0.91897
-0.91897
-0.9172
-0.91611
-0.91144
-0.92573
-0.92777
-0.92101
-0.92935
-0.91937
0
0
0
0
0
0
0
0
0
0
0
0
0
0
0
0
0
0
0
0
0
-1.7539
0
0
0
0
0
0
0
0
0
0
0
0
0
0
0
0
0
0
0
0
0
0
0
0
0
0
0
0
0
0
0
0
0
0
0
0
0
0
0
0
0
-0.91464
-0.91464
-0.91464
-0.91464
-0.91464
-0.91465
-0.90768
-0.91026
-0.90906
-0.91053
-0.9156
-0.9156
-0.91559
-0.90831
-0.90829
-0.92717
-0.91844
-0.91668
-0.91749
41.1353
-0.90991
-0.90991
-0.90991
-0.9258
-0.90839
-0.9084
-0.92639
-0.90789
-0.90493
-0.93139
-0.92313
-0.90569
-0.92907
-0.9051
-0.90927
-0.91008
-0.91215
-0.91215
-0.91071
-0.90971
-0.9051
-0.91932
-0.92154
-0.91481
-0.92292
-0.91311
0
0
0
0
0
0
0
0
0
0
0
0
0
0
0
0
0
0
0
0
0
0
0
0
0
0
0
0
0
0
0
0
0
0
0
0
0
0
0
0
0
0
0
0
0
0
0
0
0
0
0
0
0
0
0
0
0
0
0
0
0
0
0
-0.91464
-0.91464
-0.91464
-0.91462
-0.91463
-0.91464
-0.90767
-0.91024
-0.90904
-0.91052
-0.9156
-0.91559
-0.91559
-0.90829
-0.90829
-0.92715
-0.91842
-0.91667
-0.91747
-0.90991
41.1349
-0.90991
-0.9099
-0.92579
-0.90839
-0.90839
-0.9264
-0.90788
-0.90491
-0.93137
-0.92311
-0.90568
-0.92907
-0.90508
-0.90927
-0.91008
-0.91213
-0.91213
-0.9107
-0.9097
-0.90509
-0.91931
-0.92154
-0.91481
-0.92291
-0.91311
0
0
0
0
0
0
0
0
0
0
0
0
0
0
0
0
0
0
0
0
0
0
0
0
0
0
0
0
0
0
0
0
0
0
0
0
0
0
0
0
0
0
0
0
0
0
0
0
0
0
0
0
0
0
0
0
0
0
0
0
0
0
0
-0.91464
-0.91464
-0.91464
-0.91463
-0.91463
-0.91463
-0.90767
-0.91025
-0.90905
-0.91053
-0.9156
-0.91559
-0.91559
-0.90829
-0.9083
-0.92716
-0.91841
-0.91667
-0.91747
-0.90991
-0.90991
41.135
-0.90992
-0.92579
-0.90839
-0.90839
-0.92638
-0.9079
-0.90492
-0.93137
-0.92312
-0.90568
-0.92906
-0.90508
-0.90927
-0.91007
-0.91213
-0.91214
-0.9107
-0.90971
-0.90509
-0.9193
-0.92153
-0.9148
-0.92292
-0.91311
0
0
0
0
0
0
0
0
0
0
0
0
0
0
0
0
0
0
0
0
0
0
0
0
0
0
0
0
0
0
0
0
0
0
0
0
0
0
0
0
0
0
0
0
0
0
0
0
0
0
0
0
0
0
0
0
0
0
0
0
0
0
0
-0.91464
-0.91464
-0.91464
-0.91464
-0.91464
-0.91465
-0.90767
-0.91025
-0.90905
-0.91053
-0.9156
-0.91559
-0.9156
-0.9083
-0.9083
-0.92716
-0.91844
-0.91668
-0.91748
-0.90991
-0.9099
-0.90992
41.1352
-0.92581
-0.9084
-0.9084
-0.9264
-0.90789
-0.90492
-0.93138
-0.92313
-0.9057
-0.92908
-0.90509
-0.90929
-0.91008
-0.91214
-0.91214
-0.9107
-0.9097
-0.9051
-0.91932
-0.92153
-0.9148
-0.9229
-0.9131
0
0
0
0
0
0
0
0
0
0
0
0
0
0
0
0
0
0
0
0
0
0
0
0
0
0
0
0
0
0
0
0
0
0
0
0
0
0
0
0
0
0
0
0
0
0
0
0
0
0
0
0
0
0
0
0
0
0
0
0
0
0
0
-0.92936
-0.92936
-0.92937
-0.92936
-0.92936
-0.92936
-0.922
-0.92467
-0.92331
-0.92434
-0.92894
-0.92892
-0.92893
-0.92218
-0.92218
-0.94149
-0.9317
-0.93086
-0.93166
-0.9258
-0.92579
-0.92579
-0.92581
45.3203
-0.92353
-0.92353
-0.93927
-0.92266
-0.91886
-0.9464
-0.93515
-0.92007
-0.94181
-0.91962
-0.92384
-0.92496
-0.92662
-0.92662
-0.92542
-0.92431
-0.91966
-0.9329
-0.93636
0
0
0
0
0
0
0
0
0
0
0
0
0
0
0
0
0
0
0
0
0
0
0
0
0
-2.0222
0
0
0
0
0
0
0
0
0
0
0
0
0
0
0
0
0
0
0
0
0
0
0
0
0
-4.326
0
0
0
0
0
0
0
0
0
0
0
0
0
0
-0.91308
-0.91308
-0.91308
-0.91309
-0.91309
-0.91309
-0.90611
-0.90869
-0.90749
-0.90892
-0.91402
-0.91401
-0.914
-0.90665
-0.90665
-0.92559
-0.91679
-0.91458
-0.91522
-0.90839
-0.90839
-0.90839
-0.9084
-0.92353
39.2305
-0.90798
-0.92264
-0.90701
-0.90395
-0.92902
-0.91642
-0.90479
-0.92619
-0.90384
-0.90818
-0.90928
-0.91167
-0.91166
-0.90979
-0.90864
-0.9039
-0.91779
-0.92012
-0.91328
0
0
0
0
0
0
0
0
0
0
0
0
0
0
0
0
0
0
0
0
0
0
0
0
0
0
0
0
0
0
0
0
0
0
0
0
0
0
0
0
0
0
0
0
0
0
0
0
0
0
0
0
0
0
0
0
0
0
0
0
0
0
0
0
0
-0.91309
-0.91309
-0.9131
-0.91308
-0.91309
-0.91309
-0.90613
-0.90869
-0.9075
-0.90892
-0.91402
-0.91401
-0.91401
-0.90666
-0.90665
-0.92561
-0.91679
-0.91459
-0.91523
-0.9084
-0.90839
-0.90839
-0.9084
-0.92353
-0.90798
39.2306
-0.92265
-0.90702
-0.90396
-0.92902
-0.91642
-0.90479
-0.92618
-0.90384
-0.90819
-0.90928
-0.91167
-0.91167
-0.90978
-0.90865
-0.9039
-0.91779
-0.92012
-0.91327
0
0
0
0
0
0
0
0
0
0
0
0
0
0
0
0
0
0
0
0
0
0
0
0
0
0
0
0
0
0
0
0
0
0
0
0
0
0
0
0
0
0
0
0
0
0
0
0
0
0
0
0
0
0
0
0
0
0
0
0
0
0
0
0
0
-0.92879
-0.92879
-0.92879
-0.92878
-0.92879
-0.92879
-0.92147
-0.92414
-0.9228
-0.9238
-0.92858
-0.92858
-0.92857
-0.92174
-0.92175
-0.94117
-0.93135
-0.93062
-0.9314
-0.92639
-0.9264
-0.92638
-0.9264
-0.93927
-0.92264
-0.92265
42.5187
-0.92186
-0.91798
-0.94498
-0.93574
-0.91878
-0.94255
-0.91831
-0.92269
-0.92353
-0.92527
-0.92527
-0.92441
-0.92325
-0.91856
0
0
0
0
0
0
0
0
0
0
0
0
0
0
0
0
0
0
0
0
0
0
0
0
-1.1368
0
0
0
0
0
0
0
0
0
0
0
0
0
0
0
0
0
0
0
0
0
0
0
0
0
0
0
0
0
0
0
0
0
0
0
-4.2999
0
0
0
0
0
0
0
-0.9123
-0.91231
-0.9123
-0.9123
-0.91229
-0.9123
-0.90535
-0.90791
-0.9067
-0.90813
-0.91321
-0.9132
-0.9132
-0.90586
-0.90585
-0.9248
-0.916
-0.91383
-0.91448
-0.90789
-0.90788
-0.9079
-0.90789
-0.92266
-0.90701
-0.90702
-0.92186
38.2827
-0.90263
-0.92822
-0.91605
-0.90352
-0.92539
-0.90271
-0.90723
-0.90823
-0.91052
-0.91053
-0.90876
-0.90766
-0.90289
-0.9167
-0.91923
0
0
0
0
0
0
0
0
0
0
0
0
0
0
0
0
0
0
0
0
0
0
0
0
0
0
0
0
0
0
0
0
0
0
0
0
0
0
0
0
0
0
0
0
0
0
0
0
0
0
0
0
0
0
0
0
0
0
0
0
0
0
0
0
0
0
-0.90911
-0.90911
-0.90911
-0.90911
-0.90911
-0.9091
-0.90215
-0.90474
-0.90352
-0.90478
-0.90994
-0.90994
-0.90994
-0.90266
-0.90266
-0.92149
-0.91277
-0.91079
-0.91148
-0.90493
-0.90491
-0.90492
-0.90492
-0.91886
-0.90395
-0.90396
-0.91798
-0.90263
37.6541
-0.92471
-0.91225
-0.89817
-0.92183
-0.89901
-0.90382
-0.904
-0.9059
-0.90589
-0.90527
-0.90394
-0.89922
0
0
0
0
0
0
0
0
0
0
0
0
0
0
0
0
0
0
0
0
0
0
0
-1.3415
0
0
0
0
0
0
0
0
0
0
0
0
0
0
0
0
0
0
0
0
0
0
0
0
0
0
0
0
0
0
0
0
0
0
0
0
0
0
0
0
0
0
0
0
-0.93495
-0.93495
-0.93495
-0.93495
-0.93496
-0.93495
-0.92743
-0.93011
-0.92865
-0.92955
-0.93403
-0.93402
-0.93403
-0.92725
-0.92725
-0.94568
-0.93692
-0.93639
-0.93709
-0.93139
-0.93137
-0.93137
-0.93138
-0.9464
-0.92902
-0.92902
-0.94498
-0.92822
-0.92471
45.2703
-0.94074
-0.92557
-0.94574
-0.92473
-0.92885
-0.92979
-0.93047
-0.93048
-0.93066
-0.92956
0
0
0
0
0
0
0
0
0
0
0
0
0
0
0
0
0
0
0
0
0
0
0
0
0
0
0
0
0
0
0
0
0
0
0
0
0
0
0
0
-4.4439
0
0
0
0
0
0
0
0
0
0
0
0
0
0
0
0
0
0
0
0
0
0
0
-4.4439
0
0
0
0
-0.92412
-0.92411
-0.92411
-0.92411
-0.92411
-0.92411
-0.91689
-0.91951
-0.91818
-0.91941
-0.92409
-0.92409
-0.92409
-0.91722
-0.9172
-0.93641
-0.92688
-0.92605
-0.927
-0.92313
-0.92311
-0.92312
-0.92313
-0.93515
-0.91642
-0.91642
-0.93574
-0.91605
-0.91225
-0.94074
41.1166
-0.91308
-0.93857
-0.91264
-0.91706
-0.91742
-0.91875
-0.91875
-0.91856
-0.91756
-0.91302
0
0
0
0
0
0
0
0
0
0
0
0
0
0
0
0
0
0
0
0
0
0
0
0
0
0
0
0
0
0
0
0
0
0
0
0
0
0
0
0
0
0
0
0
0
0
0
0
0
0
0
0
0
0
0
-4.2243
0
0
0
0
0
0
0
0
0
0
0
0
-0.90984
-0.90983
-0.90983
-0.90983
-0.90982
-0.90983
-0.90287
-0.9055
-0.90427
-0.90553
-0.91082
-0.91082
-0.91082
-0.90346
-0.90344
-0.92235
-0.91359
-0.91156
-0.91222
-0.90569
-0.90568
-0.90568
-0.9057
-0.92007
-0.90479
-0.90479
-0.91878
-0.90352
-0.89817
-0.92557
-0.91308
37.8135
-0.92268
-0.89965
-0.90455
-0.90485
-0.90697
-0.90696
-0.90614
-0.90478
-0.90003
0
0
0
0
0
0
0
0
0
0
0
0
0
0
0
0
0
0
0
0
0
0
0
0
0
-1.4691
0
0
0
0
0
0
0
0
0
0
0
0
0
0
0
0
0
0
0
0
0
0
0
0
0
0
0
0
0
0
0
0
0
0
0
0
0
0
0
0
0
0
-0.93212
-0.93213
-0.93213
-0.93211
-0.93212
-0.93213
-0.92467
-0.92735
-0.92592
-0.92687
-0.93132
-0.93132
-0.93133
-0.92467
-0.92467
-0.94237
-0.93422
-0.93387
-0.93465
-0.92907
-0.92907
-0.92906
-0.92908
-0.94181
-0.92619
-0.92618
-0.94255
-0.92539
-0.92183
-0.94574
-0.93857
-0.92268
43.7218
-0.92185
-0.9258
-0.92656
-0.92694
-0.92694
-0.92758
0
0
0
0
0
0
0
0
0
0
0
0
0
0
0
0
0
0
0
0
0
0
0
0
0
0
0
0
0
0
0
0
0
0
0
0
0
0
0
0
0
0
0
0
0
0
0
0
-4.1864
0
0
0
0
0
0
0
-4.1865
0
0
0
0
0
0
0
0
0
0
0
0
0
-0.90932
-0.90931
-0.90931
-0.9093
-0.90931
-0.90932
-0.90238
-0.90493
-0.90373
-0.90512
-0.91021
-0.91021
-0.91021
-0.90286
-0.90287
-0.92182
-0.91299
-0.91083
-0.91149
-0.9051
-0.90508
-0.90508
-0.90509
-0.91962
-0.90384
-0.90384
-0.91831
-0.90271
-0.89901
-0.92473
-0.91264
-0.89965
-0.92185
36.322
-0.90461
-0.90409
-0.906
-0.90601
-0.90559
-0.90421
-0.89941
0
0
0
0
0
0
0
0
0
0
0
0
0
0
0
0
0
0
0
0
0
0
0
0
0
0
0
0
0
0
0
0
0
0
0
0
0
0
0
0
0
0
0
0
0
0
0
0
0
0
0
0
0
0
0
0
0
0
0
0
0
0
0
0
0
0
0
0
-0.91337
-0.91337
-0.91337
-0.91338
-0.91337
-0.91337
-0.9064
-0.90898
-0.90776
-0.90917
-0.91429
-0.91429
-0.91429
-0.9069
-0.9069
-0.92592
-0.91706
-0.91499
-0.91564
-0.90927
-0.90927
-0.90927
-0.90929
-0.92384
-0.90818
-0.90819
-0.92269
-0.90723
-0.90382
-0.92885
-0.91706
-0.90455
-0.9258
-0.90461
34.6768
-0.90815
-0.91162
-0.91162
-0.91063
0
0
0
0
0
0
0
0
0
0
0
0
0
0
0
0
0
0
0
0
0
0
0
0
0
0
0
0
0
0
0
0
0
0
0
0
0
0
0
0
0
0
0
0
0
0
0
0
0
0
0
0
0
0
0
0
0
0
0
0
0
0
0
0
0
0
0
0
0
0
-0.91422
-0.91422
-0.91422
-0.91422
-0.91422
-0.91422
-0.90728
-0.90985
-0.90862
-0.91016
-0.91532
-0.91532
-0.91532
-0.90784
-0.90785
-0.92703
-0.91811
-0.91599
-0.91485
-0.91008
-0.91008
-0.91007
-0.91008
-0.92496
-0.90928
-0.90928
-0.92353
-0.90823
-0.904
-0.92979
-0.91742
-0.90485
-0.92656
-0.90409
-0.90815
33.6982
0
0
0
0
0
0
0
0
0
0
0
0
0
0
0
0
0
0
0
0
0
0
0
0
0
0
0
0
0
0
0
-1.729
0
0
0
0
0
0
0
0
0
0
0
0
0
0
0
0
0
0
0
0
0
0
0
0
0
0
0
0
0
0
0
0
0
0
0
0
0
0
0
0
0
-0.91686
-0.91686
-0.91684
-0.91686
-0.91686
-0.91685
-0.90973
-0.91233
-0.91105
-0.91228
-0.91704
-0.91704
-0.91703
-0.91009
-0.91008
-0.92792
-0.91981
-0.91828
-0.91897
-0.91215
-0.91213
-0.91213
-0.91214
-0.92662
-0.91167
-0.91167
-0.92527
-0.91052
-0.9059
-0.93047
-0.91875
-0.90697
-0.92694
-0.906
-0.91162
0
35.4846
0
0
0
0
0
0
0
0
0
0
0
0
0
0
0
0
0
0
0
0
0
0
0
0
0
0
0
0
0
0
0
0
0
0
0
0
0
0
0
0
0
0
0
0
0
0
0
0
0
0
0
0
0
0
0
0
0
0
0
0
0
0
-3.4408
0
0
0
0
0
0
0
0
0
-0.91686
-0.91685
-0.91686
-0.91686
-0.91685
-0.91686
-0.90974
-0.91233
-0.91104
-0.91228
-0.91704
-0.91703
-0.91703
-0.91009
-0.91009
-0.92793
-0.91981
-0.91827
-0.91897
-0.91215
-0.91213
-0.91214
-0.91214
-0.92662
-0.91166
-0.91167
-0.92527
-0.91053
-0.90589
-0.93048
-0.91875
-0.90696
-0.92694
-0.90601
-0.91162
0
0
35.4846
0
0
0
0
0
0
0
0
0
0
0
0
0
0
0
0
0
0
0
0
0
0
0
0
0
0
0
0
0
0
0
0
0
0
0
0
0
0
0
0
0
0
0
0
0
0
0
0
0
0
0
0
0
0
0
0
0
0
0
0
0
0
0
0
-3.4409
0
0
0
0
0
0
-0.91489
-0.91487
-0.91488
-0.91487
-0.91488
-0.91488
-0.9079
-0.91047
-0.90926
-0.91069
-0.91582
-0.91581
-0.91581
-0.90839
-0.90838
-0.92753
-0.91862
-0.91652
-0.9172
-0.91071
-0.9107
-0.9107
-0.9107
-0.92542
-0.90979
-0.90978
-0.92441
-0.90876
-0.90527
-0.93066
-0.91856
-0.90614
-0.92758
-0.90559
-0.91063
0
0
0
31.9971
0
0
0
0
0
0
0
0
0
0
0
0
0
0
0
0
0
0
0
0
0
0
0
0
0
0
0
0
0
0
0
0
0
0
0
0
0
0
0
0
0
0
0
0
0
0
0
0
0
0
0
0
0
0
0
0
0
0
0
0
0
0
0
0
0
0
0
0
0
0
-0.91368
-0.91368
-0.91368
-0.91367
-0.91369
-0.91368
-0.90671
-0.90928
-0.90806
-0.90952
-0.91465
-0.91464
-0.91465
-0.9072
-0.90721
-0.92641
-0.91748
-0.9154
-0.91611
-0.90971
-0.9097
-0.90971
-0.9097
-0.92431
-0.90864
-0.90865
-0.92325
-0.90766
-0.90394
-0.92956
-0.91756
-0.90478
0
-0.90421
0
0
0
0
0
30.1208
0
0
0
0
0
0
0
0
0
0
0
0
0
0
0
0
0
0
0
0
0
0
0
0
0
0
0
0
0
0
0
0
0
0
0
0
0
0
0
0
0
0
0
0
0
0
0
0
0
0
0
0
0
0
0
0
0
0
0
0
0
0
0
0
0
0
0
0
0
-0.90904
-0.90903
-0.90904
-0.90903
-0.90904
-0.90904
-0.90209
-0.90465
-0.90344
-0.90489
-0.91004
-0.91003
-0.91003
-0.90257
-0.90256
-0.92179
-0.91283
-0.91071
-0.91144
-0.9051
-0.90509
-0.90509
-0.9051
-0.91966
-0.9039
-0.9039
-0.91856
-0.90289
-0.89922
0
-0.91302
-0.90003
0
-0.89941
0
0
0
0
0
0
29.0422
0
0
0
0
0
0
0
0
0
0
0
0
0
0
0
0
0
0
0
0
0
0
0
0
0
0
0
0
0
0
0
0
0
0
0
0
0
0
0
0
0
0
0
0
0
0
0
0
0
0
0
0
0
0
0
0
0
0
0
0
0
0
0
0
0
0
0
0
-0.92338
-0.92338
-0.92338
-0.92338
-0.92338
-0.92339
-0.91613
-0.91876
-0.91743
-0.91871
-0.92286
-0.92287
-0.92286
-0.91648
-0.91648
-0.9329
-0.9257
-0.92495
-0.92573
-0.91932
-0.91931
-0.9193
-0.91932
-0.9329
-0.91779
-0.91779
0
-0.9167
0
0
0
0
0
0
0
0
0
0
0
0
0
31.8733
0
0
0
0
0
0
0
0
0
0
0
0
0
0
0
0
0
0
0
0
0
0
0
0
0
0
0
0
0
0
0
0
0
0
0
0
0
0
0
0
0
0
0
-3.4944
0
0
0
0
0
0
0
0
0
0
0
0
0
0
-3.4944
0
0
0
0
0
0
0
0
-0.92504
-0.92503
-0.92504
-0.92504
-0.92504
-0.92505
-0.91799
-0.92059
-0.91939
-0.92093
-0.92618
-0.92617
-0.92618
-0.91853
-0.91853
-0.9381
-0.92908
-0.927
-0.92777
-0.92154
-0.92154
-0.92153
-0.92153
-0.93636
-0.92012
-0.92012
0
-0.91923
0
0
0
0
0
0
0
0
0
0
0
0
0
0
24.9487
0
0
0
0
0
0
0
0
0
0
0
0
0
0
0
0
0
0
0
0
0
0
0
0
0
0
0
0
0
0
0
0
0
0
0
0
0
0
0
0
0
0
0
0
0
0
0
0
0
0
0
0
0
0
0
0
0
0
0
0
0
0
0
0
0
0
-0.91827
-0.91827
-0.91827
-0.91827
-0.91827
-0.91827
-0.91128
-0.91386
-0.91266
-0.9142
-0.91945
-0.91947
-0.91947
-0.9118
-0.9118
-0.93133
-0.92237
-0.92025
-0.92101
-0.91481
-0.91481
-0.9148
-0.9148
0
-0.91328
-0.91327
0
0
0
0
0
0
0
0
0
0
0
0
0
0
0
0
0
22.9244
0
0
0
0
0
0
0
0
0
0
0
0
0
0
0
0
0
0
0
0
0
0
0
0
0
0
0
0
0
0
0
0
0
0
0
0
0
0
0
0
0
0
0
0
0
0
0
0
0
0
0
0
0
0
0
0
0
0
0
0
0
0
0
0
0
-0.92698
-0.92699
-0.92698
-0.92699
-0.92699
-0.92699
-0.91984
-0.92244
-0.92118
-0.92264
-0.92741
-0.92741
-0.92741
-0.92029
-0.92029
-0.93848
-0.93028
-0.92859
-0.92935
-0.92292
-0.92291
-0.92292
-0.9229
0
0
0
0
0
0
0
0
0
0
0
0
0
0
0
0
0
0
0
0
0
24.0762
0
0
0
0
0
0
0
0
0
0
0
0
0
0
0
0
0
0
0
0
0
0
0
0
0
0
0
0
0
0
0
0
0
0
0
0
0
0
0
0
0
0
0
0
0
0
0
0
0
0
0
0
0
0
0
0
0
0
0
0
0
0
0
-2.787
-0.91672
-0.91672
-0.91672
-0.91671
-0.91673
-0.91672
-0.90975
-0.91233
-0.91113
-0.91268
-0.91795
-0.91796
-0.91797
-0.91028
-0.91028
-0.92982
-0.92087
-0.9186
-0.91937
-0.91311
-0.91311
-0.91311
-0.9131
0
0
0
0
0
0
0
0
0
0
0
0
0
0
0
0
0
0
0
0
0
0
21.0617
0
0
0
0
0
0
0
0
0
0
0
0
0
0
0
0
0
0
0
0
0
0
0
0
0
0
0
0
0
0
0
0
0
0
0
0
0
0
0
0
0
0
0
0
0
0
0
0
0
0
0
0
0
0
0
0
0
0
0
0
0
0
0
-0.94487
-0.94487
-0.94486
-0.94486
-0.94487
-0.94487
-0.93753
-0.94023
-0.93896
-0.94061
-0.94545
-0.94544
-0.94544
-0.93806
-0.93807
-0.95701
-0.94835
-0.94675
0
0
0
0
0
0
0
0
0
0
0
0
0
0
0
0
0
0
0
0
0
0
0
0
0
0
0
0
19.7952
0
0
0
0
0
0
0
0
0
0
0
0
0
0
0
0
0
0
0
0
0
0
0
0
0
0
0
0
0
0
0
0
0
0
0
-2.8041
0
0
0
0
0
0
0
0
0
0
0
0
0
0
0
0
0
0
0
0
0
0
0
0
0
0
-0.96385
-0.96385
-0.96385
-0.96385
-0.96386
-0.96385
-0.95629
-0.95911
-0.95775
-0.95954
-0.96387
-0.96388
-0.96387
-0.95689
-0.95689
-0.97549
-0.96698
0
0
0
0
0
0
0
0
0
0
0
0
0
0
0
0
0
0
0
0
0
0
0
0
0
0
0
0
0
0
22.1205
0
0
0
0
0
0
0
0
0
0
0
0
0
0
0
0
0
0
0
0
0
0
0
0
0
0
0
0
0
-2.8784
0
0
0
0
0
0
0
0
-2.8784
0
0
0
0
0
0
0
0
0
0
0
0
0
0
0
0
0
0
0
0
0
0
-0.90585
-0.90585
-0.90585
-0.90584
-0.90585
-0.90586
-0.89901
-0.90154
-0.90037
-0.90186
-0.9072
-0.90719
-0.90718
-0.89948
-0.89948
-0.91902
-0.91006
-0.90795
0
0
0
0
0
0
0
0
0
0
0
0
0
0
0
0
0
0
0
0
0
0
0
0
0
0
0
0
0
0
16.2955
0
0
0
0
0
0
0
0
0
0
0
0
0
0
0
0
0
0
0
0
0
0
0
0
0
0
0
0
0
0
0
0
0
0
0
0
0
0
0
0
0
0
0
0
0
0
0
0
0
0
0
0
0
0
0
0
0
0
0
0
-0.95073
-0.95072
-0.95073
-0.95074
-0.95074
-0.95075
-0.94345
-0.94615
-0.9449
-0.94655
-0.95158
-0.95158
-0.95158
-0.94407
-0.94406
-0.96332
-0.95453
0
0
0
0
0
0
0
0
0
0
0
0
0
0
0
0
0
0
0
0
0
0
0
0
0
0
0
0
0
0
0
0
18.2777
0
0
0
0
0
0
0
0
0
0
0
0
0
0
0
0
0
0
0
0
0
0
0
0
0
0
0
0
0
0
0
0
0
0
0
0
0
0
0
0
0
0
-2.1316
0
0
0
0
0
0
0
0
0
0
0
0
0
0
0
0
-0.95056
-0.95055
-0.95055
-0.95056
-0.95055
-0.95056
-0.94326
-0.94597
-0.94471
-0.94637
-0.95139
-0.95139
-0.95139
-0.94387
-0.94387
-0.96314
-0.95434
0
0
0
0
0
0
0
0
0
0
0
0
0
0
0
0
0
0
0
0
0
0
0
0
0
0
0
0
0
0
0
0
0
18.271
0
0
0
0
0
0
0
0
0
0
0
0
0
0
0
0
0
0
0
0
0
0
0
0
-2.1279
0
0
0
0
0
0
0
0
0
0
0
0
0
0
0
0
0
0
0
0
0
0
0
0
0
0
0
0
0
0
0
0
0
-0.9079
-0.90791
-0.9079
-0.90791
-0.9079
-0.90791
-0.90093
-0.90364
-0.90242
-0.90344
-0.90884
-0.90883
-0.90883
-0.90185
-0.90185
0
0
0
0
0
0
0
0
0
0
0
0
0
0
0
0
0
0
0
0
0
0
0
0
0
0
0
0
0
0
0
0
0
0
0
0
17.1296
0
0
0
0
0
0
0
0
0
0
0
0
0
0
0
0
0
0
-1.7103
0
0
-1.8313
0
0
0
0
0
0
0
0
0
0
0
0
0
0
0
0
0
0
0
0
0
0
0
0
0
0
0
0
0
0
0
0
0
0
0
-0.90393
-0.90395
-0.90394
-0.90393
-0.90395
-0.90395
-0.89712
-0.89965
-0.89847
-0.89994
-0.9053
-0.9053
-0.9053
-0.89756
-0.89755
-0.91713
-0.90813
0
0
0
0
0
0
0
0
0
0
0
0
0
0
0
0
0
0
0
0
0
0
0
0
0
0
0
0
0
0
0
0
0
0
0
15.3551
0
0
0
0
0
0
0
0
0
0
0
0
0
0
0
0
0
0
0
0
0
0
0
0
0
0
0
0
0
0
0
0
0
0
0
0
0
0
0
0
0
0
0
0
0
0
0
0
0
0
0
0
0
0
0
0
-0.91524
-0.91524
-0.91524
-0.91523
-0.91523
-0.91524
-0.90822
-0.91093
-0.90969
-0.91096
-0.91604
-0.91605
-0.91604
-0.90906
-0.90906
0
0
0
0
0
0
0
0
0
0
0
0
0
0
0
0
0
0
0
0
0
0
0
0
0
0
0
0
0
0
0
0
0
0
0
0
0
0
17.3671
0
0
0
0
0
0
0
0
0
0
0
0
0
0
0
0
0
-1.8674
0
0
0
0
0
0
0
-1.8022
0
0
0
0
0
0
0
0
0
0
0
0
0
0
0
0
0
0
0
0
0
0
0
0
0
0
0
0
0
-0.92576
-0.92578
-0.92578
-0.92578
-0.92578
-0.92578
-0.91886
-0.92143
-0.92028
-0.92199
-0.92764
-0.92765
-0.92765
-0.91948
-0.91949
0
0
0
0
0
0
0
0
0
0
0
0
0
0
0
0
0
0
0
0
0
0
0
0
0
0
0
0
0
0
0
0
0
0
0
0
0
0
0
13.8591
0
0
0
0
0
0
0
0
0
0
0
0
0
0
0
0
0
0
0
0
0
0
0
0
0
0
0
0
0
0
0
0
0
0
0
0
0
0
0
0
0
0
0
0
0
0
0
0
0
0
0
0
0
0
-0.96159
-0.96159
-0.96159
-0.96159
-0.96159
-0.96158
-0.95445
-0.9573
-0.95603
0
0
0
0
0
0
0
0
0
0
0
0
0
0
0
0
0
0
0
0
0
0
0
0
0
0
0
0
0
0
0
0
0
0
0
0
0
0
0
0
0
0
0
0
0
0
13.1808
0
0
0
0
0
0
0
0
0
0
0
0
0
0
0
0
0
0
0
0
0
0
0
0
0
0
0
0
-2.2717
0
0
0
0
0
0
-2.2717
0
0
0
0
0
0
0
0
0
0
0
0
0
0
0
0
0
-0.92539
-0.92539
-0.92539
-0.92539
-0.92539
-0.92539
-0.91863
0
0
0
0
0
0
0
0
0
0
0
0
0
0
0
0
0
0
0
0
0
0
0
0
0
0
0
0
0
0
0
0
0
0
0
0
0
0
0
0
0
0
0
0
0
0
0
0
0
12.0358
0
0
0
0
0
0
0
0
0
-1.4011
0
0
0
0
0
0
0
0
0
0
0
0
0
0
0
0
0
0
0
0
0
0
0
0
0
0
0
0
0
0
0
0
0
0
0
0
-2.0818
0
0
0
-2.0818
0
-1.0335
-1.0335
-1.0335
-1.0335
-1.0335
-1.0335
-1.0263
-1.0292
-1.0284
0
0
0
0
0
0
0
0
0
0
0
0
0
0
0
0
0
0
0
0
0
0
0
0
0
0
0
0
0
0
0
0
0
0
0
0
0
0
0
0
0
0
0
0
0
0
0
0
10.5139
0
0
0
0
0
0
0
0
0
0
0
0
0
0
0
0
0
0
0
0
0
0
0
-1.229
0
0
0
0
0
0
0
0
0
0
0
0
0
0
0
0
0
0
0
0
0
0
0
0
0
0
0
-1.0232
-1.0232
-1.0232
-1.0232
-1.0232
-1.0232
-1.016
-1.0188
-1.018
0
0
0
0
0
0
0
0
0
0
0
0
0
0
0
0
0
0
0
0
0
0
0
0
0
0
0
0
0
0
0
0
0
0
0
0
0
0
0
0
0
0
0
0
0
0
0
0
0
9.791
0
0
0
0
0
0
0
0
0
0
0
0
0
0
0
0
0
0
0
0
0
0
0
0
0
0
0
0
0
0
0
0
0
0
0
0
0
0
0
0
0
0
0
0
0
0
-0.59904
0
0
0
-0.97649
-0.97649
-0.97648
-0.9765
-0.97649
-0.97649
-0.96968
-0.97229
-0.97174
0
0
0
0
0
0
0
0
0
0
0
0
0
0
0
0
0
0
0
0
0
0
0
0
0
0
0
0
0
0
0
0
0
0
0
0
0
0
0
0
0
0
0
0
0
0
0
0
0
0
8.7727
0
0
0
0
0
0
0
0
0
0
0
0
0
0
0
0
0
0
0
0
0
0
0
0
0
0
0
0
0
0
0
0
0
0
0
0
0
0
0
0
0
0
0
0
0
0
0
0
0
-0.9769
-0.9769
-0.97689
-0.9769
-0.9769
-0.9769
-0.97009
-0.97271
-0.97215
0
0
0
0
0
0
0
0
0
0
0
0
0
0
0
0
0
0
0
0
0
0
0
0
0
0
0
0
0
0
0
0
0
0
0
0
0
0
0
0
0
0
0
0
0
0
0
0
0
0
0
8.7763
0
0
0
0
0
0
0
0
0
0
0
0
0
0
0
0
0
0
0
0
0
0
0
0
0
0
0
0
0
0
0
0
0
0
0
0
0
0
0
0
0
0
0
0
0
0
0
0
-0.97707
-0.97706
-0.97708
-0.97707
-0.97707
-0.97706
-0.97025
-0.97288
-0.97233
0
0
0
0
0
0
0
0
0
0
0
0
0
0
0
0
0
0
0
0
0
0
0
0
0
0
0
0
0
0
0
0
0
0
0
0
0
0
0
0
0
0
0
0
0
0
0
0
0
0
0
0
8.7779
0
0
0
0
0
0
0
0
0
0
0
0
0
0
0
0
0
0
0
0
0
0
0
0
0
0
0
0
0
0
0
0
0
0
0
0
0
0
0
0
0
0
0
0
0
0
0
-0.96669
-0.96668
-0.96668
-0.96668
-0.96669
-0.96668
-0.9598
-0.9624
0
0
0
0
0
0
0
0
0
0
0
0
0
0
0
0
0
0
0
0
0
0
0
0
0
0
0
0
0
0
0
0
0
0
0
0
0
0
0
0
0
0
0
0
0
0
0
0
0
0
0
0
0
0
7.7223
0
0
0
0
0
0
0
0
0
0
0
0
0
0
0
0
0
0
0
0
0
0
0
0
0
0
0
0
0
0
0
0
0
0
0
0
0
0
0
0
0
0
0
0
0
0
-1.0592
-1.0592
-1.0592
-1.0592
-1.0592
-1.0592
0
0
0
0
0
0
0
0
0
0
0
0
0
0
0
0
0
0
0
0
0
0
0
0
0
0
0
0
0
0
0
0
0
0
0
0
0
0
0
0
0
0
0
0
0
0
0
0
0
0
0
0
0
0
0
0
0
6.6234
0
0
0
0
0
0
0
0
0
0
0
0
0
0
0
0
0
0
0
0
0
0
0
0
-0.26832
0
0
0
0
0
0
0
0
0
0
0
0
0
0
0
0
0
0
0
0
0
0
0
0
0
0
0
0
0
0
0
0
0
0
0
0
0
0
0
0
0
0
0
0
0
0
0
0
-1.3415
0
0
0
0
0
0
0
0
0
0
0
0
0
0
0
0
0
0
0
0
0
0
0
0
0
0
0
0
0
0
0
0
0
0
0
6.6501
0
0
0
-1.6439
0
0
-1.6298
0
0
0
0
0
0
0
0
0
0
0
0
0
0
0
0
0
-2.0349
0
0
0
0
0
0
0
0
0
0
0
0
0
0
0
0
0
0
0
0
0
0
0
0
0
0
0
0
0
0
0
0
0
0
0
0
0
0
0
0
0
0
0
0
0
-1.1368
0
0
0
0
0
0
0
0
0
0
0
0
0
0
0
0
0
0
0
0
0
0
0
0
0
0
0
0
0
0
0
0
0
0
0
0
0
0
5.8502
0
0
0
-1.4242
-1.4475
0
0
0
0
0
-1.8417
0
0
0
0
0
0
0
0
0
0
0
0
0
0
0
0
0
0
0
0
0
0
0
0
0
0
0
0
0
0
0
0
0
0
0
0
0
0
0
0
0
0
0
0
0
0
0
0
0
0
0
0
0
0
0
0
0
0
0
0
0
0
0
-1.4691
0
0
0
0
0
0
0
0
0
0
0
0
0
0
0
0
0
0
0
0
0
0
0
0
-1.4011
0
0
0
0
0
0
0
0
0
5.0543
0
0
0
0
0
0
0
0
0
0
0
0
0
0
0
0
0
0
0
0
0
0
0
0
0
0
0
0
0
0
-2.184
0
0
0
0
0
0
0
0
0
0
0
0
0
0
0
0
0
0
0
0
0
0
0
0
0
0
0
0
0
-1.7539
0
0
0
0
0
0
0
0
0
0
0
0
0
0
0
0
-1.729
0
0
0
0
0
0
0
0
0
0
0
0
0
0
0
0
0
0
0
0
0
0
0
0
0
0
0
0
0
0
0
5.7576
0
0
0
0
0
0
0
0
0
0
0
0
0
0
0
-2.2748
0
0
0
0
0
0
0
0
0
0
0
0
0
0
0
0
0
0
0
0
0
0
0
0
0
0
0
0
0
0
0
0
0
0
0
0
0
0
0
0
0
0
0
0
0
0
0
0
-2.0222
0
0
0
0
0
0
0
0
0
0
0
0
0
0
0
0
0
0
0
0
0
0
0
0
0
0
0
0
0
0
0
0
0
0
0
0
0
0
0
0
-1.6439
0
0
0
3.6662
0
0
0
0
0
0
0
0
0
0
0
0
0
0
0
0
0
0
0
0
0
0
0
0
0
0
0
0
0
0
0
0
0
0
0
0
0
0
0
0
0
0
0
0
0
0
0
0
0
-1.7668
0
0
0
0
0
0
0
0
0
0
0
0
0
0
0
0
0
0
0
0
0
0
0
0
0
0
0
0
0
0
0
0
0
0
0
0
0
0
0
0
0
0
0
0
0
0
0
0
0
0
0
0
0
0
0
-1.4242
0
0
0
3.191
0
0
0
0
0
0
0
0
0
0
0
0
0
0
0
0
0
0
0
0
0
0
0
0
0
0
0
0
0
0
0
0
0
0
0
0
0
0
0
0
0
0
0
0
0
0
0
0
0
0
0
0
0
0
0
0
0
0
0
0
0
0
0
0
0
0
0
0
0
0
0
0
0
0
0
0
0
0
0
0
0
0
0
0
0
0
0
0
0
0
-1.7103
0
0
0
0
0
0
0
0
0
0
0
0
0
-1.4475
0
0
0
0
3.1577
0
0
0
0
0
0
0
0
0
0
0
0
0
0
0
0
0
0
0
0
0
0
0
0
0
0
0
0
0
0
0
0
0
0
0
0
0
0
0
0
0
0
0
0
0
0
0
0
0
0
0
0
0
0
0
0
0
0
0
0
0
0
0
0
0
0
0
0
0
0
0
0
0
0
0
0
0
0
0
0
0
0
0
0
0
0
0
0
0
0
0
-1.8674
0
0
0
0
0
0
0
0
0
0
-1.6298
0
0
0
0
0
0
3.4972
0
0
0
0
0
0
0
0
0
0
0
0
0
0
0
0
0
0
0
0
0
0
0
0
0
0
0
0
0
0
0
0
0
0
0
0
0
0
0
0
0
0
0
0
0
0
0
-5.0488
0
0
0
0
0
0
0
0
0
0
0
0
0
0
0
0
0
0
0
0
0
0
0
0
0
0
0
0
0
0
0
0
0
0
0
0
0
0
0
0
0
0
0
0
0
0
0
0
0
0
0
0
0
0
0
0
0
0
0
0
0
5.0488
0
0
0
0
0
0
0
0
0
0
0
0
0
0
0
0
0
0
0
0
0
0
0
0
0
0
0
0
0
0
0
0
0
0
0
0
0
0
0
0
0
0
0
0
0
0
0
0
0
0
0
0
0
0
0
0
0
0
0
0
0
0
0
0
0
0
0
0
0
0
0
0
0
0
0
0
0
0
0
0
0
0
0
0
0
0
0
-1.8313
0
0
0
0
0
0
0
0
0
0
0
0
0
0
0
0
0
0
0
0
0
1.8313
0
0
0
0
0
0
0
0
0
0
0
0
0
0
0
0
0
0
0
0
0
0
0
0
0
0
0
0
0
0
0
0
0
0
0
0
0
0
0
0
0
0
0
0
0
0
0
0
0
0
-5.0065
0
0
0
0
0
0
0
0
0
0
0
0
0
0
0
0
0
0
0
0
0
0
0
0
0
0
0
0
0
0
0
0
0
0
0
0
0
0
0
0
0
0
0
0
0
0
0
0
0
0
0
0
0
0
0
0
0
0
5.0065
0
0
0
0
0
0
0
0
0
0
0
0
0
0
0
0
0
0
0
0
0
0
0
0
0
0
0
0
0
0
0
0
0
0
0
0
0
0
0
0
0
0
0
0
0
0
0
0
0
0
0
0
0
0
0
0
0
0
0
0
0
0
0
0
0
0
0
0
0
0
0
0
0
0
0
0
0
0
0
0
0
0
0
0
-2.1279
0
0
0
0
0
0
0
0
0
0
0
0
0
0
0
0
0
0
0
0
0
0
0
0
2.1279
0
0
0
0
0
0
0
0
0
0
0
0
0
0
0
0
0
0
0
0
0
0
0
0
0
0
0
0
0
0
0
0
0
0
0
0
0
0
0
0
0
0
0
0
0
0
0
0
0
0
0
0
0
0
0
0
0
0
0
0
0
0
0
0
0
0
0
0
0
0
0
0
0
0
0
0
0
0
0
0
0
0
0
0
0
0
0
0
0
0
0
0
0
0
0
0
0
0
-1.8417
0
0
0
0
0
0
0
0
0
0
1.8417
0
0
0
0
0
0
0
0
0
0
0
0
0
0
0
0
0
0
0
0
0
0
0
0
0
0
0
0
0
0
0
0
0
0
0
0
0
0
0
0
0
0
0
0
0
0
0
0
0
0
0
0
0
0
0
0
0
0
0
0
0
0
0
0
0
0
0
0
0
0
0
0
0
0
0
0
0
0
0
-2.8784
0
0
0
0
0
0
0
0
0
0
0
0
0
0
0
0
0
0
0
0
0
0
0
0
0
0
0
0
0
2.8784
0
0
0
0
0
0
0
0
0
0
0
0
0
0
0
0
0
0
0
0
0
0
0
0
0
0
0
0
0
0
0
0
0
0
0
0
0
0
0
0
0
0
0
0
0
0
0
-4.6808
0
0
0
0
0
0
0
0
0
0
0
0
0
0
0
0
0
0
0
0
0
0
0
0
0
0
0
0
0
0
0
0
0
0
0
0
0
0
0
0
0
0
0
0
0
0
0
0
0
0
0
0
0
0
0
0
0
0
0
0
0
4.6808
0
0
0
0
0
0
0
0
0
0
0
0
0
0
0
0
0
0
0
0
0
0
0
0
0
0
0
0
0
0
0
0
0
0
0
0
0
0
0
0
0
0
0
0
0
0
0
0
0
0
0
0
0
0
0
0
0
0
0
0
0
0
0
0
0
0
0
0
0
0
0
0
0
0
0
0
0
0
0
0
0
0
0
-1.8022
0
0
0
0
0
0
0
0
0
0
0
0
0
0
0
0
0
0
0
0
0
0
0
0
0
1.8022
0
0
0
0
0
0
0
0
0
0
0
0
0
0
0
0
0
0
0
0
0
0
0
0
0
0
0
0
0
0
0
0
0
0
0
0
0
0
0
0
0
0
0
0
0
0
0
0
0
0
0
0
0
0
0
0
0
0
-4.4439
0
0
0
0
0
0
0
0
0
0
0
0
0
0
0
0
0
0
0
0
0
0
0
0
0
0
0
0
0
0
0
0
0
0
0
0
0
0
0
0
0
0
0
0
0
0
0
0
0
0
4.4439
0
0
0
0
0
0
0
0
0
0
0
0
0
0
0
0
0
0
0
0
0
0
0
0
0
0
0
0
0
0
0
0
0
0
0
0
0
0
0
0
0
0
0
0
0
0
0
0
0
0
0
0
0
0
0
0
0
0
0
0
0
0
0
0
0
0
0
0
0
0
0
0
0
0
0
0
0
0
0
0
0
0
0
0
0
-1.229
0
0
0
0
0
0
0
0
0
0
0
0
0
0
0
0
0
0
0
0
0
0
0
1.229
0
0
0
0
0
0
0
0
0
0
0
0
0
0
0
0
0
0
0
0
0
0
0
0
0
0
0
0
0
0
0
0
0
0
0
0
0
0
0
0
0
0
0
0
0
0
0
0
0
0
0
0
0
0
0
0
0
0
0
0
0
0
0
0
0
0
0
0
0
0
0
0
0
-2.8041
0
0
0
0
0
0
0
0
0
0
0
0
0
0
0
0
0
0
0
0
0
0
0
0
0
0
0
0
0
0
0
0
0
0
0
2.8041
0
0
0
0
0
0
0
0
0
0
0
0
0
0
0
0
0
0
0
0
0
0
0
0
0
0
0
0
0
0
0
0
0
0
0
0
0
0
0
0
0
0
0
0
0
0
0
0
0
0
0
0
0
0
0
0
0
0
0
0
0
0
0
0
0
0
0
0
0
0
0
0
0
0
0
0
0
0
0
0
0
0
0
0
0
0
0
0
0
0
0
0
0
-2.2748
0
0
0
0
0
0
0
0
0
0
0
0
0
0
0
2.2748
0
0
0
0
0
0
0
0
0
0
0
0
0
0
0
0
0
0
0
0
0
0
0
0
0
0
0
0
0
0
0
0
0
0
0
0
0
0
0
0
0
0
0
0
0
0
0
0
0
0
0
0
0
0
0
0
0
0
0
0
0
0
0
0
0
0
0
0
0
0
0
0
0
0
0
0
0
0
0
0
-2.2717
0
0
0
0
0
0
0
0
0
0
0
0
0
0
0
0
0
0
0
0
0
0
0
0
0
0
0
0
2.2717
0
0
0
0
0
0
0
0
0
0
0
0
0
0
0
0
0
0
0
0
0
0
0
0
0
0
0
0
0
0
0
0
0
0
0
0
0
0
0
0
0
0
0
0
0
0
0
0
0
0
0
0
0
0
0
0
0
0
0
0
0
0
0
0
0
-3.4944
0
0
0
0
0
0
0
0
0
0
0
0
0
0
0
0
0
0
0
0
0
0
0
0
0
0
0
0
0
0
0
0
0
0
0
0
0
0
0
0
0
0
0
3.4944
0
0
0
0
0
0
0
0
0
0
0
0
0
0
0
0
0
0
0
0
0
0
0
0
0
0
0
0
0
0
0
0
0
0
0
0
0
0
0
0
0
0
0
0
0
0
0
0
0
0
0
0
0
0
0
0
0
0
0
0
0
0
0
0
0
0
0
0
0
0
-2.8784
0
0
0
0
0
0
0
0
0
0
0
0
0
0
0
0
0
0
0
0
0
0
0
0
0
0
0
0
0
0
0
0
0
0
0
0
0
0
2.8784
0
0
0
0
0
0
0
0
0
0
0
0
0
0
0
0
0
0
0
0
0
0
0
0
0
0
0
0
0
0
0
0
0
0
0
0
0
0
0
0
0
0
0
0
0
0
0
0
0
0
0
0
0
0
-4.1864
0
0
0
0
0
0
0
0
0
0
0
0
0
0
0
0
0
0
0
0
0
0
0
0
0
0
0
0
0
0
0
0
0
0
0
0
0
0
0
0
0
0
0
0
0
0
0
0
0
0
0
0
0
0
4.1864
0
0
0
0
0
0
0
0
0
0
0
0
0
0
0
0
0
0
0
0
0
0
0
0
0
0
0
0
0
0
0
0
0
0
0
0
0
0
0
0
0
0
0
0
0
0
0
0
0
0
0
0
0
0
0
0
0
0
0
0
0
0
0
0
0
0
0
0
0
0
0
0
0
0
0
0
0
0
0
0
0
0
0
0
-0.26832
0
0
0
0
0
0
0
0
0
0
0
0
0
0
0
0
0
0
0
0
0
0
0
0
0.26832
0
0
0
0
0
0
0
0
0
0
0
0
0
0
0
0
0
0
0
0
0
0
0
0
0
0
0
0
0
0
0
0
0
0
0
0
0
0
0
0
0
0
0
0
0
0
0
0
0
0
0
0
0
0
0
0
0
0
0
0
0
0
0
0
0
0
0
0
0
0
0
0
0
0
0
0
0
0
0
0
0
0
0
0
-2.0349
0
0
0
0
0
0
0
0
0
0
0
0
0
0
0
0
0
0
0
0
0
0
0
0
2.0349
0
0
0
0
0
0
0
0
0
0
0
0
0
0
0
0
0
0
0
0
0
0
0
0
0
0
0
0
0
0
-5.0488
0
0
0
0
0
0
0
0
0
0
0
0
0
0
0
0
0
0
0
0
0
0
0
0
0
0
0
0
0
0
0
0
0
0
0
0
0
0
0
0
0
0
0
0
0
0
0
0
0
0
0
0
0
0
0
0
0
0
0
0
0
0
0
0
0
0
0
0
0
0
0
0
0
0
0
0
0
0
5.0488
0
0
0
0
0
0
0
0
0
0
0
0
0
0
0
0
0
0
0
0
0
0
0
0
0
0
0
0
0
0
0
0
0
0
0
0
0
0
0
0
0
0
0
0
0
0
0
0
0
0
0
0
0
0
0
0
0
0
0
0
0
0
0
0
0
0
0
0
0
0
0
0
0
-2.2717
0
0
0
0
0
0
0
0
0
0
0
0
0
0
0
0
0
0
0
0
0
0
0
0
0
0
0
0
0
0
0
0
0
0
0
2.2717
0
0
0
0
0
0
0
0
0
0
0
0
0
0
0
0
0
0
0
0
0
0
0
0
0
0
0
0
0
0
0
0
0
0
0
0
0
0
0
0
0
0
0
0
0
0
0
0
0
0
0
0
0
0
0
0
0
0
0
0
0
0
0
0
0
0
-2.1316
0
0
0
0
0
0
0
0
0
0
0
0
0
0
0
0
0
0
0
0
0
0
0
0
0
0
0
0
0
0
0
0
0
0
0
0
0
0
0
0
0
0
2.1316
0
0
0
0
0
0
0
0
0
0
0
0
0
0
0
0
0
0
0
0
0
0
0
0
0
0
0
0
-5.0487
0
0
0
0
0
0
0
0
0
0
0
0
0
0
0
0
0
0
0
0
0
0
0
0
0
0
0
0
0
0
0
0
0
0
0
0
0
0
0
0
0
0
0
0
0
0
0
0
0
0
0
0
0
0
0
0
0
0
0
0
0
0
0
0
0
0
0
0
0
0
0
0
0
0
0
0
0
0
0
0
5.0487
0
0
0
0
0
0
0
0
0
0
0
0
0
0
0
0
0
0
0
0
0
0
0
0
0
0
0
0
0
0
0
0
0
0
0
0
0
0
-4.326
0
0
0
0
0
0
0
0
0
0
0
0
0
0
0
0
0
0
0
0
0
0
0
0
0
0
0
0
0
0
0
0
0
0
0
0
0
0
0
0
0
0
0
0
0
0
0
0
0
0
0
0
0
0
0
0
0
0
0
0
0
0
0
0
0
0
0
0
0
0
4.326
0
0
0
0
0
0
0
0
0
0
0
0
0
0
0
0
0
0
0
0
0
0
0
0
0
0
0
0
0
0
0
0
0
0
0
0
0
0
0
0
0
0
0
0
0
0
-4.1865
0
0
0
0
0
0
0
0
0
0
0
0
0
0
0
0
0
0
0
0
0
0
0
0
0
0
0
0
0
0
0
0
0
0
0
0
0
0
0
0
0
0
0
0
0
0
0
0
0
0
0
0
0
0
0
0
0
0
0
0
0
0
4.1865
0
0
0
0
0
0
0
0
0
0
0
0
0
0
0
0
0
0
0
0
0
0
0
0
0
0
0
0
0
0
0
0
0
0
0
0
0
0
0
0
0
0
0
-4.2243
0
0
0
0
0
0
0
0
0
0
0
0
0
0
0
0
0
0
0
0
0
0
0
0
0
0
0
0
0
0
0
0
0
0
0
0
0
0
0
0
0
0
0
0
0
0
0
0
0
0
0
0
0
0
0
0
0
0
0
0
0
0
0
0
0
4.2243
0
0
0
0
0
0
0
0
0
0
0
0
0
0
0
0
0
0
0
0
0
0
0
0
0
0
0
0
0
0
0
0
0
0
0
0
0
0
0
0
0
0
0
0
0
0
0
0
0
0
0
0
0
0
0
0
0
0
0
0
0
0
0
0
0
0
0
0
0
0
0
0
0
0
0
0
0
0
-2.184
0
0
0
0
0
0
0
0
0
0
0
0
0
0
0
0
0
0
0
0
0
0
0
0
0
0
0
0
0
0
2.184
0
0
0
0
0
0
0
0
0
0
0
0
0
0
0
0
0
0
0
0
0
0
0
0
0
0
-5.0065
0
0
0
0
0
0
0
0
0
0
0
0
0
0
0
0
0
0
0
0
0
0
0
0
0
0
0
0
0
0
0
0
0
0
0
0
0
0
0
0
0
0
0
0
0
0
0
0
0
0
0
0
0
0
0
0
0
0
0
0
0
0
0
0
0
0
0
0
0
0
0
0
0
0
0
0
0
0
0
0
0
0
5.0065
0
0
0
0
0
0
0
0
0
0
0
0
0
0
0
0
0
0
0
0
0
0
0
0
0
0
0
0
0
0
0
0
0
0
0
0
0
0
0
0
0
0
0
0
0
0
-3.4408
0
0
0
0
0
0
0
0
0
0
0
0
0
0
0
0
0
0
0
0
0
0
0
0
0
0
0
0
0
0
0
0
0
0
0
0
0
0
0
0
0
0
0
0
0
0
0
0
0
0
0
0
0
0
0
0
0
0
0
0
0
0
3.4408
0
0
0
0
0
0
0
0
0
0
0
0
0
0
0
0
0
0
0
0
0
0
0
0
0
0
0
0
0
0
0
0
0
0
0
0
0
0
0
0
0
0
0
0
0
0
0
0
0
0
-3.4944
0
0
0
0
0
0
0
0
0
0
0
0
0
0
0
0
0
0
0
0
0
0
0
0
0
0
0
0
0
0
0
0
0
0
0
0
0
0
0
0
0
0
0
0
0
0
0
0
0
0
0
0
0
0
0
0
0
0
3.4944
0
0
0
0
0
0
0
0
0
0
0
0
0
0
0
0
0
0
0
0
0
0
0
0
0
0
0
0
0
0
0
0
0
0
-4.2999
0
0
0
0
0
0
0
0
0
0
0
0
0
0
0
0
0
0
0
0
0
0
0
0
0
0
0
0
0
0
0
0
0
0
0
0
0
0
0
0
0
0
0
0
0
0
0
0
0
0
0
0
0
0
0
0
0
0
0
0
0
0
0
0
0
0
0
0
0
0
0
0
0
0
4.2999
0
0
0
0
0
0
0
0
0
0
0
0
0
0
0
0
0
0
0
0
0
0
0
0
0
0
0
0
0
0
0
0
0
0
0
0
0
0
0
0
0
0
0
0
-3.4409
0
0
0
0
0
0
0
0
0
0
0
0
0
0
0
0
0
0
0
0
0
0
0
0
0
0
0
0
0
0
0
0
0
0
0
0
0
0
0
0
0
0
0
0
0
0
0
0
0
0
0
0
0
0
0
0
0
0
0
0
0
0
0
0
3.4409
0
0
0
0
0
0
0
0
0
0
0
0
0
0
0
0
0
0
0
0
0
0
0
0
0
0
0
0
0
0
0
0
0
0
0
0
0
0
0
0
0
0
0
0
0
0
0
0
0
0
0
0
0
0
0
0
0
0
0
0
0
0
-2.0818
0
0
0
0
0
0
0
0
0
0
0
0
0
0
0
0
0
0
0
0
0
0
0
0
0
0
0
0
0
0
0
0
0
0
0
0
0
0
0
0
0
0
0
0
0
0
2.0818
0
0
0
0
0
0
0
0
0
0
0
0
0
0
0
0
0
0
0
0
0
0
0
0
0
0
0
0
0
0
0
0
0
0
-4.4439
0
0
0
0
0
0
0
0
0
0
0
0
0
0
0
0
0
0
0
0
0
0
0
0
0
0
0
0
0
0
0
0
0
0
0
0
0
0
0
0
0
0
0
0
0
0
0
0
0
0
0
0
0
0
0
0
0
0
0
0
0
0
0
0
0
0
0
0
0
0
0
0
0
0
4.4439
0
0
0
0
0
0
0
0
0
0
0
0
0
0
0
0
0
0
0
0
0
0
0
0
0
0
0
0
0
0
0
0
0
0
0
0
0
0
0
0
0
0
0
0
0
0
0
0
0
0
0
0
0
0
0
0
0
0
0
0
0
0
-0.59904
0
0
0
0
0
0
0
0
0
0
0
0
0
0
0
0
0
0
0
0
0
0
0
0
0
0
0
0
0
0
0
0
0
0
0
0
0
0
0
0
0
0
0
0
0
0
0.59904
0
0
0
0
0
0
0
0
0
0
0
0
0
0
0
0
0
0
-5.0065
0
0
0
0
0
0
0
0
0
0
0
0
0
0
0
0
0
0
0
0
0
0
0
0
0
0
0
0
0
0
0
0
0
0
0
0
0
0
0
0
0
0
0
0
0
0
0
0
0
0
0
0
0
0
0
0
0
0
0
0
0
0
0
0
0
0
0
0
0
0
0
0
0
0
0
0
0
0
0
0
0
0
0
0
0
0
0
0
0
0
5.0065
0
0
0
0
0
0
0
0
0
0
0
0
0
0
0
0
0
0
0
0
0
0
0
0
0
0
0
0
0
0
0
0
0
0
0
0
0
0
0
0
0
0
0
0
0
0
0
0
0
0
0
0
0
0
0
0
0
0
-2.0818
0
0
0
0
0
0
0
0
0
0
0
0
0
0
0
0
0
0
0
0
0
0
0
0
0
0
0
0
0
0
0
0
0
0
0
0
0
0
0
0
0
0
0
0
0
0
0
0
0
0
2.0818
0
0
0
0
0
0
0
0
0
0
0
0
0
0
0
0
0
0
0
0
0
0
0
0
0
0
0
0
0
0
0
0
0
0
0
0
0
0
0
0
0
0
0
0
0
-2.787
0
0
0
0
0
0
0
0
0
0
0
0
0
0
0
0
0
0
0
0
0
0
0
0
0
0
0
0
0
0
0
0
0
0
0
0
0
0
0
0
0
0
0
0
0
0
0
0
0
0
0
0
0
0
0
0
0
0
0
0
0
0
0
2.787
