1
0.96738
0.95589
0.94991
0.94541
0.94131
0.93742
0.93162
0.92609
0.92101
0.91636
0.91205
0.90804
0.90433
0.90081
0.89748
0.89428
0.89122
0.88829
0.88547
0.8828
0.88022
0.8778
0.87542
0.87326
0.8711
0.86915
0.86719
0.86542
0.86366
0.86204
0.86045
0.85895
0.85747
0.85604
0.85465
0.85331
0.852
0.85072
0.84945
0.84818
0.84691
0.84562
0.84432
0.84299
0.84165
0.84028
0.8389
0.8375
0.8361
0.83469
0.8333
0.83192
0.83057
0.82923
0.82793
0.82665
0.8254
0.82417
0.82296
0.82176
0.82057
0.81939
0.8182
0.81701
0.81581
0.81459
0.81335
0.81208
0.81079
0.80945
0.80806
0.80664
0.80516
0.80365
0.8021
0.80053
0.79895
0.79737
0.7958
0.79426
0.79274
0.79126
0.78982
