1
0.96721
0.95577
0.95027
0.94633
0.94273
0.93935
0.93436
0.92973
0.92566
0.92211
0.91898
0.91621
0.91381
0.91167
0.90976
0.908
0.9064
0.90494
0.90358
0.90236
0.90121
0.90021
0.89922
0.89841
0.89757
0.8969
0.89619
0.89562
0.89503
0.89456
0.89408
0.89367
0.89326
0.89289
0.89256
0.89226
0.892
0.89177
0.89157
0.89138
0.8912
0.89104
0.89088
0.89074
0.8906
0.89047
0.89034
0.89022
0.8901
0.88998
0.88987
0.88976
0.88966
0.88956
0.88947
0.88938
0.8893
0.88922
0.88914
0.88907
0.88899
0.88892
0.88886
0.88879
0.88874
0.88869
0.88865
0.88862
0.88861
0.88862
0.88865
0.88869
0.88876
0.88885
0.88896
0.88909
0.88923
0.88939
0.88954
0.88969
0.88983
0.88995
0.89004
