1
0.96954
0.95837
0.95451
0.95241
0.95012
0.94754
0.94421
0.94078
0.9376
0.93471
0.93205
0.92959
0.92735
0.92529
0.92335
0.9215
0.9197
0.91796
0.91622
0.91456
0.91284
0.91123
0.9095
0.90791
0.90616
0.90455
0.9028
0.90116
0.89944
0.89782
0.89616
0.89456
0.89297
0.89141
0.88991
0.88848
0.88712
0.88584
0.88463
0.88349
0.88243
0.88144
0.88053
0.87971
0.87896
0.87829
0.87769
0.87715
0.87665
0.87619
0.87575
0.87533
0.87491
0.87448
0.87405
0.87361
0.87316
0.8727
0.87222
0.87172
0.8712
0.87066
0.8701
0.86952
0.86892
0.86831
0.86768
0.86703
0.86637
0.86569
0.865
0.86429
0.86357
0.86283
0.86207
0.86129
0.86049
0.85967
0.85882
0.85795
0.85706
0.85614
0.8552
