1
0.96713
0.95611
0.95014
0.94573
0.94187
0.93826
0.93287
0.92787
0.92336
0.91926
0.91543
0.91177
0.90832
0.90504
0.90184
0.89869
0.8956
0.89261
0.88974
0.88703
0.88444
0.88203
0.87967
0.8775
0.8753
0.87325
0.87113
0.86909
0.86699
0.86494
0.86284
0.86076
0.85866
0.85659
0.85456
0.85261
0.85072
0.8489
0.84714
0.84546
0.84383
0.84227
0.84077
0.83932
0.83792
0.83657
0.83526
0.83398
0.83274
0.83152
0.83032
0.82915
0.82799
0.82684
0.82571
0.82458
0.82347
0.82236
0.82125
0.82014
0.81902
0.8179
0.81678
0.81565
0.81451
0.81337
0.81222
0.81107
0.80992
0.80877
0.80762
0.80648
0.80533
0.8042
0.80307
0.80195
0.80084
0.79974
0.79865
0.79756
0.79649
0.79542
0.79436
