1
0.96495
0.95148
0.94428
0.93918
0.93483
0.93094
0.92466
0.91911
0.91419
0.90972
0.90558
0.9018
0.89848
0.89549
0.89278
0.89025
0.88787
0.88559
0.88336
0.88119
0.87897
0.87676
0.87443
0.87222
0.87
0.86806
0.86619
0.86455
0.86298
0.86156
0.86016
0.85882
0.85747
0.85609
0.85469
0.85325
0.85174
0.85016
0.84849
0.84675
0.84493
0.84306
0.84117
0.83927
0.83739
0.83554
0.83371
0.83191
0.83014
0.82839
0.82665
0.82492
0.82319
0.82146
0.81972
0.81799
0.81627
0.81455
0.81285
0.81117
0.80952
0.8079
0.80634
0.80482
0.80337
0.80197
0.80064
0.79937
0.79815
0.79699
0.79588
0.79481
0.79377
0.79276
0.79179
0.79083
0.78989
0.78896
0.78804
0.78713
0.78623
0.78533
0.78443
