1
0.96388
0.9486
0.94249
0.93908
0.93626
0.93371
0.92836
0.92286
0.91771
0.91301
0.90874
0.90487
0.90142
0.89827
0.89537
0.89261
0.88996
0.88737
0.88483
0.88237
0.87994
0.87767
0.87545
0.87352
0.87171
0.87031
0.86916
0.86856
0.86839
0.86879
0.86953
0.87048
0.87136
0.87205
0.87248
0.87269
0.87271
0.87258
0.87235
0.87203
0.87166
0.87125
0.87081
0.87037
0.86992
0.86948
0.86904
0.86861
0.86819
0.86778
0.86737
0.86698
0.8666
0.86622
0.86586
0.8655
0.86515
0.8648
0.86445
0.8641
0.86374
0.86337
0.863
0.86263
0.86224
0.86186
0.86147
0.86107
0.86068
0.86029
0.85989
0.8595
0.8591
0.85871
0.85831
0.85791
0.85751
0.8571
0.85668
0.85626
0.85582
0.85537
0.85491
