1
0.96014
0.94613
0.94127
0.93895
0.93668
0.93435
0.9298
0.92551
0.92157
0.91783
0.9142
0.91073
0.90758
0.90473
0.90209
0.89958
0.89713
0.89472
0.89226
0.88978
0.88715
0.88445
0.88153
0.87867
0.87571
0.87298
0.87024
0.86773
0.86523
0.86288
0.86054
0.85826
0.85597
0.85371
0.85145
0.84922
0.84699
0.84476
0.84253
0.8403
0.83807
0.83588
0.83373
0.83164
0.82964
0.82773
0.82591
0.82417
0.82252
0.82093
0.81939
0.81789
0.8164
0.81493
0.81347
0.81199
0.81049
0.80897
0.80741
0.80582
0.80418
0.80252
0.80083
0.79912
0.7974
0.79568
0.79396
0.79225
0.79055
0.78885
0.78715
0.78547
0.78378
0.78211
0.78045
0.7788
0.77716
0.77554
0.77395
0.77237
0.77084
0.76933
0.76785
