1
0.96574
0.95408
0.95106
0.94948
0.94652
0.94381
0.93959
0.93485
0.93047
0.92631
0.9222
0.91776
0.9128
0.9083
0.90397
0.8998
0.89578
0.89203
0.88851
0.8853
0.88233
0.87966
0.87717
0.87497
0.87283
0.87087
0.86886
0.86694
0.86494
0.86293
0.86082
0.85869
0.85652
0.85437
0.85224
0.85015
0.84808
0.84601
0.84392
0.84183
0.83974
0.83765
0.83558
0.83355
0.83155
0.82962
0.82775
0.82597
0.82428
0.82268
0.82118
0.8198
0.81852
0.81735
0.81628
0.81533
0.81447
0.81369
0.813
0.81238
0.8118
0.81128
0.81079
0.81033
0.80989
0.80948
0.80909
0.80873
0.80839
0.80807
0.80778
0.80751
0.80728
0.80706
0.80686
0.80668
0.80651
0.80635
0.8062
0.80605
0.80591
0.80577
0.80564
