1
0.96281
0.95436
0.95141
0.94951
0.94765
0.94561
0.94215
0.93869
0.93564
0.933
0.93069
0.92864
0.92683
0.92515
0.92354
0.92192
0.92029
0.91863
0.9169
0.91512
0.9132
0.91126
0.90916
0.90717
0.90509
0.9032
0.90125
0.89944
0.89758
0.89581
0.89402
0.89231
0.8907
0.88924
0.88797
0.88692
0.88607
0.88544
0.88499
0.88468
0.88446
0.88428
0.88408
0.88384
0.88354
0.88318
0.88277
0.8823
0.8818
0.88125
0.88068
0.88009
0.87948
0.87886
0.87821
0.87755
0.87686
0.87613
0.87538
0.87459
0.87377
0.8729
0.872
0.87106
0.87008
0.86905
0.86799
0.86689
0.86576
0.86459
0.86341
0.86222
0.86103
0.85984
0.85869
0.85756
0.85647
0.85541
0.8544
0.85344
0.85252
0.85164
0.8508
