1
0.95544
0.93881
0.93018
0.92452
0.92
0.91622
0.9084
0.9017
0.89575
0.89014
0.88475
0.87968
0.87516
0.87106
0.86728
0.86369
0.86022
0.85677
0.8533
0.84974
0.84602
0.84212
0.838
0.83396
0.83002
0.8265
0.82319
0.82027
0.81754
0.81507
0.81273
0.81055
0.80846
0.80649
0.80462
0.80288
0.80127
0.79979
0.79847
0.79729
0.79628
0.7954
0.79465
0.79401
0.79343
0.7929
0.79239
0.79188
0.79136
0.79082
0.79025
0.78965
0.78901
0.78834
0.78764
0.78691
0.78615
0.78537
0.78455
0.78371
0.78283
0.78192
0.78097
0.77998
0.77896
0.77789
0.77678
0.77562
0.77443
0.77319
0.77191
0.77059
0.76924
0.76787
0.76647
0.76507
0.76365
0.76222
0.76079
0.75936
0.75793
0.7565
0.75506
