1
0.966
0.95983
0.95885
0.95831
0.95748
0.95629
0.95469
0.953
0.9516
0.95051
0.94967
0.94904
0.94863
0.94834
0.94811
0.94788
0.94766
0.94739
0.9471
0.94675
0.94632
0.94584
0.94524
0.94471
0.94414
0.94373
0.94329
0.94299
0.94266
0.94242
0.94216
0.94196
0.94181
0.94175
0.94178
0.94189
0.94203
0.9422
0.94239
0.94264
0.94295
0.94334
0.94379
0.94431
0.94487
0.94547
0.94606
0.94661
0.94709
0.94743
0.94758
0.94746
0.94695
0.94594
0.94427
0.94182
0.93865
0.93509
0.93162
0.92854
0.92591
0.92372
0.92192
0.92046
0.91929
0.9184
0.91773
0.91728
0.91702
0.91694
0.91702
0.91724
0.9176
0.91807
0.91865
0.91933
0.92011
0.92096
0.92188
0.92287
0.92392
0.92502
0.92617
