1
0.96028
0.94953
0.94514
0.94217
0.93954
0.93703
0.93231
0.92806
0.92436
0.92105
0.91802
0.91528
0.91293
0.91086
0.90899
0.9072
0.90545
0.90368
0.90183
0.89988
0.89775
0.89546
0.89295
0.89048
0.888
0.88581
0.88369
0.88181
0.87996
0.87823
0.8765
0.87485
0.87326
0.87177
0.87038
0.86911
0.86795
0.8669
0.86595
0.8651
0.86434
0.86367
0.86308
0.86256
0.86208
0.86165
0.86124
0.86083
0.86043
0.86001
0.85957
0.85909
0.85858
0.85802
0.85741
0.85674
0.85601
0.85522
0.85435
0.8534
0.85238
0.85129
0.85015
0.84894
0.8477
0.84643
0.84514
0.84384
0.84254
0.84124
0.83995
0.83868
0.83742
0.83617
0.83495
0.83375
0.83257
0.83142
0.83031
0.82922
0.82817
0.82715
0.82617
