1
0.96262
0.95213
0.9488
0.9456
0.94251
0.9394
0.93394
0.92834
0.92294
0.91769
0.91249
0.90726
0.90206
0.89686
0.89172
0.88668
0.88182
0.87725
0.87295
0.86903
0.86535
0.86203
0.85882
0.85592
0.85301
0.85033
0.84758
0.84497
0.8423
0.83972
0.83712
0.83456
0.83199
0.82946
0.82697
0.82457
0.82221
0.81991
0.81763
0.81538
0.81315
0.81093
0.80873
0.80654
0.80437
0.80221
0.80007
0.79795
0.79585
0.79379
0.79176
0.78976
0.78781
0.7859
0.78404
0.78222
0.78045
0.77871
0.77701
0.77534
0.7737
0.77207
0.77046
0.76885
0.76725
0.76565
0.76403
0.7624
0.76075
0.75908
0.75737
0.75564
0.75387
0.75208
0.75027
0.74845
0.74663
0.74483
0.74306
0.74133
0.73963
0.73799
0.73641
