1
0.9647
0.95577
0.95488
0.95605
0.957
0.95662
0.95652
0.95613
0.95536
0.95417
0.95246
0.95004
0.9479
0.94578
0.94372
0.94164
0.93973
0.93775
0.93609
0.93427
0.93277
0.9312
0.92982
0.92847
0.92721
0.92591
0.92458
0.92318
0.9217
0.92016
0.91855
0.91688
0.91517
0.91345
0.91171
0.90999
0.90828
0.90659
0.90493
0.90328
0.90166
0.90004
0.89843
0.89683
0.89525
0.89369
0.89215
0.89065
0.88918
0.88777
0.88639
0.88507
0.88379
0.88255
0.88134
0.88016
0.87901
0.87787
0.87676
0.87567
0.8746
0.87355
0.87252
0.87151
0.87053
0.86957
0.86864
0.86772
0.86683
0.86596
0.8651
0.86426
0.86343
0.8626
0.86178
0.86096
0.86012
0.85928
0.85842
0.85754
0.85663
0.8557
0.85473
