1
0.9579
0.94356
0.93641
0.93159
0.92749
0.92389
0.91682
0.91041
0.90459
0.89909
0.8938
0.88878
0.88414
0.87981
0.87575
0.87186
0.86812
0.86448
0.86092
0.85741
0.8539
0.85042
0.84688
0.8435
0.84018
0.8372
0.83436
0.83184
0.82947
0.82735
0.82536
0.82355
0.82187
0.82034
0.81896
0.81775
0.81669
0.8158
0.81502
0.81435
0.81372
0.81308
0.81239
0.81159
0.81067
0.80963
0.80846
0.80717
0.8058
0.80435
0.80283
0.80128
0.7997
0.7981
0.79649
0.79489
0.79329
0.7917
0.79011
0.78854
0.78697
0.78541
0.78385
0.78228
0.78072
0.77914
0.77755
0.77594
0.77431
0.77265
0.77096
0.76923
0.76746
0.76566
0.76383
0.76198
0.76012
0.75827
0.75643
0.75462
0.75283
0.75108
0.74937
