1
0.96028
0.94952
0.94513
0.94216
0.93953
0.93702
0.9323
0.92804
0.92435
0.92105
0.91802
0.91528
0.91293
0.91086
0.90899
0.90721
0.90547
0.9037
0.90187
0.89992
0.8978
0.89553
0.89304
0.89061
0.88817
0.88602
0.88397
0.88216
0.88042
0.87882
0.87726
0.87581
0.87447
0.87329
0.87228
0.87147
0.87085
0.87043
0.87017
0.87005
0.87002
0.87003
0.87006
0.87007
0.87005
0.87
0.86992
0.8698
0.86964
0.86944
0.86921
0.86894
0.86864
0.8683
0.86792
0.86751
0.86706
0.86658
0.86605
0.86546
0.86483
0.86413
0.86338
0.86256
0.86166
0.8607
0.85966
0.85855
0.85737
0.85612
0.85482
0.85348
0.8521
0.85071
0.84932
0.84795
0.8466
0.84529
0.84403
0.84281
0.84164
0.84052
0.83945
