1
0.9694
0.96349
0.9602
0.95848
0.95574
0.95299
0.94973
0.94604
0.94244
0.93899
0.93568
0.93249
0.92944
0.92655
0.92382
0.9213
0.91896
0.91696
0.91505
0.91353
0.91202
0.91081
0.90955
0.90852
0.90733
0.90629
0.90506
0.90389
0.90253
0.90116
0.89964
0.89813
0.89658
0.89507
0.8936
0.89224
0.89098
0.88983
0.88877
0.8878
0.88688
0.88602
0.88519
0.88438
0.88358
0.88278
0.88198
0.88116
0.88032
0.87945
0.87857
0.87765
0.87672
0.87576
0.8748
0.87382
0.87284
0.87186
0.87089
0.86993
0.86898
0.86804
0.86711
0.86621
0.86532
0.86446
0.86361
0.86279
0.86198
0.86119
0.86042
0.85967
0.85893
0.85821
0.85749
0.85679
0.85609
0.85541
0.85473
0.85405
0.85339
0.85272
0.85207
