1
0.96029
0.94954
0.94514
0.94217
0.93954
0.93702
0.9323
0.92805
0.92434
0.92104
0.91801
0.91526
0.91291
0.91084
0.90896
0.90717
0.90542
0.90363
0.90178
0.89981
0.89766
0.89535
0.89281
0.89031
0.8878
0.88555
0.88336
0.88138
0.87941
0.87753
0.87561
0.87373
0.87185
0.87001
0.86819
0.86639
0.86458
0.86277
0.86094
0.8591
0.85729
0.85553
0.85384
0.85225
0.85076
0.84938
0.8481
0.8469
0.84577
0.84469
0.84364
0.84262
0.8416
0.84059
0.83957
0.83854
0.83752
0.83651
0.8355
0.83449
0.83349
0.83249
0.83149
0.83049
0.82948
0.82845
0.82742
0.82636
0.82529
0.82419
0.82308
0.82194
0.8208
0.81964
0.81849
0.81734
0.8162
0.81507
0.81396
0.81287
0.81178
0.81071
0.80966
