1
0.96505
0.95628
0.95302
0.95051
0.94799
0.94535
0.94119
0.93707
0.93334
0.93004
0.92709
0.9244
0.92199
0.91973
0.91759
0.9155
0.91345
0.9114
0.90933
0.90722
0.90503
0.9028
0.90045
0.89818
0.89584
0.89364
0.89138
0.8892
0.88692
0.88463
0.88225
0.87985
0.8774
0.87497
0.87253
0.87009
0.86762
0.86511
0.86257
0.86001
0.85746
0.85495
0.8525
0.85012
0.84781
0.84556
0.84337
0.84121
0.83908
0.83696
0.83485
0.83276
0.83067
0.82861
0.82659
0.82462
0.8227
0.82085
0.81905
0.8173
0.81561
0.81396
0.81235
0.81077
0.80923
0.80771
0.80622
0.80474
0.80328
0.80183
0.8004
0.79897
0.79756
0.79616
0.79476
0.79338
0.792
0.79063
0.78927
0.78791
0.78656
0.78523
0.7839
