1
0.95787
0.94353
0.93638
0.93157
0.92747
0.92387
0.9168
0.91039
0.90456
0.89906
0.89377
0.88874
0.8841
0.87977
0.8757
0.8718
0.86805
0.8644
0.86082
0.85728
0.85374
0.85022
0.84662
0.84317
0.83978
0.8367
0.83374
0.83107
0.82852
0.82617
0.8239
0.82174
0.81963
0.81758
0.81557
0.81361
0.81167
0.80976
0.80786
0.80596
0.80407
0.80219
0.80032
0.79846
0.79661
0.79477
0.79294
0.79111
0.78931
0.78751
0.78573
0.78397
0.78222
0.78048
0.77877
0.77707
0.77539
0.77372
0.77206
0.7704
0.76874
0.76707
0.76539
0.76369
0.76196
0.7602
0.7584
0.75655
0.75465
0.75271
0.7507
0.74864
0.74654
0.74439
0.74221
0.74003
0.73784
0.73569
0.73358
0.73152
0.72953
0.7276
0.72575
