1
0.95944
0.94696
0.9408
0.93594
0.93163
0.92761
0.92021
0.91304
0.90644
0.90046
0.89498
0.88992
0.88523
0.88088
0.87688
0.87317
0.86969
0.8664
0.86322
0.86013
0.85703
0.85398
0.85085
0.84784
0.84478
0.84191
0.83899
0.8362
0.83336
0.83056
0.82771
0.82486
0.82202
0.81922
0.81651
0.81391
0.81143
0.8091
0.80692
0.80489
0.80302
0.80129
0.79969
0.79818
0.79676
0.7954
0.79409
0.79281
0.79156
0.79032
0.78909
0.78786
0.78662
0.78538
0.78412
0.78285
0.78154
0.78021
0.77883
0.77741
0.77595
0.77444
0.7729
0.77133
0.76975
0.76815
0.76656
0.76498
0.76341
0.76185
0.76032
0.7588
0.75729
0.75579
0.75429
0.7528
0.7513
0.7498
0.74829
0.74679
0.74528
0.74377
0.74227
