1
0.96483
0.95494
0.9522
0.94986
0.94756
0.94481
0.94006
0.9349
0.92982
0.92477
0.91966
0.91445
0.90916
0.90365
0.89796
0.89212
0.88633
0.88058
0.87517
0.86992
0.8651
0.86046
0.85614
0.85195
0.84801
0.84411
0.84036
0.83661
0.83296
0.82929
0.82567
0.82205
0.81847
0.81492
0.81145
0.80807
0.80478
0.80157
0.79844
0.79538
0.79239
0.78947
0.78662
0.78384
0.78114
0.77851
0.77596
0.77347
0.77106
0.7687
0.76641
0.76418
0.762
0.75988
0.75781
0.7558
0.75383
0.75192
0.75006
0.74824
0.74646
0.74472
0.74303
0.74138
0.73976
0.73819
0.73665
0.73516
0.73371
0.73229
0.73092
0.72958
0.72829
0.72703
0.7258
0.72462
0.72346
0.72235
0.72126
0.7202
0.71916
0.71815
0.71716
