1
0.96575
0.95966
0.95752
0.95503
0.95279
0.95031
0.94721
0.94428
0.94174
0.93952
0.93758
0.93584
0.93437
0.93304
0.93189
0.93085
0.9299
0.92895
0.92794
0.92678
0.92539
0.92383
0.92196
0.92005
0.91789
0.91581
0.91351
0.91126
0.90884
0.90642
0.90387
0.90129
0.89865
0.89602
0.89339
0.89077
0.88813
0.88548
0.88282
0.88015
0.8775
0.87489
0.87234
0.86986
0.86746
0.86513
0.86288
0.86068
0.85853
0.85642
0.85433
0.85227
0.85021
0.84816
0.84611
0.84408
0.84207
0.84009
0.83814
0.83622
0.83434
0.8325
0.83071
0.82895
0.82724
0.82557
0.82393
0.82232
0.82075
0.81921
0.8177
0.81621
0.81474
0.8133
0.81187
0.81045
0.80905
0.80766
0.80628
0.80491
0.80354
0.80219
0.80084
