1
0.97426
0.96809
0.96583
0.96519
0.96412
0.96291
0.96229
0.96157
0.96104
0.96063
0.9603
0.96002
0.95989
0.95975
0.95965
0.95952
0.95942
0.95928
0.95917
0.95903
0.95888
0.95873
0.95851
0.95836
0.9581
0.95789
0.95756
0.95727
0.95693
0.95665
0.95637
0.95613
0.9559
0.95572
0.95559
0.95551
0.95546
0.95542
0.95538
0.95534
0.95529
0.95522
0.95513
0.95501
0.95486
0.95467
0.95443
0.95414
0.9538
0.9534
0.95293
0.9524
0.95181
0.95116
0.95046
0.9497
0.94891
0.94807
0.94721
0.94632
0.94541
0.94448
0.94355
0.94261
0.94167
0.94073
0.93978
0.93884
0.9379
0.93695
0.93602
0.93508
0.93414
0.93321
0.93229
0.93137
0.93045
0.92954
0.92862
0.92771
0.92678
0.92584
0.92486
