1
0.96279
0.95486
0.95315
0.95317
0.95314
0.95255
0.95141
0.95023
0.94894
0.94744
0.94576
0.94394
0.94206
0.94009
0.9381
0.93611
0.93417
0.93225
0.93044
0.92863
0.92692
0.92524
0.92362
0.92209
0.92054
0.91903
0.91744
0.91584
0.91418
0.91254
0.91088
0.90925
0.90763
0.90605
0.90451
0.903
0.90151
0.90004
0.89858
0.89713
0.89569
0.89426
0.89283
0.89143
0.89004
0.88866
0.8873
0.88595
0.88463
0.88333
0.88205
0.8808
0.87958
0.87839
0.87723
0.87609
0.87498
0.87389
0.87283
0.87179
0.87076
0.86976
0.86878
0.86782
0.86689
0.86597
0.86508
0.8642
0.86334
0.86251
0.86169
0.86088
0.86007
0.85928
0.85848
0.85769
0.85688
0.85607
0.85523
0.85438
0.85351
0.85261
0.85168
