1
0.96527
0.95641
0.95182
0.94846
0.94468
0.94146
0.9365
0.93217
0.92918
0.92757
0.927
0.92689
0.92677
0.92667
0.92668
0.92687
0.92729
0.92799
0.92901
0.93045
0.93232
0.9346
0.93698
0.93926
0.94105
0.94246
0.94335
0.94396
0.94409
0.94398
0.94351
0.94287
0.94197
0.94095
0.93993
0.93902
0.93819
0.93737
0.93655
0.93574
0.93495
0.9342
0.93351
0.93288
0.93231
0.9318
0.93133
0.93088
0.93044
0.93
0.92955
0.9291
0.92865
0.9282
0.92777
0.92737
0.92701
0.92668
0.92639
0.92612
0.92586
0.92562
0.92539
0.92515
0.92492
0.92467
0.92443
0.92417
0.9239
0.92361
0.92331
0.923
0.92268
0.92234
0.92198
0.92162
0.92124
0.92084
0.92044
0.92002
0.9196
0.91917
0.91874
