1
0.95766
0.94402
0.93707
0.93255
0.92874
0.92545
0.91886
0.91288
0.90747
0.90234
0.89739
0.89265
0.88825
0.88412
0.88023
0.8765
0.87288
0.8693
0.86572
0.8621
0.85838
0.85459
0.85062
0.84672
0.84278
0.8391
0.83548
0.83214
0.82892
0.82592
0.82304
0.82031
0.81768
0.81515
0.81272
0.81039
0.80813
0.80593
0.8038
0.80171
0.79968
0.7977
0.79577
0.7939
0.79209
0.79032
0.78861
0.78693
0.78528
0.78365
0.78203
0.7804
0.77877
0.77712
0.77545
0.77375
0.77202
0.77025
0.76845
0.7666
0.7647
0.76275
0.76076
0.75871
0.75662
0.75449
0.75231
0.75009
0.74785
0.74559
0.74331
0.74104
0.73876
0.7365
0.73427
0.73207
0.72991
0.72779
0.72573
0.72371
0.72175
0.71985
0.71799
