1
0.962
0.9497
0.94509
0.94101
0.9373
0.9337
0.9272
0.9206
0.91422
0.90805
0.90202
0.89608
0.89029
0.88463
0.87915
0.87388
0.86889
0.86424
0.85992
0.85599
0.85228
0.84888
0.84553
0.84239
0.83913
0.83599
0.83269
0.82946
0.82616
0.82296
0.81977
0.81668
0.81363
0.81067
0.80779
0.80503
0.80235
0.79975
0.79719
0.79467
0.79218
0.78972
0.78727
0.78484
0.78242
0.78
0.77759
0.77517
0.77275
0.77032
0.76789
0.76548
0.7631
0.76078
0.75852
0.75636
0.75429
0.75233
0.75047
0.7487
0.74701
0.7454
0.74387
0.74239
0.74096
0.73959
0.73825
0.73694
0.73567
0.73442
0.7332
0.73199
0.7308
0.72963
0.72846
0.72731
0.72616
0.72502
0.72388
0.72275
0.72161
0.72048
0.71935
