1
0.9621
0.95395
0.95244
0.95234
0.95205
0.95126
0.9496
0.9477
0.94555
0.94309
0.94044
0.9377
0.935
0.93226
0.92957
0.9269
0.92431
0.9217
0.91921
0.91661
0.91411
0.91156
0.90906
0.90659
0.90416
0.90177
0.89939
0.89703
0.89468
0.89238
0.89012
0.8879
0.88573
0.8836
0.88151
0.87945
0.87741
0.87537
0.87332
0.87127
0.86922
0.86716
0.86511
0.86305
0.861
0.85895
0.85692
0.8549
0.8529
0.85093
0.849
0.84711
0.84526
0.84347
0.84174
0.84007
0.83846
0.83692
0.83543
0.83401
0.83264
0.83133
0.83006
0.82884
0.82766
0.82652
0.82542
0.82434
0.8233
0.82228
0.82128
0.8203
0.81933
0.81837
0.81741
0.81645
0.81549
0.81451
0.81352
0.8125
0.81147
0.81041
0.80932
