1
0.96231
0.9525
0.94938
0.9465
0.94372
0.94094
0.93597
0.9308
0.92581
0.92093
0.91606
0.91112
0.90614
0.90113
0.89615
0.89126
0.88651
0.882
0.87768
0.87368
0.86981
0.86621
0.86263
0.85928
0.85582
0.85254
0.84914
0.84587
0.84255
0.83934
0.83614
0.83303
0.82996
0.82699
0.82411
0.82136
0.81871
0.81616
0.81368
0.81127
0.80892
0.80664
0.80441
0.80224
0.80014
0.79809
0.79609
0.79413
0.79222
0.79034
0.78848
0.78665
0.78483
0.78302
0.78121
0.7794
0.77759
0.77577
0.77393
0.77208
0.7702
0.76831
0.7664
0.76446
0.76251
0.76054
0.75857
0.75659
0.75461
0.75264
0.75068
0.74874
0.74683
0.74494
0.74309
0.74127
0.73948
0.73773
0.73602
0.73434
0.73269
0.73108
0.72949
