1
0.96081
0.9442
0.93759
0.93228
0.92856
0.92615
0.9198
0.91454
0.9102
0.90634
0.90285
0.89978
0.89741
0.89519
0.893
0.89069
0.88839
0.88596
0.88353
0.88102
0.87839
0.87572
0.87284
0.87007
0.86719
0.86466
0.86208
0.85984
0.85755
0.85551
0.85343
0.85148
0.84954
0.84768
0.84588
0.84418
0.84257
0.84104
0.83961
0.83827
0.837
0.83578
0.83459
0.83339
0.83216
0.83087
0.82951
0.82808
0.82658
0.82501
0.82339
0.8217
0.81998
0.81822
0.81644
0.81465
0.81287
0.81109
0.80932
0.80758
0.80586
0.80417
0.80252
0.80091
0.79935
0.79786
0.79643
0.79507
0.7938
0.79262
0.79152
0.79052
0.7896
0.78876
0.78798
0.78724
0.78653
0.78581
0.78508
0.78431
0.78351
0.78267
0.78179
