1
0.95651
0.94105
0.93373
0.92904
0.92512
0.92178
0.91471
0.90841
0.90279
0.89758
0.89265
0.88803
0.88386
0.88005
0.87654
0.87324
0.87009
0.86707
0.86413
0.86123
0.85833
0.85544
0.85247
0.84962
0.8468
0.84429
0.8419
0.8398
0.83783
0.83609
0.83447
0.83302
0.83168
0.83047
0.8294
0.82848
0.82772
0.82713
0.82669
0.82642
0.8263
0.82631
0.82643
0.82661
0.82684
0.82708
0.82734
0.82759
0.82784
0.82808
0.82833
0.82857
0.82881
0.82905
0.82929
0.82954
0.82981
0.83011
0.83045
0.83085
0.83131
0.83181
0.83235
0.83292
0.83351
0.83412
0.83473
0.83534
0.83594
0.83653
0.83709
0.83761
0.83809
0.83851
0.83886
0.83912
0.83928
0.8393
0.83916
0.83882
0.83822
0.83731
0.83598
