1
0.96494
0.95987
0.95949
0.95895
0.95801
0.95656
0.95456
0.95232
0.95042
0.94898
0.94791
0.94714
0.94667
0.94635
0.94609
0.94577
0.94536
0.94483
0.94415
0.94332
0.94228
0.94111
0.93974
0.93844
0.93708
0.93589
0.93466
0.93351
0.93223
0.93092
0.9295
0.92809
0.92674
0.92553
0.92448
0.9236
0.92289
0.92233
0.9219
0.92157
0.92132
0.92112
0.92095
0.92079
0.92063
0.92047
0.9203
0.92011
0.91991
0.91968
0.91943
0.91913
0.91879
0.9184
0.91796
0.91748
0.91696
0.91641
0.91583
0.91524
0.91462
0.91399
0.91334
0.91267
0.91198
0.91126
0.91052
0.90976
0.90897
0.90816
0.90733
0.90649
0.90566
0.90484
0.90404
0.90326
0.90252
0.90181
0.90114
0.90051
0.89991
0.89934
0.8988
