1
0.95542
0.93879
0.93017
0.92451
0.91999
0.91621
0.90838
0.90169
0.89573
0.89012
0.88473
0.87966
0.87513
0.87102
0.86723
0.86362
0.86014
0.85667
0.85317
0.84957
0.8458
0.84183
0.83763
0.83349
0.82943
0.82576
0.82228
0.81913
0.81612
0.8133
0.81051
0.80779
0.80502
0.80221
0.79932
0.79633
0.79321
0.78994
0.78653
0.78299
0.77935
0.77566
0.77196
0.7683
0.76471
0.76121
0.75781
0.7545
0.75127
0.74811
0.74502
0.74197
0.73895
0.73596
0.73299
0.73004
0.7271
0.72418
0.72128
0.7184
0.71556
0.71277
0.71005
0.7074
0.70484
0.70238
0.70001
0.69774
0.69557
0.69349
0.69149
0.68958
0.68774
0.68597
0.68427
0.68263
0.68105
0.67953
0.67807
0.67667
0.67532
0.67403
0.67279
