1
0.96143
0.95301
0.95418
0.95583
0.95582
0.95654
0.95645
0.95578
0.95528
0.95519
0.95551
0.95619
0.95708
0.95797
0.95886
0.95972
0.96047
0.96118
0.96151
0.96206
0.96208
0.96239
0.96218
0.96229
0.9618
0.96163
0.96077
0.95986
0.95855
0.95735
0.95616
0.95506
0.95404
0.95314
0.95234
0.95157
0.95077
0.94991
0.94901
0.94807
0.94713
0.94621
0.94534
0.94453
0.94378
0.94309
0.94244
0.94182
0.94121
0.9406
0.93998
0.93935
0.93872
0.93809
0.93747
0.93687
0.9363
0.93577
0.93525
0.93476
0.9343
0.93386
0.93344
0.93304
0.93265
0.93228
0.93191
0.93156
0.93121
0.93086
0.93051
0.93016
0.92982
0.92948
0.92914
0.92879
0.92846
0.92812
0.92779
0.92746
0.92714
0.92683
0.92654
