1
0.96026
0.94951
0.94512
0.94215
0.93952
0.937
0.93228
0.92803
0.92432
0.92102
0.91799
0.91524
0.91289
0.91081
0.90893
0.90713
0.90537
0.90358
0.90172
0.89973
0.89757
0.89524
0.89267
0.89013
0.88757
0.88527
0.88302
0.88097
0.8789
0.87689
0.87482
0.87275
0.87064
0.86851
0.86633
0.8641
0.86177
0.85933
0.85676
0.8541
0.85136
0.84859
0.84583
0.84312
0.84049
0.83794
0.83548
0.83308
0.83075
0.82846
0.8262
0.82395
0.8217
0.81945
0.81719
0.81493
0.81268
0.81046
0.80826
0.80612
0.80404
0.80203
0.8001
0.79826
0.79652
0.79487
0.79331
0.79184
0.79046
0.78916
0.78793
0.78675
0.78564
0.78457
0.78355
0.78256
0.7816
0.78067
0.77976
0.77887
0.77801
0.77716
0.77633
