1
0.96678
0.9585
0.95444
0.95263
0.95049
0.94864
0.94571
0.94267
0.93984
0.93715
0.93456
0.932
0.92954
0.92709
0.9247
0.92236
0.92004
0.91772
0.91538
0.91302
0.9106
0.90818
0.90567
0.90324
0.90071
0.89831
0.89584
0.89352
0.89118
0.88894
0.88668
0.88452
0.88239
0.88034
0.87839
0.87654
0.87477
0.87309
0.87145
0.86987
0.86832
0.8668
0.86529
0.86379
0.86231
0.86081
0.85931
0.8578
0.85627
0.85471
0.85312
0.8515
0.84984
0.84815
0.84643
0.84467
0.84289
0.84108
0.83925
0.83739
0.83552
0.83363
0.83173
0.82982
0.82791
0.826
0.8241
0.82222
0.82035
0.8185
0.81669
0.81491
0.81316
0.81146
0.80979
0.80818
0.8066
0.80507
0.80359
0.80214
0.80073
0.79936
0.79803
