1
0.96526
0.95725
0.95498
0.95429
0.95423
0.95379
0.95237
0.95104
0.94951
0.94764
0.94551
0.94325
0.941
0.93879
0.93675
0.93486
0.93317
0.9316
0.93027
0.92898
0.9279
0.92688
0.92599
0.92519
0.92446
0.92376
0.92302
0.92228
0.9215
0.92074
0.91997
0.91923
0.91851
0.91782
0.91717
0.91656
0.91595
0.91536
0.91478
0.9142
0.91363
0.91306
0.9125
0.91194
0.91139
0.91084
0.91029
0.90974
0.9092
0.90866
0.90812
0.90759
0.90707
0.90655
0.90605
0.90557
0.9051
0.90465
0.90423
0.90381
0.90342
0.90303
0.90266
0.9023
0.90196
0.90162
0.9013
0.90098
0.90068
0.90038
0.90008
0.89979
0.8995
0.89921
0.8989
0.89858
0.89824
0.89787
0.89746
0.89701
0.89651
0.89596
0.89535
