1
0.96124
0.95328
0.95291
0.95243
0.95237
0.9527
0.95264
0.9529
0.95284
0.95215
0.9509
0.9492
0.94727
0.94499
0.94262
0.94019
0.93792
0.93577
0.93393
0.93229
0.93092
0.92978
0.9288
0.92808
0.92739
0.92692
0.92643
0.92607
0.92566
0.9253
0.92484
0.92437
0.92379
0.9231
0.92221
0.92123
0.92023
0.91928
0.91838
0.91754
0.91676
0.91603
0.91536
0.91473
0.91416
0.91363
0.91313
0.91267
0.91224
0.91184
0.91146
0.9111
0.91076
0.91043
0.91013
0.90983
0.90955
0.90929
0.90903
0.90877
0.90853
0.90828
0.90802
0.90777
0.90752
0.90727
0.90702
0.90677
0.90653
0.90628
0.90604
0.9058
0.90557
0.90534
0.90511
0.90489
0.90469
0.90448
0.90429
0.90411
0.90394
0.90379
0.90366
