1
0.96951
0.95968
0.95412
0.95102
0.94695
0.94408
0.93952
0.9346
0.93008
0.92596
0.92222
0.91887
0.91589
0.91306
0.91049
0.90809
0.90596
0.904
0.90245
0.90129
0.9008
0.90105
0.902
0.90338
0.90462
0.9056
0.90615
0.90651
0.90652
0.90641
0.90603
0.90556
0.90486
0.90398
0.90299
0.9021
0.90138
0.90077
0.90023
0.89973
0.89925
0.8988
0.89836
0.89796
0.8976
0.8973
0.89708
0.89694
0.89689
0.89694
0.89709
0.89731
0.8976
0.89792
0.89826
0.89861
0.89895
0.89927
0.89958
0.89989
0.90019
0.90051
0.90084
0.90121
0.9016
0.90203
0.9025
0.90301
0.90356
0.90414
0.90476
0.9054
0.90607
0.90675
0.90744
0.90813
0.90882
0.9095
0.91017
0.91083
0.91148
0.91213
0.91278
