1
0.96216
0.95181
0.94753
0.94435
0.94139
0.93841
0.9332
0.92799
0.92315
0.91874
0.91471
0.91102
0.90771
0.90466
0.90182
0.89912
0.89653
0.89402
0.89154
0.88906
0.88651
0.88392
0.88116
0.87844
0.87558
0.87281
0.8699
0.86706
0.86414
0.86126
0.85836
0.85553
0.85274
0.85003
0.8474
0.84483
0.8423
0.83977
0.83725
0.83472
0.8322
0.82971
0.82725
0.82483
0.82246
0.82011
0.81779
0.81548
0.81317
0.81086
0.80854
0.80622
0.8039
0.80162
0.79939
0.79723
0.79516
0.79319
0.79132
0.78955
0.78789
0.78633
0.78485
0.78346
0.78215
0.7809
0.77971
0.77857
0.77748
0.77643
0.77541
0.77441
0.77344
0.77248
0.77154
0.77061
0.76968
0.76876
0.76784
0.76692
0.766
0.76508
0.76416
