1
0.96109
0.94905
0.94386
0.94074
0.93806
0.93568
0.93112
0.92716
0.92371
0.92054
0.91753
0.91473
0.91228
0.91011
0.90816
0.90637
0.90469
0.90309
0.90155
0.90002
0.89848
0.89693
0.89528
0.89376
0.89227
0.89108
0.89003
0.88928
0.88872
0.88843
0.8883
0.88838
0.8886
0.88899
0.88956
0.89029
0.89117
0.89221
0.8934
0.89476
0.89627
0.89788
0.89956
0.90124
0.90287
0.90442
0.90584
0.90711
0.9082
0.90905
0.90964
0.9099
0.90974
0.90904
0.90765
0.90547
0.90254
0.8992
0.89589
0.89293
0.89038
0.88822
0.88641
0.8849
0.88366
0.88265
0.88184
0.88122
0.88077
0.88048
0.88033
0.8803
0.88039
0.88058
0.88087
0.88123
0.88167
0.88217
0.88272
0.88331
0.88395
0.88461
0.88531
