1
0.9572
0.94274
0.93583
0.93128
0.92738
0.92401
0.91713
0.91074
0.90483
0.89918
0.89376
0.88865
0.88402
0.87974
0.87576
0.87196
0.86828
0.86466
0.86104
0.85737
0.85362
0.84979
0.84583
0.84198
0.83815
0.83464
0.83129
0.82827
0.82542
0.82283
0.8204
0.81816
0.81605
0.8141
0.81231
0.81068
0.80922
0.80791
0.80674
0.80567
0.80467
0.80368
0.80266
0.80157
0.8004
0.79913
0.79778
0.79635
0.79486
0.79332
0.79175
0.79016
0.78857
0.78697
0.78539
0.78382
0.78228
0.78076
0.77928
0.77782
0.77638
0.77498
0.7736
0.77226
0.77093
0.76963
0.76836
0.76711
0.76587
0.76466
0.76346
0.76228
0.7611
0.75994
0.75878
0.75762
0.75647
0.75531
0.75416
0.753
0.75183
0.75066
0.74948
