1
0.95653
0.94466
0.94018
0.93773
0.93627
0.9357
0.93348
0.93247
0.93167
0.93053
0.92904
0.92742
0.92592
0.92437
0.92292
0.9215
0.92022
0.91891
0.91773
0.91643
0.91519
0.91384
0.91246
0.91117
0.90997
0.90905
0.90827
0.90776
0.90734
0.90707
0.90678
0.90653
0.90619
0.90573
0.90505
0.90418
0.90322
0.90222
0.90119
0.90014
0.89907
0.89799
0.89692
0.89586
0.89483
0.89383
0.89287
0.89194
0.89105
0.8902
0.88937
0.88857
0.88779
0.88702
0.88626
0.88549
0.88472
0.88392
0.8831
0.88225
0.88137
0.88047
0.87954
0.8786
0.87766
0.87671
0.87577
0.87484
0.87392
0.87302
0.87212
0.87123
0.87036
0.86951
0.86867
0.86785
0.86706
0.86629
0.86557
0.86488
0.86423
0.86364
0.86309
