1
0.96453
0.95185
0.94374
0.93778
0.93135
0.92612
0.91746
0.90852
0.9001
0.8922
0.88477
0.87783
0.87133
0.86511
0.85924
0.85368
0.84852
0.84371
0.83948
0.83589
0.83321
0.83155
0.83086
0.8308
0.83072
0.83037
0.82956
0.82853
0.82717
0.82572
0.82404
0.82227
0.82026
0.81804
0.81566
0.81334
0.81112
0.80895
0.80681
0.80467
0.80252
0.80039
0.79828
0.79623
0.79427
0.79244
0.79074
0.78922
0.78788
0.78675
0.78581
0.78505
0.78446
0.784
0.78363
0.78334
0.7831
0.7829
0.78273
0.78258
0.78247
0.7824
0.78236
0.78236
0.7824
0.78249
0.78261
0.78277
0.78298
0.78323
0.78352
0.78385
0.78421
0.78459
0.78499
0.78539
0.78579
0.78617
0.78654
0.78689
0.78723
0.78756
0.78788
