1
0.96527
0.95386
0.94875
0.94547
0.94276
0.94015
0.936
0.93246
0.92946
0.92671
0.9241
0.9217
0.91964
0.91781
0.91618
0.91465
0.91321
0.9118
0.91043
0.90902
0.90758
0.90607
0.90443
0.90286
0.90126
0.89986
0.89849
0.89733
0.89628
0.89549
0.89487
0.89445
0.89417
0.89408
0.89416
0.89442
0.89484
0.89541
0.89611
0.89691
0.89776
0.89862
0.89944
0.90019
0.90083
0.90137
0.90179
0.90212
0.90235
0.9025
0.90258
0.9026
0.90257
0.90249
0.90237
0.90222
0.90205
0.90187
0.90167
0.90146
0.90125
0.90104
0.90083
0.90064
0.90046
0.90029
0.90015
0.90002
0.89991
0.89982
0.89975
0.89969
0.89964
0.8996
0.89956
0.89952
0.89948
0.89943
0.89937
0.8993
0.8992
0.89908
0.89892
