1
0.96997
0.96052
0.95677
0.95428
0.95198
0.94955
0.94638
0.94341
0.94078
0.9384
0.93618
0.93408
0.93216
0.93026
0.92842
0.9266
0.92481
0.92303
0.92131
0.91959
0.91789
0.91624
0.91455
0.91295
0.91126
0.90963
0.90788
0.90618
0.90448
0.90292
0.90143
0.90004
0.8987
0.89744
0.89626
0.89513
0.89405
0.893
0.89198
0.89097
0.88998
0.88901
0.88805
0.88712
0.8862
0.8853
0.88441
0.88353
0.88267
0.88181
0.88095
0.8801
0.87926
0.87841
0.87757
0.87673
0.87589
0.87506
0.87423
0.87341
0.87261
0.87181
0.87104
0.87029
0.86956
0.86886
0.86819
0.86754
0.86692
0.86633
0.86576
0.86521
0.86468
0.86417
0.86367
0.86318
0.86269
0.8622
0.86172
0.86122
0.86071
0.86019
0.85963
