1
0.9675
0.95755
0.95281
0.94944
0.94642
0.94339
0.93899
0.93487
0.93117
0.92779
0.92467
0.92178
0.9192
0.91679
0.91456
0.91247
0.91055
0.90874
0.9071
0.90554
0.90411
0.90279
0.9015
0.90035
0.89916
0.89807
0.89687
0.89575
0.89463
0.89365
0.89272
0.89189
0.89111
0.89038
0.8897
0.88908
0.88847
0.88786
0.88726
0.88665
0.88603
0.88541
0.88478
0.88415
0.8835
0.88284
0.88217
0.88149
0.8808
0.88009
0.87937
0.87863
0.87787
0.87709
0.8763
0.87548
0.87465
0.87381
0.87295
0.87208
0.8712
0.87032
0.86945
0.86858
0.86772
0.86689
0.86607
0.86527
0.8645
0.86376
0.86304
0.86235
0.86169
0.86105
0.86044
0.85986
0.8593
0.85877
0.85825
0.85774
0.85724
0.85675
0.85625
