1
0.95914
0.94373
0.93398
0.92766
0.92191
0.91687
0.9074
0.89792
0.88879
0.88003
0.87167
0.86367
0.856
0.84854
0.84131
0.83436
0.82784
0.82171
0.81613
0.81087
0.80609
0.80154
0.79729
0.79322
0.78931
0.78549
0.78177
0.77811
0.77454
0.77102
0.76757
0.76414
0.76074
0.75735
0.75397
0.75061
0.74724
0.74387
0.7405
0.73714
0.7338
0.73048
0.7272
0.72397
0.72079
0.71769
0.71466
0.7117
0.70882
0.70603
0.70331
0.70068
0.69813
0.69567
0.6933
0.69103
0.68885
0.68677
0.68479
0.6829
0.68111
0.67941
0.67779
0.67624
0.67476
0.67335
0.67198
0.67067
0.66941
0.66819
0.66701
0.66586
0.66475
0.66367
0.66262
0.66159
0.66058
0.65958
0.65859
0.65761
0.65663
0.65566
0.65469
