1
0.95976
0.94446
0.93807
0.93484
0.93207
0.92909
0.92374
0.91875
0.91412
0.90966
0.90511
0.90027
0.89616
0.89249
0.88917
0.88599
0.88302
0.88007
0.87731
0.87445
0.8717
0.86885
0.86599
0.8632
0.86047
0.858
0.8556
0.85343
0.85129
0.84926
0.84717
0.84508
0.84291
0.84067
0.83835
0.83597
0.83352
0.83099
0.82839
0.82571
0.82295
0.82014
0.8173
0.81444
0.8116
0.80879
0.80601
0.80328
0.80061
0.79797
0.79538
0.79282
0.79027
0.78774
0.78521
0.78267
0.78014
0.77761
0.7751
0.77261
0.77017
0.76778
0.76545
0.76321
0.76105
0.75899
0.75703
0.75515
0.75337
0.75168
0.75007
0.74853
0.74706
0.74566
0.74431
0.74302
0.74177
0.74057
0.73941
0.7383
0.73722
0.73617
0.73515
