1
0.96171
0.95365
0.95096
0.94871
0.94742
0.94675
0.94582
0.94593
0.94616
0.94602
0.94555
0.94486
0.94416
0.94328
0.94248
0.94175
0.94121
0.94066
0.94024
0.93969
0.93913
0.93848
0.93773
0.93702
0.93618
0.93546
0.93463
0.93391
0.93314
0.93244
0.93167
0.93089
0.93
0.929
0.92779
0.92642
0.92499
0.92358
0.9222
0.92084
0.91951
0.9182
0.91691
0.91563
0.91437
0.9131
0.91184
0.91058
0.90932
0.90806
0.9068
0.90554
0.90429
0.90303
0.90178
0.90054
0.89932
0.89809
0.89688
0.89566
0.89446
0.89325
0.89205
0.89086
0.88967
0.88849
0.88731
0.88615
0.885
0.88386
0.88273
0.88162
0.88052
0.87944
0.87838
0.87733
0.87631
0.8753
0.87431
0.87334
0.87239
0.87146
0.87056
