1
0.96101
0.95102
0.94982
0.95031
0.95083
0.95148
0.95208
0.95309
0.95398
0.95442
0.95445
0.95421
0.95387
0.95332
0.95272
0.95206
0.95143
0.95074
0.9501
0.94937
0.94867
0.94794
0.94717
0.9465
0.94575
0.94514
0.94445
0.94389
0.94328
0.94273
0.9421
0.94148
0.94077
0.93997
0.93901
0.93794
0.93689
0.9359
0.93501
0.93421
0.93351
0.9329
0.93238
0.93194
0.93159
0.93131
0.9311
0.93094
0.93082
0.93072
0.93064
0.93057
0.93049
0.9304
0.93029
0.93017
0.93004
0.92989
0.92972
0.92952
0.92931
0.92908
0.92882
0.92855
0.92827
0.92798
0.92767
0.92736
0.92704
0.92671
0.92639
0.92605
0.92572
0.92539
0.92505
0.92471
0.92438
0.92404
0.9237
0.92337
0.92304
0.92272
0.92241
