1
0.9588
0.94839
0.94487
0.94284
0.94148
0.94081
0.93884
0.93766
0.93657
0.93517
0.93347
0.93159
0.92969
0.92761
0.92554
0.92346
0.9215
0.91955
0.91777
0.91597
0.91434
0.91277
0.91132
0.91004
0.90885
0.90787
0.90697
0.90626
0.90559
0.90504
0.90447
0.90394
0.90335
0.90267
0.90181
0.90082
0.8998
0.8988
0.89783
0.89688
0.89594
0.895
0.89405
0.89309
0.89211
0.8911
0.89006
0.88901
0.88794
0.88686
0.88579
0.88472
0.88366
0.88262
0.8816
0.88061
0.87963
0.87867
0.87773
0.87681
0.87588
0.87496
0.87404
0.87311
0.87218
0.87123
0.87027
0.86929
0.86828
0.86723
0.86616
0.86505
0.86391
0.86274
0.86155
0.86035
0.85916
0.85799
0.85686
0.85577
0.85474
0.85377
0.85288
