1
0.97
0.96428
0.96326
0.96251
0.9616
0.96017
0.95889
0.95755
0.95652
0.95577
0.95526
0.95494
0.95486
0.95486
0.95491
0.95492
0.95492
0.95484
0.95474
0.95454
0.95425
0.95387
0.95337
0.95289
0.95231
0.95182
0.95122
0.95069
0.95014
0.94973
0.94938
0.94917
0.94911
0.94926
0.94964
0.95027
0.95111
0.95214
0.95331
0.95455
0.95579
0.95698
0.95808
0.95908
0.95997
0.96076
0.96146
0.96208
0.96264
0.96314
0.96359
0.96399
0.96436
0.9647
0.96501
0.9653
0.96557
0.96583
0.96607
0.9663
0.96652
0.96672
0.96692
0.96711
0.96729
0.96747
0.96763
0.96778
0.96792
0.96804
0.96814
0.96822
0.96828
0.96832
0.96834
0.96835
0.96836
0.96838
0.9684
0.96842
0.96846
0.96851
0.96855
