1
0.95791
0.94357
0.93643
0.93161
0.9275
0.92389
0.91682
0.91041
0.90458
0.89907
0.89378
0.88875
0.88411
0.87977
0.8757
0.87179
0.86804
0.86438
0.86079
0.85724
0.85368
0.85013
0.8465
0.84301
0.83957
0.83644
0.83341
0.83065
0.82799
0.82551
0.82307
0.82071
0.81835
0.81598
0.81358
0.81115
0.80865
0.80606
0.80337
0.80058
0.79769
0.79473
0.79171
0.78865
0.78557
0.78248
0.77939
0.77631
0.77324
0.77019
0.76715
0.76413
0.76112
0.75813
0.75515
0.75221
0.74929
0.7464
0.74356
0.74076
0.73802
0.73533
0.73271
0.73015
0.72766
0.72523
0.72287
0.72056
0.71829
0.71606
0.71385
0.71167
0.7095
0.70735
0.70521
0.70309
0.70101
0.69898
0.69699
0.69507
0.69321
0.69141
0.68969
