1
0.95865
0.9483
0.94525
0.94375
0.94289
0.94273
0.94154
0.94128
0.94121
0.94092
0.94041
0.9398
0.93923
0.93855
0.93792
0.9373
0.93681
0.93633
0.93604
0.93571
0.93553
0.93539
0.93534
0.93543
0.93559
0.93592
0.93628
0.9368
0.93734
0.93796
0.93853
0.93913
0.93965
0.94006
0.94029
0.94038
0.94043
0.94052
0.94064
0.94079
0.94098
0.9412
0.94143
0.94168
0.94193
0.94219
0.94245
0.9427
0.94295
0.9432
0.94344
0.94367
0.9439
0.94413
0.94435
0.94457
0.9448
0.94502
0.94525
0.94547
0.94569
0.94592
0.94615
0.94638
0.94663
0.94689
0.94716
0.94745
0.94777
0.94812
0.94849
0.9489
0.94934
0.94982
0.95033
0.95089
0.95147
0.9521
0.95274
0.95341
0.95409
0.95479
0.95549
