1
0.95431
0.9341
0.9218
0.9134
0.90636
0.90054
0.88836
0.87652
0.86529
0.85467
0.84466
0.83521
0.82624
0.8177
0.80968
0.80218
0.79526
0.78885
0.78301
0.77749
0.77238
0.76749
0.76281
0.75828
0.75386
0.74953
0.74527
0.7411
0.737
0.73298
0.72898
0.725
0.721
0.71699
0.71299
0.70902
0.7051
0.70126
0.69752
0.6939
0.6904
0.68704
0.68381
0.68072
0.67774
0.67489
0.67216
0.66952
0.66699
0.66456
0.66221
0.65994
0.65775
0.65563
0.65359
0.65161
0.6497
0.64784
0.64603
0.64427
0.64254
0.64084
0.63916
0.63751
0.63587
0.63425
0.63263
0.63102
0.62941
0.6278
0.62618
0.62455
0.6229
0.62124
0.61955
0.61784
0.6161
0.61434
0.61256
0.61075
0.60893
0.6071
0.60527
