1
0.96423
0.9522
0.94753
0.94449
0.94113
0.93756
0.93188
0.92605
0.92044
0.91503
0.90975
0.90453
0.89945
0.89446
0.88957
0.88477
0.88005
0.87543
0.87088
0.86645
0.86206
0.85778
0.85348
0.84927
0.84502
0.84084
0.8366
0.83241
0.8282
0.82403
0.81984
0.81566
0.81147
0.80729
0.80312
0.79899
0.79491
0.79088
0.78691
0.78301
0.7792
0.77549
0.77188
0.7684
0.76504
0.76181
0.75869
0.75569
0.75278
0.74996
0.74721
0.74452
0.74187
0.73926
0.73668
0.73413
0.7316
0.72911
0.72664
0.7242
0.7218
0.71942
0.71708
0.71477
0.71249
0.71023
0.70799
0.70577
0.70356
0.70138
0.69921
0.69706
0.69491
0.69278
0.69065
0.68852
0.6864
0.68426
0.68212
0.67997
0.67781
0.67564
0.67346
