1
0.95898
0.94125
0.93392
0.92995
0.92593
0.92308
0.91578
0.90791
0.90047
0.89359
0.88729
0.8816
0.87646
0.8717
0.86731
0.86317
0.85933
0.85568
0.85242
0.84951
0.84725
0.84568
0.84477
0.84432
0.84382
0.84327
0.84261
0.84223
0.84213
0.84259
0.8434
0.84451
0.84549
0.84617
0.8465
0.84668
0.84678
0.8468
0.84676
0.84667
0.84653
0.84636
0.84619
0.84605
0.84595
0.84593
0.84599
0.84616
0.84645
0.84686
0.84738
0.84801
0.84871
0.84947
0.85025
0.85105
0.85183
0.8526
0.85335
0.85408
0.85479
0.8555
0.8562
0.8569
0.85761
0.85833
0.85907
0.85983
0.8606
0.8614
0.86221
0.86304
0.86388
0.86473
0.86558
0.86642
0.86725
0.86807
0.86888
0.86967
0.87045
0.87122
0.87199
