1
0.95673
0.94025
0.93114
0.92435
0.91856
0.91346
0.9036
0.89421
0.88542
0.87718
0.86939
0.86197
0.85491
0.84823
0.84196
0.8361
0.83058
0.82539
0.82043
0.81575
0.81123
0.80693
0.80271
0.79872
0.79474
0.79097
0.78721
0.78364
0.7801
0.7767
0.77331
0.76997
0.76662
0.76329
0.75998
0.75672
0.75351
0.75037
0.7473
0.74431
0.74139
0.73853
0.73573
0.73298
0.73028
0.72761
0.72498
0.72238
0.71983
0.71732
0.71485
0.71243
0.71006
0.70774
0.70548
0.70326
0.70109
0.69897
0.69688
0.69482
0.69278
0.69076
0.68875
0.68674
0.68473
0.68271
0.68067
0.67861
0.67651
0.67438
0.6722
0.66997
0.66769
0.66537
0.663
0.6606
0.65817
0.65575
0.65333
0.65093
0.64857
0.64625
0.64397
