1
0.96013
0.94612
0.94126
0.93893
0.93667
0.93434
0.92979
0.92549
0.92156
0.91782
0.91418
0.91071
0.90757
0.90471
0.90207
0.89956
0.89711
0.89469
0.89223
0.88974
0.8871
0.88439
0.88146
0.87858
0.87559
0.87284
0.87007
0.86752
0.86497
0.86257
0.86014
0.85777
0.85537
0.85297
0.85054
0.84809
0.84561
0.84308
0.84051
0.83789
0.83525
0.83261
0.82999
0.82743
0.82495
0.82254
0.82021
0.81796
0.81577
0.81361
0.81148
0.80936
0.80724
0.8051
0.80294
0.80077
0.79859
0.79641
0.79423
0.79206
0.78992
0.7878
0.78574
0.78373
0.78178
0.7799
0.77809
0.77635
0.77467
0.77306
0.7715
0.77
0.76854
0.76713
0.76575
0.7644
0.76308
0.76178
0.76051
0.75925
0.758
0.75678
0.75557
