1
0.95745
0.94597
0.94226
0.94033
0.93915
0.93872
0.93673
0.93567
0.93479
0.93368
0.93234
0.93088
0.92946
0.92791
0.9264
0.9249
0.92353
0.92218
0.92102
0.91983
0.9188
0.91782
0.91692
0.91619
0.91553
0.91507
0.91467
0.91446
0.91431
0.91428
0.91425
0.91428
0.91428
0.91423
0.91403
0.91372
0.91342
0.91318
0.91302
0.91295
0.91297
0.91307
0.91325
0.91351
0.91385
0.91425
0.91472
0.91526
0.91585
0.9165
0.9172
0.91795
0.91874
0.91958
0.92045
0.92135
0.92229
0.92328
0.92432
0.92543
0.92659
0.92779
0.92903
0.9303
0.93159
0.93289
0.9342
0.9355
0.93679
0.93806
0.93932
0.94054
0.94173
0.94286
0.94395
0.94496
0.94588
0.94669
0.94737
0.94787
0.94814
0.94812
0.94772
