1
0.95765
0.94379
0.93665
0.93193
0.92806
0.92474
0.91808
0.91219
0.90693
0.90198
0.89717
0.89249
0.8881
0.88398
0.88004
0.87616
0.87237
0.86863
0.86497
0.86137
0.85779
0.85425
0.85064
0.84716
0.8437
0.84048
0.83732
0.83435
0.8314
0.82856
0.82571
0.82291
0.82011
0.81734
0.81461
0.81194
0.80932
0.80676
0.80425
0.80181
0.79943
0.79712
0.7949
0.79275
0.79069
0.78871
0.78681
0.78498
0.7832
0.78147
0.77978
0.77812
0.77649
0.77487
0.77325
0.77165
0.77004
0.76843
0.76681
0.76518
0.76353
0.76186
0.76016
0.75844
0.75668
0.75489
0.75307
0.75122
0.74933
0.74743
0.74551
0.74358
0.74165
0.73973
0.73783
0.73595
0.73411
0.73231
0.73055
0.72883
0.72715
0.72551
0.7239
