1
0.95793
0.94563
0.94325
0.94245
0.94044
0.93962
0.93645
0.93301
0.92986
0.92717
0.92489
0.92303
0.92142
0.91993
0.91858
0.91737
0.91624
0.91526
0.9141
0.91335
0.91229
0.91172
0.91082
0.91035
0.90937
0.90875
0.9075
0.90627
0.90474
0.90342
0.9022
0.90114
0.9002
0.89941
0.89874
0.89815
0.89759
0.89703
0.89648
0.89592
0.89536
0.89479
0.89423
0.89366
0.8931
0.89254
0.89197
0.89139
0.89081
0.89021
0.88959
0.88894
0.88828
0.88758
0.88685
0.88609
0.88529
0.88445
0.88356
0.88263
0.88167
0.88067
0.87964
0.87859
0.87752
0.87644
0.87533
0.87422
0.87311
0.87198
0.87086
0.86975
0.86864
0.86754
0.86645
0.86537
0.86432
0.86328
0.86226
0.86127
0.8603
0.85935
0.85843
