1
0.95314
0.93276
0.92385
0.9184
0.91409
0.91042
0.90115
0.89191
0.88315
0.87499
0.86736
0.86019
0.85347
0.84721
0.84141
0.83599
0.83087
0.82601
0.82131
0.8168
0.81239
0.80818
0.80405
0.80022
0.79653
0.79327
0.79029
0.7879
0.78603
0.78477
0.78391
0.78327
0.78256
0.78165
0.78046
0.77904
0.77744
0.77573
0.77395
0.77216
0.77038
0.76863
0.76692
0.76526
0.76366
0.76211
0.76062
0.75918
0.75778
0.75644
0.75514
0.75388
0.75266
0.75147
0.75031
0.74919
0.7481
0.74702
0.74597
0.74492
0.74389
0.74285
0.74182
0.74078
0.73975
0.73871
0.73767
0.73663
0.73558
0.73452
0.73346
0.73239
0.7313
0.73021
0.7291
0.72798
0.72684
0.72568
0.72451
0.72333
0.72214
0.72094
0.71974
