1
0.96035
0.94505
0.93652
0.93069
0.92496
0.92069
0.91247
0.90467
0.89764
0.89116
0.88518
0.87981
0.87512
0.87091
0.86719
0.86382
0.86086
0.85818
0.85601
0.85425
0.85317
0.85271
0.85279
0.8531
0.85313
0.85283
0.85212
0.85127
0.85018
0.84908
0.84783
0.84656
0.8451
0.84348
0.84174
0.8401
0.8386
0.8372
0.83586
0.83456
0.83329
0.83206
0.83089
0.82979
0.82882
0.82797
0.82727
0.82674
0.82639
0.82621
0.82619
0.82632
0.82656
0.82687
0.82723
0.82759
0.82795
0.82828
0.82857
0.82883
0.82905
0.82924
0.8294
0.82954
0.82966
0.82975
0.82983
0.82989
0.82993
0.82996
0.82998
0.82999
0.82998
0.82997
0.82995
0.82992
0.82988
0.82982
0.82976
0.82969
0.82961
0.82953
0.82946
