1
0.96157
0.94632
0.93991
0.93642
0.9333
0.92984
0.92392
0.91791
0.91207
0.90642
0.90077
0.89487
0.88964
0.88483
0.88037
0.87613
0.87219
0.86836
0.86483
0.86132
0.85802
0.85474
0.8515
0.84834
0.84508
0.8419
0.8386
0.83542
0.8322
0.82911
0.82603
0.82305
0.82011
0.81725
0.81444
0.81172
0.80907
0.8065
0.804
0.80154
0.79912
0.79671
0.79431
0.79191
0.78951
0.78711
0.7847
0.78229
0.77986
0.77743
0.775
0.77257
0.77015
0.76776
0.7654
0.76309
0.76084
0.75865
0.75653
0.75448
0.75249
0.75058
0.74872
0.74693
0.7452
0.74353
0.7419
0.74032
0.73879
0.7373
0.73585
0.73443
0.73304
0.73168
0.73035
0.72904
0.72776
0.72649
0.72525
0.72402
0.72281
0.7216
0.72041
