1
0.95665
0.94031
0.93445
0.93148
0.92904
0.92683
0.92074
0.91439
0.90831
0.90256
0.89713
0.89198
0.88717
0.88261
0.87828
0.87407
0.86996
0.86592
0.86193
0.85801
0.85415
0.85043
0.8468
0.84347
0.8403
0.83757
0.83517
0.83337
0.8321
0.83148
0.83132
0.83145
0.83156
0.83152
0.83124
0.83073
0.83003
0.82917
0.82817
0.82707
0.82589
0.82463
0.82331
0.82195
0.82054
0.8191
0.81763
0.81614
0.81465
0.81316
0.81168
0.81021
0.80877
0.80736
0.80598
0.80462
0.8033
0.802
0.80073
0.79946
0.79821
0.79696
0.79571
0.79447
0.79322
0.79197
0.79071
0.78943
0.78814
0.78683
0.78549
0.78412
0.78274
0.78133
0.77992
0.7785
0.7771
0.77571
0.77437
0.77306
0.77181
0.77061
0.76946
