1
0.95768
0.94149
0.93235
0.92658
0.92153
0.91725
0.9084
0.89963
0.89121
0.88312
0.87538
0.86799
0.86095
0.85409
0.84746
0.84107
0.83505
0.82936
0.82416
0.81917
0.81461
0.81021
0.80608
0.80209
0.79828
0.79456
0.79096
0.78744
0.78403
0.7807
0.77745
0.77425
0.77111
0.76799
0.76492
0.76188
0.75886
0.75586
0.75288
0.74991
0.74694
0.744
0.74106
0.73814
0.73524
0.73237
0.72952
0.72671
0.72394
0.72121
0.71854
0.71593
0.71339
0.71091
0.7085
0.70616
0.70389
0.70168
0.69954
0.69744
0.6954
0.69339
0.69143
0.68949
0.68758
0.6857
0.68382
0.68195
0.68009
0.67821
0.67633
0.67443
0.67251
0.67058
0.66863
0.66669
0.66475
0.66284
0.66096
0.65911
0.65731
0.65556
0.65385
