1
0.95832
0.94648
0.94497
0.94486
0.94341
0.94306
0.94063
0.93783
0.93524
0.933
0.93108
0.92948
0.92803
0.92659
0.9252
0.92387
0.92253
0.92128
0.91978
0.91865
0.91715
0.91613
0.91474
0.9138
0.91233
0.91123
0.90952
0.90785
0.9059
0.90419
0.90262
0.90123
0.89999
0.89892
0.89799
0.89715
0.89635
0.89555
0.89476
0.89394
0.89312
0.89226
0.89138
0.89048
0.88955
0.88859
0.88761
0.88661
0.88559
0.88456
0.88353
0.88249
0.88146
0.88043
0.87941
0.87839
0.87737
0.87634
0.87531
0.87426
0.87319
0.87212
0.87103
0.86992
0.86879
0.86764
0.86647
0.86526
0.86401
0.86272
0.86139
0.86002
0.85861
0.85716
0.85568
0.85419
0.8527
0.85123
0.84979
0.8484
0.84705
0.84576
0.84453
