1
0.95657
0.9401
0.93145
0.92518
0.91986
0.91525
0.90615
0.89761
0.88977
0.88258
0.87591
0.86968
0.86387
0.8585
0.8536
0.84911
0.84498
0.84119
0.83764
0.83435
0.8312
0.82826
0.82535
0.82266
0.81992
0.81737
0.81478
0.81234
0.8099
0.80757
0.80523
0.80291
0.80056
0.79821
0.79587
0.79357
0.79133
0.78915
0.78705
0.78504
0.78312
0.78128
0.77952
0.77784
0.77623
0.77468
0.77318
0.77174
0.77033
0.76897
0.76764
0.76634
0.76506
0.76381
0.76259
0.76138
0.76018
0.759
0.75782
0.75664
0.75546
0.75427
0.75307
0.75186
0.75063
0.74938
0.7481
0.74679
0.74545
0.74408
0.74266
0.74119
0.73968
0.73811
0.73648
0.7348
0.73306
0.73127
0.72942
0.72754
0.72562
0.72369
0.72175
