1
0.96603
0.95613
0.95663
0.95793
0.95778
0.95847
0.95883
0.95873
0.95866
0.95888
0.95939
0.96022
0.96126
0.96218
0.96309
0.96397
0.9648
0.96563
0.96617
0.96699
0.96738
0.96817
0.96851
0.9692
0.96923
0.96952
0.96901
0.96839
0.96742
0.96669
0.96615
0.96582
0.96566
0.9657
0.96589
0.96618
0.96649
0.96681
0.96714
0.96747
0.96781
0.96815
0.96849
0.96885
0.96921
0.96958
0.96995
0.97032
0.97069
0.97105
0.9714
0.97174
0.97206
0.97236
0.97264
0.9729
0.97313
0.97333
0.9735
0.97365
0.97378
0.9739
0.97401
0.97412
0.97423
0.97435
0.97448
0.97462
0.97477
0.97494
0.97512
0.97531
0.97551
0.97573
0.97596
0.97621
0.97646
0.97673
0.977
0.97729
0.97758
0.97786
0.97814
