1
0.96773
0.95828
0.95439
0.95171
0.94926
0.94667
0.94299
0.93949
0.93632
0.93338
0.9306
0.92795
0.92549
0.92312
0.92084
0.91861
0.91647
0.91438
0.91238
0.91043
0.90855
0.90676
0.90499
0.90335
0.90167
0.9001
0.89845
0.8969
0.89537
0.89401
0.89274
0.89159
0.89051
0.88951
0.88857
0.8877
0.88685
0.88601
0.88516
0.8843
0.88341
0.88249
0.88154
0.88055
0.87953
0.87847
0.87738
0.87626
0.87512
0.87398
0.87283
0.87168
0.87055
0.86943
0.86833
0.86725
0.8662
0.86516
0.86414
0.86315
0.86217
0.8612
0.86026
0.85933
0.85842
0.85751
0.85661
0.85571
0.85481
0.85389
0.85296
0.85201
0.85105
0.85006
0.84906
0.84806
0.84707
0.84609
0.84515
0.84424
0.84337
0.84254
0.84173
