1
0.9589
0.94266
0.93577
0.93142
0.92742
0.92354
0.91611
0.90872
0.90172
0.89513
0.88887
0.88288
0.87718
0.87183
0.86686
0.86224
0.8579
0.85382
0.84988
0.84614
0.84242
0.83886
0.83523
0.83174
0.8281
0.82461
0.82098
0.81748
0.81392
0.81046
0.80696
0.80347
0.79996
0.79645
0.79297
0.78957
0.78625
0.78304
0.77997
0.77704
0.77426
0.77164
0.76917
0.76685
0.76468
0.76264
0.76072
0.75891
0.75719
0.75554
0.75396
0.75243
0.75093
0.74946
0.74801
0.74658
0.74516
0.74375
0.74235
0.74095
0.73954
0.73813
0.7367
0.73528
0.73384
0.73239
0.73093
0.72945
0.72796
0.72645
0.72492
0.72337
0.72179
0.72017
0.71853
0.71686
0.71515
0.71341
0.71163
0.70983
0.70801
0.70617
0.70433
