1
0.96008
0.9457
0.93866
0.934
0.93003
0.92655
0.91995
0.91404
0.90872
0.90374
0.89898
0.89448
0.89035
0.88648
0.88283
0.87932
0.87592
0.87258
0.86926
0.86596
0.86259
0.8592
0.85568
0.85226
0.84885
0.84571
0.84265
0.83983
0.83711
0.83456
0.83207
0.82967
0.8273
0.82498
0.8227
0.82046
0.81826
0.81609
0.81396
0.81185
0.80978
0.80775
0.80578
0.80386
0.802
0.8002
0.79846
0.79678
0.79514
0.79354
0.79197
0.79042
0.78889
0.78737
0.78585
0.78434
0.78282
0.78131
0.77978
0.77824
0.77669
0.77512
0.77353
0.77192
0.77028
0.76862
0.76692
0.76519
0.76344
0.76166
0.75985
0.75802
0.75618
0.75434
0.75249
0.75065
0.74882
0.74701
0.74521
0.74342
0.74165
0.73989
0.73814
