1
0.9583
0.94469
0.93669
0.93129
0.92634
0.922
0.91418
0.90689
0.90019
0.89385
0.88773
0.88189
0.87649
0.87144
0.86671
0.86218
0.85784
0.85364
0.84953
0.84552
0.84151
0.83754
0.83351
0.82964
0.8258
0.8223
0.81889
0.81579
0.81279
0.80999
0.80726
0.80463
0.80204
0.79951
0.79703
0.7946
0.79221
0.78985
0.78752
0.78522
0.78294
0.78069
0.77848
0.77631
0.77419
0.77212
0.7701
0.76813
0.76619
0.76429
0.76241
0.76054
0.7587
0.75687
0.75504
0.75322
0.75141
0.7496
0.74778
0.74596
0.74412
0.74226
0.74039
0.73849
0.73657
0.73462
0.73264
0.73064
0.72861
0.72655
0.72448
0.72239
0.72029
0.7182
0.71612
0.71406
0.71201
0.71
0.70801
0.70606
0.70413
0.70223
0.70036
