1
0.96216
0.94695
0.93824
0.93196
0.92566
0.92078
0.91176
0.90264
0.8941
0.88614
0.87874
0.87195
0.86575
0.85996
0.85464
0.84969
0.8452
0.84106
0.83748
0.83443
0.83217
0.83074
0.83006
0.82981
0.82936
0.82855
0.82722
0.82566
0.82378
0.82187
0.8198
0.81776
0.81557
0.81326
0.81089
0.80866
0.80659
0.80464
0.80277
0.80091
0.79908
0.79724
0.7954
0.79359
0.7918
0.79006
0.78839
0.78679
0.78529
0.78389
0.7826
0.78142
0.78035
0.77937
0.77849
0.7777
0.77699
0.77635
0.77577
0.77526
0.77481
0.77443
0.7741
0.77383
0.77362
0.77347
0.77337
0.77331
0.77331
0.77334
0.77341
0.77351
0.77363
0.77377
0.77391
0.77405
0.77417
0.77428
0.77436
0.77443
0.77447
0.7745
0.77452
