1
0.96293
0.94974
0.94136
0.93535
0.92941
0.92459
0.91646
0.90936
0.90377
0.89963
0.89654
0.8938
0.89081
0.88765
0.88449
0.88149
0.87871
0.87619
0.87399
0.87223
0.87101
0.87039
0.87022
0.87035
0.87038
0.87033
0.86999
0.86956
0.86883
0.86802
0.867
0.86591
0.86465
0.86333
0.86207
0.86099
0.86005
0.8592
0.85841
0.85765
0.8569
0.85615
0.8554
0.85463
0.85385
0.85304
0.8522
0.85134
0.85046
0.84957
0.84868
0.8478
0.84692
0.84605
0.8452
0.84437
0.84355
0.84274
0.84193
0.84111
0.84028
0.83943
0.83856
0.83765
0.83671
0.83574
0.83472
0.83365
0.83254
0.83137
0.83015
0.82887
0.82753
0.82615
0.82473
0.82328
0.82181
0.82035
0.81891
0.81749
0.81611
0.81477
0.81348
