1
0.94962
1.5222
1.5142
1.5574
1.5608
1.5788
1.6476
1.6846
1.7236
1.7598
1.7921
1.8198
1.8413
1.8538
1.8643
1.8773
1.8922
1.9085
1.9246
1.9423
1.9594
1.9785
1.9965
2.0173
2.0363
2.0583
2.0789
2.1023
2.1252
2.1492
2.1719
2.1942
2.2155
2.2367
2.2576
2.2783
2.2984
2.318
2.337
2.3554
2.3734
2.3908
2.4079
2.4245
2.4407
2.4565
2.4721
2.4873
2.5022
2.5168
2.5311
2.5452
2.559
2.5725
2.5858
2.599
2.6119
2.6246
2.6372
2.6495
2.6617
2.6737
2.6855
2.6971
2.7085
2.7197
2.7308
2.7417
2.7525
2.7631
2.7736
2.784
2.7943
2.8044
2.8145
2.8246
2.8345
2.8444
2.8542
2.8639
2.8736
2.8833
2.8929
