1
0.95968
0.94686
0.93984
0.9346
0.92979
0.92533
0.91744
0.90982
0.90267
0.89592
0.88952
0.88343
0.8777
0.87228
0.86717
0.86233
0.85777
0.85347
0.84944
0.84565
0.84209
0.83878
0.83562
0.83273
0.82991
0.82735
0.82482
0.82249
0.82021
0.81807
0.81596
0.81392
0.81189
0.8099
0.80793
0.80599
0.80407
0.80216
0.80024
0.7983
0.79635
0.79437
0.79235
0.7903
0.78821
0.78608
0.78392
0.78173
0.77951
0.77728
0.77502
0.77276
0.77049
0.76822
0.76595
0.76368
0.76141
0.75914
0.75686
0.75458
0.75229
0.74999
0.74768
0.74536
0.74303
0.74068
0.73832
0.73594
0.73355
0.73113
0.7287
0.72624
0.72377
0.72129
0.71881
0.71635
0.71391
0.71151
0.70916
0.70687
0.70465
0.70249
0.70039
