1
0.9675
0.95852
0.95464
0.95205
0.94983
0.94753
0.94426
0.94129
0.93869
0.9363
0.93401
0.93172
0.92953
0.92739
0.92526
0.92308
0.92092
0.91877
0.91672
0.91474
0.91287
0.9111
0.90935
0.90772
0.90601
0.90437
0.90257
0.90079
0.89894
0.89718
0.89544
0.89376
0.89211
0.89052
0.88902
0.8876
0.88626
0.88498
0.88376
0.88262
0.88153
0.88052
0.87957
0.8787
0.87789
0.87715
0.87647
0.87587
0.87533
0.87486
0.87446
0.87412
0.87386
0.87367
0.87354
0.87348
0.87348
0.87353
0.87361
0.87373
0.87386
0.874
0.87414
0.87427
0.87439
0.87448
0.87456
0.87462
0.87465
0.87467
0.87467
0.87466
0.87464
0.8746
0.87457
0.87452
0.87448
0.87443
0.87439
0.87434
0.8743
0.87425
0.8742
