1
0.9653
0.95208
0.94501
0.94077
0.93709
0.93379
0.92788
0.92202
0.91645
0.91113
0.9061
0.90136
0.89692
0.89258
0.8884
0.88437
0.88066
0.87718
0.87416
0.87124
0.86871
0.86624
0.86399
0.86177
0.85965
0.85751
0.85535
0.85317
0.85107
0.84906
0.84717
0.84536
0.84362
0.84194
0.84033
0.83877
0.83724
0.83573
0.83425
0.83279
0.83136
0.82998
0.82865
0.82738
0.82617
0.82503
0.82398
0.82301
0.82213
0.82134
0.82065
0.82006
0.81957
0.81919
0.81891
0.81873
0.81865
0.81866
0.81875
0.8189
0.8191
0.81933
0.8196
0.81988
0.82018
0.82048
0.82079
0.82109
0.82139
0.82169
0.82198
0.82225
0.82252
0.82278
0.82301
0.82324
0.82344
0.82363
0.8238
0.82395
0.82408
0.82418
0.82426
