1
0.96189
0.9491
0.94396
0.94144
0.93918
0.93652
0.93209
0.92771
0.92354
0.91948
0.91524
0.91045
0.90607
0.90193
0.89792
0.89391
0.89003
0.88618
0.88262
0.87911
0.8759
0.87281
0.86987
0.86711
0.86436
0.86174
0.85904
0.85642
0.8537
0.85098
0.84813
0.84524
0.84225
0.83922
0.83616
0.83314
0.83015
0.82722
0.82436
0.82157
0.81883
0.81615
0.81352
0.81095
0.80845
0.80602
0.80366
0.80138
0.79918
0.79706
0.79501
0.79303
0.7911
0.78922
0.78736
0.78552
0.78368
0.78186
0.78003
0.77821
0.77639
0.77457
0.77277
0.77097
0.76919
0.76742
0.76567
0.76394
0.76223
0.76054
0.75887
0.75723
0.75561
0.75402
0.75245
0.75092
0.74942
0.74794
0.7465
0.74509
0.74371
0.74237
0.74104
