1
0.96712
0.95591
0.95081
0.94727
0.9442
0.94112
0.93642
0.93192
0.92777
0.92391
0.92029
0.91692
0.91387
0.91102
0.90839
0.90592
0.90362
0.90144
0.89941
0.89745
0.89554
0.8937
0.89179
0.88994
0.88793
0.88593
0.88376
0.88161
0.87946
0.8775
0.87567
0.87401
0.87246
0.87105
0.86975
0.86857
0.86744
0.86636
0.86531
0.86427
0.86325
0.86222
0.8612
0.86017
0.85914
0.8581
0.85706
0.85601
0.85497
0.85393
0.85292
0.85195
0.85105
0.85023
0.84953
0.84895
0.8485
0.84818
0.84798
0.84789
0.84789
0.84797
0.8481
0.84828
0.84849
0.84872
0.84896
0.84921
0.84946
0.8497
0.84994
0.85016
0.85038
0.85058
0.85076
0.85092
0.85107
0.85119
0.8513
0.85138
0.85145
0.85148
0.8515
