1
0.96605
0.95616
0.95665
0.95795
0.9578
0.95848
0.95884
0.95874
0.95867
0.95889
0.9594
0.96024
0.96127
0.9622
0.96311
0.96399
0.96483
0.96566
0.9662
0.96703
0.96743
0.96823
0.96858
0.96928
0.96933
0.96964
0.96915
0.96855
0.96761
0.96692
0.96641
0.96612
0.96602
0.96611
0.96637
0.96673
0.96713
0.96755
0.968
0.96846
0.96895
0.96946
0.97001
0.97059
0.97121
0.97187
0.97257
0.97332
0.97412
0.97495
0.97584
0.97677
0.97774
0.97877
0.97983
0.98094
0.98208
0.98323
0.9844
0.98557
0.98673
0.98788
0.98902
0.99014
0.99124
0.99231
0.99335
0.99437
0.99536
0.99633
0.99727
0.99819
0.99909
0.99997
1.0008
1.0017
1.0025
1.0034
1.0042
1.005
1.0059
1.0067
1.0075
