1
0.97025
0.9608
0.95638
0.95334
0.9513
0.94926
0.946
0.94306
0.94041
0.9379
0.93551
0.93326
0.93126
0.92948
0.92795
0.92661
0.92545
0.92443
0.92356
0.92278
0.92211
0.92153
0.92097
0.92056
0.92009
0.91972
0.91926
0.91887
0.9185
0.91828
0.91816
0.91814
0.91818
0.91831
0.91852
0.9188
0.91913
0.91948
0.91987
0.92028
0.9207
0.92115
0.92162
0.92211
0.92263
0.92318
0.92377
0.9244
0.92506
0.92578
0.92654
0.92736
0.92823
0.92915
0.93013
0.93117
0.93226
0.93338
0.93455
0.93573
0.93692
0.93812
0.93931
0.94049
0.94165
0.94278
0.94389
0.94498
0.94603
0.94707
0.94807
0.94905
0.95001
0.95094
0.95185
0.95273
0.95358
0.9544
0.95519
0.95594
0.95666
0.95733
0.95796
