1
0.96232
0.95051
0.9446
0.94053
0.93683
0.93342
0.9274
0.92157
0.91615
0.91103
0.90611
0.90134
0.89675
0.89229
0.88798
0.88381
0.87974
0.87575
0.87181
0.86792
0.86403
0.8602
0.85632
0.85255
0.8487
0.84501
0.84127
0.83771
0.83418
0.83083
0.82755
0.8244
0.82134
0.81837
0.8155
0.81273
0.81004
0.80741
0.80484
0.80231
0.79982
0.79736
0.79493
0.79253
0.79015
0.7878
0.78546
0.78315
0.78084
0.77855
0.77627
0.77398
0.77168
0.76938
0.76706
0.76471
0.76235
0.75996
0.75753
0.75507
0.75258
0.75006
0.7475
0.74492
0.74232
0.73971
0.73708
0.73445
0.73182
0.72921
0.72661
0.72403
0.72149
0.71898
0.71651
0.71407
0.71168
0.70933
0.70702
0.70476
0.70254
0.70037
0.69823
