1
0.96278
0.94963
0.94171
0.9362
0.93073
0.92639
0.91902
0.91279
0.90817
0.90513
0.90323
0.90177
0.90013
0.89837
0.89665
0.89511
0.89379
0.89275
0.89201
0.89171
0.89193
0.89274
0.89398
0.8955
0.89688
0.89816
0.89911
0.89993
0.90042
0.90079
0.90091
0.90095
0.90079
0.90056
0.90038
0.90037
0.9005
0.90073
0.90103
0.90137
0.90175
0.90215
0.90257
0.903
0.90343
0.90387
0.9043
0.90471
0.90511
0.90551
0.90588
0.90624
0.90658
0.9069
0.90721
0.90751
0.90778
0.90803
0.90825
0.90843
0.90857
0.90867
0.90872
0.90872
0.90868
0.90858
0.90844
0.90825
0.90801
0.90772
0.90738
0.90699
0.90655
0.90606
0.90552
0.90493
0.90429
0.9036
0.90288
0.90212
0.90133
0.90052
0.89971
