1
0.95994
0.94839
0.9427
0.93919
0.93614
0.93334
0.92799
0.92281
0.91802
0.91352
0.90919
0.90498
0.90091
0.89693
0.89306
0.88927
0.88553
0.88182
0.8781
0.8744
0.87064
0.86693
0.86311
0.85941
0.85558
0.85192
0.84819
0.84466
0.84117
0.83789
0.83469
0.83166
0.82872
0.82589
0.82317
0.82056
0.81802
0.81556
0.81315
0.81078
0.80843
0.8061
0.80379
0.8015
0.79923
0.79698
0.79475
0.79254
0.79037
0.78822
0.78611
0.78401
0.78194
0.77986
0.77776
0.77565
0.77349
0.77128
0.769
0.76666
0.76425
0.76178
0.75924
0.75665
0.75402
0.75135
0.74865
0.74594
0.74323
0.74052
0.73784
0.73519
0.73258
0.73002
0.7275
0.72505
0.72264
0.7203
0.71802
0.7158
0.71364
0.71153
0.70949
