1
0.96136
0.94782
0.94291
0.94056
0.93818
0.93538
0.93059
0.92546
0.92037
0.91536
0.91032
0.90502
0.90039
0.89614
0.89221
0.88843
0.88489
0.88138
0.87808
0.87469
0.87146
0.86818
0.86492
0.86174
0.85853
0.85544
0.85232
0.84935
0.84637
0.84351
0.84062
0.83778
0.83492
0.83208
0.82925
0.82646
0.8237
0.82099
0.81832
0.81568
0.81305
0.81043
0.80782
0.80523
0.80266
0.80011
0.79761
0.79516
0.79277
0.79045
0.7882
0.78603
0.78392
0.78187
0.77986
0.7779
0.77597
0.77408
0.77222
0.77038
0.76858
0.7668
0.76507
0.76337
0.7617
0.76008
0.75849
0.75693
0.75542
0.75394
0.75249
0.75107
0.74969
0.74833
0.747
0.74569
0.74441
0.74316
0.74192
0.74071
0.73952
0.73834
0.73718
