1
0.96951
0.96246
0.9608
0.96022
0.95947
0.95838
0.95715
0.95578
0.95465
0.95382
0.95321
0.95277
0.95253
0.95236
0.95222
0.95204
0.95182
0.95152
0.95112
0.95061
0.94995
0.94918
0.94822
0.94725
0.94615
0.94512
0.94399
0.94294
0.94181
0.94074
0.93968
0.93872
0.93788
0.93723
0.93679
0.9366
0.93663
0.93684
0.93718
0.93757
0.93794
0.93824
0.93844
0.93852
0.93849
0.93838
0.9382
0.93797
0.93771
0.93743
0.93714
0.93685
0.93656
0.93628
0.936
0.93573
0.93547
0.9352
0.93493
0.93465
0.93435
0.93403
0.93369
0.93333
0.93293
0.9325
0.93203
0.93152
0.93097
0.93036
0.92971
0.92901
0.92827
0.92748
0.92666
0.92581
0.92494
0.92406
0.92318
0.92231
0.92145
0.92061
0.9198
