1
1.126
1.7019
1.8811
2.1018
2.2346
2.3152
2.4728
2.589
2.6897
2.7818
2.866
2.9436
3.0147
3.081
3.1431
3.2018
3.2565
3.3098
3.3584
3.407
3.4513
3.4958
3.5369
3.5787
3.6171
3.6569
3.6942
3.733
3.7709
3.8098
3.8479
3.8859
3.9229
3.9595
3.9954
4.0307
4.0651
4.0988
4.1318
4.1642
4.1958
4.2268
4.2571
4.2868
4.3159
4.3445
4.3725
4.4
4.427
4.4535
4.4796
4.5054
4.5307
4.5556
4.5802
4.6045
4.6284
4.6521
4.6754
4.6985
4.7212
4.7437
4.7659
4.7878
4.8094
4.8308
4.8519
4.8728
4.8935
4.9139
4.9341
4.954
4.9738
4.9933
5.0127
5.0319
5.0508
5.0696
5.0882
5.1067
5.1249
5.1431
5.161
