1
0.96479
0.952
0.94621
0.94304
0.94045
0.93816
0.93401
0.93039
0.92726
0.92437
0.92163
0.91906
0.9168
0.91475
0.91289
0.91111
0.9094
0.9077
0.90598
0.9042
0.90232
0.90034
0.89819
0.89607
0.89389
0.89193
0.88999
0.88827
0.88661
0.88515
0.88379
0.8826
0.88153
0.88063
0.87989
0.87934
0.87895
0.87872
0.87861
0.87859
0.87861
0.87862
0.87857
0.87843
0.87819
0.87785
0.87742
0.87691
0.87634
0.87573
0.87509
0.87443
0.87375
0.87305
0.87235
0.87165
0.87095
0.87024
0.86953
0.86882
0.86809
0.86735
0.86661
0.86585
0.86509
0.86431
0.86352
0.86273
0.86192
0.8611
0.86027
0.85943
0.85857
0.8577
0.85681
0.85591
0.855
0.85407
0.85313
0.85218
0.85122
0.85025
0.84927
