1
0.96592
0.95401
0.94927
0.94684
0.9447
0.94269
0.93904
0.93557
0.93249
0.92972
0.92717
0.9248
0.92265
0.92062
0.9187
0.91684
0.91505
0.9133
0.91158
0.90989
0.90818
0.90652
0.90479
0.90316
0.90143
0.8998
0.89808
0.89646
0.8948
0.89326
0.89175
0.89034
0.889
0.88775
0.88659
0.88553
0.88456
0.88364
0.88278
0.88196
0.88117
0.88042
0.87972
0.87906
0.87845
0.87791
0.87745
0.87707
0.87678
0.87657
0.87645
0.87642
0.87646
0.87657
0.87674
0.87697
0.87726
0.87761
0.87803
0.87852
0.87907
0.87966
0.8803
0.88096
0.88163
0.88231
0.88299
0.88366
0.8843
0.88492
0.88551
0.88606
0.88655
0.88699
0.88736
0.88765
0.88784
0.88792
0.88784
0.88759
0.8871
0.8863
0.88512
