1
0.97449
0.96658
0.96403
0.963
0.96205
0.96078
0.95995
0.95917
0.95862
0.95824
0.95796
0.95775
0.95768
0.95763
0.9576
0.95753
0.95748
0.95737
0.95727
0.95711
0.95691
0.95668
0.95633
0.956
0.9555
0.95501
0.95431
0.95361
0.95286
0.95222
0.95164
0.95116
0.95073
0.95039
0.95014
0.94995
0.94978
0.94962
0.94945
0.94925
0.94902
0.94875
0.94845
0.94812
0.94777
0.9474
0.94703
0.94666
0.94631
0.94596
0.94562
0.9453
0.94499
0.94468
0.94439
0.9441
0.94381
0.94353
0.94324
0.94295
0.94266
0.94236
0.94206
0.94176
0.94147
0.94117
0.94087
0.94057
0.94028
0.93998
0.93969
0.93939
0.93909
0.93878
0.93847
0.93815
0.93782
0.93748
0.93712
0.93675
0.93636
0.93594
0.93548
