1
0.96974
0.95807
0.95221
0.94868
0.94474
0.94182
0.93703
0.93203
0.92749
0.92338
0.91967
0.91637
0.91344
0.91069
0.90817
0.90581
0.9037
0.90175
0.90019
0.89898
0.89841
0.89853
0.89932
0.90048
0.90145
0.90209
0.90223
0.90213
0.90168
0.90116
0.90044
0.89969
0.89877
0.8977
0.89653
0.89548
0.89458
0.89377
0.89301
0.89226
0.89151
0.89074
0.88998
0.88924
0.88854
0.88793
0.88742
0.88704
0.8868
0.88672
0.88679
0.88701
0.88733
0.88775
0.88822
0.88873
0.88926
0.88978
0.8903
0.89081
0.8913
0.89179
0.89227
0.89275
0.89323
0.89372
0.8942
0.89469
0.89518
0.89566
0.89615
0.89663
0.8971
0.89756
0.89801
0.89843
0.89882
0.8992
0.89955
0.89989
0.90021
0.90053
0.90085
