1
0.96924
0.96067
0.95624
0.95309
0.95
0.94668
0.94247
0.93835
0.93457
0.93106
0.92774
0.92455
0.92154
0.9186
0.91576
0.91299
0.91033
0.9078
0.9054
0.90315
0.90102
0.89905
0.89711
0.89535
0.89354
0.89182
0.89
0.88823
0.88647
0.88483
0.88324
0.88172
0.88023
0.87876
0.87732
0.8759
0.87446
0.87301
0.87153
0.87003
0.86851
0.86699
0.86546
0.86394
0.86243
0.86094
0.85947
0.85801
0.85658
0.85516
0.85376
0.85237
0.85099
0.84962
0.84826
0.84691
0.84558
0.84426
0.84295
0.84166
0.84039
0.83914
0.8379
0.83668
0.83548
0.83428
0.83309
0.83191
0.83073
0.82956
0.82839
0.82724
0.82609
0.82495
0.82382
0.8227
0.82159
0.82048
0.81936
0.81824
0.81711
0.81596
0.81478
