1
0.96773
0.95829
0.9544
0.95172
0.94926
0.94667
0.943
0.93949
0.93632
0.93338
0.9306
0.92795
0.92549
0.92312
0.92084
0.91861
0.91647
0.91437
0.91237
0.91042
0.90854
0.90674
0.90496
0.90332
0.90163
0.90006
0.8984
0.89683
0.89529
0.89391
0.89263
0.89146
0.89035
0.88932
0.88836
0.88745
0.88656
0.88567
0.88476
0.88384
0.88288
0.88188
0.88083
0.87974
0.8786
0.8774
0.87616
0.87486
0.87353
0.87216
0.87077
0.86935
0.86792
0.86646
0.865
0.86352
0.86203
0.86053
0.85902
0.85749
0.85594
0.85438
0.8528
0.85119
0.84957
0.84791
0.84622
0.84449
0.84272
0.8409
0.83903
0.83711
0.83515
0.83315
0.83112
0.82906
0.82701
0.82496
0.82293
0.82093
0.81896
0.81702
0.81508
