1
1.4432
1.3223
1.3787
1.4924
1.5446
1.5948
1.6728
1.7498
1.8196
1.8841
1.9447
2.0023
2.0352
2.0682
2.0971
2.1319
2.1578
2.1957
2.2122
2.2511
2.2688
2.3049
2.3262
2.3594
2.3778
2.4043
2.4185
2.4354
2.4494
2.4685
2.4888
2.5109
2.5338
2.5582
2.5838
2.6098
2.6352
2.6599
2.6839
2.7073
2.73
2.7521
2.7734
2.7941
2.8142
2.8336
2.8525
2.8708
2.8885
2.9058
2.9225
2.9388
2.9547
2.9702
2.9854
3.0002
3.0148
3.0291
3.0431
3.0568
3.0703
3.0835
3.0964
3.109
3.1214
3.1335
3.1454
3.1571
3.1687
3.18
3.1912
3.2022
3.2131
3.2238
3.2345
3.245
3.2554
3.2657
3.2759
3.2861
3.2962
3.3064
3.3165
