1
0.96768
0.95829
0.95439
0.95207
0.95003
0.94783
0.94478
0.94194
0.93945
0.93724
0.93521
0.93332
0.93162
0.92997
0.9284
0.92685
0.92534
0.92385
0.9224
0.92097
0.91955
0.91819
0.91678
0.91549
0.91408
0.91277
0.9113
0.9099
0.90848
0.90723
0.90603
0.90493
0.90388
0.90291
0.902
0.90114
0.90032
0.89951
0.89872
0.89793
0.89713
0.89633
0.89552
0.89471
0.89389
0.89306
0.89222
0.89138
0.89052
0.88965
0.88877
0.88787
0.88696
0.88602
0.88506
0.88407
0.88304
0.88199
0.8809
0.87978
0.87864
0.87746
0.87627
0.87507
0.87384
0.87261
0.87137
0.87012
0.86887
0.86761
0.86635
0.8651
0.86384
0.86258
0.86134
0.86009
0.85886
0.85763
0.8564
0.85518
0.85396
0.85272
0.85145
