1
0.96713
0.95592
0.95081
0.94727
0.9442
0.94112
0.93642
0.93192
0.92777
0.92391
0.92029
0.91691
0.91386
0.91101
0.90838
0.9059
0.9036
0.90141
0.89937
0.8974
0.89549
0.89362
0.8917
0.88983
0.8878
0.88578
0.88357
0.88138
0.87919
0.87718
0.87529
0.87356
0.87194
0.87044
0.86905
0.86775
0.8665
0.86526
0.86404
0.86281
0.86156
0.86028
0.85896
0.8576
0.85619
0.85472
0.85319
0.85159
0.84992
0.84819
0.84639
0.84456
0.84269
0.84082
0.83897
0.83715
0.83537
0.83364
0.83196
0.83034
0.82875
0.82721
0.82571
0.82424
0.82279
0.82137
0.81996
0.81856
0.81717
0.81578
0.81441
0.81303
0.81166
0.81028
0.80891
0.80754
0.80617
0.8048
0.80342
0.80203
0.80062
0.79919
0.79772
