1
0.96441
0.95099
0.94399
0.93876
0.93436
0.93024
0.92336
0.9169
0.91098
0.90554
0.90047
0.89571
0.89128
0.88713
0.88334
0.87985
0.87664
0.87368
0.87092
0.86833
0.86585
0.86351
0.86117
0.85898
0.85669
0.8545
0.85219
0.84995
0.84771
0.84561
0.84356
0.84157
0.83959
0.83765
0.83574
0.83388
0.83205
0.83028
0.82856
0.8269
0.82531
0.82378
0.82231
0.8209
0.81953
0.8182
0.8169
0.81563
0.81437
0.81313
0.8119
0.81066
0.80942
0.80818
0.80693
0.80567
0.8044
0.80311
0.80182
0.8005
0.79916
0.7978
0.79642
0.79502
0.79359
0.79214
0.79066
0.78916
0.78762
0.78606
0.78447
0.78284
0.78118
0.77949
0.77777
0.77601
0.77422
0.77241
0.77056
0.76868
0.76678
0.76484
0.76285
