1
0.96681
0.95587
0.95065
0.94699
0.94375
0.94059
0.93579
0.93134
0.92742
0.92393
0.92082
0.91812
0.91593
0.91414
0.91281
0.91188
0.91145
0.91136
0.91169
0.91214
0.91263
0.91303
0.91297
0.91242
0.91049
0.90713
0.90219
0.89723
0.89306
0.88976
0.88708
0.88492
0.88314
0.88172
0.88061
0.87978
0.87915
0.8787
0.87841
0.87824
0.8782
0.87828
0.87851
0.87889
0.87944
0.88016
0.88107
0.88215
0.88341
0.88484
0.88643
0.88816
0.89
0.89195
0.89398
0.89608
0.89822
0.90038
0.90256
0.90473
0.90688
0.90901
0.91112
0.9132
0.91524
0.91724
0.91921
0.92114
0.92303
0.92489
0.92672
0.92851
0.93027
0.932
0.93371
0.93539
0.93705
0.93869
0.9403
0.94188
0.94343
0.94494
0.94638
