1
0.9708
0.95995
0.95623
0.95524
0.95288
0.95072
0.94829
0.94562
0.94346
0.94158
0.93988
0.93798
0.9357
0.93399
0.93251
0.93114
0.92982
0.92852
0.92725
0.92593
0.92467
0.92342
0.92223
0.92116
0.9201
0.91912
0.91809
0.9171
0.91611
0.91522
0.91436
0.91355
0.91278
0.91207
0.9114
0.91073
0.91004
0.9093
0.9085
0.90764
0.90671
0.90572
0.90468
0.9036
0.90249
0.90137
0.90024
0.89912
0.89803
0.89698
0.89596
0.89501
0.8941
0.89325
0.89246
0.89172
0.89103
0.89038
0.88976
0.88917
0.8886
0.88803
0.88748
0.88693
0.88637
0.88582
0.88527
0.88472
0.88417
0.88364
0.88313
0.88262
0.88214
0.88166
0.8812
0.88075
0.88031
0.87987
0.87943
0.87898
0.87852
0.87804
0.87753
