1
0.97001
0.96429
0.96327
0.96251
0.9616
0.96017
0.95889
0.95755
0.9565
0.95576
0.95525
0.95492
0.95483
0.95483
0.95487
0.95488
0.95486
0.95477
0.95465
0.95443
0.95411
0.9537
0.95314
0.95261
0.95196
0.95137
0.95065
0.94996
0.94921
0.94854
0.94788
0.94728
0.94675
0.94632
0.94602
0.94583
0.94573
0.94571
0.94577
0.94589
0.94606
0.94628
0.94652
0.94677
0.94701
0.94723
0.9474
0.94753
0.94761
0.94762
0.94757
0.94744
0.94723
0.94694
0.94656
0.94609
0.94554
0.94489
0.94415
0.94332
0.94241
0.94142
0.94036
0.93925
0.9381
0.93692
0.93573
0.93454
0.93335
0.93217
0.93101
0.92988
0.92876
0.92767
0.9266
0.92554
0.92451
0.92349
0.92248
0.92147
0.92046
0.91944
0.91838
