1
0.96528
0.95387
0.94876
0.94548
0.94276
0.94015
0.93599
0.93246
0.92945
0.9267
0.92409
0.92168
0.91963
0.91779
0.91615
0.91461
0.91317
0.91174
0.91036
0.90892
0.90744
0.90588
0.90419
0.90254
0.90086
0.89936
0.89786
0.89654
0.8953
0.89426
0.89334
0.89255
0.89182
0.89117
0.89058
0.89003
0.8895
0.88898
0.88845
0.88792
0.88739
0.88688
0.88637
0.88589
0.88544
0.88502
0.88463
0.88426
0.88391
0.88356
0.88323
0.88288
0.88253
0.88217
0.88179
0.88139
0.88098
0.88054
0.88008
0.87959
0.87907
0.87852
0.87794
0.87734
0.8767
0.87604
0.87535
0.87463
0.87388
0.8731
0.8723
0.87149
0.87065
0.86981
0.86897
0.86813
0.86729
0.86646
0.86564
0.86481
0.86399
0.86314
0.86227
