1
0.97011
0.96141
0.95815
0.95633
0.95465
0.95237
0.94941
0.9464
0.9436
0.9409
0.93827
0.93568
0.93319
0.93055
0.92777
0.92478
0.92172
0.91847
0.91538
0.9121
0.90908
0.90596
0.90307
0.90012
0.8974
0.89459
0.89193
0.8892
0.88666
0.88418
0.88188
0.87964
0.87752
0.87547
0.87352
0.87165
0.86984
0.86807
0.86633
0.86462
0.86294
0.86128
0.85963
0.85801
0.85641
0.85482
0.85325
0.8517
0.85017
0.84865
0.84715
0.84567
0.84419
0.84274
0.8413
0.83988
0.83849
0.83711
0.83576
0.83443
0.83313
0.83186
0.83063
0.82944
0.82828
0.82717
0.82611
0.82509
0.82412
0.8232
0.82232
0.82148
0.82069
0.81993
0.81921
0.81853
0.81787
0.81724
0.81662
0.81602
0.81543
0.81482
0.8142
