1
0.96999
0.96232
0.96093
0.95927
0.95758
0.9555
0.95295
0.95023
0.94766
0.94515
0.94263
0.94003
0.93744
0.93479
0.93213
0.92951
0.927
0.92468
0.92259
0.92077
0.91915
0.91777
0.91645
0.91534
0.91413
0.91304
0.91176
0.91053
0.90921
0.908
0.9068
0.90566
0.90454
0.90347
0.90247
0.90155
0.90068
0.89984
0.89902
0.89823
0.89746
0.8967
0.89597
0.89527
0.8946
0.89395
0.89333
0.89273
0.89216
0.8916
0.89106
0.89053
0.89001
0.88949
0.88899
0.88849
0.888
0.88751
0.88703
0.88654
0.88607
0.88559
0.88513
0.88467
0.88423
0.8838
0.88338
0.88297
0.88257
0.88219
0.88181
0.88144
0.88109
0.88073
0.88038
0.88003
0.87968
0.87931
0.87894
0.87856
0.87815
0.87772
0.87723
