1
0.9675
0.95756
0.95282
0.94945
0.94643
0.94339
0.939
0.93488
0.93118
0.92779
0.92468
0.92179
0.9192
0.91679
0.91457
0.91248
0.91056
0.90875
0.9071
0.90555
0.90411
0.90279
0.9015
0.90035
0.89916
0.89807
0.89687
0.89574
0.89462
0.89363
0.89271
0.89187
0.89108
0.89035
0.88967
0.88903
0.88841
0.8878
0.88718
0.88656
0.88593
0.88529
0.88464
0.88398
0.8833
0.88261
0.88191
0.88119
0.88045
0.87969
0.8789
0.8781
0.87726
0.8764
0.87552
0.8746
0.87366
0.8727
0.87171
0.8707
0.86968
0.86864
0.8676
0.86655
0.86551
0.86447
0.86344
0.86242
0.86142
0.86043
0.85946
0.85851
0.85757
0.85665
0.85575
0.85486
0.85398
0.85311
0.85225
0.85139
0.85053
0.84965
0.84874
