1
0.9653
0.95209
0.94501
0.94077
0.93709
0.93378
0.92788
0.92201
0.91645
0.91112
0.90609
0.90135
0.89691
0.89257
0.88838
0.88435
0.88064
0.87715
0.87412
0.8712
0.86866
0.86619
0.86392
0.8617
0.85956
0.85739
0.85521
0.85301
0.85087
0.84883
0.84689
0.84503
0.84324
0.8415
0.83981
0.83817
0.83654
0.83492
0.83331
0.83171
0.83011
0.82854
0.82698
0.82546
0.82397
0.82251
0.82109
0.8197
0.81835
0.81704
0.81576
0.81451
0.81329
0.81211
0.81096
0.80984
0.80876
0.80771
0.80669
0.8057
0.80474
0.80381
0.80291
0.80204
0.80121
0.80041
0.79965
0.79891
0.79822
0.79754
0.7969
0.79628
0.79568
0.79509
0.79451
0.79394
0.79337
0.7928
0.79222
0.79163
0.79101
0.79037
0.78968
