1
0.97
0.96428
0.96326
0.96251
0.9616
0.96016
0.95888
0.95754
0.9565
0.95576
0.95524
0.95491
0.95483
0.95482
0.95486
0.95486
0.95484
0.95475
0.95462
0.95438
0.95405
0.95363
0.95305
0.95249
0.95181
0.95118
0.9504
0.94964
0.94879
0.94799
0.94717
0.94638
0.9456
0.94487
0.94419
0.94354
0.94288
0.94219
0.94148
0.94075
0.94001
0.9393
0.93863
0.93802
0.93746
0.93696
0.93651
0.9361
0.93572
0.93535
0.93498
0.93461
0.93422
0.9338
0.93337
0.93292
0.93245
0.93199
0.93154
0.93109
0.93067
0.93028
0.92991
0.92958
0.92928
0.92901
0.92878
0.92858
0.9284
0.92825
0.92812
0.92801
0.92792
0.92783
0.92775
0.92767
0.92758
0.92749
0.92738
0.92726
0.92711
0.92693
0.9267
