1
0.96959
0.95889
0.95572
0.95466
0.95357
0.95161
0.94965
0.94754
0.94551
0.94354
0.94141
0.93882
0.93677
0.93493
0.93327
0.93162
0.93013
0.9286
0.92729
0.92588
0.92468
0.92344
0.92229
0.9212
0.92008
0.919
0.91778
0.9166
0.91536
0.9142
0.91303
0.91189
0.91074
0.9096
0.90848
0.90739
0.90632
0.90529
0.90428
0.9033
0.90233
0.90136
0.9004
0.89944
0.89849
0.89755
0.89663
0.89573
0.89486
0.89403
0.89322
0.89244
0.89168
0.89093
0.89019
0.88944
0.88868
0.88791
0.88712
0.88633
0.88554
0.88475
0.88396
0.88319
0.88243
0.8817
0.88099
0.8803
0.87964
0.879
0.87839
0.87779
0.87722
0.87667
0.87613
0.8756
0.87508
0.87457
0.87405
0.87353
0.873
0.87245
0.87186
