1
0.987
2.2323
2.2092
2.2649
2.3113
2.357
2.4663
2.5359
2.6174
2.6933
2.7598
2.8151
2.8565
2.8818
2.905
2.9371
2.9746
3.0161
3.0558
3.0991
3.1392
3.1826
3.223
3.2669
3.3073
3.3519
3.3941
3.4398
3.4838
3.5283
3.5698
3.6096
3.6469
3.6827
3.7169
3.7499
3.7815
3.8118
3.841
3.8692
3.8965
3.9229
3.9486
3.9735
3.9979
4.0216
4.0449
4.0676
4.0898
4.1116
4.1329
4.1539
4.1745
4.1947
4.2145
4.234
4.2533
4.2722
4.2909
4.3093
4.3275
4.3454
4.363
4.3803
4.3975
4.4144
4.431
4.4475
4.4637
4.4797
4.4956
4.5112
4.5267
4.542
4.5571
4.5721
4.5868
4.6015
4.6159
4.6303
4.6444
4.6585
4.6724
