1
0.96138
0.95109
0.94593
0.94218
0.93814
0.93417
0.92766
0.9211
0.91488
0.90901
0.90348
0.89822
0.89324
0.88858
0.88418
0.88009
0.87628
0.87291
0.86972
0.86701
0.86439
0.86214
0.85989
0.85793
0.85584
0.85393
0.85186
0.84988
0.84778
0.84575
0.84369
0.8417
0.83974
0.83788
0.83611
0.83447
0.83297
0.83161
0.83039
0.8293
0.82834
0.8275
0.82676
0.82612
0.82557
0.8251
0.82471
0.8244
0.82415
0.82397
0.82385
0.82378
0.82376
0.82378
0.82384
0.82392
0.82405
0.82423
0.82447
0.82477
0.82514
0.82556
0.82602
0.82652
0.82704
0.82757
0.82811
0.82866
0.82919
0.82971
0.83021
0.83068
0.83111
0.83149
0.83181
0.83205
0.83221
0.83226
0.83216
0.83188
0.83137
0.83055
0.82935
