1
0.96021
0.94877
0.94244
0.93797
0.93356
0.92943
0.92251
0.91596
0.90989
0.90414
0.89863
0.89338
0.88848
0.88398
0.8798
0.87598
0.87242
0.86926
0.86623
0.86358
0.86089
0.85842
0.8558
0.85338
0.85086
0.84859
0.84627
0.84413
0.84196
0.83991
0.83785
0.83588
0.83394
0.83208
0.83027
0.82856
0.82694
0.82541
0.82397
0.8226
0.8213
0.82005
0.81886
0.81772
0.81663
0.81558
0.81457
0.81359
0.81264
0.81171
0.81078
0.80987
0.80895
0.80804
0.80711
0.80618
0.80524
0.80429
0.80332
0.80234
0.80133
0.80029
0.79922
0.79812
0.79699
0.79581
0.7946
0.79335
0.79206
0.79073
0.78937
0.78798
0.78657
0.78515
0.78372
0.78229
0.78087
0.77945
0.77806
0.77667
0.77531
0.77396
0.77262
