1
1.2175
1.8914
1.9408
2.0033
2.0463
2.0808
2.1937
2.2831
2.3491
2.4091
2.4653
2.5183
2.568
2.6156
2.6603
2.7025
2.7417
2.7799
2.8146
2.8494
2.8809
2.9125
2.9413
2.9705
2.9968
3.0232
3.0464
3.0692
3.0906
3.1133
3.1358
3.1588
3.1816
3.2043
3.2269
3.2492
3.2713
3.293
3.3143
3.3352
3.3558
3.376
3.3958
3.4152
3.4343
3.453
3.4714
3.4895
3.5073
3.5248
3.542
3.559
3.5757
3.5922
3.6084
3.6244
3.6402
3.6559
3.6713
3.6865
3.7015
3.7163
3.7309
3.7453
3.7596
3.7736
3.7875
3.8013
3.8148
3.8282
3.8415
3.8546
3.8676
3.8804
3.8932
3.9057
3.9182
3.9306
3.9428
3.9549
3.9669
3.9788
3.9907
