1
0.96519
0.95512
0.94883
0.94396
0.93808
0.93316
0.92548
0.91733
0.90961
0.90238
0.89567
0.88949
0.88373
0.87833
0.87331
0.86871
0.86456
0.86098
0.85791
0.85565
0.85407
0.85345
0.85347
0.854
0.8543
0.85439
0.85399
0.85341
0.85243
0.85136
0.85001
0.84858
0.84692
0.84507
0.84312
0.84132
0.8397
0.83824
0.83689
0.83562
0.8344
0.83325
0.83214
0.83112
0.83018
0.82936
0.82867
0.82814
0.82776
0.82756
0.82752
0.82763
0.82785
0.82816
0.82852
0.82889
0.82927
0.82963
0.82997
0.83029
0.8306
0.83089
0.83119
0.83149
0.8318
0.83212
0.83246
0.83283
0.83321
0.83361
0.83403
0.83447
0.83492
0.83537
0.83581
0.83624
0.83665
0.83704
0.8374
0.83773
0.83805
0.83834
0.83862
