1
0.96494
0.95737
0.95481
0.95186
0.94832
0.94456
0.93905
0.93304
0.9271
0.92125
0.91546
0.90968
0.90392
0.8983
0.89284
0.88769
0.88286
0.87866
0.87479
0.87166
0.86874
0.86639
0.86407
0.86213
0.86004
0.85814
0.85599
0.85386
0.8515
0.84914
0.84664
0.84416
0.84164
0.83917
0.83675
0.83447
0.83231
0.83029
0.82839
0.82661
0.82493
0.82335
0.82185
0.82042
0.81906
0.81775
0.8165
0.81529
0.81411
0.81296
0.81184
0.81075
0.80967
0.80861
0.80757
0.80654
0.80553
0.80454
0.80356
0.80259
0.80163
0.80067
0.79971
0.79876
0.79781
0.79685
0.7959
0.79495
0.79401
0.79306
0.7921
0.79115
0.7902
0.78925
0.7883
0.78735
0.7864
0.78544
0.78449
0.78354
0.78258
0.78162
0.78066
