1
0.96518
0.95967
0.95746
0.95547
0.95272
0.9496
0.94544
0.9409
0.93656
0.93255
0.92884
0.92538
0.92215
0.91918
0.91639
0.91379
0.91133
0.90917
0.90704
0.90521
0.9033
0.9016
0.89979
0.89819
0.89647
0.89495
0.89329
0.89172
0.89
0.88832
0.88658
0.88494
0.8834
0.88208
0.881
0.88021
0.87973
0.87953
0.87957
0.87976
0.88003
0.88031
0.88055
0.88072
0.88081
0.88084
0.88079
0.88068
0.88052
0.88031
0.88007
0.8798
0.8795
0.87918
0.87883
0.87848
0.87811
0.87772
0.87732
0.87689
0.87645
0.87598
0.87548
0.87496
0.87441
0.87382
0.87321
0.87255
0.87186
0.87113
0.87035
0.86953
0.86868
0.8678
0.86689
0.86596
0.86502
0.86409
0.86316
0.86225
0.86136
0.86049
0.85965
