1
0.96028
0.94952
0.94513
0.94216
0.93953
0.93702
0.93229
0.92803
0.92433
0.92103
0.918
0.91525
0.9129
0.91082
0.90895
0.90715
0.90539
0.9036
0.90175
0.89977
0.89761
0.89529
0.89274
0.89022
0.88768
0.88541
0.88318
0.88116
0.87913
0.87716
0.87514
0.87314
0.8711
0.86908
0.86703
0.86497
0.86285
0.86067
0.85846
0.85623
0.85402
0.85187
0.84979
0.84782
0.84592
0.84411
0.84235
0.84063
0.83893
0.83724
0.83557
0.83392
0.8323
0.83073
0.82922
0.82779
0.82642
0.82512
0.82388
0.82268
0.82152
0.82038
0.81926
0.81815
0.81705
0.81594
0.81482
0.8137
0.81256
0.8114
0.81023
0.80904
0.80784
0.80663
0.80541
0.80419
0.80298
0.80177
0.80059
0.79941
0.79826
0.79714
0.79604
