1
0.96494
0.95987
0.95949
0.95895
0.95801
0.95657
0.95456
0.95232
0.95042
0.94898
0.94791
0.94714
0.94667
0.94635
0.94608
0.94576
0.94535
0.94481
0.94413
0.94328
0.94223
0.94104
0.93966
0.93833
0.93694
0.93572
0.93443
0.93321
0.93185
0.93043
0.92888
0.92731
0.92576
0.9243
0.92295
0.92171
0.92058
0.91953
0.91857
0.91767
0.91684
0.91605
0.91529
0.91453
0.91376
0.91296
0.91212
0.91122
0.91027
0.90927
0.90822
0.90714
0.90606
0.90499
0.90395
0.90295
0.902
0.90108
0.9002
0.89934
0.8985
0.89766
0.89683
0.89598
0.89511
0.89422
0.8933
0.89235
0.89138
0.89038
0.88936
0.88832
0.88729
0.88627
0.88526
0.88429
0.88334
0.88243
0.88155
0.88072
0.87992
0.87915
0.87842
