1
0.96253
0.95446
0.95146
0.94925
0.94717
0.94499
0.94124
0.9376
0.93434
0.93144
0.92878
0.92622
0.92381
0.92151
0.91921
0.91684
0.91443
0.91197
0.90951
0.90703
0.90452
0.90201
0.89941
0.8969
0.89432
0.89186
0.8893
0.88676
0.88406
0.88128
0.87835
0.87534
0.87226
0.86915
0.86604
0.86291
0.85977
0.8566
0.85343
0.85028
0.84719
0.84418
0.84127
0.83846
0.83575
0.83312
0.83055
0.82803
0.82554
0.82307
0.82062
0.81821
0.81585
0.81355
0.81133
0.8092
0.80716
0.8052
0.80331
0.80148
0.79971
0.79799
0.79631
0.79467
0.79306
0.79147
0.78991
0.78837
0.78685
0.78536
0.78388
0.78242
0.78099
0.77959
0.7782
0.77685
0.77552
0.77421
0.77293
0.77168
0.77046
0.76926
0.76808
