1
0.95945
0.94697
0.94082
0.93594
0.93164
0.92761
0.92022
0.91305
0.90645
0.90046
0.89498
0.88991
0.88522
0.88087
0.87686
0.87315
0.86966
0.86636
0.86315
0.86005
0.85692
0.85384
0.85067
0.84762
0.84449
0.84153
0.8385
0.83557
0.83255
0.82953
0.82639
0.82319
0.81991
0.81659
0.81322
0.80982
0.80639
0.80294
0.79951
0.79612
0.79281
0.78961
0.78653
0.78359
0.78077
0.77804
0.7754
0.77283
0.7703
0.76782
0.76539
0.763
0.76069
0.75846
0.75633
0.7543
0.75238
0.75055
0.74881
0.74715
0.74554
0.74399
0.74248
0.741
0.73955
0.73812
0.7367
0.73528
0.73388
0.73246
0.73105
0.72962
0.72818
0.72672
0.72524
0.72374
0.72222
0.72068
0.71912
0.71755
0.71596
0.71437
0.71278
