1
0.9628
0.95427
0.95127
0.94899
0.94667
0.9442
0.94005
0.93588
0.93206
0.92861
0.92547
0.92256
0.9199
0.91738
0.91495
0.91255
0.91017
0.90779
0.90539
0.90296
0.90046
0.89794
0.89533
0.89282
0.89028
0.88792
0.88552
0.88323
0.88087
0.87852
0.87609
0.87365
0.87117
0.8687
0.8662
0.86369
0.86111
0.85847
0.85577
0.85302
0.85026
0.8475
0.84478
0.84208
0.8394
0.83674
0.83408
0.83142
0.82875
0.82608
0.82341
0.82078
0.81821
0.81571
0.8133
0.811
0.80881
0.80672
0.80472
0.8028
0.80095
0.79915
0.79741
0.7957
0.79402
0.79235
0.79069
0.78903
0.78737
0.78568
0.78398
0.78224
0.78049
0.77871
0.77691
0.77511
0.77331
0.77153
0.76978
0.76808
0.76642
0.76482
0.76327
