1
0.96279
0.95426
0.95128
0.94899
0.94668
0.94421
0.94006
0.9359
0.93208
0.92864
0.9255
0.9226
0.91995
0.91743
0.91502
0.91263
0.91028
0.90792
0.90555
0.90316
0.90071
0.89826
0.89573
0.89333
0.89093
0.88874
0.88657
0.88457
0.88259
0.88072
0.8789
0.8772
0.87563
0.87427
0.87313
0.87224
0.87159
0.87114
0.87084
0.87062
0.87039
0.87011
0.86971
0.86919
0.86854
0.86777
0.8669
0.86593
0.86488
0.86379
0.86266
0.86151
0.86034
0.85917
0.85801
0.85686
0.85572
0.85458
0.85345
0.85232
0.85117
0.85002
0.84885
0.84766
0.84644
0.84518
0.84387
0.84252
0.84109
0.8396
0.83804
0.8364
0.83469
0.83292
0.8311
0.82924
0.82739
0.82554
0.82373
0.82198
0.82029
0.81867
0.81713
