1
0.9603
0.94955
0.94515
0.94218
0.93955
0.93703
0.93231
0.92806
0.92436
0.92105
0.91803
0.91529
0.91294
0.91087
0.909
0.90722
0.90547
0.9037
0.90186
0.89991
0.89778
0.8955
0.893
0.89055
0.88809
0.88593
0.88385
0.88203
0.88026
0.87863
0.87704
0.87555
0.87414
0.87287
0.87175
0.87079
0.86996
0.86922
0.86853
0.86783
0.86705
0.86616
0.86517
0.86406
0.86286
0.86159
0.86026
0.85888
0.85746
0.85601
0.85452
0.853
0.85146
0.84988
0.84828
0.84666
0.84503
0.84339
0.84175
0.84012
0.8385
0.8369
0.83534
0.83381
0.83232
0.83087
0.82947
0.8281
0.82676
0.82544
0.82414
0.82286
0.82159
0.82033
0.81908
0.81785
0.81664
0.81546
0.81432
0.81321
0.81214
0.81111
0.81013
