1
0.9643
0.95661
0.95309
0.95034
0.94741
0.94423
0.93956
0.93478
0.93037
0.92639
0.92274
0.91933
0.91615
0.91311
0.91016
0.90726
0.90441
0.90164
0.89889
0.89622
0.89353
0.89091
0.88824
0.88572
0.8832
0.88088
0.87856
0.87638
0.87419
0.87207
0.86996
0.86794
0.86602
0.86425
0.86268
0.86133
0.86018
0.85923
0.85841
0.85768
0.85697
0.85622
0.8554
0.85452
0.85357
0.85256
0.85151
0.85043
0.84935
0.84826
0.84718
0.84611
0.84506
0.84404
0.84304
0.84207
0.84114
0.84024
0.83937
0.83852
0.83771
0.83691
0.83614
0.83537
0.83462
0.83386
0.83309
0.83231
0.83152
0.83071
0.82988
0.82903
0.82816
0.82728
0.82639
0.8255
0.82461
0.82372
0.82286
0.82201
0.82118
0.82038
0.81962
