1
0.96028
0.94952
0.94513
0.94216
0.93953
0.93702
0.9323
0.92805
0.92435
0.92105
0.91802
0.91528
0.91294
0.91087
0.90901
0.90723
0.90549
0.90372
0.9019
0.89996
0.89785
0.8956
0.89313
0.89071
0.8883
0.88619
0.88419
0.88245
0.88079
0.8793
0.87787
0.87659
0.87544
0.87449
0.87377
0.87328
0.87303
0.87299
0.87311
0.87333
0.87359
0.87383
0.87404
0.87417
0.87425
0.87428
0.87426
0.8742
0.8741
0.87396
0.87379
0.87359
0.87336
0.8731
0.87281
0.8725
0.87216
0.8718
0.87141
0.87098
0.87051
0.87
0.86944
0.86884
0.86819
0.86748
0.86671
0.86588
0.86498
0.86402
0.86299
0.8619
0.86075
0.85956
0.85833
0.85708
0.85583
0.85458
0.85335
0.85216
0.851
0.84988
0.84882
