1
0.96261
0.95412
0.95162
0.94989
0.94808
0.94613
0.94278
0.93952
0.93671
0.93436
0.93241
0.93076
0.92943
0.92831
0.92733
0.9264
0.92552
0.92463
0.92373
0.9228
0.92179
0.92076
0.91962
0.91857
0.91748
0.91656
0.91563
0.91483
0.91401
0.91328
0.91256
0.91195
0.91146
0.91115
0.91107
0.91124
0.91166
0.91229
0.91308
0.91397
0.91488
0.91575
0.91655
0.91724
0.91783
0.91833
0.91874
0.91908
0.91935
0.91957
0.91975
0.91989
0.92001
0.9201
0.92017
0.92024
0.92029
0.92032
0.92035
0.92036
0.92035
0.92033
0.9203
0.92026
0.9202
0.92013
0.92004
0.91994
0.91983
0.9197
0.91956
0.9194
0.91925
0.91909
0.91893
0.9188
0.91868
0.91858
0.91851
0.91847
0.91845
0.91845
0.91846
