1
0.9626
0.95412
0.95162
0.94989
0.94808
0.94613
0.94278
0.93951
0.9367
0.93436
0.93241
0.93076
0.92943
0.92831
0.92732
0.9264
0.92551
0.92463
0.92372
0.92279
0.92178
0.92075
0.9196
0.91855
0.91746
0.91654
0.91561
0.91481
0.91399
0.91325
0.91253
0.91192
0.91142
0.91111
0.91102
0.91119
0.91159
0.91222
0.913
0.91388
0.91478
0.91564
0.91642
0.91709
0.91766
0.91814
0.91852
0.91882
0.91906
0.91924
0.91937
0.91946
0.91952
0.91955
0.91955
0.91952
0.91947
0.9194
0.9193
0.91916
0.91899
0.91879
0.91855
0.91827
0.91794
0.91757
0.91714
0.91666
0.91611
0.9155
0.91482
0.91407
0.91325
0.91237
0.91142
0.91043
0.90939
0.90832
0.90723
0.90614
0.90504
0.90396
0.9029
