62.9387
-0.95411
-0.9512
-0.95094
-0.95093
-0.95433
-0.95079
-0.95434
-0.95111
-0.95166
-0.95167
-0.95167
-0.95166
-0.94954
-0.95363
-0.95358
-0.94997
-0.95381
-0.95127
-0.94973
-0.94973
-0.95183
-0.95077
-0.95075
-0.94953
-0.94952
-0.9521
-0.95008
-0.95129
-0.95006
-0.94974
-0.95172
-0.95288
-0.95102
-0.95102
-0.95285
-0.95368
-0.95251
-0.94983
-0.95148
-0.94935
-0.95345
-0.95133
-0.95115
-0.95238
-0.95024
-0.9541
-0.9502
-0.9502
-0.95288
-0.9517
-0.95208
-0.94652
-0.94661
-0.9466
-0.94548
-0.95404
-0.94833
-0.95682
-0.95111
-0.94653
-0.96248
-0.94946
-1.071
-1.0193
0
0
0
-0.70046
0
-1.1666
0
0
0
0
0
0
0
0
0
0
0
0
0
0
0
0
0
0
0
0
0
0
0
0
0
0
0
0
0
0
0
0
0
0
0
0
0
0
0
0
0
0
0
0
-0.95411
66.6068
-0.95337
-0.95295
-0.95294
-0.9568
-0.9528
-0.9568
-0.95313
-0.95368
-0.95366
-0.95366
-0.95366
-0.95147
-0.95602
-0.95576
-0.95202
-0.95616
-0.95359
-0.95176
-0.95176
-0.95417
-0.95278
-0.95278
-0.95154
-0.95153
-0.95422
-0.95208
-0.95344
-0.9521
-0.9515
-0.95385
-0.95497
-0.95306
-0.95304
-0.95482
-0.95583
-0.95456
-0.95186
-0.95356
-0.95144
-0.95567
-0.95337
-0.95318
-0.95443
-0.95226
-0.95611
-0.95222
-0.95221
-0.95492
-0.95373
-0.95409
-0.94837
-0.94859
-0.94859
-0.94736
-0.95604
-0.95031
-0.95871
-0.95283
-0.94834
-0.96454
-0.95118
-1.0717
-1.0203
0
0
0
0
0
-1.1751
0
0
0
0
0
0
0
0
0
0
0
0
0
0
0
0
0
0
0
0
0
0
0
0
0
0
0
0
0
0
0
-4.2334
0
0
0
0
0
0
0
0
0
0
0
0
-0.9512
-0.95337
62.1893
-0.95018
-0.95017
-0.9536
-0.95005
-0.95359
-0.95036
-0.9509
-0.9509
-0.95087
-0.9509
-0.94872
-0.95286
-0.95283
-0.94923
-0.95303
-0.95056
-0.94899
-0.94897
-0.95108
-0.95
-0.94999
-0.94874
-0.94873
-0.9513
-0.94933
-0.95056
-0.94932
-0.94872
-0.95096
-0.95212
-0.95026
-0.95025
-0.9522
-0.95296
-0.95179
-0.94907
-0.95076
-0.94861
-0.95269
-0.95056
-0.95038
-0.95163
-0.94946
-0.95334
-0.94942
-0.9494
-0.95218
-0.95093
-0.95129
-0.94585
-0.94587
-0.94588
-0.94472
-0.95328
-0.94757
-0.95602
-0.9504
-0.94571
-0.96168
-0.94863
-1.0703
-1.0183
0
0
0
0
0
-1.1657
0
0
0
0
0
0
0
0
0
0
0
0
0
0
0
0
0
0
0
0
0
0
0
0
0
0
0
0
0
0
0
0
0
0
0
0
0
0
0
0
0
0
0
0
-0.95094
-0.95295
-0.95018
60.9958
-0.94975
-0.95312
-0.94962
-0.95315
-0.94995
-0.95048
-0.95047
-0.95046
-0.95046
-0.94829
-0.95239
-0.95232
-0.94879
-0.9526
-0.95011
-0.94853
-0.94856
-0.95065
-0.94957
-0.94957
-0.94832
-0.94832
-0.95086
-0.94887
-0.95009
-0.94887
-0.94828
-0.95051
-0.95168
-0.94981
-0.94981
-0.95173
-0.95248
-0.9513
-0.94865
-0.95027
-0.9482
-0.95227
-0.95013
-0.94994
-0.95121
-0.94903
-0.95291
-0.94898
-0.949
-0.95173
-0.9505
-0.95086
-0.9454
-0.94544
-0.94543
-0.94431
-0.9528
-0.94712
-0.9556
-0.9499
-0.94529
-0.9613
-0.94817
-1.0698
-1.0178
0
0
0
0
0
0
0
0
0
0
0
0
0
0
0
0
0
0
0
0
0
0
0
0
0
0
0
0
0
0
0
0
0
0
0
0
0
0
0
0
0
0
0
0
0
0
0
0
0
0
-0.95093
-0.95294
-0.95017
-0.94975
60.9959
-0.95313
-0.94961
-0.95313
-0.94995
-0.95047
-0.95047
-0.95046
-0.95046
-0.94829
-0.95241
-0.95229
-0.94879
-0.95261
-0.95011
-0.94854
-0.94855
-0.95065
-0.94956
-0.94957
-0.94831
-0.94831
-0.95086
-0.94888
-0.95007
-0.94886
-0.94829
-0.95049
-0.95169
-0.9498
-0.94981
-0.95171
-0.9525
-0.95132
-0.94865
-0.95028
-0.9482
-0.95226
-0.95011
-0.94995
-0.9512
-0.94903
-0.9529
-0.94899
-0.949
-0.95175
-0.95051
-0.95086
-0.94538
-0.94544
-0.94546
-0.94429
-0.95283
-0.94712
-0.95559
-0.94991
-0.94529
-0.96128
-0.94819
-1.0698
-1.0178
0
0
0
0
0
0
0
0
0
0
0
0
0
0
0
0
0
0
0
0
0
0
0
0
0
0
0
0
0
0
0
0
0
0
0
0
0
0
0
0
0
0
0
0
0
0
0
0
0
0
-0.95433
-0.9568
-0.9536
-0.95312
-0.95313
63.2283
-0.95283
-0.95679
-0.95306
-0.95361
-0.95362
-0.9536
-0.95362
-0.95141
-0.95591
-0.95572
-0.95196
-0.95606
-0.95347
-0.9517
-0.9517
-0.95404
-0.95273
-0.95272
-0.95147
-0.95146
-0.95409
-0.95204
-0.95328
-0.95204
-0.95146
-0.95364
-0.95489
-0.95299
-0.953
-0.95453
-0.95569
-0.95442
-0.95182
-0.95338
-0.95138
-0.95557
-0.95331
-0.95314
-0.95434
-0.95222
-0.95607
-0.95216
-0.95214
-0.95483
-0.95368
-0.95405
-0.94822
-0.9485
-0.94849
-0.94732
-0.95602
-0.95028
-0.95875
-0.9528
-0.94839
-0.96464
-0.95126
0
0
0
0
0
0
0
0
0
0
0
0
0
0
0
0
0
0
0
0
0
0
0
0
0
0
0
0
0
0
0
0
0
-4.1251
0
0
0
0
0
0
0
0
0
0
0
0
0
0
0
0
0
0
-0.95079
-0.9528
-0.95005
-0.94962
-0.94961
-0.95283
59.9104
-0.95284
-0.94969
-0.95022
-0.9502
-0.95021
-0.95021
-0.94803
-0.95212
-0.95195
-0.94851
-0.95232
-0.94985
-0.94828
-0.94827
-0.95038
-0.94932
-0.94932
-0.94807
-0.94802
-0.95059
-0.9486
-0.94981
-0.94861
-0.94802
-0.95023
-0.95142
-0.94954
-0.94955
-0.95142
-0.95223
-0.95107
-0.94837
-0.95
-0.94792
-0.95198
-0.94986
-0.94969
-0.95095
-0.94877
-0.95263
-0.94871
-0.94873
-0.95149
-0.95024
-0.9506
-0.94514
-0.94516
-0.94517
-0.94402
-0.95257
-0.94686
-0.95534
-0.94966
-0.945
-0.96103
-0.94789
0
-1.018
0
0
0
0
0
0
0
0
0
0
0
0
0
0
0
0
0
0
0
0
0
0
0
0
0
0
0
0
0
0
0
0
0
0
0
0
0
0
0
0
0
0
0
0
0
0
0
0
0
0
-0.95434
-0.9568
-0.95359
-0.95315
-0.95313
-0.95679
-0.95284
63.2284
-0.95308
-0.9536
-0.9536
-0.95362
-0.9536
-0.95141
-0.95591
-0.95571
-0.95197
-0.95605
-0.95345
-0.95168
-0.95169
-0.95403
-0.95271
-0.95272
-0.95147
-0.95148
-0.95409
-0.95205
-0.95329
-0.95203
-0.95145
-0.95366
-0.95488
-0.95299
-0.95298
-0.95452
-0.95567
-0.95444
-0.9518
-0.95339
-0.95138
-0.95556
-0.95329
-0.95314
-0.95435
-0.95221
-0.95606
-0.95219
-0.95217
-0.95483
-0.95371
-0.95405
-0.94822
-0.9485
-0.94849
-0.94728
-0.95602
-0.95031
-0.95875
-0.95281
-0.94838
-0.96464
-0.95126
0
0
0
0
0
0
0
0
0
0
0
0
0
0
0
0
0
0
0
0
0
0
0
0
0
0
0
0
0
0
0
0
0
0
0
0
0
0
0
0
0
0
0
0
-4.1251
0
0
0
0
0
0
0
-0.95111
-0.95313
-0.95036
-0.94995
-0.94995
-0.95306
-0.94969
-0.95308
58.9092
-0.95048
-0.9505
-0.95048
-0.95047
-0.94829
-0.95239
-0.95215
-0.94878
-0.95258
-0.95014
-0.94854
-0.94855
-0.95067
-0.94956
-0.94957
-0.94831
-0.9483
-0.95085
-0.94889
-0.95009
-0.94888
-0.94829
-0.9505
-0.9517
-0.94983
-0.94982
-0.95164
-0.95247
-0.95131
-0.94864
-0.95025
-0.9482
-0.95227
-0.95012
-0.94997
-0.95119
-0.94906
-0.95293
-0.94901
-0.94901
-0.95176
-0.95052
-0.95089
-0.94539
-0.94544
-0.94544
-0.94432
-0.95285
-0.94714
-0.95562
-0.94995
-0.94532
-0.96137
-0.94822
0
0
0
0
0
0
0
0
0
0
0
0
0
0
0
0
0
0
0
0
0
0
0
0
0
0
0
0
0
0
0
0
0
0
0
0
0
0
0
0
0
0
0
0
0
0
0
0
0
0
0
0
-0.95166
-0.95368
-0.9509
-0.95048
-0.95047
-0.95361
-0.95022
-0.9536
-0.95048
57.031
-0.9508
-0.9508
-0.95079
-0.94876
-0.95296
-0.9527
-0.94932
-0.95318
-0.9508
-0.94906
-0.94907
-0.95126
-0.95012
-0.95011
-0.94884
-0.94887
-0.95137
-0.94944
-0.95059
-0.94942
-0.94884
-0.95102
-0.95224
-0.95038
-0.95037
-0.95214
-0.953
-0.95183
-0.9492
-0.95077
-0.94873
-0.95282
-0.95068
-0.95051
-0.95173
-0.9496
-0.95349
-0.94955
-0.94956
-0.95228
-0.95107
-0.95144
-0.94588
-0.94598
-0.94598
-0.94483
-0.95342
-0.94772
-0.9562
-0.95048
-0.94589
0
0
0
0
0
0
0
0
0
0
0
0
0
0
0
0
0
0
0
0
0
0
0
0
0
0
0
0
0
0
0
0
0
0
0
0
0
0
0
0
0
0
0
0
0
0
0
0
0
0
0
0
0
0
-0.95167
-0.95366
-0.9509
-0.95047
-0.95047
-0.95362
-0.9502
-0.9536
-0.9505
-0.9508
57.0309
-0.95079
-0.95078
-0.94879
-0.95296
-0.95273
-0.94932
-0.95318
-0.95079
-0.94906
-0.94906
-0.95127
-0.95009
-0.95012
-0.94886
-0.94886
-0.95137
-0.94944
-0.95059
-0.94943
-0.94883
-0.95101
-0.95224
-0.95038
-0.95038
-0.95212
-0.95298
-0.95183
-0.9492
-0.95075
-0.94874
-0.95284
-0.95069
-0.95052
-0.95172
-0.94959
-0.95347
-0.94956
-0.94955
-0.95227
-0.95106
-0.95143
-0.94588
-0.94596
-0.94596
-0.94483
-0.95343
-0.94773
-0.95621
-0.95048
-0.94592
0
0
0
0
0
0
0
0
0
0
0
0
0
0
0
0
0
0
0
0
0
0
0
0
0
0
0
0
0
0
0
0
0
0
0
0
0
0
0
0
0
0
0
0
0
0
0
0
0
0
0
0
0
0
-0.95167
-0.95366
-0.95087
-0.95046
-0.95046
-0.9536
-0.95021
-0.95362
-0.95048
-0.9508
-0.95079
57.0308
-0.95079
-0.94877
-0.95296
-0.95272
-0.9493
-0.95317
-0.95079
-0.94904
-0.94906
-0.95126
-0.95012
-0.95012
-0.94884
-0.94885
-0.95137
-0.94942
-0.95059
-0.94942
-0.94883
-0.951
-0.95223
-0.95038
-0.95039
-0.95213
-0.953
-0.95184
-0.94919
-0.95079
-0.94873
-0.95282
-0.95069
-0.95052
-0.95173
-0.94958
-0.95347
-0.94954
-0.94956
-0.95228
-0.95106
-0.95143
-0.94588
-0.94596
-0.94598
-0.94484
-0.95341
-0.94773
-0.9562
-0.9505
-0.94589
0
0
0
0
0
0
0
0
0
0
0
0
0
0
0
0
0
0
0
0
0
0
0
0
0
0
0
0
0
0
0
0
0
0
0
0
0
0
0
0
0
0
0
0
0
0
0
0
0
0
0
0
0
0
-0.95166
-0.95366
-0.9509
-0.95046
-0.95046
-0.95362
-0.95021
-0.9536
-0.95047
-0.95079
-0.95078
-0.95079
57.0307
-0.94878
-0.95294
-0.95273
-0.94931
-0.95319
-0.95081
-0.94907
-0.94906
-0.95125
-0.95013
-0.9501
-0.94885
-0.94884
-0.95136
-0.94942
-0.9506
-0.94942
-0.94882
-0.951
-0.95222
-0.95036
-0.95036
-0.95212
-0.95299
-0.95184
-0.9492
-0.95078
-0.94873
-0.95281
-0.95068
-0.95051
-0.95174
-0.94958
-0.95347
-0.94957
-0.94955
-0.95226
-0.95107
-0.95143
-0.94587
-0.94597
-0.94598
-0.94483
-0.95341
-0.94772
-0.95621
-0.95047
-0.9459
0
0
0
0
0
0
0
0
0
0
0
0
0
0
0
0
0
0
0
0
0
0
0
0
0
0
0
0
0
0
0
0
0
0
0
0
0
0
0
0
0
0
0
0
0
0
0
0
0
0
0
0
0
0
-0.94954
-0.95147
-0.94872
-0.94829
-0.94829
-0.95141
-0.94803
-0.95141
-0.94829
-0.94876
-0.94879
-0.94877
-0.94878
55.6929
-0.95066
-0.95041
-0.94712
-0.95088
-0.94832
-0.94689
-0.94689
-0.94887
-0.9479
-0.94791
-0.9466
-0.94663
-0.94925
-0.94719
-0.94829
-0.94718
-0.94673
-0.9487
-0.94996
-0.94813
-0.94812
-0.9496
-0.95064
-0.94947
-0.94692
-0.94845
-0.94645
-0.9505
-0.94844
-0.94825
-0.94942
-0.94734
-0.9512
-0.94732
-0.9473
-0.94994
-0.9488
-0.94919
-0.94349
-0.94367
-0.94365
-0.94257
-0.95118
-0.94548
-0.95399
0
0
0
0
0
0
0
0
-0.6864
0
0
0
0
0
0
0
0
0
0
0
0
0
0
0
0
0
0
0
0
0
0
0
0
0
0
0
0
0
0
0
0
0
0
0
0
0
0
0
0
0
0
0
0
0
0
0
-0.95363
-0.95602
-0.95286
-0.95239
-0.95241
-0.95591
-0.95212
-0.95591
-0.95239
-0.95296
-0.95296
-0.95296
-0.95294
-0.95066
59.1568
-0.95449
-0.95121
-0.95512
-0.95263
-0.95095
-0.95096
-0.95317
-0.95199
-0.95199
-0.95074
-0.95074
-0.95321
-0.95129
-0.95242
-0.95129
-0.95072
-0.95282
-0.95416
-0.95227
-0.95227
-0.95363
-0.95487
-0.95359
-0.95108
-0.95256
-0.95062
-0.95479
-0.95257
-0.9524
-0.95357
-0.95151
-0.95534
-0.95147
-0.95148
-0.95404
-0.95299
-0.95335
-0.94742
-0.94775
-0.94776
-0.94657
-0.95535
-0.94963
-0.95818
0
0
0
0
0
0
0
0
0
0
0
0
0
0
0
0
0
0
0
0
0
0
0
0
0
0
0
0
0
0
0
0
0
0
0
0
0
0
-3.9137
0
0
0
0
0
0
0
0
0
0
0
0
0
0
0
0
0
-0.95358
-0.95576
-0.95283
-0.95232
-0.95229
-0.95572
-0.95195
-0.95571
-0.95215
-0.9527
-0.95273
-0.95272
-0.95273
-0.95041
-0.95449
62.4949
-0.95095
-0.95456
-0.95199
-0.95068
-0.95067
-0.95256
-0.95171
-0.95169
-0.95045
-0.95044
-0.95254
-0.95105
-0.95182
-0.95104
-0.95044
-0.95226
-0.95388
-0.95199
-0.95199
-0.95273
-0.95445
-0.95309
-0.95082
-0.95212
-0.9503
-0.95444
-0.95234
-0.95218
-0.95313
-0.95127
-0.95509
-0.95124
-0.95124
-0.95356
-0.95276
-0.95315
-0.94659
-0.94731
-0.94732
-0.94611
-0.95522
-0.94956
0
0
0
0
0
0
0
0
0
0
0
0
0
0
0
0
0
0
0
0
0
0
0
0
0
0
0
0
0
0
0
0
0
0
0
0
0
0
0
0
0
0
0
0
0
0
0
0
-4.114
0
-4.114
0
0
0
0
0
0
-0.94997
-0.95202
-0.94923
-0.94879
-0.94879
-0.95196
-0.94851
-0.95197
-0.94878
-0.94932
-0.94932
-0.9493
-0.94931
-0.94712
-0.95121
-0.95095
55.1734
-0.95136
-0.94883
-0.94737
-0.94736
-0.94935
-0.94838
-0.9484
-0.9471
-0.94711
-0.94954
-0.94768
-0.94882
-0.94767
-0.94707
-0.94925
-0.95047
-0.94862
-0.94864
-0.95023
-0.95121
-0.95003
-0.94743
-0.94901
-0.94686
-0.95091
-0.94891
-0.94876
-0.94994
-0.94783
-0.95173
-0.9478
-0.94781
-0.9505
-0.94931
-0.94968
-0.94415
-0.94424
-0.94424
-0.94309
-0.95168
-0.94598
0
0
0
0
0
0
0
0
0
0
0
0
0
0
-1.0925
0
0
0
0
0
0
0
0
0
0
0
0
0
0
0
0
0
0
0
0
0
0
0
0
0
0
0
0
0
0
0
0
0
0
0
0
0
0
0
0
0
0
-0.95381
-0.95616
-0.95303
-0.9526
-0.95261
-0.95606
-0.95232
-0.95605
-0.95258
-0.95318
-0.95318
-0.95317
-0.95319
-0.95088
-0.95512
-0.95456
-0.95136
58.1523
-0.95286
-0.95111
-0.95112
-0.95335
-0.95215
-0.95215
-0.95089
-0.95091
-0.95335
-0.95149
-0.95257
-0.95149
-0.95089
-0.95297
-0.95432
-0.95243
-0.95244
-0.9538
-0.95502
-0.95375
-0.95125
-0.95272
-0.95079
-0.95495
-0.95277
-0.95258
-0.95372
-0.95167
-0.95554
-0.95165
-0.95164
-0.95422
-0.95315
-0.95355
-0.94757
-0.94793
-0.94792
-0.94674
-0.95554
-0.94985
0
0
0
0
0
0
0
0
0
0
0
0
0
0
0
0
0
0
0
0
0
0
0
0
0
0
-3.8576
0
0
0
0
0
0
0
0
0
0
0
0
0
0
0
0
0
0
0
0
0
0
0
0
0
0
0
0
0
0
-0.95127
-0.95359
-0.95056
-0.95011
-0.95011
-0.95347
-0.94985
-0.95345
-0.95014
-0.9508
-0.95079
-0.95079
-0.95081
-0.94832
-0.95263
-0.95199
-0.94883
-0.95286
56.8645
-0.94859
-0.9486
-0.95082
-0.94956
-0.94958
-0.94829
-0.94829
-0.95052
-0.94887
-0.94981
-0.94886
-0.94824
-0.95024
-0.95165
-0.94981
-0.94979
-0.95075
-0.95224
-0.95124
-0.94863
-0.94997
-0.94809
-0.95217
-0.9501
-0.94994
-0.95098
-0.94902
-0.95285
-0.94899
-0.94899
-0.95144
-0.95051
-0.95089
-0.94473
-0.94519
-0.94514
-0.94399
0
0
0
0
0
0
0
0
0
0
0
0
0
0
0
0
0
-0.81546
0
0
0
0
0
0
0
0
0
0
0
-3.8013
0
0
0
0
0
0
0
0
0
0
0
0
0
0
0
0
0
0
0
0
0
0
0
0
0
0
0
0
0
-0.94973
-0.95176
-0.94899
-0.94853
-0.94854
-0.9517
-0.94828
-0.95168
-0.94854
-0.94906
-0.94906
-0.94904
-0.94907
-0.94689
-0.95095
-0.95068
-0.94737
-0.95111
-0.94859
54.067
-0.94708
-0.94912
-0.94816
-0.94815
-0.94686
-0.94685
-0.94928
-0.94741
-0.94855
-0.94743
-0.94682
-0.94898
-0.95021
-0.94838
-0.94839
-0.95004
-0.95095
-0.94981
-0.94719
-0.94874
-0.94672
-0.95079
-0.94868
-0.94851
-0.9497
-0.94759
-0.95145
-0.94755
-0.94755
-0.95023
-0.94904
-0.94942
-0.94388
-0.94397
-0.94398
-0.94283
-0.95139
-0.94571
0
0
0
0
0
0
0
0
0
0
0
0
0
0
0
0
0
0
0
0
0
0
0
0
0
0
0
0
0
0
0
0
0
0
0
0
0
0
0
0
0
0
0
0
0
0
0
0
0
0
0
0
0
0
0
0
0
-0.94973
-0.95176
-0.94897
-0.94856
-0.94855
-0.9517
-0.94827
-0.95169
-0.94855
-0.94907
-0.94906
-0.94906
-0.94906
-0.94689
-0.95096
-0.95067
-0.94736
-0.95112
-0.9486
-0.94708
54.0671
-0.94913
-0.94816
-0.94815
-0.94686
-0.94686
-0.94932
-0.94743
-0.94857
-0.94743
-0.94683
-0.94898
-0.95022
-0.94839
-0.94838
-0.95006
-0.95097
-0.94981
-0.94718
-0.94874
-0.94669
-0.95078
-0.94866
-0.9485
-0.94969
-0.94758
-0.95145
-0.94754
-0.94755
-0.95025
-0.94906
-0.94942
-0.9439
-0.94395
-0.94396
-0.94282
-0.95141
-0.94572
0
0
0
0
0
0
0
0
0
0
0
0
0
0
0
0
0
0
0
0
0
0
0
0
0
0
0
0
0
0
0
0
0
0
0
0
0
0
0
0
0
0
0
0
0
0
0
0
0
0
0
0
0
0
0
0
0
-0.95183
-0.95417
-0.95108
-0.95065
-0.95065
-0.95404
-0.95038
-0.95403
-0.95067
-0.95126
-0.95127
-0.95126
-0.95125
-0.94887
-0.95317
-0.95256
-0.94935
-0.95335
-0.95082
-0.94912
-0.94913
57.0284
-0.95013
-0.95014
-0.94887
-0.94886
-0.95117
-0.94943
-0.95043
-0.94945
-0.94883
-0.95085
-0.95226
-0.9504
-0.95039
-0.95158
-0.95292
-0.95165
-0.9492
-0.95064
-0.94871
-0.95286
-0.9507
-0.95052
-0.95166
-0.9496
-0.95345
-0.94956
-0.94958
-0.9521
-0.95109
-0.95146
-0.94547
-0.94585
-0.94586
-0.94467
-0.95351
0
0
0
0
0
0
0
0
0
0
0
0
0
0
0
0
0
0
0
0
0
0
0
0
0
0
0
0
0
0
0
0
0
0
-3.7957
0
0
0
0
0
0
0
0
0
0
0
0
0
0
0
0
0
0
0
0
0
0
0
-0.95077
-0.95278
-0.95
-0.94957
-0.94956
-0.95273
-0.94932
-0.95271
-0.94956
-0.95012
-0.95009
-0.95012
-0.95013
-0.9479
-0.95199
-0.95171
-0.94838
-0.95215
-0.94956
-0.94816
-0.94816
-0.95013
52.2262
-0.94908
-0.94775
-0.94776
-0.95044
-0.94848
-0.94962
-0.94845
-0.94789
-0.95005
-0.95129
-0.94943
-0.94941
-0.95121
-0.95202
-0.95086
-0.94823
-0.9498
-0.94777
-0.95184
-0.94972
-0.94956
-0.95077
-0.94865
-0.95254
-0.9486
-0.9486
-0.95131
-0.95013
-0.9505
-0.94492
-0.94504
-0.94503
-0.94386
0
0
0
0
0
0
0
0
0
0
0
0
0
0
0
0
0
0
0
0
0
0
0
0
0
0
0
0
0
0
0
0
0
0
0
0
0
0
0
0
0
0
0
0
0
0
0
0
0
0
0
0
0
0
0
0
0
0
0
-0.95075
-0.95278
-0.94999
-0.94957
-0.94957
-0.95272
-0.94932
-0.95272
-0.94957
-0.95011
-0.95012
-0.95012
-0.9501
-0.94791
-0.95199
-0.95169
-0.9484
-0.95215
-0.94958
-0.94815
-0.94815
-0.95014
-0.94908
52.2261
-0.94774
-0.94775
-0.9504
-0.94848
-0.94961
-0.94848
-0.94789
-0.95004
-0.95128
-0.94944
-0.94942
-0.95122
-0.95202
-0.95088
-0.94822
-0.94981
-0.94777
-0.95185
-0.94974
-0.94957
-0.95075
-0.94865
-0.95252
-0.9486
-0.94861
-0.9513
-0.95013
-0.95046
-0.94492
-0.94502
-0.94503
-0.94388
0
0
0
0
0
0
0
0
0
0
0
0
0
0
0
0
0
0
0
0
0
0
0
0
0
0
0
0
0
0
0
0
0
0
0
0
0
0
0
0
0
0
0
0
0
0
0
0
0
0
0
0
0
0
0
0
0
0
0
-0.94953
-0.95154
-0.94874
-0.94832
-0.94831
-0.95147
-0.94807
-0.95147
-0.94831
-0.94884
-0.94886
-0.94884
-0.94885
-0.9466
-0.95074
-0.95045
-0.9471
-0.95089
-0.94829
-0.94686
-0.94686
-0.94887
-0.94775
-0.94774
51.2142
-0.94634
-0.94912
-0.94722
-0.94825
-0.94722
-0.94661
-0.94877
-0.95
-0.94816
-0.94815
-0.94977
-0.9507
-0.94955
-0.94697
-0.94852
-0.94648
-0.95053
-0.94844
-0.94825
-0.94946
-0.94735
-0.95121
-0.94732
-0.94731
-0.95002
-0.94881
-0.9492
-0.94368
-0.94375
-0.94376
0
0
0
0
0
0
0
0
0
0
0
0
0
0
0
0
0
0
0
0
0
0
0
0
0
0
0
0
0
0
0
0
0
0
0
0
0
0
0
0
0
0
0
0
0
0
0
0
0
0
0
0
0
0
0
0
0
0
0
0
-0.94952
-0.95153
-0.94873
-0.94832
-0.94831
-0.95146
-0.94802
-0.95148
-0.9483
-0.94887
-0.94886
-0.94885
-0.94884
-0.94663
-0.95074
-0.95044
-0.94711
-0.95091
-0.94829
-0.94685
-0.94686
-0.94886
-0.94776
-0.94775
-0.94634
51.2141
-0.94911
-0.94723
-0.94825
-0.94724
-0.94661
-0.94879
-0.94998
-0.94815
-0.94814
-0.94976
-0.9507
-0.94956
-0.94694
-0.94852
-0.94648
-0.95053
-0.94845
-0.94825
-0.94946
-0.94735
-0.95122
-0.94729
-0.94732
-0.95003
-0.94882
-0.94918
-0.94368
-0.94374
-0.94375
0
0
0
0
0
0
0
0
0
0
0
0
0
0
0
0
0
0
0
0
0
0
0
0
0
0
0
0
0
0
0
0
0
0
0
0
0
0
0
0
0
0
0
0
0
0
0
0
0
0
0
0
0
0
0
0
0
0
0
0
-0.9521
-0.95422
-0.9513
-0.95086
-0.95086
-0.95409
-0.95059
-0.95409
-0.95085
-0.95137
-0.95137
-0.95137
-0.95136
-0.94925
-0.95321
-0.95254
-0.94954
-0.95335
-0.95052
-0.94928
-0.94932
-0.95117
-0.95044
-0.9504
-0.94912
-0.94911
52.7453
-0.94974
-0.95065
-0.94974
-0.94927
-0.95114
-0.95254
-0.95069
-0.95069
-0.95196
-0.95318
-0.95191
-0.94947
-0.95089
-0.94896
-0.95309
-0.951
-0.95083
-0.95192
-0.94992
-0.95377
-0.9499
-0.94992
-0.95237
-0.95144
-0.95183
0
0
0
0
0
0
0
0
0
0
0
0
0
0
0
-0.68927
0
0
0
0
0
0
0
0
0
0
0
0
0
0
0
0
0
0
0
0
0
0
0
0
0
0
0
0
0
0
0
0
0
0
0
0
0
0
0
0
0
0
0
0
0
0
-3.5476
-0.95008
-0.95208
-0.94933
-0.94887
-0.94888
-0.95204
-0.9486
-0.95205
-0.94889
-0.94944
-0.94944
-0.94942
-0.94942
-0.94719
-0.95129
-0.95105
-0.94768
-0.95149
-0.94887
-0.94741
-0.94743
-0.94943
-0.94848
-0.94848
-0.94722
-0.94723
-0.94974
48.4126
-0.949
-0.94754
-0.94705
-0.94958
-0.9505
-0.94871
-0.94871
-0.95089
-0.95119
-0.9501
-0.94748
-0.94905
-0.94699
-0.9511
-0.94902
-0.94883
-0.95003
-0.9479
-0.95181
-0.9479
-0.94792
-0.9506
-0.94941
-0.94982
0
0
0
0
0
0
0
0
0
0
0
0
0
0
0
0
0
0
0
0
0
0
0
0
0
0
0
0
0
0
0
0
0
0
0
0
0
0
0
0
0
0
0
0
0
0
0
0
0
0
0
0
0
0
0
0
0
0
0
0
0
0
0
-0.95129
-0.95344
-0.95056
-0.95009
-0.95007
-0.95328
-0.94981
-0.95329
-0.95009
-0.95059
-0.95059
-0.95059
-0.9506
-0.94829
-0.95242
-0.95182
-0.94882
-0.95257
-0.94981
-0.94855
-0.94857
-0.95043
-0.94962
-0.94961
-0.94825
-0.94825
-0.95065
-0.949
50.9771
-0.94898
-0.94832
-0.95039
-0.95176
-0.94989
-0.94988
-0.95097
-0.95241
-0.95116
-0.94865
-0.95016
-0.94816
-0.95225
-0.95015
-0.94995
-0.95112
-0.94906
-0.95292
-0.94905
-0.94905
-0.95163
-0.95058
0
0
0
0
0
0
0
0
0
0
0
0
0
0
0
0
0
0
0
0
0
0
0
0
0
0
0
0
0
0
0
0
0
0
0
0
0
0
0
0
0
0
0
-3.4597
0
0
0
0
0
0
0
0
0
0
0
0
0
0
0
0
0
0
0
0
-0.95006
-0.9521
-0.94932
-0.94887
-0.94886
-0.95204
-0.94861
-0.95203
-0.94888
-0.94942
-0.94943
-0.94942
-0.94942
-0.94718
-0.95129
-0.95104
-0.94767
-0.95149
-0.94886
-0.94743
-0.94743
-0.94945
-0.94845
-0.94848
-0.94722
-0.94724
-0.94974
-0.94754
-0.94898
48.4124
-0.94704
-0.94958
-0.95053
-0.94869
-0.94871
-0.95089
-0.95118
-0.95009
-0.94749
-0.94904
-0.947
-0.95108
-0.94901
-0.94883
-0.95003
-0.94791
-0.95179
-0.9479
-0.9479
-0.95061
-0.94939
-0.9498
0
0
0
0
0
0
0
0
0
0
0
0
0
0
0
0
0
0
0
0
0
0
0
0
0
0
0
0
0
0
0
0
0
0
0
0
0
0
0
0
0
0
0
0
0
0
0
0
0
0
0
0
0
0
0
0
0
0
0
0
0
0
0
-0.94974
-0.9515
-0.94872
-0.94828
-0.94829
-0.95146
-0.94802
-0.95145
-0.94829
-0.94884
-0.94883
-0.94883
-0.94882
-0.94673
-0.95072
-0.95044
-0.94707
-0.95089
-0.94824
-0.94682
-0.94683
-0.94883
-0.94789
-0.94789
-0.94661
-0.94661
-0.94927
-0.94705
-0.94832
-0.94704
46.8379
-0.94859
-0.94985
-0.94812
-0.9481
-0.94992
-0.95038
-0.9494
-0.94684
-0.94835
-0.94626
-0.95038
-0.94834
-0.94814
-0.94935
-0.94721
-0.95112
-0.94727
-0.94725
0
0
0
0
0
0
0
0
0
0
0
0
0
0
0
0
0
0
0
0
0
0
0
0
0
0
0
-1.3047
0
0
0
0
0
0
0
0
0
0
0
0
0
0
0
0
0
0
0
0
0
0
0
0
0
0
0
0
0
0
0
0
0
0
0
0
0
0
-0.95172
-0.95385
-0.95096
-0.95051
-0.95049
-0.95364
-0.95023
-0.95366
-0.9505
-0.95102
-0.95101
-0.951
-0.951
-0.9487
-0.95282
-0.95226
-0.94925
-0.95297
-0.95024
-0.94898
-0.94898
-0.95085
-0.95005
-0.95004
-0.94877
-0.94879
-0.95114
-0.94958
-0.95039
-0.94958
-0.94859
49.0308
-0.95212
-0.95027
-0.95027
-0.95195
-0.95277
-0.95157
-0.94902
-0.95054
-0.94847
-0.95264
-0.95055
-0.95036
-0.95152
-0.94943
-0.95332
-0.94947
-0.94947
0
0
0
0
0
0
0
0
0
0
0
0
0
0
0
0
0
0
0
0
0
0
0
0
0
0
0
0
0
0
0
0
0
0
0
0
0
0
0
0
0
0
0
0
0
0
0
0
0
0
0
0
0
0
-3.3955
0
0
0
0
0
0
0
0
0
0
0
-0.95288
-0.95497
-0.95212
-0.95168
-0.95169
-0.95489
-0.95142
-0.95488
-0.9517
-0.95224
-0.95224
-0.95223
-0.95222
-0.94996
-0.95416
-0.95388
-0.95047
-0.95432
-0.95165
-0.95021
-0.95022
-0.95226
-0.95129
-0.95128
-0.95
-0.94998
-0.95254
-0.9505
-0.95176
-0.95053
-0.94985
-0.95212
44.3397
-0.95154
-0.95154
-0.95323
-0.95409
-0.95367
-0.95034
-0.95237
-0.95
-0.95403
-0.95207
-0.95191
-0.95317
-0.95093
0
0
0
0
0
0
0
0
0
0
0
0
0
0
0
0
0
0
0
0
0
0
0
0
0
-1.4987
0
0
0
0
0
0
0
0
0
0
0
0
0
0
0
0
0
0
0
0
0
0
0
0
0
0
0
0
0
0
0
0
0
0
0
0
0
0
0
0
0
0
0
-0.95102
-0.95306
-0.95026
-0.94981
-0.9498
-0.95299
-0.94954
-0.95299
-0.94983
-0.95038
-0.95038
-0.95038
-0.95036
-0.94813
-0.95227
-0.95199
-0.94862
-0.95243
-0.94981
-0.94838
-0.94839
-0.9504
-0.94943
-0.94944
-0.94816
-0.94815
-0.95069
-0.94871
-0.94989
-0.94869
-0.94812
-0.95027
-0.95154
42.7572
-0.94894
-0.95147
-0.95279
-0.95153
-0.94822
-0.95003
-0.94787
-0.95223
-0.95001
-0.94985
-0.9511
-0.94885
0
0
0
0
0
0
0
0
0
0
0
0
0
0
0
0
0
0
0
0
0
0
0
0
0
0
0
0
0
0
0
0
0
0
0
0
0
0
0
0
0
0
0
0
0
0
0
0
0
0
0
0
0
0
0
0
0
0
0
0
0
0
0
0
0
0
0
0
0
-0.95102
-0.95304
-0.95025
-0.94981
-0.94981
-0.953
-0.94955
-0.95298
-0.94982
-0.95037
-0.95038
-0.95039
-0.95036
-0.94812
-0.95227
-0.95199
-0.94864
-0.95244
-0.94979
-0.94839
-0.94838
-0.95039
-0.94941
-0.94942
-0.94815
-0.94814
-0.95069
-0.94871
-0.94988
-0.94871
-0.9481
-0.95027
-0.95154
-0.94894
42.7572
-0.95149
-0.95279
-0.95154
-0.94824
-0.95005
-0.94788
-0.95223
-0.95001
-0.94986
-0.95108
-0.94886
0
0
0
0
0
0
0
0
0
0
0
0
0
0
0
0
0
0
0
0
0
0
0
0
0
0
0
0
0
0
0
0
0
0
0
0
0
0
0
0
0
0
0
0
0
0
0
0
0
0
0
0
0
0
0
0
0
0
0
0
0
0
0
0
0
0
0
0
0
-0.95285
-0.95482
-0.9522
-0.95173
-0.95171
-0.95453
-0.95142
-0.95452
-0.95164
-0.95214
-0.95212
-0.95213
-0.95212
-0.9496
-0.95363
-0.95273
-0.95023
-0.9538
-0.95075
-0.95004
-0.95006
-0.95158
-0.95121
-0.95122
-0.94977
-0.94976
-0.95196
-0.95089
-0.95097
-0.95089
-0.94992
-0.95195
-0.95323
-0.95147
-0.95149
50.8388
-0.95358
-0.95238
-0.95047
-0.95082
-0.94912
0
0
0
0
0
0
0
0
0
0
0
0
0
0
0
0
0
0
0
0
0
0
0
0
0
0
0
0
0
0
0
0
0
0
0
0
-1.1813
0
0
0
0
0
0
0
0
0
0
0
0
0
0
0
0
0
0
0
0
0
0
0
-3.8633
0
0
0
0
0
0
0
-3.8633
0
-3.8634
0
0
0
-0.95368
-0.95583
-0.95296
-0.95248
-0.9525
-0.95569
-0.95223
-0.95567
-0.95247
-0.953
-0.95298
-0.953
-0.95299
-0.95064
-0.95487
-0.95445
-0.95121
-0.95502
-0.95224
-0.95095
-0.95097
-0.95292
-0.95202
-0.95202
-0.9507
-0.9507
-0.95318
-0.95119
-0.95241
-0.95118
-0.95038
-0.95277
-0.95409
-0.95279
-0.95279
-0.95358
43.8068
-0.95437
-0.95105
-0.95221
-0.94969
0
-0.95266
0
0
0
0
0
0
0
0
0
0
0
0
0
0
0
0
0
0
0
0
0
0
0
0
0
0
0
0
-1.502
0
0
0
0
0
0
0
0
0
0
0
0
0
0
0
0
0
0
0
0
0
0
0
0
0
0
0
-3.2463
0
0
0
0
0
0
0
0
0
0
0
0
0
0
0
-0.95251
-0.95456
-0.95179
-0.9513
-0.95132
-0.95442
-0.95107
-0.95444
-0.95131
-0.95183
-0.95183
-0.95184
-0.95184
-0.94947
-0.95359
-0.95309
-0.95003
-0.95375
-0.95124
-0.94981
-0.94981
-0.95165
-0.95086
-0.95088
-0.94955
-0.94956
-0.95191
-0.9501
-0.95116
-0.95009
-0.9494
-0.95157
-0.95367
-0.95153
-0.95154
-0.95238
-0.95437
43.3252
-0.94989
-0.9498
-0.94772
0
0
0
0
0
0
0
0
0
0
0
0
0
0
0
0
0
0
0
0
0
0
0
0
0
-1.1816
0
0
0
0
0
0
-0.8181
0
0
0
0
0
0
0
0
0
0
0
0
0
0
0
0
0
0
0
0
0
0
0
0
0
0
0
0
0
0
0
0
0
0
0
0
-3.2671
0
0
0
0
-0.94983
-0.95186
-0.94907
-0.94865
-0.94865
-0.95182
-0.94837
-0.9518
-0.94864
-0.9492
-0.9492
-0.94919
-0.9492
-0.94692
-0.95108
-0.95082
-0.94743
-0.95125
-0.94863
-0.94719
-0.94718
-0.9492
-0.94823
-0.94822
-0.94697
-0.94694
-0.94947
-0.94748
-0.94865
-0.94749
-0.94684
-0.94902
-0.95034
-0.94822
-0.94824
-0.95047
-0.95105
-0.94989
40.8049
-0.94845
-0.94583
-0.95068
-0.94871
-0.94857
0
0
0
0
0
0
0
0
0
0
0
0
0
0
0
0
0
0
0
0
0
0
0
0
0
0
0
0
0
0
0
0
0
0
0
0
0
0
0
0
0
0
0
0
0
0
0
0
0
0
0
0
0
0
0
0
0
0
0
0
0
0
0
0
0
0
0
0
0
0
0
-0.95148
-0.95356
-0.95076
-0.95027
-0.95028
-0.95338
-0.95
-0.95339
-0.95025
-0.95077
-0.95075
-0.95079
-0.95078
-0.94845
-0.95256
-0.95212
-0.94901
-0.95272
-0.94997
-0.94874
-0.94874
-0.95064
-0.9498
-0.94981
-0.94852
-0.94852
-0.95089
-0.94905
-0.95016
-0.94904
-0.94835
-0.95054
-0.95237
-0.95003
-0.95005
-0.95082
-0.95221
-0.9498
-0.94845
42.3728
-0.94607
0
0
0
0
0
0
0
0
0
0
0
0
0
0
0
0
0
0
0
0
0
0
0
0
-1.1313
0
0
0
0
0
0
0
0
0
0
0
0
0
0
0
0
0
0
0
0
0
0
0
-3.2276
0
0
0
0
0
0
0
0
0
0
0
0
0
0
0
0
0
0
0
0
0
0
0
0
0
-0.94935
-0.95144
-0.94861
-0.9482
-0.9482
-0.95138
-0.94792
-0.95138
-0.9482
-0.94873
-0.94874
-0.94873
-0.94873
-0.94645
-0.95062
-0.9503
-0.94686
-0.95079
-0.94809
-0.94672
-0.94669
-0.94871
-0.94777
-0.94777
-0.94648
-0.94648
-0.94896
-0.94699
-0.94816
-0.947
-0.94626
-0.94847
-0.95
-0.94787
-0.94788
-0.94912
-0.94969
-0.94772
-0.94583
-0.94607
40.3401
0
0
0
0
0
0
0
0
0
0
0
0
0
0
0
0
0
0
0
0
0
0
0
0
0
0
0
0
-0.76258
0
0
0
0
0
-1.6442
0
0
0
0
0
0
0
0
0
0
0
0
0
0
0
0
0
0
0
0
0
0
0
0
0
0
0
0
0
0
0
0
0
0
0
0
0
0
0
-0.95345
-0.95567
-0.95269
-0.95227
-0.95226
-0.95557
-0.95198
-0.95556
-0.95227
-0.95282
-0.95284
-0.95282
-0.95281
-0.9505
-0.95479
-0.95444
-0.95091
-0.95495
-0.95217
-0.95079
-0.95078
-0.95286
-0.95184
-0.95185
-0.95053
-0.95053
-0.95309
-0.9511
-0.95225
-0.95108
-0.95038
-0.95264
-0.95403
-0.95223
-0.95223
0
0
0
-0.95068
0
0
37.7498
0
0
0
0
0
0
0
0
0
0
0
0
0
0
0
0
0
0
0
0
0
0
0
0
0
0
0
0
0
0
0
0
-1.5228
0
0
0
0
0
-1.9373
0
0
0
0
0
0
0
0
0
0
0
0
0
0
0
0
0
0
0
0
0
0
0
0
0
0
0
0
0
0
0
0
0
0
-0.95133
-0.95337
-0.95056
-0.95013
-0.95011
-0.95331
-0.94986
-0.95329
-0.95012
-0.95068
-0.95069
-0.95069
-0.95068
-0.94844
-0.95257
-0.95234
-0.94891
-0.95277
-0.9501
-0.94868
-0.94866
-0.9507
-0.94972
-0.94974
-0.94844
-0.94845
-0.951
-0.94902
-0.95015
-0.94901
-0.94834
-0.95055
-0.95207
-0.95001
-0.95001
0
-0.95266
0
-0.94871
0
0
0
35.1658
0
0
0
0
0
0
0
0
0
0
0
0
0
0
0
0
0
0
0
0
0
0
0
0
0
0
0
0
0
0
0
0
0
0
0
0
0
0
0
0
0
0
0
0
0
0
0
0
0
0
0
0
0
0
0
0
0
0
0
0
0
0
0
0
0
0
0
0
0
0
0
0
-0.95115
-0.95318
-0.95038
-0.94994
-0.94995
-0.95314
-0.94969
-0.95314
-0.94997
-0.95051
-0.95052
-0.95052
-0.95051
-0.94825
-0.9524
-0.95218
-0.94876
-0.95258
-0.94994
-0.94851
-0.9485
-0.95052
-0.94956
-0.94957
-0.94825
-0.94825
-0.95083
-0.94883
-0.94995
-0.94883
-0.94814
-0.95036
-0.95191
-0.94985
-0.94986
0
0
0
-0.94857
0
0
0
0
34.207
0
0
0
0
0
0
0
0
0
0
0
0
0
0
0
0
0
0
0
0
0
0
0
0
0
0
0
0
0
0
0
0
0
0
0
0
0
0
0
0
0
0
0
0
0
0
0
0
0
0
0
0
0
0
0
0
0
0
0
0
0
0
0
0
0
0
0
0
0
0
0
-0.95238
-0.95443
-0.95163
-0.95121
-0.9512
-0.95434
-0.95095
-0.95435
-0.95119
-0.95173
-0.95172
-0.95173
-0.95174
-0.94942
-0.95357
-0.95313
-0.94994
-0.95372
-0.95098
-0.9497
-0.94969
-0.95166
-0.95077
-0.95075
-0.94946
-0.94946
-0.95192
-0.95003
-0.95112
-0.95003
-0.94935
-0.95152
-0.95317
-0.9511
-0.95108
0
0
0
0
0
0
0
0
0
36.0585
0
0
0
0
0
0
0
0
0
0
0
0
0
0
0
0
0
0
0
0
0
0
0
0
0
0
0
0
0
0
0
0
0
0
0
0
0
-2.7583
0
0
0
0
0
0
0
0
0
0
0
0
0
0
0
0
0
0
0
0
0
0
0
0
0
0
0
0
0
0
0
0
-0.95024
-0.95226
-0.94946
-0.94903
-0.94903
-0.95222
-0.94877
-0.95221
-0.94906
-0.9496
-0.94959
-0.94958
-0.94958
-0.94734
-0.95151
-0.95127
-0.94783
-0.95167
-0.94902
-0.94759
-0.94758
-0.9496
-0.94865
-0.94865
-0.94735
-0.94735
-0.94992
-0.9479
-0.94906
-0.94791
-0.94721
-0.94943
-0.95093
-0.94885
-0.94886
0
0
0
0
0
0
0
0
0
0
33.2261
0
0
0
0
0
0
0
0
0
0
0
0
0
0
0
0
0
0
0
0
0
0
0
0
0
0
0
0
0
0
0
0
0
0
0
0
0
0
0
0
0
0
0
0
0
0
0
0
0
0
0
0
0
0
0
0
0
0
0
0
0
0
0
0
0
0
0
0
0
-0.9541
-0.95611
-0.95334
-0.95291
-0.9529
-0.95607
-0.95263
-0.95606
-0.95293
-0.95349
-0.95347
-0.95347
-0.95347
-0.9512
-0.95534
-0.95509
-0.95173
-0.95554
-0.95285
-0.95145
-0.95145
-0.95345
-0.95254
-0.95252
-0.95121
-0.95122
-0.95377
-0.95181
-0.95292
-0.95179
-0.95112
-0.95332
0
0
0
0
0
0
0
0
0
0
0
0
0
0
31.6861
0
0
0
0
0
0
0
0
0
0
0
0
0
0
0
0
0
0
0
-1.1848
0
0
0
0
0
0
0
0
0
0
0
0
0
0
0
0
0
0
0
0
0
0
0
0
0
0
0
0
0
0
0
0
0
0
0
0
0
0
0
0
0
0
0
0
0
0
0
0
-0.9502
-0.95222
-0.94942
-0.94898
-0.94899
-0.95216
-0.94871
-0.95219
-0.94901
-0.94955
-0.94956
-0.94954
-0.94957
-0.94732
-0.95147
-0.95124
-0.9478
-0.95165
-0.94899
-0.94755
-0.94754
-0.94956
-0.9486
-0.9486
-0.94732
-0.94729
-0.9499
-0.9479
-0.94905
-0.9479
-0.94727
-0.94947
0
0
0
0
0
0
0
0
0
0
0
0
0
0
0
30.3765
0
0
0
0
0
0
0
0
0
0
0
0
0
0
0
0
0
0
0
0
0
0
0
0
0
0
0
0
0
0
0
0
0
0
0
0
0
0
0
0
0
0
0
0
0
0
0
0
0
0
0
0
0
0
0
0
0
0
0
0
0
0
0
0
0
0
0
-0.9502
-0.95221
-0.9494
-0.949
-0.949
-0.95214
-0.94873
-0.95217
-0.94901
-0.94956
-0.94955
-0.94956
-0.94955
-0.9473
-0.95148
-0.95124
-0.94781
-0.95164
-0.94899
-0.94755
-0.94755
-0.94958
-0.9486
-0.94861
-0.94731
-0.94732
-0.94992
-0.94792
-0.94905
-0.9479
-0.94725
-0.94947
0
0
0
0
0
0
0
0
0
0
0
0
0
0
0
0
30.3766
0
0
0
0
0
0
0
0
0
0
0
0
0
0
0
0
0
0
0
0
0
0
0
0
0
0
0
0
0
0
0
0
0
0
0
0
0
0
0
0
0
0
0
0
0
0
0
0
0
0
0
0
0
0
0
0
0
0
0
0
0
0
0
0
0
0
-0.95288
-0.95492
-0.95218
-0.95173
-0.95175
-0.95483
-0.95149
-0.95483
-0.95176
-0.95228
-0.95227
-0.95228
-0.95226
-0.94994
-0.95404
-0.95356
-0.9505
-0.95422
-0.95144
-0.95023
-0.95025
-0.9521
-0.95131
-0.9513
-0.95002
-0.95003
-0.95237
-0.9506
-0.95163
-0.95061
0
0
0
0
0
0
0
0
0
0
0
0
0
0
0
0
0
0
0
31.8135
0
0
0
0
0
0
0
0
0
0
0
0
0
0
0
0
0
0
0
-0.76946
0
0
0
0
0
0
0
0
0
0
0
0
0
0
0
0
0
0
0
0
0
0
0
0
0
0
0
0
0
0
0
0
0
0
0
-2.4845
0
0
0
0
0
0
0
0
0
-0.9517
-0.95373
-0.95093
-0.9505
-0.95051
-0.95368
-0.95024
-0.95371
-0.95052
-0.95107
-0.95106
-0.95106
-0.95107
-0.9488
-0.95299
-0.95276
-0.94931
-0.95315
-0.95051
-0.94904
-0.94906
-0.95109
-0.95013
-0.95013
-0.94881
-0.94882
-0.95144
-0.94941
-0.95058
-0.94939
0
0
0
0
0
0
0
0
0
0
0
0
0
0
0
0
0
0
0
0
28.5252
0
0
0
0
0
0
0
0
0
0
0
0
0
0
0
0
0
0
0
0
0
0
0
0
0
0
0
0
0
0
0
0
0
0
0
0
0
0
0
0
0
0
0
0
0
0
0
0
0
0
0
0
0
0
0
0
0
0
0
0
0
0
0
0
-0.95208
-0.95409
-0.95129
-0.95086
-0.95086
-0.95405
-0.9506
-0.95405
-0.95089
-0.95144
-0.95143
-0.95143
-0.95143
-0.94919
-0.95335
-0.95315
-0.94968
-0.95355
-0.95089
-0.94942
-0.94942
-0.95146
-0.9505
-0.95046
-0.9492
-0.94918
-0.95183
-0.94982
0
-0.9498
0
0
0
0
0
0
0
0
0
0
0
0
0
0
0
0
0
0
0
0
0
27.5854
0
0
0
0
0
0
0
0
0
0
0
0
0
0
0
0
0
0
0
0
0
0
0
0
0
0
0
0
0
0
0
0
0
0
0
0
0
0
0
0
0
0
0
0
0
0
0
0
0
0
0
0
0
0
0
0
0
0
0
0
0
0
0
-0.94652
-0.94837
-0.94585
-0.9454
-0.94538
-0.94822
-0.94514
-0.94822
-0.94539
-0.94588
-0.94588
-0.94588
-0.94587
-0.94349
-0.94742
-0.94659
-0.94415
-0.94757
-0.94473
-0.94388
-0.9439
-0.94547
-0.94492
-0.94492
-0.94368
-0.94368
0
0
0
0
0
0
0
0
0
0
0
0
0
0
0
0
0
0
0
0
0
0
0
0
0
0
29.5276
0
0
0
0
0
0
0
0
0
0
0
0
0
0
0
0
0
0
0
0
0
0
0
0
0
0
0
0
0
0
-2.4706
0
0
0
0
0
0
0
0
0
0
0
0
0
0
0
0
0
0
0
0
0
0
0
0
0
0
0
0
-2.4706
0
0
-0.94661
-0.94859
-0.94587
-0.94544
-0.94544
-0.9485
-0.94516
-0.9485
-0.94544
-0.94598
-0.94596
-0.94596
-0.94597
-0.94367
-0.94775
-0.94731
-0.94424
-0.94793
-0.94519
-0.94397
-0.94395
-0.94585
-0.94504
-0.94502
-0.94375
-0.94374
0
0
0
0
0
0
0
0
0
0
0
0
0
0
0
0
0
0
0
0
0
0
0
0
0
0
0
26.3337
0
0
0
0
0
0
0
0
0
0
0
0
0
0
0
0
0
0
0
0
0
0
0
0
0
0
0
0
0
0
0
0
0
0
0
0
0
0
0
0
0
0
0
0
0
0
0
0
0
0
-1.7429
0
0
0
0
0
0
0
0
0
0
-0.9466
-0.94859
-0.94588
-0.94543
-0.94546
-0.94849
-0.94517
-0.94849
-0.94544
-0.94598
-0.94596
-0.94598
-0.94598
-0.94365
-0.94776
-0.94732
-0.94424
-0.94792
-0.94514
-0.94398
-0.94396
-0.94586
-0.94503
-0.94503
-0.94376
-0.94375
0
0
0
0
0
0
0
0
0
0
0
0
0
0
0
0
0
0
0
0
0
0
0
0
0
0
0
0
26.3337
0
0
0
0
0
0
0
0
0
0
0
0
0
0
0
0
0
0
0
0
0
0
0
0
0
0
0
0
0
0
0
0
-1.7429
0
0
0
0
0
0
0
0
0
0
0
0
0
0
0
0
0
0
0
0
0
0
0
0
0
0
0
-0.94548
-0.94736
-0.94472
-0.94431
-0.94429
-0.94732
-0.94402
-0.94728
-0.94432
-0.94483
-0.94483
-0.94484
-0.94483
-0.94257
-0.94657
-0.94611
-0.94309
-0.94674
-0.94399
-0.94283
-0.94282
-0.94467
-0.94386
-0.94388
0
0
0
0
0
0
0
0
0
0
0
0
0
0
0
0
0
0
0
0
0
0
0
0
0
0
0
0
0
0
0
23.9606
0
0
0
0
0
0
0
0
0
0
0
0
0
0
0
0
0
0
0
0
0
0
0
0
0
0
0
0
0
0
0
0
0
0
0
0
0
0
0
0
0
0
0
0
-1.2851
0
0
0
0
0
0
0
0
0
0
0
0
0
0
-0.95404
-0.95604
-0.95328
-0.9528
-0.95283
-0.95602
-0.95257
-0.95602
-0.95285
-0.95342
-0.95343
-0.95341
-0.95341
-0.95118
-0.95535
-0.95522
-0.95168
-0.95554
0
-0.95139
-0.95141
-0.95351
0
0
0
0
0
0
0
0
0
0
0
0
0
0
0
0
0
0
0
0
0
0
0
0
0
0
0
0
0
0
0
0
0
0
20.0254
0
0
0
0
0
0
0
0
0
0
0
0
0
0
0
0
0
0
0
0
0
0
0
0
0
0
0
0
0
0
0
0
0
0
0
0
0
0
0
0
0
0
0
0
0
0
0
0
0
0
0
0
0
0
0
0
0
0
-0.94833
-0.95031
-0.94757
-0.94712
-0.94712
-0.95028
-0.94686
-0.95031
-0.94714
-0.94772
-0.94773
-0.94773
-0.94772
-0.94548
-0.94963
-0.94956
-0.94598
-0.94985
0
-0.94571
-0.94572
0
0
0
0
0
0
0
0
0
0
0
0
0
0
0
0
0
0
0
0
0
0
0
0
0
0
0
0
0
0
0
0
0
0
0
0
18.9579
0
0
0
0
0
0
0
0
0
0
0
0
0
0
0
0
0
0
0
0
0
0
0
0
0
0
0
0
0
0
0
0
0
0
0
0
0
0
0
0
0
0
0
0
0
0
0
0
0
0
0
0
0
0
0
0
0
-0.95682
-0.95871
-0.95602
-0.9556
-0.95559
-0.95875
-0.95534
-0.95875
-0.95562
-0.9562
-0.95621
-0.9562
-0.95621
-0.95399
-0.95818
0
0
0
0
0
0
0
0
0
0
0
0
0
0
0
0
0
0
0
0
0
0
0
0
0
0
0
0
0
0
0
0
0
0
0
0
0
0
0
0
0
0
0
14.3482
0
0
0
0
0
0
0
0
0
0
0
0
0
0
0
0
0
0
0
0
0
0
0
0
0
0
0
0
0
0
0
0
0
0
0
0
0
0
0
0
0
0
0
0
0
0
0
0
0
0
0
0
0
0
0
0
-0.95111
-0.95283
-0.9504
-0.9499
-0.94991
-0.9528
-0.94966
-0.95281
-0.94995
-0.95048
-0.95048
-0.9505
-0.95047
0
0
0
0
0
0
0
0
0
0
0
0
0
0
0
0
0
0
0
0
0
0
0
0
0
0
0
0
0
0
0
0
0
0
0
0
0
0
0
0
0
0
0
0
0
0
12.7938
0
0
0
0
0
0
0
0
0
0
0
0
0
0
0
0
0
0
0
0
0
0
0
0
0
0
-0.43251
0
0
0
0
0
0
0
0
0
0
0
0
0
0
0
0
0
0
0
0
0
0
0
0
0
0
0
0
-0.94653
-0.94834
-0.94571
-0.94529
-0.94529
-0.94839
-0.945
-0.94838
-0.94532
-0.94589
-0.94592
-0.94589
-0.9459
0
0
0
0
0
0
0
0
0
0
0
0
0
0
0
0
0
0
0
0
0
0
0
0
0
0
0
0
0
0
0
0
0
0
0
0
0
0
0
0
0
0
0
0
0
0
0
12.3019
0
0
0
0
0
0
0
0
0
0
0
0
0
0
0
0
0
0
0
0
0
0
0
0
0
0
0
0
0
0
0
0
0
0
0
0
0
0
0
0
0
0
0
0
0
0
0
0
0
0
0
0
0
0
-0.96248
-0.96454
-0.96168
-0.9613
-0.96128
-0.96464
-0.96103
-0.96464
-0.96137
0
0
0
0
0
0
0
0
0
0
0
0
0
0
0
0
0
0
0
0
0
0
0
0
0
0
0
0
0
0
0
0
0
0
0
0
0
0
0
0
0
0
0
0
0
0
0
0
0
0
0
0
9.7384
0
0
0
0
0
0
0
0
0
0
-1.0754
0
0
0
0
0
0
0
0
0
0
0
0
0
0
0
0
0
0
0
0
0
0
0
0
0
0
0
0
0
0
0
0
0
0
0
0
0
0
0
0
0
0
-0.94946
-0.95118
-0.94863
-0.94817
-0.94819
-0.95126
-0.94789
-0.95126
-0.94822
0
0
0
0
0
0
0
0
0
0
0
0
0
0
0
0
0
0
0
0
0
0
0
0
0
0
0
0
0
0
0
0
0
0
0
0
0
0
0
0
0
0
0
0
0
0
0
0
0
0
0
0
0
8.5443
0
0
0
0
0
0
0
0
0
0
0
0
0
0
0
0
0
0
0
0
0
0
0
0
0
0
0
0
0
0
0
0
0
0
0
0
0
0
0
0
0
0
0
0
0
0
0
0
0
0
0
0
-1.071
-1.0717
-1.0703
-1.0698
-1.0698
0
0
0
0
0
0
0
0
0
0
0
0
0
0
0
0
0
0
0
0
0
0
0
0
0
0
0
0
0
0
0
0
0
0
0
0
0
0
0
0
0
0
0
0
0
0
0
0
0
0
0
0
0
0
0
0
0
0
6.5984
0
0
0
0
0
0
0
0
0
0
0
0
0
0
0
-1.2457
0
0
0
0
0
0
0
0
0
0
0
0
0
0
0
0
0
0
0
0
0
0
0
0
0
0
0
0
0
0
0
0
0
0
0
-1.0193
-1.0203
-1.0183
-1.0178
-1.0178
0
-1.018
0
0
0
0
0
0
0
0
0
0
0
0
0
0
0
0
0
0
0
0
0
0
0
0
0
0
0
0
0
0
0
0
0
0
0
0
0
0
0
0
0
0
0
0
0
0
0
0
0
0
0
0
0
0
0
0
0
6.1116
0
0
0
0
0
0
0
0
0
0
0
0
0
0
0
0
0
0
0
0
0
0
0
0
0
0
0
0
0
0
0
0
0
0
0
0
0
0
0
0
0
0
0
0
0
0
0
0
0
0
0
0
0
0
0
0
0
0
0
0
0
0
0
0
0
0
0
0
0
0
0
0
0
0
0
0
0
0
0
0
0
0
0
0
0
0
0
0
0
-1.1313
0
0
0
0
0
0
0
0
0
0
0
0
0
0
0
0
0
0
0
0
0
0
0
0
0
7.6785
0
0
0
0
0
0
-1.1762
0
0
-1.5676
0
0
-2.0941
0
0
0
0
0
0
0
0
0
0
0
-1.7094
0
0
0
0
0
0
0
0
0
0
0
0
0
0
0
0
0
0
0
0
0
0
0
0
0
0
0
0
0
0
0
0
0
0
0
0
0
0
0
0
0
0
0
0
0
0
0
0
0
0
0
0
0
0
0
0
0
0
0
0
0
-1.1816
0
0
0
0
0
0
0
0
-1.1848
0
0
0
0
0
0
0
0
0
0
0
0
0
0
0
0
0
0
0
9.0853
0
0
0
0
0
0
0
-1.4199
0
0
0
0
0
0
0
0
0
0
0
0
0
0
0
0
0
0
0
0
-2.6495
0
0
-2.6495
0
0
0
0
0
0
0
0
0
0
0
0
0
0
0
0
0
0
0
0
0
0
0
0
0
0
0
0
0
-0.6864
0
0
0
0
0
0
0
0
0
0
0
0
-0.68927
0
0
0
0
0
0
0
0
0
0
0
0
0
0
0
0
0
0
0
0
0
0
0
0
0
0
0
0
0
0
0
0
0
0
0
0
0
0
0
0
2.2754
-0.74195
0
0
0
0
0
0
0
0
0
0
0
0
0
0
0
0
0
0
0
0
0
0
0
0
-0.15779
0
0
0
0
0
0
0
0
0
0
0
0
0
0
0
0
0
0
0
0
0
-0.70046
0
0
0
0
0
0
0
0
0
0
0
0
0
0
0
0
0
0
0
0
0
0
0
0
0
0
0
0
0
0
0
0
0
0
0
0
0
0
0
0
0
0
0
0
0
0
0
0
0
0
0
0
0
0
0
0
0
0
0
0
0
0
0
0
0
0
-0.74195
3.9044
0
0
0
0
0
0
0
-1.7555
0
0
0
0
0
0
0
0
0
0
0
0
0
0
0
-0.7065
0
0
0
0
0
0
0
0
0
0
0
0
0
0
0
0
0
0
0
0
0
0
0
0
0
0
0
0
0
0
0
0
0
0
0
0
0
0
0
0
0
0
0
0
0
0
0
0
0
0
0
0
0
0
0
0
0
0
0
0
0
0
-0.76258
0
0
0
0
0
0
0
0
-0.76946
0
0
0
0
0
0
0
0
0
0
0
0
0
0
0
0
0
0
0
2.2903
0
0
0
0
0
0
0
0
0
0
0
0
0
0
0
0
0
0
-0.75824
0
0
0
0
0
0
0
0
0
0
0
0
0
0
0
0
0
0
0
0
0
0
0
0
0
0
-1.1666
-1.1751
-1.1657
0
0
0
0
0
0
0
0
0
0
0
0
0
0
0
0
0
0
0
0
0
0
0
0
0
0
0
0
0
0
0
0
0
0
0
0
0
0
0
0
0
0
0
0
0
0
0
0
0
0
0
0
0
0
0
0
0
0
0
0
0
0
0
0
0
0
0
3.5074
0
0
0
0
0
0
0
0
0
0
0
0
0
0
0
0
0
0
0
0
0
0
0
0
0
0
0
0
0
0
0
0
0
0
0
0
0
0
0
0
0
0
0
0
0
0
0
0
0
0
0
0
0
0
0
0
0
0
0
0
0
0
0
0
0
0
0
0
0
0
0
0
0
0
0
0
-1.4987
0
0
0
-1.502
0
0
0
0
0
0
0
0
0
0
0
0
0
0
0
0
0
0
0
0
0
0
0
0
0
0
0
0
0
0
0
0
0
0
4.4561
0
0
-1.4554
0
0
0
0
0
0
0
0
0
0
0
0
0
0
0
0
0
0
0
0
0
0
0
0
0
0
0
0
0
0
0
0
0
0
0
0
0
0
0
0
0
0
0
0
0
0
0
0
0
0
0
0
0
0
0
0
-1.0925
0
0
0
0
0
0
0
0
0
0
0
0
0
0
0
0
0
0
0
0
0
0
0
0
0
0
0
0
0
0
0
0
0
0
0
0
0
0
0
0
0
0
0
0
-1.0754
0
0
0
-1.1762
0
0
0
0
0
0
3.3441
0
0
0
0
0
0
0
0
0
0
0
0
0
0
0
0
0
0
0
0
0
0
0
0
0
0
0
0
0
0
0
0
0
0
0
0
0
0
0
0
0
0
0
0
0
0
0
0
0
0
0
0
0
0
0
0
0
0
0
0
-0.81546
0
0
0
0
0
0
0
0
0
0
0
0
0
0
0
0
0
0
-0.8181
0
0
0
0
0
0
0
0
0
0
0
0
0
0
0
0
0
0
0
0
0
0
0
0
0
0
0
0
0
0
0
0
0
0
0
2.4425
0
0
0
0
0
0
0
0
0
0
0
0
0
0
0
0
0
0
0
0
0
0
0
0
0
0
0
0
0
0
0
0
0
0
0
0
0
0
0
-0.80898
0
0
0
0
0
0
0
0
0
0
0
0
0
0
0
0
0
0
0
0
0
0
0
0
0
0
0
0
0
0
0
0
0
0
0
0
0
0
0
0
0
0
-1.5228
0
0
0
0
0
0
0
0
0
0
0
0
0
0
0
0
0
0
0
0
0
0
0
0
-1.4199
0
0
0
0
-1.4554
0
0
4.3981
0
0
0
0
0
0
0
0
0
0
0
0
0
0
0
0
0
0
0
0
0
0
0
0
0
0
0
0
0
0
0
0
0
0
0
0
0
0
0
0
0
0
0
0
0
0
0
0
0
0
0
0
0
0
0
0
0
0
0
0
0
0
0
0
0
0
0
0
0
0
0
0
0
0
0
0
0
0
0
0
-1.6442
0
0
0
0
0
0
0
0
0
0
0
0
0
0
0
0
0
0
0
0
0
0
0
0
-1.5676
0
0
0
0
0
0
0
0
0
3.2118
0
0
0
0
0
0
0
0
0
0
0
0
0
0
0
0
0
0
0
0
0
0
0
0
0
0
0
0
0
0
0
0
0
0
0
0
0
0
0
0
0
0
0
0
0
0
0
0
0
0
0
0
0
0
0
0
0
0
0
0
0
0
0
0
0
0
0
0
0
-1.3047
0
0
0
0
0
0
0
0
0
0
0
0
0
0
0
0
0
0
0
0
0
0
0
0
0
0
0
0
0
0
0
0
0
0
0
0
0
-1.7555
0
0
0
0
0
0
0
3.0601
0
0
0
0
0
0
0
0
0
0
0
0
0
0
0
0
0
0
0
0
0
0
0
0
0
0
0
0
0
0
0
0
0
0
0
0
0
0
0
0
0
0
0
0
0
0
0
0
0
0
0
0
0
0
0
0
0
0
0
0
0
0
0
0
0
0
0
0
0
0
0
0
0
-1.1813
0
0
0
0
0
0
0
0
0
0
0
0
0
0
0
0
0
0
0
0
0
0
0
0
0
0
0
0
0
0
0
0
0
0
0
0
0
0
0
0
0
2.5201
0
0
0
-1.3388
0
0
0
0
0
0
0
0
0
0
0
0
0
0
0
0
0
0
0
0
0
0
0
0
0
0
0
0
0
0
0
0
0
0
0
0
0
0
0
0
0
0
0
0
0
0
0
0
0
0
0
0
0
0
0
0
0
0
0
0
0
0
0
0
0
0
0
0
0
0
0
0
0
0
0
0
0
0
0
0
0
0
0
0
0
0
0
0
0
0
0
0
0
0
0
0
0
0
-2.0941
0
0
0
0
0
0
0
0
0
0
0
0
4.3412
0
-2.2471
0
0
0
0
0
0
0
0
0
0
0
0
0
0
0
0
0
0
0
0
0
0
0
0
0
0
0
0
0
0
0
0
0
0
0
0
0
0
0
0
0
0
0
0
0
0
0
0
0
0
0
0
0
0
0
0
0
0
0
0
0
0
0
0
0
0
0
0
0
0
0
0
0
0
0
0
0
0
0
0
0
0
0
0
0
0
0
0
0
0
0
0
0
0
0
0
0
-1.2457
0
0
0
0
0
0
0
0
0
0
0
0
0
0
0
2.8785
0
-1.6328
0
0
0
0
0
0
0
0
0
0
0
0
0
0
0
0
0
0
0
0
0
0
0
0
0
0
0
0
0
0
0
0
0
0
0
0
0
0
0
0
0
0
0
0
0
0
0
0
0
0
0
0
0
0
0
0
0
0
0
0
0
0
0
0
0
0
0
0
0
0
0
0
0
0
-1.9373
0
0
0
0
0
0
0
0
0
0
0
0
0
0
0
0
0
0
0
0
0
0
0
0
0
0
0
0
0
0
0
0
0
0
0
0
-2.2471
0
4.1844
0
0
0
0
0
0
0
0
0
0
0
0
0
0
0
0
0
0
0
0
0
0
0
0
0
0
0
0
0
0
0
0
0
0
0
0
0
0
0
0
0
0
0
0
0
0
0
0
0
0
0
0
0
0
0
0
0
0
0
0
0
0
0
0
0
0
0
0
0
0
0
0
0
0
0
0
0
0
0
0
0
0
0
0
0
0
0
0
0
0
0
0
0
0
0
0
0
0
0
0
0
0
0
0
0
0
0
0
0
0
0
-1.3388
0
-1.6328
0
2.9716
0
0
0
0
0
0
0
0
0
0
0
0
0
0
0
0
0
0
0
0
0
0
0
0
0
0
0
0
0
0
0
0
0
0
0
0
0
0
0
0
0
0
0
0
0
0
0
0
0
0
0
0
0
0
0
0
0
0
0
0
0
0
0
0
0
0
0
0
0
0
0
0
0
0
0
0
0
-2.7583
0
0
0
0
0
0
0
0
0
0
0
0
0
0
0
0
0
0
0
0
0
0
0
0
0
0
0
0
0
0
0
0
0
0
0
0
0
2.7583
0
0
0
0
0
0
0
0
0
0
0
0
0
0
0
0
0
0
0
0
0
0
0
0
0
0
0
0
0
0
0
0
0
0
0
0
0
0
0
0
0
0
0
0
0
0
0
0
0
0
0
0
0
0
0
0
0
0
0
0
0
0
0
0
0
0
0
0
0
0
0
0
0
0
0
0
0
0
0
0
0
0
0
0
-2.4706
0
0
0
0
0
0
0
0
0
0
0
0
0
0
0
0
0
0
0
0
0
0
0
0
0
0
0
0
0
0
2.4706
0
0
0
0
0
0
0
0
0
0
0
0
0
0
0
0
0
0
0
0
0
0
0
0
0
0
0
0
0
0
0
0
0
0
0
0
0
0
0
0
0
0
0
0
0
0
0
0
-3.8576
0
0
0
0
0
0
0
0
0
0
0
0
0
0
0
0
0
0
0
0
0
0
0
0
0
0
0
0
0
0
0
0
0
0
0
0
0
0
0
0
0
0
0
0
0
0
0
0
0
0
0
0
0
0
0
0
0
0
0
0
0
0
0
0
0
0
3.8576
0
0
0
0
0
0
0
0
0
0
0
0
0
0
0
0
0
0
0
0
0
0
0
0
0
0
0
0
0
0
0
0
0
0
0
0
0
0
0
0
0
0
0
0
0
0
0
0
-3.8013
0
0
0
0
0
0
0
0
0
0
0
0
0
0
0
0
0
0
0
0
0
0
0
0
0
0
0
0
0
0
0
0
0
0
0
0
0
0
0
0
0
0
0
0
0
0
0
0
0
0
0
0
0
0
0
0
0
0
0
0
0
0
0
0
0
0
3.8013
0
0
0
0
0
0
0
0
0
0
0
0
0
0
0
0
0
0
0
0
0
0
0
0
0
0
0
0
0
0
0
0
0
0
0
0
0
0
0
0
0
0
0
0
0
0
0
0
0
0
0
0
0
0
0
0
0
0
0
0
0
0
0
0
0
0
0
0
0
0
0
0
0
0
0
0
0
0
0
0
0
0
0
0
0
0
0
0
-0.43251
0
0
0
0
0
0
0
0
0
0
0
0
0
0
0
0
0
0
0
0
0
0
0
0
0
0
0.43251
0
0
0
0
0
0
0
0
0
0
0
0
0
0
0
0
0
0
0
0
0
0
0
0
0
0
0
0
0
0
0
0
0
0
0
0
0
0
0
0
0
0
0
0
0
0
0
0
0
0
0
0
0
0
0
0
0
0
0
0
0
0
0
0
0
0
0
0
0
0
0
0
0
0
0
0
0
0
0
0
0
0
-1.7429
0
0
0
0
0
0
0
0
0
0
0
0
0
0
0
0
0
0
0
0
0
0
0
0
0
0
0
0
0
0
0
0
1.7429
0
0
0
0
0
0
0
0
0
0
0
0
0
0
0
0
0
0
0
0
0
0
0
0
0
0
0
0
0
0
0
0
0
0
0
0
0
0
0
0
0
0
0
0
0
0
0
0
0
0
0
0
0
0
0
0
0
0
0
0
0
0
0
0
0
0
0
0
0
0
0
0
0
0
0
0
0
0
0
0
0
0
0
0
0
0
0
0
0
0
0
0
0
0
0
0
-0.75824
0
0
0
0
0
0
0
0
0
0
0
0
0
0
0
0
0
0
0.75824
0
0
0
0
0
0
0
0
0
0
0
0
0
0
0
0
0
0
0
0
0
0
0
0
0
0
0
0
0
0
0
0
0
0
0
0
0
0
0
0
0
0
0
0
0
0
0
0
0
0
0
0
0
0
0
0
0
0
0
0
0
0
0
0
0
-3.2276
0
0
0
0
0
0
0
0
0
0
0
0
0
0
0
0
0
0
0
0
0
0
0
0
0
0
0
0
0
0
0
0
0
0
0
0
0
0
0
0
0
0
0
0
0
0
0
0
0
3.2276
0
0
0
0
0
0
0
0
0
0
0
0
0
0
0
0
0
0
0
0
0
0
0
0
0
0
0
0
0
0
0
0
0
0
0
0
0
0
0
0
0
0
0
0
0
0
0
0
0
0
0
0
0
0
0
0
0
0
0
0
0
0
0
0
0
0
0
0
0
0
0
0
0
0
0
0
0
0
0
0
0
0
0
0
0
0
0
0
0
0
-1.7094
0
0
0
0
0
0
0
0
0
0
0
0
0
0
0
0
0
0
0
0
0
0
0
0
1.7094
0
0
0
0
0
0
0
0
0
0
0
0
0
0
0
0
0
0
0
0
0
0
0
0
0
0
0
0
0
0
0
0
0
0
0
0
0
0
0
0
0
0
0
0
0
-3.7957
0
0
0
0
0
0
0
0
0
0
0
0
0
0
0
0
0
0
0
0
0
0
0
0
0
0
0
0
0
0
0
0
0
0
0
0
0
0
0
0
0
0
0
0
0
0
0
0
0
0
0
0
0
0
0
0
0
0
0
0
0
0
0
0
0
0
0
0
0
3.7957
0
0
0
0
0
0
0
0
0
0
0
0
0
0
0
0
0
0
0
0
0
0
0
0
0
0
0
0
0
0
0
0
0
0
0
0
0
0
0
0
0
0
0
0
0
0
0
0
0
0
0
0
0
0
0
0
0
0
0
0
0
0
0
0
0
0
0
0
0
0
0
0
0
0
0
0
0
0
0
0
0
0
0
0
0
0
0
0
0
0
0
-0.7065
0
0
0
0
0
0
0
0
0
0
0
0
0
0
0
0
0
0
0
0
0
0
0
0.7065
0
0
0
0
0
0
0
0
0
0
0
0
0
0
0
0
0
0
0
0
0
0
0
0
0
0
0
0
0
0
0
0
0
0
0
0
0
0
0
0
0
0
0
0
0
0
0
0
0
0
0
0
0
0
0
0
0
0
0
0
0
0
0
0
0
0
0
0
0
0
0
0
0
0
0
0
0
0
0
0
0
0
0
0
0
0
0
0
0
-0.15779
0
0
0
0
0
0
0
0
0
0
0
0
0
0
0
0
0
0
0
0
0
0
0
0
0
0.15779
0
0
0
0
0
0
0
0
0
0
0
0
0
0
0
0
0
0
0
0
0
0
0
0
0
0
0
0
0
0
0
0
0
0
0
0
0
0
0
0
0
0
0
0
0
0
0
0
0
-3.4597
0
0
0
0
0
0
0
0
0
0
0
0
0
0
0
0
0
0
0
0
0
0
0
0
0
0
0
0
0
0
0
0
0
0
0
0
0
0
0
0
0
0
0
0
0
0
0
0
0
0
0
0
0
0
0
0
0
0
0
0
0
0
0
0
0
3.4597
0
0
0
0
0
0
0
0
0
0
0
0
0
0
0
0
0
0
0
0
0
0
0
0
0
0
0
0
0
0
0
0
0
0
0
0
0
0
0
0
0
0
0
0
0
0
0
0
0
0
0
0
0
0
0
0
0
0
0
0
0
0
0
0
0
0
0
0
0
0
0
0
0
0
0
0
0
0
0
0
0
0
0
0
0
0
-2.6495
0
0
0
0
0
0
0
0
0
0
0
0
0
0
0
0
0
0
0
0
0
0
0
0
0
0
0
0
2.6495
0
0
0
0
0
0
0
0
0
0
0
0
0
0
0
0
0
0
0
0
0
0
0
0
-4.1251
0
0
0
0
0
0
0
0
0
0
0
0
0
0
0
0
0
0
0
0
0
0
0
0
0
0
0
0
0
0
0
0
0
0
0
0
0
0
0
0
0
0
0
0
0
0
0
0
0
0
0
0
0
0
0
0
0
0
0
0
0
0
0
0
0
0
0
0
0
0
0
0
0
0
0
0
0
0
0
0
0
0
0
0
0
0
0
0
0
0
4.1251
0
0
0
0
0
0
0
0
0
0
0
0
0
0
0
0
0
0
0
0
0
0
0
0
0
0
0
0
0
0
0
0
-3.9137
0
0
0
0
0
0
0
0
0
0
0
0
0
0
0
0
0
0
0
0
0
0
0
0
0
0
0
0
0
0
0
0
0
0
0
0
0
0
0
0
0
0
0
0
0
0
0
0
0
0
0
0
0
0
0
0
0
0
0
0
0
0
0
0
0
0
0
0
0
0
0
0
0
0
0
0
0
0
0
0
0
0
3.9137
0
0
0
0
0
0
0
0
0
0
0
0
0
0
0
0
0
0
0
0
0
0
0
0
0
0
0
0
0
0
0
0
0
0
0
0
0
0
0
0
0
0
0
0
0
0
0
0
0
0
0
0
0
0
0
0
0
0
0
0
0
0
0
0
0
0
0
0
0
0
0
0
0
0
0
0
0
0
0
0
0
0
0
-2.6495
0
0
0
0
0
0
0
0
0
0
0
0
0
0
0
0
0
0
0
0
0
0
0
0
0
0
0
0
0
0
0
2.6495
0
0
0
0
0
0
0
0
0
0
0
0
0
0
0
0
0
0
0
0
0
0
0
0
0
0
0
0
0
0
0
0
0
0
0
0
0
0
0
0
0
0
0
0
0
0
0
0
0
0
0
0
-3.2463
0
0
0
0
0
0
0
0
0
0
0
0
0
0
0
0
0
0
0
0
0
0
0
0
0
0
0
0
0
0
0
0
0
0
0
0
0
0
0
0
0
0
0
0
0
0
0
0
0
0
0
0
0
0
0
0
0
0
0
0
0
0
3.2463
0
0
0
0
0
0
0
0
0
0
0
0
0
0
0
0
0
0
0
0
0
0
0
0
0
0
0
0
0
0
0
0
0
0
0
0
0
0
0
0
0
0
0
0
0
0
0
0
0
0
0
0
0
0
0
0
0
0
0
0
0
0
0
0
0
0
0
0
0
0
-1.2851
0
0
0
0
0
0
0
0
0
0
0
0
0
0
0
0
0
0
0
0
0
0
0
0
0
0
0
0
0
0
0
0
0
0
0
0
0
0
0
0
0
0
0
0
1.2851
0
0
0
0
0
0
0
0
0
0
0
0
0
0
0
0
0
0
0
0
0
0
0
0
0
0
0
0
0
0
0
0
0
0
0
0
0
0
0
0
0
0
0
0
0
0
0
0
0
-3.8633
0
0
0
0
0
0
0
0
0
0
0
0
0
0
0
0
0
0
0
0
0
0
0
0
0
0
0
0
0
0
0
0
0
0
0
0
0
0
0
0
0
0
0
0
0
0
0
0
0
0
0
0
0
0
0
0
0
0
0
0
0
0
0
0
0
3.8633
0
0
0
0
0
0
0
0
0
0
0
0
0
0
-4.2334
0
0
0
0
0
0
0
0
0
0
0
0
0
0
0
0
0
0
0
0
0
0
0
0
0
0
0
0
0
0
0
0
0
0
0
0
0
0
0
0
0
0
0
0
0
0
0
0
0
0
0
0
0
0
0
0
0
0
0
0
0
0
0
0
0
0
0
0
0
0
0
0
0
0
0
0
0
0
0
0
0
0
0
0
0
0
0
0
0
0
0
0
0
0
0
0
0
0
0
0
4.2334
0
0
0
0
0
0
0
0
0
0
0
0
0
0
0
0
0
0
0
0
0
0
0
0
0
0
0
0
0
0
0
0
0
0
0
0
0
0
0
0
0
0
0
-3.3955
0
0
0
0
0
0
0
0
0
0
0
0
0
0
0
0
0
0
0
0
0
0
0
0
0
0
0
0
0
0
0
0
0
0
0
0
0
0
0
0
0
0
0
0
0
0
0
0
0
0
0
0
0
0
0
0
0
0
0
0
0
0
0
0
0
0
0
0
0
0
0
3.3955
0
0
0
0
0
0
0
0
0
0
0
0
0
0
0
0
0
0
0
0
0
0
0
0
0
0
0
0
0
0
0
0
0
0
0
0
0
0
0
0
0
0
0
0
0
0
0
0
0
0
0
0
0
0
0
0
0
0
0
0
0
0
0
0
-1.7429
0
0
0
0
0
0
0
0
0
0
0
0
0
0
0
0
0
0
0
0
0
0
0
0
0
0
0
0
0
0
0
0
0
0
0
0
0
0
0
0
0
0
0
0
0
0
0
0
0
0
1.7429
0
0
0
0
0
0
0
0
0
0
0
0
0
0
0
0
0
0
0
0
0
0
0
0
0
0
0
0
0
0
0
0
0
0
0
0
0
0
0
0
0
0
0
0
0
0
0
0
0
0
0
0
0
0
0
0
0
0
0
-2.4845
0
0
0
0
0
0
0
0
0
0
0
0
0
0
0
0
0
0
0
0
0
0
0
0
0
0
0
0
0
0
0
0
0
0
0
0
0
0
0
0
0
0
0
0
0
0
0
0
0
0
0
0
0
0
0
2.4845
0
0
0
0
0
0
0
0
0
0
0
0
0
0
0
0
0
0
0
0
0
0
0
0
-4.114
0
0
0
0
0
0
0
0
0
0
0
0
0
0
0
0
0
0
0
0
0
0
0
0
0
0
0
0
0
0
0
0
0
0
0
0
0
0
0
0
0
0
0
0
0
0
0
0
0
0
0
0
0
0
0
0
0
0
0
0
0
0
0
0
0
0
0
0
0
0
0
0
0
0
0
0
0
0
0
0
0
0
0
0
0
0
0
0
0
0
4.114
0
0
0
0
0
0
0
0
0
0
0
0
0
0
0
-4.1251
0
0
0
0
0
0
0
0
0
0
0
0
0
0
0
0
0
0
0
0
0
0
0
0
0
0
0
0
0
0
0
0
0
0
0
0
0
0
0
0
0
0
0
0
0
0
0
0
0
0
0
0
0
0
0
0
0
0
0
0
0
0
0
0
0
0
0
0
0
0
0
0
0
0
0
0
0
0
0
0
0
0
0
0
0
0
0
0
0
0
0
0
0
0
0
0
0
0
0
4.1251
0
0
0
0
0
0
0
0
0
0
0
0
0
0
0
0
0
0
0
0
0
0
-4.114
0
0
0
0
0
0
0
0
0
0
0
0
0
0
0
0
0
0
0
0
0
0
0
0
0
0
0
0
0
0
0
0
0
0
0
0
0
0
0
0
0
0
0
0
0
0
0
0
0
0
0
0
0
0
0
0
0
0
0
0
0
0
0
0
0
0
0
0
0
0
0
0
0
0
0
0
0
0
0
0
0
0
0
0
0
0
0
0
0
0
0
0
4.114
0
0
0
0
0
0
0
0
0
0
0
0
0
0
0
0
0
0
0
0
0
0
0
0
0
0
0
0
0
0
0
0
0
0
0
0
0
0
0
0
0
-3.8633
0
0
0
0
0
0
0
0
0
0
0
0
0
0
0
0
0
0
0
0
0
0
0
0
0
0
0
0
0
0
0
0
0
0
0
0
0
0
0
0
0
0
0
0
0
0
0
0
0
0
0
0
0
0
0
0
0
0
0
0
0
0
0
0
0
0
0
0
0
0
0
0
0
3.8633
0
0
0
0
0
0
0
0
0
0
0
0
0
0
0
0
0
0
0
0
0
0
0
0
0
0
0
0
0
0
0
0
0
0
0
0
0
0
0
0
0
0
-3.2671
0
0
0
0
0
0
0
0
0
0
0
0
0
0
0
0
0
0
0
0
0
0
0
0
0
0
0
0
0
0
0
0
0
0
0
0
0
0
0
0
0
0
0
0
0
0
0
0
0
0
0
0
0
0
0
0
0
0
0
0
0
0
0
0
0
0
0
0
0
0
0
0
3.2671
0
0
0
0
0
0
0
0
0
0
0
0
0
0
0
0
0
0
0
0
0
0
0
0
0
0
0
0
0
0
0
0
0
0
0
0
0
0
0
-3.8634
0
0
0
0
0
0
0
0
0
0
0
0
0
0
0
0
0
0
0
0
0
0
0
0
0
0
0
0
0
0
0
0
0
0
0
0
0
0
0
0
0
0
0
0
0
0
0
0
0
0
0
0
0
0
0
0
0
0
0
0
0
0
0
0
0
0
0
0
0
0
0
0
0
0
0
3.8634
0
0
0
0
0
0
0
0
0
0
0
0
0
0
0
0
0
0
0
0
0
0
0
0
0
0
0
0
0
0
0
0
0
0
0
0
0
0
0
0
0
0
0
0
0
0
0
0
0
0
0
0
0
0
0
-2.4706
0
0
0
0
0
0
0
0
0
0
0
0
0
0
0
0
0
0
0
0
0
0
0
0
0
0
0
0
0
0
0
0
0
0
0
0
0
0
0
0
0
0
0
0
0
0
0
0
0
0
0
0
0
0
0
0
0
0
0
2.4706
0
0
0
0
0
0
0
0
0
0
0
0
0
0
0
0
0
0
0
0
0
0
0
0
0
0
0
0
0
0
0
0
0
0
0
0
0
0
0
0
0
0
0
0
0
0
0
0
0
0
0
0
0
0
0
0
0
0
0
0
0
0
0
0
0
0
0
0
0
0
0
0
0
0
0
-0.80898
0
0
0
0
0
0
0
0
0
0
0
0
0
0
0
0
0
0
0
0
0
0
0
0
0
0
0
0
0
0
0
0
0
0
0
0
0
0
0
0.80898
0
0
0
0
0
0
0
0
0
0
0
0
0
0
0
0
0
0
0
0
0
0
0
0
0
0
0
-3.5476
0
0
0
0
0
0
0
0
0
0
0
0
0
0
0
0
0
0
0
0
0
0
0
0
0
0
0
0
0
0
0
0
0
0
0
0
0
0
0
0
0
0
0
0
0
0
0
0
0
0
0
0
0
0
0
0
0
0
0
0
0
0
0
0
0
0
0
0
0
0
0
0
0
0
0
0
0
0
0
0
0
0
0
0
0
0
0
3.5476
