63.0623
-0.95137
-0.94673
-0.94686
-0.94685
-0.9525
-0.94699
-0.95251
-0.94743
-0.9472
-0.94722
-0.94722
-0.94722
-0.94461
-0.95106
-0.95221
-0.94543
-0.95139
-0.94825
-0.94564
-0.94564
-0.94912
-0.94677
-0.94676
-0.94478
-0.94477
-0.94927
-0.94536
-0.94768
-0.94534
-0.94499
-0.94848
-0.94955
-0.94632
-0.94632
-0.94993
-0.9507
-0.94956
-0.94488
-0.94779
-0.94497
-0.94996
-0.94732
-0.94721
-0.94738
-0.94648
-0.95062
-0.94632
-0.94632
-0.94662
-0.94734
-0.94783
-0.9391
-0.94173
-0.94172
-0.94184
-0.9512
-0.94327
-0.95484
-0.95352
-0.94124
-0.96949
-0.94692
-1.0942
-1.0765
0
0
0
-0.73817
0
-1.3975
0
0
0
0
0
0
0
0
0
0
0
0
0
0
0
0
0
0
0
0
0
0
0
0
0
0
0
0
0
0
0
0
0
0
0
0
0
0
0
0
0
0
0
0
-0.95137
67.0756
-0.95029
-0.95009
-0.95009
-0.95653
-0.95023
-0.95653
-0.95069
-0.95048
-0.95047
-0.95047
-0.95046
-0.94782
-0.95495
-0.95583
-0.94876
-0.95522
-0.95201
-0.94892
-0.94893
-0.95288
-0.95004
-0.95003
-0.94805
-0.94804
-0.9528
-0.94862
-0.95123
-0.94864
-0.94801
-0.952
-0.95293
-0.94962
-0.9496
-0.95343
-0.95421
-0.95301
-0.94817
-0.95124
-0.94833
-0.95345
-0.95061
-0.95049
-0.9507
-0.94975
-0.95389
-0.94958
-0.94957
-0.94985
-0.95062
-0.95108
-0.94215
-0.94496
-0.94497
-0.94494
-0.95441
-0.94643
-0.95785
-0.95636
-0.9441
-0.9727
-0.94958
-1.0958
-1.0777
0
0
0
0
0
-1.4143
0
0
0
0
0
0
0
0
0
0
0
0
0
0
0
0
0
0
0
0
0
0
0
0
0
0
0
0
0
0
0
-4.5288
0
0
0
0
0
0
0
0
0
0
0
0
-0.94673
-0.95029
62.2537
-0.94578
-0.94578
-0.95139
-0.94593
-0.95139
-0.94635
-0.94612
-0.94612
-0.9461
-0.94612
-0.94347
-0.94996
-0.95103
-0.94436
-0.95028
-0.94721
-0.94456
-0.94455
-0.94804
-0.94568
-0.94567
-0.94366
-0.94365
-0.94816
-0.94428
-0.94662
-0.94427
-0.94363
-0.9474
-0.94846
-0.94523
-0.94522
-0.94895
-0.94965
-0.94853
-0.94379
-0.94674
-0.9439
-0.94888
-0.94622
-0.9461
-0.94629
-0.94537
-0.94953
-0.94521
-0.9452
-0.94557
-0.94624
-0.94672
-0.93808
-0.94069
-0.94069
-0.94074
-0.9501
-0.94217
-0.95369
-0.95248
-0.94008
-0.96834
-0.94573
-1.0932
-1.0751
0
0
0
0
0
-1.3962
0
0
0
0
0
0
0
0
0
0
0
0
0
0
0
0
0
0
0
0
0
0
0
0
0
0
0
0
0
0
0
0
0
0
0
0
0
0
0
0
0
0
0
0
-0.94686
-0.95009
-0.94578
60.8416
-0.94553
-0.95105
-0.94569
-0.95108
-0.94613
-0.94589
-0.94589
-0.94587
-0.94588
-0.94324
-0.9497
-0.95065
-0.94411
-0.95006
-0.94698
-0.9443
-0.94433
-0.94782
-0.94543
-0.94543
-0.94343
-0.94343
-0.94791
-0.94401
-0.94635
-0.94401
-0.94338
-0.94714
-0.94822
-0.94497
-0.94497
-0.94872
-0.94938
-0.94824
-0.94355
-0.94646
-0.9437
-0.94866
-0.94597
-0.94585
-0.94609
-0.94513
-0.94928
-0.94496
-0.94497
-0.94536
-0.94599
-0.94647
-0.93788
-0.94046
-0.94045
-0.94051
-0.94981
-0.9419
-0.95344
-0.95215
-0.93981
-0.9681
-0.94539
-1.0927
-1.0746
0
0
0
0
0
0
0
0
0
0
0
0
0
0
0
0
0
0
0
0
0
0
0
0
0
0
0
0
0
0
0
0
0
0
0
0
0
0
0
0
0
0
0
0
0
0
0
0
0
0
-0.94685
-0.95009
-0.94578
-0.94553
60.8416
-0.95106
-0.94567
-0.95106
-0.94613
-0.94589
-0.94589
-0.94587
-0.94588
-0.94324
-0.94971
-0.95063
-0.94411
-0.95007
-0.94698
-0.94431
-0.94432
-0.94781
-0.94543
-0.94543
-0.94342
-0.94342
-0.94792
-0.94402
-0.94633
-0.944
-0.94339
-0.94712
-0.94823
-0.94497
-0.94497
-0.9487
-0.9494
-0.94826
-0.94355
-0.94647
-0.94369
-0.94865
-0.94596
-0.94586
-0.94608
-0.94513
-0.94928
-0.94496
-0.94497
-0.94538
-0.946
-0.94646
-0.93787
-0.94046
-0.94048
-0.9405
-0.94983
-0.9419
-0.95343
-0.95215
-0.93981
-0.96809
-0.9454
-1.0927
-1.0746
0
0
0
0
0
0
0
0
0
0
0
0
0
0
0
0
0
0
0
0
0
0
0
0
0
0
0
0
0
0
0
0
0
0
0
0
0
0
0
0
0
0
0
0
0
0
0
0
0
0
-0.9525
-0.95653
-0.95139
-0.95105
-0.95106
63.3909
-0.95101
-0.95722
-0.95131
-0.95109
-0.9511
-0.95109
-0.9511
-0.94844
-0.95548
-0.95662
-0.94938
-0.95577
-0.95255
-0.94955
-0.94955
-0.95341
-0.95068
-0.95067
-0.94866
-0.94865
-0.9533
-0.94926
-0.9517
-0.94927
-0.94865
-0.95244
-0.95353
-0.95024
-0.95025
-0.954
-0.95473
-0.95351
-0.94881
-0.95172
-0.94896
-0.95404
-0.95124
-0.95113
-0.95128
-0.95041
-0.95454
-0.95022
-0.9502
-0.95047
-0.95126
-0.95173
-0.94272
-0.94558
-0.94557
-0.9456
-0.9551
-0.94711
-0.95862
-0.95708
-0.94488
-0.9735
-0.9504
0
0
0
0
0
0
0
0
0
0
0
0
0
0
0
0
0
0
0
0
0
0
0
0
0
0
0
0
0
0
0
0
0
-4.392
0
0
0
0
0
0
0
0
0
0
0
0
0
0
0
0
0
0
-0.94699
-0.95023
-0.94593
-0.94569
-0.94567
-0.95101
59.7495
-0.95102
-0.94614
-0.94589
-0.94587
-0.94588
-0.94588
-0.94323
-0.94968
-0.95051
-0.94409
-0.95003
-0.94698
-0.94431
-0.9443
-0.9478
-0.94544
-0.94545
-0.94344
-0.9434
-0.94791
-0.944
-0.94633
-0.94402
-0.94338
-0.94711
-0.94822
-0.94497
-0.94498
-0.94889
-0.94938
-0.94827
-0.94354
-0.94645
-0.94368
-0.94863
-0.94597
-0.94586
-0.94608
-0.94513
-0.94927
-0.94495
-0.94496
-0.94537
-0.946
-0.94647
-0.93788
-0.94044
-0.94044
-0.94049
-0.94983
-0.94191
-0.95344
-0.95218
-0.93978
-0.96809
-0.94536
0
-1.075
0
0
0
0
0
0
0
0
0
0
0
0
0
0
0
0
0
0
0
0
0
0
0
0
0
0
0
0
0
0
0
0
0
0
0
0
0
0
0
0
0
0
0
0
0
0
0
0
0
0
-0.95251
-0.95653
-0.95139
-0.95108
-0.95106
-0.95722
-0.95102
63.391
-0.95132
-0.95108
-0.95108
-0.95111
-0.95109
-0.94844
-0.95548
-0.95661
-0.94939
-0.95576
-0.95253
-0.94953
-0.94954
-0.9534
-0.95066
-0.95067
-0.94867
-0.94867
-0.9533
-0.94928
-0.95171
-0.94926
-0.94864
-0.95246
-0.95353
-0.95024
-0.95024
-0.95399
-0.95471
-0.95353
-0.94879
-0.95173
-0.94896
-0.95403
-0.95123
-0.95113
-0.95129
-0.95039
-0.95453
-0.95024
-0.95022
-0.95048
-0.95128
-0.95173
-0.94272
-0.94558
-0.94557
-0.94556
-0.9551
-0.94714
-0.95862
-0.95709
-0.94487
-0.9735
-0.9504
0
0
0
0
0
0
0
0
0
0
0
0
0
0
0
0
0
0
0
0
0
0
0
0
0
0
0
0
0
0
0
0
0
0
0
0
0
0
0
0
0
0
0
0
-4.3921
0
0
0
0
0
0
0
-0.94743
-0.95069
-0.94635
-0.94613
-0.94613
-0.95131
-0.94614
-0.95132
58.6964
-0.94622
-0.94624
-0.94623
-0.94621
-0.94356
-0.95002
-0.95078
-0.94444
-0.95036
-0.94735
-0.94465
-0.94466
-0.94815
-0.94578
-0.94578
-0.94376
-0.94376
-0.94825
-0.94437
-0.94668
-0.94436
-0.94374
-0.94746
-0.94859
-0.94534
-0.94533
-0.9492
-0.9497
-0.94859
-0.94389
-0.94678
-0.94404
-0.949
-0.94631
-0.94623
-0.9464
-0.9455
-0.94964
-0.94533
-0.94532
-0.94573
-0.94636
-0.94684
-0.93822
-0.9408
-0.9408
-0.94087
-0.9502
-0.94227
-0.95381
-0.95257
-0.94019
-0.96851
-0.94576
0
0
0
0
0
0
0
0
0
0
0
0
0
0
0
0
0
0
0
0
0
0
0
0
0
0
0
0
0
0
0
0
0
0
0
0
0
0
0
0
0
0
0
0
0
0
0
0
0
0
0
0
-0.9472
-0.95048
-0.94612
-0.94589
-0.94589
-0.95109
-0.94589
-0.95108
-0.94622
56.7665
-0.94554
-0.94555
-0.94554
-0.94321
-0.94981
-0.95052
-0.94419
-0.95021
-0.94736
-0.94438
-0.94438
-0.94805
-0.94554
-0.94554
-0.94351
-0.94354
-0.94796
-0.94413
-0.94638
-0.94411
-0.94349
-0.94716
-0.94833
-0.94509
-0.94508
-0.94886
-0.94942
-0.94829
-0.94365
-0.94651
-0.94376
-0.94877
-0.94608
-0.94597
-0.94615
-0.94525
-0.9494
-0.94508
-0.94509
-0.94546
-0.94612
-0.9466
-0.93792
-0.94055
-0.94054
-0.94059
-0.94998
-0.94206
-0.95362
-0.95233
-0.93999
0
0
0
0
0
0
0
0
0
0
0
0
0
0
0
0
0
0
0
0
0
0
0
0
0
0
0
0
0
0
0
0
0
0
0
0
0
0
0
0
0
0
0
0
0
0
0
0
0
0
0
0
0
0
-0.94722
-0.95047
-0.94612
-0.94589
-0.94589
-0.9511
-0.94587
-0.95108
-0.94624
-0.94554
56.7665
-0.94554
-0.94553
-0.94323
-0.94981
-0.95054
-0.94419
-0.95021
-0.94735
-0.94438
-0.94438
-0.94806
-0.94553
-0.94555
-0.94353
-0.94353
-0.94796
-0.94413
-0.94639
-0.94412
-0.94348
-0.94716
-0.94833
-0.94509
-0.94509
-0.94884
-0.9494
-0.9483
-0.94365
-0.94649
-0.94377
-0.94877
-0.94609
-0.94598
-0.94614
-0.94525
-0.94939
-0.94508
-0.94508
-0.94546
-0.94612
-0.94659
-0.93792
-0.94053
-0.94053
-0.94059
-0.94999
-0.94207
-0.95362
-0.95233
-0.94001
0
0
0
0
0
0
0
0
0
0
0
0
0
0
0
0
0
0
0
0
0
0
0
0
0
0
0
0
0
0
0
0
0
0
0
0
0
0
0
0
0
0
0
0
0
0
0
0
0
0
0
0
0
0
-0.94722
-0.95047
-0.9461
-0.94587
-0.94587
-0.95109
-0.94588
-0.95111
-0.94623
-0.94555
-0.94554
56.7664
-0.94554
-0.94322
-0.94981
-0.95054
-0.94417
-0.95021
-0.94735
-0.94436
-0.94438
-0.94805
-0.94555
-0.94555
-0.94351
-0.94352
-0.94796
-0.94411
-0.94638
-0.94411
-0.94348
-0.94714
-0.94833
-0.9451
-0.9451
-0.94885
-0.94942
-0.9483
-0.94364
-0.94653
-0.94376
-0.94876
-0.94609
-0.94598
-0.94615
-0.94523
-0.94939
-0.94507
-0.94509
-0.94547
-0.94611
-0.94659
-0.93792
-0.94054
-0.94055
-0.9406
-0.94998
-0.94207
-0.95362
-0.95234
-0.93999
0
0
0
0
0
0
0
0
0
0
0
0
0
0
0
0
0
0
0
0
0
0
0
0
0
0
0
0
0
0
0
0
0
0
0
0
0
0
0
0
0
0
0
0
0
0
0
0
0
0
0
0
0
0
-0.94722
-0.95046
-0.94612
-0.94588
-0.94588
-0.9511
-0.94588
-0.95109
-0.94621
-0.94554
-0.94553
-0.94554
56.7663
-0.94323
-0.94979
-0.95055
-0.94418
-0.95022
-0.94737
-0.94439
-0.94438
-0.94804
-0.94556
-0.94553
-0.94352
-0.94351
-0.94795
-0.94412
-0.9464
-0.94411
-0.94347
-0.94715
-0.94832
-0.94507
-0.94508
-0.94885
-0.94941
-0.9483
-0.94365
-0.94651
-0.94376
-0.94876
-0.94608
-0.94597
-0.94616
-0.94523
-0.94939
-0.94509
-0.94508
-0.94545
-0.94612
-0.94659
-0.93791
-0.94054
-0.94055
-0.94059
-0.94998
-0.94206
-0.95362
-0.95232
-0.94
0
0
0
0
0
0
0
0
0
0
0
0
0
0
0
0
0
0
0
0
0
0
0
0
0
0
0
0
0
0
0
0
0
0
0
0
0
0
0
0
0
0
0
0
0
0
0
0
0
0
0
0
0
0
-0.94461
-0.94782
-0.94347
-0.94324
-0.94324
-0.94844
-0.94323
-0.94844
-0.94356
-0.94321
-0.94323
-0.94322
-0.94323
55.247
-0.947
-0.94772
-0.94157
-0.94739
-0.94424
-0.94178
-0.94178
-0.94508
-0.94289
-0.94289
-0.94082
-0.94084
-0.94543
-0.94141
-0.94357
-0.9414
-0.94079
-0.94433
-0.94556
-0.94236
-0.94235
-0.94569
-0.94654
-0.94541
-0.94089
-0.94367
-0.94098
-0.94594
-0.94335
-0.94322
-0.94333
-0.9425
-0.94663
-0.94236
-0.94234
-0.94265
-0.94337
-0.94387
-0.93507
-0.93772
-0.93771
-0.93785
-0.94726
-0.93934
-0.95094
0
0
0
0
0
0
0
0
-0.5282
0
0
0
0
0
0
0
0
0
0
0
0
0
0
0
0
0
0
0
0
0
0
0
0
0
0
0
0
0
0
0
0
0
0
0
0
0
0
0
0
0
0
0
0
0
0
0
-0.95106
-0.95495
-0.94996
-0.9497
-0.94971
-0.95548
-0.94968
-0.95548
-0.95002
-0.94981
-0.94981
-0.94981
-0.94979
-0.947
59.2
-0.95424
-0.94796
-0.95402
-0.95093
-0.94813
-0.94814
-0.95176
-0.94928
-0.94928
-0.94727
-0.94727
-0.95168
-0.94786
-0.95011
-0.94786
-0.94724
-0.95088
-0.95212
-0.94885
-0.94886
-0.95227
-0.95316
-0.95194
-0.94741
-0.95017
-0.9475
-0.95259
-0.94985
-0.94975
-0.94981
-0.94904
-0.95315
-0.94888
-0.94888
-0.949
-0.94992
-0.95039
-0.94121
-0.94418
-0.94418
-0.9442
-0.9538
-0.94585
-0.95748
0
0
0
0
0
0
0
0
0
0
0
0
0
0
0
0
0
0
0
0
0
0
0
0
0
0
0
0
0
0
0
0
0
0
0
0
0
0
-4.1094
0
0
0
0
0
0
0
0
0
0
0
0
0
0
0
0
0
-0.95221
-0.95583
-0.95103
-0.95065
-0.95063
-0.95662
-0.95051
-0.95661
-0.95078
-0.95052
-0.95054
-0.95054
-0.95055
-0.94772
-0.95424
62.9084
-0.94865
-0.95442
-0.95121
-0.94882
-0.94882
-0.95208
-0.94995
-0.94993
-0.94793
-0.94793
-0.95199
-0.94857
-0.95051
-0.94856
-0.94789
-0.95133
-0.95278
-0.94953
-0.94953
-0.95229
-0.95367
-0.95239
-0.9481
-0.95067
-0.94811
-0.95318
-0.95058
-0.95048
-0.95027
-0.94975
-0.95386
-0.9496
-0.94961
-0.94934
-0.95066
-0.95115
-0.94122
-0.94467
-0.94467
-0.94469
-0.95465
-0.94673
0
0
0
0
0
0
0
0
0
0
0
0
0
0
0
0
0
0
0
0
0
0
0
0
0
0
0
0
0
0
0
0
0
0
0
0
0
0
0
0
0
0
0
0
0
0
0
0
-4.3693
0
-4.3693
0
0
0
0
0
0
-0.94543
-0.94876
-0.94436
-0.94411
-0.94411
-0.94938
-0.94409
-0.94939
-0.94444
-0.94419
-0.94419
-0.94417
-0.94418
-0.94157
-0.94796
-0.94865
55.1
-0.94826
-0.94511
-0.94266
-0.94266
-0.94594
-0.94376
-0.94377
-0.9417
-0.94171
-0.94601
-0.94228
-0.9445
-0.94228
-0.94163
-0.94526
-0.94645
-0.94324
-0.94326
-0.94669
-0.94748
-0.94634
-0.94179
-0.9445
-0.94185
-0.94661
-0.94422
-0.94414
-0.94423
-0.94339
-0.94754
-0.94324
-0.94324
-0.94356
-0.94427
-0.94476
-0.93608
-0.93872
-0.93872
-0.93877
-0.94817
-0.94025
0
0
0
0
0
0
0
0
0
0
0
0
0
0
-1.282
0
0
0
0
0
0
0
0
0
0
0
0
0
0
0
0
0
0
0
0
0
0
0
0
0
0
0
0
0
0
0
0
0
0
0
0
0
0
0
0
0
0
-0.95139
-0.95522
-0.95028
-0.95006
-0.95007
-0.95577
-0.95003
-0.95576
-0.95036
-0.95021
-0.95021
-0.95021
-0.95022
-0.94739
-0.95402
-0.95442
-0.94826
58.1864
-0.95134
-0.94846
-0.94847
-0.95211
-0.94961
-0.94961
-0.94758
-0.9476
-0.95199
-0.94822
-0.95043
-0.94822
-0.94757
-0.9512
-0.95244
-0.94919
-0.94919
-0.95261
-0.95346
-0.95226
-0.94775
-0.9505
-0.94783
-0.95292
-0.95021
-0.9501
-0.95013
-0.94937
-0.95352
-0.94922
-0.94922
-0.94934
-0.95026
-0.95076
-0.94152
-0.94452
-0.94451
-0.94453
-0.95417
-0.94624
0
0
0
0
0
0
0
0
0
0
0
0
0
0
0
0
0
0
0
0
0
0
0
0
0
0
-4.0343
0
0
0
0
0
0
0
0
0
0
0
0
0
0
0
0
0
0
0
0
0
0
0
0
0
0
0
0
0
0
-0.94825
-0.95201
-0.94721
-0.94698
-0.94698
-0.95255
-0.94698
-0.95253
-0.94735
-0.94736
-0.94735
-0.94735
-0.94737
-0.94424
-0.95093
-0.95121
-0.94511
-0.95134
57.0073
-0.94532
-0.94532
-0.9491
-0.9464
-0.94641
-0.94435
-0.94436
-0.94847
-0.94495
-0.94699
-0.94494
-0.94426
-0.94777
-0.94911
-0.94591
-0.9459
-0.94874
-0.95
-0.94903
-0.94447
-0.94705
-0.94445
-0.94947
-0.9469
-0.94679
-0.9467
-0.94607
-0.95015
-0.94591
-0.94591
-0.94586
-0.94697
-0.94745
-0.93803
-0.94114
-0.94109
-0.94115
0
0
0
0
0
0
0
0
0
0
0
0
0
0
0
0
0
-0.97147
0
0
0
0
0
0
0
0
0
0
0
-3.9598
0
0
0
0
0
0
0
0
0
0
0
0
0
0
0
0
0
0
0
0
0
0
0
0
0
0
0
0
0
-0.94564
-0.94892
-0.94456
-0.9443
-0.94431
-0.94955
-0.94431
-0.94953
-0.94465
-0.94438
-0.94438
-0.94436
-0.94439
-0.94178
-0.94813
-0.94882
-0.94266
-0.94846
-0.94532
53.8295
-0.94278
-0.94615
-0.94398
-0.94397
-0.94189
-0.94189
-0.94623
-0.94246
-0.94471
-0.94247
-0.94182
-0.94545
-0.94665
-0.94345
-0.94345
-0.9471
-0.9477
-0.9466
-0.94199
-0.94481
-0.94209
-0.94707
-0.94443
-0.94432
-0.94447
-0.94359
-0.94772
-0.94343
-0.94343
-0.94378
-0.94445
-0.94493
-0.93627
-0.93889
-0.9389
-0.93895
-0.94832
-0.9404
0
0
0
0
0
0
0
0
0
0
0
0
0
0
0
0
0
0
0
0
0
0
0
0
0
0
0
0
0
0
0
0
0
0
0
0
0
0
0
0
0
0
0
0
0
0
0
0
0
0
0
0
0
0
0
0
0
-0.94564
-0.94893
-0.94455
-0.94433
-0.94432
-0.94955
-0.9443
-0.94954
-0.94466
-0.94438
-0.94438
-0.94438
-0.94438
-0.94178
-0.94814
-0.94882
-0.94266
-0.94847
-0.94532
-0.94278
53.8296
-0.94616
-0.94399
-0.94397
-0.94189
-0.9419
-0.94626
-0.94247
-0.94473
-0.94247
-0.94183
-0.94546
-0.94666
-0.94346
-0.94345
-0.94711
-0.94772
-0.9466
-0.94198
-0.94481
-0.94207
-0.94707
-0.94441
-0.94432
-0.94446
-0.94359
-0.94772
-0.94342
-0.94343
-0.94379
-0.94446
-0.94493
-0.93629
-0.93887
-0.93889
-0.93894
-0.94833
-0.94042
0
0
0
0
0
0
0
0
0
0
0
0
0
0
0
0
0
0
0
0
0
0
0
0
0
0
0
0
0
0
0
0
0
0
0
0
0
0
0
0
0
0
0
0
0
0
0
0
0
0
0
0
0
0
0
0
0
-0.94912
-0.95288
-0.94804
-0.94782
-0.94781
-0.95341
-0.9478
-0.9534
-0.94815
-0.94805
-0.94806
-0.94805
-0.94804
-0.94508
-0.95176
-0.95208
-0.94594
-0.95211
-0.9491
-0.94615
-0.94616
57.0292
-0.94728
-0.94728
-0.94524
-0.94524
-0.94947
-0.94583
-0.94796
-0.94585
-0.94518
-0.94874
-0.95005
-0.94682
-0.94681
-0.95
-0.95101
-0.94981
-0.94536
-0.94807
-0.94542
-0.95048
-0.94782
-0.9477
-0.94772
-0.94697
-0.95109
-0.94681
-0.94682
-0.94688
-0.94787
-0.94834
-0.93909
-0.94211
-0.94212
-0.94214
-0.95182
0
0
0
0
0
0
0
0
0
0
0
0
0
0
0
0
0
0
0
0
0
0
0
0
0
0
0
0
0
0
0
0
0
0
-3.9529
0
0
0
0
0
0
0
0
0
0
0
0
0
0
0
0
0
0
0
0
0
0
0
-0.94677
-0.95004
-0.94568
-0.94543
-0.94543
-0.95068
-0.94544
-0.95066
-0.94578
-0.94554
-0.94553
-0.94555
-0.94556
-0.94289
-0.94928
-0.94995
-0.94376
-0.94961
-0.9464
-0.94398
-0.94399
-0.94728
52.0021
-0.94491
-0.94277
-0.94278
-0.94754
-0.94357
-0.94585
-0.94354
-0.94295
-0.94654
-0.9478
-0.94457
-0.94456
-0.94863
-0.94885
-0.94773
-0.94311
-0.94595
-0.94322
-0.94823
-0.94558
-0.94547
-0.94564
-0.94476
-0.9489
-0.94458
-0.94458
-0.94495
-0.94563
-0.9461
-0.93741
-0.94005
-0.94005
-0.94007
0
0
0
0
0
0
0
0
0
0
0
0
0
0
0
0
0
0
0
0
0
0
0
0
0
0
0
0
0
0
0
0
0
0
0
0
0
0
0
0
0
0
0
0
0
0
0
0
0
0
0
0
0
0
0
0
0
0
0
-0.94676
-0.95003
-0.94567
-0.94543
-0.94543
-0.95067
-0.94545
-0.95067
-0.94578
-0.94554
-0.94555
-0.94555
-0.94553
-0.94289
-0.94928
-0.94993
-0.94377
-0.94961
-0.94641
-0.94397
-0.94397
-0.94728
-0.94491
52.002
-0.94276
-0.94277
-0.9475
-0.94357
-0.94585
-0.94357
-0.94294
-0.94653
-0.94779
-0.94458
-0.94457
-0.94864
-0.94884
-0.94775
-0.9431
-0.94595
-0.94323
-0.94824
-0.9456
-0.94548
-0.94561
-0.94476
-0.94888
-0.94458
-0.94459
-0.94494
-0.94562
-0.94608
-0.93741
-0.94004
-0.94005
-0.94008
0
0
0
0
0
0
0
0
0
0
0
0
0
0
0
0
0
0
0
0
0
0
0
0
0
0
0
0
0
0
0
0
0
0
0
0
0
0
0
0
0
0
0
0
0
0
0
0
0
0
0
0
0
0
0
0
0
0
0
-0.94478
-0.94805
-0.94366
-0.94343
-0.94342
-0.94866
-0.94344
-0.94867
-0.94376
-0.94351
-0.94353
-0.94351
-0.94352
-0.94082
-0.94727
-0.94793
-0.9417
-0.94758
-0.94435
-0.94189
-0.94189
-0.94524
-0.94277
-0.94276
50.9526
-0.94047
-0.94543
-0.94153
-0.94359
-0.94153
-0.94088
-0.94438
-0.94574
-0.94253
-0.94252
-0.94646
-0.94673
-0.94562
-0.94108
-0.94387
-0.94115
-0.94613
-0.94353
-0.94339
-0.94355
-0.94268
-0.9468
-0.94252
-0.94252
-0.94288
-0.94354
-0.94403
-0.93539
-0.93799
-0.93799
0
0
0
0
0
0
0
0
0
0
0
0
0
0
0
0
0
0
0
0
0
0
0
0
0
0
0
0
0
0
0
0
0
0
0
0
0
0
0
0
0
0
0
0
0
0
0
0
0
0
0
0
0
0
0
0
0
0
0
0
-0.94477
-0.94804
-0.94365
-0.94343
-0.94342
-0.94865
-0.9434
-0.94867
-0.94376
-0.94354
-0.94353
-0.94352
-0.94351
-0.94084
-0.94727
-0.94793
-0.94171
-0.9476
-0.94436
-0.94189
-0.9419
-0.94524
-0.94278
-0.94277
-0.94047
50.9526
-0.94542
-0.94154
-0.94359
-0.94155
-0.94089
-0.9444
-0.94572
-0.94253
-0.94252
-0.94645
-0.94672
-0.94562
-0.94105
-0.94388
-0.94115
-0.94613
-0.94353
-0.9434
-0.94355
-0.94268
-0.94681
-0.9425
-0.94252
-0.94288
-0.94355
-0.94401
-0.93538
-0.93797
-0.93799
0
0
0
0
0
0
0
0
0
0
0
0
0
0
0
0
0
0
0
0
0
0
0
0
0
0
0
0
0
0
0
0
0
0
0
0
0
0
0
0
0
0
0
0
0
0
0
0
0
0
0
0
0
0
0
0
0
0
0
0
-0.94927
-0.9528
-0.94816
-0.94791
-0.94792
-0.9533
-0.94791
-0.9533
-0.94825
-0.94796
-0.94796
-0.94796
-0.94795
-0.94543
-0.95168
-0.95199
-0.94601
-0.95199
-0.94847
-0.94623
-0.94626
-0.94947
-0.94754
-0.9475
-0.94543
-0.94542
52.5977
-0.94599
-0.94816
-0.94599
-0.94532
-0.94885
-0.9502
-0.947
-0.947
-0.95054
-0.95112
-0.94994
-0.94552
-0.94819
-0.94553
-0.95062
-0.94804
-0.94793
-0.94787
-0.94721
-0.95133
-0.94708
-0.9471
-0.94702
-0.94812
-0.94863
0
0
0
0
0
0
0
0
0
0
0
0
0
0
0
-0.53334
0
0
0
0
0
0
0
0
0
0
0
0
0
0
0
0
0
0
0
0
0
0
0
0
0
0
0
0
0
0
0
0
0
0
0
0
0
0
0
0
0
0
0
0
0
0
-3.7
-0.94536
-0.94862
-0.94428
-0.94401
-0.94402
-0.94926
-0.944
-0.94928
-0.94437
-0.94413
-0.94413
-0.94411
-0.94412
-0.94141
-0.94786
-0.94857
-0.94228
-0.94822
-0.94495
-0.94246
-0.94247
-0.94583
-0.94357
-0.94357
-0.94153
-0.94154
-0.94599
48.1728
-0.94437
-0.94191
-0.94142
-0.9457
-0.94633
-0.94316
-0.94316
-0.94718
-0.94725
-0.94619
-0.94165
-0.94446
-0.9417
-0.9467
-0.94414
-0.94401
-0.94415
-0.94327
-0.94743
-0.94316
-0.94318
-0.94348
-0.9442
-0.94471
0
0
0
0
0
0
0
0
0
0
0
0
0
0
0
0
0
0
0
0
0
0
0
0
0
0
0
0
0
0
0
0
0
0
0
0
0
0
0
0
0
0
0
0
0
0
0
0
0
0
0
0
0
0
0
0
0
0
0
0
0
0
0
-0.94768
-0.95123
-0.94662
-0.94635
-0.94633
-0.9517
-0.94633
-0.95171
-0.94668
-0.94638
-0.94639
-0.94638
-0.9464
-0.94357
-0.95011
-0.95051
-0.9445
-0.95043
-0.94699
-0.94471
-0.94473
-0.94796
-0.94585
-0.94585
-0.94359
-0.94359
-0.94816
-0.94437
50.9472
-0.94435
-0.94365
-0.94705
-0.94855
-0.94534
-0.94533
-0.9487
-0.94941
-0.94824
-0.94383
-0.94653
-0.94385
-0.94889
-0.94633
-0.9462
-0.94619
-0.94549
-0.9496
-0.94537
-0.94537
-0.94534
-0.94638
0
0
0
0
0
0
0
0
0
0
0
0
0
0
0
0
0
0
0
0
0
0
0
0
0
0
0
0
0
0
0
0
0
0
0
0
0
0
0
0
0
0
0
-3.6121
0
0
0
0
0
0
0
0
0
0
0
0
0
0
0
0
0
0
0
0
-0.94534
-0.94864
-0.94427
-0.94401
-0.944
-0.94927
-0.94402
-0.94926
-0.94436
-0.94411
-0.94412
-0.94411
-0.94411
-0.9414
-0.94786
-0.94856
-0.94228
-0.94822
-0.94494
-0.94247
-0.94247
-0.94585
-0.94354
-0.94357
-0.94153
-0.94155
-0.94599
-0.94191
-0.94435
48.1727
-0.94141
-0.9457
-0.94636
-0.94314
-0.94316
-0.94718
-0.94724
-0.94619
-0.94165
-0.94445
-0.94172
-0.94669
-0.94413
-0.94401
-0.94415
-0.94328
-0.94741
-0.94317
-0.94317
-0.9435
-0.94417
-0.94469
0
0
0
0
0
0
0
0
0
0
0
0
0
0
0
0
0
0
0
0
0
0
0
0
0
0
0
0
0
0
0
0
0
0
0
0
0
0
0
0
0
0
0
0
0
0
0
0
0
0
0
0
0
0
0
0
0
0
0
0
0
0
0
-0.94499
-0.94801
-0.94363
-0.94338
-0.94339
-0.94865
-0.94338
-0.94864
-0.94374
-0.94349
-0.94348
-0.94348
-0.94347
-0.94079
-0.94724
-0.94789
-0.94163
-0.94757
-0.94426
-0.94182
-0.94183
-0.94518
-0.94295
-0.94294
-0.94088
-0.94089
-0.94532
-0.94142
-0.94365
-0.94141
46.4594
-0.9445
-0.94571
-0.94255
-0.94254
-0.94611
-0.94635
-0.94541
-0.94096
-0.94371
-0.94091
-0.94593
-0.94341
-0.94328
-0.94344
-0.94253
-0.94671
-0.94251
-0.94249
0
0
0
0
0
0
0
0
0
0
0
0
0
0
0
0
0
0
0
0
0
0
0
0
0
0
0
-1.151
0
0
0
0
0
0
0
0
0
0
0
0
0
0
0
0
0
0
0
0
0
0
0
0
0
0
0
0
0
0
0
0
0
0
0
0
0
0
-0.94848
-0.952
-0.9474
-0.94714
-0.94712
-0.95244
-0.94711
-0.95246
-0.94746
-0.94716
-0.94716
-0.94714
-0.94715
-0.94433
-0.95088
-0.95133
-0.94526
-0.9512
-0.94777
-0.94545
-0.94546
-0.94874
-0.94654
-0.94653
-0.94438
-0.9444
-0.94885
-0.9457
-0.94705
-0.9457
-0.9445
49.0129
-0.94945
-0.94622
-0.94622
-0.94908
-0.95028
-0.94916
-0.94468
-0.9474
-0.94464
-0.94971
-0.94716
-0.94705
-0.94703
-0.9463
-0.95046
-0.94625
-0.94625
0
0
0
0
0
0
0
0
0
0
0
0
0
0
0
0
0
0
0
0
0
0
0
0
0
0
0
0
0
0
0
0
0
0
0
0
0
0
0
0
0
0
0
0
0
0
0
0
0
0
0
0
0
0
-3.5312
0
0
0
0
0
0
0
0
0
0
0
-0.94955
-0.95293
-0.94846
-0.94822
-0.94823
-0.95353
-0.94822
-0.95353
-0.94859
-0.94833
-0.94833
-0.94833
-0.94832
-0.94556
-0.95212
-0.95278
-0.94645
-0.95244
-0.94911
-0.94665
-0.94666
-0.95005
-0.9478
-0.94779
-0.94574
-0.94572
-0.9502
-0.94633
-0.94855
-0.94636
-0.94571
-0.94945
44.2134
-0.94724
-0.94725
-0.95062
-0.952
-0.95159
-0.94583
-0.94951
-0.94618
-0.95117
-0.94871
-0.94864
-0.94885
-0.94783
0
0
0
0
0
0
0
0
0
0
0
0
0
0
0
0
0
0
0
0
0
0
0
0
0
-1.5179
0
0
0
0
0
0
0
0
0
0
0
0
0
0
0
0
0
0
0
0
0
0
0
0
0
0
0
0
0
0
0
0
0
0
0
0
0
0
0
0
0
0
0
-0.94632
-0.94962
-0.94523
-0.94497
-0.94497
-0.95024
-0.94497
-0.95024
-0.94534
-0.94509
-0.94509
-0.9451
-0.94507
-0.94236
-0.94885
-0.94953
-0.94324
-0.94919
-0.94591
-0.94345
-0.94346
-0.94682
-0.94457
-0.94458
-0.94253
-0.94253
-0.947
-0.94316
-0.94534
-0.94314
-0.94255
-0.94622
-0.94724
42.549
-0.94266
-0.94774
-0.94919
-0.94798
-0.94222
-0.9453
-0.94247
-0.94788
-0.94512
-0.94505
-0.94526
-0.94422
0
0
0
0
0
0
0
0
0
0
0
0
0
0
0
0
0
0
0
0
0
0
0
0
0
0
0
0
0
0
0
0
0
0
0
0
0
0
0
0
0
0
0
0
0
0
0
0
0
0
0
0
0
0
0
0
0
0
0
0
0
0
0
0
0
0
0
0
0
-0.94632
-0.9496
-0.94522
-0.94497
-0.94497
-0.95025
-0.94498
-0.95024
-0.94533
-0.94508
-0.94509
-0.9451
-0.94508
-0.94235
-0.94886
-0.94953
-0.94326
-0.94919
-0.9459
-0.94345
-0.94345
-0.94681
-0.94456
-0.94457
-0.94252
-0.94252
-0.947
-0.94316
-0.94533
-0.94316
-0.94254
-0.94622
-0.94725
-0.94266
42.549
-0.94775
-0.9492
-0.94799
-0.94224
-0.94531
-0.94247
-0.94788
-0.94512
-0.94507
-0.94525
-0.94424
0
0
0
0
0
0
0
0
0
0
0
0
0
0
0
0
0
0
0
0
0
0
0
0
0
0
0
0
0
0
0
0
0
0
0
0
0
0
0
0
0
0
0
0
0
0
0
0
0
0
0
0
0
0
0
0
0
0
0
0
0
0
0
0
0
0
0
0
0
-0.94993
-0.95343
-0.94895
-0.94872
-0.9487
-0.954
-0.94889
-0.95399
-0.9492
-0.94886
-0.94884
-0.94885
-0.94885
-0.94569
-0.95227
-0.95229
-0.94669
-0.95261
-0.94874
-0.9471
-0.94711
-0.95
-0.94863
-0.94864
-0.94646
-0.94645
-0.95054
-0.94718
-0.9487
-0.94718
-0.94611
-0.94908
-0.95062
-0.94774
-0.94775
51.6435
-0.95095
-0.94992
-0.94644
-0.94766
-0.94546
0
0
0
0
0
0
0
0
0
0
0
0
0
0
0
0
0
0
0
0
0
0
0
0
0
0
0
0
0
0
0
0
0
0
0
0
-1.3324
0
0
0
0
0
0
0
0
0
0
0
0
0
0
0
0
0
0
0
0
0
0
0
-4.1173
0
0
0
0
0
0
0
-4.1173
0
-4.1174
0
0
0
-0.9507
-0.95421
-0.94965
-0.94938
-0.9494
-0.95473
-0.94938
-0.95471
-0.9497
-0.94942
-0.9494
-0.94942
-0.94941
-0.94654
-0.95316
-0.95367
-0.94748
-0.95346
-0.95
-0.9477
-0.94772
-0.95101
-0.94885
-0.94884
-0.94673
-0.94672
-0.95112
-0.94725
-0.94941
-0.94724
-0.94635
-0.95028
-0.952
-0.94919
-0.9492
-0.95095
43.7591
-0.95266
-0.94693
-0.94942
-0.94595
0
-0.94962
0
0
0
0
0
0
0
0
0
0
0
0
0
0
0
0
0
0
0
0
0
0
0
0
0
0
0
0
-1.5239
0
0
0
0
0
0
0
0
0
0
0
0
0
0
0
0
0
0
0
0
0
0
0
0
0
0
0
-3.2962
0
0
0
0
0
0
0
0
0
0
0
0
0
0
0
-0.94956
-0.95301
-0.94853
-0.94824
-0.94826
-0.95351
-0.94827
-0.95353
-0.94859
-0.94829
-0.9483
-0.9483
-0.9483
-0.94541
-0.95194
-0.95239
-0.94634
-0.95226
-0.94903
-0.9466
-0.9466
-0.94981
-0.94773
-0.94775
-0.94562
-0.94562
-0.94994
-0.94619
-0.94824
-0.94619
-0.94541
-0.94916
-0.95159
-0.94798
-0.94799
-0.94992
-0.95266
43.6203
-0.94575
-0.94678
-0.9438
0
0
0
0
0
0
0
0
0
0
0
0
0
0
0
0
0
0
0
0
0
0
0
0
0
-1.3831
0
0
0
0
0
0
-0.97297
0
0
0
0
0
0
0
0
0
0
0
0
0
0
0
0
0
0
0
0
0
0
0
0
0
0
0
0
0
0
0
0
0
0
0
0
-3.3209
0
0
0
0
-0.94488
-0.94817
-0.94379
-0.94355
-0.94355
-0.94881
-0.94354
-0.94879
-0.94389
-0.94365
-0.94365
-0.94364
-0.94365
-0.94089
-0.94741
-0.9481
-0.94179
-0.94775
-0.94447
-0.94199
-0.94198
-0.94536
-0.94311
-0.9431
-0.94108
-0.94105
-0.94552
-0.94165
-0.94383
-0.94165
-0.94096
-0.94468
-0.94583
-0.94222
-0.94224
-0.94644
-0.94693
-0.94575
40.5953
-0.94352
-0.93965
-0.94585
-0.94353
-0.94343
0
0
0
0
0
0
0
0
0
0
0
0
0
0
0
0
0
0
0
0
0
0
0
0
0
0
0
0
0
0
0
0
0
0
0
0
0
0
0
0
0
0
0
0
0
0
0
0
0
0
0
0
0
0
0
0
0
0
0
0
0
0
0
0
0
0
0
0
0
0
0
-0.94779
-0.95124
-0.94674
-0.94646
-0.94647
-0.95172
-0.94645
-0.95173
-0.94678
-0.94651
-0.94649
-0.94653
-0.94651
-0.94367
-0.95017
-0.95067
-0.9445
-0.9505
-0.94705
-0.94481
-0.94481
-0.94807
-0.94595
-0.94595
-0.94387
-0.94388
-0.94819
-0.94446
-0.94653
-0.94445
-0.94371
-0.9474
-0.94951
-0.9453
-0.94531
-0.94766
-0.94942
-0.94678
-0.94352
42.4185
-0.94114
0
0
0
0
0
0
0
0
0
0
0
0
0
0
0
0
0
0
0
0
0
0
0
0
-1.2974
0
0
0
0
0
0
0
0
0
0
0
0
0
0
0
0
0
0
0
0
0
0
0
-3.2523
0
0
0
0
0
0
0
0
0
0
0
0
0
0
0
0
0
0
0
0
0
0
0
0
0
-0.94497
-0.94833
-0.9439
-0.9437
-0.94369
-0.94896
-0.94368
-0.94896
-0.94404
-0.94376
-0.94377
-0.94376
-0.94376
-0.94098
-0.9475
-0.94811
-0.94185
-0.94783
-0.94445
-0.94209
-0.94207
-0.94542
-0.94322
-0.94323
-0.94115
-0.94115
-0.94553
-0.9417
-0.94385
-0.94172
-0.94091
-0.94464
-0.94618
-0.94247
-0.94247
-0.94546
-0.94595
-0.9438
-0.93965
-0.94114
40.2608
0
0
0
0
0
0
0
0
0
0
0
0
0
0
0
0
0
0
0
0
0
0
0
0
0
0
0
0
-0.7257
0
0
0
0
0
-1.7753
0
0
0
0
0
0
0
0
0
0
0
0
0
0
0
0
0
0
0
0
0
0
0
0
0
0
0
0
0
0
0
0
0
0
0
0
0
0
0
-0.94996
-0.95345
-0.94888
-0.94866
-0.94865
-0.95404
-0.94863
-0.95403
-0.949
-0.94877
-0.94877
-0.94876
-0.94876
-0.94594
-0.95259
-0.95318
-0.94661
-0.95292
-0.94947
-0.94707
-0.94707
-0.95048
-0.94823
-0.94824
-0.94613
-0.94613
-0.95062
-0.9467
-0.94889
-0.94669
-0.94593
-0.94971
-0.95117
-0.94788
-0.94788
0
0
0
-0.94585
0
0
37.7625
0
0
0
0
0
0
0
0
0
0
0
0
0
0
0
0
0
0
0
0
0
0
0
0
0
0
0
0
0
0
0
0
-1.5841
0
0
0
0
0
-2.0127
0
0
0
0
0
0
0
0
0
0
0
0
0
0
0
0
0
0
0
0
0
0
0
0
0
0
0
0
0
0
0
0
0
0
-0.94732
-0.95061
-0.94622
-0.94597
-0.94596
-0.95124
-0.94597
-0.95123
-0.94631
-0.94608
-0.94609
-0.94609
-0.94608
-0.94335
-0.94985
-0.95058
-0.94422
-0.95021
-0.9469
-0.94443
-0.94441
-0.94782
-0.94558
-0.9456
-0.94353
-0.94353
-0.94804
-0.94414
-0.94633
-0.94413
-0.94341
-0.94716
-0.94871
-0.94512
-0.94512
0
-0.94962
0
-0.94353
0
0
0
35.0205
0
0
0
0
0
0
0
0
0
0
0
0
0
0
0
0
0
0
0
0
0
0
0
0
0
0
0
0
0
0
0
0
0
0
0
0
0
0
0
0
0
0
0
0
0
0
0
0
0
0
0
0
0
0
0
0
0
0
0
0
0
0
0
0
0
0
0
0
0
0
0
0
-0.94721
-0.95049
-0.9461
-0.94585
-0.94586
-0.95113
-0.94586
-0.95113
-0.94623
-0.94597
-0.94598
-0.94598
-0.94597
-0.94322
-0.94975
-0.95048
-0.94414
-0.9501
-0.94679
-0.94432
-0.94432
-0.9477
-0.94547
-0.94548
-0.94339
-0.9434
-0.94793
-0.94401
-0.9462
-0.94401
-0.94328
-0.94705
-0.94864
-0.94505
-0.94507
0
0
0
-0.94343
0
0
0
0
34.067
0
0
0
0
0
0
0
0
0
0
0
0
0
0
0
0
0
0
0
0
0
0
0
0
0
0
0
0
0
0
0
0
0
0
0
0
0
0
0
0
0
0
0
0
0
0
0
0
0
0
0
0
0
0
0
0
0
0
0
0
0
0
0
0
0
0
0
0
0
0
0
-0.94738
-0.9507
-0.94629
-0.94609
-0.94608
-0.95128
-0.94608
-0.95129
-0.9464
-0.94615
-0.94614
-0.94615
-0.94616
-0.94333
-0.94981
-0.95027
-0.94423
-0.95013
-0.9467
-0.94447
-0.94446
-0.94772
-0.94564
-0.94561
-0.94355
-0.94355
-0.94787
-0.94415
-0.94619
-0.94415
-0.94344
-0.94703
-0.94885
-0.94526
-0.94525
0
0
0
0
0
0
0
0
0
35.6753
0
0
0
0
0
0
0
0
0
0
0
0
0
0
0
0
0
0
0
0
0
0
0
0
0
0
0
0
0
0
0
0
0
0
0
0
0
-2.5474
0
0
0
0
0
0
0
0
0
0
0
0
0
0
0
0
0
0
0
0
0
0
0
0
0
0
0
0
0
0
0
0
-0.94648
-0.94975
-0.94537
-0.94513
-0.94513
-0.95041
-0.94513
-0.95039
-0.9455
-0.94525
-0.94525
-0.94523
-0.94523
-0.9425
-0.94904
-0.94975
-0.94339
-0.94937
-0.94607
-0.94359
-0.94359
-0.94697
-0.94476
-0.94476
-0.94268
-0.94268
-0.94721
-0.94327
-0.94549
-0.94328
-0.94253
-0.9463
-0.94783
-0.94422
-0.94424
0
0
0
0
0
0
0
0
0
0
33.0978
0
0
0
0
0
0
0
0
0
0
0
0
0
0
0
0
0
0
0
0
0
0
0
0
0
0
0
0
0
0
0
0
0
0
0
0
0
0
0
0
0
0
0
0
0
0
0
0
0
0
0
0
0
0
0
0
0
0
0
0
0
0
0
0
0
0
0
0
0
-0.95062
-0.95389
-0.94953
-0.94928
-0.94928
-0.95454
-0.94927
-0.95453
-0.94964
-0.9494
-0.94939
-0.94939
-0.94939
-0.94663
-0.95315
-0.95386
-0.94754
-0.95352
-0.95015
-0.94772
-0.94772
-0.95109
-0.9489
-0.94888
-0.9468
-0.94681
-0.95133
-0.94743
-0.9496
-0.94741
-0.94671
-0.95046
0
0
0
0
0
0
0
0
0
0
0
0
0
0
31.7766
0
0
0
0
0
0
0
0
0
0
0
0
0
0
0
0
0
0
0
-1.3828
0
0
0
0
0
0
0
0
0
0
0
0
0
0
0
0
0
0
0
0
0
0
0
0
0
0
0
0
0
0
0
0
0
0
0
0
0
0
0
0
0
0
0
0
0
0
0
0
-0.94632
-0.94958
-0.94521
-0.94496
-0.94496
-0.95022
-0.94495
-0.95024
-0.94533
-0.94508
-0.94508
-0.94507
-0.94509
-0.94236
-0.94888
-0.9496
-0.94324
-0.94922
-0.94591
-0.94343
-0.94342
-0.94681
-0.94458
-0.94458
-0.94252
-0.9425
-0.94708
-0.94316
-0.94537
-0.94317
-0.94251
-0.94625
0
0
0
0
0
0
0
0
0
0
0
0
0
0
0
30.2567
0
0
0
0
0
0
0
0
0
0
0
0
0
0
0
0
0
0
0
0
0
0
0
0
0
0
0
0
0
0
0
0
0
0
0
0
0
0
0
0
0
0
0
0
0
0
0
0
0
0
0
0
0
0
0
0
0
0
0
0
0
0
0
0
0
0
0
-0.94632
-0.94957
-0.9452
-0.94497
-0.94497
-0.9502
-0.94496
-0.95022
-0.94532
-0.94509
-0.94508
-0.94509
-0.94508
-0.94234
-0.94888
-0.94961
-0.94324
-0.94922
-0.94591
-0.94343
-0.94343
-0.94682
-0.94458
-0.94459
-0.94252
-0.94252
-0.9471
-0.94318
-0.94537
-0.94317
-0.94249
-0.94625
0
0
0
0
0
0
0
0
0
0
0
0
0
0
0
0
30.2567
0
0
0
0
0
0
0
0
0
0
0
0
0
0
0
0
0
0
0
0
0
0
0
0
0
0
0
0
0
0
0
0
0
0
0
0
0
0
0
0
0
0
0
0
0
0
0
0
0
0
0
0
0
0
0
0
0
0
0
0
0
0
0
0
0
0
-0.94662
-0.94985
-0.94557
-0.94536
-0.94538
-0.95047
-0.94537
-0.95048
-0.94573
-0.94546
-0.94546
-0.94547
-0.94545
-0.94265
-0.949
-0.94934
-0.94356
-0.94934
-0.94586
-0.94378
-0.94379
-0.94688
-0.94495
-0.94494
-0.94288
-0.94288
-0.94702
-0.94348
-0.94534
-0.9435
0
0
0
0
0
0
0
0
0
0
0
0
0
0
0
0
0
0
0
31.1566
0
0
0
0
0
0
0
0
0
0
0
0
0
0
0
0
0
0
0
-0.73677
0
0
0
0
0
0
0
0
0
0
0
0
0
0
0
0
0
0
0
0
0
0
0
0
0
0
0
0
0
0
0
0
0
0
0
-2.0439
0
0
0
0
0
0
0
0
0
-0.94734
-0.95062
-0.94624
-0.94599
-0.946
-0.95126
-0.946
-0.95128
-0.94636
-0.94612
-0.94612
-0.94611
-0.94612
-0.94337
-0.94992
-0.95066
-0.94427
-0.95026
-0.94697
-0.94445
-0.94446
-0.94787
-0.94563
-0.94562
-0.94354
-0.94355
-0.94812
-0.9442
-0.94638
-0.94417
0
0
0
0
0
0
0
0
0
0
0
0
0
0
0
0
0
0
0
0
28.399
0
0
0
0
0
0
0
0
0
0
0
0
0
0
0
0
0
0
0
0
0
0
0
0
0
0
0
0
0
0
0
0
0
0
0
0
0
0
0
0
0
0
0
0
0
0
0
0
0
0
0
0
0
0
0
0
0
0
0
0
0
0
0
0
-0.94783
-0.95108
-0.94672
-0.94647
-0.94646
-0.95173
-0.94647
-0.95173
-0.94684
-0.9466
-0.94659
-0.94659
-0.94659
-0.94387
-0.95039
-0.95115
-0.94476
-0.95076
-0.94745
-0.94493
-0.94493
-0.94834
-0.9461
-0.94608
-0.94403
-0.94401
-0.94863
-0.94471
0
-0.94469
0
0
0
0
0
0
0
0
0
0
0
0
0
0
0
0
0
0
0
0
0
27.4665
0
0
0
0
0
0
0
0
0
0
0
0
0
0
0
0
0
0
0
0
0
0
0
0
0
0
0
0
0
0
0
0
0
0
0
0
0
0
0
0
0
0
0
0
0
0
0
0
0
0
0
0
0
0
0
0
0
0
0
0
0
0
0
-0.9391
-0.94215
-0.93808
-0.93788
-0.93787
-0.94272
-0.93788
-0.94272
-0.93822
-0.93792
-0.93792
-0.93792
-0.93791
-0.93507
-0.94121
-0.94122
-0.93608
-0.94152
-0.93803
-0.93627
-0.93629
-0.93909
-0.93741
-0.93741
-0.93539
-0.93538
0
0
0
0
0
0
0
0
0
0
0
0
0
0
0
0
0
0
0
0
0
0
0
0
0
0
28.7617
0
0
0
0
0
0
0
0
0
0
0
0
0
0
0
0
0
0
0
0
0
0
0
0
0
0
0
0
0
0
-2.1815
0
0
0
0
0
0
0
0
0
0
0
0
0
0
0
0
0
0
0
0
0
0
0
0
0
0
0
0
-2.1815
0
0
-0.94173
-0.94496
-0.94069
-0.94046
-0.94046
-0.94558
-0.94044
-0.94558
-0.9408
-0.94055
-0.94053
-0.94054
-0.94054
-0.93772
-0.94418
-0.94467
-0.93872
-0.94452
-0.94114
-0.93889
-0.93887
-0.94211
-0.94005
-0.94004
-0.93799
-0.93797
0
0
0
0
0
0
0
0
0
0
0
0
0
0
0
0
0
0
0
0
0
0
0
0
0
0
0
26.1345
0
0
0
0
0
0
0
0
0
0
0
0
0
0
0
0
0
0
0
0
0
0
0
0
0
0
0
0
0
0
0
0
0
0
0
0
0
0
0
0
0
0
0
0
0
0
0
0
0
0
-1.6648
0
0
0
0
0
0
0
0
0
0
-0.94172
-0.94497
-0.94069
-0.94045
-0.94048
-0.94557
-0.94044
-0.94557
-0.9408
-0.94054
-0.94053
-0.94055
-0.94055
-0.93771
-0.94418
-0.94467
-0.93872
-0.94451
-0.94109
-0.9389
-0.93889
-0.94212
-0.94005
-0.94005
-0.93799
-0.93799
0
0
0
0
0
0
0
0
0
0
0
0
0
0
0
0
0
0
0
0
0
0
0
0
0
0
0
0
26.1345
0
0
0
0
0
0
0
0
0
0
0
0
0
0
0
0
0
0
0
0
0
0
0
0
0
0
0
0
0
0
0
0
-1.6648
0
0
0
0
0
0
0
0
0
0
0
0
0
0
0
0
0
0
0
0
0
0
0
0
0
0
0
-0.94184
-0.94494
-0.94074
-0.94051
-0.9405
-0.9456
-0.94049
-0.94556
-0.94087
-0.94059
-0.94059
-0.9406
-0.94059
-0.93785
-0.9442
-0.94469
-0.93877
-0.94453
-0.94115
-0.93895
-0.93894
-0.94214
-0.94007
-0.94008
0
0
0
0
0
0
0
0
0
0
0
0
0
0
0
0
0
0
0
0
0
0
0
0
0
0
0
0
0
0
0
23.9637
0
0
0
0
0
0
0
0
0
0
0
0
0
0
0
0
0
0
0
0
0
0
0
0
0
0
0
0
0
0
0
0
0
0
0
0
0
0
0
0
0
0
0
0
-1.3689
0
0
0
0
0
0
0
0
0
0
0
0
0
0
-0.9512
-0.95441
-0.9501
-0.94981
-0.94983
-0.9551
-0.94983
-0.9551
-0.9502
-0.94998
-0.94999
-0.94998
-0.94998
-0.94726
-0.9538
-0.95465
-0.94817
-0.95417
0
-0.94832
-0.94833
-0.95182
0
0
0
0
0
0
0
0
0
0
0
0
0
0
0
0
0
0
0
0
0
0
0
0
0
0
0
0
0
0
0
0
0
0
19.972
0
0
0
0
0
0
0
0
0
0
0
0
0
0
0
0
0
0
0
0
0
0
0
0
0
0
0
0
0
0
0
0
0
0
0
0
0
0
0
0
0
0
0
0
0
0
0
0
0
0
0
0
0
0
0
0
0
0
-0.94327
-0.94643
-0.94217
-0.9419
-0.9419
-0.94711
-0.94191
-0.94714
-0.94227
-0.94206
-0.94207
-0.94207
-0.94206
-0.93934
-0.94585
-0.94673
-0.94025
-0.94624
0
-0.9404
-0.94042
0
0
0
0
0
0
0
0
0
0
0
0
0
0
0
0
0
0
0
0
0
0
0
0
0
0
0
0
0
0
0
0
0
0
0
0
18.8616
0
0
0
0
0
0
0
0
0
0
0
0
0
0
0
0
0
0
0
0
0
0
0
0
0
0
0
0
0
0
0
0
0
0
0
0
0
0
0
0
0
0
0
0
0
0
0
0
0
0
0
0
0
0
0
0
0
-0.95484
-0.95785
-0.95369
-0.95344
-0.95343
-0.95862
-0.95344
-0.95862
-0.95381
-0.95362
-0.95362
-0.95362
-0.95362
-0.95094
-0.95748
0
0
0
0
0
0
0
0
0
0
0
0
0
0
0
0
0
0
0
0
0
0
0
0
0
0
0
0
0
0
0
0
0
0
0
0
0
0
0
0
0
0
0
14.3207
0
0
0
0
0
0
0
0
0
0
0
0
0
0
0
0
0
0
0
0
0
0
0
0
0
0
0
0
0
0
0
0
0
0
0
0
0
0
0
0
0
0
0
0
0
0
0
0
0
0
0
0
0
0
0
0
-0.95352
-0.95636
-0.95248
-0.95215
-0.95215
-0.95708
-0.95218
-0.95709
-0.95257
-0.95233
-0.95233
-0.95234
-0.95232
0
0
0
0
0
0
0
0
0
0
0
0
0
0
0
0
0
0
0
0
0
0
0
0
0
0
0
0
0
0
0
0
0
0
0
0
0
0
0
0
0
0
0
0
0
0
12.7384
0
0
0
0
0
0
0
0
0
0
0
0
0
0
0
0
0
0
0
0
0
0
0
0
0
0
-0.34352
0
0
0
0
0
0
0
0
0
0
0
0
0
0
0
0
0
0
0
0
0
0
0
0
0
0
0
0
-0.94124
-0.9441
-0.94008
-0.93981
-0.93981
-0.94488
-0.93978
-0.94487
-0.94019
-0.93999
-0.94001
-0.93999
-0.94
0
0
0
0
0
0
0
0
0
0
0
0
0
0
0
0
0
0
0
0
0
0
0
0
0
0
0
0
0
0
0
0
0
0
0
0
0
0
0
0
0
0
0
0
0
0
0
12.2348
0
0
0
0
0
0
0
0
0
0
0
0
0
0
0
0
0
0
0
0
0
0
0
0
0
0
0
0
0
0
0
0
0
0
0
0
0
0
0
0
0
0
0
0
0
0
0
0
0
0
0
0
0
0
-0.96949
-0.9727
-0.96834
-0.9681
-0.96809
-0.9735
-0.96809
-0.9735
-0.96851
0
0
0
0
0
0
0
0
0
0
0
0
0
0
0
0
0
0
0
0
0
0
0
0
0
0
0
0
0
0
0
0
0
0
0
0
0
0
0
0
0
0
0
0
0
0
0
0
0
0
0
0
9.9593
0
0
0
0
0
0
0
0
0
0
-1.229
0
0
0
0
0
0
0
0
0
0
0
0
0
0
0
0
0
0
0
0
0
0
0
0
0
0
0
0
0
0
0
0
0
0
0
0
0
0
0
0
0
0
-0.94692
-0.94958
-0.94573
-0.94539
-0.9454
-0.9504
-0.94536
-0.9504
-0.94576
0
0
0
0
0
0
0
0
0
0
0
0
0
0
0
0
0
0
0
0
0
0
0
0
0
0
0
0
0
0
0
0
0
0
0
0
0
0
0
0
0
0
0
0
0
0
0
0
0
0
0
0
0
8.5249
0
0
0
0
0
0
0
0
0
0
0
0
0
0
0
0
0
0
0
0
0
0
0
0
0
0
0
0
0
0
0
0
0
0
0
0
0
0
0
0
0
0
0
0
0
0
0
0
0
0
0
0
-1.0942
-1.0958
-1.0932
-1.0927
-1.0927
0
0
0
0
0
0
0
0
0
0
0
0
0
0
0
0
0
0
0
0
0
0
0
0
0
0
0
0
0
0
0
0
0
0
0
0
0
0
0
0
0
0
0
0
0
0
0
0
0
0
0
0
0
0
0
0
0
0
6.9303
0
0
0
0
0
0
0
0
0
0
0
0
0
0
0
-1.4616
0
0
0
0
0
0
0
0
0
0
0
0
0
0
0
0
0
0
0
0
0
0
0
0
0
0
0
0
0
0
0
0
0
0
0
-1.0765
-1.0777
-1.0751
-1.0746
-1.0746
0
-1.075
0
0
0
0
0
0
0
0
0
0
0
0
0
0
0
0
0
0
0
0
0
0
0
0
0
0
0
0
0
0
0
0
0
0
0
0
0
0
0
0
0
0
0
0
0
0
0
0
0
0
0
0
0
0
0
0
0
6.4535
0
0
0
0
0
0
0
0
0
0
0
0
0
0
0
0
0
0
0
0
0
0
0
0
0
0
0
0
0
0
0
0
0
0
0
0
0
0
0
0
0
0
0
0
0
0
0
0
0
0
0
0
0
0
0
0
0
0
0
0
0
0
0
0
0
0
0
0
0
0
0
0
0
0
0
0
0
0
0
0
0
0
0
0
0
0
0
0
0
-1.2974
0
0
0
0
0
0
0
0
0
0
0
0
0
0
0
0
0
0
0
0
0
0
0
0
0
8.2501
0
0
0
0
0
0
-1.3764
0
0
-1.657
0
0
-2.0587
0
0
0
0
0
0
0
0
0
0
0
-1.8605
0
0
0
0
0
0
0
0
0
0
0
0
0
0
0
0
0
0
0
0
0
0
0
0
0
0
0
0
0
0
0
0
0
0
0
0
0
0
0
0
0
0
0
0
0
0
0
0
0
0
0
0
0
0
0
0
0
0
0
0
0
-1.3831
0
0
0
0
0
0
0
0
-1.3828
0
0
0
0
0
0
0
0
0
0
0
0
0
0
0
0
0
0
0
9.5125
0
0
0
0
0
0
0
-1.5047
0
0
0
0
0
0
0
0
0
0
0
0
0
0
0
0
0
0
0
0
-2.621
0
0
-2.621
0
0
0
0
0
0
0
0
0
0
0
0
0
0
0
0
0
0
0
0
0
0
0
0
0
0
0
0
0
-0.5282
0
0
0
0
0
0
0
0
0
0
0
0
-0.53334
0
0
0
0
0
0
0
0
0
0
0
0
0
0
0
0
0
0
0
0
0
0
0
0
0
0
0
0
0
0
0
0
0
0
0
0
0
0
0
0
1.8279
-0.5308
0
0
0
0
0
0
0
0
0
0
0
0
0
0
0
0
0
0
0
0
0
0
0
0
-0.23553
0
0
0
0
0
0
0
0
0
0
0
0
0
0
0
0
0
0
0
0
0
-0.73817
0
0
0
0
0
0
0
0
0
0
0
0
0
0
0
0
0
0
0
0
0
0
0
0
0
0
0
0
0
0
0
0
0
0
0
0
0
0
0
0
0
0
0
0
0
0
0
0
0
0
0
0
0
0
0
0
0
0
0
0
0
0
0
0
0
0
-0.5308
3.7049
0
0
0
0
0
0
0
-1.6858
0
0
0
0
0
0
0
0
0
0
0
0
0
0
0
-0.75006
0
0
0
0
0
0
0
0
0
0
0
0
0
0
0
0
0
0
0
0
0
0
0
0
0
0
0
0
0
0
0
0
0
0
0
0
0
0
0
0
0
0
0
0
0
0
0
0
0
0
0
0
0
0
0
0
0
0
0
0
0
0
-0.7257
0
0
0
0
0
0
0
0
-0.73677
0
0
0
0
0
0
0
0
0
0
0
0
0
0
0
0
0
0
0
2.1261
0
0
0
0
0
0
0
0
0
0
0
0
0
0
0
0
0
0
-0.66366
0
0
0
0
0
0
0
0
0
0
0
0
0
0
0
0
0
0
0
0
0
0
0
0
0
0
-1.3975
-1.4143
-1.3962
0
0
0
0
0
0
0
0
0
0
0
0
0
0
0
0
0
0
0
0
0
0
0
0
0
0
0
0
0
0
0
0
0
0
0
0
0
0
0
0
0
0
0
0
0
0
0
0
0
0
0
0
0
0
0
0
0
0
0
0
0
0
0
0
0
0
0
4.208
0
0
0
0
0
0
0
0
0
0
0
0
0
0
0
0
0
0
0
0
0
0
0
0
0
0
0
0
0
0
0
0
0
0
0
0
0
0
0
0
0
0
0
0
0
0
0
0
0
0
0
0
0
0
0
0
0
0
0
0
0
0
0
0
0
0
0
0
0
0
0
0
0
0
0
0
-1.5179
0
0
0
-1.5239
0
0
0
0
0
0
0
0
0
0
0
0
0
0
0
0
0
0
0
0
0
0
0
0
0
0
0
0
0
0
0
0
0
0
4.5397
0
0
-1.4979
0
0
0
0
0
0
0
0
0
0
0
0
0
0
0
0
0
0
0
0
0
0
0
0
0
0
0
0
0
0
0
0
0
0
0
0
0
0
0
0
0
0
0
0
0
0
0
0
0
0
0
0
0
0
0
0
-1.282
0
0
0
0
0
0
0
0
0
0
0
0
0
0
0
0
0
0
0
0
0
0
0
0
0
0
0
0
0
0
0
0
0
0
0
0
0
0
0
0
0
0
0
0
-1.229
0
0
0
-1.3764
0
0
0
0
0
0
3.8874
0
0
0
0
0
0
0
0
0
0
0
0
0
0
0
0
0
0
0
0
0
0
0
0
0
0
0
0
0
0
0
0
0
0
0
0
0
0
0
0
0
0
0
0
0
0
0
0
0
0
0
0
0
0
0
0
0
0
0
0
-0.97147
0
0
0
0
0
0
0
0
0
0
0
0
0
0
0
0
0
0
-0.97297
0
0
0
0
0
0
0
0
0
0
0
0
0
0
0
0
0
0
0
0
0
0
0
0
0
0
0
0
0
0
0
0
0
0
0
3.0356
0
0
0
0
0
0
0
0
0
0
0
0
0
0
0
0
0
0
0
0
0
0
0
0
0
0
0
0
0
0
0
0
0
0
0
0
0
0
0
-1.0912
0
0
0
0
0
0
0
0
0
0
0
0
0
0
0
0
0
0
0
0
0
0
0
0
0
0
0
0
0
0
0
0
0
0
0
0
0
0
0
0
0
0
-1.5841
0
0
0
0
0
0
0
0
0
0
0
0
0
0
0
0
0
0
0
0
0
0
0
0
-1.5047
0
0
0
0
-1.4979
0
0
4.5867
0
0
0
0
0
0
0
0
0
0
0
0
0
0
0
0
0
0
0
0
0
0
0
0
0
0
0
0
0
0
0
0
0
0
0
0
0
0
0
0
0
0
0
0
0
0
0
0
0
0
0
0
0
0
0
0
0
0
0
0
0
0
0
0
0
0
0
0
0
0
0
0
0
0
0
0
0
0
0
0
-1.7753
0
0
0
0
0
0
0
0
0
0
0
0
0
0
0
0
0
0
0
0
0
0
0
0
-1.657
0
0
0
0
0
0
0
0
0
3.4323
0
0
0
0
0
0
0
0
0
0
0
0
0
0
0
0
0
0
0
0
0
0
0
0
0
0
0
0
0
0
0
0
0
0
0
0
0
0
0
0
0
0
0
0
0
0
0
0
0
0
0
0
0
0
0
0
0
0
0
0
0
0
0
0
0
0
0
0
0
-1.151
0
0
0
0
0
0
0
0
0
0
0
0
0
0
0
0
0
0
0
0
0
0
0
0
0
0
0
0
0
0
0
0
0
0
0
0
0
-1.6858
0
0
0
0
0
0
0
2.8368
0
0
0
0
0
0
0
0
0
0
0
0
0
0
0
0
0
0
0
0
0
0
0
0
0
0
0
0
0
0
0
0
0
0
0
0
0
0
0
0
0
0
0
0
0
0
0
0
0
0
0
0
0
0
0
0
0
0
0
0
0
0
0
0
0
0
0
0
0
0
0
0
0
-1.3324
0
0
0
0
0
0
0
0
0
0
0
0
0
0
0
0
0
0
0
0
0
0
0
0
0
0
0
0
0
0
0
0
0
0
0
0
0
0
0
0
0
2.6907
0
0
0
-1.3584
0
0
0
0
0
0
0
0
0
0
0
0
0
0
0
0
0
0
0
0
0
0
0
0
0
0
0
0
0
0
0
0
0
0
0
0
0
0
0
0
0
0
0
0
0
0
0
0
0
0
0
0
0
0
0
0
0
0
0
0
0
0
0
0
0
0
0
0
0
0
0
0
0
0
0
0
0
0
0
0
0
0
0
0
0
0
0
0
0
0
0
0
0
0
0
0
0
0
-2.0587
0
0
0
0
0
0
0
0
0
0
0
0
4.3504
0
-2.2917
0
0
0
0
0
0
0
0
0
0
0
0
0
0
0
0
0
0
0
0
0
0
0
0
0
0
0
0
0
0
0
0
0
0
0
0
0
0
0
0
0
0
0
0
0
0
0
0
0
0
0
0
0
0
0
0
0
0
0
0
0
0
0
0
0
0
0
0
0
0
0
0
0
0
0
0
0
0
0
0
0
0
0
0
0
0
0
0
0
0
0
0
0
0
0
0
0
-1.4616
0
0
0
0
0
0
0
0
0
0
0
0
0
0
0
3.1429
0
-1.6813
0
0
0
0
0
0
0
0
0
0
0
0
0
0
0
0
0
0
0
0
0
0
0
0
0
0
0
0
0
0
0
0
0
0
0
0
0
0
0
0
0
0
0
0
0
0
0
0
0
0
0
0
0
0
0
0
0
0
0
0
0
0
0
0
0
0
0
0
0
0
0
0
0
0
-2.0127
0
0
0
0
0
0
0
0
0
0
0
0
0
0
0
0
0
0
0
0
0
0
0
0
0
0
0
0
0
0
0
0
0
0
0
0
-2.2917
0
4.3044
0
0
0
0
0
0
0
0
0
0
0
0
0
0
0
0
0
0
0
0
0
0
0
0
0
0
0
0
0
0
0
0
0
0
0
0
0
0
0
0
0
0
0
0
0
0
0
0
0
0
0
0
0
0
0
0
0
0
0
0
0
0
0
0
0
0
0
0
0
0
0
0
0
0
0
0
0
0
0
0
0
0
0
0
0
0
0
0
0
0
0
0
0
0
0
0
0
0
0
0
0
0
0
0
0
0
0
0
0
0
0
-1.3584
0
-1.6813
0
3.0397
0
0
0
0
0
0
0
0
0
0
0
0
0
0
0
0
0
0
0
0
0
0
0
0
0
0
0
0
0
0
0
0
0
0
0
0
0
0
0
0
0
0
0
0
0
0
0
0
0
0
0
0
0
0
0
0
0
0
0
0
0
0
0
0
0
0
0
0
0
0
0
0
0
0
0
0
0
-2.5474
0
0
0
0
0
0
0
0
0
0
0
0
0
0
0
0
0
0
0
0
0
0
0
0
0
0
0
0
0
0
0
0
0
0
0
0
0
2.5474
0
0
0
0
0
0
0
0
0
0
0
0
0
0
0
0
0
0
0
0
0
0
0
0
0
0
0
0
0
0
0
0
0
0
0
0
0
0
0
0
0
0
0
0
0
0
0
0
0
0
0
0
0
0
0
0
0
0
0
0
0
0
0
0
0
0
0
0
0
0
0
0
0
0
0
0
0
0
0
0
0
0
0
0
-2.1815
0
0
0
0
0
0
0
0
0
0
0
0
0
0
0
0
0
0
0
0
0
0
0
0
0
0
0
0
0
0
2.1815
0
0
0
0
0
0
0
0
0
0
0
0
0
0
0
0
0
0
0
0
0
0
0
0
0
0
0
0
0
0
0
0
0
0
0
0
0
0
0
0
0
0
0
0
0
0
0
0
-4.0343
0
0
0
0
0
0
0
0
0
0
0
0
0
0
0
0
0
0
0
0
0
0
0
0
0
0
0
0
0
0
0
0
0
0
0
0
0
0
0
0
0
0
0
0
0
0
0
0
0
0
0
0
0
0
0
0
0
0
0
0
0
0
0
0
0
0
4.0343
0
0
0
0
0
0
0
0
0
0
0
0
0
0
0
0
0
0
0
0
0
0
0
0
0
0
0
0
0
0
0
0
0
0
0
0
0
0
0
0
0
0
0
0
0
0
0
0
-3.9598
0
0
0
0
0
0
0
0
0
0
0
0
0
0
0
0
0
0
0
0
0
0
0
0
0
0
0
0
0
0
0
0
0
0
0
0
0
0
0
0
0
0
0
0
0
0
0
0
0
0
0
0
0
0
0
0
0
0
0
0
0
0
0
0
0
0
3.9598
0
0
0
0
0
0
0
0
0
0
0
0
0
0
0
0
0
0
0
0
0
0
0
0
0
0
0
0
0
0
0
0
0
0
0
0
0
0
0
0
0
0
0
0
0
0
0
0
0
0
0
0
0
0
0
0
0
0
0
0
0
0
0
0
0
0
0
0
0
0
0
0
0
0
0
0
0
0
0
0
0
0
0
0
0
0
0
0
-0.34352
0
0
0
0
0
0
0
0
0
0
0
0
0
0
0
0
0
0
0
0
0
0
0
0
0
0
0.34352
0
0
0
0
0
0
0
0
0
0
0
0
0
0
0
0
0
0
0
0
0
0
0
0
0
0
0
0
0
0
0
0
0
0
0
0
0
0
0
0
0
0
0
0
0
0
0
0
0
0
0
0
0
0
0
0
0
0
0
0
0
0
0
0
0
0
0
0
0
0
0
0
0
0
0
0
0
0
0
0
0
0
-1.6648
0
0
0
0
0
0
0
0
0
0
0
0
0
0
0
0
0
0
0
0
0
0
0
0
0
0
0
0
0
0
0
0
1.6648
0
0
0
0
0
0
0
0
0
0
0
0
0
0
0
0
0
0
0
0
0
0
0
0
0
0
0
0
0
0
0
0
0
0
0
0
0
0
0
0
0
0
0
0
0
0
0
0
0
0
0
0
0
0
0
0
0
0
0
0
0
0
0
0
0
0
0
0
0
0
0
0
0
0
0
0
0
0
0
0
0
0
0
0
0
0
0
0
0
0
0
0
0
0
0
0
-0.66366
0
0
0
0
0
0
0
0
0
0
0
0
0
0
0
0
0
0
0.66366
0
0
0
0
0
0
0
0
0
0
0
0
0
0
0
0
0
0
0
0
0
0
0
0
0
0
0
0
0
0
0
0
0
0
0
0
0
0
0
0
0
0
0
0
0
0
0
0
0
0
0
0
0
0
0
0
0
0
0
0
0
0
0
0
0
-3.2523
0
0
0
0
0
0
0
0
0
0
0
0
0
0
0
0
0
0
0
0
0
0
0
0
0
0
0
0
0
0
0
0
0
0
0
0
0
0
0
0
0
0
0
0
0
0
0
0
0
3.2523
0
0
0
0
0
0
0
0
0
0
0
0
0
0
0
0
0
0
0
0
0
0
0
0
0
0
0
0
0
0
0
0
0
0
0
0
0
0
0
0
0
0
0
0
0
0
0
0
0
0
0
0
0
0
0
0
0
0
0
0
0
0
0
0
0
0
0
0
0
0
0
0
0
0
0
0
0
0
0
0
0
0
0
0
0
0
0
0
0
0
-1.8605
0
0
0
0
0
0
0
0
0
0
0
0
0
0
0
0
0
0
0
0
0
0
0
0
1.8605
0
0
0
0
0
0
0
0
0
0
0
0
0
0
0
0
0
0
0
0
0
0
0
0
0
0
0
0
0
0
0
0
0
0
0
0
0
0
0
0
0
0
0
0
0
-3.9529
0
0
0
0
0
0
0
0
0
0
0
0
0
0
0
0
0
0
0
0
0
0
0
0
0
0
0
0
0
0
0
0
0
0
0
0
0
0
0
0
0
0
0
0
0
0
0
0
0
0
0
0
0
0
0
0
0
0
0
0
0
0
0
0
0
0
0
0
0
3.9529
0
0
0
0
0
0
0
0
0
0
0
0
0
0
0
0
0
0
0
0
0
0
0
0
0
0
0
0
0
0
0
0
0
0
0
0
0
0
0
0
0
0
0
0
0
0
0
0
0
0
0
0
0
0
0
0
0
0
0
0
0
0
0
0
0
0
0
0
0
0
0
0
0
0
0
0
0
0
0
0
0
0
0
0
0
0
0
0
0
0
0
-0.75006
0
0
0
0
0
0
0
0
0
0
0
0
0
0
0
0
0
0
0
0
0
0
0
0.75006
0
0
0
0
0
0
0
0
0
0
0
0
0
0
0
0
0
0
0
0
0
0
0
0
0
0
0
0
0
0
0
0
0
0
0
0
0
0
0
0
0
0
0
0
0
0
0
0
0
0
0
0
0
0
0
0
0
0
0
0
0
0
0
0
0
0
0
0
0
0
0
0
0
0
0
0
0
0
0
0
0
0
0
0
0
0
0
0
0
-0.23553
0
0
0
0
0
0
0
0
0
0
0
0
0
0
0
0
0
0
0
0
0
0
0
0
0
0.23553
0
0
0
0
0
0
0
0
0
0
0
0
0
0
0
0
0
0
0
0
0
0
0
0
0
0
0
0
0
0
0
0
0
0
0
0
0
0
0
0
0
0
0
0
0
0
0
0
0
-3.6121
0
0
0
0
0
0
0
0
0
0
0
0
0
0
0
0
0
0
0
0
0
0
0
0
0
0
0
0
0
0
0
0
0
0
0
0
0
0
0
0
0
0
0
0
0
0
0
0
0
0
0
0
0
0
0
0
0
0
0
0
0
0
0
0
0
3.6121
0
0
0
0
0
0
0
0
0
0
0
0
0
0
0
0
0
0
0
0
0
0
0
0
0
0
0
0
0
0
0
0
0
0
0
0
0
0
0
0
0
0
0
0
0
0
0
0
0
0
0
0
0
0
0
0
0
0
0
0
0
0
0
0
0
0
0
0
0
0
0
0
0
0
0
0
0
0
0
0
0
0
0
0
0
0
-2.621
0
0
0
0
0
0
0
0
0
0
0
0
0
0
0
0
0
0
0
0
0
0
0
0
0
0
0
0
2.621
0
0
0
0
0
0
0
0
0
0
0
0
0
0
0
0
0
0
0
0
0
0
0
0
-4.392
0
0
0
0
0
0
0
0
0
0
0
0
0
0
0
0
0
0
0
0
0
0
0
0
0
0
0
0
0
0
0
0
0
0
0
0
0
0
0
0
0
0
0
0
0
0
0
0
0
0
0
0
0
0
0
0
0
0
0
0
0
0
0
0
0
0
0
0
0
0
0
0
0
0
0
0
0
0
0
0
0
0
0
0
0
0
0
0
0
0
4.392
0
0
0
0
0
0
0
0
0
0
0
0
0
0
0
0
0
0
0
0
0
0
0
0
0
0
0
0
0
0
0
0
-4.1094
0
0
0
0
0
0
0
0
0
0
0
0
0
0
0
0
0
0
0
0
0
0
0
0
0
0
0
0
0
0
0
0
0
0
0
0
0
0
0
0
0
0
0
0
0
0
0
0
0
0
0
0
0
0
0
0
0
0
0
0
0
0
0
0
0
0
0
0
0
0
0
0
0
0
0
0
0
0
0
0
0
0
4.1094
0
0
0
0
0
0
0
0
0
0
0
0
0
0
0
0
0
0
0
0
0
0
0
0
0
0
0
0
0
0
0
0
0
0
0
0
0
0
0
0
0
0
0
0
0
0
0
0
0
0
0
0
0
0
0
0
0
0
0
0
0
0
0
0
0
0
0
0
0
0
0
0
0
0
0
0
0
0
0
0
0
0
0
-2.621
0
0
0
0
0
0
0
0
0
0
0
0
0
0
0
0
0
0
0
0
0
0
0
0
0
0
0
0
0
0
0
2.621
0
0
0
0
0
0
0
0
0
0
0
0
0
0
0
0
0
0
0
0
0
0
0
0
0
0
0
0
0
0
0
0
0
0
0
0
0
0
0
0
0
0
0
0
0
0
0
0
0
0
0
0
-3.2962
0
0
0
0
0
0
0
0
0
0
0
0
0
0
0
0
0
0
0
0
0
0
0
0
0
0
0
0
0
0
0
0
0
0
0
0
0
0
0
0
0
0
0
0
0
0
0
0
0
0
0
0
0
0
0
0
0
0
0
0
0
0
3.2962
0
0
0
0
0
0
0
0
0
0
0
0
0
0
0
0
0
0
0
0
0
0
0
0
0
0
0
0
0
0
0
0
0
0
0
0
0
0
0
0
0
0
0
0
0
0
0
0
0
0
0
0
0
0
0
0
0
0
0
0
0
0
0
0
0
0
0
0
0
0
-1.3689
0
0
0
0
0
0
0
0
0
0
0
0
0
0
0
0
0
0
0
0
0
0
0
0
0
0
0
0
0
0
0
0
0
0
0
0
0
0
0
0
0
0
0
0
1.3689
0
0
0
0
0
0
0
0
0
0
0
0
0
0
0
0
0
0
0
0
0
0
0
0
0
0
0
0
0
0
0
0
0
0
0
0
0
0
0
0
0
0
0
0
0
0
0
0
0
-4.1173
0
0
0
0
0
0
0
0
0
0
0
0
0
0
0
0
0
0
0
0
0
0
0
0
0
0
0
0
0
0
0
0
0
0
0
0
0
0
0
0
0
0
0
0
0
0
0
0
0
0
0
0
0
0
0
0
0
0
0
0
0
0
0
0
0
4.1173
0
0
0
0
0
0
0
0
0
0
0
0
0
0
-4.5288
0
0
0
0
0
0
0
0
0
0
0
0
0
0
0
0
0
0
0
0
0
0
0
0
0
0
0
0
0
0
0
0
0
0
0
0
0
0
0
0
0
0
0
0
0
0
0
0
0
0
0
0
0
0
0
0
0
0
0
0
0
0
0
0
0
0
0
0
0
0
0
0
0
0
0
0
0
0
0
0
0
0
0
0
0
0
0
0
0
0
0
0
0
0
0
0
0
0
0
0
4.5288
0
0
0
0
0
0
0
0
0
0
0
0
0
0
0
0
0
0
0
0
0
0
0
0
0
0
0
0
0
0
0
0
0
0
0
0
0
0
0
0
0
0
0
-3.5312
0
0
0
0
0
0
0
0
0
0
0
0
0
0
0
0
0
0
0
0
0
0
0
0
0
0
0
0
0
0
0
0
0
0
0
0
0
0
0
0
0
0
0
0
0
0
0
0
0
0
0
0
0
0
0
0
0
0
0
0
0
0
0
0
0
0
0
0
0
0
0
3.5312
0
0
0
0
0
0
0
0
0
0
0
0
0
0
0
0
0
0
0
0
0
0
0
0
0
0
0
0
0
0
0
0
0
0
0
0
0
0
0
0
0
0
0
0
0
0
0
0
0
0
0
0
0
0
0
0
0
0
0
0
0
0
0
0
-1.6648
0
0
0
0
0
0
0
0
0
0
0
0
0
0
0
0
0
0
0
0
0
0
0
0
0
0
0
0
0
0
0
0
0
0
0
0
0
0
0
0
0
0
0
0
0
0
0
0
0
0
1.6648
0
0
0
0
0
0
0
0
0
0
0
0
0
0
0
0
0
0
0
0
0
0
0
0
0
0
0
0
0
0
0
0
0
0
0
0
0
0
0
0
0
0
0
0
0
0
0
0
0
0
0
0
0
0
0
0
0
0
0
-2.0439
0
0
0
0
0
0
0
0
0
0
0
0
0
0
0
0
0
0
0
0
0
0
0
0
0
0
0
0
0
0
0
0
0
0
0
0
0
0
0
0
0
0
0
0
0
0
0
0
0
0
0
0
0
0
0
2.0439
0
0
0
0
0
0
0
0
0
0
0
0
0
0
0
0
0
0
0
0
0
0
0
0
-4.3693
0
0
0
0
0
0
0
0
0
0
0
0
0
0
0
0
0
0
0
0
0
0
0
0
0
0
0
0
0
0
0
0
0
0
0
0
0
0
0
0
0
0
0
0
0
0
0
0
0
0
0
0
0
0
0
0
0
0
0
0
0
0
0
0
0
0
0
0
0
0
0
0
0
0
0
0
0
0
0
0
0
0
0
0
0
0
0
0
0
0
4.3693
0
0
0
0
0
0
0
0
0
0
0
0
0
0
0
-4.3921
0
0
0
0
0
0
0
0
0
0
0
0
0
0
0
0
0
0
0
0
0
0
0
0
0
0
0
0
0
0
0
0
0
0
0
0
0
0
0
0
0
0
0
0
0
0
0
0
0
0
0
0
0
0
0
0
0
0
0
0
0
0
0
0
0
0
0
0
0
0
0
0
0
0
0
0
0
0
0
0
0
0
0
0
0
0
0
0
0
0
0
0
0
0
0
0
0
0
0
4.3921
0
0
0
0
0
0
0
0
0
0
0
0
0
0
0
0
0
0
0
0
0
0
-4.3693
0
0
0
0
0
0
0
0
0
0
0
0
0
0
0
0
0
0
0
0
0
0
0
0
0
0
0
0
0
0
0
0
0
0
0
0
0
0
0
0
0
0
0
0
0
0
0
0
0
0
0
0
0
0
0
0
0
0
0
0
0
0
0
0
0
0
0
0
0
0
0
0
0
0
0
0
0
0
0
0
0
0
0
0
0
0
0
0
0
0
0
0
4.3693
0
0
0
0
0
0
0
0
0
0
0
0
0
0
0
0
0
0
0
0
0
0
0
0
0
0
0
0
0
0
0
0
0
0
0
0
0
0
0
0
0
-4.1173
0
0
0
0
0
0
0
0
0
0
0
0
0
0
0
0
0
0
0
0
0
0
0
0
0
0
0
0
0
0
0
0
0
0
0
0
0
0
0
0
0
0
0
0
0
0
0
0
0
0
0
0
0
0
0
0
0
0
0
0
0
0
0
0
0
0
0
0
0
0
0
0
0
4.1173
0
0
0
0
0
0
0
0
0
0
0
0
0
0
0
0
0
0
0
0
0
0
0
0
0
0
0
0
0
0
0
0
0
0
0
0
0
0
0
0
0
0
-3.3209
0
0
0
0
0
0
0
0
0
0
0
0
0
0
0
0
0
0
0
0
0
0
0
0
0
0
0
0
0
0
0
0
0
0
0
0
0
0
0
0
0
0
0
0
0
0
0
0
0
0
0
0
0
0
0
0
0
0
0
0
0
0
0
0
0
0
0
0
0
0
0
0
3.3209
0
0
0
0
0
0
0
0
0
0
0
0
0
0
0
0
0
0
0
0
0
0
0
0
0
0
0
0
0
0
0
0
0
0
0
0
0
0
0
-4.1174
0
0
0
0
0
0
0
0
0
0
0
0
0
0
0
0
0
0
0
0
0
0
0
0
0
0
0
0
0
0
0
0
0
0
0
0
0
0
0
0
0
0
0
0
0
0
0
0
0
0
0
0
0
0
0
0
0
0
0
0
0
0
0
0
0
0
0
0
0
0
0
0
0
0
0
4.1174
0
0
0
0
0
0
0
0
0
0
0
0
0
0
0
0
0
0
0
0
0
0
0
0
0
0
0
0
0
0
0
0
0
0
0
0
0
0
0
0
0
0
0
0
0
0
0
0
0
0
0
0
0
0
0
-2.1815
0
0
0
0
0
0
0
0
0
0
0
0
0
0
0
0
0
0
0
0
0
0
0
0
0
0
0
0
0
0
0
0
0
0
0
0
0
0
0
0
0
0
0
0
0
0
0
0
0
0
0
0
0
0
0
0
0
0
0
2.1815
0
0
0
0
0
0
0
0
0
0
0
0
0
0
0
0
0
0
0
0
0
0
0
0
0
0
0
0
0
0
0
0
0
0
0
0
0
0
0
0
0
0
0
0
0
0
0
0
0
0
0
0
0
0
0
0
0
0
0
0
0
0
0
0
0
0
0
0
0
0
0
0
0
0
0
-1.0912
0
0
0
0
0
0
0
0
0
0
0
0
0
0
0
0
0
0
0
0
0
0
0
0
0
0
0
0
0
0
0
0
0
0
0
0
0
0
0
1.0912
0
0
0
0
0
0
0
0
0
0
0
0
0
0
0
0
0
0
0
0
0
0
0
0
0
0
0
-3.7
0
0
0
0
0
0
0
0
0
0
0
0
0
0
0
0
0
0
0
0
0
0
0
0
0
0
0
0
0
0
0
0
0
0
0
0
0
0
0
0
0
0
0
0
0
0
0
0
0
0
0
0
0
0
0
0
0
0
0
0
0
0
0
0
0
0
0
0
0
0
0
0
0
0
0
0
0
0
0
0
0
0
0
0
0
0
0
3.7
