63.2516
-0.94418
-0.93744
-0.93908
-0.93907
-0.94661
-0.93925
-0.94662
-0.93972
-0.93792
-0.93793
-0.93792
-0.93793
-0.93559
-0.94452
-0.94794
-0.93651
-0.94481
-0.94238
-0.93754
-0.93754
-0.94283
-0.93827
-0.93826
-0.93507
-0.93506
-0.94181
-0.93613
-0.93919
-0.93611
-0.93615
-0.94065
-0.94208
-0.9369
-0.9369
-0.94416
-0.94207
-0.9425
-0.93503
-0.93819
-0.93614
-0.94213
-0.93928
-0.93905
-0.93964
-0.93857
-0.94426
-0.93765
-0.93765
-0.94017
-0.93781
-0.9384
-0.93294
-0.9326
-0.93259
-0.93496
-0.9447
-0.93353
-0.95012
-0.958
-0.93591
-0.96452
-0.95707
-1.1157
-1.1462
0
0
0
-0.9392
0
-1.7549
0
0
0
0
0
0
0
0
0
0
0
0
0
0
0
0
0
0
0
0
0
0
0
0
0
0
0
0
0
0
0
0
0
0
0
0
0
0
0
0
0
0
0
0
-0.94418
67.4694
-0.94275
-0.94371
-0.94371
-0.95201
-0.94388
-0.95201
-0.94436
-0.94257
-0.94256
-0.94256
-0.94256
-0.94017
-0.94978
-0.95246
-0.94121
-0.95
-0.94749
-0.9422
-0.9422
-0.94794
-0.94291
-0.94291
-0.93971
-0.9397
-0.94666
-0.94076
-0.94406
-0.94077
-0.94055
-0.94549
-0.94679
-0.94156
-0.94155
-0.94893
-0.94681
-0.94731
-0.93969
-0.94292
-0.94084
-0.94696
-0.94394
-0.94372
-0.94425
-0.94323
-0.94894
-0.9423
-0.94229
-0.94481
-0.94248
-0.94304
-0.93739
-0.93718
-0.93719
-0.93945
-0.94933
-0.9381
-0.95461
-0.96236
-0.94028
-0.96928
-0.96145
-1.1194
-1.1494
0
0
0
0
0
-1.7873
0
0
0
0
0
0
0
0
0
0
0
0
0
0
0
0
0
0
0
0
0
0
0
0
0
0
0
0
0
0
0
-4.8305
0
0
0
0
0
0
0
0
0
0
0
0
-0.93744
-0.94275
62.2196
-0.93771
-0.93772
-0.94505
-0.93788
-0.94504
-0.93832
-0.93651
-0.93651
-0.9365
-0.93651
-0.93413
-0.94307
-0.94616
-0.93511
-0.94336
-0.941
-0.93614
-0.93613
-0.94141
-0.93685
-0.93684
-0.93363
-0.93363
-0.94037
-0.9347
-0.9378
-0.9347
-0.93449
-0.93923
-0.94065
-0.93547
-0.93547
-0.94283
-0.94067
-0.94114
-0.9336
-0.93682
-0.93475
-0.94074
-0.93783
-0.93761
-0.9382
-0.93713
-0.94284
-0.9362
-0.93619
-0.93883
-0.93637
-0.93695
-0.93166
-0.93123
-0.93124
-0.93352
-0.94325
-0.93208
-0.94862
-0.95658
-0.9344
-0.96305
-0.95551
-1.1143
-1.1443
0
0
0
0
0
-1.7528
0
0
0
0
0
0
0
0
0
0
0
0
0
0
0
0
0
0
0
0
0
0
0
0
0
0
0
0
0
0
0
0
0
0
0
0
0
0
0
0
0
0
0
0
-0.93908
-0.94371
-0.93771
60.5129
-0.9384
-0.94544
-0.93859
-0.94547
-0.93905
-0.93723
-0.93723
-0.93722
-0.93722
-0.93485
-0.94375
-0.94638
-0.93581
-0.94406
-0.94169
-0.93684
-0.93686
-0.94212
-0.93757
-0.93757
-0.93437
-0.93436
-0.94108
-0.9354
-0.9385
-0.93541
-0.93521
-0.93993
-0.94139
-0.93619
-0.93619
-0.94357
-0.94139
-0.94182
-0.93434
-0.93752
-0.93551
-0.94149
-0.93857
-0.93835
-0.93897
-0.93786
-0.94356
-0.93693
-0.93694
-0.93959
-0.9371
-0.93768
-0.93244
-0.93199
-0.93198
-0.93428
-0.94396
-0.93282
-0.9494
-0.95733
-0.93518
-0.96377
-0.95628
-1.115
-1.1454
0
0
0
0
0
0
0
0
0
0
0
0
0
0
0
0
0
0
0
0
0
0
0
0
0
0
0
0
0
0
0
0
0
0
0
0
0
0
0
0
0
0
0
0
0
0
0
0
0
0
-0.93907
-0.94371
-0.93772
-0.9384
60.513
-0.94545
-0.93858
-0.94545
-0.93906
-0.93723
-0.93723
-0.93722
-0.93722
-0.93485
-0.94376
-0.94636
-0.93581
-0.94406
-0.9417
-0.93685
-0.93685
-0.94211
-0.93756
-0.93757
-0.93435
-0.93436
-0.94108
-0.93542
-0.93848
-0.9354
-0.93522
-0.93992
-0.9414
-0.93619
-0.93619
-0.94356
-0.94141
-0.94184
-0.93433
-0.93754
-0.93551
-0.94149
-0.93856
-0.93835
-0.93897
-0.93786
-0.94356
-0.93693
-0.93694
-0.9396
-0.93711
-0.93768
-0.93243
-0.93199
-0.932
-0.93428
-0.94398
-0.93282
-0.94939
-0.95733
-0.93518
-0.96376
-0.95629
-1.115
-1.1454
0
0
0
0
0
0
0
0
0
0
0
0
0
0
0
0
0
0
0
0
0
0
0
0
0
0
0
0
0
0
0
0
0
0
0
0
0
0
0
0
0
0
0
0
0
0
0
0
0
0
-0.94661
-0.95201
-0.94505
-0.94544
-0.94545
63.2984
-0.94541
-0.95329
-0.94565
-0.94385
-0.94386
-0.94385
-0.94386
-0.94146
-0.95088
-0.95423
-0.94249
-0.95112
-0.94863
-0.94349
-0.94349
-0.94906
-0.94422
-0.94421
-0.94099
-0.94098
-0.94781
-0.94206
-0.94519
-0.94206
-0.94185
-0.9466
-0.94807
-0.94286
-0.94286
-0.95034
-0.94802
-0.94847
-0.94099
-0.9441
-0.94214
-0.94825
-0.94525
-0.94503
-0.9455
-0.94455
-0.95026
-0.9436
-0.94359
-0.94609
-0.94378
-0.94436
-0.93862
-0.93847
-0.93846
-0.94077
-0.9507
-0.93946
-0.9561
-0.96386
-0.94178
-0.97072
-0.96302
0
0
0
0
0
0
0
0
0
0
0
0
0
0
0
0
0
0
0
0
0
0
0
0
0
0
0
0
0
0
0
0
0
-4.6332
0
0
0
0
0
0
0
0
0
0
0
0
0
0
0
0
0
0
-0.93925
-0.94388
-0.93788
-0.93859
-0.93858
-0.94541
59.3997
-0.94541
-0.93909
-0.93725
-0.93723
-0.93724
-0.93724
-0.93485
-0.94374
-0.94625
-0.9358
-0.94403
-0.94169
-0.93687
-0.93686
-0.94212
-0.93759
-0.9376
-0.93439
-0.93436
-0.94109
-0.93542
-0.93849
-0.93543
-0.93523
-0.93992
-0.94141
-0.93621
-0.93621
-0.94394
-0.9414
-0.94186
-0.93435
-0.93754
-0.93553
-0.9415
-0.93859
-0.93837
-0.93898
-0.93788
-0.94359
-0.93694
-0.93695
-0.93961
-0.93712
-0.9377
-0.93244
-0.93198
-0.93198
-0.93427
-0.944
-0.93283
-0.94942
-0.95738
-0.93518
-0.96377
-0.95629
0
-1.1457
0
0
0
0
0
0
0
0
0
0
0
0
0
0
0
0
0
0
0
0
0
0
0
0
0
0
0
0
0
0
0
0
0
0
0
0
0
0
0
0
0
0
0
0
0
0
0
0
0
0
-0.94662
-0.95201
-0.94504
-0.94547
-0.94545
-0.95329
-0.94541
63.2985
-0.94567
-0.94385
-0.94384
-0.94386
-0.94385
-0.94146
-0.95088
-0.95423
-0.94249
-0.95112
-0.94861
-0.94348
-0.94348
-0.94905
-0.9442
-0.94421
-0.94099
-0.941
-0.94782
-0.94207
-0.9452
-0.94206
-0.94184
-0.94661
-0.94808
-0.94285
-0.94285
-0.95033
-0.948
-0.94849
-0.94098
-0.94411
-0.94214
-0.94824
-0.94524
-0.94503
-0.94552
-0.94454
-0.95026
-0.94362
-0.9436
-0.94609
-0.9438
-0.94437
-0.93863
-0.93847
-0.93846
-0.94074
-0.9507
-0.93948
-0.9561
-0.96387
-0.94177
-0.97072
-0.96302
0
0
0
0
0
0
0
0
0
0
0
0
0
0
0
0
0
0
0
0
0
0
0
0
0
0
0
0
0
0
0
0
0
0
0
0
0
0
0
0
0
0
0
0
-4.6333
0
0
0
0
0
0
0
-0.93972
-0.94436
-0.93832
-0.93905
-0.93906
-0.94565
-0.93909
-0.94567
58.2732
-0.93752
-0.93753
-0.93752
-0.93751
-0.93512
-0.94401
-0.94645
-0.93609
-0.94429
-0.94198
-0.93715
-0.93716
-0.94241
-0.93789
-0.93789
-0.93467
-0.93467
-0.94138
-0.93574
-0.93879
-0.93573
-0.93554
-0.94021
-0.94173
-0.93653
-0.93652
-0.94422
-0.94168
-0.94213
-0.93465
-0.93782
-0.93583
-0.94183
-0.93889
-0.93869
-0.93926
-0.93821
-0.94391
-0.93728
-0.93727
-0.93992
-0.93744
-0.93803
-0.93274
-0.9323
-0.9323
-0.9346
-0.94432
-0.93315
-0.94975
-0.95774
-0.93554
-0.96415
-0.95662
0
0
0
0
0
0
0
0
0
0
0
0
0
0
0
0
0
0
0
0
0
0
0
0
0
0
0
0
0
0
0
0
0
0
0
0
0
0
0
0
0
0
0
0
0
0
0
0
0
0
0
0
-0.93792
-0.94257
-0.93651
-0.93723
-0.93723
-0.94385
-0.93725
-0.94385
-0.93752
56.2408
-0.93495
-0.93494
-0.93494
-0.93314
-0.94218
-0.94457
-0.93423
-0.94255
-0.94056
-0.93529
-0.9353
-0.94076
-0.93605
-0.93605
-0.93282
-0.93284
-0.93942
-0.93388
-0.93686
-0.93387
-0.93367
-0.93827
-0.93985
-0.93466
-0.93466
-0.9421
-0.93976
-0.94018
-0.9328
-0.93594
-0.93391
-0.93997
-0.93703
-0.93681
-0.93737
-0.93633
-0.94203
-0.9354
-0.93541
-0.93802
-0.93558
-0.93616
-0.93081
-0.93042
-0.93042
-0.9327
-0.94249
-0.93134
-0.94794
-0.9559
-0.93373
0
0
0
0
0
0
0
0
0
0
0
0
0
0
0
0
0
0
0
0
0
0
0
0
0
0
0
0
0
0
0
0
0
0
0
0
0
0
0
0
0
0
0
0
0
0
0
0
0
0
0
0
0
0
-0.93793
-0.94256
-0.93651
-0.93723
-0.93723
-0.94386
-0.93723
-0.94384
-0.93753
-0.93495
56.2408
-0.93494
-0.93493
-0.93316
-0.94219
-0.94458
-0.93423
-0.94255
-0.94056
-0.9353
-0.9353
-0.94077
-0.93604
-0.93606
-0.93284
-0.93283
-0.93942
-0.93388
-0.93687
-0.93388
-0.93366
-0.93827
-0.93985
-0.93466
-0.93467
-0.94209
-0.93975
-0.94019
-0.93279
-0.93592
-0.93391
-0.93997
-0.93703
-0.93683
-0.93737
-0.93633
-0.94202
-0.93541
-0.93541
-0.93801
-0.93558
-0.93615
-0.93081
-0.93041
-0.93041
-0.9327
-0.9425
-0.93135
-0.94794
-0.9559
-0.93375
0
0
0
0
0
0
0
0
0
0
0
0
0
0
0
0
0
0
0
0
0
0
0
0
0
0
0
0
0
0
0
0
0
0
0
0
0
0
0
0
0
0
0
0
0
0
0
0
0
0
0
0
0
0
-0.93792
-0.94256
-0.9365
-0.93722
-0.93722
-0.94385
-0.93724
-0.94386
-0.93752
-0.93494
-0.93494
56.2406
-0.93493
-0.93314
-0.94218
-0.94458
-0.93421
-0.94255
-0.94055
-0.93528
-0.9353
-0.94076
-0.93605
-0.93606
-0.93281
-0.93283
-0.93942
-0.93386
-0.93686
-0.93387
-0.93366
-0.93825
-0.93985
-0.93466
-0.93467
-0.94209
-0.93976
-0.94018
-0.93278
-0.93595
-0.9339
-0.93997
-0.93704
-0.93682
-0.93737
-0.93631
-0.94202
-0.93539
-0.93541
-0.93802
-0.93557
-0.93615
-0.9308
-0.93041
-0.93042
-0.93271
-0.94249
-0.93134
-0.94794
-0.95591
-0.93373
0
0
0
0
0
0
0
0
0
0
0
0
0
0
0
0
0
0
0
0
0
0
0
0
0
0
0
0
0
0
0
0
0
0
0
0
0
0
0
0
0
0
0
0
0
0
0
0
0
0
0
0
0
0
-0.93793
-0.94256
-0.93651
-0.93722
-0.93722
-0.94386
-0.93724
-0.94385
-0.93751
-0.93494
-0.93493
-0.93493
56.2406
-0.93315
-0.94217
-0.94458
-0.93422
-0.94256
-0.94056
-0.9353
-0.93529
-0.94075
-0.93606
-0.93605
-0.93282
-0.93282
-0.93942
-0.93387
-0.93688
-0.93387
-0.93365
-0.93826
-0.93984
-0.93465
-0.93465
-0.94209
-0.93976
-0.94019
-0.93279
-0.93594
-0.93391
-0.93996
-0.93703
-0.93681
-0.93738
-0.93632
-0.94202
-0.93541
-0.9354
-0.938
-0.93557
-0.93616
-0.9308
-0.93041
-0.93042
-0.9327
-0.94248
-0.93133
-0.94794
-0.95588
-0.93374
0
0
0
0
0
0
0
0
0
0
0
0
0
0
0
0
0
0
0
0
0
0
0
0
0
0
0
0
0
0
0
0
0
0
0
0
0
0
0
0
0
0
0
0
0
0
0
0
0
0
0
0
0
0
-0.93559
-0.94017
-0.93413
-0.93485
-0.93485
-0.94146
-0.93485
-0.94146
-0.93512
-0.93314
-0.93316
-0.93314
-0.93315
54.8263
-0.93959
-0.94198
-0.93193
-0.93993
-0.93757
-0.93305
-0.93305
-0.93794
-0.93369
-0.93369
-0.93041
-0.93043
-0.93714
-0.93143
-0.93432
-0.93142
-0.93118
-0.93567
-0.93734
-0.93219
-0.93219
-0.93897
-0.93713
-0.93752
-0.9303
-0.93333
-0.93137
-0.93737
-0.93454
-0.93431
-0.93482
-0.93383
-0.9395
-0.93293
-0.93291
-0.9354
-0.93308
-0.93369
-0.92812
-0.92785
-0.92784
-0.93022
-0.94002
-0.92888
-0.94552
0
0
0
0
0
0
0
0
-0.61565
0
0
0
0
0
0
0
0
0
0
0
0
0
0
0
0
0
0
0
0
0
0
0
0
0
0
0
0
0
0
0
0
0
0
0
0
0
0
0
0
0
0
0
0
0
0
0
-0.94452
-0.94978
-0.94307
-0.94375
-0.94376
-0.95088
-0.94374
-0.95088
-0.94401
-0.94218
-0.94219
-0.94218
-0.94217
-0.93959
59.0028
-0.95097
-0.94063
-0.94898
-0.94655
-0.94166
-0.94167
-0.94699
-0.94241
-0.94241
-0.93919
-0.93919
-0.94576
-0.94025
-0.94318
-0.94025
-0.94003
-0.94461
-0.94624
-0.94105
-0.94106
-0.94814
-0.94601
-0.94645
-0.93918
-0.94214
-0.94026
-0.94643
-0.94346
-0.94326
-0.94363
-0.94278
-0.94847
-0.94186
-0.94186
-0.94421
-0.94204
-0.94263
-0.93671
-0.93667
-0.93667
-0.93898
-0.94901
-0.93781
-0.95456
0
0
0
0
0
0
0
0
0
0
0
0
0
0
0
0
0
0
0
0
0
0
0
0
0
0
0
0
0
0
0
0
0
0
0
0
0
0
-4.2838
0
0
0
0
0
0
0
0
0
0
0
0
0
0
0
0
0
-0.94794
-0.95246
-0.94616
-0.94638
-0.94636
-0.95423
-0.94625
-0.95423
-0.94645
-0.94457
-0.94458
-0.94458
-0.94458
-0.94198
-0.95097
63.2064
-0.94292
-0.95105
-0.94844
-0.94399
-0.94399
-0.94892
-0.94471
-0.9447
-0.94148
-0.94148
-0.94767
-0.94258
-0.94517
-0.94258
-0.9423
-0.94664
-0.94848
-0.94336
-0.94336
-0.94962
-0.94799
-0.94847
-0.9415
-0.94414
-0.94248
-0.94863
-0.94582
-0.94562
-0.94566
-0.94514
-0.95082
-0.94422
-0.94423
-0.94621
-0.94443
-0.94504
-0.93836
-0.9388
-0.9388
-0.94114
-0.95152
-0.94035
0
0
0
0
0
0
0
0
0
0
0
0
0
0
0
0
0
0
0
0
0
0
0
0
0
0
0
0
0
0
0
0
0
0
0
0
0
0
0
0
0
0
0
0
0
0
0
0
-4.6559
0
-4.6559
0
0
0
0
0
0
-0.93651
-0.94121
-0.93511
-0.93581
-0.93581
-0.94249
-0.9358
-0.94249
-0.93609
-0.93423
-0.93423
-0.93421
-0.93422
-0.93193
-0.94063
-0.94292
54.7752
-0.94087
-0.93848
-0.93404
-0.93403
-0.93886
-0.93466
-0.93468
-0.93139
-0.93139
-0.93779
-0.93239
-0.93532
-0.93239
-0.93215
-0.93667
-0.93828
-0.93316
-0.93317
-0.93993
-0.93807
-0.93847
-0.93128
-0.93406
-0.93239
-0.93794
-0.93552
-0.93532
-0.93578
-0.93482
-0.94048
-0.93391
-0.93392
-0.93645
-0.93409
-0.93468
-0.9293
-0.92897
-0.92897
-0.93128
-0.94104
-0.92991
0
0
0
0
0
0
0
0
0
0
0
0
0
0
-1.4552
0
0
0
0
0
0
0
0
0
0
0
0
0
0
0
0
0
0
0
0
0
0
0
0
0
0
0
0
0
0
0
0
0
0
0
0
0
0
0
0
0
0
-0.94481
-0.95
-0.94336
-0.94406
-0.94406
-0.95112
-0.94403
-0.95112
-0.94429
-0.94255
-0.94255
-0.94255
-0.94256
-0.93993
-0.94898
-0.95105
-0.94087
57.9655
-0.94686
-0.94194
-0.94195
-0.94725
-0.94269
-0.94269
-0.93946
-0.93947
-0.94601
-0.94055
-0.94345
-0.94056
-0.94032
-0.94486
-0.94651
-0.94134
-0.94135
-0.94843
-0.94626
-0.94671
-0.93947
-0.94241
-0.94054
-0.94671
-0.94378
-0.94356
-0.94391
-0.94307
-0.94878
-0.94216
-0.94216
-0.94451
-0.94234
-0.94295
-0.93698
-0.93697
-0.93696
-0.93928
-0.94935
-0.93815
0
0
0
0
0
0
0
0
0
0
0
0
0
0
0
0
0
0
0
0
0
0
0
0
0
0
-4.1849
0
0
0
0
0
0
0
0
0
0
0
0
0
0
0
0
0
0
0
0
0
0
0
0
0
0
0
0
0
0
-0.94238
-0.94749
-0.941
-0.94169
-0.9417
-0.94863
-0.94169
-0.94861
-0.94198
-0.94056
-0.94056
-0.94055
-0.94056
-0.93757
-0.94655
-0.94844
-0.93848
-0.94686
57.2809
-0.93956
-0.93957
-0.94508
-0.94023
-0.94024
-0.93697
-0.93698
-0.94326
-0.93803
-0.94079
-0.93802
-0.93775
-0.94219
-0.94393
-0.93881
-0.93881
-0.94534
-0.94353
-0.9438
-0.93694
-0.93968
-0.9379
-0.94398
-0.94123
-0.94102
-0.94126
-0.94053
-0.94616
-0.93962
-0.93962
-0.94181
-0.93982
-0.94042
-0.93432
-0.9344
-0.93437
-0.9367
0
0
0
0
0
0
0
0
0
0
0
0
0
0
0
0
0
-1.4441
0
0
0
0
0
0
0
0
0
0
0
-4.0788
0
0
0
0
0
0
0
0
0
0
0
0
0
0
0
0
0
0
0
0
0
0
0
0
0
0
0
0
0
-0.93754
-0.9422
-0.93614
-0.93684
-0.93685
-0.94349
-0.93687
-0.94348
-0.93715
-0.93529
-0.9353
-0.93528
-0.9353
-0.93305
-0.94166
-0.94399
-0.93404
-0.94194
-0.93956
53.3794
-0.93486
-0.93995
-0.93569
-0.93568
-0.93238
-0.93237
-0.93886
-0.93339
-0.93643
-0.9334
-0.93318
-0.93772
-0.93936
-0.9342
-0.9342
-0.94156
-0.93923
-0.93966
-0.93231
-0.93542
-0.93341
-0.93946
-0.93657
-0.93635
-0.93688
-0.93586
-0.94153
-0.93494
-0.93494
-0.93751
-0.9351
-0.93569
-0.93034
-0.92995
-0.92996
-0.93225
-0.94202
-0.93087
0
0
0
0
0
0
0
0
0
0
0
0
0
0
0
0
0
0
0
0
0
0
0
0
0
0
0
0
0
0
0
0
0
0
0
0
0
0
0
0
0
0
0
0
0
0
0
0
0
0
0
0
0
0
0
0
0
-0.93754
-0.9422
-0.93613
-0.93686
-0.93685
-0.94349
-0.93686
-0.94348
-0.93716
-0.9353
-0.9353
-0.9353
-0.93529
-0.93305
-0.94167
-0.94399
-0.93403
-0.94195
-0.93957
-0.93486
53.3796
-0.93996
-0.93569
-0.93568
-0.93238
-0.93238
-0.93889
-0.9334
-0.93644
-0.9334
-0.93319
-0.93772
-0.93937
-0.93421
-0.9342
-0.94157
-0.93924
-0.93965
-0.9323
-0.93542
-0.93339
-0.93945
-0.93656
-0.93635
-0.93687
-0.93586
-0.94153
-0.93493
-0.93494
-0.93752
-0.93511
-0.93569
-0.93035
-0.92994
-0.92995
-0.93224
-0.94203
-0.93088
0
0
0
0
0
0
0
0
0
0
0
0
0
0
0
0
0
0
0
0
0
0
0
0
0
0
0
0
0
0
0
0
0
0
0
0
0
0
0
0
0
0
0
0
0
0
0
0
0
0
0
0
0
0
0
0
0
-0.94283
-0.94794
-0.94141
-0.94212
-0.94211
-0.94906
-0.94212
-0.94905
-0.94241
-0.94076
-0.94077
-0.94076
-0.94075
-0.93794
-0.94699
-0.94892
-0.93886
-0.94725
-0.94508
-0.93995
-0.93996
56.7959
-0.94068
-0.94069
-0.93744
-0.93743
-0.94384
-0.9385
-0.94134
-0.93851
-0.93826
-0.94274
-0.94445
-0.9393
-0.93929
-0.94618
-0.94414
-0.94459
-0.93741
-0.94031
-0.93847
-0.9446
-0.94171
-0.9415
-0.94182
-0.94101
-0.94669
-0.94009
-0.9401
-0.94239
-0.94028
-0.94088
-0.93489
-0.93491
-0.93491
-0.93722
-0.94733
0
0
0
0
0
0
0
0
0
0
0
0
0
0
0
0
0
0
0
0
0
0
0
0
0
0
0
0
0
0
0
0
0
0
-4.065
0
0
0
0
0
0
0
0
0
0
0
0
0
0
0
0
0
0
0
0
0
0
0
-0.93827
-0.94291
-0.93685
-0.93757
-0.93756
-0.94422
-0.93759
-0.9442
-0.93789
-0.93605
-0.93604
-0.93605
-0.93606
-0.93369
-0.94241
-0.94471
-0.93466
-0.94269
-0.94023
-0.93569
-0.93569
-0.94068
51.5451
-0.93624
-0.93279
-0.9328
-0.93991
-0.93404
-0.93727
-0.93401
-0.93385
-0.9383
-0.94007
-0.93488
-0.93487
-0.94283
-0.9399
-0.9403
-0.93299
-0.93609
-0.93408
-0.94017
-0.93729
-0.93707
-0.93761
-0.93659
-0.94227
-0.93565
-0.93566
-0.93823
-0.93583
-0.93643
-0.93104
-0.93068
-0.93068
-0.93293
0
0
0
0
0
0
0
0
0
0
0
0
0
0
0
0
0
0
0
0
0
0
0
0
0
0
0
0
0
0
0
0
0
0
0
0
0
0
0
0
0
0
0
0
0
0
0
0
0
0
0
0
0
0
0
0
0
0
0
-0.93826
-0.94291
-0.93684
-0.93757
-0.93757
-0.94421
-0.9376
-0.94421
-0.93789
-0.93605
-0.93606
-0.93606
-0.93605
-0.93369
-0.94241
-0.9447
-0.93468
-0.94269
-0.94024
-0.93568
-0.93568
-0.94069
-0.93624
51.5451
-0.93279
-0.93279
-0.93988
-0.93404
-0.93726
-0.93404
-0.93385
-0.9383
-0.94006
-0.93489
-0.93488
-0.94283
-0.9399
-0.94032
-0.93298
-0.9361
-0.93409
-0.94018
-0.93731
-0.93708
-0.93759
-0.93659
-0.94226
-0.93565
-0.93566
-0.93823
-0.93583
-0.9364
-0.93105
-0.93067
-0.93068
-0.93295
0
0
0
0
0
0
0
0
0
0
0
0
0
0
0
0
0
0
0
0
0
0
0
0
0
0
0
0
0
0
0
0
0
0
0
0
0
0
0
0
0
0
0
0
0
0
0
0
0
0
0
0
0
0
0
0
0
0
0
-0.93507
-0.93971
-0.93363
-0.93437
-0.93435
-0.94099
-0.93439
-0.94099
-0.93467
-0.93282
-0.93284
-0.93281
-0.93282
-0.93041
-0.93919
-0.94148
-0.93139
-0.93946
-0.93697
-0.93238
-0.93238
-0.93744
-0.93279
-0.93279
50.4366
-0.92909
-0.9366
-0.93072
-0.93371
-0.93072
-0.93049
-0.93461
-0.93672
-0.93157
-0.93157
-0.93978
-0.93645
-0.93684
-0.92969
-0.93271
-0.93073
-0.93679
-0.93398
-0.93375
-0.93426
-0.93326
-0.9389
-0.93234
-0.93234
-0.93487
-0.93248
-0.93308
-0.92773
-0.92735
-0.92736
0
0
0
0
0
0
0
0
0
0
0
0
0
0
0
0
0
0
0
0
0
0
0
0
0
0
0
0
0
0
0
0
0
0
0
0
0
0
0
0
0
0
0
0
0
0
0
0
0
0
0
0
0
0
0
0
0
0
0
0
-0.93506
-0.9397
-0.93363
-0.93436
-0.93436
-0.94098
-0.93436
-0.941
-0.93467
-0.93284
-0.93283
-0.93283
-0.93282
-0.93043
-0.93919
-0.94148
-0.93139
-0.93947
-0.93698
-0.93237
-0.93238
-0.93743
-0.9328
-0.93279
-0.92909
50.4366
-0.93659
-0.93072
-0.9337
-0.93073
-0.93049
-0.93463
-0.9367
-0.93157
-0.93157
-0.93978
-0.93645
-0.93684
-0.92966
-0.93271
-0.93073
-0.93679
-0.93399
-0.93375
-0.93426
-0.93327
-0.93891
-0.93233
-0.93235
-0.93488
-0.93249
-0.93307
-0.92772
-0.92734
-0.92735
0
0
0
0
0
0
0
0
0
0
0
0
0
0
0
0
0
0
0
0
0
0
0
0
0
0
0
0
0
0
0
0
0
0
0
0
0
0
0
0
0
0
0
0
0
0
0
0
0
0
0
0
0
0
0
0
0
0
0
0
-0.94181
-0.94666
-0.94037
-0.94108
-0.94108
-0.94781
-0.94109
-0.94782
-0.94138
-0.93942
-0.93942
-0.93942
-0.93942
-0.93714
-0.94576
-0.94767
-0.93779
-0.94601
-0.94326
-0.93886
-0.93889
-0.94384
-0.93991
-0.93988
-0.9366
-0.93659
52.3808
-0.93743
-0.94058
-0.93743
-0.93711
-0.94156
-0.94339
-0.93828
-0.93827
-0.9455
-0.94296
-0.94341
-0.93635
-0.93915
-0.93732
-0.94348
-0.94072
-0.94052
-0.94077
-0.94003
-0.94568
-0.93914
-0.93915
-0.94129
-0.93932
-0.93995
0
0
0
0
0
0
0
0
0
0
0
0
0
0
0
-0.62154
0
0
0
0
0
0
0
0
0
0
0
0
0
0
0
0
0
0
0
0
0
0
0
0
0
0
0
0
0
0
0
0
0
0
0
0
0
0
0
0
0
0
0
0
0
0
-3.7715
-0.93613
-0.94076
-0.9347
-0.9354
-0.93542
-0.94206
-0.93542
-0.94207
-0.93574
-0.93388
-0.93388
-0.93386
-0.93387
-0.93143
-0.94025
-0.94258
-0.93239
-0.94055
-0.93803
-0.93339
-0.9334
-0.9385
-0.93404
-0.93404
-0.93072
-0.93072
-0.93743
47.7098
-0.93459
-0.93154
-0.93162
-0.93693
-0.93794
-0.93276
-0.93276
-0.94036
-0.93755
-0.93794
-0.93078
-0.93386
-0.93182
-0.93788
-0.93511
-0.93487
-0.93537
-0.93437
-0.94004
-0.9335
-0.93351
-0.93606
-0.93368
-0.93429
0
0
0
0
0
0
0
0
0
0
0
0
0
0
0
0
0
0
0
0
0
0
0
0
0
0
0
0
0
0
0
0
0
0
0
0
0
0
0
0
0
0
0
0
0
0
0
0
0
0
0
0
0
0
0
0
0
0
0
0
0
0
0
-0.93919
-0.94406
-0.9378
-0.9385
-0.93848
-0.94519
-0.93849
-0.9452
-0.93879
-0.93686
-0.93687
-0.93686
-0.93688
-0.93432
-0.94318
-0.94517
-0.93532
-0.94345
-0.94079
-0.93643
-0.93644
-0.94134
-0.93727
-0.93726
-0.93371
-0.9337
-0.94058
-0.93459
50.5895
-0.93458
-0.93428
-0.93819
-0.94052
-0.93544
-0.93544
-0.94335
-0.93995
-0.94041
-0.9335
-0.93624
-0.93444
-0.94059
-0.9379
-0.93767
-0.9379
-0.93719
-0.9428
-0.9363
-0.9363
-0.93848
-0.93643
0
0
0
0
0
0
0
0
0
0
0
0
0
0
0
0
0
0
0
0
0
0
0
0
0
0
0
0
0
0
0
0
0
0
0
0
0
0
0
0
0
0
0
-3.6749
0
0
0
0
0
0
0
0
0
0
0
0
0
0
0
0
0
0
0
0
-0.93611
-0.94077
-0.9347
-0.93541
-0.9354
-0.94206
-0.93543
-0.94206
-0.93573
-0.93387
-0.93388
-0.93387
-0.93387
-0.93142
-0.94025
-0.94258
-0.93239
-0.94056
-0.93802
-0.9334
-0.9334
-0.93851
-0.93401
-0.93404
-0.93072
-0.93073
-0.93743
-0.93154
-0.93458
47.7097
-0.93161
-0.93693
-0.93796
-0.93275
-0.93276
-0.94036
-0.93754
-0.93794
-0.93078
-0.93386
-0.93183
-0.93787
-0.9351
-0.93487
-0.93538
-0.93438
-0.94002
-0.9335
-0.9335
-0.93608
-0.93366
-0.93428
0
0
0
0
0
0
0
0
0
0
0
0
0
0
0
0
0
0
0
0
0
0
0
0
0
0
0
0
0
0
0
0
0
0
0
0
0
0
0
0
0
0
0
0
0
0
0
0
0
0
0
0
0
0
0
0
0
0
0
0
0
0
0
-0.93615
-0.94055
-0.93449
-0.93521
-0.93522
-0.94185
-0.93523
-0.94184
-0.93554
-0.93367
-0.93366
-0.93366
-0.93365
-0.93118
-0.94003
-0.9423
-0.93215
-0.94032
-0.93775
-0.93318
-0.93319
-0.93826
-0.93385
-0.93385
-0.93049
-0.93049
-0.93711
-0.93162
-0.93428
-0.93161
46.0676
-0.93612
-0.93793
-0.93263
-0.93262
-0.93963
-0.93711
-0.93748
-0.93052
-0.93359
-0.93147
-0.93751
-0.93485
-0.9346
-0.93512
-0.93409
-0.93976
-0.93333
-0.93332
0
0
0
0
0
0
0
0
0
0
0
0
0
0
0
0
0
0
0
0
0
0
0
0
0
0
0
-1.1735
0
0
0
0
0
0
0
0
0
0
0
0
0
0
0
0
0
0
0
0
0
0
0
0
0
0
0
0
0
0
0
0
0
0
0
0
0
0
-0.94065
-0.94549
-0.93923
-0.93993
-0.93992
-0.9466
-0.93992
-0.94661
-0.94021
-0.93827
-0.93827
-0.93825
-0.93826
-0.93567
-0.94461
-0.94664
-0.93667
-0.94486
-0.94219
-0.93772
-0.93772
-0.94274
-0.9383
-0.9383
-0.93461
-0.93463
-0.94156
-0.93693
-0.93819
-0.93693
-0.93612
48.6897
-0.9424
-0.93722
-0.93722
-0.9432
-0.94181
-0.94235
-0.93521
-0.93809
-0.93617
-0.94229
-0.93956
-0.93935
-0.9396
-0.93883
-0.94453
-0.93804
-0.93804
0
0
0
0
0
0
0
0
0
0
0
0
0
0
0
0
0
0
0
0
0
0
0
0
0
0
0
0
0
0
0
0
0
0
0
0
0
0
0
0
0
0
0
0
0
0
0
0
0
0
0
0
0
0
-3.5798
0
0
0
0
0
0
0
0
0
0
0
-0.94208
-0.94679
-0.94065
-0.94139
-0.9414
-0.94807
-0.94141
-0.94808
-0.94173
-0.93985
-0.93985
-0.93985
-0.93984
-0.93734
-0.94624
-0.94848
-0.93828
-0.94651
-0.94393
-0.93936
-0.93937
-0.94445
-0.94007
-0.94006
-0.93672
-0.9367
-0.94339
-0.93794
-0.94052
-0.93796
-0.93793
-0.9424
43.7848
-0.93827
-0.93827
-0.94501
-0.94524
-0.9458
-0.93654
-0.94095
-0.93802
-0.94479
-0.94166
-0.94149
-0.9421
-0.94087
0
0
0
0
0
0
0
0
0
0
0
0
0
0
0
0
0
0
0
0
0
0
0
0
0
-1.4171
0
0
0
0
0
0
0
0
0
0
0
0
0
0
0
0
0
0
0
0
0
0
0
0
0
0
0
0
0
0
0
0
0
0
0
0
0
0
0
0
0
0
0
-0.9369
-0.94156
-0.93547
-0.93619
-0.93619
-0.94286
-0.93621
-0.94285
-0.93653
-0.93466
-0.93466
-0.93466
-0.93465
-0.93219
-0.94105
-0.94336
-0.93316
-0.94134
-0.93881
-0.9342
-0.93421
-0.9393
-0.93488
-0.93489
-0.93157
-0.93157
-0.93828
-0.93276
-0.93544
-0.93275
-0.93263
-0.93722
-0.93827
42.1318
-0.9312
-0.94063
-0.93954
-0.94004
-0.93082
-0.93425
-0.93218
-0.93884
-0.9359
-0.93573
-0.93626
-0.93509
0
0
0
0
0
0
0
0
0
0
0
0
0
0
0
0
0
0
0
0
0
0
0
0
0
0
0
0
0
0
0
0
0
0
0
0
0
0
0
0
0
0
0
0
0
0
0
0
0
0
0
0
0
0
0
0
0
0
0
0
0
0
0
0
0
0
0
0
0
-0.9369
-0.94155
-0.93547
-0.93619
-0.93619
-0.94286
-0.93621
-0.94285
-0.93652
-0.93466
-0.93467
-0.93467
-0.93465
-0.93219
-0.94106
-0.94336
-0.93317
-0.94135
-0.93881
-0.9342
-0.9342
-0.93929
-0.93487
-0.93488
-0.93157
-0.93157
-0.93827
-0.93276
-0.93544
-0.93276
-0.93262
-0.93722
-0.93827
-0.9312
42.1318
-0.94065
-0.93955
-0.94005
-0.93084
-0.93427
-0.93218
-0.93884
-0.9359
-0.93574
-0.93625
-0.93511
0
0
0
0
0
0
0
0
0
0
0
0
0
0
0
0
0
0
0
0
0
0
0
0
0
0
0
0
0
0
0
0
0
0
0
0
0
0
0
0
0
0
0
0
0
0
0
0
0
0
0
0
0
0
0
0
0
0
0
0
0
0
0
0
0
0
0
0
0
-0.94416
-0.94893
-0.94283
-0.94357
-0.94356
-0.95034
-0.94394
-0.95033
-0.94422
-0.9421
-0.94209
-0.94209
-0.94209
-0.93897
-0.94814
-0.94962
-0.93993
-0.94843
-0.94534
-0.94156
-0.94157
-0.94618
-0.94283
-0.94283
-0.93978
-0.93978
-0.9455
-0.94036
-0.94335
-0.94036
-0.93963
-0.9432
-0.94501
-0.94063
-0.94065
52.3891
-0.94341
-0.94443
-0.9388
-0.93955
-0.93853
0
0
0
0
0
0
0
0
0
0
0
0
0
0
0
0
0
0
0
0
0
0
0
0
0
0
0
0
0
0
0
0
0
0
0
0
-1.5981
0
0
0
0
0
0
0
0
0
0
0
0
0
0
0
0
0
0
0
0
0
0
0
-4.3541
0
0
0
0
0
0
0
-4.3541
0
-4.3542
0
0
0
-0.94207
-0.94681
-0.94067
-0.94139
-0.94141
-0.94802
-0.9414
-0.948
-0.94168
-0.93976
-0.93975
-0.93976
-0.93976
-0.93713
-0.94601
-0.94799
-0.93807
-0.94626
-0.94353
-0.93923
-0.93924
-0.94414
-0.9399
-0.9399
-0.93645
-0.93645
-0.94296
-0.93755
-0.93995
-0.93754
-0.93711
-0.94181
-0.94524
-0.93954
-0.93955
-0.94341
43.1887
-0.94532
-0.9365
-0.93894
-0.93617
0
-0.94137
0
0
0
0
0
0
0
0
0
0
0
0
0
0
0
0
0
0
0
0
0
0
0
0
0
0
0
0
-1.4344
0
0
0
0
0
0
0
0
0
0
0
0
0
0
0
0
0
0
0
0
0
0
0
0
0
0
0
-3.1666
0
0
0
0
0
0
0
0
0
0
0
0
0
0
0
-0.9425
-0.94731
-0.94114
-0.94182
-0.94184
-0.94847
-0.94186
-0.94849
-0.94213
-0.94018
-0.94019
-0.94018
-0.94019
-0.93752
-0.94645
-0.94847
-0.93847
-0.94671
-0.9438
-0.93966
-0.93965
-0.94459
-0.9403
-0.94032
-0.93684
-0.93684
-0.94341
-0.93794
-0.94041
-0.93794
-0.93748
-0.94235
-0.9458
-0.94004
-0.94005
-0.94443
-0.94532
43.9152
-0.93698
-0.93829
-0.93566
0
0
0
0
0
0
0
0
0
0
0
0
0
0
0
0
0
0
0
0
0
0
0
0
0
-1.602
0
0
0
0
0
0
-1.4356
0
0
0
0
0
0
0
0
0
0
0
0
0
0
0
0
0
0
0
0
0
0
0
0
0
0
0
0
0
0
0
0
0
0
0
0
-3.2155
0
0
0
0
-0.93503
-0.93969
-0.9336
-0.93434
-0.93433
-0.94099
-0.93435
-0.94098
-0.93465
-0.9328
-0.93279
-0.93278
-0.93279
-0.9303
-0.93918
-0.9415
-0.93128
-0.93947
-0.93694
-0.93231
-0.9323
-0.93741
-0.93299
-0.93298
-0.92969
-0.92966
-0.93635
-0.93078
-0.9335
-0.93078
-0.93052
-0.93521
-0.93654
-0.93082
-0.93084
-0.9388
-0.9365
-0.93698
40.1762
-0.93199
-0.92806
-0.93599
-0.93386
-0.93359
0
0
0
0
0
0
0
0
0
0
0
0
0
0
0
0
0
0
0
0
0
0
0
0
0
0
0
0
0
0
0
0
0
0
0
0
0
0
0
0
0
0
0
0
0
0
0
0
0
0
0
0
0
0
0
0
0
0
0
0
0
0
0
0
0
0
0
0
0
0
0
-0.93819
-0.94292
-0.93682
-0.93752
-0.93754
-0.9441
-0.93754
-0.94411
-0.93782
-0.93594
-0.93592
-0.93595
-0.93594
-0.93333
-0.94214
-0.94414
-0.93406
-0.94241
-0.93968
-0.93542
-0.93542
-0.94031
-0.93609
-0.9361
-0.93271
-0.93271
-0.93915
-0.93386
-0.93624
-0.93386
-0.93359
-0.93809
-0.94095
-0.93425
-0.93427
-0.93955
-0.93894
-0.93829
-0.93199
41.9401
-0.93004
0
0
0
0
0
0
0
0
0
0
0
0
0
0
0
0
0
0
0
0
0
0
0
0
-1.4823
0
0
0
0
0
0
0
0
0
0
0
0
0
0
0
0
0
0
0
0
0
0
0
-2.9699
0
0
0
0
0
0
0
0
0
0
0
0
0
0
0
0
0
0
0
0
0
0
0
0
0
-0.93614
-0.94084
-0.93475
-0.93551
-0.93551
-0.94214
-0.93553
-0.94214
-0.93583
-0.93391
-0.93391
-0.9339
-0.93391
-0.93137
-0.94026
-0.94248
-0.93239
-0.94054
-0.9379
-0.93341
-0.93339
-0.93847
-0.93408
-0.93409
-0.93073
-0.93073
-0.93732
-0.93182
-0.93444
-0.93183
-0.93147
-0.93617
-0.93802
-0.93218
-0.93218
-0.93853
-0.93617
-0.93566
-0.92806
-0.93004
40.2358
0
0
0
0
0
0
0
0
0
0
0
0
0
0
0
0
0
0
0
0
0
0
0
0
0
0
0
0
-1.027
0
0
0
0
0
-1.801
0
0
0
0
0
0
0
0
0
0
0
0
0
0
0
0
0
0
0
0
0
0
0
0
0
0
0
0
0
0
0
0
0
0
0
0
0
0
0
-0.94213
-0.94696
-0.94074
-0.94149
-0.94149
-0.94825
-0.9415
-0.94824
-0.94183
-0.93997
-0.93997
-0.93997
-0.93996
-0.93737
-0.94643
-0.94863
-0.93794
-0.94671
-0.94398
-0.93946
-0.93945
-0.9446
-0.94017
-0.94018
-0.93679
-0.93679
-0.94348
-0.93788
-0.94059
-0.93787
-0.93751
-0.94229
-0.94479
-0.93884
-0.93884
0
0
0
-0.93599
0
0
37.5566
0
0
0
0
0
0
0
0
0
0
0
0
0
0
0
0
0
0
0
0
0
0
0
0
0
0
0
0
0
0
0
0
-1.5403
0
0
0
0
0
-2.1272
0
0
0
0
0
0
0
0
0
0
0
0
0
0
0
0
0
0
0
0
0
0
0
0
0
0
0
0
0
0
0
0
0
0
-0.93928
-0.94394
-0.93783
-0.93857
-0.93856
-0.94525
-0.93859
-0.94524
-0.93889
-0.93703
-0.93703
-0.93704
-0.93703
-0.93454
-0.94346
-0.94582
-0.93552
-0.94378
-0.94123
-0.93657
-0.93656
-0.94171
-0.93729
-0.93731
-0.93398
-0.93399
-0.94072
-0.93511
-0.9379
-0.9351
-0.93485
-0.93956
-0.94166
-0.9359
-0.9359
0
-0.94137
0
-0.93386
0
0
0
34.728
0
0
0
0
0
0
0
0
0
0
0
0
0
0
0
0
0
0
0
0
0
0
0
0
0
0
0
0
0
0
0
0
0
0
0
0
0
0
0
0
0
0
0
0
0
0
0
0
0
0
0
0
0
0
0
0
0
0
0
0
0
0
0
0
0
0
0
0
0
0
0
0
-0.93905
-0.94372
-0.93761
-0.93835
-0.93835
-0.94503
-0.93837
-0.94503
-0.93869
-0.93681
-0.93683
-0.93682
-0.93681
-0.93431
-0.94326
-0.94562
-0.93532
-0.94356
-0.94102
-0.93635
-0.93635
-0.9415
-0.93707
-0.93708
-0.93375
-0.93375
-0.94052
-0.93487
-0.93767
-0.93487
-0.9346
-0.93935
-0.94149
-0.93573
-0.93574
0
0
0
-0.93359
0
0
0
0
33.7788
0
0
0
0
0
0
0
0
0
0
0
0
0
0
0
0
0
0
0
0
0
0
0
0
0
0
0
0
0
0
0
0
0
0
0
0
0
0
0
0
0
0
0
0
0
0
0
0
0
0
0
0
0
0
0
0
0
0
0
0
0
0
0
0
0
0
0
0
0
0
0
-0.93964
-0.94425
-0.9382
-0.93897
-0.93897
-0.9455
-0.93898
-0.94552
-0.93926
-0.93737
-0.93737
-0.93737
-0.93738
-0.93482
-0.94363
-0.94566
-0.93578
-0.94391
-0.94126
-0.93688
-0.93687
-0.94182
-0.93761
-0.93759
-0.93426
-0.93426
-0.94077
-0.93537
-0.9379
-0.93538
-0.93512
-0.9396
-0.9421
-0.93626
-0.93625
0
0
0
0
0
0
0
0
0
35.2973
0
0
0
0
0
0
0
0
0
0
0
0
0
0
0
0
0
0
0
0
0
0
0
0
0
0
0
0
0
0
0
0
0
0
0
0
0
-2.4353
0
0
0
0
0
0
0
0
0
0
0
0
0
0
0
0
0
0
0
0
0
0
0
0
0
0
0
0
0
0
0
0
-0.93857
-0.94323
-0.93713
-0.93786
-0.93786
-0.94455
-0.93788
-0.94454
-0.93821
-0.93633
-0.93633
-0.93631
-0.93632
-0.93383
-0.94278
-0.94514
-0.93482
-0.94307
-0.94053
-0.93586
-0.93586
-0.94101
-0.93659
-0.93659
-0.93326
-0.93327
-0.94003
-0.93437
-0.93719
-0.93438
-0.93409
-0.93883
-0.94087
-0.93509
-0.93511
0
0
0
0
0
0
0
0
0
0
32.8277
0
0
0
0
0
0
0
0
0
0
0
0
0
0
0
0
0
0
0
0
0
0
0
0
0
0
0
0
0
0
0
0
0
0
0
0
0
0
0
0
0
0
0
0
0
0
0
0
0
0
0
0
0
0
0
0
0
0
0
0
0
0
0
0
0
0
0
0
0
-0.94426
-0.94894
-0.94284
-0.94356
-0.94356
-0.95026
-0.94359
-0.95026
-0.94391
-0.94203
-0.94202
-0.94202
-0.94202
-0.9395
-0.94847
-0.95082
-0.94048
-0.94878
-0.94616
-0.94153
-0.94153
-0.94669
-0.94227
-0.94226
-0.9389
-0.93891
-0.94568
-0.94004
-0.9428
-0.94002
-0.93976
-0.94453
0
0
0
0
0
0
0
0
0
0
0
0
0
0
31.7968
0
0
0
0
0
0
0
0
0
0
0
0
0
0
0
0
0
0
0
-1.5984
0
0
0
0
0
0
0
0
0
0
0
0
0
0
0
0
0
0
0
0
0
0
0
0
0
0
0
0
0
0
0
0
0
0
0
0
0
0
0
0
0
0
0
0
0
0
0
0
-0.93765
-0.9423
-0.9362
-0.93693
-0.93693
-0.9436
-0.93694
-0.94362
-0.93728
-0.9354
-0.93541
-0.93539
-0.93541
-0.93293
-0.94186
-0.94422
-0.93391
-0.94216
-0.93962
-0.93494
-0.93493
-0.94009
-0.93565
-0.93565
-0.93234
-0.93233
-0.93914
-0.9335
-0.9363
-0.9335
-0.93333
-0.93804
0
0
0
0
0
0
0
0
0
0
0
0
0
0
0
29.9875
0
0
0
0
0
0
0
0
0
0
0
0
0
0
0
0
0
0
0
0
0
0
0
0
0
0
0
0
0
0
0
0
0
0
0
0
0
0
0
0
0
0
0
0
0
0
0
0
0
0
0
0
0
0
0
0
0
0
0
0
0
0
0
0
0
0
0
-0.93765
-0.94229
-0.93619
-0.93694
-0.93694
-0.94359
-0.93695
-0.9436
-0.93727
-0.93541
-0.93541
-0.93541
-0.9354
-0.93291
-0.94186
-0.94423
-0.93392
-0.94216
-0.93962
-0.93494
-0.93494
-0.9401
-0.93566
-0.93566
-0.93234
-0.93235
-0.93915
-0.93351
-0.9363
-0.9335
-0.93332
-0.93804
0
0
0
0
0
0
0
0
0
0
0
0
0
0
0
0
29.9876
0
0
0
0
0
0
0
0
0
0
0
0
0
0
0
0
0
0
0
0
0
0
0
0
0
0
0
0
0
0
0
0
0
0
0
0
0
0
0
0
0
0
0
0
0
0
0
0
0
0
0
0
0
0
0
0
0
0
0
0
0
0
0
0
0
0
-0.94017
-0.94481
-0.93883
-0.93959
-0.9396
-0.94609
-0.93961
-0.94609
-0.93992
-0.93802
-0.93801
-0.93802
-0.938
-0.9354
-0.94421
-0.94621
-0.93645
-0.94451
-0.94181
-0.93751
-0.93752
-0.94239
-0.93823
-0.93823
-0.93487
-0.93488
-0.94129
-0.93606
-0.93848
-0.93608
0
0
0
0
0
0
0
0
0
0
0
0
0
0
0
0
0
0
0
31.2623
0
0
0
0
0
0
0
0
0
0
0
0
0
0
0
0
0
0
0
-1.0365
0
0
0
0
0
0
0
0
0
0
0
0
0
0
0
0
0
0
0
0
0
0
0
0
0
0
0
0
0
0
0
0
0
0
0
-2.035
0
0
0
0
0
0
0
0
0
-0.93781
-0.94248
-0.93637
-0.9371
-0.93711
-0.94378
-0.93712
-0.9438
-0.93744
-0.93558
-0.93558
-0.93557
-0.93557
-0.93308
-0.94204
-0.94443
-0.93409
-0.94234
-0.93982
-0.9351
-0.93511
-0.94028
-0.93583
-0.93583
-0.93248
-0.93249
-0.93932
-0.93368
-0.93643
-0.93366
0
0
0
0
0
0
0
0
0
0
0
0
0
0
0
0
0
0
0
0
28.1213
0
0
0
0
0
0
0
0
0
0
0
0
0
0
0
0
0
0
0
0
0
0
0
0
0
0
0
0
0
0
0
0
0
0
0
0
0
0
0
0
0
0
0
0
0
0
0
0
0
0
0
0
0
0
0
0
0
0
0
0
0
0
0
0
-0.9384
-0.94304
-0.93695
-0.93768
-0.93768
-0.94436
-0.9377
-0.94437
-0.93803
-0.93616
-0.93615
-0.93615
-0.93616
-0.93369
-0.94263
-0.94504
-0.93468
-0.94295
-0.94042
-0.93569
-0.93569
-0.94088
-0.93643
-0.9364
-0.93308
-0.93307
-0.93995
-0.93429
0
-0.93428
0
0
0
0
0
0
0
0
0
0
0
0
0
0
0
0
0
0
0
0
0
27.202
0
0
0
0
0
0
0
0
0
0
0
0
0
0
0
0
0
0
0
0
0
0
0
0
0
0
0
0
0
0
0
0
0
0
0
0
0
0
0
0
0
0
0
0
0
0
0
0
0
0
0
0
0
0
0
0
0
0
0
0
0
0
0
-0.93294
-0.93739
-0.93166
-0.93244
-0.93243
-0.93862
-0.93244
-0.93863
-0.93274
-0.93081
-0.93081
-0.9308
-0.9308
-0.92812
-0.93671
-0.93836
-0.9293
-0.93698
-0.93432
-0.93034
-0.93035
-0.93489
-0.93104
-0.93105
-0.92773
-0.92772
0
0
0
0
0
0
0
0
0
0
0
0
0
0
0
0
0
0
0
0
0
0
0
0
0
0
28.7034
0
0
0
0
0
0
0
0
0
0
0
0
0
0
0
0
0
0
0
0
0
0
0
0
0
0
0
0
0
0
-2.227
0
0
0
0
0
0
0
0
0
0
0
0
0
0
0
0
0
0
0
0
0
0
0
0
0
0
0
0
-2.227
0
0
-0.9326
-0.93718
-0.93123
-0.93199
-0.93199
-0.93847
-0.93198
-0.93847
-0.9323
-0.93042
-0.93041
-0.93041
-0.93041
-0.92785
-0.93667
-0.9388
-0.92897
-0.93697
-0.9344
-0.92995
-0.92994
-0.93491
-0.93068
-0.93067
-0.92735
-0.92734
0
0
0
0
0
0
0
0
0
0
0
0
0
0
0
0
0
0
0
0
0
0
0
0
0
0
0
25.8004
0
0
0
0
0
0
0
0
0
0
0
0
0
0
0
0
0
0
0
0
0
0
0
0
0
0
0
0
0
0
0
0
0
0
0
0
0
0
0
0
0
0
0
0
0
0
0
0
0
0
-1.558
0
0
0
0
0
0
0
0
0
0
-0.93259
-0.93719
-0.93124
-0.93198
-0.932
-0.93846
-0.93198
-0.93846
-0.9323
-0.93042
-0.93041
-0.93042
-0.93042
-0.92784
-0.93667
-0.9388
-0.92897
-0.93696
-0.93437
-0.92996
-0.92995
-0.93491
-0.93068
-0.93068
-0.92736
-0.92735
0
0
0
0
0
0
0
0
0
0
0
0
0
0
0
0
0
0
0
0
0
0
0
0
0
0
0
0
25.8005
0
0
0
0
0
0
0
0
0
0
0
0
0
0
0
0
0
0
0
0
0
0
0
0
0
0
0
0
0
0
0
0
-1.5581
0
0
0
0
0
0
0
0
0
0
0
0
0
0
0
0
0
0
0
0
0
0
0
0
0
0
0
-0.93496
-0.93945
-0.93352
-0.93428
-0.93428
-0.94077
-0.93427
-0.94074
-0.9346
-0.9327
-0.9327
-0.93271
-0.9327
-0.93022
-0.93898
-0.94114
-0.93128
-0.93928
-0.9367
-0.93225
-0.93224
-0.93722
-0.93293
-0.93295
0
0
0
0
0
0
0
0
0
0
0
0
0
0
0
0
0
0
0
0
0
0
0
0
0
0
0
0
0
0
0
24.3399
0
0
0
0
0
0
0
0
0
0
0
0
0
0
0
0
0
0
0
0
0
0
0
0
0
0
0
0
0
0
0
0
0
0
0
0
0
0
0
0
0
0
0
0
-1.8971
0
0
0
0
0
0
0
0
0
0
0
0
0
0
-0.9447
-0.94933
-0.94325
-0.94396
-0.94398
-0.9507
-0.944
-0.9507
-0.94432
-0.94249
-0.9425
-0.94249
-0.94248
-0.94002
-0.94901
-0.95152
-0.94104
-0.94935
0
-0.94202
-0.94203
-0.94733
0
0
0
0
0
0
0
0
0
0
0
0
0
0
0
0
0
0
0
0
0
0
0
0
0
0
0
0
0
0
0
0
0
0
19.8472
0
0
0
0
0
0
0
0
0
0
0
0
0
0
0
0
0
0
0
0
0
0
0
0
0
0
0
0
0
0
0
0
0
0
0
0
0
0
0
0
0
0
0
0
0
0
0
0
0
0
0
0
0
0
0
0
0
0
-0.93353
-0.9381
-0.93208
-0.93282
-0.93282
-0.93946
-0.93283
-0.93948
-0.93315
-0.93134
-0.93135
-0.93134
-0.93133
-0.92888
-0.93781
-0.94035
-0.92991
-0.93815
0
-0.93087
-0.93088
0
0
0
0
0
0
0
0
0
0
0
0
0
0
0
0
0
0
0
0
0
0
0
0
0
0
0
0
0
0
0
0
0
0
0
0
18.6765
0
0
0
0
0
0
0
0
0
0
0
0
0
0
0
0
0
0
0
0
0
0
0
0
0
0
0
0
0
0
0
0
0
0
0
0
0
0
0
0
0
0
0
0
0
0
0
0
0
0
0
0
0
0
0
0
0
-0.95012
-0.95461
-0.94862
-0.9494
-0.94939
-0.9561
-0.94942
-0.9561
-0.94975
-0.94794
-0.94794
-0.94794
-0.94794
-0.94552
-0.95456
0
0
0
0
0
0
0
0
0
0
0
0
0
0
0
0
0
0
0
0
0
0
0
0
0
0
0
0
0
0
0
0
0
0
0
0
0
0
0
0
0
0
0
14.2553
0
0
0
0
0
0
0
0
0
0
0
0
0
0
0
0
0
0
0
0
0
0
0
0
0
0
0
0
0
0
0
0
0
0
0
0
0
0
0
0
0
0
0
0
0
0
0
0
0
0
0
0
0
0
0
0
-0.958
-0.96236
-0.95658
-0.95733
-0.95733
-0.96386
-0.95738
-0.96387
-0.95774
-0.9559
-0.9559
-0.95591
-0.95588
0
0
0
0
0
0
0
0
0
0
0
0
0
0
0
0
0
0
0
0
0
0
0
0
0
0
0
0
0
0
0
0
0
0
0
0
0
0
0
0
0
0
0
0
0
0
13.0186
0
0
0
0
0
0
0
0
0
0
0
0
0
0
0
0
0
0
0
0
0
0
0
0
0
0
-0.56052
0
0
0
0
0
0
0
0
0
0
0
0
0
0
0
0
0
0
0
0
0
0
0
0
0
0
0
0
-0.93591
-0.94028
-0.9344
-0.93518
-0.93518
-0.94178
-0.93518
-0.94177
-0.93554
-0.93373
-0.93375
-0.93373
-0.93374
0
0
0
0
0
0
0
0
0
0
0
0
0
0
0
0
0
0
0
0
0
0
0
0
0
0
0
0
0
0
0
0
0
0
0
0
0
0
0
0
0
0
0
0
0
0
0
12.1702
0
0
0
0
0
0
0
0
0
0
0
0
0
0
0
0
0
0
0
0
0
0
0
0
0
0
0
0
0
0
0
0
0
0
0
0
0
0
0
0
0
0
0
0
0
0
0
0
0
0
0
0
0
0
-0.96452
-0.96928
-0.96305
-0.96377
-0.96376
-0.97072
-0.96377
-0.97072
-0.96415
0
0
0
0
0
0
0
0
0
0
0
0
0
0
0
0
0
0
0
0
0
0
0
0
0
0
0
0
0
0
0
0
0
0
0
0
0
0
0
0
0
0
0
0
0
0
0
0
0
0
0
0
10.0417
0
0
0
0
0
0
0
0
0
0
-1.3479
0
0
0
0
0
0
0
0
0
0
0
0
0
0
0
0
0
0
0
0
0
0
0
0
0
0
0
0
0
0
0
0
0
0
0
0
0
0
0
0
0
0
-0.95707
-0.96145
-0.95551
-0.95628
-0.95629
-0.96302
-0.95629
-0.96302
-0.95662
0
0
0
0
0
0
0
0
0
0
0
0
0
0
0
0
0
0
0
0
0
0
0
0
0
0
0
0
0
0
0
0
0
0
0
0
0
0
0
0
0
0
0
0
0
0
0
0
0
0
0
0
0
8.6256
0
0
0
0
0
0
0
0
0
0
0
0
0
0
0
0
0
0
0
0
0
0
0
0
0
0
0
0
0
0
0
0
0
0
0
0
0
0
0
0
0
0
0
0
0
0
0
0
0
0
0
0
-1.1157
-1.1194
-1.1143
-1.115
-1.115
0
0
0
0
0
0
0
0
0
0
0
0
0
0
0
0
0
0
0
0
0
0
0
0
0
0
0
0
0
0
0
0
0
0
0
0
0
0
0
0
0
0
0
0
0
0
0
0
0
0
0
0
0
0
0
0
0
0
7.2244
0
0
0
0
0
0
0
0
0
0
0
0
0
0
0
-1.6449
0
0
0
0
0
0
0
0
0
0
0
0
0
0
0
0
0
0
0
0
0
0
0
0
0
0
0
0
0
0
0
0
0
0
0
-1.1462
-1.1494
-1.1443
-1.1454
-1.1454
0
-1.1457
0
0
0
0
0
0
0
0
0
0
0
0
0
0
0
0
0
0
0
0
0
0
0
0
0
0
0
0
0
0
0
0
0
0
0
0
0
0
0
0
0
0
0
0
0
0
0
0
0
0
0
0
0
0
0
0
0
6.8765
0
0
0
0
0
0
0
0
0
0
0
0
0
0
0
0
0
0
0
0
0
0
0
0
0
0
0
0
0
0
0
0
0
0
0
0
0
0
0
0
0
0
0
0
0
0
0
0
0
0
0
0
0
0
0
0
0
0
0
0
0
0
0
0
0
0
0
0
0
0
0
0
0
0
0
0
0
0
0
0
0
0
0
0
0
0
0
0
0
-1.4823
0
0
0
0
0
0
0
0
0
0
0
0
0
0
0
0
0
0
0
0
0
0
0
0
0
8.7519
0
0
0
0
0
0
-1.5526
0
0
-1.6582
0
0
-2.0171
0
0
0
0
0
0
0
0
0
0
0
-2.0417
0
0
0
0
0
0
0
0
0
0
0
0
0
0
0
0
0
0
0
0
0
0
0
0
0
0
0
0
0
0
0
0
0
0
0
0
0
0
0
0
0
0
0
0
0
0
0
0
0
0
0
0
0
0
0
0
0
0
0
0
0
-1.602
0
0
0
0
0
0
0
0
-1.5984
0
0
0
0
0
0
0
0
0
0
0
0
0
0
0
0
0
0
0
9.5842
0
0
0
0
0
0
0
-1.4761
0
0
0
0
0
0
0
0
0
0
0
0
0
0
0
0
0
0
0
0
-2.4539
0
0
-2.4538
0
0
0
0
0
0
0
0
0
0
0
0
0
0
0
0
0
0
0
0
0
0
0
0
0
0
0
0
0
-0.61565
0
0
0
0
0
0
0
0
0
0
0
0
-0.62154
0
0
0
0
0
0
0
0
0
0
0
0
0
0
0
0
0
0
0
0
0
0
0
0
0
0
0
0
0
0
0
0
0
0
0
0
0
0
0
0
2.2373
-0.74899
0
0
0
0
0
0
0
0
0
0
0
0
0
0
0
0
0
0
0
0
0
0
0
0
-0.25115
0
0
0
0
0
0
0
0
0
0
0
0
0
0
0
0
0
0
0
0
0
-0.9392
0
0
0
0
0
0
0
0
0
0
0
0
0
0
0
0
0
0
0
0
0
0
0
0
0
0
0
0
0
0
0
0
0
0
0
0
0
0
0
0
0
0
0
0
0
0
0
0
0
0
0
0
0
0
0
0
0
0
0
0
0
0
0
0
0
0
-0.74899
4.6775
0
0
0
0
0
0
0
-1.9066
0
0
0
0
0
0
0
0
0
0
0
0
0
0
0
-1.0828
0
0
0
0
0
0
0
0
0
0
0
0
0
0
0
0
0
0
0
0
0
0
0
0
0
0
0
0
0
0
0
0
0
0
0
0
0
0
0
0
0
0
0
0
0
0
0
0
0
0
0
0
0
0
0
0
0
0
0
0
0
0
-1.027
0
0
0
0
0
0
0
0
-1.0365
0
0
0
0
0
0
0
0
0
0
0
0
0
0
0
0
0
0
0
3.3236
0
0
0
0
0
0
0
0
0
0
0
0
0
0
0
0
0
0
-1.2601
0
0
0
0
0
0
0
0
0
0
0
0
0
0
0
0
0
0
0
0
0
0
0
0
0
0
-1.7549
-1.7873
-1.7528
0
0
0
0
0
0
0
0
0
0
0
0
0
0
0
0
0
0
0
0
0
0
0
0
0
0
0
0
0
0
0
0
0
0
0
0
0
0
0
0
0
0
0
0
0
0
0
0
0
0
0
0
0
0
0
0
0
0
0
0
0
0
0
0
0
0
0
5.2951
0
0
0
0
0
0
0
0
0
0
0
0
0
0
0
0
0
0
0
0
0
0
0
0
0
0
0
0
0
0
0
0
0
0
0
0
0
0
0
0
0
0
0
0
0
0
0
0
0
0
0
0
0
0
0
0
0
0
0
0
0
0
0
0
0
0
0
0
0
0
0
0
0
0
0
0
-1.4171
0
0
0
-1.4344
0
0
0
0
0
0
0
0
0
0
0
0
0
0
0
0
0
0
0
0
0
0
0
0
0
0
0
0
0
0
0
0
0
0
4.4411
0
0
-1.5896
0
0
0
0
0
0
0
0
0
0
0
0
0
0
0
0
0
0
0
0
0
0
0
0
0
0
0
0
0
0
0
0
0
0
0
0
0
0
0
0
0
0
0
0
0
0
0
0
0
0
0
0
0
0
0
0
-1.4552
0
0
0
0
0
0
0
0
0
0
0
0
0
0
0
0
0
0
0
0
0
0
0
0
0
0
0
0
0
0
0
0
0
0
0
0
0
0
0
0
0
0
0
0
-1.3479
0
0
0
-1.5526
0
0
0
0
0
0
4.3557
0
0
0
0
0
0
0
0
0
0
0
0
0
0
0
0
0
0
0
0
0
0
0
0
0
0
0
0
0
0
0
0
0
0
0
0
0
0
0
0
0
0
0
0
0
0
0
0
0
0
0
0
0
0
0
0
0
0
0
0
-1.4441
0
0
0
0
0
0
0
0
0
0
0
0
0
0
0
0
0
0
-1.4356
0
0
0
0
0
0
0
0
0
0
0
0
0
0
0
0
0
0
0
0
0
0
0
0
0
0
0
0
0
0
0
0
0
0
0
4.8794
0
0
0
0
0
0
0
0
0
0
0
0
0
0
0
0
0
0
0
0
0
0
0
0
0
0
0
0
0
0
0
0
0
0
0
0
0
0
0
-1.9997
0
0
0
0
0
0
0
0
0
0
0
0
0
0
0
0
0
0
0
0
0
0
0
0
0
0
0
0
0
0
0
0
0
0
0
0
0
0
0
0
0
0
-1.5403
0
0
0
0
0
0
0
0
0
0
0
0
0
0
0
0
0
0
0
0
0
0
0
0
-1.4761
0
0
0
0
-1.5896
0
0
4.6059
0
0
0
0
0
0
0
0
0
0
0
0
0
0
0
0
0
0
0
0
0
0
0
0
0
0
0
0
0
0
0
0
0
0
0
0
0
0
0
0
0
0
0
0
0
0
0
0
0
0
0
0
0
0
0
0
0
0
0
0
0
0
0
0
0
0
0
0
0
0
0
0
0
0
0
0
0
0
0
0
-1.801
0
0
0
0
0
0
0
0
0
0
0
0
0
0
0
0
0
0
0
0
0
0
0
0
-1.6582
0
0
0
0
0
0
0
0
0
3.4593
0
0
0
0
0
0
0
0
0
0
0
0
0
0
0
0
0
0
0
0
0
0
0
0
0
0
0
0
0
0
0
0
0
0
0
0
0
0
0
0
0
0
0
0
0
0
0
0
0
0
0
0
0
0
0
0
0
0
0
0
0
0
0
0
0
0
0
0
0
-1.1735
0
0
0
0
0
0
0
0
0
0
0
0
0
0
0
0
0
0
0
0
0
0
0
0
0
0
0
0
0
0
0
0
0
0
0
0
0
-1.9066
0
0
0
0
0
0
0
3.0801
0
0
0
0
0
0
0
0
0
0
0
0
0
0
0
0
0
0
0
0
0
0
0
0
0
0
0
0
0
0
0
0
0
0
0
0
0
0
0
0
0
0
0
0
0
0
0
0
0
0
0
0
0
0
0
0
0
0
0
0
0
0
0
0
0
0
0
0
0
0
0
0
0
-1.5981
0
0
0
0
0
0
0
0
0
0
0
0
0
0
0
0
0
0
0
0
0
0
0
0
0
0
0
0
0
0
0
0
0
0
0
0
0
0
0
0
0
3.2273
0
0
0
-1.6292
0
0
0
0
0
0
0
0
0
0
0
0
0
0
0
0
0
0
0
0
0
0
0
0
0
0
0
0
0
0
0
0
0
0
0
0
0
0
0
0
0
0
0
0
0
0
0
0
0
0
0
0
0
0
0
0
0
0
0
0
0
0
0
0
0
0
0
0
0
0
0
0
0
0
0
0
0
0
0
0
0
0
0
0
0
0
0
0
0
0
0
0
0
0
0
0
0
0
-2.0171
0
0
0
0
0
0
0
0
0
0
0
0
4.3378
0
-2.3207
0
0
0
0
0
0
0
0
0
0
0
0
0
0
0
0
0
0
0
0
0
0
0
0
0
0
0
0
0
0
0
0
0
0
0
0
0
0
0
0
0
0
0
0
0
0
0
0
0
0
0
0
0
0
0
0
0
0
0
0
0
0
0
0
0
0
0
0
0
0
0
0
0
0
0
0
0
0
0
0
0
0
0
0
0
0
0
0
0
0
0
0
0
0
0
0
0
-1.6449
0
0
0
0
0
0
0
0
0
0
0
0
0
0
0
3.5337
0
-1.8887
0
0
0
0
0
0
0
0
0
0
0
0
0
0
0
0
0
0
0
0
0
0
0
0
0
0
0
0
0
0
0
0
0
0
0
0
0
0
0
0
0
0
0
0
0
0
0
0
0
0
0
0
0
0
0
0
0
0
0
0
0
0
0
0
0
0
0
0
0
0
0
0
0
0
-2.1272
0
0
0
0
0
0
0
0
0
0
0
0
0
0
0
0
0
0
0
0
0
0
0
0
0
0
0
0
0
0
0
0
0
0
0
0
-2.3207
0
4.4479
0
0
0
0
0
0
0
0
0
0
0
0
0
0
0
0
0
0
0
0
0
0
0
0
0
0
0
0
0
0
0
0
0
0
0
0
0
0
0
0
0
0
0
0
0
0
0
0
0
0
0
0
0
0
0
0
0
0
0
0
0
0
0
0
0
0
0
0
0
0
0
0
0
0
0
0
0
0
0
0
0
0
0
0
0
0
0
0
0
0
0
0
0
0
0
0
0
0
0
0
0
0
0
0
0
0
0
0
0
0
0
-1.6292
0
-1.8887
0
3.5179
0
0
0
0
0
0
0
0
0
0
0
0
0
0
0
0
0
0
0
0
0
0
0
0
0
0
0
0
0
0
0
0
0
0
0
0
0
0
0
0
0
0
0
0
0
0
0
0
0
0
0
0
0
0
0
0
0
0
0
0
0
0
0
0
0
0
0
0
0
0
0
0
0
0
0
0
0
-2.4353
0
0
0
0
0
0
0
0
0
0
0
0
0
0
0
0
0
0
0
0
0
0
0
0
0
0
0
0
0
0
0
0
0
0
0
0
0
2.4353
0
0
0
0
0
0
0
0
0
0
0
0
0
0
0
0
0
0
0
0
0
0
0
0
0
0
0
0
0
0
0
0
0
0
0
0
0
0
0
0
0
0
0
0
0
0
0
0
0
0
0
0
0
0
0
0
0
0
0
0
0
0
0
0
0
0
0
0
0
0
0
0
0
0
0
0
0
0
0
0
0
0
0
0
-2.227
0
0
0
0
0
0
0
0
0
0
0
0
0
0
0
0
0
0
0
0
0
0
0
0
0
0
0
0
0
0
2.227
0
0
0
0
0
0
0
0
0
0
0
0
0
0
0
0
0
0
0
0
0
0
0
0
0
0
0
0
0
0
0
0
0
0
0
0
0
0
0
0
0
0
0
0
0
0
0
0
-4.1849
0
0
0
0
0
0
0
0
0
0
0
0
0
0
0
0
0
0
0
0
0
0
0
0
0
0
0
0
0
0
0
0
0
0
0
0
0
0
0
0
0
0
0
0
0
0
0
0
0
0
0
0
0
0
0
0
0
0
0
0
0
0
0
0
0
0
4.1849
0
0
0
0
0
0
0
0
0
0
0
0
0
0
0
0
0
0
0
0
0
0
0
0
0
0
0
0
0
0
0
0
0
0
0
0
0
0
0
0
0
0
0
0
0
0
0
0
-4.0788
0
0
0
0
0
0
0
0
0
0
0
0
0
0
0
0
0
0
0
0
0
0
0
0
0
0
0
0
0
0
0
0
0
0
0
0
0
0
0
0
0
0
0
0
0
0
0
0
0
0
0
0
0
0
0
0
0
0
0
0
0
0
0
0
0
0
4.0788
0
0
0
0
0
0
0
0
0
0
0
0
0
0
0
0
0
0
0
0
0
0
0
0
0
0
0
0
0
0
0
0
0
0
0
0
0
0
0
0
0
0
0
0
0
0
0
0
0
0
0
0
0
0
0
0
0
0
0
0
0
0
0
0
0
0
0
0
0
0
0
0
0
0
0
0
0
0
0
0
0
0
0
0
0
0
0
0
-0.56052
0
0
0
0
0
0
0
0
0
0
0
0
0
0
0
0
0
0
0
0
0
0
0
0
0
0
0.56052
0
0
0
0
0
0
0
0
0
0
0
0
0
0
0
0
0
0
0
0
0
0
0
0
0
0
0
0
0
0
0
0
0
0
0
0
0
0
0
0
0
0
0
0
0
0
0
0
0
0
0
0
0
0
0
0
0
0
0
0
0
0
0
0
0
0
0
0
0
0
0
0
0
0
0
0
0
0
0
0
0
0
-1.5581
0
0
0
0
0
0
0
0
0
0
0
0
0
0
0
0
0
0
0
0
0
0
0
0
0
0
0
0
0
0
0
0
1.5581
0
0
0
0
0
0
0
0
0
0
0
0
0
0
0
0
0
0
0
0
0
0
0
0
0
0
0
0
0
0
0
0
0
0
0
0
0
0
0
0
0
0
0
0
0
0
0
0
0
0
0
0
0
0
0
0
0
0
0
0
0
0
0
0
0
0
0
0
0
0
0
0
0
0
0
0
0
0
0
0
0
0
0
0
0
0
0
0
0
0
0
0
0
0
0
0
-1.2601
0
0
0
0
0
0
0
0
0
0
0
0
0
0
0
0
0
0
1.2601
0
0
0
0
0
0
0
0
0
0
0
0
0
0
0
0
0
0
0
0
0
0
0
0
0
0
0
0
0
0
0
0
0
0
0
0
0
0
0
0
0
0
0
0
0
0
0
0
0
0
0
0
0
0
0
0
0
0
0
0
0
0
0
0
0
-2.9699
0
0
0
0
0
0
0
0
0
0
0
0
0
0
0
0
0
0
0
0
0
0
0
0
0
0
0
0
0
0
0
0
0
0
0
0
0
0
0
0
0
0
0
0
0
0
0
0
0
2.9699
0
0
0
0
0
0
0
0
0
0
0
0
0
0
0
0
0
0
0
0
0
0
0
0
0
0
0
0
0
0
0
0
0
0
0
0
0
0
0
0
0
0
0
0
0
0
0
0
0
0
0
0
0
0
0
0
0
0
0
0
0
0
0
0
0
0
0
0
0
0
0
0
0
0
0
0
0
0
0
0
0
0
0
0
0
0
0
0
0
0
-2.0417
0
0
0
0
0
0
0
0
0
0
0
0
0
0
0
0
0
0
0
0
0
0
0
0
2.0417
0
0
0
0
0
0
0
0
0
0
0
0
0
0
0
0
0
0
0
0
0
0
0
0
0
0
0
0
0
0
0
0
0
0
0
0
0
0
0
0
0
0
0
0
0
-4.065
0
0
0
0
0
0
0
0
0
0
0
0
0
0
0
0
0
0
0
0
0
0
0
0
0
0
0
0
0
0
0
0
0
0
0
0
0
0
0
0
0
0
0
0
0
0
0
0
0
0
0
0
0
0
0
0
0
0
0
0
0
0
0
0
0
0
0
0
0
4.065
0
0
0
0
0
0
0
0
0
0
0
0
0
0
0
0
0
0
0
0
0
0
0
0
0
0
0
0
0
0
0
0
0
0
0
0
0
0
0
0
0
0
0
0
0
0
0
0
0
0
0
0
0
0
0
0
0
0
0
0
0
0
0
0
0
0
0
0
0
0
0
0
0
0
0
0
0
0
0
0
0
0
0
0
0
0
0
0
0
0
0
-1.0828
0
0
0
0
0
0
0
0
0
0
0
0
0
0
0
0
0
0
0
0
0
0
0
1.0828
0
0
0
0
0
0
0
0
0
0
0
0
0
0
0
0
0
0
0
0
0
0
0
0
0
0
0
0
0
0
0
0
0
0
0
0
0
0
0
0
0
0
0
0
0
0
0
0
0
0
0
0
0
0
0
0
0
0
0
0
0
0
0
0
0
0
0
0
0
0
0
0
0
0
0
0
0
0
0
0
0
0
0
0
0
0
0
0
0
-0.25115
0
0
0
0
0
0
0
0
0
0
0
0
0
0
0
0
0
0
0
0
0
0
0
0
0
0.25115
0
0
0
0
0
0
0
0
0
0
0
0
0
0
0
0
0
0
0
0
0
0
0
0
0
0
0
0
0
0
0
0
0
0
0
0
0
0
0
0
0
0
0
0
0
0
0
0
0
-3.6749
0
0
0
0
0
0
0
0
0
0
0
0
0
0
0
0
0
0
0
0
0
0
0
0
0
0
0
0
0
0
0
0
0
0
0
0
0
0
0
0
0
0
0
0
0
0
0
0
0
0
0
0
0
0
0
0
0
0
0
0
0
0
0
0
0
3.6749
0
0
0
0
0
0
0
0
0
0
0
0
0
0
0
0
0
0
0
0
0
0
0
0
0
0
0
0
0
0
0
0
0
0
0
0
0
0
0
0
0
0
0
0
0
0
0
0
0
0
0
0
0
0
0
0
0
0
0
0
0
0
0
0
0
0
0
0
0
0
0
0
0
0
0
0
0
0
0
0
0
0
0
0
0
0
-2.4539
0
0
0
0
0
0
0
0
0
0
0
0
0
0
0
0
0
0
0
0
0
0
0
0
0
0
0
0
2.4539
0
0
0
0
0
0
0
0
0
0
0
0
0
0
0
0
0
0
0
0
0
0
0
0
-4.6332
0
0
0
0
0
0
0
0
0
0
0
0
0
0
0
0
0
0
0
0
0
0
0
0
0
0
0
0
0
0
0
0
0
0
0
0
0
0
0
0
0
0
0
0
0
0
0
0
0
0
0
0
0
0
0
0
0
0
0
0
0
0
0
0
0
0
0
0
0
0
0
0
0
0
0
0
0
0
0
0
0
0
0
0
0
0
0
0
0
0
4.6332
0
0
0
0
0
0
0
0
0
0
0
0
0
0
0
0
0
0
0
0
0
0
0
0
0
0
0
0
0
0
0
0
-4.2838
0
0
0
0
0
0
0
0
0
0
0
0
0
0
0
0
0
0
0
0
0
0
0
0
0
0
0
0
0
0
0
0
0
0
0
0
0
0
0
0
0
0
0
0
0
0
0
0
0
0
0
0
0
0
0
0
0
0
0
0
0
0
0
0
0
0
0
0
0
0
0
0
0
0
0
0
0
0
0
0
0
0
4.2838
0
0
0
0
0
0
0
0
0
0
0
0
0
0
0
0
0
0
0
0
0
0
0
0
0
0
0
0
0
0
0
0
0
0
0
0
0
0
0
0
0
0
0
0
0
0
0
0
0
0
0
0
0
0
0
0
0
0
0
0
0
0
0
0
0
0
0
0
0
0
0
0
0
0
0
0
0
0
0
0
0
0
0
-2.4538
0
0
0
0
0
0
0
0
0
0
0
0
0
0
0
0
0
0
0
0
0
0
0
0
0
0
0
0
0
0
0
2.4538
0
0
0
0
0
0
0
0
0
0
0
0
0
0
0
0
0
0
0
0
0
0
0
0
0
0
0
0
0
0
0
0
0
0
0
0
0
0
0
0
0
0
0
0
0
0
0
0
0
0
0
0
-3.1666
0
0
0
0
0
0
0
0
0
0
0
0
0
0
0
0
0
0
0
0
0
0
0
0
0
0
0
0
0
0
0
0
0
0
0
0
0
0
0
0
0
0
0
0
0
0
0
0
0
0
0
0
0
0
0
0
0
0
0
0
0
0
3.1666
0
0
0
0
0
0
0
0
0
0
0
0
0
0
0
0
0
0
0
0
0
0
0
0
0
0
0
0
0
0
0
0
0
0
0
0
0
0
0
0
0
0
0
0
0
0
0
0
0
0
0
0
0
0
0
0
0
0
0
0
0
0
0
0
0
0
0
0
0
0
-1.8971
0
0
0
0
0
0
0
0
0
0
0
0
0
0
0
0
0
0
0
0
0
0
0
0
0
0
0
0
0
0
0
0
0
0
0
0
0
0
0
0
0
0
0
0
1.8971
0
0
0
0
0
0
0
0
0
0
0
0
0
0
0
0
0
0
0
0
0
0
0
0
0
0
0
0
0
0
0
0
0
0
0
0
0
0
0
0
0
0
0
0
0
0
0
0
0
-4.3541
0
0
0
0
0
0
0
0
0
0
0
0
0
0
0
0
0
0
0
0
0
0
0
0
0
0
0
0
0
0
0
0
0
0
0
0
0
0
0
0
0
0
0
0
0
0
0
0
0
0
0
0
0
0
0
0
0
0
0
0
0
0
0
0
0
4.3541
0
0
0
0
0
0
0
0
0
0
0
0
0
0
-4.8305
0
0
0
0
0
0
0
0
0
0
0
0
0
0
0
0
0
0
0
0
0
0
0
0
0
0
0
0
0
0
0
0
0
0
0
0
0
0
0
0
0
0
0
0
0
0
0
0
0
0
0
0
0
0
0
0
0
0
0
0
0
0
0
0
0
0
0
0
0
0
0
0
0
0
0
0
0
0
0
0
0
0
0
0
0
0
0
0
0
0
0
0
0
0
0
0
0
0
0
0
4.8305
0
0
0
0
0
0
0
0
0
0
0
0
0
0
0
0
0
0
0
0
0
0
0
0
0
0
0
0
0
0
0
0
0
0
0
0
0
0
0
0
0
0
0
-3.5798
0
0
0
0
0
0
0
0
0
0
0
0
0
0
0
0
0
0
0
0
0
0
0
0
0
0
0
0
0
0
0
0
0
0
0
0
0
0
0
0
0
0
0
0
0
0
0
0
0
0
0
0
0
0
0
0
0
0
0
0
0
0
0
0
0
0
0
0
0
0
0
3.5798
0
0
0
0
0
0
0
0
0
0
0
0
0
0
0
0
0
0
0
0
0
0
0
0
0
0
0
0
0
0
0
0
0
0
0
0
0
0
0
0
0
0
0
0
0
0
0
0
0
0
0
0
0
0
0
0
0
0
0
0
0
0
0
0
-1.558
0
0
0
0
0
0
0
0
0
0
0
0
0
0
0
0
0
0
0
0
0
0
0
0
0
0
0
0
0
0
0
0
0
0
0
0
0
0
0
0
0
0
0
0
0
0
0
0
0
0
1.558
0
0
0
0
0
0
0
0
0
0
0
0
0
0
0
0
0
0
0
0
0
0
0
0
0
0
0
0
0
0
0
0
0
0
0
0
0
0
0
0
0
0
0
0
0
0
0
0
0
0
0
0
0
0
0
0
0
0
0
-2.035
0
0
0
0
0
0
0
0
0
0
0
0
0
0
0
0
0
0
0
0
0
0
0
0
0
0
0
0
0
0
0
0
0
0
0
0
0
0
0
0
0
0
0
0
0
0
0
0
0
0
0
0
0
0
0
2.035
0
0
0
0
0
0
0
0
0
0
0
0
0
0
0
0
0
0
0
0
0
0
0
0
-4.6559
0
0
0
0
0
0
0
0
0
0
0
0
0
0
0
0
0
0
0
0
0
0
0
0
0
0
0
0
0
0
0
0
0
0
0
0
0
0
0
0
0
0
0
0
0
0
0
0
0
0
0
0
0
0
0
0
0
0
0
0
0
0
0
0
0
0
0
0
0
0
0
0
0
0
0
0
0
0
0
0
0
0
0
0
0
0
0
0
0
0
4.6559
0
0
0
0
0
0
0
0
0
0
0
0
0
0
0
-4.6333
0
0
0
0
0
0
0
0
0
0
0
0
0
0
0
0
0
0
0
0
0
0
0
0
0
0
0
0
0
0
0
0
0
0
0
0
0
0
0
0
0
0
0
0
0
0
0
0
0
0
0
0
0
0
0
0
0
0
0
0
0
0
0
0
0
0
0
0
0
0
0
0
0
0
0
0
0
0
0
0
0
0
0
0
0
0
0
0
0
0
0
0
0
0
0
0
0
0
0
4.6333
0
0
0
0
0
0
0
0
0
0
0
0
0
0
0
0
0
0
0
0
0
0
-4.6559
0
0
0
0
0
0
0
0
0
0
0
0
0
0
0
0
0
0
0
0
0
0
0
0
0
0
0
0
0
0
0
0
0
0
0
0
0
0
0
0
0
0
0
0
0
0
0
0
0
0
0
0
0
0
0
0
0
0
0
0
0
0
0
0
0
0
0
0
0
0
0
0
0
0
0
0
0
0
0
0
0
0
0
0
0
0
0
0
0
0
0
0
4.6559
0
0
0
0
0
0
0
0
0
0
0
0
0
0
0
0
0
0
0
0
0
0
0
0
0
0
0
0
0
0
0
0
0
0
0
0
0
0
0
0
0
-4.3541
0
0
0
0
0
0
0
0
0
0
0
0
0
0
0
0
0
0
0
0
0
0
0
0
0
0
0
0
0
0
0
0
0
0
0
0
0
0
0
0
0
0
0
0
0
0
0
0
0
0
0
0
0
0
0
0
0
0
0
0
0
0
0
0
0
0
0
0
0
0
0
0
0
4.3541
0
0
0
0
0
0
0
0
0
0
0
0
0
0
0
0
0
0
0
0
0
0
0
0
0
0
0
0
0
0
0
0
0
0
0
0
0
0
0
0
0
0
-3.2155
0
0
0
0
0
0
0
0
0
0
0
0
0
0
0
0
0
0
0
0
0
0
0
0
0
0
0
0
0
0
0
0
0
0
0
0
0
0
0
0
0
0
0
0
0
0
0
0
0
0
0
0
0
0
0
0
0
0
0
0
0
0
0
0
0
0
0
0
0
0
0
0
3.2155
0
0
0
0
0
0
0
0
0
0
0
0
0
0
0
0
0
0
0
0
0
0
0
0
0
0
0
0
0
0
0
0
0
0
0
0
0
0
0
-4.3542
0
0
0
0
0
0
0
0
0
0
0
0
0
0
0
0
0
0
0
0
0
0
0
0
0
0
0
0
0
0
0
0
0
0
0
0
0
0
0
0
0
0
0
0
0
0
0
0
0
0
0
0
0
0
0
0
0
0
0
0
0
0
0
0
0
0
0
0
0
0
0
0
0
0
0
4.3542
0
0
0
0
0
0
0
0
0
0
0
0
0
0
0
0
0
0
0
0
0
0
0
0
0
0
0
0
0
0
0
0
0
0
0
0
0
0
0
0
0
0
0
0
0
0
0
0
0
0
0
0
0
0
0
-2.227
0
0
0
0
0
0
0
0
0
0
0
0
0
0
0
0
0
0
0
0
0
0
0
0
0
0
0
0
0
0
0
0
0
0
0
0
0
0
0
0
0
0
0
0
0
0
0
0
0
0
0
0
0
0
0
0
0
0
0
2.227
0
0
0
0
0
0
0
0
0
0
0
0
0
0
0
0
0
0
0
0
0
0
0
0
0
0
0
0
0
0
0
0
0
0
0
0
0
0
0
0
0
0
0
0
0
0
0
0
0
0
0
0
0
0
0
0
0
0
0
0
0
0
0
0
0
0
0
0
0
0
0
0
0
0
0
-1.9997
0
0
0
0
0
0
0
0
0
0
0
0
0
0
0
0
0
0
0
0
0
0
0
0
0
0
0
0
0
0
0
0
0
0
0
0
0
0
0
1.9997
0
0
0
0
0
0
0
0
0
0
0
0
0
0
0
0
0
0
0
0
0
0
0
0
0
0
0
-3.7715
0
0
0
0
0
0
0
0
0
0
0
0
0
0
0
0
0
0
0
0
0
0
0
0
0
0
0
0
0
0
0
0
0
0
0
0
0
0
0
0
0
0
0
0
0
0
0
0
0
0
0
0
0
0
0
0
0
0
0
0
0
0
0
0
0
0
0
0
0
0
0
0
0
0
0
0
0
0
0
0
0
0
0
0
0
0
0
3.7715
