3.8260650634765625
-21.443084716796875
-18.175750732421875
-18.14757537841797
-20.217845916748047
-19.853382110595703
-19.693279266357422
-19.768293380737305
-19.700681686401367
-19.895856857299805
-19.80120277404785
-19.609376907348633
-19.518531799316406
-19.386220932006836
-19.34798812866211
-19.312976837158203
-19.26361083984375
-19.03518295288086
-18.796669006347656
-18.79469871520996
-18.697856903076172
-18.542150497436523
-18.57669448852539
-18.724903106689453
-18.71087646484375
-18.61639404296875
-18.572288513183594
-18.728445053100586
-18.69179916381836
-18.403614044189453
-18.349639892578125
-18.195411682128906
-18.062137603759766
-17.982181549072266
-17.858478546142578
-17.6651611328125
-17.515972137451172
-17.5522518157959
-17.450876235961914
-17.440689086914062
-17.454776763916016
-17.502906799316406
-17.425518035888672
-17.358617782592773
-17.351816177368164
-17.289216995239258
-17.22696304321289
-17.157310485839844
-17.09095573425293
-17.024944305419922
-16.89389991760254
-16.779064178466797
-16.658559799194336
-16.504087448120117
-16.363645553588867
-16.314903259277344
-16.354534149169922
-16.323633193969727
-16.32408905029297
-16.330181121826172
-16.30689239501953
-16.33280372619629
-16.323938369750977
-16.235883712768555
-16.192785263061523
-16.152023315429688
-16.12173080444336
-16.079748153686523
-16.061847686767578
-16.050046920776367
-16.00385093688965
-15.990726470947266
-15.952701568603516
-19.434249877929688
