1.100257158279419
1.4020127058029175
1.4990041255950928
1.5596709251403809
1.6273573637008667
1.5993144512176514
1.606276512145996
1.6603074073791504
1.6490849256515503
1.6372003555297852
1.6398675441741943
1.6804108619689941
1.6542212963104248
1.6872758865356445
1.7313226461410522
1.7340757846832275
1.7069740295410156
1.739633321762085
1.7727954387664795
1.8038301467895508
1.7863543033599854
1.8128997087478638
1.793931007385254
1.768989086151123
1.7847065925598145
1.8928377628326416
1.969170093536377
1.7625675201416016
1.8778282403945923
2.0251314640045166
1.8312132358551025
1.8083738088607788
1.8739471435546875
1.9251078367233276
1.9442217350006104
2.0386953353881836
2.224574327468872
2.262794017791748
2.354437828063965
2.149266242980957
2.278563976287842
2.196723461151123
2.399789333343506
2.3091907501220703
2.1770262718200684
2.0563573837280273
2.1016883850097656
1.7894375324249268
2.0077064037323
2.0556201934814453
1.4309337139129639
1.3657560348510742
1.2292559146881104
0.7912397384643555
0.26018285751342773
-1.7281913757324219
-4.464033603668213
-7.835007667541504
-9.65128231048584
-11.743806838989258
-13.14157485961914
-13.65681266784668
-13.732488632202148
-13.646390914916992
-13.421982765197754
-13.601104736328125
-13.543327331542969
-13.644469261169434
-13.702960968017578
-13.680238723754883
-13.584903717041016
-13.570509910583496
-13.532233238220215
1.5979053974151611
