0.9487178921699524
1.0354070663452148
0.886142373085022
0.8274461030960083
0.7856388688087463
0.8476320505142212
0.8770601153373718
0.9302440285682678
0.8851835131645203
0.8416761755943298
0.8381096720695496
0.8974161744117737
0.8684266209602356
0.8878840804100037
0.923104465007782
0.9180706739425659
0.8501781821250916
0.9716547131538391
0.9519473314285278
0.9757709503173828
0.931903600692749
0.904373049736023
0.8914815187454224
0.8634840250015259
0.8669102191925049
0.9691569805145264
1.040114164352417
0.8899325132369995
0.8465473055839539
0.9123108983039856
0.7552701830863953
0.7990075349807739
0.9524149894714355
1.2276456356048584
1.068259596824646
1.1920232772827148
1.3408262729644775
1.5393092632293701
1.646470069885254
1.4292221069335938
1.9838893413543701
2.5413331985473633
1.9818363189697266
-1.7640867233276367
-5.715883731842041
-11.909344673156738
-13.447799682617188
-13.421293258666992
-12.96380615234375
-12.510074615478516
-12.574165344238281
-12.187812805175781
-11.867141723632812
-11.657387733459473
-11.660998344421387
-11.735822677612305
-11.671483993530273
-11.739055633544922
-11.760601043701172
-11.576663970947266
-11.501140594482422
-11.427003860473633
-11.378497123718262
-11.3450927734375
-11.314940452575684
-11.342240333557129
-11.305522918701172
-11.287287712097168
-11.286825180053711
-11.283642768859863
-11.274267196655273
-11.273716926574707
-11.269842147827148
0.8782271146774292
