1.3892521858215332
-2.918490409851074
-2.8854830265045166
-3.627102851867676
-6.532530784606934
-6.711911678314209
-6.570045471191406
-6.524816513061523
-6.4812188148498535
-6.5189127922058105
-6.276111602783203
-6.028765678405762
-6.028209686279297
-6.131172180175781
-6.153402805328369
-6.03181791305542
-6.020284652709961
-5.369934558868408
-4.92181921005249
-4.866559982299805
-5.3275909423828125
-7.344029426574707
-10.459343910217285
-11.74039077758789
-12.62093734741211
-12.906949996948242
-12.976163864135742
-12.872312545776367
-12.478789329528809
-12.273536682128906
-12.315723419189453
-12.424821853637695
-12.639627456665039
-12.632620811462402
-12.372407913208008
-12.253849029541016
-12.388825416564941
-12.268967628479004
-11.985894203186035
-12.083221435546875
-12.117341995239258
-12.107114791870117
-12.050464630126953
-12.050386428833008
-12.017068862915039
-12.012112617492676
-11.877848625183105
-11.649410247802734
-11.419390678405762
-11.24843978881836
-11.123008728027344
-10.999584197998047
-10.894775390625
-10.816316604614258
-10.751798629760742
-10.717988967895508
-10.742814064025879
-10.679607391357422
-10.691831588745117
-10.730618476867676
-10.677885055541992
-10.662507057189941
-10.65941333770752
-10.631080627441406
-10.647110939025879
-10.648634910583496
-10.656676292419434
-10.644461631774902
-10.646696090698242
-10.643835067749023
-10.637595176696777
-10.637039184570312
-10.6347017288208
-3.803581714630127
