3.8300859928131104
-21.470603942871094
-18.196208953857422
-18.164995193481445
-20.2348690032959
-19.871990203857422
-19.71200180053711
-19.786643981933594
-19.718835830688477
-19.91360092163086
-19.818334579467773
-19.626007080078125
-19.53508949279785
-19.402498245239258
-19.36412811279297
-19.329029083251953
-19.279556274414062
-19.05104637145996
-18.81214141845703
-18.81002426147461
-18.713024139404297
-18.55682373046875
-18.590988159179688
-18.739112854003906
-18.724872589111328
-18.630020141601562
-18.585453033447266
-18.741729736328125
-18.704944610595703
-18.416717529296875
-18.362730026245117
-18.20840072631836
-18.07513999938965
-17.995319366455078
-17.871883392333984
-17.678661346435547
-17.529342651367188
-17.565465927124023
-17.46351432800293
-17.4526309967041
-17.466373443603516
-17.514530181884766
-17.437063217163086
-17.369958877563477
-17.363048553466797
-17.300439834594727
-17.238128662109375
-17.168441772460938
-17.10211944580078
-17.036113739013672
-16.904911041259766
-16.78998374938965
-16.669452667236328
-16.514881134033203
-16.374359130859375
-16.3255558013916
-16.365114212036133
-16.334203720092773
-16.33462905883789
-16.34023666381836
-16.316814422607422
-16.342988967895508
-16.334293365478516
-16.246641159057617
-16.203632354736328
-16.16281509399414
-16.132417678833008
-16.090290069580078
-16.072345733642578
-16.060523986816406
-16.01422119140625
-16.00107765197754
-15.96297836303711
-19.452547073364258
