3.828629970550537
-21.46063995361328
-18.188800811767578
-18.15869140625
-20.22870445251465
-19.865249633789062
-19.705219268798828
-19.779996871948242
-19.712257385253906
-19.90717315673828
-19.812129974365234
-19.619983673095703
-19.529090881347656
-19.396602630615234
-19.358280181884766
-19.323213577270508
-19.273780822753906
-19.04530143737793
-18.806535720825195
-18.804471969604492
-18.707529067993164
-18.551509857177734
-18.58580780029297
-18.733966827392578
-18.719802856445312
-18.625083923339844
-18.580684661865234
-18.73691749572754
-18.70018196105957
-18.411972045898438
-18.357986450195312
-18.203697204589844
-18.07042694091797
-17.990558624267578
-17.867027282714844
-17.673770904541016
-17.524497985839844
-17.56067657470703
-17.458934783935547
-17.44830322265625
-17.462169647216797
-17.510318756103516
-17.432878494262695
-17.3658504486084
-17.358978271484375
-17.296375274658203
-17.23408317565918
-17.16440773010254
-17.098073959350586
-17.032068252563477
-16.900922775268555
-16.786027908325195
-16.665504455566406
-16.510971069335938
-16.37047576904297
-16.321697235107422
-16.36128044128418
-16.33037567138672
-16.330812454223633
-16.33659553527832
-16.313220977783203
-16.339298248291016
-16.330541610717773
-16.24274253845215
-16.199703216552734
-16.158905029296875
-16.12854766845703
-16.086469650268555
-16.068540573120117
-16.05672836303711
-16.01046371459961
-15.997326850891113
-15.95925521850586
-19.445919036865234
