3.23512601852417
-17.285985946655273
-15.842277526855469
-15.90117359161377
-17.512100219726562
-17.221267700195312
-17.115489959716797
-17.24593162536621
-17.17105484008789
-17.362323760986328
-17.263816833496094
-17.078231811523438
-16.974693298339844
-16.86956787109375
-16.838191986083984
-16.82882308959961
-16.81396484375
-16.62394142150879
-16.460145950317383
-16.479616165161133
-16.421188354492188
-16.333106994628906
-16.39940643310547
-16.519968032836914
-16.510414123535156
-16.426109313964844
-16.337011337280273
-16.455768585205078
-16.463823318481445
-16.227359771728516
-16.191131591796875
-16.06898307800293
-15.913926124572754
-15.80370807647705
-15.706390380859375
-15.53170394897461
-15.397623062133789
-15.442688941955566
-15.401382446289062
-15.397503852844238
-15.408537864685059
-15.453153610229492
-15.406320571899414
-15.360740661621094
-15.356380462646484
-15.28825569152832
-15.239603042602539
-15.19974136352539
-15.152971267700195
-15.095773696899414
-14.9722318649292
-14.876690864562988
-14.777563095092773
-14.646349906921387
-14.530832290649414
-14.487687110900879
-14.524249076843262
-14.511698722839355
-14.520312309265137
-14.515716552734375
-14.501639366149902
-14.542896270751953
-14.547418594360352
-14.517022132873535
-14.496702194213867
-14.4688720703125
-14.444197654724121
-14.411275863647461
-14.396848678588867
-14.387786865234375
-14.353322982788086
-14.34398365020752
-14.315437316894531
-17.003604888916016
