0.9335399866104126
0.9325799942016602
0.9325799942016602
0.9325100183486938
0.9327899813652039
0.9327700138092041
0.9321699738502502
0.9315099716186523
0.9312400221824646
0.9321500062942505
0.9326900243759155
0.935479998588562
0.9353299736976624
0.9305099844932556
0.9355700016021729
0.9386600255966187
0.9385799765586853
0.9309800267219543
0.9309700131416321
0.9309599995613098
0.9357100129127502
0.9343500137329102
0.9381300210952759
0.9312000274658203
0.9312300086021423
0.9312099814414978
0.9292899966239929
0.9333099722862244
0.9333299994468689
0.9333199858665466
0.9333299994468689
0.9294400215148926
3.0975000858306885
4.765699863433838
-10.0
-10.0
-10.0
-10.0
-10.0
-10.0
-10.0
-10.0
-10.0
-10.0
-10.0
-10.0
-10.0
-10.0
-10.0
-10.0
-10.0
-10.0
-10.0
-10.0
-10.0
-10.0
-10.0
-10.0
-10.0
-10.0
-10.0
-10.0
-10.0
-10.0
-10.0
-10.0
-10.0
-10.0
-10.0
-10.0
-10.0
-10.0
-10.0
0.9271699786186218
