0.9383500218391418
0.9372599720954895
0.9383599758148193
0.9369300007820129
0.9383000135421753
0.9399899840354919
0.9399899840354919
0.9385300278663635
0.9395400285720825
0.9367499947547913
0.936739981174469
0.9367300271987915
0.937529981136322
0.9372699856758118
0.9331499934196472
0.9343400001525879
0.9332299828529358
0.9331600069999695
0.9331600069999695
0.9331600069999695
0.9382299780845642
0.9354699850082397
0.9386600255966187
0.9386600255966187
0.9371100068092346
0.9374899864196777
0.9375
0.9353200197219849
0.9353200197219849
0.9380199909210205
0.9357399940490723
0.9384700059890747
0.9398199915885925
0.9377800226211548
0.9406499862670898
0.9369199872016907
0.9370899796485901
0.9365299940109253
0.9371399879455566
0.9412400126457214
0.9357100129127502
0.9458900094032288
0.934249997138977
0.934249997138977
0.934249997138977
0.934249997138977
0.9342600107192993
0.934249997138977
0.9353700280189514
0.9282699823379517
0.8835099935531616
1.018399953842163
0.7968599796295166
0.9017900228500366
0.7724400162696838
1.4551000595092773
4.079100131988525
-10.0
-10.0
-10.0
-10.0
-10.0
-10.0
-10.0
-10.0
-10.0
-10.0
-10.0
-10.0
-10.0
-10.0
-10.0
-10.0
0.9384199976921082
