49.8507
-0.91197
-0.91106
-0.91139
-0.90662
-0.90795
-0.91428
-0.90895
-0.905
-0.91357
-0.90731
-0.91189
-0.90606
-0.90626
-0.90769
-0.90769
-0.90767
-0.90746
-0.91404
-0.91083
-0.90565
-0.91131
-0.90916
-0.90807
-0.90709
-0.90619
-0.90791
-0.91354
-0.91066
-0.91075
-0.91195
-0.9079
-0.90444
-0.90603
-0.90785
-0.90477
-0.91563
-0.91127
-0.91717
-0.91451
-0.90497
-0.90498
-0.90041
-0.90579
-0.91131
-0.94385
-0.98236
0
0
-1.2054
0
0
0
0
0
-1.3177
0
-1.329
0
0
-1.4378
0
0
0
0
0
0
0
0
0
0
0
0
0
0
0
0
-2.6376
0
0
0
0
0
0
0
0
0
0
0
0
0
0
0
0
0
0
0
0
0
0
0
0
0
0
-0.91197
50.051
-0.91354
-0.91403
-0.90904
-0.91023
-0.91649
-0.91128
-0.90729
-0.91642
-0.90994
-0.91452
-0.90826
-0.90855
-0.90986
-0.90986
-0.90985
-0.90962
-0.91632
-0.91338
-0.90798
-0.91335
-0.91135
-0.91026
-0.90928
-0.90878
-0.91046
-0.91617
-0.91302
-0.91247
-0.9144
-0.91007
-0.90681
-0.90817
-0.91027
-0.90687
-0.91776
-0.91336
-0.91948
-0.91659
-0.90704
-0.90704
-0.90246
-0.90908
-0.91335
-0.95136
-0.9841
-1.1693
0
0
0
0
0
0
0
0
-1.0591
-1.3346
0
0
0
0
0
0
0
0
0
0
0
0
0
0
0
0
0
0
0
0
0
0
0
0
0
0
0
0
0
0
0
0
0
0
0
0
0
0
0
-4.4563
0
0
0
0
0
0
-0.91106
-0.91354
44.71
-0.91351
-0.90847
-0.90972
-0.91603
-0.911
-0.90665
-0.91585
-0.90968
-0.91392
-0.90776
-0.90815
-0.90941
-0.9094
-0.90938
-0.90924
-0.91728
-0.9129
-0.9073
-0.91333
-0.91094
-0.90984
-0.90886
-0.90843
-0.90968
-0.91622
-0.91261
-0.91257
-0.91374
-0.90962
-0.90642
-0.90775
-0.90988
-0.9064
-0.91733
-0.91291
-0.91929
-0.91617
-0.9066
-0.90659
-0.90199
-0.90988
-0.91286
-0.95014
-0.98346
0
0
0
0
0
0
0
-1.3678
0
0
-1.3284
0
0
0
0
0
0
0
0
0
0
0
0
0
0
0
0
0
0
0
0
0
0
0
0
0
0
0
0
0
0
0
0
0
0
0
0
0
0
0
0
0
0
0
0
0
0
-0.91139
-0.91403
-0.91351
44.815
-0.90921
-0.91029
-0.91667
-0.91154
-0.90719
-0.91637
-0.91028
-0.9145
-0.90833
-0.9088
-0.91
-0.91001
-0.90999
-0.90985
-0.91792
-0.91355
-0.90811
-0.914
-0.91154
-0.91043
-0.90946
-0.90919
-0.9105
-0.9163
-0.91326
-0.91318
-0.91426
-0.91021
-0.90706
-0.90835
-0.9105
-0.907
-0.91791
-0.9135
-0.92001
-0.91674
-0.90716
-0.90715
-0.90256
-0.90909
-0.91342
-0.94938
-0.98405
0
0
0
0
0
0
0
0
0
0
-1.3291
0
-1.4482
0
0
0
0
0
0
0
0
0
0
0
0
0
0
0
0
0
0
0
0
0
0
0
0
0
0
0
0
0
0
0
0
0
0
0
0
0
0
0
0
0
0
0
0
-0.90662
-0.90904
-0.90847
-0.90921
42.3192
-0.90491
-0.91099
-0.90585
-0.90181
-0.91054
-0.9045
-0.90852
-0.90279
-0.90292
-0.90443
-0.90444
-0.90439
-0.90419
-0.9117
-0.90745
-0.90222
-0.90814
-0.90592
-0.90481
-0.90383
-0.90324
-0.90455
-0.91089
-0.90745
-0.9075
-0.90869
-0.90503
-0.9013
-0.90272
-0.90477
-0.90165
-0.91227
-0.9079
-0.9139
-0.91114
-0.90162
-0.90162
-0.89704
-0.90449
-0.90787
-0.94468
0
0
0
0
0
0
0
-1.0275
0
0
0
0
0
0
0
0
0
0
0
-0.48364
0
0
0
0
0
0
0
0
0
0
0
0
0
0
0
0
0
0
0
0
0
0
0
0
0
0
0
0
0
0
0
0
0
0
0
0
0
0
-0.90795
-0.91023
-0.90972
-0.91029
-0.90491
43.0212
-0.91228
-0.90726
-0.9029
-0.91197
-0.90551
-0.90991
-0.90407
-0.90435
-0.90575
-0.90574
-0.90573
-0.90562
-0.91349
-0.90899
-0.90376
-0.90948
-0.90726
-0.90616
-0.90519
-0.905
-0.90616
-0.9124
-0.90895
-0.90885
-0.90999
-0.90595
-0.90275
-0.90406
-0.90627
-0.90267
-0.91358
-0.90919
-0.91476
-0.91241
-0.90287
-0.90287
-0.89829
-0.90553
-0.90912
-0.94642
-0.97913
0
0
0
-1.1755
0
0
0
0
0
0
0
0
0
0
0
0
0
0
0
0
0
0
0
0
0
0
0
0
0
0
0
0
0
0
0
0
0
0
0
0
0
0
0
0
0
0
0
0
0
0
0
0
0
0
0
0
0
-0.91428
-0.91649
-0.91603
-0.91667
-0.91099
-0.91228
51.1681
-0.91265
-0.90924
-0.91762
-0.91156
-0.91545
-0.90985
-0.90988
-0.91149
-0.91149
-0.91148
-0.91129
-0.91707
-0.91433
-0.90952
-0.91441
-0.91297
-0.91185
-0.91087
-0.9105
-0.91211
-0.91778
-0.91474
-0.91462
-0.91545
-0.91143
-0.90852
-0.90978
-0.91195
-0.90889
-0.91947
-0.9151
-0.92068
-0.91836
-0.9088
-0.90879
-0.90421
-0.91018
-0.9152
0
0
0
0
0
0
0
0
0
0
0
0
0
0
0
0
0
0
0
0
0
0
0
0
0
0
-2.0473
0
0
0
0
0
0
0
0
0
0
0
0
0
-4.4772
0
0
0
0
0
0
0
0
0
0
0
0
0
0
0
0
-4.4772
0
-0.90895
-0.91128
-0.911
-0.91154
-0.90585
-0.90726
-0.91265
43.5659
-0.90408
-0.91268
-0.90662
-0.91071
-0.90478
-0.90493
-0.90645
-0.90645
-0.90641
-0.90631
-0.91434
-0.90965
-0.90443
-0.90995
-0.90794
-0.90682
-0.90586
-0.9055
-0.90698
-0.91333
-0.90956
-0.9096
-0.90882
-0.90625
-0.90336
-0.90481
-0.90689
-0.90376
-0.91436
-0.90999
-0.91618
-0.91323
-0.90367
-0.90368
-0.89909
-0.90583
-0.90995
0
0
0
0
0
0
0
0
0
0
0
0
0
0
0
0
0
0
0
-1.84
0
0
-1.7742
0
0
0
0
0
0
0
0
0
0
0
0
0
0
0
0
0
0
0
0
0
0
0
0
0
0
0
0
0
0
0
0
0
0
0
0
-0.905
-0.90729
-0.90665
-0.90719
-0.90181
-0.9029
-0.90924
-0.90408
41.7087
-0.90888
-0.90271
-0.90678
-0.90111
-0.90124
-0.90275
-0.90275
-0.90268
-0.90249
-0.9101
-0.9059
-0.90071
-0.90621
-0.9042
-0.9031
-0.90213
-0.90189
-0.90312
-0.90929
-0.9059
-0.90577
-0.90687
-0.90287
-0.89974
-0.901
-0.90322
-0.89964
-0.91048
-0.9061
-0.91245
-0.90932
-0.8998
-0.8998
-0.89523
-0.90271
-0.90602
-0.94327
-0.97633
0
0
0
0
0
0
0
0
0
0
0
0
0
0
0
0
0
0
0
0
0
0
0
0
0
0
0
0
0
0
0
0
0
0
0
0
0
0
0
0
0
0
0
0
0
0
0
0
0
0
0
0
0
0
0
0
0
-0.91357
-0.91642
-0.91585
-0.91637
-0.91054
-0.91197
-0.91762
-0.91268
-0.90888
45.8424
-0.9112
-0.91581
-0.90951
-0.90976
-0.91119
-0.91118
-0.91114
-0.91095
-0.91803
-0.91455
-0.90922
-0.91492
-0.91268
-0.91157
-0.91058
-0.91014
-0.91176
-0.9179
-0.91391
-0.91426
-0.91557
-0.91135
-0.90809
-0.90947
-0.91153
-0.90852
-0.91908
-0.91468
-0.92068
-0.91793
-0.90832
-0.90832
-0.90372
-0.91001
-0.91464
0
0
0
0
0
0
0
0
0
0
0
0
0
0
0
0
0
-1.2969
0
0
0
0
0
0
0
0
0
0
0
0
0
0
0
0
0
0
0
0
0
0
0
0
0
0
0
0
-4.3894
0
0
0
0
0
0
0
0
0
0
0
0
-0.90731
-0.90994
-0.90968
-0.91028
-0.9045
-0.90551
-0.91156
-0.90662
-0.90271
-0.9112
42.7836
-0.90921
-0.90347
-0.90348
-0.90514
-0.90515
-0.90511
-0.905
-0.91281
-0.9081
-0.90308
-0.90867
-0.90663
-0.90552
-0.90455
-0.90429
-0.90559
-0.91188
-0.90815
-0.90817
-0.90931
-0.90533
-0.90191
-0.90343
-0.90543
-0.90234
-0.91297
-0.90858
-0.91376
-0.91184
-0.90229
-0.90229
-0.8977
0
-0.90852
0
0
0
0
0
-1.1743
0
0
0
0
0
0
0
0
0
0
0
0
0
0
0
0
0
0
0
0
0
-2.6203
0
0
0
0
0
0
0
0
0
0
0
0
0
0
0
0
0
0
0
0
0
0
0
0
0
0
0
0
0
0
0
-0.91189
-0.91452
-0.91392
-0.9145
-0.90852
-0.90991
-0.91545
-0.91071
-0.90678
-0.91581
-0.90921
43.4798
-0.90737
-0.90759
-0.90906
-0.90906
-0.90902
-0.90884
-0.91619
-0.91236
-0.90708
-0.91271
-0.91054
-0.90944
-0.90844
-0.90817
-0.90963
-0.9156
-0.91226
-0.9121
-0.91349
-0.90925
-0.90609
-0.90731
-0.90955
-0.90633
-0.9169
-0.91249
-0.91868
-0.91578
-0.90618
-0.90618
-0.90156
0
-0.91243
0
0
0
0
0
0
0
0
0
0
0
0
0
0
0
0
0
0
0
0
0
0
0
0
0
0
0
0
0
0
0
0
0
0
0
0
0
0
0
0
0
0
0
0
0
-4.321
0
0
0
0
0
0
0
0
0
0
0
0
0
-0.90606
-0.90826
-0.90776
-0.90833
-0.90279
-0.90407
-0.90985
-0.90478
-0.90111
-0.90951
-0.90347
-0.90737
39.8268
-0.90229
-0.90374
-0.90374
-0.90356
-0.90339
-0.9103
-0.90678
-0.90159
-0.90715
-0.90508
-0.90396
-0.90298
-0.90273
-0.90407
-0.91024
-0.90675
-0.90662
-0.90771
-0.90373
-0.90059
-0.90185
-0.9041
-0.90077
-0.91135
-0.90696
-0.91331
-0.9102
-0.90064
-0.90065
-0.89606
-0.90372
-0.90685
0
0
0
0
0
0
0
0
0
0
0
0
0
0
0
0
0
0
0
0
0
0
0
0
0
0
0
0
0
0
0
0
0
0
0
0
0
0
0
0
0
0
0
0
0
0
0
0
0
0
0
0
0
0
0
0
0
0
0
-0.90626
-0.90855
-0.90815
-0.9088
-0.90292
-0.90435
-0.90988
-0.90493
-0.90124
-0.90976
-0.90348
-0.90759
-0.90229
40.6957
-0.90388
-0.90387
-0.90381
-0.90358
-0.90999
-0.90666
-0.9018
-0.90697
-0.90531
-0.90419
-0.9032
-0.90275
-0.90428
-0.91027
-0.9069
-0.90683
-0.90793
-0.90391
-0.90073
-0.90209
-0.90427
-0.90108
-0.91169
-0.9073
-0.90999
-0.91058
-0.90103
-0.90103
-0.89644
0
0
0
0
0
0
0
0
0
0
0
0
0
0
0
0
0
0
0
0
0
0
0
-0.74941
0
0
0
0
0
0
0
0
-1.9257
0
0
0
0
0
0
0
0
0
0
0
0
0
0
0
0
0
0
0
0
0
0
0
0
0
0
0
0
-0.90769
-0.90986
-0.90941
-0.91
-0.90443
-0.90575
-0.91149
-0.90645
-0.90275
-0.91119
-0.90514
-0.90906
-0.90374
-0.90388
38.0833
-0.90462
-0.90499
-0.90492
-0.91178
-0.9089
-0.90309
-0.90962
-0.90666
-0.90555
-0.90457
-0.90435
-0.90564
-0.91189
-0.90837
-0.90821
-0.90933
-0.90535
-0.90221
-0.90344
-0.90576
-0.90239
-0.91299
-0.9086
-0.915
-0.91189
-0.9023
-0.9023
-0.89767
0
0
0
0
0
0
0
0
0
0
0
0
0
0
0
0
0
0
0
0
0
0
0
0
0
0
0
0
0
0
0
0
0
0
0
0
0
0
0
0
0
0
0
0
0
0
0
0
0
0
0
0
0
0
0
0
0
0
0
0
0
-0.90769
-0.90986
-0.9094
-0.91001
-0.90444
-0.90574
-0.91149
-0.90645
-0.90275
-0.91118
-0.90515
-0.90906
-0.90374
-0.90387
-0.90462
38.0832
-0.90499
-0.90492
-0.91178
-0.90889
-0.90309
-0.90962
-0.90666
-0.90555
-0.90457
-0.90435
-0.90564
-0.91189
-0.90837
-0.90822
-0.90933
-0.90535
-0.90221
-0.90343
-0.90576
-0.90239
-0.91298
-0.9086
-0.915
-0.9119
-0.9023
-0.9023
-0.89766
0
0
0
0
0
0
0
0
0
0
0
0
0
0
0
0
0
0
0
0
0
0
0
0
0
0
0
0
0
0
0
0
0
0
0
0
0
0
0
0
0
0
0
0
0
0
0
0
0
0
0
0
0
0
0
0
0
0
0
0
0
-0.90767
-0.90985
-0.90938
-0.90999
-0.90439
-0.90573
-0.91148
-0.90641
-0.90268
-0.91114
-0.90511
-0.90902
-0.90356
-0.90381
-0.90499
-0.90499
36.2702
-0.90508
-0.91194
-0.90839
-0.90319
-0.90881
-0.90673
-0.90559
-0.9046
-0.90439
-0.90568
-0.9119
-0.90841
-0.90823
-0.90935
-0.9054
-0.90226
-0.90347
-0.90572
-0.90239
-0.91313
-0.90868
0
-0.91195
-0.90237
-0.90237
0
0
0
0
0
0
0
0
0
0
0
0
0
0
0
0
0
0
0
0
0
0
0
0
0
0
0
0
0
0
0
0
0
0
0
0
0
0
0
0
0
0
0
0
0
0
0
0
0
0
0
0
0
0
0
0
0
0
0
0
0
0
-0.90746
-0.90962
-0.90924
-0.90985
-0.90419
-0.90562
-0.91129
-0.90631
-0.90249
-0.91095
-0.905
-0.90884
-0.90339
-0.90358
-0.90492
-0.90492
-0.90508
35.6455
-0.91133
-0.90816
-0.90288
-0.90808
-0.90654
-0.90539
-0.90438
-0.90417
-0.90541
-0.91152
-0.90811
-0.90797
-0.90913
-0.90514
-0.90195
-0.90324
-0.90544
-0.90213
-0.91304
-0.90858
0
-0.91196
0
0
0
0
0
0
0
0
0
0
0
-1.1882
0
0
0
0
0
0
0
0
0
0
0
0
0
0
0
0
0
0
0
0
0
0
0
0
0
0
0
0
0
0
0
0
0
0
0
0
0
0
0
0
0
0
0
0
0
0
0
0
0
0
0
0
-0.91404
-0.91632
-0.91728
-0.91792
-0.9117
-0.91349
-0.91707
-0.91434
-0.9101
-0.91803
-0.91281
-0.91619
-0.9103
-0.90999
-0.91178
-0.91178
-0.91194
-0.91133
43.3473
-0.9143
-0.90989
-0.91392
-0.91309
-0.91195
-0.91096
-0.91058
-0.91202
-0.91745
-0.91479
-0.91461
-0.91621
-0.91187
-0.9086
-0.90984
-0.91193
-0.90895
0
0
0
0
0
0
0
0
0
0
0
0
0
0
0
-1.1922
0
0
0
0
0
0
0
0
0
0
0
0
0
0
0
0
0
0
0
0
0
0
0
0
-1.631
0
0
0
0
0
0
0
0
0
0
0
0
-4.2833
0
0
0
0
0
0
0
0
0
0
0
-4.2833
0
0
-0.91083
-0.91338
-0.9129
-0.91355
-0.90745
-0.90899
-0.91433
-0.90965
-0.9059
-0.91455
-0.9081
-0.91236
-0.90678
-0.90666
-0.9089
-0.90889
-0.90839
-0.90816
-0.9143
38.0441
-0.90614
-0.91203
-0.90968
-0.90853
-0.90752
-0.90692
-0.90854
-0.91438
-0.91117
-0.91109
-0.91242
-0.90827
-0.90472
-0.9064
-0.9084
-0.90549
-0.91631
0
0
0
0
0
0
0
0
0
0
0
0
0
0
0
0
0
0
0
0
0
0
0
0
0
0
-1.1597
0
0
0
0
0
0
0
0
0
0
0
0
0
0
0
0
0
0
0
0
-4.1324
0
0
0
0
0
0
0
0
0
0
0
0
0
0
0
0
0
0
0
-0.90565
-0.90798
-0.9073
-0.90811
-0.90222
-0.90376
-0.90952
-0.90443
-0.90071
-0.90922
-0.90308
-0.90708
-0.90159
-0.9018
-0.90309
-0.90309
-0.90319
-0.90288
-0.90989
-0.90614
34.501
-0.90647
-0.90465
-0.90344
-0.9024
-0.90189
-0.90309
-0.9094
-0.90604
-0.90597
-0.90703
-0.90311
-0.89991
-0.9012
-0.90338
-0.90014
-0.91099
-0.90649
0
0
0
0
0
0
0
0
0
0
0
0
0
0
0
-1.0246
0
0
0
0
0
0
0
0
0
0
0
0
0
0
0
0
0
0
0
0
0
0
0
0
0
0
0
0
0
0
0
0
0
0
0
0
0
0
0
0
0
0
0
0
0
0
0
0
0
0
-0.91131
-0.91335
-0.91333
-0.914
-0.90814
-0.90948
-0.91441
-0.90995
-0.90621
-0.91492
-0.90867
-0.91271
-0.90715
-0.90697
-0.90962
-0.90962
-0.90881
-0.90808
-0.91392
-0.91203
-0.90647
37.7143
-0.90969
-0.90869
-0.9077
-0.90716
-0.90875
-0.91379
-0.91134
-0.91063
-0.91238
-0.90805
-0.90521
-0.90661
0
0
0
0
0
0
0
0
0
0
0
0
0
-1.1625
0
0
0
-1.1884
-1.1802
0
0
0
0
0
0
0
0
0
0
0
0
0
0
0
0
0
0
0
0
0
0
0
0
0
0
0
0
0
0
0
0
0
0
0
-4.154
0
0
0
0
0
0
0
0
0
0
0
0
0
0
0
-0.90916
-0.91135
-0.91094
-0.91154
-0.90592
-0.90726
-0.91297
-0.90794
-0.9042
-0.91268
-0.90663
-0.91054
-0.90508
-0.90531
-0.90666
-0.90666
-0.90673
-0.90654
-0.91309
-0.90968
-0.90465
-0.90969
31.7831
-0.90688
-0.90589
-0.90585
-0.90741
-0.91397
-0.91001
-0.90982
-0.911
-0.90705
-0.90386
-0.90504
-0.90724
-0.90387
0
0
0
0
0
0
0
0
0
0
0
0
0
0
0
0
0
0
0
0
0
0
0
0
0
0
0
0
0
0
0
0
0
0
0
0
0
0
0
0
0
0
0
0
0
0
0
0
0
0
0
0
0
0
0
0
0
0
0
0
0
0
0
0
0
0
0
0
-0.90807
-0.91026
-0.90984
-0.91043
-0.90481
-0.90616
-0.91185
-0.90682
-0.9031
-0.91157
-0.90552
-0.90944
-0.90396
-0.90419
-0.90555
-0.90555
-0.90559
-0.90539
-0.91195
-0.90853
-0.90344
-0.90869
-0.90688
30.8413
-0.90466
-0.9045
-0.90619
-0.91263
-0.90881
-0.90859
-0.90976
-0.90586
-0.90268
-0.90389
-0.90611
0
0
0
0
0
0
0
0
0
0
0
0
0
0
0
0
0
0
0
0
0
0
0
0
0
0
0
0
0
0
0
0
0
0
0
0
0
0
0
0
0
0
0
0
0
0
0
0
0
0
0
0
0
0
0
0
0
0
0
0
0
0
0
0
0
0
0
0
0
-0.90709
-0.90928
-0.90886
-0.90946
-0.90383
-0.90519
-0.91087
-0.90586
-0.90213
-0.91058
-0.90455
-0.90844
-0.90298
-0.9032
-0.90457
-0.90457
-0.9046
-0.90438
-0.91096
-0.90752
-0.9024
-0.9077
-0.90589
-0.90466
29.9017
-0.90298
-0.90508
-0.9114
-0.90768
-0.90743
-0.90857
-0.90473
-0.90154
-0.90277
0
0
0
0
0
0
0
0
0
0
0
0
0
0
0
0
0
0
0
0
0
0
0
0
0
0
0
0
0
0
0
0
0
0
0
0
0
0
0
0
0
0
0
0
0
0
0
0
0
0
0
0
0
0
0
0
0
0
0
0
0
0
0
0
0
0
0
0
0
0
-0.90619
-0.90878
-0.90843
-0.90919
-0.90324
-0.905
-0.9105
-0.9055
-0.90189
-0.91014
-0.90429
-0.90817
-0.90273
-0.90275
-0.90435
-0.90435
-0.90439
-0.90417
-0.91058
-0.90692
-0.90189
-0.90716
-0.90585
-0.9045
-0.90298
29.3412
-0.90445
-0.90873
-0.90655
-0.90633
0
0
0
-0.90448
0
0
0
0
0
0
0
0
0
0
0
0
0
0
-0.97537
-1.1913
0
0
0
0
0
0
0
0
0
0
0
0
0
0
0
0
0
0
0
0
0
0
0
0
0
0
0
0
0
0
0
0
0
0
0
0
0
0
0
0
0
0
0
0
0
0
0
0
0
0
0
0
0
0
-0.90791
-0.91046
-0.90968
-0.9105
-0.90455
-0.90616
-0.91211
-0.90698
-0.90312
-0.91176
-0.90559
-0.90963
-0.90407
-0.90428
-0.90564
-0.90564
-0.90568
-0.90541
-0.91202
-0.90854
-0.90309
-0.90875
-0.90741
-0.90619
-0.90508
-0.90445
27.3677
0
-0.9067
-0.90636
0
0
0
0
0
0
0
0
0
0
0
0
0
0
0
-0.94507
0
0
0
0
0
0
0
-1.0248
0
0
0
0
0
0
0
0
0
0
0
0
0
0
0
0
0
0
0
0
0
0
0
0
0
0
0
0
0
0
0
0
0
0
0
0
0
0
0
0
0
0
0
0
0
0
0
0
0
0
-0.91354
-0.91617
-0.91622
-0.9163
-0.91089
-0.9124
-0.91778
-0.91333
-0.90929
-0.9179
-0.91188
-0.9156
-0.91024
-0.91027
-0.91189
-0.91189
-0.9119
-0.91152
-0.91745
-0.91438
-0.9094
-0.91379
-0.91397
-0.91263
-0.9114
-0.90873
0
30.0102
0
0
0
0
0
0
0
0
0
0
0
0
0
0
0
0
0
0
0
-1.1622
0
0
0
0
0
0
0
-1.3107
0
0
0
0
0
0
0
0
0
0
0
0
0
0
0
0
0
0
0
0
0
0
0
0
0
-3.7965
0
0
0
0
0
0
0
0
0
0
0
0
0
0
0
0
0
0
0
0
0
0
-0.91066
-0.91302
-0.91261
-0.91326
-0.90745
-0.90895
-0.91474
-0.90956
-0.9059
-0.91391
-0.90815
-0.91226
-0.90675
-0.9069
-0.90837
-0.90837
-0.90841
-0.90811
-0.91479
-0.91117
-0.90604
-0.91134
-0.91001
-0.90881
-0.90768
-0.90655
-0.9067
0
25.8437
0
0
0
0
0
0
0
0
0
0
0
0
0
0
0
0
0
0
0
0
0
0
0
0
0
0
0
0
0
0
0
0
0
-1.2832
0
0
0
0
0
0
0
0
0
0
0
0
0
0
0
0
0
0
0
0
0
0
0
0
0
0
0
0
0
0
0
0
0
0
0
0
0
0
0
0
0
-0.91075
-0.91247
-0.91257
-0.91318
-0.9075
-0.90885
-0.91462
-0.9096
-0.90577
-0.91426
-0.90817
-0.9121
-0.90662
-0.90683
-0.90821
-0.90822
-0.90823
-0.90797
-0.91461
-0.91109
-0.90597
-0.91063
-0.90982
-0.90859
-0.90743
-0.90633
-0.90636
0
0
25.7154
0
0
0
0
0
0
0
0
0
0
0
0
0
0
0
0
0
-1.1587
0
0
0
0
0
0
0
0
0
0
0
0
0
0
0
0
0
0
0
0
0
0
0
0
0
0
0
0
0
0
0
0
0
0
0
0
0
0
0
0
0
0
0
0
0
0
0
0
0
0
0
0
0
0
0
0
-0.91195
-0.9144
-0.91374
-0.91426
-0.90869
-0.90999
-0.91545
-0.90882
-0.90687
-0.91557
-0.90931
-0.91349
-0.90771
-0.90793
-0.90933
-0.90933
-0.90935
-0.90913
-0.91621
-0.91242
-0.90703
-0.91238
-0.911
-0.90976
-0.90857
0
0
0
0
0
24.5772
0
0
0
0
0
0
0
0
0
0
0
0
0
0
0
0
0
0
0
0
0
0
0
0
0
0
0
0
0
0
0
0
0
-1.8045
0
0
0
0
0
0
0
0
0
0
0
0
0
0
0
0
0
0
0
0
0
0
0
0
0
0
0
0
0
0
0
0
0
0
0
0
0
0
0
-0.9079
-0.91007
-0.90962
-0.91021
-0.90503
-0.90595
-0.91143
-0.90625
-0.90287
-0.91135
-0.90533
-0.90925
-0.90373
-0.90391
-0.90535
-0.90535
-0.9054
-0.90514
-0.91187
-0.90827
-0.90311
-0.90805
-0.90705
-0.90586
-0.90473
0
0
0
0
0
0
23.8398
0
0
0
0
0
0
0
0
0
0
0
0
0
0
0
0
0
0
0
0
-1.1667
0
0
0
0
0
0
0
0
0
0
0
0
0
0
0
0
0
0
0
0
0
0
0
0
0
0
0
0
0
0
0
0
0
0
0
0
0
0
0
0
0
0
0
0
0
0
0
0
0
0
0
-0.90444
-0.90681
-0.90642
-0.90706
-0.9013
-0.90275
-0.90852
-0.90336
-0.89974
-0.90809
-0.90191
-0.90609
-0.90059
-0.90073
-0.90221
-0.90221
-0.90226
-0.90195
-0.9086
-0.90472
-0.89991
-0.90521
-0.90386
-0.90268
-0.90154
0
0
0
0
0
0
0
23.7405
0
0
0
0
0
0
0
0
0
0
0
0
0
0
0
0
0
0
0
0
0
0
0
0
0
0
0
0
0
0
-1.1476
0
0
0
0
0
0
0
0
0
0
0
0
0
0
0
0
0
0
0
0
0
0
0
0
0
0
0
0
0
0
0
0
0
0
0
0
0
0
0
0
-0.90603
-0.90817
-0.90775
-0.90835
-0.90272
-0.90406
-0.90978
-0.90481
-0.901
-0.90947
-0.90343
-0.90731
-0.90185
-0.90209
-0.90344
-0.90343
-0.90347
-0.90324
-0.90984
-0.9064
-0.9012
-0.90661
-0.90504
-0.90389
-0.90277
-0.90448
0
0
0
0
0
0
0
23.5306
0
0
0
0
0
0
0
0
0
0
0
0
0
0
0
0
0
0
0
0
0
0
0
0
0
0
0
0
0
0
0
0
0
0
0
0
0
0
0
0
0
0
0
0
0
0
0
0
0
0
0
0
0
0
0
0
0
0
0
0
0
0
0
0
0
0
0
0
0
0
-0.90785
-0.91027
-0.90988
-0.9105
-0.90477
-0.90627
-0.91195
-0.90689
-0.90322
-0.91153
-0.90543
-0.90955
-0.9041
-0.90427
-0.90576
-0.90576
-0.90572
-0.90544
-0.91193
-0.9084
-0.90338
0
-0.90724
-0.90611
0
0
0
0
0
0
0
0
0
0
21.5089
0
0
0
0
0
0
0
0
0
0
0
0
0
0
0
0
0
0
0
0
0
0
0
-0.64268
0
0
0
0
0
0
0
0
0
0
0
0
0
0
0
0
0
0
0
0
0
0
0
0
0
0
0
0
0
0
0
0
0
0
0
0
0
0
0
0
0
0
0
0
0
-0.90477
-0.90687
-0.9064
-0.907
-0.90165
-0.90267
-0.90889
-0.90376
-0.89964
-0.90852
-0.90234
-0.90633
-0.90077
-0.90108
-0.90239
-0.90239
-0.90239
-0.90213
-0.90895
-0.90549
-0.90014
0
-0.90387
0
0
0
0
0
0
0
0
0
0
0
0
20.858
0
0
0
0
0
0
0
0
0
0
-0.96954
0
0
0
0
0
0
0
0
0
0
0
0
0
0
0
0
0
0
0
0
0
0
0
0
0
0
0
0
0
0
0
0
0
0
0
0
0
0
0
0
0
0
0
0
0
0
0
0
0
0
0
0
0
0
0
0
0
-0.91563
-0.91776
-0.91733
-0.91791
-0.91227
-0.91358
-0.91947
-0.91436
-0.91048
-0.91908
-0.91297
-0.9169
-0.91135
-0.91169
-0.91299
-0.91298
-0.91313
-0.91304
0
-0.91631
-0.91099
0
0
0
0
0
0
0
0
0
0
0
0
0
0
0
18.2902
0
0
0
0
0
0
0
0
0
0
0
0
0
0
0
0
0
0
0
0
0
0
0
0
0
0
0
0
0
0
0
0
0
0
0
0
0
0
0
0
0
0
0
0
0
0
0
0
0
0
0
0
0
0
0
0
0
0
0
0
0
0
0
0
0
0
0
-0.91127
-0.91336
-0.91291
-0.9135
-0.9079
-0.90919
-0.9151
-0.90999
-0.9061
-0.91468
-0.90858
-0.91249
-0.90696
-0.9073
-0.9086
-0.9086
-0.90868
-0.90858
0
0
-0.90649
0
0
0
0
0
0
0
0
0
0
0
0
0
0
0
0
17.2903
0
0
0
0
0
0
0
0
0
0
0
0
0
0
0
0
0
0
0
0
0
0
0
0
0
0
0
0
0
0
0
0
0
0
0
0
0
0
0
0
0
0
0
0
0
0
0
0
0
0
0
0
0
0
0
0
0
0
0
0
0
0
0
0
0
0
-0.91717
-0.91948
-0.91929
-0.92001
-0.9139
-0.91476
-0.92068
-0.91618
-0.91245
-0.92068
-0.91376
-0.91868
-0.91331
-0.90999
-0.915
-0.915
0
0
0
0
0
0
0
0
0
0
0
0
0
0
0
0
0
0
0
0
0
0
18.3331
0
0
0
0
0
0
0
0
0
0
0
-1.162
0
0
0
0
0
0
0
-0.6559
0
0
0
0
0
0
0
0
0
0
0
0
0
0
0
0
-1.8548
0
0
0
0
0
0
0
0
0
0
0
0
0
0
0
0
0
0
0
0
0
0
0
0
0
0
0
0
-0.91451
-0.91659
-0.91617
-0.91674
-0.91114
-0.91241
-0.91836
-0.91323
-0.90932
-0.91793
-0.91184
-0.91578
-0.9102
-0.91058
-0.91189
-0.9119
-0.91195
-0.91196
0
0
0
0
0
0
0
0
0
0
0
0
0
0
0
0
0
0
0
0
0
16.4425
0
0
0
0
0
0
0
0
0
0
0
0
0
0
0
0
0
0
0
0
0
0
0
0
0
0
0
0
0
0
0
0
0
0
0
0
0
0
0
0
0
0
0
0
0
0
0
0
0
0
0
0
0
0
0
0
0
0
0
0
0
0
0
0
-0.90497
-0.90704
-0.9066
-0.90716
-0.90162
-0.90287
-0.9088
-0.90367
-0.8998
-0.90832
-0.90229
-0.90618
-0.90064
-0.90103
-0.9023
-0.9023
-0.90237
0
0
0
0
0
0
0
0
0
0
0
0
0
0
0
0
0
0
0
0
0
0
0
15.368
0
0
0
0
0
0
0
0
0
0
0
0
0
0
0
0
0
0
0
0
0
0
0
0
0
0
0
0
0
0
0
0
0
0
0
0
0
0
0
0
0
0
0
0
0
0
0
0
0
0
0
0
0
0
0
0
0
0
0
0
0
0
0
-0.90498
-0.90704
-0.90659
-0.90715
-0.90162
-0.90287
-0.90879
-0.90368
-0.8998
-0.90832
-0.90229
-0.90618
-0.90065
-0.90103
-0.9023
-0.9023
-0.90237
0
0
0
0
0
0
0
0
0
0
0
0
0
0
0
0
0
0
0
0
0
0
0
0
15.368
0
0
0
0
0
0
0
0
0
0
0
0
0
0
0
0
0
0
0
0
0
0
0
0
0
0
0
0
0
0
0
0
0
0
0
0
0
0
0
0
0
0
0
0
0
0
0
0
0
0
0
0
0
0
0
0
0
0
0
0
0
0
-0.90041
-0.90246
-0.90199
-0.90256
-0.89704
-0.89829
-0.90421
-0.89909
-0.89523
-0.90372
-0.8977
-0.90156
-0.89606
-0.89644
-0.89767
-0.89766
0
0
0
0
0
0
0
0
0
0
0
0
0
0
0
0
0
0
0
0
0
0
0
0
0
0
14.3921
0
0
0
0
0
0
0
0
0
0
0
0
0
0
0
0
0
0
0
0
0
0
0
0
0
0
0
0
0
0
0
0
0
0
0
0
0
0
0
0
0
0
0
0
0
0
0
0
0
0
0
0
0
0
0
0
0
0
0
0
0
-0.90579
-0.90908
-0.90988
-0.90909
-0.90449
-0.90553
-0.91018
-0.90583
-0.90271
-0.91001
0
0
-0.90372
0
0
0
0
0
0
0
0
0
0
0
0
0
0
0
0
0
0
0
0
0
0
0
0
0
0
0
0
0
0
15.5768
0
0
0
0
0
0
0
0
0
0
0
0
0
0
0
0
0
-0.38672
0
0
0
0
-0.83203
0
0
0
0
0
0
0
-1.615
0
0
0
0
0
0
0
0
0
0
0
0
0
0
0
0
0
0
0
0
0
-2.7668
0
0
0
0
0
0
0
-0.91131
-0.91335
-0.91286
-0.91342
-0.90787
-0.90912
-0.9152
-0.90995
-0.90602
-0.91464
-0.90852
-0.91243
-0.90685
0
0
0
0
0
0
0
0
0
0
0
0
0
0
0
0
0
0
0
0
0
0
0
0
0
0
0
0
0
0
0
11.8415
0
0
0
0
0
0
0
0
0
0
0
0
0
0
0
0
0
0
0
0
0
0
0
0
0
0
0
0
0
0
0
0
0
0
0
0
0
0
0
0
0
0
0
0
0
0
0
0
0
0
0
0
0
0
0
0
0
0
0
-0.94385
-0.95136
-0.95014
-0.94938
-0.94468
-0.94642
0
0
-0.94327
0
0
0
0
0
0
0
0
0
0
0
0
0
0
0
0
0
-0.94507
0
0
0
0
0
0
0
0
0
0
0
0
0
0
0
0
0
0
10.3094
0
0
0
0
0
0
0
0
0
-1.2472
0
0
0
0
0
0
0
0
0
0
0
0
0
-1.488
0
0
0
0
0
0
0
0
0
0
0
0
0
0
0
0
0
0
0
0
0
0
0
0
0
0
0
0
0
0
0
0
0
0
-0.98236
-0.9841
-0.98346
-0.98405
0
-0.97913
0
0
-0.97633
0
0
0
0
0
0
0
0
0
0
0
0
0
0
0
0
0
0
0
0
0
0
0
0
0
0
-0.96954
0
0
0
0
0
0
0
0
0
0
6.859
0
0
0
0
0
0
0
0
0
0
0
0
0
0
0
0
0
0
0
0
0
0
0
0
0
0
0
0
0
0
0
0
0
0
0
0
0
0
0
0
0
0
0
0
0
0
0
0
0
0
0
0
0
0
0
0
0
0
-1.1693
0
0
0
0
0
0
0
0
0
0
0
0
0
0
0
0
0
0
0
-1.1625
0
0
0
0
0
-1.1622
0
-1.1587
0
0
0
0
0
0
0
0
0
0
0
0
0
0
0
0
0
8.4774
0
0
0
0
0
0
0
0
0
0
0
0
0
0
0
0
0
0
0
0
0
0
-1.63
0
0
0
0
0
0
0
0
0
0
0
0
0
0
0
0
0
0
0
0
0
0
0
0
0
0
0
-2.1948
0
0
0
0
0
0
0
0
0
0
0
0
0
0
0
0
0
0
0
0
0
0
0
0
0
0
0
0
0
0
-0.97537
0
0
0
0
0
0
0
0
0
0
0
0
0
0
0
0
0
0
0
0
0
0
8.3095
0
0
0
0
0
0
0
0
0
0
0
0
0
0
0
0
0
0
-1.7264
0
0
0
0
0
0
0
0
0
0
-1.9719
-1.972
0
0
0
0
0
0
0
0
0
0
0
0
0
0
0
0
0
0
0
0
-1.6638
0
0
0
-1.2054
0
0
0
0
0
0
0
0
0
0
0
0
0
0
0
0
0
0
0
0
0
0
0
0
-1.1913
0
0
0
0
0
0
0
0
0
0
0
0
0
0
0
0
0
0
0
0
0
0
0
7.6402
0
0
0
0
-1.5276
0
0
0
0
0
0
0
0
0
0
0
0
0
0
0
-1.7219
0
0
0
0
0
0
0
0
0
0
0
-1.9939
0
0
0
0
0
0
0
0
0
0
0
0
0
0
0
0
0
0
0
0
0
0
0
0
0
0
-1.1755
0
0
0
0
-1.1743
0
0
0
0
0
0
0
0
0
0
0
0
0
0
0
0
0
0
0
0
0
0
0
0
0
0
0
-1.162
0
0
0
0
0
0
0
0
0
0
0
7.192
0
0
0
0
0
0
0
0
0
0
0
0
0
0
0
0
0
0
0
0
0
0
0
0
0
0
0
0
-1.6073
0
0
0
0
0
0
0
0
0
0
0
0
0
-2.0729
0
0
0
0
0
0
0
0
0
0
0
0
0
0
0
0
0
0
0
0
0
0
0
0
0
0
0
-1.1882
-1.1922
0
0
-1.1884
0
0
0
0
0
0
0
0
0
0
0
0
0
0
0
0
0
0
0
0
0
0
0
0
0
0
0
0
0
7.3112
0
0
0
0
0
0
0
0
0
0
0
0
0
0
0
0
0
0
0
0
0
0
0
0
0
0
-1.6383
0
0
0
0
0
0
0
-2.1042
0
0
0
0
0
0
0
0
0
0
0
0
0
0
0
0
0
0
0
0
0
0
0
0
0
0
0
0
0
0
0
0
0
0
0
0
0
0
-1.1802
0
0
0
0
0
0
0
0
0
-1.1667
0
0
0
0
0
0
0
0
0
0
0
0
0
0
0
0
0
0
0
0
7.1899
0
0
0
0
0
0
0
0
0
0
0
0
-1.1015
0
0
0
0
0
-1.4607
0
-2.2807
0
0
0
0
0
0
0
0
0
0
0
0
0
0
0
0
0
0
0
0
0
0
0
0
0
0
0
0
0
0
0
0
0
0
-1.0275
0
0
0
0
0
0
0
0
0
0
0
0
0
0
0
-1.0246
0
0
0
0
0
-1.0248
0
0
0
0
0
0
0
0
0
0
0
0
0
0
0
0
0
0
0
0
0
0
0
0
0
0
5.0947
-1.2221
0
0
0
0
0
0
-0.79556
0
0
0
0
0
0
0
0
0
0
0
0
0
0
0
0
0
0
0
0
0
0
0
0
0
0
0
0
0
0
0
0
0
0
0
0
0
0
0
0
0
0
0
0
-1.3678
0
0
0
0
0
0
0
0
0
0
0
0
0
0
0
0
0
0
0
0
0
0
0
0
0
0
0
0
0
0
0
0
0
0
0
0
0
0
0
0
0
0
0
0
0
0
-1.5276
0
0
0
-1.2221
6.2226
0
0
0
0
0
0
0
0
0
0
0
0
0
0
0
0
0
0
0
0
0
0
0
0
0
0
0
0
0
0
0
0
0
0
0
0
0
0
0
0
0
0
0
0
0
0
0
0
-2.1051
-1.3177
0
0
0
0
0
0
0
0
0
0
0
0
0
0
0
0
0
0
0
0
0
0
0
0
0
0
-1.3107
0
0
0
0
0
0
0
0
0
0
0
0
0
0
0
0
0
-1.2472
0
0
0
0
0
0
0
0
0
5.2616
0
0
0
-1.386
0
0
0
0
0
0
0
0
0
0
0
0
0
0
0
0
0
0
0
0
0
0
0
0
0
0
0
0
0
0
0
0
0
0
0
0
0
0
0
0
0
0
0
0
0
-1.0591
0
0
0
0
0
0
0
0
0
0
0
0
0
0
0
0
0
0
0
0
0
0
0
0
0
0
0
0
0
0
0
0
0
0
0
0
0
0
0
0
0
0
0
0
0
0
0
0
0
0
0
0
0
0
5.7455
0
0
-1.4167
0
0
0
0
0
0
0
0
0
0
0
0
0
0
-1.6935
0
0
0
0
0
0
0
0
0
0
0
0
0
0
0
0
0
-1.5762
0
0
0
0
0
0
0
0
0
0
0
-1.329
-1.3346
-1.3284
-1.3291
0
0
0
0
0
0
0
0
0
0
0
0
0
0
0
0
0
0
0
0
0
0
0
0
0
0
0
0
0
0
0
0
0
0
0
0
0
0
0
0
0
0
0
0
0
0
0
0
0
0
0
0
0
5.3211
0
0
0
0
0
0
0
0
0
0
0
0
0
0
0
0
0
0
0
0
0
0
0
0
0
0
0
0
0
0
0
0
0
0
0
0
0
0
0
0
0
0
0
0
0
0
0
0
0
0
0
0
0
0
0
0
0
0
0
0
0
0
0
0
0
0
0
0
0
0
0
0
0
0
0
0
0
0
0
0
-0.64268
0
0
0
-0.6559
0
0
0
0
0
0
0
0
0
0
0
0
0
0
0
0
0
0
0
1.7637
0
0
0
0
0
0
0
0
0
0
0
0
0
0
0
0
0
0
0
0
0
0
0
0
-0.46508
0
0
0
0
0
0
0
0
0
0
0
0
0
0
0
0
0
0
0
0
0
0
0
-1.4482
0
0
0
0
0
0
0
0
0
0
0
0
0
0
0
0
0
0
0
0
0
0
0
0
0
0
0
0
0
0
0
0
0
0
0
0
0
0
0
0
0
0
0
0
0
0
0
0
0
0
0
-1.386
-1.4167
0
0
4.2508
0
0
0
0
0
0
0
0
0
0
0
0
0
0
0
0
0
0
0
0
0
0
0
0
0
0
0
0
0
0
0
0
0
0
0
0
0
0
0
0
0
0
0
0
-1.4378
0
0
0
0
0
0
0
0
0
0
0
0
0
0
0
0
0
0
0
0
0
0
0
0
0
0
0
0
0
0
0
0
0
0
0
0
0
0
0
0
0
0
0
0
0
0
0
0
0
0
0
0
0
0
0
0
0
0
0
4.6811
0
0
0
0
0
0
0
-1.7735
0
0
0
0
0
0
0
-1.4699
0
0
0
0
0
0
0
0
0
0
0
0
0
0
0
0
0
0
0
0
0
0
0
0
0
0
0
0
0
0
0
0
0
0
0
0
0
0
0
0
0
0
0
0
0
0
0
0
0
0
0
0
0
0
0
0
0
0
0
0
0
0
0
0
0
0
0
0
0
0
-0.38672
0
0
0
0
0
0
0
0
0
-0.79556
0
0
0
0
0
0
0
1.3745
0
0
0
0
0
0
0
0
0
0
0
0
0
0
0
0
0
0
0
0
0
0
0
0
0
-0.19224
0
0
0
0
0
0
0
0
0
0
0
0
0
0
0
0
0
0
0
0
0
0
0
0
0
-1.2969
0
0
0
0
0
0
0
0
0
0
0
0
0
0
0
0
0
0
-1.2832
0
0
0
0
0
0
0
0
0
0
0
0
0
0
0
0
0
0
0
0
0
0
0
0
0
0
0
0
0
0
0
0
0
4.3187
0
0
0
0
0
0
0
0
0
0
0
0
0
0
0
0
0
0
0
0
0
0
0
0
0
0
0
0
0
0
0
0
-1.7386
0
0
0
0
0
0
0
0
0
0
0
0
0
0
0
0
0
0
0
0
0
0
0
0
0
0
0
-1.1597
0
0
0
0
0
0
0
0
0
0
0
0
-1.1476
0
0
0
0
0
0
0
0
0
0
0
0
0
0
0
0
0
0
0
0
0
0
0
0
0
0
0
0
0
0
3.7771
0
0
0
0
0
0
0
0
0
0
0
0
0
0
0
0
0
0
0
0
0
0
0
0
0
0
0
0
0
0
0
0
0
0
0
-1.4699
0
0
0
0
0
0
0
0
0
0
0
-1.84
0
0
0
0
0
0
0
0
0
0
0
0
0
0
0
0
0
0
0
0
0
0
-1.8045
0
0
0
0
0
0
0
0
0
0
0
0
0
0
0
0
0
0
0
0
0
0
0
0
0
0
0
0
0
0
0
0
0
5.5685
0
0
0
0
0
0
0
0
-1.924
0
0
0
0
0
0
0
0
0
0
0
0
0
0
0
0
0
0
0
0
0
0
0
0
0
0
0
0
0
0
0
0
0
0
-0.48364
0
0
0
0
0
0
0
0
0
0
0
0
0
0
0
0
0
0
0
0
0
0
0
0
0
0
0
0
0
0
0
0
0
0
0
0
0
0
0
0
0
0
0
0
0
0
0
-1.1015
0
0
0
0
0
0
0
0
0
0
0
0
2.015
0
0
0
0
0
0
0
0
0
0
0
0
0
0
0
0
0
0
0
0
0
0
0
0
0
0
0
0
-0.42992
0
0
0
0
0
0
0
0
0
0
0
0
0
0
0
0
0
0
0
0
0
0
-0.74941
0
0
0
0
0
0
0
0
0
0
0
0
0
0
0
0
0
0
0
0
0
0
0
0
0
0
0
0
0
-0.83203
0
0
0
0
0
0
0
0
0
0
0
0
0
0
0
0
0
0
0
0
0
0
2.2415
0
0
0
0
0
0
0
0
0
0
0
0
0
-0.66006
0
0
0
0
0
0
0
0
0
0
0
0
0
0
0
0
0
0
0
0
0
0
0
0
0
0
0
0
0
0
-1.7742
0
0
0
0
0
0
0
0
0
0
0
0
0
0
0
0
0
0
0
0
0
0
0
0
0
0
0
0
0
0
0
0
0
0
0
0
0
0
0
0
-1.7264
0
0
0
0
0
0
0
0
0
0
0
0
0
0
0
0
0
0
3.5006
0
0
0
0
0
0
0
0
0
0
0
0
0
0
0
0
0
0
0
0
0
0
0
0
0
0
0
0
0
0
0
0
0
0
0
0
0
0
0
0
0
0
0
0
0
0
0
0
0
0
0
0
0
0
0
0
0
0
0
0
0
0
0
0
0
0
0
0
0
0
0
0
0
0
0
0
0
0
0
0
0
0
0
0
0
0
0
0
0
0
0
0
0
0
0
0
-1.7735
0
0
0
0
0
0
0
2.878
-1.1045
0
0
0
0
0
0
0
0
0
0
0
0
0
0
0
0
0
0
0
0
0
0
0
0
0
0
0
0
0
0
0
0
0
0
0
0
0
0
0
0
0
0
0
0
0
0
0
0
0
0
0
0
0
0
0
0
0
0
0
0
0
0
0
0
0
0
0
0
0
0
0
0
0
0
0
0
0
0
0
-1.488
0
0
0
0
0
0
0
0
0
0
0
0
0
0
0
0
0
0
0
0
0
0
-1.1045
2.5925
0
0
0
0
0
0
0
0
0
0
0
0
0
0
0
0
0
0
0
0
0
0
0
0
0
0
0
0
0
0
0
0
0
0
0
0
0
0
0
0
0
0
0
0
0
0
0
0
0
0
0
0
0
0
0
0
0
0
0
0
0
0
0
0
0
0
0
0
0
0
0
0
0
0
0
0
0
0
0
0
0
-1.63
0
-1.7219
0
0
0
0
0
0
0
0
0
0
0
0
0
0
0
0
0
0
0
0
3.352
0
0
0
0
0
0
0
0
0
0
0
0
0
0
0
0
0
0
0
0
0
0
0
0
0
0
0
0
0
0
0
0
0
0
0
0
0
0
0
-2.0473
0
0
0
0
0
0
0
0
0
0
0
0
0
0
0
0
0
0
0
0
0
0
0
0
0
0
0
0
0
0
0
0
0
0
0
0
0
0
0
0
0
0
0
0
0
-1.4607
0
0
0
0
0
0
0
0
0
0
0
0
0
0
0
0
0
0
3.5081
0
0
0
0
0
0
0
0
0
0
0
0
0
0
0
0
0
0
0
0
0
0
0
0
0
0
0
0
0
0
0
0
0
0
0
0
0
0
0
0
0
0
-2.6203
0
0
0
0
0
0
0
0
0
0
0
0
0
0
0
0
0
0
0
0
0
0
0
0
0
0
0
0
0
0
0
0
0
0
0
0
0
0
0
0
0
0
0
0
0
0
0
0
0
0
0
0
0
0
0
0
0
0
0
0
0
4.0748
0
0
0
0
-1.4544
0
0
0
0
0
0
0
0
0
0
0
0
0
0
0
0
0
0
0
0
0
0
0
0
0
0
0
0
0
0
0
0
0
0
0
0
0
0
0
0
0
0
0
0
0
0
0
0
0
0
0
0
0
0
0
0
0
0
0
0
0
0
0
0
0
0
0
0
0
0
0
0
0
0
0
0
0
0
-2.2807
0
0
0
0
0
0
0
0
0
0
0
-1.924
0
0
0
0
0
0
0
0
4.2048
0
0
0
0
0
0
0
0
0
0
0
0
0
0
0
0
0
0
0
0
0
0
0
0
0
0
0
0
0
0
0
0
0
0
0
0
0
0
0
0
0
0
0
0
0
0
0
0
0
0
0
0
0
0
0
0
0
0
0
0
0
0
0
0
0
0
0
0
0
0
0
0
0
-1.615
0
0
0
0
0
0
0
0
0
0
0
0
-1.6935
0
0
0
0
0
0
0
0
0
0
0
0
0
0
0
0
0
3.3084
0
0
0
0
0
0
0
0
0
0
0
0
0
0
0
0
0
0
0
0
0
0
0
0
0
0
0
0
0
0
0
0
0
0
0
0
0
0
0
0
0
0
-1.9257
0
0
0
0
0
0
0
0
0
0
0
0
0
0
0
0
0
0
0
0
0
0
0
0
-1.8548
0
0
0
0
0
0
0
0
0
0
0
0
0
0
0
0
0
0
0
0
0
0
0
0
0
0
0
0
0
0
0
0
0
0
0
0
3.7806
0
0
0
0
0
0
0
0
0
0
0
0
0
0
0
0
0
0
0
0
0
0
0
0
0
0
0
0
0
0
0
0
0
0
0
0
0
0
0
0
0
0
0
0
0
0
-1.631
0
0
0
0
0
0
0
0
0
0
0
0
0
0
0
0
0
0
0
0
0
0
0
0
0
0
0
0
0
0
0
0
0
0
0
0
0
0
0
0
0
-1.4699
0
0
0
0
0
0
0
0
0
0
0
0
0
0
0
3.1009
0
0
0
0
0
0
0
0
0
0
0
0
0
0
0
0
0
0
0
0
0
0
0
0
0
0
0
-2.6376
0
0
0
0
0
0
0
0
0
0
0
0
0
0
0
0
0
0
0
0
0
0
0
0
0
0
0
0
0
0
0
0
0
0
0
0
0
0
0
0
0
0
0
0
0
0
0
0
0
0
0
0
0
0
0
0
0
0
0
0
0
0
0
0
0
0
0
0
0
0
0
-1.4544
0
0
0
0
4.092
0
0
0
0
0
0
0
0
0
0
0
0
0
0
0
0
0
0
0
0
0
0
0
0
0
0
0
0
0
0
0
0
0
0
0
0
0
0
0
0
0
0
0
0
0
0
0
0
0
0
0
0
0
0
0
0
0
0
0
0
0
0
0
0
0
0
0
0
0
0
0
0
0
0
-1.9719
0
0
-1.6383
0
0
0
0
0
0
0
0
0
0
0
0
0
0
0
0
0
0
0
0
0
0
0
0
0
0
3.6102
0
0
0
0
0
0
0
0
0
0
0
0
0
0
0
0
0
0
0
0
0
0
0
0
0
0
0
0
0
0
0
0
0
0
0
0
0
0
0
0
0
0
0
0
0
0
0
0
0
0
0
0
0
0
0
0
0
0
0
0
0
0
0
0
0
0
0
0
0
0
0
0
0
-1.972
0
-1.6073
0
0
0
0
0
0
0
0
0
0
0
0
0
0
0
0
0
0
0
0
0
0
0
0
0
0
0
0
3.5793
0
0
0
0
0
0
0
0
0
0
0
0
0
0
0
0
0
0
0
0
0
0
0
0
0
0
0
0
0
0
0
0
0
0
0
0
0
0
0
0
0
0
0
0
0
0
0
0
0
0
0
0
0
0
0
0
0
0
0
0
0
0
0
0
0
0
0
0
0
0
0
0
0
0
0
0
0
0
0
0
0
0
0
0
0
0
0
0
0
0
-0.66006
0
0
0
0
0
0
0
0
0
0
0
0
0
0.66006
0
0
0
0
0
0
0
0
0
0
0
0
0
0
0
0
0
0
0
0
0
0
0
0
0
0
0
0
0
0
0
0
0
0
0
0
0
0
0
0
0
0
0
0
0
0
0
0
0
0
-3.7965
0
0
0
0
0
0
0
0
0
0
0
0
0
0
0
0
0
0
0
0
0
0
0
0
0
0
0
0
0
0
0
0
0
0
0
0
0
0
0
0
0
0
0
0
0
0
0
0
0
0
0
0
0
3.7965
0
0
0
0
0
0
0
0
0
0
0
0
0
0
0
0
0
0
0
0
0
0
0
0
0
0
0
0
0
0
0
0
0
0
0
0
0
0
0
0
0
0
0
0
0
0
0
0
0
0
0
0
0
0
0
0
0
0
0
0
0
0
0
0
0
0
0
0
0
0
0
-1.9939
0
0
0
0
0
0
0
0
0
0
0
0
0
0
0
0
0
0
0
0
0
0
0
0
0
0
0
0
0
0
0
0
1.9939
0
0
0
0
0
0
0
0
0
0
0
0
0
0
0
0
0
0
0
0
0
0
0
0
0
0
0
0
0
0
0
0
0
0
0
0
0
0
0
0
0
0
0
0
0
0
0
0
0
0
0
0
0
0
0
0
0
0
0
0
0
0
0
0
0
0
0
0
0
0
0
0
0
0
0
0
0
0
0
-0.46508
0
0
0
0
0
0
0
0
0
0
0
0
0
0
0
0
0
0
0
0
0
0
0
0
0.46508
0
0
0
0
0
0
0
0
0
0
0
0
0
0
0
0
0
0
0
0
0
0
0
0
0
0
0
0
0
0
0
0
0
0
0
0
0
0
0
-4.1324
0
0
0
0
0
0
0
0
0
0
0
0
0
0
0
0
0
0
0
0
0
0
0
0
0
0
0
0
0
0
0
0
0
0
0
0
0
0
0
0
0
0
0
0
0
0
0
0
0
0
0
0
0
0
0
0
0
0
0
0
0
0
0
0
4.1324
0
0
0
0
0
0
0
0
0
0
0
0
0
0
0
0
0
0
0
0
0
0
0
0
0
-4.4772
0
0
0
0
0
0
0
0
0
0
0
0
0
0
0
0
0
0
0
0
0
0
0
0
0
0
0
0
0
0
0
0
0
0
0
0
0
0
0
0
0
0
0
0
0
0
0
0
0
0
0
0
0
0
0
0
0
0
0
0
0
0
0
0
0
0
0
0
0
0
0
0
0
0
0
0
0
0
4.4772
0
0
0
0
0
0
0
0
0
0
0
0
0
0
0
0
0
0
0
0
0
0
0
0
0
0
0
0
0
0
0
0
0
0
0
0
0
0
0
0
0
0
0
0
0
0
0
0
0
0
0
0
0
0
0
0
0
0
0
0
0
0
0
0
0
0
0
0
0
-2.1042
0
0
0
0
0
0
0
0
0
0
0
0
0
0
0
0
0
0
0
0
0
0
0
0
0
0
0
0
0
0
0
0
0
0
2.1042
0
0
0
0
0
0
0
0
0
0
0
0
0
0
0
0
0
0
0
0
0
0
0
0
0
0
0
0
0
0
0
0
0
0
0
0
0
0
0
0
0
0
0
0
0
0
0
0
0
0
0
0
0
0
0
0
0
0
0
0
0
0
0
0
0
0
0
0
0
0
0
0
0
0
0
0
0
0
-0.19224
0
0
0
0
0
0
0
0
0
0
0
0
0
0
0
0
0
0
0
0
0
0
0
0
0
0.19224
0
0
0
0
0
0
0
0
0
0
0
0
0
0
0
0
0
0
0
0
0
0
0
0
0
0
0
0
0
0
0
0
0
0
0
0
0
-4.154
0
0
0
0
0
0
0
0
0
0
0
0
0
0
0
0
0
0
0
0
0
0
0
0
0
0
0
0
0
0
0
0
0
0
0
0
0
0
0
0
0
0
0
0
0
0
0
0
0
0
0
0
0
0
0
0
0
0
0
0
0
0
0
0
0
0
4.154
0
0
0
0
0
0
0
0
0
0
0
0
0
0
0
0
0
0
0
0
0
0
0
0
0
0
0
0
0
0
0
0
0
-4.2833
0
0
0
0
0
0
0
0
0
0
0
0
0
0
0
0
0
0
0
0
0
0
0
0
0
0
0
0
0
0
0
0
0
0
0
0
0
0
0
0
0
0
0
0
0
0
0
0
0
0
0
0
0
0
0
0
0
0
0
0
0
0
0
0
0
0
0
0
0
0
4.2833
0
0
0
0
0
0
0
0
0
0
0
0
0
0
0
0
0
0
0
0
0
0
0
0
0
-4.321
0
0
0
0
0
0
0
0
0
0
0
0
0
0
0
0
0
0
0
0
0
0
0
0
0
0
0
0
0
0
0
0
0
0
0
0
0
0
0
0
0
0
0
0
0
0
0
0
0
0
0
0
0
0
0
0
0
0
0
0
0
0
0
0
0
0
0
0
0
0
0
0
0
0
0
0
0
0
4.321
0
0
0
0
0
0
0
0
0
0
0
0
0
0
0
0
0
0
0
0
0
0
-4.3894
0
0
0
0
0
0
0
0
0
0
0
0
0
0
0
0
0
0
0
0
0
0
0
0
0
0
0
0
0
0
0
0
0
0
0
0
0
0
0
0
0
0
0
0
0
0
0
0
0
0
0
0
0
0
0
0
0
0
0
0
0
0
0
0
0
0
0
0
0
0
0
0
0
0
0
0
0
0
0
0
0
4.3894
0
0
0
0
0
0
0
0
0
0
0
0
0
0
0
0
0
0
0
0
0
0
0
0
0
0
0
0
0
0
0
0
0
0
0
0
0
0
0
0
0
0
0
0
0
0
0
0
0
0
0
0
0
0
0
0
0
0
0
0
0
0
0
0
0
0
0
0
-1.5762
0
0
0
0
0
0
0
0
0
0
0
0
0
0
0
0
0
0
0
0
0
0
0
0
0
0
0
0
0
0
0
0
0
0
0
1.5762
0
0
0
0
0
0
0
0
0
0
0
0
0
0
0
0
0
0
0
0
0
0
0
0
0
0
0
0
0
0
0
0
0
0
0
0
0
0
0
0
0
0
0
0
0
0
0
0
0
0
0
0
0
0
0
0
0
0
0
0
0
-2.0729
0
0
0
0
0
0
0
0
0
0
0
0
0
0
0
0
0
0
0
0
0
0
0
0
0
0
0
0
0
0
0
0
0
0
0
0
0
0
0
0
0
0
2.0729
0
0
0
0
0
0
0
0
0
0
0
0
0
0
0
0
0
0
0
0
0
0
0
0
0
0
0
0
0
0
0
0
0
0
0
0
0
0
0
0
0
0
0
0
0
0
0
0
0
0
0
0
0
0
0
0
0
0
0
0
0
0
0
0
0
0
0
0
0
0
0
0
0
0
0
-0.42992
0
0
0
0
0
0
0
0
0
0
0
0
0
0
0
0
0
0
0
0
0
0
0
0
0
0
0
0
0.42992
0
0
0
0
0
0
0
0
0
0
0
0
0
0
0
0
0
0
0
0
0
0
0
0
0
0
0
0
0
0
0
0
0
0
0
0
0
0
0
0
0
0
0
0
0
0
0
0
0
0
0
0
0
0
0
0
0
0
0
0
0
0
0
0
0
0
0
0
0
0
0
-1.7386
0
0
0
0
0
0
0
0
0
0
0
0
0
0
0
0
0
0
0
0
0
0
0
0
0
0
0
0
0
0
0
0
1.7386
0
0
0
0
0
0
0
0
0
0
0
0
0
0
0
0
0
0
0
0
0
0
0
0
0
0
0
0
0
0
0
0
0
0
0
0
0
0
0
0
0
0
0
0
0
0
0
0
0
0
0
-2.7668
0
0
0
0
0
0
0
0
0
0
0
0
0
0
0
0
0
0
0
0
0
0
0
0
0
0
0
0
0
0
0
0
0
0
0
0
0
0
0
0
0
0
0
0
0
0
0
0
0
0
0
0
2.7668
0
0
0
0
0
0
0
0
-4.4563
0
0
0
0
0
0
0
0
0
0
0
0
0
0
0
0
0
0
0
0
0
0
0
0
0
0
0
0
0
0
0
0
0
0
0
0
0
0
0
0
0
0
0
0
0
0
0
0
0
0
0
0
0
0
0
0
0
0
0
0
0
0
0
0
0
0
0
0
0
0
0
0
0
0
0
0
0
0
0
0
0
0
0
0
0
0
0
0
0
0
0
0
0
0
0
4.4563
0
0
0
0
0
0
0
0
0
0
0
0
0
0
0
0
0
0
0
0
0
0
0
0
0
0
0
0
0
0
0
0
0
0
0
0
0
0
0
0
0
0
0
0
0
0
0
0
0
0
0
0
0
-2.1948
0
0
0
0
0
0
0
0
0
0
0
0
0
0
0
0
0
0
0
0
0
0
0
0
0
0
0
0
0
0
0
0
0
0
0
0
0
0
0
0
0
0
0
0
0
0
0
0
0
0
2.1948
0
0
0
0
0
0
0
0
0
0
0
0
0
0
0
0
0
0
0
0
0
0
0
0
0
0
0
0
0
0
0
0
0
0
0
0
0
0
0
0
0
0
0
0
0
0
0
0
0
0
0
0
0
0
0
0
0
0
0
0
0
0
0
0
0
0
0
0
-1.4699
0
0
0
0
0
0
0
0
0
0
0
0
0
0
0
0
0
0
0
0
0
0
0
0
0
0
0
0
0
0
0
0
0
0
0
1.4699
0
0
0
0
0
0
0
0
0
0
0
0
0
0
0
0
0
0
0
0
0
0
0
0
0
0
0
0
0
0
0
0
0
0
0
0
0
0
0
0
0
0
0
0
0
0
0
0
0
0
0
0
-1.6638
0
0
0
0
0
0
0
0
0
0
0
0
0
0
0
0
0
0
0
0
0
0
0
0
0
0
0
0
0
0
0
0
0
0
0
0
0
0
0
0
0
0
0
0
0
0
0
0
0
0
0
1.6638
0
0
0
0
0
0
0
0
0
0
0
0
0
0
0
0
0
0
0
0
0
-4.2833
0
0
0
0
0
0
0
0
0
0
0
0
0
0
0
0
0
0
0
0
0
0
0
0
0
0
0
0
0
0
0
0
0
0
0
0
0
0
0
0
0
0
0
0
0
0
0
0
0
0
0
0
0
0
0
0
0
0
0
0
0
0
0
0
0
0
0
0
0
0
0
0
0
0
0
0
0
0
0
0
0
0
4.2833
0
0
0
0
0
0
0
0
-4.4772
0
0
0
0
0
0
0
0
0
0
0
0
0
0
0
0
0
0
0
0
0
0
0
0
0
0
0
0
0
0
0
0
0
0
0
0
0
0
0
0
0
0
0
0
0
0
0
0
0
0
0
0
0
0
0
0
0
0
0
0
0
0
0
0
0
0
0
0
0
0
0
0
0
0
0
0
0
0
0
0
0
0
0
0
0
0
0
0
0
0
0
0
0
0
0
4.4772
0
0
0
0
0
0
0
0
0
0
0
0
0
0
0
0
0
0
0
0
0
0
0
0
0
0
0
0
0
0
0
0
0
0
0
0
0
0
0
0
0
0
0
0
0
0
0
0
0
0
0
0
0
0
0
-2.1051
0
0
0
0
0
0
0
0
0
0
0
0
0
0
0
0
0
0
0
0
0
0
0
0
0
0
0
0
0
0
0
0
0
0
0
0
0
0
0
0
0
0
0
0
0
0
0
0
2.1051
