1
0.96327
0.95152
0.9457
0.94125
0.93722
0.93421
0.92877
0.92381
0.91927
0.91485
0.91071
0.90674
0.90299
0.8994
0.89597
0.89264
0.88947
0.88639
0.88346
0.88061
0.87789
0.87525
0.87272
0.87025
0.86786
0.86552
0.86324
0.86101
0.85882
0.85668
0.85459
0.85253
0.85052
0.84854
0.84661
0.84471
0.84284
0.84101
0.83921
0.83744
0.83571
0.834
0.83232
0.83066
0.82903
0.82741
0.82581
0.82422
0.82265
0.82108
0.81953
0.81798
0.81645
0.81491
0.81339
0.81187
0.81036
0.80886
0.80736
0.80587
0.80438
0.80289
0.80139
0.79988
0.79837
0.79685
0.79533
0.79381
0.79228
0.79076
0.78924
0.78772
0.7862
0.78468
0.78316
0.78165
0.78014
0.77863
0.77712
0.77562
0.77413
0.77264
0.77115
0.76966
0.76818
0.76671
0.76525
0.7638
0.76235
0.76092
0.75949
0.75807
0.75665
0.75524
0.75384
0.75244
0.75103
0.74963
0.74823
0.74683
0.74543
0.74402
0.74262
0.74121
0.7398
0.73839
0.73697
0.73555
0.73412
0.73268
0.73122
0.72975
0.72827
0.72678
0.72527
0.72374
0.72221
0.72066
0.71909
0.71752
0.71592
0.71432
