1
0.96206
0.94987
0.94366
0.93882
0.93424
0.93068
0.92428
0.91837
0.91286
0.90755
0.90257
0.89786
0.89339
0.88916
0.88512
0.88122
0.8775
0.87388
0.87038
0.86693
0.86355
0.86017
0.8568
0.85341
0.85001
0.84659
0.8432
0.83986
0.83659
0.83343
0.83037
0.82742
0.82457
0.82182
0.81915
0.81656
0.81403
0.81155
0.80911
0.80671
0.80433
0.80196
0.79959
0.79723
0.79486
0.79249
0.79011
0.78774
0.78539
0.78306
0.78077
0.77851
0.77631
0.77415
0.77204
0.76997
0.76795
0.76596
0.76401
0.76209
0.76018
0.75829
0.7564
0.75452
0.75264
0.75076
0.7489
0.74706
0.74524
0.74346
0.7417
0.73999
0.73832
0.7367
0.73512
0.7336
0.73213
0.73072
0.72936
0.72804
0.72678
0.72557
0.7244
0.72329
0.72221
0.72118
0.7202
0.71926
0.71836
0.71749
0.71666
0.71588
0.71512
0.71439
0.71369
0.71301
0.71236
0.71172
0.71111
0.71051
0.70992
0.70934
0.70876
0.7082
0.70763
0.70706
0.70649
0.7059
0.70531
0.70469
0.70406
0.7034
0.70272
0.70202
0.7013
0.70055
0.69977
0.69897
0.69814
0.69727
0.69637
0.69544
