1
0.96192
0.95134
0.94602
0.9425
0.93883
0.93635
0.9316
0.9271
0.92271
0.91834
0.9143
0.91052
0.90694
0.90349
0.90016
0.89699
0.89406
0.8913
0.88875
0.88633
0.88405
0.88185
0.87975
0.8777
0.87572
0.87377
0.87186
0.86998
0.86813
0.86632
0.86453
0.86276
0.86103
0.85932
0.85764
0.85598
0.85435
0.85274
0.85116
0.84959
0.84805
0.84652
0.84501
0.8435
0.84201
0.84052
0.83903
0.83755
0.83606
0.83457
0.83307
0.83157
0.83006
0.82853
0.827
0.82545
0.8239
0.82234
0.82077
0.81919
0.81761
0.81603
0.81444
0.81284
0.81125
0.80966
0.80807
0.80649
0.80493
0.80338
0.80185
0.80033
0.79883
0.79735
0.79588
0.79443
0.79299
0.79157
0.79016
0.78878
0.7874
0.78604
0.7847
0.78336
0.78205
0.78074
0.77946
0.77819
0.77694
0.7757
0.77448
0.77328
0.77209
0.77091
0.76974
0.76859
0.76745
0.76632
0.7652
0.76408
0.76298
0.76189
0.7608
0.75973
0.75866
0.75761
0.75657
0.75553
0.75451
0.75348
0.75246
0.75145
0.75043
0.74943
0.74843
0.74743
0.74644
0.74545
0.74447
0.74349
0.74251
0.74153
