1
0.96198
0.95142
0.94612
0.94267
0.93905
0.93664
0.93198
0.92758
0.92328
0.91899
0.91504
0.91134
0.90783
0.90444
0.90118
0.89808
0.89522
0.89255
0.89008
0.88775
0.88557
0.88347
0.88147
0.87953
0.87766
0.87582
0.87402
0.87226
0.87054
0.86884
0.86718
0.86554
0.86394
0.86236
0.86081
0.85928
0.85779
0.85631
0.85486
0.85343
0.85202
0.85062
0.84924
0.84786
0.8465
0.84514
0.84377
0.84241
0.84104
0.83967
0.83829
0.83691
0.83552
0.83412
0.83271
0.8313
0.82989
0.82848
0.82707
0.82567
0.82428
0.8229
0.82152
0.82014
0.81878
0.81742
0.81608
0.81476
0.81345
0.81216
0.81088
0.80962
0.80838
0.80715
0.80593
0.80473
0.80354
0.80236
0.80119
0.80003
0.79888
0.79774
0.79661
0.79548
0.79437
0.79326
0.79217
0.79109
0.79002
0.78896
0.78791
0.78687
0.78584
0.78482
0.78381
0.78281
0.78182
0.78083
0.77985
0.77887
0.77791
0.77695
0.776
0.77506
0.77412
0.7732
0.77229
0.77138
0.77048
0.76959
0.7687
0.76781
0.76693
0.76606
0.76519
0.76434
0.76349
0.76264
0.76181
0.76097
0.76015
0.75932
