1
0.962
0.94934
0.94315
0.93865
0.93459
0.93165
0.92592
0.92043
0.91512
0.90995
0.90523
0.90085
0.89672
0.89272
0.88879
0.88489
0.8811
0.87741
0.87393
0.87064
0.86761
0.86479
0.86221
0.85981
0.85758
0.85547
0.85345
0.85146
0.8495
0.84751
0.84548
0.84339
0.84125
0.83907
0.83686
0.83465
0.83248
0.83036
0.82833
0.82638
0.8245
0.82268
0.82087
0.81902
0.81708
0.81502
0.81281
0.81048
0.8081
0.80574
0.80346
0.8013
0.79924
0.79725
0.79532
0.79341
0.7915
0.78957
0.78763
0.7857
0.78381
0.78203
0.7804
0.77893
0.77763
0.77647
0.77545
0.77451
0.77363
0.77279
0.77197
0.77116
0.77033
0.76949
0.76862
0.76773
0.76682
0.76589
0.76496
0.76403
0.76313
0.76224
0.76137
0.7605
0.75963
0.75875
0.75785
0.75691
0.75593
0.75493
0.75391
0.75288
0.75187
0.7509
0.74998
0.7491
0.74826
0.74746
0.74667
0.74588
0.74509
0.74427
0.74343
0.74256
0.74167
0.74078
0.73989
0.73902
0.73817
0.73734
0.7365
0.73565
0.73476
0.73382
0.73282
0.73177
0.73067
0.72955
0.72846
0.7274
0.72641
0.72549
