1
0.96618
0.95766
0.95333
0.95004
0.94513
0.94189
0.93798
0.93452
0.93147
0.92826
0.92532
0.92215
0.91918
0.91602
0.91273
0.90946
0.90638
0.90364
0.90107
0.89878
0.8966
0.89461
0.89273
0.89097
0.88931
0.88776
0.88631
0.88499
0.8838
0.88274
0.88184
0.88107
0.88044
0.8799
0.87944
0.87904
0.87865
0.87828
0.8779
0.87753
0.87717
0.87686
0.87661
0.87644
0.87639
0.87646
0.87665
0.87694
0.87731
0.87772
0.87814
0.87856
0.87897
0.87935
0.8797
0.88004
0.88035
0.88065
0.88094
0.88123
0.88153
0.88184
0.88217
0.88252
0.88289
0.88329
0.8837
0.88414
0.88461
0.8851
0.88563
0.88618
0.88675
0.88734
0.88792
0.88849
0.88902
0.88953
0.88999
0.89043
0.89084
0.89123
0.89161
0.89199
0.89239
0.89279
0.89321
0.89363
0.89405
0.89444
0.89481
0.89515
0.89544
0.89569
0.8959
0.89607
0.8962
0.89631
0.89639
0.89645
0.89649
0.89654
0.8966
0.89667
0.89678
0.89691
0.89708
0.89728
0.89752
0.89778
0.89806
0.89836
0.89866
0.89895
0.89923
0.8995
0.89975
0.89998
0.90019
0.90038
0.90054
0.90069
