1
0.96199
0.94934
0.94315
0.93865
0.93459
0.93165
0.92592
0.92043
0.91512
0.90995
0.90523
0.90085
0.89672
0.89272
0.88879
0.88489
0.8811
0.8774
0.87393
0.87064
0.86761
0.86478
0.86221
0.85981
0.85758
0.85547
0.85344
0.85146
0.8495
0.84751
0.84548
0.84339
0.84125
0.83907
0.83686
0.83465
0.83248
0.83036
0.82832
0.82637
0.8245
0.82268
0.82087
0.81902
0.81708
0.81502
0.8128
0.81047
0.80809
0.80574
0.80346
0.8013
0.79923
0.79725
0.79531
0.79341
0.79149
0.78957
0.78762
0.78569
0.78381
0.78203
0.7804
0.77893
0.77762
0.77647
0.77544
0.7745
0.77363
0.77279
0.77197
0.77115
0.77033
0.76949
0.76862
0.76773
0.76681
0.76588
0.76495
0.76403
0.76312
0.76223
0.76136
0.7605
0.75963
0.75875
0.75784
0.7569
0.75593
0.75492
0.7539
0.75288
0.75187
0.7509
0.74997
0.74909
0.74826
0.74745
0.74667
0.74588
0.74508
0.74427
0.74342
0.74255
0.74167
0.74078
0.73989
0.73902
0.73817
0.73733
0.7365
0.73564
0.73476
0.73382
0.73282
0.73176
0.73066
0.72955
0.72845
0.7274
0.72641
0.72549
