1
0.96353
0.95235
0.94838
0.9459
0.94243
0.94055
0.93615
0.93226
0.92893
0.92572
0.92272
0.91977
0.91692
0.91416
0.91152
0.90896
0.90658
0.9043
0.90221
0.90024
0.89847
0.89685
0.89545
0.89422
0.89318
0.89229
0.89155
0.89089
0.89032
0.88978
0.88929
0.88882
0.88838
0.88795
0.88756
0.88719
0.88683
0.8865
0.88619
0.88591
0.88563
0.88538
0.88513
0.88489
0.88464
0.88438
0.8841
0.88379
0.88345
0.88308
0.88267
0.88222
0.88175
0.88124
0.8807
0.88014
0.87956
0.87897
0.87835
0.87773
0.87711
0.87647
0.87581
0.87515
0.87447
0.87379
0.8731
0.8724
0.87169
0.87097
0.87025
0.86952
0.86878
0.86805
0.86732
0.86659
0.86588
0.86518
0.86449
0.86381
0.86313
0.86246
0.86177
0.86108
0.86038
0.85966
0.85892
0.85818
0.85742
0.85666
0.8559
0.85513
0.85438
0.85364
0.85291
0.85221
0.85153
0.85089
0.8503
0.84974
0.84923
0.84877
0.84836
0.84799
0.84766
0.84736
0.84708
0.8468
0.84652
0.84623
0.84593
0.84559
0.84524
0.84486
0.84444
0.84401
0.84355
0.84307
0.84256
0.84205
0.84152
0.84098
