1
0.96379
0.94559
0.94008
0.93679
0.93184
0.92744
0.92334
0.91985
0.91802
0.91507
0.91312
0.91019
0.90792
0.90522
0.9027
0.90011
0.89775
0.89529
0.89306
0.89081
0.88876
0.88675
0.88488
0.88306
0.88134
0.87966
0.87804
0.87646
0.87493
0.87345
0.87202
0.87063
0.8693
0.86802
0.8668
0.86564
0.86454
0.8635
0.86251
0.86158
0.8607
0.85985
0.85903
0.85823
0.85743
0.85661
0.85575
0.85486
0.85392
0.8529
0.8518
0.85057
0.84919
0.84762
0.8458
0.84372
0.84134
0.83869
0.83584
0.83296
0.83026
0.82794
0.82613
0.82486
0.8241
0.82375
0.82371
0.82383
0.824
0.82414
0.82423
0.82426
0.82426
0.82428
0.82434
0.82446
0.82465
0.82494
0.82532
0.82581
0.82642
0.82715
0.82801
0.82901
0.83013
0.83134
0.83259
0.8338
0.83493
0.83592
0.83675
0.83742
0.83793
0.83831
0.83857
0.83872
0.8388
0.83879
0.83872
0.83859
0.83841
0.83819
0.83793
0.83764
0.83732
0.83699
0.83665
0.8363
0.83596
0.83563
0.83532
0.83505
0.83481
0.8346
0.83443
0.8343
0.83419
0.83411
0.83404
0.834
0.83396
0.83394
