1
0.96048
0.94555
0.93739
0.93086
0.92466
0.92039
0.91195
0.90404
0.89665
0.88979
0.88354
0.87784
0.87266
0.86793
0.86354
0.85935
0.85532
0.85135
0.84752
0.84376
0.84013
0.83661
0.83324
0.82998
0.82684
0.82376
0.82075
0.81775
0.81477
0.81176
0.80874
0.80568
0.80259
0.7995
0.79645
0.79345
0.79054
0.78774
0.78504
0.78246
0.77999
0.77763
0.77537
0.77322
0.77115
0.76916
0.76723
0.76534
0.76347
0.76161
0.75975
0.75786
0.75593
0.75396
0.75195
0.74991
0.74785
0.74579
0.74375
0.74173
0.73973
0.73776
0.73581
0.73387
0.73195
0.73005
0.72816
0.7263
0.72446
0.72264
0.72084
0.71906
0.7173
0.71554
0.71379
0.71205
0.7103
0.70855
0.70679
0.70502
0.70325
0.70146
0.69966
0.69786
0.69606
0.69425
0.69245
0.69067
0.68889
0.68712
0.68537
0.68363
0.68191
0.68021
0.67851
0.67684
0.67517
0.67353
0.67189
0.67026
0.66865
0.66705
0.66547
0.6639
0.66235
0.66081
0.65928
0.65776
0.65625
0.65475
0.65325
0.65176
0.65028
0.64879
0.64732
0.64586
0.6444
0.64294
0.6415
0.64006
0.63862
0.6372
