1
0.96063
0.94696
0.94014
0.93486
0.93016
0.92686
0.92034
0.91452
0.90941
0.90477
0.90059
0.89678
0.89328
0.89006
0.88712
0.8844
0.88191
0.87955
0.87738
0.87531
0.87339
0.87157
0.86985
0.86821
0.86663
0.86507
0.86354
0.86196
0.86034
0.85863
0.8568
0.85485
0.85275
0.85052
0.84815
0.84568
0.84314
0.84057
0.83801
0.8355
0.83307
0.83071
0.82846
0.8263
0.82423
0.82224
0.82033
0.81849
0.81671
0.815
0.81333
0.8117
0.81012
0.80857
0.80705
0.80557
0.80413
0.80271
0.80133
0.79999
0.79867
0.79738
0.79612
0.79488
0.79367
0.79248
0.79133
0.79022
0.78914
0.78812
0.78714
0.78621
0.78531
0.78445
0.78362
0.7828
0.78197
0.78113
0.78025
0.77932
0.77832
0.77725
0.77608
0.77482
0.77345
0.77199
0.77046
0.76886
0.76724
0.76562
0.76402
0.76246
0.76097
0.75954
0.75818
0.75688
0.75562
0.75442
0.75325
0.75211
0.75099
0.74989
0.74879
0.74769
0.74659
0.74547
0.74434
0.74318
0.74199
0.74077
0.73951
0.73821
0.73687
0.7355
0.73409
0.73264
0.73116
0.72966
0.72814
0.7266
0.72505
0.7235
