1
0.96028
0.94926
0.94474
0.94231
0.94032
0.93878
0.93461
0.92992
0.92463
0.91941
0.91423
0.90931
0.90448
0.89991
0.89559
0.89155
0.88777
0.88419
0.88072
0.87738
0.87412
0.87101
0.86807
0.8654
0.86301
0.86096
0.85926
0.85794
0.85697
0.85635
0.85603
0.85599
0.85619
0.85658
0.85712
0.8578
0.85856
0.85939
0.86027
0.86118
0.86212
0.86308
0.86406
0.86505
0.86604
0.86703
0.868
0.86895
0.86987
0.87075
0.87158
0.87236
0.87308
0.87375
0.87437
0.87494
0.87546
0.87594
0.87637
0.87676
0.8771
0.87739
0.87762
0.87778
0.87788
0.87791
0.87787
0.87777
0.87759
0.87733
0.87699
0.87656
0.87602
0.87538
0.87464
0.87379
0.87286
0.87185
0.87078
0.8697
0.86862
0.86759
0.86664
0.86578
0.86503
0.8644
0.86389
0.86349
0.86319
0.86299
0.86288
0.86284
0.86288
0.86299
0.86317
0.86342
0.86373
0.8641
0.86453
0.86501
0.86554
0.8661
0.86668
0.86729
0.86791
0.86853
0.86915
0.86976
0.87035
0.87092
0.87146
0.87198
0.87247
0.87293
0.87337
0.87378
0.87418
0.87455
0.8749
0.87523
0.87552
0.87577
