1
0.96264
0.94518
0.93613
0.92987
0.925
0.92199
0.91512
0.9087
0.90231
0.89628
0.8907
0.88574
0.88122
0.87703
0.87301
0.86888
0.86458
0.85984
0.85499
0.8503
0.84626
0.84296
0.84039
0.83843
0.83698
0.83597
0.83535
0.83509
0.83515
0.8355
0.83612
0.83696
0.83802
0.83925
0.84064
0.84216
0.84378
0.8455
0.8473
0.84917
0.85109
0.85305
0.85505
0.85708
0.85912
0.86118
0.86323
0.86528
0.86732
0.86935
0.87135
0.87334
0.87532
0.87729
0.87926
0.88124
0.88324
0.88525
0.88729
0.88934
0.89141
0.89348
0.89555
0.8976
0.89963
0.90166
0.90366
0.90566
0.90763
0.90959
0.91153
0.91345
0.91534
0.9172
0.91903
0.92082
0.92256
0.92425
0.92589
0.92744
0.92891
0.93029
0.93156
0.93272
0.93377
0.93468
0.93545
0.93608
0.93657
0.9369
0.9371
0.93719
0.93719
0.93715
0.93714
0.93718
0.93733
0.9376
0.938
0.93852
0.93916
0.9399
0.94073
0.94162
0.94258
0.94358
0.94462
0.94567
0.94675
0.94783
0.94892
0.95002
0.95111
0.95222
0.95333
0.95445
0.95558
0.95671
0.95785
0.959
0.96015
0.96131
