1
0.96353
0.95238
0.94619
0.94109
0.93488
0.93057
0.92435
0.91873
0.91375
0.90887
0.90441
0.89986
0.89559
0.89123
0.88687
0.88263
0.87865
0.87502
0.87153
0.86827
0.86506
0.86196
0.85889
0.8559
0.85297
0.85012
0.84738
0.84475
0.84223
0.83982
0.83752
0.8353
0.83316
0.8311
0.82911
0.82722
0.82541
0.82369
0.82206
0.82051
0.81905
0.8177
0.81646
0.81537
0.81442
0.81362
0.81295
0.81238
0.81188
0.81139
0.81087
0.8103
0.80966
0.80894
0.80814
0.80729
0.8064
0.80551
0.80464
0.80381
0.80303
0.80231
0.80167
0.80108
0.80056
0.8001
0.7997
0.79936
0.79906
0.79882
0.79864
0.7985
0.79839
0.79832
0.79826
0.79819
0.7981
0.79799
0.79786
0.7977
0.79752
0.79734
0.79716
0.79699
0.79683
0.79669
0.79657
0.79647
0.79636
0.79624
0.7961
0.79592
0.79572
0.79548
0.79521
0.7949
0.79456
0.7942
0.79383
0.79344
0.79305
0.79266
0.79229
0.79195
0.79163
0.79136
0.79112
0.79093
0.79077
0.79064
0.79054
0.79045
0.79037
0.79029
0.7902
0.79009
0.78996
0.78981
0.78963
0.78943
0.7892
0.78894
