1
0.96347
0.94943
0.94348
0.93859
0.93346
0.93059
0.92409
0.91778
0.91182
0.90627
0.90127
0.89682
0.89297
0.88954
0.88631
0.88303
0.8797
0.87627
0.87293
0.86975
0.86689
0.86434
0.86208
0.85999
0.85799
0.85597
0.85393
0.85185
0.84976
0.84771
0.84574
0.84387
0.84212
0.84049
0.83894
0.83744
0.83597
0.83454
0.83314
0.83179
0.83052
0.82933
0.82823
0.82722
0.8263
0.82546
0.8247
0.82401
0.8234
0.82286
0.82239
0.82198
0.82164
0.82134
0.82109
0.82088
0.82071
0.82057
0.82046
0.82036
0.82027
0.82018
0.82008
0.81998
0.81987
0.81977
0.81969
0.81964
0.81961
0.81962
0.81964
0.81969
0.81972
0.81974
0.81971
0.81964
0.81951
0.81932
0.81907
0.81875
0.81838
0.81795
0.81748
0.81698
0.81645
0.8159
0.81534
0.81477
0.81421
0.81365
0.8131
0.81255
0.81201
0.81146
0.81091
0.81036
0.80978
0.80919
0.80858
0.80795
0.8073
0.80663
0.80595
0.80526
0.80457
0.80387
0.80317
0.80248
0.8018
0.80112
0.80045
0.7998
0.79916
0.79855
0.79796
0.7974
0.79687
0.79638
0.79591
0.79548
0.79508
0.79471
