1
0.9598
0.94712
0.94065
0.9359
0.93141
0.9283
0.92199
0.91611
0.91065
0.90557
0.90105
0.89694
0.89316
0.88959
0.88615
0.88269
0.87921
0.87572
0.87237
0.86914
0.86609
0.86318
0.86044
0.85782
0.85535
0.85298
0.85075
0.84862
0.84661
0.84469
0.84287
0.84115
0.83951
0.83796
0.83648
0.83509
0.83377
0.83253
0.83134
0.83021
0.82914
0.82812
0.82714
0.8262
0.82529
0.82441
0.82356
0.82271
0.82188
0.82105
0.82021
0.81935
0.81846
0.81753
0.81656
0.81552
0.8144
0.8132
0.8119
0.81048
0.80895
0.80728
0.8055
0.80361
0.80163
0.79962
0.79758
0.79555
0.79354
0.79155
0.78959
0.78763
0.78568
0.78372
0.78174
0.77976
0.77778
0.77582
0.77392
0.77209
0.77036
0.76875
0.76726
0.7659
0.76466
0.76352
0.7625
0.76156
0.7607
0.75991
0.75919
0.75853
0.75791
0.75733
0.75678
0.75626
0.75576
0.75527
0.75478
0.75429
0.75379
0.75329
0.75278
0.75225
0.75171
0.75115
0.75057
0.74997
0.74935
0.74872
0.74807
0.74741
0.74674
0.74606
0.74538
0.7447
0.74402
0.74335
0.74268
0.74202
0.74137
0.74073
