1
0.96439
0.94915
0.94054
0.93381
0.92821
0.92455
0.91692
0.90973
0.90291
0.89668
0.89123
0.88659
0.88284
0.87988
0.87759
0.87566
0.87394
0.87211
0.87003
0.86755
0.86479
0.86202
0.8596
0.85763
0.85613
0.85501
0.85418
0.85358
0.85317
0.85292
0.85281
0.85283
0.85296
0.8532
0.85353
0.85394
0.85442
0.85496
0.85555
0.85619
0.85688
0.85761
0.85839
0.85921
0.86008
0.86098
0.86191
0.86286
0.86382
0.86479
0.86576
0.86672
0.86767
0.86859
0.86948
0.87033
0.87111
0.8718
0.87237
0.87278
0.87299
0.87299
0.87278
0.87238
0.87184
0.87122
0.87058
0.86996
0.86937
0.86883
0.8683
0.86777
0.8672
0.86655
0.86579
0.8649
0.86389
0.86278
0.8616
0.8604
0.85921
0.85806
0.85693
0.85582
0.8547
0.85354
0.85234
0.85108
0.84978
0.84844
0.84711
0.84584
0.84467
0.84362
0.8427
0.8419
0.84119
0.84053
0.83987
0.83918
0.83841
0.83752
0.8365
0.83534
0.83406
0.8327
0.83131
0.82994
0.82863
0.82739
0.82621
0.82508
0.82397
0.82284
0.82168
0.82047
0.81921
0.81792
0.81661
0.81533
0.81412
0.81302
