1
0.96088
0.95013
0.94388
0.93733
0.93328
0.93143
0.92608
0.92186
0.91795
0.91485
0.91211
0.90994
0.90763
0.90549
0.90339
0.90142
0.89945
0.89761
0.89573
0.89397
0.8922
0.89052
0.88885
0.88724
0.88562
0.884
0.88236
0.88068
0.87895
0.87716
0.87531
0.87339
0.87139
0.8693
0.86712
0.86483
0.86244
0.85993
0.85732
0.8546
0.85182
0.84899
0.84617
0.84337
0.84062
0.83796
0.83539
0.83293
0.83059
0.82839
0.82636
0.82451
0.82287
0.82145
0.82026
0.81932
0.81864
0.81819
0.81794
0.81785
0.81782
0.81777
0.81764
0.8174
0.81706
0.81664
0.81616
0.81567
0.81517
0.8147
0.81428
0.81391
0.81361
0.81338
0.81325
0.8132
0.81325
0.81339
0.8136
0.81388
0.8142
0.81455
0.8149
0.81525
0.81559
0.81593
0.81626
0.81659
0.81693
0.81729
0.81765
0.81802
0.81841
0.81879
0.81918
0.81955
0.8199
0.82022
0.8205
0.82076
0.82098
0.82117
0.82134
0.82149
0.82163
0.82177
0.82191
0.82205
0.8222
0.82237
0.82254
0.82272
0.82292
0.82313
0.82335
0.82358
0.82382
0.82406
0.8243
0.82454
0.82478
0.82502
