1
0.96509
0.95456
0.94942
0.94641
0.94219
0.93895
0.93404
0.93
0.92722
0.92447
0.92169
0.91884
0.91634
0.9144
0.91311
0.91216
0.91141
0.91042
0.9093
0.90792
0.90663
0.90543
0.90461
0.90414
0.90407
0.90416
0.90426
0.90419
0.90395
0.90354
0.90302
0.90244
0.90182
0.90119
0.90056
0.89993
0.89931
0.89868
0.89802
0.89735
0.89666
0.89595
0.89523
0.8945
0.89375
0.893
0.89224
0.89147
0.89069
0.88989
0.88907
0.88824
0.88739
0.88652
0.88565
0.88478
0.88391
0.88305
0.88221
0.88141
0.88063
0.87989
0.87918
0.87851
0.87786
0.87725
0.87668
0.87613
0.8756
0.87509
0.87458
0.87408
0.87358
0.87306
0.87254
0.872
0.87144
0.87087
0.87027
0.86966
0.86902
0.86836
0.86767
0.86696
0.86623
0.86548
0.8647
0.8639
0.86309
0.86225
0.86139
0.86052
0.85964
0.85874
0.85785
0.85695
0.85606
0.85518
0.85432
0.85346
0.85263
0.85181
0.851
0.85021
0.84943
0.84865
0.84788
0.84711
0.84632
0.84552
0.84472
0.84389
0.84306
0.8422
0.84133
0.84045
0.83955
0.83864
0.83772
0.83678
0.83583
0.83486
