1
0.96021
0.94714
0.94024
0.93512
0.93027
0.92684
0.9201
0.91382
0.90799
0.90247
0.89732
0.89228
0.88722
0.88219
0.87735
0.87278
0.86856
0.86459
0.86086
0.8573
0.85392
0.85066
0.84752
0.84444
0.8414
0.83836
0.83527
0.83213
0.82891
0.82562
0.82228
0.81894
0.81564
0.8124
0.80924
0.80616
0.80318
0.80028
0.79746
0.79471
0.79204
0.78942
0.78686
0.78434
0.78187
0.77943
0.77702
0.77464
0.77229
0.76997
0.76769
0.76543
0.76321
0.76102
0.75886
0.75673
0.75463
0.75257
0.75055
0.74857
0.74662
0.7447
0.74281
0.74094
0.73908
0.73725
0.73543
0.73362
0.73182
0.73003
0.72823
0.72642
0.72459
0.72274
0.72086
0.71896
0.71703
0.71507
0.71308
0.71108
0.70906
0.70704
0.70502
0.70302
0.70105
0.69911
0.69722
0.69537
0.69357
0.69182
0.69012
0.68846
0.68685
0.68528
0.68375
0.68226
0.68081
0.67938
0.67798
0.67661
0.67527
0.67394
0.67264
0.67136
0.67009
0.66884
0.6676
0.66637
0.66515
0.66394
0.66274
0.66154
0.66035
0.65917
0.65799
0.65683
0.65568
0.65454
0.6534
0.65228
0.65116
0.65005
