1
0.96773
0.9552
0.95689
0.95594
0.95637
0.95606
0.95444
0.95415
0.953
0.95224
0.95019
0.9486
0.94587
0.94297
0.93977
0.93668
0.93373
0.93105
0.92862
0.92629
0.92413
0.92195
0.91984
0.91768
0.91554
0.91332
0.91108
0.90879
0.90647
0.90412
0.90178
0.89944
0.89711
0.89478
0.89245
0.89008
0.88767
0.88519
0.88262
0.87995
0.87719
0.87437
0.87156
0.86885
0.86636
0.86418
0.86238
0.86099
0.86003
0.85947
0.85928
0.85942
0.85978
0.86026
0.86074
0.86113
0.8614
0.86152
0.86151
0.86138
0.86117
0.86088
0.86054
0.86014
0.85972
0.85925
0.85874
0.8582
0.85762
0.85699
0.85632
0.8556
0.85484
0.85403
0.85317
0.85226
0.8513
0.85028
0.84919
0.84802
0.84677
0.84544
0.84403
0.84253
0.84095
0.8393
0.83757
0.83578
0.83393
0.83205
0.83015
0.82825
0.82638
0.82458
0.82286
0.82126
0.81979
0.81849
0.81736
0.81643
0.81571
0.8152
0.81491
0.81481
0.8149
0.81516
0.81554
0.81604
0.81661
0.81724
0.8179
0.81861
0.81936
0.82015
0.82099
0.82188
0.82282
0.82377
0.82472
0.82563
0.82648
0.82725
