1
0.95965
0.94406
0.93541
0.92848
0.92239
0.91787
0.90911
0.90114
0.89399
0.88748
0.88162
0.87612
0.87072
0.86525
0.85976
0.85446
0.84957
0.84506
0.84096
0.83715
0.83363
0.83033
0.82725
0.82431
0.8215
0.81877
0.8161
0.81348
0.81088
0.80829
0.80573
0.80319
0.80067
0.79819
0.79575
0.79335
0.79099
0.78865
0.78629
0.78389
0.78141
0.77882
0.77612
0.77329
0.77035
0.76731
0.76421
0.7611
0.75805
0.75511
0.75229
0.74959
0.747
0.74447
0.74199
0.7395
0.73697
0.73436
0.73164
0.72879
0.72581
0.72274
0.71964
0.71658
0.71359
0.71073
0.708
0.7054
0.70294
0.70059
0.69835
0.6962
0.69412
0.6921
0.69011
0.68815
0.68621
0.68428
0.68236
0.68048
0.67863
0.67685
0.67514
0.67351
0.67195
0.67047
0.66906
0.66772
0.66643
0.66518
0.66398
0.6628
0.66164
0.66049
0.65934
0.65817
0.65698
0.65576
0.6545
0.6532
0.65185
0.65046
0.64902
0.64753
0.646
0.64444
0.64284
0.64123
0.63962
0.63805
0.63652
0.63505
0.63363
0.63228
0.63096
0.62968
0.6284
0.62713
0.62584
0.62455
0.62323
0.6219
