1
0.96211
0.94814
0.94132
0.93586
0.93097
0.9275
0.92097
0.91502
0.90955
0.90422
0.89907
0.89397
0.88895
0.88398
0.87912
0.87435
0.86972
0.86518
0.86081
0.85654
0.85244
0.84846
0.84466
0.841
0.83748
0.83407
0.83076
0.8275
0.82429
0.8211
0.81794
0.8148
0.81169
0.80862
0.80559
0.80263
0.79973
0.79692
0.79419
0.79155
0.78903
0.78663
0.78435
0.78219
0.78015
0.77823
0.7764
0.77465
0.77295
0.7713
0.76966
0.76801
0.76635
0.76466
0.76293
0.76116
0.75935
0.7575
0.75561
0.7537
0.75175
0.74977
0.74776
0.74573
0.74368
0.74162
0.73955
0.73748
0.73541
0.73335
0.73129
0.72924
0.72719
0.72516
0.72313
0.72112
0.71912
0.71714
0.71517
0.71322
0.71128
0.70935
0.70744
0.70554
0.70365
0.70178
0.69993
0.69809
0.69627
0.69447
0.69269
0.69092
0.68917
0.68743
0.68571
0.68401
0.68232
0.68066
0.67901
0.67738
0.67578
0.6742
0.67264
0.67112
0.66963
0.66817
0.66674
0.66534
0.66397
0.66263
0.66133
0.66006
0.65882
0.65762
0.65646
0.65533
0.65425
0.6532
0.65219
0.65122
0.65029
0.6494
