1
0.96145
0.9474
0.94
0.93418
0.92903
0.92532
0.91823
0.91186
0.90617
0.90089
0.89597
0.89115
0.88637
0.88169
0.87724
0.87307
0.86923
0.86565
0.86235
0.85928
0.85645
0.8538
0.85133
0.84896
0.84667
0.84438
0.84204
0.83959
0.83698
0.83419
0.83124
0.82814
0.82492
0.82161
0.81824
0.81483
0.81142
0.80805
0.80475
0.80154
0.79844
0.79547
0.79263
0.78991
0.7873
0.7848
0.7824
0.78009
0.77785
0.77569
0.77359
0.77155
0.76956
0.76761
0.76571
0.76385
0.76204
0.76026
0.75853
0.75684
0.75518
0.75356
0.75196
0.75037
0.74881
0.74727
0.74575
0.74426
0.74278
0.74133
0.7399
0.73848
0.73706
0.73564
0.73421
0.73275
0.73126
0.72972
0.72813
0.72647
0.72474
0.72295
0.7211
0.71919
0.71723
0.71524
0.71325
0.71127
0.70933
0.70748
0.70572
0.70408
0.70258
0.70119
0.69993
0.69878
0.69772
0.69674
0.69582
0.69496
0.69413
0.69334
0.69256
0.6918
0.69105
0.6903
0.68955
0.68878
0.688
0.6872
0.68638
0.68554
0.68467
0.68379
0.68288
0.68195
0.68101
0.68006
0.6791
0.67814
0.67718
0.67624
