1
0.95948
0.94425
0.93582
0.92908
0.9231
0.91864
0.91
0.90207
0.89486
0.88818
0.882
0.87601
0.86997
0.86374
0.85747
0.85141
0.84581
0.84062
0.83581
0.83121
0.82677
0.82243
0.81823
0.81418
0.81032
0.80665
0.80317
0.79985
0.7967
0.79369
0.79081
0.78807
0.78544
0.78291
0.78048
0.77812
0.7758
0.7735
0.77116
0.76877
0.76628
0.76368
0.76097
0.75813
0.75518
0.75212
0.749
0.74586
0.74275
0.73974
0.73683
0.73404
0.73133
0.72869
0.72608
0.72348
0.72084
0.71814
0.71537
0.71252
0.7096
0.70665
0.70374
0.70093
0.69826
0.69575
0.6934
0.69121
0.68915
0.68721
0.68536
0.68359
0.68187
0.6802
0.67855
0.67691
0.67528
0.67365
0.67202
0.67042
0.66885
0.66733
0.66588
0.66449
0.66318
0.66193
0.66073
0.65959
0.65849
0.65741
0.65636
0.65531
0.65426
0.65319
0.65209
0.65095
0.64976
0.6485
0.64716
0.64575
0.64426
0.64269
0.64103
0.63931
0.63752
0.63568
0.63381
0.63192
0.63003
0.62819
0.62641
0.62471
0.62308
0.62153
0.62005
0.61862
0.61722
0.61584
0.61447
0.6131
0.61174
0.61037
