1
0.96446
0.94958
0.94163
0.93537
0.93055
0.92724
0.92045
0.91423
0.90852
0.90323
0.8985
0.89431
0.89074
0.88775
0.88532
0.88328
0.88151
0.87972
0.87769
0.87525
0.87246
0.86956
0.86687
0.86453
0.86256
0.86093
0.8596
0.85851
0.85765
0.85697
0.85647
0.85611
0.85588
0.85576
0.85572
0.85577
0.85588
0.85604
0.85623
0.85646
0.85672
0.85699
0.85727
0.85756
0.85785
0.85814
0.85842
0.85869
0.85894
0.85916
0.85936
0.85952
0.85964
0.85972
0.85974
0.8597
0.85958
0.85935
0.859
0.8585
0.85781
0.85693
0.85585
0.85461
0.85326
0.85186
0.85047
0.84911
0.84782
0.84659
0.8454
0.84422
0.84302
0.84177
0.84043
0.839
0.83748
0.83589
0.83427
0.83267
0.83112
0.82964
0.82823
0.82688
0.82554
0.82421
0.82285
0.82146
0.82004
0.81862
0.81721
0.81586
0.81463
0.81352
0.81254
0.81169
0.81092
0.8102
0.8095
0.80875
0.80793
0.80699
0.80592
0.80471
0.80339
0.80198
0.80054
0.79912
0.79777
0.79649
0.79528
0.79412
0.79297
0.79182
0.79064
0.78941
0.78813
0.78681
0.78548
0.78417
0.78292
0.78176
