1
0.9571
0.95264
0.94886
0.94406
0.93851
0.93372
0.92507
0.9176
0.91096
0.90475
0.89889
0.89307
0.8876
0.88246
0.87792
0.87416
0.87142
0.86962
0.86865
0.86787
0.86704
0.86579
0.8643
0.86251
0.86059
0.85852
0.8564
0.85423
0.85207
0.84991
0.84778
0.84569
0.84367
0.84172
0.8399
0.83823
0.83676
0.8355
0.83445
0.8336
0.83294
0.83244
0.83206
0.8318
0.83162
0.83151
0.83145
0.83143
0.83144
0.83146
0.8315
0.83155
0.83162
0.83169
0.83179
0.8319
0.83204
0.83219
0.83236
0.83253
0.83268
0.8328
0.83289
0.83294
0.83297
0.83297
0.83297
0.83297
0.83298
0.83301
0.83305
0.83311
0.83319
0.8333
0.83342
0.83356
0.83373
0.83391
0.8341
0.8343
0.83452
0.83473
0.83494
0.83516
0.83537
0.83557
0.83575
0.83593
0.83609
0.83624
0.83638
0.83651
0.83663
0.83675
0.83686
0.83697
0.83709
0.83721
0.83734
0.83748
0.83762
0.83779
0.83797
0.83816
0.83839
0.83863
0.83889
0.83918
0.83949
0.83982
0.84018
0.84057
0.84099
0.84144
0.84192
0.84242
0.84294
0.84348
0.844
0.84452
0.84501
0.84546
