1
0.96673
0.95684
0.95301
0.94928
0.94548
0.9411
0.9344
0.92774
0.92155
0.91558
0.91009
0.90443
0.89897
0.89382
0.88927
0.88528
0.88178
0.87859
0.87564
0.87287
0.87029
0.8679
0.86571
0.8637
0.86184
0.86011
0.85848
0.85695
0.85551
0.85413
0.85282
0.85157
0.85037
0.84924
0.84817
0.84716
0.84621
0.84533
0.84451
0.84375
0.84305
0.84239
0.84178
0.84119
0.84063
0.84007
0.8395
0.83891
0.8383
0.83765
0.83694
0.83615
0.83525
0.83421
0.83297
0.83147
0.82962
0.82735
0.82458
0.82132
0.8177
0.81393
0.8102
0.80659
0.80313
0.79983
0.79672
0.79385
0.79125
0.78894
0.78693
0.78518
0.78368
0.78238
0.78127
0.78032
0.7795
0.7788
0.7782
0.77768
0.77722
0.77682
0.77646
0.77614
0.77585
0.77558
0.77533
0.77509
0.77486
0.77464
0.77443
0.77423
0.77404
0.77385
0.77367
0.77349
0.7733
0.77311
0.77291
0.7727
0.77247
0.77222
0.77195
0.77164
0.7713
0.77091
0.77047
0.76996
0.76939
0.76873
0.76798
0.76715
0.76622
0.76519
0.76407
0.76286
0.76157
0.76019
0.75874
0.75722
0.75565
0.75403
