1
0.95999
0.94698
0.9392
0.93112
0.92605
0.92327
0.91615
0.9104
0.9052
0.90083
0.89674
0.8931
0.88928
0.88562
0.88202
0.87859
0.87522
0.87202
0.86878
0.86562
0.86235
0.85909
0.85579
0.85259
0.84945
0.84643
0.84349
0.84063
0.83782
0.83504
0.83228
0.82952
0.82673
0.8239
0.821
0.81801
0.81488
0.81161
0.80817
0.80457
0.80083
0.79699
0.79312
0.78928
0.78551
0.78185
0.77834
0.775
0.77183
0.76885
0.76609
0.76356
0.76127
0.75923
0.75746
0.75595
0.75472
0.75374
0.75297
0.75236
0.75183
0.75128
0.75067
0.74995
0.74914
0.74825
0.74731
0.74636
0.74542
0.7445
0.74363
0.74282
0.74208
0.74143
0.74087
0.7404
0.74003
0.73976
0.73957
0.73944
0.73937
0.73932
0.73929
0.73925
0.73922
0.73917
0.73912
0.73907
0.73903
0.73899
0.73895
0.73891
0.73886
0.73881
0.73873
0.73862
0.73846
0.73825
0.73797
0.73764
0.73724
0.73678
0.73627
0.73573
0.73515
0.73456
0.73396
0.73337
0.7328
0.73225
0.73174
0.73125
0.73081
0.73041
0.73005
0.72972
0.72942
0.72916
0.72893
0.72871
0.72852
0.72835
