1
0.95941
0.94596
0.93887
0.93357
0.92861
0.92511
0.91807
0.91152
0.90541
0.89967
0.89443
0.88957
0.88499
0.88065
0.87655
0.87271
0.86914
0.86574
0.86253
0.85942
0.85643
0.85351
0.85067
0.84786
0.84509
0.84233
0.83956
0.83678
0.83398
0.83115
0.82829
0.82541
0.82251
0.8196
0.81667
0.81373
0.81079
0.80783
0.80485
0.80184
0.7988
0.79572
0.79263
0.78955
0.7865
0.78349
0.78056
0.7777
0.77491
0.7722
0.76956
0.76698
0.76446
0.76199
0.75956
0.75716
0.75479
0.75244
0.75009
0.74773
0.74535
0.74294
0.74049
0.73801
0.7355
0.73297
0.73043
0.72791
0.72541
0.72295
0.72053
0.71815
0.71581
0.71352
0.71126
0.70904
0.70685
0.7047
0.70258
0.70049
0.69842
0.69638
0.69436
0.69236
0.69038
0.68844
0.68651
0.68461
0.68272
0.68087
0.67904
0.67722
0.67543
0.67366
0.67191
0.67017
0.66845
0.66675
0.66506
0.66338
0.66173
0.66009
0.65846
0.65685
0.65526
0.65369
0.65213
0.65059
0.64906
0.64754
0.64603
0.64454
0.64306
0.64159
0.64013
0.63869
0.63726
0.63585
0.63445
0.63306
0.63168
0.63031
