1
0.96237
0.95085
0.94435
0.9371
0.93268
0.93048
0.92471
0.92026
0.91632
0.91319
0.91034
0.90796
0.90546
0.90313
0.90081
0.89857
0.89627
0.89406
0.89179
0.88964
0.88747
0.88543
0.8834
0.88146
0.87952
0.87761
0.87568
0.87374
0.87175
0.86972
0.86763
0.86547
0.86324
0.86093
0.85853
0.85603
0.85342
0.85069
0.84785
0.84491
0.8419
0.83884
0.83578
0.83274
0.82975
0.82683
0.824
0.82127
0.81866
0.81618
0.81384
0.81168
0.80971
0.80794
0.80639
0.80507
0.80398
0.80312
0.80243
0.80188
0.80137
0.80084
0.80021
0.79946
0.79861
0.79766
0.79667
0.79564
0.79463
0.79365
0.79271
0.79184
0.79104
0.79034
0.78972
0.78921
0.7888
0.78849
0.78827
0.78813
0.78804
0.78799
0.78796
0.78794
0.78792
0.78791
0.7879
0.78791
0.78794
0.78798
0.78805
0.78813
0.78824
0.78835
0.78847
0.78858
0.78868
0.78875
0.78881
0.78882
0.78882
0.78878
0.78873
0.78867
0.78859
0.78851
0.78844
0.78836
0.7883
0.78824
0.78819
0.78815
0.78812
0.78809
0.78807
0.78806
0.78804
0.78802
0.78799
0.78795
0.78789
0.78782
