1
0.95785
0.94259
0.9302
0.92205
0.91597
0.91188
0.90265
0.89497
0.88845
0.88309
0.8785
0.87444
0.87045
0.86657
0.86276
0.85904
0.8554
0.85178
0.84821
0.84463
0.84099
0.83722
0.83336
0.82943
0.82548
0.82154
0.81764
0.8138
0.81005
0.80639
0.80281
0.79934
0.79596
0.7927
0.78955
0.78652
0.78358
0.7807
0.77783
0.77495
0.7721
0.7693
0.76662
0.7641
0.76175
0.75959
0.75764
0.75588
0.75433
0.753
0.75188
0.75097
0.75028
0.74981
0.74957
0.74961
0.74993
0.75056
0.75147
0.75258
0.75376
0.75487
0.75582
0.7566
0.75724
0.7578
0.75834
0.75889
0.75948
0.7601
0.7607
0.76125
0.76169
0.76203
0.76225
0.76237
0.7624
0.76235
0.76222
0.762
0.76171
0.76134
0.76088
0.76035
0.75974
0.75906
0.75831
0.75751
0.75667
0.75578
0.75487
0.75395
0.75304
0.75214
0.75127
0.75043
0.74964
0.74887
0.74813
0.7474
0.74669
0.746
0.74532
0.74467
0.74405
0.74346
0.7429
0.74237
0.74187
0.74141
0.741
0.74065
0.74038
0.74017
0.74006
0.74002
0.74005
0.74014
0.74028
0.74045
0.74066
0.74089
