1
0.96145
0.94967
0.94405
0.93981
0.93559
0.93272
0.92712
0.92188
0.917
0.91235
0.90805
0.90398
0.90008
0.89629
0.89267
0.88923
0.886
0.88289
0.87991
0.87699
0.87416
0.87137
0.86864
0.86594
0.86328
0.86064
0.85803
0.85545
0.85289
0.85036
0.84785
0.84536
0.8429
0.84046
0.83805
0.83566
0.83329
0.83094
0.82861
0.82629
0.82399
0.8217
0.81942
0.81716
0.81489
0.81262
0.81035
0.80807
0.80578
0.80349
0.80118
0.79886
0.79653
0.79419
0.79183
0.78946
0.78708
0.7847
0.78232
0.77995
0.77758
0.77521
0.77286
0.77051
0.76818
0.76587
0.76358
0.76133
0.7591
0.7569
0.75473
0.7526
0.75049
0.74842
0.74637
0.74435
0.74236
0.74039
0.73845
0.73653
0.73464
0.73276
0.73091
0.72907
0.72726
0.72547
0.7237
0.72194
0.72021
0.7185
0.71681
0.71514
0.71348
0.71184
0.71022
0.70861
0.70701
0.70542
0.70385
0.70228
0.70073
0.69919
0.69766
0.69614
0.69463
0.69313
0.69164
0.69016
0.68868
0.6872
0.68573
0.68426
0.68279
0.68132
0.67985
0.67838
0.67692
0.67545
0.67399
0.67252
0.67105
0.66957
