1
0.96032
0.94589
0.93843
0.9326
0.92741
0.9237
0.91643
0.90997
0.90428
0.89904
0.89415
0.88934
0.88453
0.87974
0.87512
0.8707
0.86654
0.86256
0.8588
0.85519
0.85177
0.84846
0.84526
0.84212
0.839
0.83587
0.83268
0.82941
0.82606
0.82263
0.81915
0.81566
0.8122
0.80879
0.80546
0.80219
0.79898
0.79584
0.79276
0.78973
0.78674
0.7838
0.78091
0.77805
0.77522
0.77243
0.76966
0.76693
0.76423
0.76156
0.75893
0.75633
0.75377
0.75125
0.74878
0.74634
0.74395
0.7416
0.73929
0.73704
0.73482
0.73264
0.73049
0.72836
0.72625
0.72416
0.72209
0.72002
0.71796
0.71589
0.71382
0.71173
0.70962
0.70749
0.70533
0.70315
0.70094
0.69871
0.69646
0.6942
0.69194
0.68969
0.68745
0.68525
0.68308
0.68096
0.67889
0.67687
0.6749
0.67298
0.67111
0.66929
0.66751
0.66577
0.66407
0.66239
0.66075
0.65912
0.65752
0.65594
0.65437
0.65281
0.65127
0.64973
0.64821
0.64669
0.64518
0.64367
0.64216
0.64066
0.63915
0.63765
0.63614
0.63464
0.63313
0.63163
0.63013
0.62862
0.62712
0.6256
0.62409
0.62256
