1
0.95973
0.94572
0.93809
0.9317
0.92568
0.92103
0.9124
0.90443
0.89716
0.89053
0.88457
0.87919
0.87434
0.87
0.86615
0.86269
0.8596
0.85676
0.85416
0.85167
0.84928
0.84692
0.84459
0.84225
0.83991
0.83758
0.83527
0.83299
0.83075
0.82855
0.8264
0.82429
0.82224
0.82025
0.81832
0.81644
0.81461
0.81281
0.81101
0.80921
0.80737
0.80552
0.80364
0.80177
0.79992
0.79811
0.79636
0.79466
0.793
0.79137
0.78974
0.78812
0.78651
0.7849
0.7833
0.78171
0.78012
0.77854
0.77697
0.77541
0.77385
0.77229
0.77071
0.76909
0.76744
0.76577
0.76407
0.76237
0.76067
0.75897
0.75729
0.75562
0.75396
0.75231
0.75068
0.74905
0.74745
0.74587
0.74431
0.74277
0.74125
0.73976
0.73829
0.73686
0.73545
0.73408
0.73275
0.73147
0.73022
0.72904
0.7279
0.72683
0.72581
0.72486
0.72397
0.72313
0.72233
0.72157
0.72082
0.72009
0.71935
0.7186
0.71783
0.71705
0.71625
0.71543
0.7146
0.71374
0.71288
0.712
0.71112
0.71024
0.70936
0.70848
0.70762
0.70678
0.70596
0.70516
0.70438
0.70363
0.70289
0.70217
