1
0.96158
0.9479
0.94025
0.93407
0.92817
0.92406
0.9162
0.90884
0.90195
0.89557
0.88979
0.88456
0.87985
0.87558
0.87162
0.86775
0.86392
0.86
0.85606
0.8521
0.84825
0.84453
0.84103
0.83772
0.83461
0.83163
0.82875
0.82593
0.82316
0.82045
0.81778
0.81515
0.81258
0.81006
0.80759
0.80518
0.80282
0.80051
0.79827
0.79608
0.79396
0.79191
0.78993
0.78802
0.78617
0.78437
0.78262
0.78091
0.77923
0.77757
0.77594
0.77433
0.77272
0.77112
0.76952
0.76791
0.76629
0.76465
0.76299
0.76129
0.75955
0.75777
0.75593
0.75405
0.75214
0.75019
0.74823
0.74626
0.7443
0.74236
0.74045
0.73857
0.73672
0.7349
0.7331
0.73133
0.72958
0.72785
0.72612
0.7244
0.72268
0.72097
0.71925
0.71753
0.71582
0.71412
0.71242
0.71074
0.70907
0.70741
0.70577
0.70415
0.70255
0.70097
0.69941
0.69786
0.69633
0.69482
0.69332
0.69183
0.69036
0.68889
0.68744
0.686
0.68456
0.68313
0.6817
0.68026
0.67883
0.67738
0.67592
0.67445
0.67298
0.67149
0.66999
0.66848
0.66697
0.66545
0.66394
0.66242
0.6609
0.65939
