1
0.95846
0.94664
0.94025
0.93539
0.93033
0.92685
0.92026
0.91449
0.90954
0.90492
0.90017
0.89512
0.8901
0.88581
0.88242
0.87977
0.87772
0.87599
0.87444
0.87285
0.87113
0.86918
0.86701
0.86462
0.86206
0.85934
0.85648
0.85356
0.85075
0.84824
0.84612
0.84439
0.843
0.84187
0.84094
0.84015
0.83945
0.83879
0.83812
0.83737
0.83649
0.83537
0.83396
0.83221
0.8302
0.82806
0.82597
0.82401
0.82217
0.82042
0.81873
0.81709
0.81554
0.81414
0.81297
0.81208
0.81149
0.81117
0.81109
0.8112
0.81143
0.81169
0.81192
0.81205
0.812
0.81174
0.81122
0.8104
0.8093
0.808
0.80665
0.80541
0.80439
0.80362
0.80307
0.80272
0.8025
0.80236
0.80227
0.80219
0.80207
0.80189
0.80163
0.80127
0.80082
0.80031
0.79978
0.79929
0.79891
0.79867
0.7986
0.79869
0.79892
0.79928
0.79975
0.8003
0.80092
0.8016
0.80232
0.80306
0.80384
0.80463
0.80544
0.80627
0.8071
0.80794
0.80878
0.80962
0.81045
0.81127
0.81208
0.81289
0.81367
0.81446
0.81522
0.81598
0.81671
0.81743
0.81812
0.81879
0.81942
0.82002
