1
0.96469
0.95375
0.94801
0.94449
0.9399
0.93628
0.9307
0.92593
0.92228
0.91852
0.91459
0.91045
0.90652
0.90304
0.9002
0.89776
0.89561
0.8933
0.8909
0.88819
0.88549
0.8828
0.88045
0.87848
0.87698
0.87574
0.87463
0.87347
0.87224
0.87095
0.86964
0.86833
0.86705
0.86579
0.86457
0.86334
0.8621
0.8608
0.85943
0.85796
0.85639
0.85474
0.85303
0.8513
0.84958
0.84788
0.84622
0.8446
0.84302
0.84147
0.83995
0.83845
0.83697
0.8355
0.83405
0.83261
0.83119
0.82981
0.82845
0.82714
0.82586
0.82463
0.82344
0.82229
0.82118
0.82011
0.81909
0.8181
0.81715
0.81622
0.81531
0.81442
0.81354
0.81266
0.81179
0.81093
0.81007
0.80921
0.80835
0.8075
0.80665
0.80581
0.80497
0.80414
0.80332
0.8025
0.80169
0.80089
0.8001
0.79931
0.79853
0.79776
0.79698
0.7962
0.79542
0.79463
0.79383
0.79301
0.79218
0.79133
0.79046
0.78958
0.78868
0.78778
0.78687
0.78596
0.78507
0.78418
0.78332
0.78248
0.78166
0.78088
0.78014
0.77943
0.77876
0.77813
0.77754
0.77698
0.77646
0.77597
0.77551
0.77507
