1
0.96081
0.947
0.9394
0.93337
0.92805
0.92412
0.91664
0.90984
0.90366
0.89792
0.89266
0.88778
0.88324
0.87903
0.87513
0.87146
0.868
0.8646
0.86125
0.85784
0.85438
0.85081
0.84711
0.84324
0.83923
0.83515
0.83112
0.82724
0.82354
0.82003
0.81671
0.81355
0.81055
0.80769
0.80496
0.80235
0.79986
0.79749
0.79521
0.79304
0.79095
0.78896
0.78705
0.78521
0.78345
0.78175
0.7801
0.77851
0.77695
0.77543
0.77393
0.77246
0.77101
0.76956
0.76814
0.76672
0.76531
0.76391
0.7625
0.76109
0.75966
0.75821
0.75673
0.75522
0.75367
0.75208
0.75045
0.74879
0.74708
0.74533
0.74354
0.74172
0.73987
0.73802
0.73617
0.73434
0.73256
0.73083
0.72916
0.72754
0.72597
0.72446
0.72298
0.72152
0.72009
0.71867
0.71724
0.7158
0.71434
0.71285
0.71131
0.70971
0.70806
0.70634
0.70458
0.70279
0.701
0.69924
0.69753
0.69591
0.69439
0.69296
0.69164
0.69042
0.68929
0.68824
0.68726
0.68634
0.68548
0.68466
0.68388
0.68313
0.68241
0.68171
0.68103
0.68035
0.67969
0.67903
0.67837
0.67771
0.67705
0.6764
