1
1.1035
1.2194
1.2572
1.2625
1.3028
1.3322
1.3851
1.4418
1.4875
1.5299
1.5672
1.6004
1.6298
1.6559
1.6798
1.7027
1.7254
1.7479
1.7699
1.7913
1.8121
1.8322
1.8517
1.8706
1.8888
1.9065
1.9236
1.9402
1.9563
1.9719
1.9871
2.002
2.0165
2.0306
2.0445
2.058
2.0712
2.084
2.0965
2.1087
2.1206
2.1322
2.1434
2.1544
2.1651
2.1756
2.1858
2.1958
2.2055
2.2151
2.2244
2.2336
2.2425
2.2513
2.2599
2.2684
2.2767
2.2848
2.2928
2.3007
2.3084
2.316
2.3234
2.3307
2.3379
2.345
2.352
2.3589
2.3657
2.3724
2.379
2.3856
2.392
2.3984
2.4047
2.4109
2.4171
2.4231
2.4292
2.4351
2.441
2.4468
2.4526
2.4583
2.4639
2.4694
2.4749
2.4803
2.4857
2.4909
2.4961
2.5012
2.5063
2.5112
2.516
2.5208
2.5254
2.5299
2.5344
2.5387
2.5429
2.547
2.5511
2.5551
2.5589
2.5627
2.5665
2.5701
2.5737
2.5772
2.5806
2.584
2.5873
2.5906
2.5938
2.597
2.6001
2.6033
2.6063
2.6094
2.6124
2.6154
