1
3.5928
3.7918
3.8948
4.0332
4.1094
4.1923
4.3523
4.4748
4.5649
4.6417
4.72
4.7977
4.8695
4.9348
4.9971
5.0617
5.1304
5.2014
5.2732
5.3443
5.4143
5.4827
5.5495
5.6144
5.6777
5.7392
5.799
5.8572
5.9138
5.9689
6.0225
6.0748
6.1256
6.1752
6.2236
6.2709
6.3171
6.3622
6.4063
6.4494
6.4915
6.5326
6.5727
6.6118
6.6499
6.6871
6.7234
6.7587
6.7931
6.8265
6.859
6.8907
6.9214
6.9512
6.9802
7.0084
7.0359
7.0626
7.0888
7.1145
7.1397
7.1647
7.1893
7.2138
7.2382
7.2625
7.2868
7.3111
7.3354
7.3597
7.3841
7.4085
7.4329
7.4574
7.4818
7.5063
7.5307
7.5551
7.5795
7.6038
7.628
7.6522
7.6762
7.7001
7.724
7.7476
7.7712
7.7946
7.8179
7.841
7.864
7.8868
7.9095
7.9321
7.9545
7.9768
7.9989
8.0209
8.0427
8.0644
8.086
8.1074
8.1287
8.1498
8.1708
8.1916
8.2123
8.2329
8.2533
8.2735
8.2937
8.3137
8.3335
8.3532
8.3727
8.3921
8.4114
8.4305
8.4494
8.4682
8.4868
8.5053
