1
0.9625
0.94946
0.94277
0.93743
0.93224
0.92883
0.92215
0.91593
0.91013
0.90481
0.90003
0.89576
0.89198
0.88861
0.88556
0.88267
0.87992
0.87723
0.87469
0.8723
0.87014
0.8682
0.86651
0.86503
0.86372
0.8625
0.86131
0.86008
0.85879
0.85739
0.85586
0.8542
0.8524
0.85046
0.8484
0.84624
0.84401
0.84177
0.83954
0.83737
0.8353
0.83333
0.83148
0.82975
0.82813
0.82663
0.82522
0.82389
0.82264
0.82145
0.82032
0.81922
0.81817
0.81714
0.81615
0.81518
0.81422
0.81329
0.81237
0.81146
0.81055
0.80964
0.80873
0.80781
0.80689
0.80597
0.80506
0.80418
0.80332
0.8025
0.80171
0.80096
0.80024
0.79955
0.79888
0.79821
0.79752
0.7968
0.79603
0.79519
0.79428
0.79328
0.79218
0.79099
0.78969
0.78832
0.78688
0.7854
0.78392
0.78246
0.78106
0.77973
0.77849
0.77734
0.77629
0.77531
0.7744
0.77354
0.77274
0.77196
0.77122
0.77049
0.76977
0.76907
0.76836
0.76764
0.76692
0.76618
0.76542
0.76464
0.76383
0.76299
0.76211
0.76121
0.76028
0.75932
0.75834
0.75735
0.75634
0.75534
0.75434
0.75335
