1
0.96109
0.94926
0.94356
0.93951
0.93558
0.93296
0.92756
0.92237
0.91735
0.91245
0.90792
0.9037
0.89975
0.89602
0.89258
0.88941
0.88653
0.88383
0.88133
0.87892
0.87665
0.87442
0.87228
0.87019
0.86813
0.8661
0.86409
0.86211
0.86015
0.8582
0.85627
0.85435
0.85244
0.85054
0.84864
0.84674
0.84483
0.84292
0.841
0.83908
0.83714
0.83519
0.83323
0.83127
0.82929
0.82732
0.82533
0.82336
0.82139
0.81943
0.81749
0.81556
0.81366
0.81178
0.80993
0.80811
0.80631
0.80456
0.80284
0.80115
0.79951
0.79789
0.79631
0.79475
0.79322
0.79171
0.79022
0.78876
0.78732
0.7859
0.7845
0.78311
0.78173
0.78037
0.77901
0.77767
0.77633
0.775
0.77368
0.77236
0.77104
0.76973
0.76843
0.76712
0.76583
0.76453
0.76325
0.76197
0.7607
0.75944
0.75819
0.75695
0.75572
0.7545
0.75329
0.75209
0.7509
0.74972
0.74856
0.74741
0.74627
0.74514
0.74403
0.74294
0.74186
0.7408
0.73975
0.73872
0.7377
0.73668
0.73569
0.7347
0.73372
0.73276
0.73181
0.73088
0.72996
0.72905
0.72816
0.72728
0.72641
0.72555
