1
0.95673
0.95009
0.9452
0.93931
0.93312
0.92782
0.91813
0.90994
0.9029
0.89646
0.89041
0.88442
0.87887
0.87373
0.86923
0.86549
0.86274
0.86091
0.85988
0.85905
0.85816
0.85686
0.85534
0.85352
0.85158
0.8495
0.84738
0.8452
0.84303
0.84087
0.83874
0.83665
0.83463
0.83268
0.83086
0.82919
0.82771
0.82646
0.82542
0.82459
0.82395
0.82347
0.82314
0.82292
0.8228
0.82276
0.82278
0.82285
0.82296
0.8231
0.82327
0.82346
0.82368
0.82393
0.82421
0.82452
0.82486
0.82524
0.82565
0.82606
0.82646
0.82685
0.8272
0.82752
0.82782
0.8281
0.82837
0.82865
0.82893
0.82921
0.82952
0.82983
0.83016
0.83049
0.83084
0.83119
0.83154
0.8319
0.83226
0.8326
0.83294
0.83325
0.83353
0.83379
0.83401
0.83419
0.83432
0.8344
0.83443
0.83441
0.83434
0.83422
0.83406
0.83386
0.83363
0.83338
0.83312
0.83284
0.83257
0.83229
0.83203
0.83177
0.83152
0.83129
0.83107
0.83086
0.83067
0.83048
0.83031
0.83015
0.82999
0.82985
0.82972
0.82961
0.82951
0.82942
0.82934
0.82925
0.82915
0.82903
0.82886
0.82865
