1
0.96157
0.94163
0.93457
0.93011
0.92442
0.91936
0.91377
0.90891
0.90586
0.90182
0.89896
0.89524
0.89229
0.88901
0.886
0.88299
0.88027
0.87752
0.87504
0.87259
0.87037
0.86821
0.86622
0.86428
0.86243
0.8606
0.8588
0.857
0.8552
0.85339
0.85158
0.84977
0.84797
0.84617
0.8444
0.84265
0.84094
0.83924
0.83756
0.83588
0.8342
0.83251
0.83082
0.82914
0.82749
0.82587
0.8243
0.82277
0.82127
0.81978
0.81829
0.81676
0.81515
0.81341
0.81149
0.80934
0.80694
0.80429
0.80145
0.79856
0.79582
0.79341
0.79145
0.78998
0.78895
0.78829
0.7879
0.78765
0.78746
0.78723
0.78696
0.78665
0.78633
0.78603
0.78578
0.78561
0.78551
0.78552
0.78562
0.78583
0.78615
0.78661
0.78719
0.78791
0.78875
0.78967
0.79063
0.79156
0.7924
0.79311
0.79367
0.79406
0.79431
0.79443
0.79444
0.79434
0.79417
0.79393
0.79363
0.79327
0.79287
0.79244
0.79197
0.79148
0.79097
0.79045
0.78992
0.78939
0.78888
0.78838
0.78791
0.78748
0.78709
0.78675
0.78645
0.7862
0.78598
0.7858
0.78565
0.78552
0.78543
0.78536
