1
1.5304
1.5215
1.7491
1.853
1.8896
1.9678
2.1039
2.2479
2.4006
2.5265
2.6248
2.707
2.7795
2.8456
2.9073
2.9654
3.0202
3.0719
3.1208
3.1674
3.212
3.2549
3.2964
3.3365
3.3755
3.4134
3.4503
3.4864
3.5217
3.5562
3.5899
3.6229
3.6552
3.6868
3.7177
3.748
3.7776
3.8065
3.8349
3.8627
3.8899
3.9165
3.9427
3.9682
3.9933
4.0178
4.0419
4.0656
4.0889
4.1118
4.1344
4.1566
4.1786
4.2004
4.2218
4.243
4.264
4.2847
4.3051
4.3253
4.3453
4.365
4.3845
4.4037
4.4228
4.4416
4.4603
4.4787
4.497
4.5152
4.5331
4.5509
4.5686
4.5861
4.6034
4.6205
4.6375
4.6543
4.671
4.6874
4.7037
4.7199
4.7358
4.7516
4.7673
4.7827
4.798
4.8132
4.8282
4.843
4.8578
4.8723
4.8868
4.9011
4.9153
4.9293
4.9432
4.957
4.9707
4.9843
4.9977
5.011
5.0242
5.0372
5.0501
5.0628
5.0755
5.088
5.1004
5.1126
5.1247
5.1367
5.1486
5.1603
5.1719
5.1835
5.1948
5.2061
5.2173
5.2284
5.2394
5.2502
