1
0.9592
0.94477
0.93734
0.93156
0.92641
0.92273
0.91534
0.90871
0.90274
0.89715
0.89191
0.88685
0.88192
0.87711
0.87249
0.86807
0.8639
0.85988
0.85598
0.8521
0.84821
0.84426
0.84034
0.83645
0.83268
0.82901
0.82547
0.82204
0.81872
0.8155
0.81235
0.80928
0.80625
0.80326
0.80028
0.7973
0.7943
0.79125
0.78814
0.78496
0.78173
0.77844
0.77514
0.77184
0.76856
0.76534
0.76217
0.75907
0.75603
0.75305
0.75013
0.74728
0.74448
0.74173
0.73904
0.7364
0.73381
0.73128
0.72879
0.72636
0.72397
0.72163
0.71933
0.71706
0.71483
0.71263
0.71047
0.70835
0.70625
0.70419
0.70217
0.70017
0.69819
0.69624
0.69432
0.69242
0.69054
0.68868
0.68684
0.68502
0.68321
0.68142
0.67963
0.67785
0.67608
0.67431
0.67254
0.67078
0.66901
0.66725
0.66548
0.66369
0.6619
0.6601
0.65827
0.65643
0.65456
0.65267
0.65076
0.64882
0.64685
0.64487
0.64287
0.64086
0.63885
0.63684
0.63483
0.63285
0.63088
0.62893
0.62702
0.62513
0.62328
0.62145
0.61966
0.6179
0.61617
0.61447
0.6128
0.61114
0.60951
0.60789
