1
0.96079
0.94571
0.93753
0.93092
0.92492
0.92039
0.91188
0.90392
0.89659
0.88969
0.8832
0.87685
0.87055
0.86431
0.85825
0.85238
0.84677
0.84135
0.83617
0.83117
0.82641
0.82181
0.81742
0.81317
0.80905
0.805
0.80099
0.79698
0.79297
0.78896
0.78498
0.78106
0.77725
0.77358
0.77004
0.76666
0.76341
0.76029
0.75729
0.75437
0.75154
0.74877
0.74604
0.74336
0.7407
0.73807
0.73544
0.73284
0.73025
0.72768
0.72515
0.72266
0.72022
0.71784
0.71551
0.71326
0.71108
0.70897
0.70694
0.70499
0.7031
0.70128
0.69951
0.69779
0.69611
0.69446
0.69283
0.69123
0.68963
0.68804
0.68644
0.68483
0.68319
0.68153
0.67983
0.67811
0.67635
0.67456
0.67274
0.6709
0.66904
0.66718
0.66533
0.66349
0.66167
0.65988
0.65812
0.65639
0.65469
0.65302
0.65137
0.64975
0.64814
0.64654
0.64495
0.64336
0.64178
0.64019
0.63861
0.63702
0.63542
0.63383
0.63222
0.63059
0.62896
0.6273
0.62562
0.62392
0.6222
0.62048
0.61876
0.61706
0.61538
0.61375
0.61216
0.61063
0.60916
0.60775
0.6064
0.60511
0.60388
0.60271
