1
0.95649
0.94918
0.94356
0.937
0.93031
0.92458
0.91409
0.90512
0.8973
0.89008
0.88326
0.87655
0.87027
0.86443
0.85925
0.85487
0.8515
0.84909
0.84754
0.84623
0.84491
0.84322
0.84133
0.83917
0.83691
0.8345
0.83203
0.82948
0.82691
0.8243
0.82167
0.81905
0.81645
0.8139
0.81143
0.8091
0.80693
0.80494
0.80313
0.80147
0.79994
0.79853
0.79722
0.79602
0.79492
0.79394
0.79308
0.79232
0.79166
0.7911
0.79061
0.7902
0.78985
0.78957
0.78934
0.78917
0.78903
0.78891
0.7888
0.78866
0.78846
0.78819
0.78783
0.78738
0.78686
0.78628
0.78567
0.78505
0.78444
0.78385
0.78329
0.78277
0.78229
0.78185
0.78145
0.78108
0.78075
0.78045
0.78018
0.77992
0.77969
0.77947
0.77925
0.77904
0.77884
0.77864
0.77843
0.77822
0.778
0.77779
0.77756
0.77734
0.77711
0.77689
0.77666
0.77645
0.77624
0.77604
0.77585
0.77568
0.77553
0.77539
0.77528
0.77519
0.77513
0.7751
0.77509
0.77511
0.77516
0.77524
0.77535
0.77549
0.77567
0.77589
0.77614
0.77642
0.77672
0.77704
0.77737
0.77768
0.77798
0.77825
