1
0.96048
0.94822
0.94206
0.93755
0.93319
0.93019
0.92419
0.91855
0.91326
0.90826
0.90372
0.89952
0.89558
0.8919
0.88851
0.88541
0.88265
0.8801
0.87774
0.87542
0.87311
0.87067
0.86806
0.86521
0.86215
0.85893
0.85571
0.85257
0.84957
0.84671
0.84399
0.8414
0.83893
0.83657
0.8343
0.83213
0.83005
0.82805
0.82613
0.82428
0.8225
0.82079
0.81913
0.81753
0.81598
0.81447
0.813
0.81156
0.81015
0.80877
0.80741
0.80608
0.80477
0.8035
0.80225
0.80104
0.79986
0.79871
0.7976
0.79652
0.79547
0.79443
0.7934
0.79237
0.79133
0.79026
0.78918
0.78805
0.78688
0.78566
0.78437
0.78303
0.78163
0.7802
0.77874
0.77728
0.77584
0.77443
0.77305
0.77171
0.7704
0.76913
0.76788
0.76664
0.76541
0.76418
0.76294
0.76167
0.76036
0.75901
0.7576
0.75613
0.75458
0.75296
0.75128
0.74957
0.74785
0.74615
0.7445
0.74293
0.74146
0.7401
0.73883
0.73767
0.7366
0.73562
0.73472
0.73389
0.73312
0.73241
0.73174
0.73112
0.73053
0.72997
0.72944
0.72893
0.72844
0.72796
0.72749
0.72703
0.72658
0.72613
