1
0.96427
0.95579
0.95149
0.94831
0.94337
0.94023
0.93612
0.93231
0.92881
0.92526
0.92207
0.9187
0.91551
0.91211
0.90865
0.90529
0.90223
0.89953
0.897
0.89473
0.89254
0.89051
0.88855
0.8867
0.88491
0.88321
0.8816
0.88009
0.8787
0.87745
0.87633
0.87534
0.87448
0.87371
0.87302
0.87237
0.87174
0.87111
0.87048
0.86985
0.86924
0.86866
0.86814
0.86771
0.86739
0.86718
0.86709
0.8671
0.86718
0.86729
0.86742
0.86755
0.86766
0.86774
0.86781
0.86785
0.86788
0.86791
0.86794
0.868
0.86808
0.86819
0.86834
0.86853
0.86876
0.86903
0.86935
0.8697
0.8701
0.87055
0.87103
0.87156
0.87211
0.87268
0.87326
0.87382
0.87435
0.87486
0.87532
0.87576
0.87616
0.87655
0.87693
0.8773
0.87768
0.87807
0.87847
0.87886
0.87925
0.87961
0.87994
0.88023
0.88047
0.88067
0.88083
0.88094
0.88102
0.88106
0.88108
0.88108
0.88107
0.88105
0.88105
0.88107
0.88111
0.88119
0.8813
0.88145
0.88163
0.88185
0.88209
0.88234
0.8826
0.88286
0.88311
0.88335
0.88358
0.88379
0.88399
0.88417
0.88434
0.8845
