1
0.95847
0.94661
0.94019
0.93529
0.93019
0.92668
0.92003
0.91421
0.90919
0.90452
0.89971
0.89463
0.88957
0.88526
0.88184
0.87915
0.87706
0.87526
0.87365
0.87198
0.87018
0.86815
0.86588
0.86339
0.86074
0.85791
0.85493
0.8519
0.84897
0.84633
0.84408
0.84223
0.8407
0.83942
0.83835
0.8374
0.83655
0.83573
0.8349
0.834
0.83295
0.83168
0.8301
0.82819
0.82601
0.82371
0.82146
0.81933
0.81732
0.81541
0.81355
0.81174
0.81002
0.80845
0.80709
0.80602
0.80523
0.80472
0.80443
0.80433
0.80433
0.80436
0.80435
0.80422
0.80393
0.80341
0.80262
0.80153
0.80016
0.7986
0.79698
0.79548
0.79419
0.79316
0.79235
0.79174
0.79126
0.79087
0.79054
0.79021
0.78986
0.78945
0.78895
0.78837
0.7877
0.78698
0.78624
0.78555
0.78497
0.78453
0.78426
0.78416
0.7842
0.78438
0.78466
0.78502
0.78547
0.78596
0.7865
0.78707
0.78767
0.78829
0.78893
0.78958
0.79023
0.7909
0.79156
0.79222
0.79287
0.79351
0.79414
0.79476
0.79536
0.79595
0.79652
0.79708
0.79761
0.79812
0.79861
0.79906
0.79947
0.79985
