1
0.96138
0.94747
0.94041
0.93495
0.92973
0.92626
0.91914
0.91216
0.90531
0.89886
0.89308
0.88789
0.8832
0.87887
0.87473
0.87061
0.86656
0.86252
0.85867
0.855
0.85165
0.8486
0.8459
0.84349
0.84133
0.83932
0.8374
0.8355
0.83358
0.83161
0.82957
0.82746
0.82529
0.82307
0.82082
0.81858
0.81637
0.81422
0.81216
0.81021
0.80834
0.80655
0.8048
0.80304
0.80122
0.79929
0.79725
0.79511
0.79292
0.79078
0.78874
0.78681
0.785
0.78327
0.78161
0.77997
0.77834
0.77668
0.77501
0.77335
0.77172
0.77018
0.76877
0.76751
0.7664
0.76544
0.76459
0.76382
0.76311
0.76243
0.76177
0.76112
0.76045
0.75976
0.75904
0.75827
0.75747
0.75662
0.75575
0.75485
0.75395
0.75303
0.7521
0.75116
0.75018
0.74917
0.74812
0.74702
0.74587
0.74468
0.74346
0.74223
0.74102
0.73984
0.73871
0.73762
0.73658
0.73557
0.73458
0.7336
0.73261
0.7316
0.73056
0.72951
0.72843
0.72735
0.72628
0.72522
0.72419
0.72316
0.72213
0.72108
0.71998
0.71883
0.71762
0.71635
0.71503
0.71369
0.71238
0.71111
0.70991
0.70878
