1
0.96307
0.94975
0.94328
0.93807
0.93336
0.93
0.92368
0.91792
0.91265
0.90762
0.90288
0.89833
0.89398
0.88981
0.88582
0.88198
0.87831
0.87473
0.87129
0.86792
0.86466
0.86146
0.85836
0.85531
0.85233
0.8494
0.84652
0.84369
0.84091
0.83818
0.83549
0.83285
0.83026
0.82771
0.82521
0.82275
0.82033
0.81795
0.81561
0.8133
0.81103
0.80879
0.80658
0.80439
0.80223
0.80008
0.79795
0.79582
0.7937
0.79158
0.78946
0.78734
0.78522
0.78309
0.78095
0.7788
0.77665
0.77448
0.7723
0.77011
0.76789
0.76566
0.76339
0.76108
0.75874
0.75635
0.75391
0.75142
0.74888
0.74629
0.74364
0.74095
0.73822
0.73546
0.73269
0.72994
0.72722
0.72453
0.72189
0.71931
0.71677
0.71428
0.71183
0.70942
0.70704
0.70469
0.70237
0.70007
0.69779
0.69553
0.69328
0.69105
0.68884
0.68666
0.68449
0.68235
0.68023
0.67814
0.67609
0.67406
0.67206
0.67009
0.66815
0.66624
0.66437
0.66253
0.66071
0.65891
0.65714
0.65539
0.65366
0.65194
0.65024
0.64855
0.64688
0.64522
0.64357
0.64193
0.6403
0.63867
0.63705
0.63543
