1
0.96033
0.94578
0.93795
0.93174
0.92581
0.92178
0.91369
0.9061
0.89897
0.89228
0.88607
0.88026
0.87481
0.86966
0.86478
0.86008
0.85558
0.85118
0.84692
0.84271
0.83859
0.83453
0.83061
0.82686
0.8233
0.81991
0.81666
0.81353
0.81049
0.80755
0.80469
0.80192
0.79923
0.79662
0.79405
0.79153
0.78902
0.78652
0.78399
0.78144
0.77885
0.77625
0.77365
0.77108
0.76856
0.7661
0.76372
0.76141
0.75918
0.75702
0.75494
0.75291
0.75095
0.74904
0.74717
0.74535
0.74356
0.7418
0.74006
0.73834
0.73664
0.73494
0.73324
0.73155
0.72985
0.72816
0.72648
0.7248
0.72315
0.72151
0.71989
0.71829
0.7167
0.71512
0.71354
0.71197
0.7104
0.70883
0.70724
0.70564
0.70404
0.70242
0.70078
0.69914
0.69749
0.69583
0.69417
0.6925
0.69083
0.68916
0.68749
0.68581
0.68413
0.68243
0.68073
0.679
0.67727
0.67551
0.67373
0.67192
0.6701
0.66825
0.66638
0.6645
0.66261
0.66071
0.65882
0.65693
0.65506
0.6532
0.65136
0.64954
0.64775
0.64598
0.64425
0.64255
0.64089
0.63926
0.63766
0.6361
0.63458
0.63309
