1
0.96052
0.94691
0.94016
0.93494
0.93031
0.92707
0.9206
0.91489
0.90986
0.90525
0.90108
0.8972
0.89359
0.89022
0.88711
0.88421
0.88156
0.87906
0.87672
0.8744
0.87208
0.86964
0.86703
0.8642
0.86116
0.85797
0.85478
0.85167
0.84867
0.84581
0.84306
0.84043
0.83789
0.83544
0.83306
0.83076
0.82852
0.82634
0.82422
0.82215
0.82013
0.81816
0.81624
0.81438
0.81255
0.81077
0.80903
0.80733
0.80566
0.80404
0.80245
0.8009
0.79939
0.79793
0.79651
0.79514
0.79382
0.79255
0.79133
0.79016
0.78902
0.7879
0.78679
0.78569
0.78458
0.78346
0.78231
0.78113
0.7799
0.77861
0.77727
0.77586
0.7744
0.77289
0.77135
0.76981
0.76827
0.76676
0.76528
0.76384
0.76242
0.76103
0.75965
0.75829
0.75693
0.75556
0.75417
0.75275
0.7513
0.74979
0.74822
0.74658
0.74486
0.74306
0.74119
0.73927
0.73734
0.73541
0.73353
0.73171
0.72997
0.72833
0.72678
0.72532
0.72395
0.72265
0.72144
0.72029
0.7192
0.71816
0.71717
0.71622
0.71531
0.71442
0.71356
0.71273
0.71191
0.7111
0.7103
0.7095
0.70871
0.70791
