1
0.9607
0.94658
0.93905
0.93281
0.92701
0.92243
0.91404
0.90608
0.8986
0.89153
0.88494
0.87874
0.87286
0.86724
0.86184
0.85658
0.85147
0.84642
0.84146
0.83654
0.83168
0.82683
0.82204
0.81727
0.81254
0.80787
0.80329
0.79882
0.7945
0.79033
0.78634
0.78251
0.77885
0.77534
0.77197
0.76872
0.76558
0.76254
0.75956
0.75663
0.75374
0.75086
0.74798
0.74509
0.74218
0.73924
0.73629
0.73331
0.73034
0.72737
0.72443
0.72154
0.7187
0.71593
0.71323
0.71062
0.70809
0.70565
0.70331
0.70105
0.69887
0.69677
0.69474
0.69279
0.6909
0.68908
0.68733
0.68566
0.68405
0.68252
0.68106
0.67967
0.67835
0.67709
0.67589
0.67476
0.67368
0.67265
0.67167
0.67073
0.66983
0.66896
0.66813
0.66731
0.66651
0.66572
0.66495
0.66417
0.6634
0.66262
0.66183
0.66102
0.66019
0.65933
0.65844
0.65753
0.65658
0.65561
0.6546
0.65357
0.65251
0.65141
0.65029
0.64912
0.64791
0.64665
0.64533
0.64395
0.64252
0.64105
0.63954
0.63801
0.63648
0.63497
0.63347
0.63201
0.63058
0.62918
0.62782
0.6265
0.6252
0.62394
