1
1.0863
1.3048
1.3019
1.3109
1.3402
1.3716
1.4238
1.4655
1.4997
1.5265
1.5494
1.5685
1.5873
1.6053
1.6229
1.6388
1.6536
1.6669
1.6803
1.6931
1.7062
1.7188
1.7312
1.743
1.7543
1.7652
1.7756
1.7859
1.7961
1.8063
1.8165
1.8269
1.8375
1.8482
1.8589
1.8697
1.8804
1.8909
1.9012
1.9114
1.9213
1.9311
1.9408
1.9503
1.9597
1.9689
1.9779
1.9869
1.9958
2.0045
2.0133
2.0219
2.0305
2.039
2.0475
2.0559
2.0643
2.0726
2.0809
2.0892
2.0973
2.1054
2.1133
2.121
2.1286
2.1362
2.1436
2.151
2.1584
2.1657
2.173
2.1802
2.1873
2.1943
2.2011
2.2079
2.2145
2.221
2.2274
2.2337
2.2399
2.246
2.252
2.2579
2.2638
2.2696
2.2753
2.2811
2.2868
2.2925
2.2982
2.3038
2.3095
2.3151
2.3207
2.3263
2.3319
2.3375
2.343
2.3485
2.3539
2.3593
2.3647
2.3701
2.3755
2.3808
2.3862
2.3915
2.3969
2.4022
2.4075
2.4128
2.4182
2.4235
2.4289
2.4343
2.4397
2.4451
2.4505
2.4559
2.4613
2.4667
