1
0.96102
0.94918
0.94218
0.9345
0.92961
0.92676
0.91995
0.91444
0.90943
0.90528
0.90149
0.89827
0.89499
0.89198
0.88906
0.88627
0.88347
0.88078
0.878
0.87531
0.87253
0.86978
0.86696
0.86411
0.86119
0.85821
0.85518
0.85213
0.84907
0.84602
0.84299
0.83998
0.83698
0.83397
0.83094
0.82789
0.82477
0.8216
0.81834
0.81502
0.81163
0.8082
0.80475
0.80131
0.7979
0.79455
0.79126
0.78808
0.78501
0.7821
0.77937
0.77685
0.77456
0.77252
0.77075
0.76924
0.76799
0.76698
0.76618
0.76552
0.76491
0.76429
0.76359
0.76278
0.76188
0.76092
0.75991
0.75892
0.75795
0.75704
0.75622
0.75549
0.75487
0.75438
0.75402
0.7538
0.75372
0.75377
0.75394
0.75422
0.75459
0.75503
0.75552
0.75606
0.75664
0.75726
0.75791
0.7586
0.75933
0.76011
0.76092
0.76176
0.76264
0.76354
0.76444
0.76534
0.76623
0.7671
0.76794
0.76874
0.76951
0.77024
0.77093
0.77159
0.77223
0.77283
0.77341
0.77397
0.7745
0.77502
0.77551
0.77598
0.77643
0.77686
0.77727
0.77766
0.77803
0.77837
0.77867
0.77894
0.77918
0.77937
