1
0.95984
0.94577
0.93867
0.93319
0.92836
0.92498
0.91815
0.91212
0.90686
0.90211
0.8979
0.89408
0.89059
0.88732
0.88414
0.88086
0.87747
0.87399
0.87059
0.86729
0.86416
0.86115
0.85832
0.85561
0.85305
0.85061
0.84829
0.84607
0.84394
0.84189
0.83991
0.838
0.83616
0.83437
0.83263
0.83095
0.82931
0.82773
0.82617
0.82465
0.82317
0.82172
0.8203
0.8189
0.81754
0.8162
0.81488
0.81359
0.81231
0.81104
0.80977
0.80849
0.8072
0.80587
0.80451
0.80309
0.8016
0.80004
0.79838
0.79662
0.79474
0.79274
0.79061
0.78839
0.78609
0.78374
0.78137
0.779
0.77666
0.77433
0.77203
0.76973
0.76743
0.76512
0.76278
0.76043
0.75807
0.75573
0.75344
0.75122
0.7491
0.74711
0.74524
0.74349
0.74188
0.74037
0.73897
0.73767
0.73645
0.73531
0.73423
0.7332
0.73222
0.73128
0.73036
0.72946
0.72857
0.72768
0.72679
0.72588
0.72496
0.72402
0.72305
0.72207
0.72105
0.72001
0.71895
0.71786
0.71675
0.71561
0.71445
0.71328
0.7121
0.7109
0.70969
0.70849
0.70727
0.70606
0.70485
0.70364
0.70243
0.70122
