1
0.96082
0.9466
0.93913
0.93312
0.92772
0.92358
0.91598
0.90903
0.90258
0.8964
0.8905
0.8848
0.87924
0.87382
0.86855
0.86339
0.85835
0.85336
0.84844
0.84352
0.83866
0.83381
0.82901
0.82424
0.81954
0.81492
0.81042
0.80606
0.80187
0.79786
0.79406
0.79044
0.78702
0.78377
0.78069
0.77777
0.775
0.77235
0.76984
0.76743
0.76514
0.76295
0.76085
0.75882
0.75686
0.75495
0.75308
0.75124
0.74941
0.74759
0.74577
0.74395
0.74212
0.74027
0.73842
0.73655
0.73468
0.73279
0.7309
0.72899
0.72707
0.72513
0.72316
0.72116
0.71915
0.71711
0.71507
0.71301
0.71096
0.70891
0.70688
0.70486
0.70286
0.70089
0.69895
0.69705
0.69518
0.69334
0.69155
0.68979
0.68806
0.68637
0.68472
0.68309
0.6815
0.67994
0.67842
0.67692
0.67546
0.67403
0.67263
0.67125
0.66991
0.66859
0.66729
0.66602
0.66478
0.66355
0.66235
0.66118
0.66003
0.6589
0.6578
0.65672
0.65567
0.65464
0.65364
0.65265
0.65169
0.65074
0.64982
0.6489
0.64801
0.64714
0.6463
0.64547
0.64467
0.64388
0.64312
0.64238
0.64166
0.64096
