1
0.96052
0.94634
0.9386
0.93221
0.92641
0.92188
0.91352
0.90584
0.89883
0.89239
0.88653
0.881
0.87554
0.86999
0.86443
0.85903
0.85402
0.84934
0.84501
0.84089
0.83697
0.83316
0.82944
0.82578
0.82216
0.81857
0.81504
0.81157
0.80819
0.80494
0.80181
0.79881
0.79595
0.79322
0.79062
0.78813
0.78575
0.78345
0.78119
0.77895
0.77667
0.77433
0.77187
0.76928
0.76652
0.7636
0.76054
0.75741
0.75426
0.75117
0.74816
0.74526
0.74244
0.7397
0.737
0.73433
0.73163
0.72889
0.72607
0.72317
0.7202
0.7172
0.71422
0.71133
0.70857
0.70597
0.70353
0.70125
0.69911
0.69711
0.69524
0.69346
0.69178
0.69018
0.68864
0.68716
0.68572
0.68433
0.68299
0.68171
0.68051
0.6794
0.67839
0.67749
0.6767
0.676
0.6754
0.67487
0.67442
0.67403
0.67369
0.67338
0.67311
0.67286
0.67261
0.67236
0.67208
0.67177
0.67142
0.67103
0.6706
0.6701
0.66955
0.66895
0.66828
0.66755
0.66678
0.66596
0.66513
0.6643
0.66348
0.66269
0.66193
0.66118
0.66044
0.65968
0.6589
0.65806
0.65717
0.65621
0.6552
0.65412
