1
0.96321
0.94808
0.93959
0.93285
0.92756
0.9236
0.91576
0.9085
0.90173
0.89547
0.88987
0.88491
0.88066
0.87707
0.87412
0.87162
0.86942
0.8672
0.86471
0.86176
0.85839
0.85482
0.85137
0.84817
0.84526
0.84261
0.84022
0.83806
0.83615
0.83446
0.83301
0.83176
0.8307
0.8298
0.82904
0.82839
0.82784
0.82737
0.82695
0.82657
0.8262
0.82585
0.82548
0.82511
0.82472
0.82431
0.82388
0.82345
0.82301
0.82257
0.82215
0.82175
0.82136
0.82099
0.82063
0.82026
0.81987
0.81942
0.81889
0.81824
0.81743
0.81644
0.81527
0.81395
0.81252
0.81104
0.80957
0.80814
0.8068
0.80553
0.80434
0.80319
0.80206
0.80092
0.79975
0.79854
0.79729
0.79602
0.79478
0.79359
0.79249
0.79149
0.7906
0.78978
0.78901
0.78826
0.78753
0.78678
0.78603
0.78529
0.7846
0.78399
0.7835
0.78314
0.78293
0.78285
0.78287
0.78294
0.78303
0.78309
0.78307
0.78294
0.78267
0.78227
0.78175
0.78114
0.78048
0.77983
0.77921
0.77864
0.7781
0.77758
0.77704
0.77647
0.77583
0.77511
0.77431
0.77344
0.77252
0.77158
0.77067
0.76982
