1
0.96093
0.94762
0.94136
0.93626
0.93092
0.92757
0.92084
0.91493
0.90985
0.90511
0.90021
0.89509
0.89016
0.88606
0.88278
0.88002
0.87762
0.87538
0.87332
0.87132
0.86941
0.86746
0.86541
0.86313
0.86057
0.85771
0.8546
0.85136
0.84823
0.84546
0.84319
0.84147
0.84021
0.83934
0.83872
0.83825
0.83784
0.83743
0.83698
0.83644
0.83575
0.83486
0.83367
0.83216
0.83037
0.82847
0.82661
0.82489
0.82332
0.82189
0.82056
0.81933
0.81823
0.81731
0.81665
0.8163
0.81626
0.81654
0.81708
0.81783
0.8187
0.81961
0.82048
0.82122
0.82178
0.8221
0.82214
0.82189
0.82136
0.82066
0.81993
0.81934
0.81899
0.8189
0.81906
0.81941
0.81988
0.82043
0.82101
0.82157
0.82208
0.82251
0.82285
0.82308
0.82322
0.82329
0.82335
0.82347
0.8237
0.82409
0.82465
0.82539
0.82629
0.82731
0.82845
0.82966
0.83094
0.83226
0.83361
0.83496
0.83633
0.8377
0.83907
0.84043
0.84179
0.84315
0.8445
0.84584
0.84717
0.8485
0.84983
0.85116
0.85249
0.85383
0.85518
0.85654
0.8579
0.85928
0.86066
0.86204
0.86341
0.86477
