1
0.96172
0.94788
0.94092
0.93541
0.93033
0.9266
0.91943
0.91251
0.90593
0.8996
0.89369
0.88816
0.88297
0.87807
0.87343
0.86896
0.8647
0.86055
0.85657
0.8527
0.84899
0.8454
0.84197
0.83865
0.83547
0.8324
0.82943
0.82655
0.82376
0.82106
0.81843
0.81588
0.8134
0.81099
0.80864
0.80635
0.80411
0.8019
0.79972
0.79756
0.7954
0.79323
0.79105
0.78886
0.78666
0.78443
0.78219
0.77994
0.77768
0.77543
0.7732
0.77101
0.76885
0.76674
0.76469
0.76271
0.7608
0.75897
0.75722
0.75554
0.75393
0.75238
0.7509
0.74946
0.74806
0.7467
0.74537
0.74407
0.74279
0.74154
0.74029
0.73906
0.73783
0.7366
0.73537
0.73415
0.73293
0.7317
0.73047
0.72924
0.72801
0.72677
0.72552
0.72427
0.723
0.72173
0.72045
0.71916
0.71785
0.71654
0.71521
0.71386
0.7125
0.71112
0.70972
0.7083
0.70687
0.70543
0.70397
0.7025
0.70102
0.69953
0.69803
0.69651
0.69499
0.69344
0.69188
0.69031
0.68872
0.68712
0.68554
0.68398
0.68245
0.68096
0.67954
0.67818
0.67688
0.67566
0.67451
0.67343
0.67241
0.67145
