1
0.95818
0.94434
0.93788
0.93314
0.92869
0.92538
0.91881
0.91285
0.90773
0.90302
0.89885
0.89498
0.89134
0.88769
0.88382
0.87955
0.87493
0.87008
0.86534
0.86082
0.85668
0.85282
0.84926
0.84591
0.84277
0.83978
0.83696
0.83429
0.8318
0.82949
0.82736
0.82541
0.82361
0.82195
0.82041
0.81896
0.8176
0.81629
0.81501
0.81376
0.81251
0.81125
0.80997
0.80865
0.8073
0.80591
0.80448
0.80301
0.8015
0.79997
0.7984
0.79679
0.79515
0.79345
0.7917
0.78987
0.78796
0.78596
0.78389
0.78175
0.77955
0.77732
0.77505
0.77275
0.77043
0.76807
0.76568
0.76325
0.76078
0.75828
0.75577
0.75328
0.75083
0.74845
0.74617
0.74397
0.74187
0.73986
0.73794
0.73611
0.73439
0.7328
0.73135
0.73005
0.72889
0.72788
0.72699
0.7262
0.72547
0.72479
0.72411
0.72342
0.72266
0.72182
0.72087
0.71979
0.7186
0.71731
0.71598
0.71465
0.71335
0.7121
0.71089
0.70972
0.70858
0.70745
0.70634
0.70525
0.70421
0.70322
0.7023
0.70146
0.70069
0.7
0.69937
0.69878
0.69822
0.69768
0.69715
0.69662
0.69608
0.69553
