1
1.6468
1.7471
1.8765
1.9728
2.0202
2.0434
2.1589
2.2561
2.338
2.4106
2.4755
2.5355
2.592
2.646
2.6985
2.7487
2.7982
2.8452
2.8916
2.9354
2.9782
3.0186
3.0579
3.0954
3.1316
3.1664
3.2
3.2324
3.2639
3.2943
3.3239
3.3527
3.3809
3.4084
3.4355
3.4621
3.4884
3.5145
3.5403
3.566
3.5916
3.617
3.6424
3.6676
3.6928
3.7177
3.7424
3.7669
3.791
3.8147
3.838
3.8609
3.8834
3.9054
3.9269
3.9481
3.9688
3.9891
4.009
4.0285
4.0477
4.0666
4.0852
4.1035
4.1215
4.1393
4.1569
4.1742
4.1914
4.2084
4.2252
4.2418
4.2583
4.2746
4.2907
4.3067
4.3226
4.3383
4.3539
4.3693
4.3846
4.3998
4.4149
4.4299
4.4447
4.4594
4.4739
4.4884
4.5027
4.5169
4.5309
4.5448
4.5585
4.5721
4.5855
4.5988
4.6119
4.6248
4.6376
4.6502
4.6627
4.6751
4.6873
4.6994
4.7113
4.7232
4.7349
4.7465
4.758
4.7694
4.7807
4.7919
4.8031
4.8142
4.8252
4.8362
4.8471
4.858
4.8689
4.8798
4.8907
4.9016
