1
0.96323
0.95169
0.94744
0.94442
0.94079
0.93867
0.93382
0.9295
0.92585
0.92241
0.9192
0.91604
0.913
0.91007
0.9073
0.90464
0.90216
0.89976
0.89752
0.89537
0.89342
0.89159
0.88997
0.88851
0.88724
0.88611
0.88513
0.88423
0.88341
0.88264
0.8819
0.8812
0.88051
0.87985
0.8792
0.87858
0.87797
0.87739
0.87683
0.87629
0.87577
0.87528
0.87479
0.87432
0.87384
0.87336
0.87286
0.87235
0.8718
0.87123
0.87063
0.87
0.86935
0.86866
0.86797
0.86725
0.86652
0.86578
0.86504
0.8643
0.86355
0.86281
0.86206
0.8613
0.86054
0.85978
0.85902
0.85825
0.85748
0.85671
0.85593
0.85515
0.85437
0.85359
0.85281
0.85204
0.85129
0.85054
0.8498
0.84907
0.84834
0.8476
0.84685
0.84609
0.84532
0.84452
0.8437
0.84287
0.84203
0.84116
0.84029
0.83942
0.83854
0.83767
0.83681
0.83596
0.83514
0.83434
0.83358
0.83284
0.83215
0.83149
0.83088
0.8303
0.82974
0.8292
0.82867
0.82813
0.82758
0.82701
0.8264
0.82575
0.82506
0.82433
0.82356
0.82274
0.82188
0.82099
0.82007
0.81911
0.81812
0.81711
