1
0.95855
0.94538
0.93811
0.93205
0.92613
0.92166
0.91356
0.90649
0.90041
0.89477
0.88898
0.88294
0.87698
0.87186
0.8677
0.86428
0.86142
0.85884
0.8564
0.85387
0.85115
0.84812
0.84478
0.84116
0.8373
0.83322
0.82898
0.82469
0.82057
0.8168
0.81352
0.81072
0.80834
0.8063
0.80452
0.80293
0.80147
0.80009
0.79871
0.79727
0.79568
0.79384
0.79168
0.78916
0.78633
0.78336
0.78042
0.77759
0.7749
0.77232
0.76982
0.76742
0.76513
0.76305
0.76123
0.75973
0.75856
0.7577
0.75709
0.75668
0.75638
0.75612
0.7558
0.75537
0.75477
0.75395
0.75286
0.75148
0.74984
0.74802
0.74617
0.74447
0.74301
0.74185
0.74096
0.74031
0.73984
0.73951
0.73928
0.73911
0.73895
0.73877
0.73856
0.73829
0.73797
0.73763
0.7373
0.73706
0.73694
0.737
0.73725
0.73768
0.73828
0.73903
0.7399
0.74088
0.74193
0.74305
0.74422
0.74543
0.74666
0.74792
0.74919
0.75046
0.75173
0.753
0.75425
0.75548
0.75668
0.75784
0.75897
0.76005
0.7611
0.7621
0.76305
0.76395
0.76479
0.76557
0.76629
0.76694
0.76751
0.76801
