1
0.97113
0.96024
0.95504
0.95166
0.95038
0.94945
0.94627
0.94367
0.94034
0.93778
0.93541
0.93461
0.93377
0.93302
0.93216
0.9316
0.93129
0.93148
0.93194
0.93284
0.93393
0.93504
0.93585
0.9363
0.93636
0.93613
0.93566
0.93502
0.93424
0.93338
0.93246
0.93152
0.93057
0.92964
0.92873
0.92786
0.92703
0.92624
0.92549
0.92479
0.92414
0.92358
0.92312
0.9228
0.92266
0.92273
0.92299
0.92339
0.92382
0.92415
0.92428
0.92421
0.92394
0.92355
0.92309
0.92263
0.92225
0.92202
0.92199
0.92219
0.92262
0.92322
0.92393
0.92468
0.92539
0.92605
0.92662
0.92711
0.92752
0.92787
0.92815
0.9284
0.92863
0.92885
0.92908
0.92934
0.92961
0.92991
0.93021
0.93051
0.93079
0.93105
0.93128
0.93149
0.93168
0.93188
0.93208
0.9323
0.93256
0.93289
0.93328
0.93377
0.93437
0.93508
0.93589
0.9368
0.93778
0.93881
0.93985
0.94089
0.94191
0.9429
0.94386
0.94478
0.94566
0.94651
0.94732
0.9481
0.94885
0.94957
0.95025
0.95091
0.95154
0.95216
0.95276
0.95334
0.95392
0.95448
0.95504
0.95558
0.95611
0.95662
