1
0.96071
0.94659
0.93906
0.93282
0.92702
0.92244
0.91405
0.90609
0.89861
0.89154
0.88495
0.87875
0.87288
0.86725
0.86185
0.85659
0.85148
0.84644
0.84148
0.83655
0.83169
0.82685
0.82205
0.81728
0.81256
0.80789
0.80331
0.79884
0.79452
0.79035
0.78636
0.78254
0.77887
0.77536
0.77199
0.76875
0.76561
0.76257
0.75959
0.75667
0.75378
0.7509
0.74802
0.74514
0.74223
0.7393
0.73634
0.73337
0.7304
0.72744
0.7245
0.72161
0.71877
0.716
0.71331
0.71069
0.70817
0.70573
0.70339
0.70113
0.69896
0.69686
0.69484
0.69289
0.69101
0.6892
0.68745
0.68578
0.68419
0.68267
0.68122
0.67984
0.67852
0.67728
0.67609
0.67497
0.6739
0.67288
0.67191
0.67099
0.6701
0.66924
0.66841
0.66761
0.66682
0.66604
0.66528
0.66451
0.66375
0.66298
0.6622
0.6614
0.66057
0.65973
0.65885
0.65794
0.657
0.65603
0.65504
0.65401
0.65296
0.65187
0.65076
0.6496
0.6484
0.64715
0.64584
0.64447
0.64306
0.6416
0.6401
0.63859
0.63708
0.63558
0.63411
0.63267
0.63127
0.6299
0.62857
0.62728
0.62602
0.62479
