1
0.96368
0.95276
0.94959
0.94773
0.94445
0.9422
0.93761
0.93333
0.92986
0.92648
0.92344
0.92047
0.91772
0.91505
0.91246
0.9098
0.90719
0.90451
0.90192
0.89929
0.89666
0.89391
0.89105
0.88805
0.88492
0.88173
0.8785
0.87532
0.87222
0.86922
0.86632
0.8635
0.86073
0.85799
0.85528
0.85263
0.85005
0.84756
0.84519
0.84295
0.84083
0.83881
0.83684
0.83489
0.8329
0.83087
0.82877
0.82665
0.82451
0.82241
0.82036
0.8184
0.81655
0.81483
0.81323
0.81173
0.81031
0.80893
0.80758
0.80625
0.80493
0.80361
0.80229
0.80098
0.79969
0.79841
0.79716
0.79593
0.79474
0.79359
0.79249
0.79144
0.79044
0.7895
0.78862
0.78779
0.78702
0.7863
0.78564
0.78503
0.78447
0.78396
0.7835
0.78309
0.78272
0.7824
0.78213
0.7819
0.78171
0.78156
0.78146
0.78139
0.78135
0.78135
0.78137
0.78143
0.7815
0.78159
0.7817
0.78182
0.78196
0.78212
0.78228
0.78246
0.78264
0.78284
0.78303
0.78322
0.78341
0.7836
0.78377
0.78394
0.78409
0.78422
0.78433
0.78442
0.78449
0.78454
0.78455
0.78453
0.78447
0.78439
