1
0.96073
0.94592
0.93847
0.93287
0.92802
0.92459
0.91771
0.91116
0.90482
0.89865
0.89281
0.88718
0.88168
0.87623
0.8708
0.86538
0.86007
0.85486
0.8499
0.84515
0.84071
0.83654
0.83268
0.82908
0.82572
0.82253
0.81946
0.81643
0.8134
0.81032
0.80718
0.80396
0.80067
0.79735
0.79403
0.79075
0.78755
0.78448
0.78156
0.77883
0.77629
0.7739
0.77166
0.76951
0.76741
0.7653
0.76316
0.76098
0.75882
0.75672
0.75472
0.75283
0.75101
0.74924
0.74748
0.7457
0.74387
0.74198
0.74003
0.73806
0.73609
0.7342
0.73241
0.73077
0.72927
0.7279
0.72664
0.72546
0.72434
0.72324
0.72215
0.72105
0.71993
0.71878
0.7176
0.71638
0.71514
0.71387
0.71259
0.71131
0.71005
0.7088
0.70756
0.70633
0.70509
0.70383
0.70253
0.7012
0.69983
0.69842
0.69698
0.69554
0.69412
0.69272
0.69137
0.69006
0.6888
0.68758
0.68638
0.68518
0.68399
0.68278
0.68156
0.68034
0.67911
0.6779
0.67672
0.67558
0.67449
0.67344
0.67242
0.67141
0.6704
0.66937
0.66832
0.66725
0.66617
0.66512
0.66412
0.66321
0.66242
0.66173
