1
0.96052
0.94691
0.94016
0.93495
0.93031
0.92707
0.9206
0.91489
0.90986
0.90525
0.90108
0.8972
0.89359
0.89022
0.88711
0.88421
0.88156
0.87907
0.87672
0.87441
0.87209
0.86964
0.86703
0.8642
0.86116
0.85797
0.85478
0.85166
0.84867
0.8458
0.84306
0.84042
0.83788
0.83543
0.83306
0.83075
0.82851
0.82634
0.82421
0.82214
0.82012
0.81815
0.81624
0.81436
0.81254
0.81076
0.80902
0.80732
0.80566
0.80403
0.80244
0.80089
0.79938
0.79792
0.7965
0.79513
0.79381
0.79255
0.79133
0.79015
0.78901
0.78789
0.78678
0.78568
0.78457
0.78345
0.7823
0.78112
0.77988
0.7786
0.77726
0.77585
0.77438
0.77287
0.77134
0.76979
0.76826
0.76675
0.76527
0.76382
0.7624
0.76101
0.75963
0.75827
0.7569
0.75553
0.75414
0.75273
0.75127
0.74976
0.74819
0.74654
0.74482
0.74301
0.74114
0.73922
0.73728
0.73536
0.73347
0.73165
0.72991
0.72827
0.72672
0.72526
0.72389
0.7226
0.72138
0.72023
0.71914
0.71811
0.71712
0.71617
0.71525
0.71437
0.71351
0.71268
0.71186
0.71105
0.71025
0.70946
0.70866
0.70787
