1
0.96196
0.94896
0.94248
0.93735
0.93287
0.92964
0.92341
0.91774
0.91258
0.90772
0.90323
0.89901
0.89508
0.89142
0.88805
0.88492
0.88207
0.87939
0.87691
0.87447
0.87207
0.86955
0.86691
0.86404
0.86099
0.85782
0.85467
0.85163
0.84874
0.84602
0.84345
0.84103
0.83874
0.83658
0.83452
0.83257
0.83072
0.82896
0.82728
0.82569
0.82417
0.82272
0.82134
0.82003
0.81877
0.81756
0.8164
0.81528
0.8142
0.81315
0.81213
0.81114
0.81018
0.80925
0.80836
0.80751
0.80669
0.8059
0.80515
0.80442
0.80372
0.80302
0.80233
0.80162
0.80089
0.80013
0.79934
0.79849
0.79758
0.7966
0.79556
0.79444
0.79326
0.79203
0.79076
0.78948
0.78821
0.78695
0.78573
0.78453
0.78335
0.7822
0.78106
0.77994
0.77881
0.77767
0.77651
0.77532
0.77409
0.7728
0.77145
0.77003
0.76853
0.76694
0.76529
0.76359
0.76188
0.76018
0.75853
0.75695
0.75546
0.75406
0.75275
0.75153
0.7504
0.74935
0.74836
0.74743
0.74655
0.74571
0.74491
0.74413
0.74337
0.74263
0.7419
0.74117
0.74045
0.73972
0.73899
0.73826
0.73751
0.73675
