1
0.96021
0.94638
0.93937
0.93384
0.9289
0.92511
0.91775
0.91068
0.90387
0.8974
0.89145
0.88595
0.88075
0.87578
0.87097
0.86628
0.86174
0.85731
0.85306
0.84893
0.84498
0.84114
0.83743
0.8338
0.83024
0.82672
0.82325
0.8198
0.81638
0.81299
0.80962
0.80626
0.80291
0.79957
0.79626
0.793
0.78979
0.78667
0.78364
0.7807
0.77782
0.77498
0.77213
0.76922
0.76619
0.76302
0.75968
0.75622
0.75272
0.74925
0.74589
0.74268
0.73961
0.73667
0.73382
0.73105
0.72832
0.72562
0.72293
0.72028
0.71772
0.71527
0.71297
0.71086
0.70893
0.70716
0.70553
0.70401
0.70258
0.70123
0.69995
0.69871
0.69752
0.69637
0.69525
0.69416
0.69311
0.6921
0.69114
0.69024
0.6894
0.68862
0.6879
0.68723
0.68659
0.68596
0.68534
0.68472
0.68409
0.68345
0.68282
0.68221
0.68163
0.68111
0.68066
0.68027
0.67993
0.67964
0.67938
0.67912
0.67887
0.6786
0.6783
0.67798
0.67763
0.67727
0.6769
0.67653
0.67616
0.67578
0.67538
0.67492
0.6744
0.67379
0.67308
0.67227
0.67138
0.67043
0.66945
0.66848
0.66752
0.66659
