1
0.96535
0.95266
0.95004
0.94881
0.94587
0.94447
0.94042
0.93667
0.93382
0.93094
0.92839
0.92599
0.92399
0.92213
0.92026
0.91811
0.91579
0.91324
0.91078
0.90842
0.90637
0.90452
0.90283
0.90108
0.89918
0.89709
0.89486
0.89256
0.89028
0.8881
0.88607
0.88422
0.88253
0.88097
0.87948
0.87801
0.87652
0.87503
0.87355
0.87213
0.87079
0.86954
0.86834
0.86718
0.86601
0.86481
0.86358
0.86234
0.86113
0.85997
0.8589
0.85793
0.85707
0.8563
0.85562
0.85501
0.85445
0.85394
0.85346
0.85303
0.85263
0.85224
0.85187
0.8515
0.85113
0.85076
0.85041
0.85008
0.84979
0.84955
0.84937
0.84926
0.84921
0.84921
0.84925
0.84932
0.84941
0.8495
0.84959
0.84968
0.84975
0.84982
0.84989
0.84995
0.85002
0.8501
0.8502
0.85033
0.85048
0.85066
0.85087
0.85112
0.85139
0.85169
0.852
0.85232
0.85265
0.85297
0.85329
0.8536
0.8539
0.85419
0.85448
0.85476
0.85505
0.85534
0.85565
0.85597
0.8563
0.85665
0.85704
0.85745
0.85789
0.85838
0.85891
0.85949
0.86012
0.8608
0.86154
0.86232
0.86316
0.86404
