1
0.95788
0.94316
0.93549
0.92965
0.92427
0.92052
0.91302
0.90621
0.90039
0.89508
0.89043
0.88619
0.8823
0.87851
0.87461
0.87043
0.86602
0.86153
0.85729
0.85344
0.8501
0.84721
0.84475
0.84262
0.84078
0.83915
0.83768
0.83632
0.83504
0.83381
0.83262
0.83147
0.83033
0.82919
0.82807
0.82694
0.82581
0.82468
0.82353
0.82238
0.82122
0.82004
0.81885
0.81764
0.81641
0.81517
0.8139
0.8126
0.81127
0.8099
0.80848
0.80701
0.80547
0.80385
0.80215
0.80036
0.79848
0.79651
0.79446
0.79235
0.79021
0.78804
0.78586
0.78366
0.78145
0.77921
0.77694
0.77461
0.77223
0.7698
0.76731
0.76481
0.76231
0.75984
0.75741
0.75502
0.75268
0.75038
0.74811
0.7459
0.74374
0.74168
0.73971
0.73786
0.73612
0.73449
0.73294
0.73146
0.73002
0.72858
0.72713
0.72561
0.72401
0.72228
0.72042
0.7184
0.71624
0.71397
0.71163
0.70927
0.70694
0.70464
0.70239
0.70018
0.698
0.69584
0.69371
0.69162
0.68959
0.68765
0.6858
0.68407
0.68244
0.68093
0.67951
0.67818
0.67693
0.67574
0.67461
0.67353
0.67249
0.67148
