1
0.96073
0.94645
0.93925
0.93374
0.92891
0.92556
0.91905
0.91338
0.90838
0.90369
0.89928
0.89495
0.89069
0.88645
0.88227
0.87811
0.87403
0.87
0.86608
0.86224
0.85855
0.85498
0.8516
0.84836
0.84528
0.84233
0.83948
0.83667
0.83388
0.83109
0.82826
0.82541
0.82253
0.81962
0.8167
0.81377
0.81086
0.80796
0.80511
0.80229
0.79955
0.79687
0.79429
0.7918
0.78942
0.78713
0.78494
0.78285
0.78082
0.77887
0.77697
0.77512
0.7733
0.7715
0.76972
0.76797
0.76622
0.7645
0.76278
0.76108
0.75939
0.7577
0.75601
0.75432
0.75262
0.75093
0.74924
0.74755
0.74586
0.74418
0.7425
0.74082
0.73915
0.73748
0.73582
0.73416
0.73251
0.73087
0.72924
0.72761
0.72599
0.72438
0.72278
0.72119
0.71961
0.71804
0.71649
0.71495
0.71343
0.71193
0.71045
0.70898
0.70754
0.70611
0.70471
0.70332
0.70196
0.70062
0.69931
0.69802
0.69677
0.69555
0.69436
0.69322
0.69212
0.69106
0.69005
0.68908
0.68816
0.68729
0.68646
0.68567
0.68493
0.68423
0.68358
0.68297
0.6824
0.68186
0.68136
0.68089
0.68044
0.68
