1
0.96571
0.95594
0.95098
0.94787
0.94348
0.93979
0.93453
0.93
0.92653
0.92302
0.91944
0.91581
0.91251
0.90978
0.90769
0.90594
0.90441
0.90264
0.90077
0.89861
0.89649
0.89437
0.8925
0.89085
0.88947
0.88814
0.88678
0.88527
0.88364
0.88194
0.88022
0.87852
0.87687
0.87528
0.87375
0.87227
0.87082
0.8694
0.86799
0.86658
0.86515
0.86371
0.86225
0.86077
0.85928
0.85777
0.85625
0.85472
0.85321
0.85171
0.85025
0.84883
0.84746
0.84617
0.84494
0.84378
0.84271
0.8417
0.84076
0.83988
0.83904
0.83823
0.83743
0.83663
0.83583
0.835
0.83414
0.83325
0.83233
0.83138
0.83039
0.82938
0.82833
0.82728
0.82621
0.82514
0.82407
0.82301
0.82197
0.82094
0.81995
0.81898
0.81805
0.81716
0.81631
0.81551
0.81476
0.81406
0.81342
0.81283
0.81231
0.81184
0.81143
0.81108
0.81078
0.81055
0.81036
0.81023
0.81014
0.81011
0.81011
0.81015
0.81023
0.81033
0.81046
0.81061
0.81076
0.81092
0.81108
0.81123
0.81137
0.8115
0.8116
0.81169
0.81175
0.81179
0.8118
0.81179
0.81175
0.81168
0.81157
0.81144
