1
0.96063
0.94647
0.93923
0.93346
0.92818
0.92432
0.91691
0.9101
0.90393
0.8982
0.89296
0.88805
0.88338
0.87889
0.87454
0.87026
0.86608
0.86195
0.85792
0.85395
0.85011
0.84634
0.84271
0.83918
0.83576
0.83243
0.8292
0.82604
0.82297
0.81996
0.81703
0.81416
0.81136
0.80862
0.80595
0.80332
0.80075
0.79822
0.79572
0.79324
0.79078
0.78833
0.78588
0.78342
0.78096
0.77848
0.77599
0.77349
0.77098
0.76847
0.76598
0.7635
0.76105
0.75865
0.75631
0.75402
0.75181
0.74967
0.74762
0.74564
0.74374
0.74191
0.74013
0.73842
0.73676
0.73514
0.73357
0.73203
0.73052
0.72904
0.72758
0.72613
0.7247
0.72327
0.72184
0.72041
0.71899
0.71757
0.71615
0.71473
0.7133
0.71187
0.71043
0.70897
0.70751
0.70604
0.70455
0.70306
0.70154
0.70001
0.69845
0.69687
0.69527
0.69363
0.69196
0.69026
0.68854
0.68678
0.685
0.68319
0.68136
0.67951
0.67764
0.67574
0.67382
0.67187
0.66989
0.66788
0.66585
0.6638
0.66176
0.65972
0.65771
0.65575
0.65383
0.65197
0.65017
0.64844
0.64676
0.64515
0.64359
0.64209
