1
0.96093
0.94905
0.94236
0.93518
0.93081
0.92868
0.92288
0.91855
0.91488
0.91213
0.90973
0.90784
0.90583
0.90398
0.90213
0.90033
0.89846
0.89667
0.89479
0.89302
0.89123
0.88953
0.88784
0.88621
0.88458
0.88295
0.88128
0.87957
0.8778
0.87595
0.87402
0.87201
0.86989
0.86767
0.86534
0.8629
0.86033
0.85764
0.85482
0.8519
0.84888
0.84581
0.84272
0.83965
0.83661
0.83364
0.83075
0.82797
0.8253
0.82278
0.82042
0.81825
0.81629
0.81455
0.81306
0.81182
0.81082
0.81007
0.80952
0.80911
0.80877
0.80842
0.808
0.80749
0.80688
0.80621
0.80549
0.80475
0.80402
0.80331
0.80265
0.80204
0.80149
0.80101
0.80061
0.8003
0.80006
0.7999
0.79981
0.79977
0.79976
0.79977
0.79977
0.79977
0.79976
0.79974
0.79971
0.79968
0.79965
0.79962
0.79961
0.7996
0.79959
0.79958
0.79956
0.79952
0.79945
0.79934
0.7992
0.79901
0.79879
0.79852
0.79823
0.79791
0.79757
0.79722
0.79686
0.79649
0.79612
0.79575
0.79539
0.79502
0.79466
0.7943
0.79395
0.79359
0.79324
0.79289
0.79253
0.79216
0.79178
0.79139
