1
0.9603
0.94525
0.93629
0.92878
0.92205
0.91706
0.90776
0.89922
0.89152
0.88449
0.87815
0.87225
0.86655
0.86087
0.85528
0.84997
0.84517
0.84084
0.83699
0.83352
0.83038
0.8275
0.82485
0.82236
0.82
0.81772
0.81549
0.81328
0.81109
0.80889
0.8067
0.80451
0.80233
0.80017
0.79805
0.79595
0.79389
0.79185
0.78982
0.78778
0.78571
0.78356
0.78132
0.77896
0.77646
0.77382
0.77106
0.76823
0.7654
0.7626
0.75989
0.75725
0.75467
0.75215
0.74965
0.74714
0.7446
0.742
0.73932
0.73655
0.73371
0.73085
0.72802
0.72528
0.72268
0.72024
0.71795
0.71582
0.71381
0.71192
0.71012
0.70838
0.7067
0.70506
0.70342
0.7018
0.70017
0.69854
0.6969
0.69528
0.69369
0.69215
0.69067
0.68926
0.68791
0.68663
0.6854
0.68423
0.68309
0.68198
0.6809
0.67982
0.67875
0.67767
0.67657
0.67544
0.67426
0.67302
0.67174
0.67039
0.66897
0.66749
0.66595
0.66434
0.66268
0.66095
0.65919
0.6574
0.65561
0.65383
0.6521
0.65041
0.64878
0.6472
0.64566
0.64414
0.64263
0.64111
0.63958
0.63804
0.63648
0.6349
