1
0.96538
0.95466
0.94846
0.94422
0.93886
0.93468
0.92843
0.92299
0.91879
0.91463
0.91054
0.90653
0.90297
0.9001
0.89797
0.89632
0.89499
0.89359
0.89224
0.89077
0.8895
0.8884
0.8877
0.88737
0.8874
0.88757
0.88772
0.88768
0.88744
0.88699
0.88638
0.88563
0.88476
0.88382
0.88282
0.88176
0.88064
0.87948
0.87827
0.87702
0.87573
0.87441
0.87307
0.87173
0.87039
0.86905
0.86771
0.86637
0.86505
0.86373
0.86242
0.86111
0.85982
0.85853
0.85726
0.85601
0.85478
0.85359
0.85242
0.8513
0.85022
0.84918
0.84818
0.84721
0.8463
0.84542
0.8446
0.84381
0.84308
0.84238
0.84172
0.8411
0.84051
0.83997
0.83945
0.83898
0.83854
0.83815
0.83779
0.83747
0.83719
0.83695
0.83675
0.83659
0.83647
0.83639
0.83635
0.83636
0.83641
0.83649
0.83661
0.83677
0.83695
0.83716
0.83739
0.83764
0.8379
0.83817
0.83845
0.83872
0.83898
0.83924
0.83949
0.83971
0.83992
0.84011
0.84026
0.84038
0.84047
0.84052
0.84053
0.8405
0.84044
0.84034
0.84022
0.84006
0.83988
0.83967
0.83945
0.8392
0.83893
0.83864
