1
0.96167
0.95161
0.94533
0.93984
0.93432
0.93004
0.92276
0.91614
0.91035
0.90512
0.90048
0.89614
0.89213
0.88839
0.88502
0.88202
0.87943
0.87717
0.87524
0.87359
0.87224
0.8711
0.87009
0.86904
0.86782
0.86631
0.86454
0.86253
0.86038
0.85814
0.85587
0.8536
0.85135
0.84914
0.84697
0.84486
0.84279
0.84077
0.83879
0.83684
0.83492
0.83303
0.83117
0.82933
0.82752
0.82575
0.82403
0.82238
0.82082
0.81937
0.81804
0.81687
0.81586
0.81504
0.81442
0.814
0.8138
0.81379
0.81396
0.81428
0.81469
0.81516
0.81562
0.81603
0.81636
0.81659
0.81672
0.81675
0.81672
0.81664
0.81657
0.81651
0.81651
0.81658
0.81673
0.81699
0.81733
0.81775
0.81823
0.81875
0.81928
0.8198
0.82032
0.82083
0.82133
0.82182
0.82232
0.82284
0.82339
0.82398
0.82461
0.82528
0.82602
0.8268
0.82764
0.82853
0.82947
0.83044
0.83145
0.83248
0.83351
0.83456
0.8356
0.83664
0.83766
0.83865
0.83961
0.84055
0.84145
0.8423
0.84312
0.84391
0.84467
0.84539
0.84609
0.84677
0.84742
0.84804
0.84865
0.84922
0.84977
0.85029
