1
0.96262
0.95
0.94396
0.93925
0.93515
0.93226
0.92659
0.92131
0.91635
0.91153
0.90701
0.90274
0.89876
0.89504
0.8916
0.88835
0.88534
0.88246
0.87977
0.87718
0.87472
0.87235
0.87007
0.86786
0.86572
0.86362
0.86157
0.85956
0.85759
0.85564
0.85373
0.85184
0.84997
0.84812
0.84627
0.84444
0.84261
0.84077
0.83894
0.83711
0.83527
0.83342
0.83158
0.82974
0.8279
0.82606
0.82422
0.82239
0.82058
0.81879
0.81701
0.81526
0.81353
0.81182
0.81014
0.80849
0.80687
0.80527
0.8037
0.80216
0.80064
0.79914
0.79765
0.79617
0.7947
0.79324
0.79178
0.79033
0.78889
0.78745
0.78602
0.78459
0.78316
0.78173
0.7803
0.77888
0.77746
0.77604
0.77462
0.7732
0.77178
0.77036
0.76894
0.76753
0.76611
0.7647
0.76329
0.76189
0.76049
0.7591
0.75772
0.75635
0.75498
0.75362
0.75226
0.75091
0.74956
0.74822
0.74688
0.74555
0.74423
0.74291
0.7416
0.74029
0.73899
0.73769
0.7364
0.73511
0.73381
0.73252
0.73122
0.72991
0.7286
0.72728
0.72596
0.72464
0.72331
0.72197
0.72064
0.71929
0.71794
0.71658
