1
0.97748
0.99004
1.043
1.0847
1.0999
1.1076
1.1356
1.164
1.1922
1.2187
1.2434
1.2663
1.2873
1.3069
1.3252
1.3424
1.3585
1.3735
1.3872
1.4
1.4119
1.423
1.4333
1.4429
1.4518
1.4601
1.4677
1.4749
1.4815
1.4879
1.4939
1.4998
1.5056
1.5112
1.5169
1.5225
1.5282
1.5338
1.5396
1.5453
1.551
1.5568
1.5625
1.5681
1.5737
1.5792
1.5845
1.5898
1.595
1.6
1.605
1.6099
1.6146
1.6193
1.6239
1.6285
1.6329
1.6373
1.6416
1.6458
1.6499
1.654
1.658
1.6619
1.6657
1.6694
1.673
1.6765
1.6799
1.6832
1.6864
1.6896
1.6926
1.6955
1.6984
1.7011
1.7038
1.7064
1.7089
1.7113
1.7137
1.716
1.7182
1.7204
1.7226
1.7247
1.7268
1.7288
1.7308
1.7329
1.7348
1.7368
1.7388
1.7407
1.7427
1.7446
1.7465
1.7485
1.7504
1.7524
1.7544
1.7563
1.7583
1.7603
1.7623
1.7642
1.7662
1.7682
1.7702
1.7722
1.7742
1.7763
1.7783
1.7804
1.7826
1.7848
1.787
1.7893
1.7915
1.7939
1.7962
1.7985
