1
0.95852
0.94673
0.93932
0.93496
0.92921
0.92567
0.9208
0.91816
0.92079
0.92616
0.93202
0.93628
0.93819
0.93735
0.93427
0.93003
0.92733
0.92754
0.93006
0.93368
0.93786
0.94203
0.94608
0.94978
0.95317
0.95624
0.95912
0.96177
0.96424
0.9665
0.9686
0.9706
0.97257
0.97461
0.9768
0.97915
0.98165
0.98429
0.98701
0.98977
0.99256
0.99535
0.99813
1.0009
1.0037
1.0064
1.0093
1.0121
1.015
1.0179
1.0208
1.0237
1.0266
1.0295
1.0324
1.0352
1.038
1.0407
1.0434
1.046
1.0486
1.0512
1.0537
1.0562
1.0586
1.061
1.0634
1.0658
1.0682
1.0705
1.0729
1.0753
1.0776
1.08
1.0824
1.0847
1.0871
1.0895
1.0919
1.0943
1.0967
1.0991
1.1016
1.104
1.1065
1.1089
1.1114
1.1139
1.1163
1.1187
1.1211
1.1235
1.1258
1.128
1.1301
1.1322
1.1342
1.1361
1.1379
1.1396
1.1413
1.1429
1.1444
1.1458
1.1472
1.1485
1.1497
1.1508
1.1519
1.1529
1.1539
1.1548
1.1556
1.1564
1.1571
1.1577
1.1584
1.1589
1.1595
1.16
1.1604
1.1608
