1
0.96017
0.94907
0.94413
0.94137
0.93893
0.93688
0.93197
0.92645
0.92032
0.9143
0.9084
0.90282
0.89738
0.89224
0.88741
0.88291
0.87872
0.87477
0.87099
0.86738
0.86388
0.86058
0.85749
0.85468
0.85219
0.85006
0.8483
0.84693
0.84594
0.8453
0.84499
0.84497
0.8452
0.84564
0.84625
0.84699
0.84785
0.84878
0.84978
0.85083
0.85191
0.85304
0.8542
0.85538
0.85659
0.85781
0.85903
0.86025
0.86146
0.86265
0.86382
0.86495
0.86606
0.86714
0.86819
0.86921
0.87021
0.87119
0.87214
0.87307
0.87396
0.8748
0.87559
0.87632
0.87699
0.87758
0.87811
0.87856
0.87893
0.87922
0.87941
0.87949
0.87947
0.87933
0.87908
0.87872
0.87826
0.87772
0.87711
0.87648
0.87585
0.87525
0.87473
0.87429
0.87396
0.87374
0.87364
0.87364
0.87374
0.87392
0.8742
0.87454
0.87496
0.87545
0.876
0.87661
0.87728
0.878
0.87878
0.87961
0.88047
0.88136
0.88227
0.8832
0.88413
0.88506
0.88597
0.88687
0.88774
0.88858
0.88938
0.89014
0.89085
0.89153
0.89217
0.89276
0.89331
0.89382
0.89429
0.8947
0.89505
0.89534
