1
0.96017
0.94565
0.93779
0.93152
0.92582
0.92155
0.91336
0.90576
0.89877
0.89223
0.88616
0.88046
0.87507
0.86996
0.86514
0.86056
0.85624
0.85211
0.8482
0.84444
0.84086
0.8374
0.83407
0.83083
0.82768
0.82458
0.82151
0.81847
0.81543
0.8124
0.80937
0.80634
0.80331
0.80029
0.79728
0.79427
0.79128
0.78829
0.78529
0.78227
0.77922
0.77617
0.7731
0.77006
0.76705
0.76411
0.76125
0.75848
0.75579
0.75318
0.75066
0.74821
0.74582
0.7435
0.74123
0.739
0.7368
0.73463
0.73246
0.7303
0.72811
0.7259
0.72365
0.72136
0.71904
0.7167
0.71435
0.712
0.70968
0.70739
0.70513
0.70291
0.70072
0.69857
0.69646
0.69438
0.69233
0.69032
0.68833
0.68636
0.68442
0.68251
0.68062
0.67875
0.6769
0.67508
0.67328
0.6715
0.66975
0.66802
0.66631
0.66462
0.66295
0.66131
0.65967
0.65805
0.65645
0.65486
0.65328
0.65171
0.65015
0.6486
0.64707
0.64555
0.64403
0.64253
0.64104
0.63955
0.63807
0.63659
0.6351
0.63362
0.63214
0.63065
0.62916
0.62767
0.62617
0.62466
0.62314
0.6216
0.62005
0.61848
