1
0.96028
0.94541
0.93742
0.93117
0.9257
0.92165
0.91369
0.90618
0.89919
0.8928
0.88717
0.88186
0.87635
0.87028
0.86378
0.85732
0.85136
0.84595
0.84117
0.83691
0.83318
0.8299
0.82703
0.82449
0.82224
0.82018
0.81828
0.81647
0.81471
0.81296
0.8112
0.80941
0.80759
0.80576
0.80394
0.80215
0.80041
0.79871
0.79706
0.7954
0.79369
0.79185
0.7898
0.78744
0.7847
0.78156
0.77807
0.77435
0.7706
0.767
0.76365
0.76057
0.75768
0.75491
0.75215
0.74931
0.7463
0.74306
0.73955
0.73581
0.73194
0.72811
0.7245
0.72125
0.71846
0.71613
0.71423
0.71269
0.71145
0.71042
0.70956
0.70878
0.70805
0.7073
0.70652
0.70566
0.70472
0.7037
0.70262
0.70152
0.70044
0.69941
0.69846
0.69762
0.69687
0.69623
0.69565
0.69514
0.69467
0.69422
0.69379
0.69338
0.69298
0.6926
0.69221
0.6918
0.69135
0.69081
0.69018
0.68943
0.68855
0.68753
0.68637
0.68507
0.68364
0.68211
0.68049
0.67883
0.67715
0.67551
0.67391
0.67238
0.6709
0.66944
0.66799
0.66653
0.66503
0.66351
0.66198
0.66045
0.65895
0.65747
