1
0.95934
0.94635
0.93918
0.93332
0.92747
0.92318
0.91538
0.90852
0.90263
0.89716
0.89152
0.88561
0.87976
0.8747
0.87057
0.86715
0.8643
0.86177
0.85945
0.85712
0.85473
0.85215
0.8494
0.84648
0.84345
0.84029
0.83703
0.83375
0.83061
0.82779
0.82539
0.8234
0.82177
0.82041
0.81926
0.81827
0.81738
0.81655
0.81572
0.81482
0.8138
0.81256
0.81104
0.80919
0.8071
0.8049
0.80276
0.80075
0.79888
0.79711
0.79541
0.79377
0.79223
0.79084
0.78969
0.78882
0.78824
0.78794
0.78789
0.78801
0.78824
0.7885
0.78872
0.78883
0.78877
0.78847
0.78791
0.78704
0.7859
0.78455
0.78314
0.78185
0.78076
0.77992
0.77931
0.77887
0.77858
0.77838
0.77822
0.77807
0.77789
0.77765
0.77733
0.77693
0.77643
0.77588
0.77532
0.77481
0.7744
0.77414
0.77405
0.77412
0.77434
0.77468
0.77514
0.77567
0.77628
0.77694
0.77764
0.77837
0.77912
0.77989
0.78067
0.78146
0.78224
0.78303
0.78381
0.78458
0.78533
0.78606
0.78676
0.78744
0.78809
0.78871
0.78929
0.78984
0.79034
0.7908
0.7912
0.79154
0.79181
0.79201
