1
0.96022
0.94659
0.93918
0.93315
0.92737
0.92317
0.9155
0.90879
0.90299
0.8975
0.89176
0.88567
0.8796
0.87429
0.86988
0.86617
0.86303
0.86021
0.8576
0.85499
0.85232
0.84946
0.84645
0.84328
0.84001
0.83663
0.83317
0.82969
0.82637
0.82338
0.82083
0.81868
0.81689
0.81537
0.81405
0.81287
0.81177
0.8107
0.80959
0.80838
0.80699
0.80534
0.80334
0.80096
0.79826
0.79538
0.79249
0.78967
0.7869
0.78417
0.78145
0.77876
0.77614
0.7737
0.77153
0.76969
0.76821
0.76708
0.76624
0.76563
0.76518
0.76481
0.76443
0.76396
0.76333
0.76247
0.76134
0.75989
0.75813
0.75614
0.75407
0.75207
0.75024
0.74863
0.74724
0.74602
0.74494
0.74395
0.74303
0.74212
0.74121
0.74026
0.73925
0.73817
0.73701
0.73582
0.73463
0.73351
0.7325
0.73165
0.73097
0.73047
0.73012
0.7299
0.7298
0.7298
0.72987
0.73
0.73018
0.73039
0.73064
0.73092
0.73122
0.73154
0.73187
0.73221
0.73255
0.7329
0.73325
0.73359
0.73392
0.73425
0.73457
0.73488
0.73519
0.73548
0.73576
0.73602
0.73626
0.73648
0.73666
0.73681
