1
0.96497
0.9475
0.94451
0.94043
0.93543
0.93281
0.92901
0.92212
0.91718
0.9115
0.90744
0.90358
0.90084
0.89795
0.89506
0.89184
0.8886
0.88514
0.88177
0.87832
0.87498
0.8716
0.86831
0.86502
0.86179
0.85857
0.8554
0.85228
0.84922
0.84622
0.84332
0.84052
0.83787
0.83536
0.83303
0.8309
0.82899
0.82733
0.82597
0.82494
0.8243
0.82407
0.82425
0.82474
0.82538
0.82589
0.82608
0.82583
0.82515
0.82409
0.82271
0.8211
0.81932
0.81744
0.81551
0.81359
0.81171
0.80987
0.80808
0.80633
0.80461
0.80289
0.80113
0.79933
0.79747
0.79554
0.79355
0.79151
0.78943
0.78733
0.78525
0.78322
0.78126
0.77941
0.77771
0.77617
0.77482
0.77366
0.77268
0.77186
0.7712
0.77066
0.77022
0.76988
0.76963
0.76947
0.76941
0.76944
0.76956
0.76974
0.76995
0.77016
0.77032
0.77042
0.77046
0.77043
0.77037
0.7703
0.77023
0.77019
0.77018
0.77024
0.77035
0.77052
0.77072
0.77094
0.77116
0.77134
0.77147
0.77154
0.77156
0.77154
0.77149
0.77143
0.77138
0.77136
0.77137
0.77143
0.77153
0.77166
0.77181
0.77196
