1
0.96185
0.94762
0.94051
0.93506
0.93027
0.92675
0.91984
0.91314
0.90662
0.90029
0.8944
0.88884
0.88352
0.87834
0.87328
0.86831
0.8635
0.85884
0.85443
0.85023
0.84632
0.84264
0.83923
0.83604
0.83304
0.8302
0.82747
0.82482
0.8222
0.8196
0.81698
0.81432
0.81162
0.80889
0.80614
0.80338
0.80065
0.79795
0.79531
0.79272
0.79017
0.78763
0.78504
0.78237
0.77955
0.77654
0.77332
0.76992
0.76641
0.76286
0.75935
0.75592
0.75258
0.74935
0.74622
0.74318
0.74021
0.73729
0.73445
0.73167
0.72901
0.7265
0.72418
0.72205
0.72011
0.71833
0.71667
0.7151
0.71356
0.71205
0.71052
0.70897
0.7074
0.70579
0.70415
0.70249
0.70081
0.69914
0.69748
0.69585
0.69425
0.6927
0.69118
0.68969
0.68822
0.68675
0.68527
0.68378
0.68226
0.68073
0.6792
0.67767
0.67617
0.67472
0.67332
0.67198
0.67068
0.66943
0.6682
0.66699
0.66577
0.66454
0.66329
0.66202
0.66075
0.65948
0.65822
0.65698
0.65577
0.65459
0.6534
0.65221
0.651
0.64974
0.64843
0.64707
0.64567
0.64428
0.6429
0.64157
0.64032
0.63913
