1
0.96259
0.95017
0.94417
0.93987
0.93588
0.93308
0.92761
0.9223
0.91712
0.91206
0.90745
0.9032
0.8992
0.89534
0.89152
0.88772
0.88404
0.88048
0.87717
0.87405
0.8712
0.86856
0.86616
0.86393
0.86187
0.85991
0.85803
0.85618
0.85433
0.85245
0.85052
0.84853
0.84647
0.84437
0.84223
0.8401
0.83799
0.83593
0.83396
0.83207
0.83026
0.8285
0.82676
0.82498
0.82313
0.82115
0.81903
0.81681
0.81454
0.81231
0.81018
0.80817
0.80628
0.80448
0.80276
0.80107
0.7994
0.79772
0.79604
0.79437
0.79277
0.79127
0.78991
0.78872
0.78769
0.78681
0.78604
0.78536
0.78473
0.78412
0.78353
0.78294
0.78232
0.78168
0.78101
0.78031
0.77957
0.77882
0.77805
0.77729
0.77655
0.77581
0.77509
0.77438
0.77366
0.77292
0.77216
0.77136
0.77053
0.76966
0.76878
0.76789
0.76702
0.76618
0.7654
0.76466
0.76397
0.76332
0.76268
0.76205
0.76141
0.76076
0.76008
0.75938
0.75868
0.75797
0.75728
0.75662
0.75598
0.75537
0.75478
0.75417
0.75355
0.75289
0.75218
0.75143
0.75065
0.74987
0.74912
0.74843
0.74781
0.74728
