1
0.96327
0.95282
0.94642
0.94101
0.93567
0.93175
0.92503
0.91893
0.91361
0.90874
0.90437
0.9002
0.8963
0.8926
0.88921
0.88616
0.88352
0.88123
0.87935
0.87784
0.87674
0.87599
0.87551
0.87511
0.87467
0.87404
0.8732
0.87217
0.87097
0.86966
0.86826
0.8668
0.86532
0.86384
0.86236
0.8609
0.85947
0.85806
0.8567
0.85536
0.85407
0.85282
0.85161
0.85044
0.84932
0.84824
0.84721
0.84624
0.84531
0.84444
0.84364
0.8429
0.84224
0.84166
0.84118
0.84081
0.84054
0.84039
0.84035
0.8404
0.84052
0.84069
0.84087
0.84104
0.84116
0.84122
0.84121
0.84112
0.84097
0.84077
0.84055
0.84032
0.84011
0.83992
0.83976
0.83964
0.83954
0.83945
0.83935
0.83922
0.83903
0.83877
0.83844
0.83804
0.83759
0.83709
0.83657
0.83605
0.83553
0.83502
0.83456
0.83413
0.83376
0.83344
0.83317
0.83296
0.83281
0.8327
0.83263
0.8326
0.8326
0.83262
0.83266
0.83271
0.83276
0.83281
0.83285
0.83289
0.83291
0.83293
0.83292
0.83291
0.83289
0.83286
0.83284
0.83281
0.83279
0.83277
0.83275
0.83275
0.83275
0.83275
