1
1.0268
1.1107
1.216
1.2819
1.3546
1.3945
1.4552
1.513
1.5575
1.6027
1.6422
1.6791
1.7103
1.7382
1.7632
1.7879
1.8128
1.8384
1.8631
1.8876
1.9096
1.9308
1.9496
1.9674
1.9833
1.9984
2.0122
2.0255
2.0381
2.0504
2.0624
2.0742
2.0859
2.0975
2.1089
2.1202
2.1314
2.1424
2.1533
2.1639
2.1744
2.1847
2.1948
2.2046
2.2142
2.2235
2.2326
2.2414
2.2499
2.2581
2.2661
2.2738
2.2813
2.2884
2.2953
2.3018
2.308
2.314
2.3195
2.3248
2.3297
2.3344
2.3389
2.3432
2.3473
2.3513
2.3553
2.3593
2.3632
2.3672
2.3713
2.3754
2.3797
2.384
2.3884
2.3929
2.3974
2.402
2.4067
2.4115
2.4162
2.421
2.4257
2.4305
2.4352
2.4399
2.4445
2.4491
2.4536
2.458
2.4623
2.4665
2.4706
2.4746
2.4785
2.4822
2.4858
2.4893
2.4926
2.4957
2.4987
2.5014
2.5041
2.5065
2.5087
2.5107
2.5125
2.5141
2.5155
2.5167
2.5177
2.5185
2.5191
2.5195
2.5199
2.5201
2.5203
2.5205
2.5206
2.5208
2.521
2.5213
