1
0.96157
0.94712
0.93965
0.93378
0.92859
0.92485
0.91758
0.9109
0.90477
0.899
0.89368
0.88872
0.88409
0.87969
0.87542
0.87109
0.8667
0.86229
0.85803
0.85392
0.85005
0.84636
0.8429
0.83961
0.83651
0.83358
0.83083
0.82824
0.8258
0.82349
0.82132
0.81927
0.81734
0.81553
0.81381
0.8122
0.81068
0.80924
0.80789
0.8066
0.80538
0.80421
0.80309
0.802
0.80095
0.79991
0.79887
0.79784
0.79677
0.79568
0.79453
0.79332
0.79202
0.79062
0.7891
0.78745
0.78564
0.78367
0.78153
0.77922
0.77676
0.77416
0.77145
0.76865
0.76582
0.76297
0.76015
0.75737
0.75464
0.75196
0.74933
0.74672
0.74412
0.74151
0.73889
0.73624
0.73359
0.73095
0.72834
0.72579
0.72334
0.721
0.71877
0.71668
0.71471
0.71286
0.71112
0.70949
0.70795
0.7065
0.70513
0.70383
0.70259
0.70141
0.70027
0.69917
0.6981
0.69705
0.69601
0.69499
0.69397
0.69295
0.69192
0.69089
0.68986
0.68881
0.68775
0.68668
0.6856
0.6845
0.6834
0.68229
0.68117
0.68005
0.67893
0.67781
0.6767
0.6756
0.6745
0.67342
0.67234
0.67128
