1
0.96089
0.94606
0.93819
0.93197
0.92646
0.92243
0.9146
0.90733
0.90055
0.89399
0.8877
0.88156
0.87553
0.86964
0.86397
0.85853
0.85341
0.84848
0.84374
0.83906
0.83442
0.82978
0.8252
0.8207
0.81636
0.81218
0.80817
0.80432
0.80064
0.7971
0.7937
0.79043
0.78726
0.78418
0.78118
0.77822
0.7753
0.77237
0.76943
0.76645
0.76343
0.76037
0.7573
0.75422
0.75115
0.74812
0.74513
0.74217
0.73924
0.73635
0.73347
0.73059
0.72773
0.72484
0.72194
0.71902
0.71607
0.71309
0.7101
0.7071
0.70411
0.70115
0.69823
0.69537
0.69258
0.68986
0.6872
0.68462
0.6821
0.67964
0.67724
0.67487
0.67254
0.67023
0.66794
0.66566
0.6634
0.66114
0.65889
0.65665
0.65441
0.65218
0.64996
0.64776
0.64558
0.64342
0.64128
0.63916
0.63706
0.63499
0.63293
0.63089
0.62885
0.62683
0.6248
0.62278
0.62075
0.61871
0.61666
0.61459
0.61251
0.61043
0.60833
0.60622
0.60411
0.60201
0.59992
0.59785
0.5958
0.59377
0.59178
0.58982
0.58789
0.586
0.58416
0.58236
0.5806
0.57888
0.5772
0.57556
0.57395
0.57238
