1
0.96487
0.94931
0.9407
0.93401
0.92888
0.92527
0.91797
0.91121
0.90489
0.89896
0.8936
0.88879
0.88461
0.881
0.87798
0.87537
0.87306
0.87075
0.86824
0.86535
0.86215
0.85887
0.85584
0.85318
0.85094
0.84906
0.84751
0.84623
0.84521
0.8444
0.84379
0.84335
0.84306
0.8429
0.84285
0.84289
0.84302
0.84322
0.84347
0.84377
0.8441
0.84446
0.84484
0.84522
0.84561
0.84599
0.84635
0.84669
0.84698
0.84723
0.84741
0.84752
0.84754
0.84748
0.84729
0.84699
0.84655
0.84594
0.84516
0.84418
0.843
0.84162
0.84007
0.8384
0.83666
0.83491
0.83321
0.83159
0.83007
0.82863
0.82724
0.82588
0.82449
0.82304
0.8215
0.81984
0.81807
0.81621
0.81428
0.81236
0.81046
0.80862
0.80683
0.80508
0.80335
0.80162
0.79987
0.7981
0.7963
0.7945
0.79273
0.79103
0.78944
0.78799
0.78668
0.78549
0.7844
0.78337
0.78235
0.7813
0.78017
0.77895
0.77759
0.77611
0.77452
0.77285
0.77116
0.7695
0.76791
0.76639
0.76496
0.76358
0.76222
0.76087
0.75949
0.75808
0.75663
0.75515
0.75366
0.75221
0.75083
0.74955
