1
1.7402
1.7833
1.8249
1.8499
1.8303
1.8013
1.8814
1.9479
2.0034
2.0528
2.0988
2.1431
2.1874
2.2305
2.2727
2.3123
2.3511
2.3874
2.4244
2.4595
2.4946
2.5277
2.5602
2.5909
2.6208
2.6494
2.6776
2.7053
2.733
2.7605
2.788
2.8153
2.8425
2.8694
2.8959
2.9219
2.9474
2.9725
2.9973
3.0219
3.0464
3.0709
3.0953
3.1196
3.1435
3.1666
3.1887
3.2099
3.2302
3.2496
3.2683
3.2864
3.3041
3.3214
3.3384
3.3554
3.3723
3.3892
3.4062
3.4231
3.4399
3.4565
3.4726
3.4885
3.5039
3.5189
3.5337
3.548
3.5621
3.576
3.5896
3.6029
3.6161
3.6292
3.6421
3.6549
3.6676
3.6803
3.6929
3.7055
3.7181
3.7307
3.7434
3.756
3.7687
3.7815
3.7944
3.8074
3.8204
3.8335
3.8466
3.8597
3.8726
3.8854
3.8981
3.9106
3.9228
3.9349
3.9469
3.9587
3.9703
3.9819
3.9935
4.005
4.0164
4.0278
4.0391
4.0504
4.0615
4.0726
4.0834
4.0941
4.1045
4.1148
4.1248
4.1346
4.1443
4.1537
4.1629
4.172
4.1809
4.1896
