1
0.64461
0.67825
0.83419
1.3366
1.7297
1.8486
1.9922
2.0904
2.1793
2.2573
2.33
2.3959
2.4571
2.5157
2.5725
2.628
2.6823
2.7344
2.7844
2.8323
2.8783
2.9225
2.9653
3.0066
3.0466
3.0853
3.1229
3.1595
3.1951
3.2298
3.2638
3.2972
3.33
3.3624
3.3942
3.4257
3.4567
3.4874
3.5176
3.5475
3.5769
3.6059
3.6346
3.6627
3.6905
3.7178
3.7447
3.7711
3.797
3.8224
3.8474
3.8719
3.896
3.9197
3.9429
3.9657
3.9882
4.0102
4.0319
4.0533
4.0744
4.0951
4.1155
4.1355
4.1553
4.1747
4.1938
4.2126
4.231
4.2492
4.2671
4.2846
4.3019
4.319
4.3357
4.3522
4.3685
4.3846
4.4004
4.416
4.4314
4.4467
4.4618
4.4767
4.4915
4.5061
4.5207
4.5351
4.5494
4.5636
4.5777
4.5916
4.6055
4.6193
4.6329
4.6465
4.6599
4.6733
4.6865
4.6997
4.7128
4.7258
4.7387
4.7516
4.7643
4.777
4.7895
4.802
4.8144
4.8267
4.8389
4.851
4.8631
4.8751
4.8871
4.899
4.9109
4.9227
4.9345
4.9462
4.9578
4.9694
