1
0.95934
0.9404
0.92959
0.92138
0.91464
0.90988
0.90027
0.89178
0.88426
0.87736
0.87115
0.86548
0.86033
0.85568
0.85157
0.848
0.84509
0.84281
0.84128
0.84051
0.84057
0.84144
0.84311
0.84546
0.84835
0.85163
0.85518
0.85891
0.86277
0.86675
0.87086
0.87515
0.87963
0.88432
0.88914
0.8939
0.89841
0.90252
0.90618
0.90944
0.91236
0.915
0.91738
0.91953
0.92143
0.92309
0.9245
0.92565
0.92653
0.92716
0.92759
0.92794
0.92833
0.92888
0.92969
0.9308
0.93219
0.93384
0.93568
0.93769
0.9398
0.942
0.94425
0.94654
0.94886
0.9512
0.95356
0.95592
0.9583
0.96066
0.96302
0.96536
0.96768
0.96999
0.97228
0.97457
0.97685
0.97911
0.98137
0.98361
0.98583
0.98803
0.99022
0.99238
0.99451
0.99661
0.99868
1.0007
1.0027
1.0046
1.0065
1.0083
1.01
1.0116
1.0131
1.0145
1.0157
1.0169
1.018
1.019
1.0198
1.0205
1.0211
1.0216
1.022
1.0223
1.0224
1.0225
1.0225
1.0224
1.0224
1.0224
1.0224
1.0225
1.0226
1.0228
1.0231
1.0234
1.0237
1.0241
1.0246
1.025
