1
1.0335
1.6448
1.8372
1.9193
1.9876
2.0573
2.1782
2.258
2.3331
2.3931
2.4459
2.495
2.5434
2.5917
2.6395
2.6859
2.7307
2.7734
2.8146
2.8539
2.8915
2.9272
2.9611
2.9934
3.0241
3.0533
3.0814
3.1083
3.1344
3.1597
3.1843
3.2083
3.2316
3.2544
3.2765
3.298
3.3189
3.3392
3.359
3.3781
3.3968
3.415
3.4326
3.4497
3.4663
3.4824
3.4979
3.5129
3.5276
3.5419
3.5559
3.5697
3.5833
3.5966
3.6097
3.6227
3.6355
3.648
3.6604
3.6725
3.6844
3.696
3.7073
3.7184
3.7291
3.7396
3.7499
3.76
3.7699
3.7797
3.7893
3.7988
3.8082
3.8174
3.8265
3.8355
3.8444
3.8532
3.8619
3.8705
3.8789
3.8873
3.8955
3.9036
3.9117
3.9196
3.9274
3.9352
3.9428
3.9504
3.9578
3.9651
3.9723
3.9794
3.9864
3.9933
4
4.0067
4.0132
4.0196
4.026
4.0322
4.0384
4.0445
4.0505
4.0565
4.0623
4.0682
4.0739
4.0795
4.0851
4.0906
4.096
4.1012
4.1064
4.1116
4.1166
4.1215
4.1264
4.1312
4.1359
4.1406
