1
0.96514
0.94998
0.94139
0.93475
0.92981
0.92626
0.91922
0.91275
0.90678
0.90123
0.89629
0.89191
0.88816
0.885
0.88241
0.88021
0.87829
0.87635
0.87419
0.87162
0.86873
0.86572
0.86294
0.86051
0.85847
0.85676
0.85535
0.8542
0.85327
0.85253
0.85197
0.85155
0.85127
0.8511
0.85103
0.85104
0.85112
0.85125
0.85144
0.85166
0.85192
0.85221
0.85253
0.85286
0.85321
0.85358
0.85396
0.85435
0.85473
0.85511
0.85548
0.85585
0.85619
0.85652
0.85681
0.85707
0.85727
0.85739
0.8574
0.85728
0.85699
0.85651
0.85584
0.85503
0.8541
0.85312
0.85215
0.85121
0.85033
0.84951
0.84872
0.84794
0.84713
0.84625
0.84529
0.84423
0.84307
0.84184
0.84057
0.83932
0.83811
0.83697
0.83589
0.83486
0.83385
0.83283
0.83179
0.83072
0.82961
0.82849
0.82738
0.82633
0.82539
0.82456
0.82386
0.82327
0.82276
0.82229
0.82182
0.82129
0.82067
0.81992
0.81901
0.81796
0.81676
0.81546
0.81411
0.81276
0.81145
0.81019
0.80898
0.80778
0.80659
0.80536
0.80407
0.80272
0.8013
0.79982
0.79831
0.79681
0.79536
0.79401
