1
0.96253
0.94894
0.94181
0.93622
0.93141
0.92787
0.92121
0.91511
0.90956
0.90431
0.89944
0.89485
0.89055
0.8865
0.88273
0.87921
0.87596
0.8729
0.87004
0.86723
0.86446
0.86159
0.85859
0.85538
0.85199
0.84847
0.84498
0.8416
0.83837
0.83531
0.8324
0.82964
0.82702
0.82451
0.82212
0.81983
0.81764
0.81554
0.81353
0.8116
0.80974
0.80796
0.80626
0.80462
0.80304
0.80151
0.80004
0.79861
0.79722
0.79587
0.79456
0.79328
0.79204
0.79084
0.78968
0.78856
0.78749
0.78646
0.78547
0.78452
0.7836
0.7827
0.78181
0.78092
0.78002
0.77911
0.77816
0.77718
0.77615
0.77506
0.77392
0.77271
0.77145
0.77015
0.76883
0.76751
0.7662
0.76493
0.76369
0.76249
0.76133
0.76019
0.75909
0.758
0.75692
0.75584
0.75476
0.75364
0.75249
0.7513
0.75005
0.74874
0.74735
0.74588
0.74435
0.74278
0.74119
0.73962
0.73809
0.73663
0.73525
0.73396
0.73276
0.73164
0.7306
0.72964
0.72872
0.72786
0.72704
0.72625
0.72548
0.72473
0.724
0.72327
0.72254
0.7218
0.72107
0.72032
0.71957
0.71882
0.71805
0.71729
