1
0.96429
0.95061
0.9447
0.94001
0.93543
0.93261
0.92669
0.92115
0.91596
0.91102
0.90643
0.90216
0.89827
0.89462
0.8911
0.88758
0.88408
0.88059
0.87724
0.87406
0.87117
0.86852
0.86604
0.8636
0.86112
0.85856
0.85594
0.85331
0.85071
0.8482
0.84583
0.84362
0.84157
0.83966
0.83785
0.8361
0.83436
0.83264
0.83093
0.82926
0.82762
0.82605
0.82453
0.82305
0.82162
0.82022
0.81885
0.81752
0.81624
0.81501
0.81384
0.81273
0.81167
0.81066
0.80969
0.80876
0.80786
0.80699
0.80616
0.80535
0.80456
0.80377
0.80297
0.80215
0.8013
0.80041
0.79949
0.79854
0.79754
0.7965
0.79541
0.79426
0.79306
0.7918
0.7905
0.78915
0.78778
0.78639
0.78498
0.78358
0.78218
0.78079
0.77942
0.77805
0.77671
0.77538
0.77406
0.77277
0.77151
0.77026
0.76903
0.76782
0.76662
0.76544
0.76427
0.7631
0.76194
0.76078
0.75962
0.75846
0.7573
0.75615
0.75501
0.75387
0.75275
0.75165
0.75056
0.74949
0.74844
0.74742
0.74643
0.74547
0.74454
0.74365
0.7428
0.74199
0.74123
0.74051
0.73983
0.7392
0.7386
0.73804
