1
1.0984
1.1999
1.2116
1.2242
1.2612
1.2852
1.3371
1.3918
1.4267
1.4641
1.4975
1.5327
1.5668
1.6021
1.6371
1.6706
1.7013
1.7299
1.7555
1.7798
1.8018
1.8229
1.8425
1.8613
1.8792
1.8965
1.9132
1.9293
1.9449
1.9601
1.9749
1.9894
2.0036
2.0175
2.0311
2.0446
2.0578
2.0709
2.0838
2.0966
2.1092
2.1217
2.1341
2.1463
2.1583
2.1702
2.1818
2.1932
2.2044
2.2154
2.2261
2.2366
2.2468
2.2569
2.2666
2.2762
2.2855
2.2946
2.3034
2.312
2.3204
2.3286
2.3367
2.3445
2.3522
2.3598
2.3672
2.3744
2.3815
2.3885
2.3953
2.402
2.4085
2.4149
2.4212
2.4275
2.4336
2.4397
2.4458
2.4519
2.4579
2.4638
2.4697
2.4756
2.4814
2.4871
2.4927
2.4983
2.5038
2.5092
2.5145
2.5197
2.5249
2.5299
2.5349
2.5398
2.5447
2.5495
2.5543
2.5589
2.5636
2.5682
2.5727
2.5772
2.5817
2.5861
2.5905
2.5948
2.5991
2.6033
2.6075
2.6117
2.6158
2.6198
2.6238
2.6278
2.6318
2.6357
2.6397
2.6436
2.6475
2.6514
