1
1.6043
1.8716
1.9153
2.0133
2.0474
2.1441
2.2872
2.4056
2.516
2.614
2.7036
2.782
2.8521
2.9148
2.9725
3.0258
3.0754
3.1211
3.1635
3.2026
3.2391
3.273
3.3049
3.3348
3.363
3.3895
3.4147
3.4386
3.4613
3.483
3.5037
3.5234
3.5423
3.5603
3.5774
3.5939
3.6096
3.6248
3.6395
3.6539
3.6679
3.6817
3.6952
3.7086
3.7217
3.7345
3.7471
3.7595
3.7716
3.7834
3.7949
3.8062
3.8172
3.8279
3.8383
3.8484
3.8583
3.8679
3.8773
3.8863
3.8951
3.9036
3.9117
3.9196
3.9272
3.9345
3.9415
3.9482
3.9548
3.9611
3.9672
3.9733
3.9792
3.9851
3.9909
3.9968
4.0027
4.0087
4.0146
4.0207
4.0268
4.0329
4.0391
4.0453
4.0516
4.0579
4.0642
4.0706
4.077
4.0834
4.0898
4.0963
4.1027
4.1091
4.1155
4.1218
4.1281
4.1344
4.1406
4.1467
4.1529
4.1589
4.1649
4.1709
4.1768
4.1827
4.1885
4.1942
4.1999
4.2056
4.2112
4.2167
4.2222
4.2276
4.2329
4.2383
4.2435
4.2488
4.254
4.2592
4.2643
4.2695
