1
0.96596
0.95086
0.94721
0.94414
0.94163
0.93964
0.93575
0.93302
0.93037
0.92785
0.92511
0.92261
0.92005
0.91775
0.91562
0.91347
0.91113
0.90841
0.90541
0.90216
0.8988
0.89543
0.89218
0.88913
0.8864
0.88404
0.8821
0.88051
0.87908
0.8776
0.87592
0.87399
0.87184
0.86951
0.86704
0.86446
0.8618
0.85911
0.85639
0.85368
0.85098
0.84831
0.84567
0.84306
0.84049
0.83794
0.83541
0.83292
0.83045
0.82801
0.8256
0.82321
0.82085
0.8185
0.81616
0.81384
0.81153
0.80926
0.80702
0.80483
0.80269
0.80061
0.79858
0.79663
0.79476
0.79297
0.79129
0.78971
0.78825
0.78688
0.78561
0.78441
0.78326
0.78217
0.78112
0.78014
0.77921
0.77833
0.77746
0.77658
0.77565
0.77466
0.77362
0.77252
0.77141
0.77029
0.7692
0.76816
0.76716
0.76622
0.76534
0.76447
0.7636
0.76269
0.76171
0.76065
0.75951
0.75828
0.75699
0.75565
0.75428
0.75291
0.75157
0.75028
0.74906
0.74792
0.74688
0.74594
0.74507
0.74425
0.74348
0.74271
0.74195
0.74118
0.74041
0.73963
0.73886
0.7381
0.73736
0.73663
0.73592
0.73521
