1
0.96091
0.94622
0.93847
0.93236
0.92696
0.92301
0.91536
0.90833
0.90184
0.89562
0.8897
0.88395
0.87835
0.8729
0.86768
0.86271
0.85802
0.85351
0.84916
0.84483
0.84052
0.83617
0.83185
0.82758
0.82344
0.81943
0.81557
0.81185
0.80827
0.80481
0.80148
0.79825
0.79513
0.79208
0.7891
0.78616
0.78325
0.78034
0.77741
0.77445
0.77145
0.76843
0.76541
0.7624
0.75942
0.7565
0.75365
0.75087
0.74815
0.74551
0.74293
0.74041
0.73794
0.73552
0.73314
0.73079
0.72847
0.72618
0.72391
0.72165
0.7194
0.71715
0.71489
0.7126
0.7103
0.70796
0.70559
0.70318
0.70073
0.69823
0.69569
0.69311
0.69051
0.68788
0.68525
0.68264
0.68005
0.67751
0.67501
0.67255
0.67014
0.66777
0.66543
0.66312
0.66084
0.65858
0.65633
0.65409
0.65186
0.64963
0.64741
0.64519
0.64297
0.64076
0.63854
0.63632
0.63411
0.63189
0.62966
0.62743
0.6252
0.62297
0.62074
0.61851
0.61629
0.61409
0.61191
0.60975
0.60762
0.60553
0.60347
0.60145
0.59948
0.59754
0.59566
0.59381
0.59202
0.59026
0.58854
0.58686
0.58522
0.5836
