1
0.9628
0.95056
0.94345
0.93589
0.93133
0.92893
0.92285
0.91811
0.91386
0.91044
0.90732
0.90473
0.90203
0.89956
0.89711
0.89477
0.89237
0.89007
0.88771
0.88548
0.88322
0.88109
0.87897
0.87694
0.87492
0.87293
0.87092
0.86891
0.86685
0.86477
0.86263
0.86045
0.8582
0.85589
0.8535
0.85102
0.84846
0.84579
0.84304
0.8402
0.83732
0.83441
0.83152
0.82867
0.8259
0.82322
0.82064
0.81819
0.81588
0.81371
0.81172
0.80993
0.80834
0.80697
0.80584
0.80495
0.80429
0.80386
0.80361
0.80348
0.80337
0.8032
0.80291
0.80244
0.80181
0.80102
0.8001
0.79908
0.79797
0.7968
0.79559
0.79435
0.79311
0.7919
0.79074
0.78967
0.78869
0.78781
0.78705
0.78637
0.78577
0.78523
0.78472
0.78422
0.78374
0.78326
0.78279
0.78231
0.78185
0.7814
0.78096
0.78053
0.78012
0.77971
0.77932
0.77892
0.77852
0.7781
0.77768
0.77723
0.77678
0.77632
0.77585
0.77539
0.77494
0.7745
0.77407
0.77367
0.77329
0.77293
0.77259
0.77228
0.77199
0.77172
0.77146
0.77122
0.77099
0.77076
0.77055
0.77033
0.77011
0.76989
