1
0.95905
0.94354
0.93512
0.92846
0.92266
0.91838
0.90992
0.90221
0.89522
0.88878
0.88294
0.87759
0.87266
0.86806
0.86366
0.85925
0.85481
0.85035
0.846
0.84175
0.83766
0.83367
0.82981
0.82604
0.82241
0.8189
0.81554
0.8123
0.80916
0.80611
0.80312
0.80018
0.79729
0.79446
0.79172
0.78911
0.78663
0.78431
0.78213
0.78009
0.77818
0.77638
0.77469
0.77309
0.77156
0.77009
0.76865
0.76723
0.76582
0.76438
0.76289
0.76135
0.75971
0.75799
0.75617
0.75426
0.75226
0.75017
0.748
0.74575
0.7434
0.74096
0.73844
0.73583
0.73317
0.73048
0.72779
0.72512
0.72248
0.71987
0.7173
0.71475
0.71221
0.70967
0.70713
0.70459
0.70206
0.69956
0.69712
0.69477
0.69252
0.6904
0.68841
0.68656
0.68482
0.68321
0.68171
0.6803
0.67899
0.67776
0.6766
0.6755
0.67447
0.67348
0.67253
0.67162
0.67073
0.66987
0.66901
0.66817
0.66732
0.66648
0.66563
0.66477
0.6639
0.66302
0.66212
0.66121
0.66029
0.65934
0.65839
0.65742
0.65644
0.65546
0.65447
0.65348
0.65248
0.65148
0.65048
0.64947
0.64847
0.64746
