1
0.95839
0.94253
0.93373
0.92677
0.92067
0.91613
0.90716
0.8989
0.8913
0.88411
0.87733
0.87081
0.8645
0.8584
0.85258
0.84706
0.84187
0.83688
0.83205
0.82722
0.82236
0.81741
0.81243
0.80746
0.80258
0.79783
0.79322
0.78874
0.7844
0.78016
0.77599
0.77189
0.76786
0.76388
0.75998
0.75616
0.75243
0.74876
0.74514
0.74155
0.73797
0.73439
0.73084
0.72731
0.72382
0.72038
0.717
0.71368
0.7104
0.70715
0.70394
0.70074
0.69755
0.69437
0.6912
0.68806
0.68496
0.68192
0.67894
0.67603
0.6732
0.67043
0.66773
0.66508
0.66249
0.65995
0.65745
0.65501
0.65261
0.65025
0.64794
0.64566
0.64343
0.64122
0.63905
0.63691
0.6348
0.63272
0.63067
0.62865
0.62665
0.62468
0.62273
0.6208
0.6189
0.61701
0.61515
0.61331
0.61148
0.60967
0.60788
0.6061
0.60432
0.60254
0.60076
0.59898
0.59719
0.59538
0.59356
0.59172
0.58986
0.58798
0.58608
0.58416
0.58223
0.5803
0.57837
0.57644
0.57453
0.57262
0.57074
0.56889
0.56706
0.56526
0.5635
0.56177
0.56007
0.55841
0.55677
0.55516
0.55357
0.552
