1
0.95932
0.94404
0.936
0.9298
0.92442
0.92046
0.91247
0.90487
0.89767
0.89085
0.88463
0.87888
0.87347
0.86829
0.8633
0.85844
0.85375
0.84918
0.84483
0.84062
0.83661
0.83274
0.82905
0.82548
0.82205
0.81872
0.81547
0.81226
0.80904
0.80578
0.80244
0.79899
0.79545
0.79183
0.7882
0.78461
0.78112
0.77777
0.77457
0.77154
0.76866
0.7659
0.7632
0.76051
0.75778
0.75494
0.75196
0.74888
0.74572
0.74257
0.73946
0.73641
0.73341
0.73043
0.72747
0.7245
0.72153
0.71855
0.71559
0.71269
0.70987
0.70721
0.70473
0.70246
0.7004
0.69851
0.69678
0.69517
0.69364
0.69218
0.69076
0.68936
0.68797
0.68658
0.68518
0.68378
0.68236
0.68093
0.67952
0.67813
0.67676
0.67541
0.67409
0.67279
0.67149
0.67019
0.66886
0.66752
0.66614
0.66475
0.66334
0.66194
0.66056
0.65923
0.65795
0.65673
0.65555
0.65441
0.6533
0.65219
0.65109
0.64997
0.64883
0.64768
0.64651
0.64535
0.6442
0.64307
0.64196
0.64087
0.63979
0.63869
0.63757
0.63639
0.63517
0.63389
0.63256
0.63122
0.6299
0.62861
0.62738
0.62621
