1
0.95843
0.94209
0.93289
0.92555
0.91914
0.91434
0.90493
0.89629
0.8884
0.88101
0.87418
0.86776
0.86172
0.85601
0.85065
0.84554
0.84068
0.83593
0.83128
0.82662
0.82195
0.81722
0.81247
0.8077
0.80296
0.79828
0.79366
0.78908
0.78449
0.77986
0.77515
0.77035
0.7655
0.76066
0.75591
0.75131
0.7469
0.74268
0.73867
0.73484
0.73118
0.72767
0.7243
0.72104
0.71788
0.71479
0.71175
0.70872
0.70568
0.70258
0.69941
0.69614
0.69276
0.68926
0.68567
0.68203
0.67839
0.67477
0.67121
0.66772
0.66432
0.661
0.65775
0.65456
0.65144
0.64837
0.64535
0.64238
0.63946
0.63658
0.63375
0.63095
0.62819
0.62545
0.62275
0.62008
0.61744
0.61483
0.61226
0.60971
0.60718
0.60469
0.60222
0.59979
0.59738
0.59501
0.59266
0.59036
0.58808
0.58584
0.58363
0.58146
0.57931
0.5772
0.57512
0.57306
0.57103
0.56903
0.56706
0.56511
0.5632
0.5613
0.55944
0.5576
0.55579
0.55401
0.55227
0.55054
0.54885
0.54718
0.54553
0.5439
0.5423
0.54071
0.53913
0.53757
0.53602
0.53447
0.53291
0.53135
0.52978
0.52818
