53.9109
-0.91394
-0.93233
-0.93613
-0.9014
-0.93062
-0.93195
-0.85534
-0.88846
-0.92339
-0.92007
-0.91912
-0.89217
-0.89708
-0.85419
-0.91015
-0.85757
-0.84634
-0.86278
-0.83656
-0.78265
-0.84481
-0.83014
-0.9463
-0.78068
-0.86819
-0.94732
-0.81226
-0.87251
-0.81857
-0.90769
-0.83274
-0.8308
-0.82627
-0.84259
-0.84086
-0.86473
-0.86258
-0.83912
-0.8361
-0.85193
-0.8361
-0.88192
-0.87665
-0.863
-0.8901
-0.88983
-0.80698
-0.8104
-0.85029
-0.86367
-0.94529
-0.87944
-0.84293
-0.99168
0
0
0
0
0
-2.8751
0
0
0
0
0
0
0
0
0
0
0
0
-3.9591
0
0
0
0
0
0
0
0
0
0
0
0
0
0
0
0
0
0
0
0
0
0
0
0
0
0
0
-0.91394
52.0572
-0.95546
-0.95914
-0.93172
-0.9538
-0.95511
-0.88032
-0.91439
-0.94939
-0.94503
-0.94517
-0.91815
-0.9231
-0.87894
-0.9362
-0.88239
-0.87106
-0.88762
-0.8612
-0.80577
-0.86951
-0.8547
-0.96682
-0.8021
-0.9077
-0.97799
-0.83662
-0.89689
-0.8439
-0.93725
-0.85751
-0.85627
-0.85084
-0.86745
-0.8671
-0.89096
-0.88738
-0.86714
-0.86089
-0.87942
-0.86087
-0.90705
-0.90249
-0.88536
-0.91525
-0.91496
-0.83819
-0.83505
-0.8792
-0.88859
-0.97068
-0.9043
-0.86728
-1.0137
0
0
0
0
0
0
0
0
0
0
0
0
0
0
-3.6279
0
0
0
0
0
0
0
0
0
0
0
0
0
0
0
0
0
0
0
0
0
0
0
0
0
0
0
0
0
0
0
-0.93233
-0.95546
56.7238
-0.99786
-0.94668
-0.99182
-0.99333
-0.89436
-0.92742
-0.96264
-0.95821
-0.95831
-0.93116
-0.93607
-0.89252
-0.94922
-0.89712
-0.8858
-0.90235
-0.87596
-0.8187
-0.88425
-0.86952
-0.97069
-0.81595
-0.9146
-0.97382
-0.8515
-0.90361
-0.8582
-0.94403
-0.87185
-0.87142
-0.86514
-0.88177
-0.88267
-0.89966
-0.89522
-0.8808
-0.87512
-0.89215
-0.87513
-0.9215
-0.91721
-0.89373
-0.92965
-0.92935
-0.8529
-0.85053
-0.89701
-0.90344
-0.98704
-0.92115
-0.88502
-1.008
0
0
0
0
0
0
0
0
0
0
0
0
0
0
0
0
0
0
0
0
0
0
0
0
0
0
0
0
0
0
0
0
0
0
0
0
0
0
0
0
-7.5429
0
0
0
0
0
-0.93613
-0.95914
-0.99786
56.934
-0.95031
-0.99598
-0.99746
-0.89791
-0.93098
-0.96625
-0.96186
-0.96192
-0.9347
-0.93964
-0.89604
-0.95283
-0.90063
-0.88931
-0.90587
-0.87946
-0.82213
-0.88776
-0.87298
-0.97412
-0.81938
-0.91822
-0.97767
-0.85497
-0.90721
-0.8617
-0.9478
-0.87533
-0.87493
-0.86863
-0.88527
-0.88619
-0.90324
-0.89878
-0.88432
-0.87863
-0.89568
-0.87864
-0.92506
-0.92077
-0.89727
-0.9332
-0.93292
-0.85638
-0.85403
-0.90055
-0.90699
-0.99069
-0.92473
-0.88856
-1.0116
0
0
0
0
0
0
0
0
0
0
0
0
0
0
0
0
0
0
0
0
0
0
0
0
0
0
0
0
-7.5633
0
0
0
0
0
0
0
0
0
0
0
0
0
0
0
0
0
-0.9014
-0.93172
-0.94668
-0.95031
50.9993
-0.94502
-0.94631
-0.8689
-0.90294
-0.93771
-0.93238
-0.93355
-0.90668
-0.91162
-0.86726
-0.92469
-0.87113
-0.85983
-0.87634
-0.84998
-0.79479
-0.85829
-0.8435
-0.95916
-0.7892
-0.88573
-0.96767
-0.82535
-0.8868
-0.83317
-0.92715
-0.84615
-0.84511
-0.83958
-0.85612
-0.85418
-0.87926
-0.87733
-0.85492
-0.84953
-0.86929
-0.84955
-0.89545
-0.89173
-0.87427
-0.90368
-0.90338
-0.82348
-0.82352
-0.86444
-0.87678
-0.95875
-0.89263
-0.85575
-1.0041
0
0
0
0
0
0
0
0
0
0
0
0
0
-3.175
0
0
0
0
0
0
0
0
0
0
0
0
0
0
0
0
0
0
0
0
0
0
0
0
0
0
0
0
0
0
0
0
-0.93062
-0.9538
-0.99182
-0.99598
-0.94502
56.6277
-0.99138
-0.89274
-0.92579
-0.96099
-0.95655
-0.95666
-0.92954
-0.93445
-0.8909
-0.94761
-0.89551
-0.8842
-0.90075
-0.87439
-0.81714
-0.88267
-0.86791
-0.96913
-0.81437
-0.91295
-0.97207
-0.84992
-0.90197
-0.85658
-0.94233
-0.87023
-0.86983
-0.86355
-0.88015
-0.88106
-0.89803
-0.89359
-0.8792
-0.87353
-0.89052
-0.87354
-0.91987
-0.91557
-0.89211
-0.92801
-0.92772
-0.85129
-0.84893
-0.89539
-0.90181
-0.98537
-0.91952
-0.88341
-1.0063
0
0
0
0
0
0
0
0
0
0
0
0
0
0
0
0
0
0
0
0
0
0
0
0
0
0
0
0
0
0
0
0
0
0
0
0
0
0
0
0
0
0
0
-7.5334
0
0
-0.93195
-0.95511
-0.99333
-0.99746
-0.94631
-0.99138
56.7019
-0.89402
-0.92707
-0.96228
-0.95785
-0.95795
-0.93079
-0.93572
-0.89216
-0.94888
-0.89676
-0.88546
-0.90201
-0.87561
-0.81835
-0.88391
-0.86915
-0.97035
-0.81559
-0.91424
-0.97343
-0.85115
-0.90325
-0.85785
-0.94365
-0.87147
-0.87106
-0.86479
-0.88141
-0.88231
-0.8993
-0.89486
-0.88045
-0.87479
-0.89177
-0.87479
-0.92114
-0.91685
-0.89338
-0.92928
-0.92899
-0.85256
-0.85017
-0.89665
-0.90307
-0.98667
-0.9208
-0.88467
-1.0076
0
0
0
0
0
0
0
0
0
0
0
0
0
0
0
0
0
0
0
0
0
0
0
0
0
0
0
0
0
0
0
0
0
0
-7.5401
0
0
0
0
0
0
0
0
0
0
0
-0.85534
-0.88032
-0.89436
-0.89791
-0.8689
-0.89274
-0.89402
45.2829
-0.84426
-0.88052
-0.88196
-0.87587
-0.84792
-0.85286
-0.81411
-0.86634
-0.82623
-0.81429
-0.83169
-0.80383
-0.74445
-0.81264
-0.79697
-0.90385
-0.74047
-0.8345
-0.91289
-0.77455
-0.82776
-0.78144
-0.87195
-0.7946
-0.79407
-0.78807
-0.80426
-0.80426
-0.82706
-0.82261
-0.80399
-0.79775
-0.81695
-0.79775
-0.84277
-0.83861
-0.82081
-0.85074
-0.85046
-0.77458
-0.77281
-0.81653
-0.82415
-0.90497
-0.84019
-0.80419
0
0
0
0
-1.1658
0
0
0
0
0
0
0
0
0
0
0
0
0
0
0
0
0
0
0
0
0
0
0
0
0
0
0
0
0
0
0
0
0
0
0
0
0
0
0
0
0
0
-0.88846
-0.91439
-0.92742
-0.93098
-0.90294
-0.92579
-0.92707
-0.84426
46.7713
-0.91538
-0.91899
-0.91027
-0.87971
-0.88517
-0.84244
-0.89994
-0.85025
-0.83893
-0.85537
-0.82897
-0.77343
-0.83737
-0.82239
-0.93755
-0.7703
-0.88874
-0.9473
-0.80471
-0.86536
-0.81262
-0.92703
-0.82554
-0.82553
-0.81903
-0.83534
-0.83575
-0.8586
-0.85447
-0.83496
-0.82874
-0.8492
-0.82875
-0.87408
-0.87058
-0.85223
-0.88216
-0.88188
-0.80679
-0.80484
-0.84958
-0.85604
-0.938
-0.87207
-0.83533
-0.97825
0
0
0
0
0
0
0
0
0
0
0
0
0
0
0
0
0
0
0
0
0
0
0
0
0
0
0
0
0
0
0
0
0
0
0
0
0
0
0
0
0
0
0
0
0
0
-0.92339
-0.94939
-0.96264
-0.96625
-0.93771
-0.96099
-0.96228
-0.88052
-0.91538
48.6899
-0.95273
-0.94942
-0.91954
-0.92498
-0.87908
-0.93944
-0.88556
-0.8741
-0.89083
-0.86406
-0.80806
-0.87253
-0.85746
-0.97258
-0.80499
-0.91997
-0.98142
-0.83985
-0.90635
-0.84935
-0.95796
-0.86129
-0.86174
-0.85469
-0.87147
-0.87233
-0.89801
-0.89219
-0.87152
-0.86488
-0.88648
-0.86488
-0.91118
-0.90835
-0.88951
-0.91935
-0.91906
-0.84275
-0.84098
-0.88644
-0.89268
-0.97531
-0.90855
-0.87129
-1.0161
0
0
0
0
0
0
0
0
0
0
0
0
0
0
0
0
0
0
0
0
0
0
0
0
0
0
0
0
0
0
0
0
0
0
0
0
0
0
0
0
0
0
0
0
0
0
-0.92007
-0.94503
-0.95821
-0.96186
-0.93238
-0.95655
-0.95785
-0.88196
-0.91899
-0.95273
49.9319
-0.94888
-0.92271
-0.92761
-0.88092
-0.94042
-0.88427
-0.87292
-0.88948
-0.86298
-0.80662
-0.87136
-0.85643
-0.96865
-0.80371
-0.9076
-0.97637
-0.83831
-0.90066
-0.84812
-0.94348
-0.85958
-0.85992
-0.8529
-0.86963
-0.8704
-0.89459
-0.88918
-0.86958
-0.86299
-0.88463
-0.86299
-0.9092
-0.90725
-0.88505
-0.91739
-0.91712
-0.84087
-0.82963
-0.884
-0.89022
-0.97273
-0.90649
-0.86932
0
0
0
0
0
0
0
-2.3891
0
0
0
0
0
0
0
0
0
0
0
0
0
0
0
0
0
0
0
0
0
0
0
0
0
0
0
0
0
0
0
0
0
0
0
0
0
0
0
-0.91912
-0.94517
-0.95831
-0.96192
-0.93355
-0.95666
-0.95795
-0.87587
-0.91027
-0.94942
-0.94888
48.4509
-0.91444
-0.91991
-0.87438
-0.93451
-0.88107
-0.86964
-0.88632
-0.85961
-0.80367
-0.86807
-0.853
-0.96823
-0.80062
-0.91661
-0.9773
-0.83541
-0.90146
-0.84473
-0.95442
-0.85678
-0.85719
-0.85022
-0.86694
-0.86774
-0.89309
-0.88746
-0.86691
-0.86035
-0.8818
-0.86036
-0.90653
-0.9036
-0.8848
-0.91469
-0.91441
-0.83825
-0.83645
-0.88182
-0.88811
-0.97067
-0.904
-0.86683
-1.0114
0
0
0
0
0
0
0
0
0
0
0
0
0
0
0
0
0
0
0
0
0
0
0
0
0
0
0
0
0
0
0
0
0
0
0
0
0
0
0
0
0
0
0
0
0
0
-0.89217
-0.91815
-0.93116
-0.9347
-0.90668
-0.92954
-0.93079
-0.84792
-0.87971
-0.91954
-0.92271
-0.91444
46.9717
-0.88929
-0.84611
-0.9041
-0.85382
-0.8425
-0.85897
-0.83255
-0.77699
-0.84095
-0.82597
-0.94121
-0.77387
-0.89229
-0.95096
-0.80834
-0.87003
-0.81641
-0.93044
-0.82924
-0.82928
-0.82273
-0.83908
-0.83955
-0.8627
-0.85836
-0.83876
-0.83249
-0.85305
-0.8325
-0.87794
-0.8745
-0.85608
-0.88601
-0.88573
-0.81052
-0.80861
-0.85342
-0.85985
-0.9419
-0.87587
-0.83907
-0.98219
0
0
0
0
0
0
0
0
0
0
0
0
0
0
0
0
0
0
0
0
0
0
0
0
0
0
0
0
0
0
0
0
0
0
0
0
0
0
0
0
0
0
0
0
0
0
-0.89708
-0.9231
-0.93607
-0.93964
-0.91162
-0.93445
-0.93572
-0.85286
-0.88517
-0.92498
-0.92761
-0.91991
-0.88929
47.2383
-0.8511
-0.9096
-0.85865
-0.84733
-0.86381
-0.83734
-0.78174
-0.84577
-0.83075
-0.94611
-0.77866
-0.89695
-0.95578
-0.81317
-0.876
-0.82147
-0.93495
-0.83418
-0.83425
-0.82766
-0.84408
-0.84461
-0.86817
-0.86358
-0.8438
-0.83748
-0.85821
-0.83749
-0.88306
-0.87971
-0.86124
-0.89115
-0.89087
-0.81549
-0.81361
-0.85853
-0.86492
-0.94709
-0.88094
-0.84407
-0.98744
0
0
0
0
0
0
0
0
0
0
0
0
0
0
0
0
0
0
0
0
0
0
0
0
0
0
0
0
0
0
0
0
0
0
0
0
0
0
0
0
0
0
0
0
0
0
-0.85419
-0.87894
-0.89252
-0.89604
-0.86726
-0.8909
-0.89216
-0.81411
-0.84244
-0.87908
-0.88092
-0.87438
-0.84611
-0.8511
45.6104
-0.86475
-0.82262
-0.81095
-0.82794
-0.80072
-0.74255
-0.80936
-0.79397
-0.90329
-0.73879
-0.8344
-0.91224
-0.77275
-0.82539
-0.77904
-0.87294
-0.79277
-0.79222
-0.78626
-0.80237
-0.80197
-0.82428
-0.82065
-0.8018
-0.79585
-0.81495
-0.79586
-0.84076
-0.83603
-0.81911
-0.84878
-0.84848
-0.77255
-0.77106
-0.81488
-0.82235
-0.90317
-0.83841
-0.80239
0
0
-1.5916
0
0
0
0
0
0
0
0
0
0
0
0
0
0
0
0
0
0
0
0
0
0
0
0
0
0
0
0
0
0
0
0
0
0
0
0
0
0
0
0
0
0
0
0
-0.91015
-0.9362
-0.94922
-0.95283
-0.92469
-0.94761
-0.94888
-0.86634
-0.89994
-0.93944
-0.94042
-0.93451
-0.9041
-0.9096
-0.86475
47.9539
-0.87181
-0.86043
-0.87703
-0.85042
-0.79463
-0.85886
-0.84384
-0.95918
-0.79156
-0.90894
-0.96857
-0.82626
-0.89112
-0.83516
-0.94668
-0.8475
-0.84774
-0.84092
-0.85753
-0.85821
-0.88285
-0.87762
-0.85742
-0.85095
-0.87209
-0.85094
-0.89688
-0.89377
-0.87512
-0.90502
-0.90472
-0.8289
-0.82708
-0.87225
-0.87859
-0.96102
-0.89453
-0.85749
-1.0016
0
0
0
0
0
0
0
0
0
0
0
0
0
0
0
0
0
0
0
0
0
0
0
0
0
0
0
0
0
0
0
0
0
0
0
0
0
0
0
0
0
0
0
0
0
0
-0.85757
-0.88239
-0.89712
-0.90063
-0.87113
-0.89551
-0.89676
-0.82623
-0.85025
-0.88556
-0.88427
-0.88107
-0.85382
-0.85865
-0.82262
-0.87181
44.1901
-0.79315
-0.81374
-0.78191
-0.73715
-0.79136
-0.77475
-0.90789
-0.7368
-0.83893
-0.91223
-0.77347
-0.83834
-0.78579
-0.87952
-0.79587
-0.79657
-0.78964
-0.80672
-0.80804
-0.84296
-0.82931
-0.80763
-0.80057
-0.82214
-0.80056
-0.84686
-0.84446
-0.82658
-0.85483
-0.85452
-0.77894
-0.77721
-0.82117
-0.82784
-0.9082
-0.84285
-0.80628
0
0
0
0
0
0
0
0
0
0
0
0
0
0
0
0
0
0
0
0
0
0
0
0
0
0
0
0
0
0
0
0
0
0
0
0
0
0
0
0
0
0
0
0
0
0
0
-0.84634
-0.87106
-0.8858
-0.88931
-0.85983
-0.8842
-0.88546
-0.81429
-0.83893
-0.8741
-0.87292
-0.86964
-0.8425
-0.84733
-0.81095
-0.86043
-0.79315
43.5922
-0.80013
-0.76849
-0.7263
-0.77774
-0.76163
-0.8966
-0.72594
-0.82785
-0.90092
-0.76248
-0.82784
-0.77407
-0.86849
-0.78472
-0.78528
-0.77853
-0.79547
-0.79668
-0.83138
-0.81757
-0.79625
-0.78931
-0.81053
-0.78931
-0.83533
-0.83275
-0.81509
-0.84328
-0.84298
-0.76774
-0.76603
-0.80978
-0.81646
-0.89653
-0.83146
-0.79506
0
0
0
0
0
0
0
0
0
0
0
0
0
0
0
0
0
0
0
0
0
0
0
0
0
0
0
0
0
0
0
0
0
0
0
0
0
0
0
0
0
0
0
0
0
0
0
-0.86278
-0.88762
-0.90235
-0.90587
-0.87634
-0.90075
-0.90201
-0.83169
-0.85537
-0.89083
-0.88948
-0.88632
-0.85897
-0.86381
-0.82794
-0.87703
-0.81374
-0.80013
44.469
-0.78885
-0.74246
-0.79834
-0.78158
-0.91314
-0.74201
-0.84403
-0.91748
-0.77867
-0.84304
-0.7912
-0.88466
-0.8011
-0.80188
-0.79486
-0.81197
-0.81331
-0.84778
-0.83468
-0.81289
-0.8058
-0.82747
-0.8058
-0.85214
-0.84978
-0.83189
-0.86015
-0.85984
-0.78411
-0.78235
-0.8264
-0.8331
-0.91358
-0.84812
-0.81151
0
0
0
0
0
0
0
0
0
0
0
0
0
0
0
0
0
0
0
0
0
0
0
0
0
0
0
0
0
0
0
0
0
0
0
0
0
0
0
0
0
0
0
0
0
0
0
-0.83656
-0.8612
-0.87596
-0.87946
-0.84998
-0.87439
-0.87561
-0.80383
-0.82897
-0.86406
-0.86298
-0.85961
-0.83255
-0.83734
-0.80072
-0.85042
-0.78191
-0.76849
-0.78885
43.0747
-0.7173
-0.76677
-0.75127
-0.88684
-0.71685
-0.81818
-0.89105
-0.75317
-0.81851
-0.76391
-0.8589
-0.77519
-0.7756
-0.76898
-0.78577
-0.78684
-0.82038
-0.80731
-0.7864
-0.77959
-0.80046
-0.77959
-0.8253
-0.82252
-0.80501
-0.83321
-0.83292
-0.75796
-0.75629
-0.79986
-0.80658
-0.8864
-0.82159
-0.78532
0
0
0
0
0
0
0
0
0
0
0
0
0
0
0
0
0
0
0
0
0
0
0
0
0
0
0
0
0
0
0
0
0
0
0
0
0
0
0
0
0
0
0
0
0
0
0
-0.78265
-0.80577
-0.8187
-0.82213
-0.79479
-0.81714
-0.81835
-0.74445
-0.77343
-0.80806
-0.80662
-0.80367
-0.77699
-0.78174
-0.74255
-0.79463
-0.73715
-0.7263
-0.74246
-0.7173
41.2993
-0.72486
-0.71164
-0.82809
-0.66699
-0.76396
-0.83315
-0.70274
-0.75562
-0.70882
-0.80331
-0.72149
-0.72039
-0.71506
-0.73043
-0.72988
-0.74998
-0.74529
-0.72961
-0.72394
-0.74231
-0.72393
-0.76732
-0.7639
-0.74291
-0.77504
-0.77476
-0.70264
-0.69955
-0.74286
-0.74992
-0.82855
-0.76547
0
0
0
0
0
0
0
0
0
0
-1.84
0
0
0
0
0
0
0
0
0
0
0
0
0
0
0
0
0
0
0
0
0
0
0
0
0
0
0
0
0
0
0
0
0
0
0
0
0
-0.84481
-0.86951
-0.88425
-0.88776
-0.85829
-0.88267
-0.88391
-0.81264
-0.83737
-0.87253
-0.87136
-0.86807
-0.84095
-0.84577
-0.80936
-0.85886
-0.79136
-0.77774
-0.79834
-0.76677
-0.72486
43.5109
-0.75996
-0.89507
-0.7245
-0.82634
-0.89937
-0.761
-0.82639
-0.77248
-0.86699
-0.7832
-0.78375
-0.77701
-0.79395
-0.79514
-0.82971
-0.81597
-0.79469
-0.78778
-0.80896
-0.78779
-0.83375
-0.83116
-0.8135
-0.8417
-0.84142
-0.76619
-0.76448
-0.80822
-0.81492
-0.89494
-0.8299
-0.79352
0
0
0
0
0
0
0
0
0
0
0
0
0
0
0
0
0
0
0
0
0
0
0
0
0
0
0
0
0
0
0
0
0
0
0
0
0
0
0
0
0
0
0
0
0
0
0
-0.83014
-0.8547
-0.86952
-0.87298
-0.8435
-0.86791
-0.86915
-0.79697
-0.82239
-0.85746
-0.85643
-0.853
-0.82597
-0.83075
-0.79397
-0.84384
-0.77475
-0.76163
-0.78158
-0.75127
-0.71164
-0.75996
42.7359
-0.88041
-0.71105
-0.81181
-0.88458
-0.74719
-0.81233
-0.75732
-0.85257
-0.76899
-0.76936
-0.76278
-0.77944
-0.7804
-0.81269
-0.80061
-0.77995
-0.77324
-0.79388
-0.77323
-0.8187
-0.81577
-0.79839
-0.82662
-0.82632
-0.75158
-0.74991
-0.79337
-0.8001
-0.87975
-0.81511
-0.77894
0
0
0
0
0
0
0
0
0
0
0
0
0
0
0
0
0
0
0
0
0
0
0
0
0
0
0
0
0
0
0
0
0
0
0
0
0
0
0
0
0
0
0
0
0
0
0
-0.9463
-0.96682
-0.97069
-0.97412
-0.95916
-0.96913
-0.97035
-0.90385
-0.93755
-0.97258
-0.96865
-0.96823
-0.94121
-0.94611
-0.90329
-0.95918
-0.90789
-0.8966
-0.91314
-0.88684
-0.82809
-0.89507
-0.88041
67.1095
-0.8243
-0.92732
-0.99125
-0.86189
-0.90307
-0.86919
-0.94422
-0.88222
-0.88188
-0.87546
-0.89221
-0.89357
-0.90725
-0.90028
-0.89081
-0.88559
-0.90172
-0.8856
-0.9325
-0.92883
-0.90044
-0.94073
-0.94044
-0.8658
0
-0.90852
-0.91553
0
0
0
0
0
0
0
0
0
0
0
0
0
0
0
0
0
0
0
0
0
0
0
0
0
0
0
0
0
0
-7.398
-7.3979
0
0
0
0
0
0
0
0
0
0
0
0
0
-7.3977
0
0
0
0
-0.78068
-0.8021
-0.81595
-0.81938
-0.7892
-0.81437
-0.81559
-0.74047
-0.7703
-0.80499
-0.80371
-0.80062
-0.77387
-0.77866
-0.73879
-0.79156
-0.7368
-0.72594
-0.74201
-0.71685
-0.66699
-0.7245
-0.71105
-0.8243
40.7276
-0.75778
-0.82867
-0.7008
-0.7497
-0.70208
-0.79573
-0.71809
-0.71673
-0.71145
-0.72643
-0.72556
-0.74393
-0.74028
-0.72521
-0.71984
-0.73701
-0.71983
-0.76289
-0.75719
-0.74148
-0.7706
-0.77033
-0.69711
-0.69535
-0.7363
-0.74547
-0.82422
0
0
0
0
0
0
0
0
0
0
0
0
0
0
0
0
0
0
0
0
-2.2189
0
0
0
0
0
0
0
0
0
0
0
0
0
0
0
0
0
0
0
0
0
0
0
0
0
0
0
0
-0.86819
-0.9077
-0.9146
-0.91822
-0.88573
-0.91295
-0.91424
-0.8345
-0.88874
-0.91997
-0.9076
-0.91661
-0.89229
-0.89695
-0.8344
-0.90894
-0.83893
-0.82785
-0.84403
-0.81818
-0.76396
-0.82634
-0.81181
-0.92732
-0.75778
49.7595
-0.93344
-0.79146
-0.84645
-0.79579
-0.88788
-0.81128
-0.80786
-0.80533
-0.82121
-0.81862
-0.84042
-0.83928
-0.81947
-0.81465
-0.82863
-0.81465
-0.85983
-0.8533
-0.83933
-0.86813
-0.86784
-0.76373
-0.78772
-0.82926
-0.84204
0
0
0
0
0
0
0
0
0
0
0
0
0
-3.6807
0
0
0
0
0
-3.5533
0
0
0
0
0
0
0
0
0
0
0
0
0
0
0
0
0
0
0
0
0
0
0
0
0
0
0
0
0
0
-0.94732
-0.97799
-0.97382
-0.97767
-0.96767
-0.97207
-0.97343
-0.91289
-0.9473
-0.98142
-0.97637
-0.9773
-0.95096
-0.95578
-0.91224
-0.96857
-0.91223
-0.90092
-0.91748
-0.89105
-0.83315
-0.89937
-0.88458
-0.99125
-0.82867
-0.93344
52.6834
-0.86329
-0.92851
-0.87135
-0.97299
-0.88452
-0.88437
-0.87779
-0.89459
-0.89542
-0.91674
-0.91096
-0.89412
-0.88794
-0.90645
-0.88796
-0.93467
-0.93082
-0.9091
-0.94295
-0.94266
-0.8659
-0.86291
-0.90932
-0.91585
0
0
0
0
0
0
0
0
0
0
0
0
0
0
0
0
0
0
0
0
0
0
0
0
0
0
0
0
0
0
0
0
0
0
0
0
0
-6.6273
0
0
0
0
0
0
0
0
0
0
0
0
-0.81226
-0.83662
-0.8515
-0.85497
-0.82535
-0.84992
-0.85115
-0.77455
-0.80471
-0.83985
-0.83831
-0.83541
-0.80834
-0.81317
-0.77275
-0.82626
-0.77347
-0.76248
-0.77867
-0.75317
-0.70274
-0.761
-0.74719
-0.86189
-0.7008
-0.79146
-0.86329
39.3986
-0.78529
-0.7373
-0.82863
-0.75168
-0.74907
-0.74485
-0.7605
-0.75968
-0.7806
-0.77986
-0.75959
-0.75377
-0.77126
-0.75376
-0.79787
-0.79327
-0.77683
-0.80572
-0.80544
-0.73122
-0.72951
-0.77221
-0.77936
0
0
0
0
0
0
0
0
0
0
0
0
0
0
0
0
0
0
0
0
0
0
0
0
0
0
0
0
0
0
0
0
0
0
0
0
0
0
0
0
0
0
0
0
0
0
0
0
0
0
-0.87251
-0.89689
-0.90361
-0.90721
-0.8868
-0.90197
-0.90325
-0.82776
-0.86536
-0.90635
-0.90066
-0.90146
-0.87003
-0.876
-0.82539
-0.89112
-0.83834
-0.82784
-0.84304
-0.81851
-0.75562
-0.82639
-0.81233
-0.90307
-0.7497
-0.84645
-0.92851
-0.78529
46.1982
-0.78788
-0.87874
-0.80536
-0.80296
-0.79838
-0.81407
-0.81326
-0.82785
-0.82401
-0.81228
-0.80729
-0.82309
-0.80729
-0.85244
-0.84602
-0.82497
-0.86063
-0.86034
-0.78518
0
0
0
0
0
0
0
0
0
0
0
0
0
0
0
0
0
0
0
0
0
0
0
0
0
0
0
0
0
0
0
0
0
0
0
0
0
0
0
0
0
0
0
-6.4947
0
0
0
0
0
0
0
0
0
-0.81857
-0.8439
-0.8582
-0.8617
-0.83317
-0.85658
-0.85785
-0.78144
-0.81262
-0.84935
-0.84812
-0.84473
-0.81641
-0.82147
-0.77904
-0.83516
-0.78579
-0.77407
-0.7912
-0.76391
-0.70882
-0.77248
-0.75732
-0.86919
-0.70208
-0.79579
-0.87135
-0.7373
-0.78788
41.7262
-0.83067
-0.75738
-0.75454
-0.75024
-0.76428
-0.7641
-0.77612
-0.78041
-0.76302
-0.75979
-0.77534
-0.75979
-0.80236
-0.75278
-0.78176
-0.81023
-0.80995
-0.73627
0
0
0
0
0
0
0
0
0
0
0
0
0
0
-4.3617
0
0
0
0
0
0
0
0
0
0
0
0
0
0
0
0
0
0
0
0
0
0
0
0
0
0
0
0
0
0
0
0
0
0
0
0
0
0
-0.90769
-0.93725
-0.94403
-0.9478
-0.92715
-0.94233
-0.94365
-0.87195
-0.92703
-0.95796
-0.94348
-0.95442
-0.93044
-0.93495
-0.87294
-0.94668
-0.87952
-0.86849
-0.88466
-0.8589
-0.80331
-0.86699
-0.85257
-0.94422
-0.79573
-0.88788
-0.97299
-0.82863
-0.87874
-0.83067
51.0324
-0.84763
-0.84383
-0.84105
-0.85715
-0.85606
-0.87216
-0.86894
-0.85406
-0.85047
-0.86794
-0.85046
-0.89662
-0.88832
-0.87
-0.9054
-0.90511
0
0
0
0
0
0
0
0
0
0
0
0
0
0
0
0
0
0
-3.8204
0
0
0
0
0
0
0
0
0
0
0
0
0
0
0
0
0
0
0
0
0
0
0
0
0
0
0
0
-6.2938
0
0
0
0
0
0
-0.83274
-0.85751
-0.87185
-0.87533
-0.84615
-0.87023
-0.87147
-0.7946
-0.82554
-0.86129
-0.85958
-0.85678
-0.82924
-0.83418
-0.79277
-0.8475
-0.79587
-0.78472
-0.8011
-0.77519
-0.72149
-0.7832
-0.76899
-0.88222
-0.71809
-0.81128
-0.88452
-0.75168
-0.80536
-0.75738
-0.84763
38.0727
-0.77143
-0.76422
-0.78123
-0.77997
-0.80197
-0.79918
-0.78011
-0.77414
-0.79278
-0.77413
-0.81918
-0.81427
-0.79825
-0.82739
-0.82711
-0.75188
0
0
0
0
0
0
0
0
0
0
0
0
0
0
0
0
0
0
0
0
0
0
0
0
0
0
0
0
0
0
0
0
0
0
0
0
0
0
0
0
0
0
0
0
0
0
0
0
0
0
0
0
0
-0.8308
-0.85627
-0.87142
-0.87493
-0.84511
-0.86983
-0.87106
-0.79407
-0.82553
-0.86174
-0.85992
-0.85719
-0.82928
-0.83425
-0.79222
-0.84774
-0.79657
-0.78528
-0.80188
-0.7756
-0.72039
-0.78375
-0.76936
-0.88188
-0.71673
-0.80786
-0.88437
-0.74907
-0.80296
-0.75454
-0.84383
-0.77143
39.7965
-0.76471
-0.78084
-0.77906
-0.79973
-0.80043
-0.77947
-0.77393
-0.79037
-0.77394
-0.81917
-0.81238
-0.79768
-0.82805
-0.82776
0
0
0
0
0
0
0
0
0
0
0
0
0
0
0
0
0
0
0
-2.5022
0
0
0
0
0
0
0
0
0
0
0
0
0
0
0
0
0
0
0
0
0
0
0
0
0
0
0
0
0
0
0
0
0
0
-0.82627
-0.85084
-0.86514
-0.86863
-0.83958
-0.86355
-0.86479
-0.78807
-0.81903
-0.85469
-0.8529
-0.85022
-0.82273
-0.82766
-0.78626
-0.84092
-0.78964
-0.77853
-0.79486
-0.76898
-0.71506
-0.77701
-0.76278
-0.87546
-0.71145
-0.80533
-0.87779
-0.74485
-0.79838
-0.75024
-0.84105
-0.76422
-0.76471
37.0211
-0.77469
-0.76773
-0.79604
-0.79277
-0.77328
-0.76711
-0.78778
-0.76711
-0.81297
-0.80636
-0.791
-0.82146
-0.82117
0
0
0
0
0
0
0
0
0
0
0
0
0
0
0
0
0
0
0
0
0
0
0
0
0
0
0
0
0
0
0
0
0
0
0
0
0
0
0
0
0
0
0
0
0
0
0
0
0
0
0
0
0
0
-0.84259
-0.86745
-0.88177
-0.88527
-0.85612
-0.88015
-0.88141
-0.80426
-0.83534
-0.87147
-0.86963
-0.86694
-0.83908
-0.84408
-0.80237
-0.85753
-0.80672
-0.79547
-0.81197
-0.78577
-0.73043
-0.79395
-0.77944
-0.89221
-0.72643
-0.82121
-0.89459
-0.7605
-0.81407
-0.76428
-0.85715
-0.78123
-0.78084
-0.77469
35.2673
-0.7926
-0.80804
-0.80766
-0.78527
-0.78155
-0.80061
-0.78155
-0.82673
-0.82685
0
0
0
0
0
0
0
0
0
0
0
0
0
0
0
0
0
0
0
0
0
0
0
0
0
0
0
0
0
0
0
0
0
0
0
0
0
0
0
0
0
0
0
0
0
0
0
0
0
0
0
0
0
0
0
0
0
-0.84086
-0.8671
-0.88267
-0.88619
-0.85418
-0.88106
-0.88231
-0.80426
-0.83575
-0.87233
-0.8704
-0.86774
-0.83955
-0.84461
-0.80197
-0.85821
-0.80804
-0.79668
-0.81331
-0.78684
-0.72988
-0.79514
-0.7804
-0.89357
-0.72556
-0.81862
-0.89542
-0.75968
-0.81326
-0.7641
-0.85606
-0.77997
-0.77906
-0.76773
-0.7926
36.5489
-0.79965
-0.80489
-0.78815
-0.78634
-0.7921
-0.78634
-0.82906
0
0
0
0
0
0
0
0
0
0
0
0
-2.1172
0
0
0
0
0
0
0
0
0
0
0
0
0
0
0
0
0
0
0
0
0
0
0
0
0
0
0
0
0
0
0
0
0
0
0
0
0
0
0
0
0
0
0
0
0
-0.86473
-0.89096
-0.89966
-0.90324
-0.87926
-0.89803
-0.8993
-0.82706
-0.8586
-0.89801
-0.89459
-0.89309
-0.8627
-0.86817
-0.82428
-0.88285
-0.84296
-0.83138
-0.84778
-0.82038
-0.74998
-0.82971
-0.81269
-0.90725
-0.74393
-0.84042
-0.91674
-0.7806
-0.82785
-0.77612
-0.87216
-0.80197
-0.79973
-0.79604
-0.80804
-0.79965
42.0648
-0.81398
-0.8036
-0.80034
-0.80949
-0.80033
0
0
0
0
0
0
0
0
0
0
0
0
0
-2.1459
0
0
0
0
0
0
0
0
0
0
0
0
0
0
0
0
0
0
0
0
0
0
0
0
0
0
0
0
0
0
0
0
0
0
0
0
-5.4414
0
0
0
0
0
0
0
0
-0.86258
-0.88738
-0.89522
-0.89878
-0.87733
-0.89359
-0.89486
-0.82261
-0.85447
-0.89219
-0.88918
-0.88746
-0.85836
-0.86358
-0.82065
-0.87762
-0.82931
-0.81757
-0.83468
-0.80731
-0.74529
-0.81597
-0.80061
-0.90028
-0.74028
-0.83928
-0.91096
-0.77986
-0.82401
-0.78041
-0.86894
-0.79918
-0.80043
-0.79277
-0.80766
-0.80489
-0.81398
39.309
-0.80251
-0.79937
-0.81344
-0.79935
0
0
0
0
0
0
0
0
0
0
0
0
0
0
0
0
0
0
0
0
0
0
0
0
0
0
0
0
0
0
0
0
0
0
0
0
0
0
-5.0048
0
0
0
0
0
0
0
0
0
0
0
0
0
0
0
0
0
0
0
0
-0.83912
-0.86714
-0.8808
-0.88432
-0.85492
-0.8792
-0.88045
-0.80399
-0.83496
-0.87152
-0.86958
-0.86691
-0.83876
-0.8438
-0.8018
-0.85742
-0.80763
-0.79625
-0.81289
-0.7864
-0.72961
-0.79469
-0.77995
-0.89081
-0.72521
-0.81947
-0.89412
-0.75959
-0.81228
-0.76302
-0.85406
-0.78011
-0.77947
-0.77328
-0.78527
-0.78815
-0.8036
-0.80251
34.921
-0.7795
0
-0.77951
0
0
0
0
0
0
0
0
0
0
0
0
0
0
0
-2.1489
0
0
0
0
0
0
0
0
0
0
0
0
0
0
0
0
0
0
0
0
0
0
0
0
0
0
0
0
0
0
0
0
0
0
0
0
0
0
0
0
0
0
0
-0.8361
-0.86089
-0.87512
-0.87863
-0.84953
-0.87353
-0.87479
-0.79775
-0.82874
-0.86488
-0.86299
-0.86035
-0.83249
-0.83748
-0.79585
-0.85095
-0.80057
-0.78931
-0.8058
-0.77959
-0.72394
-0.78778
-0.77324
-0.88559
-0.71984
-0.81465
-0.88794
-0.75377
-0.80729
-0.75979
-0.85047
-0.77414
-0.77393
-0.76711
-0.78155
-0.78634
-0.80034
-0.79937
-0.7795
33.3292
-0.79775
-0.74954
0
0
0
0
0
0
0
0
0
0
0
0
0
0
0
0
0
0
0
0
0
0
0
0
0
0
0
0
0
0
0
0
0
0
0
0
0
0
0
0
0
0
0
0
0
0
0
0
0
0
0
0
0
0
0
0
0
0
0
-0.85193
-0.87942
-0.89215
-0.89568
-0.86929
-0.89052
-0.89177
-0.81695
-0.8492
-0.88648
-0.88463
-0.8818
-0.85305
-0.85821
-0.81495
-0.87209
-0.82214
-0.81053
-0.82747
-0.80046
-0.74231
-0.80896
-0.79388
-0.90172
-0.73701
-0.82863
-0.90645
-0.77126
-0.82309
-0.77534
-0.86794
-0.79278
-0.79037
-0.78778
-0.80061
-0.7921
-0.80949
-0.81344
0
-0.79775
37.7144
-0.79775
0
0
0
0
0
0
0
0
0
0
0
0
0
0
0
0
0
-4.427
0
0
0
0
0
0
0
0
0
0
0
0
0
0
0
0
0
0
0
0
0
0
0
0
0
0
0
0
0
0
0
0
0
0
0
0
0
0
0
0
0
-0.8361
-0.86087
-0.87513
-0.87864
-0.84955
-0.87354
-0.87479
-0.79775
-0.82875
-0.86488
-0.86299
-0.86036
-0.8325
-0.83749
-0.79586
-0.85094
-0.80056
-0.78931
-0.8058
-0.77959
-0.72393
-0.78779
-0.77323
-0.8856
-0.71983
-0.81465
-0.88796
-0.75376
-0.80729
-0.75979
-0.85046
-0.77413
-0.77394
-0.76711
-0.78155
-0.78634
-0.80033
-0.79935
-0.77951
-0.74954
-0.79775
33.3293
0
0
0
0
0
0
0
0
0
0
0
0
0
0
0
0
0
0
0
0
0
0
0
0
0
0
0
0
0
0
0
0
0
0
0
0
0
0
0
0
0
0
0
0
0
0
0
0
0
0
0
0
0
0
0
0
0
0
0
-0.88192
-0.90705
-0.9215
-0.92506
-0.89545
-0.91987
-0.92114
-0.84277
-0.87408
-0.91118
-0.9092
-0.90653
-0.87794
-0.88306
-0.84076
-0.89688
-0.84686
-0.83533
-0.85214
-0.8253
-0.76732
-0.83375
-0.8187
-0.9325
-0.76289
-0.85983
-0.93467
-0.79787
-0.85244
-0.80236
-0.89662
-0.81918
-0.81917
-0.81297
-0.82673
-0.82906
0
0
0
0
0
0
31.0401
0
0
0
0
0
0
0
0
0
0
0
0
0
0
0
0
0
0
0
0
0
0
0
0
0
0
0
0
0
0
0
0
0
0
0
0
0
0
0
0
0
0
0
0
0
0
0
0
0
0
0
0
0
0
0
0
0
0
-0.87665
-0.90249
-0.91721
-0.92077
-0.89173
-0.91557
-0.91685
-0.83861
-0.87058
-0.90835
-0.90725
-0.9036
-0.8745
-0.87971
-0.83603
-0.89377
-0.84446
-0.83275
-0.84978
-0.82252
-0.7639
-0.83116
-0.81577
-0.92883
-0.75719
-0.8533
-0.93082
-0.79327
-0.84602
-0.75278
-0.88832
-0.81427
-0.81238
-0.80636
-0.82685
0
0
0
0
0
0
0
0
34.3079
0
0
0
0
0
0
0
0
0
0
0
0
0
0
0
0
0
0
-4.2835
0
0
0
0
0
0
0
0
0
0
0
0
0
0
0
0
0
0
0
0
0
0
0
0
0
0
0
0
0
0
0
0
0
0
0
0
0
0
-0.863
-0.88536
-0.89373
-0.89727
-0.87427
-0.89211
-0.89338
-0.82081
-0.85223
-0.88951
-0.88505
-0.8848
-0.85608
-0.86124
-0.81911
-0.87512
-0.82658
-0.81509
-0.83189
-0.80501
-0.74291
-0.8135
-0.79839
-0.90044
-0.74148
-0.83933
-0.9091
-0.77683
-0.82497
-0.78176
-0.87
-0.79825
-0.79768
-0.791
0
0
0
0
0
0
0
0
0
0
32.9493
0
0
0
0
0
0
0
0
0
0
0
0
0
0
0
0
0
0
0
0
0
0
0
0
0
0
0
0
0
0
0
0
0
0
0
0
0
0
0
0
0
0
0
0
0
0
0
0
0
0
0
0
0
0
-4.3421
0
-0.8901
-0.91525
-0.92965
-0.9332
-0.90368
-0.92801
-0.92928
-0.85074
-0.88216
-0.91935
-0.91739
-0.91469
-0.88601
-0.89115
-0.84878
-0.90502
-0.85483
-0.84328
-0.86015
-0.83321
-0.77504
-0.8417
-0.82662
-0.94073
-0.7706
-0.86813
-0.94295
-0.80572
-0.86063
-0.81023
-0.9054
-0.82739
-0.82805
-0.82146
0
0
0
0
0
0
0
0
0
0
0
29.6606
0
0
0
0
0
0
0
0
0
0
0
0
0
0
0
0
0
0
0
0
0
0
0
0
0
0
0
0
0
0
0
0
0
0
0
0
0
0
0
0
0
0
0
0
0
0
0
0
0
0
0
0
0
0
0
-0.88983
-0.91496
-0.92935
-0.93292
-0.90338
-0.92772
-0.92899
-0.85046
-0.88188
-0.91906
-0.91712
-0.91441
-0.88573
-0.89087
-0.84848
-0.90472
-0.85452
-0.84298
-0.85984
-0.83292
-0.77476
-0.84142
-0.82632
-0.94044
-0.77033
-0.86784
-0.94266
-0.80544
-0.86034
-0.80995
-0.90511
-0.82711
-0.82776
-0.82117
0
0
0
0
0
0
0
0
0
0
0
0
29.6508
0
0
0
0
0
0
0
0
0
0
0
0
0
0
0
0
0
0
0
0
0
0
0
0
0
0
0
0
0
0
0
0
0
0
0
0
0
0
0
0
0
0
0
0
0
0
0
0
0
0
0
0
0
0
-0.80698
-0.83819
-0.8529
-0.85638
-0.82348
-0.85129
-0.85256
-0.77458
-0.80679
-0.84275
-0.84087
-0.83825
-0.81052
-0.81549
-0.77255
-0.8289
-0.77894
-0.76774
-0.78411
-0.75796
-0.70264
-0.76619
-0.75158
-0.8658
-0.69711
-0.76373
-0.8659
-0.73122
-0.78518
-0.73627
0
-0.75188
0
0
0
0
0
0
0
0
0
0
0
0
0
0
0
28.1209
0
0
0
0
0
0
0
0
0
0
0
0
0
0
0
0
-3.4021
0
0
0
0
0
0
0
0
0
0
0
0
0
0
0
0
0
0
0
0
0
0
0
0
0
0
0
0
0
0
0
0
0
0
0
0
-0.8104
-0.83505
-0.85053
-0.85403
-0.82352
-0.84893
-0.85017
-0.77281
-0.80484
-0.84098
-0.82963
-0.83645
-0.80861
-0.81361
-0.77106
-0.82708
-0.77721
-0.76603
-0.78235
-0.75629
-0.69955
-0.76448
-0.74991
0
-0.69535
-0.78772
-0.86291
-0.72951
0
0
0
0
0
0
0
0
0
0
0
0
0
0
0
0
0
0
0
0
26.0521
0
0
0
0
0
0
0
0
0
0
0
0
-2.1382
0
0
0
0
-2.3649
0
0
0
0
0
0
0
0
0
0
0
0
0
0
0
0
0
0
0
0
0
0
0
0
0
0
0
0
0
0
0
0
0
0
-0.85029
-0.8792
-0.89701
-0.90055
-0.86444
-0.89539
-0.89665
-0.81653
-0.84958
-0.88644
-0.884
-0.88182
-0.85342
-0.85853
-0.81488
-0.87225
-0.82117
-0.80978
-0.8264
-0.79986
-0.74286
-0.80822
-0.79337
-0.90852
-0.7363
-0.82926
-0.90932
-0.77221
0
0
0
0
0
0
0
0
0
0
0
0
0
0
0
0
0
0
0
0
0
27.1568
0
0
0
0
0
0
0
0
0
0
0
0
0
0
0
0
0
-3.4986
0
0
0
0
0
0
0
0
0
0
0
0
0
0
0
0
0
0
0
0
0
0
0
0
0
0
0
0
0
0
0
0
0
-0.86367
-0.88859
-0.90344
-0.90699
-0.87678
-0.90181
-0.90307
-0.82415
-0.85604
-0.89268
-0.89022
-0.88811
-0.85985
-0.86492
-0.82235
-0.87859
-0.82784
-0.81646
-0.8331
-0.80658
-0.74992
-0.81492
-0.8001
-0.91553
-0.74547
-0.84204
-0.91585
-0.77936
0
0
0
0
0
0
0
0
0
0
0
0
0
0
0
0
0
0
0
0
0
0
23.8684
0
0
0
0
0
0
0
0
0
0
0
0
0
0
0
0
0
0
0
0
0
0
0
0
0
0
0
0
0
0
0
0
0
0
0
0
0
0
0
0
0
0
0
0
0
0
0
0
0
0
-0.94529
-0.97068
-0.98704
-0.99069
-0.95875
-0.98537
-0.98667
-0.90497
-0.938
-0.97531
-0.97273
-0.97067
-0.9419
-0.94709
-0.90317
-0.96102
-0.9082
-0.89653
-0.91358
-0.8864
-0.82855
-0.89494
-0.87975
0
-0.82422
0
0
0
0
0
0
0
0
0
0
0
0
0
0
0
0
0
0
0
0
0
0
0
0
0
0
22.3715
0
0
0
0
0
0
0
0
0
0
0
0
0
0
0
0
0
0
0
0
0
0
0
0
0
0
0
0
0
0
0
0
0
0
0
0
0
0
0
0
0
0
0
0
0
0
0
0
0
-0.87944
-0.9043
-0.92115
-0.92473
-0.89263
-0.91952
-0.9208
-0.84019
-0.87207
-0.90855
-0.90649
-0.904
-0.87587
-0.88094
-0.83841
-0.89453
-0.84285
-0.83146
-0.84812
-0.82159
-0.76547
-0.8299
-0.81511
0
0
0
0
0
0
0
0
0
0
0
0
0
0
0
0
0
0
0
0
0
0
0
0
0
0
0
0
0
20.0381
0
0
0
0
0
0
0
0
0
0
0
0
0
0
0
0
0
0
0
0
0
0
0
0
0
0
0
0
0
0
0
0
0
0
0
0
0
0
0
0
0
0
0
0
0
0
0
0
-0.84293
-0.86728
-0.88502
-0.88856
-0.85575
-0.88341
-0.88467
-0.80419
-0.83533
-0.87129
-0.86932
-0.86683
-0.83907
-0.84407
-0.80239
-0.85749
-0.80628
-0.79506
-0.81151
-0.78532
0
-0.79352
-0.77894
0
0
0
0
0
0
0
0
0
0
0
0
0
0
0
0
0
0
0
0
0
0
0
0
0
0
0
0
0
0
18.4682
0
0
0
0
0
0
0
0
0
0
0
0
0
0
0
0
0
0
0
0
0
0
0
0
0
0
0
0
0
0
0
0
0
0
0
0
0
0
0
0
0
0
0
0
0
0
0
-0.99168
-1.0137
-1.008
-1.0116
-1.0041
-1.0063
-1.0076
0
-0.97825
-1.0161
0
-1.0114
-0.98219
-0.98744
0
-1.0016
0
0
0
0
0
0
0
0
0
0
0
0
0
0
0
0
0
0
0
0
0
0
0
0
0
0
0
0
0
0
0
0
0
0
0
0
0
0
20.8382
0
0
0
-1.2317
0
0
0
0
0
0
0
0
0
0
0
0
0
0
0
0
0
0
-2.5073
0
0
0
0
0
0
0
0
0
0
0
0
0
0
0
0
0
0
0
0
0
0
-4.0793
0
0
0
0
0
0
0
0
0
0
0
0
0
0
0
0
0
0
0
0
0
0
0
0
0
0
0
0
0
0
0
0
0
0
0
-2.1172
-2.1459
0
0
0
0
0
0
0
0
0
0
0
0
0
0
0
0
0
0
13.5899
0
0
0
0
0
0
0
0
0
0
0
-3.2241
-2.9043
0
0
-3.1984
0
0
0
0
0
0
0
0
0
0
0
0
0
0
0
0
0
0
0
0
0
0
0
0
0
0
0
0
0
0
0
0
0
0
0
0
0
0
0
0
0
0
0
-1.5916
0
0
0
0
0
0
0
0
0
0
0
0
0
0
0
0
0
0
0
0
0
0
0
0
0
0
0
0
0
0
0
0
0
0
0
0
0
0
0
0
0
10.9563
0
0
0
0
0
0
0
0
0
0
0
0
0
0
-3.5267
-2.8885
0
0
0
0
0
0
0
0
0
0
0
-2.9494
0
0
0
0
0
0
0
0
0
0
0
0
0
0
0
0
0
0
0
0
0
0
0
0
0
0
0
0
0
0
0
0
0
0
0
0
0
0
0
0
0
0
0
0
0
0
0
0
0
0
0
0
0
0
-2.1489
0
0
0
0
0
0
0
0
0
0
0
0
0
0
0
0
0
0
12.4099
0
0
-3.668
0
0
0
0
0
0
0
0
0
0
0
0
0
0
0
0
-2.9646
0
0
0
0
0
0
0
0
0
0
0
0
-3.6284
0
0
0
0
0
0
0
0
0
0
0
0
0
0
0
0
0
-1.1658
0
0
0
0
0
0
0
0
0
0
0
0
0
0
0
0
0
0
0
0
0
0
0
0
0
0
0
0
0
0
0
0
0
0
0
0
0
0
0
0
0
0
0
0
0
0
-1.2317
0
0
0
4.7738
0
0
0
0
0
0
0
0
0
0
0
0
0
0
0
0
0
0
0
0
0
0
0
0
0
0
0
-2.3762
0
0
0
0
0
0
0
0
0
0
0
0
0
0
0
0
0
0
0
0
0
0
0
0
0
0
0
0
0
0
0
0
0
0
0
0
0
0
0
0
0
0
0
0
0
0
0
0
0
0
0
0
0
0
-4.427
0
0
0
0
0
0
0
0
0
0
0
0
0
0
0
0
0
0
10.9323
0
0
0
0
0
0
0
0
0
0
0
0
0
0
0
0
0
0
-3.2138
-3.2915
0
0
0
0
0
0
0
0
0
0
0
0
0
0
0
0
0
0
0
0
0
-2.8751
0
0
0
0
0
0
0
0
0
0
0
0
0
0
0
0
0
0
0
0
0
0
0
0
0
0
0
0
0
0
0
0
0
0
0
0
0
0
0
0
0
0
0
0
0
0
0
0
0
0
0
0
0
0
0
0
-3.668
0
0
10.353
0
0
0
0
0
0
0
0
0
0
0
0
0
0
0
0
0
-3.8099
0
0
0
0
0
0
0
0
0
0
0
0
0
0
0
0
0
0
0
0
0
0
0
0
0
0
0
0
0
0
0
0
-2.3891
0
0
0
0
0
0
0
0
0
0
0
0
0
0
0
0
0
0
0
0
0
0
0
0
0
0
0
0
0
0
0
0
0
0
0
0
0
-2.1382
0
0
0
0
0
0
0
0
0
0
0
0
7.7093
0
-3.182
0
0
0
0
0
0
0
0
0
0
0
0
0
0
0
0
0
0
0
0
0
0
0
0
0
0
0
0
0
0
0
0
0
0
0
0
0
0
0
0
0
0
0
0
0
0
0
0
0
0
0
0
0
0
0
0
0
0
0
0
0
0
0
0
0
0
-4.3617
0
0
0
0
0
0
0
0
0
0
0
0
0
-4.2835
0
0
0
0
0
0
0
0
0
0
0
0
0
0
0
0
0
0
14.2302
0
0
0
0
0
0
0
0
0
0
0
0
0
0
0
0
0
0
0
0
0
0
-5.5851
0
0
0
0
0
0
0
0
0
0
0
0
0
0
0
0
0
0
0
0
0
0
0
0
0
0
0
0
0
0
0
0
0
0
0
-1.84
0
0
0
0
0
0
0
0
0
0
0
0
0
0
0
0
0
0
0
0
0
0
0
0
0
0
0
0
0
0
0
0
0
0
0
0
0
0
0
0
-3.182
0
5.65
0
0
0
0
0
0
0
0
0
0
0
0
0
0
0
0
0
0
0
0
0
0
0
0
0
0
0
0
0
-0.62797
0
0
0
0
0
0
0
0
0
0
0
0
0
0
0
0
0
0
0
0
0
0
0
0
0
0
0
0
0
0
0
0
-3.6807
0
0
0
0
0
0
0
0
0
0
0
0
0
0
0
0
0
0
0
0
0
-3.4021
0
0
0
0
0
0
0
0
0
0
0
0
0
0
0
0
11.6531
0
0
0
0
0
0
0
0
0
0
0
0
0
0
0
0
0
0
0
0
0
0
0
0
0
0
0
0
0
0
0
0
-4.5702
0
0
0
0
0
0
0
0
0
0
0
0
0
0
0
0
0
0
0
0
0
0
0
0
0
0
0
0
0
0
0
0
0
-3.8204
0
0
0
0
0
0
0
0
0
0
0
0
0
0
0
0
0
0
0
0
0
0
0
0
0
0
0
0
0
0
0
0
0
0
10.8045
0
0
0
0
0
0
0
0
-3.5413
0
-3.4428
0
0
0
0
0
0
0
0
0
0
0
0
0
0
0
0
0
0
0
0
0
0
0
0
0
0
0
0
0
0
0
0
0
0
0
0
0
0
0
0
0
0
0
0
0
0
0
0
0
0
0
0
0
0
0
0
-2.5022
0
0
0
0
0
0
0
0
0
0
0
0
0
0
0
-2.3649
0
0
0
0
0
0
0
0
0
0
0
0
0
0
0
0
0
8.9569
0
0
0
0
0
0
0
0
0
0
0
0
0
0
0
0
0
0
0
0
-4.0898
0
0
0
0
0
0
0
0
0
0
0
0
0
0
0
0
0
0
0
0
0
0
0
0
0
0
0
0
0
0
0
0
0
0
0
0
0
0
0
0
0
0
0
0
0
0
0
0
0
0
0
0
0
0
0
0
0
0
0
0
0
0
-3.4986
0
0
0
0
0
-3.2241
0
0
0
0
0
0
0
0
0
0
0
10.514
0
0
0
0
0
0
0
0
0
0
0
-3.7913
0
0
0
0
0
0
0
0
0
0
0
0
0
0
0
0
0
0
0
0
0
0
0
0
0
-3.175
0
0
0
0
0
0
0
0
0
0
0
0
0
0
0
0
0
0
0
0
0
0
0
0
0
0
0
0
0
0
0
0
0
0
0
0
0
0
0
0
0
0
0
0
0
0
0
0
0
0
-2.9043
0
0
0
0
0
0
0
0
0
0
0
0
9.7377
0
0
0
0
0
0
0
-3.6584
0
0
0
0
0
0
0
0
0
0
0
0
0
0
0
0
0
0
0
0
0
0
0
0
0
-3.6279
0
0
0
0
0
0
0
0
0
0
0
0
0
0
0
0
0
0
0
0
0
0
0
0
0
0
0
0
0
0
0
0
0
0
0
0
0
0
0
0
0
0
0
0
0
0
0
0
0
0
0
0
0
0
0
0
0
0
0
0
0
0
0
0
0
0
0
7.3076
0
0
0
0
0
-3.6798
0
0
0
0
0
0
0
0
0
0
0
0
0
0
0
0
0
0
0
0
0
0
0
0
0
0
0
0
0
0
0
0
0
0
0
0
0
0
0
0
0
0
0
0
0
0
0
0
0
0
-3.5533
0
0
0
0
0
0
0
0
0
0
0
0
0
0
0
0
0
0
0
0
0
0
0
0
0
0
0
0
0
0
0
0
0
0
0
0
0
0
0
0
0
0
0
0
7.2615
0
0
0
0
-3.7082
0
0
0
0
0
0
0
0
0
0
0
0
0
0
0
0
0
0
0
0
0
0
0
0
0
0
0
0
0
0
0
0
0
0
0
0
0
0
0
0
0
0
0
0
0
0
0
0
0
0
0
0
0
0
0
0
0
0
0
0
0
0
0
0
0
0
0
0
0
0
0
0
0
0
0
0
0
0
0
0
-3.1984
-3.5267
0
0
0
0
0
0
0
0
0
0
0
0
0
0
6.7252
0
0
0
0
0
0
0
0
0
0
0
0
0
0
0
0
0
0
0
0
0
0
0
0
0
0
0
0
0
0
0
0
0
0
0
0
0
0
0
0
0
0
0
0
0
0
0
0
0
0
0
0
0
-2.2189
0
0
0
0
0
0
0
0
0
0
0
0
0
0
0
0
0
0
0
0
0
0
0
0
0
0
0
0
0
0
0
-2.8885
0
0
0
0
0
0
0
0
0
0
0
0
0
0
0
5.1074
0
0
0
0
0
0
0
0
0
0
0
0
0
0
0
0
0
0
0
0
0
0
0
0
0
0
0
0
-3.9591
0
0
0
0
0
0
0
0
0
0
0
0
0
0
0
0
0
0
0
0
0
0
0
0
0
0
0
0
0
0
0
0
0
0
0
0
0
0
0
0
0
0
0
0
0
0
0
0
0
0
0
0
0
0
0
0
0
0
0
0
0
0
0
0
0
0
0
0
0
0
0
0
7.4664
-3.5073
0
0
0
0
0
0
0
0
0
0
0
0
0
0
0
0
0
0
0
0
0
0
0
0
0
0
0
0
0
0
0
0
0
0
0
0
0
0
0
0
0
0
0
0
0
0
0
0
0
0
0
0
0
0
0
0
0
0
0
0
0
0
0
0
0
0
0
0
0
0
0
0
0
0
0
0
0
0
0
0
0
0
0
0
0
0
0
0
0
0
0
-3.5413
0
0
0
0
0
0
0
-3.5073
7.0486
0
0
0
0
0
0
0
0
0
0
0
0
0
0
0
0
0
0
0
0
0
0
0
0
0
0
0
0
0
0
0
0
0
0
0
0
0
0
0
0
0
0
0
0
0
0
0
0
0
0
0
0
0
0
0
0
0
0
0
0
0
0
0
0
0
0
0
0
0
0
0
0
0
0
0
0
0
0
0
0
0
0
0
0
0
0
0
0
0
0
0
0
0
0
0
-3.6798
-3.7082
0
0
0
0
7.388
0
0
0
0
0
0
0
0
0
0
0
0
0
0
0
0
0
0
0
0
0
0
0
0
0
0
0
0
0
0
0
0
0
0
0
0
0
0
0
0
0
0
0
0
0
0
0
0
0
0
0
0
0
0
0
0
0
0
0
0
0
0
0
0
0
0
0
0
0
0
0
0
0
0
0
0
0
0
0
0
0
0
0
0
0
0
0
0
0
0
-3.4428
0
0
-3.6584
0
0
0
0
0
0
0
7.1012
0
0
0
0
0
0
0
0
0
0
0
0
0
0
0
0
0
0
0
0
0
0
0
0
0
0
0
0
0
0
0
0
0
0
0
0
0
0
0
0
0
0
0
0
0
0
0
0
0
0
0
0
0
0
0
0
0
0
0
0
0
0
0
0
0
0
0
0
0
0
0
0
0
0
0
0
0
0
-2.5073
0
0
-2.9646
0
0
0
0
0
0
0
0
0
0
0
0
0
0
0
0
0
0
0
5.472
0
0
0
0
0
0
0
0
0
0
0
0
0
0
0
0
0
0
0
0
0
0
0
0
0
0
0
0
0
0
0
0
0
0
0
0
0
0
0
0
0
0
0
0
0
0
0
0
0
0
0
0
0
0
0
0
0
0
0
0
0
0
0
0
0
0
0
0
0
0
0
0
0
0
0
0
0
0
0
0
0
0
-3.2138
-3.8099
0
0
0
0
0
0
0
0
0
0
0
0
0
0
0
0
0
7.0237
0
0
0
0
0
0
0
0
0
0
0
0
0
0
0
0
0
0
0
0
0
0
0
0
0
0
0
0
0
0
0
0
0
0
0
0
0
0
0
0
0
0
0
0
0
0
0
0
0
0
0
0
0
0
0
0
0
0
0
0
0
0
0
0
0
0
0
0
0
0
0
0
0
0
0
0
0
0
0
0
0
-3.2915
0
0
0
0
0
0
0
-3.7913
0
0
0
0
0
0
0
0
0
0
0
7.0829
0
0
0
0
0
0
0
0
0
0
0
0
0
0
0
0
0
0
0
0
0
0
0
0
0
0
0
0
0
0
0
0
0
0
0
0
0
0
0
0
0
0
0
0
0
0
0
0
0
0
0
0
0
0
0
0
0
0
-5.0048
0
0
0
0
0
0
0
0
0
0
0
0
0
0
0
0
0
0
0
0
0
0
0
0
0
0
0
0
0
0
0
0
0
0
0
0
0
0
0
0
0
0
5.0048
0
0
0
0
0
0
0
0
0
0
0
0
0
0
0
0
0
0
0
0
0
0
0
0
0
0
0
0
0
0
0
0
0
0
0
0
0
0
0
0
0
0
0
-7.398
0
0
0
0
0
0
0
0
0
0
0
0
0
0
0
0
0
0
0
0
0
0
0
0
0
0
0
0
0
0
0
0
0
0
0
0
0
0
0
0
0
0
0
0
0
0
0
0
0
0
0
0
0
0
0
0
0
7.398
0
0
0
0
0
0
0
0
0
0
0
0
0
0
0
0
0
0
0
0
0
0
0
0
0
0
0
0
0
0
0
0
0
0
0
0
0
0
0
0
0
0
-7.3979
0
0
0
0
0
0
0
0
0
0
0
0
0
0
0
0
0
0
0
0
0
0
0
0
0
0
0
0
0
0
0
0
0
0
0
0
0
0
0
0
0
0
0
0
0
0
0
0
0
0
0
0
0
0
0
0
0
0
7.3979
0
0
0
0
0
0
0
0
0
0
0
0
0
0
0
0
0
0
0
0
0
-7.5633
0
0
0
0
0
0
0
0
0
0
0
0
0
0
0
0
0
0
0
0
0
0
0
0
0
0
0
0
0
0
0
0
0
0
0
0
0
0
0
0
0
0
0
0
0
0
0
0
0
0
0
0
0
0
0
0
0
0
0
0
0
0
0
0
0
0
0
0
0
0
0
0
0
0
0
0
0
0
0
7.5633
0
0
0
0
0
0
0
0
0
0
0
0
0
0
0
0
0
0
0
0
0
0
0
0
0
0
0
0
0
0
0
0
0
0
0
0
0
0
0
0
0
0
0
0
0
0
0
0
0
0
0
0
0
0
0
0
0
0
0
0
0
0
0
0
0
0
0
0
0
0
0
0
0
-2.9494
0
0
0
0
0
0
0
0
0
0
0
0
0
0
0
0
0
0
0
0
0
0
0
0
0
0
0
2.9494
0
0
0
0
0
0
0
0
0
0
0
0
0
0
0
0
0
0
0
0
0
0
0
0
0
0
0
0
0
0
0
0
0
0
0
0
0
0
0
0
0
0
0
0
0
0
0
0
0
0
0
0
0
0
0
0
0
0
0
0
0
0
0
0
0
0
0
0
0
0
0
0
0
0
0
0
0
0
-5.5851
0
0
0
0
0
0
0
0
0
0
0
0
0
0
0
0
0
0
0
0
0
0
5.5851
0
0
0
0
0
0
0
0
0
0
0
0
0
0
0
0
0
0
0
0
0
0
0
0
0
0
0
0
0
0
0
0
0
0
0
0
0
0
0
0
0
0
0
0
0
0
0
0
0
0
0
0
0
0
0
0
0
0
0
0
0
0
0
0
0
0
0
0
0
0
0
0
0
-2.3762
0
0
0
0
0
0
0
0
0
0
0
0
0
0
0
0
0
0
0
0
0
0
0
0
0
0
0
2.3762
0
0
0
0
0
0
0
0
0
0
0
0
0
0
0
0
0
0
0
0
0
0
0
0
0
0
0
0
0
0
0
0
0
0
0
0
0
0
0
0
0
0
0
0
0
0
0
0
0
0
0
0
0
0
0
0
0
0
0
0
0
0
0
0
0
0
0
0
0
0
0
0
0
0
0
0
0
0
0
0
-4.0898
0
0
0
0
0
0
0
0
0
0
0
0
0
0
0
0
0
0
0
0
4.0898
0
0
0
0
0
0
0
0
0
0
0
0
0
0
0
0
0
0
0
0
0
0
0
0
0
0
0
0
0
0
0
0
0
0
0
0
0
0
0
-6.6273
0
0
0
0
0
0
0
0
0
0
0
0
0
0
0
0
0
0
0
0
0
0
0
0
0
0
0
0
0
0
0
0
0
0
0
0
0
0
0
0
0
0
0
0
0
0
0
0
0
0
0
0
0
0
0
0
0
0
0
0
0
6.6273
0
0
0
0
0
0
0
0
0
0
0
0
0
0
0
0
0
0
-7.5401
0
0
0
0
0
0
0
0
0
0
0
0
0
0
0
0
0
0
0
0
0
0
0
0
0
0
0
0
0
0
0
0
0
0
0
0
0
0
0
0
0
0
0
0
0
0
0
0
0
0
0
0
0
0
0
0
0
0
0
0
0
0
0
0
0
0
0
0
0
0
0
0
0
0
0
0
0
0
0
0
0
0
7.5401
0
0
0
0
0
0
0
0
0
0
0
0
0
0
0
0
0
0
0
0
0
0
0
0
0
0
0
0
0
0
0
0
0
0
0
0
0
0
0
0
0
0
0
0
0
0
0
0
0
0
0
0
0
0
0
0
0
0
0
0
0
0
0
0
0
0
0
0
-3.6284
0
0
0
0
0
0
0
0
0
0
0
0
0
0
0
0
0
0
0
0
0
0
0
0
0
0
0
0
0
0
0
0
3.6284
0
0
0
0
0
0
0
0
0
0
0
0
0
0
0
0
0
0
0
0
0
0
0
0
0
0
0
0
0
0
0
0
0
0
0
0
0
0
-6.4947
0
0
0
0
0
0
0
0
0
0
0
0
0
0
0
0
0
0
0
0
0
0
0
0
0
0
0
0
0
0
0
0
0
0
0
0
0
0
0
0
0
0
0
0
0
0
0
0
0
0
0
0
0
0
0
0
0
0
0
0
0
0
6.4947
0
0
0
0
0
0
0
0
0
0
0
0
0
0
0
0
0
0
0
0
0
0
0
0
0
0
0
0
0
0
0
0
0
0
0
0
0
0
0
0
0
0
0
0
0
-5.4414
0
0
0
0
0
0
0
0
0
0
0
0
0
0
0
0
0
0
0
0
0
0
0
0
0
0
0
0
0
0
0
0
0
0
0
0
0
0
0
0
0
0
0
0
0
0
0
0
0
0
0
0
0
0
0
5.4414
0
0
0
0
0
0
0
0
0
0
0
0
0
0
0
0
0
0
0
0
0
0
0
0
0
0
0
0
0
0
0
0
0
0
0
0
0
0
0
0
0
0
0
0
0
0
0
0
0
0
0
0
0
0
0
0
0
0
0
0
0
0
0
0
0
0
0
0
0
0
0
-0.62797
0
0
0
0
0
0
0
0
0
0
0
0
0
0
0
0
0
0
0
0
0
0
0
0
0
0
0
0
0
0.62797
0
0
0
0
0
0
0
0
0
0
0
0
0
0
0
0
0
0
0
0
0
0
0
0
0
0
0
0
0
0
0
0
0
0
0
0
0
-6.2938
0
0
0
0
0
0
0
0
0
0
0
0
0
0
0
0
0
0
0
0
0
0
0
0
0
0
0
0
0
0
0
0
0
0
0
0
0
0
0
0
0
0
0
0
0
0
0
0
0
0
0
0
0
0
0
0
0
0
0
0
0
0
0
6.2938
0
0
0
0
0
0
0
0
-7.5429
0
0
0
0
0
0
0
0
0
0
0
0
0
0
0
0
0
0
0
0
0
0
0
0
0
0
0
0
0
0
0
0
0
0
0
0
0
0
0
0
0
0
0
0
0
0
0
0
0
0
0
0
0
0
0
0
0
0
0
0
0
0
0
0
0
0
0
0
0
0
0
0
0
0
0
0
0
0
0
0
0
0
0
0
0
0
0
0
0
0
0
0
7.5429
0
0
0
0
0
0
0
0
0
0
0
0
0
0
0
0
0
0
0
0
0
0
0
0
0
0
0
0
-7.3977
0
0
0
0
0
0
0
0
0
0
0
0
0
0
0
0
0
0
0
0
0
0
0
0
0
0
0
0
0
0
0
0
0
0
0
0
0
0
0
0
0
0
0
0
0
0
0
0
0
0
0
0
0
0
0
0
0
0
0
0
0
0
0
0
0
0
0
0
0
0
0
0
7.3977
0
0
0
0
0
0
0
0
0
0
0
0
0
0
0
0
0
0
0
0
0
0
0
0
0
0
0
0
0
0
0
0
0
0
0
0
0
0
0
0
0
0
0
0
0
0
0
0
0
0
0
0
0
0
0
0
0
0
0
0
0
0
0
0
0
0
0
0
-4.5702
0
0
0
0
0
0
0
0
0
0
0
0
0
0
0
0
0
0
0
0
0
0
0
0
0
0
0
0
0
0
0
0
4.5702
0
0
0
0
0
0
0
0
-7.5334
0
0
0
0
0
0
0
0
0
0
0
0
0
0
0
0
0
0
0
0
0
0
0
0
0
0
0
0
0
0
0
0
0
0
0
0
0
0
0
0
0
0
0
0
0
0
0
0
0
0
0
0
0
0
0
0
0
0
0
0
0
0
0
0
0
0
0
0
0
0
0
0
0
0
0
0
0
0
0
0
0
0
0
0
0
0
0
0
0
0
0
0
7.5334
0
0
0
0
0
0
0
0
0
0
0
0
0
0
0
0
0
0
0
0
0
0
0
0
0
0
0
0
0
0
0
0
0
0
0
0
0
0
0
0
0
0
0
0
0
0
-4.3421
0
0
0
0
0
0
0
0
0
0
0
0
0
0
0
0
0
0
0
0
0
0
0
0
0
0
0
0
0
0
0
0
0
0
0
0
0
0
0
0
0
0
0
0
0
0
0
0
0
0
0
0
0
0
4.3421
0
0
0
0
0
0
0
0
0
0
0
0
0
0
0
0
0
0
0
0
0
0
0
0
0
0
0
0
0
0
0
0
0
0
0
0
0
0
0
0
0
0
0
0
0
0
0
0
0
0
0
0
0
0
0
-4.0793
0
0
0
0
0
0
0
0
0
0
0
0
0
0
0
0
0
0
0
0
0
0
0
0
0
0
0
0
0
0
0
0
0
0
0
0
0
0
0
0
0
0
0
0
0
4.0793
