53.9106
-0.91347
-0.93244
-0.93676
-0.90079
-0.93049
-0.932
-0.85479
-0.88717
-0.92362
-0.91955
-0.9193
-0.89117
-0.8965
-0.85344
-0.91012
-0.85746
-0.84587
-0.86264
-0.83535
-0.7812
-0.84424
-0.82839
-0.94659
-0.77947
-0.86778
-0.94773
-0.81048
-0.87291
-0.81712
-0.90816
-0.83152
-0.82955
-0.8248
-0.84145
-0.83972
-0.8638
-0.86166
-0.8381
-0.8347
-0.85106
-0.83469
-0.88186
-0.87619
-0.86144
-0.88998
-0.88968
-0.80533
-0.80869
-0.84865
-0.86396
-0.9462
-0.87925
-0.84423
-0.99253
0
0
0
0
0
-2.8882
0
0
0
0
0
0
0
0
0
0
0
0
-3.9763
0
0
0
0
0
0
0
0
0
0
0
0
0
0
0
0
0
0
0
0
0
0
0
0
0
0
0
-0.91347
52.0306
-0.95529
-0.95948
-0.93075
-0.9534
-0.95488
-0.87945
-0.91277
-0.94929
-0.94416
-0.94502
-0.91682
-0.92221
-0.87786
-0.93585
-0.88196
-0.87028
-0.88718
-0.85966
-0.80397
-0.86863
-0.85262
-0.9668
-0.80051
-0.90732
-0.97799
-0.83452
-0.89694
-0.84213
-0.93741
-0.85597
-0.85471
-0.84903
-0.86598
-0.86562
-0.88966
-0.88614
-0.86586
-0.85916
-0.8782
-0.85914
-0.90667
-0.90171
-0.88344
-0.91481
-0.91448
-0.83644
-0.83302
-0.87722
-0.88857
-0.97126
-0.90378
-0.86826
-1.0141
0
0
0
0
0
0
0
0
0
0
0
0
0
0
-3.6487
0
0
0
0
0
0
0
0
0
0
0
0
0
0
0
0
0
0
0
0
0
0
0
0
0
0
0
0
0
0
0
-0.93244
-0.95529
56.7502
-0.99946
-0.94638
-0.99257
-0.99429
-0.89407
-0.92638
-0.96314
-0.95789
-0.95876
-0.93042
-0.93576
-0.89202
-0.94946
-0.89728
-0.88561
-0.9025
-0.87502
-0.81743
-0.88397
-0.86804
-0.97105
-0.81492
-0.91464
-0.97408
-0.84998
-0.90409
-0.857
-0.94452
-0.8709
-0.87045
-0.86392
-0.88088
-0.88181
-0.89883
-0.89444
-0.88009
-0.87398
-0.8915
-0.87399
-0.92172
-0.91701
-0.89226
-0.9298
-0.92946
-0.85171
-0.84907
-0.89568
-0.90402
-0.98826
-0.92128
-0.88667
-1.0086
0
0
0
0
0
0
0
0
0
0
0
0
0
0
0
0
0
0
0
0
0
0
0
0
0
0
0
0
0
0
0
0
0
0
0
0
0
0
0
0
-7.5854
0
0
0
0
0
-0.93676
-0.95948
-0.99946
56.9893
-0.95052
-0.99732
-0.99899
-0.89811
-0.93044
-0.96726
-0.96205
-0.96287
-0.93446
-0.93982
-0.89603
-0.95357
-0.90129
-0.8896
-0.90652
-0.879
-0.82134
-0.88796
-0.87198
-0.97495
-0.81883
-0.91878
-0.97847
-0.85393
-0.9082
-0.86099
-0.94882
-0.87486
-0.87445
-0.8679
-0.88488
-0.88582
-0.90291
-0.89849
-0.8841
-0.87797
-0.89552
-0.87798
-0.92578
-0.92107
-0.8963
-0.93385
-0.93353
-0.85568
-0.85305
-0.89971
-0.90806
-0.99242
-0.92536
-0.8907
-1.0128
0
0
0
0
0
0
0
0
0
0
0
0
0
0
0
0
0
0
0
0
0
0
0
0
0
0
0
0
-7.6083
0
0
0
0
0
0
0
0
0
0
0
0
0
0
0
0
0
-0.90079
-0.93075
-0.94638
-0.95052
50.9555
-0.9445
-0.94596
-0.86787
-0.90115
-0.93743
-0.93134
-0.93323
-0.9052
-0.91057
-0.86601
-0.92417
-0.87053
-0.85889
-0.87573
-0.84829
-0.79283
-0.85725
-0.84126
-0.95904
-0.7874
-0.88492
-0.9675
-0.82308
-0.88672
-0.83126
-0.92715
-0.84445
-0.84339
-0.83762
-0.85449
-0.85252
-0.87781
-0.87595
-0.85346
-0.84764
-0.86798
-0.84765
-0.8949
-0.8908
-0.8722
-0.90307
-0.90273
-0.82144
-0.82131
-0.86223
-0.87657
-0.95915
-0.89193
-0.85655
-1.0044
0
0
0
0
0
0
0
0
0
0
0
0
0
-3.1875
0
0
0
0
0
0
0
0
0
0
0
0
0
0
0
0
0
0
0
0
0
0
0
0
0
0
0
0
0
0
0
0
-0.93049
-0.9534
-0.99257
-0.99732
-0.9445
56.6409
-0.99206
-0.89223
-0.92453
-0.96127
-0.95601
-0.95688
-0.92857
-0.93391
-0.89018
-0.94762
-0.89546
-0.88378
-0.90068
-0.87322
-0.81566
-0.88216
-0.86621
-0.96928
-0.81313
-0.91277
-0.97209
-0.84819
-0.90223
-0.85516
-0.94258
-0.86906
-0.86864
-0.86211
-0.87905
-0.87998
-0.89698
-0.89258
-0.87827
-0.87216
-0.88965
-0.87217
-0.91986
-0.91515
-0.89042
-0.92794
-0.92761
-0.84989
-0.84725
-0.89384
-0.90217
-0.98636
-0.91943
-0.88484
-1.0067
0
0
0
0
0
0
0
0
0
0
0
0
0
0
0
0
0
0
0
0
0
0
0
0
0
0
0
0
0
0
0
0
0
0
0
0
0
0
0
0
0
0
0
-7.5746
0
0
-0.932
-0.95488
-0.99429
-0.99899
-0.94596
-0.99206
56.7252
-0.89367
-0.92598
-0.96273
-0.95748
-0.95835
-0.93
-0.93535
-0.8916
-0.94906
-0.89688
-0.88521
-0.90211
-0.87461
-0.81704
-0.88356
-0.86762
-0.97066
-0.81452
-0.91423
-0.97363
-0.84958
-0.90369
-0.8566
-0.94409
-0.87047
-0.87004
-0.86352
-0.88047
-0.8814
-0.89842
-0.89403
-0.87969
-0.87359
-0.89108
-0.87359
-0.9213
-0.91659
-0.89186
-0.92938
-0.92905
-0.85133
-0.84865
-0.89527
-0.9036
-0.98784
-0.92088
-0.88628
-1.0082
0
0
0
0
0
0
0
0
0
0
0
0
0
0
0
0
0
0
0
0
0
0
0
0
0
0
0
0
0
0
0
0
0
0
-7.5822
0
0
0
0
0
0
0
0
0
0
0
-0.85479
-0.87945
-0.89407
-0.89811
-0.86787
-0.89223
-0.89367
45.2322
-0.84244
-0.88031
-0.88095
-0.8756
-0.8464
-0.85176
-0.81296
-0.86584
-0.82577
-0.81345
-0.83121
-0.80221
-0.74254
-0.81171
-0.79478
-0.90371
-0.73878
-0.83387
-0.91272
-0.77232
-0.82756
-0.77959
-0.87196
-0.79293
-0.79241
-0.78615
-0.80266
-0.8027
-0.82574
-0.82126
-0.8026
-0.7959
-0.81565
-0.7959
-0.84224
-0.83771
-0.8188
-0.85015
-0.84984
-0.77269
-0.77068
-0.81448
-0.82397
-0.90539
-0.8395
-0.80499
0
0
0
0
-1.1692
0
0
0
0
0
0
0
0
0
0
0
0
0
0
0
0
0
0
0
0
0
0
0
0
0
0
0
0
0
0
0
0
0
0
0
0
0
0
0
0
0
0
-0.88717
-0.91277
-0.92638
-0.93044
-0.90115
-0.92453
-0.92598
-0.84244
46.675
-0.91444
-0.91722
-0.90927
-0.87733
-0.88326
-0.84037
-0.89869
-0.84891
-0.83724
-0.854
-0.82653
-0.77073
-0.8356
-0.8194
-0.93665
-0.76782
-0.88738
-0.94638
-0.80169
-0.86487
-0.80993
-0.92631
-0.82307
-0.82305
-0.8163
-0.83293
-0.83336
-0.8563
-0.85224
-0.83273
-0.82607
-0.84707
-0.82608
-0.87272
-0.86882
-0.84935
-0.88073
-0.88041
-0.80408
-0.80189
-0.84672
-0.85505
-0.93758
-0.87058
-0.83534
-0.97768
0
0
0
0
0
0
0
0
0
0
0
0
0
0
0
0
0
0
0
0
0
0
0
0
0
0
0
0
0
0
0
0
0
0
0
0
0
0
0
0
0
0
0
0
0
0
-0.92362
-0.94929
-0.96314
-0.96726
-0.93743
-0.96127
-0.96273
-0.88031
-0.91444
48.6773
-0.9524
-0.95008
-0.91893
-0.92481
-0.87865
-0.93986
-0.88579
-0.87396
-0.89104
-0.86316
-0.80686
-0.8723
-0.85601
-0.97321
-0.80402
-0.91995
-0.982
-0.83836
-0.90731
-0.84826
-0.95862
-0.86038
-0.86084
-0.85351
-0.87063
-0.87154
-0.89748
-0.89164
-0.8709
-0.86378
-0.886
-0.86379
-0.91146
-0.90827
-0.88826
-0.91957
-0.91924
-0.8416
-0.83958
-0.88518
-0.8933
-0.97654
-0.90865
-0.8729
-1.0172
0
0
0
0
0
0
0
0
0
0
0
0
0
0
0
0
0
0
0
0
0
0
0
0
0
0
0
0
0
0
0
0
0
0
0
0
0
0
0
0
0
0
0
0
0
0
-0.91955
-0.94416
-0.95789
-0.96205
-0.93134
-0.95601
-0.95748
-0.88095
-0.91722
-0.9524
49.8872
-0.94853
-0.92125
-0.92657
-0.87968
-0.9399
-0.88369
-0.87199
-0.88888
-0.86129
-0.80464
-0.87033
-0.85419
-0.96845
-0.80196
-0.90699
-0.97619
-0.83604
-0.90061
-0.84624
-0.94346
-0.85788
-0.85822
-0.85093
-0.868
-0.86879
-0.89317
-0.88777
-0.86815
-0.86109
-0.88333
-0.8611
-0.90866
-0.90636
-0.88293
-0.91679
-0.91647
-0.83895
-0.82726
-0.88193
-0.89002
-0.97316
-0.90579
-0.87012
0
0
0
0
0
0
0
-2.4004
0
0
0
0
0
0
0
0
0
0
0
0
0
0
0
0
0
0
0
0
0
0
0
0
0
0
0
0
0
0
0
0
0
0
0
0
0
0
0
-0.9193
-0.94502
-0.95876
-0.96287
-0.93323
-0.95688
-0.95835
-0.8756
-0.90927
-0.95008
-0.94853
48.4354
-0.91376
-0.91968
-0.87389
-0.93486
-0.88124
-0.86944
-0.88646
-0.85865
-0.80242
-0.86778
-0.85148
-0.96881
-0.79959
-0.91658
-0.97784
-0.83386
-0.90237
-0.84358
-0.95505
-0.85581
-0.85623
-0.84898
-0.86605
-0.86689
-0.89249
-0.88684
-0.86623
-0.8592
-0.88125
-0.85921
-0.90675
-0.90345
-0.88348
-0.91485
-0.91453
-0.83705
-0.83501
-0.8805
-0.88867
-0.97184
-0.90405
-0.86838
-1.0124
0
0
0
0
0
0
0
0
0
0
0
0
0
0
0
0
0
0
0
0
0
0
0
0
0
0
0
0
0
0
0
0
0
0
0
0
0
0
0
0
0
0
0
0
0
0
-0.89117
-0.91682
-0.93042
-0.93446
-0.9052
-0.92857
-0.93
-0.8464
-0.87733
-0.91893
-0.92125
-0.91376
46.8916
-0.88773
-0.84434
-0.90319
-0.85276
-0.84111
-0.85789
-0.8304
-0.77457
-0.83946
-0.82327
-0.9406
-0.77167
-0.89122
-0.95034
-0.80561
-0.86991
-0.81402
-0.93
-0.82706
-0.82709
-0.8203
-0.83696
-0.83746
-0.86074
-0.85644
-0.83684
-0.83012
-0.85123
-0.83012
-0.87688
-0.87305
-0.8535
-0.88489
-0.88457
-0.8081
-0.80596
-0.85087
-0.85916
-0.9418
-0.87468
-0.83939
-0.98194
0
0
0
0
0
0
0
0
0
0
0
0
0
0
0
0
0
0
0
0
0
0
0
0
0
0
0
0
0
0
0
0
0
0
0
0
0
0
0
0
0
0
0
0
0
0
-0.8965
-0.92221
-0.93576
-0.93982
-0.91057
-0.93391
-0.93535
-0.85176
-0.88326
-0.92481
-0.92657
-0.91968
-0.88773
47.181
-0.84977
-0.90915
-0.85801
-0.84635
-0.86315
-0.8356
-0.77974
-0.84469
-0.82846
-0.94592
-0.77687
-0.89628
-0.95558
-0.81086
-0.87632
-0.81952
-0.9349
-0.83243
-0.8325
-0.82565
-0.84239
-0.84295
-0.86669
-0.86212
-0.84231
-0.83554
-0.85683
-0.83555
-0.88245
-0.87872
-0.85911
-0.89048
-0.89016
-0.8135
-0.81139
-0.85642
-0.86467
-0.94743
-0.88019
-0.84481
-0.98764
0
0
0
0
0
0
0
0
0
0
0
0
0
0
0
0
0
0
0
0
0
0
0
0
0
0
0
0
0
0
0
0
0
0
0
0
0
0
0
0
0
0
0
0
0
0
-0.85344
-0.87786
-0.89202
-0.89603
-0.86601
-0.89018
-0.8916
-0.81296
-0.84037
-0.87865
-0.87968
-0.87389
-0.84434
-0.84977
45.5528
-0.86403
-0.82193
-0.8099
-0.82723
-0.79889
-0.74044
-0.80821
-0.79158
-0.9029
-0.73689
-0.83355
-0.91184
-0.77032
-0.82496
-0.77696
-0.87269
-0.7909
-0.79034
-0.78413
-0.80056
-0.80017
-0.82268
-0.81905
-0.80019
-0.79379
-0.81343
-0.7938
-0.84001
-0.83489
-0.81687
-0.84796
-0.84762
-0.77044
-0.7687
-0.81262
-0.82195
-0.90337
-0.83751
-0.80298
0
0
-1.5997
0
0
0
0
0
0
0
0
0
0
0
0
0
0
0
0
0
0
0
0
0
0
0
0
0
0
0
0
0
0
0
0
0
0
0
0
0
0
0
0
0
0
0
0
-0.91012
-0.93585
-0.94946
-0.95357
-0.92417
-0.94762
-0.94906
-0.86584
-0.89869
-0.93986
-0.9399
-0.93486
-0.90319
-0.90915
-0.86403
47.9267
-0.87174
-0.86001
-0.87694
-0.84925
-0.79317
-0.85835
-0.84211
-0.95955
-0.79032
-0.90876
-0.96891
-0.8245
-0.89184
-0.83379
-0.94714
-0.84632
-0.84656
-0.83947
-0.85641
-0.85714
-0.88201
-0.87676
-0.85652
-0.84957
-0.87131
-0.84957
-0.89686
-0.89338
-0.87357
-0.90494
-0.9046
-0.82748
-0.82542
-0.87071
-0.87892
-0.96196
-0.89435
-0.85881
-1.0024
0
0
0
0
0
0
0
0
0
0
0
0
0
0
0
0
0
0
0
0
0
0
0
0
0
0
0
0
0
0
0
0
0
0
0
0
0
0
0
0
0
0
0
0
0
0
-0.85746
-0.88196
-0.89728
-0.90129
-0.87053
-0.89546
-0.89688
-0.82577
-0.84891
-0.88579
-0.88369
-0.88124
-0.85276
-0.85801
-0.82193
-0.87174
44.1583
-0.79272
-0.81374
-0.78063
-0.73559
-0.79082
-0.77289
-0.90818
-0.73547
-0.83872
-0.91249
-0.77162
-0.83857
-0.78437
-0.87994
-0.7946
-0.79531
-0.78811
-0.80553
-0.8069
-0.84228
-0.8284
-0.80666
-0.79913
-0.82128
-0.79912
-0.84677
-0.84402
-0.82501
-0.85468
-0.85434
-0.77747
-0.7755
-0.81956
-0.82808
-0.90905
-0.84258
-0.80749
0
0
0
0
0
0
0
0
0
0
0
0
0
0
0
0
0
0
0
0
0
0
0
0
0
0
0
0
0
0
0
0
0
0
0
0
0
0
0
0
0
0
0
0
0
0
0
-0.84587
-0.87028
-0.88561
-0.8896
-0.85889
-0.88378
-0.88521
-0.81345
-0.83724
-0.87396
-0.87199
-0.86944
-0.84111
-0.84635
-0.8099
-0.86001
-0.79272
43.5414
-0.79971
-0.76674
-0.72436
-0.77672
-0.75929
-0.89653
-0.72424
-0.82729
-0.90082
-0.76027
-0.82775
-0.77227
-0.86856
-0.78309
-0.78365
-0.77665
-0.79392
-0.79518
-0.83045
-0.81628
-0.79492
-0.78752
-0.8093
-0.78751
-0.83487
-0.83194
-0.81317
-0.84276
-0.84243
-0.76592
-0.76396
-0.80781
-0.81635
-0.89701
-0.83083
-0.7959
0
0
0
0
0
0
0
0
0
0
0
0
0
0
0
0
0
0
0
0
0
0
0
0
0
0
0
0
0
0
0
0
0
0
0
0
0
0
0
0
0
0
0
0
0
0
0
-0.86264
-0.88718
-0.9025
-0.90652
-0.87573
-0.90068
-0.90211
-0.83121
-0.854
-0.89104
-0.88888
-0.88646
-0.85789
-0.86315
-0.82723
-0.87694
-0.81374
-0.79971
44.4364
-0.7876
-0.74091
-0.79782
-0.77974
-0.91342
-0.74068
-0.8438
-0.91773
-0.77682
-0.84324
-0.78977
-0.88506
-0.79982
-0.80061
-0.79332
-0.81077
-0.81215
-0.84701
-0.83376
-0.81191
-0.80434
-0.8266
-0.80435
-0.85204
-0.84932
-0.8303
-0.85998
-0.85963
-0.78262
-0.78061
-0.82476
-0.83333
-0.91442
-0.84784
-0.81271
0
0
0
0
0
0
0
0
0
0
0
0
0
0
0
0
0
0
0
0
0
0
0
0
0
0
0
0
0
0
0
0
0
0
0
0
0
0
0
0
0
0
0
0
0
0
0
-0.83535
-0.85966
-0.87502
-0.879
-0.84829
-0.87322
-0.87461
-0.80221
-0.82653
-0.86316
-0.86129
-0.85865
-0.8304
-0.8356
-0.79889
-0.84925
-0.78063
-0.76674
-0.7876
42.9845
-0.71466
-0.7649
-0.74811
-0.88602
-0.71446
-0.8169
-0.8902
-0.75025
-0.8177
-0.76132
-0.85823
-0.77283
-0.77323
-0.76637
-0.78349
-0.78459
-0.81871
-0.80524
-0.78431
-0.77705
-0.79846
-0.77705
-0.82408
-0.82093
-0.80233
-0.83192
-0.8316
-0.75541
-0.75349
-0.79714
-0.80571
-0.8861
-0.8202
-0.78542
0
0
0
0
0
0
0
0
0
0
0
0
0
0
0
0
0
0
0
0
0
0
0
0
0
0
0
0
0
0
0
0
0
0
0
0
0
0
0
0
0
0
0
0
0
0
0
-0.7812
-0.80397
-0.81743
-0.82134
-0.79283
-0.81566
-0.81704
-0.74254
-0.77073
-0.80686
-0.80464
-0.80242
-0.77457
-0.77974
-0.74044
-0.79317
-0.73559
-0.72436
-0.74091
-0.71466
41.21
-0.72283
-0.70854
-0.8269
-0.66456
-0.76243
-0.83197
-0.69967
-0.7545
-0.70603
-0.80233
-0.71897
-0.7179
-0.71228
-0.72796
-0.72743
-0.74758
-0.74298
-0.72732
-0.72121
-0.74012
-0.72121
-0.76584
-0.76208
-0.73994
-0.7735
-0.77318
-0.69993
-0.69655
-0.73995
-0.7488
-0.82798
-0.76385
0
0
0
0
0
0
0
0
0
0
-1.8535
0
0
0
0
0
0
0
0
0
0
0
0
0
0
0
0
0
0
0
0
0
0
0
0
0
0
0
0
0
0
0
0
0
0
0
0
0
-0.84424
-0.86863
-0.88397
-0.88796
-0.85725
-0.88216
-0.88356
-0.81171
-0.8356
-0.8723
-0.87033
-0.86778
-0.83946
-0.84469
-0.80821
-0.85835
-0.79082
-0.77672
-0.79782
-0.7649
-0.72283
43.4551
-0.75751
-0.89491
-0.72272
-0.82569
-0.89917
-0.7587
-0.82621
-0.77058
-0.86697
-0.78147
-0.78202
-0.77503
-0.7923
-0.79354
-0.82869
-0.81459
-0.79326
-0.78589
-0.80763
-0.7859
-0.8332
-0.83025
-0.81148
-0.84108
-0.84076
-0.76429
-0.76232
-0.80615
-0.81471
-0.89532
-0.82917
-0.79427
0
0
0
0
0
0
0
0
0
0
0
0
0
0
0
0
0
0
0
0
0
0
0
0
0
0
0
0
0
0
0
0
0
0
0
0
0
0
0
0
0
0
0
0
0
0
0
-0.82839
-0.85262
-0.86804
-0.87198
-0.84126
-0.86621
-0.86762
-0.79478
-0.8194
-0.85601
-0.85419
-0.85148
-0.82327
-0.82846
-0.79158
-0.84211
-0.77289
-0.75929
-0.77974
-0.74811
-0.70854
-0.75751
42.6175
-0.87906
-0.70819
-0.80999
-0.88317
-0.74378
-0.811
-0.75415
-0.85137
-0.76612
-0.76647
-0.75966
-0.77664
-0.77762
-0.8104
-0.79797
-0.77734
-0.77019
-0.79133
-0.77018
-0.81694
-0.81361
-0.79516
-0.82479
-0.82446
-0.74851
-0.74659
-0.79011
-0.79868
-0.87889
-0.81318
-0.7785
0
0
0
0
0
0
0
0
0
0
0
0
0
0
0
0
0
0
0
0
0
0
0
0
0
0
0
0
0
0
0
0
0
0
0
0
0
0
0
0
0
0
0
0
0
0
0
-0.94659
-0.9668
-0.97105
-0.97495
-0.95904
-0.96928
-0.97066
-0.90371
-0.93665
-0.97321
-0.96845
-0.96881
-0.9406
-0.94592
-0.9029
-0.95955
-0.90818
-0.89653
-0.91342
-0.88602
-0.8269
-0.89491
-0.87906
67.2153
-0.82336
-0.92755
-0.99178
-0.86049
-0.90348
-0.86812
-0.94479
-0.88138
-0.88103
-0.87435
-0.89145
-0.89281
-0.90636
-0.89957
-0.89021
-0.88456
-0.90121
-0.88457
-0.93285
-0.92878
-0.89904
-0.94102
-0.94069
-0.8648
0
-0.90734
-0.91627
0
0
0
0
0
0
0
0
0
0
0
0
0
0
0
0
0
0
0
0
0
0
0
0
0
0
0
0
0
0
-7.4382
-7.4381
0
0
0
0
0
0
0
0
0
0
0
0
0
-7.438
0
0
0
0
-0.77947
-0.80051
-0.81492
-0.81883
-0.7874
-0.81313
-0.81452
-0.73878
-0.76782
-0.80402
-0.80196
-0.79959
-0.77167
-0.77687
-0.73689
-0.79032
-0.73547
-0.72424
-0.74068
-0.71446
-0.66456
-0.72272
-0.70819
-0.82336
40.6461
-0.75644
-0.82771
-0.6979
-0.74879
-0.69948
-0.79496
-0.71578
-0.71447
-0.70888
-0.72416
-0.72333
-0.74174
-0.7382
-0.72313
-0.71732
-0.73502
-0.71732
-0.76163
-0.75554
-0.73881
-0.76927
-0.76897
-0.69458
-0.69258
-0.73359
-0.74457
-0.82387
0
0
0
0
0
0
0
0
0
0
0
0
0
0
0
0
0
0
0
0
-2.2277
0
0
0
0
0
0
0
0
0
0
0
0
0
0
0
0
0
0
0
0
0
0
0
0
0
0
0
0
-0.86778
-0.90732
-0.91464
-0.91878
-0.88492
-0.91277
-0.91423
-0.83387
-0.88738
-0.91995
-0.90699
-0.91658
-0.89122
-0.89628
-0.83355
-0.90876
-0.83872
-0.82729
-0.8438
-0.8169
-0.76243
-0.82569
-0.80999
-0.92755
-0.75644
49.7672
-0.93363
-0.78959
-0.84686
-0.79429
-0.88789
-0.80996
-0.80651
-0.80377
-0.81998
-0.81735
-0.8394
-0.83832
-0.81841
-0.81316
-0.82759
-0.81316
-0.85968
-0.85279
-0.83772
-0.86792
-0.86759
-0.76159
-0.78595
-0.82748
-0.84226
0
0
0
0
0
0
0
0
0
0
0
0
0
-3.7067
0
0
0
0
0
-3.5739
0
0
0
0
0
0
0
0
0
0
0
0
0
0
0
0
0
0
0
0
0
0
0
0
0
0
0
0
0
0
-0.94773
-0.97799
-0.97408
-0.97847
-0.9675
-0.97209
-0.97363
-0.91272
-0.94638
-0.982
-0.97619
-0.97784
-0.95034
-0.95558
-0.91184
-0.96891
-0.91249
-0.90082
-0.91773
-0.8902
-0.83197
-0.89917
-0.88317
-0.99178
-0.82771
-0.93363
52.7009
-0.86183
-0.92946
-0.87024
-0.9739
-0.88364
-0.88348
-0.87663
-0.89377
-0.89465
-0.91611
-0.91033
-0.89351
-0.88686
-0.90591
-0.88688
-0.93498
-0.93072
-0.90779
-0.9432
-0.94286
-0.8648
-0.86151
-0.90806
-0.9165
0
0
0
0
0
0
0
0
0
0
0
0
0
0
0
0
0
0
0
0
0
0
0
0
0
0
0
0
0
0
0
0
0
0
0
0
0
-6.6613
0
0
0
0
0
0
0
0
0
0
0
0
-0.81048
-0.83452
-0.84998
-0.85393
-0.82308
-0.84819
-0.84958
-0.77232
-0.80169
-0.83836
-0.83604
-0.83386
-0.80561
-0.81086
-0.77032
-0.8245
-0.77162
-0.76027
-0.77682
-0.75025
-0.69967
-0.7587
-0.74378
-0.86049
-0.6979
-0.78959
-0.86183
39.2821
-0.78389
-0.73419
-0.82738
-0.74887
-0.74607
-0.74174
-0.75768
-0.75686
-0.77793
-0.77743
-0.7569
-0.75068
-0.76849
-0.75067
-0.79604
-0.79104
-0.77357
-0.80383
-0.80351
-0.72811
-0.72616
-0.76892
-0.7779
0
0
0
0
0
0
0
0
0
0
0
0
0
0
0
0
0
0
0
0
0
0
0
0
0
0
0
0
0
0
0
0
0
0
0
0
0
0
0
0
0
0
0
0
0
0
0
0
0
0
-0.87291
-0.89694
-0.90409
-0.9082
-0.88672
-0.90223
-0.90369
-0.82756
-0.86487
-0.90731
-0.90061
-0.90237
-0.86991
-0.87632
-0.82496
-0.89184
-0.83857
-0.82775
-0.84324
-0.8177
-0.7545
-0.82621
-0.811
-0.90348
-0.74879
-0.84686
-0.92946
-0.78389
46.2231
-0.78675
-0.87956
-0.80449
-0.80207
-0.79725
-0.81326
-0.81246
-0.82707
-0.82325
-0.81163
-0.80622
-0.82249
-0.80622
-0.85269
-0.84583
-0.8236
-0.86082
-0.86049
-0.7841
0
0
0
0
0
0
0
0
0
0
0
0
0
0
0
0
0
0
0
0
0
0
0
0
0
0
0
0
0
0
0
0
0
0
0
0
0
0
0
0
0
0
0
-6.5309
0
0
0
0
0
0
0
0
0
-0.81712
-0.84213
-0.857
-0.86099
-0.83126
-0.85516
-0.8566
-0.77959
-0.80993
-0.84826
-0.84624
-0.84358
-0.81402
-0.81952
-0.77696
-0.83379
-0.78437
-0.77227
-0.78977
-0.76132
-0.70603
-0.77058
-0.75415
-0.86812
-0.69948
-0.79429
-0.87024
-0.73419
-0.78675
41.6581
-0.82972
-0.75479
-0.75192
-0.7474
-0.76173
-0.76157
-0.7737
-0.77798
-0.7606
-0.75701
-0.77301
-0.75701
-0.80082
-0.74996
-0.77874
-0.80862
-0.8083
-0.7335
0
0
0
0
0
0
0
0
0
0
0
0
0
0
-4.388
0
0
0
0
0
0
0
0
0
0
0
0
0
0
0
0
0
0
0
0
0
0
0
0
0
0
0
0
0
0
0
0
0
0
0
0
0
0
-0.90816
-0.93741
-0.94452
-0.94882
-0.92715
-0.94258
-0.94409
-0.87196
-0.92631
-0.95862
-0.94346
-0.95505
-0.93
-0.9349
-0.87269
-0.94714
-0.87994
-0.86856
-0.88506
-0.85823
-0.80233
-0.86697
-0.85137
-0.94479
-0.79496
-0.88789
-0.9739
-0.82738
-0.87956
-0.82972
51.0775
-0.84693
-0.8431
-0.84009
-0.85652
-0.85547
-0.87172
-0.86847
-0.85358
-0.84958
-0.86763
-0.84957
-0.89711
-0.88836
-0.86887
-0.90583
-0.90551
0
0
0
0
0
0
0
0
0
0
0
0
0
0
0
0
0
0
-3.8371
0
0
0
0
0
0
0
0
0
0
0
0
0
0
0
0
0
0
0
0
0
0
0
0
0
0
0
0
-6.3285
0
0
0
0
0
0
-0.83152
-0.85597
-0.8709
-0.87486
-0.84445
-0.86906
-0.87047
-0.79293
-0.82307
-0.86038
-0.85788
-0.85581
-0.82706
-0.83243
-0.7909
-0.84632
-0.7946
-0.78309
-0.79982
-0.77283
-0.71897
-0.78147
-0.76612
-0.88138
-0.71578
-0.80996
-0.88364
-0.74887
-0.80449
-0.75479
-0.84693
37.9904
-0.76908
-0.76159
-0.77896
-0.77774
-0.79975
-0.79706
-0.77804
-0.77161
-0.79083
-0.77159
-0.81794
-0.81266
-0.79564
-0.82609
-0.82577
-0.74933
0
0
0
0
0
0
0
0
0
0
0
0
0
0
0
0
0
0
0
0
0
0
0
0
0
0
0
0
0
0
0
0
0
0
0
0
0
0
0
0
0
0
0
0
0
0
0
0
0
0
0
0
0
-0.82955
-0.85471
-0.87045
-0.87445
-0.84339
-0.86864
-0.87004
-0.79241
-0.82305
-0.86084
-0.85822
-0.85623
-0.82709
-0.8325
-0.79034
-0.84656
-0.79531
-0.78365
-0.80061
-0.77323
-0.7179
-0.78202
-0.76647
-0.88103
-0.71447
-0.80651
-0.88348
-0.74607
-0.80207
-0.75192
-0.8431
-0.76908
39.7309
-0.7621
-0.77855
-0.77677
-0.79743
-0.79869
-0.77734
-0.77138
-0.78822
-0.77139
-0.81793
-0.81072
-0.79504
-0.82675
-0.82642
0
0
0
0
0
0
0
0
0
0
0
0
0
0
0
0
0
0
0
-2.5168
0
0
0
0
0
0
0
0
0
0
0
0
0
0
0
0
0
0
0
0
0
0
0
0
0
0
0
0
0
0
0
0
0
0
-0.8248
-0.84903
-0.86392
-0.8679
-0.83762
-0.86211
-0.86352
-0.78615
-0.8163
-0.85351
-0.85093
-0.84898
-0.8203
-0.82565
-0.78413
-0.83947
-0.78811
-0.77665
-0.79332
-0.76637
-0.71228
-0.77503
-0.75966
-0.87435
-0.70888
-0.80377
-0.87663
-0.74174
-0.79725
-0.7474
-0.84009
-0.76159
-0.7621
36.9293
-0.77215
-0.76495
-0.7936
-0.79045
-0.77095
-0.76429
-0.78566
-0.76429
-0.81148
-0.8044
-0.78812
-0.81987
-0.81955
0
0
0
0
0
0
0
0
0
0
0
0
0
0
0
0
0
0
0
0
0
0
0
0
0
0
0
0
0
0
0
0
0
0
0
0
0
0
0
0
0
0
0
0
0
0
0
0
0
0
0
0
0
0
-0.84145
-0.86598
-0.88088
-0.88488
-0.85449
-0.87905
-0.88047
-0.80266
-0.83293
-0.87063
-0.868
-0.86605
-0.83696
-0.84239
-0.80056
-0.85641
-0.80553
-0.79392
-0.81077
-0.78349
-0.72796
-0.7923
-0.77664
-0.89145
-0.72416
-0.81998
-0.89377
-0.75768
-0.81326
-0.76173
-0.85652
-0.77896
-0.77855
-0.77215
35.1952
-0.79046
-0.80585
-0.8056
-0.78314
-0.77906
-0.79877
-0.77907
-0.82554
-0.82511
0
0
0
0
0
0
0
0
0
0
0
0
0
0
0
0
0
0
0
0
0
0
0
0
0
0
0
0
0
0
0
0
0
0
0
0
0
0
0
0
0
0
0
0
0
0
0
0
0
0
0
0
0
0
0
0
0
-0.83972
-0.86562
-0.88181
-0.88582
-0.85252
-0.87998
-0.8814
-0.8027
-0.83336
-0.87154
-0.86879
-0.86689
-0.83746
-0.84295
-0.80017
-0.85714
-0.8069
-0.79518
-0.81215
-0.78459
-0.72743
-0.79354
-0.77762
-0.89281
-0.72333
-0.81735
-0.89465
-0.75686
-0.81246
-0.76157
-0.85547
-0.77774
-0.77677
-0.76495
-0.79046
36.489
-0.79731
-0.80275
-0.78614
-0.78395
-0.7901
-0.78395
-0.82791
0
0
0
0
0
0
0
0
0
0
0
0
-2.1272
0
0
0
0
0
0
0
0
0
0
0
0
0
0
0
0
0
0
0
0
0
0
0
0
0
0
0
0
0
0
0
0
0
0
0
0
0
0
0
0
0
0
0
0
0
-0.8638
-0.88966
-0.89883
-0.90291
-0.87781
-0.89698
-0.89842
-0.82574
-0.8563
-0.89748
-0.89317
-0.89249
-0.86074
-0.86669
-0.82268
-0.88201
-0.84228
-0.83045
-0.84701
-0.81871
-0.74758
-0.82869
-0.8104
-0.90636
-0.74174
-0.8394
-0.91611
-0.77793
-0.82707
-0.7737
-0.87172
-0.79975
-0.79743
-0.7936
-0.80585
-0.79731
42.0319
-0.81176
-0.80149
-0.79787
-0.80723
-0.79787
0
0
0
0
0
0
0
0
0
0
0
0
0
-2.156
0
0
0
0
0
0
0
0
0
0
0
0
0
0
0
0
0
0
0
0
0
0
0
0
0
0
0
0
0
0
0
0
0
0
0
0
-5.4609
0
0
0
0
0
0
0
0
-0.86166
-0.88614
-0.89444
-0.89849
-0.87595
-0.89258
-0.89403
-0.82126
-0.85224
-0.89164
-0.88777
-0.88684
-0.85644
-0.86212
-0.81905
-0.87676
-0.8284
-0.81628
-0.83376
-0.80524
-0.74298
-0.81459
-0.79797
-0.89957
-0.7382
-0.83832
-0.91033
-0.77743
-0.82325
-0.77798
-0.86847
-0.79706
-0.79869
-0.79045
-0.8056
-0.80275
-0.81176
39.2726
-0.80049
-0.79701
-0.8113
-0.797
0
0
0
0
0
0
0
0
0
0
0
0
0
0
0
0
0
0
0
0
0
0
0
0
0
0
0
0
0
0
0
0
0
0
0
0
0
0
-5.0302
0
0
0
0
0
0
0
0
0
0
0
0
0
0
0
0
0
0
0
0
-0.8381
-0.86586
-0.88009
-0.8841
-0.85346
-0.87827
-0.87969
-0.8026
-0.83273
-0.8709
-0.86815
-0.86623
-0.83684
-0.84231
-0.80019
-0.85652
-0.80666
-0.79492
-0.81191
-0.78431
-0.72732
-0.79326
-0.77734
-0.89021
-0.72313
-0.81841
-0.89351
-0.7569
-0.81163
-0.7606
-0.85358
-0.77804
-0.77734
-0.77095
-0.78314
-0.78614
-0.80149
-0.80049
34.8689
-0.77727
0
-0.77728
0
0
0
0
0
0
0
0
0
0
0
0
0
0
0
-2.1571
0
0
0
0
0
0
0
0
0
0
0
0
0
0
0
0
0
0
0
0
0
0
0
0
0
0
0
0
0
0
0
0
0
0
0
0
0
0
0
0
0
0
0
-0.8347
-0.85916
-0.87398
-0.87797
-0.84764
-0.87216
-0.87359
-0.7959
-0.82607
-0.86378
-0.86109
-0.8592
-0.83012
-0.83554
-0.79379
-0.84957
-0.79913
-0.78752
-0.80434
-0.77705
-0.72121
-0.78589
-0.77019
-0.88456
-0.71732
-0.81316
-0.88686
-0.75068
-0.80622
-0.75701
-0.84958
-0.77161
-0.77138
-0.76429
-0.77906
-0.78395
-0.79787
-0.79701
-0.77727
33.249
-0.79554
-0.74602
0
0
0
0
0
0
0
0
0
0
0
0
0
0
0
0
0
0
0
0
0
0
0
0
0
0
0
0
0
0
0
0
0
0
0
0
0
0
0
0
0
0
0
0
0
0
0
0
0
0
0
0
0
0
0
0
0
0
0
-0.85106
-0.8782
-0.8915
-0.89552
-0.86798
-0.88965
-0.89108
-0.81565
-0.84707
-0.886
-0.88333
-0.88125
-0.85123
-0.85683
-0.81343
-0.87131
-0.82128
-0.8093
-0.8266
-0.79846
-0.74012
-0.80763
-0.79133
-0.90121
-0.73502
-0.82759
-0.90591
-0.76849
-0.82249
-0.77301
-0.86763
-0.79083
-0.78822
-0.78566
-0.79877
-0.7901
-0.80723
-0.8113
0
-0.79554
37.6839
-0.79554
0
0
0
0
0
0
0
0
0
0
0
0
0
0
0
0
0
-4.4535
0
0
0
0
0
0
0
0
0
0
0
0
0
0
0
0
0
0
0
0
0
0
0
0
0
0
0
0
0
0
0
0
0
0
0
0
0
0
0
0
0
-0.83469
-0.85914
-0.87399
-0.87798
-0.84765
-0.87217
-0.87359
-0.7959
-0.82608
-0.86379
-0.8611
-0.85921
-0.83012
-0.83555
-0.7938
-0.84957
-0.79912
-0.78751
-0.80435
-0.77705
-0.72121
-0.7859
-0.77018
-0.88457
-0.71732
-0.81316
-0.88688
-0.75067
-0.80622
-0.75701
-0.84957
-0.77159
-0.77139
-0.76429
-0.77907
-0.78395
-0.79787
-0.797
-0.77728
-0.74602
-0.79554
33.2491
0
0
0
0
0
0
0
0
0
0
0
0
0
0
0
0
0
0
0
0
0
0
0
0
0
0
0
0
0
0
0
0
0
0
0
0
0
0
0
0
0
0
0
0
0
0
0
0
0
0
0
0
0
0
0
0
0
0
0
-0.88186
-0.90667
-0.92172
-0.92578
-0.8949
-0.91986
-0.9213
-0.84224
-0.87272
-0.91146
-0.90866
-0.90675
-0.87688
-0.88245
-0.84001
-0.89686
-0.84677
-0.83487
-0.85204
-0.82408
-0.76584
-0.8332
-0.81694
-0.93285
-0.76163
-0.85968
-0.93498
-0.79604
-0.85269
-0.80082
-0.89711
-0.81794
-0.81793
-0.81148
-0.82554
-0.82791
0
0
0
0
0
0
31.0205
0
0
0
0
0
0
0
0
0
0
0
0
0
0
0
0
0
0
0
0
0
0
0
0
0
0
0
0
0
0
0
0
0
0
0
0
0
0
0
0
0
0
0
0
0
0
0
0
0
0
0
0
0
0
0
0
0
0
-0.87619
-0.90171
-0.91701
-0.92107
-0.8908
-0.91515
-0.91659
-0.83771
-0.86882
-0.90827
-0.90636
-0.90345
-0.87305
-0.87872
-0.83489
-0.89338
-0.84402
-0.83194
-0.84932
-0.82093
-0.76208
-0.83025
-0.81361
-0.92878
-0.75554
-0.85279
-0.93072
-0.79104
-0.84583
-0.74996
-0.88836
-0.81266
-0.81072
-0.8044
-0.82511
0
0
0
0
0
0
0
0
34.3005
0
0
0
0
0
0
0
0
0
0
0
0
0
0
0
0
0
0
-4.3092
0
0
0
0
0
0
0
0
0
0
0
0
0
0
0
0
0
0
0
0
0
0
0
0
0
0
0
0
0
0
0
0
0
0
0
0
0
0
-0.86144
-0.88344
-0.89226
-0.8963
-0.8722
-0.89042
-0.89186
-0.8188
-0.84935
-0.88826
-0.88293
-0.88348
-0.8535
-0.85911
-0.81687
-0.87357
-0.82501
-0.81317
-0.8303
-0.80233
-0.73994
-0.81148
-0.79516
-0.89904
-0.73881
-0.83772
-0.90779
-0.77357
-0.8236
-0.77874
-0.86887
-0.79564
-0.79504
-0.78812
0
0
0
0
0
0
0
0
0
0
32.906
0
0
0
0
0
0
0
0
0
0
0
0
0
0
0
0
0
0
0
0
0
0
0
0
0
0
0
0
0
0
0
0
0
0
0
0
0
0
0
0
0
0
0
0
0
0
0
0
0
0
0
0
0
0
-4.3679
0
-0.88998
-0.91481
-0.9298
-0.93385
-0.90307
-0.92794
-0.92938
-0.85015
-0.88073
-0.91957
-0.91679
-0.91485
-0.88489
-0.89048
-0.84796
-0.90494
-0.85468
-0.84276
-0.85998
-0.83192
-0.7735
-0.84108
-0.82479
-0.94102
-0.76927
-0.86792
-0.9432
-0.80383
-0.86082
-0.80862
-0.90583
-0.82609
-0.82675
-0.81987
0
0
0
0
0
0
0
0
0
0
0
29.6412
0
0
0
0
0
0
0
0
0
0
0
0
0
0
0
0
0
0
0
0
0
0
0
0
0
0
0
0
0
0
0
0
0
0
0
0
0
0
0
0
0
0
0
0
0
0
0
0
0
0
0
0
0
0
0
-0.88968
-0.91448
-0.92946
-0.93353
-0.90273
-0.92761
-0.92905
-0.84984
-0.88041
-0.91924
-0.91647
-0.91453
-0.88457
-0.89016
-0.84762
-0.9046
-0.85434
-0.84243
-0.85963
-0.8316
-0.77318
-0.84076
-0.82446
-0.94069
-0.76897
-0.86759
-0.94286
-0.80351
-0.86049
-0.8083
-0.90551
-0.82577
-0.82642
-0.81955
0
0
0
0
0
0
0
0
0
0
0
0
29.63
0
0
0
0
0
0
0
0
0
0
0
0
0
0
0
0
0
0
0
0
0
0
0
0
0
0
0
0
0
0
0
0
0
0
0
0
0
0
0
0
0
0
0
0
0
0
0
0
0
0
0
0
0
0
-0.80533
-0.83644
-0.85171
-0.85568
-0.82144
-0.84989
-0.85133
-0.77269
-0.80408
-0.8416
-0.83895
-0.83705
-0.8081
-0.8135
-0.77044
-0.82748
-0.77747
-0.76592
-0.78262
-0.75541
-0.69993
-0.76429
-0.74851
-0.8648
-0.69458
-0.76159
-0.8648
-0.72811
-0.7841
-0.7335
0
-0.74933
0
0
0
0
0
0
0
0
0
0
0
0
0
0
0
28.0834
0
0
0
0
0
0
0
0
0
0
0
0
0
0
0
0
-3.4227
0
0
0
0
0
0
0
0
0
0
0
0
0
0
0
0
0
0
0
0
0
0
0
0
0
0
0
0
0
0
0
0
0
0
0
0
-0.80869
-0.83302
-0.84907
-0.85305
-0.82131
-0.84725
-0.84865
-0.77068
-0.80189
-0.83958
-0.82726
-0.83501
-0.80596
-0.81139
-0.7687
-0.82542
-0.7755
-0.76396
-0.78061
-0.75349
-0.69655
-0.76232
-0.74659
0
-0.69258
-0.78595
-0.86151
-0.72616
0
0
0
0
0
0
0
0
0
0
0
0
0
0
0
0
0
0
0
0
26.0152
0
0
0
0
0
0
0
0
0
0
0
0
-2.1461
0
0
0
0
-2.377
0
0
0
0
0
0
0
0
0
0
0
0
0
0
0
0
0
0
0
0
0
0
0
0
0
0
0
0
0
0
0
0
0
0
-0.84865
-0.87722
-0.89568
-0.89971
-0.86223
-0.89384
-0.89527
-0.81448
-0.84672
-0.88518
-0.88193
-0.8805
-0.85087
-0.85642
-0.81262
-0.87071
-0.81956
-0.80781
-0.82476
-0.79714
-0.73995
-0.80615
-0.79011
-0.90734
-0.73359
-0.82748
-0.90806
-0.76892
0
0
0
0
0
0
0
0
0
0
0
0
0
0
0
0
0
0
0
0
0
27.1196
0
0
0
0
0
0
0
0
0
0
0
0
0
0
0
0
0
-3.5167
0
0
0
0
0
0
0
0
0
0
0
0
0
0
0
0
0
0
0
0
0
0
0
0
0
0
0
0
0
0
0
0
0
-0.86396
-0.88857
-0.90402
-0.90806
-0.87657
-0.90217
-0.9036
-0.82397
-0.85505
-0.8933
-0.89002
-0.88867
-0.85916
-0.86467
-0.82195
-0.87892
-0.82808
-0.81635
-0.83333
-0.80571
-0.7488
-0.81471
-0.79868
-0.91627
-0.74457
-0.84226
-0.9165
-0.7779
0
0
0
0
0
0
0
0
0
0
0
0
0
0
0
0
0
0
0
0
0
0
23.8658
0
0
0
0
0
0
0
0
0
0
0
0
0
0
0
0
0
0
0
0
0
0
0
0
0
0
0
0
0
0
0
0
0
0
0
0
0
0
0
0
0
0
0
0
0
0
0
0
0
0
-0.9462
-0.97126
-0.98826
-0.99242
-0.95915
-0.98636
-0.98784
-0.90539
-0.93758
-0.97654
-0.97316
-0.97184
-0.9418
-0.94743
-0.90337
-0.96196
-0.90905
-0.89701
-0.91442
-0.8861
-0.82798
-0.89532
-0.87889
0
-0.82387
0
0
0
0
0
0
0
0
0
0
0
0
0
0
0
0
0
0
0
0
0
0
0
0
0
0
22.3832
0
0
0
0
0
0
0
0
0
0
0
0
0
0
0
0
0
0
0
0
0
0
0
0
0
0
0
0
0
0
0
0
0
0
0
0
0
0
0
0
0
0
0
0
0
0
0
0
0
-0.87925
-0.90378
-0.92128
-0.92536
-0.89193
-0.91943
-0.92088
-0.8395
-0.87058
-0.90865
-0.90579
-0.90405
-0.87468
-0.88019
-0.83751
-0.89435
-0.84258
-0.83083
-0.84784
-0.8202
-0.76385
-0.82917
-0.81318
0
0
0
0
0
0
0
0
0
0
0
0
0
0
0
0
0
0
0
0
0
0
0
0
0
0
0
0
0
20.0249
0
0
0
0
0
0
0
0
0
0
0
0
0
0
0
0
0
0
0
0
0
0
0
0
0
0
0
0
0
0
0
0
0
0
0
0
0
0
0
0
0
0
0
0
0
0
0
0
-0.84423
-0.86826
-0.88667
-0.8907
-0.85655
-0.88484
-0.88628
-0.80499
-0.83534
-0.8729
-0.87012
-0.86838
-0.83939
-0.84481
-0.80298
-0.85881
-0.80749
-0.7959
-0.81271
-0.78542
0
-0.79427
-0.7785
0
0
0
0
0
0
0
0
0
0
0
0
0
0
0
0
0
0
0
0
0
0
0
0
0
0
0
0
0
0
18.4895
0
0
0
0
0
0
0
0
0
0
0
0
0
0
0
0
0
0
0
0
0
0
0
0
0
0
0
0
0
0
0
0
0
0
0
0
0
0
0
0
0
0
0
0
0
0
0
-0.99253
-1.0141
-1.0086
-1.0128
-1.0044
-1.0067
-1.0082
0
-0.97768
-1.0172
0
-1.0124
-0.98194
-0.98764
0
-1.0024
0
0
0
0
0
0
0
0
0
0
0
0
0
0
0
0
0
0
0
0
0
0
0
0
0
0
0
0
0
0
0
0
0
0
0
0
0
0
20.8922
0
0
0
-1.2352
0
0
0
0
0
0
0
0
0
0
0
0
0
0
0
0
0
0
-2.5272
0
0
0
0
0
0
0
0
0
0
0
0
0
0
0
0
0
0
0
0
0
0
-4.1032
0
0
0
0
0
0
0
0
0
0
0
0
0
0
0
0
0
0
0
0
0
0
0
0
0
0
0
0
0
0
0
0
0
0
0
-2.1272
-2.156
0
0
0
0
0
0
0
0
0
0
0
0
0
0
0
0
0
0
13.6575
0
0
0
0
0
0
0
0
0
0
0
-3.2426
-2.9161
0
0
-3.2156
0
0
0
0
0
0
0
0
0
0
0
0
0
0
0
0
0
0
0
0
0
0
0
0
0
0
0
0
0
0
0
0
0
0
0
0
0
0
0
0
0
0
0
-1.5997
0
0
0
0
0
0
0
0
0
0
0
0
0
0
0
0
0
0
0
0
0
0
0
0
0
0
0
0
0
0
0
0
0
0
0
0
0
0
0
0
0
11.0144
0
0
0
0
0
0
0
0
0
0
0
0
0
0
-3.5486
-2.9058
0
0
0
0
0
0
0
0
0
0
0
-2.9604
0
0
0
0
0
0
0
0
0
0
0
0
0
0
0
0
0
0
0
0
0
0
0
0
0
0
0
0
0
0
0
0
0
0
0
0
0
0
0
0
0
0
0
0
0
0
0
0
0
0
0
0
0
0
-2.1571
0
0
0
0
0
0
0
0
0
0
0
0
0
0
0
0
0
0
12.4796
0
0
-3.6843
0
0
0
0
0
0
0
0
0
0
0
0
0
0
0
0
-2.9845
0
0
0
0
0
0
0
0
0
0
0
0
-3.6536
0
0
0
0
0
0
0
0
0
0
0
0
0
0
0
0
0
-1.1692
0
0
0
0
0
0
0
0
0
0
0
0
0
0
0
0
0
0
0
0
0
0
0
0
0
0
0
0
0
0
0
0
0
0
0
0
0
0
0
0
0
0
0
0
0
0
-1.2352
0
0
0
4.7945
0
0
0
0
0
0
0
0
0
0
0
0
0
0
0
0
0
0
0
0
0
0
0
0
0
0
0
-2.39
0
0
0
0
0
0
0
0
0
0
0
0
0
0
0
0
0
0
0
0
0
0
0
0
0
0
0
0
0
0
0
0
0
0
0
0
0
0
0
0
0
0
0
0
0
0
0
0
0
0
0
0
0
0
-4.4535
0
0
0
0
0
0
0
0
0
0
0
0
0
0
0
0
0
0
10.9894
0
0
0
0
0
0
0
0
0
0
0
0
0
0
0
0
0
0
-3.2275
-3.3084
0
0
0
0
0
0
0
0
0
0
0
0
0
0
0
0
0
0
0
0
0
-2.8882
0
0
0
0
0
0
0
0
0
0
0
0
0
0
0
0
0
0
0
0
0
0
0
0
0
0
0
0
0
0
0
0
0
0
0
0
0
0
0
0
0
0
0
0
0
0
0
0
0
0
0
0
0
0
0
0
-3.6843
0
0
10.4002
0
0
0
0
0
0
0
0
0
0
0
0
0
0
0
0
0
-3.8277
0
0
0
0
0
0
0
0
0
0
0
0
0
0
0
0
0
0
0
0
0
0
0
0
0
0
0
0
0
0
0
0
-2.4004
0
0
0
0
0
0
0
0
0
0
0
0
0
0
0
0
0
0
0
0
0
0
0
0
0
0
0
0
0
0
0
0
0
0
0
0
0
-2.1461
0
0
0
0
0
0
0
0
0
0
0
0
7.7466
0
-3.2001
0
0
0
0
0
0
0
0
0
0
0
0
0
0
0
0
0
0
0
0
0
0
0
0
0
0
0
0
0
0
0
0
0
0
0
0
0
0
0
0
0
0
0
0
0
0
0
0
0
0
0
0
0
0
0
0
0
0
0
0
0
0
0
0
0
0
-4.388
0
0
0
0
0
0
0
0
0
0
0
0
0
-4.3092
0
0
0
0
0
0
0
0
0
0
0
0
0
0
0
0
0
0
14.3146
0
0
0
0
0
0
0
0
0
0
0
0
0
0
0
0
0
0
0
0
0
0
-5.6174
0
0
0
0
0
0
0
0
0
0
0
0
0
0
0
0
0
0
0
0
0
0
0
0
0
0
0
0
0
0
0
0
0
0
0
-1.8535
0
0
0
0
0
0
0
0
0
0
0
0
0
0
0
0
0
0
0
0
0
0
0
0
0
0
0
0
0
0
0
0
0
0
0
0
0
0
0
0
-3.2001
0
5.6838
0
0
0
0
0
0
0
0
0
0
0
0
0
0
0
0
0
0
0
0
0
0
0
0
0
0
0
0
0
-0.63015
0
0
0
0
0
0
0
0
0
0
0
0
0
0
0
0
0
0
0
0
0
0
0
0
0
0
0
0
0
0
0
0
-3.7067
0
0
0
0
0
0
0
0
0
0
0
0
0
0
0
0
0
0
0
0
0
-3.4227
0
0
0
0
0
0
0
0
0
0
0
0
0
0
0
0
11.7258
0
0
0
0
0
0
0
0
0
0
0
0
0
0
0
0
0
0
0
0
0
0
0
0
0
0
0
0
0
0
0
0
-4.5965
0
0
0
0
0
0
0
0
0
0
0
0
0
0
0
0
0
0
0
0
0
0
0
0
0
0
0
0
0
0
0
0
0
-3.8371
0
0
0
0
0
0
0
0
0
0
0
0
0
0
0
0
0
0
0
0
0
0
0
0
0
0
0
0
0
0
0
0
0
0
10.8581
0
0
0
0
0
0
0
0
-3.5597
0
-3.4614
0
0
0
0
0
0
0
0
0
0
0
0
0
0
0
0
0
0
0
0
0
0
0
0
0
0
0
0
0
0
0
0
0
0
0
0
0
0
0
0
0
0
0
0
0
0
0
0
0
0
0
0
0
0
0
0
-2.5168
0
0
0
0
0
0
0
0
0
0
0
0
0
0
0
-2.377
0
0
0
0
0
0
0
0
0
0
0
0
0
0
0
0
0
9.0053
0
0
0
0
0
0
0
0
0
0
0
0
0
0
0
0
0
0
0
0
-4.1116
0
0
0
0
0
0
0
0
0
0
0
0
0
0
0
0
0
0
0
0
0
0
0
0
0
0
0
0
0
0
0
0
0
0
0
0
0
0
0
0
0
0
0
0
0
0
0
0
0
0
0
0
0
0
0
0
0
0
0
0
0
0
-3.5167
0
0
0
0
0
-3.2426
0
0
0
0
0
0
0
0
0
0
0
10.5709
0
0
0
0
0
0
0
0
0
0
0
-3.8116
0
0
0
0
0
0
0
0
0
0
0
0
0
0
0
0
0
0
0
0
0
0
0
0
0
-3.1875
0
0
0
0
0
0
0
0
0
0
0
0
0
0
0
0
0
0
0
0
0
0
0
0
0
0
0
0
0
0
0
0
0
0
0
0
0
0
0
0
0
0
0
0
0
0
0
0
0
0
-2.9161
0
0
0
0
0
0
0
0
0
0
0
0
9.7794
0
0
0
0
0
0
0
-3.6759
0
0
0
0
0
0
0
0
0
0
0
0
0
0
0
0
0
0
0
0
0
0
0
0
0
-3.6487
0
0
0
0
0
0
0
0
0
0
0
0
0
0
0
0
0
0
0
0
0
0
0
0
0
0
0
0
0
0
0
0
0
0
0
0
0
0
0
0
0
0
0
0
0
0
0
0
0
0
0
0
0
0
0
0
0
0
0
0
0
0
0
0
0
0
0
7.3457
0
0
0
0
0
-3.697
0
0
0
0
0
0
0
0
0
0
0
0
0
0
0
0
0
0
0
0
0
0
0
0
0
0
0
0
0
0
0
0
0
0
0
0
0
0
0
0
0
0
0
0
0
0
0
0
0
0
-3.5739
0
0
0
0
0
0
0
0
0
0
0
0
0
0
0
0
0
0
0
0
0
0
0
0
0
0
0
0
0
0
0
0
0
0
0
0
0
0
0
0
0
0
0
0
7.2995
0
0
0
0
-3.7257
0
0
0
0
0
0
0
0
0
0
0
0
0
0
0
0
0
0
0
0
0
0
0
0
0
0
0
0
0
0
0
0
0
0
0
0
0
0
0
0
0
0
0
0
0
0
0
0
0
0
0
0
0
0
0
0
0
0
0
0
0
0
0
0
0
0
0
0
0
0
0
0
0
0
0
0
0
0
0
0
-3.2156
-3.5486
0
0
0
0
0
0
0
0
0
0
0
0
0
0
6.7642
0
0
0
0
0
0
0
0
0
0
0
0
0
0
0
0
0
0
0
0
0
0
0
0
0
0
0
0
0
0
0
0
0
0
0
0
0
0
0
0
0
0
0
0
0
0
0
0
0
0
0
0
0
-2.2277
0
0
0
0
0
0
0
0
0
0
0
0
0
0
0
0
0
0
0
0
0
0
0
0
0
0
0
0
0
0
0
-2.9058
0
0
0
0
0
0
0
0
0
0
0
0
0
0
0
5.1335
0
0
0
0
0
0
0
0
0
0
0
0
0
0
0
0
0
0
0
0
0
0
0
0
0
0
0
0
-3.9763
0
0
0
0
0
0
0
0
0
0
0
0
0
0
0
0
0
0
0
0
0
0
0
0
0
0
0
0
0
0
0
0
0
0
0
0
0
0
0
0
0
0
0
0
0
0
0
0
0
0
0
0
0
0
0
0
0
0
0
0
0
0
0
0
0
0
0
0
0
0
0
0
7.5011
-3.5248
0
0
0
0
0
0
0
0
0
0
0
0
0
0
0
0
0
0
0
0
0
0
0
0
0
0
0
0
0
0
0
0
0
0
0
0
0
0
0
0
0
0
0
0
0
0
0
0
0
0
0
0
0
0
0
0
0
0
0
0
0
0
0
0
0
0
0
0
0
0
0
0
0
0
0
0
0
0
0
0
0
0
0
0
0
0
0
0
0
0
0
-3.5597
0
0
0
0
0
0
0
-3.5248
7.0845
0
0
0
0
0
0
0
0
0
0
0
0
0
0
0
0
0
0
0
0
0
0
0
0
0
0
0
0
0
0
0
0
0
0
0
0
0
0
0
0
0
0
0
0
0
0
0
0
0
0
0
0
0
0
0
0
0
0
0
0
0
0
0
0
0
0
0
0
0
0
0
0
0
0
0
0
0
0
0
0
0
0
0
0
0
0
0
0
0
0
0
0
0
0
0
-3.697
-3.7257
0
0
0
0
7.4227
0
0
0
0
0
0
0
0
0
0
0
0
0
0
0
0
0
0
0
0
0
0
0
0
0
0
0
0
0
0
0
0
0
0
0
0
0
0
0
0
0
0
0
0
0
0
0
0
0
0
0
0
0
0
0
0
0
0
0
0
0
0
0
0
0
0
0
0
0
0
0
0
0
0
0
0
0
0
0
0
0
0
0
0
0
0
0
0
0
0
-3.4614
0
0
-3.6759
0
0
0
0
0
0
0
7.1372
0
0
0
0
0
0
0
0
0
0
0
0
0
0
0
0
0
0
0
0
0
0
0
0
0
0
0
0
0
0
0
0
0
0
0
0
0
0
0
0
0
0
0
0
0
0
0
0
0
0
0
0
0
0
0
0
0
0
0
0
0
0
0
0
0
0
0
0
0
0
0
0
0
0
0
0
0
0
-2.5272
0
0
-2.9845
0
0
0
0
0
0
0
0
0
0
0
0
0
0
0
0
0
0
0
5.5117
0
0
0
0
0
0
0
0
0
0
0
0
0
0
0
0
0
0
0
0
0
0
0
0
0
0
0
0
0
0
0
0
0
0
0
0
0
0
0
0
0
0
0
0
0
0
0
0
0
0
0
0
0
0
0
0
0
0
0
0
0
0
0
0
0
0
0
0
0
0
0
0
0
0
0
0
0
0
0
0
0
0
-3.2275
-3.8277
0
0
0
0
0
0
0
0
0
0
0
0
0
0
0
0
0
7.0552
0
0
0
0
0
0
0
0
0
0
0
0
0
0
0
0
0
0
0
0
0
0
0
0
0
0
0
0
0
0
0
0
0
0
0
0
0
0
0
0
0
0
0
0
0
0
0
0
0
0
0
0
0
0
0
0
0
0
0
0
0
0
0
0
0
0
0
0
0
0
0
0
0
0
0
0
0
0
0
0
0
-3.3084
0
0
0
0
0
0
0
-3.8116
0
0
0
0
0
0
0
0
0
0
0
7.1199
0
0
0
0
0
0
0
0
0
0
0
0
0
0
0
0
0
0
0
0
0
0
0
0
0
0
0
0
0
0
0
0
0
0
0
0
0
0
0
0
0
0
0
0
0
0
0
0
0
0
0
0
0
0
0
0
0
0
-5.0302
0
0
0
0
0
0
0
0
0
0
0
0
0
0
0
0
0
0
0
0
0
0
0
0
0
0
0
0
0
0
0
0
0
0
0
0
0
0
0
0
0
0
5.0302
0
0
0
0
0
0
0
0
0
0
0
0
0
0
0
0
0
0
0
0
0
0
0
0
0
0
0
0
0
0
0
0
0
0
0
0
0
0
0
0
0
0
0
-7.4382
0
0
0
0
0
0
0
0
0
0
0
0
0
0
0
0
0
0
0
0
0
0
0
0
0
0
0
0
0
0
0
0
0
0
0
0
0
0
0
0
0
0
0
0
0
0
0
0
0
0
0
0
0
0
0
0
0
7.4382
0
0
0
0
0
0
0
0
0
0
0
0
0
0
0
0
0
0
0
0
0
0
0
0
0
0
0
0
0
0
0
0
0
0
0
0
0
0
0
0
0
0
-7.4381
0
0
0
0
0
0
0
0
0
0
0
0
0
0
0
0
0
0
0
0
0
0
0
0
0
0
0
0
0
0
0
0
0
0
0
0
0
0
0
0
0
0
0
0
0
0
0
0
0
0
0
0
0
0
0
0
0
0
7.4381
0
0
0
0
0
0
0
0
0
0
0
0
0
0
0
0
0
0
0
0
0
-7.6083
0
0
0
0
0
0
0
0
0
0
0
0
0
0
0
0
0
0
0
0
0
0
0
0
0
0
0
0
0
0
0
0
0
0
0
0
0
0
0
0
0
0
0
0
0
0
0
0
0
0
0
0
0
0
0
0
0
0
0
0
0
0
0
0
0
0
0
0
0
0
0
0
0
0
0
0
0
0
0
7.6083
0
0
0
0
0
0
0
0
0
0
0
0
0
0
0
0
0
0
0
0
0
0
0
0
0
0
0
0
0
0
0
0
0
0
0
0
0
0
0
0
0
0
0
0
0
0
0
0
0
0
0
0
0
0
0
0
0
0
0
0
0
0
0
0
0
0
0
0
0
0
0
0
0
-2.9604
0
0
0
0
0
0
0
0
0
0
0
0
0
0
0
0
0
0
0
0
0
0
0
0
0
0
0
2.9604
0
0
0
0
0
0
0
0
0
0
0
0
0
0
0
0
0
0
0
0
0
0
0
0
0
0
0
0
0
0
0
0
0
0
0
0
0
0
0
0
0
0
0
0
0
0
0
0
0
0
0
0
0
0
0
0
0
0
0
0
0
0
0
0
0
0
0
0
0
0
0
0
0
0
0
0
0
0
-5.6174
0
0
0
0
0
0
0
0
0
0
0
0
0
0
0
0
0
0
0
0
0
0
5.6174
0
0
0
0
0
0
0
0
0
0
0
0
0
0
0
0
0
0
0
0
0
0
0
0
0
0
0
0
0
0
0
0
0
0
0
0
0
0
0
0
0
0
0
0
0
0
0
0
0
0
0
0
0
0
0
0
0
0
0
0
0
0
0
0
0
0
0
0
0
0
0
0
0
-2.39
0
0
0
0
0
0
0
0
0
0
0
0
0
0
0
0
0
0
0
0
0
0
0
0
0
0
0
2.39
0
0
0
0
0
0
0
0
0
0
0
0
0
0
0
0
0
0
0
0
0
0
0
0
0
0
0
0
0
0
0
0
0
0
0
0
0
0
0
0
0
0
0
0
0
0
0
0
0
0
0
0
0
0
0
0
0
0
0
0
0
0
0
0
0
0
0
0
0
0
0
0
0
0
0
0
0
0
0
0
-4.1116
0
0
0
0
0
0
0
0
0
0
0
0
0
0
0
0
0
0
0
0
4.1116
0
0
0
0
0
0
0
0
0
0
0
0
0
0
0
0
0
0
0
0
0
0
0
0
0
0
0
0
0
0
0
0
0
0
0
0
0
0
0
-6.6613
0
0
0
0
0
0
0
0
0
0
0
0
0
0
0
0
0
0
0
0
0
0
0
0
0
0
0
0
0
0
0
0
0
0
0
0
0
0
0
0
0
0
0
0
0
0
0
0
0
0
0
0
0
0
0
0
0
0
0
0
0
6.6613
0
0
0
0
0
0
0
0
0
0
0
0
0
0
0
0
0
0
-7.5822
0
0
0
0
0
0
0
0
0
0
0
0
0
0
0
0
0
0
0
0
0
0
0
0
0
0
0
0
0
0
0
0
0
0
0
0
0
0
0
0
0
0
0
0
0
0
0
0
0
0
0
0
0
0
0
0
0
0
0
0
0
0
0
0
0
0
0
0
0
0
0
0
0
0
0
0
0
0
0
0
0
0
7.5822
0
0
0
0
0
0
0
0
0
0
0
0
0
0
0
0
0
0
0
0
0
0
0
0
0
0
0
0
0
0
0
0
0
0
0
0
0
0
0
0
0
0
0
0
0
0
0
0
0
0
0
0
0
0
0
0
0
0
0
0
0
0
0
0
0
0
0
0
-3.6536
0
0
0
0
0
0
0
0
0
0
0
0
0
0
0
0
0
0
0
0
0
0
0
0
0
0
0
0
0
0
0
0
3.6536
0
0
0
0
0
0
0
0
0
0
0
0
0
0
0
0
0
0
0
0
0
0
0
0
0
0
0
0
0
0
0
0
0
0
0
0
0
0
-6.5309
0
0
0
0
0
0
0
0
0
0
0
0
0
0
0
0
0
0
0
0
0
0
0
0
0
0
0
0
0
0
0
0
0
0
0
0
0
0
0
0
0
0
0
0
0
0
0
0
0
0
0
0
0
0
0
0
0
0
0
0
0
0
6.5309
0
0
0
0
0
0
0
0
0
0
0
0
0
0
0
0
0
0
0
0
0
0
0
0
0
0
0
0
0
0
0
0
0
0
0
0
0
0
0
0
0
0
0
0
0
-5.4609
0
0
0
0
0
0
0
0
0
0
0
0
0
0
0
0
0
0
0
0
0
0
0
0
0
0
0
0
0
0
0
0
0
0
0
0
0
0
0
0
0
0
0
0
0
0
0
0
0
0
0
0
0
0
0
5.4609
0
0
0
0
0
0
0
0
0
0
0
0
0
0
0
0
0
0
0
0
0
0
0
0
0
0
0
0
0
0
0
0
0
0
0
0
0
0
0
0
0
0
0
0
0
0
0
0
0
0
0
0
0
0
0
0
0
0
0
0
0
0
0
0
0
0
0
0
0
0
0
-0.63015
0
0
0
0
0
0
0
0
0
0
0
0
0
0
0
0
0
0
0
0
0
0
0
0
0
0
0
0
0
0.63015
0
0
0
0
0
0
0
0
0
0
0
0
0
0
0
0
0
0
0
0
0
0
0
0
0
0
0
0
0
0
0
0
0
0
0
0
0
-6.3285
0
0
0
0
0
0
0
0
0
0
0
0
0
0
0
0
0
0
0
0
0
0
0
0
0
0
0
0
0
0
0
0
0
0
0
0
0
0
0
0
0
0
0
0
0
0
0
0
0
0
0
0
0
0
0
0
0
0
0
0
0
0
0
6.3285
0
0
0
0
0
0
0
0
-7.5854
0
0
0
0
0
0
0
0
0
0
0
0
0
0
0
0
0
0
0
0
0
0
0
0
0
0
0
0
0
0
0
0
0
0
0
0
0
0
0
0
0
0
0
0
0
0
0
0
0
0
0
0
0
0
0
0
0
0
0
0
0
0
0
0
0
0
0
0
0
0
0
0
0
0
0
0
0
0
0
0
0
0
0
0
0
0
0
0
0
0
0
0
7.5854
0
0
0
0
0
0
0
0
0
0
0
0
0
0
0
0
0
0
0
0
0
0
0
0
0
0
0
0
-7.438
0
0
0
0
0
0
0
0
0
0
0
0
0
0
0
0
0
0
0
0
0
0
0
0
0
0
0
0
0
0
0
0
0
0
0
0
0
0
0
0
0
0
0
0
0
0
0
0
0
0
0
0
0
0
0
0
0
0
0
0
0
0
0
0
0
0
0
0
0
0
0
0
7.438
0
0
0
0
0
0
0
0
0
0
0
0
0
0
0
0
0
0
0
0
0
0
0
0
0
0
0
0
0
0
0
0
0
0
0
0
0
0
0
0
0
0
0
0
0
0
0
0
0
0
0
0
0
0
0
0
0
0
0
0
0
0
0
0
0
0
0
0
-4.5965
0
0
0
0
0
0
0
0
0
0
0
0
0
0
0
0
0
0
0
0
0
0
0
0
0
0
0
0
0
0
0
0
4.5965
0
0
0
0
0
0
0
0
-7.5746
0
0
0
0
0
0
0
0
0
0
0
0
0
0
0
0
0
0
0
0
0
0
0
0
0
0
0
0
0
0
0
0
0
0
0
0
0
0
0
0
0
0
0
0
0
0
0
0
0
0
0
0
0
0
0
0
0
0
0
0
0
0
0
0
0
0
0
0
0
0
0
0
0
0
0
0
0
0
0
0
0
0
0
0
0
0
0
0
0
0
0
0
7.5746
0
0
0
0
0
0
0
0
0
0
0
0
0
0
0
0
0
0
0
0
0
0
0
0
0
0
0
0
0
0
0
0
0
0
0
0
0
0
0
0
0
0
0
0
0
0
-4.3679
0
0
0
0
0
0
0
0
0
0
0
0
0
0
0
0
0
0
0
0
0
0
0
0
0
0
0
0
0
0
0
0
0
0
0
0
0
0
0
0
0
0
0
0
0
0
0
0
0
0
0
0
0
0
4.3679
0
0
0
0
0
0
0
0
0
0
0
0
0
0
0
0
0
0
0
0
0
0
0
0
0
0
0
0
0
0
0
0
0
0
0
0
0
0
0
0
0
0
0
0
0
0
0
0
0
0
0
0
0
0
0
-4.1032
0
0
0
0
0
0
0
0
0
0
0
0
0
0
0
0
0
0
0
0
0
0
0
0
0
0
0
0
0
0
0
0
0
0
0
0
0
0
0
0
0
0
0
0
0
4.1032
