53.911
-0.91245
-0.93265
-0.9382
-0.89966
-0.93013
-0.93207
-0.85373
-0.8846
-0.92397
-0.91854
-0.91953
-0.88919
-0.8954
-0.85205
-0.90997
-0.85707
-0.84496
-0.86222
-0.83303
-0.77845
-0.84317
-0.82492
-0.94715
-0.77719
-0.86698
-0.94859
-0.80687
-0.87407
-0.81439
-0.90911
-0.82915
-0.82706
-0.82195
-0.83918
-0.83749
-0.86218
-0.85995
-0.83605
-0.83192
-0.84939
-0.83192
-0.88176
-0.87533
-0.85832
-0.88976
-0.88936
-0.80207
-0.80539
-0.8454
-0.86471
-0.94734
-0.87938
-0.84741
-0.9946
0
0
0
0
0
-2.9138
0
0
0
0
0
0
0
0
0
0
0
0
-4.0097
0
0
0
0
0
0
0
0
0
0
0
0
0
0
0
0
0
0
0
0
0
0
0
0
0
0
0
-0.91245
51.9737
-0.95484
-0.96023
-0.92879
-0.9524
-0.9543
-0.87765
-0.90946
-0.94887
-0.94234
-0.9445
-0.9141
-0.92037
-0.8757
-0.93495
-0.88085
-0.86864
-0.88602
-0.85661
-0.80044
-0.86683
-0.84841
-0.96665
-0.79738
-0.90645
-0.97791
-0.83016
-0.89731
-0.83866
-0.93761
-0.85286
-0.8515
-0.84543
-0.86296
-0.86263
-0.88722
-0.8837
-0.8632
-0.85564
-0.87574
-0.85561
-0.90582
-0.90011
-0.87953
-0.91385
-0.91342
-0.83289
-0.82898
-0.8732
-0.88862
-0.97163
-0.90316
-0.8707
-1.0154
0
0
0
0
0
0
0
0
0
0
0
0
0
0
-3.6891
0
0
0
0
0
0
0
0
0
0
0
0
0
0
0
0
0
0
0
0
0
0
0
0
0
0
0
0
0
0
0
-0.93265
-0.95484
56.8017
-1.0028
-0.94586
-0.99392
-0.99615
-0.89347
-0.9243
-0.96399
-0.95726
-0.9595
-0.92892
-0.93515
-0.89107
-0.94981
-0.89743
-0.88522
-0.9026
-0.87321
-0.81503
-0.88341
-0.86507
-0.97174
-0.81296
-0.91473
-0.97461
-0.84687
-0.90543
-0.85473
-0.94547
-0.86902
-0.86848
-0.86155
-0.8791
-0.8801
-0.89739
-0.89298
-0.87863
-0.87168
-0.89025
-0.87169
-0.92213
-0.91663
-0.88931
-0.93009
-0.92966
-0.84936
-0.84621
-0.89303
-0.90532
-0.98997
-0.92202
-0.89052
-1.0102
0
0
0
0
0
0
0
0
0
0
0
0
0
0
0
0
0
0
0
0
0
0
0
0
0
0
0
0
0
0
0
0
0
0
0
0
0
0
0
0
-7.6682
0
0
0
0
0
-0.9382
-0.96023
-1.0028
57.1093
-0.95119
-1
-1.0022
-0.89867
-0.92952
-0.9693
-0.96261
-0.9648
-0.93413
-0.94038
-0.89624
-0.95509
-0.90259
-0.89037
-0.90778
-0.87834
-0.82006
-0.88855
-0.87015
-0.97677
-0.81799
-0.92006
-0.98027
-0.85195
-0.91072
-0.85987
-0.95102
-0.87412
-0.87363
-0.86667
-0.88425
-0.88527
-0.90265
-0.8982
-0.88379
-0.87683
-0.89543
-0.87683
-0.92736
-0.92187
-0.89451
-0.93532
-0.9349
-0.85447
-0.85133
-0.89822
-0.91053
-0.99532
-0.92727
-0.89571
-1.0156
0
0
0
0
0
0
0
0
0
0
0
0
0
0
0
0
0
0
0
0
0
0
0
0
0
0
0
0
-7.6973
0
0
0
0
0
0
0
0
0
0
0
0
0
0
0
0
0
-0.89966
-0.92879
-0.94586
-0.95119
50.8742
-0.94343
-0.9453
-0.86593
-0.8977
-0.93685
-0.92939
-0.93256
-0.90234
-0.90859
-0.86368
-0.92313
-0.86927
-0.8571
-0.87443
-0.84508
-0.78915
-0.8553
-0.8369
-0.95883
-0.78402
-0.88343
-0.96722
-0.81858
-0.88701
-0.82768
-0.92717
-0.84119
-0.84003
-0.83387
-0.85132
-0.84934
-0.87522
-0.87343
-0.85062
-0.84397
-0.86551
-0.84398
-0.89389
-0.88908
-0.86815
-0.90195
-0.90151
-0.81748
-0.81707
-0.85793
-0.87642
-0.95932
-0.89113
-0.8588
-1.0055
0
0
0
0
0
0
0
0
0
0
0
0
0
-3.2119
0
0
0
0
0
0
0
0
0
0
0
0
0
0
0
0
0
0
0
0
0
0
0
0
0
0
0
0
0
0
0
0
-0.93013
-0.9524
-0.99392
-1
-0.94343
56.6611
-0.99325
-0.8911
-0.92192
-0.96158
-0.95484
-0.95709
-0.92655
-0.93276
-0.88871
-0.94744
-0.89508
-0.88287
-0.90025
-0.8709
-0.81274
-0.88108
-0.86273
-0.96945
-0.81066
-0.91231
-0.97204
-0.84456
-0.90303
-0.85237
-0.94297
-0.86666
-0.86614
-0.85922
-0.87675
-0.87776
-0.89501
-0.8906
-0.87628
-0.86935
-0.88787
-0.86936
-0.91974
-0.91424
-0.88695
-0.9277
-0.92727
-0.84702
-0.84387
-0.89066
-0.90294
-0.98752
-0.91964
-0.88816
-1.0078
0
0
0
0
0
0
0
0
0
0
0
0
0
0
0
0
0
0
0
0
0
0
0
0
0
0
0
0
0
0
0
0
0
0
0
0
0
0
0
0
0
0
0
-7.6545
0
0
-0.93207
-0.9543
-0.99615
-1.0022
-0.9453
-0.99325
56.7691
-0.89295
-0.92377
-0.96345
-0.95672
-0.95896
-0.92838
-0.93461
-0.89053
-0.94928
-0.8969
-0.8847
-0.90208
-0.87268
-0.81451
-0.88288
-0.86453
-0.97122
-0.81243
-0.91419
-0.97402
-0.84634
-0.90489
-0.8542
-0.9449
-0.86846
-0.86794
-0.86102
-0.87856
-0.87957
-0.89686
-0.89244
-0.8781
-0.87117
-0.8897
-0.87117
-0.92158
-0.91609
-0.88879
-0.92954
-0.92912
-0.84884
-0.84567
-0.89249
-0.90477
-0.98941
-0.9215
-0.88999
-1.0097
0
0
0
0
0
0
0
0
0
0
0
0
0
0
0
0
0
0
0
0
0
0
0
0
0
0
0
0
0
0
0
0
0
0
-7.6643
0
0
0
0
0
0
0
0
0
0
0
-0.85373
-0.87765
-0.89347
-0.89867
-0.86593
-0.8911
-0.89295
45.1337
-0.83885
-0.8798
-0.87895
-0.87495
-0.84337
-0.84963
-0.81075
-0.86475
-0.82465
-0.81179
-0.83003
-0.79907
-0.73886
-0.80987
-0.79042
-0.90339
-0.73551
-0.83263
-0.91236
-0.76782
-0.82763
-0.77607
-0.87195
-0.78967
-0.78908
-0.7824
-0.79949
-0.79961
-0.82333
-0.81867
-0.7998
-0.79224
-0.81311
-0.79224
-0.84119
-0.83596
-0.81478
-0.84899
-0.84857
-0.76895
-0.76651
-0.81042
-0.82378
-0.90556
-0.83863
-0.80715
0
0
0
0
-1.177
0
0
0
0
0
0
0
0
0
0
0
0
0
0
0
0
0
0
0
0
0
0
0
0
0
0
0
0
0
0
0
0
0
0
0
0
0
0
0
0
0
0
-0.8846
-0.90946
-0.9243
-0.92952
-0.8977
-0.92192
-0.92377
-0.83885
46.4857
-0.91246
-0.91374
-0.90714
-0.8726
-0.87954
-0.83637
-0.89612
-0.84608
-0.83392
-0.8511
-0.82179
-0.7655
-0.83211
-0.81348
-0.93482
-0.763
-0.8847
-0.94455
-0.79562
-0.86426
-0.80472
-0.92485
-0.81821
-0.8181
-0.81097
-0.82814
-0.82863
-0.85196
-0.84793
-0.82828
-0.82077
-0.84289
-0.82078
-0.87001
-0.86537
-0.84361
-0.8779
-0.87748
-0.7987
-0.7961
-0.84106
-0.85324
-0.93605
-0.86812
-0.83594
-0.97689
0
0
0
0
0
0
0
0
0
0
0
0
0
0
0
0
0
0
0
0
0
0
0
0
0
0
0
0
0
0
0
0
0
0
0
0
0
0
0
0
0
0
0
0
0
0
-0.92397
-0.94887
-0.96399
-0.9693
-0.93685
-0.96158
-0.96345
-0.8798
-0.91246
48.6478
-0.95164
-0.95112
-0.91757
-0.92439
-0.87778
-0.94044
-0.88595
-0.87359
-0.89115
-0.86134
-0.80451
-0.87176
-0.853
-0.97432
-0.80208
-0.91983
-0.98303
-0.8352
-0.90941
-0.84611
-0.95982
-0.8585
-0.85891
-0.85113
-0.86886
-0.86988
-0.89653
-0.89051
-0.86951
-0.8615
-0.88497
-0.86151
-0.91189
-0.90803
-0.88563
-0.91989
-0.91946
-0.83922
-0.83678
-0.88257
-0.89458
-0.97817
-0.90925
-0.87655
-1.0196
0
0
0
0
0
0
0
0
0
0
0
0
0
0
0
0
0
0
0
0
0
0
0
0
0
0
0
0
0
0
0
0
0
0
0
0
0
0
0
0
0
0
0
0
0
0
-0.91854
-0.94234
-0.95726
-0.96261
-0.92939
-0.95484
-0.95672
-0.87895
-0.91374
-0.95164
49.7997
-0.94772
-0.91836
-0.92455
-0.87732
-0.93878
-0.88238
-0.87015
-0.88752
-0.85802
-0.80084
-0.86833
-0.84975
-0.96804
-0.7986
-0.90579
-0.97582
-0.83146
-0.90087
-0.84264
-0.94342
-0.85454
-0.85482
-0.84711
-0.86477
-0.86565
-0.89059
-0.88507
-0.86529
-0.85735
-0.8808
-0.85735
-0.90759
-0.90465
-0.87871
-0.91561
-0.91519
-0.83517
-0.82265
-0.87784
-0.88982
-0.97335
-0.90491
-0.87231
0
0
0
0
0
0
0
-2.4222
0
0
0
0
0
0
0
0
0
0
0
0
0
0
0
0
0
0
0
0
0
0
0
0
0
0
0
0
0
0
0
0
0
0
0
0
0
0
0
-0.91953
-0.9445
-0.9595
-0.9648
-0.93256
-0.95709
-0.95896
-0.87495
-0.90714
-0.95112
-0.94772
48.3994
-0.91228
-0.91913
-0.87288
-0.9353
-0.88128
-0.86894
-0.88644
-0.85671
-0.79995
-0.86711
-0.84836
-0.9698
-0.79753
-0.91642
-0.97876
-0.83058
-0.90435
-0.8413
-0.95617
-0.8538
-0.85418
-0.84648
-0.86415
-0.8651
-0.8914
-0.88558
-0.86471
-0.85679
-0.88009
-0.85679
-0.90705
-0.90307
-0.88073
-0.91503
-0.91462
-0.83455
-0.83207
-0.87776
-0.88982
-0.97333
-0.90452
-0.87191
-1.0147
0
0
0
0
0
0
0
0
0
0
0
0
0
0
0
0
0
0
0
0
0
0
0
0
0
0
0
0
0
0
0
0
0
0
0
0
0
0
0
0
0
0
0
0
0
0
-0.88919
-0.9141
-0.92892
-0.93413
-0.90234
-0.92655
-0.92838
-0.84337
-0.8726
-0.91757
-0.91836
-0.91228
46.7337
-0.88467
-0.84091
-0.90127
-0.85049
-0.83833
-0.85554
-0.8262
-0.7699
-0.83652
-0.8179
-0.93935
-0.7674
-0.88911
-0.94909
-0.8001
-0.87001
-0.8094
-0.9291
-0.82278
-0.82273
-0.81553
-0.83276
-0.83332
-0.85706
-0.85275
-0.83297
-0.82541
-0.84766
-0.82541
-0.87477
-0.87022
-0.84836
-0.88267
-0.88225
-0.80331
-0.80076
-0.84581
-0.85796
-0.94088
-0.87282
-0.84059
-0.98178
0
0
0
0
0
0
0
0
0
0
0
0
0
0
0
0
0
0
0
0
0
0
0
0
0
0
0
0
0
0
0
0
0
0
0
0
0
0
0
0
0
0
0
0
0
0
-0.8954
-0.92037
-0.93515
-0.94038
-0.90859
-0.93276
-0.93461
-0.84963
-0.87954
-0.92439
-0.92455
-0.91913
-0.88467
47.0708
-0.84725
-0.90818
-0.85661
-0.84444
-0.86169
-0.83227
-0.77591
-0.84262
-0.82395
-0.94555
-0.77345
-0.895
-0.95519
-0.80622
-0.8773
-0.81581
-0.93483
-0.82903
-0.82903
-0.82176
-0.83908
-0.83973
-0.86402
-0.85937
-0.83936
-0.83172
-0.8542
-0.83173
-0.88127
-0.87684
-0.8549
-0.88919
-0.88876
-0.8096
-0.80708
-0.85227
-0.86438
-0.94746
-0.87924
-0.84691
-0.98843
0
0
0
0
0
0
0
0
0
0
0
0
0
0
0
0
0
0
0
0
0
0
0
0
0
0
0
0
0
0
0
0
0
0
0
0
0
0
0
0
0
0
0
0
0
0
-0.85205
-0.8757
-0.89107
-0.89624
-0.86368
-0.88871
-0.89053
-0.81075
-0.83637
-0.87778
-0.87732
-0.87288
-0.84091
-0.84725
45.4433
-0.86258
-0.82042
-0.80787
-0.82566
-0.7954
-0.73643
-0.80601
-0.78689
-0.90218
-0.7333
-0.83196
-0.9111
-0.76548
-0.82465
-0.77305
-0.87225
-0.78728
-0.78665
-0.78003
-0.79703
-0.7967
-0.8198
-0.81606
-0.79701
-0.78976
-0.81054
-0.78977
-0.83858
-0.83274
-0.81247
-0.84642
-0.84598
-0.76633
-0.76418
-0.80822
-0.82139
-0.90316
-0.83628
-0.80479
0
0
-1.6157
0
0
0
0
0
0
0
0
0
0
0
0
0
0
0
0
0
0
0
0
0
0
0
0
0
0
0
0
0
0
0
0
0
0
0
0
0
0
0
0
0
0
0
0
-0.90997
-0.93495
-0.94981
-0.95509
-0.92313
-0.94744
-0.94928
-0.86475
-0.89612
-0.94044
-0.93878
-0.9353
-0.90127
-0.90818
-0.86258
47.8689
-0.87135
-0.85909
-0.8765
-0.84689
-0.79029
-0.85727
-0.83857
-0.96014
-0.78786
-0.90832
-0.96946
-0.82081
-0.89343
-0.83109
-0.94794
-0.84389
-0.84408
-0.83656
-0.8541
-0.85492
-0.88045
-0.87507
-0.85458
-0.84674
-0.86971
-0.84674
-0.89672
-0.89256
-0.87039
-0.90469
-0.90425
-0.82457
-0.82208
-0.86755
-0.87964
-0.96301
-0.8944
-0.86191
-1.0042
0
0
0
0
0
0
0
0
0
0
0
0
0
0
0
0
0
0
0
0
0
0
0
0
0
0
0
0
0
0
0
0
0
0
0
0
0
0
0
0
0
0
0
0
0
0
-0.85707
-0.88085
-0.89743
-0.90259
-0.86927
-0.89508
-0.8969
-0.82465
-0.84608
-0.88595
-0.88238
-0.88128
-0.85049
-0.85661
-0.82042
-0.87135
44.0877
-0.79174
-0.81334
-0.77807
-0.73248
-0.78965
-0.76906
-0.90857
-0.7328
-0.83816
-0.91282
-0.76771
-0.83931
-0.78155
-0.8806
-0.79195
-0.79262
-0.785
-0.803
-0.80449
-0.84088
-0.82653
-0.80452
-0.79611
-0.81945
-0.79611
-0.84641
-0.843
-0.8217
-0.8542
-0.85376
-0.77441
-0.77199
-0.81618
-0.82857
-0.9099
-0.84237
-0.8103
0
0
0
0
0
0
0
0
0
0
0
0
0
0
0
0
0
0
0
0
0
0
0
0
0
0
0
0
0
0
0
0
0
0
0
0
0
0
0
0
0
0
0
0
0
0
0
-0.84496
-0.86864
-0.88522
-0.89037
-0.8571
-0.88287
-0.8847
-0.81179
-0.83392
-0.87359
-0.87015
-0.86894
-0.83833
-0.84444
-0.80787
-0.85909
-0.79174
43.4426
-0.79872
-0.76344
-0.72068
-0.77485
-0.75473
-0.89638
-0.72101
-0.82622
-0.90062
-0.75581
-0.82802
-0.76889
-0.8687
-0.77991
-0.7804
-0.773
-0.79086
-0.79223
-0.82875
-0.81385
-0.79223
-0.78397
-0.80691
-0.78397
-0.83397
-0.83038
-0.80933
-0.84174
-0.84131
-0.76234
-0.75995
-0.80391
-0.81628
-0.8973
-0.83007
-0.79816
0
0
0
0
0
0
0
0
0
0
0
0
0
0
0
0
0
0
0
0
0
0
0
0
0
0
0
0
0
0
0
0
0
0
0
0
0
0
0
0
0
0
0
0
0
0
0
-0.86222
-0.88602
-0.9026
-0.90778
-0.87443
-0.90025
-0.90208
-0.83003
-0.8511
-0.89115
-0.88752
-0.88644
-0.85554
-0.86169
-0.82566
-0.8765
-0.81334
-0.79872
44.3635
-0.78505
-0.73778
-0.79664
-0.77594
-0.91377
-0.73798
-0.8432
-0.91802
-0.77288
-0.84392
-0.7869
-0.88568
-0.79714
-0.79788
-0.79016
-0.8082
-0.80969
-0.84546
-0.83184
-0.80972
-0.80128
-0.82472
-0.80128
-0.85163
-0.84824
-0.82693
-0.85945
-0.85901
-0.77951
-0.77706
-0.82134
-0.83377
-0.91523
-0.84759
-0.81548
0
0
0
0
0
0
0
0
0
0
0
0
0
0
0
0
0
0
0
0
0
0
0
0
0
0
0
0
0
0
0
0
0
0
0
0
0
0
0
0
0
0
0
0
0
0
0
-0.83303
-0.85661
-0.87321
-0.87834
-0.84508
-0.8709
-0.87268
-0.79907
-0.82179
-0.86134
-0.85802
-0.85671
-0.8262
-0.83227
-0.7954
-0.84689
-0.77807
-0.76344
-0.78505
42.8112
-0.70964
-0.76141
-0.74197
-0.88445
-0.7099
-0.81444
-0.88857
-0.74444
-0.81661
-0.75641
-0.85697
-0.76826
-0.76857
-0.76134
-0.77902
-0.78022
-0.81567
-0.80129
-0.78021
-0.77211
-0.79459
-0.77211
-0.82174
-0.81789
-0.79706
-0.82945
-0.82903
-0.75044
-0.74809
-0.79182
-0.80421
-0.88491
-0.81801
-0.78626
0
0
0
0
0
0
0
0
0
0
0
0
0
0
0
0
0
0
0
0
0
0
0
0
0
0
0
0
0
0
0
0
0
0
0
0
0
0
0
0
0
0
0
0
0
0
0
-0.77845
-0.80044
-0.81503
-0.82006
-0.78915
-0.81274
-0.81451
-0.73886
-0.7655
-0.80451
-0.80084
-0.79995
-0.7699
-0.77591
-0.73643
-0.79029
-0.73248
-0.72068
-0.73778
-0.70964
41.0388
-0.71899
-0.70254
-0.82464
-0.65994
-0.75952
-0.82974
-0.69361
-0.75278
-0.70068
-0.80048
-0.71412
-0.71305
-0.70697
-0.72316
-0.72271
-0.74317
-0.73863
-0.72286
-0.71593
-0.73596
-0.71593
-0.76302
-0.75865
-0.73416
-0.77056
-0.77015
-0.69469
-0.6908
-0.73429
-0.74686
-0.82629
-0.76123
0
0
0
0
0
0
0
0
0
0
-1.8795
0
0
0
0
0
0
0
0
0
0
0
0
0
0
0
0
0
0
0
0
0
0
0
0
0
0
0
0
0
0
0
0
0
0
0
0
0
-0.84317
-0.86683
-0.88341
-0.88855
-0.8553
-0.88108
-0.88288
-0.80987
-0.83211
-0.87176
-0.86833
-0.86711
-0.83652
-0.84262
-0.80601
-0.85727
-0.78965
-0.77485
-0.79664
-0.76141
-0.71899
43.3476
-0.75275
-0.89459
-0.71933
-0.82446
-0.8988
-0.75409
-0.82632
-0.76702
-0.86694
-0.77812
-0.77861
-0.77122
-0.78907
-0.79042
-0.82685
-0.81197
-0.79042
-0.78218
-0.80507
-0.78219
-0.83213
-0.82852
-0.80748
-0.83989
-0.83948
-0.76054
-0.75815
-0.80208
-0.81448
-0.89543
-0.82825
-0.79637
0
0
0
0
0
0
0
0
0
0
0
0
0
0
0
0
0
0
0
0
0
0
0
0
0
0
0
0
0
0
0
0
0
0
0
0
0
0
0
0
0
0
0
0
0
0
0
-0.82492
-0.84841
-0.86507
-0.87015
-0.8369
-0.86273
-0.86453
-0.79042
-0.81348
-0.853
-0.84975
-0.84836
-0.8179
-0.82395
-0.78689
-0.83857
-0.76906
-0.75473
-0.77594
-0.74197
-0.70254
-0.75275
42.3838
-0.87634
-0.70262
-0.80639
-0.88038
-0.73691
-0.80876
-0.74799
-0.84897
-0.76047
-0.76071
-0.75354
-0.77106
-0.77212
-0.80607
-0.79282
-0.77209
-0.76413
-0.7863
-0.76411
-0.81342
-0.80936
-0.78873
-0.82115
-0.82071
-0.74242
-0.74006
-0.78364
-0.79603
-0.87651
-0.80984
-0.7782
0
0
0
0
0
0
0
0
0
0
0
0
0
0
0
0
0
0
0
0
0
0
0
0
0
0
0
0
0
0
0
0
0
0
0
0
0
0
0
0
0
0
0
0
0
0
0
-0.94715
-0.96665
-0.97174
-0.97677
-0.95883
-0.96945
-0.97122
-0.90339
-0.93482
-0.97432
-0.96804
-0.9698
-0.93935
-0.94555
-0.90218
-0.96014
-0.90857
-0.89638
-0.91377
-0.88445
-0.82464
-0.89459
-0.87634
67.4212
-0.82157
-0.928
-0.99279
-0.85758
-0.90462
-0.86609
-0.94585
-0.87973
-0.87929
-0.8722
-0.88989
-0.89132
-0.90488
-0.89825
-0.88894
-0.88249
-0.9002
-0.8825
-0.93351
-0.92868
-0.89623
-0.94157
-0.94114
-0.8628
0
-0.90496
-0.91786
0
0
0
0
0
0
0
0
0
0
0
0
0
0
0
0
0
0
0
0
0
0
0
0
0
0
0
0
0
0
-7.5169
-7.5167
0
0
0
0
0
0
0
0
0
0
0
0
0
-7.5165
0
0
0
0
-0.77719
-0.79738
-0.81296
-0.81799
-0.78402
-0.81066
-0.81243
-0.73551
-0.763
-0.80208
-0.7986
-0.79753
-0.7674
-0.77345
-0.7333
-0.78786
-0.7328
-0.72101
-0.73798
-0.7099
-0.65994
-0.71933
-0.70262
-0.82157
40.489
-0.75388
-0.82589
-0.69213
-0.74748
-0.69452
-0.79349
-0.71131
-0.71005
-0.70395
-0.71976
-0.71903
-0.73771
-0.73429
-0.71907
-0.71244
-0.73121
-0.71243
-0.75921
-0.75243
-0.73361
-0.76673
-0.76634
-0.68966
-0.68725
-0.72831
-0.74303
-0.82259
0
0
0
0
0
0
0
0
0
0
0
0
0
0
0
0
0
0
0
0
-2.2447
0
0
0
0
0
0
0
0
0
0
0
0
0
0
0
0
0
0
0
0
0
0
0
0
0
0
0
0
-0.86698
-0.90645
-0.91473
-0.92006
-0.88343
-0.91231
-0.91419
-0.83263
-0.8847
-0.91983
-0.90579
-0.91642
-0.88911
-0.895
-0.83196
-0.90832
-0.83816
-0.82622
-0.8432
-0.81444
-0.75952
-0.82446
-0.80639
-0.928
-0.75388
49.7826
-0.93399
-0.78579
-0.84801
-0.79147
-0.88792
-0.8074
-0.80383
-0.80076
-0.81754
-0.81488
-0.83761
-0.83652
-0.81626
-0.81021
-0.82557
-0.81021
-0.85939
-0.85183
-0.83454
-0.86753
-0.8671
-0.75736
-0.7825
-0.82396
-0.84286
0
0
0
0
0
0
0
0
0
0
0
0
0
-3.7575
0
0
0
0
0
-3.6138
0
0
0
0
0
0
0
0
0
0
0
0
0
0
0
0
0
0
0
0
0
0
0
0
0
0
0
0
0
0
-0.94859
-0.97791
-0.97461
-0.98027
-0.96722
-0.97204
-0.97402
-0.91236
-0.94455
-0.98303
-0.97582
-0.97876
-0.94909
-0.95519
-0.9111
-0.96946
-0.91282
-0.90062
-0.91802
-0.88857
-0.82974
-0.8988
-0.88038
-0.99279
-0.82589
-0.93399
52.736
-0.85882
-0.93169
-0.86816
-0.97568
-0.88191
-0.88168
-0.8744
-0.89215
-0.89311
-0.91506
-0.90918
-0.89223
-0.88472
-0.90488
-0.88474
-0.93557
-0.93057
-0.90515
-0.94367
-0.94324
-0.86261
-0.85878
-0.90554
-0.91795
0
0
0
0
0
0
0
0
0
0
0
0
0
0
0
0
0
0
0
0
0
0
0
0
0
0
0
0
0
0
0
0
0
0
0
0
0
-6.7289
0
0
0
0
0
0
0
0
0
0
0
0
-0.80687
-0.83016
-0.84687
-0.85195
-0.81858
-0.84456
-0.84634
-0.76782
-0.79562
-0.8352
-0.83146
-0.83058
-0.8001
-0.80622
-0.76548
-0.82081
-0.76771
-0.75581
-0.77288
-0.74444
-0.69361
-0.75409
-0.73691
-0.85758
-0.69213
-0.78579
-0.85882
39.0477
-0.78142
-0.72803
-0.82478
-0.74332
-0.73999
-0.7356
-0.75201
-0.75122
-0.77279
-0.77257
-0.75145
-0.74449
-0.76292
-0.74449
-0.79232
-0.78657
-0.76703
-0.79998
-0.79957
-0.72187
-0.71951
-0.76232
-0.77509
0
0
0
0
0
0
0
0
0
0
0
0
0
0
0
0
0
0
0
0
0
0
0
0
0
0
0
0
0
0
0
0
0
0
0
0
0
0
0
0
0
0
0
0
0
0
0
0
0
0
-0.87407
-0.89731
-0.90543
-0.91072
-0.88701
-0.90303
-0.90489
-0.82763
-0.86426
-0.90941
-0.90087
-0.90435
-0.87001
-0.8773
-0.82465
-0.89343
-0.83931
-0.82802
-0.84392
-0.81661
-0.75278
-0.82632
-0.80876
-0.90462
-0.74748
-0.84801
-0.93169
-0.78142
46.2909
-0.78505
-0.8815
-0.8032
-0.80069
-0.79548
-0.81204
-0.81131
-0.82619
-0.82228
-0.8107
-0.8045
-0.82175
-0.8045
-0.85361
-0.84593
-0.82129
-0.86162
-0.8612
-0.78238
0
0
0
0
0
0
0
0
0
0
0
0
0
0
0
0
0
0
0
0
0
0
0
0
0
0
0
0
0
0
0
0
0
0
0
0
0
0
0
0
0
0
0
-6.6024
0
0
0
0
0
0
0
0
0
-0.81439
-0.83866
-0.85473
-0.85987
-0.82768
-0.85237
-0.8542
-0.77607
-0.80472
-0.84611
-0.84264
-0.8413
-0.8094
-0.81581
-0.77305
-0.83109
-0.78155
-0.76889
-0.7869
-0.75641
-0.70068
-0.76702
-0.74799
-0.86609
-0.69452
-0.79147
-0.86816
-0.72803
-0.78505
41.5285
-0.82796
-0.74979
-0.74677
-0.74195
-0.75679
-0.75668
-0.76957
-0.7733
-0.75587
-0.7516
-0.76853
-0.7516
-0.79786
-0.74452
-0.77285
-0.80554
-0.80513
-0.72814
0
0
0
0
0
0
0
0
0
0
0
0
0
0
-4.4392
0
0
0
0
0
0
0
0
0
0
0
0
0
0
0
0
0
0
0
0
0
0
0
0
0
0
0
0
0
0
0
0
0
0
0
0
0
0
-0.90911
-0.93761
-0.94547
-0.95102
-0.92717
-0.94297
-0.9449
-0.87195
-0.92485
-0.95982
-0.94342
-0.95617
-0.9291
-0.93483
-0.87225
-0.94794
-0.8806
-0.8687
-0.88568
-0.85697
-0.80048
-0.86694
-0.84897
-0.94585
-0.79349
-0.88792
-0.97568
-0.82478
-0.8815
-0.82796
51.1643
-0.84555
-0.84161
-0.83823
-0.85525
-0.85431
-0.87104
-0.86763
-0.85257
-0.8478
-0.86706
-0.8478
-0.89805
-0.88847
-0.8666
-0.90666
-0.90624
0
0
0
0
0
0
0
0
0
0
0
0
0
0
0
0
0
0
-3.8692
0
0
0
0
0
0
0
0
0
0
0
0
0
0
0
0
0
0
0
0
0
0
0
0
0
0
0
0
-6.3962
0
0
0
0
0
0
-0.82915
-0.85286
-0.86902
-0.87412
-0.84119
-0.86666
-0.86846
-0.78967
-0.81821
-0.8585
-0.85454
-0.8538
-0.82278
-0.82903
-0.78728
-0.84389
-0.79195
-0.77991
-0.79714
-0.76826
-0.71412
-0.77812
-0.76047
-0.87973
-0.71131
-0.8074
-0.88191
-0.74332
-0.8032
-0.74979
-0.84555
37.8294
-0.76444
-0.75646
-0.77446
-0.77336
-0.79561
-0.79303
-0.77394
-0.7666
-0.78705
-0.76659
-0.8155
-0.80954
-0.79049
-0.82354
-0.82312
-0.7443
0
0
0
0
0
0
0
0
0
0
0
0
0
0
0
0
0
0
0
0
0
0
0
0
0
0
0
0
0
0
0
0
0
0
0
0
0
0
0
0
0
0
0
0
0
0
0
0
0
0
0
0
0
-0.82706
-0.8515
-0.86848
-0.87363
-0.84003
-0.86614
-0.86794
-0.78908
-0.8181
-0.85891
-0.85482
-0.85418
-0.82273
-0.82903
-0.78665
-0.84408
-0.79262
-0.7804
-0.79788
-0.76857
-0.71305
-0.77861
-0.76071
-0.87929
-0.71005
-0.80383
-0.88168
-0.73999
-0.80069
-0.74677
-0.84161
-0.76444
39.5994
-0.75698
-0.77398
-0.77223
-0.7931
-0.79524
-0.77305
-0.7663
-0.78401
-0.76631
-0.81542
-0.80745
-0.78975
-0.82414
-0.82371
0
0
0
0
0
0
0
0
0
0
0
0
0
0
0
0
0
0
0
-2.5452
0
0
0
0
0
0
0
0
0
0
0
0
0
0
0
0
0
0
0
0
0
0
0
0
0
0
0
0
0
0
0
0
0
0
-0.82195
-0.84543
-0.86155
-0.86667
-0.83387
-0.85922
-0.86102
-0.7824
-0.81097
-0.85113
-0.84711
-0.84648
-0.81553
-0.82176
-0.78003
-0.83656
-0.785
-0.773
-0.79016
-0.76134
-0.70697
-0.77122
-0.75354
-0.8722
-0.70395
-0.80076
-0.8744
-0.7356
-0.79548
-0.74195
-0.83823
-0.75646
-0.75698
36.7512
-0.7672
-0.75962
-0.78905
-0.78603
-0.76635
-0.75878
-0.78152
-0.75878
-0.80857
-0.80063
-0.78252
-0.8168
-0.81638
0
0
0
0
0
0
0
0
0
0
0
0
0
0
0
0
0
0
0
0
0
0
0
0
0
0
0
0
0
0
0
0
0
0
0
0
0
0
0
0
0
0
0
0
0
0
0
0
0
0
0
0
0
0
-0.83918
-0.86296
-0.8791
-0.88425
-0.85132
-0.87675
-0.87856
-0.79949
-0.82814
-0.86886
-0.86477
-0.86415
-0.83276
-0.83908
-0.79703
-0.8541
-0.803
-0.79086
-0.8082
-0.77902
-0.72316
-0.78907
-0.77106
-0.88989
-0.71976
-0.81754
-0.89215
-0.75201
-0.81204
-0.75679
-0.85525
-0.77446
-0.77398
-0.7672
35.0527
-0.78623
-0.80175
-0.80164
-0.77887
-0.77416
-0.79514
-0.77417
-0.82317
-0.82161
0
0
0
0
0
0
0
0
0
0
0
0
0
0
0
0
0
0
0
0
0
0
0
0
0
0
0
0
0
0
0
0
0
0
0
0
0
0
0
0
0
0
0
0
0
0
0
0
0
0
0
0
0
0
0
0
0
-0.83749
-0.86263
-0.8801
-0.88527
-0.84934
-0.87776
-0.87957
-0.79961
-0.82863
-0.86988
-0.86565
-0.8651
-0.83332
-0.83973
-0.7967
-0.85492
-0.80449
-0.79223
-0.80969
-0.78022
-0.72271
-0.79042
-0.77212
-0.89132
-0.71903
-0.81488
-0.89311
-0.75122
-0.81131
-0.75668
-0.85431
-0.77336
-0.77223
-0.75962
-0.78623
36.3712
-0.79293
-0.7987
-0.78214
-0.77921
-0.7862
-0.77922
-0.82565
0
0
0
0
0
0
0
0
0
0
0
0
-2.1463
0
0
0
0
0
0
0
0
0
0
0
0
0
0
0
0
0
0
0
0
0
0
0
0
0
0
0
0
0
0
0
0
0
0
0
0
0
0
0
0
0
0
0
0
0
-0.86218
-0.88722
-0.89739
-0.90265
-0.87522
-0.89501
-0.89686
-0.82333
-0.85196
-0.89653
-0.89059
-0.8914
-0.85706
-0.86402
-0.8198
-0.88045
-0.84088
-0.82875
-0.84546
-0.81567
-0.74317
-0.82685
-0.80607
-0.90488
-0.73771
-0.83761
-0.91506
-0.77279
-0.82619
-0.76957
-0.87104
-0.79561
-0.7931
-0.78905
-0.80175
-0.79293
41.9785
-0.80767
-0.79751
-0.79321
-0.80305
-0.7932
0
0
0
0
0
0
0
0
0
0
0
0
0
-2.1758
0
0
0
0
0
0
0
0
0
0
0
0
0
0
0
0
0
0
0
0
0
0
0
0
0
0
0
0
0
0
0
0
0
0
0
0
-5.5024
0
0
0
0
0
0
0
0
-0.85995
-0.8837
-0.89298
-0.8982
-0.87343
-0.8906
-0.89244
-0.81867
-0.84793
-0.89051
-0.88507
-0.88558
-0.85275
-0.85937
-0.81606
-0.87507
-0.82653
-0.81385
-0.83184
-0.80129
-0.73863
-0.81197
-0.79282
-0.89825
-0.73429
-0.83652
-0.90918
-0.77257
-0.82228
-0.7733
-0.86763
-0.79303
-0.79524
-0.78603
-0.80164
-0.7987
-0.80767
39.205
-0.79661
-0.79247
-0.80735
-0.79246
0
0
0
0
0
0
0
0
0
0
0
0
0
0
0
0
0
0
0
0
0
0
0
0
0
0
0
0
0
0
0
0
0
0
0
0
0
0
-5.0806
0
0
0
0
0
0
0
0
0
0
0
0
0
0
0
0
0
0
0
0
-0.83605
-0.8632
-0.87863
-0.88379
-0.85062
-0.87628
-0.8781
-0.7998
-0.82828
-0.86951
-0.86529
-0.86471
-0.83297
-0.83936
-0.79701
-0.85458
-0.80452
-0.79223
-0.80972
-0.78021
-0.72286
-0.79042
-0.77209
-0.88894
-0.71907
-0.81626
-0.89223
-0.75145
-0.8107
-0.75587
-0.85257
-0.77394
-0.77305
-0.76635
-0.77887
-0.78214
-0.79751
-0.79661
34.7638
-0.77275
0
-0.77276
0
0
0
0
0
0
0
0
0
0
0
0
0
0
0
-2.1725
0
0
0
0
0
0
0
0
0
0
0
0
0
0
0
0
0
0
0
0
0
0
0
0
0
0
0
0
0
0
0
0
0
0
0
0
0
0
0
0
0
0
0
-0.83192
-0.85564
-0.87168
-0.87683
-0.84397
-0.86935
-0.87117
-0.79224
-0.82077
-0.8615
-0.85735
-0.85679
-0.82541
-0.83172
-0.78976
-0.84674
-0.79611
-0.78397
-0.80128
-0.77211
-0.71593
-0.78218
-0.76413
-0.88249
-0.71244
-0.81021
-0.88472
-0.74449
-0.8045
-0.7516
-0.8478
-0.7666
-0.7663
-0.75878
-0.77416
-0.77921
-0.79321
-0.79247
-0.77275
33.0905
-0.7912
-0.73903
0
0
0
0
0
0
0
0
0
0
0
0
0
0
0
0
0
0
0
0
0
0
0
0
0
0
0
0
0
0
0
0
0
0
0
0
0
0
0
0
0
0
0
0
0
0
0
0
0
0
0
0
0
0
0
0
0
0
0
-0.84939
-0.87574
-0.89025
-0.89543
-0.86551
-0.88787
-0.8897
-0.81311
-0.84289
-0.88497
-0.8808
-0.88009
-0.84766
-0.8542
-0.81054
-0.86971
-0.81945
-0.80691
-0.82472
-0.79459
-0.73596
-0.80507
-0.7863
-0.9002
-0.73121
-0.82557
-0.90488
-0.76292
-0.82175
-0.76853
-0.86706
-0.78705
-0.78401
-0.78152
-0.79514
-0.7862
-0.80305
-0.80735
0
-0.7912
37.6251
-0.79121
0
0
0
0
0
0
0
0
0
0
0
0
0
0
0
0
0
-4.5054
0
0
0
0
0
0
0
0
0
0
0
0
0
0
0
0
0
0
0
0
0
0
0
0
0
0
0
0
0
0
0
0
0
0
0
0
0
0
0
0
0
-0.83192
-0.85561
-0.87169
-0.87683
-0.84398
-0.86936
-0.87117
-0.79224
-0.82078
-0.86151
-0.85735
-0.85679
-0.82541
-0.83173
-0.78977
-0.84674
-0.79611
-0.78397
-0.80128
-0.77211
-0.71593
-0.78219
-0.76411
-0.8825
-0.71243
-0.81021
-0.88474
-0.74449
-0.8045
-0.7516
-0.8478
-0.76659
-0.76631
-0.75878
-0.77417
-0.77922
-0.7932
-0.79246
-0.77276
-0.73903
-0.79121
33.0906
0
0
0
0
0
0
0
0
0
0
0
0
0
0
0
0
0
0
0
0
0
0
0
0
0
0
0
0
0
0
0
0
0
0
0
0
0
0
0
0
0
0
0
0
0
0
0
0
0
0
0
0
0
0
0
0
0
0
0
-0.88176
-0.90582
-0.92213
-0.92736
-0.89389
-0.91974
-0.92158
-0.84119
-0.87001
-0.91189
-0.90759
-0.90705
-0.87477
-0.88127
-0.83858
-0.89672
-0.84641
-0.83397
-0.85163
-0.82174
-0.76302
-0.83213
-0.81342
-0.93351
-0.75921
-0.85939
-0.93557
-0.79232
-0.85361
-0.79786
-0.89805
-0.8155
-0.81542
-0.80857
-0.82317
-0.82565
0
0
0
0
0
0
30.9815
0
0
0
0
0
0
0
0
0
0
0
0
0
0
0
0
0
0
0
0
0
0
0
0
0
0
0
0
0
0
0
0
0
0
0
0
0
0
0
0
0
0
0
0
0
0
0
0
0
0
0
0
0
0
0
0
0
0
-0.87533
-0.90011
-0.91663
-0.92187
-0.88908
-0.91424
-0.91609
-0.83596
-0.86537
-0.90803
-0.90465
-0.90307
-0.87022
-0.87684
-0.83274
-0.89256
-0.843
-0.83038
-0.84824
-0.81789
-0.75865
-0.82852
-0.80936
-0.92868
-0.75243
-0.85183
-0.93057
-0.78657
-0.84593
-0.74452
-0.88847
-0.80954
-0.80745
-0.80063
-0.82161
0
0
0
0
0
0
0
0
34.2864
0
0
0
0
0
0
0
0
0
0
0
0
0
0
0
0
0
0
-4.3593
0
0
0
0
0
0
0
0
0
0
0
0
0
0
0
0
0
0
0
0
0
0
0
0
0
0
0
0
0
0
0
0
0
0
0
0
0
0
-0.85832
-0.87953
-0.88931
-0.89451
-0.86815
-0.88695
-0.88879
-0.81478
-0.84361
-0.88563
-0.87871
-0.88073
-0.84836
-0.8549
-0.81247
-0.87039
-0.8217
-0.80933
-0.82693
-0.79706
-0.73416
-0.80748
-0.78873
-0.89623
-0.73361
-0.83454
-0.90515
-0.76703
-0.82129
-0.77285
-0.8666
-0.79049
-0.78975
-0.78252
0
0
0
0
0
0
0
0
0
0
32.819
0
0
0
0
0
0
0
0
0
0
0
0
0
0
0
0
0
0
0
0
0
0
0
0
0
0
0
0
0
0
0
0
0
0
0
0
0
0
0
0
0
0
0
0
0
0
0
0
0
0
0
0
0
0
-4.4184
0
-0.88976
-0.91385
-0.93009
-0.93532
-0.90195
-0.9277
-0.92954
-0.84899
-0.8779
-0.91989
-0.91561
-0.91503
-0.88267
-0.88919
-0.84642
-0.90469
-0.8542
-0.84174
-0.85945
-0.82945
-0.77056
-0.83989
-0.82115
-0.94157
-0.76673
-0.86753
-0.94367
-0.79998
-0.86162
-0.80554
-0.90666
-0.82354
-0.82414
-0.8168
0
0
0
0
0
0
0
0
0
0
0
29.6028
0
0
0
0
0
0
0
0
0
0
0
0
0
0
0
0
0
0
0
0
0
0
0
0
0
0
0
0
0
0
0
0
0
0
0
0
0
0
0
0
0
0
0
0
0
0
0
0
0
0
0
0
0
0
0
-0.88936
-0.91342
-0.92966
-0.9349
-0.90151
-0.92727
-0.92912
-0.84857
-0.87748
-0.91946
-0.91519
-0.91462
-0.88225
-0.88876
-0.84598
-0.90425
-0.85376
-0.84131
-0.85901
-0.82903
-0.77015
-0.83948
-0.82071
-0.94114
-0.76634
-0.8671
-0.94324
-0.79957
-0.8612
-0.80513
-0.90624
-0.82312
-0.82371
-0.81638
0
0
0
0
0
0
0
0
0
0
0
0
29.5884
0
0
0
0
0
0
0
0
0
0
0
0
0
0
0
0
0
0
0
0
0
0
0
0
0
0
0
0
0
0
0
0
0
0
0
0
0
0
0
0
0
0
0
0
0
0
0
0
0
0
0
0
0
0
-0.80207
-0.83289
-0.84936
-0.85447
-0.81748
-0.84702
-0.84884
-0.76895
-0.7987
-0.83922
-0.83517
-0.83455
-0.80331
-0.8096
-0.76633
-0.82457
-0.77441
-0.76234
-0.77951
-0.75044
-0.69469
-0.76054
-0.74242
-0.8628
-0.68966
-0.75736
-0.86261
-0.72187
-0.78238
-0.72814
0
-0.7443
0
0
0
0
0
0
0
0
0
0
0
0
0
0
0
28.0088
0
0
0
0
0
0
0
0
0
0
0
0
0
0
0
0
-3.4628
0
0
0
0
0
0
0
0
0
0
0
0
0
0
0
0
0
0
0
0
0
0
0
0
0
0
0
0
0
0
0
0
0
0
0
0
-0.80539
-0.82898
-0.84621
-0.85133
-0.81707
-0.84387
-0.84567
-0.76651
-0.7961
-0.83678
-0.82265
-0.83207
-0.80076
-0.80708
-0.76418
-0.82208
-0.77199
-0.75995
-0.77706
-0.74809
-0.6908
-0.75815
-0.74006
0
-0.68725
-0.7825
-0.85878
-0.71951
0
0
0
0
0
0
0
0
0
0
0
0
0
0
0
0
0
0
0
0
25.9425
0
0
0
0
0
0
0
0
0
0
0
0
-2.1612
0
0
0
0
-2.4004
0
0
0
0
0
0
0
0
0
0
0
0
0
0
0
0
0
0
0
0
0
0
0
0
0
0
0
0
0
0
0
0
0
0
-0.8454
-0.8732
-0.89303
-0.89822
-0.85793
-0.89066
-0.89249
-0.81042
-0.84106
-0.88257
-0.87784
-0.87776
-0.84581
-0.85227
-0.80822
-0.86755
-0.81618
-0.80391
-0.82134
-0.79182
-0.73429
-0.80208
-0.78364
-0.90496
-0.72831
-0.82396
-0.90554
-0.76232
0
0
0
0
0
0
0
0
0
0
0
0
0
0
0
0
0
0
0
0
0
27.0449
0
0
0
0
0
0
0
0
0
0
0
0
0
0
0
0
0
-3.5521
0
0
0
0
0
0
0
0
0
0
0
0
0
0
0
0
0
0
0
0
0
0
0
0
0
0
0
0
0
0
0
0
0
-0.86471
-0.88862
-0.90532
-0.91053
-0.87642
-0.90294
-0.90477
-0.82378
-0.85324
-0.89458
-0.88982
-0.88982
-0.85796
-0.86438
-0.82139
-0.87964
-0.82857
-0.81628
-0.83377
-0.80421
-0.74686
-0.81448
-0.79603
-0.91786
-0.74303
-0.84286
-0.91795
-0.77509
0
0
0
0
0
0
0
0
0
0
0
0
0
0
0
0
0
0
0
0
0
0
23.8649
0
0
0
0
0
0
0
0
0
0
0
0
0
0
0
0
0
0
0
0
0
0
0
0
0
0
0
0
0
0
0
0
0
0
0
0
0
0
0
0
0
0
0
0
0
0
0
0
0
0
-0.94734
-0.97163
-0.98997
-0.99532
-0.95932
-0.98752
-0.98941
-0.90556
-0.93605
-0.97817
-0.97335
-0.97333
-0.94088
-0.94746
-0.90316
-0.96301
-0.9099
-0.8973
-0.91523
-0.88491
-0.82629
-0.89543
-0.87651
0
-0.82259
0
0
0
0
0
0
0
0
0
0
0
0
0
0
0
0
0
0
0
0
0
0
0
0
0
0
22.3896
0
0
0
0
0
0
0
0
0
0
0
0
0
0
0
0
0
0
0
0
0
0
0
0
0
0
0
0
0
0
0
0
0
0
0
0
0
0
0
0
0
0
0
0
0
0
0
0
0
-0.87938
-0.90316
-0.92202
-0.92727
-0.89113
-0.91964
-0.9215
-0.83863
-0.86812
-0.90925
-0.90491
-0.90452
-0.87282
-0.87924
-0.83628
-0.8944
-0.84237
-0.83007
-0.84759
-0.81801
-0.76123
-0.82825
-0.80984
0
0
0
0
0
0
0
0
0
0
0
0
0
0
0
0
0
0
0
0
0
0
0
0
0
0
0
0
0
20.0096
0
0
0
0
0
0
0
0
0
0
0
0
0
0
0
0
0
0
0
0
0
0
0
0
0
0
0
0
0
0
0
0
0
0
0
0
0
0
0
0
0
0
0
0
0
0
0
0
-0.84741
-0.8707
-0.89052
-0.89571
-0.8588
-0.88816
-0.88999
-0.80715
-0.83594
-0.87655
-0.87231
-0.87191
-0.84059
-0.84691
-0.80479
-0.86191
-0.8103
-0.79816
-0.81548
-0.78626
0
-0.79637
-0.7782
0
0
0
0
0
0
0
0
0
0
0
0
0
0
0
0
0
0
0
0
0
0
0
0
0
0
0
0
0
0
18.5441
0
0
0
0
0
0
0
0
0
0
0
0
0
0
0
0
0
0
0
0
0
0
0
0
0
0
0
0
0
0
0
0
0
0
0
0
0
0
0
0
0
0
0
0
0
0
0
-0.9946
-1.0154
-1.0102
-1.0156
-1.0055
-1.0078
-1.0097
0
-0.97689
-1.0196
0
-1.0147
-0.98178
-0.98843
0
-1.0042
0
0
0
0
0
0
0
0
0
0
0
0
0
0
0
0
0
0
0
0
0
0
0
0
0
0
0
0
0
0
0
0
0
0
0
0
0
0
21.0035
0
0
0
-1.2434
0
0
0
0
0
0
0
0
0
0
0
0
0
0
0
0
0
0
-2.565
0
0
0
0
0
0
0
0
0
0
0
0
0
0
0
0
0
0
0
0
0
0
-4.1506
0
0
0
0
0
0
0
0
0
0
0
0
0
0
0
0
0
0
0
0
0
0
0
0
0
0
0
0
0
0
0
0
0
0
0
-2.1463
-2.1758
0
0
0
0
0
0
0
0
0
0
0
0
0
0
0
0
0
0
13.787
0
0
0
0
0
0
0
0
0
0
0
-3.2782
-2.9383
0
0
-3.2484
0
0
0
0
0
0
0
0
0
0
0
0
0
0
0
0
0
0
0
0
0
0
0
0
0
0
0
0
0
0
0
0
0
0
0
0
0
0
0
0
0
0
0
-1.6157
0
0
0
0
0
0
0
0
0
0
0
0
0
0
0
0
0
0
0
0
0
0
0
0
0
0
0
0
0
0
0
0
0
0
0
0
0
0
0
0
0
11.1271
0
0
0
0
0
0
0
0
0
0
0
0
0
0
-3.5907
-2.9388
0
0
0
0
0
0
0
0
0
0
0
-2.9819
0
0
0
0
0
0
0
0
0
0
0
0
0
0
0
0
0
0
0
0
0
0
0
0
0
0
0
0
0
0
0
0
0
0
0
0
0
0
0
0
0
0
0
0
0
0
0
0
0
0
0
0
0
0
-2.1725
0
0
0
0
0
0
0
0
0
0
0
0
0
0
0
0
0
0
12.6127
0
0
-3.7156
0
0
0
0
0
0
0
0
0
0
0
0
0
0
0
0
-3.0222
0
0
0
0
0
0
0
0
0
0
0
0
-3.7024
0
0
0
0
0
0
0
0
0
0
0
0
0
0
0
0
0
-1.177
0
0
0
0
0
0
0
0
0
0
0
0
0
0
0
0
0
0
0
0
0
0
0
0
0
0
0
0
0
0
0
0
0
0
0
0
0
0
0
0
0
0
0
0
0
0
-1.2434
0
0
0
4.8359
0
0
0
0
0
0
0
0
0
0
0
0
0
0
0
0
0
0
0
0
0
0
0
0
0
0
0
-2.4155
0
0
0
0
0
0
0
0
0
0
0
0
0
0
0
0
0
0
0
0
0
0
0
0
0
0
0
0
0
0
0
0
0
0
0
0
0
0
0
0
0
0
0
0
0
0
0
0
0
0
0
0
0
0
-4.5054
0
0
0
0
0
0
0
0
0
0
0
0
0
0
0
0
0
0
11.1015
0
0
0
0
0
0
0
0
0
0
0
0
0
0
0
0
0
0
-3.2546
-3.3416
0
0
0
0
0
0
0
0
0
0
0
0
0
0
0
0
0
0
0
0
0
-2.9138
0
0
0
0
0
0
0
0
0
0
0
0
0
0
0
0
0
0
0
0
0
0
0
0
0
0
0
0
0
0
0
0
0
0
0
0
0
0
0
0
0
0
0
0
0
0
0
0
0
0
0
0
0
0
0
0
-3.7156
0
0
10.4917
0
0
0
0
0
0
0
0
0
0
0
0
0
0
0
0
0
-3.8623
0
0
0
0
0
0
0
0
0
0
0
0
0
0
0
0
0
0
0
0
0
0
0
0
0
0
0
0
0
0
0
0
-2.4222
0
0
0
0
0
0
0
0
0
0
0
0
0
0
0
0
0
0
0
0
0
0
0
0
0
0
0
0
0
0
0
0
0
0
0
0
0
-2.1612
0
0
0
0
0
0
0
0
0
0
0
0
7.8187
0
-3.2352
0
0
0
0
0
0
0
0
0
0
0
0
0
0
0
0
0
0
0
0
0
0
0
0
0
0
0
0
0
0
0
0
0
0
0
0
0
0
0
0
0
0
0
0
0
0
0
0
0
0
0
0
0
0
0
0
0
0
0
0
0
0
0
0
0
0
-4.4392
0
0
0
0
0
0
0
0
0
0
0
0
0
-4.3593
0
0
0
0
0
0
0
0
0
0
0
0
0
0
0
0
0
0
14.4788
0
0
0
0
0
0
0
0
0
0
0
0
0
0
0
0
0
0
0
0
0
0
-5.6803
0
0
0
0
0
0
0
0
0
0
0
0
0
0
0
0
0
0
0
0
0
0
0
0
0
0
0
0
0
0
0
0
0
0
0
-1.8795
0
0
0
0
0
0
0
0
0
0
0
0
0
0
0
0
0
0
0
0
0
0
0
0
0
0
0
0
0
0
0
0
0
0
0
0
0
0
0
0
-3.2352
0
5.7495
0
0
0
0
0
0
0
0
0
0
0
0
0
0
0
0
0
0
0
0
0
0
0
0
0
0
0
0
0
-0.63476
0
0
0
0
0
0
0
0
0
0
0
0
0
0
0
0
0
0
0
0
0
0
0
0
0
0
0
0
0
0
0
0
-3.7575
0
0
0
0
0
0
0
0
0
0
0
0
0
0
0
0
0
0
0
0
0
-3.4628
0
0
0
0
0
0
0
0
0
0
0
0
0
0
0
0
11.8677
0
0
0
0
0
0
0
0
0
0
0
0
0
0
0
0
0
0
0
0
0
0
0
0
0
0
0
0
0
0
0
0
-4.6474
0
0
0
0
0
0
0
0
0
0
0
0
0
0
0
0
0
0
0
0
0
0
0
0
0
0
0
0
0
0
0
0
0
-3.8692
0
0
0
0
0
0
0
0
0
0
0
0
0
0
0
0
0
0
0
0
0
0
0
0
0
0
0
0
0
0
0
0
0
0
10.9625
0
0
0
0
0
0
0
0
-3.5956
0
-3.4977
0
0
0
0
0
0
0
0
0
0
0
0
0
0
0
0
0
0
0
0
0
0
0
0
0
0
0
0
0
0
0
0
0
0
0
0
0
0
0
0
0
0
0
0
0
0
0
0
0
0
0
0
0
0
0
0
-2.5452
0
0
0
0
0
0
0
0
0
0
0
0
0
0
0
-2.4004
0
0
0
0
0
0
0
0
0
0
0
0
0
0
0
0
0
9.0995
0
0
0
0
0
0
0
0
0
0
0
0
0
0
0
0
0
0
0
0
-4.1539
0
0
0
0
0
0
0
0
0
0
0
0
0
0
0
0
0
0
0
0
0
0
0
0
0
0
0
0
0
0
0
0
0
0
0
0
0
0
0
0
0
0
0
0
0
0
0
0
0
0
0
0
0
0
0
0
0
0
0
0
0
0
-3.5521
0
0
0
0
0
-3.2782
0
0
0
0
0
0
0
0
0
0
0
10.6812
0
0
0
0
0
0
0
0
0
0
0
-3.8509
0
0
0
0
0
0
0
0
0
0
0
0
0
0
0
0
0
0
0
0
0
0
0
0
0
-3.2119
0
0
0
0
0
0
0
0
0
0
0
0
0
0
0
0
0
0
0
0
0
0
0
0
0
0
0
0
0
0
0
0
0
0
0
0
0
0
0
0
0
0
0
0
0
0
0
0
0
0
-2.9383
0
0
0
0
0
0
0
0
0
0
0
0
9.8601
0
0
0
0
0
0
0
-3.7098
0
0
0
0
0
0
0
0
0
0
0
0
0
0
0
0
0
0
0
0
0
0
0
0
0
-3.6891
0
0
0
0
0
0
0
0
0
0
0
0
0
0
0
0
0
0
0
0
0
0
0
0
0
0
0
0
0
0
0
0
0
0
0
0
0
0
0
0
0
0
0
0
0
0
0
0
0
0
0
0
0
0
0
0
0
0
0
0
0
0
0
0
0
0
0
7.4197
0
0
0
0
0
-3.7307
0
0
0
0
0
0
0
0
0
0
0
0
0
0
0
0
0
0
0
0
0
0
0
0
0
0
0
0
0
0
0
0
0
0
0
0
0
0
0
0
0
0
0
0
0
0
0
0
0
0
-3.6138
0
0
0
0
0
0
0
0
0
0
0
0
0
0
0
0
0
0
0
0
0
0
0
0
0
0
0
0
0
0
0
0
0
0
0
0
0
0
0
0
0
0
0
0
7.3736
0
0
0
0
-3.7598
0
0
0
0
0
0
0
0
0
0
0
0
0
0
0
0
0
0
0
0
0
0
0
0
0
0
0
0
0
0
0
0
0
0
0
0
0
0
0
0
0
0
0
0
0
0
0
0
0
0
0
0
0
0
0
0
0
0
0
0
0
0
0
0
0
0
0
0
0
0
0
0
0
0
0
0
0
0
0
0
-3.2484
-3.5907
0
0
0
0
0
0
0
0
0
0
0
0
0
0
6.8391
0
0
0
0
0
0
0
0
0
0
0
0
0
0
0
0
0
0
0
0
0
0
0
0
0
0
0
0
0
0
0
0
0
0
0
0
0
0
0
0
0
0
0
0
0
0
0
0
0
0
0
0
0
-2.2447
0
0
0
0
0
0
0
0
0
0
0
0
0
0
0
0
0
0
0
0
0
0
0
0
0
0
0
0
0
0
0
-2.9388
0
0
0
0
0
0
0
0
0
0
0
0
0
0
0
5.1835
0
0
0
0
0
0
0
0
0
0
0
0
0
0
0
0
0
0
0
0
0
0
0
0
0
0
0
0
-4.0097
0
0
0
0
0
0
0
0
0
0
0
0
0
0
0
0
0
0
0
0
0
0
0
0
0
0
0
0
0
0
0
0
0
0
0
0
0
0
0
0
0
0
0
0
0
0
0
0
0
0
0
0
0
0
0
0
0
0
0
0
0
0
0
0
0
0
0
0
0
0
0
0
7.5687
-3.559
0
0
0
0
0
0
0
0
0
0
0
0
0
0
0
0
0
0
0
0
0
0
0
0
0
0
0
0
0
0
0
0
0
0
0
0
0
0
0
0
0
0
0
0
0
0
0
0
0
0
0
0
0
0
0
0
0
0
0
0
0
0
0
0
0
0
0
0
0
0
0
0
0
0
0
0
0
0
0
0
0
0
0
0
0
0
0
0
0
0
0
-3.5956
0
0
0
0
0
0
0
-3.559
7.1546
0
0
0
0
0
0
0
0
0
0
0
0
0
0
0
0
0
0
0
0
0
0
0
0
0
0
0
0
0
0
0
0
0
0
0
0
0
0
0
0
0
0
0
0
0
0
0
0
0
0
0
0
0
0
0
0
0
0
0
0
0
0
0
0
0
0
0
0
0
0
0
0
0
0
0
0
0
0
0
0
0
0
0
0
0
0
0
0
0
0
0
0
0
0
0
-3.7307
-3.7598
0
0
0
0
7.4905
0
0
0
0
0
0
0
0
0
0
0
0
0
0
0
0
0
0
0
0
0
0
0
0
0
0
0
0
0
0
0
0
0
0
0
0
0
0
0
0
0
0
0
0
0
0
0
0
0
0
0
0
0
0
0
0
0
0
0
0
0
0
0
0
0
0
0
0
0
0
0
0
0
0
0
0
0
0
0
0
0
0
0
0
0
0
0
0
0
0
-3.4977
0
0
-3.7098
0
0
0
0
0
0
0
7.2076
0
0
0
0
0
0
0
0
0
0
0
0
0
0
0
0
0
0
0
0
0
0
0
0
0
0
0
0
0
0
0
0
0
0
0
0
0
0
0
0
0
0
0
0
0
0
0
0
0
0
0
0
0
0
0
0
0
0
0
0
0
0
0
0
0
0
0
0
0
0
0
0
0
0
0
0
0
0
-2.565
0
0
-3.0222
0
0
0
0
0
0
0
0
0
0
0
0
0
0
0
0
0
0
0
5.5872
0
0
0
0
0
0
0
0
0
0
0
0
0
0
0
0
0
0
0
0
0
0
0
0
0
0
0
0
0
0
0
0
0
0
0
0
0
0
0
0
0
0
0
0
0
0
0
0
0
0
0
0
0
0
0
0
0
0
0
0
0
0
0
0
0
0
0
0
0
0
0
0
0
0
0
0
0
0
0
0
0
0
-3.2546
-3.8623
0
0
0
0
0
0
0
0
0
0
0
0
0
0
0
0
0
7.1168
0
0
0
0
0
0
0
0
0
0
0
0
0
0
0
0
0
0
0
0
0
0
0
0
0
0
0
0
0
0
0
0
0
0
0
0
0
0
0
0
0
0
0
0
0
0
0
0
0
0
0
0
0
0
0
0
0
0
0
0
0
0
0
0
0
0
0
0
0
0
0
0
0
0
0
0
0
0
0
0
0
-3.3416
0
0
0
0
0
0
0
-3.8509
0
0
0
0
0
0
0
0
0
0
0
7.1924
0
0
0
0
0
0
0
0
0
0
0
0
0
0
0
0
0
0
0
0
0
0
0
0
0
0
0
0
0
0
0
0
0
0
0
0
0
0
0
0
0
0
0
0
0
0
0
0
0
0
0
0
0
0
0
0
0
0
-5.0806
0
0
0
0
0
0
0
0
0
0
0
0
0
0
0
0
0
0
0
0
0
0
0
0
0
0
0
0
0
0
0
0
0
0
0
0
0
0
0
0
0
0
5.0806
0
0
0
0
0
0
0
0
0
0
0
0
0
0
0
0
0
0
0
0
0
0
0
0
0
0
0
0
0
0
0
0
0
0
0
0
0
0
0
0
0
0
0
-7.5169
0
0
0
0
0
0
0
0
0
0
0
0
0
0
0
0
0
0
0
0
0
0
0
0
0
0
0
0
0
0
0
0
0
0
0
0
0
0
0
0
0
0
0
0
0
0
0
0
0
0
0
0
0
0
0
0
0
7.5169
0
0
0
0
0
0
0
0
0
0
0
0
0
0
0
0
0
0
0
0
0
0
0
0
0
0
0
0
0
0
0
0
0
0
0
0
0
0
0
0
0
0
-7.5167
0
0
0
0
0
0
0
0
0
0
0
0
0
0
0
0
0
0
0
0
0
0
0
0
0
0
0
0
0
0
0
0
0
0
0
0
0
0
0
0
0
0
0
0
0
0
0
0
0
0
0
0
0
0
0
0
0
0
7.5167
0
0
0
0
0
0
0
0
0
0
0
0
0
0
0
0
0
0
0
0
0
-7.6973
0
0
0
0
0
0
0
0
0
0
0
0
0
0
0
0
0
0
0
0
0
0
0
0
0
0
0
0
0
0
0
0
0
0
0
0
0
0
0
0
0
0
0
0
0
0
0
0
0
0
0
0
0
0
0
0
0
0
0
0
0
0
0
0
0
0
0
0
0
0
0
0
0
0
0
0
0
0
0
7.6973
0
0
0
0
0
0
0
0
0
0
0
0
0
0
0
0
0
0
0
0
0
0
0
0
0
0
0
0
0
0
0
0
0
0
0
0
0
0
0
0
0
0
0
0
0
0
0
0
0
0
0
0
0
0
0
0
0
0
0
0
0
0
0
0
0
0
0
0
0
0
0
0
0
-2.9819
0
0
0
0
0
0
0
0
0
0
0
0
0
0
0
0
0
0
0
0
0
0
0
0
0
0
0
2.9819
0
0
0
0
0
0
0
0
0
0
0
0
0
0
0
0
0
0
0
0
0
0
0
0
0
0
0
0
0
0
0
0
0
0
0
0
0
0
0
0
0
0
0
0
0
0
0
0
0
0
0
0
0
0
0
0
0
0
0
0
0
0
0
0
0
0
0
0
0
0
0
0
0
0
0
0
0
0
-5.6803
0
0
0
0
0
0
0
0
0
0
0
0
0
0
0
0
0
0
0
0
0
0
5.6803
0
0
0
0
0
0
0
0
0
0
0
0
0
0
0
0
0
0
0
0
0
0
0
0
0
0
0
0
0
0
0
0
0
0
0
0
0
0
0
0
0
0
0
0
0
0
0
0
0
0
0
0
0
0
0
0
0
0
0
0
0
0
0
0
0
0
0
0
0
0
0
0
0
-2.4155
0
0
0
0
0
0
0
0
0
0
0
0
0
0
0
0
0
0
0
0
0
0
0
0
0
0
0
2.4155
0
0
0
0
0
0
0
0
0
0
0
0
0
0
0
0
0
0
0
0
0
0
0
0
0
0
0
0
0
0
0
0
0
0
0
0
0
0
0
0
0
0
0
0
0
0
0
0
0
0
0
0
0
0
0
0
0
0
0
0
0
0
0
0
0
0
0
0
0
0
0
0
0
0
0
0
0
0
0
0
-4.1539
0
0
0
0
0
0
0
0
0
0
0
0
0
0
0
0
0
0
0
0
4.1539
0
0
0
0
0
0
0
0
0
0
0
0
0
0
0
0
0
0
0
0
0
0
0
0
0
0
0
0
0
0
0
0
0
0
0
0
0
0
0
-6.7289
0
0
0
0
0
0
0
0
0
0
0
0
0
0
0
0
0
0
0
0
0
0
0
0
0
0
0
0
0
0
0
0
0
0
0
0
0
0
0
0
0
0
0
0
0
0
0
0
0
0
0
0
0
0
0
0
0
0
0
0
0
6.7289
0
0
0
0
0
0
0
0
0
0
0
0
0
0
0
0
0
0
-7.6643
0
0
0
0
0
0
0
0
0
0
0
0
0
0
0
0
0
0
0
0
0
0
0
0
0
0
0
0
0
0
0
0
0
0
0
0
0
0
0
0
0
0
0
0
0
0
0
0
0
0
0
0
0
0
0
0
0
0
0
0
0
0
0
0
0
0
0
0
0
0
0
0
0
0
0
0
0
0
0
0
0
0
7.6643
0
0
0
0
0
0
0
0
0
0
0
0
0
0
0
0
0
0
0
0
0
0
0
0
0
0
0
0
0
0
0
0
0
0
0
0
0
0
0
0
0
0
0
0
0
0
0
0
0
0
0
0
0
0
0
0
0
0
0
0
0
0
0
0
0
0
0
0
-3.7024
0
0
0
0
0
0
0
0
0
0
0
0
0
0
0
0
0
0
0
0
0
0
0
0
0
0
0
0
0
0
0
0
3.7024
0
0
0
0
0
0
0
0
0
0
0
0
0
0
0
0
0
0
0
0
0
0
0
0
0
0
0
0
0
0
0
0
0
0
0
0
0
0
-6.6024
0
0
0
0
0
0
0
0
0
0
0
0
0
0
0
0
0
0
0
0
0
0
0
0
0
0
0
0
0
0
0
0
0
0
0
0
0
0
0
0
0
0
0
0
0
0
0
0
0
0
0
0
0
0
0
0
0
0
0
0
0
0
6.6024
0
0
0
0
0
0
0
0
0
0
0
0
0
0
0
0
0
0
0
0
0
0
0
0
0
0
0
0
0
0
0
0
0
0
0
0
0
0
0
0
0
0
0
0
0
-5.5024
0
0
0
0
0
0
0
0
0
0
0
0
0
0
0
0
0
0
0
0
0
0
0
0
0
0
0
0
0
0
0
0
0
0
0
0
0
0
0
0
0
0
0
0
0
0
0
0
0
0
0
0
0
0
0
5.5024
0
0
0
0
0
0
0
0
0
0
0
0
0
0
0
0
0
0
0
0
0
0
0
0
0
0
0
0
0
0
0
0
0
0
0
0
0
0
0
0
0
0
0
0
0
0
0
0
0
0
0
0
0
0
0
0
0
0
0
0
0
0
0
0
0
0
0
0
0
0
0
-0.63476
0
0
0
0
0
0
0
0
0
0
0
0
0
0
0
0
0
0
0
0
0
0
0
0
0
0
0
0
0
0.63476
0
0
0
0
0
0
0
0
0
0
0
0
0
0
0
0
0
0
0
0
0
0
0
0
0
0
0
0
0
0
0
0
0
0
0
0
0
-6.3962
0
0
0
0
0
0
0
0
0
0
0
0
0
0
0
0
0
0
0
0
0
0
0
0
0
0
0
0
0
0
0
0
0
0
0
0
0
0
0
0
0
0
0
0
0
0
0
0
0
0
0
0
0
0
0
0
0
0
0
0
0
0
0
6.3962
0
0
0
0
0
0
0
0
-7.6682
0
0
0
0
0
0
0
0
0
0
0
0
0
0
0
0
0
0
0
0
0
0
0
0
0
0
0
0
0
0
0
0
0
0
0
0
0
0
0
0
0
0
0
0
0
0
0
0
0
0
0
0
0
0
0
0
0
0
0
0
0
0
0
0
0
0
0
0
0
0
0
0
0
0
0
0
0
0
0
0
0
0
0
0
0
0
0
0
0
0
0
0
7.6682
0
0
0
0
0
0
0
0
0
0
0
0
0
0
0
0
0
0
0
0
0
0
0
0
0
0
0
0
-7.5165
0
0
0
0
0
0
0
0
0
0
0
0
0
0
0
0
0
0
0
0
0
0
0
0
0
0
0
0
0
0
0
0
0
0
0
0
0
0
0
0
0
0
0
0
0
0
0
0
0
0
0
0
0
0
0
0
0
0
0
0
0
0
0
0
0
0
0
0
0
0
0
0
7.5165
0
0
0
0
0
0
0
0
0
0
0
0
0
0
0
0
0
0
0
0
0
0
0
0
0
0
0
0
0
0
0
0
0
0
0
0
0
0
0
0
0
0
0
0
0
0
0
0
0
0
0
0
0
0
0
0
0
0
0
0
0
0
0
0
0
0
0
0
-4.6474
0
0
0
0
0
0
0
0
0
0
0
0
0
0
0
0
0
0
0
0
0
0
0
0
0
0
0
0
0
0
0
0
4.6474
0
0
0
0
0
0
0
0
-7.6545
0
0
0
0
0
0
0
0
0
0
0
0
0
0
0
0
0
0
0
0
0
0
0
0
0
0
0
0
0
0
0
0
0
0
0
0
0
0
0
0
0
0
0
0
0
0
0
0
0
0
0
0
0
0
0
0
0
0
0
0
0
0
0
0
0
0
0
0
0
0
0
0
0
0
0
0
0
0
0
0
0
0
0
0
0
0
0
0
0
0
0
0
7.6545
0
0
0
0
0
0
0
0
0
0
0
0
0
0
0
0
0
0
0
0
0
0
0
0
0
0
0
0
0
0
0
0
0
0
0
0
0
0
0
0
0
0
0
0
0
0
-4.4184
0
0
0
0
0
0
0
0
0
0
0
0
0
0
0
0
0
0
0
0
0
0
0
0
0
0
0
0
0
0
0
0
0
0
0
0
0
0
0
0
0
0
0
0
0
0
0
0
0
0
0
0
0
0
4.4184
0
0
0
0
0
0
0
0
0
0
0
0
0
0
0
0
0
0
0
0
0
0
0
0
0
0
0
0
0
0
0
0
0
0
0
0
0
0
0
0
0
0
0
0
0
0
0
0
0
0
0
0
0
0
0
-4.1506
0
0
0
0
0
0
0
0
0
0
0
0
0
0
0
0
0
0
0
0
0
0
0
0
0
0
0
0
0
0
0
0
0
0
0
0
0
0
0
0
0
0
0
0
0
4.1506
