53.9274
-0.90609
-0.93363
-0.95005
-0.89482
-0.92556
-0.93163
-0.84802
-0.87449
-0.92446
-0.91413
-0.91871
-0.88078
-0.88964
-0.84585
-0.90578
-0.853
-0.83951
-0.85794
-0.82065
-0.76652
-0.83705
-0.80634
-0.94888
-0.76652
-0.863
-0.95365
-0.79075
-0.88278
-0.80274
-0.91358
-0.81678
-0.81211
-0.80911
-0.82675
-0.82592
-0.85881
-0.85152
-0.824
-0.8182
-0.84092
-0.8182
-0.88098
-0.8701
-0.84243
-0.88886
-0.88714
-0.78508
-0.78968
-0.82843
-0.87229
-0.92763
-0.88912
-0.87252
-1.0226
0
0
0
0
0
-3.0455
0
0
0
0
0
0
0
0
0
0
0
0
-4.1761
0
0
0
0
0
0
0
0
0
0
0
0
0
0
0
0
0
0
0
0
0
0
0
0
0
0
0
-0.90609
51.6342
-0.95137
-0.96731
-0.91865
-0.94355
-0.94945
-0.86711
-0.89446
-0.9444
-0.93268
-0.93876
-0.90082
-0.90974
-0.86452
-0.92588
-0.87197
-0.85841
-0.87692
-0.83939
-0.78348
-0.85592
-0.82493
-0.96358
-0.78128
-0.9009
-0.97608
-0.80915
-0.90084
-0.82221
-0.93591
-0.83562
-0.83173
-0.82767
-0.8456
-0.84604
-0.87866
-0.87047
-0.84694
-0.83698
-0.86204
-0.83696
-0.90012
-0.89
-0.8585
-0.90801
-0.90626
-0.81339
-0.80829
-0.85116
-0.89137
-0.94665
-0.90785
-0.89086
-1.0377
0
0
0
0
0
0
0
0
0
0
0
0
0
0
-3.8896
0
0
0
0
0
0
0
0
0
0
0
0
0
0
0
0
0
0
0
0
0
0
0
0
0
0
0
0
0
0
0
-0.93363
-0.95137
57.066
-1.0248
-0.94399
-0.99756
-1.0048
-0.88999
-0.91657
-0.96692
-0.95469
-0.96109
-0.9229
-0.93179
-0.887
-0.948
-0.89587
-0.88228
-0.90083
-0.86326
-0.80471
-0.87979
-0.84888
-0.97401
-0.80374
-0.91519
-0.97759
-0.83309
-0.91543
-0.84539
-0.94993
-0.85899
-0.85598
-0.85099
-0.86899
-0.87104
-0.89513
-0.88583
-0.86945
-0.86026
-0.88385
-0.86027
-0.9238
-0.91382
-0.87427
-0.93162
-0.92986
-0.83687
-0.83248
-0.87895
-0.91548
-0.97267
-0.93461
-0.91876
-1.0358
0
0
0
0
0
0
0
0
0
0
0
0
0
0
0
0
0
0
0
0
0
0
0
0
0
0
0
0
0
0
0
0
0
0
0
0
0
0
0
0
-8.0811
0
0
0
0
0
-0.95005
-0.96731
-1.0248
57.9835
-0.9598
-1.0158
-1.0226
-0.90539
-0.932
-0.98266
-0.97053
-0.97679
-0.93835
-0.94731
-0.90232
-0.96364
-0.9112
-0.89753
-0.91619
-0.87842
-0.8196
-0.89503
-0.86393
-0.98902
-0.81863
-0.93106
-0.99451
-0.8481
-0.93126
-0.86059
-0.96654
-0.87414
-0.87119
-0.86612
-0.88422
-0.88633
-0.91078
-0.90133
-0.88473
-0.87545
-0.89924
-0.87546
-0.93931
-0.92937
-0.88965
-0.94716
-0.94541
-0.85201
-0.84761
-0.89432
-0.93097
-0.9884
-0.95018
-0.93425
-1.0521
0
0
0
0
0
0
0
0
0
0
0
0
0
0
0
0
0
0
0
0
0
0
0
0
0
0
0
0
-8.1727
0
0
0
0
0
0
0
0
0
0
0
0
0
0
0
0
0
-0.89482
-0.91865
-0.94399
-0.9598
50.5278
-0.93622
-0.94206
-0.85669
-0.884
-0.93369
-0.92115
-0.92817
-0.89037
-0.89928
-0.85366
-0.9154
-0.86167
-0.84816
-0.86661
-0.82916
-0.77342
-0.84568
-0.81471
-0.95746
-0.7686
-0.8777
-0.9664
-0.79883
-0.89227
-0.81277
-0.92746
-0.82524
-0.82161
-0.81742
-0.83528
-0.83379
-0.86804
-0.86193
-0.83555
-0.82664
-0.85395
-0.82665
-0.88946
-0.88052
-0.84854
-0.8974
-0.89564
-0.79792
-0.79751
-0.83664
-0.8803
-0.93558
-0.89704
-0.88018
-1.029
0
0
0
0
0
0
0
0
0
0
0
0
0
-3.3371
0
0
0
0
0
0
0
0
0
0
0
0
0
0
0
0
0
0
0
0
0
0
0
0
0
0
0
0
0
0
0
0
-0.92556
-0.94355
-0.99756
-1.0158
-0.93622
56.6131
-0.99518
-0.88242
-0.90898
-0.95919
-0.94692
-0.95337
-0.9153
-0.92416
-0.87946
-0.94036
-0.88833
-0.87477
-0.89329
-0.85583
-0.79742
-0.87231
-0.84146
-0.96665
-0.79642
-0.9074
-0.96931
-0.82571
-0.90771
-0.8379
-0.94183
-0.85151
-0.84851
-0.84356
-0.8615
-0.86353
-0.88748
-0.87825
-0.86195
-0.8528
-0.87627
-0.85281
-0.91616
-0.90617
-0.86674
-0.92396
-0.92221
-0.82941
-0.82503
-0.87139
-0.90784
-0.9649
-0.92694
-0.91112
-1.0279
0
0
0
0
0
0
0
0
0
0
0
0
0
0
0
0
0
0
0
0
0
0
0
0
0
0
0
0
0
0
0
0
0
0
0
0
0
0
0
0
0
0
0
-8.0348
0
0
-0.93163
-0.94945
-1.0048
-1.0226
-0.94206
-0.99518
56.9534
-0.88813
-0.9147
-0.96501
-0.95278
-0.95918
-0.92102
-0.92991
-0.88513
-0.94613
-0.89401
-0.88043
-0.89898
-0.86142
-0.80291
-0.87794
-0.84704
-0.97219
-0.80192
-0.91327
-0.97554
-0.83126
-0.91353
-0.84355
-0.94793
-0.85713
-0.85413
-0.84916
-0.86714
-0.86919
-0.89324
-0.88396
-0.8676
-0.85843
-0.88196
-0.85843
-0.92191
-0.91192
-0.87242
-0.92972
-0.92797
-0.83504
-0.83063
-0.87708
-0.91358
-0.97075
-0.93273
-0.91688
-1.0339
0
0
0
0
0
0
0
0
0
0
0
0
0
0
0
0
0
0
0
0
0
0
0
0
0
0
0
0
0
0
0
0
0
0
-8.0687
0
0
0
0
0
0
0
0
0
0
0
-0.84802
-0.86711
-0.88999
-0.90539
-0.85669
-0.88242
-0.88813
44.6175
-0.82368
-0.87548
-0.86927
-0.86918
-0.82982
-0.83881
-0.79971
-0.85551
-0.81597
-0.80183
-0.82111
-0.78191
-0.72188
-0.79922
-0.76677
-0.90018
-0.71949
-0.8261
-0.9101
-0.74678
-0.83119
-0.7602
-0.87104
-0.77238
-0.76948
-0.76464
-0.78207
-0.78326
-0.81535
-0.8055
-0.78361
-0.77357
-0.79982
-0.77357
-0.83512
-0.82585
-0.79395
-0.84274
-0.84104
-0.74915
-0.746
-0.78899
-0.82602
-0.88057
-0.84271
-0.8265
0
0
0
0
-1.2226
0
0
0
0
0
0
0
0
0
0
0
0
0
0
0
0
0
0
0
0
0
0
0
0
0
0
0
0
0
0
0
0
0
0
0
0
0
0
0
0
0
0
-0.87449
-0.89446
-0.91657
-0.932
-0.884
-0.90898
-0.9147
-0.82368
45.7007
-0.90364
-0.89966
-0.89683
-0.85408
-0.86402
-0.82045
-0.88232
-0.83265
-0.81926
-0.8374
-0.80011
-0.74405
-0.81678
-0.78545
-0.92721
-0.74248
-0.87376
-0.93794
-0.77005
-0.86476
-0.78395
-0.91949
-0.79631
-0.79382
-0.78857
-0.80605
-0.80756
-0.8385
-0.82977
-0.80729
-0.7974
-0.82501
-0.79741
-0.85918
-0.85044
-0.81776
-0.8669
-0.86518
-0.7742
-0.77082
-0.81505
-0.85082
-0.90593
-0.8676
-0.85085
-0.99305
0
0
0
0
0
0
0
0
0
0
0
0
0
0
0
0
0
0
0
0
0
0
0
0
0
0
0
0
0
0
0
0
0
0
0
0
0
0
0
0
0
0
0
0
0
0
-0.92446
-0.9444
-0.96692
-0.98266
-0.93369
-0.95919
-0.96501
-0.87548
-0.90364
48.4392
-0.94764
-0.95292
-0.91058
-0.92015
-0.87282
-0.93814
-0.88319
-0.86944
-0.88818
-0.85008
-0.79325
-0.86692
-0.83534
-0.97737
-0.79176
-0.91828
-0.98687
-0.81998
-0.92181
-0.83614
-0.96423
-0.84721
-0.84534
-0.8393
-0.85752
-0.85973
-0.89522
-0.88374
-0.85945
-0.84885
-0.87835
-0.84885
-0.91243
-0.90462
-0.87085
-0.9203
-0.91855
-0.82534
-0.8221
-0.86747
-0.90345
-0.95929
-0.92002
-0.9028
-1.0478
0
0
0
0
0
0
0
0
0
0
0
0
0
0
0
0
0
0
0
0
0
0
0
0
0
0
0
0
0
0
0
0
0
0
0
0
0
0
0
0
0
0
0
0
0
0
-0.91413
-0.93268
-0.95469
-0.97053
-0.92115
-0.94692
-0.95278
-0.86927
-0.89966
-0.94764
49.3873
-0.94276
-0.90601
-0.91483
-0.86697
-0.93065
-0.8743
-0.86073
-0.87923
-0.84156
-0.78434
-0.85822
-0.82696
-0.96545
-0.78317
-0.89994
-0.97445
-0.81109
-0.90572
-0.82756
-0.94321
-0.83803
-0.83598
-0.83006
-0.84816
-0.85015
-0.88328
-0.87252
-0.84991
-0.83941
-0.86878
-0.83942
-0.90266
-0.89601
-0.85801
-0.91053
-0.9088
-0.81635
-0.80093
-0.85739
-0.89323
-0.9493
-0.91025
-0.89311
0
0
0
0
0
0
0
-2.5285
0
0
0
0
0
0
0
0
0
0
0
0
0
0
0
0
0
0
0
0
0
0
0
0
0
0
0
0
0
0
0
0
0
0
0
0
0
0
0
-0.91871
-0.93876
-0.96109
-0.97679
-0.92817
-0.95337
-0.95918
-0.86918
-0.89683
-0.95292
-0.94276
48.1164
-0.90377
-0.91334
-0.86645
-0.93133
-0.87707
-0.86338
-0.88202
-0.84405
-0.78733
-0.86087
-0.82931
-0.97149
-0.78585
-0.91394
-0.98134
-0.81399
-0.91518
-0.82991
-0.95946
-0.84112
-0.8392
-0.83327
-0.8514
-0.85352
-0.88852
-0.87732
-0.85322
-0.84273
-0.872
-0.84273
-0.9061
-0.89815
-0.86449
-0.91395
-0.91221
-0.81928
-0.81601
-0.86124
-0.89722
-0.953
-0.91383
-0.89669
-1.0414
0
0
0
0
0
0
0
0
0
0
0
0
0
0
0
0
0
0
0
0
0
0
0
0
0
0
0
0
0
0
0
0
0
0
0
0
0
0
0
0
0
0
0
0
0
0
-0.88078
-0.90082
-0.9229
-0.93835
-0.89037
-0.9153
-0.92102
-0.82982
-0.85408
-0.91058
-0.90601
-0.90377
46.0397
-0.87112
-0.82663
-0.88929
-0.83866
-0.82527
-0.84344
-0.80612
-0.75003
-0.82279
-0.79147
-0.93344
-0.74847
-0.87982
-0.94417
-0.77615
-0.87228
-0.79033
-0.92539
-0.80254
-0.80013
-0.7948
-0.81235
-0.81398
-0.84559
-0.8364
-0.81371
-0.80372
-0.83156
-0.80373
-0.86574
-0.85711
-0.82428
-0.87347
-0.87174
-0.78051
-0.77715
-0.82152
-0.85731
-0.91254
-0.87408
-0.85727
-0.9998
0
0
0
0
0
0
0
0
0
0
0
0
0
0
0
0
0
0
0
0
0
0
0
0
0
0
0
0
0
0
0
0
0
0
0
0
0
0
0
0
0
0
0
0
0
0
-0.88964
-0.90974
-0.93179
-0.94731
-0.89928
-0.92416
-0.92991
-0.83881
-0.86402
-0.92015
-0.91483
-0.91334
-0.87112
46.5202
-0.83575
-0.89886
-0.84744
-0.83399
-0.85227
-0.81478
-0.75858
-0.83149
-0.8001
-0.94229
-0.75707
-0.88818
-0.95291
-0.78485
-0.88175
-0.79948
-0.9336
-0.81144
-0.80912
-0.80367
-0.82137
-0.82313
-0.85571
-0.84591
-0.82284
-0.81272
-0.84094
-0.81274
-0.87509
-0.86665
-0.83362
-0.88284
-0.88111
-0.78948
-0.78613
-0.83071
-0.86653
-0.92192
-0.88329
-0.8664
-1.0094
0
0
0
0
0
0
0
0
0
0
0
0
0
0
0
0
0
0
0
0
0
0
0
0
0
0
0
0
0
0
0
0
0
0
0
0
0
0
0
0
0
0
0
0
0
0
-0.84585
-0.86452
-0.887
-0.90232
-0.85366
-0.87946
-0.88513
-0.79971
-0.82045
-0.87282
-0.86697
-0.86645
-0.82663
-0.83575
44.9363
-0.85267
-0.81105
-0.79723
-0.81603
-0.77766
-0.7189
-0.79469
-0.76273
-0.89809
-0.71669
-0.82476
-0.90802
-0.74387
-0.82746
-0.75641
-0.87025
-0.76937
-0.7664
-0.76165
-0.77897
-0.77959
-0.81079
-0.80203
-0.78014
-0.77046
-0.79664
-0.77047
-0.83181
-0.82185
-0.79096
-0.83949
-0.83776
-0.74588
-0.74303
-0.78629
-0.82298
-0.87753
-0.83975
-0.82354
0
0
-1.7057
0
0
0
0
0
0
0
0
0
0
0
0
0
0
0
0
0
0
0
0
0
0
0
0
0
0
0
0
0
0
0
0
0
0
0
0
0
0
0
0
0
0
0
0
-0.90578
-0.92588
-0.948
-0.96364
-0.9154
-0.94036
-0.94613
-0.85551
-0.88232
-0.93814
-0.93065
-0.93133
-0.88929
-0.89886
-0.85267
47.4018
-0.86372
-0.85015
-0.86863
-0.83089
-0.7744
-0.84764
-0.8162
-0.95845
-0.7729
-0.90296
-0.96875
-0.80091
-0.8996
-0.81623
-0.94819
-0.82781
-0.82568
-0.81995
-0.83792
-0.83986
-0.87379
-0.8632
-0.8396
-0.82926
-0.85804
-0.82926
-0.89218
-0.884
-0.85064
-0.9
-0.89824
-0.80591
-0.80259
-0.84752
-0.88343
-0.93909
-0.90012
-0.88309
-1.0271
0
0
0
0
0
0
0
0
0
0
0
0
0
0
0
0
0
0
0
0
0
0
0
0
0
0
0
0
0
0
0
0
0
0
0
0
0
0
0
0
0
0
0
0
0
0
-0.853
-0.87197
-0.89587
-0.9112
-0.86167
-0.88833
-0.89401
-0.81597
-0.83265
-0.88319
-0.8743
-0.87707
-0.83866
-0.84744
-0.81105
-0.86372
43.6107
-0.78382
-0.80653
-0.7625
-0.71688
-0.78097
-0.74677
-0.90707
-0.71818
-0.83326
-0.91222
-0.74802
-0.84433
-0.76746
-0.88128
-0.77607
-0.77444
-0.76864
-0.78702
-0.78964
-0.83533
-0.815
-0.78983
-0.77889
-0.80779
-0.77889
-0.84192
-0.83463
-0.80252
-0.84953
-0.8478
-0.75618
-0.75298
-0.79634
-0.83235
-0.88641
-0.84796
-0.83118
0
0
0
0
0
0
0
0
0
0
0
0
0
0
0
0
0
0
0
0
0
0
0
0
0
0
0
0
0
0
0
0
0
0
0
0
0
0
0
0
0
0
0
0
0
0
0
-0.83951
-0.85841
-0.88228
-0.89753
-0.84816
-0.87477
-0.88043
-0.80183
-0.81926
-0.86944
-0.86073
-0.86338
-0.82527
-0.83399
-0.79723
-0.85015
-0.78382
42.8936
-0.79058
-0.74582
-0.70354
-0.7642
-0.7304
-0.89348
-0.70493
-0.82001
-0.89863
-0.73469
-0.83175
-0.75351
-0.86803
-0.76261
-0.76076
-0.75525
-0.77349
-0.77602
-0.82302
-0.80083
-0.77615
-0.7654
-0.79377
-0.76539
-0.82807
-0.82063
-0.78885
-0.83565
-0.83393
-0.74285
-0.73967
-0.78275
-0.81863
-0.8724
-0.83419
-0.81753
0
0
0
0
0
0
0
0
0
0
0
0
0
0
0
0
0
0
0
0
0
0
0
0
0
0
0
0
0
0
0
0
0
0
0
0
0
0
0
0
0
0
0
0
0
0
0
-0.85794
-0.87692
-0.90083
-0.91619
-0.86661
-0.89329
-0.89898
-0.82111
-0.8374
-0.88818
-0.87923
-0.88202
-0.84344
-0.85227
-0.81603
-0.86863
-0.80653
-0.79058
43.8752
-0.76938
-0.72204
-0.78777
-0.7536
-0.91207
-0.7232
-0.83808
-0.91722
-0.75301
-0.84872
-0.77252
-0.88616
-0.78107
-0.77951
-0.7736
-0.79201
-0.79463
-0.83939
-0.82009
-0.79482
-0.78384
-0.81284
-0.78385
-0.84693
-0.83962
-0.80749
-0.85458
-0.85284
-0.76104
-0.75779
-0.80126
-0.83735
-0.89152
-0.85299
-0.83619
0
0
0
0
0
0
0
0
0
0
0
0
0
0
0
0
0
0
0
0
0
0
0
0
0
0
0
0
0
0
0
0
0
0
0
0
0
0
0
0
0
0
0
0
0
0
0
-0.82065
-0.83939
-0.86326
-0.87842
-0.82916
-0.85583
-0.86142
-0.78191
-0.80011
-0.85008
-0.84156
-0.84405
-0.80612
-0.81478
-0.77766
-0.83089
-0.7625
-0.74582
-0.76938
41.8968
-0.686
-0.74299
-0.71005
-0.87457
-0.68733
-0.8014
-0.87954
-0.71672
-0.81355
-0.73384
-0.84942
-0.7442
-0.74198
-0.73686
-0.75479
-0.75705
-0.80378
-0.7807
-0.75711
-0.74669
-0.77412
-0.74669
-0.80868
-0.80083
-0.76954
-0.81619
-0.81448
-0.72415
-0.72103
-0.76372
-0.79945
-0.85285
-0.815
-0.7985
0
0
0
0
0
0
0
0
0
0
0
0
0
0
0
0
0
0
0
0
0
0
0
0
0
0
0
0
0
0
0
0
0
0
0
0
0
0
0
0
0
0
0
0
0
0
0
-0.76652
-0.78348
-0.80471
-0.8196
-0.77342
-0.79742
-0.80291
-0.72188
-0.74405
-0.79325
-0.78434
-0.78733
-0.75003
-0.75858
-0.7189
-0.7744
-0.71688
-0.70354
-0.72204
-0.686
40.2562
-0.70118
-0.674
-0.81392
-0.63916
-0.74689
-0.82024
-0.66684
-0.74906
-0.67779
-0.79249
-0.69106
-0.6878
-0.68348
-0.69984
-0.70043
-0.72802
-0.71917
-0.70069
-0.69143
-0.71678
-0.69142
-0.75037
-0.7425
-0.70685
-0.75769
-0.75602
-0.66976
-0.66468
-0.70723
-0.74239
-0.79474
-0.75846
0
0
0
0
0
0
0
0
0
0
-2.0046
0
0
0
0
0
0
0
0
0
0
0
0
0
0
0
0
0
0
0
0
0
0
0
0
0
0
0
0
0
0
0
0
0
0
0
0
0
-0.83705
-0.85592
-0.87979
-0.89503
-0.84568
-0.87231
-0.87794
-0.79922
-0.81678
-0.86692
-0.85822
-0.86087
-0.82279
-0.83149
-0.79469
-0.84764
-0.78097
-0.7642
-0.78777
-0.74299
-0.70118
42.7631
-0.72764
-0.89101
-0.70259
-0.81759
-0.89613
-0.73232
-0.8294
-0.75096
-0.86561
-0.76016
-0.75828
-0.75282
-0.77103
-0.77353
-0.8206
-0.79823
-0.77365
-0.76294
-0.79121
-0.76295
-0.82554
-0.81807
-0.78631
-0.83311
-0.8314
-0.74039
-0.73721
-0.78026
-0.81613
-0.86984
-0.83168
-0.81504
0
0
0
0
0
0
0
0
0
0
0
0
0
0
0
0
0
0
0
0
0
0
0
0
0
0
0
0
0
0
0
0
0
0
0
0
0
0
0
0
0
0
0
0
0
0
0
-0.80634
-0.82493
-0.84888
-0.86393
-0.81471
-0.84146
-0.84704
-0.76677
-0.78545
-0.83534
-0.82696
-0.82931
-0.79147
-0.8001
-0.76273
-0.8162
-0.74677
-0.7304
-0.7536
-0.71005
-0.674
-0.72764
41.1454
-0.86025
-0.67489
-0.78719
-0.86504
-0.70361
-0.79953
-0.71866
-0.83524
-0.73061
-0.72824
-0.72325
-0.74085
-0.74285
-0.78759
-0.76545
-0.74287
-0.73271
-0.75939
-0.7327
-0.79403
-0.78574
-0.75498
-0.80154
-0.79983
-0.71012
-0.707
-0.74938
-0.78498
-0.83811
-0.80055
-0.78419
0
0
0
0
0
0
0
0
0
0
0
0
0
0
0
0
0
0
0
0
0
0
0
0
0
0
0
0
0
0
0
0
0
0
0
0
0
0
0
0
0
0
0
0
0
0
0
-0.94888
-0.96358
-0.97401
-0.98902
-0.95746
-0.96665
-0.97219
-0.90018
-0.92721
-0.97737
-0.96545
-0.97149
-0.93344
-0.94229
-0.89809
-0.95845
-0.90707
-0.89348
-0.91207
-0.87457
-0.81392
-0.89101
-0.86025
68.3945
-0.81199
-0.92925
-0.99605
-0.84375
-0.9112
-0.85695
-0.94893
-0.86966
-0.86683
-0.86158
-0.87975
-0.88221
-0.9038
-0.89138
-0.87964
-0.87103
-0.89391
-0.87104
-0.93517
-0.92614
-0.88113
-0.94308
-0.94132
-0.851
0
-0.89096
-0.92833
0
0
0
0
0
0
0
0
0
0
0
0
0
0
0
0
0
0
0
0
0
0
0
0
0
0
0
0
0
0
-7.9105
-7.9101
0
0
0
0
0
0
0
0
0
0
0
0
0
-7.9097
0
0
0
0
-0.76652
-0.78128
-0.80374
-0.81863
-0.7686
-0.79642
-0.80192
-0.71949
-0.74248
-0.79176
-0.78317
-0.78585
-0.74847
-0.75707
-0.71669
-0.7729
-0.71818
-0.70493
-0.7232
-0.68733
-0.63916
-0.70259
-0.67489
-0.81199
39.7151
-0.74182
-0.81734
-0.66577
-0.74467
-0.67239
-0.78642
-0.689
-0.68518
-0.68123
-0.69722
-0.69763
-0.7236
-0.71627
-0.69768
-0.68876
-0.71256
-0.68875
-0.74743
-0.7367
-0.70818
-0.75473
-0.75307
-0.66521
-0.66202
-0.70196
-0.73944
-0.79184
0
0
0
0
0
0
0
0
0
0
0
0
0
0
0
0
0
0
0
0
-2.331
0
0
0
0
0
0
0
0
0
0
0
0
0
0
0
0
0
0
0
0
0
0
0
0
0
0
0
0
-0.863
-0.9009
-0.91519
-0.93106
-0.8777
-0.9074
-0.91327
-0.8261
-0.87376
-0.91828
-0.89994
-0.91394
-0.87982
-0.88818
-0.82476
-0.90296
-0.83326
-0.82001
-0.83808
-0.8014
-0.74689
-0.81759
-0.78719
-0.92925
-0.74182
49.8662
-0.9358
-0.76879
-0.8562
-0.7796
-0.88774
-0.79417
-0.78794
-0.78718
-0.80432
-0.80212
-0.83345
-0.82783
-0.80388
-0.79571
-0.81528
-0.79571
-0.85774
-0.84627
-0.81849
-0.86575
-0.86403
-0.73512
-0.76608
-0.80563
-0.84971
0
0
0
0
0
0
0
0
0
0
0
0
0
-4.0163
0
0
0
0
0
-3.8136
0
0
0
0
0
0
0
0
0
0
0
0
0
0
0
0
0
0
0
0
0
0
0
0
0
0
0
0
0
0
-0.95365
-0.97608
-0.97759
-0.99451
-0.9664
-0.96931
-0.97554
-0.9101
-0.93794
-0.98687
-0.97445
-0.98134
-0.94417
-0.95291
-0.90802
-0.96875
-0.91222
-0.89863
-0.91722
-0.87954
-0.82024
-0.89613
-0.86504
-0.99605
-0.81734
-0.9358
52.9251
-0.84564
-0.9459
-0.85981
-0.98377
-0.87264
-0.86999
-0.86459
-0.8828
-0.88487
-0.91447
-0.90343
-0.88398
-0.87404
-0.89949
-0.87406
-0.93817
-0.92882
-0.89153
-0.94615
-0.94438
-0.85091
-0.84571
-0.89205
-0.92903
0
0
0
0
0
0
0
0
0
0
0
0
0
0
0
0
0
0
0
0
0
0
0
0
0
0
0
0
0
0
0
0
0
0
0
0
0
-7.0831
0
0
0
0
0
0
0
0
0
0
0
0
-0.79075
-0.80915
-0.83309
-0.8481
-0.79883
-0.82571
-0.83126
-0.74678
-0.77005
-0.81998
-0.81109
-0.81399
-0.77615
-0.78485
-0.74387
-0.80091
-0.74802
-0.73469
-0.75301
-0.71672
-0.66684
-0.73232
-0.70361
-0.84375
-0.66577
-0.76879
-0.84564
37.974
-0.7741
-0.70097
-0.81319
-0.71743
-0.70952
-0.70849
-0.72466
-0.72487
-0.75378
-0.74872
-0.72489
-0.7158
-0.73782
-0.71579
-0.77536
-0.76546
-0.73636
-0.78287
-0.78118
-0.69226
-0.68916
-0.73082
-0.7668
0
0
0
0
0
0
0
0
0
0
0
0
0
0
0
0
0
0
0
0
0
0
0
0
0
0
0
0
0
0
0
0
0
0
0
0
0
0
0
0
0
0
0
0
0
0
0
0
0
0
-0.88278
-0.90084
-0.91543
-0.93126
-0.89227
-0.90771
-0.91353
-0.83119
-0.86476
-0.92181
-0.90572
-0.91518
-0.87228
-0.88175
-0.82746
-0.8996
-0.84433
-0.83175
-0.84872
-0.81355
-0.74906
-0.8294
-0.79953
-0.9112
-0.74467
-0.8562
-0.9459
-0.7741
46.7733
-0.78236
-0.89277
-0.79948
-0.79454
-0.79123
-0.80817
-0.80853
-0.83033
-0.82126
-0.80778
-0.79933
-0.8216
-0.79933
-0.86142
-0.84931
-0.81301
-0.8693
-0.86758
-0.77651
0
0
0
0
0
0
0
0
0
0
0
0
0
0
0
0
0
0
0
0
0
0
0
0
0
0
0
0
0
0
0
0
0
0
0
0
0
0
0
0
0
0
0
-6.9675
0
0
0
0
0
0
0
0
0
-0.80274
-0.82221
-0.84539
-0.86059
-0.81277
-0.8379
-0.84355
-0.7602
-0.78395
-0.83614
-0.82756
-0.82991
-0.79033
-0.79948
-0.75641
-0.81623
-0.76746
-0.75351
-0.77252
-0.73384
-0.67779
-0.75096
-0.71866
-0.85695
-0.67239
-0.7796
-0.85981
-0.70097
-0.78236
40.9763
-0.82078
-0.72619
-0.72017
-0.71785
-0.73299
-0.73376
-0.75936
-0.75148
-0.73241
-0.72656
-0.74762
-0.72657
-0.78476
-0.71708
-0.74522
-0.79223
-0.79056
-0.70287
0
0
0
0
0
0
0
0
0
0
0
0
0
0
-4.6957
0
0
0
0
0
0
0
0
0
0
0
0
0
0
0
0
0
0
0
0
0
0
0
0
0
0
0
0
0
0
0
0
0
0
0
0
0
0
-0.91358
-0.93591
-0.94993
-0.96654
-0.92746
-0.94183
-0.94793
-0.87104
-0.91949
-0.96423
-0.94321
-0.95946
-0.92539
-0.9336
-0.87025
-0.94819
-0.88128
-0.86803
-0.88616
-0.84942
-0.79249
-0.86561
-0.83524
-0.94893
-0.78642
-0.88774
-0.98377
-0.81319
-0.89277
-0.82078
51.5562
-0.83768
-0.83113
-0.82986
-0.84731
-0.84753
-0.87192
-0.86314
-0.84531
-0.83856
-0.86371
-0.83856
-0.90196
-0.88759
-0.85444
-0.91045
-0.90872
0
0
0
0
0
0
0
0
0
0
0
0
0
0
0
0
0
0
-4.0205
0
0
0
0
0
0
0
0
0
0
0
0
0
0
0
0
0
0
0
0
0
0
0
0
0
0
0
0
-6.728
0
0
0
0
0
0
-0.81678
-0.83562
-0.85899
-0.87414
-0.82524
-0.85151
-0.85713
-0.77238
-0.79631
-0.84721
-0.83803
-0.84112
-0.80254
-0.81144
-0.76937
-0.82781
-0.77607
-0.76261
-0.78107
-0.7442
-0.69106
-0.76016
-0.73061
-0.86966
-0.689
-0.79417
-0.87264
-0.71743
-0.79948
-0.72619
-0.83768
36.9964
-0.73872
-0.73186
-0.74998
-0.74953
-0.77987
-0.77277
-0.75107
-0.74095
-0.76824
-0.74094
-0.80228
-0.7922
-0.76388
-0.81006
-0.80836
-0.71803
0
0
0
0
0
0
0
0
0
0
0
0
0
0
0
0
0
0
0
0
0
0
0
0
0
0
0
0
0
0
0
0
0
0
0
0
0
0
0
0
0
0
0
0
0
0
0
0
0
0
0
0
0
-0.81211
-0.83173
-0.85598
-0.87119
-0.82161
-0.84851
-0.85413
-0.76948
-0.79382
-0.84534
-0.83598
-0.8392
-0.80013
-0.80912
-0.7664
-0.82568
-0.77444
-0.76076
-0.77951
-0.74198
-0.6878
-0.75828
-0.72824
-0.86683
-0.68518
-0.78794
-0.86999
-0.70952
-0.79454
-0.72017
-0.83113
-0.73872
38.8201
-0.73071
-0.7475
-0.74646
-0.7747
-0.77437
-0.74715
-0.7385
-0.75924
-0.73851
-0.7997
-0.7871
-0.76038
-0.80825
-0.80656
0
0
0
0
0
0
0
0
0
0
0
0
0
0
0
0
0
0
0
-2.6855
0
0
0
0
0
0
0
0
0
0
0
0
0
0
0
0
0
0
0
0
0
0
0
0
0
0
0
0
0
0
0
0
0
0
-0.80911
-0.82767
-0.85099
-0.86612
-0.81742
-0.84356
-0.84916
-0.76464
-0.78857
-0.8393
-0.83006
-0.83327
-0.7948
-0.80367
-0.76165
-0.81995
-0.76864
-0.75525
-0.7736
-0.73686
-0.68348
-0.75282
-0.72325
-0.86158
-0.68123
-0.78718
-0.86459
-0.70849
-0.79123
-0.71785
-0.82986
-0.73186
-0.73071
35.923
-0.74252
-0.73563
-0.77265
-0.76507
-0.74322
-0.73288
-0.76126
-0.73288
-0.7949
-0.78306
-0.7563
-0.80293
-0.80124
0
0
0
0
0
0
0
0
0
0
0
0
0
0
0
0
0
0
0
0
0
0
0
0
0
0
0
0
0
0
0
0
0
0
0
0
0
0
0
0
0
0
0
0
0
0
0
0
0
0
0
0
0
0
-0.82675
-0.8456
-0.86899
-0.88422
-0.83528
-0.8615
-0.86714
-0.78207
-0.80605
-0.85752
-0.84816
-0.8514
-0.81235
-0.82137
-0.77897
-0.83792
-0.78702
-0.77349
-0.79201
-0.75479
-0.69984
-0.77103
-0.74085
-0.87975
-0.69722
-0.80432
-0.8828
-0.72466
-0.80817
-0.73299
-0.84731
-0.74998
-0.7475
-0.74252
34.2896
-0.76339
-0.7852
-0.78077
-0.75443
-0.74881
-0.77558
-0.74882
-0.80978
-0.80127
0
0
0
0
0
0
0
0
0
0
0
0
0
0
0
0
0
0
0
0
0
0
0
0
0
0
0
0
0
0
0
0
0
0
0
0
0
0
0
0
0
0
0
0
0
0
0
0
0
0
0
0
0
0
0
0
0
-0.82592
-0.84604
-0.87104
-0.88633
-0.83379
-0.86353
-0.86919
-0.78326
-0.80756
-0.85973
-0.85015
-0.85352
-0.81398
-0.82313
-0.77959
-0.83986
-0.78964
-0.77602
-0.79463
-0.75705
-0.70043
-0.77353
-0.74285
-0.88221
-0.69763
-0.80212
-0.88487
-0.72487
-0.80853
-0.73376
-0.84753
-0.74953
-0.74646
-0.73563
-0.76339
35.7597
-0.77552
-0.7782
-0.76029
-0.75502
-0.76587
-0.75502
-0.81347
0
0
0
0
0
0
0
0
0
0
0
0
-2.239
0
0
0
0
0
0
0
0
0
0
0
0
0
0
0
0
0
0
0
0
0
0
0
0
0
0
0
0
0
0
0
0
0
0
0
0
0
0
0
0
0
0
0
0
0
-0.85881
-0.87866
-0.89513
-0.91078
-0.86804
-0.88748
-0.89324
-0.81535
-0.8385
-0.89522
-0.88328
-0.88852
-0.84559
-0.85571
-0.81079
-0.87379
-0.83533
-0.82302
-0.83939
-0.80378
-0.72802
-0.8206
-0.78759
-0.9038
-0.7236
-0.83345
-0.91447
-0.75378
-0.83033
-0.75936
-0.87192
-0.77987
-0.7747
-0.77265
-0.7852
-0.77552
41.9739
-0.79304
-0.78116
-0.77494
-0.78737
-0.77493
0
0
0
0
0
0
0
0
0
0
0
0
0
-2.2769
0
0
0
0
0
0
0
0
0
0
0
0
0
0
0
0
0
0
0
0
0
0
0
0
0
0
0
0
0
0
0
0
0
0
0
0
-5.7703
0
0
0
0
0
0
0
0
-0.85152
-0.87047
-0.88583
-0.90133
-0.86193
-0.87825
-0.88396
-0.8055
-0.82977
-0.88374
-0.87252
-0.87732
-0.8364
-0.84591
-0.80203
-0.8632
-0.815
-0.80083
-0.82009
-0.7807
-0.71917
-0.79823
-0.76545
-0.89138
-0.71627
-0.82783
-0.90343
-0.74872
-0.82126
-0.75148
-0.86314
-0.77277
-0.77437
-0.76507
-0.78077
-0.7782
-0.79304
38.8781
-0.77576
-0.76981
-0.78758
-0.7698
0
0
0
0
0
0
0
0
0
0
0
0
0
0
0
0
0
0
0
0
0
0
0
0
0
0
0
0
0
0
0
0
0
0
0
0
0
0
-5.3383
0
0
0
0
0
0
0
0
0
0
0
0
0
0
0
0
0
0
0
0
-0.824
-0.84694
-0.86945
-0.88473
-0.83555
-0.86195
-0.8676
-0.78361
-0.80729
-0.85945
-0.84991
-0.85322
-0.81371
-0.82284
-0.78014
-0.8396
-0.78983
-0.77615
-0.79482
-0.75711
-0.70069
-0.77365
-0.74287
-0.87964
-0.69768
-0.80388
-0.88398
-0.72489
-0.80778
-0.73241
-0.84531
-0.75107
-0.74715
-0.74322
-0.75443
-0.76029
-0.78116
-0.77576
34.1598
-0.74767
0
-0.74768
0
0
0
0
0
0
0
0
0
0
0
0
0
0
0
-2.2407
0
0
0
0
0
0
0
0
0
0
0
0
0
0
0
0
0
0
0
0
0
0
0
0
0
0
0
0
0
0
0
0
0
0
0
0
0
0
0
0
0
0
0
-0.8182
-0.83698
-0.86026
-0.87545
-0.82664
-0.8528
-0.85843
-0.77357
-0.7974
-0.84885
-0.83941
-0.84273
-0.80372
-0.81272
-0.77046
-0.82926
-0.77889
-0.7654
-0.78384
-0.74669
-0.69143
-0.76294
-0.73271
-0.87103
-0.68876
-0.79571
-0.87404
-0.7158
-0.79933
-0.72656
-0.83856
-0.74095
-0.7385
-0.73288
-0.74881
-0.75502
-0.77494
-0.76981
-0.74767
32.3023
-0.76933
-0.70585
0
0
0
0
0
0
0
0
0
0
0
0
0
0
0
0
0
0
0
0
0
0
0
0
0
0
0
0
0
0
0
0
0
0
0
0
0
0
0
0
0
0
0
0
0
0
0
0
0
0
0
0
0
0
0
0
0
0
0
-0.84092
-0.86204
-0.88385
-0.89924
-0.85395
-0.87627
-0.88196
-0.79982
-0.82501
-0.87835
-0.86878
-0.872
-0.83156
-0.84094
-0.79664
-0.85804
-0.80779
-0.79377
-0.81284
-0.77412
-0.71678
-0.79121
-0.75939
-0.89391
-0.71256
-0.81528
-0.89949
-0.73782
-0.8216
-0.74762
-0.86371
-0.76824
-0.75924
-0.76126
-0.77558
-0.76587
-0.78737
-0.78758
0
-0.76933
37.327
-0.76933
0
0
0
0
0
0
0
0
0
0
0
0
0
0
0
0
0
-4.7659
0
0
0
0
0
0
0
0
0
0
0
0
0
0
0
0
0
0
0
0
0
0
0
0
0
0
0
0
0
0
0
0
0
0
0
0
0
0
0
0
0
-0.8182
-0.83696
-0.86027
-0.87546
-0.82665
-0.85281
-0.85843
-0.77357
-0.79741
-0.84885
-0.83942
-0.84273
-0.80373
-0.81274
-0.77047
-0.82926
-0.77889
-0.76539
-0.78385
-0.74669
-0.69142
-0.76295
-0.7327
-0.87104
-0.68875
-0.79571
-0.87406
-0.71579
-0.79933
-0.72657
-0.83856
-0.74094
-0.73851
-0.73288
-0.74882
-0.75502
-0.77493
-0.7698
-0.74768
-0.70585
-0.76933
32.3024
0
0
0
0
0
0
0
0
0
0
0
0
0
0
0
0
0
0
0
0
0
0
0
0
0
0
0
0
0
0
0
0
0
0
0
0
0
0
0
0
0
0
0
0
0
0
0
0
0
0
0
0
0
0
0
0
0
0
0
-0.88098
-0.90012
-0.9238
-0.93931
-0.88946
-0.91616
-0.92191
-0.83512
-0.85918
-0.91243
-0.90266
-0.9061
-0.86574
-0.87509
-0.83181
-0.89218
-0.84192
-0.82807
-0.84693
-0.80868
-0.75037
-0.82554
-0.79403
-0.93517
-0.74743
-0.85774
-0.93817
-0.77536
-0.86142
-0.78476
-0.90196
-0.80228
-0.7997
-0.7949
-0.80978
-0.81347
0
0
0
0
0
0
30.7697
0
0
0
0
0
0
0
0
0
0
0
0
0
0
0
0
0
0
0
0
0
0
0
0
0
0
0
0
0
0
0
0
0
0
0
0
0
0
0
0
0
0
0
0
0
0
0
0
0
0
0
0
0
0
0
0
0
0
-0.8701
-0.89
-0.91382
-0.92937
-0.88052
-0.90617
-0.91192
-0.82585
-0.85044
-0.90462
-0.89601
-0.89815
-0.85711
-0.86665
-0.82185
-0.884
-0.83463
-0.82063
-0.83962
-0.80083
-0.7425
-0.81807
-0.78574
-0.92614
-0.7367
-0.84627
-0.92882
-0.76546
-0.84931
-0.71708
-0.88759
-0.7922
-0.7871
-0.78306
-0.80127
0
0
0
0
0
0
0
0
34.1753
0
0
0
0
0
0
0
0
0
0
0
0
0
0
0
0
0
0
-4.6057
0
0
0
0
0
0
0
0
0
0
0
0
0
0
0
0
0
0
0
0
0
0
0
0
0
0
0
0
0
0
0
0
0
0
0
0
0
0
-0.84243
-0.8585
-0.87427
-0.88965
-0.84854
-0.86674
-0.87242
-0.79395
-0.81776
-0.87085
-0.85801
-0.86449
-0.82428
-0.83362
-0.79096
-0.85064
-0.80252
-0.78885
-0.80749
-0.76954
-0.70685
-0.78631
-0.75498
-0.88113
-0.70818
-0.81849
-0.89153
-0.73636
-0.81301
-0.74522
-0.85444
-0.76388
-0.76038
-0.7563
0
0
0
0
0
0
0
0
0
0
32.3827
0
0
0
0
0
0
0
0
0
0
0
0
0
0
0
0
0
0
0
0
0
0
0
0
0
0
0
0
0
0
0
0
0
0
0
0
0
0
0
0
0
0
0
0
0
0
0
0
0
0
0
0
0
0
-4.6801
0
-0.88886
-0.90801
-0.93162
-0.94716
-0.8974
-0.92396
-0.92972
-0.84274
-0.8669
-0.9203
-0.91053
-0.91395
-0.87347
-0.88284
-0.83949
-0.9
-0.84953
-0.83565
-0.85458
-0.81619
-0.75769
-0.83311
-0.80154
-0.94308
-0.75473
-0.86575
-0.94615
-0.78287
-0.8693
-0.79223
-0.91045
-0.81006
-0.80825
-0.80293
0
0
0
0
0
0
0
0
0
0
0
29.4111
0
0
0
0
0
0
0
0
0
0
0
0
0
0
0
0
0
0
0
0
0
0
0
0
0
0
0
0
0
0
0
0
0
0
0
0
0
0
0
0
0
0
0
0
0
0
0
0
0
0
0
0
0
0
0
-0.88714
-0.90626
-0.92986
-0.94541
-0.89564
-0.92221
-0.92797
-0.84104
-0.86518
-0.91855
-0.9088
-0.91221
-0.87174
-0.88111
-0.83776
-0.89824
-0.8478
-0.83393
-0.85284
-0.81448
-0.75602
-0.8314
-0.79983
-0.94132
-0.75307
-0.86403
-0.94438
-0.78118
-0.86758
-0.79056
-0.90872
-0.80836
-0.80656
-0.80124
0
0
0
0
0
0
0
0
0
0
0
0
29.3524
0
0
0
0
0
0
0
0
0
0
0
0
0
0
0
0
0
0
0
0
0
0
0
0
0
0
0
0
0
0
0
0
0
0
0
0
0
0
0
0
0
0
0
0
0
0
0
0
0
0
0
0
0
0
-0.78508
-0.81339
-0.83687
-0.85201
-0.79792
-0.82941
-0.83504
-0.74915
-0.7742
-0.82534
-0.81635
-0.81928
-0.78051
-0.78948
-0.74588
-0.80591
-0.75618
-0.74285
-0.76104
-0.72415
-0.66976
-0.74039
-0.71012
-0.851
-0.66521
-0.73512
-0.85091
-0.69226
-0.77651
-0.70287
0
-0.71803
0
0
0
0
0
0
0
0
0
0
0
0
0
0
0
27.6159
0
0
0
0
0
0
0
0
0
0
0
0
0
0
0
0
-3.6637
0
0
0
0
0
0
0
0
0
0
0
0
0
0
0
0
0
0
0
0
0
0
0
0
0
0
0
0
0
0
0
0
0
0
0
0
-0.78968
-0.80829
-0.83248
-0.84761
-0.79751
-0.82503
-0.83063
-0.746
-0.77082
-0.8221
-0.80093
-0.81601
-0.77715
-0.78613
-0.74303
-0.80259
-0.75298
-0.73967
-0.75779
-0.72103
-0.66468
-0.73721
-0.707
0
-0.66202
-0.76608
-0.84571
-0.68916
0
0
0
0
0
0
0
0
0
0
0
0
0
0
0
0
0
0
0
0
25.5911
0
0
0
0
0
0
0
0
0
0
0
0
-2.233
0
0
0
0
-2.5188
0
0
0
0
0
0
0
0
0
0
0
0
0
0
0
0
0
0
0
0
0
0
0
0
0
0
0
0
0
0
0
0
0
0
-0.82843
-0.85116
-0.87895
-0.89432
-0.83664
-0.87139
-0.87708
-0.78899
-0.81505
-0.86747
-0.85739
-0.86124
-0.82152
-0.83071
-0.78629
-0.84752
-0.79634
-0.78275
-0.80126
-0.76372
-0.70723
-0.78026
-0.74938
-0.89096
-0.70196
-0.80563
-0.89205
-0.73082
0
0
0
0
0
0
0
0
0
0
0
0
0
0
0
0
0
0
0
0
0
26.6491
0
0
0
0
0
0
0
0
0
0
0
0
0
0
0
0
0
-3.7326
0
0
0
0
0
0
0
0
0
0
0
0
0
0
0
0
0
0
0
0
0
0
0
0
0
0
0
0
0
0
0
0
0
-0.87229
-0.89137
-0.91548
-0.93097
-0.8803
-0.90784
-0.91358
-0.82602
-0.85082
-0.90345
-0.89323
-0.89722
-0.85731
-0.86653
-0.82298
-0.88343
-0.83235
-0.81863
-0.83735
-0.79945
-0.74239
-0.81613
-0.78498
-0.92833
-0.73944
-0.84971
-0.92903
-0.7668
0
0
0
0
0
0
0
0
0
0
0
0
0
0
0
0
0
0
0
0
0
0
23.9575
0
0
0
0
0
0
0
0
0
0
0
0
0
0
0
0
0
0
0
0
0
0
0
0
0
0
0
0
0
0
0
0
0
0
0
0
0
0
0
0
0
0
0
0
0
0
0
0
0
0
-0.92763
-0.94665
-0.97267
-0.9884
-0.93558
-0.9649
-0.97075
-0.88057
-0.90593
-0.95929
-0.9493
-0.953
-0.91254
-0.92192
-0.87753
-0.93909
-0.88641
-0.8724
-0.89152
-0.85285
-0.79474
-0.86984
-0.83811
0
-0.79184
0
0
0
0
0
0
0
0
0
0
0
0
0
0
0
0
0
0
0
0
0
0
0
0
0
0
21.8035
0
0
0
0
0
0
0
0
0
0
0
0
0
0
0
0
0
0
0
0
0
0
0
0
0
0
0
0
0
0
0
0
0
0
0
0
0
0
0
0
0
0
0
0
0
0
0
0
0
-0.88912
-0.90785
-0.93461
-0.95018
-0.89704
-0.92694
-0.93273
-0.84271
-0.8676
-0.92002
-0.91025
-0.91383
-0.87408
-0.88329
-0.83975
-0.90012
-0.84796
-0.83419
-0.85299
-0.815
-0.75846
-0.83168
-0.80055
0
0
0
0
0
0
0
0
0
0
0
0
0
0
0
0
0
0
0
0
0
0
0
0
0
0
0
0
0
20.1309
0
0
0
0
0
0
0
0
0
0
0
0
0
0
0
0
0
0
0
0
0
0
0
0
0
0
0
0
0
0
0
0
0
0
0
0
0
0
0
0
0
0
0
0
0
0
0
0
-0.87252
-0.89086
-0.91876
-0.93425
-0.88018
-0.91112
-0.91688
-0.8265
-0.85085
-0.9028
-0.89311
-0.89669
-0.85727
-0.8664
-0.82354
-0.88309
-0.83118
-0.81753
-0.83619
-0.7985
0
-0.81504
-0.78419
0
0
0
0
0
0
0
0
0
0
0
0
0
0
0
0
0
0
0
0
0
0
0
0
0
0
0
0
0
0
19.0075
0
0
0
0
0
0
0
0
0
0
0
0
0
0
0
0
0
0
0
0
0
0
0
0
0
0
0
0
0
0
0
0
0
0
0
0
0
0
0
0
0
0
0
0
0
0
0
-1.0226
-1.0377
-1.0358
-1.0521
-1.029
-1.0279
-1.0339
0
-0.99305
-1.0478
0
-1.0414
-0.9998
-1.0094
0
-1.0271
0
0
0
0
0
0
0
0
0
0
0
0
0
0
0
0
0
0
0
0
0
0
0
0
0
0
0
0
0
0
0
0
0
0
0
0
0
0
21.8272
0
0
0
-1.3127
0
0
0
0
0
0
0
0
0
0
0
0
0
0
0
0
0
0
-2.7615
0
0
0
0
0
0
0
0
0
0
0
0
0
0
0
0
0
0
0
0
0
0
-4.3954
0
0
0
0
0
0
0
0
0
0
0
0
0
0
0
0
0
0
0
0
0
0
0
0
0
0
0
0
0
0
0
0
0
0
0
-2.239
-2.2769
0
0
0
0
0
0
0
0
0
0
0
0
0
0
0
0
0
0
14.4076
0
0
0
0
0
0
0
0
0
0
0
-3.4484
-3.0409
0
0
-3.4023
0
0
0
0
0
0
0
0
0
0
0
0
0
0
0
0
0
0
0
0
0
0
0
0
0
0
0
0
0
0
0
0
0
0
0
0
0
0
0
0
0
0
0
-1.7057
0
0
0
0
0
0
0
0
0
0
0
0
0
0
0
0
0
0
0
0
0
0
0
0
0
0
0
0
0
0
0
0
0
0
0
0
0
0
0
0
0
11.6945
0
0
0
0
0
0
0
0
0
0
0
0
0
0
-3.7928
-3.0964
0
0
0
0
0
0
0
0
0
0
0
-3.0996
0
0
0
0
0
0
0
0
0
0
0
0
0
0
0
0
0
0
0
0
0
0
0
0
0
0
0
0
0
0
0
0
0
0
0
0
0
0
0
0
0
0
0
0
0
0
0
0
0
0
0
0
0
0
-2.2407
0
0
0
0
0
0
0
0
0
0
0
0
0
0
0
0
0
0
13.2278
0
0
-3.8659
0
0
0
0
0
0
0
0
0
0
0
0
0
0
0
0
-3.1855
0
0
0
0
0
0
0
0
0
0
0
0
-3.9358
0
0
0
0
0
0
0
0
0
0
0
0
0
0
0
0
0
-1.2226
0
0
0
0
0
0
0
0
0
0
0
0
0
0
0
0
0
0
0
0
0
0
0
0
0
0
0
0
0
0
0
0
0
0
0
0
0
0
0
0
0
0
0
0
0
0
-1.3127
0
0
0
5.0597
0
0
0
0
0
0
0
0
0
0
0
0
0
0
0
0
0
0
0
0
0
0
0
0
0
0
0
-2.5244
0
0
0
0
0
0
0
0
0
0
0
0
0
0
0
0
0
0
0
0
0
0
0
0
0
0
0
0
0
0
0
0
0
0
0
0
0
0
0
0
0
0
0
0
0
0
0
0
0
0
0
0
0
0
-4.7659
0
0
0
0
0
0
0
0
0
0
0
0
0
0
0
0
0
0
11.6817
0
0
0
0
0
0
0
0
0
0
0
0
0
0
0
0
0
0
-3.3999
-3.5159
0
0
0
0
0
0
0
0
0
0
0
0
0
0
0
0
0
0
0
0
0
-3.0455
0
0
0
0
0
0
0
0
0
0
0
0
0
0
0
0
0
0
0
0
0
0
0
0
0
0
0
0
0
0
0
0
0
0
0
0
0
0
0
0
0
0
0
0
0
0
0
0
0
0
0
0
0
0
0
0
-3.8659
0
0
10.9457
0
0
0
0
0
0
0
0
0
0
0
0
0
0
0
0
0
-4.0342
0
0
0
0
0
0
0
0
0
0
0
0
0
0
0
0
0
0
0
0
0
0
0
0
0
0
0
0
0
0
0
0
-2.5285
0
0
0
0
0
0
0
0
0
0
0
0
0
0
0
0
0
0
0
0
0
0
0
0
0
0
0
0
0
0
0
0
0
0
0
0
0
-2.233
0
0
0
0
0
0
0
0
0
0
0
0
8.1694
0
-3.4079
0
0
0
0
0
0
0
0
0
0
0
0
0
0
0
0
0
0
0
0
0
0
0
0
0
0
0
0
0
0
0
0
0
0
0
0
0
0
0
0
0
0
0
0
0
0
0
0
0
0
0
0
0
0
0
0
0
0
0
0
0
0
0
0
0
0
-4.6957
0
0
0
0
0
0
0
0
0
0
0
0
0
-4.6057
0
0
0
0
0
0
0
0
0
0
0
0
0
0
0
0
0
0
15.2939
0
0
0
0
0
0
0
0
0
0
0
0
0
0
0
0
0
0
0
0
0
0
-5.9925
0
0
0
0
0
0
0
0
0
0
0
0
0
0
0
0
0
0
0
0
0
0
0
0
0
0
0
0
0
0
0
0
0
0
0
-2.0046
0
0
0
0
0
0
0
0
0
0
0
0
0
0
0
0
0
0
0
0
0
0
0
0
0
0
0
0
0
0
0
0
0
0
0
0
0
0
0
0
-3.4079
0
6.0772
0
0
0
0
0
0
0
0
0
0
0
0
0
0
0
0
0
0
0
0
0
0
0
0
0
0
0
0
0
-0.66473
0
0
0
0
0
0
0
0
0
0
0
0
0
0
0
0
0
0
0
0
0
0
0
0
0
0
0
0
0
0
0
0
-4.0163
0
0
0
0
0
0
0
0
0
0
0
0
0
0
0
0
0
0
0
0
0
-3.6637
0
0
0
0
0
0
0
0
0
0
0
0
0
0
0
0
12.5799
0
0
0
0
0
0
0
0
0
0
0
0
0
0
0
0
0
0
0
0
0
0
0
0
0
0
0
0
0
0
0
0
-4.8998
0
0
0
0
0
0
0
0
0
0
0
0
0
0
0
0
0
0
0
0
0
0
0
0
0
0
0
0
0
0
0
0
0
-4.0205
0
0
0
0
0
0
0
0
0
0
0
0
0
0
0
0
0
0
0
0
0
0
0
0
0
0
0
0
0
0
0
0
0
0
11.4839
0
0
0
0
0
0
0
0
-3.7793
0
-3.6841
0
0
0
0
0
0
0
0
0
0
0
0
0
0
0
0
0
0
0
0
0
0
0
0
0
0
0
0
0
0
0
0
0
0
0
0
0
0
0
0
0
0
0
0
0
0
0
0
0
0
0
0
0
0
0
0
-2.6855
0
0
0
0
0
0
0
0
0
0
0
0
0
0
0
-2.5188
0
0
0
0
0
0
0
0
0
0
0
0
0
0
0
0
0
9.5672
0
0
0
0
0
0
0
0
0
0
0
0
0
0
0
0
0
0
0
0
-4.363
0
0
0
0
0
0
0
0
0
0
0
0
0
0
0
0
0
0
0
0
0
0
0
0
0
0
0
0
0
0
0
0
0
0
0
0
0
0
0
0
0
0
0
0
0
0
0
0
0
0
0
0
0
0
0
0
0
0
0
0
0
0
-3.7326
0
0
0
0
0
-3.4484
0
0
0
0
0
0
0
0
0
0
0
11.2263
0
0
0
0
0
0
0
0
0
0
0
-4.0452
0
0
0
0
0
0
0
0
0
0
0
0
0
0
0
0
0
0
0
0
0
0
0
0
0
-3.3371
0
0
0
0
0
0
0
0
0
0
0
0
0
0
0
0
0
0
0
0
0
0
0
0
0
0
0
0
0
0
0
0
0
0
0
0
0
0
0
0
0
0
0
0
0
0
0
0
0
0
-3.0409
0
0
0
0
0
0
0
0
0
0
0
0
10.2558
0
0
0
0
0
0
0
-3.8777
0
0
0
0
0
0
0
0
0
0
0
0
0
0
0
0
0
0
0
0
0
0
0
0
0
-3.8896
0
0
0
0
0
0
0
0
0
0
0
0
0
0
0
0
0
0
0
0
0
0
0
0
0
0
0
0
0
0
0
0
0
0
0
0
0
0
0
0
0
0
0
0
0
0
0
0
0
0
0
0
0
0
0
0
0
0
0
0
0
0
0
0
0
0
0
7.7892
0
0
0
0
0
-3.8996
0
0
0
0
0
0
0
0
0
0
0
0
0
0
0
0
0
0
0
0
0
0
0
0
0
0
0
0
0
0
0
0
0
0
0
0
0
0
0
0
0
0
0
0
0
0
0
0
0
0
-3.8136
0
0
0
0
0
0
0
0
0
0
0
0
0
0
0
0
0
0
0
0
0
0
0
0
0
0
0
0
0
0
0
0
0
0
0
0
0
0
0
0
0
0
0
0
7.7441
0
0
0
0
-3.9305
0
0
0
0
0
0
0
0
0
0
0
0
0
0
0
0
0
0
0
0
0
0
0
0
0
0
0
0
0
0
0
0
0
0
0
0
0
0
0
0
0
0
0
0
0
0
0
0
0
0
0
0
0
0
0
0
0
0
0
0
0
0
0
0
0
0
0
0
0
0
0
0
0
0
0
0
0
0
0
0
-3.4023
-3.7928
0
0
0
0
0
0
0
0
0
0
0
0
0
0
7.1951
0
0
0
0
0
0
0
0
0
0
0
0
0
0
0
0
0
0
0
0
0
0
0
0
0
0
0
0
0
0
0
0
0
0
0
0
0
0
0
0
0
0
0
0
0
0
0
0
0
0
0
0
0
-2.331
0
0
0
0
0
0
0
0
0
0
0
0
0
0
0
0
0
0
0
0
0
0
0
0
0
0
0
0
0
0
0
-3.0964
0
0
0
0
0
0
0
0
0
0
0
0
0
0
0
5.4273
0
0
0
0
0
0
0
0
0
0
0
0
0
0
0
0
0
0
0
0
0
0
0
0
0
0
0
0
-4.1761
0
0
0
0
0
0
0
0
0
0
0
0
0
0
0
0
0
0
0
0
0
0
0
0
0
0
0
0
0
0
0
0
0
0
0
0
0
0
0
0
0
0
0
0
0
0
0
0
0
0
0
0
0
0
0
0
0
0
0
0
0
0
0
0
0
0
0
0
0
0
0
0
7.907
-3.7309
0
0
0
0
0
0
0
0
0
0
0
0
0
0
0
0
0
0
0
0
0
0
0
0
0
0
0
0
0
0
0
0
0
0
0
0
0
0
0
0
0
0
0
0
0
0
0
0
0
0
0
0
0
0
0
0
0
0
0
0
0
0
0
0
0
0
0
0
0
0
0
0
0
0
0
0
0
0
0
0
0
0
0
0
0
0
0
0
0
0
0
-3.7793
0
0
0
0
0
0
0
-3.7309
7.5102
0
0
0
0
0
0
0
0
0
0
0
0
0
0
0
0
0
0
0
0
0
0
0
0
0
0
0
0
0
0
0
0
0
0
0
0
0
0
0
0
0
0
0
0
0
0
0
0
0
0
0
0
0
0
0
0
0
0
0
0
0
0
0
0
0
0
0
0
0
0
0
0
0
0
0
0
0
0
0
0
0
0
0
0
0
0
0
0
0
0
0
0
0
0
0
-3.8996
-3.9305
0
0
0
0
7.8301
0
0
0
0
0
0
0
0
0
0
0
0
0
0
0
0
0
0
0
0
0
0
0
0
0
0
0
0
0
0
0
0
0
0
0
0
0
0
0
0
0
0
0
0
0
0
0
0
0
0
0
0
0
0
0
0
0
0
0
0
0
0
0
0
0
0
0
0
0
0
0
0
0
0
0
0
0
0
0
0
0
0
0
0
0
0
0
0
0
0
-3.6841
0
0
-3.8777
0
0
0
0
0
0
0
7.5618
0
0
0
0
0
0
0
0
0
0
0
0
0
0
0
0
0
0
0
0
0
0
0
0
0
0
0
0
0
0
0
0
0
0
0
0
0
0
0
0
0
0
0
0
0
0
0
0
0
0
0
0
0
0
0
0
0
0
0
0
0
0
0
0
0
0
0
0
0
0
0
0
0
0
0
0
0
0
-2.7615
0
0
-3.1855
0
0
0
0
0
0
0
0
0
0
0
0
0
0
0
0
0
0
0
5.9469
0
0
0
0
0
0
0
0
0
0
0
0
0
0
0
0
0
0
0
0
0
0
0
0
0
0
0
0
0
0
0
0
0
0
0
0
0
0
0
0
0
0
0
0
0
0
0
0
0
0
0
0
0
0
0
0
0
0
0
0
0
0
0
0
0
0
0
0
0
0
0
0
0
0
0
0
0
0
0
0
0
0
-3.3999
-4.0342
0
0
0
0
0
0
0
0
0
0
0
0
0
0
0
0
0
7.4341
0
0
0
0
0
0
0
0
0
0
0
0
0
0
0
0
0
0
0
0
0
0
0
0
0
0
0
0
0
0
0
0
0
0
0
0
0
0
0
0
0
0
0
0
0
0
0
0
0
0
0
0
0
0
0
0
0
0
0
0
0
0
0
0
0
0
0
0
0
0
0
0
0
0
0
0
0
0
0
0
0
-3.5159
0
0
0
0
0
0
0
-4.0452
0
0
0
0
0
0
0
0
0
0
0
7.5612
0
0
0
0
0
0
0
0
0
0
0
0
0
0
0
0
0
0
0
0
0
0
0
0
0
0
0
0
0
0
0
0
0
0
0
0
0
0
0
0
0
0
0
0
0
0
0
0
0
0
0
0
0
0
0
0
0
0
-5.3383
0
0
0
0
0
0
0
0
0
0
0
0
0
0
0
0
0
0
0
0
0
0
0
0
0
0
0
0
0
0
0
0
0
0
0
0
0
0
0
0
0
0
5.3383
0
0
0
0
0
0
0
0
0
0
0
0
0
0
0
0
0
0
0
0
0
0
0
0
0
0
0
0
0
0
0
0
0
0
0
0
0
0
0
0
0
0
0
-7.9105
0
0
0
0
0
0
0
0
0
0
0
0
0
0
0
0
0
0
0
0
0
0
0
0
0
0
0
0
0
0
0
0
0
0
0
0
0
0
0
0
0
0
0
0
0
0
0
0
0
0
0
0
0
0
0
0
0
7.9105
0
0
0
0
0
0
0
0
0
0
0
0
0
0
0
0
0
0
0
0
0
0
0
0
0
0
0
0
0
0
0
0
0
0
0
0
0
0
0
0
0
0
-7.9101
0
0
0
0
0
0
0
0
0
0
0
0
0
0
0
0
0
0
0
0
0
0
0
0
0
0
0
0
0
0
0
0
0
0
0
0
0
0
0
0
0
0
0
0
0
0
0
0
0
0
0
0
0
0
0
0
0
0
7.9101
0
0
0
0
0
0
0
0
0
0
0
0
0
0
0
0
0
0
0
0
0
-8.1727
0
0
0
0
0
0
0
0
0
0
0
0
0
0
0
0
0
0
0
0
0
0
0
0
0
0
0
0
0
0
0
0
0
0
0
0
0
0
0
0
0
0
0
0
0
0
0
0
0
0
0
0
0
0
0
0
0
0
0
0
0
0
0
0
0
0
0
0
0
0
0
0
0
0
0
0
0
0
0
8.1727
0
0
0
0
0
0
0
0
0
0
0
0
0
0
0
0
0
0
0
0
0
0
0
0
0
0
0
0
0
0
0
0
0
0
0
0
0
0
0
0
0
0
0
0
0
0
0
0
0
0
0
0
0
0
0
0
0
0
0
0
0
0
0
0
0
0
0
0
0
0
0
0
0
-3.0996
0
0
0
0
0
0
0
0
0
0
0
0
0
0
0
0
0
0
0
0
0
0
0
0
0
0
0
3.0996
0
0
0
0
0
0
0
0
0
0
0
0
0
0
0
0
0
0
0
0
0
0
0
0
0
0
0
0
0
0
0
0
0
0
0
0
0
0
0
0
0
0
0
0
0
0
0
0
0
0
0
0
0
0
0
0
0
0
0
0
0
0
0
0
0
0
0
0
0
0
0
0
0
0
0
0
0
0
-5.9925
0
0
0
0
0
0
0
0
0
0
0
0
0
0
0
0
0
0
0
0
0
0
5.9925
0
0
0
0
0
0
0
0
0
0
0
0
0
0
0
0
0
0
0
0
0
0
0
0
0
0
0
0
0
0
0
0
0
0
0
0
0
0
0
0
0
0
0
0
0
0
0
0
0
0
0
0
0
0
0
0
0
0
0
0
0
0
0
0
0
0
0
0
0
0
0
0
0
-2.5244
0
0
0
0
0
0
0
0
0
0
0
0
0
0
0
0
0
0
0
0
0
0
0
0
0
0
0
2.5244
0
0
0
0
0
0
0
0
0
0
0
0
0
0
0
0
0
0
0
0
0
0
0
0
0
0
0
0
0
0
0
0
0
0
0
0
0
0
0
0
0
0
0
0
0
0
0
0
0
0
0
0
0
0
0
0
0
0
0
0
0
0
0
0
0
0
0
0
0
0
0
0
0
0
0
0
0
0
0
0
-4.363
0
0
0
0
0
0
0
0
0
0
0
0
0
0
0
0
0
0
0
0
4.363
0
0
0
0
0
0
0
0
0
0
0
0
0
0
0
0
0
0
0
0
0
0
0
0
0
0
0
0
0
0
0
0
0
0
0
0
0
0
0
-7.0831
0
0
0
0
0
0
0
0
0
0
0
0
0
0
0
0
0
0
0
0
0
0
0
0
0
0
0
0
0
0
0
0
0
0
0
0
0
0
0
0
0
0
0
0
0
0
0
0
0
0
0
0
0
0
0
0
0
0
0
0
0
7.0831
0
0
0
0
0
0
0
0
0
0
0
0
0
0
0
0
0
0
-8.0687
0
0
0
0
0
0
0
0
0
0
0
0
0
0
0
0
0
0
0
0
0
0
0
0
0
0
0
0
0
0
0
0
0
0
0
0
0
0
0
0
0
0
0
0
0
0
0
0
0
0
0
0
0
0
0
0
0
0
0
0
0
0
0
0
0
0
0
0
0
0
0
0
0
0
0
0
0
0
0
0
0
0
8.0687
0
0
0
0
0
0
0
0
0
0
0
0
0
0
0
0
0
0
0
0
0
0
0
0
0
0
0
0
0
0
0
0
0
0
0
0
0
0
0
0
0
0
0
0
0
0
0
0
0
0
0
0
0
0
0
0
0
0
0
0
0
0
0
0
0
0
0
0
-3.9358
0
0
0
0
0
0
0
0
0
0
0
0
0
0
0
0
0
0
0
0
0
0
0
0
0
0
0
0
0
0
0
0
3.9358
0
0
0
0
0
0
0
0
0
0
0
0
0
0
0
0
0
0
0
0
0
0
0
0
0
0
0
0
0
0
0
0
0
0
0
0
0
0
-6.9675
0
0
0
0
0
0
0
0
0
0
0
0
0
0
0
0
0
0
0
0
0
0
0
0
0
0
0
0
0
0
0
0
0
0
0
0
0
0
0
0
0
0
0
0
0
0
0
0
0
0
0
0
0
0
0
0
0
0
0
0
0
0
6.9675
0
0
0
0
0
0
0
0
0
0
0
0
0
0
0
0
0
0
0
0
0
0
0
0
0
0
0
0
0
0
0
0
0
0
0
0
0
0
0
0
0
0
0
0
0
-5.7703
0
0
0
0
0
0
0
0
0
0
0
0
0
0
0
0
0
0
0
0
0
0
0
0
0
0
0
0
0
0
0
0
0
0
0
0
0
0
0
0
0
0
0
0
0
0
0
0
0
0
0
0
0
0
0
5.7703
0
0
0
0
0
0
0
0
0
0
0
0
0
0
0
0
0
0
0
0
0
0
0
0
0
0
0
0
0
0
0
0
0
0
0
0
0
0
0
0
0
0
0
0
0
0
0
0
0
0
0
0
0
0
0
0
0
0
0
0
0
0
0
0
0
0
0
0
0
0
0
-0.66473
0
0
0
0
0
0
0
0
0
0
0
0
0
0
0
0
0
0
0
0
0
0
0
0
0
0
0
0
0
0.66473
0
0
0
0
0
0
0
0
0
0
0
0
0
0
0
0
0
0
0
0
0
0
0
0
0
0
0
0
0
0
0
0
0
0
0
0
0
-6.728
0
0
0
0
0
0
0
0
0
0
0
0
0
0
0
0
0
0
0
0
0
0
0
0
0
0
0
0
0
0
0
0
0
0
0
0
0
0
0
0
0
0
0
0
0
0
0
0
0
0
0
0
0
0
0
0
0
0
0
0
0
0
0
6.728
0
0
0
0
0
0
0
0
-8.0811
0
0
0
0
0
0
0
0
0
0
0
0
0
0
0
0
0
0
0
0
0
0
0
0
0
0
0
0
0
0
0
0
0
0
0
0
0
0
0
0
0
0
0
0
0
0
0
0
0
0
0
0
0
0
0
0
0
0
0
0
0
0
0
0
0
0
0
0
0
0
0
0
0
0
0
0
0
0
0
0
0
0
0
0
0
0
0
0
0
0
0
0
8.0811
0
0
0
0
0
0
0
0
0
0
0
0
0
0
0
0
0
0
0
0
0
0
0
0
0
0
0
0
-7.9097
0
0
0
0
0
0
0
0
0
0
0
0
0
0
0
0
0
0
0
0
0
0
0
0
0
0
0
0
0
0
0
0
0
0
0
0
0
0
0
0
0
0
0
0
0
0
0
0
0
0
0
0
0
0
0
0
0
0
0
0
0
0
0
0
0
0
0
0
0
0
0
0
7.9097
0
0
0
0
0
0
0
0
0
0
0
0
0
0
0
0
0
0
0
0
0
0
0
0
0
0
0
0
0
0
0
0
0
0
0
0
0
0
0
0
0
0
0
0
0
0
0
0
0
0
0
0
0
0
0
0
0
0
0
0
0
0
0
0
0
0
0
0
-4.8998
0
0
0
0
0
0
0
0
0
0
0
0
0
0
0
0
0
0
0
0
0
0
0
0
0
0
0
0
0
0
0
0
4.8998
0
0
0
0
0
0
0
0
-8.0348
0
0
0
0
0
0
0
0
0
0
0
0
0
0
0
0
0
0
0
0
0
0
0
0
0
0
0
0
0
0
0
0
0
0
0
0
0
0
0
0
0
0
0
0
0
0
0
0
0
0
0
0
0
0
0
0
0
0
0
0
0
0
0
0
0
0
0
0
0
0
0
0
0
0
0
0
0
0
0
0
0
0
0
0
0
0
0
0
0
0
0
0
8.0348
0
0
0
0
0
0
0
0
0
0
0
0
0
0
0
0
0
0
0
0
0
0
0
0
0
0
0
0
0
0
0
0
0
0
0
0
0
0
0
0
0
0
0
0
0
0
-4.6801
0
0
0
0
0
0
0
0
0
0
0
0
0
0
0
0
0
0
0
0
0
0
0
0
0
0
0
0
0
0
0
0
0
0
0
0
0
0
0
0
0
0
0
0
0
0
0
0
0
0
0
0
0
0
4.6801
0
0
0
0
0
0
0
0
0
0
0
0
0
0
0
0
0
0
0
0
0
0
0
0
0
0
0
0
0
0
0
0
0
0
0
0
0
0
0
0
0
0
0
0
0
0
0
0
0
0
0
0
0
0
0
-4.3954
0
0
0
0
0
0
0
0
0
0
0
0
0
0
0
0
0
0
0
0
0
0
0
0
0
0
0
0
0
0
0
0
0
0
0
0
0
0
0
0
0
0
0
0
0
4.3954
