53.9286
-0.90495
-0.93388
-0.95242
-0.89393
-0.9243
-0.93148
-0.84692
-0.87325
-0.92425
-0.91348
-0.91806
-0.87979
-0.8888
-0.8448
-0.90437
-0.85206
-0.83824
-0.85697
-0.81818
-0.76475
-0.8356
-0.80337
-0.94885
-0.76464
-0.86224
-0.95456
-0.78865
-0.88427
-0.80114
-0.91407
-0.81451
-0.80899
-0.80717
-0.82439
-0.82385
-0.85873
-0.84995
-0.82162
-0.81581
-0.83936
-0.81581
-0.88073
-0.86892
-0.83994
-0.88874
-0.88652
-0.78207
-0.78722
-0.82543
-0.87422
-0.9257
-0.89181
-0.87741
-1.0254
0
0
0
0
0
-3.0683
0
0
0
0
0
0
0
0
0
0
0
0
-4.2038
0
0
0
0
0
0
0
0
0
0
0
0
0
0
0
0
0
0
0
0
0
0
0
0
0
0
0
-0.90495
51.5809
-0.95094
-0.96896
-0.91708
-0.94167
-0.94865
-0.86532
-0.89253
-0.94352
-0.9313
-0.93744
-0.89913
-0.90821
-0.86275
-0.92379
-0.87035
-0.85645
-0.87527
-0.83622
-0.78098
-0.85378
-0.82126
-0.96285
-0.77861
-0.90005
-0.97571
-0.80634
-0.9016
-0.81992
-0.93513
-0.83265
-0.82791
-0.82502
-0.84253
-0.84325
-0.87785
-0.86823
-0.84398
-0.83387
-0.85971
-0.83385
-0.89915
-0.88813
-0.85527
-0.90718
-0.90493
-0.81008
-0.8051
-0.84743
-0.89259
-0.94395
-0.90979
-0.89501
-1.0396
0
0
0
0
0
0
0
0
0
0
0
0
0
0
-3.9231
0
0
0
0
0
0
0
0
0
0
0
0
0
0
0
0
0
0
0
0
0
0
0
0
0
0
0
0
0
0
0
-0.93388
-0.95094
57.1168
-1.029
-0.94377
-0.99772
-1.0064
-0.88942
-0.91591
-0.96729
-0.95455
-0.96101
-0.92249
-0.93153
-0.88647
-0.94717
-0.89552
-0.88159
-0.90046
-0.86136
-0.80337
-0.87892
-0.84647
-0.97423
-0.80227
-0.91536
-0.97828
-0.83154
-0.91739
-0.84435
-0.95063
-0.85728
-0.85343
-0.8496
-0.86718
-0.86956
-0.89545
-0.88468
-0.86772
-0.85842
-0.88283
-0.85842
-0.92412
-0.91323
-0.87212
-0.93208
-0.92981
-0.83479
-0.83049
-0.87661
-0.918
-0.97132
-0.93793
-0.92432
-1.0384
0
0
0
0
0
0
0
0
0
0
0
0
0
0
0
0
0
0
0
0
0
0
0
0
0
0
0
0
0
0
0
0
0
0
0
0
0
0
0
0
-8.1498
0
0
0
0
0
-0.95242
-0.96896
-1.029
58.1577
-0.96163
-1.0184
-1.0264
-0.90683
-0.93335
-0.98508
-0.97245
-0.97875
-0.93994
-0.94906
-0.90377
-0.96483
-0.91283
-0.89881
-0.9178
-0.87847
-0.82018
-0.89613
-0.86346
-0.99124
-0.81908
-0.93331
-0.99745
-0.84849
-0.93533
-0.86152
-0.96943
-0.87439
-0.8706
-0.86668
-0.88437
-0.88683
-0.91315
-0.90219
-0.88498
-0.87557
-0.90022
-0.87557
-0.94165
-0.9308
-0.8895
-0.94964
-0.94738
-0.85188
-0.84758
-0.89397
-0.93551
-0.98907
-0.95552
-0.94183
-1.0568
0
0
0
0
0
0
0
0
0
0
0
0
0
0
0
0
0
0
0
0
0
0
0
0
0
0
0
0
-8.2576
0
0
0
0
0
0
0
0
0
0
0
0
0
0
0
0
0
-0.89393
-0.91708
-0.94377
-0.96163
50.47
-0.93455
-0.94147
-0.85503
-0.8822
-0.93293
-0.91986
-0.92699
-0.88882
-0.89787
-0.852
-0.91344
-0.86018
-0.84633
-0.86509
-0.82613
-0.77105
-0.84368
-0.81117
-0.95694
-0.76595
-0.87684
-0.9662
-0.79616
-0.89323
-0.81066
-0.92722
-0.82241
-0.81795
-0.81492
-0.83236
-0.83108
-0.86737
-0.85991
-0.83271
-0.82367
-0.85192
-0.82369
-0.88862
-0.87884
-0.84547
-0.89671
-0.89444
-0.79453
-0.79443
-0.83297
-0.88163
-0.93302
-0.89913
-0.88448
-1.031
0
0
0
0
0
0
0
0
0
0
0
0
0
-3.3584
0
0
0
0
0
0
0
0
0
0
0
0
0
0
0
0
0
0
0
0
0
0
0
0
0
0
0
0
0
0
0
0
-0.9243
-0.94167
-0.99772
-1.0184
-0.93455
56.5781
-0.99486
-0.88045
-0.90691
-0.95812
-0.94533
-0.95186
-0.91347
-0.92248
-0.87752
-0.9381
-0.88658
-0.87268
-0.89151
-0.85255
-0.79472
-0.87005
-0.83768
-0.9655
-0.79359
-0.90612
-0.96845
-0.82279
-0.90824
-0.83548
-0.94099
-0.84842
-0.84458
-0.84079
-0.8583
-0.86066
-0.88637
-0.87568
-0.85883
-0.84957
-0.87384
-0.84957
-0.91505
-0.90416
-0.86318
-0.923
-0.92074
-0.82595
-0.82167
-0.86765
-0.90893
-0.96211
-0.92882
-0.91524
-1.0289
0
0
0
0
0
0
0
0
0
0
0
0
0
0
0
0
0
0
0
0
0
0
0
0
0
0
0
0
0
0
0
0
0
0
0
0
0
0
0
0
0
0
0
-8.0934
0
0
-0.93148
-0.94865
-1.0064
-1.0264
-0.94147
-0.99486
56.9816
-0.8872
-0.91367
-0.965
-0.95225
-0.95873
-0.92023
-0.92928
-0.88423
-0.94492
-0.89329
-0.87938
-0.89824
-0.85916
-0.80121
-0.8767
-0.84427
-0.97205
-0.80009
-0.91306
-0.97582
-0.82936
-0.91511
-0.84214
-0.94822
-0.85506
-0.85121
-0.8474
-0.86496
-0.86734
-0.89319
-0.88243
-0.86551
-0.85622
-0.88057
-0.85622
-0.92186
-0.91096
-0.8699
-0.92981
-0.92755
-0.8326
-0.82828
-0.87437
-0.91573
-0.96901
-0.93567
-0.92206
-1.036
0
0
0
0
0
0
0
0
0
0
0
0
0
0
0
0
0
0
0
0
0
0
0
0
0
0
0
0
0
0
0
0
0
0
-8.1348
0
0
0
0
0
0
0
0
0
0
0
-0.84692
-0.86532
-0.88942
-0.90683
-0.85503
-0.88045
-0.8872
44.5309
-0.82162
-0.87441
-0.86775
-0.86763
-0.82799
-0.83716
-0.79781
-0.85323
-0.81424
-0.79978
-0.81933
-0.77859
-0.71926
-0.79699
-0.76293
-0.89929
-0.71673
-0.82489
-0.90961
-0.74386
-0.8318
-0.75786
-0.87054
-0.76929
-0.76557
-0.76186
-0.77887
-0.78038
-0.81447
-0.80315
-0.78054
-0.77034
-0.79744
-0.77034
-0.83395
-0.82386
-0.79063
-0.84171
-0.83951
-0.74568
-0.74271
-0.78525
-0.82704
-0.87767
-0.8444
-0.83037
0
0
0
0
-1.2314
0
0
0
0
0
0
0
0
0
0
0
0
0
0
0
0
0
0
0
0
0
0
0
0
0
0
0
0
0
0
0
0
0
0
0
0
0
0
0
0
0
0
-0.87325
-0.89253
-0.91591
-0.93335
-0.8822
-0.90691
-0.91367
-0.82162
45.5991
-0.9024
-0.89799
-0.89511
-0.85208
-0.86222
-0.8184
-0.87987
-0.83076
-0.81705
-0.83546
-0.79665
-0.74127
-0.81438
-0.78148
-0.92618
-0.73955
-0.87237
-0.93731
-0.76697
-0.86522
-0.78145
-0.91879
-0.79306
-0.78976
-0.78564
-0.80269
-0.80454
-0.83747
-0.82727
-0.80406
-0.79401
-0.82254
-0.79402
-0.85787
-0.84832
-0.81427
-0.86573
-0.86351
-0.77057
-0.76736
-0.81118
-0.85167
-0.90288
-0.86917
-0.85462
-0.99446
0
0
0
0
0
0
0
0
0
0
0
0
0
0
0
0
0
0
0
0
0
0
0
0
0
0
0
0
0
0
0
0
0
0
0
0
0
0
0
0
0
0
0
0
0
0
-0.92425
-0.94352
-0.96729
-0.98508
-0.93293
-0.95812
-0.965
-0.87441
-0.9024
48.3921
-0.94704
-0.95253
-0.90959
-0.9193
-0.87176
-0.93677
-0.88227
-0.86819
-0.88723
-0.84759
-0.7914
-0.86548
-0.83232
-0.97737
-0.78975
-0.9178
-0.98726
-0.81785
-0.92398
-0.83462
-0.96448
-0.84493
-0.84225
-0.83734
-0.85515
-0.85771
-0.89529
-0.88226
-0.85721
-0.84643
-0.8769
-0.84644
-0.91219
-0.90355
-0.86836
-0.9202
-0.91794
-0.82266
-0.81961
-0.86461
-0.9054
-0.95732
-0.9227
-0.90769
-1.0504
0
0
0
0
0
0
0
0
0
0
0
0
0
0
0
0
0
0
0
0
0
0
0
0
0
0
0
0
0
0
0
0
0
0
0
0
0
0
0
0
0
0
0
0
0
0
-0.91348
-0.9313
-0.95455
-0.97245
-0.91986
-0.94533
-0.95225
-0.86775
-0.89799
-0.94704
49.3303
-0.94178
-0.90459
-0.91355
-0.86547
-0.92887
-0.87294
-0.85903
-0.87784
-0.83863
-0.78205
-0.85634
-0.82352
-0.96493
-0.78074
-0.89902
-0.97434
-0.80852
-0.9069
-0.82563
-0.94304
-0.83531
-0.83244
-0.82766
-0.84534
-0.84768
-0.88282
-0.87053
-0.84723
-0.83656
-0.86689
-0.83656
-0.90196
-0.89454
-0.85496
-0.90997
-0.90773
-0.81328
-0.79768
-0.85408
-0.89473
-0.94686
-0.91244
-0.8975
0
0
0
0
0
0
0
-2.5458
0
0
0
0
0
0
0
0
0
0
0
0
0
0
0
0
0
0
0
0
0
0
0
0
0
0
0
0
0
0
0
0
0
0
0
0
0
0
0
-0.91806
-0.93744
-0.96101
-0.97875
-0.92699
-0.95186
-0.95873
-0.86763
-0.89511
-0.95253
-0.94178
48.045
-0.90229
-0.91198
-0.86492
-0.92941
-0.87568
-0.86166
-0.8806
-0.8411
-0.78504
-0.85897
-0.82585
-0.97104
-0.78341
-0.91311
-0.9813
-0.81141
-0.91684
-0.82792
-0.95932
-0.83839
-0.83565
-0.83085
-0.84856
-0.85103
-0.88807
-0.87535
-0.85052
-0.83986
-0.87008
-0.83986
-0.90539
-0.89659
-0.86152
-0.91337
-0.91112
-0.81615
-0.81307
-0.85791
-0.8987
-0.95056
-0.91603
-0.90111
-1.0435
0
0
0
0
0
0
0
0
0
0
0
0
0
0
0
0
0
0
0
0
0
0
0
0
0
0
0
0
0
0
0
0
0
0
0
0
0
0
0
0
0
0
0
0
0
0
-0.87979
-0.89913
-0.92249
-0.93994
-0.88882
-0.91347
-0.92023
-0.82799
-0.85208
-0.90959
-0.90459
-0.90229
45.9511
-0.86959
-0.82483
-0.88708
-0.837
-0.82328
-0.84174
-0.8029
-0.74748
-0.82062
-0.78773
-0.93265
-0.74577
-0.87865
-0.94379
-0.7733
-0.87293
-0.78809
-0.92492
-0.79953
-0.7963
-0.79211
-0.80923
-0.81121
-0.84487
-0.83415
-0.81073
-0.80057
-0.82935
-0.80058
-0.8647
-0.85526
-0.82104
-0.87256
-0.87034
-0.77712
-0.77393
-0.8179
-0.85842
-0.90975
-0.8759
-0.8613
-1.0015
0
0
0
0
0
0
0
0
0
0
0
0
0
0
0
0
0
0
0
0
0
0
0
0
0
0
0
0
0
0
0
0
0
0
0
0
0
0
0
0
0
0
0
0
0
0
-0.8888
-0.90821
-0.93153
-0.94906
-0.89787
-0.92248
-0.92928
-0.83716
-0.86222
-0.9193
-0.91355
-0.91198
-0.86959
46.4399
-0.83412
-0.89674
-0.84594
-0.83216
-0.85073
-0.81172
-0.75618
-0.82948
-0.79652
-0.94166
-0.75451
-0.88714
-0.95267
-0.78215
-0.88246
-0.7974
-0.93327
-0.80857
-0.80545
-0.80112
-0.81841
-0.82052
-0.85518
-0.84384
-0.82002
-0.80973
-0.83889
-0.80974
-0.87422
-0.86497
-0.83054
-0.88211
-0.87988
-0.78624
-0.78306
-0.82724
-0.86781
-0.91929
-0.88529
-0.8706
-1.0113
0
0
0
0
0
0
0
0
0
0
0
0
0
0
0
0
0
0
0
0
0
0
0
0
0
0
0
0
0
0
0
0
0
0
0
0
0
0
0
0
0
0
0
0
0
0
-0.8448
-0.86275
-0.88647
-0.90377
-0.852
-0.87752
-0.88423
-0.79781
-0.8184
-0.87176
-0.86547
-0.86492
-0.82483
-0.83412
44.8577
-0.8504
-0.80931
-0.79519
-0.81425
-0.77437
-0.7163
-0.79247
-0.75892
-0.89718
-0.71394
-0.82356
-0.90752
-0.74096
-0.82805
-0.75408
-0.86968
-0.7663
-0.76251
-0.7589
-0.77579
-0.77672
-0.80989
-0.79968
-0.77709
-0.76725
-0.7943
-0.76726
-0.83067
-0.81987
-0.78767
-0.83847
-0.83625
-0.74242
-0.73976
-0.7826
-0.82401
-0.87467
-0.84146
-0.82743
0
0
-1.7217
0
0
0
0
0
0
0
0
0
0
0
0
0
0
0
0
0
0
0
0
0
0
0
0
0
0
0
0
0
0
0
0
0
0
0
0
0
0
0
0
0
0
0
0
-0.90437
-0.92379
-0.94717
-0.96483
-0.91344
-0.9381
-0.94492
-0.85323
-0.87987
-0.93677
-0.92887
-0.92941
-0.88708
-0.89674
-0.8504
47.2897
-0.8616
-0.8477
-0.86648
-0.82722
-0.7714
-0.84501
-0.81202
-0.95724
-0.76975
-0.90142
-0.96797
-0.79761
-0.90005
-0.81349
-0.94735
-0.82434
-0.82139
-0.81681
-0.83434
-0.83662
-0.87253
-0.86046
-0.83615
-0.82565
-0.85535
-0.82564
-0.89068
-0.88166
-0.84691
-0.89863
-0.89638
-0.80204
-0.7989
-0.84343
-0.88411
-0.93585
-0.90153
-0.88671
-1.0283
0
0
0
0
0
0
0
0
0
0
0
0
0
0
0
0
0
0
0
0
0
0
0
0
0
0
0
0
0
0
0
0
0
0
0
0
0
0
0
0
0
0
0
0
0
0
-0.85206
-0.87035
-0.89552
-0.91283
-0.86018
-0.88658
-0.89329
-0.81424
-0.83076
-0.88227
-0.87294
-0.87568
-0.837
-0.84594
-0.80931
-0.8616
43.5238
-0.78202
-0.80503
-0.75933
-0.71441
-0.77896
-0.74309
-0.90635
-0.71555
-0.83221
-0.9119
-0.74522
-0.84507
-0.7653
-0.88094
-0.7731
-0.77066
-0.76599
-0.78395
-0.78691
-0.83472
-0.81282
-0.78691
-0.77579
-0.80557
-0.77579
-0.8409
-0.8328
-0.79935
-0.84865
-0.84642
-0.75285
-0.74983
-0.79275
-0.83351
-0.88366
-0.8498
-0.8352
0
0
0
0
0
0
0
0
0
0
0
0
0
0
0
0
0
0
0
0
0
0
0
0
0
0
0
0
0
0
0
0
0
0
0
0
0
0
0
0
0
0
0
0
0
0
0
-0.83824
-0.85645
-0.88159
-0.89881
-0.84633
-0.87268
-0.87938
-0.79978
-0.81705
-0.86819
-0.85903
-0.86166
-0.82328
-0.83216
-0.79519
-0.8477
-0.78202
42.789
-0.78875
-0.7422
-0.70071
-0.76165
-0.72631
-0.89242
-0.70196
-0.81865
-0.89797
-0.73156
-0.83218
-0.75097
-0.86736
-0.75931
-0.75662
-0.75227
-0.77008
-0.77294
-0.82234
-0.79827
-0.77288
-0.76196
-0.79119
-0.76196
-0.82671
-0.81846
-0.78536
-0.83442
-0.83221
-0.7392
-0.7362
-0.77884
-0.81944
-0.8693
-0.83567
-0.82118
0
0
0
0
0
0
0
0
0
0
0
0
0
0
0
0
0
0
0
0
0
0
0
0
0
0
0
0
0
0
0
0
0
0
0
0
0
0
0
0
0
0
0
0
0
0
0
-0.85697
-0.87527
-0.90046
-0.9178
-0.86509
-0.89151
-0.89824
-0.81933
-0.83546
-0.88723
-0.87784
-0.8806
-0.84174
-0.85073
-0.81425
-0.86648
-0.80503
-0.78875
43.7867
-0.76621
-0.71954
-0.78573
-0.7499
-0.91132
-0.72054
-0.83701
-0.91688
-0.75018
-0.84944
-0.77032
-0.8858
-0.77807
-0.7757
-0.77093
-0.78891
-0.79187
-0.83869
-0.81787
-0.79187
-0.78071
-0.81059
-0.78072
-0.84588
-0.83776
-0.80429
-0.85367
-0.85143
-0.75767
-0.75461
-0.79764
-0.83849
-0.88874
-0.8548
-0.84019
0
0
0
0
0
0
0
0
0
0
0
0
0
0
0
0
0
0
0
0
0
0
0
0
0
0
0
0
0
0
0
0
0
0
0
0
0
0
0
0
0
0
0
0
0
0
0
-0.81818
-0.83622
-0.86136
-0.87847
-0.82613
-0.85255
-0.85916
-0.77859
-0.79665
-0.84759
-0.83863
-0.8411
-0.8029
-0.81172
-0.77437
-0.82722
-0.75933
-0.7422
-0.76621
41.7295
-0.68213
-0.73919
-0.70484
-0.8723
-0.6833
-0.79885
-0.87766
-0.71248
-0.81279
-0.73014
-0.84756
-0.73976
-0.7367
-0.73275
-0.75022
-0.7528
-0.8018
-0.77686
-0.75266
-0.7421
-0.7703
-0.7421
-0.80609
-0.7974
-0.76485
-0.81372
-0.81152
-0.71935
-0.71641
-0.75862
-0.79903
-0.84851
-0.81524
-0.80091
0
0
0
0
0
0
0
0
0
0
0
0
0
0
0
0
0
0
0
0
0
0
0
0
0
0
0
0
0
0
0
0
0
0
0
0
0
0
0
0
0
0
0
0
0
0
0
-0.76475
-0.78098
-0.80337
-0.82018
-0.77105
-0.79472
-0.80121
-0.71926
-0.74127
-0.7914
-0.78205
-0.78504
-0.74748
-0.75618
-0.7163
-0.7714
-0.71441
-0.70071
-0.71954
-0.68213
40.1415
-0.69819
-0.66988
-0.81215
-0.63587
-0.74503
-0.8189
-0.66332
-0.74881
-0.67476
-0.79117
-0.68735
-0.68323
-0.6801
-0.69601
-0.69692
-0.72638
-0.71619
-0.69699
-0.68758
-0.71377
-0.68758
-0.74846
-0.73989
-0.70279
-0.7559
-0.75375
-0.6658
-0.66082
-0.70293
-0.74261
-0.79109
-0.75932
0
0
0
0
0
0
0
0
0
0
-2.0245
0
0
0
0
0
0
0
0
0
0
0
0
0
0
0
0
0
0
0
0
0
0
0
0
0
0
0
0
0
0
0
0
0
0
0
0
0
-0.8356
-0.85378
-0.87892
-0.89613
-0.84368
-0.87005
-0.8767
-0.79699
-0.81438
-0.86548
-0.85634
-0.85897
-0.82062
-0.82948
-0.79247
-0.84501
-0.77896
-0.76165
-0.78573
-0.73919
-0.69819
42.6491
-0.72337
-0.88977
-0.69945
-0.81605
-0.89529
-0.72901
-0.82966
-0.74823
-0.86476
-0.75668
-0.75396
-0.74966
-0.76744
-0.77028
-0.81976
-0.79547
-0.7702
-0.75933
-0.78844
-0.75934
-0.82399
-0.81571
-0.78264
-0.83169
-0.82949
-0.73657
-0.73357
-0.77616
-0.81675
-0.86655
-0.83296
-0.8185
0
0
0
0
0
0
0
0
0
0
0
0
0
0
0
0
0
0
0
0
0
0
0
0
0
0
0
0
0
0
0
0
0
0
0
0
0
0
0
0
0
0
0
0
0
0
0
-0.80337
-0.82126
-0.84647
-0.86346
-0.81117
-0.83768
-0.84427
-0.76293
-0.78148
-0.83232
-0.82352
-0.82585
-0.78773
-0.79652
-0.75892
-0.81202
-0.74309
-0.72631
-0.7499
-0.70484
-0.66988
-0.72337
40.9527
-0.85749
-0.67054
-0.78415
-0.86265
-0.69898
-0.79826
-0.71444
-0.83288
-0.72574
-0.72252
-0.71871
-0.73582
-0.73813
-0.78504
-0.76105
-0.73794
-0.72766
-0.75505
-0.72765
-0.79093
-0.78178
-0.7498
-0.79855
-0.79636
-0.70486
-0.70192
-0.74381
-0.78405
-0.83326
-0.80028
-0.7861
0
0
0
0
0
0
0
0
0
0
0
0
0
0
0
0
0
0
0
0
0
0
0
0
0
0
0
0
0
0
0
0
0
0
0
0
0
0
0
0
0
0
0
0
0
0
0
-0.94885
-0.96285
-0.97423
-0.99124
-0.95694
-0.9655
-0.97205
-0.89929
-0.92618
-0.97737
-0.96493
-0.97104
-0.93265
-0.94166
-0.89718
-0.95724
-0.90635
-0.89242
-0.91132
-0.8723
-0.81215
-0.88977
-0.85749
68.5433
-0.81008
-0.92919
-0.99623
-0.84181
-0.912
-0.85559
-0.94884
-0.86757
-0.86391
-0.8598
-0.87755
-0.88036
-0.90434
-0.89
-0.87752
-0.86879
-0.89253
-0.8688
-0.93508
-0.92521
-0.87866
-0.94313
-0.94086
-0.84866
0
-0.88824
-0.93052
0
0
0
0
0
0
0
0
0
0
0
0
0
0
0
0
0
0
0
0
0
0
0
0
0
0
0
0
0
0
-7.9761
-7.9757
0
0
0
0
0
0
0
0
0
0
0
0
0
-7.9753
0
0
0
0
-0.76464
-0.77861
-0.80227
-0.81908
-0.76595
-0.79359
-0.80009
-0.71673
-0.73955
-0.78975
-0.78074
-0.78341
-0.74577
-0.75451
-0.71394
-0.76975
-0.71555
-0.70196
-0.72054
-0.6833
-0.63587
-0.69945
-0.67054
-0.81008
39.5857
-0.73975
-0.81584
-0.66207
-0.74426
-0.66918
-0.78497
-0.68511
-0.68026
-0.67768
-0.69321
-0.69395
-0.72186
-0.7133
-0.69378
-0.68474
-0.70926
-0.68473
-0.74534
-0.73384
-0.70414
-0.75276
-0.75063
-0.66101
-0.65799
-0.69747
-0.73949
-0.78799
0
0
0
0
0
0
0
0
0
0
0
0
0
0
0
0
0
0
0
0
-2.3454
0
0
0
0
0
0
0
0
0
0
0
0
0
0
0
0
0
0
0
0
0
0
0
0
0
0
0
0
-0.86224
-0.90005
-0.91536
-0.93331
-0.87684
-0.90612
-0.91306
-0.82489
-0.87237
-0.9178
-0.89902
-0.91311
-0.87865
-0.88714
-0.82356
-0.90142
-0.83221
-0.81865
-0.83701
-0.79885
-0.74503
-0.81605
-0.78415
-0.92919
-0.73975
49.8786
-0.93604
-0.76657
-0.85761
-0.77798
-0.88743
-0.79179
-0.7847
-0.78516
-0.80186
-0.79988
-0.83327
-0.82628
-0.80148
-0.79322
-0.81343
-0.79322
-0.85737
-0.84508
-0.81602
-0.86551
-0.86329
-0.73119
-0.76351
-0.80244
-0.85155
0
0
0
0
0
0
0
0
0
0
0
0
0
-4.0599
0
0
0
0
0
-3.847
0
0
0
0
0
0
0
0
0
0
0
0
0
0
0
0
0
0
0
0
0
0
0
0
0
0
0
0
0
0
-0.95456
-0.97571
-0.97828
-0.99745
-0.9662
-0.96845
-0.97582
-0.90961
-0.93731
-0.98726
-0.97434
-0.9813
-0.94379
-0.95267
-0.90752
-0.96797
-0.9119
-0.89797
-0.91688
-0.87766
-0.8189
-0.89529
-0.86265
-0.99623
-0.81584
-0.93604
52.9567
-0.84407
-0.94842
-0.85879
-0.98485
-0.87092
-0.86743
-0.86319
-0.88099
-0.88339
-0.91489
-0.90234
-0.88227
-0.87218
-0.89848
-0.8722
-0.93851
-0.92827
-0.88946
-0.94663
-0.94435
-0.84882
-0.8437
-0.88967
-0.93159
0
0
0
0
0
0
0
0
0
0
0
0
0
0
0
0
0
0
0
0
0
0
0
0
0
0
0
0
0
0
0
0
0
0
0
0
0
-7.1437
0
0
0
0
0
0
0
0
0
0
0
0
-0.78865
-0.80634
-0.83154
-0.84849
-0.79616
-0.82279
-0.82936
-0.74386
-0.76697
-0.81785
-0.80852
-0.81141
-0.7733
-0.78215
-0.74096
-0.79761
-0.74522
-0.73156
-0.75018
-0.71248
-0.66332
-0.72901
-0.69898
-0.84181
-0.66207
-0.76657
-0.84407
37.8271
-0.77362
-0.69754
-0.81165
-0.7135
-0.70477
-0.70485
-0.7205
-0.72106
-0.75182
-0.7452
-0.72087
-0.71161
-0.73443
-0.7116
-0.77311
-0.76244
-0.73216
-0.78075
-0.77858
-0.68791
-0.68498
-0.72615
-0.76677
0
0
0
0
0
0
0
0
0
0
0
0
0
0
0
0
0
0
0
0
0
0
0
0
0
0
0
0
0
0
0
0
0
0
0
0
0
0
0
0
0
0
0
0
0
0
0
0
0
0
-0.88427
-0.9016
-0.91739
-0.93533
-0.89323
-0.90824
-0.91511
-0.8318
-0.86522
-0.92398
-0.9069
-0.91684
-0.87293
-0.88246
-0.82805
-0.90005
-0.84507
-0.83218
-0.84944
-0.81279
-0.74881
-0.82966
-0.79826
-0.912
-0.74426
-0.85761
-0.94842
-0.77362
46.8575
-0.7824
-0.89442
-0.79882
-0.79305
-0.79089
-0.8074
-0.80811
-0.83164
-0.82111
-0.80711
-0.79853
-0.82162
-0.79853
-0.86276
-0.84977
-0.81196
-0.87079
-0.86856
-0.77553
0
0
0
0
0
0
0
0
0
0
0
0
0
0
0
0
0
0
0
0
0
0
0
0
0
0
0
0
0
0
0
0
0
0
0
0
0
0
0
0
0
0
0
-7.0289
0
0
0
0
0
0
0
0
0
-0.80114
-0.81992
-0.84435
-0.86152
-0.81066
-0.83548
-0.84214
-0.75786
-0.78145
-0.83462
-0.82563
-0.82792
-0.78809
-0.7974
-0.75408
-0.81349
-0.7653
-0.75097
-0.77032
-0.73014
-0.67476
-0.74823
-0.71444
-0.85559
-0.66918
-0.77798
-0.85879
-0.69754
-0.7824
40.9026
-0.8197
-0.72257
-0.71567
-0.71451
-0.72927
-0.73035
-0.75842
-0.74841
-0.7287
-0.7228
-0.74456
-0.7228
-0.78295
-0.71249
-0.74133
-0.79055
-0.78839
-0.69902
0
0
0
0
0
0
0
0
0
0
0
0
0
0
-4.7387
0
0
0
0
0
0
0
0
0
0
0
0
0
0
0
0
0
0
0
0
0
0
0
0
0
0
0
0
0
0
0
0
0
0
0
0
0
0
-0.91407
-0.93513
-0.95063
-0.96943
-0.92722
-0.94099
-0.94822
-0.87054
-0.91879
-0.96448
-0.94304
-0.95932
-0.92492
-0.93327
-0.86968
-0.94735
-0.88094
-0.86736
-0.8858
-0.84756
-0.79117
-0.86476
-0.83288
-0.94884
-0.78497
-0.88743
-0.98485
-0.81165
-0.89442
-0.8197
51.6051
-0.83596
-0.82855
-0.82848
-0.8455
-0.84606
-0.87236
-0.86205
-0.84355
-0.83672
-0.86283
-0.83671
-0.90228
-0.88695
-0.85237
-0.91092
-0.90868
0
0
0
0
0
0
0
0
0
0
0
0
0
0
0
0
0
0
-4.0441
0
0
0
0
0
0
0
0
0
0
0
0
0
0
0
0
0
0
0
0
0
0
0
0
0
0
0
0
-6.7816
0
0
0
0
0
0
-0.81451
-0.83265
-0.85728
-0.87439
-0.82241
-0.84842
-0.85506
-0.76929
-0.79306
-0.84493
-0.83531
-0.83839
-0.79953
-0.80857
-0.7663
-0.82434
-0.7731
-0.75931
-0.77807
-0.73976
-0.68735
-0.75668
-0.72574
-0.86757
-0.68511
-0.79179
-0.87092
-0.7135
-0.79882
-0.72257
-0.83596
36.8496
-0.73385
-0.72797
-0.74548
-0.74516
-0.77775
-0.76919
-0.7468
-0.73645
-0.76503
-0.73644
-0.79981
-0.78889
-0.75948
-0.80769
-0.80551
-0.71341
0
0
0
0
0
0
0
0
0
0
0
0
0
0
0
0
0
0
0
0
0
0
0
0
0
0
0
0
0
0
0
0
0
0
0
0
0
0
0
0
0
0
0
0
0
0
0
0
0
0
0
0
0
-0.80899
-0.82791
-0.85343
-0.8706
-0.81795
-0.84458
-0.85121
-0.76557
-0.78976
-0.84225
-0.83244
-0.83565
-0.7963
-0.80545
-0.76251
-0.82139
-0.77066
-0.75662
-0.7757
-0.7367
-0.68323
-0.75396
-0.72252
-0.86391
-0.68026
-0.7847
-0.86743
-0.70477
-0.79305
-0.71567
-0.82855
-0.73385
38.6625
-0.72616
-0.74232
-0.74152
-0.77179
-0.77016
-0.7419
-0.73326
-0.75402
-0.73327
-0.79634
-0.78279
-0.75507
-0.80503
-0.80286
0
0
0
0
0
0
0
0
0
0
0
0
0
0
0
0
0
0
0
-2.7085
0
0
0
0
0
0
0
0
0
0
0
0
0
0
0
0
0
0
0
0
0
0
0
0
0
0
0
0
0
0
0
0
0
0
-0.80717
-0.82502
-0.8496
-0.86668
-0.81492
-0.84079
-0.8474
-0.76186
-0.78564
-0.83734
-0.82766
-0.83085
-0.79211
-0.80112
-0.7589
-0.81681
-0.76599
-0.75227
-0.77093
-0.73275
-0.6801
-0.74966
-0.71871
-0.8598
-0.67768
-0.78516
-0.86319
-0.70485
-0.79089
-0.71451
-0.82848
-0.72797
-0.72616
35.796
-0.73834
-0.73204
-0.77076
-0.7617
-0.73935
-0.72877
-0.75804
-0.72877
-0.79277
-0.78034
-0.75245
-0.80093
-0.79876
0
0
0
0
0
0
0
0
0
0
0
0
0
0
0
0
0
0
0
0
0
0
0
0
0
0
0
0
0
0
0
0
0
0
0
0
0
0
0
0
0
0
0
0
0
0
0
0
0
0
0
0
0
0
-0.82439
-0.84253
-0.86718
-0.88437
-0.83236
-0.8583
-0.86496
-0.77887
-0.80269
-0.85515
-0.84534
-0.84856
-0.80923
-0.81841
-0.77579
-0.83434
-0.78395
-0.77008
-0.78891
-0.75022
-0.69601
-0.76744
-0.73582
-0.87755
-0.69321
-0.80186
-0.88099
-0.7205
-0.8074
-0.72927
-0.8455
-0.74548
-0.74232
-0.73834
34.1513
-0.75925
-0.78283
-0.77693
-0.74976
-0.74431
-0.77203
-0.74431
-0.80718
-0.79735
0
0
0
0
0
0
0
0
0
0
0
0
0
0
0
0
0
0
0
0
0
0
0
0
0
0
0
0
0
0
0
0
0
0
0
0
0
0
0
0
0
0
0
0
0
0
0
0
0
0
0
0
0
0
0
0
0
-0.82385
-0.84325
-0.86956
-0.88683
-0.83108
-0.86066
-0.86734
-0.78038
-0.80454
-0.85771
-0.84768
-0.85103
-0.81121
-0.82052
-0.77672
-0.83662
-0.78691
-0.77294
-0.79187
-0.7528
-0.69692
-0.77028
-0.73813
-0.88036
-0.69395
-0.79988
-0.88339
-0.72106
-0.80811
-0.73035
-0.84606
-0.74516
-0.74152
-0.73204
-0.75925
35.6534
-0.77316
-0.77458
-0.75635
-0.75084
-0.76235
-0.75084
-0.81126
0
0
0
0
0
0
0
0
0
0
0
0
-2.2541
0
0
0
0
0
0
0
0
0
0
0
0
0
0
0
0
0
0
0
0
0
0
0
0
0
0
0
0
0
0
0
0
0
0
0
0
0
0
0
0
0
0
0
0
0
-0.85873
-0.87785
-0.89545
-0.91315
-0.86737
-0.88637
-0.89319
-0.81447
-0.83747
-0.89529
-0.88282
-0.88807
-0.84487
-0.85518
-0.80989
-0.87253
-0.83472
-0.82234
-0.83869
-0.8018
-0.72638
-0.81976
-0.78504
-0.90434
-0.72186
-0.83327
-0.91489
-0.75182
-0.83164
-0.75842
-0.87236
-0.77775
-0.77179
-0.77076
-0.78283
-0.77316
42.0014
-0.79137
-0.77879
-0.77244
-0.78534
-0.77243
0
0
0
0
0
0
0
0
0
0
0
0
0
-2.294
0
0
0
0
0
0
0
0
0
0
0
0
0
0
0
0
0
0
0
0
0
0
0
0
0
0
0
0
0
0
0
0
0
0
0
0
-5.8207
0
0
0
0
0
0
0
0
-0.84995
-0.86823
-0.88468
-0.90219
-0.85991
-0.87568
-0.88243
-0.80315
-0.82727
-0.88226
-0.87053
-0.87535
-0.83415
-0.84384
-0.79968
-0.86046
-0.81282
-0.79827
-0.81787
-0.77686
-0.71619
-0.79547
-0.76105
-0.89
-0.7133
-0.82628
-0.90234
-0.7452
-0.82111
-0.74841
-0.86205
-0.76919
-0.77016
-0.7617
-0.77693
-0.77458
-0.79137
38.8187
-0.77182
-0.76583
-0.7838
-0.76582
0
0
0
0
0
0
0
0
0
0
0
0
0
0
0
0
0
0
0
0
0
0
0
0
0
0
0
0
0
0
0
0
0
0
0
0
0
0
-5.3805
0
0
0
0
0
0
0
0
0
0
0
0
0
0
0
0
0
0
0
0
-0.82162
-0.84398
-0.86772
-0.88498
-0.83271
-0.85883
-0.86551
-0.78054
-0.80406
-0.85721
-0.84723
-0.85052
-0.81073
-0.82002
-0.77709
-0.83615
-0.78691
-0.77288
-0.79187
-0.75266
-0.69699
-0.7702
-0.73794
-0.87752
-0.69378
-0.80148
-0.88227
-0.72087
-0.80711
-0.7287
-0.84355
-0.7468
-0.7419
-0.73935
-0.74976
-0.75635
-0.77879
-0.77182
34.0455
-0.74302
0
-0.74303
0
0
0
0
0
0
0
0
0
0
0
0
0
0
0
-2.2511
0
0
0
0
0
0
0
0
0
0
0
0
0
0
0
0
0
0
0
0
0
0
0
0
0
0
0
0
0
0
0
0
0
0
0
0
0
0
0
0
0
0
0
-0.81581
-0.83387
-0.85842
-0.87557
-0.82367
-0.84957
-0.85622
-0.77034
-0.79401
-0.84643
-0.83656
-0.83986
-0.80057
-0.80973
-0.76725
-0.82565
-0.77579
-0.76196
-0.78071
-0.7421
-0.68758
-0.75933
-0.72766
-0.86879
-0.68474
-0.79322
-0.87218
-0.71161
-0.79853
-0.7228
-0.83672
-0.73645
-0.73326
-0.72877
-0.74431
-0.75084
-0.77244
-0.76583
-0.74302
32.168
-0.76556
-0.70028
0
0
0
0
0
0
0
0
0
0
0
0
0
0
0
0
0
0
0
0
0
0
0
0
0
0
0
0
0
0
0
0
0
0
0
0
0
0
0
0
0
0
0
0
0
0
0
0
0
0
0
0
0
0
0
0
0
0
0
-0.83936
-0.85971
-0.88283
-0.90022
-0.85192
-0.87384
-0.88057
-0.79744
-0.82254
-0.8769
-0.86689
-0.87008
-0.82935
-0.83889
-0.7943
-0.85535
-0.80557
-0.79119
-0.81059
-0.7703
-0.71377
-0.78844
-0.75505
-0.89253
-0.70926
-0.81343
-0.89848
-0.73443
-0.82162
-0.74456
-0.86283
-0.76503
-0.75402
-0.75804
-0.77203
-0.76235
-0.78534
-0.7838
0
-0.76556
37.2734
-0.76556
0
0
0
0
0
0
0
0
0
0
0
0
0
0
0
0
0
-4.8094
0
0
0
0
0
0
0
0
0
0
0
0
0
0
0
0
0
0
0
0
0
0
0
0
0
0
0
0
0
0
0
0
0
0
0
0
0
0
0
0
0
-0.81581
-0.83385
-0.85842
-0.87557
-0.82369
-0.84957
-0.85622
-0.77034
-0.79402
-0.84644
-0.83656
-0.83986
-0.80058
-0.80974
-0.76726
-0.82564
-0.77579
-0.76196
-0.78072
-0.7421
-0.68758
-0.75934
-0.72765
-0.8688
-0.68473
-0.79322
-0.8722
-0.7116
-0.79853
-0.7228
-0.83671
-0.73644
-0.73327
-0.72877
-0.74431
-0.75084
-0.77243
-0.76582
-0.74303
-0.70028
-0.76556
32.1681
0
0
0
0
0
0
0
0
0
0
0
0
0
0
0
0
0
0
0
0
0
0
0
0
0
0
0
0
0
0
0
0
0
0
0
0
0
0
0
0
0
0
0
0
0
0
0
0
0
0
0
0
0
0
0
0
0
0
0
-0.88073
-0.89915
-0.92412
-0.94165
-0.88862
-0.91505
-0.92186
-0.83395
-0.85787
-0.91219
-0.90196
-0.90539
-0.8647
-0.87422
-0.83067
-0.89068
-0.8409
-0.82671
-0.84588
-0.80609
-0.74846
-0.82399
-0.79093
-0.93508
-0.74534
-0.85737
-0.93851
-0.77311
-0.86276
-0.78295
-0.90228
-0.79981
-0.79634
-0.79277
-0.80718
-0.81126
0
0
0
0
0
0
30.7305
0
0
0
0
0
0
0
0
0
0
0
0
0
0
0
0
0
0
0
0
0
0
0
0
0
0
0
0
0
0
0
0
0
0
0
0
0
0
0
0
0
0
0
0
0
0
0
0
0
0
0
0
0
0
0
0
0
0
-0.86892
-0.88813
-0.91323
-0.9308
-0.87884
-0.90416
-0.91096
-0.82386
-0.84832
-0.90355
-0.89454
-0.89659
-0.85526
-0.86497
-0.81987
-0.88166
-0.8328
-0.81846
-0.83776
-0.7974
-0.73989
-0.81571
-0.78178
-0.92521
-0.73384
-0.84508
-0.92827
-0.76244
-0.84977
-0.71249
-0.88695
-0.78889
-0.78279
-0.78034
-0.79735
0
0
0
0
0
0
0
0
34.1468
0
0
0
0
0
0
0
0
0
0
0
0
0
0
0
0
0
0
-4.6459
0
0
0
0
0
0
0
0
0
0
0
0
0
0
0
0
0
0
0
0
0
0
0
0
0
0
0
0
0
0
0
0
0
0
0
0
0
0
-0.83994
-0.85527
-0.87212
-0.8895
-0.84547
-0.86318
-0.8699
-0.79063
-0.81427
-0.86836
-0.85496
-0.86152
-0.82104
-0.83054
-0.78767
-0.84691
-0.79935
-0.78536
-0.80429
-0.76485
-0.70279
-0.78264
-0.7498
-0.87866
-0.70414
-0.81602
-0.88946
-0.73216
-0.81196
-0.74133
-0.85237
-0.75948
-0.75507
-0.75245
0
0
0
0
0
0
0
0
0
0
32.3183
0
0
0
0
0
0
0
0
0
0
0
0
0
0
0
0
0
0
0
0
0
0
0
0
0
0
0
0
0
0
0
0
0
0
0
0
0
0
0
0
0
0
0
0
0
0
0
0
0
0
0
0
0
0
-4.7248
0
-0.88874
-0.90718
-0.93208
-0.94964
-0.89671
-0.923
-0.92981
-0.84171
-0.86573
-0.9202
-0.90997
-0.91337
-0.87256
-0.88211
-0.83847
-0.89863
-0.84865
-0.83442
-0.85367
-0.81372
-0.7559
-0.83169
-0.79855
-0.94313
-0.75276
-0.86551
-0.94663
-0.78075
-0.87079
-0.79055
-0.91092
-0.80769
-0.80503
-0.80093
0
0
0
0
0
0
0
0
0
0
0
29.3812
0
0
0
0
0
0
0
0
0
0
0
0
0
0
0
0
0
0
0
0
0
0
0
0
0
0
0
0
0
0
0
0
0
0
0
0
0
0
0
0
0
0
0
0
0
0
0
0
0
0
0
0
0
0
0
-0.88652
-0.90493
-0.92981
-0.94738
-0.89444
-0.92074
-0.92755
-0.83951
-0.86351
-0.91794
-0.90773
-0.91112
-0.87034
-0.87988
-0.83625
-0.89638
-0.84642
-0.83221
-0.85143
-0.81152
-0.75375
-0.82949
-0.79636
-0.94086
-0.75063
-0.86329
-0.94435
-0.77858
-0.86856
-0.78839
-0.90868
-0.80551
-0.80286
-0.79876
0
0
0
0
0
0
0
0
0
0
0
0
29.3057
0
0
0
0
0
0
0
0
0
0
0
0
0
0
0
0
0
0
0
0
0
0
0
0
0
0
0
0
0
0
0
0
0
0
0
0
0
0
0
0
0
0
0
0
0
0
0
0
0
0
0
0
0
0
-0.78207
-0.81008
-0.83479
-0.85188
-0.79453
-0.82595
-0.8326
-0.74568
-0.77057
-0.82266
-0.81328
-0.81615
-0.77712
-0.78624
-0.74242
-0.80204
-0.75285
-0.7392
-0.75767
-0.71935
-0.6658
-0.73657
-0.70486
-0.84866
-0.66101
-0.73119
-0.84882
-0.68791
-0.77553
-0.69902
0
-0.71341
0
0
0
0
0
0
0
0
0
0
0
0
0
0
0
27.547
0
0
0
0
0
0
0
0
0
0
0
0
0
0
0
0
-3.6971
0
0
0
0
0
0
0
0
0
0
0
0
0
0
0
0
0
0
0
0
0
0
0
0
0
0
0
0
0
0
0
0
0
0
0
0
-0.78722
-0.8051
-0.83049
-0.84758
-0.79443
-0.82167
-0.82828
-0.74271
-0.76736
-0.81961
-0.79768
-0.81307
-0.77393
-0.78306
-0.73976
-0.7989
-0.74983
-0.7362
-0.75461
-0.71641
-0.66082
-0.73357
-0.70192
0
-0.65799
-0.76351
-0.8437
-0.68498
0
0
0
0
0
0
0
0
0
0
0
0
0
0
0
0
0
0
0
0
25.5377
0
0
0
0
0
0
0
0
0
0
0
0
-2.2444
0
0
0
0
-2.5389
0
0
0
0
0
0
0
0
0
0
0
0
0
0
0
0
0
0
0
0
0
0
0
0
0
0
0
0
0
0
0
0
0
0
-0.82543
-0.84743
-0.87661
-0.89397
-0.83297
-0.86765
-0.87437
-0.78525
-0.81118
-0.86461
-0.85408
-0.85791
-0.8179
-0.82724
-0.7826
-0.84343
-0.79275
-0.77884
-0.79764
-0.75862
-0.70293
-0.77616
-0.74381
-0.88824
-0.69747
-0.80244
-0.88967
-0.72615
0
0
0
0
0
0
0
0
0
0
0
0
0
0
0
0
0
0
0
0
0
26.5806
0
0
0
0
0
0
0
0
0
0
0
0
0
0
0
0
0
-3.7632
0
0
0
0
0
0
0
0
0
0
0
0
0
0
0
0
0
0
0
0
0
0
0
0
0
0
0
0
0
0
0
0
0
-0.87422
-0.89259
-0.918
-0.93551
-0.88163
-0.90893
-0.91573
-0.82704
-0.85167
-0.9054
-0.89473
-0.8987
-0.85842
-0.86781
-0.82401
-0.88411
-0.83351
-0.81944
-0.83849
-0.79903
-0.74261
-0.81675
-0.78405
-0.93052
-0.73949
-0.85155
-0.93159
-0.76677
0
0
0
0
0
0
0
0
0
0
0
0
0
0
0
0
0
0
0
0
0
0
23.9923
0
0
0
0
0
0
0
0
0
0
0
0
0
0
0
0
0
0
0
0
0
0
0
0
0
0
0
0
0
0
0
0
0
0
0
0
0
0
0
0
0
0
0
0
0
0
0
0
0
0
-0.9257
-0.94395
-0.97132
-0.98907
-0.93302
-0.96211
-0.96901
-0.87767
-0.90288
-0.95732
-0.94686
-0.95056
-0.90975
-0.91929
-0.87467
-0.93585
-0.88366
-0.8693
-0.88874
-0.84851
-0.79109
-0.86655
-0.83326
0
-0.78799
0
0
0
0
0
0
0
0
0
0
0
0
0
0
0
0
0
0
0
0
0
0
0
0
0
0
21.7381
0
0
0
0
0
0
0
0
0
0
0
0
0
0
0
0
0
0
0
0
0
0
0
0
0
0
0
0
0
0
0
0
0
0
0
0
0
0
0
0
0
0
0
0
0
0
0
0
0
-0.89181
-0.90979
-0.93793
-0.95552
-0.89913
-0.92882
-0.93567
-0.8444
-0.86917
-0.9227
-0.91244
-0.91603
-0.8759
-0.88529
-0.84146
-0.90153
-0.8498
-0.83567
-0.8548
-0.81524
-0.75932
-0.83296
-0.80028
0
0
0
0
0
0
0
0
0
0
0
0
0
0
0
0
0
0
0
0
0
0
0
0
0
0
0
0
0
20.1756
0
0
0
0
0
0
0
0
0
0
0
0
0
0
0
0
0
0
0
0
0
0
0
0
0
0
0
0
0
0
0
0
0
0
0
0
0
0
0
0
0
0
0
0
0
0
0
0
-0.87741
-0.89501
-0.92432
-0.94183
-0.88448
-0.91524
-0.92206
-0.83037
-0.85462
-0.90769
-0.8975
-0.90111
-0.8613
-0.8706
-0.82743
-0.88671
-0.8352
-0.82118
-0.84019
-0.80091
0
-0.8185
-0.7861
0
0
0
0
0
0
0
0
0
0
0
0
0
0
0
0
0
0
0
0
0
0
0
0
0
0
0
0
0
0
19.0998
0
0
0
0
0
0
0
0
0
0
0
0
0
0
0
0
0
0
0
0
0
0
0
0
0
0
0
0
0
0
0
0
0
0
0
0
0
0
0
0
0
0
0
0
0
0
0
-1.0254
-1.0396
-1.0384
-1.0568
-1.031
-1.0289
-1.036
0
-0.99446
-1.0504
0
-1.0435
-1.0015
-1.0113
0
-1.0283
0
0
0
0
0
0
0
0
0
0
0
0
0
0
0
0
0
0
0
0
0
0
0
0
0
0
0
0
0
0
0
0
0
0
0
0
0
0
21.9301
0
0
0
-1.3232
0
0
0
0
0
0
0
0
0
0
0
0
0
0
0
0
0
0
-2.7908
0
0
0
0
0
0
0
0
0
0
0
0
0
0
0
0
0
0
0
0
0
0
-4.4305
0
0
0
0
0
0
0
0
0
0
0
0
0
0
0
0
0
0
0
0
0
0
0
0
0
0
0
0
0
0
0
0
0
0
0
-2.2541
-2.294
0
0
0
0
0
0
0
0
0
0
0
0
0
0
0
0
0
0
14.5072
0
0
0
0
0
0
0
0
0
0
0
-3.4757
-3.057
0
0
-3.4264
0
0
0
0
0
0
0
0
0
0
0
0
0
0
0
0
0
0
0
0
0
0
0
0
0
0
0
0
0
0
0
0
0
0
0
0
0
0
0
0
0
0
0
-1.7217
0
0
0
0
0
0
0
0
0
0
0
0
0
0
0
0
0
0
0
0
0
0
0
0
0
0
0
0
0
0
0
0
0
0
0
0
0
0
0
0
0
11.7885
0
0
0
0
0
0
0
0
0
0
0
0
0
0
-3.8251
-3.1214
0
0
0
0
0
0
0
0
0
0
0
-3.1204
0
0
0
0
0
0
0
0
0
0
0
0
0
0
0
0
0
0
0
0
0
0
0
0
0
0
0
0
0
0
0
0
0
0
0
0
0
0
0
0
0
0
0
0
0
0
0
0
0
0
0
0
0
0
-2.2511
0
0
0
0
0
0
0
0
0
0
0
0
0
0
0
0
0
0
13.3259
0
0
-3.8902
0
0
0
0
0
0
0
0
0
0
0
0
0
0
0
0
-3.2104
0
0
0
0
0
0
0
0
0
0
0
0
-3.9742
0
0
0
0
0
0
0
0
0
0
0
0
0
0
0
0
0
-1.2314
0
0
0
0
0
0
0
0
0
0
0
0
0
0
0
0
0
0
0
0
0
0
0
0
0
0
0
0
0
0
0
0
0
0
0
0
0
0
0
0
0
0
0
0
0
0
-1.3232
0
0
0
5.097
0
0
0
0
0
0
0
0
0
0
0
0
0
0
0
0
0
0
0
0
0
0
0
0
0
0
0
-2.5424
0
0
0
0
0
0
0
0
0
0
0
0
0
0
0
0
0
0
0
0
0
0
0
0
0
0
0
0
0
0
0
0
0
0
0
0
0
0
0
0
0
0
0
0
0
0
0
0
0
0
0
0
0
0
-4.8094
0
0
0
0
0
0
0
0
0
0
0
0
0
0
0
0
0
0
11.7817
0
0
0
0
0
0
0
0
0
0
0
0
0
0
0
0
0
0
-3.4259
-3.5464
0
0
0
0
0
0
0
0
0
0
0
0
0
0
0
0
0
0
0
0
0
-3.0683
0
0
0
0
0
0
0
0
0
0
0
0
0
0
0
0
0
0
0
0
0
0
0
0
0
0
0
0
0
0
0
0
0
0
0
0
0
0
0
0
0
0
0
0
0
0
0
0
0
0
0
0
0
0
0
0
-3.8902
0
0
11.0213
0
0
0
0
0
0
0
0
0
0
0
0
0
0
0
0
0
-4.0628
0
0
0
0
0
0
0
0
0
0
0
0
0
0
0
0
0
0
0
0
0
0
0
0
0
0
0
0
0
0
0
0
-2.5458
0
0
0
0
0
0
0
0
0
0
0
0
0
0
0
0
0
0
0
0
0
0
0
0
0
0
0
0
0
0
0
0
0
0
0
0
0
-2.2444
0
0
0
0
0
0
0
0
0
0
0
0
8.2266
0
-3.4363
0
0
0
0
0
0
0
0
0
0
0
0
0
0
0
0
0
0
0
0
0
0
0
0
0
0
0
0
0
0
0
0
0
0
0
0
0
0
0
0
0
0
0
0
0
0
0
0
0
0
0
0
0
0
0
0
0
0
0
0
0
0
0
0
0
0
-4.7387
0
0
0
0
0
0
0
0
0
0
0
0
0
-4.6459
0
0
0
0
0
0
0
0
0
0
0
0
0
0
0
0
0
0
15.4289
0
0
0
0
0
0
0
0
0
0
0
0
0
0
0
0
0
0
0
0
0
0
-6.0442
0
0
0
0
0
0
0
0
0
0
0
0
0
0
0
0
0
0
0
0
0
0
0
0
0
0
0
0
0
0
0
0
0
0
0
-2.0245
0
0
0
0
0
0
0
0
0
0
0
0
0
0
0
0
0
0
0
0
0
0
0
0
0
0
0
0
0
0
0
0
0
0
0
0
0
0
0
0
-3.4363
0
6.1308
0
0
0
0
0
0
0
0
0
0
0
0
0
0
0
0
0
0
0
0
0
0
0
0
0
0
0
0
0
-0.66996
0
0
0
0
0
0
0
0
0
0
0
0
0
0
0
0
0
0
0
0
0
0
0
0
0
0
0
0
0
0
0
0
-4.0599
0
0
0
0
0
0
0
0
0
0
0
0
0
0
0
0
0
0
0
0
0
-3.6971
0
0
0
0
0
0
0
0
0
0
0
0
0
0
0
0
12.6985
0
0
0
0
0
0
0
0
0
0
0
0
0
0
0
0
0
0
0
0
0
0
0
0
0
0
0
0
0
0
0
0
-4.9415
0
0
0
0
0
0
0
0
0
0
0
0
0
0
0
0
0
0
0
0
0
0
0
0
0
0
0
0
0
0
0
0
0
-4.0441
0
0
0
0
0
0
0
0
0
0
0
0
0
0
0
0
0
0
0
0
0
0
0
0
0
0
0
0
0
0
0
0
0
0
11.5699
0
0
0
0
0
0
0
0
-3.8103
0
-3.7156
0
0
0
0
0
0
0
0
0
0
0
0
0
0
0
0
0
0
0
0
0
0
0
0
0
0
0
0
0
0
0
0
0
0
0
0
0
0
0
0
0
0
0
0
0
0
0
0
0
0
0
0
0
0
0
0
-2.7085
0
0
0
0
0
0
0
0
0
0
0
0
0
0
0
-2.5389
0
0
0
0
0
0
0
0
0
0
0
0
0
0
0
0
0
9.6448
0
0
0
0
0
0
0
0
0
0
0
0
0
0
0
0
0
0
0
0
-4.3975
0
0
0
0
0
0
0
0
0
0
0
0
0
0
0
0
0
0
0
0
0
0
0
0
0
0
0
0
0
0
0
0
0
0
0
0
0
0
0
0
0
0
0
0
0
0
0
0
0
0
0
0
0
0
0
0
0
0
0
0
0
0
-3.7632
0
0
0
0
0
-3.4757
0
0
0
0
0
0
0
0
0
0
0
11.3162
0
0
0
0
0
0
0
0
0
0
0
-4.0772
0
0
0
0
0
0
0
0
0
0
0
0
0
0
0
0
0
0
0
0
0
0
0
0
0
-3.3584
0
0
0
0
0
0
0
0
0
0
0
0
0
0
0
0
0
0
0
0
0
0
0
0
0
0
0
0
0
0
0
0
0
0
0
0
0
0
0
0
0
0
0
0
0
0
0
0
0
0
-3.057
0
0
0
0
0
0
0
0
0
0
0
0
10.3207
0
0
0
0
0
0
0
-3.9053
0
0
0
0
0
0
0
0
0
0
0
0
0
0
0
0
0
0
0
0
0
0
0
0
0
-3.9231
0
0
0
0
0
0
0
0
0
0
0
0
0
0
0
0
0
0
0
0
0
0
0
0
0
0
0
0
0
0
0
0
0
0
0
0
0
0
0
0
0
0
0
0
0
0
0
0
0
0
0
0
0
0
0
0
0
0
0
0
0
0
0
0
0
0
0
7.8507
0
0
0
0
0
-3.9276
0
0
0
0
0
0
0
0
0
0
0
0
0
0
0
0
0
0
0
0
0
0
0
0
0
0
0
0
0
0
0
0
0
0
0
0
0
0
0
0
0
0
0
0
0
0
0
0
0
0
-3.847
0
0
0
0
0
0
0
0
0
0
0
0
0
0
0
0
0
0
0
0
0
0
0
0
0
0
0
0
0
0
0
0
0
0
0
0
0
0
0
0
0
0
0
0
7.8057
0
0
0
0
-3.9587
0
0
0
0
0
0
0
0
0
0
0
0
0
0
0
0
0
0
0
0
0
0
0
0
0
0
0
0
0
0
0
0
0
0
0
0
0
0
0
0
0
0
0
0
0
0
0
0
0
0
0
0
0
0
0
0
0
0
0
0
0
0
0
0
0
0
0
0
0
0
0
0
0
0
0
0
0
0
0
0
-3.4264
-3.8251
0
0
0
0
0
0
0
0
0
0
0
0
0
0
7.2515
0
0
0
0
0
0
0
0
0
0
0
0
0
0
0
0
0
0
0
0
0
0
0
0
0
0
0
0
0
0
0
0
0
0
0
0
0
0
0
0
0
0
0
0
0
0
0
0
0
0
0
0
0
-2.3454
0
0
0
0
0
0
0
0
0
0
0
0
0
0
0
0
0
0
0
0
0
0
0
0
0
0
0
0
0
0
0
-3.1214
0
0
0
0
0
0
0
0
0
0
0
0
0
0
0
5.4668
0
0
0
0
0
0
0
0
0
0
0
0
0
0
0
0
0
0
0
0
0
0
0
0
0
0
0
0
-4.2038
0
0
0
0
0
0
0
0
0
0
0
0
0
0
0
0
0
0
0
0
0
0
0
0
0
0
0
0
0
0
0
0
0
0
0
0
0
0
0
0
0
0
0
0
0
0
0
0
0
0
0
0
0
0
0
0
0
0
0
0
0
0
0
0
0
0
0
0
0
0
0
0
7.9633
-3.7596
0
0
0
0
0
0
0
0
0
0
0
0
0
0
0
0
0
0
0
0
0
0
0
0
0
0
0
0
0
0
0
0
0
0
0
0
0
0
0
0
0
0
0
0
0
0
0
0
0
0
0
0
0
0
0
0
0
0
0
0
0
0
0
0
0
0
0
0
0
0
0
0
0
0
0
0
0
0
0
0
0
0
0
0
0
0
0
0
0
0
0
-3.8103
0
0
0
0
0
0
0
-3.7596
7.5698
0
0
0
0
0
0
0
0
0
0
0
0
0
0
0
0
0
0
0
0
0
0
0
0
0
0
0
0
0
0
0
0
0
0
0
0
0
0
0
0
0
0
0
0
0
0
0
0
0
0
0
0
0
0
0
0
0
0
0
0
0
0
0
0
0
0
0
0
0
0
0
0
0
0
0
0
0
0
0
0
0
0
0
0
0
0
0
0
0
0
0
0
0
0
0
-3.9276
-3.9587
0
0
0
0
7.8863
0
0
0
0
0
0
0
0
0
0
0
0
0
0
0
0
0
0
0
0
0
0
0
0
0
0
0
0
0
0
0
0
0
0
0
0
0
0
0
0
0
0
0
0
0
0
0
0
0
0
0
0
0
0
0
0
0
0
0
0
0
0
0
0
0
0
0
0
0
0
0
0
0
0
0
0
0
0
0
0
0
0
0
0
0
0
0
0
0
0
-3.7156
0
0
-3.9053
0
0
0
0
0
0
0
7.6209
0
0
0
0
0
0
0
0
0
0
0
0
0
0
0
0
0
0
0
0
0
0
0
0
0
0
0
0
0
0
0
0
0
0
0
0
0
0
0
0
0
0
0
0
0
0
0
0
0
0
0
0
0
0
0
0
0
0
0
0
0
0
0
0
0
0
0
0
0
0
0
0
0
0
0
0
0
0
-2.7908
0
0
-3.2104
0
0
0
0
0
0
0
0
0
0
0
0
0
0
0
0
0
0
0
6.0012
0
0
0
0
0
0
0
0
0
0
0
0
0
0
0
0
0
0
0
0
0
0
0
0
0
0
0
0
0
0
0
0
0
0
0
0
0
0
0
0
0
0
0
0
0
0
0
0
0
0
0
0
0
0
0
0
0
0
0
0
0
0
0
0
0
0
0
0
0
0
0
0
0
0
0
0
0
0
0
0
0
0
-3.4259
-4.0628
0
0
0
0
0
0
0
0
0
0
0
0
0
0
0
0
0
7.4886
0
0
0
0
0
0
0
0
0
0
0
0
0
0
0
0
0
0
0
0
0
0
0
0
0
0
0
0
0
0
0
0
0
0
0
0
0
0
0
0
0
0
0
0
0
0
0
0
0
0
0
0
0
0
0
0
0
0
0
0
0
0
0
0
0
0
0
0
0
0
0
0
0
0
0
0
0
0
0
0
0
-3.5464
0
0
0
0
0
0
0
-4.0772
0
0
0
0
0
0
0
0
0
0
0
7.6236
0
0
0
0
0
0
0
0
0
0
0
0
0
0
0
0
0
0
0
0
0
0
0
0
0
0
0
0
0
0
0
0
0
0
0
0
0
0
0
0
0
0
0
0
0
0
0
0
0
0
0
0
0
0
0
0
0
0
-5.3805
0
0
0
0
0
0
0
0
0
0
0
0
0
0
0
0
0
0
0
0
0
0
0
0
0
0
0
0
0
0
0
0
0
0
0
0
0
0
0
0
0
0
5.3805
0
0
0
0
0
0
0
0
0
0
0
0
0
0
0
0
0
0
0
0
0
0
0
0
0
0
0
0
0
0
0
0
0
0
0
0
0
0
0
0
0
0
0
-7.9761
0
0
0
0
0
0
0
0
0
0
0
0
0
0
0
0
0
0
0
0
0
0
0
0
0
0
0
0
0
0
0
0
0
0
0
0
0
0
0
0
0
0
0
0
0
0
0
0
0
0
0
0
0
0
0
0
0
7.9761
0
0
0
0
0
0
0
0
0
0
0
0
0
0
0
0
0
0
0
0
0
0
0
0
0
0
0
0
0
0
0
0
0
0
0
0
0
0
0
0
0
0
-7.9757
0
0
0
0
0
0
0
0
0
0
0
0
0
0
0
0
0
0
0
0
0
0
0
0
0
0
0
0
0
0
0
0
0
0
0
0
0
0
0
0
0
0
0
0
0
0
0
0
0
0
0
0
0
0
0
0
0
0
7.9757
0
0
0
0
0
0
0
0
0
0
0
0
0
0
0
0
0
0
0
0
0
-8.2576
0
0
0
0
0
0
0
0
0
0
0
0
0
0
0
0
0
0
0
0
0
0
0
0
0
0
0
0
0
0
0
0
0
0
0
0
0
0
0
0
0
0
0
0
0
0
0
0
0
0
0
0
0
0
0
0
0
0
0
0
0
0
0
0
0
0
0
0
0
0
0
0
0
0
0
0
0
0
0
8.2576
0
0
0
0
0
0
0
0
0
0
0
0
0
0
0
0
0
0
0
0
0
0
0
0
0
0
0
0
0
0
0
0
0
0
0
0
0
0
0
0
0
0
0
0
0
0
0
0
0
0
0
0
0
0
0
0
0
0
0
0
0
0
0
0
0
0
0
0
0
0
0
0
0
-3.1204
0
0
0
0
0
0
0
0
0
0
0
0
0
0
0
0
0
0
0
0
0
0
0
0
0
0
0
3.1204
0
0
0
0
0
0
0
0
0
0
0
0
0
0
0
0
0
0
0
0
0
0
0
0
0
0
0
0
0
0
0
0
0
0
0
0
0
0
0
0
0
0
0
0
0
0
0
0
0
0
0
0
0
0
0
0
0
0
0
0
0
0
0
0
0
0
0
0
0
0
0
0
0
0
0
0
0
0
-6.0442
0
0
0
0
0
0
0
0
0
0
0
0
0
0
0
0
0
0
0
0
0
0
6.0442
0
0
0
0
0
0
0
0
0
0
0
0
0
0
0
0
0
0
0
0
0
0
0
0
0
0
0
0
0
0
0
0
0
0
0
0
0
0
0
0
0
0
0
0
0
0
0
0
0
0
0
0
0
0
0
0
0
0
0
0
0
0
0
0
0
0
0
0
0
0
0
0
0
-2.5424
0
0
0
0
0
0
0
0
0
0
0
0
0
0
0
0
0
0
0
0
0
0
0
0
0
0
0
2.5424
0
0
0
0
0
0
0
0
0
0
0
0
0
0
0
0
0
0
0
0
0
0
0
0
0
0
0
0
0
0
0
0
0
0
0
0
0
0
0
0
0
0
0
0
0
0
0
0
0
0
0
0
0
0
0
0
0
0
0
0
0
0
0
0
0
0
0
0
0
0
0
0
0
0
0
0
0
0
0
0
-4.3975
0
0
0
0
0
0
0
0
0
0
0
0
0
0
0
0
0
0
0
0
4.3975
0
0
0
0
0
0
0
0
0
0
0
0
0
0
0
0
0
0
0
0
0
0
0
0
0
0
0
0
0
0
0
0
0
0
0
0
0
0
0
-7.1437
0
0
0
0
0
0
0
0
0
0
0
0
0
0
0
0
0
0
0
0
0
0
0
0
0
0
0
0
0
0
0
0
0
0
0
0
0
0
0
0
0
0
0
0
0
0
0
0
0
0
0
0
0
0
0
0
0
0
0
0
0
7.1437
0
0
0
0
0
0
0
0
0
0
0
0
0
0
0
0
0
0
-8.1348
0
0
0
0
0
0
0
0
0
0
0
0
0
0
0
0
0
0
0
0
0
0
0
0
0
0
0
0
0
0
0
0
0
0
0
0
0
0
0
0
0
0
0
0
0
0
0
0
0
0
0
0
0
0
0
0
0
0
0
0
0
0
0
0
0
0
0
0
0
0
0
0
0
0
0
0
0
0
0
0
0
0
8.1348
0
0
0
0
0
0
0
0
0
0
0
0
0
0
0
0
0
0
0
0
0
0
0
0
0
0
0
0
0
0
0
0
0
0
0
0
0
0
0
0
0
0
0
0
0
0
0
0
0
0
0
0
0
0
0
0
0
0
0
0
0
0
0
0
0
0
0
0
-3.9742
0
0
0
0
0
0
0
0
0
0
0
0
0
0
0
0
0
0
0
0
0
0
0
0
0
0
0
0
0
0
0
0
3.9742
0
0
0
0
0
0
0
0
0
0
0
0
0
0
0
0
0
0
0
0
0
0
0
0
0
0
0
0
0
0
0
0
0
0
0
0
0
0
-7.0289
0
0
0
0
0
0
0
0
0
0
0
0
0
0
0
0
0
0
0
0
0
0
0
0
0
0
0
0
0
0
0
0
0
0
0
0
0
0
0
0
0
0
0
0
0
0
0
0
0
0
0
0
0
0
0
0
0
0
0
0
0
0
7.0289
0
0
0
0
0
0
0
0
0
0
0
0
0
0
0
0
0
0
0
0
0
0
0
0
0
0
0
0
0
0
0
0
0
0
0
0
0
0
0
0
0
0
0
0
0
-5.8207
0
0
0
0
0
0
0
0
0
0
0
0
0
0
0
0
0
0
0
0
0
0
0
0
0
0
0
0
0
0
0
0
0
0
0
0
0
0
0
0
0
0
0
0
0
0
0
0
0
0
0
0
0
0
0
5.8207
0
0
0
0
0
0
0
0
0
0
0
0
0
0
0
0
0
0
0
0
0
0
0
0
0
0
0
0
0
0
0
0
0
0
0
0
0
0
0
0
0
0
0
0
0
0
0
0
0
0
0
0
0
0
0
0
0
0
0
0
0
0
0
0
0
0
0
0
0
0
0
-0.66996
0
0
0
0
0
0
0
0
0
0
0
0
0
0
0
0
0
0
0
0
0
0
0
0
0
0
0
0
0
0.66996
0
0
0
0
0
0
0
0
0
0
0
0
0
0
0
0
0
0
0
0
0
0
0
0
0
0
0
0
0
0
0
0
0
0
0
0
0
-6.7816
0
0
0
0
0
0
0
0
0
0
0
0
0
0
0
0
0
0
0
0
0
0
0
0
0
0
0
0
0
0
0
0
0
0
0
0
0
0
0
0
0
0
0
0
0
0
0
0
0
0
0
0
0
0
0
0
0
0
0
0
0
0
0
6.7816
0
0
0
0
0
0
0
0
-8.1498
0
0
0
0
0
0
0
0
0
0
0
0
0
0
0
0
0
0
0
0
0
0
0
0
0
0
0
0
0
0
0
0
0
0
0
0
0
0
0
0
0
0
0
0
0
0
0
0
0
0
0
0
0
0
0
0
0
0
0
0
0
0
0
0
0
0
0
0
0
0
0
0
0
0
0
0
0
0
0
0
0
0
0
0
0
0
0
0
0
0
0
0
8.1498
0
0
0
0
0
0
0
0
0
0
0
0
0
0
0
0
0
0
0
0
0
0
0
0
0
0
0
0
-7.9753
0
0
0
0
0
0
0
0
0
0
0
0
0
0
0
0
0
0
0
0
0
0
0
0
0
0
0
0
0
0
0
0
0
0
0
0
0
0
0
0
0
0
0
0
0
0
0
0
0
0
0
0
0
0
0
0
0
0
0
0
0
0
0
0
0
0
0
0
0
0
0
0
7.9753
0
0
0
0
0
0
0
0
0
0
0
0
0
0
0
0
0
0
0
0
0
0
0
0
0
0
0
0
0
0
0
0
0
0
0
0
0
0
0
0
0
0
0
0
0
0
0
0
0
0
0
0
0
0
0
0
0
0
0
0
0
0
0
0
0
0
0
0
-4.9415
0
0
0
0
0
0
0
0
0
0
0
0
0
0
0
0
0
0
0
0
0
0
0
0
0
0
0
0
0
0
0
0
4.9415
0
0
0
0
0
0
0
0
-8.0934
0
0
0
0
0
0
0
0
0
0
0
0
0
0
0
0
0
0
0
0
0
0
0
0
0
0
0
0
0
0
0
0
0
0
0
0
0
0
0
0
0
0
0
0
0
0
0
0
0
0
0
0
0
0
0
0
0
0
0
0
0
0
0
0
0
0
0
0
0
0
0
0
0
0
0
0
0
0
0
0
0
0
0
0
0
0
0
0
0
0
0
0
8.0934
0
0
0
0
0
0
0
0
0
0
0
0
0
0
0
0
0
0
0
0
0
0
0
0
0
0
0
0
0
0
0
0
0
0
0
0
0
0
0
0
0
0
0
0
0
0
-4.7248
0
0
0
0
0
0
0
0
0
0
0
0
0
0
0
0
0
0
0
0
0
0
0
0
0
0
0
0
0
0
0
0
0
0
0
0
0
0
0
0
0
0
0
0
0
0
0
0
0
0
0
0
0
0
4.7248
0
0
0
0
0
0
0
0
0
0
0
0
0
0
0
0
0
0
0
0
0
0
0
0
0
0
0
0
0
0
0
0
0
0
0
0
0
0
0
0
0
0
0
0
0
0
0
0
0
0
0
0
0
0
0
-4.4305
0
0
0
0
0
0
0
0
0
0
0
0
0
0
0
0
0
0
0
0
0
0
0
0
0
0
0
0
0
0
0
0
0
0
0
0
0
0
0
0
0
0
0
0
0
4.4305
