53.9288
-0.9044
-0.93402
-0.95357
-0.89345
-0.92362
-0.93141
-0.84635
-0.87266
-0.9241
-0.91317
-0.91766
-0.87932
-0.8884
-0.84427
-0.90365
-0.85158
-0.83756
-0.85647
-0.81694
-0.76389
-0.83481
-0.80197
-0.94881
-0.76369
-0.86186
-0.95501
-0.78765
-0.88502
-0.80037
-0.91427
-0.81337
-0.80739
-0.80623
-0.82319
-0.82282
-0.85871
-0.84917
-0.82041
-0.81459
-0.83858
-0.81459
-0.88058
-0.86831
-0.83877
-0.88869
-0.88617
-0.78057
-0.78603
-0.82394
-0.87519
-0.9251
-0.89321
-0.87983
-1.0265
0
0
0
0
0
-3.0796
0
0
0
0
0
0
0
0
0
0
0
0
-4.2173
0
0
0
0
0
0
0
0
0
0
0
0
0
0
0
0
0
0
0
0
0
0
0
0
0
0
0
-0.9044
51.5562
-0.95079
-0.96978
-0.91634
-0.94073
-0.94828
-0.86446
-0.89164
-0.94307
-0.93066
-0.93675
-0.89837
-0.90751
-0.8619
-0.92277
-0.86956
-0.85546
-0.87447
-0.83467
-0.7798
-0.85269
-0.81956
-0.96249
-0.77731
-0.89966
-0.97554
-0.80504
-0.90203
-0.81885
-0.9347
-0.8312
-0.826
-0.82376
-0.84102
-0.8419
-0.87751
-0.86716
-0.84253
-0.83234
-0.8586
-0.83232
-0.89869
-0.88721
-0.85378
-0.90682
-0.90426
-0.80847
-0.80358
-0.84561
-0.89325
-0.943
-0.91086
-0.8971
-1.0403
0
0
0
0
0
0
0
0
0
0
0
0
0
0
-3.9396
0
0
0
0
0
0
0
0
0
0
0
0
0
0
0
0
0
0
0
0
0
0
0
0
0
0
0
0
0
0
0
-0.93402
-0.95079
57.1436
-1.0311
-0.94368
-0.99778
-1.0071
-0.88917
-0.91565
-0.96747
-0.95453
-0.96094
-0.92235
-0.93147
-0.88623
-0.94677
-0.89537
-0.88123
-0.90029
-0.86044
-0.80277
-0.87846
-0.8454
-0.97435
-0.80155
-0.91548
-0.97866
-0.83086
-0.91843
-0.84391
-0.95097
-0.85646
-0.85215
-0.84897
-0.8663
-0.86886
-0.89567
-0.88415
-0.86689
-0.85751
-0.88236
-0.85752
-0.9243
-0.91295
-0.87116
-0.93236
-0.92979
-0.83378
-0.82958
-0.87549
-0.91932
-0.97104
-0.93969
-0.92711
-1.0394
0
0
0
0
0
0
0
0
0
0
0
0
0
0
0
0
0
0
0
0
0
0
0
0
0
0
0
0
0
0
0
0
0
0
0
0
0
0
0
0
-8.1835
0
0
0
0
0
-0.95357
-0.96978
-1.0311
58.2437
-0.96251
-1.0196
-1.0283
-0.90752
-0.93402
-0.98622
-0.9734
-0.97964
-0.94075
-0.94995
-0.90448
-0.96539
-0.91362
-0.89939
-0.91857
-0.87847
-0.82048
-0.8966
-0.8633
-0.99231
-0.81927
-0.93441
-0.9989
-0.84872
-0.93736
-0.86201
-0.97082
-0.87448
-0.87024
-0.86697
-0.88442
-0.88706
-0.91435
-0.90262
-0.88508
-0.87558
-0.9007
-0.87558
-0.94278
-0.93147
-0.88948
-0.95087
-0.94831
-0.85179
-0.84759
-0.89378
-0.93778
-0.98975
-0.95823
-0.94557
-1.0589
0
0
0
0
0
0
0
0
0
0
0
0
0
0
0
0
0
0
0
0
0
0
0
0
0
0
0
0
-8.2998
0
0
0
0
0
0
0
0
0
0
0
0
0
0
0
0
0
-0.89345
-0.91634
-0.94368
-0.96251
50.4408
-0.93368
-0.94117
-0.85419
-0.88133
-0.9325
-0.91921
-0.92632
-0.88807
-0.8972
-0.85116
-0.91243
-0.85942
-0.84537
-0.86431
-0.8246
-0.76989
-0.84261
-0.80949
-0.95665
-0.76462
-0.87642
-0.96609
-0.79488
-0.89372
-0.80964
-0.92704
-0.82098
-0.81607
-0.81369
-0.83088
-0.82973
-0.86704
-0.8589
-0.83128
-0.82217
-0.8509
-0.82218
-0.88819
-0.87797
-0.84401
-0.89637
-0.89381
-0.79284
-0.79293
-0.83115
-0.88231
-0.93211
-0.90023
-0.8866
-1.0318
0
0
0
0
0
0
0
0
0
0
0
0
0
-3.3688
0
0
0
0
0
0
0
0
0
0
0
0
0
0
0
0
0
0
0
0
0
0
0
0
0
0
0
0
0
0
0
0
-0.92362
-0.94073
-0.99778
-1.0196
-0.93368
56.5582
-0.99465
-0.87943
-0.90588
-0.95751
-0.94452
-0.951
-0.91257
-0.92165
-0.87653
-0.93692
-0.88567
-0.87157
-0.89058
-0.85088
-0.79338
-0.86883
-0.83586
-0.96487
-0.79214
-0.90545
-0.968
-0.82137
-0.90849
-0.83428
-0.94051
-0.84684
-0.84255
-0.83941
-0.85666
-0.8592
-0.88582
-0.87438
-0.85724
-0.84791
-0.87261
-0.84792
-0.91447
-0.90311
-0.86147
-0.9225
-0.91994
-0.8242
-0.82001
-0.86577
-0.90947
-0.96105
-0.9298
-0.91724
-1.0292
0
0
0
0
0
0
0
0
0
0
0
0
0
0
0
0
0
0
0
0
0
0
0
0
0
0
0
0
0
0
0
0
0
0
0
0
0
0
0
0
0
0
0
-8.1216
0
0
-0.93141
-0.94828
-1.0071
-1.0283
-0.94117
-0.99465
56.9962
-0.88674
-0.91321
-0.96497
-0.95202
-0.95845
-0.9199
-0.92901
-0.8838
-0.94432
-0.89294
-0.87882
-0.89787
-0.85804
-0.80041
-0.87604
-0.843
-0.97197
-0.79918
-0.91297
-0.97598
-0.82848
-0.91594
-0.8415
-0.94835
-0.85403
-0.84974
-0.84658
-0.86388
-0.86644
-0.8932
-0.8817
-0.86447
-0.85512
-0.8799
-0.85512
-0.92184
-0.91048
-0.86874
-0.92988
-0.92732
-0.83139
-0.82717
-0.87305
-0.91684
-0.96853
-0.93723
-0.92464
-1.0369
0
0
0
0
0
0
0
0
0
0
0
0
0
0
0
0
0
0
0
0
0
0
0
0
0
0
0
0
0
0
0
0
0
0
-8.1672
0
0
0
0
0
0
0
0
0
0
0
-0.84635
-0.86446
-0.88917
-0.90752
-0.85419
-0.87943
-0.88674
44.4884
-0.82062
-0.87382
-0.86701
-0.86679
-0.82713
-0.83637
-0.79685
-0.85208
-0.81337
-0.79872
-0.81844
-0.77694
-0.718
-0.79581
-0.76111
-0.89881
-0.71534
-0.82429
-0.90936
-0.74246
-0.83212
-0.75674
-0.87025
-0.76774
-0.76359
-0.76052
-0.77726
-0.77896
-0.81405
-0.80199
-0.779
-0.76872
-0.79626
-0.76872
-0.83337
-0.82285
-0.78906
-0.84121
-0.83872
-0.74395
-0.74112
-0.7834
-0.82757
-0.87659
-0.84531
-0.83229
0
0
0
0
-1.2359
0
0
0
0
0
0
0
0
0
0
0
0
0
0
0
0
0
0
0
0
0
0
0
0
0
0
0
0
0
0
0
0
0
0
0
0
0
0
0
0
0
0
-0.87266
-0.89164
-0.91565
-0.93402
-0.88133
-0.90588
-0.91321
-0.82062
45.5508
-0.90178
-0.89722
-0.89422
-0.85117
-0.8614
-0.81742
-0.87868
-0.82984
-0.81594
-0.83453
-0.79497
-0.73996
-0.81316
-0.77964
-0.92568
-0.73812
-0.87171
-0.93703
-0.76553
-0.8655
-0.78029
-0.91843
-0.79147
-0.78773
-0.78425
-0.80104
-0.80309
-0.83704
-0.82607
-0.80248
-0.79234
-0.82135
-0.79235
-0.85726
-0.84729
-0.81265
-0.8652
-0.86269
-0.76881
-0.76572
-0.80931
-0.85216
-0.90177
-0.87006
-0.85652
-0.99495
0
0
0
0
0
0
0
0
0
0
0
0
0
0
0
0
0
0
0
0
0
0
0
0
0
0
0
0
0
0
0
0
0
0
0
0
0
0
0
0
0
0
0
0
0
0
-0.9241
-0.94307
-0.96747
-0.98622
-0.9325
-0.95751
-0.96497
-0.87382
-0.90178
48.3669
-0.94674
-0.95222
-0.90909
-0.91886
-0.8712
-0.93602
-0.88176
-0.86748
-0.88671
-0.8463
-0.79048
-0.86467
-0.83087
-0.9773
-0.78871
-0.91753
-0.98742
-0.8168
-0.92505
-0.83386
-0.96452
-0.84375
-0.84063
-0.83636
-0.85391
-0.85667
-0.8953
-0.88149
-0.85604
-0.84518
-0.87615
-0.84518
-0.91202
-0.90296
-0.86715
-0.92013
-0.91757
-0.82129
-0.81838
-0.86315
-0.90636
-0.95666
-0.92407
-0.91008
-1.0514
0
0
0
0
0
0
0
0
0
0
0
0
0
0
0
0
0
0
0
0
0
0
0
0
0
0
0
0
0
0
0
0
0
0
0
0
0
0
0
0
0
0
0
0
0
0
-0.91317
-0.93066
-0.95453
-0.9734
-0.91921
-0.94452
-0.95202
-0.86701
-0.89722
-0.94674
49.3035
-0.94125
-0.90394
-0.91297
-0.86474
-0.92799
-0.87227
-0.85816
-0.87716
-0.8372
-0.78096
-0.85537
-0.82192
-0.96466
-0.77954
-0.89858
-0.9743
-0.80732
-0.90753
-0.82474
-0.94292
-0.83397
-0.83067
-0.82652
-0.84395
-0.84647
-0.88264
-0.86957
-0.8459
-0.83514
-0.86597
-0.83515
-0.90162
-0.89381
-0.85355
-0.90973
-0.90719
-0.81178
-0.79613
-0.85246
-0.89552
-0.94603
-0.91362
-0.89971
0
0
0
0
0
0
0
-2.5543
0
0
0
0
0
0
0
0
0
0
0
0
0
0
0
0
0
0
0
0
0
0
0
0
0
0
0
0
0
0
0
0
0
0
0
0
0
0
0
-0.91766
-0.93675
-0.96094
-0.97964
-0.92632
-0.951
-0.95845
-0.86679
-0.89422
-0.95222
-0.94125
48.0061
-0.90152
-0.91126
-0.86409
-0.92835
-0.87492
-0.8607
-0.87982
-0.83957
-0.78387
-0.85789
-0.82415
-0.97073
-0.78212
-0.91263
-0.98121
-0.81012
-0.91763
-0.8269
-0.95914
-0.83696
-0.83377
-0.82962
-0.84707
-0.84973
-0.8878
-0.87432
-0.84909
-0.83834
-0.86905
-0.83835
-0.90495
-0.89573
-0.86006
-0.91303
-0.91048
-0.81452
-0.81159
-0.8562
-0.89939
-0.94964
-0.91714
-0.90323
-1.0442
0
0
0
0
0
0
0
0
0
0
0
0
0
0
0
0
0
0
0
0
0
0
0
0
0
0
0
0
0
0
0
0
0
0
0
0
0
0
0
0
0
0
0
0
0
0
-0.87932
-0.89837
-0.92235
-0.94075
-0.88807
-0.91257
-0.9199
-0.82713
-0.85117
-0.90909
-0.90394
-0.90152
45.9097
-0.86891
-0.82398
-0.88601
-0.8362
-0.8223
-0.84093
-0.80134
-0.74629
-0.81953
-0.78601
-0.93228
-0.74445
-0.87811
-0.94363
-0.77198
-0.87331
-0.78706
-0.92467
-0.79807
-0.79441
-0.79084
-0.80771
-0.80988
-0.84459
-0.83309
-0.80928
-0.79903
-0.8283
-0.79904
-0.86422
-0.85437
-0.81955
-0.87218
-0.86965
-0.77548
-0.77242
-0.81615
-0.85905
-0.90877
-0.87694
-0.86334
-1.0021
0
0
0
0
0
0
0
0
0
0
0
0
0
0
0
0
0
0
0
0
0
0
0
0
0
0
0
0
0
0
0
0
0
0
0
0
0
0
0
0
0
0
0
0
0
0
-0.8884
-0.90751
-0.93147
-0.94995
-0.8972
-0.92165
-0.92901
-0.83637
-0.8614
-0.91886
-0.91297
-0.91126
-0.86891
46.4023
-0.83335
-0.89571
-0.84522
-0.83125
-0.85
-0.81023
-0.75506
-0.82845
-0.79487
-0.94136
-0.75327
-0.88667
-0.95258
-0.7809
-0.88287
-0.79644
-0.93309
-0.80718
-0.80362
-0.79993
-0.81697
-0.81927
-0.85499
-0.84286
-0.81864
-0.80826
-0.83793
-0.80828
-0.87382
-0.86416
-0.82913
-0.88181
-0.87928
-0.78468
-0.78162
-0.82557
-0.86851
-0.9184
-0.8864
-0.87273
-1.012
0
0
0
0
0
0
0
0
0
0
0
0
0
0
0
0
0
0
0
0
0
0
0
0
0
0
0
0
0
0
0
0
0
0
0
0
0
0
0
0
0
0
0
0
0
0
-0.84427
-0.8619
-0.88623
-0.90448
-0.85116
-0.87653
-0.8838
-0.79685
-0.81742
-0.8712
-0.86474
-0.86409
-0.82398
-0.83335
44.8194
-0.84926
-0.80845
-0.79414
-0.81337
-0.77273
-0.71505
-0.79131
-0.75713
-0.89671
-0.71256
-0.82297
-0.90727
-0.73959
-0.82837
-0.75296
-0.86935
-0.76477
-0.76054
-0.75757
-0.7742
-0.7753
-0.80948
-0.79852
-0.77557
-0.76565
-0.79315
-0.76565
-0.8301
-0.81887
-0.78612
-0.83799
-0.83547
-0.74072
-0.73819
-0.78077
-0.82457
-0.8736
-0.8424
-0.82937
0
0
-1.7296
0
0
0
0
0
0
0
0
0
0
0
0
0
0
0
0
0
0
0
0
0
0
0
0
0
0
0
0
0
0
0
0
0
0
0
0
0
0
0
0
0
0
0
0
-0.90365
-0.92277
-0.94677
-0.96539
-0.91243
-0.93692
-0.94432
-0.85208
-0.87868
-0.93602
-0.92799
-0.92835
-0.88601
-0.89571
-0.84926
47.2335
-0.86052
-0.84643
-0.86538
-0.82537
-0.76993
-0.84363
-0.81002
-0.95661
-0.76815
-0.90063
-0.96756
-0.79601
-0.90027
-0.81216
-0.94686
-0.82259
-0.8192
-0.81526
-0.83253
-0.835
-0.87191
-0.85909
-0.83441
-0.82382
-0.854
-0.82382
-0.88991
-0.88046
-0.84512
-0.89796
-0.8954
-0.80011
-0.7971
-0.84139
-0.88446
-0.93459
-0.90229
-0.88849
-1.0287
0
0
0
0
0
0
0
0
0
0
0
0
0
0
0
0
0
0
0
0
0
0
0
0
0
0
0
0
0
0
0
0
0
0
0
0
0
0
0
0
0
0
0
0
0
0
-0.85158
-0.86956
-0.89537
-0.91362
-0.85942
-0.88567
-0.89294
-0.81337
-0.82984
-0.88176
-0.87227
-0.87492
-0.8362
-0.84522
-0.80845
-0.86052
43.481
-0.78108
-0.80427
-0.75775
-0.71321
-0.77789
-0.74135
-0.90596
-0.71423
-0.83169
-0.91173
-0.74388
-0.84546
-0.76425
-0.88072
-0.77162
-0.76874
-0.76471
-0.7824
-0.78556
-0.83444
-0.81173
-0.78544
-0.77423
-0.80446
-0.77423
-0.84038
-0.83187
-0.79786
-0.84822
-0.8457
-0.7512
-0.7483
-0.79098
-0.83412
-0.88265
-0.85078
-0.83719
0
0
0
0
0
0
0
0
0
0
0
0
0
0
0
0
0
0
0
0
0
0
0
0
0
0
0
0
0
0
0
0
0
0
0
0
0
0
0
0
0
0
0
0
0
0
0
-0.83756
-0.85546
-0.88123
-0.89939
-0.84537
-0.87157
-0.87882
-0.79872
-0.81594
-0.86748
-0.85816
-0.8607
-0.8223
-0.83125
-0.79414
-0.84643
-0.78108
42.7355
-0.78779
-0.74035
-0.69931
-0.76026
-0.72434
-0.89183
-0.70043
-0.81793
-0.89759
-0.73002
-0.83238
-0.74969
-0.86694
-0.75762
-0.75449
-0.75079
-0.76833
-0.77138
-0.822
-0.79696
-0.7712
-0.7602
-0.78986
-0.7602
-0.82599
-0.81732
-0.78367
-0.83378
-0.83128
-0.73736
-0.73448
-0.77686
-0.81983
-0.86807
-0.83643
-0.82295
0
0
0
0
0
0
0
0
0
0
0
0
0
0
0
0
0
0
0
0
0
0
0
0
0
0
0
0
0
0
0
0
0
0
0
0
0
0
0
0
0
0
0
0
0
0
0
-0.85647
-0.87447
-0.90029
-0.91857
-0.86431
-0.89058
-0.89787
-0.81844
-0.83453
-0.88671
-0.87716
-0.87982
-0.84093
-0.85
-0.81337
-0.86538
-0.80427
-0.78779
43.7431
-0.76463
-0.71833
-0.78465
-0.74815
-0.91093
-0.71921
-0.83647
-0.9167
-0.74883
-0.84982
-0.76926
-0.88556
-0.77658
-0.77376
-0.76963
-0.78735
-0.7905
-0.83837
-0.81677
-0.79038
-0.77913
-0.80948
-0.77914
-0.84535
-0.83682
-0.80278
-0.85323
-0.8507
-0.756
-0.75306
-0.79585
-0.83908
-0.88771
-0.85577
-0.84217
0
0
0
0
0
0
0
0
0
0
0
0
0
0
0
0
0
0
0
0
0
0
0
0
0
0
0
0
0
0
0
0
0
0
0
0
0
0
0
0
0
0
0
0
0
0
0
-0.81694
-0.83467
-0.86044
-0.87847
-0.8246
-0.85088
-0.85804
-0.77694
-0.79497
-0.8463
-0.8372
-0.83957
-0.80134
-0.81023
-0.77273
-0.82537
-0.75775
-0.74035
-0.76463
41.647
-0.68025
-0.73724
-0.70238
-0.87115
-0.68129
-0.79758
-0.87671
-0.71045
-0.81242
-0.72833
-0.84659
-0.73756
-0.73403
-0.73075
-0.74794
-0.7507
-0.80082
-0.77497
-0.75044
-0.7398
-0.7684
-0.7398
-0.80479
-0.79568
-0.7626
-0.81251
-0.81002
-0.71697
-0.71416
-0.7561
-0.79885
-0.84672
-0.81543
-0.8021
0
0
0
0
0
0
0
0
0
0
0
0
0
0
0
0
0
0
0
0
0
0
0
0
0
0
0
0
0
0
0
0
0
0
0
0
0
0
0
0
0
0
0
0
0
0
0
-0.76389
-0.7798
-0.80277
-0.82048
-0.76989
-0.79338
-0.80041
-0.718
-0.73996
-0.79048
-0.78096
-0.78387
-0.74629
-0.75506
-0.71505
-0.76993
-0.71321
-0.69931
-0.71833
-0.68025
40.0868
-0.69668
-0.66797
-0.81129
-0.63425
-0.74415
-0.81827
-0.66167
-0.74874
-0.67335
-0.79051
-0.68554
-0.68095
-0.67848
-0.69414
-0.69523
-0.72563
-0.71477
-0.69518
-0.6857
-0.71232
-0.68569
-0.74754
-0.73862
-0.7009
-0.75507
-0.75263
-0.66387
-0.65899
-0.70083
-0.74279
-0.78966
-0.75986
0
0
0
0
0
0
0
0
0
0
-2.0342
0
0
0
0
0
0
0
0
0
0
0
0
0
0
0
0
0
0
0
0
0
0
0
0
0
0
0
0
0
0
0
0
0
0
0
0
0
-0.83481
-0.85269
-0.87846
-0.8966
-0.84261
-0.86883
-0.87604
-0.79581
-0.81316
-0.86467
-0.85537
-0.85789
-0.81953
-0.82845
-0.79131
-0.84363
-0.77789
-0.76026
-0.78465
-0.73724
-0.69668
42.59
-0.7213
-0.88907
-0.69783
-0.81523
-0.89481
-0.72738
-0.82975
-0.74684
-0.86424
-0.75489
-0.75172
-0.74807
-0.76559
-0.76862
-0.81932
-0.79405
-0.76842
-0.75747
-0.787
-0.75747
-0.82315
-0.81446
-0.78084
-0.83094
-0.82845
-0.73462
-0.73175
-0.77408
-0.81704
-0.86521
-0.83362
-0.82016
0
0
0
0
0
0
0
0
0
0
0
0
0
0
0
0
0
0
0
0
0
0
0
0
0
0
0
0
0
0
0
0
0
0
0
0
0
0
0
0
0
0
0
0
0
0
0
-0.80197
-0.81956
-0.8454
-0.8633
-0.80949
-0.83586
-0.843
-0.76111
-0.77964
-0.83087
-0.82192
-0.82415
-0.78601
-0.79487
-0.75713
-0.81002
-0.74135
-0.72434
-0.74815
-0.70238
-0.66797
-0.7213
40.8626
-0.85618
-0.66845
-0.78273
-0.86155
-0.69683
-0.79774
-0.71247
-0.83175
-0.72342
-0.71973
-0.71658
-0.73341
-0.73589
-0.78387
-0.75899
-0.73558
-0.72523
-0.753
-0.72522
-0.78948
-0.7799
-0.74741
-0.79719
-0.79471
-0.70235
-0.69954
-0.74115
-0.78372
-0.83131
-0.80032
-0.78714
0
0
0
0
0
0
0
0
0
0
0
0
0
0
0
0
0
0
0
0
0
0
0
0
0
0
0
0
0
0
0
0
0
0
0
0
0
0
0
0
0
0
0
0
0
0
0
-0.94881
-0.96249
-0.97435
-0.99231
-0.95665
-0.96487
-0.97197
-0.89881
-0.92568
-0.9773
-0.96466
-0.97073
-0.93228
-0.94136
-0.89671
-0.95661
-0.90596
-0.89183
-0.91093
-0.87115
-0.81129
-0.88907
-0.85618
68.6153
-0.80909
-0.92914
-0.99629
-0.84089
-0.91239
-0.85493
-0.94873
-0.8665
-0.86239
-0.85893
-0.87643
-0.87943
-0.90465
-0.88931
-0.87644
-0.86764
-0.89184
-0.86765
-0.93501
-0.92471
-0.8775
-0.94316
-0.94058
-0.84748
0
-0.88688
-0.93162
0
0
0
0
0
0
0
0
0
0
0
0
0
0
0
0
0
0
0
0
0
0
0
0
0
0
0
0
0
0
-8.0084
-8.0079
0
0
0
0
0
0
0
0
0
0
0
0
0
-8.0075
0
0
0
0
-0.76369
-0.77731
-0.80155
-0.81927
-0.76462
-0.79214
-0.79918
-0.71534
-0.73812
-0.78871
-0.77954
-0.78212
-0.74445
-0.75327
-0.71256
-0.76815
-0.71423
-0.70043
-0.71921
-0.68129
-0.63425
-0.69783
-0.66845
-0.80909
39.5212
-0.73871
-0.81508
-0.66028
-0.74407
-0.66762
-0.7842
-0.68316
-0.67774
-0.67594
-0.6912
-0.69212
-0.72102
-0.71184
-0.69182
-0.68272
-0.7076
-0.68271
-0.74429
-0.73239
-0.70221
-0.75179
-0.74938
-0.65892
-0.65603
-0.69524
-0.73953
-0.78642
0
0
0
0
0
0
0
0
0
0
0
0
0
0
0
0
0
0
0
0
-2.3524
0
0
0
0
0
0
0
0
0
0
0
0
0
0
0
0
0
0
0
0
0
0
0
0
0
0
0
0
-0.86186
-0.89966
-0.91548
-0.93441
-0.87642
-0.90545
-0.91297
-0.82429
-0.87171
-0.91753
-0.89858
-0.91263
-0.87811
-0.88667
-0.82297
-0.90063
-0.83169
-0.81793
-0.83647
-0.79758
-0.74415
-0.81523
-0.78273
-0.92914
-0.73871
49.8846
-0.93616
-0.76552
-0.85833
-0.77721
-0.88724
-0.79061
-0.78304
-0.78418
-0.80063
-0.79878
-0.8332
-0.82552
-0.80029
-0.79197
-0.81252
-0.79197
-0.85718
-0.84448
-0.81487
-0.86542
-0.8629
-0.72924
-0.76229
-0.80086
-0.85249
0
0
0
0
0
0
0
0
0
0
0
0
0
-4.0813
0
0
0
0
0
-3.8633
0
0
0
0
0
0
0
0
0
0
0
0
0
0
0
0
0
0
0
0
0
0
0
0
0
0
0
0
0
0
-0.95501
-0.97554
-0.97866
-0.9989
-0.96609
-0.968
-0.97598
-0.90936
-0.93703
-0.98742
-0.9743
-0.98121
-0.94363
-0.95258
-0.90727
-0.96756
-0.91173
-0.89759
-0.9167
-0.87671
-0.81827
-0.89481
-0.86155
-0.99629
-0.81508
-0.93616
52.9722
-0.84335
-0.9497
-0.85832
-0.98535
-0.87006
-0.86611
-0.86252
-0.88007
-0.88265
-0.91512
-0.90181
-0.8814
-0.87123
-0.89798
-0.87125
-0.93867
-0.92798
-0.88851
-0.94689
-0.94431
-0.84778
-0.84274
-0.88849
-0.93289
0
0
0
0
0
0
0
0
0
0
0
0
0
0
0
0
0
0
0
0
0
0
0
0
0
0
0
0
0
0
0
0
0
0
0
0
0
-7.1736
0
0
0
0
0
0
0
0
0
0
0
0
-0.78765
-0.80504
-0.83086
-0.84872
-0.79488
-0.82137
-0.82848
-0.74246
-0.76553
-0.8168
-0.80732
-0.81012
-0.77198
-0.7809
-0.73959
-0.79601
-0.74388
-0.73002
-0.74883
-0.71045
-0.66167
-0.72738
-0.69683
-0.84089
-0.66028
-0.76552
-0.84335
37.7572
-0.77347
-0.69594
-0.8109
-0.71158
-0.70246
-0.70313
-0.71847
-0.71923
-0.75094
-0.74353
-0.71893
-0.70958
-0.73282
-0.70957
-0.77205
-0.761
-0.73021
-0.77977
-0.77732
-0.68581
-0.683
-0.72391
-0.76684
0
0
0
0
0
0
0
0
0
0
0
0
0
0
0
0
0
0
0
0
0
0
0
0
0
0
0
0
0
0
0
0
0
0
0
0
0
0
0
0
0
0
0
0
0
0
0
0
0
0
-0.88502
-0.90203
-0.91843
-0.93736
-0.89372
-0.90849
-0.91594
-0.83212
-0.8655
-0.92505
-0.90753
-0.91763
-0.87331
-0.88287
-0.82837
-0.90027
-0.84546
-0.83238
-0.84982
-0.81242
-0.74874
-0.82975
-0.79774
-0.91239
-0.74407
-0.85833
-0.9497
-0.77347
46.9003
-0.78249
-0.89522
-0.79851
-0.79228
-0.79078
-0.80703
-0.80793
-0.83234
-0.82107
-0.80679
-0.79814
-0.82166
-0.79814
-0.86345
-0.85001
-0.81154
-0.87158
-0.86905
-0.77507
0
0
0
0
0
0
0
0
0
0
0
0
0
0
0
0
0
0
0
0
0
0
0
0
0
0
0
0
0
0
0
0
0
0
0
0
0
0
0
0
0
0
0
-7.0593
0
0
0
0
0
0
0
0
0
-0.80037
-0.81885
-0.84391
-0.86201
-0.80964
-0.83428
-0.8415
-0.75674
-0.78029
-0.83386
-0.82474
-0.8269
-0.78706
-0.79644
-0.75296
-0.81216
-0.76425
-0.74969
-0.76926
-0.72833
-0.67335
-0.74684
-0.71247
-0.85493
-0.66762
-0.77721
-0.85832
-0.69594
-0.78249
40.8677
-0.81916
-0.72082
-0.71345
-0.71293
-0.72747
-0.72871
-0.75798
-0.74696
-0.7269
-0.72096
-0.74312
-0.72096
-0.78209
-0.71023
-0.73954
-0.78979
-0.78734
-0.69717
0
0
0
0
0
0
0
0
0
0
0
0
0
0
-4.7598
0
0
0
0
0
0
0
0
0
0
0
0
0
0
0
0
0
0
0
0
0
0
0
0
0
0
0
0
0
0
0
0
0
0
0
0
0
0
-0.91427
-0.9347
-0.95097
-0.97082
-0.92704
-0.94051
-0.94835
-0.87025
-0.91843
-0.96452
-0.94292
-0.95914
-0.92467
-0.93309
-0.86935
-0.94686
-0.88072
-0.86694
-0.88556
-0.84659
-0.79051
-0.86424
-0.83175
-0.94873
-0.7842
-0.88724
-0.98535
-0.8109
-0.89522
-0.81916
51.6266
-0.83506
-0.82719
-0.82778
-0.84455
-0.8453
-0.87256
-0.86148
-0.84262
-0.83574
-0.86236
-0.83574
-0.90239
-0.88656
-0.85138
-0.91113
-0.90858
0
0
0
0
0
0
0
0
0
0
0
0
0
0
0
0
0
0
-4.0555
0
0
0
0
0
0
0
0
0
0
0
0
0
0
0
0
0
0
0
0
0
0
0
0
0
0
0
0
-6.8077
0
0
0
0
0
0
-0.81337
-0.8312
-0.85646
-0.87448
-0.82098
-0.84684
-0.85403
-0.76774
-0.79147
-0.84375
-0.83397
-0.83696
-0.79807
-0.80718
-0.76477
-0.82259
-0.77162
-0.75762
-0.77658
-0.73756
-0.68554
-0.75489
-0.72342
-0.8665
-0.68316
-0.79061
-0.87006
-0.71158
-0.79851
-0.72082
-0.83506
36.7765
-0.73141
-0.72609
-0.74322
-0.74298
-0.77673
-0.76742
-0.74466
-0.73419
-0.76343
-0.73418
-0.79857
-0.78722
-0.75736
-0.80652
-0.80405
-0.71112
0
0
0
0
0
0
0
0
0
0
0
0
0
0
0
0
0
0
0
0
0
0
0
0
0
0
0
0
0
0
0
0
0
0
0
0
0
0
0
0
0
0
0
0
0
0
0
0
0
0
0
0
0
-0.80739
-0.826
-0.85215
-0.87024
-0.81607
-0.84255
-0.84974
-0.76359
-0.78773
-0.84063
-0.83067
-0.83377
-0.79441
-0.80362
-0.76054
-0.8192
-0.76874
-0.75449
-0.77376
-0.73403
-0.68095
-0.75172
-0.71973
-0.86239
-0.67774
-0.78304
-0.86611
-0.70246
-0.79228
-0.71345
-0.82719
-0.73141
38.5824
-0.72391
-0.73971
-0.73904
-0.77033
-0.76802
-0.73923
-0.73061
-0.75135
-0.73062
-0.79463
-0.78059
-0.75246
-0.8034
-0.80095
0
0
0
0
0
0
0
0
0
0
0
0
0
0
0
0
0
0
0
-2.7197
0
0
0
0
0
0
0
0
0
0
0
0
0
0
0
0
0
0
0
0
0
0
0
0
0
0
0
0
0
0
0
0
0
0
-0.80623
-0.82376
-0.84897
-0.86697
-0.81369
-0.83941
-0.84658
-0.76052
-0.78425
-0.83636
-0.82652
-0.82962
-0.79084
-0.79993
-0.75757
-0.81526
-0.76471
-0.75079
-0.76963
-0.73075
-0.67848
-0.74807
-0.71658
-0.85893
-0.67594
-0.78418
-0.86252
-0.70313
-0.79078
-0.71293
-0.82778
-0.72609
-0.72391
35.7346
-0.73627
-0.73032
-0.76989
-0.76008
-0.73744
-0.72675
-0.75649
-0.72675
-0.79173
-0.77903
-0.75063
-0.79999
-0.79754
0
0
0
0
0
0
0
0
0
0
0
0
0
0
0
0
0
0
0
0
0
0
0
0
0
0
0
0
0
0
0
0
0
0
0
0
0
0
0
0
0
0
0
0
0
0
0
0
0
0
0
0
0
0
-0.82319
-0.84102
-0.8663
-0.88442
-0.83088
-0.85666
-0.86388
-0.77726
-0.80104
-0.85391
-0.84395
-0.84707
-0.80771
-0.81697
-0.7742
-0.83253
-0.7824
-0.76833
-0.78735
-0.74794
-0.69414
-0.76559
-0.73341
-0.87643
-0.6912
-0.80063
-0.88007
-0.71847
-0.80703
-0.72747
-0.84455
-0.74322
-0.73971
-0.73627
34.0821
-0.75718
-0.78168
-0.77502
-0.7474
-0.74204
-0.77026
-0.74205
-0.80587
-0.79537
0
0
0
0
0
0
0
0
0
0
0
0
0
0
0
0
0
0
0
0
0
0
0
0
0
0
0
0
0
0
0
0
0
0
0
0
0
0
0
0
0
0
0
0
0
0
0
0
0
0
0
0
0
0
0
0
0
-0.82282
-0.8419
-0.86886
-0.88706
-0.82973
-0.8592
-0.86644
-0.77896
-0.80309
-0.85667
-0.84647
-0.84973
-0.80988
-0.81927
-0.7753
-0.835
-0.78556
-0.77138
-0.7905
-0.7507
-0.69523
-0.76862
-0.73589
-0.87943
-0.69212
-0.79878
-0.88265
-0.71923
-0.80793
-0.72871
-0.8453
-0.74298
-0.73904
-0.73032
-0.75718
35.6008
-0.77202
-0.7728
-0.75438
-0.74874
-0.76063
-0.74874
-0.81016
0
0
0
0
0
0
0
0
0
0
0
0
-2.2614
0
0
0
0
0
0
0
0
0
0
0
0
0
0
0
0
0
0
0
0
0
0
0
0
0
0
0
0
0
0
0
0
0
0
0
0
0
0
0
0
0
0
0
0
0
-0.85871
-0.87751
-0.89567
-0.91435
-0.86704
-0.88582
-0.8932
-0.81405
-0.83704
-0.8953
-0.88264
-0.8878
-0.84459
-0.85499
-0.80948
-0.87191
-0.83444
-0.822
-0.83837
-0.80082
-0.72563
-0.81932
-0.78387
-0.90465
-0.72102
-0.8332
-0.91512
-0.75094
-0.83234
-0.75798
-0.87256
-0.77673
-0.77033
-0.76989
-0.78168
-0.77202
42.0161
-0.7906
-0.77764
-0.77122
-0.78437
-0.77121
0
0
0
0
0
0
0
0
0
0
0
0
0
-2.3024
0
0
0
0
0
0
0
0
0
0
0
0
0
0
0
0
0
0
0
0
0
0
0
0
0
0
0
0
0
0
0
0
0
0
0
0
-5.8456
0
0
0
0
0
0
0
0
-0.84917
-0.86716
-0.88415
-0.90262
-0.8589
-0.87438
-0.8817
-0.80199
-0.82607
-0.88149
-0.86957
-0.87432
-0.83309
-0.84286
-0.79852
-0.85909
-0.81173
-0.79696
-0.81677
-0.77497
-0.71477
-0.79405
-0.75899
-0.88931
-0.71184
-0.82552
-0.90181
-0.74353
-0.82107
-0.74696
-0.86148
-0.76742
-0.76802
-0.76008
-0.77502
-0.7728
-0.7906
38.7892
-0.76986
-0.76385
-0.78192
-0.76384
0
0
0
0
0
0
0
0
0
0
0
0
0
0
0
0
0
0
0
0
0
0
0
0
0
0
0
0
0
0
0
0
0
0
0
0
0
0
-5.401
0
0
0
0
0
0
0
0
0
0
0
0
0
0
0
0
0
0
0
0
-0.82041
-0.84253
-0.86689
-0.88508
-0.83128
-0.85724
-0.86447
-0.779
-0.80248
-0.85604
-0.8459
-0.84909
-0.80928
-0.81864
-0.77557
-0.83441
-0.78544
-0.7712
-0.79038
-0.75044
-0.69518
-0.76842
-0.73558
-0.87644
-0.69182
-0.80029
-0.8814
-0.71893
-0.80679
-0.7269
-0.84262
-0.74466
-0.73923
-0.73744
-0.7474
-0.75438
-0.77764
-0.76986
33.9883
-0.74067
0
-0.74068
0
0
0
0
0
0
0
0
0
0
0
0
0
0
0
-2.2562
0
0
0
0
0
0
0
0
0
0
0
0
0
0
0
0
0
0
0
0
0
0
0
0
0
0
0
0
0
0
0
0
0
0
0
0
0
0
0
0
0
0
0
-0.81459
-0.83234
-0.85751
-0.87558
-0.82217
-0.84791
-0.85512
-0.76872
-0.79234
-0.84518
-0.83514
-0.83834
-0.79903
-0.80826
-0.76565
-0.82382
-0.77423
-0.7602
-0.77913
-0.7398
-0.6857
-0.75747
-0.72523
-0.86764
-0.68272
-0.79197
-0.87123
-0.70958
-0.79814
-0.72096
-0.83574
-0.73419
-0.73061
-0.72675
-0.74204
-0.74874
-0.77122
-0.76385
-0.74067
32.1006
-0.76367
-0.69743
0
0
0
0
0
0
0
0
0
0
0
0
0
0
0
0
0
0
0
0
0
0
0
0
0
0
0
0
0
0
0
0
0
0
0
0
0
0
0
0
0
0
0
0
0
0
0
0
0
0
0
0
0
0
0
0
0
0
0
-0.83858
-0.8586
-0.88236
-0.9007
-0.8509
-0.87261
-0.8799
-0.79626
-0.82135
-0.87615
-0.86597
-0.86905
-0.8283
-0.83793
-0.79315
-0.854
-0.80446
-0.78986
-0.80948
-0.7684
-0.71232
-0.787
-0.753
-0.89184
-0.7076
-0.81252
-0.89798
-0.73282
-0.82166
-0.74312
-0.86236
-0.76343
-0.75135
-0.75649
-0.77026
-0.76063
-0.78437
-0.78192
0
-0.76367
37.2468
-0.76368
0
0
0
0
0
0
0
0
0
0
0
0
0
0
0
0
0
-4.8308
0
0
0
0
0
0
0
0
0
0
0
0
0
0
0
0
0
0
0
0
0
0
0
0
0
0
0
0
0
0
0
0
0
0
0
0
0
0
0
0
0
-0.81459
-0.83232
-0.85752
-0.87558
-0.82218
-0.84792
-0.85512
-0.76872
-0.79235
-0.84518
-0.83515
-0.83835
-0.79904
-0.80828
-0.76565
-0.82382
-0.77423
-0.7602
-0.77914
-0.7398
-0.68569
-0.75747
-0.72522
-0.86765
-0.68271
-0.79197
-0.87125
-0.70957
-0.79814
-0.72096
-0.83574
-0.73418
-0.73062
-0.72675
-0.74205
-0.74874
-0.77121
-0.76384
-0.74068
-0.69743
-0.76368
32.1007
0
0
0
0
0
0
0
0
0
0
0
0
0
0
0
0
0
0
0
0
0
0
0
0
0
0
0
0
0
0
0
0
0
0
0
0
0
0
0
0
0
0
0
0
0
0
0
0
0
0
0
0
0
0
0
0
0
0
0
-0.88058
-0.89869
-0.9243
-0.94278
-0.88819
-0.91447
-0.92184
-0.83337
-0.85726
-0.91202
-0.90162
-0.90495
-0.86422
-0.87382
-0.8301
-0.88991
-0.84038
-0.82599
-0.84535
-0.80479
-0.74754
-0.82315
-0.78948
-0.93501
-0.74429
-0.85718
-0.93867
-0.77205
-0.86345
-0.78209
-0.90239
-0.79857
-0.79463
-0.79173
-0.80587
-0.81016
0
0
0
0
0
0
30.7109
0
0
0
0
0
0
0
0
0
0
0
0
0
0
0
0
0
0
0
0
0
0
0
0
0
0
0
0
0
0
0
0
0
0
0
0
0
0
0
0
0
0
0
0
0
0
0
0
0
0
0
0
0
0
0
0
0
0
-0.86831
-0.88721
-0.91295
-0.93147
-0.87797
-0.90311
-0.91048
-0.82285
-0.84729
-0.90296
-0.89381
-0.89573
-0.85437
-0.86416
-0.81887
-0.88046
-0.83187
-0.81732
-0.83682
-0.79568
-0.73862
-0.81446
-0.7799
-0.92471
-0.73239
-0.84448
-0.92798
-0.761
-0.85001
-0.71023
-0.88656
-0.78722
-0.78059
-0.77903
-0.79537
0
0
0
0
0
0
0
0
34.1318
0
0
0
0
0
0
0
0
0
0
0
0
0
0
0
0
0
0
-4.6656
0
0
0
0
0
0
0
0
0
0
0
0
0
0
0
0
0
0
0
0
0
0
0
0
0
0
0
0
0
0
0
0
0
0
0
0
0
0
-0.83877
-0.85378
-0.87116
-0.88948
-0.84401
-0.86147
-0.86874
-0.78906
-0.81265
-0.86715
-0.85355
-0.86006
-0.81955
-0.82913
-0.78612
-0.84512
-0.79786
-0.78367
-0.80278
-0.7626
-0.7009
-0.78084
-0.74741
-0.8775
-0.70221
-0.81487
-0.88851
-0.73021
-0.81154
-0.73954
-0.85138
-0.75736
-0.75246
-0.75063
0
0
0
0
0
0
0
0
0
0
32.2889
0
0
0
0
0
0
0
0
0
0
0
0
0
0
0
0
0
0
0
0
0
0
0
0
0
0
0
0
0
0
0
0
0
0
0
0
0
0
0
0
0
0
0
0
0
0
0
0
0
0
0
0
0
0
-4.7468
0
-0.88869
-0.90682
-0.93236
-0.95087
-0.89637
-0.9225
-0.92988
-0.84121
-0.8652
-0.92013
-0.90973
-0.91303
-0.87218
-0.88181
-0.83799
-0.89796
-0.84822
-0.83378
-0.85323
-0.81251
-0.75507
-0.83094
-0.79719
-0.94316
-0.75179
-0.86542
-0.94689
-0.77977
-0.87158
-0.78979
-0.91113
-0.80652
-0.8034
-0.79999
0
0
0
0
0
0
0
0
0
0
0
29.3671
0
0
0
0
0
0
0
0
0
0
0
0
0
0
0
0
0
0
0
0
0
0
0
0
0
0
0
0
0
0
0
0
0
0
0
0
0
0
0
0
0
0
0
0
0
0
0
0
0
0
0
0
0
0
0
-0.88617
-0.90426
-0.92979
-0.94831
-0.89381
-0.91994
-0.92732
-0.83872
-0.86269
-0.91757
-0.90719
-0.91048
-0.86965
-0.87928
-0.83547
-0.8954
-0.8457
-0.83128
-0.8507
-0.81002
-0.75263
-0.82845
-0.79471
-0.94058
-0.74938
-0.8629
-0.94431
-0.77732
-0.86905
-0.78734
-0.90858
-0.80405
-0.80095
-0.79754
0
0
0
0
0
0
0
0
0
0
0
0
29.2815
0
0
0
0
0
0
0
0
0
0
0
0
0
0
0
0
0
0
0
0
0
0
0
0
0
0
0
0
0
0
0
0
0
0
0
0
0
0
0
0
0
0
0
0
0
0
0
0
0
0
0
0
0
0
-0.78057
-0.80847
-0.83378
-0.85179
-0.79284
-0.8242
-0.83139
-0.74395
-0.76881
-0.82129
-0.81178
-0.81452
-0.77548
-0.78468
-0.74072
-0.80011
-0.7512
-0.73736
-0.756
-0.71697
-0.66387
-0.73462
-0.70235
-0.84748
-0.65892
-0.72924
-0.84778
-0.68581
-0.77507
-0.69717
0
-0.71112
0
0
0
0
0
0
0
0
0
0
0
0
0
0
0
27.5127
0
0
0
0
0
0
0
0
0
0
0
0
0
0
0
0
-3.7134
0
0
0
0
0
0
0
0
0
0
0
0
0
0
0
0
0
0
0
0
0
0
0
0
0
0
0
0
0
0
0
0
0
0
0
0
-0.78603
-0.80358
-0.82958
-0.84759
-0.79293
-0.82001
-0.82717
-0.74112
-0.76572
-0.81838
-0.79613
-0.81159
-0.77242
-0.78162
-0.73819
-0.7971
-0.7483
-0.73448
-0.75306
-0.71416
-0.65899
-0.73175
-0.69954
0
-0.65603
-0.76229
-0.84274
-0.683
0
0
0
0
0
0
0
0
0
0
0
0
0
0
0
0
0
0
0
0
25.5123
0
0
0
0
0
0
0
0
0
0
0
0
-2.25
0
0
0
0
-2.5488
0
0
0
0
0
0
0
0
0
0
0
0
0
0
0
0
0
0
0
0
0
0
0
0
0
0
0
0
0
0
0
0
0
0
-0.82394
-0.84561
-0.87549
-0.89378
-0.83115
-0.86577
-0.87305
-0.7834
-0.80931
-0.86315
-0.85246
-0.8562
-0.81615
-0.82557
-0.78077
-0.84139
-0.79098
-0.77686
-0.79585
-0.7561
-0.70083
-0.77408
-0.74115
-0.88688
-0.69524
-0.80086
-0.88849
-0.72391
0
0
0
0
0
0
0
0
0
0
0
0
0
0
0
0
0
0
0
0
0
26.5467
0
0
0
0
0
0
0
0
0
0
0
0
0
0
0
0
0
-3.7783
0
0
0
0
0
0
0
0
0
0
0
0
0
0
0
0
0
0
0
0
0
0
0
0
0
0
0
0
0
0
0
0
0
-0.87519
-0.89325
-0.91932
-0.93778
-0.88231
-0.90947
-0.91684
-0.82757
-0.85216
-0.90636
-0.89552
-0.89939
-0.85905
-0.86851
-0.82457
-0.88446
-0.83412
-0.81983
-0.83908
-0.79885
-0.74279
-0.81704
-0.78372
-0.93162
-0.73953
-0.85249
-0.93289
-0.76684
0
0
0
0
0
0
0
0
0
0
0
0
0
0
0
0
0
0
0
0
0
0
24.0106
0
0
0
0
0
0
0
0
0
0
0
0
0
0
0
0
0
0
0
0
0
0
0
0
0
0
0
0
0
0
0
0
0
0
0
0
0
0
0
0
0
0
0
0
0
0
0
0
0
0
-0.9251
-0.943
-0.97104
-0.98975
-0.93211
-0.96105
-0.96853
-0.87659
-0.90177
-0.95666
-0.94603
-0.94964
-0.90877
-0.9184
-0.8736
-0.93459
-0.88265
-0.86807
-0.88771
-0.84672
-0.78966
-0.86521
-0.83131
0
-0.78642
0
0
0
0
0
0
0
0
0
0
0
0
0
0
0
0
0
0
0
0
0
0
0
0
0
0
21.7144
0
0
0
0
0
0
0
0
0
0
0
0
0
0
0
0
0
0
0
0
0
0
0
0
0
0
0
0
0
0
0
0
0
0
0
0
0
0
0
0
0
0
0
0
0
0
0
0
0
-0.89321
-0.91086
-0.93969
-0.95823
-0.90023
-0.9298
-0.93723
-0.84531
-0.87006
-0.92407
-0.91362
-0.91714
-0.87694
-0.8864
-0.8424
-0.90229
-0.85078
-0.83643
-0.85577
-0.81543
-0.75986
-0.83362
-0.80032
0
0
0
0
0
0
0
0
0
0
0
0
0
0
0
0
0
0
0
0
0
0
0
0
0
0
0
0
0
20.1997
0
0
0
0
0
0
0
0
0
0
0
0
0
0
0
0
0
0
0
0
0
0
0
0
0
0
0
0
0
0
0
0
0
0
0
0
0
0
0
0
0
0
0
0
0
0
0
0
-0.87983
-0.8971
-0.92711
-0.94557
-0.8866
-0.91724
-0.92464
-0.83229
-0.85652
-0.91008
-0.89971
-0.90323
-0.86334
-0.87273
-0.82937
-0.88849
-0.83719
-0.82295
-0.84217
-0.8021
0
-0.82016
-0.78714
0
0
0
0
0
0
0
0
0
0
0
0
0
0
0
0
0
0
0
0
0
0
0
0
0
0
0
0
0
0
19.1456
0
0
0
0
0
0
0
0
0
0
0
0
0
0
0
0
0
0
0
0
0
0
0
0
0
0
0
0
0
0
0
0
0
0
0
0
0
0
0
0
0
0
0
0
0
0
0
-1.0265
-1.0403
-1.0394
-1.0589
-1.0318
-1.0292
-1.0369
0
-0.99495
-1.0514
0
-1.0442
-1.0021
-1.012
0
-1.0287
0
0
0
0
0
0
0
0
0
0
0
0
0
0
0
0
0
0
0
0
0
0
0
0
0
0
0
0
0
0
0
0
0
0
0
0
0
0
21.9771
0
0
0
-1.3283
0
0
0
0
0
0
0
0
0
0
0
0
0
0
0
0
0
0
-2.8049
0
0
0
0
0
0
0
0
0
0
0
0
0
0
0
0
0
0
0
0
0
0
-4.4477
0
0
0
0
0
0
0
0
0
0
0
0
0
0
0
0
0
0
0
0
0
0
0
0
0
0
0
0
0
0
0
0
0
0
0
-2.2614
-2.3024
0
0
0
0
0
0
0
0
0
0
0
0
0
0
0
0
0
0
14.5557
0
0
0
0
0
0
0
0
0
0
0
-3.4891
-3.0648
0
0
-3.4381
0
0
0
0
0
0
0
0
0
0
0
0
0
0
0
0
0
0
0
0
0
0
0
0
0
0
0
0
0
0
0
0
0
0
0
0
0
0
0
0
0
0
0
-1.7296
0
0
0
0
0
0
0
0
0
0
0
0
0
0
0
0
0
0
0
0
0
0
0
0
0
0
0
0
0
0
0
0
0
0
0
0
0
0
0
0
0
11.8343
0
0
0
0
0
0
0
0
0
0
0
0
0
0
-3.8407
-3.1335
0
0
0
0
0
0
0
0
0
0
0
-3.1305
0
0
0
0
0
0
0
0
0
0
0
0
0
0
0
0
0
0
0
0
0
0
0
0
0
0
0
0
0
0
0
0
0
0
0
0
0
0
0
0
0
0
0
0
0
0
0
0
0
0
0
0
0
0
-2.2562
0
0
0
0
0
0
0
0
0
0
0
0
0
0
0
0
0
0
13.374
0
0
-3.902
0
0
0
0
0
0
0
0
0
0
0
0
0
0
0
0
-3.2227
0
0
0
0
0
0
0
0
0
0
0
0
-3.9931
0
0
0
0
0
0
0
0
0
0
0
0
0
0
0
0
0
-1.2359
0
0
0
0
0
0
0
0
0
0
0
0
0
0
0
0
0
0
0
0
0
0
0
0
0
0
0
0
0
0
0
0
0
0
0
0
0
0
0
0
0
0
0
0
0
0
-1.3283
0
0
0
5.1156
0
0
0
0
0
0
0
0
0
0
0
0
0
0
0
0
0
0
0
0
0
0
0
0
0
0
0
-2.5514
0
0
0
0
0
0
0
0
0
0
0
0
0
0
0
0
0
0
0
0
0
0
0
0
0
0
0
0
0
0
0
0
0
0
0
0
0
0
0
0
0
0
0
0
0
0
0
0
0
0
0
0
0
0
-4.8308
0
0
0
0
0
0
0
0
0
0
0
0
0
0
0
0
0
0
11.8312
0
0
0
0
0
0
0
0
0
0
0
0
0
0
0
0
0
0
-3.4388
-3.5615
0
0
0
0
0
0
0
0
0
0
0
0
0
0
0
0
0
0
0
0
0
-3.0796
0
0
0
0
0
0
0
0
0
0
0
0
0
0
0
0
0
0
0
0
0
0
0
0
0
0
0
0
0
0
0
0
0
0
0
0
0
0
0
0
0
0
0
0
0
0
0
0
0
0
0
0
0
0
0
0
-3.902
0
0
11.0584
0
0
0
0
0
0
0
0
0
0
0
0
0
0
0
0
0
-4.0768
0
0
0
0
0
0
0
0
0
0
0
0
0
0
0
0
0
0
0
0
0
0
0
0
0
0
0
0
0
0
0
0
-2.5543
0
0
0
0
0
0
0
0
0
0
0
0
0
0
0
0
0
0
0
0
0
0
0
0
0
0
0
0
0
0
0
0
0
0
0
0
0
-2.25
0
0
0
0
0
0
0
0
0
0
0
0
8.2546
0
-3.4503
0
0
0
0
0
0
0
0
0
0
0
0
0
0
0
0
0
0
0
0
0
0
0
0
0
0
0
0
0
0
0
0
0
0
0
0
0
0
0
0
0
0
0
0
0
0
0
0
0
0
0
0
0
0
0
0
0
0
0
0
0
0
0
0
0
0
-4.7598
0
0
0
0
0
0
0
0
0
0
0
0
0
-4.6656
0
0
0
0
0
0
0
0
0
0
0
0
0
0
0
0
0
0
15.4949
0
0
0
0
0
0
0
0
0
0
0
0
0
0
0
0
0
0
0
0
0
0
-6.0696
0
0
0
0
0
0
0
0
0
0
0
0
0
0
0
0
0
0
0
0
0
0
0
0
0
0
0
0
0
0
0
0
0
0
0
-2.0342
0
0
0
0
0
0
0
0
0
0
0
0
0
0
0
0
0
0
0
0
0
0
0
0
0
0
0
0
0
0
0
0
0
0
0
0
0
0
0
0
-3.4503
0
6.1571
0
0
0
0
0
0
0
0
0
0
0
0
0
0
0
0
0
0
0
0
0
0
0
0
0
0
0
0
0
-0.67254
0
0
0
0
0
0
0
0
0
0
0
0
0
0
0
0
0
0
0
0
0
0
0
0
0
0
0
0
0
0
0
0
-4.0813
0
0
0
0
0
0
0
0
0
0
0
0
0
0
0
0
0
0
0
0
0
-3.7134
0
0
0
0
0
0
0
0
0
0
0
0
0
0
0
0
12.7566
0
0
0
0
0
0
0
0
0
0
0
0
0
0
0
0
0
0
0
0
0
0
0
0
0
0
0
0
0
0
0
0
-4.9619
0
0
0
0
0
0
0
0
0
0
0
0
0
0
0
0
0
0
0
0
0
0
0
0
0
0
0
0
0
0
0
0
0
-4.0555
0
0
0
0
0
0
0
0
0
0
0
0
0
0
0
0
0
0
0
0
0
0
0
0
0
0
0
0
0
0
0
0
0
0
11.612
0
0
0
0
0
0
0
0
-3.8254
0
-3.731
0
0
0
0
0
0
0
0
0
0
0
0
0
0
0
0
0
0
0
0
0
0
0
0
0
0
0
0
0
0
0
0
0
0
0
0
0
0
0
0
0
0
0
0
0
0
0
0
0
0
0
0
0
0
0
0
-2.7197
0
0
0
0
0
0
0
0
0
0
0
0
0
0
0
-2.5488
0
0
0
0
0
0
0
0
0
0
0
0
0
0
0
0
0
9.6829
0
0
0
0
0
0
0
0
0
0
0
0
0
0
0
0
0
0
0
0
-4.4144
0
0
0
0
0
0
0
0
0
0
0
0
0
0
0
0
0
0
0
0
0
0
0
0
0
0
0
0
0
0
0
0
0
0
0
0
0
0
0
0
0
0
0
0
0
0
0
0
0
0
0
0
0
0
0
0
0
0
0
0
0
0
-3.7783
0
0
0
0
0
-3.4891
0
0
0
0
0
0
0
0
0
0
0
11.3602
0
0
0
0
0
0
0
0
0
0
0
-4.0928
0
0
0
0
0
0
0
0
0
0
0
0
0
0
0
0
0
0
0
0
0
0
0
0
0
-3.3688
0
0
0
0
0
0
0
0
0
0
0
0
0
0
0
0
0
0
0
0
0
0
0
0
0
0
0
0
0
0
0
0
0
0
0
0
0
0
0
0
0
0
0
0
0
0
0
0
0
0
-3.0648
0
0
0
0
0
0
0
0
0
0
0
0
10.3524
0
0
0
0
0
0
0
-3.9189
0
0
0
0
0
0
0
0
0
0
0
0
0
0
0
0
0
0
0
0
0
0
0
0
0
-3.9396
0
0
0
0
0
0
0
0
0
0
0
0
0
0
0
0
0
0
0
0
0
0
0
0
0
0
0
0
0
0
0
0
0
0
0
0
0
0
0
0
0
0
0
0
0
0
0
0
0
0
0
0
0
0
0
0
0
0
0
0
0
0
0
0
0
0
0
7.8809
0
0
0
0
0
-3.9413
0
0
0
0
0
0
0
0
0
0
0
0
0
0
0
0
0
0
0
0
0
0
0
0
0
0
0
0
0
0
0
0
0
0
0
0
0
0
0
0
0
0
0
0
0
0
0
0
0
0
-3.8633
0
0
0
0
0
0
0
0
0
0
0
0
0
0
0
0
0
0
0
0
0
0
0
0
0
0
0
0
0
0
0
0
0
0
0
0
0
0
0
0
0
0
0
0
7.8358
0
0
0
0
-3.9725
0
0
0
0
0
0
0
0
0
0
0
0
0
0
0
0
0
0
0
0
0
0
0
0
0
0
0
0
0
0
0
0
0
0
0
0
0
0
0
0
0
0
0
0
0
0
0
0
0
0
0
0
0
0
0
0
0
0
0
0
0
0
0
0
0
0
0
0
0
0
0
0
0
0
0
0
0
0
0
0
-3.4381
-3.8407
0
0
0
0
0
0
0
0
0
0
0
0
0
0
7.2788
0
0
0
0
0
0
0
0
0
0
0
0
0
0
0
0
0
0
0
0
0
0
0
0
0
0
0
0
0
0
0
0
0
0
0
0
0
0
0
0
0
0
0
0
0
0
0
0
0
0
0
0
0
-2.3524
0
0
0
0
0
0
0
0
0
0
0
0
0
0
0
0
0
0
0
0
0
0
0
0
0
0
0
0
0
0
0
-3.1335
0
0
0
0
0
0
0
0
0
0
0
0
0
0
0
5.4859
0
0
0
0
0
0
0
0
0
0
0
0
0
0
0
0
0
0
0
0
0
0
0
0
0
0
0
0
-4.2173
0
0
0
0
0
0
0
0
0
0
0
0
0
0
0
0
0
0
0
0
0
0
0
0
0
0
0
0
0
0
0
0
0
0
0
0
0
0
0
0
0
0
0
0
0
0
0
0
0
0
0
0
0
0
0
0
0
0
0
0
0
0
0
0
0
0
0
0
0
0
0
0
7.9909
-3.7736
0
0
0
0
0
0
0
0
0
0
0
0
0
0
0
0
0
0
0
0
0
0
0
0
0
0
0
0
0
0
0
0
0
0
0
0
0
0
0
0
0
0
0
0
0
0
0
0
0
0
0
0
0
0
0
0
0
0
0
0
0
0
0
0
0
0
0
0
0
0
0
0
0
0
0
0
0
0
0
0
0
0
0
0
0
0
0
0
0
0
0
-3.8254
0
0
0
0
0
0
0
-3.7736
7.5991
0
0
0
0
0
0
0
0
0
0
0
0
0
0
0
0
0
0
0
0
0
0
0
0
0
0
0
0
0
0
0
0
0
0
0
0
0
0
0
0
0
0
0
0
0
0
0
0
0
0
0
0
0
0
0
0
0
0
0
0
0
0
0
0
0
0
0
0
0
0
0
0
0
0
0
0
0
0
0
0
0
0
0
0
0
0
0
0
0
0
0
0
0
0
0
-3.9413
-3.9725
0
0
0
0
7.9139
0
0
0
0
0
0
0
0
0
0
0
0
0
0
0
0
0
0
0
0
0
0
0
0
0
0
0
0
0
0
0
0
0
0
0
0
0
0
0
0
0
0
0
0
0
0
0
0
0
0
0
0
0
0
0
0
0
0
0
0
0
0
0
0
0
0
0
0
0
0
0
0
0
0
0
0
0
0
0
0
0
0
0
0
0
0
0
0
0
0
-3.731
0
0
-3.9189
0
0
0
0
0
0
0
7.6499
0
0
0
0
0
0
0
0
0
0
0
0
0
0
0
0
0
0
0
0
0
0
0
0
0
0
0
0
0
0
0
0
0
0
0
0
0
0
0
0
0
0
0
0
0
0
0
0
0
0
0
0
0
0
0
0
0
0
0
0
0
0
0
0
0
0
0
0
0
0
0
0
0
0
0
0
0
0
-2.8049
0
0
-3.2227
0
0
0
0
0
0
0
0
0
0
0
0
0
0
0
0
0
0
0
6.0276
0
0
0
0
0
0
0
0
0
0
0
0
0
0
0
0
0
0
0
0
0
0
0
0
0
0
0
0
0
0
0
0
0
0
0
0
0
0
0
0
0
0
0
0
0
0
0
0
0
0
0
0
0
0
0
0
0
0
0
0
0
0
0
0
0
0
0
0
0
0
0
0
0
0
0
0
0
0
0
0
0
0
-3.4388
-4.0768
0
0
0
0
0
0
0
0
0
0
0
0
0
0
0
0
0
7.5156
0
0
0
0
0
0
0
0
0
0
0
0
0
0
0
0
0
0
0
0
0
0
0
0
0
0
0
0
0
0
0
0
0
0
0
0
0
0
0
0
0
0
0
0
0
0
0
0
0
0
0
0
0
0
0
0
0
0
0
0
0
0
0
0
0
0
0
0
0
0
0
0
0
0
0
0
0
0
0
0
0
-3.5615
0
0
0
0
0
0
0
-4.0928
0
0
0
0
0
0
0
0
0
0
0
7.6544
0
0
0
0
0
0
0
0
0
0
0
0
0
0
0
0
0
0
0
0
0
0
0
0
0
0
0
0
0
0
0
0
0
0
0
0
0
0
0
0
0
0
0
0
0
0
0
0
0
0
0
0
0
0
0
0
0
0
-5.401
0
0
0
0
0
0
0
0
0
0
0
0
0
0
0
0
0
0
0
0
0
0
0
0
0
0
0
0
0
0
0
0
0
0
0
0
0
0
0
0
0
0
5.401
0
0
0
0
0
0
0
0
0
0
0
0
0
0
0
0
0
0
0
0
0
0
0
0
0
0
0
0
0
0
0
0
0
0
0
0
0
0
0
0
0
0
0
-8.0084
0
0
0
0
0
0
0
0
0
0
0
0
0
0
0
0
0
0
0
0
0
0
0
0
0
0
0
0
0
0
0
0
0
0
0
0
0
0
0
0
0
0
0
0
0
0
0
0
0
0
0
0
0
0
0
0
0
8.0084
0
0
0
0
0
0
0
0
0
0
0
0
0
0
0
0
0
0
0
0
0
0
0
0
0
0
0
0
0
0
0
0
0
0
0
0
0
0
0
0
0
0
-8.0079
0
0
0
0
0
0
0
0
0
0
0
0
0
0
0
0
0
0
0
0
0
0
0
0
0
0
0
0
0
0
0
0
0
0
0
0
0
0
0
0
0
0
0
0
0
0
0
0
0
0
0
0
0
0
0
0
0
0
8.0079
0
0
0
0
0
0
0
0
0
0
0
0
0
0
0
0
0
0
0
0
0
-8.2998
0
0
0
0
0
0
0
0
0
0
0
0
0
0
0
0
0
0
0
0
0
0
0
0
0
0
0
0
0
0
0
0
0
0
0
0
0
0
0
0
0
0
0
0
0
0
0
0
0
0
0
0
0
0
0
0
0
0
0
0
0
0
0
0
0
0
0
0
0
0
0
0
0
0
0
0
0
0
0
8.2998
0
0
0
0
0
0
0
0
0
0
0
0
0
0
0
0
0
0
0
0
0
0
0
0
0
0
0
0
0
0
0
0
0
0
0
0
0
0
0
0
0
0
0
0
0
0
0
0
0
0
0
0
0
0
0
0
0
0
0
0
0
0
0
0
0
0
0
0
0
0
0
0
0
-3.1305
0
0
0
0
0
0
0
0
0
0
0
0
0
0
0
0
0
0
0
0
0
0
0
0
0
0
0
3.1305
0
0
0
0
0
0
0
0
0
0
0
0
0
0
0
0
0
0
0
0
0
0
0
0
0
0
0
0
0
0
0
0
0
0
0
0
0
0
0
0
0
0
0
0
0
0
0
0
0
0
0
0
0
0
0
0
0
0
0
0
0
0
0
0
0
0
0
0
0
0
0
0
0
0
0
0
0
0
-6.0696
0
0
0
0
0
0
0
0
0
0
0
0
0
0
0
0
0
0
0
0
0
0
6.0696
0
0
0
0
0
0
0
0
0
0
0
0
0
0
0
0
0
0
0
0
0
0
0
0
0
0
0
0
0
0
0
0
0
0
0
0
0
0
0
0
0
0
0
0
0
0
0
0
0
0
0
0
0
0
0
0
0
0
0
0
0
0
0
0
0
0
0
0
0
0
0
0
0
-2.5514
0
0
0
0
0
0
0
0
0
0
0
0
0
0
0
0
0
0
0
0
0
0
0
0
0
0
0
2.5514
0
0
0
0
0
0
0
0
0
0
0
0
0
0
0
0
0
0
0
0
0
0
0
0
0
0
0
0
0
0
0
0
0
0
0
0
0
0
0
0
0
0
0
0
0
0
0
0
0
0
0
0
0
0
0
0
0
0
0
0
0
0
0
0
0
0
0
0
0
0
0
0
0
0
0
0
0
0
0
0
-4.4144
0
0
0
0
0
0
0
0
0
0
0
0
0
0
0
0
0
0
0
0
4.4144
0
0
0
0
0
0
0
0
0
0
0
0
0
0
0
0
0
0
0
0
0
0
0
0
0
0
0
0
0
0
0
0
0
0
0
0
0
0
0
-7.1736
0
0
0
0
0
0
0
0
0
0
0
0
0
0
0
0
0
0
0
0
0
0
0
0
0
0
0
0
0
0
0
0
0
0
0
0
0
0
0
0
0
0
0
0
0
0
0
0
0
0
0
0
0
0
0
0
0
0
0
0
0
7.1736
0
0
0
0
0
0
0
0
0
0
0
0
0
0
0
0
0
0
-8.1672
0
0
0
0
0
0
0
0
0
0
0
0
0
0
0
0
0
0
0
0
0
0
0
0
0
0
0
0
0
0
0
0
0
0
0
0
0
0
0
0
0
0
0
0
0
0
0
0
0
0
0
0
0
0
0
0
0
0
0
0
0
0
0
0
0
0
0
0
0
0
0
0
0
0
0
0
0
0
0
0
0
0
8.1672
0
0
0
0
0
0
0
0
0
0
0
0
0
0
0
0
0
0
0
0
0
0
0
0
0
0
0
0
0
0
0
0
0
0
0
0
0
0
0
0
0
0
0
0
0
0
0
0
0
0
0
0
0
0
0
0
0
0
0
0
0
0
0
0
0
0
0
0
-3.9931
0
0
0
0
0
0
0
0
0
0
0
0
0
0
0
0
0
0
0
0
0
0
0
0
0
0
0
0
0
0
0
0
3.9931
0
0
0
0
0
0
0
0
0
0
0
0
0
0
0
0
0
0
0
0
0
0
0
0
0
0
0
0
0
0
0
0
0
0
0
0
0
0
-7.0593
0
0
0
0
0
0
0
0
0
0
0
0
0
0
0
0
0
0
0
0
0
0
0
0
0
0
0
0
0
0
0
0
0
0
0
0
0
0
0
0
0
0
0
0
0
0
0
0
0
0
0
0
0
0
0
0
0
0
0
0
0
0
7.0593
0
0
0
0
0
0
0
0
0
0
0
0
0
0
0
0
0
0
0
0
0
0
0
0
0
0
0
0
0
0
0
0
0
0
0
0
0
0
0
0
0
0
0
0
0
-5.8456
0
0
0
0
0
0
0
0
0
0
0
0
0
0
0
0
0
0
0
0
0
0
0
0
0
0
0
0
0
0
0
0
0
0
0
0
0
0
0
0
0
0
0
0
0
0
0
0
0
0
0
0
0
0
0
5.8456
0
0
0
0
0
0
0
0
0
0
0
0
0
0
0
0
0
0
0
0
0
0
0
0
0
0
0
0
0
0
0
0
0
0
0
0
0
0
0
0
0
0
0
0
0
0
0
0
0
0
0
0
0
0
0
0
0
0
0
0
0
0
0
0
0
0
0
0
0
0
0
-0.67254
0
0
0
0
0
0
0
0
0
0
0
0
0
0
0
0
0
0
0
0
0
0
0
0
0
0
0
0
0
0.67254
0
0
0
0
0
0
0
0
0
0
0
0
0
0
0
0
0
0
0
0
0
0
0
0
0
0
0
0
0
0
0
0
0
0
0
0
0
-6.8077
0
0
0
0
0
0
0
0
0
0
0
0
0
0
0
0
0
0
0
0
0
0
0
0
0
0
0
0
0
0
0
0
0
0
0
0
0
0
0
0
0
0
0
0
0
0
0
0
0
0
0
0
0
0
0
0
0
0
0
0
0
0
0
6.8077
0
0
0
0
0
0
0
0
-8.1835
0
0
0
0
0
0
0
0
0
0
0
0
0
0
0
0
0
0
0
0
0
0
0
0
0
0
0
0
0
0
0
0
0
0
0
0
0
0
0
0
0
0
0
0
0
0
0
0
0
0
0
0
0
0
0
0
0
0
0
0
0
0
0
0
0
0
0
0
0
0
0
0
0
0
0
0
0
0
0
0
0
0
0
0
0
0
0
0
0
0
0
0
8.1835
0
0
0
0
0
0
0
0
0
0
0
0
0
0
0
0
0
0
0
0
0
0
0
0
0
0
0
0
-8.0075
0
0
0
0
0
0
0
0
0
0
0
0
0
0
0
0
0
0
0
0
0
0
0
0
0
0
0
0
0
0
0
0
0
0
0
0
0
0
0
0
0
0
0
0
0
0
0
0
0
0
0
0
0
0
0
0
0
0
0
0
0
0
0
0
0
0
0
0
0
0
0
0
8.0075
0
0
0
0
0
0
0
0
0
0
0
0
0
0
0
0
0
0
0
0
0
0
0
0
0
0
0
0
0
0
0
0
0
0
0
0
0
0
0
0
0
0
0
0
0
0
0
0
0
0
0
0
0
0
0
0
0
0
0
0
0
0
0
0
0
0
0
0
-4.9619
0
0
0
0
0
0
0
0
0
0
0
0
0
0
0
0
0
0
0
0
0
0
0
0
0
0
0
0
0
0
0
0
4.9619
0
0
0
0
0
0
0
0
-8.1216
0
0
0
0
0
0
0
0
0
0
0
0
0
0
0
0
0
0
0
0
0
0
0
0
0
0
0
0
0
0
0
0
0
0
0
0
0
0
0
0
0
0
0
0
0
0
0
0
0
0
0
0
0
0
0
0
0
0
0
0
0
0
0
0
0
0
0
0
0
0
0
0
0
0
0
0
0
0
0
0
0
0
0
0
0
0
0
0
0
0
0
0
8.1216
0
0
0
0
0
0
0
0
0
0
0
0
0
0
0
0
0
0
0
0
0
0
0
0
0
0
0
0
0
0
0
0
0
0
0
0
0
0
0
0
0
0
0
0
0
0
-4.7468
0
0
0
0
0
0
0
0
0
0
0
0
0
0
0
0
0
0
0
0
0
0
0
0
0
0
0
0
0
0
0
0
0
0
0
0
0
0
0
0
0
0
0
0
0
0
0
0
0
0
0
0
0
0
4.7468
0
0
0
0
0
0
0
0
0
0
0
0
0
0
0
0
0
0
0
0
0
0
0
0
0
0
0
0
0
0
0
0
0
0
0
0
0
0
0
0
0
0
0
0
0
0
0
0
0
0
0
0
0
0
0
-4.4477
0
0
0
0
0
0
0
0
0
0
0
0
0
0
0
0
0
0
0
0
0
0
0
0
0
0
0
0
0
0
0
0
0
0
0
0
0
0
0
0
0
0
0
0
0
4.4477
