53.9286
-0.90386
-0.93418
-0.95468
-0.89297
-0.92292
-0.93134
-0.84577
-0.87208
-0.9239
-0.91285
-0.9172
-0.87887
-0.88802
-0.84373
-0.90291
-0.85108
-0.83684
-0.85597
-0.81569
-0.76305
-0.83397
-0.80064
-0.94874
-0.76272
-0.86147
-0.95546
-0.78667
-0.88577
-0.79961
-0.91444
-0.81222
-0.80577
-0.8053
-0.82199
-0.82179
-0.85869
-0.84839
-0.81919
-0.81335
-0.8378
-0.81335
-0.88043
-0.86768
-0.83767
-0.88865
-0.88579
-0.77907
-0.78487
-0.82245
-0.87616
-0.92469
-0.89466
-0.88223
-1.0275
0
0
0
0
0
-3.0909
0
0
0
0
0
0
0
0
0
0
0
0
-4.2306
0
0
0
0
0
0
0
0
0
0
0
0
0
0
0
0
0
0
0
0
0
0
0
0
0
0
0
-0.90386
51.5328
-0.95068
-0.9706
-0.91561
-0.93978
-0.94795
-0.86361
-0.89079
-0.94262
-0.93007
-0.93604
-0.89765
-0.90686
-0.86107
-0.92177
-0.8688
-0.85447
-0.87369
-0.83315
-0.77866
-0.85158
-0.81794
-0.96214
-0.77601
-0.89931
-0.97538
-0.80379
-0.9025
-0.81783
-0.93425
-0.82977
-0.8241
-0.82255
-0.83953
-0.84058
-0.87721
-0.86612
-0.8411
-0.83081
-0.85751
-0.83079
-0.89826
-0.88631
-0.85238
-0.90649
-0.9036
-0.80688
-0.80212
-0.84383
-0.89394
-0.94229
-0.912
-0.8992
-1.041
0
0
0
0
0
0
0
0
0
0
0
0
0
0
-3.9559
0
0
0
0
0
0
0
0
0
0
0
0
0
0
0
0
0
0
0
0
0
0
0
0
0
0
0
0
0
0
0
-0.93418
-0.95068
57.1715
-1.0332
-0.9436
-0.99781
-1.008
-0.88893
-0.91543
-0.96763
-0.95454
-0.96084
-0.92226
-0.93145
-0.88602
-0.9464
-0.89523
-0.88087
-0.90015
-0.85955
-0.80221
-0.87797
-0.84441
-0.97448
-0.80085
-0.91563
-0.97907
-0.83023
-0.91951
-0.84351
-0.95132
-0.85565
-0.85088
-0.84839
-0.86544
-0.86819
-0.89593
-0.88365
-0.86607
-0.85661
-0.88192
-0.85662
-0.92451
-0.91269
-0.8703
-0.93269
-0.92977
-0.83281
-0.82873
-0.8744
-0.92066
-0.971
-0.94152
-0.9299
-1.0404
0
0
0
0
0
0
0
0
0
0
0
0
0
0
0
0
0
0
0
0
0
0
0
0
0
0
0
0
0
0
0
0
0
0
0
0
0
0
0
0
-8.2169
0
0
0
0
0
-0.95468
-0.9706
-1.0332
58.3287
-0.96335
-1.0208
-1.0302
-0.90819
-0.9347
-0.9873
-0.97434
-0.98046
-0.94156
-0.95084
-0.90517
-0.96592
-0.91438
-0.89991
-0.91932
-0.87846
-0.82079
-0.897
-0.86319
-0.99335
-0.81943
-0.93549
-1.0003
-0.84896
-0.9394
-0.86249
-0.97217
-0.87456
-0.86985
-0.86727
-0.88444
-0.88728
-0.91554
-0.90303
-0.88515
-0.87556
-0.90116
-0.87556
-0.94389
-0.93212
-0.88952
-0.9521
-0.94919
-0.8517
-0.84761
-0.89358
-0.94003
-0.99062
-0.96097
-0.94927
-1.0608
0
0
0
0
0
0
0
0
0
0
0
0
0
0
0
0
0
0
0
0
0
0
0
0
0
0
0
0
-8.3419
0
0
0
0
0
0
0
0
0
0
0
0
0
0
0
0
0
-0.89297
-0.91561
-0.9436
-0.96335
50.4114
-0.93277
-0.94087
-0.85334
-0.88047
-0.93203
-0.91856
-0.92559
-0.88734
-0.89653
-0.85031
-0.91142
-0.85865
-0.84438
-0.86352
-0.82308
-0.76875
-0.8415
-0.80788
-0.95633
-0.76326
-0.876
-0.96596
-0.79363
-0.8942
-0.80863
-0.92683
-0.81956
-0.81418
-0.81248
-0.82939
-0.82838
-0.86673
-0.85789
-0.82983
-0.82065
-0.84989
-0.82066
-0.88775
-0.87708
-0.84261
-0.89605
-0.89314
-0.79114
-0.79147
-0.82933
-0.88299
-0.93139
-0.90137
-0.8887
-1.0324
0
0
0
0
0
0
0
0
0
0
0
0
0
-3.379
0
0
0
0
0
0
0
0
0
0
0
0
0
0
0
0
0
0
0
0
0
0
0
0
0
0
0
0
0
0
0
0
-0.92292
-0.93978
-0.99781
-1.0208
-0.93277
56.5368
-0.99441
-0.87839
-0.90485
-0.95685
-0.9437
-0.95008
-0.91167
-0.92082
-0.87552
-0.93573
-0.88473
-0.87041
-0.88963
-0.8492
-0.79204
-0.86755
-0.83409
-0.96422
-0.79066
-0.90476
-0.96752
-0.81996
-0.90875
-0.83309
-0.93999
-0.84525
-0.84049
-0.83803
-0.855
-0.85773
-0.88527
-0.87308
-0.85562
-0.84622
-0.87137
-0.84622
-0.91386
-0.90203
-0.85981
-0.92201
-0.91911
-0.82244
-0.81836
-0.86387
-0.90999
-0.96018
-0.93079
-0.91921
-1.0293
0
0
0
0
0
0
0
0
0
0
0
0
0
0
0
0
0
0
0
0
0
0
0
0
0
0
0
0
0
0
0
0
0
0
0
0
0
0
0
0
0
0
0
-8.1489
0
0
-0.93134
-0.94795
-1.008
-1.0302
-0.94087
-0.99441
57.0111
-0.88629
-0.91277
-0.96492
-0.95182
-0.95813
-0.91959
-0.92878
-0.88338
-0.94372
-0.89259
-0.87825
-0.89751
-0.85694
-0.79965
-0.87535
-0.84181
-0.9719
-0.79827
-0.91289
-0.97616
-0.82764
-0.9168
-0.84089
-0.94847
-0.85302
-0.84826
-0.84578
-0.86281
-0.86556
-0.89325
-0.88099
-0.86344
-0.85401
-0.87925
-0.85401
-0.92183
-0.91
-0.86767
-0.92999
-0.92709
-0.83021
-0.82611
-0.87175
-0.91797
-0.96827
-0.93884
-0.92722
-1.0376
0
0
0
0
0
0
0
0
0
0
0
0
0
0
0
0
0
0
0
0
0
0
0
0
0
0
0
0
0
0
0
0
0
0
-8.199
0
0
0
0
0
0
0
0
0
0
0
-0.84577
-0.86361
-0.88893
-0.90819
-0.85334
-0.87839
-0.88629
44.4464
-0.81964
-0.87321
-0.86628
-0.86589
-0.82628
-0.8356
-0.7959
-0.85093
-0.81249
-0.79763
-0.81755
-0.77529
-0.71675
-0.7946
-0.75937
-0.89833
-0.71394
-0.82369
-0.90911
-0.7411
-0.83246
-0.75564
-0.86992
-0.7662
-0.76159
-0.75919
-0.77565
-0.77754
-0.81365
-0.80084
-0.77746
-0.76708
-0.7951
-0.76708
-0.83278
-0.82184
-0.78755
-0.84074
-0.83791
-0.74223
-0.73956
-0.78156
-0.82811
-0.87572
-0.84627
-0.8342
0
0
0
0
-1.2404
0
0
0
0
0
0
0
0
0
0
0
0
0
0
0
0
0
0
0
0
0
0
0
0
0
0
0
0
0
0
0
0
0
0
0
0
0
0
0
0
0
0
-0.87208
-0.89079
-0.91543
-0.9347
-0.88047
-0.90485
-0.91277
-0.81964
45.504
-0.90114
-0.89648
-0.8933
-0.8503
-0.86062
-0.81647
-0.87752
-0.82894
-0.81482
-0.83361
-0.79331
-0.7387
-0.81193
-0.77788
-0.92519
-0.7367
-0.87107
-0.93676
-0.76414
-0.86582
-0.77918
-0.91806
-0.78991
-0.78572
-0.78291
-0.79942
-0.80166
-0.83664
-0.82491
-0.80093
-0.79068
-0.8202
-0.79069
-0.85666
-0.84627
-0.81112
-0.86472
-0.86187
-0.76708
-0.76414
-0.80746
-0.85268
-0.90088
-0.87102
-0.85844
-0.99535
0
0
0
0
0
0
0
0
0
0
0
0
0
0
0
0
0
0
0
0
0
0
0
0
0
0
0
0
0
0
0
0
0
0
0
0
0
0
0
0
0
0
0
0
0
0
-0.9239
-0.94262
-0.96763
-0.9873
-0.93203
-0.95685
-0.96492
-0.87321
-0.90114
48.3403
-0.94643
-0.95183
-0.90858
-0.91842
-0.8706
-0.93522
-0.88122
-0.86671
-0.88615
-0.84499
-0.78954
-0.86378
-0.82947
-0.97719
-0.78762
-0.91725
-0.98753
-0.81577
-0.92611
-0.83309
-0.9645
-0.84254
-0.83896
-0.83536
-0.85264
-0.8556
-0.8953
-0.88069
-0.85485
-0.84387
-0.87537
-0.84387
-0.91182
-0.90233
-0.86598
-0.92004
-0.91714
-0.8199
-0.81715
-0.86168
-0.9073
-0.95619
-0.92545
-0.91243
-1.0523
0
0
0
0
0
0
0
0
0
0
0
0
0
0
0
0
0
0
0
0
0
0
0
0
0
0
0
0
0
0
0
0
0
0
0
0
0
0
0
0
0
0
0
0
0
0
-0.91285
-0.93007
-0.95454
-0.97434
-0.91856
-0.9437
-0.95182
-0.86628
-0.89648
-0.94643
49.2776
-0.9407
-0.90333
-0.91242
-0.86403
-0.92712
-0.87162
-0.85728
-0.87649
-0.83578
-0.77991
-0.85437
-0.82041
-0.9644
-0.77834
-0.89816
-0.97427
-0.80617
-0.90819
-0.82388
-0.94278
-0.83265
-0.82889
-0.82542
-0.84256
-0.84529
-0.88249
-0.86864
-0.84459
-0.83372
-0.86508
-0.83373
-0.9013
-0.89308
-0.85222
-0.90952
-0.90664
-0.8103
-0.79463
-0.85086
-0.89634
-0.94542
-0.91487
-0.90191
0
0
0
0
0
0
0
-2.5627
0
0
0
0
0
0
0
0
0
0
0
0
0
0
0
0
0
0
0
0
0
0
0
0
0
0
0
0
0
0
0
0
0
0
0
0
0
0
0
-0.9172
-0.93604
-0.96084
-0.98046
-0.92559
-0.95008
-0.95813
-0.86589
-0.8933
-0.95183
-0.9407
47.9651
-0.90073
-0.91052
-0.86322
-0.92724
-0.8741
-0.85966
-0.87899
-0.83799
-0.78268
-0.85674
-0.82248
-0.97035
-0.78077
-0.91212
-0.98108
-0.80882
-0.91839
-0.82586
-0.95889
-0.83548
-0.83184
-0.82836
-0.84554
-0.84839
-0.88749
-0.87324
-0.84762
-0.83677
-0.86799
-0.83678
-0.90446
-0.89481
-0.85861
-0.91266
-0.90977
-0.81287
-0.81009
-0.85445
-0.90004
-0.94888
-0.91824
-0.90529
-1.0447
0
0
0
0
0
0
0
0
0
0
0
0
0
0
0
0
0
0
0
0
0
0
0
0
0
0
0
0
0
0
0
0
0
0
0
0
0
0
0
0
0
0
0
0
0
0
-0.87887
-0.89765
-0.92226
-0.94156
-0.88734
-0.91167
-0.91959
-0.82628
-0.8503
-0.90858
-0.90333
-0.90073
45.8698
-0.86828
-0.82315
-0.88497
-0.83543
-0.82131
-0.84015
-0.79981
-0.74514
-0.81842
-0.78438
-0.93191
-0.74316
-0.8776
-0.94349
-0.77072
-0.87374
-0.78608
-0.92443
-0.79663
-0.79252
-0.78963
-0.80622
-0.80859
-0.84436
-0.83207
-0.80786
-0.79751
-0.82728
-0.79751
-0.86377
-0.8535
-0.81816
-0.87184
-0.86898
-0.77387
-0.77097
-0.81444
-0.8597
-0.90803
-0.87804
-0.8654
-1.0027
0
0
0
0
0
0
0
0
0
0
0
0
0
0
0
0
0
0
0
0
0
0
0
0
0
0
0
0
0
0
0
0
0
0
0
0
0
0
0
0
0
0
0
0
0
0
-0.88802
-0.90686
-0.93145
-0.95084
-0.89653
-0.92082
-0.92878
-0.8356
-0.86062
-0.91842
-0.91242
-0.91052
-0.86828
46.3664
-0.83261
-0.89472
-0.84453
-0.83033
-0.84929
-0.80876
-0.75398
-0.82742
-0.79331
-0.94107
-0.75204
-0.88621
-0.95251
-0.77971
-0.88333
-0.79553
-0.93291
-0.80582
-0.80181
-0.79879
-0.81554
-0.81805
-0.85485
-0.84192
-0.81729
-0.8068
-0.83699
-0.80682
-0.87345
-0.86338
-0.82782
-0.88155
-0.87868
-0.78314
-0.78023
-0.82393
-0.86925
-0.91773
-0.88758
-0.87487
-1.0127
0
0
0
0
0
0
0
0
0
0
0
0
0
0
0
0
0
0
0
0
0
0
0
0
0
0
0
0
0
0
0
0
0
0
0
0
0
0
0
0
0
0
0
0
0
0
-0.84373
-0.86107
-0.88602
-0.90517
-0.85031
-0.87552
-0.88338
-0.7959
-0.81647
-0.8706
-0.86403
-0.86322
-0.82315
-0.83261
44.7816
-0.84814
-0.80759
-0.79306
-0.81249
-0.77111
-0.71383
-0.79011
-0.75541
-0.89623
-0.71118
-0.82238
-0.90702
-0.73825
-0.82872
-0.75187
-0.869
-0.76325
-0.75857
-0.75627
-0.77261
-0.7739
-0.80909
-0.79738
-0.77405
-0.76403
-0.79201
-0.76404
-0.82953
-0.81786
-0.78464
-0.83754
-0.83468
-0.73902
-0.73665
-0.77897
-0.82513
-0.87276
-0.84338
-0.8313
0
0
-1.7374
0
0
0
0
0
0
0
0
0
0
0
0
0
0
0
0
0
0
0
0
0
0
0
0
0
0
0
0
0
0
0
0
0
0
0
0
0
0
0
0
0
0
0
0
-0.90291
-0.92177
-0.9464
-0.96592
-0.91142
-0.93573
-0.94372
-0.85093
-0.87752
-0.93522
-0.92712
-0.92724
-0.88497
-0.89472
-0.84814
47.1779
-0.85945
-0.84514
-0.86429
-0.82355
-0.76849
-0.84223
-0.8081
-0.95596
-0.76656
-0.89986
-0.96714
-0.79445
-0.9005
-0.81086
-0.94635
-0.82086
-0.817
-0.81374
-0.83073
-0.8334
-0.87132
-0.85775
-0.83267
-0.82199
-0.85267
-0.82198
-0.88915
-0.87927
-0.84341
-0.89732
-0.89442
-0.79819
-0.79534
-0.83937
-0.88483
-0.93355
-0.9031
-0.89026
-1.0289
0
0
0
0
0
0
0
0
0
0
0
0
0
0
0
0
0
0
0
0
0
0
0
0
0
0
0
0
0
0
0
0
0
0
0
0
0
0
0
0
0
0
0
0
0
0
-0.85108
-0.8688
-0.89523
-0.91438
-0.85865
-0.88473
-0.89259
-0.81249
-0.82894
-0.88122
-0.87162
-0.8741
-0.83543
-0.84453
-0.80759
-0.85945
43.4385
-0.78011
-0.80351
-0.75617
-0.71203
-0.77678
-0.73968
-0.90556
-0.7129
-0.83117
-0.91156
-0.74258
-0.84587
-0.76323
-0.88047
-0.77014
-0.7668
-0.76345
-0.78086
-0.78421
-0.83417
-0.81066
-0.78396
-0.77266
-0.80337
-0.77265
-0.83987
-0.83094
-0.79643
-0.84782
-0.84496
-0.74955
-0.74681
-0.78921
-0.83473
-0.88184
-0.85181
-0.83917
0
0
0
0
0
0
0
0
0
0
0
0
0
0
0
0
0
0
0
0
0
0
0
0
0
0
0
0
0
0
0
0
0
0
0
0
0
0
0
0
0
0
0
0
0
0
0
-0.83684
-0.85447
-0.88087
-0.89991
-0.84438
-0.87041
-0.87825
-0.79763
-0.81482
-0.86671
-0.85728
-0.85966
-0.82131
-0.83033
-0.79306
-0.84514
-0.78011
42.6811
-0.78681
-0.7385
-0.6979
-0.75879
-0.72242
-0.89119
-0.69888
-0.8172
-0.89719
-0.7285
-0.83257
-0.7484
-0.86647
-0.75591
-0.75231
-0.7493
-0.76656
-0.7698
-0.82167
-0.79563
-0.7695
-0.7584
-0.78852
-0.7584
-0.82523
-0.81614
-0.78201
-0.83314
-0.8303
-0.73549
-0.73277
-0.77487
-0.8202
-0.86703
-0.83722
-0.82468
0
0
0
0
0
0
0
0
0
0
0
0
0
0
0
0
0
0
0
0
0
0
0
0
0
0
0
0
0
0
0
0
0
0
0
0
0
0
0
0
0
0
0
0
0
0
0
-0.85597
-0.87369
-0.90015
-0.91932
-0.86352
-0.88963
-0.89751
-0.81755
-0.83361
-0.88615
-0.87649
-0.87899
-0.84015
-0.84929
-0.81249
-0.86429
-0.80351
-0.78681
43.6999
-0.76305
-0.71715
-0.78353
-0.74648
-0.91051
-0.71787
-0.83594
-0.91651
-0.74752
-0.85021
-0.76822
-0.8853
-0.77508
-0.77181
-0.76836
-0.78579
-0.78913
-0.83806
-0.81568
-0.7889
-0.77755
-0.80837
-0.77755
-0.84482
-0.83587
-0.80133
-0.85281
-0.84994
-0.75434
-0.75156
-0.79406
-0.83968
-0.88689
-0.85679
-0.84413
0
0
0
0
0
0
0
0
0
0
0
0
0
0
0
0
0
0
0
0
0
0
0
0
0
0
0
0
0
0
0
0
0
0
0
0
0
0
0
0
0
0
0
0
0
0
0
-0.81569
-0.83315
-0.85955
-0.87846
-0.82308
-0.8492
-0.85694
-0.77529
-0.79331
-0.84499
-0.83578
-0.83799
-0.79981
-0.80876
-0.77111
-0.82355
-0.75617
-0.7385
-0.76305
41.5653
-0.67842
-0.73527
-0.70001
-0.86999
-0.67929
-0.79632
-0.87577
-0.70846
-0.81209
-0.72656
-0.84559
-0.73536
-0.73137
-0.72877
-0.74567
-0.74861
-0.79986
-0.77309
-0.74823
-0.73751
-0.76653
-0.73751
-0.8035
-0.79396
-0.76043
-0.81133
-0.80851
-0.71461
-0.71196
-0.7536
-0.79869
-0.84513
-0.81568
-0.80329
0
0
0
0
0
0
0
0
0
0
0
0
0
0
0
0
0
0
0
0
0
0
0
0
0
0
0
0
0
0
0
0
0
0
0
0
0
0
0
0
0
0
0
0
0
0
0
-0.76305
-0.77866
-0.80221
-0.82079
-0.76875
-0.79204
-0.79965
-0.71675
-0.7387
-0.78954
-0.77991
-0.78268
-0.74514
-0.75398
-0.71383
-0.76849
-0.71203
-0.6979
-0.71715
-0.67842
40.0336
-0.69517
-0.66615
-0.81043
-0.63263
-0.74329
-0.81766
-0.66008
-0.74872
-0.67198
-0.78984
-0.68376
-0.67867
-0.67692
-0.69228
-0.69356
-0.72493
-0.71339
-0.69339
-0.68382
-0.7109
-0.68381
-0.74665
-0.73737
-0.69909
-0.75428
-0.75152
-0.66198
-0.65722
-0.69878
-0.743
-0.78847
-0.76047
0
0
0
0
0
0
0
0
0
0
-2.0437
0
0
0
0
0
0
0
0
0
0
0
0
0
0
0
0
0
0
0
0
0
0
0
0
0
0
0
0
0
0
0
0
0
0
0
0
0
-0.83397
-0.85158
-0.87797
-0.897
-0.8415
-0.86755
-0.87535
-0.7946
-0.81193
-0.86378
-0.85437
-0.85674
-0.81842
-0.82742
-0.79011
-0.84223
-0.77678
-0.75879
-0.78353
-0.73527
-0.69517
42.5294
-0.71928
-0.88832
-0.69617
-0.81438
-0.89429
-0.72574
-0.82983
-0.74542
-0.86365
-0.75307
-0.74943
-0.74647
-0.76371
-0.76692
-0.81889
-0.7926
-0.7666
-0.75555
-0.78554
-0.75556
-0.82228
-0.81316
-0.77907
-0.83018
-0.82735
-0.73264
-0.72992
-0.77197
-0.81729
-0.86404
-0.83428
-0.82177
0
0
0
0
0
0
0
0
0
0
0
0
0
0
0
0
0
0
0
0
0
0
0
0
0
0
0
0
0
0
0
0
0
0
0
0
0
0
0
0
0
0
0
0
0
0
0
-0.80064
-0.81794
-0.84441
-0.86319
-0.80788
-0.83409
-0.84181
-0.75937
-0.77788
-0.82947
-0.82041
-0.82248
-0.78438
-0.79331
-0.75541
-0.8081
-0.73968
-0.72242
-0.74648
-0.70001
-0.66615
-0.71928
40.7767
-0.85494
-0.66643
-0.78138
-0.86051
-0.69479
-0.79731
-0.71059
-0.83066
-0.72116
-0.717
-0.71454
-0.73108
-0.73374
-0.78277
-0.75703
-0.7333
-0.72287
-0.75104
-0.72286
-0.7881
-0.77809
-0.74516
-0.79592
-0.79311
-0.69992
-0.69726
-0.73858
-0.78346
-0.82964
-0.80047
-0.78823
0
0
0
0
0
0
0
0
0
0
0
0
0
0
0
0
0
0
0
0
0
0
0
0
0
0
0
0
0
0
0
0
0
0
0
0
0
0
0
0
0
0
0
0
0
0
0
-0.94874
-0.96214
-0.97448
-0.99335
-0.95633
-0.96422
-0.9719
-0.89833
-0.92519
-0.97719
-0.9644
-0.97035
-0.93191
-0.94107
-0.89623
-0.95596
-0.90556
-0.89119
-0.91051
-0.86999
-0.81043
-0.88832
-0.85494
68.6859
-0.80809
-0.92908
-0.99633
-0.83999
-0.91279
-0.85429
-0.94858
-0.86542
-0.86085
-0.85806
-0.87529
-0.87849
-0.90499
-0.88862
-0.87533
-0.86647
-0.89114
-0.86647
-0.93492
-0.9242
-0.8764
-0.94318
-0.94027
-0.84629
0
-0.88551
-0.93271
0
0
0
0
0
0
0
0
0
0
0
0
0
0
0
0
0
0
0
0
0
0
0
0
0
0
0
0
0
0
-8.0403
-8.0398
0
0
0
0
0
0
0
0
0
0
0
0
0
-8.0393
0
0
0
0
-0.76272
-0.77601
-0.80085
-0.81943
-0.76326
-0.79066
-0.79827
-0.71394
-0.7367
-0.78762
-0.77834
-0.78077
-0.74316
-0.75204
-0.71118
-0.76656
-0.7129
-0.69888
-0.71787
-0.67929
-0.63263
-0.69617
-0.66643
-0.80809
39.4568
-0.73767
-0.81431
-0.65853
-0.74389
-0.66609
-0.78339
-0.68122
-0.67519
-0.67422
-0.68918
-0.69029
-0.7202
-0.71039
-0.68986
-0.68068
-0.70595
-0.68067
-0.74323
-0.73093
-0.70033
-0.75084
-0.7481
-0.65683
-0.65409
-0.69301
-0.73957
-0.78505
0
0
0
0
0
0
0
0
0
0
0
0
0
0
0
0
0
0
0
0
-2.3593
0
0
0
0
0
0
0
0
0
0
0
0
0
0
0
0
0
0
0
0
0
0
0
0
0
0
0
0
-0.86147
-0.89931
-0.91563
-0.93549
-0.876
-0.90476
-0.91289
-0.82369
-0.87107
-0.91725
-0.89816
-0.91212
-0.8776
-0.88621
-0.82238
-0.89986
-0.83117
-0.8172
-0.83594
-0.79632
-0.74329
-0.81438
-0.78138
-0.92908
-0.73767
49.8905
-0.93627
-0.76452
-0.85907
-0.77647
-0.88702
-0.78943
-0.78138
-0.78324
-0.7994
-0.79769
-0.83317
-0.82477
-0.79909
-0.79071
-0.81162
-0.79071
-0.85698
-0.84387
-0.8138
-0.86534
-0.86249
-0.72731
-0.7611
-0.7993
-0.85344
0
0
0
0
0
0
0
0
0
0
0
0
0
-4.1025
0
0
0
0
0
-3.8795
0
0
0
0
0
0
0
0
0
0
0
0
0
0
0
0
0
0
0
0
0
0
0
0
0
0
0
0
0
0
-0.95546
-0.97538
-0.97907
-1.0003
-0.96596
-0.96752
-0.97616
-0.90911
-0.93676
-0.98753
-0.97427
-0.98108
-0.94349
-0.95251
-0.90702
-0.96714
-0.91156
-0.89719
-0.91651
-0.87577
-0.81766
-0.89429
-0.86051
-0.99633
-0.81431
-0.93627
52.9875
-0.84266
-0.951
-0.85787
-0.98582
-0.86919
-0.86478
-0.86187
-0.87914
-0.88192
-0.91537
-0.90129
-0.88053
-0.87027
-0.89749
-0.87029
-0.93882
-0.92767
-0.88762
-0.94716
-0.94423
-0.84675
-0.84182
-0.88731
-0.9342
0
0
0
0
0
0
0
0
0
0
0
0
0
0
0
0
0
0
0
0
0
0
0
0
0
0
0
0
0
0
0
0
0
0
0
0
0
-7.2032
0
0
0
0
0
0
0
0
0
0
0
0
-0.78667
-0.80379
-0.83023
-0.84896
-0.79363
-0.81996
-0.82764
-0.7411
-0.76414
-0.81577
-0.80617
-0.80882
-0.77072
-0.77971
-0.73825
-0.79445
-0.74258
-0.7285
-0.74752
-0.70846
-0.66008
-0.72574
-0.69479
-0.83999
-0.65853
-0.76452
-0.84266
37.6893
-0.77337
-0.69441
-0.81015
-0.70969
-0.70019
-0.70146
-0.71648
-0.71744
-0.75011
-0.7419
-0.71702
-0.70756
-0.73126
-0.70755
-0.77102
-0.75958
-0.72836
-0.77885
-0.77607
-0.68375
-0.6811
-0.72171
-0.76695
0
0
0
0
0
0
0
0
0
0
0
0
0
0
0
0
0
0
0
0
0
0
0
0
0
0
0
0
0
0
0
0
0
0
0
0
0
0
0
0
0
0
0
0
0
0
0
0
0
0
-0.88577
-0.9025
-0.91951
-0.9394
-0.8942
-0.90875
-0.9168
-0.83246
-0.86582
-0.92611
-0.90819
-0.91839
-0.87374
-0.88333
-0.82872
-0.9005
-0.84587
-0.83257
-0.85021
-0.81209
-0.74872
-0.82983
-0.79731
-0.91279
-0.74389
-0.85907
-0.951
-0.77337
46.9438
-0.78261
-0.896
-0.79822
-0.79152
-0.79071
-0.80668
-0.80777
-0.83308
-0.82107
-0.80648
-0.79775
-0.82172
-0.79775
-0.86415
-0.85026
-0.81121
-0.8724
-0.86954
-0.77464
0
0
0
0
0
0
0
0
0
0
0
0
0
0
0
0
0
0
0
0
0
0
0
0
0
0
0
0
0
0
0
0
0
0
0
0
0
0
0
0
0
0
0
-7.0893
0
0
0
0
0
0
0
0
0
-0.79961
-0.81783
-0.84351
-0.86249
-0.80863
-0.83309
-0.84089
-0.75564
-0.77918
-0.83309
-0.82388
-0.82586
-0.78608
-0.79553
-0.75187
-0.81086
-0.76323
-0.7484
-0.76822
-0.72656
-0.67198
-0.74542
-0.71059
-0.85429
-0.66609
-0.77647
-0.85787
-0.69441
-0.78261
40.8341
-0.81862
-0.7191
-0.71125
-0.7114
-0.72569
-0.72712
-0.75756
-0.74558
-0.72513
-0.71914
-0.74171
-0.71914
-0.78127
-0.70799
-0.73784
-0.78907
-0.7863
-0.69535
0
0
0
0
0
0
0
0
0
0
0
0
0
0
-4.7806
0
0
0
0
0
0
0
0
0
0
0
0
0
0
0
0
0
0
0
0
0
0
0
0
0
0
0
0
0
0
0
0
0
0
0
0
0
0
-0.91444
-0.93425
-0.95132
-0.97217
-0.92683
-0.93999
-0.94847
-0.86992
-0.91806
-0.9645
-0.94278
-0.95889
-0.92443
-0.93291
-0.869
-0.94635
-0.88047
-0.86647
-0.8853
-0.84559
-0.78984
-0.86365
-0.83066
-0.94858
-0.78339
-0.88702
-0.98582
-0.81015
-0.896
-0.81862
51.6463
-0.83414
-0.82578
-0.82708
-0.84356
-0.84451
-0.87275
-0.86089
-0.84166
-0.83472
-0.86187
-0.83472
-0.90247
-0.88615
-0.85043
-0.91132
-0.90844
0
0
0
0
0
0
0
0
0
0
0
0
0
0
0
0
0
0
-4.0666
0
0
0
0
0
0
0
0
0
0
0
0
0
0
0
0
0
0
0
0
0
0
0
0
0
0
0
0
-6.8333
0
0
0
0
0
0
-0.81222
-0.82977
-0.85565
-0.87456
-0.81956
-0.84525
-0.85302
-0.7662
-0.78991
-0.84254
-0.83265
-0.83548
-0.79663
-0.80582
-0.76325
-0.82086
-0.77014
-0.75591
-0.77508
-0.73536
-0.68376
-0.75307
-0.72116
-0.86542
-0.68122
-0.78943
-0.86919
-0.70969
-0.79822
-0.7191
-0.83414
36.7038
-0.72896
-0.72425
-0.74097
-0.74082
-0.77573
-0.76567
-0.74253
-0.73193
-0.76184
-0.73192
-0.79733
-0.78554
-0.7553
-0.80537
-0.80258
-0.70884
0
0
0
0
0
0
0
0
0
0
0
0
0
0
0
0
0
0
0
0
0
0
0
0
0
0
0
0
0
0
0
0
0
0
0
0
0
0
0
0
0
0
0
0
0
0
0
0
0
0
0
0
0
-0.80577
-0.8241
-0.85088
-0.86985
-0.81418
-0.84049
-0.84826
-0.76159
-0.78572
-0.83896
-0.82889
-0.83184
-0.79252
-0.80181
-0.75857
-0.817
-0.7668
-0.75231
-0.77181
-0.73137
-0.67867
-0.74943
-0.717
-0.86085
-0.67519
-0.78138
-0.86478
-0.70019
-0.79152
-0.71125
-0.82578
-0.72896
38.5016
-0.72168
-0.73708
-0.73656
-0.76888
-0.76587
-0.73656
-0.72794
-0.74865
-0.72795
-0.79289
-0.77836
-0.7499
-0.80178
-0.799
0
0
0
0
0
0
0
0
0
0
0
0
0
0
0
0
0
0
0
-2.7308
0
0
0
0
0
0
0
0
0
0
0
0
0
0
0
0
0
0
0
0
0
0
0
0
0
0
0
0
0
0
0
0
0
0
-0.8053
-0.82255
-0.84839
-0.86727
-0.81248
-0.83803
-0.84578
-0.75919
-0.78291
-0.83536
-0.82542
-0.82836
-0.78963
-0.79879
-0.75627
-0.81374
-0.76345
-0.7493
-0.76836
-0.72877
-0.67692
-0.74647
-0.71454
-0.85806
-0.67422
-0.78324
-0.86187
-0.70146
-0.79071
-0.7114
-0.82708
-0.72425
-0.72168
35.6744
-0.7342
-0.72863
-0.76907
-0.75849
-0.73556
-0.72473
-0.75497
-0.72473
-0.79071
-0.77774
-0.7489
-0.79909
-0.79631
0
0
0
0
0
0
0
0
0
0
0
0
0
0
0
0
0
0
0
0
0
0
0
0
0
0
0
0
0
0
0
0
0
0
0
0
0
0
0
0
0
0
0
0
0
0
0
0
0
0
0
0
0
0
-0.82199
-0.83953
-0.86544
-0.88444
-0.82939
-0.855
-0.86281
-0.77565
-0.79942
-0.85264
-0.84256
-0.84554
-0.80622
-0.81554
-0.77261
-0.83073
-0.78086
-0.76656
-0.78579
-0.74567
-0.69228
-0.76371
-0.73108
-0.87529
-0.68918
-0.7994
-0.87914
-0.71648
-0.80668
-0.72569
-0.84356
-0.74097
-0.73708
-0.7342
34.0129
-0.7551
-0.78055
-0.77312
-0.74504
-0.73977
-0.7685
-0.73977
-0.80455
-0.79337
0
0
0
0
0
0
0
0
0
0
0
0
0
0
0
0
0
0
0
0
0
0
0
0
0
0
0
0
0
0
0
0
0
0
0
0
0
0
0
0
0
0
0
0
0
0
0
0
0
0
0
0
0
0
0
0
0
-0.82179
-0.84058
-0.86819
-0.88728
-0.82838
-0.85773
-0.86556
-0.77754
-0.80166
-0.8556
-0.84529
-0.84839
-0.80859
-0.81805
-0.7739
-0.8334
-0.78421
-0.7698
-0.78913
-0.74861
-0.69356
-0.76692
-0.73374
-0.87849
-0.69029
-0.79769
-0.88192
-0.71744
-0.80777
-0.72712
-0.84451
-0.74082
-0.73656
-0.72863
-0.7551
35.5485
-0.77093
-0.77104
-0.75242
-0.74663
-0.75893
-0.74664
-0.80907
0
0
0
0
0
0
0
0
0
0
0
0
-2.2686
0
0
0
0
0
0
0
0
0
0
0
0
0
0
0
0
0
0
0
0
0
0
0
0
0
0
0
0
0
0
0
0
0
0
0
0
0
0
0
0
0
0
0
0
0
-0.85869
-0.87721
-0.89593
-0.91554
-0.86673
-0.88527
-0.89325
-0.81365
-0.83664
-0.8953
-0.88249
-0.88749
-0.84436
-0.85485
-0.80909
-0.87132
-0.83417
-0.82167
-0.83806
-0.79986
-0.72493
-0.81889
-0.78277
-0.90499
-0.7202
-0.83317
-0.91537
-0.75011
-0.83308
-0.75756
-0.87275
-0.77573
-0.76888
-0.76907
-0.78055
-0.77093
42.0315
-0.78987
-0.77651
-0.77
-0.78344
-0.76999
0
0
0
0
0
0
0
0
0
0
0
0
0
-2.3107
0
0
0
0
0
0
0
0
0
0
0
0
0
0
0
0
0
0
0
0
0
0
0
0
0
0
0
0
0
0
0
0
0
0
0
0
-5.8705
0
0
0
0
0
0
0
0
-0.84839
-0.86612
-0.88365
-0.90303
-0.85789
-0.87308
-0.88099
-0.80084
-0.82491
-0.88069
-0.86864
-0.87324
-0.83207
-0.84192
-0.79738
-0.85775
-0.81066
-0.79563
-0.81568
-0.77309
-0.71339
-0.7926
-0.75703
-0.88862
-0.71039
-0.82477
-0.90129
-0.7419
-0.82107
-0.74558
-0.86089
-0.76567
-0.76587
-0.75849
-0.77312
-0.77104
-0.78987
38.7599
-0.76792
-0.76187
-0.78006
-0.76185
0
0
0
0
0
0
0
0
0
0
0
0
0
0
0
0
0
0
0
0
0
0
0
0
0
0
0
0
0
0
0
0
0
0
0
0
0
0
-5.421
0
0
0
0
0
0
0
0
0
0
0
0
0
0
0
0
0
0
0
0
-0.81919
-0.8411
-0.86607
-0.88515
-0.82983
-0.85562
-0.86344
-0.77746
-0.80093
-0.85485
-0.84459
-0.84762
-0.80786
-0.81729
-0.77405
-0.83267
-0.78396
-0.7695
-0.7889
-0.74823
-0.69339
-0.7666
-0.7333
-0.87533
-0.68986
-0.79909
-0.88053
-0.71702
-0.80648
-0.72513
-0.84166
-0.74253
-0.73656
-0.73556
-0.74504
-0.75242
-0.77651
-0.76792
33.9311
-0.73831
0
-0.73832
0
0
0
0
0
0
0
0
0
0
0
0
0
0
0
-2.2613
0
0
0
0
0
0
0
0
0
0
0
0
0
0
0
0
0
0
0
0
0
0
0
0
0
0
0
0
0
0
0
0
0
0
0
0
0
0
0
0
0
0
0
-0.81335
-0.83081
-0.85661
-0.87556
-0.82065
-0.84622
-0.85401
-0.76708
-0.79068
-0.84387
-0.83372
-0.83677
-0.79751
-0.8068
-0.76403
-0.82199
-0.77266
-0.7584
-0.77755
-0.73751
-0.68382
-0.75555
-0.72287
-0.86647
-0.68068
-0.79071
-0.87027
-0.70756
-0.79775
-0.71914
-0.83472
-0.73193
-0.72794
-0.72473
-0.73977
-0.74663
-0.77
-0.76187
-0.73831
32.0328
-0.76179
-0.69449
0
0
0
0
0
0
0
0
0
0
0
0
0
0
0
0
0
0
0
0
0
0
0
0
0
0
0
0
0
0
0
0
0
0
0
0
0
0
0
0
0
0
0
0
0
0
0
0
0
0
0
0
0
0
0
0
0
0
0
-0.8378
-0.85751
-0.88192
-0.90116
-0.84989
-0.87137
-0.87925
-0.7951
-0.8202
-0.87537
-0.86508
-0.86799
-0.82728
-0.83699
-0.79201
-0.85267
-0.80337
-0.78852
-0.80837
-0.76653
-0.7109
-0.78554
-0.75104
-0.89114
-0.70595
-0.81162
-0.89749
-0.73126
-0.82172
-0.74171
-0.86187
-0.76184
-0.74865
-0.75497
-0.7685
-0.75893
-0.78344
-0.78006
0
-0.76179
37.2205
-0.76179
0
0
0
0
0
0
0
0
0
0
0
0
0
0
0
0
0
-4.8519
0
0
0
0
0
0
0
0
0
0
0
0
0
0
0
0
0
0
0
0
0
0
0
0
0
0
0
0
0
0
0
0
0
0
0
0
0
0
0
0
0
-0.81335
-0.83079
-0.85662
-0.87556
-0.82066
-0.84622
-0.85401
-0.76708
-0.79069
-0.84387
-0.83373
-0.83678
-0.79751
-0.80682
-0.76404
-0.82198
-0.77265
-0.7584
-0.77755
-0.73751
-0.68381
-0.75556
-0.72286
-0.86647
-0.68067
-0.79071
-0.87029
-0.70755
-0.79775
-0.71914
-0.83472
-0.73192
-0.72795
-0.72473
-0.73977
-0.74664
-0.76999
-0.76185
-0.73832
-0.69449
-0.76179
32.0328
0
0
0
0
0
0
0
0
0
0
0
0
0
0
0
0
0
0
0
0
0
0
0
0
0
0
0
0
0
0
0
0
0
0
0
0
0
0
0
0
0
0
0
0
0
0
0
0
0
0
0
0
0
0
0
0
0
0
0
-0.88043
-0.89826
-0.92451
-0.94389
-0.88775
-0.91386
-0.92183
-0.83278
-0.85666
-0.91182
-0.9013
-0.90446
-0.86377
-0.87345
-0.82953
-0.88915
-0.83987
-0.82523
-0.84482
-0.8035
-0.74665
-0.82228
-0.7881
-0.93492
-0.74323
-0.85698
-0.93882
-0.77102
-0.86415
-0.78127
-0.90247
-0.79733
-0.79289
-0.79071
-0.80455
-0.80907
0
0
0
0
0
0
30.6913
0
0
0
0
0
0
0
0
0
0
0
0
0
0
0
0
0
0
0
0
0
0
0
0
0
0
0
0
0
0
0
0
0
0
0
0
0
0
0
0
0
0
0
0
0
0
0
0
0
0
0
0
0
0
0
0
0
0
-0.86768
-0.88631
-0.91269
-0.93212
-0.87708
-0.90203
-0.91
-0.82184
-0.84627
-0.90233
-0.89308
-0.89481
-0.8535
-0.86338
-0.81786
-0.87927
-0.83094
-0.81614
-0.83587
-0.79396
-0.73737
-0.81316
-0.77809
-0.9242
-0.73093
-0.84387
-0.92767
-0.75958
-0.85026
-0.70799
-0.88615
-0.78554
-0.77836
-0.77774
-0.79337
0
0
0
0
0
0
0
0
34.1163
0
0
0
0
0
0
0
0
0
0
0
0
0
0
0
0
0
0
-4.6849
0
0
0
0
0
0
0
0
0
0
0
0
0
0
0
0
0
0
0
0
0
0
0
0
0
0
0
0
0
0
0
0
0
0
0
0
0
0
-0.83767
-0.85238
-0.8703
-0.88952
-0.84261
-0.85981
-0.86767
-0.78755
-0.81112
-0.86598
-0.85222
-0.85861
-0.81816
-0.82782
-0.78464
-0.84341
-0.79643
-0.78201
-0.80133
-0.76043
-0.69909
-0.77907
-0.74516
-0.8764
-0.70033
-0.8138
-0.88762
-0.72836
-0.81121
-0.73784
-0.85043
-0.7553
-0.7499
-0.7489
0
0
0
0
0
0
0
0
0
0
32.2616
0
0
0
0
0
0
0
0
0
0
0
0
0
0
0
0
0
0
0
0
0
0
0
0
0
0
0
0
0
0
0
0
0
0
0
0
0
0
0
0
0
0
0
0
0
0
0
0
0
0
0
0
0
0
-4.7685
0
-0.88865
-0.90649
-0.93269
-0.9521
-0.89605
-0.92201
-0.92999
-0.84074
-0.86472
-0.92004
-0.90952
-0.91266
-0.87184
-0.88155
-0.83754
-0.89732
-0.84782
-0.83314
-0.85281
-0.81133
-0.75428
-0.83018
-0.79592
-0.94318
-0.75084
-0.86534
-0.94716
-0.77885
-0.8724
-0.78907
-0.91132
-0.80537
-0.80178
-0.79909
0
0
0
0
0
0
0
0
0
0
0
29.3538
0
0
0
0
0
0
0
0
0
0
0
0
0
0
0
0
0
0
0
0
0
0
0
0
0
0
0
0
0
0
0
0
0
0
0
0
0
0
0
0
0
0
0
0
0
0
0
0
0
0
0
0
0
0
0
-0.88579
-0.9036
-0.92977
-0.94919
-0.89314
-0.91911
-0.92709
-0.83791
-0.86187
-0.91714
-0.90664
-0.90977
-0.86898
-0.87868
-0.83468
-0.89442
-0.84496
-0.8303
-0.84994
-0.80851
-0.75152
-0.82735
-0.79311
-0.94027
-0.7481
-0.86249
-0.94423
-0.77607
-0.86954
-0.7863
-0.90844
-0.80258
-0.799
-0.79631
0
0
0
0
0
0
0
0
0
0
0
0
29.2568
0
0
0
0
0
0
0
0
0
0
0
0
0
0
0
0
0
0
0
0
0
0
0
0
0
0
0
0
0
0
0
0
0
0
0
0
0
0
0
0
0
0
0
0
0
0
0
0
0
0
0
0
0
0
-0.77907
-0.80688
-0.83281
-0.8517
-0.79114
-0.82244
-0.83021
-0.74223
-0.76708
-0.8199
-0.8103
-0.81287
-0.77387
-0.78314
-0.73902
-0.79819
-0.74955
-0.73549
-0.75434
-0.71461
-0.66198
-0.73264
-0.69992
-0.84629
-0.65683
-0.72731
-0.84675
-0.68375
-0.77464
-0.69535
0
-0.70884
0
0
0
0
0
0
0
0
0
0
0
0
0
0
0
27.4786
0
0
0
0
0
0
0
0
0
0
0
0
0
0
0
0
-3.7294
0
0
0
0
0
0
0
0
0
0
0
0
0
0
0
0
0
0
0
0
0
0
0
0
0
0
0
0
0
0
0
0
0
0
0
0
-0.78487
-0.80212
-0.82873
-0.84761
-0.79147
-0.81836
-0.82611
-0.73956
-0.76414
-0.81715
-0.79463
-0.81009
-0.77097
-0.78023
-0.73665
-0.79534
-0.74681
-0.73277
-0.75156
-0.71196
-0.65722
-0.72992
-0.69726
0
-0.65409
-0.7611
-0.84182
-0.6811
0
0
0
0
0
0
0
0
0
0
0
0
0
0
0
0
0
0
0
0
25.4877
0
0
0
0
0
0
0
0
0
0
0
0
-2.2555
0
0
0
0
-2.5586
0
0
0
0
0
0
0
0
0
0
0
0
0
0
0
0
0
0
0
0
0
0
0
0
0
0
0
0
0
0
0
0
0
0
-0.82245
-0.84383
-0.8744
-0.89358
-0.82933
-0.86387
-0.87175
-0.78156
-0.80746
-0.86168
-0.85086
-0.85445
-0.81444
-0.82393
-0.77897
-0.83937
-0.78921
-0.77487
-0.79406
-0.7536
-0.69878
-0.77197
-0.73858
-0.88551
-0.69301
-0.7993
-0.88731
-0.72171
0
0
0
0
0
0
0
0
0
0
0
0
0
0
0
0
0
0
0
0
0
26.5131
0
0
0
0
0
0
0
0
0
0
0
0
0
0
0
0
0
-3.7933
0
0
0
0
0
0
0
0
0
0
0
0
0
0
0
0
0
0
0
0
0
0
0
0
0
0
0
0
0
0
0
0
0
-0.87616
-0.89394
-0.92066
-0.94003
-0.88299
-0.90999
-0.91797
-0.82811
-0.85268
-0.9073
-0.89634
-0.90004
-0.8597
-0.86925
-0.82513
-0.88483
-0.83473
-0.8202
-0.83968
-0.79869
-0.743
-0.81729
-0.78346
-0.93271
-0.73957
-0.85344
-0.9342
-0.76695
0
0
0
0
0
0
0
0
0
0
0
0
0
0
0
0
0
0
0
0
0
0
24.029
0
0
0
0
0
0
0
0
0
0
0
0
0
0
0
0
0
0
0
0
0
0
0
0
0
0
0
0
0
0
0
0
0
0
0
0
0
0
0
0
0
0
0
0
0
0
0
0
0
0
-0.92469
-0.94229
-0.971
-0.99062
-0.93139
-0.96018
-0.96827
-0.87572
-0.90088
-0.95619
-0.94542
-0.94888
-0.90803
-0.91773
-0.87276
-0.93355
-0.88184
-0.86703
-0.88689
-0.84513
-0.78847
-0.86404
-0.82964
0
-0.78505
0
0
0
0
0
0
0
0
0
0
0
0
0
0
0
0
0
0
0
0
0
0
0
0
0
0
21.6957
0
0
0
0
0
0
0
0
0
0
0
0
0
0
0
0
0
0
0
0
0
0
0
0
0
0
0
0
0
0
0
0
0
0
0
0
0
0
0
0
0
0
0
0
0
0
0
0
0
-0.89466
-0.912
-0.94152
-0.96097
-0.90137
-0.93079
-0.93884
-0.84627
-0.87102
-0.92545
-0.91487
-0.91824
-0.87804
-0.88758
-0.84338
-0.9031
-0.85181
-0.83722
-0.85679
-0.81568
-0.76047
-0.83428
-0.80047
0
0
0
0
0
0
0
0
0
0
0
0
0
0
0
0
0
0
0
0
0
0
0
0
0
0
0
0
0
20.2248
0
0
0
0
0
0
0
0
0
0
0
0
0
0
0
0
0
0
0
0
0
0
0
0
0
0
0
0
0
0
0
0
0
0
0
0
0
0
0
0
0
0
0
0
0
0
0
0
-0.88223
-0.8992
-0.9299
-0.94927
-0.8887
-0.91921
-0.92722
-0.8342
-0.85844
-0.91243
-0.90191
-0.90529
-0.8654
-0.87487
-0.8313
-0.89026
-0.83917
-0.82468
-0.84413
-0.80329
0
-0.82177
-0.78823
0
0
0
0
0
0
0
0
0
0
0
0
0
0
0
0
0
0
0
0
0
0
0
0
0
0
0
0
0
0
19.1911
0
0
0
0
0
0
0
0
0
0
0
0
0
0
0
0
0
0
0
0
0
0
0
0
0
0
0
0
0
0
0
0
0
0
0
0
0
0
0
0
0
0
0
0
0
0
0
-1.0275
-1.041
-1.0404
-1.0608
-1.0324
-1.0293
-1.0376
0
-0.99535
-1.0523
0
-1.0447
-1.0027
-1.0127
0
-1.0289
0
0
0
0
0
0
0
0
0
0
0
0
0
0
0
0
0
0
0
0
0
0
0
0
0
0
0
0
0
0
0
0
0
0
0
0
0
0
22.0221
0
0
0
-1.3332
0
0
0
0
0
0
0
0
0
0
0
0
0
0
0
0
0
0
-2.8187
0
0
0
0
0
0
0
0
0
0
0
0
0
0
0
0
0
0
0
0
0
0
-4.4648
0
0
0
0
0
0
0
0
0
0
0
0
0
0
0
0
0
0
0
0
0
0
0
0
0
0
0
0
0
0
0
0
0
0
0
-2.2686
-2.3107
0
0
0
0
0
0
0
0
0
0
0
0
0
0
0
0
0
0
14.6034
0
0
0
0
0
0
0
0
0
0
0
-3.5022
-3.0724
0
0
-3.4495
0
0
0
0
0
0
0
0
0
0
0
0
0
0
0
0
0
0
0
0
0
0
0
0
0
0
0
0
0
0
0
0
0
0
0
0
0
0
0
0
0
0
0
-1.7374
0
0
0
0
0
0
0
0
0
0
0
0
0
0
0
0
0
0
0
0
0
0
0
0
0
0
0
0
0
0
0
0
0
0
0
0
0
0
0
0
0
11.8795
0
0
0
0
0
0
0
0
0
0
0
0
0
0
-3.8561
-3.1454
0
0
0
0
0
0
0
0
0
0
0
-3.1406
0
0
0
0
0
0
0
0
0
0
0
0
0
0
0
0
0
0
0
0
0
0
0
0
0
0
0
0
0
0
0
0
0
0
0
0
0
0
0
0
0
0
0
0
0
0
0
0
0
0
0
0
0
0
-2.2613
0
0
0
0
0
0
0
0
0
0
0
0
0
0
0
0
0
0
13.4216
0
0
-3.9136
0
0
0
0
0
0
0
0
0
0
0
0
0
0
0
0
-3.2349
0
0
0
0
0
0
0
0
0
0
0
0
-4.0119
0
0
0
0
0
0
0
0
0
0
0
0
0
0
0
0
0
-1.2404
0
0
0
0
0
0
0
0
0
0
0
0
0
0
0
0
0
0
0
0
0
0
0
0
0
0
0
0
0
0
0
0
0
0
0
0
0
0
0
0
0
0
0
0
0
0
-1.3332
0
0
0
5.134
0
0
0
0
0
0
0
0
0
0
0
0
0
0
0
0
0
0
0
0
0
0
0
0
0
0
0
-2.5604
0
0
0
0
0
0
0
0
0
0
0
0
0
0
0
0
0
0
0
0
0
0
0
0
0
0
0
0
0
0
0
0
0
0
0
0
0
0
0
0
0
0
0
0
0
0
0
0
0
0
0
0
0
0
-4.8519
0
0
0
0
0
0
0
0
0
0
0
0
0
0
0
0
0
0
11.8803
0
0
0
0
0
0
0
0
0
0
0
0
0
0
0
0
0
0
-3.4517
-3.5766
0
0
0
0
0
0
0
0
0
0
0
0
0
0
0
0
0
0
0
0
0
-3.0909
0
0
0
0
0
0
0
0
0
0
0
0
0
0
0
0
0
0
0
0
0
0
0
0
0
0
0
0
0
0
0
0
0
0
0
0
0
0
0
0
0
0
0
0
0
0
0
0
0
0
0
0
0
0
0
0
-3.9136
0
0
11.0951
0
0
0
0
0
0
0
0
0
0
0
0
0
0
0
0
0
-4.0905
0
0
0
0
0
0
0
0
0
0
0
0
0
0
0
0
0
0
0
0
0
0
0
0
0
0
0
0
0
0
0
0
-2.5627
0
0
0
0
0
0
0
0
0
0
0
0
0
0
0
0
0
0
0
0
0
0
0
0
0
0
0
0
0
0
0
0
0
0
0
0
0
-2.2555
0
0
0
0
0
0
0
0
0
0
0
0
8.2823
0
-3.4641
0
0
0
0
0
0
0
0
0
0
0
0
0
0
0
0
0
0
0
0
0
0
0
0
0
0
0
0
0
0
0
0
0
0
0
0
0
0
0
0
0
0
0
0
0
0
0
0
0
0
0
0
0
0
0
0
0
0
0
0
0
0
0
0
0
0
-4.7806
0
0
0
0
0
0
0
0
0
0
0
0
0
-4.6849
0
0
0
0
0
0
0
0
0
0
0
0
0
0
0
0
0
0
15.56
0
0
0
0
0
0
0
0
0
0
0
0
0
0
0
0
0
0
0
0
0
0
-6.0946
0
0
0
0
0
0
0
0
0
0
0
0
0
0
0
0
0
0
0
0
0
0
0
0
0
0
0
0
0
0
0
0
0
0
0
-2.0437
0
0
0
0
0
0
0
0
0
0
0
0
0
0
0
0
0
0
0
0
0
0
0
0
0
0
0
0
0
0
0
0
0
0
0
0
0
0
0
0
-3.4641
0
6.1829
0
0
0
0
0
0
0
0
0
0
0
0
0
0
0
0
0
0
0
0
0
0
0
0
0
0
0
0
0
-0.67511
0
0
0
0
0
0
0
0
0
0
0
0
0
0
0
0
0
0
0
0
0
0
0
0
0
0
0
0
0
0
0
0
-4.1025
0
0
0
0
0
0
0
0
0
0
0
0
0
0
0
0
0
0
0
0
0
-3.7294
0
0
0
0
0
0
0
0
0
0
0
0
0
0
0
0
12.8139
0
0
0
0
0
0
0
0
0
0
0
0
0
0
0
0
0
0
0
0
0
0
0
0
0
0
0
0
0
0
0
0
-4.982
0
0
0
0
0
0
0
0
0
0
0
0
0
0
0
0
0
0
0
0
0
0
0
0
0
0
0
0
0
0
0
0
0
-4.0666
0
0
0
0
0
0
0
0
0
0
0
0
0
0
0
0
0
0
0
0
0
0
0
0
0
0
0
0
0
0
0
0
0
0
11.6533
0
0
0
0
0
0
0
0
-3.8404
0
-3.7463
0
0
0
0
0
0
0
0
0
0
0
0
0
0
0
0
0
0
0
0
0
0
0
0
0
0
0
0
0
0
0
0
0
0
0
0
0
0
0
0
0
0
0
0
0
0
0
0
0
0
0
0
0
0
0
0
-2.7308
0
0
0
0
0
0
0
0
0
0
0
0
0
0
0
-2.5586
0
0
0
0
0
0
0
0
0
0
0
0
0
0
0
0
0
9.7204
0
0
0
0
0
0
0
0
0
0
0
0
0
0
0
0
0
0
0
0
-4.431
0
0
0
0
0
0
0
0
0
0
0
0
0
0
0
0
0
0
0
0
0
0
0
0
0
0
0
0
0
0
0
0
0
0
0
0
0
0
0
0
0
0
0
0
0
0
0
0
0
0
0
0
0
0
0
0
0
0
0
0
0
0
-3.7933
0
0
0
0
0
-3.5022
0
0
0
0
0
0
0
0
0
0
0
11.4037
0
0
0
0
0
0
0
0
0
0
0
-4.1083
0
0
0
0
0
0
0
0
0
0
0
0
0
0
0
0
0
0
0
0
0
0
0
0
0
-3.379
0
0
0
0
0
0
0
0
0
0
0
0
0
0
0
0
0
0
0
0
0
0
0
0
0
0
0
0
0
0
0
0
0
0
0
0
0
0
0
0
0
0
0
0
0
0
0
0
0
0
-3.0724
0
0
0
0
0
0
0
0
0
0
0
0
10.3836
0
0
0
0
0
0
0
-3.9322
0
0
0
0
0
0
0
0
0
0
0
0
0
0
0
0
0
0
0
0
0
0
0
0
0
-3.9559
0
0
0
0
0
0
0
0
0
0
0
0
0
0
0
0
0
0
0
0
0
0
0
0
0
0
0
0
0
0
0
0
0
0
0
0
0
0
0
0
0
0
0
0
0
0
0
0
0
0
0
0
0
0
0
0
0
0
0
0
0
0
0
0
0
0
0
7.9108
0
0
0
0
0
-3.9549
0
0
0
0
0
0
0
0
0
0
0
0
0
0
0
0
0
0
0
0
0
0
0
0
0
0
0
0
0
0
0
0
0
0
0
0
0
0
0
0
0
0
0
0
0
0
0
0
0
0
-3.8795
0
0
0
0
0
0
0
0
0
0
0
0
0
0
0
0
0
0
0
0
0
0
0
0
0
0
0
0
0
0
0
0
0
0
0
0
0
0
0
0
0
0
0
0
7.8656
0
0
0
0
-3.9862
0
0
0
0
0
0
0
0
0
0
0
0
0
0
0
0
0
0
0
0
0
0
0
0
0
0
0
0
0
0
0
0
0
0
0
0
0
0
0
0
0
0
0
0
0
0
0
0
0
0
0
0
0
0
0
0
0
0
0
0
0
0
0
0
0
0
0
0
0
0
0
0
0
0
0
0
0
0
0
0
-3.4495
-3.8561
0
0
0
0
0
0
0
0
0
0
0
0
0
0
7.3056
0
0
0
0
0
0
0
0
0
0
0
0
0
0
0
0
0
0
0
0
0
0
0
0
0
0
0
0
0
0
0
0
0
0
0
0
0
0
0
0
0
0
0
0
0
0
0
0
0
0
0
0
0
-2.3593
0
0
0
0
0
0
0
0
0
0
0
0
0
0
0
0
0
0
0
0
0
0
0
0
0
0
0
0
0
0
0
-3.1454
0
0
0
0
0
0
0
0
0
0
0
0
0
0
0
5.5047
0
0
0
0
0
0
0
0
0
0
0
0
0
0
0
0
0
0
0
0
0
0
0
0
0
0
0
0
-4.2306
0
0
0
0
0
0
0
0
0
0
0
0
0
0
0
0
0
0
0
0
0
0
0
0
0
0
0
0
0
0
0
0
0
0
0
0
0
0
0
0
0
0
0
0
0
0
0
0
0
0
0
0
0
0
0
0
0
0
0
0
0
0
0
0
0
0
0
0
0
0
0
0
8.0182
-3.7875
0
0
0
0
0
0
0
0
0
0
0
0
0
0
0
0
0
0
0
0
0
0
0
0
0
0
0
0
0
0
0
0
0
0
0
0
0
0
0
0
0
0
0
0
0
0
0
0
0
0
0
0
0
0
0
0
0
0
0
0
0
0
0
0
0
0
0
0
0
0
0
0
0
0
0
0
0
0
0
0
0
0
0
0
0
0
0
0
0
0
0
-3.8404
0
0
0
0
0
0
0
-3.7875
7.628
0
0
0
0
0
0
0
0
0
0
0
0
0
0
0
0
0
0
0
0
0
0
0
0
0
0
0
0
0
0
0
0
0
0
0
0
0
0
0
0
0
0
0
0
0
0
0
0
0
0
0
0
0
0
0
0
0
0
0
0
0
0
0
0
0
0
0
0
0
0
0
0
0
0
0
0
0
0
0
0
0
0
0
0
0
0
0
0
0
0
0
0
0
0
0
-3.9549
-3.9862
0
0
0
0
7.941
0
0
0
0
0
0
0
0
0
0
0
0
0
0
0
0
0
0
0
0
0
0
0
0
0
0
0
0
0
0
0
0
0
0
0
0
0
0
0
0
0
0
0
0
0
0
0
0
0
0
0
0
0
0
0
0
0
0
0
0
0
0
0
0
0
0
0
0
0
0
0
0
0
0
0
0
0
0
0
0
0
0
0
0
0
0
0
0
0
0
-3.7463
0
0
-3.9322
0
0
0
0
0
0
0
7.6785
0
0
0
0
0
0
0
0
0
0
0
0
0
0
0
0
0
0
0
0
0
0
0
0
0
0
0
0
0
0
0
0
0
0
0
0
0
0
0
0
0
0
0
0
0
0
0
0
0
0
0
0
0
0
0
0
0
0
0
0
0
0
0
0
0
0
0
0
0
0
0
0
0
0
0
0
0
0
-2.8187
0
0
-3.2349
0
0
0
0
0
0
0
0
0
0
0
0
0
0
0
0
0
0
0
6.0535
0
0
0
0
0
0
0
0
0
0
0
0
0
0
0
0
0
0
0
0
0
0
0
0
0
0
0
0
0
0
0
0
0
0
0
0
0
0
0
0
0
0
0
0
0
0
0
0
0
0
0
0
0
0
0
0
0
0
0
0
0
0
0
0
0
0
0
0
0
0
0
0
0
0
0
0
0
0
0
0
0
0
-3.4517
-4.0905
0
0
0
0
0
0
0
0
0
0
0
0
0
0
0
0
0
7.5423
0
0
0
0
0
0
0
0
0
0
0
0
0
0
0
0
0
0
0
0
0
0
0
0
0
0
0
0
0
0
0
0
0
0
0
0
0
0
0
0
0
0
0
0
0
0
0
0
0
0
0
0
0
0
0
0
0
0
0
0
0
0
0
0
0
0
0
0
0
0
0
0
0
0
0
0
0
0
0
0
0
-3.5766
0
0
0
0
0
0
0
-4.1083
0
0
0
0
0
0
0
0
0
0
0
7.6848
0
0
0
0
0
0
0
0
0
0
0
0
0
0
0
0
0
0
0
0
0
0
0
0
0
0
0
0
0
0
0
0
0
0
0
0
0
0
0
0
0
0
0
0
0
0
0
0
0
0
0
0
0
0
0
0
0
0
-5.421
0
0
0
0
0
0
0
0
0
0
0
0
0
0
0
0
0
0
0
0
0
0
0
0
0
0
0
0
0
0
0
0
0
0
0
0
0
0
0
0
0
0
5.421
0
0
0
0
0
0
0
0
0
0
0
0
0
0
0
0
0
0
0
0
0
0
0
0
0
0
0
0
0
0
0
0
0
0
0
0
0
0
0
0
0
0
0
-8.0403
0
0
0
0
0
0
0
0
0
0
0
0
0
0
0
0
0
0
0
0
0
0
0
0
0
0
0
0
0
0
0
0
0
0
0
0
0
0
0
0
0
0
0
0
0
0
0
0
0
0
0
0
0
0
0
0
0
8.0403
0
0
0
0
0
0
0
0
0
0
0
0
0
0
0
0
0
0
0
0
0
0
0
0
0
0
0
0
0
0
0
0
0
0
0
0
0
0
0
0
0
0
-8.0398
0
0
0
0
0
0
0
0
0
0
0
0
0
0
0
0
0
0
0
0
0
0
0
0
0
0
0
0
0
0
0
0
0
0
0
0
0
0
0
0
0
0
0
0
0
0
0
0
0
0
0
0
0
0
0
0
0
0
8.0398
0
0
0
0
0
0
0
0
0
0
0
0
0
0
0
0
0
0
0
0
0
-8.3419
0
0
0
0
0
0
0
0
0
0
0
0
0
0
0
0
0
0
0
0
0
0
0
0
0
0
0
0
0
0
0
0
0
0
0
0
0
0
0
0
0
0
0
0
0
0
0
0
0
0
0
0
0
0
0
0
0
0
0
0
0
0
0
0
0
0
0
0
0
0
0
0
0
0
0
0
0
0
0
8.3419
0
0
0
0
0
0
0
0
0
0
0
0
0
0
0
0
0
0
0
0
0
0
0
0
0
0
0
0
0
0
0
0
0
0
0
0
0
0
0
0
0
0
0
0
0
0
0
0
0
0
0
0
0
0
0
0
0
0
0
0
0
0
0
0
0
0
0
0
0
0
0
0
0
-3.1406
0
0
0
0
0
0
0
0
0
0
0
0
0
0
0
0
0
0
0
0
0
0
0
0
0
0
0
3.1406
0
0
0
0
0
0
0
0
0
0
0
0
0
0
0
0
0
0
0
0
0
0
0
0
0
0
0
0
0
0
0
0
0
0
0
0
0
0
0
0
0
0
0
0
0
0
0
0
0
0
0
0
0
0
0
0
0
0
0
0
0
0
0
0
0
0
0
0
0
0
0
0
0
0
0
0
0
0
-6.0946
0
0
0
0
0
0
0
0
0
0
0
0
0
0
0
0
0
0
0
0
0
0
6.0946
0
0
0
0
0
0
0
0
0
0
0
0
0
0
0
0
0
0
0
0
0
0
0
0
0
0
0
0
0
0
0
0
0
0
0
0
0
0
0
0
0
0
0
0
0
0
0
0
0
0
0
0
0
0
0
0
0
0
0
0
0
0
0
0
0
0
0
0
0
0
0
0
0
-2.5604
0
0
0
0
0
0
0
0
0
0
0
0
0
0
0
0
0
0
0
0
0
0
0
0
0
0
0
2.5604
0
0
0
0
0
0
0
0
0
0
0
0
0
0
0
0
0
0
0
0
0
0
0
0
0
0
0
0
0
0
0
0
0
0
0
0
0
0
0
0
0
0
0
0
0
0
0
0
0
0
0
0
0
0
0
0
0
0
0
0
0
0
0
0
0
0
0
0
0
0
0
0
0
0
0
0
0
0
0
0
-4.431
0
0
0
0
0
0
0
0
0
0
0
0
0
0
0
0
0
0
0
0
4.431
0
0
0
0
0
0
0
0
0
0
0
0
0
0
0
0
0
0
0
0
0
0
0
0
0
0
0
0
0
0
0
0
0
0
0
0
0
0
0
-7.2032
0
0
0
0
0
0
0
0
0
0
0
0
0
0
0
0
0
0
0
0
0
0
0
0
0
0
0
0
0
0
0
0
0
0
0
0
0
0
0
0
0
0
0
0
0
0
0
0
0
0
0
0
0
0
0
0
0
0
0
0
0
7.2032
0
0
0
0
0
0
0
0
0
0
0
0
0
0
0
0
0
0
-8.199
0
0
0
0
0
0
0
0
0
0
0
0
0
0
0
0
0
0
0
0
0
0
0
0
0
0
0
0
0
0
0
0
0
0
0
0
0
0
0
0
0
0
0
0
0
0
0
0
0
0
0
0
0
0
0
0
0
0
0
0
0
0
0
0
0
0
0
0
0
0
0
0
0
0
0
0
0
0
0
0
0
0
8.199
0
0
0
0
0
0
0
0
0
0
0
0
0
0
0
0
0
0
0
0
0
0
0
0
0
0
0
0
0
0
0
0
0
0
0
0
0
0
0
0
0
0
0
0
0
0
0
0
0
0
0
0
0
0
0
0
0
0
0
0
0
0
0
0
0
0
0
0
-4.0119
0
0
0
0
0
0
0
0
0
0
0
0
0
0
0
0
0
0
0
0
0
0
0
0
0
0
0
0
0
0
0
0
4.0119
0
0
0
0
0
0
0
0
0
0
0
0
0
0
0
0
0
0
0
0
0
0
0
0
0
0
0
0
0
0
0
0
0
0
0
0
0
0
-7.0893
0
0
0
0
0
0
0
0
0
0
0
0
0
0
0
0
0
0
0
0
0
0
0
0
0
0
0
0
0
0
0
0
0
0
0
0
0
0
0
0
0
0
0
0
0
0
0
0
0
0
0
0
0
0
0
0
0
0
0
0
0
0
7.0893
0
0
0
0
0
0
0
0
0
0
0
0
0
0
0
0
0
0
0
0
0
0
0
0
0
0
0
0
0
0
0
0
0
0
0
0
0
0
0
0
0
0
0
0
0
-5.8705
0
0
0
0
0
0
0
0
0
0
0
0
0
0
0
0
0
0
0
0
0
0
0
0
0
0
0
0
0
0
0
0
0
0
0
0
0
0
0
0
0
0
0
0
0
0
0
0
0
0
0
0
0
0
0
5.8705
0
0
0
0
0
0
0
0
0
0
0
0
0
0
0
0
0
0
0
0
0
0
0
0
0
0
0
0
0
0
0
0
0
0
0
0
0
0
0
0
0
0
0
0
0
0
0
0
0
0
0
0
0
0
0
0
0
0
0
0
0
0
0
0
0
0
0
0
0
0
0
-0.67511
0
0
0
0
0
0
0
0
0
0
0
0
0
0
0
0
0
0
0
0
0
0
0
0
0
0
0
0
0
0.67511
0
0
0
0
0
0
0
0
0
0
0
0
0
0
0
0
0
0
0
0
0
0
0
0
0
0
0
0
0
0
0
0
0
0
0
0
0
-6.8333
0
0
0
0
0
0
0
0
0
0
0
0
0
0
0
0
0
0
0
0
0
0
0
0
0
0
0
0
0
0
0
0
0
0
0
0
0
0
0
0
0
0
0
0
0
0
0
0
0
0
0
0
0
0
0
0
0
0
0
0
0
0
0
6.8333
0
0
0
0
0
0
0
0
-8.2169
0
0
0
0
0
0
0
0
0
0
0
0
0
0
0
0
0
0
0
0
0
0
0
0
0
0
0
0
0
0
0
0
0
0
0
0
0
0
0
0
0
0
0
0
0
0
0
0
0
0
0
0
0
0
0
0
0
0
0
0
0
0
0
0
0
0
0
0
0
0
0
0
0
0
0
0
0
0
0
0
0
0
0
0
0
0
0
0
0
0
0
0
8.2169
0
0
0
0
0
0
0
0
0
0
0
0
0
0
0
0
0
0
0
0
0
0
0
0
0
0
0
0
-8.0393
0
0
0
0
0
0
0
0
0
0
0
0
0
0
0
0
0
0
0
0
0
0
0
0
0
0
0
0
0
0
0
0
0
0
0
0
0
0
0
0
0
0
0
0
0
0
0
0
0
0
0
0
0
0
0
0
0
0
0
0
0
0
0
0
0
0
0
0
0
0
0
0
8.0393
0
0
0
0
0
0
0
0
0
0
0
0
0
0
0
0
0
0
0
0
0
0
0
0
0
0
0
0
0
0
0
0
0
0
0
0
0
0
0
0
0
0
0
0
0
0
0
0
0
0
0
0
0
0
0
0
0
0
0
0
0
0
0
0
0
0
0
0
-4.982
0
0
0
0
0
0
0
0
0
0
0
0
0
0
0
0
0
0
0
0
0
0
0
0
0
0
0
0
0
0
0
0
4.982
0
0
0
0
0
0
0
0
-8.1489
0
0
0
0
0
0
0
0
0
0
0
0
0
0
0
0
0
0
0
0
0
0
0
0
0
0
0
0
0
0
0
0
0
0
0
0
0
0
0
0
0
0
0
0
0
0
0
0
0
0
0
0
0
0
0
0
0
0
0
0
0
0
0
0
0
0
0
0
0
0
0
0
0
0
0
0
0
0
0
0
0
0
0
0
0
0
0
0
0
0
0
0
8.1489
0
0
0
0
0
0
0
0
0
0
0
0
0
0
0
0
0
0
0
0
0
0
0
0
0
0
0
0
0
0
0
0
0
0
0
0
0
0
0
0
0
0
0
0
0
0
-4.7685
0
0
0
0
0
0
0
0
0
0
0
0
0
0
0
0
0
0
0
0
0
0
0
0
0
0
0
0
0
0
0
0
0
0
0
0
0
0
0
0
0
0
0
0
0
0
0
0
0
0
0
0
0
0
4.7685
0
0
0
0
0
0
0
0
0
0
0
0
0
0
0
0
0
0
0
0
0
0
0
0
0
0
0
0
0
0
0
0
0
0
0
0
0
0
0
0
0
0
0
0
0
0
0
0
0
0
0
0
0
0
0
-4.4648
0
0
0
0
0
0
0
0
0
0
0
0
0
0
0
0
0
0
0
0
0
0
0
0
0
0
0
0
0
0
0
0
0
0
0
0
0
0
0
0
0
0
0
0
0
4.4648
