48.6592
-0.85542
-0.85033
-0.85702
-0.86206
-0.86205
-0.86067
-0.84294
-0.84229
-0.84961
-0.85271
-0.86715
-0.87248
-0.84873
-0.86453
-0.8741
-0.87494
-0.85278
-0.85278
-0.85278
-0.86957
-0.85868
-0.86652
-0.88093
-0.85267
-0.85267
-0.85265
-0.83588
-0.86815
-0.86816
-0.86815
-0.86816
-0.84243
-0.86996
-0.85372
-0.84463
-0.85912
-0.88359
-0.89137
-0.89848
-0.90089
-0.88639
-0.92808
-0.93542
-0.8922
-0.93095
-0.96413
-1.0061
-1.0284
-1.0285
-1.1422
-1.3534
0
0
0
0
0
-1.6192
0
-1.4625
0
0
0
0
0
0
0
0
0
0
0
0
0
0
0
0
0
0
0
0
0
0
0
0
0
0
0
0
0
0
0
0
0
0
0
0
0
0
0
0
-0.85542
46.958
-0.84632
-0.85198
-0.85781
-0.85781
-0.85623
-0.83846
-0.83777
-0.84522
-0.84793
-0.86245
-0.86784
-0.84474
-0.85977
-0.86927
-0.87008
-0.84814
-0.84814
-0.84813
-0.86553
-0.85407
-0.8618
-0.87613
-0.84803
-0.84804
-0.84802
-0.8313
-0.86345
-0.86346
-0.86347
-0.86347
-0.83784
-0.86521
-0.8487
-0.839
-0.85442
-0.87966
-0.88604
-0.89359
-0.89664
-0.88167
-0.92312
-0.93379
-0.88709
-0.92628
-0.95835
-1.0016
-1.0244
-1.0242
-1.1359
0
0
0
0
0
0
-1.6154
0
0
0
0
-1.3448
0
0
0
0
0
0
0
0
0
0
0
0
0
0
0
0
0
0
0
0
0
0
0
0
0
0
0
0
0
0
0
0
0
0
0
0
0
-0.85033
-0.84632
46.4616
-0.84487
-0.8528
-0.8528
-0.85089
-0.83309
-0.83229
-0.83956
-0.84247
-0.85644
-0.86119
-0.83863
-0.85375
-0.86267
-0.86348
-0.84257
-0.84257
-0.84256
-0.85895
-0.84838
-0.85617
-0.87001
-0.84245
-0.84243
-0.84242
-0.82579
-0.8578
-0.8578
-0.85781
-0.8578
-0.83231
-0.86205
-0.8421
-0.83373
-0.8489
-0.87263
-0.8796
-0.88801
-0.89007
-0.87625
-0.91778
-0.92794
-0.88178
-0.91987
-0.95163
-0.99481
-1.0198
-1.0174
-1.1306
-1.3416
0
-1.4058
0
0
0
0
0
0
0
0
0
0
0
0
0
0
0
0
0
0
0
0
0
0
0
0
0
0
0
0
0
0
0
0
0
0
0
0
0
0
0
0
0
0
0
0
0
0
-0.85702
-0.85198
-0.84487
47.2875
-0.85798
-0.85798
-0.8563
-0.83858
-0.83782
-0.84531
-0.84628
-0.86233
-0.86707
-0.84494
-0.85959
-0.86894
-0.86976
-0.84831
-0.84831
-0.8483
-0.86492
-0.85376
-0.86197
-0.87592
-0.84821
-0.84821
-0.84819
-0.83148
-0.86362
-0.86362
-0.86363
-0.86362
-0.83803
-0.86796
-0.84792
-0.83953
-0.85477
-0.87798
-0.88589
-0.89396
-0.89606
-0.88231
-0.92382
-0.93123
-0.88761
-0.92578
-0.9581
-1.0015
-1.0266
-1.0248
-1.1377
0
0
-1.4126
-1.8746
0
0
0
0
0
0
0
0
0
0
0
0
0
0
0
0
0
0
0
0
0
0
0
0
0
0
0
0
0
0
0
0
0
0
0
0
0
0
0
0
0
0
0
0
0
-0.86206
-0.85781
-0.8528
-0.85798
44.2513
-0.8621
-0.86124
-0.84263
-0.84213
-0.85039
-0.85297
-0.86822
-0.87395
-0.84965
-0.86488
-0.87605
-0.87686
-0.85307
-0.85307
-0.85306
-0.87035
-0.85916
-0.8667
-0.88107
-0.85284
-0.85284
-0.85283
-0.83605
-0.86832
-0.86832
-0.86832
-0.86832
-0.84262
-0.8733
-0.85409
-0.84483
-0.85927
-0.88381
-0.89157
-0.8986
-0.90105
-0.88653
-0.92819
-0.93942
-0.89232
-0.93156
-0.96301
-1.0061
-1.03
-1.0287
-1.1402
0
0
0
0
0
0
0
0
0
0
0
0
0
0
0
0
0
0
0
0
0
0
0
0
0
0
0
0
0
0
0
0
0
0
0
0
0
0
0
0
0
0
0
0
0
0
0
0
0
-0.86205
-0.85781
-0.8528
-0.85798
-0.8621
44.2513
-0.86125
-0.84263
-0.84213
-0.8504
-0.85296
-0.86822
-0.87395
-0.84964
-0.86488
-0.87605
-0.87687
-0.85307
-0.85307
-0.85306
-0.87035
-0.85916
-0.86669
-0.88108
-0.85285
-0.85284
-0.85283
-0.83605
-0.86832
-0.86832
-0.86832
-0.86832
-0.84261
-0.8733
-0.85409
-0.84484
-0.85927
-0.8838
-0.89157
-0.89859
-0.90105
-0.88653
-0.92819
-0.93942
-0.89232
-0.93156
-0.96301
-1.0061
-1.03
-1.0287
-1.1402
0
0
0
0
0
0
0
0
0
0
0
0
0
0
0
0
0
0
0
0
0
0
0
0
0
0
0
0
0
0
0
0
0
0
0
0
0
0
0
0
0
0
0
0
0
0
0
0
0
-0.86067
-0.85623
-0.85089
-0.8563
-0.86124
-0.86125
43.5367
-0.83953
-0.83917
-0.84582
-0.8505
-0.86583
-0.87193
-0.84722
-0.86186
-0.87463
-0.87542
-0.85079
-0.85079
-0.85078
-0.86754
-0.85673
-0.8644
-0.87823
-0.85057
-0.85058
-0.85056
-0.83382
-0.86602
-0.86602
-0.86603
-0.86603
-0.84036
-0.87069
-0.85142
-0.84233
-0.85716
-0.88155
-0.88882
-0.89659
-0.89873
-0.8855
-0.92661
-0.93766
-0.89187
-0.92924
-0.96169
-1.0041
-1.0278
0
0
0
0
0
0
0
-1.5572
0
0
0
0
0
0
0
0
0
0
0
0
0
0
0
0
0
0
0
0
0
0
0
0
0
0
0
0
0
0
0
0
0
0
0
0
0
0
0
0
0
0
0
-0.84294
-0.83846
-0.83309
-0.83858
-0.84263
-0.84263
-0.83953
41.1314
-0.82096
-0.82959
-0.83304
-0.84707
-0.85366
-0.82973
-0.84331
-0.85622
-0.8571
-0.83333
-0.83333
-0.83333
-0.84903
-0.83913
-0.84669
-0.86
-0.83303
-0.83303
-0.83302
-0.81651
-0.84826
-0.84827
-0.84828
-0.84827
-0.82296
-0.85274
-0.83382
-0.82479
-0.83948
-0.86351
-0.87092
-0.87835
-0.88044
-0.8673
-0.90809
-0.91849
-0.87255
-0.91081
-0.94222
-0.98435
-1.0085
0
0
0
0
0
0
0
0
0
0
0
0
0
0
0
0
0
0
0
0
0
0
0
0
0
0
0
0
0
0
0
0
0
0
0
0
0
0
0
0
0
0
0
0
0
0
0
0
0
0
0
-0.84229
-0.83777
-0.83229
-0.83782
-0.84213
-0.84213
-0.83917
-0.82096
41.2488
-0.82847
-0.83201
-0.84549
-0.85145
-0.8287
-0.84189
-0.85444
-0.85532
-0.83232
-0.83232
-0.83231
-0.84769
-0.83802
-0.84568
-0.85868
-0.83207
-0.83206
-0.83205
-0.81556
-0.84728
-0.84729
-0.84729
-0.84729
-0.82202
-0.85138
-0.83188
-0.82308
-0.83858
-0.86241
-0.86956
-0.8775
-0.87935
-0.8665
-0.90737
-0.91741
-0.87162
-0.90936
-0.94125
-0.98314
0
0
0
0
0
0
0
0
0
0
0
0
0
0
0
0
-1.1761
0
0
0
0
0
0
0
0
0
0
0
0
0
0
0
0
0
0
0
0
0
0
0
0
0
0
0
0
0
0
0
0
0
0
0
-0.84961
-0.84522
-0.83956
-0.84531
-0.85039
-0.8504
-0.84582
-0.82959
-0.82847
40.1519
-0.83946
-0.85064
-0.85643
-0.83588
-0.85082
-0.85745
-0.8584
-0.83959
-0.83959
-0.83959
-0.85519
-0.84368
-0.85294
-0.86563
-0.8392
-0.8392
-0.83919
-0.82256
-0.85453
-0.85454
-0.85454
-0.85452
-0.82906
-0.85913
-0.83952
-0.83079
-0.84576
-0.86957
-0.87644
-0.8852
-0.88683
-0.8745
-0.91552
0
0
0
0
0
0
0
0
0
0
0
0
0
-1.5169
0
0
0
-1.492
-1.4027
0
0
0
0
0
0
0
0
0
0
0
0
0
0
0
0
0
0
0
0
0
0
0
0
0
0
0
0
0
0
0
0
0
0
0
0
0
0
-0.85271
-0.84793
-0.84247
-0.84628
-0.85297
-0.85296
-0.8505
-0.83304
-0.83201
-0.83946
37.7232
-0.85433
-0.85975
-0.83871
-0.8527
-0.86074
-0.86167
-0.84257
-0.84258
-0.84257
-0.85998
-0.84767
-0.85592
-0.86858
-0.84216
-0.84216
-0.84215
-0.82548
-0.85752
-0.85751
-0.85753
-0.85752
-0.83199
-0.86258
-0.8431
-0.83416
-0.84868
-0.87196
-0.88033
-0.88809
-0.88979
-0.87712
-0.91842
0
0
0
0
0
0
0
0
0
0
0
-1.8568
0
0
0
0
0
0
0
0
0
0
0
0
0
0
0
0
0
0
0
0
0
0
0
0
0
0
0
0
0
0
0
0
0
0
0
0
0
0
0
0
0
0
0
0
0
-0.86715
-0.86245
-0.85644
-0.86233
-0.86822
-0.86822
-0.86583
-0.84707
-0.84549
-0.85064
-0.85433
41.7076
-0.87614
-0.85094
-0.864
-0.87714
-0.87804
-0.85456
-0.85456
-0.85455
-0.86972
-0.86064
-0.86819
-0.88078
-0.85434
-0.85435
-0.85433
-0.83754
-0.86983
-0.86984
-0.86984
-0.86983
-0.84411
-0.87413
-0.85337
-0.84504
-0.86122
-0.88485
-0.89099
-0.90141
-0.90181
-0.89105
-0.9322
0
0
0
0
0
0
0
0
0
0
0
0
0
0
0
0
0
0
0
0
0
0
0
0
0
0
0
0
0
0
0
0
0
0
0
0
0
0
0
0
0
0
0
0
0
0
0
0
0
0
-5.3101
0
0
0
0
0
0
-0.87248
-0.86784
-0.86119
-0.86707
-0.87395
-0.87395
-0.87193
-0.85366
-0.85145
-0.85643
-0.85975
-0.87614
42.666
-0.85632
-0.86908
-0.88197
-0.88278
-0.85957
-0.85957
-0.85957
-0.8747
-0.86606
-0.87334
-0.88562
-0.85953
-0.85954
-0.85952
-0.84268
-0.87507
-0.87508
-0.87508
-0.87507
-0.84926
-0.87831
-0.85612
-0.84807
-0.86658
-0.88988
-0.89539
-0.90714
-0.90795
0
0
0
0
0
0
0
0
0
0
0
0
0
0
0
0
0
0
0
0
0
0
0
-1.2098
0
0
0
0
-1.3458
0
0
0
0
0
0
0
0
0
0
0
0
0
0
0
0
0
0
0
0
0
0
-5.3357
0
0
0
0
0
0
0
-0.84873
-0.84474
-0.83863
-0.84494
-0.84965
-0.84964
-0.84722
-0.82973
-0.8287
-0.83588
-0.83871
-0.85094
-0.85632
36.767
-0.84925
-0.85717
-0.85808
-0.83885
-0.83885
-0.83885
-0.85356
-0.84439
-0.85199
-0.864
-0.83823
-0.83823
-0.83823
-0.82159
-0.85354
-0.85355
-0.85355
-0.85355
-0.82811
-0.85786
-0.8396
-0.83065
-0.84466
-0.86878
-0.87645
-0.88413
-0.88592
-0.87328
0
0
0
0
0
0
0
0
0
0
0
0
0
0
0
0
0
0
0
0
0
0
0
-1.9683
0
0
0
0
0
0
0
0
0
0
0
0
0
0
0
0
0
0
0
0
0
0
0
0
0
0
0
0
0
0
0
0
0
0
-0.86453
-0.85977
-0.85375
-0.85959
-0.86488
-0.86488
-0.86186
-0.84331
-0.84189
-0.85082
-0.8527
-0.864
-0.86908
-0.84925
38.7038
-0.8683
-0.86925
-0.85239
-0.85239
-0.85238
-0.86773
-0.85836
-0.86586
-0.87802
-0.85202
-0.85202
-0.85201
-0.83521
-0.8675
-0.8675
-0.86751
-0.86751
-0.84178
-0.87204
-0.85114
-0.84286
-0.85886
-0.88223
-0.8882
-0.89888
0
0
0
0
0
0
0
0
0
0
0
0
0
0
0
0
0
0
0
0
0
0
0
0
0
0
0
0
0
0
0
0
0
0
0
0
0
0
0
0
0
0
0
0
0
-5.1415
0
0
0
0
0
0
0
0
0
0
0
0
0
0
-0.8741
-0.86927
-0.86267
-0.86894
-0.87605
-0.87605
-0.87463
-0.85622
-0.85444
-0.85745
-0.86074
-0.87714
-0.88197
-0.85717
-0.8683
41.6601
-0.87691
-0.86023
-0.86023
-0.86025
-0.87224
-0.86575
-0.87355
-0.88271
-0.85965
-0.85966
-0.85964
-0.8428
-0.87516
-0.87517
-0.87518
-0.87517
-0.84937
-0.87998
-0.85791
-0.85017
-0.86789
0
0
0
0
0
0
0
0
0
0
0
0
0
0
0
0
0
0
0
0
0
0
0
0
0
0
0
0
0
0
0
0
0
0
0
0
0
0
0
0
0
0
0
0
0
0
0
0
0
0
0
0
-5.2326
0
0
0
0
0
0
0
-5.2326
0
0
-0.87494
-0.87008
-0.86348
-0.86976
-0.87686
-0.87687
-0.87542
-0.8571
-0.85532
-0.8584
-0.86167
-0.87804
-0.88278
-0.85808
-0.86925
-0.87691
41.7748
-0.86137
-0.86136
-0.86136
-0.87329
-0.86663
-0.87446
-0.88399
-0.86057
-0.86058
-0.86056
-0.8437
-0.87609
-0.8761
-0.87611
-0.8761
-0.85029
-0.88069
-0.85865
-0.85095
0
0
-0.89626
0
0
0
0
0
0
0
0
0
0
0
0
0
0
0
0
0
0
0
0
0
0
0
0
0
0
0
0
0
0
0
0
0
0
0
0
0
0
0
-5.2604
0
0
0
0
0
0
0
-5.2604
0
0
0
0
0
0
0
0
0
0
0
0
0
-0.85278
-0.84814
-0.84257
-0.84831
-0.85307
-0.85307
-0.85079
-0.83333
-0.83232
-0.83959
-0.84257
-0.85456
-0.85957
-0.83885
-0.85239
-0.86023
-0.86137
31.3955
-0.83925
-0.83925
-0.85695
-0.84641
-0.85439
-0.87642
-0.84071
-0.84071
-0.84069
-0.82394
-0.85606
-0.85608
-0.85607
-0.85606
-0.83051
-0.86236
-0.84277
-0.83381
-0.84778
-0.87173
0
0
0
0
0
0
0
0
0
0
0
0
0
0
0
0
0
0
0
0
0
0
0
0
0
0
0
0
0
0
0
0
0
0
0
0
0
0
0
0
0
0
0
0
0
0
0
0
0
0
0
0
0
0
0
0
0
0
0
0
0
0
-0.85278
-0.84814
-0.84257
-0.84831
-0.85307
-0.85307
-0.85079
-0.83333
-0.83232
-0.83959
-0.84258
-0.85456
-0.85957
-0.83885
-0.85239
-0.86023
-0.86136
-0.83925
31.3954
-0.83925
-0.85694
-0.84641
-0.85438
-0.87643
-0.84071
-0.84071
-0.84069
-0.82394
-0.85605
-0.85607
-0.85607
-0.85607
-0.83051
-0.86237
-0.84276
-0.83381
-0.84778
-0.87173
0
0
0
0
0
0
0
0
0
0
0
0
0
0
0
0
0
0
0
0
0
0
0
0
0
0
0
0
0
0
0
0
0
0
0
0
0
0
0
0
0
0
0
0
0
0
0
0
0
0
0
0
0
0
0
0
0
0
0
0
0
0
-0.85278
-0.84813
-0.84256
-0.8483
-0.85306
-0.85306
-0.85078
-0.83333
-0.83231
-0.83959
-0.84257
-0.85455
-0.85957
-0.83885
-0.85238
-0.86025
-0.86136
-0.83925
-0.83925
31.3953
-0.85694
-0.8464
-0.85439
-0.87642
-0.84071
-0.84071
-0.84068
-0.82393
-0.85607
-0.85606
-0.85608
-0.85606
-0.8305
-0.86237
-0.84276
-0.83381
-0.84778
-0.87173
0
0
0
0
0
0
0
0
0
0
0
0
0
0
0
0
0
0
0
0
0
0
0
0
0
0
0
0
0
0
0
0
0
0
0
0
0
0
0
0
0
0
0
0
0
0
0
0
0
0
0
0
0
0
0
0
0
0
0
0
0
0
-0.86957
-0.86553
-0.85895
-0.86492
-0.87035
-0.87035
-0.86754
-0.84903
-0.84769
-0.85519
-0.85998
-0.86972
-0.8747
-0.85356
-0.86773
-0.87224
-0.87329
-0.85695
-0.85694
-0.85694
35.7952
-0.86302
-0.87025
-0.88184
-0.85694
-0.85695
-0.85692
-0.83997
-0.87245
-0.87246
-0.87247
-0.87247
-0.84666
0
0
0
0
0
0
0
0
0
0
0
0
0
0
0
0
0
0
0
0
0
0
0
0
0
0
0
0
0
0
0
0
0
0
0
0
0
0
-3.3468
0
0
0
0
0
0
0
0
0
0
0
0
0
0
0
-4.8248
0
0
0
0
0
0
0
0
0
0
0
0
-0.85868
-0.85407
-0.84838
-0.85376
-0.85916
-0.85916
-0.85673
-0.83913
-0.83802
-0.84368
-0.84767
-0.86064
-0.86606
-0.84439
-0.85836
-0.86575
-0.86663
-0.84641
-0.84641
-0.8464
-0.86302
29.9828
-0.86072
-0.8761
-0.84875
-0.84876
-0.84874
-0.83147
-0.86431
-0.86433
-0.86433
-0.86433
-0.83842
0
0
0
0
0
0
0
0
0
0
0
0
0
0
0
0
0
0
0
-1.1566
0
0
0
0
0
0
0
-1.4934
0
0
0
0
0
0
0
0
0
0
0
0
0
0
0
0
0
0
0
0
0
0
0
0
0
0
0
0
0
0
0
0
0
0
0
0
0
0
0
-0.86652
-0.8618
-0.85617
-0.86197
-0.8667
-0.86669
-0.8644
-0.84669
-0.84568
-0.85294
-0.85592
-0.86819
-0.87334
-0.85199
-0.86586
-0.87355
-0.87446
-0.85439
-0.85438
-0.85439
-0.87025
-0.86072
28.4298
-0.88293
-0.85701
-0.85701
-0.85698
-0.83918
-0.87312
-0.87312
-0.87313
-0.87313
-0.84669
0
0
-0.85048
0
0
0
0
0
0
0
0
0
0
0
0
0
0
0
0
0
0
0
0
0
0
0
0
0
0
0
0
0
0
0
0
0
0
0
0
0
0
0
0
0
0
0
0
0
0
0
0
0
0
0
0
0
0
0
0
0
0
0
0
0
0
0
0
-0.88093
-0.87613
-0.87001
-0.87592
-0.88107
-0.88108
-0.87823
-0.86
-0.85868
-0.86563
-0.86858
-0.88078
-0.88562
-0.864
-0.87802
-0.88271
-0.88399
-0.87642
-0.87643
-0.87642
-0.88184
-0.8761
-0.88293
32.6594
-0.86939
-0.86938
-0.86936
-0.85211
-0.8851
-0.88512
-0.88512
-0.88511
-0.85896
0
0
0
0
0
0
0
0
0
0
0
0
0
0
0
0
0
0
0
0
0
0
0
0
0
0
0
0
0
0
0
0
0
0
0
0
0
0
0
0
0
0
0
0
0
0
0
0
0
0
0
0
0
0
0
0
0
-4.6582
0
0
0
0
0
0
0
0
0
-0.85267
-0.84803
-0.84245
-0.84821
-0.85284
-0.85285
-0.85057
-0.83303
-0.83207
-0.8392
-0.84216
-0.85434
-0.85953
-0.83823
-0.85202
-0.85965
-0.86057
-0.84071
-0.84071
-0.84071
-0.85694
-0.84875
-0.85701
-0.86939
27.1324
-0.83914
-0.83911
-0.82284
-0.85694
-0.85695
-0.85696
-0.85695
-0.83091
0
0
0
0
0
0
0
0
0
0
0
0
0
0
0
0
0
0
0
0
0
0
0
0
0
0
0
0
0
0
0
0
0
0
0
0
0
0
0
0
0
0
0
0
0
0
0
0
0
0
0
0
0
0
0
0
0
0
0
0
0
0
0
0
0
0
0
-0.85267
-0.84804
-0.84243
-0.84821
-0.85284
-0.85284
-0.85058
-0.83303
-0.83206
-0.8392
-0.84216
-0.85435
-0.85954
-0.83823
-0.85202
-0.85966
-0.86058
-0.84071
-0.84071
-0.84071
-0.85695
-0.84876
-0.85701
-0.86938
-0.83914
27.1325
-0.83912
-0.82284
-0.85694
-0.85695
-0.85695
-0.85695
-0.83091
0
0
0
0
0
0
0
0
0
0
0
0
0
0
0
0
0
0
0
0
0
0
0
0
0
0
0
0
0
0
0
0
0
0
0
0
0
0
0
0
0
0
0
0
0
0
0
0
0
0
0
0
0
0
0
0
0
0
0
0
0
0
0
0
0
0
0
-0.85265
-0.84802
-0.84242
-0.84819
-0.85283
-0.85283
-0.85056
-0.83302
-0.83205
-0.83919
-0.84215
-0.85433
-0.85952
-0.83823
-0.85201
-0.85964
-0.86056
-0.84069
-0.84069
-0.84068
-0.85692
-0.84874
-0.85698
-0.86936
-0.83911
-0.83912
27.1319
-0.82282
-0.85692
-0.85692
-0.85694
-0.85692
-0.83089
0
0
0
0
0
0
0
0
0
0
0
0
0
0
0
0
0
0
0
0
0
0
0
0
0
0
0
0
0
0
0
0
0
0
0
0
0
0
0
0
0
0
0
0
0
0
0
0
0
0
0
0
0
0
0
0
0
0
0
0
0
0
0
0
0
0
0
-0.83588
-0.8313
-0.82579
-0.83148
-0.83605
-0.83605
-0.83382
-0.81651
-0.81556
-0.82256
-0.82548
-0.83754
-0.84268
-0.82159
-0.83521
-0.8428
-0.8437
-0.82394
-0.82394
-0.82393
-0.83997
-0.83147
-0.83918
-0.85211
-0.82284
-0.82284
-0.82282
25.7686
-0.83289
-0.8329
-0.83291
-0.83289
0
0
0
0
0
0
0
0
0
0
0
0
0
0
0
0
0
0
0
0
0
0
0
0
0
0
0
0
0
0
0
0
0
0
0
0
0
0
0
0
0
0
0
0
0
0
0
0
0
0
0
0
0
0
0
0
0
0
0
0
0
0
0
0
0
0
0
0
-0.86815
-0.86345
-0.8578
-0.86362
-0.86832
-0.86832
-0.86602
-0.84826
-0.84728
-0.85453
-0.85752
-0.86983
-0.87507
-0.85354
-0.8675
-0.87516
-0.87609
-0.85606
-0.85605
-0.85607
-0.87245
-0.86431
-0.87312
-0.8851
-0.85694
-0.85694
-0.85692
-0.83289
24.1473
0
0
0
0
0
0
0
0
0
0
0
0
0
0
0
0
0
0
0
0
0
0
0
0
0
0
0
0
0
0
0
0
0
0
0
0
0
0
0
0
0
0
0
0
0
0
0
0
0
0
0
0
0
0
0
0
0
0
0
0
0
0
0
0
0
0
0
0
0
0
0
-0.86816
-0.86346
-0.8578
-0.86362
-0.86832
-0.86832
-0.86602
-0.84827
-0.84729
-0.85454
-0.85751
-0.86984
-0.87508
-0.85355
-0.8675
-0.87517
-0.8761
-0.85608
-0.85607
-0.85606
-0.87246
-0.86433
-0.87312
-0.88512
-0.85695
-0.85695
-0.85692
-0.8329
0
24.1475
0
0
0
0
0
0
0
0
0
0
0
0
0
0
0
0
0
0
0
0
0
0
0
0
0
0
0
0
0
0
0
0
0
0
0
0
0
0
0
0
0
0
0
0
0
0
0
0
0
0
0
0
0
0
0
0
0
0
0
0
0
0
0
0
0
0
0
0
0
0
-0.86815
-0.86347
-0.85781
-0.86363
-0.86832
-0.86832
-0.86603
-0.84828
-0.84729
-0.85454
-0.85753
-0.86984
-0.87508
-0.85355
-0.86751
-0.87518
-0.87611
-0.85607
-0.85607
-0.85608
-0.87247
-0.86433
-0.87313
-0.88512
-0.85696
-0.85695
-0.85694
-0.83291
0
0
24.1477
0
0
0
0
0
0
0
0
0
0
0
0
0
0
0
0
0
0
0
0
0
0
0
0
0
0
0
0
0
0
0
0
0
0
0
0
0
0
0
0
0
0
0
0
0
0
0
0
0
0
0
0
0
0
0
0
0
0
0
0
0
0
0
0
0
0
0
0
0
-0.86816
-0.86347
-0.8578
-0.86362
-0.86832
-0.86832
-0.86603
-0.84827
-0.84729
-0.85452
-0.85752
-0.86983
-0.87507
-0.85355
-0.86751
-0.87517
-0.8761
-0.85606
-0.85607
-0.85606
-0.87247
-0.86433
-0.87313
-0.88511
-0.85695
-0.85695
-0.85692
-0.83289
0
0
0
24.1475
0
0
0
0
0
0
0
0
0
0
0
0
0
0
0
0
0
0
0
0
0
0
0
0
0
0
0
0
0
0
0
0
0
0
0
0
0
0
0
0
0
0
0
0
0
0
0
0
0
0
0
0
0
0
0
0
0
0
0
0
0
0
0
0
0
0
0
0
-0.84243
-0.83784
-0.83231
-0.83803
-0.84262
-0.84261
-0.84036
-0.82296
-0.82202
-0.82906
-0.83199
-0.84411
-0.84926
-0.82811
-0.84178
-0.84937
-0.85029
-0.83051
-0.83051
-0.8305
-0.84666
-0.83842
-0.84669
-0.85896
-0.83091
-0.83091
-0.83089
0
0
0
0
0
22.6201
0
0
0
0
0
0
0
0
0
0
0
0
0
0
0
0
0
0
0
0
0
0
0
0
0
0
0
0
0
0
0
0
0
0
0
0
0
0
0
0
0
0
0
0
0
0
0
0
0
0
0
0
0
0
0
0
0
0
0
0
0
0
0
0
0
0
0
-0.86996
-0.86521
-0.86205
-0.86796
-0.8733
-0.8733
-0.87069
-0.85274
-0.85138
-0.85913
-0.86258
-0.87413
-0.87831
-0.85786
-0.87204
-0.87998
-0.88069
-0.86236
-0.86237
-0.86237
0
0
0
0
0
0
0
0
0
0
0
0
0
23.7497
0
0
0
0
0
0
0
0
0
0
-0.89718
0
0
0
0
0
0
0
0
0
0
0
0
-1.5777
0
0
0
0
0
0
0
0
0
0
0
0
0
0
0
0
0
0
0
0
0
0
0
0
0
0
0
0
0
0
0
0
0
-3.9364
0
0
0
0
0
0
0
0
-0.85372
-0.8487
-0.8421
-0.84792
-0.85409
-0.85409
-0.85142
-0.83382
-0.83188
-0.83952
-0.8431
-0.85337
-0.85612
-0.8396
-0.85114
-0.85791
-0.85865
-0.84277
-0.84276
-0.84276
0
0
0
0
0
0
0
0
0
0
0
0
0
0
21.7911
0
0
0
0
0
0
0
0
0
0
0
0
0
0
0
0
0
0
-1.3912
0
0
0
0
0
0
0
0
0
0
0
0
0
0
0
0
0
0
0
0
0
0
-3.4545
0
0
0
0
0
0
0
0
0
0
0
0
0
0
0
0
0
0
0
0
0
0
0
-0.84463
-0.839
-0.83373
-0.83953
-0.84483
-0.84484
-0.84233
-0.82479
-0.82308
-0.83079
-0.83416
-0.84504
-0.84807
-0.83065
-0.84286
-0.85017
-0.85095
-0.83381
-0.83381
-0.83381
0
0
-0.85048
0
0
0
0
0
0
0
0
0
0
0
0
21.0174
0
0
0
0
0
0
0
0
0
0
0
0
0
0
0
0
0
0
0
0
0
0
0
0
0
0
0
0
0
0
0
0
0
0
0
0
0
0
0
0
0
0
0
0
0
0
0
0
0
0
0
0
0
0
0
0
0
0
0
0
0
0
-3.396
0
-0.85912
-0.85442
-0.8489
-0.85477
-0.85927
-0.85927
-0.85716
-0.83948
-0.83858
-0.84576
-0.84868
-0.86122
-0.86658
-0.84466
-0.85886
-0.86789
0
-0.84778
-0.84778
-0.84778
0
0
0
0
0
0
0
0
0
0
0
0
0
0
0
0
16.208
0
0
0
0
0
0
0
0
0
0
0
0
0
0
0
0
0
0
0
0
0
0
0
0
0
0
0
0
0
0
0
0
0
0
0
0
0
0
0
0
0
0
0
0
0
0
0
0
0
0
0
0
0
0
0
0
0
0
0
0
0
0
0
-0.88359
-0.87966
-0.87263
-0.87798
-0.88381
-0.8838
-0.88155
-0.86351
-0.86241
-0.86957
-0.87196
-0.88485
-0.88988
-0.86878
-0.88223
0
0
-0.87173
-0.87173
-0.87173
0
0
0
0
0
0
0
0
0
0
0
0
0
0
0
0
0
17.0804
0
0
0
0
0
0
0
0
0
0
0
0
0
0
0
0
0
0
0
0
0
0
0
0
0
0
0
0
0
0
0
-1.309
0
0
0
0
0
0
0
0
0
0
0
0
0
0
0
0
0
0
0
0
0
0
0
0
0
0
0
0
0
0
-0.89137
-0.88604
-0.8796
-0.88589
-0.89157
-0.89157
-0.88882
-0.87092
-0.86956
-0.87644
-0.88033
-0.89099
-0.89539
-0.87645
-0.8882
0
-0.89626
0
0
0
0
0
0
0
0
0
0
0
0
0
0
0
0
0
0
0
0
0
18.626
0
0
0
0
0
0
0
0
0
0
0
0
0
0
0
0
0
0
0
-1.3359
0
0
0
0
0
0
0
0
0
0
0
0
0
0
0
0
0
0
0
0
0
0
0
0
0
-3.1307
0
0
0
0
0
0
0
0
0
0
0
0
0
0
0
-0.89848
-0.89359
-0.88801
-0.89396
-0.8986
-0.89859
-0.89659
-0.87835
-0.8775
-0.8852
-0.88809
-0.90141
-0.90714
-0.88413
-0.89888
0
0
0
0
0
0
0
0
0
0
0
0
0
0
0
0
0
0
0
0
0
0
0
0
13.3885
0
0
0
0
0
0
0
0
0
0
0
0
0
0
0
0
0
0
0
0
0
0
0
0
0
0
0
0
0
0
0
0
0
0
0
0
0
0
0
0
0
0
0
0
0
0
0
0
0
0
0
0
0
0
0
0
0
0
0
0
-0.90089
-0.89664
-0.89007
-0.89606
-0.90105
-0.90105
-0.89873
-0.88044
-0.87935
-0.88683
-0.88979
-0.90181
-0.90795
-0.88592
0
0
0
0
0
0
0
0
0
0
0
0
0
0
0
0
0
0
0
0
0
0
0
0
0
0
15.5842
0
0
0
0
0
0
0
0
0
0
0
0
0
0
0
0
0
0
0
0
0
0
0
0
0
0
0
0
0
0
0
0
0
0
0
0
0
0
0
0
0
0
0
0
0
0
0
0
0
0
0
0
0
-3.0676
0
0
0
0
0
-0.88639
-0.88167
-0.87625
-0.88231
-0.88653
-0.88653
-0.8855
-0.8673
-0.8665
-0.8745
-0.87712
-0.89105
0
-0.87328
0
0
0
0
0
0
0
0
0
0
0
0
0
0
0
0
0
0
0
0
0
0
0
0
0
0
0
12.4629
0
0
0
0
0
0
0
-1.028
0
0
0
0
0
0
0
0
0
0
0
0
0
0
0
0
0
0
0
0
0
0
0
0
0
0
0
0
0
0
0
0
0
0
0
0
0
0
0
0
0
0
0
0
0
0
0
0
0
0
-0.92808
-0.92312
-0.91778
-0.92382
-0.92819
-0.92819
-0.92661
-0.90809
-0.90737
-0.91552
-0.91842
-0.9322
0
0
0
0
0
0
0
0
0
0
0
0
0
0
0
0
0
0
0
0
0
0
0
0
0
0
0
0
0
0
11.0574
0
0
0
0
0
0
0
0
0
0
0
0
0
0
0
0
0
0
0
0
0
0
0
0
0
0
0
0
0
0
0
0
0
0
0
0
0
0
0
0
0
0
0
0
0
0
0
0
0
0
0
0
0
0
0
0
0
-0.93542
-0.93379
-0.92794
-0.93123
-0.93942
-0.93942
-0.93766
-0.91849
-0.91741
0
0
0
0
0
0
0
0
0
0
0
0
0
0
0
0
0
0
0
0
0
0
0
0
0
0
0
0
0
0
0
0
0
0
13.3918
0
0
0
0
0
0
0
0
-1.181
0
0
0
0
0
0
-1.4243
0
0
0
0
0
0
0
0
0
0
0
0
0
0
0
0
0
0
0
0
0
0
0
-2.4058
0
0
0
0
0
0
0
0
0
0
0
0
0
0
0
0
-0.8922
-0.88709
-0.88178
-0.88761
-0.89232
-0.89232
-0.89187
-0.87255
-0.87162
0
0
0
0
0
0
0
0
0
0
0
0
0
0
0
0
0
0
0
0
0
0
0
0
-0.89718
0
0
0
0
0
0
0
0
0
0
9.8388
0
0
0
0
0
0
0
0
0
0
0
0
0
0
0
0
0
0
0
0
0
0
0
0
0
-0.97222
0
0
0
0
0
0
0
0
0
0
0
0
0
0
0
0
0
0
0
0
0
0
0
0
0
0
0
0
0
-0.93095
-0.92628
-0.91987
-0.92578
-0.93156
-0.93156
-0.92924
-0.91081
-0.90936
0
0
0
0
0
0
0
0
0
0
0
0
0
0
0
0
0
0
0
0
0
0
0
0
0
0
0
0
0
0
0
0
0
0
0
0
11.4041
0
0
0
0
0
0
0
0
0
0
0
0
0
0
0
0
0
0
0
0
-1.2877
-1.8009
0
0
0
0
0
0
0
0
0
0
0
0
0
0
0
0
0
0
0
0
0
0
0
0
0
0
0
0
0
0
0
0
-0.96413
-0.95835
-0.95163
-0.9581
-0.96301
-0.96301
-0.96169
-0.94222
-0.94125
0
0
0
0
0
0
0
0
0
0
0
0
0
0
0
0
0
0
0
0
0
0
0
0
0
0
0
0
0
0
0
0
0
0
0
0
0
10.391
0
0
0
0
0
0
0
0
0
0
0
0
0
0
0
0
0
0
0
0
-1.7876
0
0
0
0
0
0
0
0
0
0
0
0
0
0
0
0
0
0
0
0
0
0
0
0
0
0
0
0
0
0
0
0
-1.0061
-1.0016
-0.99481
-1.0015
-1.0061
-1.0061
-1.0041
-0.98435
-0.98314
0
0
0
0
0
0
0
0
0
0
0
0
0
0
0
0
0
0
0
0
0
0
0
0
0
0
0
0
0
0
0
0
0
0
0
0
0
0
11.9798
0
0
0
0
0
0
0
0
0
0
0
0
0
0
0
0
0
0
0
0
0
0
0
0
0
-2.992
0
0
0
0
0
0
0
0
0
0
0
0
0
0
0
0
0
0
0
0
0
0
0
0
0
0
-1.0284
-1.0244
-1.0198
-1.0266
-1.03
-1.03
-1.0278
-1.0085
0
0
0
0
0
0
0
0
0
0
0
0
0
0
0
0
0
0
0
0
0
0
0
0
0
0
0
0
0
0
0
0
0
0
0
0
0
0
0
0
8.1954
0
0
0
0
0
0
0
0
0
0
0
0
0
0
0
0
0
0
0
0
0
0
0
0
0
0
0
0
0
0
0
0
0
0
0
0
0
0
0
0
0
0
0
0
0
0
0
0
0
0
0
-1.0285
-1.0242
-1.0174
-1.0248
-1.0287
-1.0287
0
0
0
0
0
0
0
0
0
0
0
0
0
0
0
0
0
0
0
0
0
0
0
0
0
0
0
0
0
0
0
0
0
0
0
-1.028
0
0
0
0
0
0
0
9.5787
0
0
0
0
0
0
0
0
0
0
0
0
0
0
0
0
0
0
0
0
0
0
0
0
0
0
0
0
0
0
0
0
0
0
0
0
0
0
0
0
0
0
0
0
0
0
0
0
0
-2.3984
-1.1422
-1.1359
-1.1306
-1.1377
-1.1402
-1.1402
0
0
0
0
0
0
0
0
0
0
0
0
0
0
0
0
0
0
0
0
0
0
0
0
0
0
0
0
0
0
0
0
0
0
0
0
0
0
0
0
0
0
0
0
6.8268
0
0
0
0
0
0
0
0
0
0
0
0
0
0
0
0
0
0
0
0
0
0
0
0
0
0
0
0
0
0
0
0
0
0
0
0
0
0
0
0
0
0
0
0
0
0
0
0
0
-1.3534
0
-1.3416
0
0
0
0
0
0
0
0
0
0
0
0
0
0
0
0
0
0
0
0
0
0
0
0
0
0
0
0
0
0
0
0
0
0
0
0
0
0
0
0
0
0
0
0
0
0
0
0
9.5622
0
0
0
0
0
0
0
0
0
0
0
0
0
-1.9476
0
0
-1.9866
0
0
0
0
0
0
0
0
0
0
0
0
0
0
0
0
0
0
0
0
0
0
0
0
0
0
-2.933
0
0
0
0
0
0
0
0
0
0
0
0
0
0
0
0
0
0
0
0
0
0
0
0
0
-1.1566
0
0
0
0
0
0
0
0
0
0
0
0
0
0
0
0
0
0
0
0
0
-1.181
0
0
0
0
0
0
0
0
7.2413
0
-1.7062
0
0
0
0
0
0
0
-1.5486
0
0
0
0
0
0
-1.6489
0
0
0
0
0
0
0
0
0
0
0
0
0
0
0
0
0
0
0
0
0
0
0
0
0
0
0
0
0
0
0
0
-1.4058
-1.4126
0
0
0
0
0
0
0
0
0
0
0
0
0
0
0
0
0
0
0
0
0
0
0
0
0
0
0
0
0
0
-1.3912
0
0
0
0
0
0
0
0
0
0
0
0
0
0
0
0
0
0
6.091
0
0
0
0
-1.5683
0
0
0
0
0
0
0
0
0
0
0
0
0
0
0
0
0
0
0
0
0
0
0
0
0
0
0
0
0
-0.31314
0
0
0
0
0
0
0
0
0
0
0
0
0
0
-1.8746
0
0
0
0
0
0
-1.8568
0
0
0
0
0
0
0
0
0
0
0
0
0
0
0
0
0
0
0
0
0
0
0
0
0
0
0
0
0
0
0
0
0
0
0
0
0
0
0
0
0
-1.7062
0
12.5275
0
0
0
0
0
0
0
0
0
0
0
0
0
0
0
0
0
0
0
0
0
0
-3.5449
0
0
0
0
-3.5449
0
0
0
0
0
0
0
0
0
0
0
0
0
0
0
0
0
0
0
0
0
0
0
0
0
0
0
0
0
0
0
0
0
0
0
0
0
0
0
0
0
0
0
0
0
0
0
0
0
0
0
0
0
0
0
0
0
0
0
0
0
0
0
0
0
0
0
0
0
0
0
0
7.4237
0
-1.8771
0
0
0
-1.8244
0
-1.6818
0
0
0
0
0
0
0
-2.0404
0
0
0
0
0
0
0
0
0
0
0
0
0
0
0
0
0
0
0
0
0
0
0
0
0
0
0
0
0
0
0
0
0
0
-1.5572
0
0
-1.5169
0
0
0
0
0
0
0
0
0
0
0
0
0
0
0
0
0
0
0
0
0
0
0
0
0
0
0
0
0
0
0
0
0
0
0
0
0
0
0
0
0
0
0
0
0
0
7.4823
0
0
0
0
-1.7349
0
0
0
0
0
0
0
0
0
0
0
0
0
0
0
0
0
0
0
-2.6732
0
0
0
0
0
0
0
0
0
0
0
0
0
0
0
0
0
0
-1.6192
-1.6154
0
0
0
0
0
0
0
0
0
0
0
0
0
0
0
0
0
0
0
0
0
0
0
0
0
0
0
0
0
0
0
-1.5777
0
0
0
0
0
0
0
0
0
0
0
0
0
0
0
0
0
0
0
0
0
-1.8771
0
6.6893
0
0
0
0
0
0
0
0
0
0
0
0
0
0
0
0
0
0
0
0
0
0
0
0
0
0
0
0
0
0
0
0
0
0
0
0
0
0
0
0
0
0
0
0
0
0
0
0
0
0
0
0
0
0
0
0
0
0
0
0
0
0
0
0
0
0
0
0
0
0
0
0
0
0
0
0
0
0
0
0
-1.3359
0
0
0
0
0
0
0
0
0
0
0
0
0
0
-1.5683
0
0
0
0
6.5736
0
0
0
-1.7082
0
0
0
0
0
0
0
0
0
0
0
0
-1.9612
0
0
0
0
0
0
0
0
0
0
0
0
0
0
0
0
0
0
0
0
0
0
0
0
-1.4625
0
0
0
0
0
0
0
0
0
0
0
0
0
0
0
0
0
0
0
0
0
0
0
0
0
0
0
0
0
0
0
0
0
0
0
0
0
0
0
0
0
0
-1.4243
0
0
0
0
0
0
0
0
0
0
0
0
0
0
0
6.529
0
0
0
-1.969
0
0
-1.6732
0
0
0
0
0
0
0
0
0
0
0
0
0
0
0
0
0
0
0
0
0
0
0
0
0
0
0
0
0
0
0
0
0
0
0
0
0
0
0
0
0
0
-1.492
0
0
0
0
0
0
0
0
0
0
0
-1.4934
0
0
0
0
0
0
0
0
0
0
0
0
0
0
0
0
0
0
0
0
0
0
0
0
0
0
0
0
0
0
0
0
0
0
0
0
0
0
7.8094
0
0
0
0
0
0
0
-2.0247
0
0
0
0
0
0
0
0
0
0
0
0
0
0
0
0
0
0
0
0
0
0
0
0
0
0
0
-2.7993
0
0
0
0
0
0
0
0
0
0
0
0
-1.4027
0
0
0
0
0
0
0
0
0
0
0
0
0
0
0
0
0
0
0
0
0
0
0
0
0
0
0
0
0
0
0
0
0
0
0
0
0
0
0
0
0
0
0
0
0
-1.8244
-1.7349
0
0
0
0
6.6261
0
0
0
0
0
0
0
0
-1.664
0
0
0
0
0
0
0
0
0
0
0
0
0
0
0
0
0
0
0
0
0
0
0
0
0
0
0
0
0
0
-1.3448
0
0
0
0
0
0
0
0
0
0
0
0
0
0
0
0
0
0
0
0
0
0
0
0
0
0
0
0
0
0
0
0
0
0
0
0
0
0
0
0
0
0
0
0
0
0
0
0
0
0
-1.5486
0
0
0
0
0
-1.7082
0
0
0
4.6016
0
0
0
0
0
0
0
0
0
0
0
0
0
0
0
0
0
0
0
0
0
0
0
0
0
0
0
0
0
0
0
0
0
0
0
0
0
0
0
0
0
0
0
0
0
0
0
0
0
0
0
0
0
0
0
0
0
0
0
0
0
0
0
0
0
0
0
0
0
0
0
0
0
0
0
0
0
0
0
0
0
0
0
0
0
0
0
0
0
0
0
0
-1.6818
0
0
0
-1.969
0
0
0
5.647
0
-1.9962
0
0
0
0
0
0
0
0
0
0
0
0
0
0
0
0
0
0
0
0
0
0
0
0
0
0
0
0
0
0
0
0
0
0
0
0
0
0
0
0
0
0
-1.1761
0
0
0
-1.2098
0
0
0
0
0
0
0
0
0
0
0
0
0
0
0
0
0
0
0
0
0
0
0
0
0
0
0
0
0
0
0
0
0
0
0
0
0
0
0
0
0
0
0
0
0
0
0
0
0
0
0
3.1179
0
0
0
0
0
0
0
0
0
0
0
0
0
0
0
-0.73202
0
0
0
0
0
0
0
0
0
0
0
0
0
0
0
0
0
0
0
0
0
0
0
0
0
0
0
0
0
0
0
0
-1.9683
0
0
0
0
0
0
0
0
0
0
0
0
0
0
0
0
0
0
0
0
0
0
0
0
0
0
0
0
0
0
0
0
0
0
0
0
0
-1.9476
0
0
0
0
0
0
0
0
0
0
0
-1.9962
0
5.9121
0
0
0
0
0
0
0
0
0
0
0
0
0
0
0
0
0
0
0
0
0
0
0
0
0
0
0
0
0
0
0
0
0
0
0
0
0
0
0
0
0
0
0
0
0
0
0
0
0
0
0
0
0
0
0
0
0
0
0
0
0
0
0
0
0
0
0
0
0
0
0
0
0
0
0
0
0
0
0
-1.2877
0
0
0
0
0
0
0
0
0
0
0
0
0
-1.6732
0
0
0
0
0
0
5.1072
0
0
0
0
0
0
0
-2.1463
0
0
0
0
0
0
0
0
0
0
0
0
0
0
0
0
0
0
0
0
0
0
0
0
0
0
0
0
0
0
0
0
0
0
0
0
0
0
0
0
0
0
0
0
0
0
0
0
0
0
0
0
0
0
0
0
0
0
0
0
0
0
0
0
0
0
0
0
0
0
-1.8009
-1.7876
0
0
0
0
0
0
0
0
0
0
0
0
0
0
0
0
0
0
0
0
5.82
0
0
0
0
-2.2315
0
0
0
0
0
0
0
0
0
0
0
0
0
0
0
0
0
0
0
0
0
0
0
0
0
0
0
0
0
0
0
0
0
0
0
0
0
0
0
0
0
0
0
0
0
0
0
0
0
0
0
0
0
0
0
0
0
0
0
0
0
0
0
0
0
0
0
0
0
0
0
0
0
0
0
0
0
0
-1.9866
0
0
0
0
0
0
0
0
-2.0247
0
0
0
0
0
0
0
6.2538
0
0
0
-2.2424
0
0
0
0
0
0
0
0
0
0
0
0
0
0
0
0
0
0
0
0
0
0
0
0
0
0
0
0
0
0
0
0
0
0
0
0
0
0
0
-1.3458
0
0
0
0
0
0
0
0
0
0
0
0
0
0
0
0
0
0
0
0
0
0
0
0
-1.309
0
0
0
0
0
0
0
0
0
0
0
0
0
0
-1.6489
0
0
0
0
0
0
0
0
0
0
0
0
0
0
0
0
4.3038
0
0
0
0
0
0
0
0
0
0
0
0
0
0
0
0
0
0
0
0
0
0
0
0
0
0
0
0
0
0
0
0
0
0
0
0
0
0
0
0
0
0
0
0
0
0
0
0
0
0
0
0
0
0
0
0
0
0
0
0
0
0
0
0
0
0
0
0
0
0
0
0
0
0
-0.97222
0
0
0
0
0
0
0
0
0
0
0
0
0
0
0
0
-1.664
0
0
0
0
0
0
0
0
4.4145
0
0
0
0
0
0
0
0
-1.7783
0
0
0
0
0
0
0
0
0
0
0
0
0
0
0
0
0
0
0
0
0
0
0
0
0
0
0
0
0
0
0
0
0
0
0
0
0
0
0
0
-3.3468
0
0
0
0
0
0
0
0
0
0
0
0
0
0
0
0
0
0
0
0
0
0
0
0
0
0
0
0
0
0
0
0
0
0
-2.0404
0
0
0
0
0
0
0
0
0
0
0
0
0
0
0
5.3873
0
0
0
0
0
0
0
0
0
0
0
0
0
0
0
0
0
0
0
0
0
0
0
0
0
0
0
0
0
0
0
0
0
0
0
0
0
0
0
0
0
0
0
0
0
0
0
0
0
0
0
0
0
0
0
0
0
0
0
0
0
0
0
0
0
0
0
0
0
0
0
0
0
0
0
0
0
0
0
0
0
0
0
0
0
0
0
0
0
0
0
0
0
0
0
-2.2315
-2.2424
0
0
0
4.4739
0
0
0
0
0
0
0
0
0
0
0
0
0
0
0
0
0
0
0
0
0
0
0
0
0
0
0
0
0
0
0
0
0
0
0
0
0
0
0
0
0
0
0
0
0
0
0
0
0
0
0
0
0
0
0
0
0
0
0
0
0
0
0
0
0
0
0
0
0
0
0
0
0
0
-2.992
0
0
0
0
0
0
0
0
0
0
0
0
0
0
0
0
0
0
0
0
0
0
0
0
0
2.992
0
0
0
0
0
0
0
0
0
0
0
0
0
0
0
0
0
0
0
0
0
0
0
0
0
0
0
0
0
0
0
0
0
0
0
0
0
0
0
0
0
0
0
0
0
0
0
0
0
0
0
0
0
0
0
0
0
0
0
0
0
0
0
0
0
0
0
0
0
0
0
0
0
0
0
0
0
0
0
0
0
0
0
0
0
0
0
0
0
0
0
0
-2.1463
0
0
0
0
0
0
0
2.1463
0
0
0
0
0
0
0
0
0
0
0
0
0
0
0
0
0
0
0
0
0
0
0
0
0
0
0
0
0
0
0
0
0
0
0
0
0
0
0
0
0
0
0
0
0
0
0
0
0
0
0
0
0
0
0
0
0
0
0
0
0
0
0
0
0
0
0
0
0
0
0
0
0
0
0
0
0
0
0
0
0
0
0
-1.9612
0
0
0
0
0
0
0
0
0
0
0
0
0
0
0
0
1.9612
0
0
0
0
0
0
0
0
0
0
0
0
0
0
0
0
0
0
0
0
0
0
0
0
0
0
0
0
0
0
0
0
0
0
0
0
0
0
0
0
0
0
0
0
0
0
0
0
0
0
0
0
0
0
0
0
0
0
-3.4545
0
0
0
0
0
0
0
0
0
0
0
0
0
0
0
0
0
0
0
0
0
0
0
0
0
0
0
0
0
0
0
0
0
0
0
0
0
0
0
0
0
3.4545
0
0
0
0
0
0
0
0
0
0
0
0
0
0
0
0
0
0
0
0
0
0
0
0
0
0
0
0
0
0
0
0
0
0
0
0
0
0
0
0
0
0
0
0
0
0
0
0
0
0
0
0
0
0
0
0
0
0
0
0
0
0
0
0
0
0
0
0
0
0
0
0
0
0
0
0
0
-3.5449
0
0
0
0
0
0
0
0
0
0
0
0
0
0
0
0
0
0
0
0
0
0
3.5449
0
0
0
0
0
0
0
0
0
0
0
0
0
0
0
0
0
0
0
0
0
0
0
0
0
0
0
0
0
0
0
0
0
0
0
0
0
0
-5.2604
0
0
0
0
0
0
0
0
0
0
0
0
0
0
0
0
0
0
0
0
0
0
0
0
0
0
0
0
0
0
0
0
0
0
0
0
0
0
0
0
0
0
0
0
0
0
0
0
0
0
0
0
0
0
0
0
0
0
0
0
0
5.2604
0
0
0
0
0
0
0
0
0
0
0
0
0
0
0
0
0
0
0
0
0
0
0
0
0
0
0
0
0
0
0
0
0
0
0
0
0
0
0
0
0
0
0
0
0
0
0
0
0
0
0
0
0
0
0
0
0
0
0
0
0
0
0
0
0
0
0
0
0
0
0
0
0
0
0
0
0
0
0
0
0
0
0
0
0
0
0
0
0
0
0
-1.7783
0
0
0
0
0
0
0
0
1.7783
0
0
0
0
0
0
0
0
0
0
0
0
0
0
0
0
0
0
0
0
0
0
0
0
0
0
0
0
0
0
0
0
0
0
0
0
0
0
0
0
0
0
0
0
0
0
0
0
0
0
0
0
0
0
0
0
0
0
0
0
0
0
0
0
0
0
0
0
0
0
0
0
0
0
0
0
0
0
0
0
0
0
0
0
-0.73202
0
0
0
0
0
0
0
0
0
0
0
0
0
0
0
0.73202
0
0
0
0
0
0
0
0
0
0
0
0
0
0
0
0
0
0
0
0
0
0
0
0
0
0
0
0
0
0
0
0
0
0
0
0
0
0
0
0
0
0
0
0
0
0
0
0
0
0
0
0
0
0
0
0
0
0
0
0
0
0
0
0
0
0
0
0
0
0
0
0
0
0
0
-2.6732
0
0
0
0
0
0
0
0
0
0
0
0
0
0
0
0
0
0
0
0
0
0
0
0
2.6732
0
0
0
0
0
0
0
0
0
0
0
0
0
0
0
0
0
0
0
0
0
0
0
0
0
0
0
0
0
0
0
0
0
0
0
0
0
0
0
0
0
0
0
0
0
0
0
0
0
0
0
0
0
0
0
0
0
0
0
0
0
0
0
0
0
0
0
0
0
0
0
0
-3.5449
0
0
0
0
0
0
0
0
0
0
0
0
0
0
0
0
0
0
0
0
0
0
0
0
0
0
0
3.5449
0
0
0
0
0
0
0
0
0
0
0
0
0
0
0
0
0
0
0
0
0
0
0
0
0
0
0
0
0
0
0
0
0
0
0
0
0
0
0
0
0
0
0
0
0
0
0
0
0
0
0
0
0
0
0
0
0
0
0
0
-2.4058
0
0
0
0
0
0
0
0
0
0
0
0
0
0
0
0
0
0
0
0
0
0
0
0
0
0
0
0
0
0
0
0
0
0
0
0
0
0
0
2.4058
0
0
0
0
0
0
0
0
0
0
0
0
0
0
0
0
0
0
0
0
0
0
0
0
0
0
0
0
0
0
0
0
0
0
0
0
0
0
0
0
0
0
0
0
0
0
0
0
0
0
0
0
0
0
-3.1307
0
0
0
0
0
0
0
0
0
0
0
0
0
0
0
0
0
0
0
0
0
0
0
0
0
0
0
0
0
0
0
0
0
0
0
0
0
0
0
0
0
0
0
0
0
3.1307
0
0
0
0
0
0
0
0
0
0
0
0
0
0
0
0
0
0
0
0
0
0
0
0
0
0
0
0
0
-5.1415
0
0
0
0
0
0
0
0
0
0
0
0
0
0
0
0
0
0
0
0
0
0
0
0
0
0
0
0
0
0
0
0
0
0
0
0
0
0
0
0
0
0
0
0
0
0
0
0
0
0
0
0
0
0
0
0
0
0
0
0
0
0
0
0
0
0
0
0
0
0
5.1415
0
0
0
0
0
0
0
0
0
0
0
0
0
0
0
0
0
0
0
0
0
0
0
0
0
0
0
0
0
0
-5.2604
0
0
0
0
0
0
0
0
0
0
0
0
0
0
0
0
0
0
0
0
0
0
0
0
0
0
0
0
0
0
0
0
0
0
0
0
0
0
0
0
0
0
0
0
0
0
0
0
0
0
0
0
0
0
0
0
0
0
0
0
0
0
0
0
0
0
0
0
0
5.2604
0
0
0
0
0
0
0
0
0
0
0
0
0
0
0
0
0
0
0
0
0
0
0
0
0
0
0
0
0
0
0
0
0
-4.8248
0
0
0
0
0
0
0
0
0
0
0
0
0
0
0
0
0
0
0
0
0
0
0
0
0
0
0
0
0
0
0
0
0
0
0
0
0
0
0
0
0
0
0
0
0
0
0
0
0
0
0
0
0
0
0
0
0
0
0
0
0
0
0
0
0
0
4.8248
0
0
0
0
0
0
0
0
0
0
0
0
0
0
0
0
0
0
0
0
0
0
0
0
0
0
0
0
0
0
0
0
0
0
0
0
0
0
0
0
0
0
0
0
0
0
0
0
0
0
0
0
0
0
0
0
0
0
0
0
0
0
0
0
0
-0.31314
0
0
0
0
0
0
0
0
0
0
0
0
0
0
0
0
0
0
0
0
0
0
0
0
0
0
0
0
0
0
0
0
0
0
0.31314
0
0
0
0
0
0
0
0
0
0
0
0
0
0
0
0
0
0
0
0
0
0
0
0
0
0
-5.2326
0
0
0
0
0
0
0
0
0
0
0
0
0
0
0
0
0
0
0
0
0
0
0
0
0
0
0
0
0
0
0
0
0
0
0
0
0
0
0
0
0
0
0
0
0
0
0
0
0
0
0
0
0
0
0
0
0
0
0
0
0
0
0
0
0
0
0
0
0
0
0
0
0
5.2326
0
0
0
0
0
0
0
0
0
0
0
0
0
0
0
0
0
0
0
0
0
0
0
0
0
0
0
0
0
0
0
0
0
-4.6582
0
0
0
0
0
0
0
0
0
0
0
0
0
0
0
0
0
0
0
0
0
0
0
0
0
0
0
0
0
0
0
0
0
0
0
0
0
0
0
0
0
0
0
0
0
0
0
0
0
0
0
0
0
0
0
0
0
0
0
0
0
0
0
0
0
0
4.6582
0
0
0
0
0
0
0
0
0
0
0
0
0
0
0
0
0
0
0
0
0
0
0
0
0
0
0
0
0
0
0
0
0
0
0
0
0
0
0
0
0
0
-3.9364
0
0
0
0
0
0
0
0
0
0
0
0
0
0
0
0
0
0
0
0
0
0
0
0
0
0
0
0
0
0
0
0
0
0
0
0
0
0
0
0
0
0
0
0
0
0
0
0
0
0
0
0
0
0
0
0
0
3.9364
0
0
0
0
0
0
0
0
0
0
0
0
0
0
0
0
0
0
0
0
-5.3357
0
0
0
0
0
0
0
0
0
0
0
0
0
0
0
0
0
0
0
0
0
0
0
0
0
0
0
0
0
0
0
0
0
0
0
0
0
0
0
0
0
0
0
0
0
0
0
0
0
0
0
0
0
0
0
0
0
0
0
0
0
0
0
0
0
0
0
0
0
0
0
0
0
0
0
0
0
0
0
5.3357
0
0
0
0
0
0
0
0
0
0
0
0
0
0
0
0
0
0
-5.3101
0
0
0
0
0
0
0
0
0
0
0
0
0
0
0
0
0
0
0
0
0
0
0
0
0
0
0
0
0
0
0
0
0
0
0
0
0
0
0
0
0
0
0
0
0
0
0
0
0
0
0
0
0
0
0
0
0
0
0
0
0
0
0
0
0
0
0
0
0
0
0
0
0
0
0
0
0
0
0
0
0
5.3101
0
0
0
0
0
0
0
0
0
0
0
0
0
0
0
0
0
0
0
0
0
0
0
0
0
0
0
0
0
0
0
0
0
0
0
0
0
0
0
0
0
0
0
0
0
0
-3.0676
0
0
0
0
0
0
0
0
0
0
0
0
0
0
0
0
0
0
0
0
0
0
0
0
0
0
0
0
0
0
0
0
0
0
0
0
0
0
0
0
0
0
0
0
0
0
0
0
0
0
0
0
0
3.0676
0
0
0
0
0
0
0
0
0
0
0
0
0
0
0
0
0
0
0
0
0
0
0
0
0
0
0
0
0
0
0
0
0
0
0
0
0
0
0
0
0
0
0
0
0
0
0
0
0
0
0
0
0
0
0
0
-2.933
0
0
0
0
0
0
0
0
0
0
0
0
0
0
0
0
0
0
0
0
0
0
0
0
0
0
0
0
0
0
0
0
0
0
0
0
0
0
0
0
0
0
0
2.933
0
0
0
0
0
0
0
0
0
0
0
0
0
0
0
0
0
0
0
0
0
0
0
0
0
0
0
0
0
0
0
0
0
0
0
0
0
0
0
0
0
0
0
0
0
0
0
0
0
0
0
0
0
0
0
0
0
0
0
0
0
0
0
0
-2.7993
0
0
0
0
0
0
0
0
0
0
0
0
0
0
0
0
0
0
0
0
0
0
0
0
0
0
0
0
0
0
0
0
0
0
0
2.7993
0
0
0
0
0
0
0
0
0
0
0
0
0
0
0
0
0
0
-5.2326
0
0
0
0
0
0
0
0
0
0
0
0
0
0
0
0
0
0
0
0
0
0
0
0
0
0
0
0
0
0
0
0
0
0
0
0
0
0
0
0
0
0
0
0
0
0
0
0
0
0
0
0
0
0
0
0
0
0
0
0
0
0
0
0
0
0
0
0
0
0
0
0
0
0
0
0
0
0
0
0
0
5.2326
0
0
0
0
0
0
0
0
0
0
0
0
0
0
0
0
0
0
0
0
0
0
0
0
0
0
0
0
0
0
0
0
0
0
0
0
0
-3.396
0
0
0
0
0
0
0
0
0
0
0
0
0
0
0
0
0
0
0
0
0
0
0
0
0
0
0
0
0
0
0
0
0
0
0
0
0
0
0
0
0
0
0
0
0
0
0
0
0
0
0
0
0
0
0
0
0
0
0
0
0
0
3.396
0
0
0
0
0
0
0
0
0
0
0
0
0
0
0
0
0
0
0
0
0
0
0
0
0
0
0
0
0
0
0
0
0
0
0
0
0
0
0
0
0
0
0
0
0
0
0
0
0
0
-2.3984
0
0
0
0
0
0
0
0
0
0
0
0
0
0
0
0
0
0
0
0
0
0
0
0
0
0
0
0
0
0
0
0
0
0
0
0
0
0
0
0
0
0
0
0
0
0
0
0
0
2.3984
