54.0078
-0.89537
-0.89544
-0.88479
-0.88479
-0.90135
-0.8927
-0.89269
-0.89268
-0.89269
-0.90702
-0.89679
-0.8901
-0.88973
-0.91677
-0.91449
-0.90828
-0.8969
-0.895
-0.882
-0.88523
-0.89763
-0.89056
-0.89572
-0.89117
-0.88948
-0.89358
-0.89159
-0.8918
-0.89336
-0.89116
-0.89116
-0.8844
-0.89386
-0.88875
-0.8867
-0.88357
-0.88484
-0.8901
-0.89132
-0.90069
-0.89154
-0.89302
-0.88932
-0.89242
-0.89841
-0.93437
-0.91484
-0.91464
-0.99231
-0.9558
-0.93696
-0.98991
-0.9548
-1.315
0
-1.3869
0
0
0
-1.6263
0
0
0
0
0
0
0
0
-1.885
0
0
0
0
0
0
0
0
0
0
0
0
0
0
0
0
0
0
0
0
0
0
0
0
0
0
0
0
0
0
0
0
0
0
0
0
0
0
0
-0.89537
54.0078
-0.89544
-0.88479
-0.88479
-0.90135
-0.8927
-0.89269
-0.89269
-0.89269
-0.90701
-0.89679
-0.8901
-0.88974
-0.91677
-0.91449
-0.90829
-0.8969
-0.895
-0.88199
-0.88523
-0.89764
-0.89056
-0.89573
-0.89117
-0.88948
-0.89358
-0.89159
-0.8918
-0.89336
-0.89116
-0.89117
-0.8844
-0.89386
-0.88875
-0.8867
-0.88357
-0.88484
-0.8901
-0.89133
-0.90069
-0.89154
-0.89303
-0.88932
-0.89243
-0.89841
-0.93437
-0.91484
-0.91463
-0.99231
-0.9558
-0.93696
-0.98991
-0.95481
-1.315
0
-1.3869
0
0
0
-1.6263
0
0
0
0
0
0
0
0
-1.885
0
0
0
0
0
0
0
0
0
0
0
0
0
0
0
0
0
0
0
0
0
0
0
0
0
0
0
0
0
0
0
0
0
0
0
0
0
0
0
-0.89544
-0.89544
53.3125
-0.88296
-0.88296
-0.89693
-0.88841
-0.8884
-0.88839
-0.88839
-0.90161
-0.8923
-0.88567
-0.88522
-0.91077
-0.90886
-0.90329
-0.89183
-0.88998
-0.87648
-0.88075
-0.89267
-0.88611
-0.89104
-0.8864
-0.88498
-0.88912
-0.88726
-0.88737
-0.88877
-0.88681
-0.88681
-0.88006
-0.88956
-0.88427
-0.88222
-0.87925
-0.88049
-0.88652
-0.88698
-0.89638
-0.88295
-0.88857
-0.8849
-0.88798
-0.89397
-0.92968
-0.91065
-0.91071
-0.98698
-0.95159
-0.93273
-0.98491
-0.95032
0
0
-1.3827
0
0
0
0
0
0
0
-2.231
0
0
0
0
0
-2.1357
0
0
0
0
0
0
0
0
0
0
0
0
0
0
0
0
0
0
0
0
0
0
0
0
0
0
0
0
0
0
0
0
0
0
0
0
0
0
-0.88479
-0.88479
-0.88296
51.3949
-0.87205
-0.88918
-0.88074
-0.88073
-0.88073
-0.88073
-0.89395
-0.88438
-0.87795
-0.87761
-0.90235
-0.90091
-0.89632
-0.88432
-0.88256
-0.87192
-0.87314
-0.88512
-0.87845
-0.88345
-0.87896
-0.87739
-0.88129
-0.87942
-0.87964
-0.88109
-0.87902
-0.87902
-0.87235
-0.88173
-0.87659
-0.87453
-0.87157
-0.87279
-0.87784
-0.87916
-0.88848
-0.87933
-0.88076
-0.87712
-0.88012
-0.88593
-0.92092
-0.90184
-0.90163
-0.97741
-0.94177
-0.9233
-0.97462
-0.94117
-1.291
0
-1.3624
0
0
0
-1.5956
0
0
0
0
0
0
0
0
0
0
0
0
0
0
0
0
0
0
0
0
0
0
0
0
0
0
0
0
0
0
0
0
0
0
0
0
0
0
0
0
0
0
0
0
0
0
0
0
-0.88479
-0.88479
-0.88296
-0.87205
51.3949
-0.88918
-0.88074
-0.88073
-0.88073
-0.88073
-0.89396
-0.88438
-0.87794
-0.87761
-0.90234
-0.90091
-0.89632
-0.88432
-0.88256
-0.87192
-0.87315
-0.88512
-0.87845
-0.88345
-0.87896
-0.8774
-0.88129
-0.87942
-0.87964
-0.88109
-0.87902
-0.87902
-0.87235
-0.88172
-0.87659
-0.87452
-0.87157
-0.87279
-0.87784
-0.87916
-0.88848
-0.87933
-0.88076
-0.87712
-0.88013
-0.88593
-0.92092
-0.90184
-0.90163
-0.97741
-0.94177
-0.9233
-0.97462
-0.94117
-1.291
0
-1.3624
0
0
0
-1.5956
0
0
0
0
0
0
0
0
0
0
0
0
0
0
0
0
0
0
0
0
0
0
0
0
0
0
0
0
0
0
0
0
0
0
0
0
0
0
0
0
0
0
0
0
0
0
0
0
-0.90135
-0.90135
-0.89693
-0.88918
-0.88918
49.2044
-0.89385
-0.89384
-0.89383
-0.89384
-0.90577
-0.89803
-0.89099
-0.89065
-0.91607
-0.9145
-0.9052
-0.89822
-0.89578
-0.88484
-0.88609
-0.89853
-0.89141
-0.89613
-0.89207
-0.89023
-0.89462
-0.89247
-0.89258
-0.89409
-0.89204
-0.89204
-0.88525
-0.8947
-0.88968
-0.88759
-0.88442
-0.88568
-0.89223
-0.89129
-0.90141
-0.89267
-0.89394
-0.89022
-0.89338
-0.8994
-0.9355
-0.91582
-0.91578
-0.99379
-0.95714
-0.93765
-0.9922
-0.95578
0
0
0
0
0
0
0
0
0
0
0
0
0
0
0
0
0
0
0
-1.3532
0
0
0
0
0
0
0
0
0
0
0
0
0
0
0
0
0
0
0
0
0
0
0
0
0
0
0
0
0
0
0
0
0
0
0
-0.8927
-0.8927
-0.88841
-0.88074
-0.88074
-0.89385
47.3838
-0.88192
-0.88191
-0.88192
-0.89728
-0.8899
-0.88202
-0.88187
-0.90842
-0.90858
-0.89747
-0.89028
-0.88679
-0.87607
-0.87727
-0.88936
-0.88263
-0.88765
-0.8832
-0.88148
-0.88571
-0.88365
-0.88376
-0.88519
-0.88325
-0.88325
-0.87646
-0.88593
-0.88082
-0.87876
-0.87567
-0.8769
-0.88331
-0.88326
-0.89265
-0.8838
-0.885
-0.88132
-0.88439
-0.89032
-0.92595
-0.90658
-0.90648
-0.98348
-0.94718
-0.92791
-0.98164
-0.94607
0
0
0
0
0
0
0
0
0
0
0
0
0
0
0
0
0
0
0
0
0
0
0
0
0
0
0
0
0
0
0
0
0
0
0
0
0
0
0
0
0
0
0
0
0
0
0
0
0
0
0
0
0
0
0
-0.89269
-0.89269
-0.8884
-0.88073
-0.88073
-0.89384
-0.88192
47.3834
-0.88191
-0.88191
-0.89727
-0.88989
-0.88201
-0.88186
-0.90841
-0.90857
-0.89747
-0.89027
-0.88678
-0.87606
-0.87727
-0.88936
-0.88262
-0.88764
-0.88319
-0.88147
-0.8857
-0.88364
-0.88375
-0.88518
-0.88324
-0.88324
-0.87645
-0.88591
-0.88081
-0.87874
-0.87566
-0.8769
-0.8833
-0.88326
-0.89263
-0.88379
-0.88499
-0.88131
-0.88438
-0.89031
-0.92594
-0.90658
-0.90648
-0.98346
-0.94717
-0.92791
-0.98163
-0.94607
0
0
0
0
0
0
0
0
0
0
0
0
0
0
0
0
0
0
0
0
0
0
0
0
0
0
0
0
0
0
0
0
0
0
0
0
0
0
0
0
0
0
0
0
0
0
0
0
0
0
0
0
0
0
0
-0.89268
-0.89269
-0.88839
-0.88073
-0.88073
-0.89383
-0.88191
-0.88191
47.3831
-0.88191
-0.89726
-0.88988
-0.882
-0.88185
-0.90841
-0.90857
-0.89746
-0.89026
-0.88677
-0.87605
-0.87726
-0.88935
-0.88262
-0.88764
-0.88319
-0.88146
-0.88569
-0.88364
-0.88375
-0.88518
-0.88324
-0.88324
-0.87645
-0.88591
-0.88081
-0.87874
-0.87565
-0.87689
-0.8833
-0.88325
-0.89263
-0.88379
-0.88499
-0.8813
-0.88437
-0.89031
-0.92594
-0.90657
-0.90647
-0.98346
-0.94716
-0.9279
-0.98162
-0.94606
0
0
0
0
0
0
0
0
0
0
0
0
0
0
0
0
0
0
0
0
0
0
0
0
0
0
0
0
0
0
0
0
0
0
0
0
0
0
0
0
0
0
0
0
0
0
0
0
0
0
0
0
0
0
0
-0.89269
-0.89269
-0.88839
-0.88073
-0.88073
-0.89384
-0.88192
-0.88191
-0.88191
47.3834
-0.89726
-0.88989
-0.88201
-0.88186
-0.90841
-0.90857
-0.89746
-0.89027
-0.88678
-0.87606
-0.87727
-0.88935
-0.88262
-0.88764
-0.88319
-0.88147
-0.8857
-0.88364
-0.88376
-0.88518
-0.88324
-0.88325
-0.87645
-0.88591
-0.88081
-0.87874
-0.87566
-0.8769
-0.8833
-0.88326
-0.89263
-0.88379
-0.88499
-0.88131
-0.88438
-0.89031
-0.92594
-0.90658
-0.90647
-0.98347
-0.94717
-0.92791
-0.98163
-0.94607
0
0
0
0
0
0
0
0
0
0
0
0
0
0
0
0
0
0
0
0
0
0
0
0
0
0
0
0
0
0
0
0
0
0
0
0
0
0
0
0
0
0
0
0
0
0
0
0
0
0
0
0
0
0
0
-0.90702
-0.90701
-0.90161
-0.89395
-0.89396
-0.90577
-0.89728
-0.89727
-0.89726
-0.89726
51.7483
-0.90081
-0.89411
-0.89377
-0.92123
-0.91937
-0.91305
-0.90176
-0.89979
-0.88862
-0.88937
-0.90219
-0.89471
-0.90002
-0.89544
-0.8937
-0.89774
-0.89573
-0.89605
-0.89739
-0.89532
-0.89532
-0.8884
-0.89793
-0.89287
-0.89119
-0.88758
-0.88885
-0.8958
-0.89534
-0.90472
-0.8962
-0.89708
-0.89331
-0.8964
-0.90229
-0.93821
-0.91826
-0.91794
-0.99604
-0.95926
-0.94002
0
0
0
0
0
0
0
0
0
0
0
0
0
0
0
0
0
0
0
0
0
0
0
0
0
0
0
0
0
0
0
0
0
0
0
0
0
0
0
0
-5.6668
0
0
0
0
0
0
0
0
0
0
0
0
0
0
0
0
-0.89679
-0.89679
-0.8923
-0.88438
-0.88438
-0.89803
-0.8899
-0.88989
-0.88988
-0.88989
-0.90081
48.3196
-0.88534
-0.88406
-0.91155
-0.91099
-0.9002
-0.89263
-0.88915
-0.87937
-0.8805
-0.89151
-0.88603
-0.89036
-0.88585
-0.8848
-0.88831
-0.88595
-0.88706
-0.88808
-0.88656
-0.88656
-0.87981
-0.88832
-0.884
-0.88157
-0.87901
-0.88026
-0.88659
-0.88649
-0.8953
-0.88642
-0.88835
-0.88473
-0.88783
-0.89386
-0.92956
-0.91037
-0.91008
0
0
0
0
0
0
0
0
0
0
0
0
0
0
0
0
0
0
0
0
0
0
-1.4814
0
0
0
0
-1.4937
0
-2.584
0
0
0
0
0
0
0
0
0
0
0
0
0
0
0
0
0
0
0
0
0
0
0
0
0
0
0
0
0
0
-0.8901
-0.8901
-0.88567
-0.87795
-0.87794
-0.89099
-0.88202
-0.88201
-0.882
-0.88201
-0.89411
-0.88534
45.1094
-0.87886
-0.90286
-0.90189
-0.89377
-0.88379
-0.88219
-0.87285
-0.8739
-0.88539
-0.87952
-0.88452
-0.88011
-0.87833
-0.88223
-0.8804
-0.88059
-0.88155
-0.88008
-0.88009
-0.87336
-0.88245
-0.8776
-0.87571
-0.87255
-0.87378
-0.88008
-0.87843
-0.88932
-0.88075
-0.8819
-0.87825
-0.88135
-0.88718
-0.92263
-0.90354
-0.90341
0
0
0
0
0
0
0
0
0
0
0
0
-1.5022
0
0
0
0
-1.1618
0
0
0
0
0
0
0
0
0
0
0
0
0
0
0
0
0
0
0
0
0
0
0
0
0
0
0
0
0
0
0
0
0
0
0
0
0
0
0
0
0
0
-0.88973
-0.88974
-0.88522
-0.87761
-0.87761
-0.89065
-0.88187
-0.88186
-0.88185
-0.88186
-0.89377
-0.88406
-0.87886
44.1759
-0.90328
-0.90101
-0.89279
-0.88277
-0.88181
-0.87156
-0.87281
-0.88517
-0.87893
-0.8843
-0.8796
-0.87756
-0.88339
-0.87963
-0.87983
-0.88007
-0.87947
-0.87947
-0.87279
-0.88125
-0.87682
-0.87496
-0.87188
-0.87312
-0.87923
-0.87909
-0.88658
-0.87969
-0.88132
-0.87768
-0.88088
-0.88685
-0.92312
0
0
0
0
0
0
0
0
0
0
-1.1872
0
0
0
0
0
-1.38
0
-0.9953
0
0
0
0
0
0
0
0
0
0
0
0
0
0
0
0
0
0
0
0
0
0
0
0
0
0
0
0
0
0
0
0
0
0
0
0
0
0
0
0
0
0
0
-0.91677
-0.91677
-0.91077
-0.90235
-0.90234
-0.91607
-0.90842
-0.90841
-0.90841
-0.90841
-0.92123
-0.91155
-0.90286
-0.90328
48.8954
-0.93088
-0.91784
-0.91309
-0.90961
-0.89798
-0.89876
-0.91185
-0.90425
-0.90959
-0.90499
-0.90308
-0.90616
-0.9053
-0.90552
-0.90685
-0.90489
-0.90489
-0.89814
-0.90743
-0.90246
-0.90073
-0.89704
-0.89835
-0.90556
-0.90324
-0.91415
-0.90589
-0.90691
-0.90308
-0.90634
-0.91246
-0.95009
0
0
0
0
0
0
0
0
0
0
0
0
0
0
-1.5613
0
0
0
0
0
0
0
0
0
0
0
0
0
0
0
0
0
0
0
0
0
0
0
0
0
0
0
0
0
0
0
0
0
0
0
0
0
0
0
0
0
-5.549
0
0
0
0
0
-0.91449
-0.91449
-0.90886
-0.90091
-0.90091
-0.9145
-0.90858
-0.90857
-0.90857
-0.90857
-0.91937
-0.91099
-0.90189
-0.90101
-0.93088
47.6383
-0.91577
-0.91076
-0.90623
-0.8953
-0.89625
-0.90797
-0.90215
-0.90621
-0.90183
-0.90048
-0.90422
-0.90274
-0.90286
-0.90373
-0.90251
-0.90251
-0.89564
-0.90423
-0.89999
-0.89819
-0.89468
-0.89599
-0.90322
-0.90227
-0.91026
-0.90295
-0.90443
-0.90064
-0.9039
-0.9102
0
0
0
0
0
0
0
0
0
0
0
0
0
0
0
0
-1.6623
0
0
0
0
0
0
0
0
0
0
0
0
0
0
0
0
0
0
0
0
0
0
0
0
0
0
0
0
0
0
0
0
0
0
0
0
0
0
0
0
0
0
0
0
0
-5.2353
-0.90828
-0.90829
-0.90329
-0.89632
-0.89632
-0.9052
-0.89747
-0.89747
-0.89746
-0.89746
-0.91305
-0.9002
-0.89377
-0.89279
-0.91784
-0.91577
51.4522
-0.89858
-0.89692
-0.88729
-0.88778
-0.89988
-0.8944
-0.89772
-0.89298
-0.89262
-0.89529
-0.89492
-0.89495
-0.89325
-0.89469
-0.8947
-0.88808
-0.89621
-0.89196
-0.89035
-0.88706
-0.88836
-0.89506
-0.89443
-0.90138
-0.89453
-0.89679
-0.8931
-0.89644
0
0
0
0
0
0
0
0
0
0
0
0
0
0
-1.8233
0
0
0
0
0
0
0
0
0
0
0
0
0
0
0
0
0
0
0
0
0
0
0
0
0
0
0
0
0
0
0
0
0
-5.0791
0
0
0
0
-5.0791
0
0
0
0
0
0
0
0
0
0
-0.8969
-0.8969
-0.89183
-0.88432
-0.88432
-0.89822
-0.89028
-0.89027
-0.89026
-0.89027
-0.90176
-0.89263
-0.88379
-0.88277
-0.91309
-0.91076
-0.89858
46.1104
-0.8855
-0.87749
-0.87875
-0.88812
-0.88456
-0.88754
-0.88335
-0.8828
-0.88539
-0.88497
-0.88503
-0.88521
-0.88485
-0.88485
-0.87803
-0.88617
-0.88219
-0.88039
-0.87716
-0.8784
-0.88509
-0.88434
-0.89152
-0.88468
-0.88658
-0.88292
-0.88609
0
0
-0.90923
0
0
0
0
0
0
0
0
0
0
0
0
0
0
0
0
0
0
0
-1.2495
0
0
0
0
0
0
0
0
0
0
0
0
0
0
0
0
0
0
0
0
0
0
0
0
0
0
0
-4.8928
0
0
0
0
0
0
0
0
0
0
0
0
0
-0.895
-0.895
-0.88998
-0.88256
-0.88256
-0.89578
-0.88679
-0.88678
-0.88677
-0.88678
-0.89979
-0.88915
-0.88219
-0.88181
-0.90961
-0.90623
-0.89692
-0.8855
45.6393
-0.8761
-0.87731
-0.88717
-0.88307
-0.88665
-0.88239
-0.88152
-0.88458
-0.88366
-0.88377
-0.88425
-0.88346
-0.88346
-0.87677
-0.88518
-0.88088
-0.87908
-0.87582
-0.87707
-0.88377
-0.88308
-0.89037
-0.88347
-0.8852
-0.88154
-0.88469
-0.89078
-0.92736
0
0
0
0
0
0
0
0
0
0
0
0
0
0
0
0
0
0
0
0
0
0
0
0
0
0
0
0
0
0
0
0
0
0
0
0
0
0
-4.8377
0
0
0
0
0
0
0
0
0
0
0
0
0
0
0
0
0
0
0
0
0
0
0
-0.882
-0.88199
-0.87648
-0.87192
-0.87192
-0.88484
-0.87607
-0.87606
-0.87605
-0.87606
-0.88862
-0.87937
-0.87285
-0.87156
-0.89798
-0.8953
-0.88729
-0.87749
-0.8761
43.4102
-0.86703
-0.87935
-0.87338
-0.87744
-0.87243
-0.87174
-0.87634
-0.87373
-0.87387
-0.87351
-0.87347
-0.87348
-0.86665
-0.87513
-0.87067
-0.86887
-0.86575
-0.86694
-0.87311
-0.87301
-0.87983
-0.87357
-0.87493
-0.87132
-0.87436
-0.88014
0
0
0
0
0
0
0
0
0
0
0
0
0
0
0
0
0
0
-2.1676
0
0
0
0
-1.8227
0
0
0
0
0
0
0
0
0
0
0
0
0
0
0
0
0
0
0
0
0
0
0
0
0
0
0
0
0
0
0
0
0
0
0
0
0
0
0
-0.88523
-0.88523
-0.88075
-0.87314
-0.87315
-0.88609
-0.87727
-0.87727
-0.87726
-0.87727
-0.88937
-0.8805
-0.8739
-0.87281
-0.89876
-0.89625
-0.88778
-0.87875
-0.87731
-0.86703
41.8469
-0.88028
-0.87581
-0.87814
-0.87339
-0.8737
-0.87545
-0.8756
-0.87578
-0.87466
-0.87525
-0.87525
-0.86846
-0.87736
-0.87235
-0.87064
-0.86752
-0.86872
-0.8749
-0.87496
-0.88294
-0.87536
-0.87668
-0.87306
-0.87602
-0.88176
0
0
0
0
0
0
0
0
0
0
0
0
0
0
0
0
0
0
0
0
0
0
0
0
0
0
0
0
-2.3577
0
0
0
0
0
0
0
0
0
0
0
0
0
0
0
0
0
0
0
0
0
0
0
0
0
0
0
0
0
0
0
0
0
0
-0.89763
-0.89764
-0.89267
-0.88512
-0.88512
-0.89853
-0.88936
-0.88936
-0.88935
-0.88935
-0.90219
-0.89151
-0.88539
-0.88517
-0.91185
-0.90797
-0.89988
-0.88812
-0.88717
-0.87935
-0.88028
44.9958
-0.88611
-0.89066
-0.88614
-0.88455
-0.88894
-0.88676
-0.8869
-0.88748
-0.88654
-0.88654
-0.87987
-0.88832
-0.88397
-0.88092
-0.87887
-0.88013
-0.88686
-0.88631
-0.8938
-0.88521
-0.88844
-0.88475
-0.88796
0
0
0
0
0
0
0
0
0
0
-1.4267
0
0
0
0
0
0
0
0
0
0
0
0
0
0
0
0
0
0
0
0
0
0
0
0
0
0
0
0
0
0
0
0
0
0
0
0
0
0
0
0
0
0
0
0
0
-4.4601
0
0
0
0
0
0
0
-0.89056
-0.89056
-0.88611
-0.87845
-0.87845
-0.89141
-0.88263
-0.88262
-0.88262
-0.88262
-0.89471
-0.88603
-0.87952
-0.87893
-0.90425
-0.90215
-0.8944
-0.88456
-0.88307
-0.87338
-0.87581
-0.88611
40.6667
-0.88416
-0.87969
-0.87858
-0.88142
-0.88098
-0.88117
-0.88289
-0.88071
-0.88071
-0.8741
-0.88341
-0.87832
-0.8764
-0.87312
-0.87436
-0.8809
-0.88073
-0.89033
-0.88144
-0.88243
-0.87873
-0.8817
-0.8875
-0.92399
0
0
0
0
0
0
0
0
0
0
0
0
0
0
0
0
0
0
0
0
0
0
0
0
0
0
0
0
0
0
0
0
0
0
0
0
0
0
0
0
0
0
0
0
0
0
0
0
0
0
0
0
0
0
0
0
0
0
0
0
0
0
-0.89572
-0.89573
-0.89104
-0.88345
-0.88345
-0.89613
-0.88765
-0.88764
-0.88764
-0.88764
-0.90002
-0.89036
-0.88452
-0.8843
-0.90959
-0.90621
-0.89772
-0.88754
-0.88665
-0.87744
-0.87814
-0.89066
-0.88416
43.6968
-0.88436
-0.88247
-0.88852
-0.88469
-0.88476
-0.88455
-0.88455
-0.88455
-0.87781
-0.88578
-0.88191
-0.88005
-0.87683
-0.87807
-0.88464
-0.88357
-0.88989
-0.88458
-0.88644
-0.88276
0
0
0
0
0
0
0
0
0
0
0
0
0
0
0
0
0
0
0
0
0
0
0
0
0
0
0
0
0
-1.3489
0
0
0
0
0
0
0
0
0
0
0
0
0
0
0
0
-4.2037
0
0
0
0
0
0
0
0
0
0
0
0
0
0
0
0
0
0
-0.89117
-0.89117
-0.8864
-0.87896
-0.87896
-0.89207
-0.8832
-0.88319
-0.88319
-0.88319
-0.89544
-0.88585
-0.88011
-0.8796
-0.90499
-0.90183
-0.89298
-0.88335
-0.88239
-0.87243
-0.87339
-0.88614
-0.87969
-0.88436
43.1088
-0.87811
-0.88318
-0.88023
-0.88032
-0.87967
-0.88009
-0.88008
-0.87329
-0.88141
-0.87723
-0.87547
-0.87233
-0.87355
-0.87928
-0.8794
-0.88529
-0.87982
-0.88184
-0.87818
0
0
0
0
0
0
0
0
0
0
0
0
0
0
-1.2475
0
0
0
0
0
0
0
0
0
0
0
0
0
0
0
0
0
0
0
0
0
0
0
0
0
0
0
0
-3.9085
0
0
0
0
0
0
0
0
0
0
0
0
0
0
0
0
0
0
0
0
0
-0.88948
-0.88948
-0.88498
-0.87739
-0.8774
-0.89023
-0.88148
-0.88147
-0.88146
-0.88147
-0.8937
-0.8848
-0.87833
-0.87756
-0.90308
-0.90048
-0.89262
-0.8828
-0.88152
-0.87174
-0.8737
-0.88455
-0.87858
-0.88247
-0.87811
39.4784
-0.87985
-0.87998
-0.87877
-0.88233
-0.87965
-0.87965
-0.8727
-0.88136
-0.87687
-0.87499
-0.87167
-0.87288
-0.87948
-0.87917
-0.88686
-0.88012
-0.88114
-0.87755
0
0
0
0
0
0
0
0
0
0
0
0
0
0
0
0
0
0
0
0
0
0
0
0
0
0
0
0
-1.5646
0
0
0
0
0
0
0
0
0
0
0
0
0
0
0
0
0
0
0
0
0
0
0
0
0
0
0
0
0
0
0
0
0
0
0
0
-0.89358
-0.89358
-0.88912
-0.88129
-0.88129
-0.89462
-0.88571
-0.8857
-0.88569
-0.8857
-0.89774
-0.88831
-0.88223
-0.88339
-0.90616
-0.90422
-0.89529
-0.88539
-0.88458
-0.87634
-0.87545
-0.88894
-0.88142
-0.88852
-0.88318
-0.87985
43.4719
-0.88218
-0.88219
-0.88065
-0.88211
-0.8821
-0.87508
-0.88287
-0.87658
-0.87726
-0.87412
-0.87531
-0.88159
-0.88013
-0.88603
0
0
0
0
0
0
0
0
0
0
0
0
0
0
0
0
0
0
0
0
0
0
0
0
0
0
0
-1.8156
0
0
0
0
0
0
-2.3562
0
0
0
0
0
0
0
0
0
0
0
0
0
0
0
0
0
0
0
0
-3.9046
0
0
0
0
0
0
0
0
0
0
0
0
-0.89159
-0.89159
-0.88726
-0.87942
-0.87942
-0.89247
-0.88365
-0.88364
-0.88364
-0.88364
-0.89573
-0.88595
-0.8804
-0.87963
-0.9053
-0.90274
-0.89492
-0.88497
-0.88366
-0.87373
-0.8756
-0.88676
-0.88098
-0.88469
-0.88023
-0.87998
-0.88218
37.7251
-0.88233
-0.88362
-0.88201
-0.88201
-0.87507
-0.88425
-0.87946
-0.87754
-0.87389
-0.8752
-0.88193
-0.88169
-0.89044
0
-0.88348
0
0
0
0
0
0
0
0
0
0
0
0
0
0
0
0
0
0
0
0
0
0
0
0
0
0
0
0
0
0
0
0
0
-1.4784
0
0
0
0
0
0
0
0
0
0
0
0
0
0
0
0
0
0
0
0
0
0
0
0
0
0
0
0
0
0
0
0
-0.8918
-0.8918
-0.88737
-0.87964
-0.87964
-0.89258
-0.88376
-0.88375
-0.88375
-0.88376
-0.89605
-0.88706
-0.88059
-0.87983
-0.90552
-0.90286
-0.89495
-0.88503
-0.88377
-0.87387
-0.87578
-0.8869
-0.88117
-0.88476
-0.88032
-0.87877
-0.88219
-0.88233
37.8191
-0.88374
-0.8822
-0.88221
-0.87528
-0.88441
-0.87963
-0.87775
-0.8741
-0.87541
-0.88218
-0.88184
-0.89016
0
-0.88369
0
0
0
0
0
0
0
0
0
0
0
0
0
0
0
0
0
0
0
0
0
0
0
0
0
0
0
0
0
-1.5669
0
0
0
0
0
0
0
0
0
0
0
0
0
0
0
0
0
0
0
0
0
0
0
0
0
0
0
0
0
0
0
0
0
0
0
0
-0.89336
-0.89336
-0.88877
-0.88109
-0.88109
-0.89409
-0.88519
-0.88518
-0.88518
-0.88518
-0.89739
-0.88808
-0.88155
-0.88007
-0.90685
-0.90373
-0.89325
-0.88521
-0.88425
-0.87351
-0.87466
-0.88748
-0.88289
-0.88455
-0.87967
-0.88233
-0.88065
-0.88362
-0.88374
39.533
-0.88325
-0.88325
-0.87679
-0.88526
-0.88074
-0.87909
-0.87569
-0.87691
-0.88347
-0.88314
0
0
0
0
0
0
0
0
0
0
0
0
0
0
0
0
0
0
0
-1.7954
0
0
0
0
0
0
0
0
0
0
0
0
0
0
0
0
0
0
0
0
0
0
0
0
0
0
0
0
0
0
0
0
0
0
0
0
0
0
0
-3.2241
0
0
0
0
0
0
0
0
0
-0.89116
-0.89116
-0.88681
-0.87902
-0.87902
-0.89204
-0.88325
-0.88324
-0.88324
-0.88324
-0.89532
-0.88656
-0.88008
-0.87947
-0.90489
-0.90251
-0.89469
-0.88485
-0.88346
-0.87347
-0.87525
-0.88654
-0.88071
-0.88455
-0.88009
-0.87965
-0.88211
-0.88201
-0.8822
-0.88325
35.351
-0.88252
-0.874
-0.88507
-0.87859
-0.87665
-0.87274
-0.87443
-0.88109
-0.88092
-0.89107
0
0
0
0
0
0
0
0
0
0
0
0
0
0
0
0
0
0
0
0
0
0
0
0
0
0
0
0
0
0
0
0
0
0
0
0
0
0
0
0
0
0
0
0
0
0
0
0
0
0
0
0
0
0
0
0
0
0
0
0
0
0
0
0
0
0
0
0
-0.89116
-0.89117
-0.88681
-0.87902
-0.87902
-0.89204
-0.88325
-0.88324
-0.88324
-0.88325
-0.89532
-0.88656
-0.88009
-0.87947
-0.90489
-0.90251
-0.8947
-0.88485
-0.88346
-0.87348
-0.87525
-0.88654
-0.88071
-0.88455
-0.88008
-0.87965
-0.8821
-0.88201
-0.88221
-0.88325
-0.88252
35.351
-0.874
-0.88507
-0.87859
-0.87665
-0.87273
-0.87444
-0.88109
-0.88092
-0.89107
0
0
0
0
0
0
0
0
0
0
0
0
0
0
0
0
0
0
0
0
0
0
0
0
0
0
0
0
0
0
0
0
0
0
0
0
0
0
0
0
0
0
0
0
0
0
0
0
0
0
0
0
0
0
0
0
0
0
0
0
0
0
0
0
0
0
0
0
-0.8844
-0.8844
-0.88006
-0.87235
-0.87235
-0.88525
-0.87646
-0.87645
-0.87645
-0.87645
-0.8884
-0.87981
-0.87336
-0.87279
-0.89814
-0.89564
-0.88808
-0.87803
-0.87677
-0.86665
-0.86846
-0.87987
-0.8741
-0.87781
-0.87329
-0.8727
-0.87508
-0.87507
-0.87528
-0.87679
-0.874
-0.874
33.3456
-0.87815
-0.87075
-0.86815
-0.86514
-0.86767
0
0
0
0
0
0
0
0
0
-0.897
0
0
0
0
0
0
0
0
0
0
0
0
0
0
0
0
0
0
0
0
0
0
0
0
0
0
0
0
0
0
0
0
0
0
0
0
0
0
0
0
0
0
0
0
0
0
0
0
0
0
0
0
0
0
0
0
0
0
0
0
0
-0.89386
-0.89386
-0.88956
-0.88173
-0.88172
-0.8947
-0.88593
-0.88591
-0.88591
-0.88591
-0.89793
-0.88832
-0.88245
-0.88125
-0.90743
-0.90423
-0.89621
-0.88617
-0.88518
-0.87513
-0.87736
-0.88832
-0.88341
-0.88578
-0.88141
-0.88136
-0.88287
-0.88425
-0.88441
-0.88526
-0.88507
-0.88507
-0.87815
36.0136
-0.88321
-0.88107
-0.87633
0
0
0
0
0
0
0
0
0
0
0
0
0
0
0
0
0
0
0
0
-1.1915
0
0
0
0
0
0
0
0
0
0
0
0
0
0
0
0
0
0
0
0
0
0
0
0
0
0
0
0
-2.9153
0
0
0
0
0
0
0
0
0
0
0
0
0
0
0
0
0
0
0
0
0
0
-0.88875
-0.88875
-0.88427
-0.87659
-0.87659
-0.88968
-0.88082
-0.88081
-0.88081
-0.88081
-0.89287
-0.884
-0.8776
-0.87682
-0.90246
-0.89999
-0.89196
-0.88219
-0.88088
-0.87067
-0.87235
-0.88397
-0.87832
-0.88191
-0.87723
-0.87687
-0.87658
-0.87946
-0.87963
-0.88074
-0.87859
-0.87859
-0.87075
-0.88321
34.3781
-0.8743
-0.86929
-0.87172
0
0
0
0
0
0
0
0
0
0
0
0
0
0
0
0
0
0
0
0
0
0
0
0
0
0
0
0
0
0
-1.7773
0
0
0
0
0
0
0
0
0
0
0
0
0
0
0
0
0
0
0
0
0
0
0
0
0
0
0
0
0
0
0
0
0
0
0
0
0
0
0
0
-0.8867
-0.8867
-0.88222
-0.87453
-0.87452
-0.88759
-0.87876
-0.87874
-0.87874
-0.87874
-0.89119
-0.88157
-0.87571
-0.87496
-0.90073
-0.89819
-0.89035
-0.88039
-0.87908
-0.86887
-0.87064
-0.88092
-0.8764
-0.88005
-0.87547
-0.87499
-0.87726
-0.87754
-0.87775
-0.87909
-0.87665
-0.87665
-0.86815
-0.88107
-0.8743
33.9271
-0.86719
-0.86979
0
0
0
0
0
0
0
0
0
0
0
0
0
0
0
0
0
-1.3949
0
0
0
0
0
0
0
0
0
0
0
0
0
0
0
0
0
0
0
0
0
0
0
0
0
0
0
0
0
0
0
0
0
0
0
0
0
0
0
0
0
0
0
0
0
0
0
0
0
0
0
0
0
-0.88357
-0.88357
-0.87925
-0.87157
-0.87157
-0.88442
-0.87567
-0.87566
-0.87565
-0.87566
-0.88758
-0.87901
-0.87255
-0.87188
-0.89704
-0.89468
-0.88706
-0.87716
-0.87582
-0.86575
-0.86752
-0.87887
-0.87312
-0.87683
-0.87233
-0.87167
-0.87412
-0.87389
-0.8741
-0.87569
-0.87274
-0.87273
-0.86514
-0.87633
-0.86929
-0.86719
32.4141
-0.86743
0
0
0
0
0
0
0
0
0
0
0
0
0
0
0
0
0
0
0
0
0
0
0
0
0
0
0
0
0
0
0
0
0
0
0
0
0
0
0
0
0
0
0
0
0
0
0
0
0
0
0
0
0
0
0
0
0
0
0
0
0
0
0
0
0
0
0
0
0
0
0
-0.88484
-0.88484
-0.88049
-0.87279
-0.87279
-0.88568
-0.8769
-0.8769
-0.87689
-0.8769
-0.88885
-0.88026
-0.87378
-0.87312
-0.89835
-0.89599
-0.88836
-0.8784
-0.87707
-0.86694
-0.86872
-0.88013
-0.87436
-0.87807
-0.87355
-0.87288
-0.87531
-0.8752
-0.87541
-0.87691
-0.87443
-0.87444
-0.86767
0
-0.87172
-0.86979
-0.86743
31.5862
0
0
0
0
0
0
0
0
0
0
0
0
0
0
0
0
0
0
0
0
0
0
0
0
0
0
0
0
0
0
0
0
0
0
0
0
0
0
0
0
0
0
0
0
0
0
0
0
0
0
0
0
0
0
0
0
0
0
0
0
0
0
0
0
0
0
0
0
0
0
0
-0.8901
-0.8901
-0.88652
-0.87784
-0.87784
-0.89223
-0.88331
-0.8833
-0.8833
-0.8833
-0.8958
-0.88659
-0.88008
-0.87923
-0.90556
-0.90322
-0.89506
-0.88509
-0.88377
-0.87311
-0.8749
-0.88686
-0.8809
-0.88464
-0.87928
-0.87948
-0.88159
-0.88193
-0.88218
-0.88347
-0.88109
-0.88109
0
0
0
0
0
0
30.8416
0
0
0
0
0
0
0
0
0
0
0
0
0
0
0
-1.2865
0
0
0
-1.2423
0
0
0
0
0
0
0
0
0
0
0
0
0
0
0
0
0
0
0
0
0
0
0
0
0
0
0
0
0
0
0
0
0
0
0
0
0
0
0
0
0
0
0
0
0
0
0
0
0
0
-0.89132
-0.89133
-0.88698
-0.87916
-0.87916
-0.89129
-0.88326
-0.88326
-0.88325
-0.88326
-0.89534
-0.88649
-0.87843
-0.87909
-0.90324
-0.90227
-0.89443
-0.88434
-0.88308
-0.87301
-0.87496
-0.88631
-0.88073
-0.88357
-0.8794
-0.87917
-0.88013
-0.88169
-0.88184
-0.88314
-0.88092
-0.88092
0
0
0
0
0
0
0
31.1002
0
0
0
0
0
0
0
0
0
0
0
0
0
0
0
0
0
0
0
0
0
-1.4738
0
0
0
0
0
0
0
0
0
0
0
-1.3217
0
0
0
0
0
0
0
0
0
0
0
0
0
0
0
0
0
0
0
0
0
0
0
0
0
0
0
0
0
0
0
0
0
0
0
-0.90069
-0.90069
-0.89638
-0.88848
-0.88848
-0.90141
-0.89265
-0.89263
-0.89263
-0.89263
-0.90472
-0.8953
-0.88932
-0.88658
-0.91415
-0.91026
-0.90138
-0.89152
-0.89037
-0.87983
-0.88294
-0.8938
-0.89033
-0.88989
-0.88529
-0.88686
-0.88603
-0.89044
-0.89016
0
-0.89107
-0.89107
0
0
0
0
0
0
0
0
37.8496
0
0
0
0
0
0
0
0
0
0
0
0
0
0
0
0
0
0
0
0
0
0
0
0
0
0
-1.2606
0
0
0
0
0
0
0
0
0
0
0
0
0
0
0
0
0
0
0
0
0
0
0
0
0
0
0
0
0
0
0
0
0
0
0
0
-4.4505
0
0
-4.4505
0
-0.89154
-0.89154
-0.88295
-0.87933
-0.87933
-0.89267
-0.8838
-0.88379
-0.88379
-0.88379
-0.8962
-0.88642
-0.88075
-0.87969
-0.90589
-0.90295
-0.89453
-0.88468
-0.88347
-0.87357
-0.87536
-0.88521
-0.88144
-0.88458
-0.87982
-0.88012
0
0
0
0
0
0
0
0
0
0
0
0
0
0
0
29.1821
0
0
0
0
0
0
0
0
0
0
0
0
0
-1.3868
0
0
0
0
0
0
0
0
0
0
0
0
0
0
-2.0132
0
0
0
0
0
0
0
0
0
0
0
0
0
0
0
0
0
0
0
0
0
0
0
0
0
0
0
0
0
0
0
0
0
0
-2.7549
0
0
0
-0.89302
-0.89303
-0.88857
-0.88076
-0.88076
-0.89394
-0.885
-0.88499
-0.88499
-0.88499
-0.89708
-0.88835
-0.8819
-0.88132
-0.90691
-0.90443
-0.89679
-0.88658
-0.8852
-0.87493
-0.87668
-0.88844
-0.88243
-0.88644
-0.88184
-0.88114
0
-0.88348
-0.88369
0
0
0
0
0
0
0
0
0
0
0
0
0
24.8377
0
0
0
0
0
0
0
0
0
0
0
0
0
0
0
0
0
0
0
0
0
0
0
0
0
0
0
0
0
0
0
0
0
0
0
0
0
0
0
0
0
0
0
0
0
0
0
0
0
0
0
0
0
0
0
0
0
0
0
0
0
0
0
0
0
0
-0.88932
-0.88932
-0.8849
-0.87712
-0.87712
-0.89022
-0.88132
-0.88131
-0.8813
-0.88131
-0.89331
-0.88473
-0.87825
-0.87768
-0.90308
-0.90064
-0.8931
-0.88292
-0.88154
-0.87132
-0.87306
-0.88475
-0.87873
-0.88276
-0.87818
-0.87755
0
0
0
0
0
0
0
0
0
0
0
0
0
0
0
0
0
22.9748
0
0
0
0
0
0
0
0
0
0
0
0
0
0
0
0
0
0
0
0
0
0
0
0
0
0
0
0
0
0
0
0
0
0
0
0
0
0
0
0
0
0
0
0
0
0
0
0
0
0
0
0
0
0
0
0
0
0
0
0
0
0
0
0
0
-0.89242
-0.89243
-0.88798
-0.88012
-0.88013
-0.89338
-0.88439
-0.88438
-0.88437
-0.88438
-0.8964
-0.88783
-0.88135
-0.88088
-0.90634
-0.9039
-0.89644
-0.88609
-0.88469
-0.87436
-0.87602
-0.88796
-0.8817
0
0
0
0
0
0
0
0
0
0
0
0
0
0
0
0
0
0
0
0
0
20.4079
0
0
0
0
0
0
0
0
0
0
0
0
0
0
0
0
0
0
0
0
0
0
0
0
0
0
0
0
0
0
0
0
0
0
0
0
0
0
0
0
0
0
0
0
0
0
0
0
0
0
0
0
0
0
0
0
0
0
0
0
0
0
0
0
-0.89841
-0.89841
-0.89397
-0.88593
-0.88593
-0.8994
-0.89032
-0.89031
-0.89031
-0.89031
-0.90229
-0.89386
-0.88718
-0.88685
-0.91246
-0.9102
0
0
-0.89078
-0.88014
-0.88176
0
-0.8875
0
0
0
0
0
0
0
0
0
0
0
0
0
0
0
0
0
0
0
0
0
0
17.8563
0
0
0
0
0
0
0
0
0
0
0
0
0
0
0
0
0
0
0
0
0
0
0
0
0
0
0
0
0
0
0
0
0
0
0
0
0
0
0
0
0
0
0
0
0
0
0
0
0
0
0
0
0
0
0
0
0
0
0
0
0
0
0
-0.93437
-0.93437
-0.92968
-0.92092
-0.92092
-0.9355
-0.92595
-0.92594
-0.92594
-0.92594
-0.93821
-0.92956
-0.92263
-0.92312
-0.95009
0
0
0
-0.92736
0
0
0
-0.92399
0
0
0
0
0
0
0
0
0
0
0
0
0
0
0
0
0
0
0
0
0
0
0
15.7945
0
0
0
0
0
0
0
0
0
0
0
0
0
0
0
0
0
0
0
0
0
0
0
0
0
0
0
0
0
0
0
0
0
0
0
0
0
0
0
0
0
0
0
0
0
0
0
0
0
0
0
0
0
0
0
0
0
0
0
0
0
0
-0.91484
-0.91484
-0.91065
-0.90184
-0.90184
-0.91582
-0.90658
-0.90658
-0.90657
-0.90658
-0.91826
-0.91037
-0.90354
0
0
0
0
-0.90923
0
0
0
0
0
0
0
0
0
0
0
0
0
0
-0.897
0
0
0
0
0
0
0
0
0
0
0
0
0
0
15.1197
0
0
0
0
0
0
0
0
0
0
0
0
0
0
-1.4951
0
0
0
0
0
0
0
0
0
0
0
0
0
0
0
0
0
0
0
0
0
0
0
0
0
0
0
0
0
0
0
0
0
0
0
0
0
0
0
0
0
0
0
0
0
0
-0.91464
-0.91463
-0.91071
-0.90163
-0.90163
-0.91578
-0.90648
-0.90648
-0.90647
-0.90647
-0.91794
-0.91008
-0.90341
0
0
0
0
0
0
0
0
0
0
0
0
0
0
0
0
0
0
0
0
0
0
0
0
0
0
0
0
0
0
0
0
0
0
0
14.3103
0
0
0
0
0
0
0
0
0
0
0
0
0
0
0
0
0
0
0
0
0
0
0
0
0
0
0
0
0
0
0
0
0
0
0
0
0
0
0
0
0
0
-2.4939
0
0
0
0
0
0
0
0
0
0
0
0
0
0
0
0
0
-0.99231
-0.99231
-0.98698
-0.97741
-0.97741
-0.99379
-0.98348
-0.98346
-0.98346
-0.98347
-0.99604
0
0
0
0
0
0
0
0
0
0
0
0
0
0
0
0
0
0
0
0
0
0
0
0
0
0
0
0
0
0
0
0
0
0
0
0
0
0
11.9562
0
0
0
0
0
0
0
0
0
0
0
0
0
0
0
-1.1061
0
0
0
0
0
0
0
0
0
0
0
0
0
0
0
0
0
0
0
0
0
0
0
0
0
0
0
0
0
0
0
0
0
0
0
0
0
0
0
0
0
0
0
-0.9558
-0.9558
-0.95159
-0.94177
-0.94177
-0.95714
-0.94718
-0.94717
-0.94716
-0.94717
-0.95926
0
0
0
0
0
0
0
0
0
0
0
0
0
0
0
0
0
0
0
0
0
0
0
0
0
0
0
0
0
0
0
0
0
0
0
0
0
0
0
13.0102
0
0
0
0
0
0
0
0
0
0
0
0
0
0
0
0
0
0
0
0
0
0
0
0
0
0
0
0
0
0
0
0
0
-2.5584
0
0
0
0
0
0
0
0
0
0
0
0
0
0
0
0
0
0
0
0
0
0
0
0
-0.93696
-0.93696
-0.93273
-0.9233
-0.9233
-0.93765
-0.92791
-0.92791
-0.9279
-0.92791
-0.94002
0
0
0
0
0
0
0
0
0
0
0
0
0
0
0
0
0
0
0
0
0
0
0
0
0
0
0
0
0
0
0
0
0
0
0
0
0
0
0
0
10.2426
0
0
0
0
0
0
0
0
0
0
0
0
0
0
0
0
0
0
0
0
0
0
0
0
0
0
0
0
0
0
0
0
0
0
0
0
0
0
0
0
0
0
0
0
0
0
0
0
0
0
0
0
0
0
0
0
0
-0.98991
-0.98991
-0.98491
-0.97462
-0.97462
-0.9922
-0.98164
-0.98163
-0.98162
-0.98163
0
0
0
0
0
0
0
0
0
0
0
0
0
0
0
0
0
0
0
0
0
0
0
0
0
0
0
0
0
0
0
0
0
0
0
0
0
0
0
0
0
0
11.2089
0
0
-1.3763
0
0
0
0
0
0
0
0
0
0
0
0
0
0
0
0
0
0
0
0
0
0
0
0
0
0
0
0
0
0
0
0
0
0
0
0
0
0
0
0
0
0
0
0
0
0
0
0
0
0
0
0
0
-0.9548
-0.95481
-0.95032
-0.94117
-0.94117
-0.95578
-0.94607
-0.94607
-0.94606
-0.94607
0
0
0
0
0
0
0
0
0
0
0
0
0
0
0
0
0
0
0
0
0
0
0
0
0
0
0
0
0
0
0
0
0
0
0
0
0
0
0
0
0
0
0
10.9515
0
0
0
0
0
0
0
0
0
0
0
0
0
0
0
0
0
0
-1.4692
0
0
0
0
0
0
0
0
0
0
0
0
0
0
0
0
0
0
0
0
0
0
0
0
0
0
0
0
0
0
0
0
0
0
0
0
-1.315
-1.315
0
-1.291
-1.291
0
0
0
0
0
0
0
0
0
0
0
0
0
0
0
0
0
0
0
0
0
0
0
0
0
0
0
0
0
0
0
0
0
-1.2865
0
0
0
0
0
0
0
0
0
0
0
0
0
0
0
6.4984
0
0
0
0
0
0
0
0
0
0
0
0
0
0
0
0
0
0
0
0
0
0
0
0
0
0
0
0
0
0
0
0
0
0
0
0
0
0
0
0
0
0
0
0
0
0
0
0
0
0
0
0
0
0
0
0
0
0
0
0
0
0
0
0
0
0
0
0
0
0
0
0
0
0
0
-1.4267
0
0
0
0
0
0
0
0
0
0
0
0
0
-1.3949
0
0
0
0
0
-1.3868
0
0
0
0
0
0
0
0
0
0
-1.3763
0
0
7.0876
0
0
0
0
0
0
0
0
0
0
0
0
0
0
0
-1.5031
0
0
0
0
0
0
0
0
0
0
0
0
0
0
0
0
0
0
0
0
0
0
0
0
0
0
0
0
0
0
0
0
0
0
0
0
0
-1.3869
-1.3869
-1.3827
-1.3624
-1.3624
0
0
0
0
0
0
0
0
0
0
0
0
0
0
0
0
0
0
0
0
0
0
0
0
0
0
0
0
0
0
0
0
0
0
0
0
0
0
0
0
0
0
0
0
0
0
0
0
0
0
0
6.8813
0
0
0
0
0
0
0
0
0
0
0
0
0
0
0
0
0
0
0
0
0
0
0
0
0
0
0
0
0
0
0
0
0
0
0
0
0
0
0
0
0
0
0
0
0
0
0
0
0
0
0
0
0
0
0
0
0
0
0
0
0
0
0
0
0
-1.1872
0
0
0
0
0
0
0
0
0
0
0
0
0
0
0
0
0
0
0
-1.1915
0
0
0
0
0
0
0
0
0
0
0
0
0
0
0
0
0
0
0
0
0
0
0
6.3598
0
0
0
0
-1.5732
-2.1048
0
0
0
0
0
0
0
0
0
0
0
0
0
0
0
0
0
0
0
-0.30309
0
0
0
0
0
0
0
0
0
0
0
0
0
0
0
0
0
0
0
0
0
0
0
0
0
0
0
0
0
0
0
0
0
0
0
0
0
0
0
0
0
0
0
0
0
0
0
0
0
-1.2475
0
0
0
0
0
0
0
0
0
0
0
0
0
-1.2423
0
0
0
0
0
0
0
0
0
0
0
0
0
0
0
0
0
0
0
8.7581
0
0
0
0
-1.5051
0
0
0
0
0
0
0
0
0
0
0
0
0
0
0
0
0
0
0
0
0
0
0
0
-2.3816
0
0
0
0
0
-2.3816
0
0
0
0
0
0
0
0
0
0
0
0
0
0
0
0
0
0
0
0
0
0
0
0
0
0
0
0
0
0
-1.8233
0
0
0
0
0
0
0
0
0
0
0
0
-1.7954
0
0
0
0
0
0
0
0
0
0
0
0
0
0
0
0
0
0
0
0
0
0
0
0
0
0
0
0
0
8.1366
0
0
0
0
0
0
0
0
0
0
0
0
0
0
0
0
0
0
0
-1.9959
0
-2.5221
0
0
0
0
0
0
0
0
0
0
0
0
0
0
0
0
0
0
0
0
0
0
0
0
0
0
0
-1.6263
-1.6263
0
-1.5956
-1.5956
0
0
0
0
0
0
0
0
0
0
0
0
0
0
0
0
0
0
0
0
0
0
0
0
0
0
0
0
0
0
0
0
0
0
0
0
0
0
0
0
0
0
0
0
0
0
0
0
0
0
0
0
0
0
0
6.4439
0
0
0
0
0
0
0
0
0
0
0
0
0
0
0
0
0
0
0
0
0
0
0
0
0
0
0
0
0
0
0
0
0
0
0
0
0
0
0
0
0
0
0
0
0
0
0
0
0
0
0
0
0
0
0
0
0
0
0
0
-1.5022
0
-1.5613
0
0
0
0
0
0
0
0
0
0
0
0
0
0
0
0
0
0
0
0
0
0
0
0
-1.4738
0
0
0
0
0
0
0
0
0
0
0
0
0
0
0
0
0
0
0
0
0
7.0184
0
0
0
0
0
0
0
0
0
0
0
0
0
0
0
0
0
0
-2.4811
0
0
0
0
0
0
0
0
0
0
0
0
0
0
0
0
0
0
0
0
0
0
0
0
0
0
0
0
0
0
0
0
0
0
0
0
0
0
0
0
0
0
0
-1.6623
0
0
0
0
0
0
0
0
0
0
0
0
0
0
0
0
0
0
0
0
0
0
0
0
0
0
0
0
0
0
0
-1.4951
0
0
0
0
0
0
0
0
0
-1.5732
0
0
0
0
7.0132
0
0
0
0
0
0
0
0
0
0
0
0
0
0
-2.2826
0
0
0
0
0
0
0
0
0
0
0
0
0
0
0
0
0
0
0
0
0
0
0
0
0
0
0
0
0
0
0
0
0
0
0
0
0
0
0
0
0
0
0
0
-1.38
0
0
0
0
0
0
0
0
0
0
0
0
0
0
0
0
0
0
0
0
0
0
0
0
0
0
0
0
0
0
0
0
0
0
0
0
0
0
0
0
0
0
0
-2.1048
-1.5051
0
0
0
0
4.9899
0
0
0
0
0
0
0
0
0
0
0
0
0
0
0
0
0
0
0
0
0
0
0
0
0
0
0
0
0
0
0
0
0
0
0
0
0
0
0
0
0
0
0
0
0
0
0
-2.231
0
0
0
0
0
0
0
0
0
0
0
0
0
0
0
0
-2.1676
0
0
0
0
0
0
0
0
0
0
0
0
0
0
0
0
0
0
0
0
0
0
0
0
0
0
0
0
0
0
0
0
0
0
0
0
0
0
0
0
0
0
0
0
7.4836
0
0
0
0
0
0
0
0
0
0
0
0
0
0
0
0
0
-3.0851
0
0
0
0
0
0
0
0
0
0
0
0
0
0
0
0
0
0
0
0
0
0
0
0
0
0
0
0
0
0
0
0
0
0
0
0
0
0
0
-0.9953
0
0
0
0
0
0
0
0
0
0
0
0
0
0
0
0
0
0
0
0
0
0
0
0
0
0
0
0
0
0
0
0
0
0
0
-1.1061
0
0
0
0
0
0
0
0
0
0
0
0
0
0
0
2.9232
0
0
0
0
0
0
0
0
0
0
0
0
0
0
0
0
0
0
0
0
0
0
0
0
0
0
0
0
0
0
0
-0.82179
0
0
0
0
0
0
0
0
0
0
0
0
0
0
0
0
0
0
0
0
0
0
0
-1.1618
0
0
0
0
0
0
0
0
0
0
0
0
0
0
0
0
0
0
0
0
0
0
0
0
0
0
0
0
0
0
0
0
0
0
0
0
0
0
0
0
0
0
0
0
0
0
0
0
0
0
0
0
0
4.4535
-1.8712
0
0
0
0
0
0
0
0
0
0
0
0
0
0
0
0
0
0
0
0
0
0
0
0
0
0
0
0
0
0
0
0
-1.4205
0
0
0
0
0
0
0
0
0
0
0
0
0
0
0
0
0
0
0
0
0
0
0
0
0
-1.2495
0
0
0
0
0
0
0
0
0
0
0
0
0
0
0
0
0
0
0
0
0
0
-1.2606
0
0
0
0
0
0
0
0
0
0
0
0
0
0
0
0
0
0
0
0
0
0
0
0
0
-1.8712
4.3812
0
0
0
0
0
0
0
0
0
0
0
0
0
0
0
0
0
0
0
0
0
0
0
0
0
0
0
0
0
0
0
0
0
0
0
0
0
0
0
0
0
0
0
0
0
0
0
0
0
0
0
0
0
0
0
0
0
0
0
0
0
0
0
0
0
0
0
-1.8156
0
0
0
0
0
0
0
-1.7773
0
0
0
0
0
0
0
0
0
0
0
0
0
0
0
0
0
0
0
0
0
0
0
0
0
0
0
0
0
0
0
0
0
6.1604
0
0
0
0
0
0
0
0
0
0
0
0
0
0
0
0
0
0
0
0
-2.5674
0
0
0
0
0
0
0
0
0
0
0
0
0
0
0
0
0
0
0
-1.885
-1.885
0
0
0
0
0
0
0
0
0
0
0
0
0
0
0
0
0
-1.8227
0
0
0
0
0
0
0
0
0
0
0
0
0
0
0
0
0
0
0
0
0
0
0
0
0
0
0
0
0
0
0
0
0
0
0
0
0
0
0
0
0
0
0
0
0
0
0
0
0
5.5926
0
0
0
0
0
0
0
0
0
0
0
0
0
0
0
0
0
0
0
0
0
0
0
0
0
0
0
0
0
0
0
0
0
0
0
0
0
0
0
0
0
-2.1357
0
0
0
0
0
0
0
0
0
0
0
0
0
0
0
0
0
0
0
0
0
0
0
0
0
0
0
0
0
0
0
0
0
0
0
0
0
0
-2.0132
0
0
0
0
0
0
0
0
0
0
0
0
0
0
0
0
0
0
0
0
0
0
0
0
0
0
0
0
6.9656
0
0
0
0
0
0
0
0
0
0
0
0
0
0
0
0
0
0
0
0
0
0
0
0
0
0
0
0
0
0
0
-2.8168
0
0
0
0
0
0
0
0
0
0
0
0
0
0
0
0
0
-1.4814
0
0
0
0
0
0
0
0
0
0
0
0
0
0
0
0
0
0
0
0
0
0
0
0
0
0
0
0
0
0
0
0
0
0
0
0
0
0
0
0
0
0
0
-1.5031
0
0
0
0
0
0
0
0
0
0
0
0
0
0
0
5.6089
0
0
0
0
0
0
0
0
0
0
0
0
0
0
0
0
0
0
0
0
0
0
0
0
0
0
0
0
0
0
0
0
0
0
-2.6244
0
0
0
0
0
0
0
0
0
0
0
0
0
0
0
0
0
0
0
0
0
0
0
0
0
0
0
-1.5646
0
0
-1.5669
0
0
0
0
0
0
0
0
0
0
0
0
0
0
0
0
0
0
0
0
0
0
0
0
-1.4692
0
0
0
0
0
0
0
0
0
0
0
0
0
0
0
0
0
0
4.6007
0
0
0
0
0
0
0
0
0
0
0
0
0
0
0
0
0
0
0
0
0
0
0
0
0
0
0
0
0
0
0
0
0
0
0
0
0
0
0
0
0
-1.3532
0
0
0
0
0
0
0
0
0
0
0
0
0
0
0
0
0
-1.3489
0
0
0
0
0
0
0
0
0
0
0
0
0
0
0
-1.3217
0
0
0
0
0
0
0
0
0
0
0
0
0
0
0
0
0
0
0
0
0
0
0
0
0
0
0
0
0
0
0
0
0
4.0238
0
0
0
0
0
0
0
0
0
0
0
0
0
0
0
0
0
0
0
0
0
0
0
0
0
0
0
0
0
0
0
0
0
0
0
0
0
0
0
0
0
0
0
0
0
0
0
0
0
0
0
0
0
0
0
-2.3577
0
0
0
0
0
0
0
0
0
0
0
0
0
0
0
0
0
0
0
0
0
0
0
0
0
0
0
0
0
0
0
0
0
0
0
0
0
0
0
0
0
0
0
0
0
0
0
0
0
0
0
0
0
4.5836
0
0
0
0
-2.2259
0
0
0
0
0
0
0
0
0
0
0
0
0
0
0
0
0
0
0
0
0
0
0
0
0
0
0
0
0
0
0
0
0
0
0
0
0
0
0
0
0
0
0
0
0
0
0
0
0
0
0
0
0
0
0
-2.3562
0
0
0
0
0
0
0
0
0
0
0
0
0
0
0
0
0
0
0
0
0
0
0
0
0
0
0
0
0
0
0
0
0
0
0
0
0
0
0
0
0
0
0
0
0
0
0
0
4.2793
0
0
0
0
-1.9231
0
0
0
0
0
0
0
0
0
0
0
0
0
0
0
0
0
0
0
0
0
0
0
0
0
0
0
0
0
0
0
0
0
0
0
0
0
0
0
-1.4937
0
0
0
0
0
0
0
0
0
0
0
0
0
0
0
-1.4784
0
0
0
0
0
0
0
0
0
0
0
0
0
0
0
0
0
0
0
0
0
0
0
0
0
0
0
0
0
0
0
0
0
0
0
0
0
0
0
0
0
0
0
0
0
0
0
0
2.9721
0
0
0
0
0
0
0
0
0
0
0
0
0
0
0
0
0
0
0
0
0
0
0
0
0
0
0
0
0
0
0
0
0
0
0
0
0
0
0
0
0
0
0
0
0
0
0
0
0
0
0
0
0
0
0
0
0
0
0
0
0
0
0
0
0
0
0
0
0
0
0
0
0
0
0
0
0
0
0
0
0
0
0
0
0
0
0
0
0
0
0
0
0
0
-2.2826
0
0
0
0
0
0
0
0
0
0
0
0
0
0
4.7799
-2.4973
0
0
0
0
0
0
0
0
0
0
0
0
0
0
0
0
0
0
0
0
0
0
0
0
0
0
0
0
0
0
0
0
0
0
0
0
0
0
0
0
0
-2.584
0
0
0
0
0
0
0
0
0
0
0
0
0
0
0
0
0
0
0
0
0
0
0
0
0
0
0
0
0
0
0
0
0
0
0
0
0
0
0
0
0
0
0
0
0
0
0
0
0
0
0
0
0
0
0
0
0
0
0
0
0
0
0
0
0
-2.4973
5.0813
0
0
0
0
0
0
0
0
0
0
0
0
0
0
0
0
0
0
0
0
0
0
0
0
0
0
0
0
0
0
0
0
0
0
0
0
0
0
0
0
0
0
0
0
0
0
0
0
0
0
0
0
0
0
0
0
0
0
0
0
0
0
0
0
0
0
0
0
0
0
0
0
0
0
0
0
0
0
0
0
0
0
0
0
0
0
0
0
0
-1.9959
0
0
0
0
0
0
0
0
0
0
0
0
0
0
-2.2259
0
0
0
0
4.2217
0
0
0
0
0
0
0
0
0
0
0
0
0
0
0
0
0
0
0
0
0
0
0
0
0
0
0
0
0
0
0
0
0
0
0
0
0
0
0
0
0
0
0
0
0
0
0
0
0
0
0
0
0
0
0
0
0
0
0
0
0
0
0
0
0
0
0
0
0
0
0
0
0
0
0
0
0
0
0
0
0
0
0
0
0
0
0
0
0
0
-2.4811
0
0
0
0
0
0
0
0
0
0
0
0
0
-1.9231
0
0
0
0
4.4042
0
0
0
0
0
0
0
0
0
0
0
0
0
0
0
0
0
0
0
0
0
0
0
0
0
0
0
0
0
0
0
0
0
0
0
0
0
0
0
0
0
0
0
0
0
0
0
0
0
0
0
0
0
0
0
0
0
0
0
0
0
0
0
0
0
0
0
0
0
0
0
0
0
0
0
0
0
0
0
0
0
0
0
0
0
0
0
-2.5221
0
0
0
0
0
0
0
0
0
0
0
0
0
0
0
0
0
0
0
0
0
2.5221
0
0
0
0
0
0
0
0
0
0
0
0
0
0
0
0
0
0
0
0
0
0
0
0
0
0
0
0
0
0
0
0
0
0
0
0
0
0
0
0
0
0
0
0
0
0
0
0
0
0
0
0
0
0
0
0
0
0
0
0
0
0
0
0
0
0
0
0
0
0
0
0
0
0
0
0
0
0
0
0
0
0
0
0
0
0
0
0
0
0
0
-3.0851
0
0
0
0
0
0
0
0
0
0
0
0
0
0
0
0
0
3.0851
0
0
0
0
0
0
0
0
0
0
0
0
0
0
0
0
0
0
0
0
0
0
0
0
0
0
0
0
0
0
0
0
0
0
0
0
0
0
0
0
0
0
0
0
0
0
0
0
0
0
0
0
0
0
0
0
0
0
0
0
0
0
0
0
0
0
0
0
0
0
0
0
0
0
0
0
0
0
0
0
0
0
0
-0.30309
0
0
0
0
0
0
0
0
0
0
0
0
0
0
0
0
0
0
0
0
0
0
0
0
0
0.30309
0
0
0
0
0
0
0
0
0
0
0
0
0
0
0
0
0
0
0
0
0
0
0
0
0
0
0
0
0
0
0
0
0
0
0
0
0
0
0
0
0
0
0
0
0
0
0
0
0
0
0
0
0
0
0
0
0
0
0
0
0
0
0
0
0
0
0
0
0
0
0
0
0
0
0
-2.5584
0
0
0
0
0
0
0
0
0
0
0
0
0
0
0
0
0
0
0
0
0
0
0
0
0
0
0
0
0
0
0
0
0
2.5584
0
0
0
0
0
0
0
0
0
0
0
0
0
0
0
0
0
0
0
0
0
0
0
0
0
0
0
0
0
0
0
0
0
0
0
0
0
0
0
0
0
0
-4.8377
0
0
0
0
0
0
0
0
0
0
0
0
0
0
0
0
0
0
0
0
0
0
0
0
0
0
0
0
0
0
0
0
0
0
0
0
0
0
0
0
0
0
0
0
0
0
0
0
0
0
0
0
0
0
0
0
0
0
0
0
0
0
0
0
0
0
4.8377
0
0
0
0
0
0
0
0
0
0
0
0
0
0
0
0
0
0
0
0
0
0
0
0
0
0
0
0
0
0
0
0
0
0
0
0
0
0
0
0
0
0
0
0
0
0
0
0
0
0
0
0
0
0
0
0
-2.9153
0
0
0
0
0
0
0
0
0
0
0
0
0
0
0
0
0
0
0
0
0
0
0
0
0
0
0
0
0
0
0
0
0
0
0
0
0
0
0
0
0
0
0
0
0
0
0
0
0
0
0
0
2.9153
0
0
0
0
0
0
0
0
0
0
0
0
0
0
0
0
0
0
0
0
0
0
0
0
0
0
0
0
0
0
0
0
0
0
0
0
0
0
0
0
0
0
0
0
0
0
-3.9085
0
0
0
0
0
0
0
0
0
0
0
0
0
0
0
0
0
0
0
0
0
0
0
0
0
0
0
0
0
0
0
0
0
0
0
0
0
0
0
0
0
0
0
0
0
0
0
0
0
0
0
0
0
0
0
0
0
0
0
0
0
0
3.9085
0
0
0
0
0
0
0
0
0
0
0
0
0
0
0
0
0
0
0
0
0
0
0
0
0
0
0
0
0
0
0
0
0
0
0
0
0
0
0
0
0
0
0
0
0
0
0
0
0
0
0
0
0
0
0
0
0
0
0
0
0
0
0
0
0
0
0
0
0
0
0
0
0
0
0
0
0
0
0
-2.3816
0
0
0
0
0
0
0
0
0
0
0
0
0
0
0
0
0
0
0
0
0
0
0
0
0
0
0
0
0
2.3816
0
0
0
0
0
0
0
0
0
0
0
0
0
0
0
0
0
0
0
0
0
0
0
0
0
0
0
0
0
0
0
0
0
0
0
0
0
0
0
0
0
0
0
0
0
0
0
0
0
0
0
0
0
0
0
0
0
0
0
0
0
0
0
0
0
0
0
0
0
0
0
0
0
0
0
0
0
0
0
0
0
0
0
0
0
0
0
0
-2.5674
0
0
0
0
0
0
0
0
0
0
0
0
0
0
0
0
0
0
0
0
2.5674
0
0
0
0
0
0
0
0
0
0
0
0
0
0
0
0
0
0
0
0
0
0
0
0
0
0
0
0
0
0
0
0
0
0
0
0
0
0
0
0
0
0
-4.2037
0
0
0
0
0
0
0
0
0
0
0
0
0
0
0
0
0
0
0
0
0
0
0
0
0
0
0
0
0
0
0
0
0
0
0
0
0
0
0
0
0
0
0
0
0
0
0
0
0
0
0
0
0
0
0
0
0
0
0
0
0
0
0
0
0
0
4.2037
0
0
0
0
0
0
0
0
0
0
0
0
0
0
0
0
0
0
0
0
0
0
0
0
0
0
0
0
0
0
0
0
0
0
0
0
0
0
0
0
0
0
0
0
0
0
0
0
0
0
0
0
0
0
0
0
0
0
0
0
0
0
0
0
0
0
-2.4939
0
0
0
0
0
0
0
0
0
0
0
0
0
0
0
0
0
0
0
0
0
0
0
0
0
0
0
0
0
0
0
0
0
0
0
0
0
0
0
0
0
0
2.4939
0
0
0
0
0
0
0
0
0
0
0
0
0
0
0
0
0
0
0
0
0
0
0
0
0
0
0
-5.6668
0
0
0
0
0
0
0
0
0
0
0
0
0
0
0
0
0
0
0
0
0
0
0
0
0
0
0
0
0
0
0
0
0
0
0
0
0
0
0
0
0
0
0
0
0
0
0
0
0
0
0
0
0
0
0
0
0
0
0
0
0
0
0
0
0
0
0
0
0
0
0
0
0
0
0
0
0
0
0
0
0
5.6668
0
0
0
0
0
0
0
0
0
0
0
0
0
0
0
0
0
0
0
0
0
0
0
0
0
0
0
0
0
0
0
0
-5.0791
0
0
0
0
0
0
0
0
0
0
0
0
0
0
0
0
0
0
0
0
0
0
0
0
0
0
0
0
0
0
0
0
0
0
0
0
0
0
0
0
0
0
0
0
0
0
0
0
0
0
0
0
0
0
0
0
0
0
0
0
0
0
0
0
0
0
0
0
0
0
0
0
0
0
0
0
5.0791
0
0
0
0
0
0
0
0
0
0
0
0
0
0
0
0
0
0
0
0
0
0
0
0
0
0
0
0
0
0
0
0
0
0
0
0
0
0
0
0
0
0
0
0
0
0
0
0
0
0
0
0
0
0
0
0
0
0
0
0
0
0
0
0
0
0
0
0
0
0
0
0
0
-2.3816
0
0
0
0
0
0
0
0
0
0
0
0
0
0
0
0
0
0
0
0
0
0
0
0
0
0
0
0
0
0
0
0
0
0
0
2.3816
0
0
0
0
0
0
0
0
0
0
0
0
0
0
0
0
0
0
0
0
0
0
0
0
0
0
0
0
0
0
0
-4.8928
0
0
0
0
0
0
0
0
0
0
0
0
0
0
0
0
0
0
0
0
0
0
0
0
0
0
0
0
0
0
0
0
0
0
0
0
0
0
0
0
0
0
0
0
0
0
0
0
0
0
0
0
0
0
0
0
0
0
0
0
0
0
0
0
0
0
0
0
0
0
0
0
0
0
0
0
0
4.8928
0
0
0
0
0
0
0
0
0
0
0
0
0
0
0
0
0
0
0
0
0
0
0
0
0
0
0
0
0
0
0
0
0
0
0
0
0
0
0
-3.9046
0
0
0
0
0
0
0
0
0
0
0
0
0
0
0
0
0
0
0
0
0
0
0
0
0
0
0
0
0
0
0
0
0
0
0
0
0
0
0
0
0
0
0
0
0
0
0
0
0
0
0
0
0
0
0
0
0
0
0
0
0
0
0
0
0
0
0
0
0
3.9046
0
0
0
0
0
0
0
0
0
0
0
0
0
0
0
0
0
0
0
0
0
0
0
0
0
0
0
0
0
0
0
0
0
0
0
0
0
0
0
0
0
0
0
0
0
0
0
0
0
0
0
0
0
0
0
0
0
0
0
0
0
0
0
0
0
0
0
0
0
0
0
0
0
0
0
0
0
-0.82179
0
0
0
0
0
0
0
0
0
0
0
0
0
0
0
0
0
0
0
0
0
0
0
0
0
0
0
0
0
0
0
0.82179
0
0
0
0
0
0
0
0
0
0
0
0
0
0
0
0
0
0
0
0
0
0
0
0
0
0
0
-5.0791
0
0
0
0
0
0
0
0
0
0
0
0
0
0
0
0
0
0
0
0
0
0
0
0
0
0
0
0
0
0
0
0
0
0
0
0
0
0
0
0
0
0
0
0
0
0
0
0
0
0
0
0
0
0
0
0
0
0
0
0
0
0
0
0
0
0
0
0
0
0
0
0
0
0
0
0
0
0
0
0
0
5.0791
0
0
0
0
0
0
0
0
0
0
0
0
0
0
0
0
0
0
0
0
0
0
0
0
0
0
0
0
0
0
0
0
0
0
0
0
0
0
0
-3.2241
0
0
0
0
0
0
0
0
0
0
0
0
0
0
0
0
0
0
0
0
0
0
0
0
0
0
0
0
0
0
0
0
0
0
0
0
0
0
0
0
0
0
0
0
0
0
0
0
0
0
0
0
0
0
0
0
0
0
0
0
0
0
0
0
0
0
0
0
0
3.2241
0
0
0
0
0
0
0
0
0
0
0
0
0
0
0
0
0
0
0
0
0
0
0
0
0
0
0
0
0
0
0
0
0
0
0
0
0
0
0
0
0
0
0
0
0
0
0
0
0
0
0
0
0
0
0
0
0
0
0
0
0
0
0
0
0
0
0
0
0
0
0
0
0
0
0
-1.4205
0
0
0
0
0
0
0
0
0
0
0
0
0
0
0
0
0
0
0
0
0
0
0
0
0
0
0
0
0
0
0
0
0
1.4205
0
0
0
0
0
0
0
0
0
0
0
0
0
0
0
0
0
0
0
0
0
0
0
0
0
0
0
0
0
-4.4601
0
0
0
0
0
0
0
0
0
0
0
0
0
0
0
0
0
0
0
0
0
0
0
0
0
0
0
0
0
0
0
0
0
0
0
0
0
0
0
0
0
0
0
0
0
0
0
0
0
0
0
0
0
0
0
0
0
0
0
0
0
0
0
0
0
0
0
0
0
0
0
0
0
0
0
0
0
0
0
4.4601
0
0
0
0
0
0
0
0
0
0
0
0
0
0
0
0
0
0
0
0
0
0
0
0
0
0
0
0
0
0
0
0
0
0
0
0
0
0
0
0
0
0
0
0
0
0
0
0
0
0
0
0
0
0
0
0
0
0
0
0
0
0
0
0
0
0
0
0
0
0
0
0
0
0
0
0
0
-2.8168
0
0
0
0
0
0
0
0
0
0
0
0
0
0
0
0
0
0
0
0
0
0
0
0
0
0
0
0
0
0
0
2.8168
0
0
0
0
0
0
0
0
0
0
0
0
0
0
0
0
0
0
0
0
-5.549
0
0
0
0
0
0
0
0
0
0
0
0
0
0
0
0
0
0
0
0
0
0
0
0
0
0
0
0
0
0
0
0
0
0
0
0
0
0
0
0
0
0
0
0
0
0
0
0
0
0
0
0
0
0
0
0
0
0
0
0
0
0
0
0
0
0
0
0
0
0
0
0
0
0
0
0
0
0
0
0
0
0
0
0
0
0
0
0
5.549
0
0
0
0
0
0
0
0
0
0
0
0
0
0
0
0
0
0
0
0
0
0
0
0
0
0
0
0
0
0
0
0
0
0
0
0
0
0
0
0
0
0
0
0
0
-4.4505
0
0
0
0
0
0
0
0
0
0
0
0
0
0
0
0
0
0
0
0
0
0
0
0
0
0
0
0
0
0
0
0
0
0
0
0
0
0
0
0
0
0
0
0
0
0
0
0
0
0
0
0
0
0
0
0
0
0
0
0
0
0
0
4.4505
0
0
0
0
0
0
0
0
0
0
0
0
0
0
0
0
0
0
0
0
0
0
0
0
0
0
0
0
0
0
0
0
0
0
0
0
0
0
0
0
0
0
0
0
0
-2.7549
0
0
0
0
0
0
0
0
0
0
0
0
0
0
0
0
0
0
0
0
0
0
0
0
0
0
0
0
0
0
0
0
0
0
0
0
0
0
0
0
0
0
0
0
0
0
0
0
0
0
0
0
0
0
0
0
0
0
0
0
0
0
0
2.7549
0
0
0
0
0
0
0
0
0
0
0
0
0
0
0
0
0
0
0
0
0
0
0
0
0
0
0
0
0
0
0
0
0
0
0
0
0
0
0
0
0
0
0
0
0
0
0
0
0
0
0
0
0
0
0
0
0
0
0
0
0
0
0
0
0
0
0
0
0
0
0
0
0
0
-2.6244
0
0
0
0
0
0
0
0
0
0
0
0
0
0
0
0
0
0
0
0
0
0
0
0
0
0
0
0
0
0
0
0
0
0
2.6244
0
0
0
0
0
0
0
0
0
0
0
0
0
0
0
0
0
0
0
0
0
0
0
0
0
0
0
0
0
0
0
0
0
0
0
0
0
0
0
0
0
0
-4.4505
0
0
0
0
0
0
0
0
0
0
0
0
0
0
0
0
0
0
0
0
0
0
0
0
0
0
0
0
0
0
0
0
0
0
0
0
0
0
0
0
0
0
0
0
0
0
0
0
0
0
0
0
0
0
0
0
0
0
0
0
0
0
0
0
0
0
4.4505
0
0
0
0
0
0
0
0
0
0
0
0
0
0
0
0
-5.2353
0
0
0
0
0
0
0
0
0
0
0
0
0
0
0
0
0
0
0
0
0
0
0
0
0
0
0
0
0
0
0
0
0
0
0
0
0
0
0
0
0
0
0
0
0
0
0
0
0
0
0
0
0
0
0
0
0
0
0
0
0
0
0
0
0
0
0
0
0
0
0
0
0
0
0
0
0
0
0
0
0
0
0
0
0
0
0
0
0
0
0
0
5.2353
