53.9218
-0.91179
-0.90663
-0.90446
-0.90446
-0.91451
-0.9103
-0.91029
-0.91028
-0.91028
-0.92115
-0.90247
-0.90485
-0.9034
-0.92946
-0.92002
-0.91461
-0.91794
-0.91531
-0.90347
-0.90202
-0.91308
-0.9038
-0.91005
-0.90978
-0.90436
-0.90846
-0.90733
-0.90751
-0.9089
-0.90566
-0.90565
-0.90324
-0.9075
-0.90458
-0.90434
-0.89989
-0.90098
-0.90697
-0.90563
-0.90703
-0.90489
-0.90737
-0.90512
-0.90715
-0.90979
-0.9298
-0.91902
-0.92236
-0.98455
-0.95772
-0.89147
-0.97067
-0.91391
-1.3072
0
-1.3478
0
0
0
-1.7289
0
0
0
0
0
0
0
0
-1.1717
0
0
0
0
0
0
0
0
0
0
0
0
0
0
0
0
0
0
0
0
0
0
0
0
0
0
0
0
0
0
0
0
0
0
0
0
0
0
0
-0.91179
53.9218
-0.90664
-0.90446
-0.90446
-0.9145
-0.91029
-0.91028
-0.91029
-0.91029
-0.92114
-0.90247
-0.90485
-0.90341
-0.92945
-0.92001
-0.91462
-0.91794
-0.91532
-0.90347
-0.90202
-0.91309
-0.9038
-0.91005
-0.90978
-0.90435
-0.90846
-0.90733
-0.90751
-0.90891
-0.90566
-0.90567
-0.90324
-0.90749
-0.90457
-0.90434
-0.89989
-0.90097
-0.90696
-0.90564
-0.90702
-0.90489
-0.90738
-0.90511
-0.90716
-0.90979
-0.9298
-0.91902
-0.92236
-0.98455
-0.95771
-0.89147
-0.97067
-0.91392
-1.3072
0
-1.3478
0
0
0
-1.7289
0
0
0
0
0
0
0
0
-1.1717
0
0
0
0
0
0
0
0
0
0
0
0
0
0
0
0
0
0
0
0
0
0
0
0
0
0
0
0
0
0
0
0
0
0
0
0
0
0
0
-0.90663
-0.90664
52.9336
-0.89911
-0.89911
-0.90756
-0.90341
-0.90341
-0.90341
-0.90341
-0.914
-0.89526
-0.89767
-0.89613
-0.92132
-0.91223
-0.90784
-0.91025
-0.90767
-0.89454
-0.8948
-0.9056
-0.89675
-0.9027
-0.90212
-0.8973
-0.90088
-0.90034
-0.90046
-0.90142
-0.89861
-0.8986
-0.89617
-0.90038
-0.89736
-0.89737
-0.89283
-0.8939
-0.90023
-0.89853
-0.90018
-0.89691
-0.90025
-0.89799
-0.90002
-0.9027
-0.92274
-0.91202
-0.91571
-0.97697
-0.95087
-0.88464
-0.96468
-0.90735
0
0
-1.3416
0
0
0
0
0
0
0
-1.9536
0
0
0
0
0
-1.6394
0
0
0
0
0
0
0
0
0
0
0
0
0
0
0
0
0
0
0
0
0
0
0
0
0
0
0
0
0
0
0
0
0
0
0
0
0
0
-0.90446
-0.90446
-0.89911
52.3492
-0.89609
-0.90761
-0.90341
-0.9034
-0.90341
-0.9034
-0.91424
-0.89554
-0.89792
-0.89654
-0.92205
-0.91297
-0.90881
-0.91096
-0.90837
-0.89679
-0.8951
-0.90623
-0.8969
-0.90335
-0.90296
-0.89755
-0.90166
-0.90046
-0.90068
-0.90206
-0.89876
-0.89876
-0.89631
-0.90083
-0.89768
-0.89739
-0.89298
-0.89405
-0.89994
-0.89879
-0.9007
-0.89818
-0.90037
-0.89811
-0.90008
-0.90265
-0.92246
-0.91175
-0.91505
-0.97677
-0.95013
-0.88399
-0.96283
-0.90696
-1.2962
0
-1.3369
0
0
0
-1.7142
0
0
0
0
0
0
0
0
0
0
0
0
0
0
0
0
0
0
0
0
0
0
0
0
0
0
0
0
0
0
0
0
0
0
0
0
0
0
0
0
0
0
0
0
0
0
0
0
-0.90446
-0.90446
-0.89911
-0.89609
52.3491
-0.90761
-0.9034
-0.90341
-0.9034
-0.9034
-0.91424
-0.89554
-0.89791
-0.89654
-0.92205
-0.91297
-0.9088
-0.91096
-0.90837
-0.89678
-0.8951
-0.90623
-0.8969
-0.90334
-0.90296
-0.89755
-0.90166
-0.90046
-0.90068
-0.90205
-0.89875
-0.89876
-0.89631
-0.90083
-0.89768
-0.89738
-0.89297
-0.89405
-0.89994
-0.89878
-0.90071
-0.89817
-0.90037
-0.89811
-0.90009
-0.90265
-0.92246
-0.91175
-0.91505
-0.97677
-0.95012
-0.88398
-0.96283
-0.90696
-1.2962
0
-1.3369
0
0
0
-1.7142
0
0
0
0
0
0
0
0
0
0
0
0
0
0
0
0
0
0
0
0
0
0
0
0
0
0
0
0
0
0
0
0
0
0
0
0
0
0
0
0
0
0
0
0
0
0
0
0
-0.91451
-0.9145
-0.90756
-0.90761
-0.90761
49.3978
-0.91104
-0.91105
-0.91104
-0.91105
-0.9205
-0.90319
-0.90542
-0.90406
-0.92969
-0.92076
-0.91153
-0.91872
-0.91579
-0.90411
-0.90262
-0.91362
-0.90436
-0.91095
-0.91023
-0.9049
-0.90896
-0.90798
-0.90809
-0.90936
-0.90625
-0.90625
-0.90382
-0.90812
-0.9052
-0.90522
-0.90046
-0.90154
-0.90849
-0.90629
-0.90782
-0.90598
-0.90796
-0.90569
-0.90772
-0.91034
-0.93044
-0.9197
-0.92312
-0.98545
-0.95855
-0.8914
-0.97357
-0.91444
0
0
0
0
0
0
0
0
0
0
0
0
0
0
0
0
0
0
0
-0.99318
0
0
0
0
0
0
0
0
0
0
0
0
0
0
0
0
0
0
0
0
0
0
0
0
0
0
0
0
0
0
0
0
0
0
0
-0.9103
-0.91029
-0.90341
-0.90341
-0.9034
-0.91104
48.1739
-0.90515
-0.90514
-0.90515
-0.91635
-0.89861
-0.9009
-0.89964
-0.92618
-0.91711
-0.90819
-0.91504
-0.91154
-0.89975
-0.89818
-0.90929
-0.89996
-0.90624
-0.90586
-0.90057
-0.90461
-0.9036
-0.90375
-0.90494
-0.90185
-0.90185
-0.89938
-0.90384
-0.9008
-0.90081
-0.89604
-0.89712
-0.90402
-0.90182
-0.90381
-0.90176
-0.90349
-0.90121
-0.90323
-0.90584
-0.92583
-0.91515
-0.91851
-0.9806
-0.95373
-0.88668
-0.96883
-0.91014
0
0
0
0
0
0
0
0
0
0
0
0
0
0
0
0
0
0
0
0
0
0
0
0
0
0
0
0
0
0
0
0
0
0
0
0
0
0
0
0
0
0
0
0
0
0
0
0
0
0
0
0
0
0
0
-0.91029
-0.91028
-0.90341
-0.9034
-0.90341
-0.91105
-0.90515
48.1737
-0.90514
-0.90515
-0.91634
-0.8986
-0.9009
-0.89964
-0.92618
-0.91711
-0.90819
-0.91503
-0.91153
-0.89975
-0.89818
-0.90928
-0.89995
-0.90624
-0.90585
-0.90057
-0.9046
-0.90361
-0.90374
-0.90493
-0.90185
-0.90185
-0.89937
-0.90383
-0.9008
-0.9008
-0.89603
-0.89712
-0.90401
-0.90182
-0.9038
-0.90176
-0.90349
-0.90121
-0.90323
-0.90584
-0.92583
-0.91515
-0.91851
-0.98059
-0.95373
-0.88667
-0.96882
-0.91013
0
0
0
0
0
0
0
0
0
0
0
0
0
0
0
0
0
0
0
0
0
0
0
0
0
0
0
0
0
0
0
0
0
0
0
0
0
0
0
0
0
0
0
0
0
0
0
0
0
0
0
0
0
0
0
-0.91028
-0.91029
-0.90341
-0.90341
-0.9034
-0.91104
-0.90514
-0.90514
48.1735
-0.90514
-0.91634
-0.89859
-0.9009
-0.89963
-0.92617
-0.9171
-0.90818
-0.91502
-0.91153
-0.89974
-0.89817
-0.90928
-0.89996
-0.90623
-0.90585
-0.90055
-0.9046
-0.90361
-0.90374
-0.90493
-0.90185
-0.90184
-0.89938
-0.90383
-0.90079
-0.9008
-0.89603
-0.8971
-0.90401
-0.90182
-0.90381
-0.90175
-0.90348
-0.90121
-0.90322
-0.90583
-0.92583
-0.91515
-0.91851
-0.98059
-0.95372
-0.88667
-0.96882
-0.91013
0
0
0
0
0
0
0
0
0
0
0
0
0
0
0
0
0
0
0
0
0
0
0
0
0
0
0
0
0
0
0
0
0
0
0
0
0
0
0
0
0
0
0
0
0
0
0
0
0
0
0
0
0
0
0
-0.91028
-0.91029
-0.90341
-0.9034
-0.9034
-0.91105
-0.90515
-0.90515
-0.90514
48.1736
-0.91634
-0.89859
-0.9009
-0.89963
-0.92618
-0.91712
-0.90818
-0.91502
-0.91153
-0.89975
-0.89818
-0.90928
-0.89995
-0.90622
-0.90585
-0.90057
-0.9046
-0.9036
-0.90374
-0.90493
-0.90184
-0.90185
-0.89937
-0.90383
-0.90079
-0.90079
-0.89603
-0.89711
-0.90401
-0.90181
-0.9038
-0.90174
-0.90349
-0.90121
-0.90322
-0.90584
-0.92583
-0.91515
-0.9185
-0.9806
-0.95371
-0.88668
-0.96882
-0.91013
0
0
0
0
0
0
0
0
0
0
0
0
0
0
0
0
0
0
0
0
0
0
0
0
0
0
0
0
0
0
0
0
0
0
0
0
0
0
0
0
0
0
0
0
0
0
0
0
0
0
0
0
0
0
0
-0.92115
-0.92114
-0.914
-0.91424
-0.91424
-0.9205
-0.91635
-0.91634
-0.91634
-0.91634
52.267
-0.90815
-0.91062
-0.90926
-0.93751
-0.92784
-0.92234
-0.92558
-0.92301
-0.90961
-0.90804
-0.92046
-0.90969
-0.91695
-0.91652
-0.91046
-0.915
-0.91337
-0.91364
-0.91503
-0.91161
-0.9116
-0.90906
-0.91374
-0.91053
-0.91066
-0.90573
-0.9068
-0.91387
-0.91158
-0.91351
-0.91147
-0.91316
-0.91086
-0.91274
-0.91507
-0.93485
-0.92371
-0.92676
-0.98883
-0.96205
-0.89532
0
0
0
0
0
0
0
0
0
0
0
0
0
0
0
0
0
0
0
0
0
0
0
0
0
0
0
0
0
0
0
0
0
0
0
0
0
0
0
0
-5.4697
0
0
0
0
0
0
0
0
0
0
0
0
0
0
0
0
-0.90247
-0.90247
-0.89526
-0.89554
-0.89554
-0.90319
-0.89861
-0.8986
-0.89859
-0.89859
-0.90815
47.4257
-0.89227
-0.88989
-0.91696
-0.9058
-0.8994
-0.90456
-0.90138
-0.89092
-0.88942
-0.89915
-0.89149
-0.89653
-0.89613
-0.89182
-0.89461
-0.89488
-0.89497
-0.89551
-0.89324
-0.89323
-0.89072
-0.89391
-0.89199
-0.89209
-0.88743
-0.88851
-0.89543
-0.89296
-0.89407
-0.89279
-0.89489
-0.89266
-0.8947
-0.89741
-0.91751
-0.90475
-0.91028
0
0
0
0
0
0
0
0
0
0
0
0
0
0
0
0
0
0
0
0
0
0
-1.1126
0
0
0
0
-1.1752
0
-2.0766
0
0
0
0
0
0
0
0
0
0
0
0
0
0
0
0
0
0
0
0
0
0
0
0
0
0
0
0
0
0
-0.90485
-0.90485
-0.89767
-0.89792
-0.89791
-0.90542
-0.9009
-0.9009
-0.9009
-0.9009
-0.91062
-0.89227
45.7416
-0.89341
-0.91822
-0.90884
-0.90205
-0.90709
-0.9041
-0.89359
-0.89204
-0.90246
-0.89401
-0.89994
-0.89948
-0.89452
-0.89691
-0.89766
-0.89772
-0.89842
-0.89584
-0.89585
-0.89343
-0.89746
-0.8947
-0.89483
-0.89008
-0.89114
-0.89795
-0.89453
-0.89743
-0.89551
-0.89758
-0.89533
-0.8974
-0.90003
-0.92003
-0.90931
-0.91281
0
0
0
0
0
0
0
0
0
0
0
0
-1.4214
0
0
0
0
-1.1334
0
0
0
0
0
0
0
0
0
0
0
0
0
0
0
0
0
0
0
0
0
0
0
0
0
0
0
0
0
0
0
0
0
0
0
0
0
0
0
0
0
0
-0.9034
-0.90341
-0.89613
-0.89654
-0.89654
-0.90406
-0.89964
-0.89964
-0.89963
-0.89963
-0.90926
-0.88989
-0.89341
44.5328
-0.91714
-0.90714
-0.90014
-0.90511
-0.90247
-0.89177
-0.89021
-0.90089
-0.89256
-0.8981
-0.89782
-0.89285
-0.89585
-0.89603
-0.89607
-0.8963
-0.89433
-0.89433
-0.89191
-0.89566
-0.89303
-0.89316
-0.8885
-0.88957
-0.89622
-0.89396
-0.89489
-0.89336
-0.89599
-0.89376
-0.89588
-0.89862
-0.91904
0
0
0
0
0
0
0
0
0
0
-1.1283
0
0
0
0
0
-1.2781
0
-0.83255
0
0
0
0
0
0
0
0
0
0
0
0
0
0
0
0
0
0
0
0
0
0
0
0
0
0
0
0
0
0
0
0
0
0
0
0
0
0
0
0
0
0
0
-0.92946
-0.92945
-0.92132
-0.92205
-0.92205
-0.92969
-0.92618
-0.92618
-0.92617
-0.92618
-0.93751
-0.91696
-0.91822
-0.91714
49.2162
-0.93648
-0.92486
-0.9345
-0.93084
-0.91749
-0.91597
-0.9279
-0.91772
-0.92426
-0.92383
-0.91831
-0.92082
-0.92146
-0.92157
-0.9224
-0.91967
-0.91967
-0.91739
-0.9212
-0.91856
-0.91885
-0.91381
-0.91493
-0.92222
-0.91851
-0.92053
-0.91927
-0.92155
-0.91926
-0.92136
-0.924
-0.94461
0
0
0
0
0
0
0
0
0
0
0
0
0
0
-1.466
0
0
0
0
0
0
0
0
0
0
0
0
0
0
0
0
0
0
0
0
0
0
0
0
0
0
0
0
0
0
0
0
0
0
0
0
0
0
0
0
0
-5.2879
0
0
0
0
0
-0.92002
-0.92001
-0.91223
-0.91297
-0.91297
-0.92076
-0.91711
-0.91711
-0.9171
-0.91712
-0.92784
-0.9058
-0.90884
-0.90714
-0.93648
47.5993
-0.91569
-0.92354
-0.9197
-0.90724
-0.90577
-0.91628
-0.90793
-0.91314
-0.91262
-0.90814
-0.91098
-0.9113
-0.91138
-0.91154
-0.90963
-0.90964
-0.90725
-0.91049
-0.90841
-0.90865
-0.90377
-0.90487
-0.9121
-0.90926
-0.90924
-0.90856
-0.91139
-0.90912
-0.91123
-0.914
0
0
0
0
0
0
0
0
0
0
0
0
0
0
0
0
-1.4458
0
0
0
0
0
0
0
0
0
0
0
0
0
0
0
0
0
0
0
0
0
0
0
0
0
0
0
0
0
0
0
0
0
0
0
0
0
0
0
0
0
0
0
0
0
-5.0772
-0.91461
-0.91462
-0.90784
-0.90881
-0.9088
-0.91153
-0.90819
-0.90819
-0.90818
-0.90818
-0.92234
-0.8994
-0.90205
-0.90014
-0.92486
-0.91569
51.4764
-0.91354
-0.91104
-0.90046
-0.89784
-0.90745
-0.90136
-0.90401
-0.90295
-0.90123
-0.90143
-0.90458
-0.90441
-0.90214
-0.90291
-0.90291
-0.90068
-0.90301
-0.90155
-0.90189
-0.89718
-0.89831
-0.90516
-0.9025
-0.90105
-0.90129
-0.90503
-0.90283
-0.90532
0
0
0
0
0
0
0
0
0
0
0
0
0
0
-1.8333
0
0
0
0
0
0
0
0
0
0
0
0
0
0
0
0
0
0
0
0
0
0
0
0
0
0
0
0
0
0
0
0
0
-4.8978
0
0
0
0
-4.8978
0
0
0
0
0
0
0
0
0
0
-0.91794
-0.91794
-0.91025
-0.91096
-0.91096
-0.91872
-0.91504
-0.91503
-0.91502
-0.91502
-0.92558
-0.90456
-0.90709
-0.90511
-0.9345
-0.92354
-0.91354
47.3327
-0.91782
-0.90536
-0.90396
-0.91392
-0.90607
-0.91086
-0.91039
-0.90606
-0.90882
-0.90929
-0.90926
-0.90934
-0.90763
-0.90763
-0.90517
-0.90834
-0.9064
-0.9066
-0.90178
-0.90287
-0.90999
-0.90716
-0.90707
-0.90633
-0.90937
-0.90711
-0.90925
0
0
-0.92158
0
0
0
0
0
0
0
0
0
0
0
0
0
0
0
0
0
0
0
-1.3556
0
0
0
0
0
0
0
0
0
0
0
0
0
0
0
0
0
0
0
0
0
0
0
0
0
0
0
-4.9808
0
0
0
0
0
0
0
0
0
0
0
0
0
-0.91531
-0.91532
-0.90767
-0.90837
-0.90837
-0.91579
-0.91154
-0.91153
-0.91153
-0.91153
-0.92301
-0.90138
-0.9041
-0.90247
-0.93084
-0.9197
-0.91104
-0.91782
46.761
-0.90269
-0.90127
-0.91147
-0.90324
-0.90853
-0.90797
-0.90359
-0.90639
-0.90674
-0.90681
-0.90693
-0.90508
-0.90509
-0.90271
-0.90594
-0.90389
-0.90411
-0.89923
-0.90033
-0.90753
-0.9047
-0.90461
-0.90408
-0.90681
-0.90456
-0.90666
-0.90941
-0.92995
0
0
0
0
0
0
0
0
0
0
0
0
0
0
0
0
0
0
0
0
0
0
0
0
0
0
0
0
0
0
0
0
0
0
0
0
0
0
-4.9633
0
0
0
0
0
0
0
0
0
0
0
0
0
0
0
0
0
0
0
0
0
0
0
-0.90347
-0.90347
-0.89454
-0.89679
-0.89678
-0.90411
-0.89975
-0.89975
-0.89974
-0.89975
-0.90961
-0.89092
-0.89359
-0.89177
-0.91749
-0.90724
-0.90046
-0.90536
-0.90269
43.4573
-0.89007
-0.90087
-0.89269
-0.8977
-0.89745
-0.89287
-0.89639
-0.89612
-0.89614
-0.89613
-0.89435
-0.89435
-0.89192
-0.89532
-0.89307
-0.89322
-0.88848
-0.88954
-0.89632
-0.89394
-0.89413
-0.8936
-0.89598
-0.89374
-0.89585
-0.89856
0
0
0
0
0
0
0
0
0
0
0
0
0
0
0
0
0
0
-1.9329
0
0
0
0
-1.1483
0
0
0
0
0
0
0
0
0
0
0
0
0
0
0
0
0
0
0
0
0
0
0
0
0
0
0
0
0
0
0
0
0
0
0
0
0
0
0
-0.90202
-0.90202
-0.8948
-0.8951
-0.8951
-0.90262
-0.89818
-0.89818
-0.89817
-0.89818
-0.90804
-0.88942
-0.89204
-0.89021
-0.91597
-0.90577
-0.89784
-0.90396
-0.90127
-0.89007
42.5808
-0.89946
-0.89146
-0.89644
-0.89598
-0.89156
-0.89485
-0.89472
-0.89481
-0.89314
-0.89286
-0.89287
-0.89034
-0.89404
-0.89149
-0.89164
-0.88693
-0.88796
-0.89458
-0.89253
-0.89342
-0.89219
-0.89439
-0.89216
-0.89421
-0.89689
0
0
0
0
0
0
0
0
0
0
0
0
0
0
0
0
0
0
0
0
0
0
0
0
0
0
0
0
-2.2709
0
0
0
0
0
0
0
0
0
0
0
0
0
0
0
0
0
0
0
0
0
0
0
0
0
0
0
0
0
0
0
0
0
0
-0.91308
-0.91309
-0.9056
-0.90623
-0.90623
-0.91362
-0.90929
-0.90928
-0.90928
-0.90928
-0.92046
-0.89915
-0.90246
-0.90089
-0.9279
-0.91628
-0.90745
-0.91392
-0.91147
-0.90087
-0.89946
45.6664
-0.90159
-0.90641
-0.90581
-0.90161
-0.90429
-0.90489
-0.90488
-0.90491
-0.90325
-0.90325
-0.90095
-0.9038
-0.90205
-0.90173
-0.89745
-0.89856
-0.90561
-0.90286
-0.90234
-0.90168
-0.90515
-0.90292
-0.90514
0
0
0
0
0
0
0
0
0
0
-1.1938
0
0
0
0
0
0
0
0
0
0
0
0
0
0
0
0
0
0
0
0
0
0
0
0
0
0
0
0
0
0
0
0
0
0
0
0
0
0
0
0
0
0
0
0
0
-4.6062
0
0
0
0
0
0
0
-0.9038
-0.9038
-0.89675
-0.8969
-0.8969
-0.90436
-0.89996
-0.89995
-0.89996
-0.89995
-0.90969
-0.89149
-0.89401
-0.89256
-0.91772
-0.90793
-0.90136
-0.90607
-0.90324
-0.89269
-0.89146
-0.90159
41.3235
-0.89856
-0.89826
-0.89338
-0.89663
-0.8968
-0.89691
-0.89768
-0.89491
-0.89491
-0.89247
-0.89653
-0.89378
-0.89385
-0.88904
-0.89008
-0.89704
-0.8947
-0.89624
-0.89464
-0.89648
-0.89423
-0.89622
-0.89882
-0.9192
0
0
0
0
0
0
0
0
0
0
0
0
0
0
0
0
0
0
0
0
0
0
0
0
0
0
0
0
0
0
0
0
0
0
0
0
0
0
0
0
0
0
0
0
0
0
0
0
0
0
0
0
0
0
0
0
0
0
0
0
0
0
-0.91005
-0.91005
-0.9027
-0.90335
-0.90334
-0.91095
-0.90624
-0.90624
-0.90623
-0.90622
-0.91695
-0.89653
-0.89994
-0.8981
-0.92426
-0.91314
-0.90401
-0.91086
-0.90853
-0.8977
-0.89644
-0.90641
-0.89856
44.2368
-0.90293
-0.89845
-0.90065
-0.90183
-0.90173
-0.90144
-0.90019
-0.90019
-0.89784
-0.90041
-0.89891
-0.8991
-0.89434
-0.89544
-0.90252
-0.90054
-0.89831
-0.89868
-0.90201
-0.89979
0
0
0
0
0
0
0
0
0
0
0
0
0
0
0
0
0
0
0
0
0
0
0
0
0
0
0
0
0
-1.0054
0
0
0
0
0
0
0
0
0
0
0
0
0
0
0
0
-4.3994
0
0
0
0
0
0
0
0
0
0
0
0
0
0
0
0
0
0
-0.90978
-0.90978
-0.90212
-0.90296
-0.90296
-0.91023
-0.90586
-0.90585
-0.90585
-0.90585
-0.91652
-0.89613
-0.89948
-0.89782
-0.92383
-0.91262
-0.90295
-0.91039
-0.90797
-0.89745
-0.89598
-0.90581
-0.89826
-0.90293
44.4183
-0.89828
-0.90028
-0.90163
-0.90157
-0.90109
-0.89991
-0.89989
-0.89758
-0.90047
-0.89859
-0.89888
-0.8941
-0.89518
-0.90159
-0.89943
-0.89897
-0.8986
-0.90179
-0.89956
0
0
0
0
0
0
0
0
0
0
0
0
0
0
-1.3596
0
0
0
0
0
0
0
0
0
0
0
0
0
0
0
0
0
0
0
0
0
0
0
0
0
0
0
0
-4.2419
0
0
0
0
0
0
0
0
0
0
0
0
0
0
0
0
0
0
0
0
0
-0.90436
-0.90435
-0.8973
-0.89755
-0.89755
-0.9049
-0.90057
-0.90057
-0.90055
-0.90057
-0.91046
-0.89182
-0.89452
-0.89285
-0.91831
-0.90814
-0.90123
-0.90606
-0.90359
-0.89287
-0.89156
-0.90161
-0.89338
-0.89845
-0.89828
39.8585
-0.89655
-0.89784
-0.89776
-0.89806
-0.89554
-0.89554
-0.89296
-0.89633
-0.89419
-0.89428
-0.88945
-0.8905
-0.89752
-0.89502
-0.89496
-0.89482
-0.89703
-0.89486
0
0
0
0
0
0
0
0
0
0
0
0
0
0
0
0
0
0
0
0
0
0
0
0
0
0
0
0
-1.2339
0
0
0
0
0
0
0
0
0
0
0
0
0
0
0
0
0
0
0
0
0
0
0
0
0
0
0
0
0
0
0
0
0
0
0
0
-0.90846
-0.90846
-0.90088
-0.90166
-0.90166
-0.90896
-0.90461
-0.9046
-0.9046
-0.9046
-0.915
-0.89461
-0.89691
-0.89585
-0.92082
-0.91098
-0.90143
-0.90882
-0.90639
-0.89639
-0.89485
-0.90429
-0.89663
-0.90065
-0.90028
-0.89655
43.5995
-0.9004
-0.9002
-0.899
-0.89849
-0.89848
-0.89615
-0.89853
-0.89697
-0.89742
-0.89261
-0.89368
-0.90049
-0.89618
-0.89625
0
0
0
0
0
0
0
0
0
0
0
0
0
0
0
0
0
0
0
0
0
0
0
0
0
0
0
-1.4786
0
0
0
0
0
0
-1.8391
0
0
0
0
0
0
0
0
0
0
0
0
0
0
0
0
0
0
0
0
-4.2279
0
0
0
0
0
0
0
0
0
0
0
0
-0.90733
-0.90733
-0.90034
-0.90046
-0.90046
-0.90798
-0.9036
-0.90361
-0.90361
-0.9036
-0.91337
-0.89488
-0.89766
-0.89603
-0.92146
-0.9113
-0.90458
-0.90929
-0.90674
-0.89612
-0.89472
-0.90489
-0.8968
-0.90183
-0.90163
-0.89784
-0.9004
38.1404
-0.90057
-0.90105
-0.89779
-0.89779
-0.89622
-0.90078
-0.89754
-0.89761
-0.89251
-0.89368
-0.90085
-0.89849
-0.90127
0
-0.90011
0
0
0
0
0
0
0
0
0
0
0
0
0
0
0
0
0
0
0
0
0
0
0
0
0
0
0
0
0
0
0
0
0
-1.1762
0
0
0
0
0
0
0
0
0
0
0
0
0
0
0
0
0
0
0
0
0
0
0
0
0
0
0
0
0
0
0
0
-0.90751
-0.90751
-0.90046
-0.90068
-0.90068
-0.90809
-0.90375
-0.90374
-0.90374
-0.90374
-0.91364
-0.89497
-0.89772
-0.89607
-0.92157
-0.91138
-0.90441
-0.90926
-0.90681
-0.89614
-0.89481
-0.90488
-0.89691
-0.90173
-0.90157
-0.89776
-0.9002
-0.90057
38.2035
-0.90099
-0.89798
-0.89798
-0.89637
-0.90061
-0.89763
-0.89774
-0.89265
-0.89384
-0.90103
-0.89857
-0.90036
0
-0.90031
0
0
0
0
0
0
0
0
0
0
0
0
0
0
0
0
0
0
0
0
0
0
0
0
0
0
0
0
0
-1.2371
0
0
0
0
0
0
0
0
0
0
0
0
0
0
0
0
0
0
0
0
0
0
0
0
0
0
0
0
0
0
0
0
0
0
0
0
-0.9089
-0.90891
-0.90142
-0.90206
-0.90205
-0.90936
-0.90494
-0.90493
-0.90493
-0.90493
-0.91503
-0.89551
-0.89842
-0.8963
-0.9224
-0.91154
-0.90214
-0.90934
-0.90693
-0.89613
-0.89314
-0.90491
-0.89768
-0.90144
-0.90109
-0.89806
-0.899
-0.90105
-0.90099
40.7953
-0.8994
-0.8994
-0.89718
-0.9004
-0.89822
-0.89852
-0.89363
-0.89471
-0.90146
-0.89918
0
0
0
0
0
0
0
0
0
0
0
0
0
0
0
0
0
0
0
-1.8231
0
0
0
0
0
0
0
0
0
0
0
0
0
0
0
0
0
0
0
0
0
0
0
0
0
0
0
0
0
0
0
0
0
0
0
0
0
0
0
-3.7866
0
0
0
0
0
0
0
0
0
-0.90566
-0.90566
-0.89861
-0.89876
-0.89875
-0.90625
-0.90185
-0.90185
-0.90185
-0.90184
-0.91161
-0.89324
-0.89584
-0.89433
-0.91967
-0.90963
-0.90291
-0.90763
-0.90508
-0.89435
-0.89286
-0.90325
-0.89491
-0.90019
-0.89991
-0.89554
-0.89849
-0.89779
-0.89798
-0.8994
35.995
-0.89714
-0.8948
-0.89833
-0.89619
-0.89634
-0.89065
-0.89167
-0.89917
-0.89694
-0.89804
0
0
0
0
0
0
0
0
0
0
0
0
0
0
0
0
0
0
0
0
0
0
0
0
0
0
0
0
0
0
0
0
0
0
0
0
0
0
0
0
0
0
0
0
0
0
0
0
0
0
0
0
0
0
0
0
0
0
0
0
0
0
0
0
0
0
0
0
-0.90565
-0.90567
-0.8986
-0.89876
-0.89876
-0.90625
-0.90185
-0.90185
-0.90184
-0.90185
-0.9116
-0.89323
-0.89585
-0.89433
-0.91967
-0.90964
-0.90291
-0.90763
-0.90509
-0.89435
-0.89287
-0.90325
-0.89491
-0.90019
-0.89989
-0.89554
-0.89848
-0.89779
-0.89798
-0.8994
-0.89714
35.995
-0.8948
-0.89834
-0.89619
-0.89635
-0.89064
-0.89167
-0.89917
-0.89695
-0.89804
0
0
0
0
0
0
0
0
0
0
0
0
0
0
0
0
0
0
0
0
0
0
0
0
0
0
0
0
0
0
0
0
0
0
0
0
0
0
0
0
0
0
0
0
0
0
0
0
0
0
0
0
0
0
0
0
0
0
0
0
0
0
0
0
0
0
0
0
-0.90324
-0.90324
-0.89617
-0.89631
-0.89631
-0.90382
-0.89938
-0.89937
-0.89938
-0.89937
-0.90906
-0.89072
-0.89343
-0.89191
-0.91739
-0.90725
-0.90068
-0.90517
-0.90271
-0.89192
-0.89034
-0.90095
-0.89247
-0.89784
-0.89758
-0.89296
-0.89615
-0.89622
-0.89637
-0.89718
-0.8948
-0.8948
34.1198
-0.89738
-0.89286
-0.89321
-0.88613
-0.88851
0
0
0
0
0
0
0
0
0
-0.90728
0
0
0
0
0
0
0
0
0
0
0
0
0
0
0
0
0
0
0
0
0
0
0
0
0
0
0
0
0
0
0
0
0
0
0
0
0
0
0
0
0
0
0
0
0
0
0
0
0
0
0
0
0
0
0
0
0
0
0
0
0
-0.9075
-0.90749
-0.90038
-0.90083
-0.90083
-0.90812
-0.90384
-0.90383
-0.90383
-0.90383
-0.91374
-0.89391
-0.89746
-0.89566
-0.9212
-0.91049
-0.90301
-0.90834
-0.90594
-0.89532
-0.89404
-0.9038
-0.89653
-0.90041
-0.90047
-0.89633
-0.89853
-0.90078
-0.90061
-0.9004
-0.89833
-0.89834
-0.89738
37.1161
-0.89851
-0.89872
-0.89277
0
0
0
0
0
0
0
0
0
0
0
0
0
0
0
0
0
0
0
0
-1.127
0
0
0
0
0
0
0
0
0
0
0
0
0
0
0
0
0
0
0
0
0
0
0
0
0
0
0
0
-3.5277
0
0
0
0
0
0
0
0
0
0
0
0
0
0
0
0
0
0
0
0
0
0
-0.90458
-0.90457
-0.89736
-0.89768
-0.89768
-0.9052
-0.9008
-0.9008
-0.90079
-0.90079
-0.91053
-0.89199
-0.8947
-0.89303
-0.91856
-0.90841
-0.90155
-0.9064
-0.90389
-0.89307
-0.89149
-0.90205
-0.89378
-0.89891
-0.89859
-0.89419
-0.89697
-0.89754
-0.89763
-0.89822
-0.89619
-0.89619
-0.89286
-0.89851
34.7018
-0.89531
-0.88764
-0.88988
0
0
0
0
0
0
0
0
0
0
0
0
0
0
0
0
0
0
0
0
0
0
0
0
0
0
0
0
0
0
-1.4435
0
0
0
0
0
0
0
0
0
0
0
0
0
0
0
0
0
0
0
0
0
0
0
0
0
0
0
0
0
0
0
0
0
0
0
0
0
0
0
0
-0.90434
-0.90434
-0.89737
-0.89739
-0.89738
-0.90522
-0.90081
-0.9008
-0.9008
-0.90079
-0.91066
-0.89209
-0.89483
-0.89316
-0.91885
-0.90865
-0.90189
-0.9066
-0.90411
-0.89322
-0.89164
-0.90173
-0.89385
-0.8991
-0.89888
-0.89428
-0.89742
-0.89761
-0.89774
-0.89852
-0.89634
-0.89635
-0.89321
-0.89872
-0.89531
34.443
-0.88783
-0.88999
0
0
0
0
0
0
0
0
0
0
0
0
0
0
0
0
0
-1.1812
0
0
0
0
0
0
0
0
0
0
0
0
0
0
0
0
0
0
0
0
0
0
0
0
0
0
0
0
0
0
0
0
0
0
0
0
0
0
0
0
0
0
0
0
0
0
0
0
0
0
0
0
0
-0.89989
-0.89989
-0.89283
-0.89298
-0.89297
-0.90046
-0.89604
-0.89603
-0.89603
-0.89603
-0.90573
-0.88743
-0.89008
-0.8885
-0.91381
-0.90377
-0.89718
-0.90178
-0.89923
-0.88848
-0.88693
-0.89745
-0.88904
-0.89434
-0.8941
-0.88945
-0.89261
-0.89251
-0.89265
-0.89363
-0.89065
-0.89064
-0.88613
-0.89277
-0.88764
-0.88783
33.0829
-0.88546
0
0
0
0
0
0
0
0
0
0
0
0
0
0
0
0
0
0
0
0
0
0
0
0
0
0
0
0
0
0
0
0
0
0
0
0
0
0
0
0
0
0
0
0
0
0
0
0
0
0
0
0
0
0
0
0
0
0
0
0
0
0
0
0
0
0
0
0
0
0
0
-0.90098
-0.90097
-0.8939
-0.89405
-0.89405
-0.90154
-0.89712
-0.89712
-0.8971
-0.89711
-0.9068
-0.88851
-0.89114
-0.88957
-0.91493
-0.90487
-0.89831
-0.90287
-0.90033
-0.88954
-0.88796
-0.89856
-0.89008
-0.89544
-0.89518
-0.8905
-0.89368
-0.89368
-0.89384
-0.89471
-0.89167
-0.89167
-0.88851
0
-0.88988
-0.88999
-0.88546
32.2316
0
0
0
0
0
0
0
0
0
0
0
0
0
0
0
0
0
0
0
0
0
0
0
0
0
0
0
0
0
0
0
0
0
0
0
0
0
0
0
0
0
0
0
0
0
0
0
0
0
0
0
0
0
0
0
0
0
0
0
0
0
0
0
0
0
0
0
0
0
0
0
-0.90697
-0.90696
-0.90023
-0.89994
-0.89994
-0.90849
-0.90402
-0.90401
-0.90401
-0.90401
-0.91387
-0.89543
-0.89795
-0.89622
-0.92222
-0.9121
-0.90516
-0.90999
-0.90753
-0.89632
-0.89458
-0.90561
-0.89704
-0.90252
-0.90159
-0.89752
-0.90049
-0.90085
-0.90103
-0.90146
-0.89917
-0.89917
0
0
0
0
0
0
31.5384
0
0
0
0
0
0
0
0
0
0
0
0
0
0
0
-1.2873
0
0
0
-1.3548
0
0
0
0
0
0
0
0
0
0
0
0
0
0
0
0
0
0
0
0
0
0
0
0
0
0
0
0
0
0
0
0
0
0
0
0
0
0
0
0
0
0
0
0
0
0
0
0
0
0
-0.90563
-0.90564
-0.89853
-0.89879
-0.89878
-0.90629
-0.90182
-0.90182
-0.90182
-0.90181
-0.91158
-0.89296
-0.89453
-0.89396
-0.91851
-0.90926
-0.9025
-0.90716
-0.9047
-0.89394
-0.89253
-0.90286
-0.8947
-0.90054
-0.89943
-0.89502
-0.89618
-0.89849
-0.89857
-0.89918
-0.89694
-0.89695
0
0
0
0
0
0
0
31.2159
0
0
0
0
0
0
0
0
0
0
0
0
0
0
0
0
0
0
0
0
0
-1.4064
0
0
0
0
0
0
0
0
0
0
0
-0.98812
0
0
0
0
0
0
0
0
0
0
0
0
0
0
0
0
0
0
0
0
0
0
0
0
0
0
0
0
0
0
0
0
0
0
0
-0.90703
-0.90702
-0.90018
-0.9007
-0.90071
-0.90782
-0.90381
-0.9038
-0.90381
-0.9038
-0.91351
-0.89407
-0.89743
-0.89489
-0.92053
-0.90924
-0.90105
-0.90707
-0.90461
-0.89413
-0.89342
-0.90234
-0.89624
-0.89831
-0.89897
-0.89496
-0.89625
-0.90127
-0.90036
0
-0.89804
-0.89804
0
0
0
0
0
0
0
0
38.3205
0
0
0
0
0
0
0
0
0
0
0
0
0
0
0
0
0
0
0
0
0
0
0
0
0
0
-1.3364
0
0
0
0
0
0
0
0
0
0
0
0
0
0
0
0
0
0
0
0
0
0
0
0
0
0
0
0
0
0
0
0
0
0
0
0
-4.5153
0
0
-4.5153
0
-0.90489
-0.90489
-0.89691
-0.89818
-0.89817
-0.90598
-0.90176
-0.90176
-0.90175
-0.90174
-0.91147
-0.89279
-0.89551
-0.89336
-0.91927
-0.90856
-0.90129
-0.90633
-0.90408
-0.8936
-0.89219
-0.90168
-0.89464
-0.89868
-0.8986
-0.89482
0
0
0
0
0
0
0
0
0
0
0
0
0
0
0
29.269
0
0
0
0
0
0
0
0
0
0
0
0
0
-1.1808
0
0
0
0
0
0
0
0
0
0
0
0
0
0
-1.6241
0
0
0
0
0
0
0
0
0
0
0
0
0
0
0
0
0
0
0
0
0
0
0
0
0
0
0
0
0
0
0
0
0
0
-3.0411
0
0
0
-0.90737
-0.90738
-0.90025
-0.90037
-0.90037
-0.90796
-0.90349
-0.90349
-0.90348
-0.90349
-0.91316
-0.89489
-0.89758
-0.89599
-0.92155
-0.91139
-0.90503
-0.90937
-0.90681
-0.89598
-0.89439
-0.90515
-0.89648
-0.90201
-0.90179
-0.89703
0
-0.90011
-0.90031
0
0
0
0
0
0
0
0
0
0
0
0
0
25.2867
0
0
0
0
0
0
0
0
0
0
0
0
0
0
0
0
0
0
0
0
0
0
0
0
0
0
0
0
0
0
0
0
0
0
0
0
0
0
0
0
0
0
0
0
0
0
0
0
0
0
0
0
0
0
0
0
0
0
0
0
0
0
0
0
0
0
-0.90512
-0.90511
-0.89799
-0.89811
-0.89811
-0.90569
-0.90121
-0.90121
-0.90121
-0.90121
-0.91086
-0.89266
-0.89533
-0.89376
-0.91926
-0.90912
-0.90283
-0.90711
-0.90456
-0.89374
-0.89216
-0.90292
-0.89423
-0.89979
-0.89956
-0.89486
0
0
0
0
0
0
0
0
0
0
0
0
0
0
0
0
0
23.4277
0
0
0
0
0
0
0
0
0
0
0
0
0
0
0
0
0
0
0
0
0
0
0
0
0
0
0
0
0
0
0
0
0
0
0
0
0
0
0
0
0
0
0
0
0
0
0
0
0
0
0
0
0
0
0
0
0
0
0
0
0
0
0
0
0
-0.90715
-0.90716
-0.90002
-0.90008
-0.90009
-0.90772
-0.90323
-0.90323
-0.90322
-0.90322
-0.91274
-0.8947
-0.8974
-0.89588
-0.92136
-0.91123
-0.90532
-0.90925
-0.90666
-0.89585
-0.89421
-0.90514
-0.89622
0
0
0
0
0
0
0
0
0
0
0
0
0
0
0
0
0
0
0
0
0
20.7811
0
0
0
0
0
0
0
0
0
0
0
0
0
0
0
0
0
0
0
0
0
0
0
0
0
0
0
0
0
0
0
0
0
0
0
0
0
0
0
0
0
0
0
0
0
0
0
0
0
0
0
0
0
0
0
0
0
0
0
0
0
0
0
0
-0.90979
-0.90979
-0.9027
-0.90265
-0.90265
-0.91034
-0.90584
-0.90584
-0.90583
-0.90584
-0.91507
-0.89741
-0.90003
-0.89862
-0.924
-0.914
0
0
-0.90941
-0.89856
-0.89689
0
-0.89882
0
0
0
0
0
0
0
0
0
0
0
0
0
0
0
0
0
0
0
0
0
0
18.1141
0
0
0
0
0
0
0
0
0
0
0
0
0
0
0
0
0
0
0
0
0
0
0
0
0
0
0
0
0
0
0
0
0
0
0
0
0
0
0
0
0
0
0
0
0
0
0
0
0
0
0
0
0
0
0
0
0
0
0
0
0
0
0
-0.9298
-0.9298
-0.92274
-0.92246
-0.92246
-0.93044
-0.92583
-0.92583
-0.92583
-0.92583
-0.93485
-0.91751
-0.92003
-0.91904
-0.94461
0
0
0
-0.92995
0
0
0
-0.9192
0
0
0
0
0
0
0
0
0
0
0
0
0
0
0
0
0
0
0
0
0
0
0
15.7462
0
0
0
0
0
0
0
0
0
0
0
0
0
0
0
0
0
0
0
0
0
0
0
0
0
0
0
0
0
0
0
0
0
0
0
0
0
0
0
0
0
0
0
0
0
0
0
0
0
0
0
0
0
0
0
0
0
0
0
0
0
0
-0.91902
-0.91902
-0.91202
-0.91175
-0.91175
-0.9197
-0.91515
-0.91515
-0.91515
-0.91515
-0.92371
-0.90475
-0.90931
0
0
0
0
-0.92158
0
0
0
0
0
0
0
0
0
0
0
0
0
0
-0.90728
0
0
0
0
0
0
0
0
0
0
0
0
0
0
15.0787
0
0
0
0
0
0
0
0
0
0
0
0
0
0
-1.3582
0
0
0
0
0
0
0
0
0
0
0
0
0
0
0
0
0
0
0
0
0
0
0
0
0
0
0
0
0
0
0
0
0
0
0
0
0
0
0
0
0
0
0
0
0
0
-0.92236
-0.92236
-0.91571
-0.91505
-0.91505
-0.92312
-0.91851
-0.91851
-0.91851
-0.9185
-0.92676
-0.91028
-0.91281
0
0
0
0
0
0
0
0
0
0
0
0
0
0
0
0
0
0
0
0
0
0
0
0
0
0
0
0
0
0
0
0
0
0
0
14.0357
0
0
0
0
0
0
0
0
0
0
0
0
0
0
0
0
0
0
0
0
0
0
0
0
0
0
0
0
0
0
0
0
0
0
0
0
0
0
0
0
0
0
-2.0982
0
0
0
0
0
0
0
0
0
0
0
0
0
0
0
0
0
-0.98455
-0.98455
-0.97697
-0.97677
-0.97677
-0.98545
-0.9806
-0.98059
-0.98059
-0.9806
-0.98883
0
0
0
0
0
0
0
0
0
0
0
0
0
0
0
0
0
0
0
0
0
0
0
0
0
0
0
0
0
0
0
0
0
0
0
0
0
0
11.7036
0
0
0
0
0
0
0
0
0
0
0
0
0
0
0
-0.90731
0
0
0
0
0
0
0
0
0
0
0
0
0
0
0
0
0
0
0
0
0
0
0
0
0
0
0
0
0
0
0
0
0
0
0
0
0
0
0
0
0
0
0
-0.95772
-0.95771
-0.95087
-0.95013
-0.95012
-0.95855
-0.95373
-0.95373
-0.95372
-0.95371
-0.96205
0
0
0
0
0
0
0
0
0
0
0
0
0
0
0
0
0
0
0
0
0
0
0
0
0
0
0
0
0
0
0
0
0
0
0
0
0
0
0
12.732
0
0
0
0
0
0
0
0
0
0
0
0
0
0
0
0
0
0
0
0
0
0
0
0
0
0
0
0
0
0
0
0
0
-2.2299
0
0
0
0
0
0
0
0
0
0
0
0
0
0
0
0
0
0
0
0
0
0
0
0
-0.89147
-0.89147
-0.88464
-0.88399
-0.88398
-0.8914
-0.88668
-0.88667
-0.88667
-0.88668
-0.89532
0
0
0
0
0
0
0
0
0
0
0
0
0
0
0
0
0
0
0
0
0
0
0
0
0
0
0
0
0
0
0
0
0
0
0
0
0
0
0
0
9.769
0
0
0
0
0
0
0
0
0
0
0
0
0
0
0
0
0
0
0
0
0
0
0
0
0
0
0
0
0
0
0
0
0
0
0
0
0
0
0
0
0
0
0
0
0
0
0
0
0
0
0
0
0
0
0
0
0
-0.97067
-0.97067
-0.96468
-0.96283
-0.96283
-0.97357
-0.96883
-0.96882
-0.96882
-0.96882
0
0
0
0
0
0
0
0
0
0
0
0
0
0
0
0
0
0
0
0
0
0
0
0
0
0
0
0
0
0
0
0
0
0
0
0
0
0
0
0
0
0
10.87
0
0
-1.1895
0
0
0
0
0
0
0
0
0
0
0
0
0
0
0
0
0
0
0
0
0
0
0
0
0
0
0
0
0
0
0
0
0
0
0
0
0
0
0
0
0
0
0
0
0
0
0
0
0
0
0
0
0
-0.91391
-0.91392
-0.90735
-0.90696
-0.90696
-0.91444
-0.91014
-0.91013
-0.91013
-0.91013
0
0
0
0
0
0
0
0
0
0
0
0
0
0
0
0
0
0
0
0
0
0
0
0
0
0
0
0
0
0
0
0
0
0
0
0
0
0
0
0
0
0
0
10.2934
0
0
0
0
0
0
0
0
0
0
0
0
0
0
0
0
0
0
-1.1893
0
0
0
0
0
0
0
0
0
0
0
0
0
0
0
0
0
0
0
0
0
0
0
0
0
0
0
0
0
0
0
0
0
0
0
0
-1.3072
-1.3072
0
-1.2962
-1.2962
0
0
0
0
0
0
0
0
0
0
0
0
0
0
0
0
0
0
0
0
0
0
0
0
0
0
0
0
0
0
0
0
0
-1.2873
0
0
0
0
0
0
0
0
0
0
0
0
0
0
0
6.494
0
0
0
0
0
0
0
0
0
0
0
0
0
0
0
0
0
0
0
0
0
0
0
0
0
0
0
0
0
0
0
0
0
0
0
0
0
0
0
0
0
0
0
0
0
0
0
0
0
0
0
0
0
0
0
0
0
0
0
0
0
0
0
0
0
0
0
0
0
0
0
0
0
0
0
-1.1938
0
0
0
0
0
0
0
0
0
0
0
0
0
-1.1812
0
0
0
0
0
-1.1808
0
0
0
0
0
0
0
0
0
0
-1.1895
0
0
6.0686
0
0
0
0
0
0
0
0
0
0
0
0
0
0
0
-1.3234
0
0
0
0
0
0
0
0
0
0
0
0
0
0
0
0
0
0
0
0
0
0
0
0
0
0
0
0
0
0
0
0
0
0
0
0
0
-1.3478
-1.3478
-1.3416
-1.3369
-1.3369
0
0
0
0
0
0
0
0
0
0
0
0
0
0
0
0
0
0
0
0
0
0
0
0
0
0
0
0
0
0
0
0
0
0
0
0
0
0
0
0
0
0
0
0
0
0
0
0
0
0
0
6.711
0
0
0
0
0
0
0
0
0
0
0
0
0
0
0
0
0
0
0
0
0
0
0
0
0
0
0
0
0
0
0
0
0
0
0
0
0
0
0
0
0
0
0
0
0
0
0
0
0
0
0
0
0
0
0
0
0
0
0
0
0
0
0
0
0
-1.1283
0
0
0
0
0
0
0
0
0
0
0
0
0
0
0
0
0
0
0
-1.127
0
0
0
0
0
0
0
0
0
0
0
0
0
0
0
0
0
0
0
0
0
0
0
6.1799
0
0
0
0
-1.5118
-1.9502
0
0
0
0
0
0
0
0
0
0
0
0
0
0
0
0
0
0
0
-0.46265
0
0
0
0
0
0
0
0
0
0
0
0
0
0
0
0
0
0
0
0
0
0
0
0
0
0
0
0
0
0
0
0
0
0
0
0
0
0
0
0
0
0
0
0
0
0
0
0
0
-1.3596
0
0
0
0
0
0
0
0
0
0
0
0
0
-1.3548
0
0
0
0
0
0
0
0
0
0
0
0
0
0
0
0
0
0
0
8.9658
0
0
0
0
-1.4077
0
0
0
0
0
0
0
0
0
0
0
0
0
0
0
0
0
0
0
0
0
0
0
0
-2.4218
0
0
0
0
0
-2.4219
0
0
0
0
0
0
0
0
0
0
0
0
0
0
0
0
0
0
0
0
0
0
0
0
0
0
0
0
0
0
-1.8333
0
0
0
0
0
0
0
0
0
0
0
0
-1.8231
0
0
0
0
0
0
0
0
0
0
0
0
0
0
0
0
0
0
0
0
0
0
0
0
0
0
0
0
0
8.0198
0
0
0
0
0
0
0
0
0
0
0
0
0
0
0
0
0
0
0
-2.0762
0
-2.2873
0
0
0
0
0
0
0
0
0
0
0
0
0
0
0
0
0
0
0
0
0
0
0
0
0
0
0
-1.7289
-1.7289
0
-1.7142
-1.7142
0
0
0
0
0
0
0
0
0
0
0
0
0
0
0
0
0
0
0
0
0
0
0
0
0
0
0
0
0
0
0
0
0
0
0
0
0
0
0
0
0
0
0
0
0
0
0
0
0
0
0
0
0
0
0
6.886
0
0
0
0
0
0
0
0
0
0
0
0
0
0
0
0
0
0
0
0
0
0
0
0
0
0
0
0
0
0
0
0
0
0
0
0
0
0
0
0
0
0
0
0
0
0
0
0
0
0
0
0
0
0
0
0
0
0
0
0
-1.4214
0
-1.466
0
0
0
0
0
0
0
0
0
0
0
0
0
0
0
0
0
0
0
0
0
0
0
0
-1.4064
0
0
0
0
0
0
0
0
0
0
0
0
0
0
0
0
0
0
0
0
0
6.6872
0
0
0
0
0
0
0
0
0
0
0
0
0
0
0
0
0
0
-2.3934
0
0
0
0
0
0
0
0
0
0
0
0
0
0
0
0
0
0
0
0
0
0
0
0
0
0
0
0
0
0
0
0
0
0
0
0
0
0
0
0
0
0
0
-1.4458
0
0
0
0
0
0
0
0
0
0
0
0
0
0
0
0
0
0
0
0
0
0
0
0
0
0
0
0
0
0
0
-1.3582
0
0
0
0
0
0
0
0
0
-1.5118
0
0
0
0
6.6227
0
0
0
0
0
0
0
0
0
0
0
0
0
0
-2.3069
0
0
0
0
0
0
0
0
0
0
0
0
0
0
0
0
0
0
0
0
0
0
0
0
0
0
0
0
0
0
0
0
0
0
0
0
0
0
0
0
0
0
0
0
-1.2781
0
0
0
0
0
0
0
0
0
0
0
0
0
0
0
0
0
0
0
0
0
0
0
0
0
0
0
0
0
0
0
0
0
0
0
0
0
0
0
0
0
0
0
-1.9502
-1.4077
0
0
0
0
4.6361
0
0
0
0
0
0
0
0
0
0
0
0
0
0
0
0
0
0
0
0
0
0
0
0
0
0
0
0
0
0
0
0
0
0
0
0
0
0
0
0
0
0
0
0
0
0
0
-1.9536
0
0
0
0
0
0
0
0
0
0
0
0
0
0
0
0
-1.9329
0
0
0
0
0
0
0
0
0
0
0
0
0
0
0
0
0
0
0
0
0
0
0
0
0
0
0
0
0
0
0
0
0
0
0
0
0
0
0
0
0
0
0
0
6.6188
0
0
0
0
0
0
0
0
0
0
0
0
0
0
0
0
0
-2.7323
0
0
0
0
0
0
0
0
0
0
0
0
0
0
0
0
0
0
0
0
0
0
0
0
0
0
0
0
0
0
0
0
0
0
0
0
0
0
0
-0.83255
0
0
0
0
0
0
0
0
0
0
0
0
0
0
0
0
0
0
0
0
0
0
0
0
0
0
0
0
0
0
0
0
0
0
0
-0.90731
0
0
0
0
0
0
0
0
0
0
0
0
0
0
0
2.3141
0
0
0
0
0
0
0
0
0
0
0
0
0
0
0
0
0
0
0
0
0
0
0
0
0
0
0
0
0
0
0
-0.57421
0
0
0
0
0
0
0
0
0
0
0
0
0
0
0
0
0
0
0
0
0
0
0
-1.1334
0
0
0
0
0
0
0
0
0
0
0
0
0
0
0
0
0
0
0
0
0
0
0
0
0
0
0
0
0
0
0
0
0
0
0
0
0
0
0
0
0
0
0
0
0
0
0
0
0
0
0
0
0
3.952
-1.7184
0
0
0
0
0
0
0
0
0
0
0
0
0
0
0
0
0
0
0
0
0
0
0
0
0
0
0
0
0
0
0
0
-1.1002
0
0
0
0
0
0
0
0
0
0
0
0
0
0
0
0
0
0
0
0
0
0
0
0
0
-1.3556
0
0
0
0
0
0
0
0
0
0
0
0
0
0
0
0
0
0
0
0
0
0
-1.3364
0
0
0
0
0
0
0
0
0
0
0
0
0
0
0
0
0
0
0
0
0
0
0
0
0
-1.7184
4.4104
0
0
0
0
0
0
0
0
0
0
0
0
0
0
0
0
0
0
0
0
0
0
0
0
0
0
0
0
0
0
0
0
0
0
0
0
0
0
0
0
0
0
0
0
0
0
0
0
0
0
0
0
0
0
0
0
0
0
0
0
0
0
0
0
0
0
0
-1.4786
0
0
0
0
0
0
0
-1.4435
0
0
0
0
0
0
0
0
0
0
0
0
0
0
0
0
0
0
0
0
0
0
0
0
0
0
0
0
0
0
0
0
0
4.9152
0
0
0
0
0
0
0
0
0
0
0
0
0
0
0
0
0
0
0
0
-1.993
0
0
0
0
0
0
0
0
0
0
0
0
0
0
0
0
0
0
0
-1.1717
-1.1717
0
0
0
0
0
0
0
0
0
0
0
0
0
0
0
0
0
-1.1483
0
0
0
0
0
0
0
0
0
0
0
0
0
0
0
0
0
0
0
0
0
0
0
0
0
0
0
0
0
0
0
0
0
0
0
0
0
0
0
0
0
0
0
0
0
0
0
0
0
3.4917
0
0
0
0
0
0
0
0
0
0
0
0
0
0
0
0
0
0
0
0
0
0
0
0
0
0
0
0
0
0
0
0
0
0
0
0
0
0
0
0
0
-1.6394
0
0
0
0
0
0
0
0
0
0
0
0
0
0
0
0
0
0
0
0
0
0
0
0
0
0
0
0
0
0
0
0
0
0
0
0
0
0
-1.6241
0
0
0
0
0
0
0
0
0
0
0
0
0
0
0
0
0
0
0
0
0
0
0
0
0
0
0
0
5.425
0
0
0
0
0
0
0
0
0
0
0
0
0
0
0
0
0
0
0
0
0
0
0
0
0
0
0
0
0
0
0
-2.1615
0
0
0
0
0
0
0
0
0
0
0
0
0
0
0
0
0
-1.1126
0
0
0
0
0
0
0
0
0
0
0
0
0
0
0
0
0
0
0
0
0
0
0
0
0
0
0
0
0
0
0
0
0
0
0
0
0
0
0
0
0
0
0
-1.3234
0
0
0
0
0
0
0
0
0
0
0
0
0
0
0
4.0576
0
0
0
0
0
0
0
0
0
0
0
0
0
0
0
0
0
0
0
0
0
0
0
0
0
0
0
0
0
0
0
0
0
0
-1.6216
0
0
0
0
0
0
0
0
0
0
0
0
0
0
0
0
0
0
0
0
0
0
0
0
0
0
0
-1.2339
0
0
-1.2371
0
0
0
0
0
0
0
0
0
0
0
0
0
0
0
0
0
0
0
0
0
0
0
0
-1.1893
0
0
0
0
0
0
0
0
0
0
0
0
0
0
0
0
0
0
3.6603
0
0
0
0
0
0
0
0
0
0
0
0
0
0
0
0
0
0
0
0
0
0
0
0
0
0
0
0
0
0
0
0
0
0
0
0
0
0
0
0
0
-0.99318
0
0
0
0
0
0
0
0
0
0
0
0
0
0
0
0
0
-1.0054
0
0
0
0
0
0
0
0
0
0
0
0
0
0
0
-0.98812
0
0
0
0
0
0
0
0
0
0
0
0
0
0
0
0
0
0
0
0
0
0
0
0
0
0
0
0
0
0
0
0
0
2.9867
0
0
0
0
0
0
0
0
0
0
0
0
0
0
0
0
0
0
0
0
0
0
0
0
0
0
0
0
0
0
0
0
0
0
0
0
0
0
0
0
0
0
0
0
0
0
0
0
0
0
0
0
0
0
0
-2.2709
0
0
0
0
0
0
0
0
0
0
0
0
0
0
0
0
0
0
0
0
0
0
0
0
0
0
0
0
0
0
0
0
0
0
0
0
0
0
0
0
0
0
0
0
0
0
0
0
0
0
0
0
0
4.2313
0
0
0
0
-1.9604
0
0
0
0
0
0
0
0
0
0
0
0
0
0
0
0
0
0
0
0
0
0
0
0
0
0
0
0
0
0
0
0
0
0
0
0
0
0
0
0
0
0
0
0
0
0
0
0
0
0
0
0
0
0
0
-1.8391
0
0
0
0
0
0
0
0
0
0
0
0
0
0
0
0
0
0
0
0
0
0
0
0
0
0
0
0
0
0
0
0
0
0
0
0
0
0
0
0
0
0
0
0
0
0
0
0
2.675
0
0
0
0
-0.83591
0
0
0
0
0
0
0
0
0
0
0
0
0
0
0
0
0
0
0
0
0
0
0
0
0
0
0
0
0
0
0
0
0
0
0
0
0
0
0
-1.1752
0
0
0
0
0
0
0
0
0
0
0
0
0
0
0
-1.1762
0
0
0
0
0
0
0
0
0
0
0
0
0
0
0
0
0
0
0
0
0
0
0
0
0
0
0
0
0
0
0
0
0
0
0
0
0
0
0
0
0
0
0
0
0
0
0
0
2.3514
0
0
0
0
0
0
0
0
0
0
0
0
0
0
0
0
0
0
0
0
0
0
0
0
0
0
0
0
0
0
0
0
0
0
0
0
0
0
0
0
0
0
0
0
0
0
0
0
0
0
0
0
0
0
0
0
0
0
0
0
0
0
0
0
0
0
0
0
0
0
0
0
0
0
0
0
0
0
0
0
0
0
0
0
0
0
0
0
0
0
0
0
0
0
-2.3069
0
0
0
0
0
0
0
0
0
0
0
0
0
0
3.9975
-1.6906
0
0
0
0
0
0
0
0
0
0
0
0
0
0
0
0
0
0
0
0
0
0
0
0
0
0
0
0
0
0
0
0
0
0
0
0
0
0
0
0
0
-2.0766
0
0
0
0
0
0
0
0
0
0
0
0
0
0
0
0
0
0
0
0
0
0
0
0
0
0
0
0
0
0
0
0
0
0
0
0
0
0
0
0
0
0
0
0
0
0
0
0
0
0
0
0
0
0
0
0
0
0
0
0
0
0
0
0
0
-1.6906
3.7673
0
0
0
0
0
0
0
0
0
0
0
0
0
0
0
0
0
0
0
0
0
0
0
0
0
0
0
0
0
0
0
0
0
0
0
0
0
0
0
0
0
0
0
0
0
0
0
0
0
0
0
0
0
0
0
0
0
0
0
0
0
0
0
0
0
0
0
0
0
0
0
0
0
0
0
0
0
0
0
0
0
0
0
0
0
0
0
0
0
-2.0762
0
0
0
0
0
0
0
0
0
0
0
0
0
0
-1.9604
0
0
0
0
4.0367
0
0
0
0
0
0
0
0
0
0
0
0
0
0
0
0
0
0
0
0
0
0
0
0
0
0
0
0
0
0
0
0
0
0
0
0
0
0
0
0
0
0
0
0
0
0
0
0
0
0
0
0
0
0
0
0
0
0
0
0
0
0
0
0
0
0
0
0
0
0
0
0
0
0
0
0
0
0
0
0
0
0
0
0
0
0
0
0
0
0
-2.3934
0
0
0
0
0
0
0
0
0
0
0
0
0
-0.83591
0
0
0
0
3.2294
0
0
0
0
0
0
0
0
0
0
0
0
0
0
0
0
0
0
0
0
0
0
0
0
0
0
0
0
0
0
0
0
0
0
0
0
0
0
0
0
0
0
0
0
0
0
0
0
0
0
0
0
0
0
0
0
0
0
0
0
0
0
0
0
0
0
0
0
0
0
0
0
0
0
0
0
0
0
0
0
0
0
0
0
0
0
0
-2.2873
0
0
0
0
0
0
0
0
0
0
0
0
0
0
0
0
0
0
0
0
0
2.2873
0
0
0
0
0
0
0
0
0
0
0
0
0
0
0
0
0
0
0
0
0
0
0
0
0
0
0
0
0
0
0
0
0
0
0
0
0
0
0
0
0
0
0
0
0
0
0
0
0
0
0
0
0
0
0
0
0
0
0
0
0
0
0
0
0
0
0
0
0
0
0
0
0
0
0
0
0
0
0
0
0
0
0
0
0
0
0
0
0
0
0
-2.7323
0
0
0
0
0
0
0
0
0
0
0
0
0
0
0
0
0
2.7323
0
0
0
0
0
0
0
0
0
0
0
0
0
0
0
0
0
0
0
0
0
0
0
0
0
0
0
0
0
0
0
0
0
0
0
0
0
0
0
0
0
0
0
0
0
0
0
0
0
0
0
0
0
0
0
0
0
0
0
0
0
0
0
0
0
0
0
0
0
0
0
0
0
0
0
0
0
0
0
0
0
0
0
-0.46265
0
0
0
0
0
0
0
0
0
0
0
0
0
0
0
0
0
0
0
0
0
0
0
0
0
0.46265
0
0
0
0
0
0
0
0
0
0
0
0
0
0
0
0
0
0
0
0
0
0
0
0
0
0
0
0
0
0
0
0
0
0
0
0
0
0
0
0
0
0
0
0
0
0
0
0
0
0
0
0
0
0
0
0
0
0
0
0
0
0
0
0
0
0
0
0
0
0
0
0
0
0
0
-2.2299
0
0
0
0
0
0
0
0
0
0
0
0
0
0
0
0
0
0
0
0
0
0
0
0
0
0
0
0
0
0
0
0
0
2.2299
0
0
0
0
0
0
0
0
0
0
0
0
0
0
0
0
0
0
0
0
0
0
0
0
0
0
0
0
0
0
0
0
0
0
0
0
0
0
0
0
0
0
-4.9633
0
0
0
0
0
0
0
0
0
0
0
0
0
0
0
0
0
0
0
0
0
0
0
0
0
0
0
0
0
0
0
0
0
0
0
0
0
0
0
0
0
0
0
0
0
0
0
0
0
0
0
0
0
0
0
0
0
0
0
0
0
0
0
0
0
0
4.9633
0
0
0
0
0
0
0
0
0
0
0
0
0
0
0
0
0
0
0
0
0
0
0
0
0
0
0
0
0
0
0
0
0
0
0
0
0
0
0
0
0
0
0
0
0
0
0
0
0
0
0
0
0
0
0
0
-3.5277
0
0
0
0
0
0
0
0
0
0
0
0
0
0
0
0
0
0
0
0
0
0
0
0
0
0
0
0
0
0
0
0
0
0
0
0
0
0
0
0
0
0
0
0
0
0
0
0
0
0
0
0
3.5277
0
0
0
0
0
0
0
0
0
0
0
0
0
0
0
0
0
0
0
0
0
0
0
0
0
0
0
0
0
0
0
0
0
0
0
0
0
0
0
0
0
0
0
0
0
0
-4.2419
0
0
0
0
0
0
0
0
0
0
0
0
0
0
0
0
0
0
0
0
0
0
0
0
0
0
0
0
0
0
0
0
0
0
0
0
0
0
0
0
0
0
0
0
0
0
0
0
0
0
0
0
0
0
0
0
0
0
0
0
0
0
4.2419
0
0
0
0
0
0
0
0
0
0
0
0
0
0
0
0
0
0
0
0
0
0
0
0
0
0
0
0
0
0
0
0
0
0
0
0
0
0
0
0
0
0
0
0
0
0
0
0
0
0
0
0
0
0
0
0
0
0
0
0
0
0
0
0
0
0
0
0
0
0
0
0
0
0
0
0
0
0
0
-2.4218
0
0
0
0
0
0
0
0
0
0
0
0
0
0
0
0
0
0
0
0
0
0
0
0
0
0
0
0
0
2.4218
0
0
0
0
0
0
0
0
0
0
0
0
0
0
0
0
0
0
0
0
0
0
0
0
0
0
0
0
0
0
0
0
0
0
0
0
0
0
0
0
0
0
0
0
0
0
0
0
0
0
0
0
0
0
0
0
0
0
0
0
0
0
0
0
0
0
0
0
0
0
0
0
0
0
0
0
0
0
0
0
0
0
0
0
0
0
0
0
-1.993
0
0
0
0
0
0
0
0
0
0
0
0
0
0
0
0
0
0
0
0
1.993
0
0
0
0
0
0
0
0
0
0
0
0
0
0
0
0
0
0
0
0
0
0
0
0
0
0
0
0
0
0
0
0
0
0
0
0
0
0
0
0
0
0
-4.3994
0
0
0
0
0
0
0
0
0
0
0
0
0
0
0
0
0
0
0
0
0
0
0
0
0
0
0
0
0
0
0
0
0
0
0
0
0
0
0
0
0
0
0
0
0
0
0
0
0
0
0
0
0
0
0
0
0
0
0
0
0
0
0
0
0
0
4.3994
0
0
0
0
0
0
0
0
0
0
0
0
0
0
0
0
0
0
0
0
0
0
0
0
0
0
0
0
0
0
0
0
0
0
0
0
0
0
0
0
0
0
0
0
0
0
0
0
0
0
0
0
0
0
0
0
0
0
0
0
0
0
0
0
0
0
-2.0982
0
0
0
0
0
0
0
0
0
0
0
0
0
0
0
0
0
0
0
0
0
0
0
0
0
0
0
0
0
0
0
0
0
0
0
0
0
0
0
0
0
0
2.0982
0
0
0
0
0
0
0
0
0
0
0
0
0
0
0
0
0
0
0
0
0
0
0
0
0
0
0
-5.4697
0
0
0
0
0
0
0
0
0
0
0
0
0
0
0
0
0
0
0
0
0
0
0
0
0
0
0
0
0
0
0
0
0
0
0
0
0
0
0
0
0
0
0
0
0
0
0
0
0
0
0
0
0
0
0
0
0
0
0
0
0
0
0
0
0
0
0
0
0
0
0
0
0
0
0
0
0
0
0
0
0
5.4697
0
0
0
0
0
0
0
0
0
0
0
0
0
0
0
0
0
0
0
0
0
0
0
0
0
0
0
0
0
0
0
0
-4.8978
0
0
0
0
0
0
0
0
0
0
0
0
0
0
0
0
0
0
0
0
0
0
0
0
0
0
0
0
0
0
0
0
0
0
0
0
0
0
0
0
0
0
0
0
0
0
0
0
0
0
0
0
0
0
0
0
0
0
0
0
0
0
0
0
0
0
0
0
0
0
0
0
0
0
0
0
4.8978
0
0
0
0
0
0
0
0
0
0
0
0
0
0
0
0
0
0
0
0
0
0
0
0
0
0
0
0
0
0
0
0
0
0
0
0
0
0
0
0
0
0
0
0
0
0
0
0
0
0
0
0
0
0
0
0
0
0
0
0
0
0
0
0
0
0
0
0
0
0
0
0
0
-2.4219
0
0
0
0
0
0
0
0
0
0
0
0
0
0
0
0
0
0
0
0
0
0
0
0
0
0
0
0
0
0
0
0
0
0
0
2.4219
0
0
0
0
0
0
0
0
0
0
0
0
0
0
0
0
0
0
0
0
0
0
0
0
0
0
0
0
0
0
0
-4.9808
0
0
0
0
0
0
0
0
0
0
0
0
0
0
0
0
0
0
0
0
0
0
0
0
0
0
0
0
0
0
0
0
0
0
0
0
0
0
0
0
0
0
0
0
0
0
0
0
0
0
0
0
0
0
0
0
0
0
0
0
0
0
0
0
0
0
0
0
0
0
0
0
0
0
0
0
0
4.9808
0
0
0
0
0
0
0
0
0
0
0
0
0
0
0
0
0
0
0
0
0
0
0
0
0
0
0
0
0
0
0
0
0
0
0
0
0
0
0
-4.2279
0
0
0
0
0
0
0
0
0
0
0
0
0
0
0
0
0
0
0
0
0
0
0
0
0
0
0
0
0
0
0
0
0
0
0
0
0
0
0
0
0
0
0
0
0
0
0
0
0
0
0
0
0
0
0
0
0
0
0
0
0
0
0
0
0
0
0
0
0
4.2279
0
0
0
0
0
0
0
0
0
0
0
0
0
0
0
0
0
0
0
0
0
0
0
0
0
0
0
0
0
0
0
0
0
0
0
0
0
0
0
0
0
0
0
0
0
0
0
0
0
0
0
0
0
0
0
0
0
0
0
0
0
0
0
0
0
0
0
0
0
0
0
0
0
0
0
0
0
-0.57421
0
0
0
0
0
0
0
0
0
0
0
0
0
0
0
0
0
0
0
0
0
0
0
0
0
0
0
0
0
0
0
0.57421
0
0
0
0
0
0
0
0
0
0
0
0
0
0
0
0
0
0
0
0
0
0
0
0
0
0
0
-4.8978
0
0
0
0
0
0
0
0
0
0
0
0
0
0
0
0
0
0
0
0
0
0
0
0
0
0
0
0
0
0
0
0
0
0
0
0
0
0
0
0
0
0
0
0
0
0
0
0
0
0
0
0
0
0
0
0
0
0
0
0
0
0
0
0
0
0
0
0
0
0
0
0
0
0
0
0
0
0
0
0
0
4.8978
0
0
0
0
0
0
0
0
0
0
0
0
0
0
0
0
0
0
0
0
0
0
0
0
0
0
0
0
0
0
0
0
0
0
0
0
0
0
0
-3.7866
0
0
0
0
0
0
0
0
0
0
0
0
0
0
0
0
0
0
0
0
0
0
0
0
0
0
0
0
0
0
0
0
0
0
0
0
0
0
0
0
0
0
0
0
0
0
0
0
0
0
0
0
0
0
0
0
0
0
0
0
0
0
0
0
0
0
0
0
0
3.7866
0
0
0
0
0
0
0
0
0
0
0
0
0
0
0
0
0
0
0
0
0
0
0
0
0
0
0
0
0
0
0
0
0
0
0
0
0
0
0
0
0
0
0
0
0
0
0
0
0
0
0
0
0
0
0
0
0
0
0
0
0
0
0
0
0
0
0
0
0
0
0
0
0
0
0
-1.1002
0
0
0
0
0
0
0
0
0
0
0
0
0
0
0
0
0
0
0
0
0
0
0
0
0
0
0
0
0
0
0
0
0
1.1002
0
0
0
0
0
0
0
0
0
0
0
0
0
0
0
0
0
0
0
0
0
0
0
0
0
0
0
0
0
-4.6062
0
0
0
0
0
0
0
0
0
0
0
0
0
0
0
0
0
0
0
0
0
0
0
0
0
0
0
0
0
0
0
0
0
0
0
0
0
0
0
0
0
0
0
0
0
0
0
0
0
0
0
0
0
0
0
0
0
0
0
0
0
0
0
0
0
0
0
0
0
0
0
0
0
0
0
0
0
0
0
4.6062
0
0
0
0
0
0
0
0
0
0
0
0
0
0
0
0
0
0
0
0
0
0
0
0
0
0
0
0
0
0
0
0
0
0
0
0
0
0
0
0
0
0
0
0
0
0
0
0
0
0
0
0
0
0
0
0
0
0
0
0
0
0
0
0
0
0
0
0
0
0
0
0
0
0
0
0
0
-2.1615
0
0
0
0
0
0
0
0
0
0
0
0
0
0
0
0
0
0
0
0
0
0
0
0
0
0
0
0
0
0
0
2.1615
0
0
0
0
0
0
0
0
0
0
0
0
0
0
0
0
0
0
0
0
-5.2879
0
0
0
0
0
0
0
0
0
0
0
0
0
0
0
0
0
0
0
0
0
0
0
0
0
0
0
0
0
0
0
0
0
0
0
0
0
0
0
0
0
0
0
0
0
0
0
0
0
0
0
0
0
0
0
0
0
0
0
0
0
0
0
0
0
0
0
0
0
0
0
0
0
0
0
0
0
0
0
0
0
0
0
0
0
0
0
0
5.2879
0
0
0
0
0
0
0
0
0
0
0
0
0
0
0
0
0
0
0
0
0
0
0
0
0
0
0
0
0
0
0
0
0
0
0
0
0
0
0
0
0
0
0
0
0
-4.5153
0
0
0
0
0
0
0
0
0
0
0
0
0
0
0
0
0
0
0
0
0
0
0
0
0
0
0
0
0
0
0
0
0
0
0
0
0
0
0
0
0
0
0
0
0
0
0
0
0
0
0
0
0
0
0
0
0
0
0
0
0
0
0
4.5153
0
0
0
0
0
0
0
0
0
0
0
0
0
0
0
0
0
0
0
0
0
0
0
0
0
0
0
0
0
0
0
0
0
0
0
0
0
0
0
0
0
0
0
0
0
-3.0411
0
0
0
0
0
0
0
0
0
0
0
0
0
0
0
0
0
0
0
0
0
0
0
0
0
0
0
0
0
0
0
0
0
0
0
0
0
0
0
0
0
0
0
0
0
0
0
0
0
0
0
0
0
0
0
0
0
0
0
0
0
0
0
3.0411
0
0
0
0
0
0
0
0
0
0
0
0
0
0
0
0
0
0
0
0
0
0
0
0
0
0
0
0
0
0
0
0
0
0
0
0
0
0
0
0
0
0
0
0
0
0
0
0
0
0
0
0
0
0
0
0
0
0
0
0
0
0
0
0
0
0
0
0
0
0
0
0
0
0
-1.6216
0
0
0
0
0
0
0
0
0
0
0
0
0
0
0
0
0
0
0
0
0
0
0
0
0
0
0
0
0
0
0
0
0
0
1.6216
0
0
0
0
0
0
0
0
0
0
0
0
0
0
0
0
0
0
0
0
0
0
0
0
0
0
0
0
0
0
0
0
0
0
0
0
0
0
0
0
0
0
-4.5153
0
0
0
0
0
0
0
0
0
0
0
0
0
0
0
0
0
0
0
0
0
0
0
0
0
0
0
0
0
0
0
0
0
0
0
0
0
0
0
0
0
0
0
0
0
0
0
0
0
0
0
0
0
0
0
0
0
0
0
0
0
0
0
0
0
0
4.5153
0
0
0
0
0
0
0
0
0
0
0
0
0
0
0
0
-5.0772
0
0
0
0
0
0
0
0
0
0
0
0
0
0
0
0
0
0
0
0
0
0
0
0
0
0
0
0
0
0
0
0
0
0
0
0
0
0
0
0
0
0
0
0
0
0
0
0
0
0
0
0
0
0
0
0
0
0
0
0
0
0
0
0
0
0
0
0
0
0
0
0
0
0
0
0
0
0
0
0
0
0
0
0
0
0
0
0
0
0
0
0
5.0772
