43.5305
-0.85105
-0.85067
-0.8621
-0.85412
-0.85411
-0.84234
-0.85422
-0.85074
-0.84951
-0.82559
-0.82598
-0.87339
-0.8354
-0.83136
-0.85429
-0.85428
-0.85598
-0.85743
-0.85325
-0.85046
-0.84296
-0.8464
-0.8391
-0.8391
-0.82601
-0.84993
-0.82601
-0.8323
-0.82983
-0.85919
-0.84254
-0.84532
-0.86221
-0.84334
-0.86643
-0.88367
-0.90234
-0.91819
-0.90234
-0.86929
-1.1383
0
0
0
-1.3133
0
0
0
0
0
0
0
0
0
0
0
0
0
0
0
0
0
0
0
0
-1.9657
0
0
0
0
0
0
0
0
0
0
0
0
0
0
0
0
0
0
0
0
0
0
0
0
0
0
-5.0004
0
0
0
0
0
0
-0.85105
38.1047
-0.83793
-0.8486
-0.84493
-0.84493
-0.83233
-0.8439
-0.84089
-0.8395
-0.81533
-0.81625
-0.86439
-0.8253
-0.82197
-0.84402
-0.84401
-0.84593
-0.84784
-0.8436
-0.84111
-0.83268
-0.83715
-0.82921
-0.82922
-0.81621
-0.84047
-0.81621
-0.82283
-0.81987
-0.85125
-0.83246
-0.83518
-0.85135
-0.83366
-0.85225
-0.87352
-0.89232
-0.91054
-0.89232
-0.85395
-1.1301
0
0
-1.5551
0
0
0
0
0
0
0
-1.703
0
0
0
0
0
0
0
0
0
0
0
0
0
0
0
0
0
0
0
0
0
0
0
0
0
0
0
0
0
0
0
0
0
0
0
0
0
0
0
0
0
0
0
0
0
0
0
-0.85067
-0.83793
38.2358
-0.8484
-0.84433
-0.84432
-0.83169
-0.8407
-0.83998
-0.83895
-0.81473
-0.81525
-0.86356
-0.82473
-0.82106
-0.84357
-0.84357
-0.84541
-0.84681
-0.84282
-0.83988
-0.83256
-0.83595
-0.82848
-0.82848
-0.81549
-0.83917
-0.81549
-0.82211
-0.81914
-0.85031
-0.83174
-0.83446
-0.85356
-0.83273
-0.85661
-0.87113
-0.89145
-0.90768
-0.89144
-0.85304
-1.1313
0
0
-1.5499
0
0
0
0
0
0
0
0
0
0
0
0
0
0
-1.8653
0
0
0
0
0
0
0
0
0
0
0
0
0
0
0
0
0
0
0
0
0
0
0
0
0
0
0
0
0
0
0
0
0
0
0
0
0
0
0
0
-0.8621
-0.8486
-0.8484
41.4093
-0.85161
-0.85161
-0.83993
-0.85188
-0.84842
-0.84702
-0.82306
-0.82394
-0.86956
-0.83285
-0.82925
-0.85233
-0.85232
-0.85344
-0.85519
-0.85078
-0.84801
-0.84044
-0.84469
-0.83649
-0.8365
-0.82342
-0.84747
-0.82343
-0.83059
-0.82721
-0.85697
-0.83984
-0.84257
-0.86142
-0.84115
-0.86373
-0.88074
-0.89908
-0.91657
-0.89907
-0.86594
-1.1337
0
0
0
-1.3081
0
0
0
0
0
0
0
0
0
0
0
0
0
0
0
0
0
0
0
0
0
0
0
0
0
0
0
0
0
0
0
0
0
0
0
0
0
0
-4.9499
0
0
0
0
0
0
0
0
0
0
0
0
0
0
0
-0.85412
-0.84493
-0.84433
-0.85161
36.32
-0.84774
-0.83637
-0.84831
-0.84543
-0.84328
-0.8187
-0.81986
-0.86563
-0.82899
-0.82688
-0.84898
-0.84898
-0.84998
-0.85193
-0.84753
-0.84456
-0.8372
-0.84121
-0.83294
-0.83295
-0.81989
-0.84406
-0.81988
-0.8267
-0.82357
-0.85494
-0.83624
-0.83895
-0.85907
-0.83776
-0.86068
-0.87806
-0.8957
-0.91345
-0.8957
-0.86228
-1.1333
0
0
0
-1.3073
0
0
0
0
0
0
0
0
0
0
0
0
0
0
0
0
0
0
0
0
0
0
0
0
0
0
0
0
0
0
0
0
0
0
0
0
0
0
0
0
0
0
0
0
0
0
0
0
0
0
0
0
0
0
-0.85411
-0.84493
-0.84432
-0.85161
-0.84774
36.3199
-0.83637
-0.84832
-0.84543
-0.84327
-0.81871
-0.81985
-0.86563
-0.82898
-0.82688
-0.84898
-0.84898
-0.84998
-0.85194
-0.84753
-0.84456
-0.8372
-0.8412
-0.83294
-0.83294
-0.81989
-0.84406
-0.81989
-0.82669
-0.82356
-0.85495
-0.83625
-0.83895
-0.85907
-0.83776
-0.86067
-0.87806
-0.8957
-0.91344
-0.89569
-0.86228
-1.1333
0
0
0
-1.3073
0
0
0
0
0
0
0
0
0
0
0
0
0
0
0
0
0
0
0
0
0
0
0
0
0
0
0
0
0
0
0
0
0
0
0
0
0
0
0
0
0
0
0
0
0
0
0
0
0
0
0
0
0
0
-0.84234
-0.83233
-0.83169
-0.83993
-0.83637
-0.83637
34.1671
-0.83406
-0.83172
-0.82939
-0.80443
-0.80591
-0.85243
-0.81574
-0.81353
-0.83671
-0.8367
-0.83674
-0.8377
-0.834
-0.83078
-0.82374
-0.82708
-0.81972
-0.81972
-0.80682
-0.82968
-0.80682
-0.8141
-0.81037
-0.83989
-0.82287
-0.82555
-0.84557
-0.82375
-0.84693
-0.86401
-0.88221
-0.89881
-0.8822
-0.84966
0
0
0
0
0
0
0
0
0
0
0
0
0
0
0
0
-0.80876
0
0
0
0
0
0
0
0
0
0
0
0
0
0
0
0
0
0
0
0
0
0
0
0
0
0
0
0
0
0
0
0
0
0
0
0
0
0
0
0
0
0
-0.85422
-0.8439
-0.8407
-0.85188
-0.84831
-0.84832
-0.83406
35.6896
-0.84391
-0.84226
-0.81645
-0.81771
-0.86378
-0.82733
-0.82531
-0.84859
-0.84858
-0.84857
-0.85022
-0.84596
-0.84256
-0.83572
-0.83913
-0.83153
-0.83152
-0.81849
-0.84177
-0.81848
-0.82603
-0.82214
-0.85303
-0.8348
-0.83752
-0.85718
-0.83586
-0.85934
-0.87547
-0.89463
-0.91112
-0.89462
-0.86161
0
0
0
0
0
0
0
0
0
0
0
0
0
0
0
0
0
0
-1.867
0
0
0
0
0
0
0
0
0
0
0
0
0
0
0
0
0
0
0
0
0
0
0
0
0
0
0
0
0
0
0
0
0
0
0
0
0
0
0
0
-0.85074
-0.84089
-0.83998
-0.84842
-0.84543
-0.84543
-0.83172
-0.84391
34.9991
-0.83972
-0.81411
-0.8143
-0.85998
-0.82407
-0.82217
-0.84541
-0.84541
-0.84533
-0.84637
-0.84256
-0.83918
-0.83282
-0.83547
-0.82829
-0.82829
-0.81529
-0.83838
-0.81529
-0.82245
-0.81892
-0.84906
-0.83154
-0.83426
-0.85339
-0.83239
-0.85561
-0.87199
-0.89155
0
-0.89155
-0.85841
0
0
0
0
0
0
0
0
0
0
0
0
0
0
-0.91945
0
0
0
0
-1.2896
0
0
0
0
0
0
0
0
0
0
0
0
0
0
0
0
0
0
0
0
0
0
0
0
0
0
0
0
0
0
0
0
0
0
0
0
0
0
0
-0.84951
-0.8395
-0.83895
-0.84702
-0.84328
-0.84327
-0.82939
-0.84226
-0.83972
34.7842
-0.812
-0.81358
-0.86005
-0.82306
-0.82151
-0.84434
-0.84434
-0.84421
-0.846
-0.8417
-0.83859
-0.83138
-0.83528
-0.82714
-0.82714
-0.81415
-0.83798
-0.81415
-0.82088
-0.81776
-0.84872
-0.83038
-0.83306
-0.85316
-0.83203
-0.85531
-0.87271
-0.88985
-0.90756
-0.88984
-0.85749
-1.126
0
0
0
0
0
0
0
0
0
0
0
0
0
0
0
0
0
0
0
0
0
0
0
0
0
0
0
0
0
0
0
0
0
0
0
0
0
0
0
0
0
0
0
0
0
0
0
0
0
0
0
0
0
0
0
0
0
0
-0.82559
-0.81533
-0.81473
-0.82306
-0.8187
-0.81871
-0.80443
-0.81645
-0.81411
-0.812
32.6805
-0.78867
-0.83611
-0.7998
-0.79665
-0.81898
-0.81898
-0.81992
-0.81984
-0.81686
-0.81364
-0.80665
-0.80941
-0.80271
-0.80272
-0.79002
-0.81189
-0.79002
-0.79696
-0.7933
-0.82147
-0.80549
-0.80811
-0.82723
-0.80657
-0.82934
-0.84658
-0.86349
-0.88065
-0.86349
-0.83189
0
0
0
0
0
0
0
0
0
0
0
0
0
0
0
0
0
0
0
0
0
0
0
0
0
0
0
0
0
0
0
0
0
0
0
0
0
0
0
0
0
0
0
0
0
0
0
0
0
0
0
0
0
0
0
0
0
0
0
-0.82598
-0.81625
-0.81525
-0.82394
-0.81986
-0.81985
-0.80591
-0.81771
-0.8143
-0.81358
-0.78867
32.8885
-0.83564
-0.79997
-0.79568
-0.81852
-0.81852
-0.81988
-0.81889
-0.81668
-0.81063
-0.80626
-0.80841
-0.8025
-0.8025
-0.7898
-0.81084
-0.78979
-0.797
-0.79298
-0.82008
-0.80514
-0.80777
-0.8261
-0.80586
-0.82953
-0.8452
-0.86419
0
-0.86418
0
0
0
0
0
0
0
0
0
0
0
0
0
0
0
0
0
0
0
0
0
0
0
0
0
-1.9247
0
0
0
0
0
0
0
0
0
0
0
0
0
0
0
0
0
0
0
0
0
0
0
0
0
0
0
0
0
0
0
0
0
0
-0.87339
-0.86439
-0.86356
-0.86956
-0.86563
-0.86563
-0.85243
-0.86378
-0.85998
-0.86005
-0.83611
-0.83564
38.8997
-0.84513
-0.83948
-0.86171
-0.8617
-0.86468
-0.86504
-0.8616
-0.85878
-0.85118
-0.85463
-0.84741
-0.8474
-0.83413
-0.8576
-0.83414
-0.84089
-0.83792
-0.86553
-0.85079
-0.8536
-0.87118
-0.85136
-0.87569
0
0
0
0
0
0
0
0
0
0
0
0
0
0
0
0
0
0
0
0
0
0
0
0
0
0
0
0
0
0
-1.993
0
0
0
0
0
0
0
0
0
-2.1014
0
0
0
0
0
0
0
0
0
0
0
0
0
0
0
0
0
0
0
0
0
-4.8635
0
-0.8354
-0.8253
-0.82473
-0.83285
-0.82899
-0.82898
-0.81574
-0.82733
-0.82407
-0.82306
-0.7998
-0.79997
-0.84513
31.3348
-0.80417
-0.8262
-0.82621
-0.8305
-0.83007
-0.82722
-0.8239
-0.81657
-0.81941
-0.81242
-0.81243
-0.79954
-0.82201
-0.79954
-0.80668
-0.80276
-0.83173
-0.81515
-0.81779
-0.83755
-0.81672
-0.83947
-0.85686
-0.87427
0
-0.87427
0
0
0
0
0
0
0
0
0
0
0
0
0
0
0
0
0
0
0
0
0
0
0
0
0
0
0
0
0
0
0
0
0
0
0
0
0
0
0
0
0
0
0
0
0
0
0
0
0
0
0
0
0
0
0
0
0
0
0
0
-0.83136
-0.82197
-0.82106
-0.82925
-0.82688
-0.82688
-0.81353
-0.82531
-0.82217
-0.82151
-0.79665
-0.79568
-0.83948
-0.80417
33.5329
-0.82174
-0.82174
-0.82431
-0.8208
-0.82021
-0.81762
-0.81058
-0.8111
-0.80692
-0.80692
-0.79411
-0.81502
-0.79412
-0.80078
-0.79718
-0.82449
-0.80942
-0.8121
-0.83005
-0.8057
-0.83135
0
0
0
0
0
0
0
0
0
0
0
0
0
0
0
0
0
-1.4247
0
0
0
0
0
0
0
0
0
0
0
0
0
-1.2022
0
0
0
-2.3538
0
0
0
0
0
0
0
0
0
0
0
0
0
0
0
0
0
0
0
0
0
0
0
0
0
0
0
0
-0.85429
-0.84402
-0.84357
-0.85233
-0.84898
-0.84898
-0.83671
-0.84859
-0.84541
-0.84434
-0.81898
-0.81852
-0.86171
-0.8262
-0.82174
33.69
-0.84329
-0.84618
-0.84534
-0.84251
-0.8398
-0.83243
-0.83564
-0.82855
-0.82855
-0.81547
-0.83804
-0.81547
-0.82281
-0.81891
-0.84486
-0.83144
-0.83414
-0.85255
-0.83267
-0.85574
0
0
0
0
0
0
0
0
0
0
0
0
0
0
0
0
0
0
0
0
0
0
0
0
0
0
0
0
0
0
0
0
0
0
0
0
0
0
0
0
0
0
0
0
0
0
0
0
0
0
0
0
0
-4.3712
0
0
0
0
0
0
0
0
0
0
-0.85428
-0.84401
-0.84357
-0.85232
-0.84898
-0.84898
-0.8367
-0.84858
-0.84541
-0.84434
-0.81898
-0.81852
-0.8617
-0.82621
-0.82174
-0.84329
33.6898
-0.84618
-0.84533
-0.84251
-0.8398
-0.83242
-0.83563
-0.82855
-0.82855
-0.81546
-0.83804
-0.81546
-0.82281
-0.8189
-0.84486
-0.83144
-0.83413
-0.85255
-0.83266
-0.85573
0
0
0
0
0
0
0
0
0
0
0
0
0
0
0
0
0
0
0
0
0
0
0
0
0
0
0
0
0
0
0
0
0
0
0
0
0
0
0
0
0
0
0
0
0
0
0
0
0
0
0
0
0
0
0
-4.3712
0
0
0
0
0
0
0
0
-0.85598
-0.84593
-0.84541
-0.85344
-0.84998
-0.84998
-0.83674
-0.84857
-0.84533
-0.84421
-0.81992
-0.81988
-0.86468
-0.8305
-0.82431
-0.84618
-0.84618
29.4319
-0.85277
-0.84759
-0.84493
-0.83617
-0.8418
-0.83141
-0.83141
-0.8183
-0.84466
-0.81829
-0.82705
-0.82224
-0.85713
-0.83534
-0.83801
-0.85916
-0.83753
-0.86092
0
0
0
0
0
0
0
0
0
0
0
0
0
0
0
0
0
0
0
0
0
0
0
0
0
0
0
0
0
0
0
0
0
0
0
0
0
0
0
0
0
0
0
0
0
0
0
0
0
0
0
0
0
0
0
0
0
0
0
0
0
0
0
0
-0.85743
-0.84784
-0.84681
-0.85519
-0.85193
-0.85194
-0.8377
-0.85022
-0.84637
-0.846
-0.81984
-0.81889
-0.86504
-0.83007
-0.8208
-0.84534
-0.84533
-0.85277
30.3907
-0.84942
-0.84799
-0.8398
-0.84308
-0.8345
-0.8345
-0.82108
-0.8473
-0.82108
-0.82985
-0.8248
-0.85927
-0.83827
-0.84136
0
0
0
0
0
0
0
0
0
0
0
0
0
0
0
0
0
0
0
0
0
0
0
-1.4373
0
0
0
0
0
0
0
0
0
0
0
0
0
0
0
0
0
0
-2.0316
0
0
0
0
0
0
0
0
0
0
0
0
0
0
0
0
0
0
0
0
0
0
0
0
-0.85325
-0.8436
-0.84282
-0.85078
-0.84753
-0.84753
-0.834
-0.84596
-0.84256
-0.8417
-0.81686
-0.81668
-0.8616
-0.82722
-0.82021
-0.84251
-0.84251
-0.84759
-0.84942
29.0792
-0.84234
-0.83252
-0.8391
-0.82827
-0.82826
-0.81525
-0.84317
-0.81524
-0.82478
-0.81954
-0.85638
-0.8329
-0.83557
-0.85646
0
0
0
0
0
0
0
0
0
0
0
0
0
0
0
0
0
0
0
0
0
0
-1.4351
0
0
0
0
0
0
0
0
0
0
0
0
0
0
0
0
0
0
0
0
0
0
0
0
0
0
0
0
0
0
0
0
0
0
0
0
0
0
0
0
0
0
0
-0.85046
-0.84111
-0.83988
-0.84801
-0.84456
-0.84456
-0.83078
-0.84256
-0.83918
-0.83859
-0.81364
-0.81063
-0.85878
-0.8239
-0.81762
-0.8398
-0.8398
-0.84493
-0.84799
-0.84234
28.6013
-0.82608
-0.83693
-0.824
-0.82401
-0.81103
-0.83854
-0.81104
-0.821
-0.81569
-0.85431
-0.82939
-0.83226
0
0
0
0
0
0
0
0
0
0
0
0
0
-1.9179
0
0
0
0
0
0
0
0
0
0
0
0
0
0
0
0
0
0
0
0
0
0
0
0
0
0
0
0
0
0
0
0
0
0
0
0
0
0
0
0
0
0
0
0
0
0
0
0
0
0
0
0
0
-0.84296
-0.83268
-0.83256
-0.84044
-0.8372
-0.8372
-0.82374
-0.83572
-0.83282
-0.83138
-0.80665
-0.80626
-0.85118
-0.81657
-0.81058
-0.83243
-0.83242
-0.83617
-0.8398
-0.83252
-0.82608
27.8847
-0.82855
-0.81784
-0.81784
-0.80459
-0.83125
-0.80459
-0.81376
-0.80847
-0.84477
-0.82197
-0.82486
0
0
0
0
0
0
0
0
0
0
0
0
0
0
0
0
0
0
0
0
0
0
0
0
0
-1.4289
0
0
0
0
0
0
0
0
0
0
0
0
0
0
0
0
0
0
0
0
0
0
0
0
0
0
0
0
0
0
0
0
0
0
0
0
0
0
0
0
0
-0.8464
-0.83715
-0.83595
-0.84469
-0.84121
-0.8412
-0.82708
-0.83913
-0.83547
-0.83528
-0.80941
-0.80841
-0.85463
-0.81941
-0.8111
-0.83564
-0.83563
-0.8418
-0.84308
-0.8391
-0.83693
-0.82855
28.1477
-0.82397
-0.82397
-0.80909
-0.83649
-0.80908
-0.81747
-0.81177
0
-0.82586
0
0
0
0
0
0
0
0
0
0
0
0
0
0
0
0
0
0
0
0
0
0
0
-0.9116
0
0
0
0
0
0
0
0
0
0
0
0
0
0
0
0
0
0
0
0
0
0
0
0
-2.3311
0
0
0
0
0
0
0
0
0
0
0
0
0
0
0
0
0
0
0
-0.8391
-0.82921
-0.82848
-0.83649
-0.83294
-0.83294
-0.81972
-0.83153
-0.82829
-0.82714
-0.80271
-0.8025
-0.84741
-0.81242
-0.80692
-0.82855
-0.82855
-0.83141
-0.8345
-0.82827
-0.824
-0.81784
-0.82397
26.3238
-0.8152
-0.79944
-0.82617
-0.79944
-0.80972
-0.80322
-0.83856
-0.81719
-0.81993
0
0
0
0
0
0
0
0
0
0
0
0
0
0
0
0
0
0
0
0
0
0
0
0
0
0
0
0
0
0
0
0
0
0
0
0
0
0
0
0
0
0
0
0
0
0
0
0
0
0
0
0
0
0
0
0
0
0
0
0
0
0
0
0
0
0
0
-0.8391
-0.82922
-0.82848
-0.8365
-0.83295
-0.83294
-0.81972
-0.83152
-0.82829
-0.82714
-0.80272
-0.8025
-0.8474
-0.81243
-0.80692
-0.82855
-0.82855
-0.83141
-0.8345
-0.82826
-0.82401
-0.81784
-0.82397
-0.8152
26.3238
-0.79944
-0.82617
-0.79944
-0.80972
-0.80322
-0.83857
-0.8172
-0.81993
0
0
0
0
0
0
0
0
0
0
0
0
0
0
0
0
0
0
0
0
0
0
0
0
0
0
0
0
0
0
0
0
0
0
0
0
0
0
0
0
0
0
0
0
0
0
0
0
0
0
0
0
0
0
0
0
0
0
0
0
0
0
0
0
0
0
0
-0.82601
-0.81621
-0.81549
-0.82342
-0.81989
-0.81989
-0.80682
-0.81849
-0.81529
-0.81415
-0.79002
-0.7898
-0.83413
-0.79954
-0.79411
-0.81547
-0.81546
-0.8183
-0.82108
-0.81525
-0.81103
-0.80459
-0.80909
-0.79944
-0.79944
25.0891
-0.8113
-0.7786
-0.79046
-0.78862
-0.82548
-0.8022
0
0
0
0
0
0
0
0
0
0
0
0
0
0
0
0
0
0
0
0
0
0
0
0
0
0
0
0
0
0
0
0
0
0
0
0
0
0
0
0
0
0
0
0
0
0
0
0
0
0
0
0
0
0
0
0
0
0
0
0
0
0
0
0
0
0
0
0
-0.84993
-0.84047
-0.83917
-0.84747
-0.84406
-0.84406
-0.82968
-0.84177
-0.83838
-0.83798
-0.81189
-0.81084
-0.8576
-0.82201
-0.81502
-0.83804
-0.83804
-0.84466
-0.8473
-0.84317
-0.83854
-0.83125
-0.83649
-0.82617
-0.82617
-0.8113
28.3378
-0.81131
-0.81804
-0.81128
0
0
0
0
0
0
0
0
0
0
0
0
0
0
0
0
0
0
0
0
0
0
0
0
0
0
0
0
0
0
0
0
0
0
-1.6397
0
0
0
0
0
0
0
0
0
0
0
0
0
0
-2.5461
0
0
0
0
0
0
0
0
0
0
0
0
0
0
0
0
0
0
0
0
-0.82601
-0.81621
-0.81549
-0.82343
-0.81988
-0.81989
-0.80682
-0.81848
-0.81529
-0.81415
-0.79002
-0.78979
-0.83414
-0.79954
-0.79412
-0.81547
-0.81546
-0.81829
-0.82108
-0.81524
-0.81104
-0.80459
-0.80908
-0.79944
-0.79944
-0.7786
-0.81131
25.0891
-0.79047
-0.78862
-0.82549
-0.8022
0
0
0
0
0
0
0
0
0
0
0
0
0
0
0
0
0
0
0
0
0
0
0
0
0
0
0
0
0
0
0
0
0
0
0
0
0
0
0
0
0
0
0
0
0
0
0
0
0
0
0
0
0
0
0
0
0
0
0
0
0
0
0
0
0
0
0
0
-0.8323
-0.82283
-0.82211
-0.83059
-0.8267
-0.82669
-0.8141
-0.82603
-0.82245
-0.82088
-0.79696
-0.797
-0.84089
-0.80668
-0.80078
-0.82281
-0.82281
-0.82705
-0.82985
-0.82478
-0.821
-0.81376
-0.81747
-0.80972
-0.80972
-0.79046
-0.81804
-0.79047
25.677
-0.79182
0
0
0
0
0
0
0
0
0
0
0
0
0
0
0
0
0
0
0
0
0
0
0
0
0
0
0
0
0
0
0
0
0
0
0
0
0
0
0
-2.0003
0
0
0
0
0
0
0
0
0
0
0
0
0
0
0
0
0
0
0
0
0
0
0
0
0
0
0
0
0
0
-0.82983
-0.81987
-0.81914
-0.82721
-0.82357
-0.82356
-0.81037
-0.82214
-0.81892
-0.81776
-0.7933
-0.79298
-0.83792
-0.80276
-0.79718
-0.81891
-0.8189
-0.82224
-0.8248
-0.81954
-0.81569
-0.80847
-0.81177
-0.80322
-0.80322
-0.78862
-0.81128
-0.78862
-0.79182
23.5636
0
0
0
0
0
0
0
0
0
0
0
0
0
0
0
0
0
0
0
0
0
0
0
0
0
0
0
0
0
0
0
0
0
0
0
0
0
0
0
0
0
0
0
0
0
0
0
0
0
0
0
0
0
0
0
0
0
0
0
0
0
0
0
0
0
0
0
0
0
0
-0.85919
-0.85125
-0.85031
-0.85697
-0.85494
-0.85495
-0.83989
-0.85303
-0.84906
-0.84872
-0.82147
-0.82008
-0.86553
-0.83173
-0.82449
-0.84486
-0.84486
-0.85713
-0.85927
-0.85638
-0.85431
-0.84477
0
-0.83856
-0.83857
-0.82548
0
-0.82549
0
0
28.454
0
0
0
0
0
0
0
0
0
0
0
0
0
0
0
0
0
0
0
0
0
0
0
0
0
0
0
0
0
0
0
0
0
0
0
0
0
0
0
0
0
-2.6041
0
0
0
0
0
0
0
0
0
0
-3.8787
0
0
0
0
0
0
0
0
0
0
0
0
0
0
0
0
-0.84254
-0.83246
-0.83174
-0.83984
-0.83624
-0.83625
-0.82287
-0.8348
-0.83154
-0.83038
-0.80549
-0.80514
-0.85079
-0.81515
-0.80942
-0.83144
-0.83144
-0.83534
-0.83827
-0.8329
-0.82939
-0.82197
-0.82586
-0.81719
-0.8172
-0.8022
0
-0.8022
0
0
0
22.31
0
0
0
0
0
0
0
0
0
0
0
0
0
0
0
0
0
0
0
0
0
0
0
0
0
0
0
0
0
0
0
0
0
0
0
0
0
0
0
0
0
0
0
0
0
0
0
0
0
0
0
0
0
0
0
0
0
0
0
0
0
0
0
0
0
0
0
0
-0.84532
-0.83518
-0.83446
-0.84257
-0.83895
-0.83895
-0.82555
-0.83752
-0.83426
-0.83306
-0.80811
-0.80777
-0.8536
-0.81779
-0.8121
-0.83414
-0.83413
-0.83801
-0.84136
-0.83557
-0.83226
-0.82486
0
-0.81993
-0.81993
0
0
0
0
0
0
0
19.9454
0
0
0
0
0
0
0
0
0
0
0
0
0
0
0
0
0
0
0
0
0
0
0
0
0
0
0
0
0
0
0
0
0
0
0
0
0
0
0
0
0
0
0
0
0
0
0
0
0
0
0
0
0
0
0
0
0
0
0
0
0
0
0
0
0
0
0
-0.86221
-0.85135
-0.85356
-0.86142
-0.85907
-0.85907
-0.84557
-0.85718
-0.85339
-0.85316
-0.82723
-0.8261
-0.87118
-0.83755
-0.83005
-0.85255
-0.85255
-0.85916
0
-0.85646
0
0
0
0
0
0
0
0
0
0
0
0
0
21.3602
0
0
0
0
0
0
0
0
-1.6448
0
0
0
0
0
0
0
0
0
0
0
0
0
0
-0.82662
0
0
0
0
0
0
0
0
0
0
0
0
0
0
0
0
0
0
0
-2.72
0
0
0
0
0
0
0
0
0
0
0
0
0
0
0
0
0
0
0
0
0
0
-0.84334
-0.83366
-0.83273
-0.84115
-0.83776
-0.83776
-0.82375
-0.83586
-0.83239
-0.83203
-0.80657
-0.80586
-0.85136
-0.81672
-0.8057
-0.83267
-0.83266
-0.83753
0
0
0
0
0
0
0
0
0
0
0
0
0
0
0
0
17.5214
0
0
0
0
0
0
0
0
0
0
0
0
0
0
0
0
0
0
-1.3853
0
0
0
0
0
0
0
0
0
0
0
0
0
-1.1966
0
0
0
0
0
0
0
0
0
0
0
0
0
0
0
0
0
0
0
0
0
0
0
0
0
0
0
0
0
0
0
0
-0.86643
-0.85225
-0.85661
-0.86373
-0.86068
-0.86067
-0.84693
-0.85934
-0.85561
-0.85531
-0.82934
-0.82953
-0.87569
-0.83947
-0.83135
-0.85574
-0.85573
-0.86092
0
0
0
0
0
0
0
0
0
0
0
0
0
0
0
0
0
18.6982
0
0
0
0
0
0
0
-1.7228
0
0
0
0
0
0
0
0
-1.6201
0
0
0
0
0
0
0
0
0
0
0
0
0
0
0
0
0
0
0
0
0
0
0
0
0
0
0
0
0
0
0
0
0
0
0
0
0
0
0
0
0
0
0
0
0
0
0
-0.88367
-0.87352
-0.87113
-0.88074
-0.87806
-0.87806
-0.86401
-0.87547
-0.87199
-0.87271
-0.84658
-0.8452
0
-0.85686
0
0
0
0
0
0
0
0
0
0
0
0
0
0
0
0
0
0
0
0
0
0
14.3062
0
0
0
0
0
0
0
0
0
0
0
0
-1.5207
0
0
0
0
0
0
0
0
0
0
0
-1.4875
0
0
0
0
0
0
0
0
0
0
0
0
0
0
0
0
0
0
0
0
0
0
0
0
0
0
0
0
0
0
0
0
0
0
0
0
0
0
-0.90234
-0.89232
-0.89145
-0.89908
-0.8957
-0.8957
-0.88221
-0.89463
-0.89155
-0.88985
-0.86349
-0.86419
0
-0.87427
0
0
0
0
0
0
0
0
0
0
0
0
0
0
0
0
0
0
0
0
0
0
0
11.5368
0
0
0
0
0
0
0
0
0
0
0
0
0
0
0
0
0
0
0
0
0
0
0
0
0
0
0
0
0
0
0
0
0
0
0
0
0
0
0
0
0
0
0
0
0
0
0
0
0
0
0
0
0
0
0
0
0
0
0
0
0
0
-0.91819
-0.91054
-0.90768
-0.91657
-0.91345
-0.91344
-0.89881
-0.91112
0
-0.90756
-0.88065
0
0
0
0
0
0
0
0
0
0
0
0
0
0
0
0
0
0
0
0
0
0
0
0
0
0
0
13.3712
0
0
0
0
0
0
0
0
0
0
0
0
0
0
-1.4156
0
0
0
0
0
0
-1.3532
0
0
0
0
0
0
0
-1.5245
0
0
0
0
0
0
0
0
0
0
0
0
0
0
0
0
0
0
0
0
0
0
0
0
0
0
0
0
0
0
0
-0.90234
-0.89232
-0.89144
-0.89907
-0.8957
-0.89569
-0.8822
-0.89462
-0.89155
-0.88984
-0.86349
-0.86418
0
-0.87427
0
0
0
0
0
0
0
0
0
0
0
0
0
0
0
0
0
0
0
0
0
0
0
0
0
11.5367
0
0
0
0
0
0
0
0
0
0
0
0
0
0
0
0
0
0
0
0
0
0
0
0
0
0
0
0
0
0
0
0
0
0
0
0
0
0
0
0
0
0
0
0
0
0
0
0
0
0
0
0
0
0
0
0
0
0
0
0
-0.86929
-0.85395
-0.85304
-0.86594
-0.86228
-0.86228
-0.84966
-0.86161
-0.85841
-0.85749
-0.83189
0
0
0
0
0
0
0
0
0
0
0
0
0
0
0
0
0
0
0
0
0
0
0
0
0
0
0
0
0
10.8367
0
0
0
-1.4108
0
0
0
0
0
0
0
0
0
0
0
0
0
0
0
0
0
0
0
0
0
0
0
0
0
0
0
0
0
0
0
0
0
0
0
0
0
0
0
0
0
0
0
0
0
0
0
0
0
0
0
0
0
0
0
-1.1383
-1.1301
-1.1313
-1.1337
-1.1333
-1.1333
0
0
0
-1.126
0
0
0
0
0
0
0
0
0
0
0
0
0
0
0
0
0
0
0
0
0
0
0
0
0
0
0
0
0
0
0
17.0217
0
0
0
0
0
0
0
0
0
0
0
0
0
0
0
0
0
0
0
0
0
0
0
0
0
0
0
-1.9589
0
0
0
0
0
0
0
0
0
0
0
0
0
0
0
0
0
-3.5684
0
0
0
0
0
0
0
0
0
-3.5684
0
0
0
0
0
0
0
0
0
0
0
0
0
0
0
0
0
0
0
0
0
0
0
0
0
0
0
0
0
0
0
0
0
0
0
-1.6448
0
0
0
0
0
0
0
0
10.5814
0
0
0
0
0
0
0
0
0
0
0
0
0
0
0
0
0
0
0
-2.0019
0
0
0
-2.0127
0
0
0
0
0
0
0
0
0
0
0
-2.1766
0
0
0
0
0
0
-2.7454
0
0
0
0
0
0
0
0
0
0
0
0
0
0
0
0
0
0
0
0
0
0
0
0
0
0
0
0
0
0
0
0
0
0
0
0
0
0
0
0
0
0
0
0
0
0
0
0
0
-1.7228
0
0
0
0
0
0
0
9.8118
0
0
0
0
0
0
0
-1.7833
0
0
0
0
-1.5263
0
0
0
0
0
-1.9054
0
0
0
0
0
0
0
0
0
0
0
0
0
0
0
0
0
0
0
0
0
0
0
0
0
-2.8739
0
0
0
0
0
0
0
0
0
0
0
0
-1.5551
-1.5499
0
0
0
0
0
0
0
0
0
0
0
0
0
0
0
0
0
0
0
0
0
0
0
0
0
0
0
0
0
0
0
0
0
0
0
0
0
-1.4108
0
0
0
9.6363
0
0
0
0
0
0
0
0
0
-1.9776
0
0
0
0
0
0
0
0
0
0
0
0
0
0
0
0
0
0
0
0
0
0
0
0
0
0
0
0
0
0
0
0
0
0
0
0
0
0
0
0
0
-3.1429
0
0
0
-1.3133
0
0
-1.3081
-1.3073
-1.3073
0
0
0
0
0
0
0
0
0
0
0
0
0
0
0
0
0
0
0
0
0
0
0
0
0
0
0
0
0
0
0
0
0
0
0
0
0
0
0
6.757
0
0
0
0
0
-1.521
0
0
0
0
0
0
0
0
0
0
0
0
0
0
0
0
0
0
0
0
0
0
0
0
0
0
0
0
0
0
0
0
0
0
0
0
0
0
0
0
0
0
0
0
0
0
0
0
0
0
0
0
0
0
0
0
0
0
0
0
0
0
0
0
0
0
0
0
-1.9179
0
0
0
0
0
0
0
0
0
0
0
0
0
0
0
0
0
0
0
0
0
0
0
0
0
9.0699
0
0
0
-2.1569
0
0
0
0
0
0
0
0
0
0
0
0
0
0
-2.009
0
0
0
0
0
0
0
0
0
0
0
0
0
0
0
0
0
0
0
0
0
0
0
0
0
0
-2.9861
0
0
0
0
0
0
0
0
0
0
0
0
0
0
0
0
0
0
0
0
0
0
0
0
0
0
0
0
0
0
0
0
0
0
0
0
0
0
0
0
0
0
0
0
0
0
0
0
0
0
0
0
0
0
8.2121
0
-1.8827
0
0
0
0
0
0
0
0
0
0
0
0
0
0
0
-1.9619
0
0
0
-1.9957
0
0
0
0
0
0
0
0
-2.3719
0
0
0
0
0
0
0
0
0
0
0
0
0
0
0
0
0
0
0
0
0
0
0
0
0
0
0
0
0
0
0
0
0
0
0
0
0
0
0
0
0
0
0
0
0
0
0
0
0
0
0
0
0
0
0
0
0
0
0
0
0
0
0
0
0
0
0
0
0
6.2857
0
0
0
0
0
0
0
0
0
-1.6491
0
-1.6896
0
0
0
0
0
0
0
-1.5439
0
0
0
0
0
0
0
0
0
0
0
0
-1.4031
0
0
0
0
0
0
0
0
0
0
0
0
0
0
0
0
0
0
0
0
0
0
0
0
0
0
0
0
0
0
0
0
0
0
0
0
0
0
0
0
0
0
0
0
0
0
0
0
0
0
0
0
0
0
-1.5207
0
0
0
0
0
0
0
0
0
0
-1.8827
0
7.7733
0
0
0
0
0
0
0
0
0
0
0
0
0
0
0
0
0
0
0
0
0
0
0
0
0
0
-1.8943
0
0
0
0
0
0
0
0
0
0
0
0
0
0
0
0
0
0
-2.4756
0
0
0
0
0
0
0
0
0
0
0
0
0
0
0
0
0
0
0
0
0
0
0
0
0
0
0
0
0
0
0
0
0
0
0
0
0
0
0
0
0
0
0
0
0
0
0
0
0
0
-2.1569
0
0
0
8.1553
0
0
0
-2.1743
0
0
0
0
0
0
0
0
-2.15
-1.6741
0
0
0
0
0
0
0
0
0
0
0
0
0
0
0
0
0
0
0
0
0
0
0
0
0
0
0
0
0
0
0
0
0
0
0
0
0
0
0
0
0
0
0
0
0
0
0
0
0
0
0
0
0
0
0
0
0
0
0
0
0
0
0
0
0
0
0
0
0
0
0
0
0
0
0
0
0
0
-1.7833
0
-1.521
0
0
0
0
0
7.3219
0
0
-1.8926
0
0
0
0
0
0
0
0
0
0
0
0
0
0
0
0
-2.125
0
0
0
0
0
0
0
0
0
0
0
0
0
0
0
0
0
0
0
0
0
0
0
0
0
0
0
0
0
-1.703
0
0
0
0
0
0
0
0
0
0
0
0
0
0
0
0
0
0
0
0
0
0
0
0
0
0
0
0
0
0
0
0
0
-1.6201
0
0
0
0
0
0
0
0
0
0
0
0
0
0
0
0
7.7112
0
0
0
0
0
-1.9257
0
0
0
0
0
0
0
0
0
0
0
0
0
0
0
-2.4624
0
0
0
0
0
0
0
0
0
0
0
0
0
0
0
0
0
0
0
0
0
0
0
0
0
0
0
0
0
0
0
0
0
0
0
0
0
0
0
-1.4247
0
0
0
0
0
0
0
0
0
0
0
0
0
0
0
0
0
0
0
-1.3853
0
0
0
-1.4156
0
0
0
0
0
0
0
0
0
0
0
0
0
0
6.2543
0
0
0
0
0
0
0
0
0
0
0
0
0
0
0
0
0
0
0
-2.0288
0
0
0
0
0
0
0
0
0
0
0
0
0
0
0
0
0
0
0
0
0
0
0
0
0
0
0
0
0
0
0
0
0
0
0
0
0
0
0
0
0
0
0
0
0
0
0
0
0
0
0
0
0
0
0
0
0
0
0
0
0
0
0
0
0
0
0
0
0
0
-1.9776
0
0
0
0
0
-2.1743
-1.8926
0
0
8.9594
0
0
0
0
0
0
0
0
0
0
0
0
0
0
0
0
0
0
0
0
0
0
0
0
0
0
0
0
0
0
0
0
0
0
0
-2.915
0
0
0
0
0
0
0
0
0
0
0
0
0
0
0
0
0
-0.91945
0
0
0
0
0
0
0
0
0
0
0
0
0
-0.9116
0
0
0
0
0
0
0
0
0
0
0
0
0
0
0
0
0
0
0
0
0
0
0
0
0
0
0
0
0
0
0
0
3.8469
0
0
0
0
0
0
0
0
0
0
0
0
0
0
0
0
0
0
0
0
0
0
0
0
0
0
0
0
0
0
0
0
0
0
0
0
0
0
0
0
0
0
0
-2.0158
0
0
0
0
0
0
0
0
0
0
0
0
0
0
0
0
0
0
-1.4373
-1.4351
0
0
0
0
0
0
0
0
0
0
0
0
0
0
0
0
0
0
0
0
0
0
0
-1.5263
0
0
0
0
0
0
0
0
0
0
0
0
4.3988
0
0
0
0
0
0
0
0
0
0
0
0
0
0
0
0
0
0
0
0
0
0
0
0
0
0
0
0
0
0
0
0
0
0
0
0
0
0
0
0
0
0
0
0
0
0
0
0
0
-0.80876
0
0
0
0
0
0
0
0
0
0
0
0
0
0
0
0
0
0
0
0
0
0
0
0
0
0
-0.82662
0
0
0
0
0
0
0
0
0
0
0
0
0
0
0
0
0
0
0
0
0
0
0
2.4416
0
0
0
0
0
0
0
0
0
0
0
0
0
0
0
0
0
0
0
0
0
0
0
0
0
0
0
0
0
0
0
0
0
0
0
0
-0.80618
0
0
0
0
0
0
0
0
0
0
0
0
0
0
0
0
0
0
0
0
0
0
0
0
0
0
-1.4289
0
0
0
0
0
0
0
0
0
0
0
0
0
0
0
0
0
0
0
0
0
0
0
0
0
0
-1.6491
0
0
0
-1.9257
0
0
0
0
0
5.0036
0
0
0
0
0
0
0
0
0
0
0
0
0
0
0
0
0
0
0
0
0
0
0
0
0
0
0
0
0
0
0
0
0
0
0
0
0
0
0
0
0
0
0
-1.8653
0
0
0
0
-1.867
0
0
0
0
0
0
0
0
0
0
0
0
0
0
0
0
0
0
0
0
0
0
0
0
0
0
0
0
0
0
0
0
0
0
0
0
0
0
0
0
0
0
0
0
0
0
0
0
0
0
0
6.3127
0
0
0
0
0
0
0
0
0
0
0
0
0
0
0
0
0
0
0
0
0
0
0
0
0
0
-2.5805
0
0
0
0
0
0
0
0
0
0
0
0
0
0
0
0
0
0
0
0
0
-1.2896
0
0
0
0
0
0
0
0
0
0
0
0
0
0
0
0
0
0
0
0
0
0
0
0
0
0
0
0
0
-1.3532
0
0
0
0
0
0
0
0
0
-1.6896
0
0
0
0
0
0
0
0
0
0
0
4.3323
0
0
0
0
0
0
0
0
0
0
0
0
0
0
0
0
0
0
0
0
0
0
0
0
0
0
0
0
0
0
0
0
0
0
0
0
0
0
0
0
0
0
0
0
0
0
0
0
0
0
0
0
0
0
0
0
0
0
0
0
0
0
0
0
0
0
0
0
0
0
0
0
0
0
0
-1.4875
0
0
0
0
0
0
0
0
0
0
0
0
0
0
0
0
0
0
0
0
0
0
0
0
5.7912
0
0
0
0
0
0
0
0
-2.109
0
0
0
0
-2.1947
0
0
0
0
0
0
0
0
0
0
0
0
0
0
0
0
0
0
0
0
0
0
0
0
0
0
0
0
0
0
0
0
0
0
0
0
0
0
0
0
0
0
0
0
0
0
0
0
0
0
0
0
0
0
0
0
0
0
0
0
0
0
0
0
0
0
-2.0019
-1.9054
0
0
0
0
0
0
0
0
0
0
0
0
0
0
0
0
0
0
5.8945
0
0
0
0
0
0
0
0
0
0
0
0
0
0
0
0
0
-1.9871
0
0
0
0
0
0
0
0
0
0
0
0
0
0
0
0
0
0
0
0
0
0
0
0
0
0
0
0
0
0
0
0
0
0
0
0
0
0
0
0
0
0
0
0
0
0
0
0
0
0
0
0
0
0
0
0
0
0
0
0
0
0
0
0
0
0
0
0
0
-2.15
0
0
0
0
0
0
0
0
0
0
0
0
6.3233
0
0
0
0
0
0
0
0
-2.0795
0
0
0
0
0
0
-2.0938
0
0
0
0
0
0
0
0
0
0
0
0
0
0
0
0
0
0
0
0
0
0
0
0
0
0
0
0
0
0
0
0
0
0
0
0
0
0
0
0
0
0
0
0
0
0
-1.6397
0
0
0
0
0
0
0
0
0
0
0
0
0
0
0
0
0
0
0
0
0
0
0
-1.6741
0
0
0
0
0
0
0
0
0
0
0
0
0
5.3755
0
0
0
-2.0618
0
0
0
0
0
0
0
0
0
0
0
0
0
0
0
0
0
0
0
0
0
0
0
0
0
0
0
0
0
0
0
0
0
0
0
0
0
0
0
0
0
0
-1.9247
0
0
0
0
0
0
0
0
0
0
0
0
0
0
0
0
0
0
0
0
0
0
0
0
0
0
0
0
0
0
0
0
0
0
-2.009
-1.9619
0
0
0
0
0
0
0
0
0
0
0
0
0
0
0
0
0
5.8956
0
0
0
0
0
0
0
0
0
0
0
0
0
0
0
0
0
0
0
0
0
0
0
0
0
0
0
0
0
0
0
0
0
0
-1.9657
0
0
0
0
0
0
0
0
0
0
0
-1.993
0
0
0
0
0
0
0
0
0
0
0
0
0
0
0
0
0
0
0
0
0
0
0
0
0
0
0
0
0
-2.0127
0
0
0
0
0
0
0
0
0
0
0
0
0
0
0
0
0
0
0
0
0
0
0
5.9714
0
0
0
0
0
0
0
0
0
0
0
0
0
0
0
0
0
0
0
0
0
0
0
0
0
0
0
0
0
0
0
0
0
0
0
0
0
0
0
0
0
0
0
0
0
0
0
-1.2022
0
0
0
0
0
0
0
0
0
0
0
0
0
0
0
0
0
0
0
-1.1966
0
0
0
0
0
0
0
0
0
0
0
0
0
0
0
0
0
0
0
0
0
0
0
0
0
0
0
0
0
0
0
0
2.8534
0
0
0
0
0
0
0
0
0
0
0
0
0
0
-0.45458
0
0
0
0
0
0
0
0
0
0
0
0
0
0
0
0
0
0
0
0
0
0
0
0
0
0
0
0
0
0
0
0
0
0
0
0
0
0
0
0
0
0
0
0
0
0
0
0
0
0
0
0
0
0
0
-1.5245
0
0
0
0
0
0
0
0
0
-1.5439
0
0
0
0
0
0
0
0
0
0
0
0
0
0
0
-2.0618
0
0
0
5.1302
0
0
0
0
0
0
0
0
0
0
0
0
0
0
0
0
0
0
0
0
0
0
0
0
0
0
0
0
0
0
0
0
0
0
0
0
0
0
0
0
0
0
0
0
0
0
0
0
0
0
0
0
0
0
0
0
0
0
0
-2.0003
0
0
0
0
0
0
0
0
0
0
0
0
-1.9589
0
0
0
0
0
-1.9957
0
0
0
0
0
0
0
0
0
0
0
0
0
0
0
0
0
0
0
0
0
5.9549
0
0
0
0
0
0
0
0
0
0
0
0
0
0
0
0
0
0
0
0
0
0
0
0
0
0
0
0
0
0
0
0
0
0
0
0
0
0
0
0
0
0
0
0
0
0
0
0
0
0
0
0
0
0
0
0
0
0
0
0
0
0
0
0
0
0
0
0
0
0
0
0
0
0
0
0
0
0
0
0
0
0
0
0
0
0
0
0
0
0
0
-2.109
0
0
0
0
0
0
0
0
4.4564
0
0
-2.3474
0
0
0
0
0
0
0
0
0
0
0
0
0
0
0
0
0
0
0
0
0
0
0
0
0
0
0
0
0
0
0
0
0
0
0
0
0
0
0
0
-2.3538
0
0
0
0
0
0
0
0
0
0
0
0
0
0
0
0
0
0
0
0
0
0
0
0
0
0
0
0
0
0
0
0
0
0
0
0
-2.125
0
0
0
0
0
0
0
0
0
0
0
0
0
0
0
0
0
0
0
4.4788
0
0
0
0
0
0
0
0
0
0
0
0
0
0
0
0
0
0
0
0
0
0
0
0
0
0
0
0
0
0
0
0
0
0
0
0
0
0
0
0
0
0
0
0
0
0
0
0
0
0
0
0
0
0
0
0
0
0
-2.6041
0
0
0
0
0
0
0
0
0
0
0
0
0
0
0
0
0
0
0
0
0
0
0
0
0
0
0
0
0
0
0
0
-2.0795
0
0
0
0
0
0
0
0
4.6836
0
0
0
0
0
0
0
0
0
0
0
0
0
0
0
0
0
0
0
0
0
0
0
0
0
0
0
0
0
0
0
0
0
0
0
0
0
0
0
0
0
0
0
0
0
0
0
0
0
0
0
0
0
0
0
0
0
0
0
0
0
0
0
0
0
0
0
0
0
0
0
0
0
0
0
0
0
0
0
0
-2.0288
0
0
0
0
0
0
0
0
0
0
0
0
0
0
0
0
-2.3474
0
0
4.3762
0
0
0
0
0
0
0
0
0
0
0
0
0
0
0
0
0
0
0
0
0
0
0
0
0
0
0
0
0
0
0
0
0
0
0
0
0
0
0
0
0
0
0
0
0
0
0
0
0
0
0
0
0
0
0
0
0
0
0
0
0
0
0
0
0
0
0
0
0
0
0
0
0
0
0
0
0
0
-2.4624
0
0
0
0
0
0
0
0
0
0
0
0
0
0
0
0
0
0
0
0
0
4.9388
0
0
-2.4763
0
0
0
0
0
0
0
0
0
0
0
0
0
0
0
0
0
0
0
0
0
0
0
0
0
0
0
0
0
0
0
0
0
0
0
0
0
0
0
0
-2.0316
0
0
0
0
0
0
0
0
0
0
0
0
0
0
0
0
0
0
0
0
0
0
0
0
0
0
0
0
0
0
0
0
0
0
0
0
0
0
0
0
0
0
-2.1947
0
0
0
0
0
0
0
0
0
0
0
0
0
4.2263
0
0
0
0
0
0
0
0
0
0
0
0
0
0
0
0
0
0
0
0
0
0
0
0
0
0
0
0
0
0
0
0
0
0
0
0
-2.1014
0
0
0
0
0
0
0
0
0
0
0
0
0
0
0
0
0
0
0
0
0
0
0
0
0
0
0
0
0
0
0
0
0
0
0
0
-1.8943
0
0
0
0
0
0
0
0
0
0
0
0
0
0
0
0
0
0
0
0
0
0
0
0
0
0
3.9957
0
0
0
0
0
0
0
0
0
0
0
0
0
0
0
0
0
0
0
0
0
0
0
0
0
0
0
0
0
0
0
0
0
0
0
0
0
0
0
0
0
0
0
0
0
0
0
0
0
0
0
0
0
0
0
0
-2.72
0
0
0
0
0
0
0
0
0
0
0
0
0
0
0
0
0
0
0
0
0
0
0
0
0
0
0
0
0
0
0
0
0
0
0
0
0
0
0
0
-2.4763
0
0
5.1964
0
0
0
0
0
0
0
0
0
0
0
0
0
0
0
0
0
0
0
0
0
0
0
0
0
0
0
0
0
0
0
0
0
0
0
0
0
0
0
0
0
0
0
0
0
0
0
0
0
0
0
0
0
0
0
0
0
0
0
0
0
0
0
0
-2.1766
0
0
0
0
-2.3719
0
0
0
0
0
0
0
0
0
0
0
0
0
0
0
0
0
0
0
0
0
0
0
0
0
0
0
0
0
0
4.5485
0
0
0
0
0
0
0
0
0
0
0
0
0
0
0
0
0
0
0
0
0
0
0
0
0
0
0
0
0
0
0
0
0
0
0
0
0
0
0
0
0
0
0
0
0
0
0
-2.5461
0
0
0
0
0
0
0
0
0
0
0
0
0
0
0
0
0
0
0
0
0
0
0
0
0
0
0
0
0
0
0
0
0
0
0
0
-2.0938
0
0
0
0
0
0
0
0
0
0
0
0
0
0
0
4.6399
0
0
0
0
0
0
0
0
0
0
0
0
0
0
0
0
0
0
0
0
0
0
0
0
0
0
0
0
0
0
0
0
0
0
0
0
0
0
0
0
0
0
-2.3311
0
0
0
0
0
0
0
0
0
0
0
0
0
0
0
0
0
0
0
0
0
0
0
0
0
0
0
0
0
0
0
0
0
0
0
0
0
0
0
-1.9871
0
0
0
0
0
0
0
0
0
0
0
0
0
0
0
0
0
4.3182
0
0
0
0
0
0
0
0
0
0
0
0
0
0
0
0
0
0
0
0
0
0
0
0
0
0
0
0
0
0
0
0
0
0
0
0
0
0
0
0
0
0
0
0
0
0
0
0
0
0
0
0
0
0
0
0
0
0
0
0
0
0
0
0
0
0
0
-1.4031
0
0
0
0
0
0
0
0
0
0
0
0
0
0
0
0
0
0
0
0
0
0
0
0
0
0
0
0
0
0
0
0
1.4031
0
0
0
0
0
0
0
0
0
0
0
0
0
0
0
0
0
0
0
0
0
0
0
0
0
0
0
0
0
0
0
0
0
0
0
0
0
0
0
0
0
0
0
0
0
0
0
0
0
0
0
0
0
0
0
0
0
0
0
0
0
0
0
0
0
0
0
0
0
0
0
0
0
0
0
0
0
0
0
0
0
0
0
0
0
-0.45458
0
0
0
0
0
0
0
0
0
0
0
0
0
0
0.45458
0
0
0
0
0
0
0
0
0
0
0
0
0
0
0
0
0
0
0
0
0
0
0
0
0
0
0
0
0
0
0
0
0
0
0
0
0
0
0
0
0
0
0
0
0
0
0
-3.8787
0
0
0
0
0
0
0
0
0
0
0
0
0
0
0
0
0
0
0
0
0
0
0
0
0
0
0
0
0
0
0
0
0
0
0
0
0
0
0
0
0
0
0
0
0
0
0
0
0
0
0
0
3.8787
0
0
0
0
0
0
0
0
0
0
0
0
0
0
0
0
0
0
0
-4.9499
0
0
0
0
0
0
0
0
0
0
0
0
0
0
0
0
0
0
0
0
0
0
0
0
0
0
0
0
0
0
0
0
0
0
0
0
0
0
0
0
0
0
0
0
0
0
0
0
0
0
0
0
0
0
0
0
0
0
0
0
0
0
0
0
0
0
0
0
0
0
0
0
0
0
0
0
0
0
0
0
4.9499
0
0
0
0
0
0
0
0
0
0
0
0
0
0
0
0
0
0
0
0
0
0
0
0
0
0
0
0
0
0
0
0
0
0
0
0
0
0
0
0
0
0
0
0
0
0
0
0
0
0
0
0
0
0
0
0
0
-2.7454
0
0
0
0
0
0
0
0
0
0
0
0
0
0
0
0
0
0
0
0
0
0
0
0
0
0
0
0
0
0
0
0
0
0
0
0
0
0
0
0
0
0
2.7454
0
0
0
0
0
0
0
0
0
0
0
0
0
0
0
0
0
0
0
0
0
0
0
0
0
0
0
0
0
0
0
0
0
0
0
0
0
0
0
0
0
0
0
0
0
0
0
0
0
0
0
0
0
0
0
0
0
0
0
0
0
0
0
0
0
0
0
0
0
0
0
0
0
-2.5805
0
0
0
0
0
0
0
0
0
0
0
0
0
0
0
0
0
0
0
0
0
0
0
0
0
0
2.5805
0
0
0
0
0
0
0
0
0
0
0
0
0
0
0
0
0
0
0
0
0
0
0
0
0
0
0
0
0
0
0
0
0
0
0
0
0
0
0
0
0
0
0
0
0
0
0
0
0
0
0
0
0
0
-3.5684
0
0
0
0
0
0
0
0
0
0
0
0
0
0
0
0
0
0
0
0
0
0
0
0
0
0
0
0
0
0
0
0
0
0
0
0
0
0
0
0
0
0
0
0
0
3.5684
0
0
0
0
0
0
0
0
0
0
0
0
0
0
0
0
0
0
0
0
0
0
0
0
0
0
0
0
0
0
0
0
0
0
0
0
0
0
0
0
0
0
0
0
0
0
0
0
0
0
0
0
0
0
0
-2.8739
0
0
0
0
0
0
0
0
0
0
0
0
0
0
0
0
0
0
0
0
0
0
0
0
0
0
0
0
0
0
0
0
0
0
0
0
0
0
0
0
0
0
0
0
2.8739
0
0
0
0
0
0
0
0
0
0
0
0
0
0
0
0
0
0
0
0
0
0
0
0
0
0
-4.3712
0
0
0
0
0
0
0
0
0
0
0
0
0
0
0
0
0
0
0
0
0
0
0
0
0
0
0
0
0
0
0
0
0
0
0
0
0
0
0
0
0
0
0
0
0
0
0
0
0
0
0
0
0
0
0
0
0
0
0
0
0
0
0
0
0
0
0
0
0
0
0
0
0
4.3712
0
0
0
0
0
0
0
0
0
0
0
0
0
0
0
0
0
0
0
0
0
0
0
0
0
0
0
0
0
0
0
0
0
0
0
0
0
0
0
0
0
0
0
0
0
0
0
0
0
0
0
0
0
0
0
0
0
0
0
0
0
0
0
0
-2.915
0
0
0
0
0
0
0
0
0
0
0
0
0
0
0
0
0
0
0
0
0
0
0
0
0
0
0
0
0
0
0
0
0
0
0
2.915
0
0
0
0
0
0
0
0
0
0
0
0
0
0
0
0
0
0
0
0
0
0
0
0
0
-4.3712
0
0
0
0
0
0
0
0
0
0
0
0
0
0
0
0
0
0
0
0
0
0
0
0
0
0
0
0
0
0
0
0
0
0
0
0
0
0
0
0
0
0
0
0
0
0
0
0
0
0
0
0
0
0
0
0
0
0
0
0
0
0
0
0
0
0
0
0
0
0
0
0
0
0
4.3712
0
0
0
0
0
0
0
0
0
0
0
0
0
0
0
0
0
0
0
0
0
0
0
0
0
0
0
0
0
0
0
0
0
0
0
0
0
0
0
0
0
0
0
0
0
0
0
0
0
0
0
0
0
0
-2.9861
0
0
0
0
0
0
0
0
0
0
0
0
0
0
0
0
0
0
0
0
0
0
0
0
0
0
0
0
0
0
0
0
0
0
0
0
0
0
0
0
0
0
0
0
0
2.9861
0
0
0
0
0
0
0
-5.0004
0
0
0
0
0
0
0
0
0
0
0
0
0
0
0
0
0
0
0
0
0
0
0
0
0
0
0
0
0
0
0
0
0
0
0
0
0
0
0
0
0
0
0
0
0
0
0
0
0
0
0
0
0
0
0
0
0
0
0
0
0
0
0
0
0
0
0
0
0
0
0
0
0
0
0
0
0
0
0
0
0
0
0
0
0
0
0
0
0
0
0
0
5.0004
0
0
0
0
0
0
0
0
0
0
0
0
0
0
0
0
0
0
0
0
0
0
0
0
0
0
0
0
0
0
0
0
0
0
0
0
0
0
0
0
0
0
0
0
0
0
0
0
0
0
0
0
0
0
0
0
0
0
0
0
0
0
0
-0.80618
0
0
0
0
0
0
0
0
0
0
0
0
0
0
0
0
0
0
0
0
0
0
0
0
0
0
0
0
0
0
0
0
0
0
0
0
0.80618
0
0
0
0
0
0
0
0
0
0
0
0
0
0
0
0
0
0
0
0
0
0
0
0
0
0
0
0
0
0
0
0
0
0
0
0
0
0
0
0
0
0
0
0
0
0
0
0
0
0
0
0
0
0
-2.4756
0
0
0
0
0
0
0
0
0
0
0
0
0
0
0
0
0
0
0
0
0
0
0
0
0
0
0
0
0
0
0
0
0
0
0
0
0
0
0
0
0
0
0
0
0
2.4756
0
0
0
0
0
0
0
0
0
0
0
0
0
0
0
0
0
0
0
0
0
0
0
0
0
0
0
0
0
0
0
0
0
0
0
0
0
0
0
0
0
0
0
0
0
0
0
0
-3.1429
0
0
0
0
0
0
0
0
0
0
0
0
0
0
0
0
0
0
0
0
0
0
0
0
0
0
0
0
0
0
0
0
0
0
0
0
0
0
0
0
0
0
0
0
0
0
0
0
0
0
0
3.1429
0
0
0
0
0
0
0
0
0
0
0
0
0
0
0
0
0
0
0
0
0
0
0
0
0
0
0
0
0
0
0
0
0
0
0
0
0
0
0
0
0
0
0
0
-3.5684
0
0
0
0
0
0
0
0
0
0
0
0
0
0
0
0
0
0
0
0
0
0
0
0
0
0
0
0
0
0
0
0
0
0
0
0
0
0
0
0
0
0
0
0
0
0
0
0
0
0
0
0
0
0
0
3.5684
0
0
0
0
0
0
0
0
0
0
0
0
0
0
-4.8635
0
0
0
0
0
0
0
0
0
0
0
0
0
0
0
0
0
0
0
0
0
0
0
0
0
0
0
0
0
0
0
0
0
0
0
0
0
0
0
0
0
0
0
0
0
0
0
0
0
0
0
0
0
0
0
0
0
0
0
0
0
0
0
0
0
0
0
0
0
0
0
0
0
0
0
0
0
0
0
0
0
0
0
0
0
4.8635
0
0
0
0
0
0
0
0
0
0
0
0
0
0
0
0
0
0
0
0
0
0
0
0
0
0
0
0
0
0
0
0
0
0
0
0
0
0
0
0
0
0
0
0
0
0
0
0
0
0
0
0
0
0
0
0
-2.0158
0
0
0
0
0
0
0
0
0
0
0
0
0
0
0
0
0
0
0
0
0
0
0
0
0
0
0
0
0
0
0
0
0
0
0
0
0
0
0
0
0
0
0
2.0158
