58.9909
-0.88989
-0.88431
-0.88989
-0.89334
-0.89254
-0.90274
-0.90275
-0.88814
-0.89421
-0.88663
-0.88662
-0.88662
-0.8928
-0.88729
-0.8697
-0.90078
-0.8818
-0.86969
-0.86971
-0.86971
-0.90224
-0.88728
-0.88977
-0.89891
-0.90133
-0.89928
-0.89928
-0.88503
-0.88503
-0.90827
-0.88022
-0.89517
-0.89484
-0.87486
-0.90242
-0.86913
-0.90944
-0.9003
-0.89176
-0.89997
-0.88595
-0.89201
-0.88479
-0.87602
-0.88375
-0.88134
-0.85416
-0.90341
-0.88297
-0.93141
-1.1666
-1.2645
0
-1.6936
0
-1.3877
-1.3063
0
0
0
0
0
0
0
0
0
0
-2.5724
0
0
0
0
0
0
0
0
0
0
0
0
0
0
0
0
0
-5.1103
0
0
0
0
0
0
0
0
0
0
0
0
0
0
0
-0.88989
52.947
-0.88306
-0.88568
-0.88886
-0.88811
-0.90157
-0.90158
-0.88364
-0.89015
-0.88227
-0.88226
-0.88226
-0.88844
-0.88283
-0.86542
-0.8964
-0.87756
-0.86542
-0.86543
-0.86544
-0.89794
-0.88313
-0.88534
-0.89433
-0.89977
-0.89471
-0.89471
-0.88057
-0.88057
-0.90387
-0.87602
-0.89074
-0.89012
-0.87064
-0.89859
-0.86643
-0.90459
-0.89638
-0.88723
-0.89654
-0.88121
-0.88722
-0.8802
-0.87145
-0.87916
-0.87676
-0.84962
-0.89877
-0.87803
-0.92736
-1.1575
-1.2543
0
0
0
-1.3751
0
0
0
0
0
0
0
0
0
0
0
0
0
0
0
0
0
-4.8717
0
0
0
0
0
0
0
0
0
0
0
0
0
0
0
0
0
0
0
0
0
0
0
0
0
0
0
-0.88431
-0.88306
50.4862
-0.88306
-0.88713
-0.88636
-0.89774
-0.89774
-0.88196
-0.89089
-0.8805
-0.8805
-0.8805
-0.8867
-0.88118
-0.86364
-0.8947
-0.87583
-0.86364
-0.86365
-0.86366
-0.89688
-0.88135
-0.88376
-0.89252
-0.89844
-0.8929
-0.8929
-0.87879
-0.87879
-0.9023
-0.8742
-0.88915
-0.88827
-0.86971
-0.89708
-0.86577
-0.90272
-0.89454
-0.88541
-0.89455
-0.87933
-0.88574
-0.87836
-0.86962
-0.87733
-0.87493
-0.84781
-0.89692
-0.87613
-0.92574
-1.1529
-1.2499
0
0
0
-1.3671
0
0
0
0
0
0
0
0
0
0
0
-2.5176
0
0
0
0
0
0
0
0
0
0
0
0
0
0
0
0
0
0
0
0
0
0
0
0
0
0
0
0
0
0
0
0
0
-0.88989
-0.88568
-0.88306
52.947
-0.88886
-0.88811
-0.90157
-0.90158
-0.88364
-0.89015
-0.88226
-0.88226
-0.88227
-0.88845
-0.88284
-0.86542
-0.8964
-0.87756
-0.86542
-0.86543
-0.86544
-0.89794
-0.88313
-0.88534
-0.89433
-0.89978
-0.8947
-0.89471
-0.88057
-0.88058
-0.90387
-0.87602
-0.89074
-0.89013
-0.87063
-0.89859
-0.86643
-0.90459
-0.89637
-0.88723
-0.89654
-0.88121
-0.88722
-0.8802
-0.87145
-0.87917
-0.87676
-0.84962
-0.89877
-0.87803
-0.92736
-1.1575
-1.2543
0
0
0
-1.3751
0
0
0
0
0
0
0
0
0
0
0
0
0
0
0
0
0
0
0
0
0
0
0
0
0
0
0
0
0
0
0
0
0
0
0
0
0
0
0
0
0
-4.8718
0
0
0
-0.89334
-0.88886
-0.88713
-0.88886
48.2807
-0.89213
-0.90376
-0.90376
-0.88788
-0.89445
-0.88622
-0.88622
-0.88622
-0.89294
-0.88717
-0.86914
-0.90135
-0.88162
-0.86913
-0.86915
-0.86916
-0.90464
-0.88727
-0.89
-0.89851
-0.90507
-0.89888
-0.89888
-0.88462
-0.88463
-0.90868
-0.87998
-0.89537
-0.89415
-0.87626
-0.90345
-0.87262
-0.90877
-0.90056
-0.89138
-0.9006
-0.88509
-0.89197
-0.88415
-0.87536
-0.88311
-0.8807
-0.85343
-0.9028
-0.8817
-0.9321
-1.1585
-1.2564
0
0
0
-1.3726
0
0
0
0
0
0
0
0
0
0
0
0
0
0
0
0
0
0
0
0
0
0
0
0
0
0
0
0
0
0
0
0
0
0
0
0
0
0
0
0
0
0
0
0
0
-0.89254
-0.88811
-0.88636
-0.88811
-0.89213
46.8434
-0.90228
-0.90229
-0.88615
-0.89341
-0.88473
-0.88473
-0.88473
-0.89155
-0.88552
-0.8677
-0.90062
-0.88022
-0.8677
-0.86771
-0.86772
-0.90408
-0.88592
-0.88858
-0.89715
-0.90368
-0.89753
-0.89753
-0.88329
-0.8833
-0.90719
-0.87863
-0.89395
-0.89281
-0.875
-0.90206
-0.87145
-0.90741
-0.89919
-0.89005
-0.8992
-0.88375
-0.89068
-0.88292
-0.87414
-0.88189
-0.87948
-0.85222
-0.90156
-0.88049
-0.93074
-1.1576
-1.2556
0
0
0
0
0
0
0
0
0
0
0
0
0
0
0
0
0
0
0
0
0
0
0
0
0
0
0
0
0
0
0
0
0
0
0
0
0
0
0
0
0
0
0
0
0
0
0
0
0
-0.90274
-0.90157
-0.89774
-0.90157
-0.90376
-0.90228
53.8111
-0.91225
-0.89662
-0.90244
-0.89521
-0.89521
-0.89521
-0.90132
-0.89556
-0.87786
-0.90878
-0.89024
-0.87785
-0.87787
-0.87788
-0.90992
-0.89626
-0.89785
-0.90755
-0.91269
-0.90791
-0.90791
-0.89348
-0.89347
-0.91688
-0.88915
-0.90346
-0.90324
-0.8818
-0.91145
-0.87743
-0.91807
-0.90969
-0.9003
-0.90963
-0.89419
-0.89986
-0.89323
-0.8844
-0.89218
-0.88976
-0.86235
-0.91198
-0.89132
0
0
0
0
0
0
0
0
0
0
0
0
0
0
0
0
0
0
0
0
0
0
0
0
0
0
0
0
0
0
0
0
0
0
-4.9149
0
0
0
-4.9149
0
0
0
0
0
0
0
0
0
0
0
0
0
-0.90275
-0.90158
-0.89774
-0.90158
-0.90376
-0.90229
-0.91225
53.8113
-0.89662
-0.90244
-0.89521
-0.89522
-0.89521
-0.90132
-0.89556
-0.87786
-0.90878
-0.89024
-0.87785
-0.87787
-0.87788
-0.90992
-0.89627
-0.89786
-0.90755
-0.91269
-0.90791
-0.90791
-0.89348
-0.89348
-0.91689
-0.88915
-0.90346
-0.90324
-0.88181
-0.91145
-0.87743
-0.91807
-0.90969
-0.9003
-0.90963
-0.89419
-0.89986
-0.89323
-0.8844
-0.89219
-0.88976
-0.86236
-0.91198
-0.89132
0
0
0
0
0
0
0
0
0
0
0
0
0
0
0
0
0
0
0
0
0
0
0
0
0
0
0
0
0
0
0
0
0
0
0
0
0
-4.9149
0
-4.915
0
0
0
0
0
0
0
0
0
0
0
0
-0.88814
-0.88364
-0.88196
-0.88364
-0.88788
-0.88615
-0.89662
-0.89662
46.014
-0.88777
-0.87972
-0.87972
-0.87972
-0.88583
-0.87879
-0.8627
-0.89491
-0.87507
-0.86269
-0.86271
-0.86272
-0.89718
-0.88027
-0.88235
-0.89182
-0.89854
-0.89219
-0.89219
-0.87808
-0.87809
-0.9015
-0.87299
-0.88845
-0.88752
-0.87012
-0.89523
-0.86558
-0.90198
-0.89239
-0.88465
-0.89444
-0.87856
-0.88559
-0.87786
-0.8691
-0.87683
-0.87443
-0.84725
-0.89643
-0.87546
-0.92431
0
0
0
0
0
0
0
0
-1.8456
0
0
0
0
0
0
0
0
0
0
0
0
0
0
0
0
0
0
0
0
0
0
0
0
0
0
0
0
0
0
0
0
0
0
0
0
0
0
0
0
0
0
-0.89421
-0.89015
-0.89089
-0.89015
-0.89445
-0.89341
-0.90244
-0.90244
-0.88777
50.2394
-0.8867
-0.8867
-0.88671
-0.89276
-0.88697
-0.86964
-0.90046
-0.88175
-0.86964
-0.86965
-0.86966
-0.90213
-0.88726
-0.88934
-0.89884
-0.90348
-0.89921
-0.89921
-0.88495
-0.88495
-0.90813
-0.88007
-0.89499
-0.89461
-0.87513
-0.9024
-0.86973
-0.90926
-0.90016
-0.89154
-0.90057
-0.88561
-0.89203
-0.8849
-0.87611
-0.88386
-0.88145
-0.85415
-0.90356
0
0
0
0
0
0
0
0
-1.2988
0
0
0
0
0
0
0
-1.7444
0
0
0
0
0
0
0
0
0
0
0
0
0
0
0
0
0
0
0
0
0
0
0
0
0
0
0
0
0
-4.512
0
0
0
0
0
0
-0.88663
-0.88227
-0.8805
-0.88226
-0.88622
-0.88473
-0.89521
-0.89521
-0.87972
-0.8867
44.1004
-0.87813
-0.87813
-0.88441
-0.87921
-0.86094
-0.89305
-0.87376
-0.86094
-0.86095
-0.86096
-0.89498
-0.87914
-0.88171
-0.89031
-0.89667
-0.89069
-0.89069
-0.87662
-0.87662
-0.90002
-0.87194
-0.88703
-0.88603
-0.86854
-0.89507
-0.86502
-0.90043
-0.89229
-0.88327
-0.8923
-0.87704
-0.88386
-0.87636
-0.86761
-0.87532
-0.87292
-0.84577
-0.89492
-0.87385
-0.92347
0
0
0
0
0
0
0
0
0
0
0
0
0
0
0
0
0
0
0
0
0
0
0
0
0
0
0
0
0
0
0
0
0
0
0
0
0
0
0
0
0
0
0
0
0
0
0
0
0
0
0
-0.88662
-0.88226
-0.8805
-0.88226
-0.88622
-0.88473
-0.89521
-0.89522
-0.87972
-0.8867
-0.87813
44.1004
-0.87813
-0.88441
-0.87921
-0.86094
-0.89306
-0.87376
-0.86094
-0.86095
-0.86096
-0.89498
-0.87914
-0.88171
-0.89031
-0.89667
-0.89069
-0.89069
-0.87662
-0.87662
-0.90002
-0.87193
-0.88703
-0.88602
-0.86854
-0.89507
-0.86502
-0.90043
-0.89228
-0.88327
-0.8923
-0.87704
-0.88386
-0.87636
-0.86761
-0.87532
-0.87292
-0.84577
-0.89492
-0.87385
-0.92347
0
0
0
0
0
0
0
0
0
0
0
0
0
0
0
0
0
0
0
0
0
0
0
0
0
0
0
0
0
0
0
0
0
0
0
0
0
0
0
0
0
0
0
0
0
0
0
0
0
0
0
-0.88662
-0.88226
-0.8805
-0.88227
-0.88622
-0.88473
-0.89521
-0.89521
-0.87972
-0.88671
-0.87813
-0.87813
44.1004
-0.88441
-0.87922
-0.86094
-0.89306
-0.87377
-0.86093
-0.86095
-0.86096
-0.89498
-0.87914
-0.8817
-0.89031
-0.89667
-0.89069
-0.89069
-0.87662
-0.87662
-0.90002
-0.87193
-0.88703
-0.88602
-0.86854
-0.89507
-0.86502
-0.90043
-0.89229
-0.88327
-0.8923
-0.87704
-0.88387
-0.87636
-0.86761
-0.87532
-0.87292
-0.84577
-0.89491
-0.87385
-0.92347
0
0
0
0
0
0
0
0
0
0
0
0
0
0
0
0
0
0
0
0
0
0
0
0
0
0
0
0
0
0
0
0
0
0
0
0
0
0
0
0
0
0
0
0
0
0
0
0
0
0
0
-0.8928
-0.88844
-0.8867
-0.88845
-0.89294
-0.89155
-0.90132
-0.90132
-0.88583
-0.89276
-0.88441
-0.88441
-0.88441
46.3442
-0.88481
-0.8672
-0.89993
-0.87962
-0.8672
-0.86721
-0.86722
-0.90267
-0.88541
-0.88793
-0.89672
-0.90514
-0.8971
-0.8971
-0.88288
-0.88288
-0.90622
-0.87821
-0.89279
-0.89232
-0.87379
-0.90117
-0.87093
-0.90691
-0.89847
-0.8893
-0.89672
-0.88327
-0.89017
-0.88251
-0.87373
-0.88148
-0.87906
-0.85181
-0.90114
-0.88012
0
0
0
0
0
0
0
0
0
0
0
0
0
0
0
0
0
0
0
0
0
-2.8677
0
0
0
0
0
0
0
0
0
0
0
0
0
0
0
0
0
0
0
0
0
0
0
0
0
0
0
0
0
0
-0.88729
-0.88283
-0.88118
-0.88284
-0.88717
-0.88552
-0.89556
-0.89556
-0.87879
-0.88697
-0.87921
-0.87921
-0.87922
-0.88481
45.3354
-0.86196
-0.89369
-0.87443
-0.86196
-0.86197
-0.86198
-0.89498
-0.87979
-0.87951
-0.89101
-0.89754
-0.89139
-0.89139
-0.8773
-0.8773
-0.90072
-0.8726
-0.88759
-0.88671
-0.86872
-0.89483
-0.86456
-0.90115
-0.89234
-0.88397
-0.8935
-0.87786
-0.88455
-0.87716
-0.86841
-0.87612
-0.87372
-0.84656
-0.89572
-0.87478
0
0
0
0
0
0
0
0
0
0
0
0
0
0
0
0
-2.1315
0
0
0
0
0
0
0
0
0
0
0
0
0
0
0
0
0
0
0
0
0
0
0
0
0
0
0
0
0
0
0
0
0
0
0
-0.8697
-0.86542
-0.86364
-0.86542
-0.86914
-0.8677
-0.87786
-0.87786
-0.8627
-0.86964
-0.86094
-0.86094
-0.86094
-0.8672
-0.86196
42.3397
-0.87563
-0.85603
-0.8415
-0.84151
-0.84151
-0.87896
-0.86193
-0.86408
-0.87259
-0.87847
-0.87301
-0.87301
-0.85939
-0.85939
-0.88175
-0.85499
-0.86928
-0.86848
-0.85151
-0.87697
-0.84814
-0.88231
-0.87446
-0.86565
-0.87435
-0.85977
-0.86627
-0.85931
-0.85067
-0.85829
-0.85591
-0.82911
-0.87762
-0.85677
0
0
0
0
0
0
0
0
0
0
0
0
0
0
0
0
0
0
0
0
0
0
0
0
0
0
0
0
0
0
0
0
0
0
0
0
0
0
0
0
0
0
0
0
0
0
0
0
0
0
0
0
-0.90078
-0.8964
-0.8947
-0.8964
-0.90135
-0.90062
-0.90878
-0.90878
-0.89491
-0.90046
-0.89305
-0.89306
-0.89306
-0.89993
-0.89369
-0.87563
47.1111
-0.88805
-0.87563
-0.87564
-0.87565
-0.91081
-0.89408
-0.89613
-0.90532
-0.91126
-0.90568
-0.90568
-0.89128
-0.89128
-0.91505
-0.88687
-0.90164
-0.90094
-0.88128
-0.90974
-0.87756
-0.91577
-0.90743
-0.89814
-0.90737
-0.89181
-0.89827
-0.89122
-0.88238
-0.89018
-0.88775
-0.86029
-0.90998
0
0
0
0
0
0
0
0
0
0
0
0
0
0
0
0
0
0
0
0
0
0
0
0
0
0
0
0
0
0
0
0
0
0
-4.1194
0
0
0
0
0
0
0
0
0
0
0
0
0
0
0
0
0
0
-0.8818
-0.87756
-0.87583
-0.87756
-0.88162
-0.88022
-0.89024
-0.89024
-0.87507
-0.88175
-0.87376
-0.87376
-0.87377
-0.87962
-0.87443
-0.85603
-0.88805
43.3017
-0.85603
-0.85604
-0.85605
-0.89061
-0.87429
-0.8766
-0.8853
-0.89153
-0.88571
-0.8857
-0.8718
-0.8718
-0.89467
-0.86727
-0.8815
-0.88109
-0.86317
-0.88959
-0.85953
-0.8953
-0.88714
-0.87715
-0.88693
-0.87221
-0.87876
-0.87179
-0.86306
-0.87076
-0.86837
-0.84126
-0.89029
0
0
0
0
0
0
0
0
0
0
0
0
0
0
-1.2291
0
0
0
0
0
0
0
0
0
0
0
0
0
0
0
0
0
0
0
0
0
0
0
0
0
0
0
0
0
0
0
0
0
0
0
0
0
0
-0.86969
-0.86542
-0.86364
-0.86542
-0.86913
-0.8677
-0.87785
-0.87785
-0.86269
-0.86964
-0.86094
-0.86094
-0.86093
-0.8672
-0.86196
-0.8415
-0.87563
-0.85603
42.3395
-0.8415
-0.84151
-0.87895
-0.86192
-0.86408
-0.87259
-0.87846
-0.873
-0.873
-0.85938
-0.85939
-0.88174
-0.85498
-0.86928
-0.86848
-0.8515
-0.87696
-0.84813
-0.88231
-0.87445
-0.86564
-0.87434
-0.85977
-0.86627
-0.8593
-0.85066
-0.85829
-0.85591
-0.82911
-0.87762
-0.85676
0
0
0
0
0
0
0
0
0
0
0
0
0
0
0
0
0
0
0
0
0
0
0
0
0
0
0
0
0
0
0
0
0
0
0
0
0
0
0
0
0
0
0
0
0
0
0
0
0
0
0
0
-0.86971
-0.86543
-0.86365
-0.86543
-0.86915
-0.86771
-0.87787
-0.87787
-0.86271
-0.86965
-0.86095
-0.86095
-0.86095
-0.86721
-0.86197
-0.84151
-0.87564
-0.85604
-0.8415
42.3401
-0.84152
-0.87897
-0.86194
-0.86409
-0.8726
-0.87847
-0.87302
-0.87302
-0.8594
-0.8594
-0.88176
-0.855
-0.86929
-0.86849
-0.85151
-0.87698
-0.84814
-0.88233
-0.87447
-0.86566
-0.87436
-0.85978
-0.86628
-0.85932
-0.85067
-0.8583
-0.85593
-0.82912
-0.87763
-0.85678
0
0
0
0
0
0
0
0
0
0
0
0
0
0
0
0
0
0
0
0
0
0
0
0
0
0
0
0
0
0
0
0
0
0
0
0
0
0
0
0
0
0
0
0
0
0
0
0
0
0
0
0
-0.86971
-0.86544
-0.86366
-0.86544
-0.86916
-0.86772
-0.87788
-0.87788
-0.86272
-0.86966
-0.86096
-0.86096
-0.86096
-0.86722
-0.86198
-0.84151
-0.87565
-0.85605
-0.84151
-0.84152
42.3406
-0.87898
-0.86195
-0.8641
-0.87262
-0.87849
-0.87303
-0.87303
-0.85941
-0.85941
-0.88177
-0.85501
-0.8693
-0.8685
-0.85153
-0.87699
-0.84815
-0.88234
-0.87447
-0.86566
-0.87437
-0.85979
-0.86629
-0.85933
-0.85069
-0.8583
-0.85594
-0.82913
-0.87765
-0.85679
0
0
0
0
0
0
0
0
0
0
0
0
0
0
0
0
0
0
0
0
0
0
0
0
0
0
0
0
0
0
0
0
0
0
0
0
0
0
0
0
0
0
0
0
0
0
0
0
0
0
0
0
-0.90224
-0.89794
-0.89688
-0.89794
-0.90464
-0.90408
-0.90992
-0.90992
-0.89718
-0.90213
-0.89498
-0.89498
-0.89498
-0.90267
-0.89498
-0.87896
-0.91081
-0.89061
-0.87895
-0.87897
-0.87898
45.0069
-0.89399
-0.89578
-0.9051
-0.91025
-0.90548
-0.90548
-0.89119
-0.8912
-0.91504
-0.88678
-0.90139
-0.9004
-0.88008
-0.90932
0
-0.91534
-0.90734
-0.89787
-0.90754
-0.89019
0
0
0
0
0
0
0
0
0
0
0
0
0
0
0
0
0
0
0
0
0
0
0
0
0
0
0
0
0
0
0
0
0
0
0
0
0
0
0
0
0
0
0
0
0
0
0
0
0
0
0
0
-4.5372
0
0
0
0
0
-4.5372
0
-0.88728
-0.88313
-0.88135
-0.88313
-0.88727
-0.88592
-0.89626
-0.89627
-0.88027
-0.88726
-0.87914
-0.87914
-0.87914
-0.88541
-0.87979
-0.86193
-0.89408
-0.87429
-0.86192
-0.86194
-0.86195
-0.89399
37.1526
-0.88102
-0.88933
-0.89466
-0.88974
-0.88975
-0.87585
-0.87585
-0.89927
-0.86752
-0.88647
-0.88446
-0.86992
-0.89429
0
-0.89915
-0.8908
-0.88225
-0.89215
-0.87396
0
0
0
0
0
0
0
0
0
0
0
-1.8353
0
0
0
0
0
0
0
0
0
0
0
0
0
0
0
0
0
0
0
0
0
0
0
0
0
0
0
0
0
0
0
0
0
0
0
0
0
0
0
0
0
0
0
0
0
0
0
0
-0.88977
-0.88534
-0.88376
-0.88534
-0.89
-0.88858
-0.89785
-0.89786
-0.88235
-0.88934
-0.88171
-0.88171
-0.8817
-0.88793
-0.87951
-0.86408
-0.89613
-0.8766
-0.86408
-0.86409
-0.8641
-0.89578
-0.88102
35.0663
-0.8919
-0.89569
-0.89223
-0.89223
-0.87809
-0.87809
-0.90056
-0.87252
-0.88746
-0.88694
-0.87014
-0.89504
0
-0.90162
0
0
0
0
0
0
0
0
0
0
0
0
0
0
0
0
0
0
0
0
0
0
0
0
0
0
0
0
0
0
0
0
-3.2152
0
0
0
0
0
0
0
0
0
0
0
0
0
0
0
0
0
0
0
0
0
0
0
0
0
0
0
0
0
0
0
-0.89891
-0.89433
-0.89252
-0.89433
-0.89851
-0.89715
-0.90755
-0.90755
-0.89182
-0.89884
-0.89031
-0.89031
-0.89031
-0.89672
-0.89101
-0.87259
-0.90532
-0.8853
-0.87259
-0.8726
-0.87262
-0.9051
-0.88933
-0.8919
30.4031
-0.91193
-0.90298
-0.90297
-0.88782
-0.88782
-0.90987
-0.88224
-0.89997
-0.89743
0
0
0
-0.91255
0
0
0
0
0
0
0
0
0
0
0
0
0
0
0
0
0
0
0
0
0
0
0
0
0
0
0
0
0
0
0
0
0
0
0
0
0
0
0
0
0
0
0
0
0
0
0
0
0
0
0
0
0
0
0
0
0
0
0
0
0
0
0
0
-0.90133
-0.89977
-0.89844
-0.89978
-0.90507
-0.90368
-0.91269
-0.91269
-0.89854
-0.90348
-0.89667
-0.89667
-0.89667
-0.90514
-0.89754
-0.87847
-0.91126
-0.89153
-0.87846
-0.87847
-0.87849
-0.91025
-0.89466
-0.89569
-0.91193
31.4999
-0.91127
-0.91127
-0.89753
-0.89753
-0.92285
0
0
0
0
0
0
0
0
0
0
0
0
0
0
0
0
0
0
0
0
0
0
0
-1.6305
0
0
0
0
0
0
-2.0645
-0.807
0
0
0
0
0
0
0
0
0
0
0
0
0
0
0
0
0
0
0
0
0
0
0
0
0
0
0
0
0
0
0
0
0
0
0
0
0
0
0
-0.89928
-0.89471
-0.8929
-0.8947
-0.89888
-0.89753
-0.90791
-0.90791
-0.89219
-0.89921
-0.89069
-0.89069
-0.89069
-0.8971
-0.89139
-0.87301
-0.90568
-0.88571
-0.873
-0.87302
-0.87303
-0.90548
-0.88974
-0.89223
-0.90298
-0.91127
29.5014
-0.90548
-0.88694
-0.88694
-0.91167
-0.88168
-0.90101
-0.89675
0
0
0
0
0
0
0
0
0
0
0
0
0
0
0
0
0
0
0
0
0
0
0
0
0
0
0
0
0
0
0
0
0
0
0
0
0
0
0
0
0
0
0
0
0
0
0
0
0
0
0
0
0
0
0
0
0
0
0
0
0
0
0
0
0
0
0
0
-0.89928
-0.89471
-0.8929
-0.89471
-0.89888
-0.89753
-0.90791
-0.90791
-0.89219
-0.89921
-0.89069
-0.89069
-0.89069
-0.8971
-0.89139
-0.87301
-0.90568
-0.8857
-0.873
-0.87302
-0.87303
-0.90548
-0.88975
-0.89223
-0.90297
-0.91127
-0.90548
29.5014
-0.88694
-0.88694
-0.91167
-0.88168
-0.901
-0.89675
0
0
0
0
0
0
0
0
0
0
0
0
0
0
0
0
0
0
0
0
0
0
0
0
0
0
0
0
0
0
0
0
0
0
0
0
0
0
0
0
0
0
0
0
0
0
0
0
0
0
0
0
0
0
0
0
0
0
0
0
0
0
0
0
0
0
0
0
-0.88503
-0.88057
-0.87879
-0.88057
-0.88462
-0.88329
-0.89348
-0.89348
-0.87808
-0.88495
-0.87662
-0.87662
-0.87662
-0.88288
-0.8773
-0.85939
-0.89128
-0.8718
-0.85938
-0.8594
-0.85941
-0.89119
-0.87585
-0.87809
-0.88782
-0.89753
-0.88694
-0.88694
28.1399
-0.85569
-0.89935
-0.86404
-0.88291
0
0
0
0
0
0
0
0
0
0
0
0
0
0
0
0
0
0
0
0
0
0
0
0
0
0
0
0
0
0
0
0
0
0
0
0
0
0
0
0
0
0
0
0
0
0
0
0
0
0
0
0
0
0
0
0
0
0
0
0
0
0
0
0
0
0
0
0
0
-0.88503
-0.88057
-0.87879
-0.88058
-0.88463
-0.8833
-0.89347
-0.89348
-0.87809
-0.88495
-0.87662
-0.87662
-0.87662
-0.88288
-0.8773
-0.85939
-0.89128
-0.8718
-0.85939
-0.8594
-0.85941
-0.8912
-0.87585
-0.87809
-0.88782
-0.89753
-0.88694
-0.88694
-0.85569
28.1399
-0.89935
-0.86403
-0.88291
0
0
0
0
0
0
0
0
0
0
0
0
0
0
0
0
0
0
0
0
0
0
0
0
0
0
0
0
0
0
0
0
0
0
0
0
0
0
0
0
0
0
0
0
0
0
0
0
0
0
0
0
0
0
0
0
0
0
0
0
0
0
0
0
0
0
0
0
0
-0.90827
-0.90387
-0.9023
-0.90387
-0.90868
-0.90719
-0.91688
-0.91689
-0.9015
-0.90813
-0.90002
-0.90002
-0.90002
-0.90622
-0.90072
-0.88175
-0.91505
-0.89467
-0.88174
-0.88176
-0.88177
-0.91504
-0.89927
-0.90056
-0.90987
-0.92285
-0.91167
-0.91167
-0.89935
-0.89935
30.7539
0
0
0
0
0
0
0
0
0
0
0
0
0
0
0
0
0
0
0
0
0
0
0
0
0
0
0
0
0
0
0
0
0
0
0
0
0
0
0
0
0
0
0
0
0
0
0
0
0
0
0
-3.663
0
0
0
0
0
0
0
0
0
0
0
0
0
0
0
0
0
0
0
-0.88022
-0.87602
-0.8742
-0.87602
-0.87998
-0.87863
-0.88915
-0.88915
-0.87299
-0.88007
-0.87194
-0.87193
-0.87193
-0.87821
-0.8726
-0.85499
-0.88687
-0.86727
-0.85498
-0.855
-0.85501
-0.88678
-0.86752
-0.87252
-0.88224
0
-0.88168
-0.88168
-0.86404
-0.86403
0
27.1129
0
0
0
0
0
0
0
0
0
0
0
0
0
0
0
0
0
0
0
0
0
-1.7753
0
0
0
0
0
0
0
0
0
0
0
0
0
0
0
0
0
0
0
0
0
0
0
0
0
0
0
0
0
0
0
0
0
0
0
0
0
0
0
0
0
0
0
0
0
0
0
0
-0.89517
-0.89074
-0.88915
-0.89074
-0.89537
-0.89395
-0.90346
-0.90346
-0.88845
-0.89499
-0.88703
-0.88703
-0.88703
-0.89279
-0.88759
-0.86928
-0.90164
-0.8815
-0.86928
-0.86929
-0.8693
-0.90139
-0.88647
-0.88746
-0.89997
0
-0.90101
-0.901
-0.88291
-0.88291
0
0
28.7942
0
0
0
0
0
0
0
0
0
0
0
0
0
0
0
0
0
0
0
0
0
0
0
0
0
0
0
0
0
0
0
0
0
0
0
0
0
0
0
0
0
0
0
0
0
0
0
0
0
0
0
0
0
0
0
0
0
0
0
0
0
0
0
-3.0038
0
0
0
0
0
-0.89484
-0.89012
-0.88827
-0.89013
-0.89415
-0.89281
-0.90324
-0.90324
-0.88752
-0.89461
-0.88603
-0.88602
-0.88602
-0.89232
-0.88671
-0.86848
-0.90094
-0.88109
-0.86848
-0.86849
-0.8685
-0.9004
-0.88446
-0.88694
-0.89743
0
-0.89675
-0.89675
0
0
0
0
0
23.9948
0
0
0
0
0
0
0
0
0
0
0
0
0
0
0
0
0
0
0
0
0
0
0
0
0
0
0
0
0
0
0
0
0
0
0
0
0
0
0
0
0
0
0
0
0
0
0
0
0
0
0
0
0
0
0
0
0
0
0
0
0
0
0
0
0
0
0
0
-0.87486
-0.87064
-0.86971
-0.87063
-0.87626
-0.875
-0.8818
-0.88181
-0.87012
-0.87513
-0.86854
-0.86854
-0.86854
-0.87379
-0.86872
-0.85151
-0.88128
-0.86317
-0.8515
-0.85151
-0.85153
-0.88008
-0.86992
-0.87014
0
0
0
0
0
0
0
0
0
0
26.5595
0
0
0
0
0
0
0
0
0
0
0
0
0
0
0
0
0
0
0
0
0
0
0
0
0
0
0
0
0
0
0
0
0
0
0
0
0
0
0
0
0
0
0
0
0
-2.8474
0
0
0
0
0
0
0
0
0
0
0
0
-2.8474
0
0
0
0
0
0
0
0
-0.90242
-0.89859
-0.89708
-0.89859
-0.90345
-0.90206
-0.91145
-0.91145
-0.89523
-0.9024
-0.89507
-0.89507
-0.89507
-0.90117
-0.89483
-0.87697
-0.90974
-0.88959
-0.87696
-0.87698
-0.87699
-0.90932
-0.89429
-0.89504
0
0
0
0
0
0
0
0
0
0
0
25.2268
0
0
0
0
0
0
0
0
0
0
0
0
0
0
0
0
0
0
0
-1.4778
0
0
0
0
0
0
0
0
0
0
0
0
0
0
0
0
0
0
0
0
0
0
0
0
0
0
0
0
0
-2.2392
0
0
0
0
0
0
0
0
0
0
0
0
0
0
0
0
-0.86913
-0.86643
-0.86577
-0.86643
-0.87262
-0.87145
-0.87743
-0.87743
-0.86558
-0.86973
-0.86502
-0.86502
-0.86502
-0.87093
-0.86456
-0.84814
-0.87756
-0.85953
-0.84813
-0.84814
-0.84815
0
0
0
0
0
0
0
0
0
0
0
0
0
0
0
28.2412
0
0
0
0
0
0
0
0
0
0
0
0
0
0
0
0
0
0
0
0
-1.2461
-1.3302
0
-1.4515
0
0
0
0
0
0
0
0
0
0
0
0
0
0
-3.0254
0
0
0
0
0
0
0
0
0
0
0
0
0
0
0
0
0
0
0
0
0
0
0
0
0
-3.0257
-0.90944
-0.90459
-0.90272
-0.90459
-0.90877
-0.90741
-0.91807
-0.91807
-0.90198
-0.90926
-0.90043
-0.90043
-0.90043
-0.90691
-0.90115
-0.88231
-0.91577
-0.8953
-0.88231
-0.88233
-0.88234
-0.91534
-0.89915
-0.90162
-0.91255
0
0
0
0
0
0
0
0
0
0
0
0
22.5633
0
0
0
0
0
0
0
0
0
0
0
0
0
0
0
0
0
0
0
0
0
0
0
0
0
0
0
0
0
0
0
0
0
0
0
0
0
0
0
0
0
0
0
0
0
0
0
0
0
0
0
0
0
0
0
0
0
0
0
0
0
0
0
0
-0.9003
-0.89638
-0.89454
-0.89637
-0.90056
-0.89919
-0.90969
-0.90969
-0.89239
-0.90016
-0.89229
-0.89228
-0.89229
-0.89847
-0.89234
-0.87446
-0.90743
-0.88714
-0.87445
-0.87447
-0.87447
-0.90734
-0.8908
0
0
0
0
0
0
0
0
0
0
0
0
0
0
0
22.0143
0
0
0
0
0
0
0
0
0
0
0
0
0
0
0
0
-1.4568
0
0
0
0
0
0
0
0
0
0
0
0
0
0
0
0
0
0
0
0
0
0
0
0
0
0
0
0
0
0
0
0
0
0
0
0
0
0
0
0
0
0
0
0
0
0
-0.89176
-0.88723
-0.88541
-0.88723
-0.89138
-0.89005
-0.9003
-0.9003
-0.88465
-0.89154
-0.88327
-0.88327
-0.88327
-0.8893
-0.88397
-0.86565
-0.89814
-0.87715
-0.86564
-0.86566
-0.86566
-0.89787
-0.88225
0
0
0
0
0
0
0
0
0
0
0
0
0
0
0
0
21.5698
0
0
0
0
0
0
0
0
0
0
0
0
0
0
0
0
0
0
0
0
0
0
0
-1.2189
0
0
0
0
0
0
0
0
0
0
0
0
0
0
0
0
0
0
0
0
0
0
0
0
0
0
0
0
0
0
0
0
0
0
0
0
0
0
-0.89997
-0.89654
-0.89455
-0.89654
-0.9006
-0.8992
-0.90963
-0.90963
-0.89444
-0.90057
-0.8923
-0.8923
-0.8923
-0.89672
-0.8935
-0.87435
-0.90737
-0.88693
-0.87434
-0.87436
-0.87437
-0.90754
-0.89215
0
0
0
0
0
0
0
0
0
0
0
0
0
0
0
0
0
23.5479
0
0
0
0
0
0
0
0
0
0
0
0
0
0
0
0
0
0
0
0
0
0
0
0
0
0
-2.9877
0
0
0
0
0
0
0
0
0
0
0
0
0
0
0
0
0
0
0
0
0
0
0
0
0
0
0
0
0
0
0
0
0
0
-0.88595
-0.88121
-0.87933
-0.88121
-0.88509
-0.88375
-0.89419
-0.89419
-0.87856
-0.88561
-0.87704
-0.87704
-0.87704
-0.88327
-0.87786
-0.85977
-0.89181
-0.87221
-0.85977
-0.85978
-0.85979
-0.89019
-0.87396
0
0
0
0
0
0
0
0
0
0
0
0
0
0
0
0
0
0
20.2086
0
0
0
0
0
0
0
0
0
0
0
0
0
0
0
0
0
0
0
0
0
0
0
0
0
0
0
0
0
0
0
0
0
0
0
0
0
0
0
0
0
0
0
0
0
0
0
0
0
0
0
0
0
0
0
0
0
0
0
0
-0.89201
-0.88722
-0.88574
-0.88722
-0.89197
-0.89068
-0.89986
-0.89986
-0.88559
-0.89203
-0.88386
-0.88386
-0.88387
-0.89017
-0.88455
-0.86627
-0.89827
-0.87876
-0.86627
-0.86628
-0.86629
0
0
0
0
0
0
0
0
0
0
0
0
0
0
0
0
0
0
0
0
0
20.7548
0
0
0
0
0
0
0
0
0
0
0
0
0
0
0
0
0
0
0
0
0
0
0
0
0
0
0
0
0
0
0
0
0
0
0
0
0
0
0
0
0
0
0
0
0
0
0
0
-2.1741
0
0
0
0
0
0
0
0
0
0
-0.88479
-0.8802
-0.87836
-0.8802
-0.88415
-0.88292
-0.89323
-0.89323
-0.87786
-0.8849
-0.87636
-0.87636
-0.87636
-0.88251
-0.87716
-0.85931
-0.89122
-0.87179
-0.8593
-0.85932
-0.85933
0
0
0
0
0
0
0
0
0
0
0
0
0
0
0
0
0
0
0
0
0
0
18.4288
0
0
0
0
0
0
0
0
0
0
0
0
0
0
0
0
0
0
0
0
0
0
0
0
0
0
0
0
0
0
0
0
0
0
0
0
0
0
0
0
0
0
0
0
0
0
0
0
0
0
0
0
0
0
0
0
0
0
-0.87602
-0.87145
-0.86962
-0.87145
-0.87536
-0.87414
-0.8844
-0.8844
-0.8691
-0.87611
-0.86761
-0.86761
-0.86761
-0.87373
-0.86841
-0.85067
-0.88238
-0.86306
-0.85066
-0.85067
-0.85069
0
0
0
0
0
0
0
0
0
0
0
0
0
0
0
0
0
0
0
0
0
0
0
18.2451
0
0
0
0
0
0
0
0
0
0
0
0
0
0
0
0
0
0
0
0
0
0
0
0
0
0
0
0
0
0
0
0
0
0
0
0
0
0
0
0
0
0
0
0
0
0
0
0
0
0
0
0
0
0
0
0
0
-0.88375
-0.87916
-0.87733
-0.87917
-0.88311
-0.88189
-0.89218
-0.89219
-0.87683
-0.88386
-0.87532
-0.87532
-0.87532
-0.88148
-0.87612
-0.85829
-0.89018
-0.87076
-0.85829
-0.8583
-0.8583
0
0
0
0
0
0
0
0
0
0
0
0
0
0
0
0
0
0
0
0
0
0
0
0
18.4071
0
0
0
0
0
0
0
0
0
0
0
0
0
0
0
0
0
0
0
0
0
0
0
0
0
0
0
0
0
0
0
0
0
0
0
0
0
0
0
0
0
0
0
0
0
0
0
0
0
0
0
0
0
0
0
0
-0.88134
-0.87676
-0.87493
-0.87676
-0.8807
-0.87948
-0.88976
-0.88976
-0.87443
-0.88145
-0.87292
-0.87292
-0.87292
-0.87906
-0.87372
-0.85591
-0.88775
-0.86837
-0.85591
-0.85593
-0.85594
0
0
0
0
0
0
0
0
0
0
0
0
0
0
0
0
0
0
0
0
0
0
0
0
0
18.3567
0
0
0
0
0
0
0
0
0
0
0
0
0
0
0
0
0
0
0
0
0
0
0
0
0
0
0
0
0
0
0
0
0
0
0
0
0
0
0
0
0
0
0
0
0
0
0
0
0
0
0
0
0
0
0
-0.85416
-0.84962
-0.84781
-0.84962
-0.85343
-0.85222
-0.86235
-0.86236
-0.84725
-0.85415
-0.84577
-0.84577
-0.84577
-0.85181
-0.84656
-0.82911
-0.86029
-0.84126
-0.82911
-0.82912
-0.82913
0
0
0
0
0
0
0
0
0
0
0
0
0
0
0
0
0
0
0
0
0
0
0
0
0
0
17.7867
0
0
0
0
0
0
0
0
0
0
0
0
0
0
0
0
0
0
0
0
0
0
0
0
0
0
0
0
0
0
0
0
0
0
0
0
0
0
0
0
0
0
0
0
0
0
0
0
0
0
0
0
0
0
-0.90341
-0.89877
-0.89692
-0.89877
-0.9028
-0.90156
-0.91198
-0.91198
-0.89643
-0.90356
-0.89492
-0.89492
-0.89491
-0.90114
-0.89572
-0.87762
-0.90998
-0.89029
-0.87762
-0.87763
-0.87765
0
0
0
0
0
0
0
0
0
0
0
0
0
0
0
0
0
0
0
0
0
0
0
0
0
0
0
18.8186
0
0
0
0
0
0
0
0
0
0
0
0
0
0
0
0
0
0
0
0
0
0
0
0
0
0
0
0
0
0
0
0
0
0
0
0
0
0
0
0
0
0
0
0
0
0
0
0
0
0
0
0
0
-0.88297
-0.87803
-0.87613
-0.87803
-0.8817
-0.88049
-0.89132
-0.89132
-0.87546
0
-0.87385
-0.87385
-0.87385
-0.88012
-0.87478
-0.85677
0
0
-0.85676
-0.85678
-0.85679
0
0
0
0
0
0
0
0
0
0
0
0
0
0
0
0
0
0
0
0
0
0
0
0
0
0
0
0
15.739
0
0
0
0
0
0
0
0
0
0
0
0
0
0
0
0
0
0
0
0
0
0
0
0
0
0
0
0
0
0
0
0
0
0
0
0
0
0
0
0
0
0
0
0
0
0
0
0
0
0
0
0
-0.93141
-0.92736
-0.92574
-0.92736
-0.9321
-0.93074
0
0
-0.92431
0
-0.92347
-0.92347
-0.92347
0
0
0
0
0
0
0
0
0
0
0
0
0
0
0
0
0
0
0
0
0
0
0
0
0
0
0
0
0
0
0
0
0
0
0
0
0
12.8892
0
0
-1.6078
0
0
0
0
0
0
0
0
0
0
0
0
0
0
0
0
0
0
-2.012
0
0
0
0
0
0
0
0
0
0
0
0
0
0
0
0
0
0
0
0
0
0
0
0
0
0
0
0
0
-1.1666
-1.1575
-1.1529
-1.1575
-1.1585
-1.1576
0
0
0
0
0
0
0
0
0
0
0
0
0
0
0
0
0
0
0
0
0
0
0
0
0
0
0
0
0
0
0
0
0
0
0
0
0
0
0
0
0
0
0
0
0
7.2474
0
0
0
0
0
0
0
0
0
0
0
0
0
0
0
0
0
0
0
0
0
-0.29668
0
0
0
0
0
0
0
0
0
0
0
0
0
0
0
0
0
0
0
0
0
0
0
0
0
0
0
0
-1.2645
-1.2543
-1.2499
-1.2543
-1.2564
-1.2556
0
0
0
0
0
0
0
0
0
0
0
0
0
0
0
0
0
0
0
0
0
0
0
0
0
0
0
0
0
0
0
0
0
0
0
0
0
0
0
0
0
0
0
0
0
0
7.535
0
0
0
0
0
0
0
0
0
0
0
0
0
0
0
0
0
0
0
0
0
0
0
0
0
0
0
0
0
0
0
0
0
0
0
0
0
0
0
0
0
0
0
0
0
0
0
0
0
0
0
0
0
0
0
0
0
0
0
0
0
0
0
0
0
0
0
0
0
0
0
-1.8353
0
0
0
0
0
0
0
0
-1.7753
0
0
0
0
0
0
0
0
0
0
0
0
0
0
0
0
0
0
-1.6078
0
0
10.3692
0
0
0
0
0
0
0
0
0
0
0
0
0
0
0
0
0
0
0
0
0
0
0
0
-2.5754
0
0
-2.5754
0
0
0
0
0
0
0
0
0
0
0
0
0
0
0
0
0
0
0
0
-1.6936
0
0
0
0
0
0
0
0
0
0
0
0
0
0
0
0
0
0
0
0
0
0
0
0
-1.6305
0
0
0
0
0
0
0
0
0
0
0
0
0
0
0
0
0
0
0
0
0
0
0
0
0
0
0
0
10.1874
0
0
0
0
0
0
0
0
0
-1.9138
0
0
0
0
-2.1963
0
0
0
0
0
0
0
0
0
0
0
0
0
0
0
0
0
0
0
0
0
0
-2.7532
0
0
0
0
0
0
0
0
0
0
0
0
0
0
0
0
0
0
0
0
0
0
0
0
0
0
0
0
0
0
0
0
0
0
0
0
0
0
0
0
0
0
0
0
-1.4778
0
0
-1.4568
0
0
0
0
0
0
0
0
0
0
0
0
0
0
0
0
9.4665
0
0
0
-1.7036
0
0
0
0
0
0
0
0
0
-2.3353
0
0
0
0
0
0
0
0
0
-2.4929
0
0
0
0
0
0
0
0
0
0
0
0
0
0
0
0
0
0
0
0
0
0
-1.3877
-1.3751
-1.3671
-1.3751
-1.3726
0
0
0
0
0
0
0
0
0
0
0
0
0
0
0
0
0
0
0
0
0
0
0
0
0
0
0
0
0
0
0
0
0
0
0
0
0
0
0
0
0
0
0
0
0
0
0
0
0
0
0
6.8776
0
0
0
0
0
0
0
0
0
0
0
0
0
0
0
0
0
0
0
0
0
0
0
0
0
0
0
0
0
0
0
0
0
0
0
0
0
0
0
0
0
0
0
0
0
-1.3063
0
0
0
0
0
0
0
0
-1.2988
0
0
0
0
0
0
0
0
0
0
0
0
0
0
0
0
0
0
0
0
0
0
0
0
0
0
-1.2461
0
0
0
0
0
0
0
0
0
0
0
0
0
0
0
0
0
0
0
0
6.9907
0
0
0
0
0
0
0
-1.8471
0
0
0
0
0
0
0
0
0
0
0
0
0
0
0
0
0
0
0
0
0
0
0
0
0
0
0
0
0
0
0
0
0
-1.2924
0
0
0
0
0
0
0
0
0
0
0
0
0
0
0
0
0
0
0
0
0
0
0
0
0
0
0
0
0
0
0
0
0
0
0
0
0
0
-1.3302
0
0
0
0
0
0
0
0
0
0
0
0
0
0
0
0
0
0
0
0
0
7.1491
0
-1.7197
-1.8942
0
0
0
0
0
0
0
0
0
-2.205
0
0
0
0
0
0
0
0
0
0
0
0
0
0
0
0
0
0
0
0
0
0
0
0
0
0
0
0
0
0
0
0
0
0
0
0
0
0
-1.8456
0
0
0
0
0
0
0
0
0
0
0
0
0
0
0
0
0
0
0
0
0
0
0
0
0
0
0
0
0
0
0
0
0
0
0
0
0
0
0
0
0
0
0
0
0
0
-1.7036
0
0
0
8.5124
0
0
0
0
0
0
-2.0846
0
0
0
0
0
0
0
0
0
-2.8786
0
0
0
0
0
0
0
0
0
0
0
0
0
0
0
0
0
0
0
0
0
0
0
0
0
0
0
0
0
0
0
0
0
0
0
0
0
0
0
0
0
0
0
0
0
0
0
0
0
0
0
0
0
0
0
0
0
0
0
0
0
-1.4515
0
0
0
0
0
0
0
0
0
0
0
0
0
0
0
0
0
0
0
0
0
-1.7197
0
5.5141
0
0
0
0
0
0
0
0
0
0
0
0
0
0
0
0
-2.3428
0
0
0
0
0
0
0
0
0
0
0
0
0
0
0
0
0
0
0
0
0
0
0
0
0
0
0
0
0
0
0
0
0
0
0
0
0
0
0
0
0
0
0
0
0
0
0
0
0
-2.0645
0
0
0
0
0
0
0
0
0
0
0
0
0
0
0
0
0
0
0
0
0
0
0
0
0
0
0
0
0
0
0
0
-1.8942
0
0
6.2081
0
0
-2.2493
0
0
0
0
0
0
0
0
0
0
0
0
0
0
0
0
0
0
0
0
0
0
0
0
0
0
0
0
0
0
0
0
0
0
0
0
0
0
0
0
0
0
0
0
0
0
0
0
0
0
0
0
0
0
0
0
0
0
0
0
0
0
-0.807
0
0
0
0
0
0
0
0
0
0
0
0
0
0
0
0
0
0
0
0
0
0
0
0
0
0
0
0
0
0
0
0
0
0
0
0
4.2249
-1.8157
0
0
0
0
0
0
0
0
0
0
0
0
0
0
0
0
0
0
0
0
0
0
0
0
0
0
0
0
0
0
0
0
0
-1.6022
0
0
0
0
0
0
0
0
0
0
0
0
0
0
0
0
0
0
0
0
0
-1.2291
0
0
0
0
0
0
0
0
0
0
0
0
0
0
0
0
0
0
0
0
0
-1.2189
0
0
0
0
0
0
0
0
0
0
0
0
0
0
0
0
0
0
0
0
0
0
-1.8157
4.2637
0
0
0
0
0
0
0
0
0
0
0
0
0
0
0
0
0
0
0
0
0
0
0
0
0
0
0
0
0
0
0
0
0
0
0
0
0
0
0
0
0
0
0
0
0
0
0
0
0
0
0
0
0
0
0
0
0
0
0
0
0
0
0
0
0
0
0
0
0
0
0
0
0
0
0
0
0
0
0
0
0
0
0
0
0
0
0
0
0
0
0
0
-1.9138
0
0
0
0
0
0
-2.2493
0
0
6.5866
0
0
-2.4235
0
0
0
0
0
0
0
0
0
0
0
0
0
0
0
0
0
0
0
0
0
0
0
0
0
0
0
0
0
0
0
0
0
0
0
0
0
0
0
0
0
0
0
-1.7444
0
0
0
0
0
0
0
0
0
0
0
0
0
0
0
0
0
0
0
0
0
0
0
0
0
0
0
0
0
0
0
0
0
0
0
0
0
0
0
0
0
0
0
0
0
0
0
-1.8471
0
0
0
0
0
0
0
6.3111
0
0
0
0
0
0
0
0
0
0
0
0
0
0
0
0
0
0
0
0
0
0
0
0
-2.7195
0
0
0
0
0
0
0
0
0
0
0
0
0
0
0
0
0
0
0
0
0
0
0
0
0
-2.1315
0
0
0
0
0
0
0
0
0
0
0
0
0
0
0
0
0
0
0
0
0
0
0
0
0
0
0
0
0
0
0
0
0
0
0
0
0
0
0
0
0
0
0
0
-2.0846
0
0
0
0
0
0
6.158
0
0
0
-1.9419
0
0
0
0
0
0
0
0
0
0
0
0
0
0
0
0
0
0
0
0
0
0
0
0
0
0
0
0
0
0
0
0
0
0
0
0
0
0
0
0
0
0
0
0
0
0
0
0
0
0
0
0
0
0
0
0
0
0
0
0
0
0
0
0
0
0
0
0
0
0
0
-2.9877
0
0
0
0
0
0
0
0
0
0
0
0
0
0
0
0
0
0
0
0
0
0
0
-2.4235
0
0
5.4112
0
0
0
0
0
0
0
0
0
0
0
0
0
0
0
0
0
0
0
0
0
0
0
0
0
0
0
0
0
0
0
0
0
0
-2.5724
0
-2.5176
0
0
0
0
0
0
0
0
0
0
0
0
0
0
0
0
0
0
0
0
0
0
0
0
0
0
0
0
0
0
0
0
0
0
0
0
0
0
0
0
0
0
0
0
0
0
0
0
0
0
0
0
0
0
0
0
0
0
0
0
0
0
0
0
0
5.09
0
0
0
0
0
0
0
0
0
0
0
0
0
0
0
0
0
0
0
0
0
0
0
0
0
0
0
0
0
0
0
0
0
0
0
0
0
0
0
0
0
0
0
0
0
0
0
0
0
0
0
0
0
0
0
0
0
0
0
0
0
0
0
0
0
0
0
0
0
0
0
0
0
0
0
0
0
0
0
0
0
0
0
0
0
0
0
-2.1963
-2.3353
0
0
0
0
0
0
0
0
0
0
0
0
0
4.5316
0
0
0
0
0
0
0
0
0
0
0
0
0
0
0
0
0
0
0
0
0
0
0
0
0
0
0
0
0
0
0
0
0
0
0
0
0
0
0
0
0
0
0
0
0
0
0
0
0
0
0
0
0
0
0
-3.2152
0
0
0
0
0
0
0
0
0
0
0
0
0
0
0
0
0
0
0
0
0
0
0
0
0
0
0
0
0
0
0
0
0
0
0
0
0
0
0
0
0
0
-1.9419
0
0
0
5.1571
0
0
0
0
0
0
0
0
0
0
0
0
0
0
0
0
0
0
0
0
0
0
0
0
0
0
0
0
0
0
0
0
0
0
0
0
0
0
0
0
0
0
0
0
-2.8677
0
0
0
0
0
0
0
0
0
0
0
0
0
0
0
0
0
0
0
0
0
0
0
0
0
0
0
0
0
0
0
0
0
0
0
0
0
0
0
0
0
0
0
0
-2.205
0
0
0
0
0
0
0
0
0
0
0
0
5.0727
0
0
0
0
0
0
0
0
0
0
0
0
0
0
0
0
0
0
0
0
0
0
0
0
0
0
0
0
0
0
0
0
0
0
0
0
0
0
0
0
0
0
0
0
0
0
0
0
0
0
0
0
0
0
0
0
0
0
0
0
0
0
0
0
0
0
0
0
0
0
0
0
0
0
0
0
0
0
0
0
-2.012
0
0
0
0
0
0
0
0
0
0
0
0
0
0
0
0
0
0
0
0
0
2.012
0
0
0
0
0
0
0
0
0
0
0
0
0
0
0
0
0
0
0
0
0
0
0
0
0
0
0
0
0
0
0
0
0
0
0
0
0
0
0
0
0
0
0
0
0
0
0
0
0
0
0
0
0
0
0
0
0
0
0
0
0
0
0
0
0
0
0
0
0
0
0
0
0
0
0
0
0
0
0
0
-0.29668
0
0
0
0
0
0
0
0
0
0
0
0
0
0
0
0
0
0
0
0
0
0.29668
0
0
0
0
0
0
0
0
0
0
0
0
0
0
0
0
0
0
0
0
0
0
0
0
0
0
0
0
0
-4.8717
0
0
0
0
0
0
0
0
0
0
0
0
0
0
0
0
0
0
0
0
0
0
0
0
0
0
0
0
0
0
0
0
0
0
0
0
0
0
0
0
0
0
0
0
0
0
0
0
0
0
0
0
0
0
0
0
0
0
0
0
0
0
0
0
0
0
0
0
0
0
0
0
4.8717
0
0
0
0
0
0
0
0
0
0
0
0
0
0
0
0
0
0
0
0
0
0
0
0
0
0
0
0
0
0
0
0
0
0
0
0
0
0
0
0
0
0
0
0
0
0
0
0
0
0
0
0
0
0
0
0
0
0
0
0
0
0
0
-3.0254
0
0
0
0
0
0
0
0
0
0
0
0
0
0
0
0
0
0
0
0
0
0
0
0
0
0
0
0
0
0
0
0
0
0
0
0
0
0
3.0254
0
0
0
0
0
0
0
0
0
0
0
0
0
0
0
0
0
0
0
0
0
0
0
0
0
0
0
0
0
0
0
0
0
0
0
0
0
0
0
0
0
0
0
0
0
0
0
0
0
0
0
0
0
0
0
0
0
0
0
0
0
0
0
0
0
0
0
0
0
0
0
0
0
0
0
0
0
0
0
0
0
0
0
0
0
-2.8786
0
0
0
0
0
0
0
0
0
0
0
0
0
0
0
0
2.8786
0
0
0
0
0
0
0
0
0
0
0
0
0
0
0
0
0
0
0
0
0
0
0
0
0
0
0
0
0
0
0
0
0
0
0
0
0
0
0
0
0
0
0
0
0
0
0
0
0
0
0
0
0
0
0
0
0
0
0
0
0
0
0
0
0
0
0
0
0
0
0
0
0
0
0
0
0
0
0
0
0
0
0
0
0
-2.3428
0
0
0
0
0
0
0
0
0
0
0
0
0
0
0
0
2.3428
0
0
0
0
0
0
0
0
0
0
0
0
0
0
0
0
0
0
0
0
0
0
0
0
0
0
0
0
0
0
0
0
0
0
0
0
0
0
0
0
0
0
0
0
0
0
0
0
0
0
0
0
0
0
0
0
0
0
0
0
0
0
0
0
0
0
0
0
0
0
0
0
0
0
0
0
0
-2.5754
0
0
0
0
0
0
0
0
0
0
0
0
0
0
0
0
0
0
0
0
0
0
0
0
2.5754
0
0
0
0
0
0
0
0
0
0
0
0
0
0
0
0
0
0
0
0
0
0
0
0
0
0
0
0
0
0
0
0
0
0
0
0
0
0
0
0
0
0
0
0
0
0
0
0
0
0
0
0
0
0
0
0
0
0
0
0
0
0
0
0
0
0
0
0
0
0
0
0
0
0
0
0
0
0
-2.4929
0
0
0
0
0
0
0
0
0
0
0
0
0
0
0
0
0
0
0
0
0
0
0
2.4929
0
0
0
0
0
0
0
0
0
0
0
0
0
0
0
0
0
0
0
0
0
0
0
0
0
0
0
0
0
0
0
0
0
0
0
0
0
0
0
0
0
0
0
0
0
0
0
0
0
0
0
0
0
0
0
0
-2.8474
0
0
0
0
0
0
0
0
0
0
0
0
0
0
0
0
0
0
0
0
0
0
0
0
0
0
0
0
0
0
0
0
0
0
0
0
0
0
0
0
0
0
0
0
0
2.8474
0
0
0
0
0
0
0
0
0
0
0
0
0
0
0
0
0
0
0
0
0
0
0
0
0
0
0
0
0
0
0
0
0
0
0
0
0
0
0
0
0
0
0
0
0
0
0
0
0
0
0
0
0
0
0
0
0
0
0
0
0
0
0
0
0
0
0
0
0
0
0
0
0
0
-2.5754
0
0
0
0
0
0
0
0
0
0
0
0
0
0
0
0
0
0
0
0
0
0
0
0
0
0
0
2.5754
0
0
0
0
0
0
0
0
0
0
0
0
0
0
0
0
0
0
0
0
0
0
0
0
0
0
0
0
0
0
0
0
0
0
0
0
0
0
0
0
0
0
0
0
0
0
0
0
0
0
-3.663
0
0
0
0
0
0
0
0
0
0
0
0
0
0
0
0
0
0
0
0
0
0
0
0
0
0
0
0
0
0
0
0
0
0
0
0
0
0
0
0
0
0
0
0
0
0
0
0
0
0
0
3.663
0
0
0
0
0
0
0
0
0
0
0
0
0
0
0
0
0
0
0
0
0
0
0
0
0
0
0
0
0
0
0
0
0
0
0
-4.1194
0
0
0
0
0
0
0
0
0
0
0
0
0
0
0
0
0
0
0
0
0
0
0
0
0
0
0
0
0
0
0
0
0
0
0
0
0
0
0
0
0
0
0
0
0
0
0
0
0
0
0
0
0
0
0
0
0
0
0
0
0
0
0
0
0
0
4.1194
0
0
0
0
0
0
0
0
0
0
0
0
0
0
0
0
0
0
0
0
0
0
0
0
-4.9149
0
0
0
0
0
0
0
0
0
0
0
0
0
0
0
0
0
0
0
0
0
0
0
0
0
0
0
0
0
0
0
0
0
0
0
0
0
0
0
0
0
0
0
0
0
0
0
0
0
0
0
0
0
0
0
0
0
0
0
0
0
0
0
0
0
0
0
0
0
0
0
0
0
0
0
0
0
4.9149
0
0
0
0
0
0
0
0
0
0
0
0
0
0
0
0
0
0
0
0
0
0
0
0
0
0
0
0
0
0
0
0
0
0
0
0
0
0
0
0
0
0
0
0
0
0
0
0
0
0
0
0
-2.2392
0
0
0
0
0
0
0
0
0
0
0
0
0
0
0
0
0
0
0
0
0
0
0
0
0
0
0
0
0
0
0
0
0
0
0
0
0
0
0
0
0
0
0
0
0
0
0
0
0
2.2392
0
0
0
0
0
0
0
0
0
0
0
0
0
0
0
0
-5.1103
0
0
0
0
0
0
0
0
0
0
0
0
0
0
0
0
0
0
0
0
0
0
0
0
0
0
0
0
0
0
0
0
0
0
0
0
0
0
0
0
0
0
0
0
0
0
0
0
0
0
0
0
0
0
0
0
0
0
0
0
0
0
0
0
0
0
0
0
0
0
0
0
0
0
0
0
0
0
0
0
0
0
0
0
0
5.1103
0
0
0
0
0
0
0
0
0
0
0
0
0
0
0
0
0
0
0
0
0
0
-4.9149
0
0
0
0
0
0
0
0
0
0
0
0
0
0
0
0
0
0
0
0
0
0
0
0
0
0
0
0
0
0
0
0
0
0
0
0
0
0
0
0
0
0
0
0
0
0
0
0
0
0
0
0
0
0
0
0
0
0
0
0
0
0
0
0
0
0
0
0
0
0
0
0
0
0
0
0
0
0
0
4.9149
0
0
0
0
0
0
0
0
0
0
0
0
0
0
0
0
0
0
0
0
-4.9149
0
0
0
0
0
0
0
0
0
0
0
0
0
0
0
0
0
0
0
0
0
0
0
0
0
0
0
0
0
0
0
0
0
0
0
0
0
0
0
0
0
0
0
0
0
0
0
0
0
0
0
0
0
0
0
0
0
0
0
0
0
0
0
0
0
0
0
0
0
0
0
0
0
0
0
0
0
0
0
0
0
4.9149
0
0
0
0
0
0
0
0
0
0
0
0
0
0
0
0
0
0
0
0
-4.915
0
0
0
0
0
0
0
0
0
0
0
0
0
0
0
0
0
0
0
0
0
0
0
0
0
0
0
0
0
0
0
0
0
0
0
0
0
0
0
0
0
0
0
0
0
0
0
0
0
0
0
0
0
0
0
0
0
0
0
0
0
0
0
0
0
0
0
0
0
0
0
0
0
0
0
0
0
0
0
0
0
4.915
0
0
0
0
0
0
0
0
0
0
0
0
0
0
0
0
0
0
0
0
0
0
0
0
0
0
0
0
0
0
0
0
0
0
0
0
0
0
0
0
0
0
0
0
0
0
0
0
0
0
0
0
0
0
0
0
0
0
0
0
0
0
0
0
0
0
0
0
0
0
0
0
0
0
0
0
0
-2.7195
0
0
0
0
0
0
0
0
0
0
0
0
0
0
0
0
0
0
0
0
0
0
0
0
2.7195
0
0
0
0
0
0
0
0
0
0
0
0
0
0
0
0
0
0
0
0
0
0
0
0
0
0
0
0
0
0
0
0
0
0
0
0
0
0
0
0
0
0
0
0
0
0
0
0
0
0
0
0
0
-2.1741
0
0
0
0
0
0
0
0
0
0
0
0
0
0
0
0
0
0
0
0
0
0
0
0
0
0
0
0
0
0
0
0
0
0
0
0
0
0
0
0
0
0
0
0
0
0
0
0
2.1741
0
0
0
0
0
0
0
0
0
0
0
0
0
0
0
0
0
0
0
0
0
0
0
0
0
0
0
0
0
0
0
0
0
0
0
0
0
0
0
0
0
0
0
0
0
0
0
0
0
0
0
0
0
0
0
0
0
0
0
0
0
0
0
0
-2.7532
0
0
0
0
0
0
0
0
0
0
0
0
0
0
0
0
0
0
0
0
0
0
0
0
0
0
0
0
0
0
0
0
0
0
0
0
0
2.7532
0
0
0
0
0
0
0
0
0
0
0
0
0
0
0
0
0
0
0
0
0
0
0
0
0
0
0
0
0
0
0
0
0
0
0
0
0
0
0
0
0
0
0
-2.8474
0
0
0
0
0
0
0
0
0
0
0
0
0
0
0
0
0
0
0
0
0
0
0
0
0
0
0
0
0
0
0
0
0
0
0
0
0
0
0
0
0
0
0
0
0
0
0
0
0
0
0
0
0
0
0
0
0
0
2.8474
0
0
0
0
0
0
0
0
0
0
0
0
0
0
0
0
0
0
0
0
0
0
0
0
0
0
0
0
0
-4.5372
0
0
0
0
0
0
0
0
0
0
0
0
0
0
0
0
0
0
0
0
0
0
0
0
0
0
0
0
0
0
0
0
0
0
0
0
0
0
0
0
0
0
0
0
0
0
0
0
0
0
0
0
0
0
0
0
0
0
0
0
0
0
0
0
0
0
0
0
0
0
0
0
4.5372
0
0
0
0
0
0
0
0
0
0
0
0
0
0
0
0
-4.512
0
0
0
0
0
0
0
0
0
0
0
0
0
0
0
0
0
0
0
0
0
0
0
0
0
0
0
0
0
0
0
0
0
0
0
0
0
0
0
0
0
0
0
0
0
0
0
0
0
0
0
0
0
0
0
0
0
0
0
0
0
0
0
0
0
0
0
0
0
0
0
0
0
0
0
0
0
0
0
0
0
0
0
0
0
4.512
0
0
0
0
0
0
0
0
0
0
0
0
0
0
0
0
0
0
0
0
0
0
0
0
0
0
0
0
0
0
0
0
0
0
0
0
0
0
-3.0038
0
0
0
0
0
0
0
0
0
0
0
0
0
0
0
0
0
0
0
0
0
0
0
0
0
0
0
0
0
0
0
0
0
0
0
0
0
0
0
0
0
0
0
0
0
0
0
0
0
0
0
0
0
0
0
0
0
0
0
0
0
0
0
3.0038
0
0
0
0
0
0
0
0
0
0
0
0
0
0
0
0
0
0
0
0
0
0
0
0
0
0
0
0
0
0
0
0
0
0
0
0
0
0
0
0
0
0
0
0
0
0
0
0
0
0
0
0
0
0
0
0
0
0
0
0
0
0
0
0
0
0
0
-1.6022
0
0
0
0
0
0
0
0
0
0
0
0
0
0
0
0
0
0
0
0
0
0
0
0
0
0
0
0
0
0
0
0
0
0
1.6022
0
0
0
0
0
0
0
-4.8718
0
0
0
0
0
0
0
0
0
0
0
0
0
0
0
0
0
0
0
0
0
0
0
0
0
0
0
0
0
0
0
0
0
0
0
0
0
0
0
0
0
0
0
0
0
0
0
0
0
0
0
0
0
0
0
0
0
0
0
0
0
0
0
0
0
0
0
0
0
0
0
0
0
0
0
0
0
0
0
0
0
0
0
0
0
0
0
0
0
0
0
0
0
0
4.8718
0
0
0
0
0
0
0
0
0
0
0
0
0
0
0
0
0
0
0
0
0
0
0
0
0
0
0
0
0
0
0
0
0
0
0
0
0
0
0
0
0
0
0
0
0
0
0
0
0
0
0
0
0
0
0
0
0
0
0
0
-1.2924
0
0
0
0
0
0
0
0
0
0
0
0
0
0
0
0
0
0
0
0
0
0
0
0
0
0
0
0
0
0
0
0
0
0
0
0
0
0
0
0
0
1.2924
0
0
0
0
0
0
0
0
0
0
0
0
0
0
0
0
0
0
0
0
0
0
0
-4.5372
0
0
0
0
0
0
0
0
0
0
0
0
0
0
0
0
0
0
0
0
0
0
0
0
0
0
0
0
0
0
0
0
0
0
0
0
0
0
0
0
0
0
0
0
0
0
0
0
0
0
0
0
0
0
0
0
0
0
0
0
0
0
0
0
0
0
0
0
0
0
0
0
0
0
0
0
0
0
4.5372
0
0
0
0
0
0
0
0
0
0
0
0
0
0
0
0
0
0
0
0
0
0
0
0
0
0
0
0
0
0
0
0
0
0
0
0
0
-3.0257
0
0
0
0
0
0
0
0
0
0
0
0
0
0
0
0
0
0
0
0
0
0
0
0
0
0
0
0
0
0
0
0
0
0
0
0
0
0
0
0
0
0
0
0
0
0
0
0
0
0
0
0
0
0
0
0
0
0
0
0
0
0
0
0
3.0257
