59.0504
-0.88818
-0.88214
-0.88818
-0.89175
-0.89097
-0.90283
-0.90283
-0.88625
-0.8925
-0.88512
-0.88512
-0.88512
-0.89122
-0.88537
-0.86805
-0.89987
-0.88031
-0.86804
-0.86806
-0.86807
-0.90132
-0.88542
-0.88849
-0.89723
-0.90012
-0.89786
-0.89786
-0.88304
-0.88304
-0.90664
-0.87882
-0.89504
-0.8948
-0.87831
-0.90065
-0.87261
-0.90811
-0.89883
-0.88894
-0.89875
-0.88521
-0.89055
-0.89005
-0.86403
-0.88701
-0.87963
-0.83447
-0.92116
-0.88123
-0.93625
-1.1883
-1.286
0
-1.699
0
-1.3991
-1.1953
0
0
0
0
0
0
0
0
0
0
-2.6963
0
0
0
0
0
0
0
0
0
0
0
0
0
0
0
0
0
-5.1509
0
0
0
0
0
0
0
0
0
0
0
0
0
0
0
-0.88818
52.9749
-0.88136
-0.8837
-0.88723
-0.88646
-0.90127
-0.90128
-0.88162
-0.88821
-0.88065
-0.88065
-0.88065
-0.88674
-0.88079
-0.86369
-0.89529
-0.87596
-0.86368
-0.8637
-0.86371
-0.89684
-0.88113
-0.88391
-0.89255
-0.89848
-0.89319
-0.89318
-0.8785
-0.8785
-0.90211
-0.87447
-0.89047
-0.88997
-0.87396
-0.89667
-0.8697
-0.90316
-0.89477
-0.88432
-0.89524
-0.88037
-0.88569
-0.88534
-0.85938
-0.88231
-0.87495
-0.82992
-0.91631
-0.87621
-0.9319
-1.179
-1.2755
0
0
0
-1.3862
0
0
0
0
0
0
0
0
0
0
0
0
0
0
0
0
0
-4.9058
0
0
0
0
0
0
0
0
0
0
0
0
0
0
0
0
0
0
0
0
0
0
0
0
0
0
0
-0.88214
-0.88136
50.5991
-0.88136
-0.88554
-0.88475
-0.89752
-0.89752
-0.87996
-0.88904
-0.8789
-0.8789
-0.8789
-0.88505
-0.87915
-0.86194
-0.89361
-0.87427
-0.86194
-0.86195
-0.86196
-0.89575
-0.87938
-0.88233
-0.89075
-0.89706
-0.89138
-0.89139
-0.87673
-0.87673
-0.90054
-0.87269
-0.88889
-0.88814
-0.87296
-0.89515
-0.86891
-0.90129
-0.89296
-0.88255
-0.89336
-0.87853
-0.88419
-0.88352
-0.85758
-0.88049
-0.87314
-0.82816
-0.91444
-0.87434
-0.93027
-1.1745
-1.2709
0
0
0
-1.3785
0
0
0
0
0
0
0
0
0
0
0
-2.6358
0
0
0
0
0
0
0
0
0
0
0
0
0
0
0
0
0
0
0
0
0
0
0
0
0
0
0
0
0
0
0
0
0
-0.88818
-0.8837
-0.88136
52.9749
-0.88722
-0.88646
-0.90127
-0.90127
-0.88163
-0.88821
-0.88065
-0.88065
-0.88065
-0.88675
-0.88079
-0.86369
-0.89529
-0.87596
-0.86368
-0.8637
-0.86371
-0.89684
-0.88113
-0.88391
-0.89255
-0.89848
-0.89318
-0.89318
-0.87849
-0.8785
-0.90211
-0.87447
-0.89046
-0.88997
-0.87396
-0.89667
-0.8697
-0.90316
-0.89477
-0.88432
-0.89523
-0.88038
-0.88569
-0.88534
-0.85939
-0.88232
-0.87495
-0.82992
-0.91631
-0.87621
-0.9319
-1.179
-1.2755
0
0
0
-1.3862
0
0
0
0
0
0
0
0
0
0
0
0
0
0
0
0
0
0
0
0
0
0
0
0
0
0
0
0
0
0
0
0
0
0
0
0
0
0
0
0
0
-4.9059
0
0
0
-0.89175
-0.88723
-0.88554
-0.88722
48.2838
-0.89065
-0.90345
-0.90345
-0.88599
-0.89242
-0.8847
-0.8847
-0.8847
-0.89139
-0.88519
-0.86747
-0.90034
-0.88012
-0.86747
-0.86749
-0.8675
-0.90369
-0.88539
-0.88863
-0.89685
-0.90387
-0.89749
-0.89749
-0.88265
-0.88265
-0.90707
-0.87856
-0.89522
-0.89414
-0.87953
-0.90164
-0.87576
-0.90749
-0.89911
-0.88861
-0.89945
-0.88439
-0.89052
-0.88944
-0.86333
-0.8864
-0.879
-0.83362
-0.92059
-0.88001
-0.93694
-1.1813
-1.2787
0
0
0
-1.3856
0
0
0
0
0
0
0
0
0
0
0
0
0
0
0
0
0
0
0
0
0
0
0
0
0
0
0
0
0
0
0
0
0
0
0
0
0
0
0
0
0
0
0
0
0
-0.89097
-0.88646
-0.88475
-0.88646
-0.89065
46.8299
-0.90193
-0.90193
-0.88416
-0.89137
-0.8831
-0.88311
-0.8831
-0.88993
-0.88344
-0.86596
-0.89957
-0.87863
-0.86595
-0.86597
-0.86598
-0.90335
-0.88397
-0.88714
-0.89543
-0.9024
-0.89607
-0.89607
-0.88126
-0.88126
-0.90553
-0.87715
-0.89374
-0.89273
-0.87819
-0.90017
-0.87457
-0.90604
-0.89767
-0.88722
-0.89799
-0.88298
-0.88917
-0.88815
-0.86205
-0.8851
-0.8777
-0.83236
-0.91925
-0.87872
-0.93551
-1.18
-1.2775
0
0
0
0
0
0
0
0
0
0
0
0
0
0
0
0
0
0
0
0
0
0
0
0
0
0
0
0
0
0
0
0
0
0
0
0
0
0
0
0
0
0
0
0
0
0
0
0
0
-0.90283
-0.90127
-0.89752
-0.90127
-0.90345
-0.90193
53.8315
-0.9139
-0.89577
-0.90217
-0.89477
-0.89477
-0.89477
-0.90083
-0.89469
-0.87721
-0.90899
-0.88979
-0.8772
-0.87722
-0.87724
-0.90996
-0.8954
-0.89763
-0.90697
-0.91263
-0.90761
-0.9076
-0.89253
-0.89253
-0.9163
-0.8887
-0.9044
-0.90432
-0.88648
-0.91076
-0.88208
-0.91791
-0.90928
-0.89854
-0.90958
-0.89453
-0.89954
-0.89962
-0.87333
-0.89656
-0.8891
-0.84333
-0.93106
-0.89061
0
0
0
0
0
0
0
0
0
0
0
0
0
0
0
0
0
0
0
0
0
0
0
0
0
0
0
0
0
0
0
0
0
0
-4.9275
0
0
0
-4.9275
0
0
0
0
0
0
0
0
0
0
0
0
0
-0.90283
-0.90128
-0.89752
-0.90127
-0.90345
-0.90193
-0.9139
53.8317
-0.89577
-0.90217
-0.89477
-0.89478
-0.89477
-0.90083
-0.89469
-0.87721
-0.90898
-0.88979
-0.87721
-0.87722
-0.87724
-0.90996
-0.8954
-0.89763
-0.90698
-0.91263
-0.9076
-0.90761
-0.89253
-0.89253
-0.91631
-0.8887
-0.9044
-0.90432
-0.88648
-0.91076
-0.88208
-0.91791
-0.90928
-0.89854
-0.90958
-0.89453
-0.89954
-0.89963
-0.87334
-0.89656
-0.8891
-0.84334
-0.93106
-0.89061
0
0
0
0
0
0
0
0
0
0
0
0
0
0
0
0
0
0
0
0
0
0
0
0
0
0
0
0
0
0
0
0
0
0
0
0
0
-4.9276
0
-4.9276
0
0
0
0
0
0
0
0
0
0
0
0
-0.88625
-0.88162
-0.87996
-0.88163
-0.88599
-0.88416
-0.89577
-0.89577
45.9513
-0.88531
-0.87761
-0.87762
-0.87761
-0.88369
-0.87618
-0.86052
-0.89339
-0.87299
-0.8605
-0.86052
-0.86054
-0.89598
-0.87796
-0.88041
-0.88959
-0.89685
-0.89023
-0.89023
-0.87557
-0.87558
-0.89931
-0.87118
-0.88773
-0.88693
-0.87272
-0.89285
-0.86823
-0.90009
-0.89038
-0.88134
-0.89278
-0.87731
-0.88353
-0.88255
-0.85657
-0.87952
-0.87216
-0.82707
-0.91346
-0.87318
-0.92885
0
0
0
0
0
0
0
0
-1.8635
0
0
0
0
0
0
0
0
0
0
0
0
0
0
0
0
0
0
0
0
0
0
0
0
0
0
0
0
0
0
0
0
0
0
0
0
0
0
0
0
0
0
-0.8925
-0.88821
-0.88904
-0.88821
-0.89242
-0.89137
-0.90217
-0.90217
-0.88531
50.0382
-0.88464
-0.88465
-0.88465
-0.89062
-0.88448
-0.86745
-0.899
-0.87972
-0.86745
-0.86746
-0.86748
-0.90066
-0.88482
-0.88749
-0.89662
-0.90174
-0.89725
-0.89725
-0.88242
-0.88242
-0.906
-0.87808
-0.89434
-0.89404
-0.87803
-0.90003
-0.87288
-0.9074
-0.89812
-0.88821
-0.89887
-0.88434
-0.89001
-0.8896
-0.86349
-0.88656
-0.87916
-0.83373
-0.92073
0
0
0
0
0
0
0
0
-1.1926
0
0
0
0
0
0
0
-1.675
0
0
0
0
0
0
0
0
0
0
0
0
0
0
0
0
0
0
0
0
0
0
0
0
0
0
0
0
0
-4.5673
0
0
0
0
0
0
-0.88512
-0.88065
-0.8789
-0.88065
-0.8847
-0.8831
-0.89477
-0.89477
-0.87761
-0.88464
44.0404
-0.87646
-0.87646
-0.88262
-0.87709
-0.85921
-0.89187
-0.87219
-0.8592
-0.85922
-0.85923
-0.89353
-0.8772
-0.88027
-0.88855
-0.89538
-0.88919
-0.88919
-0.87457
-0.87457
-0.89834
-0.87046
-0.8868
-0.8859
-0.87171
-0.89316
-0.86815
-0.89902
-0.89073
-0.88045
-0.89106
-0.87626
-0.88231
-0.88149
-0.85552
-0.87846
-0.8711
-0.82604
-0.91237
-0.87202
-0.92811
0
0
0
0
0
0
0
0
0
0
0
0
0
0
0
0
0
0
0
0
0
0
0
0
0
0
0
0
0
0
0
0
0
0
0
0
0
0
0
0
0
0
0
0
0
0
0
0
0
0
0
-0.88512
-0.88065
-0.8789
-0.88065
-0.8847
-0.88311
-0.89477
-0.89478
-0.87762
-0.88465
-0.87646
44.0405
-0.87646
-0.88262
-0.87709
-0.85921
-0.89187
-0.87219
-0.8592
-0.85922
-0.85924
-0.89353
-0.8772
-0.88027
-0.88855
-0.89538
-0.8892
-0.88919
-0.87457
-0.87457
-0.89834
-0.87046
-0.8868
-0.8859
-0.87171
-0.89316
-0.86815
-0.89902
-0.89073
-0.88045
-0.89107
-0.87626
-0.88232
-0.88149
-0.85552
-0.87846
-0.8711
-0.82605
-0.91237
-0.87202
-0.92811
0
0
0
0
0
0
0
0
0
0
0
0
0
0
0
0
0
0
0
0
0
0
0
0
0
0
0
0
0
0
0
0
0
0
0
0
0
0
0
0
0
0
0
0
0
0
0
0
0
0
0
-0.88512
-0.88065
-0.8789
-0.88065
-0.8847
-0.8831
-0.89477
-0.89477
-0.87761
-0.88465
-0.87646
-0.87646
44.0404
-0.88262
-0.87709
-0.85921
-0.89187
-0.87219
-0.8592
-0.85922
-0.85923
-0.89353
-0.8772
-0.88027
-0.88855
-0.89537
-0.88919
-0.88919
-0.87457
-0.87457
-0.89835
-0.87046
-0.88681
-0.8859
-0.87171
-0.89316
-0.86815
-0.89902
-0.89073
-0.88045
-0.89106
-0.87626
-0.88232
-0.88149
-0.85552
-0.87846
-0.87109
-0.82605
-0.91237
-0.87202
-0.92811
0
0
0
0
0
0
0
0
0
0
0
0
0
0
0
0
0
0
0
0
0
0
0
0
0
0
0
0
0
0
0
0
0
0
0
0
0
0
0
0
0
0
0
0
0
0
0
0
0
0
0
-0.89122
-0.88674
-0.88505
-0.88675
-0.89139
-0.88993
-0.90083
-0.90083
-0.88369
-0.89062
-0.88262
-0.88262
-0.88262
46.3007
-0.88255
-0.86531
-0.89876
-0.87788
-0.8653
-0.86532
-0.86533
-0.9019
-0.88332
-0.88632
-0.89483
-0.90347
-0.89547
-0.89547
-0.88068
-0.88067
-0.90445
-0.87657
-0.89252
-0.89208
-0.87695
-0.89911
-0.87385
-0.90538
-0.89677
-0.88634
-0.89552
-0.88234
-0.88846
-0.88756
-0.86147
-0.88452
-0.87712
-0.83179
-0.91864
-0.87818
0
0
0
0
0
0
0
0
0
0
0
0
0
0
0
0
0
0
0
0
0
-2.8936
0
0
0
0
0
0
0
0
0
0
0
0
0
0
0
0
0
0
0
0
0
0
0
0
0
0
0
0
0
0
-0.88537
-0.88079
-0.87915
-0.88079
-0.88519
-0.88344
-0.89469
-0.89469
-0.87618
-0.88448
-0.87709
-0.87709
-0.87709
-0.88255
45.2712
-0.85976
-0.89209
-0.87233
-0.85975
-0.85977
-0.85978
-0.89353
-0.8774
-0.8773
-0.88874
-0.89572
-0.88938
-0.88938
-0.87474
-0.87474
-0.89834
-0.87071
-0.8868
-0.88608
-0.87137
-0.89243
-0.86722
-0.89922
-0.89033
-0.88061
-0.89175
-0.87658
-0.88247
-0.8818
-0.85584
-0.87878
-0.87142
-0.82637
-0.91269
-0.87247
0
0
0
0
0
0
0
0
0
0
0
0
0
0
0
0
-2.1549
0
0
0
0
0
0
0
0
0
0
0
0
0
0
0
0
0
0
0
0
0
0
0
0
0
0
0
0
0
0
0
0
0
0
0
-0.86805
-0.86369
-0.86194
-0.86369
-0.86747
-0.86596
-0.87721
-0.87721
-0.86052
-0.86745
-0.85921
-0.85921
-0.85921
-0.86531
-0.85976
42.2678
-0.87427
-0.85444
-0.83959
-0.83961
-0.83961
-0.87738
-0.85985
-0.8625
-0.87066
-0.87693
-0.87131
-0.87131
-0.85723
-0.85723
-0.87982
-0.8534
-0.86885
-0.86814
-0.85446
-0.87486
-0.85106
-0.88067
-0.87268
-0.86272
-0.87291
-0.85883
-0.86459
-0.86418
-0.83862
-0.8612
-0.85395
-0.80983
-0.89444
-0.8548
0
0
0
0
0
0
0
0
0
0
0
0
0
0
0
0
0
0
0
0
0
0
0
0
0
0
0
0
0
0
0
0
0
0
0
0
0
0
0
0
0
0
0
0
0
0
0
0
0
0
0
0
-0.89987
-0.89529
-0.89361
-0.89529
-0.90034
-0.89957
-0.90899
-0.90898
-0.89339
-0.899
-0.89187
-0.89187
-0.89187
-0.89876
-0.89209
-0.87427
47.0876
-0.88689
-0.87426
-0.87428
-0.87429
-0.91035
-0.89255
-0.89521
-0.90405
-0.9105
-0.90469
-0.90469
-0.88966
-0.88966
-0.91384
-0.88577
-0.9019
-0.90132
-0.88513
-0.90834
-0.88137
-0.9149
-0.90633
-0.89572
-0.90662
-0.89147
-0.89724
-0.8969
-0.87059
-0.89384
-0.88638
-0.84049
-0.92829
0
0
0
0
0
0
0
0
0
0
0
0
0
0
0
0
0
0
0
0
0
0
0
0
0
0
0
0
0
0
0
0
0
0
-4.135
0
0
0
0
0
0
0
0
0
0
0
0
0
0
0
0
0
0
-0.88031
-0.87596
-0.87427
-0.87596
-0.88012
-0.87863
-0.88979
-0.88979
-0.87299
-0.87972
-0.87219
-0.87219
-0.87219
-0.87788
-0.87233
-0.85444
-0.88689
43.2362
-0.85443
-0.85445
-0.85446
-0.8893
-0.87233
-0.87509
-0.88353
-0.89026
-0.88418
-0.88418
-0.86974
-0.86974
-0.89287
-0.86577
-0.88138
-0.88094
-0.8664
-0.88765
-0.86271
-0.89387
-0.88553
-0.8743
-0.88569
-0.87141
-0.87722
-0.87686
-0.85097
-0.87384
-0.86651
-0.8216
-0.90756
0
0
0
0
0
0
0
0
0
0
0
0
0
0
-1.2257
0
0
0
0
0
0
0
0
0
0
0
0
0
0
0
0
0
0
0
0
0
0
0
0
0
0
0
0
0
0
0
0
0
0
0
0
0
0
-0.86804
-0.86368
-0.86194
-0.86368
-0.86747
-0.86595
-0.8772
-0.87721
-0.8605
-0.86745
-0.8592
-0.8592
-0.8592
-0.8653
-0.85975
-0.83959
-0.87426
-0.85443
42.2675
-0.8396
-0.83961
-0.87737
-0.85985
-0.86249
-0.87065
-0.87693
-0.8713
-0.8713
-0.85722
-0.85722
-0.87981
-0.85339
-0.86884
-0.86814
-0.85446
-0.87485
-0.85105
-0.88067
-0.87268
-0.86271
-0.87291
-0.85883
-0.86458
-0.86418
-0.83861
-0.8612
-0.85395
-0.80982
-0.89443
-0.85479
0
0
0
0
0
0
0
0
0
0
0
0
0
0
0
0
0
0
0
0
0
0
0
0
0
0
0
0
0
0
0
0
0
0
0
0
0
0
0
0
0
0
0
0
0
0
0
0
0
0
0
0
-0.86806
-0.8637
-0.86195
-0.8637
-0.86749
-0.86597
-0.87722
-0.87722
-0.86052
-0.86746
-0.85922
-0.85922
-0.85922
-0.86532
-0.85977
-0.83961
-0.87428
-0.85445
-0.8396
42.2683
-0.83962
-0.87739
-0.85987
-0.8625
-0.87067
-0.87694
-0.87132
-0.87132
-0.85724
-0.85724
-0.87983
-0.85341
-0.86886
-0.86815
-0.85447
-0.87487
-0.85107
-0.88069
-0.87269
-0.86273
-0.87292
-0.85884
-0.8646
-0.86419
-0.83863
-0.86121
-0.85397
-0.80984
-0.89445
-0.85481
0
0
0
0
0
0
0
0
0
0
0
0
0
0
0
0
0
0
0
0
0
0
0
0
0
0
0
0
0
0
0
0
0
0
0
0
0
0
0
0
0
0
0
0
0
0
0
0
0
0
0
0
-0.86807
-0.86371
-0.86196
-0.86371
-0.8675
-0.86598
-0.87724
-0.87724
-0.86054
-0.86748
-0.85923
-0.85924
-0.85923
-0.86533
-0.85978
-0.83961
-0.87429
-0.85446
-0.83961
-0.83962
42.2689
-0.8774
-0.85988
-0.86252
-0.87068
-0.87696
-0.87133
-0.87133
-0.85725
-0.85725
-0.87984
-0.85342
-0.86887
-0.86816
-0.85448
-0.87488
-0.85109
-0.8807
-0.8727
-0.86274
-0.87294
-0.85885
-0.86461
-0.86421
-0.83864
-0.86122
-0.85398
-0.80985
-0.89446
-0.85482
0
0
0
0
0
0
0
0
0
0
0
0
0
0
0
0
0
0
0
0
0
0
0
0
0
0
0
0
0
0
0
0
0
0
0
0
0
0
0
0
0
0
0
0
0
0
0
0
0
0
0
0
-0.90132
-0.89684
-0.89575
-0.89684
-0.90369
-0.90335
-0.90996
-0.90996
-0.89598
-0.90066
-0.89353
-0.89353
-0.89353
-0.9019
-0.89353
-0.87738
-0.91035
-0.8893
-0.87737
-0.87739
-0.8774
45.0363
-0.89261
-0.89531
-0.90403
-0.90965
-0.90469
-0.90469
-0.88978
-0.88978
-0.91389
-0.88582
-0.90177
-0.90106
-0.88425
-0.90809
0
-0.91473
-0.9064
-0.89562
-0.90685
-0.89022
0
0
0
0
0
0
0
0
0
0
0
0
0
0
0
0
0
0
0
0
0
0
0
0
0
0
0
0
0
0
0
0
0
0
0
0
0
0
0
0
0
0
0
0
0
0
0
0
0
0
0
0
-4.5688
0
0
0
0
0
-4.5687
0
-0.88542
-0.88113
-0.87938
-0.88113
-0.88539
-0.88397
-0.8954
-0.8954
-0.87796
-0.88482
-0.8772
-0.8772
-0.8772
-0.88332
-0.8774
-0.85985
-0.89255
-0.87233
-0.85985
-0.85987
-0.85988
-0.89261
37.0368
-0.87937
-0.88745
-0.89323
-0.88814
-0.88814
-0.87371
-0.87371
-0.89731
-0.86613
-0.88598
-0.88434
-0.87258
-0.89225
0
-0.89769
-0.8893
-0.87931
-0.89062
-0.87332
0
0
0
0
0
0
0
0
0
0
0
-1.7849
0
0
0
0
0
0
0
0
0
0
0
0
0
0
0
0
0
0
0
0
0
0
0
0
0
0
0
0
0
0
0
0
0
0
0
0
0
0
0
0
0
0
0
0
0
0
0
0
-0.88849
-0.88391
-0.88233
-0.88391
-0.88863
-0.88714
-0.89763
-0.89763
-0.88041
-0.88749
-0.88027
-0.88027
-0.88027
-0.88632
-0.8773
-0.8625
-0.89521
-0.87509
-0.86249
-0.8625
-0.86252
-0.89531
-0.87937
35.0141
-0.89046
-0.89462
-0.89108
-0.89108
-0.87638
-0.87638
-0.89871
-0.87139
-0.88739
-0.8873
-0.87353
-0.89342
0
-0.90066
0
0
0
0
0
0
0
0
0
0
0
0
0
0
0
0
0
0
0
0
0
0
0
0
0
0
0
0
0
0
0
0
-3.2046
0
0
0
0
0
0
0
0
0
0
0
0
0
0
0
0
0
0
0
0
0
0
0
0
0
0
0
0
0
0
0
-0.89723
-0.89255
-0.89075
-0.89255
-0.89685
-0.89543
-0.90697
-0.90698
-0.88959
-0.89662
-0.88855
-0.88855
-0.88855
-0.89483
-0.88874
-0.87066
-0.90405
-0.88353
-0.87065
-0.87067
-0.87068
-0.90403
-0.88745
-0.89046
30.3508
-0.91044
-0.90206
-0.90206
-0.88611
-0.88611
-0.90764
-0.88077
-0.89962
-0.89757
0
0
0
-0.91152
0
0
0
0
0
0
0
0
0
0
0
0
0
0
0
0
0
0
0
0
0
0
0
0
0
0
0
0
0
0
0
0
0
0
0
0
0
0
0
0
0
0
0
0
0
0
0
0
0
0
0
0
0
0
0
0
0
0
0
0
0
0
0
0
-0.90012
-0.89848
-0.89706
-0.89848
-0.90387
-0.9024
-0.91263
-0.91263
-0.89685
-0.90174
-0.89538
-0.89538
-0.89537
-0.90347
-0.89572
-0.87693
-0.9105
-0.89026
-0.87693
-0.87694
-0.87696
-0.90965
-0.89323
-0.89462
-0.91044
31.3518
-0.91022
-0.91022
-0.8959
-0.89591
-0.92186
0
0
0
0
0
0
0
0
0
0
0
0
0
0
0
0
0
0
0
0
0
0
0
-1.6319
0
0
0
0
0
0
-2.0758
-0.684
0
0
0
0
0
0
0
0
0
0
0
0
0
0
0
0
0
0
0
0
0
0
0
0
0
0
0
0
0
0
0
0
0
0
0
0
0
0
0
-0.89786
-0.89319
-0.89138
-0.89318
-0.89749
-0.89607
-0.90761
-0.9076
-0.89023
-0.89725
-0.88919
-0.8892
-0.88919
-0.89547
-0.88938
-0.87131
-0.90469
-0.88418
-0.8713
-0.87132
-0.87133
-0.90469
-0.88814
-0.89108
-0.90206
-0.91022
29.4591
-0.9047
-0.8854
-0.8854
-0.91008
-0.88055
-0.90112
-0.89723
0
0
0
0
0
0
0
0
0
0
0
0
0
0
0
0
0
0
0
0
0
0
0
0
0
0
0
0
0
0
0
0
0
0
0
0
0
0
0
0
0
0
0
0
0
0
0
0
0
0
0
0
0
0
0
0
0
0
0
0
0
0
0
0
0
0
0
0
-0.89786
-0.89318
-0.89139
-0.89318
-0.89749
-0.89607
-0.9076
-0.90761
-0.89023
-0.89725
-0.88919
-0.88919
-0.88919
-0.89547
-0.88938
-0.87131
-0.90469
-0.88418
-0.8713
-0.87132
-0.87133
-0.90469
-0.88814
-0.89108
-0.90206
-0.91022
-0.9047
29.4591
-0.8854
-0.8854
-0.91008
-0.88055
-0.90112
-0.89723
0
0
0
0
0
0
0
0
0
0
0
0
0
0
0
0
0
0
0
0
0
0
0
0
0
0
0
0
0
0
0
0
0
0
0
0
0
0
0
0
0
0
0
0
0
0
0
0
0
0
0
0
0
0
0
0
0
0
0
0
0
0
0
0
0
0
0
0
-0.88304
-0.8785
-0.87673
-0.87849
-0.88265
-0.88126
-0.89253
-0.89253
-0.87557
-0.88242
-0.87457
-0.87457
-0.87457
-0.88068
-0.87474
-0.85723
-0.88966
-0.86974
-0.85722
-0.85724
-0.85725
-0.88978
-0.87371
-0.87638
-0.88611
-0.8959
-0.8854
-0.8854
28.0783
-0.85268
-0.89728
-0.86225
-0.88222
0
0
0
0
0
0
0
0
0
0
0
0
0
0
0
0
0
0
0
0
0
0
0
0
0
0
0
0
0
0
0
0
0
0
0
0
0
0
0
0
0
0
0
0
0
0
0
0
0
0
0
0
0
0
0
0
0
0
0
0
0
0
0
0
0
0
0
0
0
-0.88304
-0.8785
-0.87673
-0.8785
-0.88265
-0.88126
-0.89253
-0.89253
-0.87558
-0.88242
-0.87457
-0.87457
-0.87457
-0.88067
-0.87474
-0.85723
-0.88966
-0.86974
-0.85722
-0.85724
-0.85725
-0.88978
-0.87371
-0.87638
-0.88611
-0.89591
-0.8854
-0.8854
-0.85268
28.0783
-0.89728
-0.86225
-0.88222
0
0
0
0
0
0
0
0
0
0
0
0
0
0
0
0
0
0
0
0
0
0
0
0
0
0
0
0
0
0
0
0
0
0
0
0
0
0
0
0
0
0
0
0
0
0
0
0
0
0
0
0
0
0
0
0
0
0
0
0
0
0
0
0
0
0
0
0
0
-0.90664
-0.90211
-0.90054
-0.90211
-0.90707
-0.90553
-0.9163
-0.91631
-0.89931
-0.906
-0.89834
-0.89834
-0.89835
-0.90445
-0.89834
-0.87982
-0.91384
-0.89287
-0.87981
-0.87983
-0.87984
-0.91389
-0.89731
-0.89871
-0.90764
-0.92186
-0.91008
-0.91008
-0.89728
-0.89728
30.7039
0
0
0
0
0
0
0
0
0
0
0
0
0
0
0
0
0
0
0
0
0
0
0
0
0
0
0
0
0
0
0
0
0
0
0
0
0
0
0
0
0
0
0
0
0
0
0
0
0
0
0
-3.6641
0
0
0
0
0
0
0
0
0
0
0
0
0
0
0
0
0
0
0
-0.87882
-0.87447
-0.87269
-0.87447
-0.87856
-0.87715
-0.8887
-0.8887
-0.87118
-0.87808
-0.87046
-0.87046
-0.87046
-0.87657
-0.87071
-0.8534
-0.88577
-0.86577
-0.85339
-0.85341
-0.85342
-0.88582
-0.86613
-0.87139
-0.88077
0
-0.88055
-0.88055
-0.86225
-0.86225
0
27.0175
0
0
0
0
0
0
0
0
0
0
0
0
0
0
0
0
0
0
0
0
0
-1.7212
0
0
0
0
0
0
0
0
0
0
0
0
0
0
0
0
0
0
0
0
0
0
0
0
0
0
0
0
0
0
0
0
0
0
0
0
0
0
0
0
0
0
0
0
0
0
0
0
-0.89504
-0.89047
-0.88889
-0.89046
-0.89522
-0.89374
-0.9044
-0.9044
-0.88773
-0.89434
-0.8868
-0.8868
-0.88681
-0.89252
-0.8868
-0.86885
-0.9019
-0.88138
-0.86884
-0.86886
-0.86887
-0.90177
-0.88598
-0.88739
-0.89962
0
-0.90112
-0.90112
-0.88222
-0.88222
0
0
28.814
0
0
0
0
0
0
0
0
0
0
0
0
0
0
0
0
0
0
0
0
0
0
0
0
0
0
0
0
0
0
0
0
0
0
0
0
0
0
0
0
0
0
0
0
0
0
0
0
0
0
0
0
0
0
0
0
0
0
0
0
0
0
0
-3.0295
0
0
0
0
0
-0.8948
-0.88997
-0.88814
-0.88997
-0.89414
-0.89273
-0.90432
-0.90432
-0.88693
-0.89404
-0.8859
-0.8859
-0.8859
-0.89208
-0.88608
-0.86814
-0.90132
-0.88094
-0.86814
-0.86815
-0.86816
-0.90106
-0.88434
-0.8873
-0.89757
0
-0.89723
-0.89723
0
0
0
0
0
23.9948
0
0
0
0
0
0
0
0
0
0
0
0
0
0
0
0
0
0
0
0
0
0
0
0
0
0
0
0
0
0
0
0
0
0
0
0
0
0
0
0
0
0
0
0
0
0
0
0
0
0
0
0
0
0
0
0
0
0
0
0
0
0
0
0
0
0
0
0
-0.87831
-0.87396
-0.87296
-0.87396
-0.87953
-0.87819
-0.88648
-0.88648
-0.87272
-0.87803
-0.87171
-0.87171
-0.87171
-0.87695
-0.87137
-0.85446
-0.88513
-0.8664
-0.85446
-0.85447
-0.85448
-0.88425
-0.87258
-0.87353
0
0
0
0
0
0
0
0
0
0
26.6135
0
0
0
0
0
0
0
0
0
0
0
0
0
0
0
0
0
0
0
0
0
0
0
0
0
0
0
0
0
0
0
0
0
0
0
0
0
0
0
0
0
0
0
0
0
-2.8349
0
0
0
0
0
0
0
0
0
0
0
0
-2.8348
0
0
0
0
0
0
0
0
-0.90065
-0.89667
-0.89515
-0.89667
-0.90164
-0.90017
-0.91076
-0.91076
-0.89285
-0.90003
-0.89316
-0.89316
-0.89316
-0.89911
-0.89243
-0.87486
-0.90834
-0.88765
-0.87485
-0.87487
-0.87488
-0.90809
-0.89225
-0.89342
0
0
0
0
0
0
0
0
0
0
0
25.2161
0
0
0
0
0
0
0
0
0
0
0
0
0
0
0
0
0
0
0
-1.4652
0
0
0
0
0
0
0
0
0
0
0
0
0
0
0
0
0
0
0
0
0
0
0
0
0
0
0
0
0
-2.2853
0
0
0
0
0
0
0
0
0
0
0
0
0
0
0
0
-0.87261
-0.8697
-0.86891
-0.8697
-0.87576
-0.87457
-0.88208
-0.88208
-0.86823
-0.87288
-0.86815
-0.86815
-0.86815
-0.87385
-0.86722
-0.85106
-0.88137
-0.86271
-0.85105
-0.85107
-0.85109
0
0
0
0
0
0
0
0
0
0
0
0
0
0
0
27.9974
0
0
0
0
0
0
0
0
0
0
0
0
0
0
0
0
0
0
0
0
-1.1419
-1.3302
0
-1.3397
0
0
0
0
0
0
0
0
0
0
0
0
0
0
-2.9774
0
0
0
0
0
0
0
0
0
0
0
0
0
0
0
0
0
0
0
0
0
0
0
0
0
-2.9777
-0.90811
-0.90316
-0.90129
-0.90316
-0.90749
-0.90604
-0.91791
-0.91791
-0.90009
-0.9074
-0.89902
-0.89902
-0.89902
-0.90538
-0.89922
-0.88067
-0.9149
-0.89387
-0.88067
-0.88069
-0.8807
-0.91473
-0.89769
-0.90066
-0.91152
0
0
0
0
0
0
0
0
0
0
0
0
22.5303
0
0
0
0
0
0
0
0
0
0
0
0
0
0
0
0
0
0
0
0
0
0
0
0
0
0
0
0
0
0
0
0
0
0
0
0
0
0
0
0
0
0
0
0
0
0
0
0
0
0
0
0
0
0
0
0
0
0
0
0
0
0
0
0
-0.89883
-0.89477
-0.89296
-0.89477
-0.89911
-0.89767
-0.90928
-0.90928
-0.89038
-0.89812
-0.89073
-0.89073
-0.89073
-0.89677
-0.89033
-0.87268
-0.90633
-0.88553
-0.87268
-0.87269
-0.8727
-0.9064
-0.8893
0
0
0
0
0
0
0
0
0
0
0
0
0
0
0
21.9682
0
0
0
0
0
0
0
0
0
0
0
0
0
0
0
0
-1.4455
0
0
0
0
0
0
0
0
0
0
0
0
0
0
0
0
0
0
0
0
0
0
0
0
0
0
0
0
0
0
0
0
0
0
0
0
0
0
0
0
0
0
0
0
0
0
-0.88894
-0.88432
-0.88255
-0.88432
-0.88861
-0.88722
-0.89854
-0.89854
-0.88134
-0.88821
-0.88045
-0.88045
-0.88045
-0.88634
-0.88061
-0.86272
-0.89572
-0.8743
-0.86271
-0.86273
-0.86274
-0.89562
-0.87931
0
0
0
0
0
0
0
0
0
0
0
0
0
0
0
0
21.4982
0
0
0
0
0
0
0
0
0
0
0
0
0
0
0
0
0
0
0
0
0
0
0
-1.2115
0
0
0
0
0
0
0
0
0
0
0
0
0
0
0
0
0
0
0
0
0
0
0
0
0
0
0
0
0
0
0
0
0
0
0
0
0
0
-0.89875
-0.89524
-0.89336
-0.89523
-0.89945
-0.89799
-0.90958
-0.90958
-0.89278
-0.89887
-0.89106
-0.89107
-0.89106
-0.89552
-0.89175
-0.87291
-0.90662
-0.88569
-0.87291
-0.87292
-0.87294
-0.90685
-0.89062
0
0
0
0
0
0
0
0
0
0
0
0
0
0
0
0
0
23.4881
0
0
0
0
0
0
0
0
0
0
0
0
0
0
0
0
0
0
0
0
0
0
0
0
0
0
-2.9553
0
0
0
0
0
0
0
0
0
0
0
0
0
0
0
0
0
0
0
0
0
0
0
0
0
0
0
0
0
0
0
0
0
0
-0.88521
-0.88037
-0.87853
-0.88038
-0.88439
-0.88298
-0.89453
-0.89453
-0.87731
-0.88434
-0.87626
-0.87626
-0.87626
-0.88234
-0.87658
-0.85883
-0.89147
-0.87141
-0.85883
-0.85884
-0.85885
-0.89022
-0.87332
0
0
0
0
0
0
0
0
0
0
0
0
0
0
0
0
0
0
20.192
0
0
0
0
0
0
0
0
0
0
0
0
0
0
0
0
0
0
0
0
0
0
0
0
0
0
0
0
0
0
0
0
0
0
0
0
0
0
0
0
0
0
0
0
0
0
0
0
0
0
0
0
0
0
0
0
0
0
0
0
-0.89055
-0.88569
-0.88419
-0.88569
-0.89052
-0.88917
-0.89954
-0.89954
-0.88353
-0.89001
-0.88231
-0.88232
-0.88232
-0.88846
-0.88247
-0.86459
-0.89724
-0.87722
-0.86458
-0.8646
-0.86461
0
0
0
0
0
0
0
0
0
0
0
0
0
0
0
0
0
0
0
0
0
20.7501
0
0
0
0
0
0
0
0
0
0
0
0
0
0
0
0
0
0
0
0
0
0
0
0
0
0
0
0
0
0
0
0
0
0
0
0
0
0
0
0
0
0
0
0
0
0
0
0
-2.201
0
0
0
0
0
0
0
0
0
0
-0.89005
-0.88534
-0.88352
-0.88534
-0.88944
-0.88815
-0.89962
-0.89963
-0.88255
-0.8896
-0.88149
-0.88149
-0.88149
-0.88756
-0.8818
-0.86418
-0.8969
-0.87686
-0.86418
-0.86419
-0.86421
0
0
0
0
0
0
0
0
0
0
0
0
0
0
0
0
0
0
0
0
0
0
18.5376
0
0
0
0
0
0
0
0
0
0
0
0
0
0
0
0
0
0
0
0
0
0
0
0
0
0
0
0
0
0
0
0
0
0
0
0
0
0
0
0
0
0
0
0
0
0
0
0
0
0
0
0
0
0
0
0
0
0
-0.86403
-0.85938
-0.85758
-0.85939
-0.86333
-0.86205
-0.87333
-0.87334
-0.85657
-0.86349
-0.85552
-0.85552
-0.85552
-0.86147
-0.85584
-0.83862
-0.87059
-0.85097
-0.83861
-0.83863
-0.83864
0
0
0
0
0
0
0
0
0
0
0
0
0
0
0
0
0
0
0
0
0
0
0
17.9924
0
0
0
0
0
0
0
0
0
0
0
0
0
0
0
0
0
0
0
0
0
0
0
0
0
0
0
0
0
0
0
0
0
0
0
0
0
0
0
0
0
0
0
0
0
0
0
0
0
0
0
0
0
0
0
0
0
-0.88701
-0.88231
-0.88049
-0.88232
-0.8864
-0.8851
-0.89656
-0.89656
-0.87952
-0.88656
-0.87846
-0.87846
-0.87846
-0.88452
-0.87878
-0.8612
-0.89384
-0.87384
-0.8612
-0.86121
-0.86122
0
0
0
0
0
0
0
0
0
0
0
0
0
0
0
0
0
0
0
0
0
0
0
0
18.474
0
0
0
0
0
0
0
0
0
0
0
0
0
0
0
0
0
0
0
0
0
0
0
0
0
0
0
0
0
0
0
0
0
0
0
0
0
0
0
0
0
0
0
0
0
0
0
0
0
0
0
0
0
0
0
0
-0.87963
-0.87495
-0.87314
-0.87495
-0.879
-0.8777
-0.8891
-0.8891
-0.87216
-0.87916
-0.8711
-0.8711
-0.87109
-0.87712
-0.87142
-0.85395
-0.88638
-0.86651
-0.85395
-0.85397
-0.85398
0
0
0
0
0
0
0
0
0
0
0
0
0
0
0
0
0
0
0
0
0
0
0
0
0
18.3194
0
0
0
0
0
0
0
0
0
0
0
0
0
0
0
0
0
0
0
0
0
0
0
0
0
0
0
0
0
0
0
0
0
0
0
0
0
0
0
0
0
0
0
0
0
0
0
0
0
0
0
0
0
0
0
-0.83447
-0.82992
-0.82816
-0.82992
-0.83362
-0.83236
-0.84333
-0.84334
-0.82707
-0.83373
-0.82604
-0.82605
-0.82605
-0.83179
-0.82637
-0.80983
-0.84049
-0.8216
-0.80982
-0.80984
-0.80985
0
0
0
0
0
0
0
0
0
0
0
0
0
0
0
0
0
0
0
0
0
0
0
0
0
0
17.3737
0
0
0
0
0
0
0
0
0
0
0
0
0
0
0
0
0
0
0
0
0
0
0
0
0
0
0
0
0
0
0
0
0
0
0
0
0
0
0
0
0
0
0
0
0
0
0
0
0
0
0
0
0
0
-0.92116
-0.91631
-0.91444
-0.91631
-0.92059
-0.91925
-0.93106
-0.93106
-0.91346
-0.92073
-0.91237
-0.91237
-0.91237
-0.91864
-0.91269
-0.89444
-0.92829
-0.90756
-0.89443
-0.89445
-0.89446
0
0
0
0
0
0
0
0
0
0
0
0
0
0
0
0
0
0
0
0
0
0
0
0
0
0
0
19.1864
0
0
0
0
0
0
0
0
0
0
0
0
0
0
0
0
0
0
0
0
0
0
0
0
0
0
0
0
0
0
0
0
0
0
0
0
0
0
0
0
0
0
0
0
0
0
0
0
0
0
0
0
0
-0.88123
-0.87621
-0.87434
-0.87621
-0.88001
-0.87872
-0.89061
-0.89061
-0.87318
0
-0.87202
-0.87202
-0.87202
-0.87818
-0.87247
-0.8548
0
0
-0.85479
-0.85481
-0.85482
0
0
0
0
0
0
0
0
0
0
0
0
0
0
0
0
0
0
0
0
0
0
0
0
0
0
0
0
15.7071
0
0
0
0
0
0
0
0
0
0
0
0
0
0
0
0
0
0
0
0
0
0
0
0
0
0
0
0
0
0
0
0
0
0
0
0
0
0
0
0
0
0
0
0
0
0
0
0
0
0
0
0
-0.93625
-0.9319
-0.93027
-0.9319
-0.93694
-0.93551
0
0
-0.92885
0
-0.92811
-0.92811
-0.92811
0
0
0
0
0
0
0
0
0
0
0
0
0
0
0
0
0
0
0
0
0
0
0
0
0
0
0
0
0
0
0
0
0
0
0
0
0
12.9241
0
0
-1.5603
0
0
0
0
0
0
0
0
0
0
0
0
0
0
0
0
0
0
-2.0479
0
0
0
0
0
0
0
0
0
0
0
0
0
0
0
0
0
0
0
0
0
0
0
0
0
0
0
0
0
-1.1883
-1.179
-1.1745
-1.179
-1.1813
-1.18
0
0
0
0
0
0
0
0
0
0
0
0
0
0
0
0
0
0
0
0
0
0
0
0
0
0
0
0
0
0
0
0
0
0
0
0
0
0
0
0
0
0
0
0
0
7.5705
0
0
0
0
0
0
0
0
0
0
0
0
0
0
0
0
0
0
0
0
0
-0.48831
0
0
0
0
0
0
0
0
0
0
0
0
0
0
0
0
0
0
0
0
0
0
0
0
0
0
0
0
-1.286
-1.2755
-1.2709
-1.2755
-1.2787
-1.2775
0
0
0
0
0
0
0
0
0
0
0
0
0
0
0
0
0
0
0
0
0
0
0
0
0
0
0
0
0
0
0
0
0
0
0
0
0
0
0
0
0
0
0
0
0
0
7.6641
0
0
0
0
0
0
0
0
0
0
0
0
0
0
0
0
0
0
0
0
0
0
0
0
0
0
0
0
0
0
0
0
0
0
0
0
0
0
0
0
0
0
0
0
0
0
0
0
0
0
0
0
0
0
0
0
0
0
0
0
0
0
0
0
0
0
0
0
0
0
0
-1.7849
0
0
0
0
0
0
0
0
-1.7212
0
0
0
0
0
0
0
0
0
0
0
0
0
0
0
0
0
0
-1.5603
0
0
10.3094
0
0
0
0
0
0
0
0
0
0
0
0
0
0
0
0
0
0
0
0
0
0
0
0
-2.6215
0
0
-2.6215
0
0
0
0
0
0
0
0
0
0
0
0
0
0
0
0
0
0
0
0
-1.699
0
0
0
0
0
0
0
0
0
0
0
0
0
0
0
0
0
0
0
0
0
0
0
0
-1.6319
0
0
0
0
0
0
0
0
0
0
0
0
0
0
0
0
0
0
0
0
0
0
0
0
0
0
0
0
10.2536
0
0
0
0
0
0
0
0
0
-1.8728
0
0
0
0
-2.2228
0
0
0
0
0
0
0
0
0
0
0
0
0
0
0
0
0
0
0
0
0
0
-2.8271
0
0
0
0
0
0
0
0
0
0
0
0
0
0
0
0
0
0
0
0
0
0
0
0
0
0
0
0
0
0
0
0
0
0
0
0
0
0
0
0
0
0
0
0
-1.4652
0
0
-1.4455
0
0
0
0
0
0
0
0
0
0
0
0
0
0
0
0
9.5361
0
0
0
-1.7181
0
0
0
0
0
0
0
0
0
-2.3604
0
0
0
0
0
0
0
0
0
-2.5469
0
0
0
0
0
0
0
0
0
0
0
0
0
0
0
0
0
0
0
0
0
0
-1.3991
-1.3862
-1.3785
-1.3862
-1.3856
0
0
0
0
0
0
0
0
0
0
0
0
0
0
0
0
0
0
0
0
0
0
0
0
0
0
0
0
0
0
0
0
0
0
0
0
0
0
0
0
0
0
0
0
0
0
0
0
0
0
0
6.9356
0
0
0
0
0
0
0
0
0
0
0
0
0
0
0
0
0
0
0
0
0
0
0
0
0
0
0
0
0
0
0
0
0
0
0
0
0
0
0
0
0
0
0
0
0
-1.1953
0
0
0
0
0
0
0
0
-1.1926
0
0
0
0
0
0
0
0
0
0
0
0
0
0
0
0
0
0
0
0
0
0
0
0
0
0
-1.1419
0
0
0
0
0
0
0
0
0
0
0
0
0
0
0
0
0
0
0
0
6.9881
0
0
0
0
0
0
0
-1.857
0
0
0
0
0
0
0
0
0
0
0
0
0
0
0
0
0
0
0
0
0
0
0
0
0
0
0
0
0
0
0
0
0
-1.6013
0
0
0
0
0
0
0
0
0
0
0
0
0
0
0
0
0
0
0
0
0
0
0
0
0
0
0
0
0
0
0
0
0
0
0
0
0
0
-1.3302
0
0
0
0
0
0
0
0
0
0
0
0
0
0
0
0
0
0
0
0
0
7.1957
0
-1.6953
-1.9393
0
0
0
0
0
0
0
0
0
-2.2308
0
0
0
0
0
0
0
0
0
0
0
0
0
0
0
0
0
0
0
0
0
0
0
0
0
0
0
0
0
0
0
0
0
0
0
0
0
0
-1.8635
0
0
0
0
0
0
0
0
0
0
0
0
0
0
0
0
0
0
0
0
0
0
0
0
0
0
0
0
0
0
0
0
0
0
0
0
0
0
0
0
0
0
0
0
0
0
-1.7181
0
0
0
8.5927
0
0
0
0
0
0
-2.0812
0
0
0
0
0
0
0
0
0
-2.9299
0
0
0
0
0
0
0
0
0
0
0
0
0
0
0
0
0
0
0
0
0
0
0
0
0
0
0
0
0
0
0
0
0
0
0
0
0
0
0
0
0
0
0
0
0
0
0
0
0
0
0
0
0
0
0
0
0
0
0
0
0
-1.3397
0
0
0
0
0
0
0
0
0
0
0
0
0
0
0
0
0
0
0
0
0
-1.6953
0
5.4023
0
0
0
0
0
0
0
0
0
0
0
0
0
0
0
0
-2.3673
0
0
0
0
0
0
0
0
0
0
0
0
0
0
0
0
0
0
0
0
0
0
0
0
0
0
0
0
0
0
0
0
0
0
0
0
0
0
0
0
0
0
0
0
0
0
0
0
0
-2.0758
0
0
0
0
0
0
0
0
0
0
0
0
0
0
0
0
0
0
0
0
0
0
0
0
0
0
0
0
0
0
0
0
-1.9393
0
0
6.2725
0
0
-2.2574
0
0
0
0
0
0
0
0
0
0
0
0
0
0
0
0
0
0
0
0
0
0
0
0
0
0
0
0
0
0
0
0
0
0
0
0
0
0
0
0
0
0
0
0
0
0
0
0
0
0
0
0
0
0
0
0
0
0
0
0
0
0
-0.684
0
0
0
0
0
0
0
0
0
0
0
0
0
0
0
0
0
0
0
0
0
0
0
0
0
0
0
0
0
0
0
0
0
0
0
0
4.1287
-1.7657
0
0
0
0
0
0
0
0
0
0
0
0
0
0
0
0
0
0
0
0
0
0
0
0
0
0
0
0
0
0
0
0
0
-1.679
0
0
0
0
0
0
0
0
0
0
0
0
0
0
0
0
0
0
0
0
0
-1.2257
0
0
0
0
0
0
0
0
0
0
0
0
0
0
0
0
0
0
0
0
0
-1.2115
0
0
0
0
0
0
0
0
0
0
0
0
0
0
0
0
0
0
0
0
0
0
-1.7657
4.2029
0
0
0
0
0
0
0
0
0
0
0
0
0
0
0
0
0
0
0
0
0
0
0
0
0
0
0
0
0
0
0
0
0
0
0
0
0
0
0
0
0
0
0
0
0
0
0
0
0
0
0
0
0
0
0
0
0
0
0
0
0
0
0
0
0
0
0
0
0
0
0
0
0
0
0
0
0
0
0
0
0
0
0
0
0
0
0
0
0
0
0
0
-1.8728
0
0
0
0
0
0
-2.2574
0
0
6.5683
0
0
-2.4382
0
0
0
0
0
0
0
0
0
0
0
0
0
0
0
0
0
0
0
0
0
0
0
0
0
0
0
0
0
0
0
0
0
0
0
0
0
0
0
0
0
0
0
-1.675
0
0
0
0
0
0
0
0
0
0
0
0
0
0
0
0
0
0
0
0
0
0
0
0
0
0
0
0
0
0
0
0
0
0
0
0
0
0
0
0
0
0
0
0
0
0
0
-1.857
0
0
0
0
0
0
0
6.2068
0
0
0
0
0
0
0
0
0
0
0
0
0
0
0
0
0
0
0
0
0
0
0
0
-2.6748
0
0
0
0
0
0
0
0
0
0
0
0
0
0
0
0
0
0
0
0
0
0
0
0
0
-2.1549
0
0
0
0
0
0
0
0
0
0
0
0
0
0
0
0
0
0
0
0
0
0
0
0
0
0
0
0
0
0
0
0
0
0
0
0
0
0
0
0
0
0
0
0
-2.0812
0
0
0
0
0
0
6.2145
0
0
0
-1.9784
0
0
0
0
0
0
0
0
0
0
0
0
0
0
0
0
0
0
0
0
0
0
0
0
0
0
0
0
0
0
0
0
0
0
0
0
0
0
0
0
0
0
0
0
0
0
0
0
0
0
0
0
0
0
0
0
0
0
0
0
0
0
0
0
0
0
0
0
0
0
0
-2.9553
0
0
0
0
0
0
0
0
0
0
0
0
0
0
0
0
0
0
0
0
0
0
0
-2.4382
0
0
5.3935
0
0
0
0
0
0
0
0
0
0
0
0
0
0
0
0
0
0
0
0
0
0
0
0
0
0
0
0
0
0
0
0
0
0
-2.6963
0
-2.6358
0
0
0
0
0
0
0
0
0
0
0
0
0
0
0
0
0
0
0
0
0
0
0
0
0
0
0
0
0
0
0
0
0
0
0
0
0
0
0
0
0
0
0
0
0
0
0
0
0
0
0
0
0
0
0
0
0
0
0
0
0
0
0
0
0
5.3321
0
0
0
0
0
0
0
0
0
0
0
0
0
0
0
0
0
0
0
0
0
0
0
0
0
0
0
0
0
0
0
0
0
0
0
0
0
0
0
0
0
0
0
0
0
0
0
0
0
0
0
0
0
0
0
0
0
0
0
0
0
0
0
0
0
0
0
0
0
0
0
0
0
0
0
0
0
0
0
0
0
0
0
0
0
0
0
-2.2228
-2.3604
0
0
0
0
0
0
0
0
0
0
0
0
0
4.5833
0
0
0
0
0
0
0
0
0
0
0
0
0
0
0
0
0
0
0
0
0
0
0
0
0
0
0
0
0
0
0
0
0
0
0
0
0
0
0
0
0
0
0
0
0
0
0
0
0
0
0
0
0
0
0
-3.2046
0
0
0
0
0
0
0
0
0
0
0
0
0
0
0
0
0
0
0
0
0
0
0
0
0
0
0
0
0
0
0
0
0
0
0
0
0
0
0
0
0
0
-1.9784
0
0
0
5.183
0
0
0
0
0
0
0
0
0
0
0
0
0
0
0
0
0
0
0
0
0
0
0
0
0
0
0
0
0
0
0
0
0
0
0
0
0
0
0
0
0
0
0
0
-2.8936
0
0
0
0
0
0
0
0
0
0
0
0
0
0
0
0
0
0
0
0
0
0
0
0
0
0
0
0
0
0
0
0
0
0
0
0
0
0
0
0
0
0
0
0
-2.2308
0
0
0
0
0
0
0
0
0
0
0
0
5.1243
0
0
0
0
0
0
0
0
0
0
0
0
0
0
0
0
0
0
0
0
0
0
0
0
0
0
0
0
0
0
0
0
0
0
0
0
0
0
0
0
0
0
0
0
0
0
0
0
0
0
0
0
0
0
0
0
0
0
0
0
0
0
0
0
0
0
0
0
0
0
0
0
0
0
0
0
0
0
0
0
-2.0479
0
0
0
0
0
0
0
0
0
0
0
0
0
0
0
0
0
0
0
0
0
2.0479
0
0
0
0
0
0
0
0
0
0
0
0
0
0
0
0
0
0
0
0
0
0
0
0
0
0
0
0
0
0
0
0
0
0
0
0
0
0
0
0
0
0
0
0
0
0
0
0
0
0
0
0
0
0
0
0
0
0
0
0
0
0
0
0
0
0
0
0
0
0
0
0
0
0
0
0
0
0
0
0
-0.48831
0
0
0
0
0
0
0
0
0
0
0
0
0
0
0
0
0
0
0
0
0
0.48831
0
0
0
0
0
0
0
0
0
0
0
0
0
0
0
0
0
0
0
0
0
0
0
0
0
0
0
0
0
-4.9058
0
0
0
0
0
0
0
0
0
0
0
0
0
0
0
0
0
0
0
0
0
0
0
0
0
0
0
0
0
0
0
0
0
0
0
0
0
0
0
0
0
0
0
0
0
0
0
0
0
0
0
0
0
0
0
0
0
0
0
0
0
0
0
0
0
0
0
0
0
0
0
0
4.9058
0
0
0
0
0
0
0
0
0
0
0
0
0
0
0
0
0
0
0
0
0
0
0
0
0
0
0
0
0
0
0
0
0
0
0
0
0
0
0
0
0
0
0
0
0
0
0
0
0
0
0
0
0
0
0
0
0
0
0
0
0
0
0
-2.9774
0
0
0
0
0
0
0
0
0
0
0
0
0
0
0
0
0
0
0
0
0
0
0
0
0
0
0
0
0
0
0
0
0
0
0
0
0
0
2.9774
0
0
0
0
0
0
0
0
0
0
0
0
0
0
0
0
0
0
0
0
0
0
0
0
0
0
0
0
0
0
0
0
0
0
0
0
0
0
0
0
0
0
0
0
0
0
0
0
0
0
0
0
0
0
0
0
0
0
0
0
0
0
0
0
0
0
0
0
0
0
0
0
0
0
0
0
0
0
0
0
0
0
0
0
0
-2.9299
0
0
0
0
0
0
0
0
0
0
0
0
0
0
0
0
2.9299
0
0
0
0
0
0
0
0
0
0
0
0
0
0
0
0
0
0
0
0
0
0
0
0
0
0
0
0
0
0
0
0
0
0
0
0
0
0
0
0
0
0
0
0
0
0
0
0
0
0
0
0
0
0
0
0
0
0
0
0
0
0
0
0
0
0
0
0
0
0
0
0
0
0
0
0
0
0
0
0
0
0
0
0
0
-2.3673
0
0
0
0
0
0
0
0
0
0
0
0
0
0
0
0
2.3673
0
0
0
0
0
0
0
0
0
0
0
0
0
0
0
0
0
0
0
0
0
0
0
0
0
0
0
0
0
0
0
0
0
0
0
0
0
0
0
0
0
0
0
0
0
0
0
0
0
0
0
0
0
0
0
0
0
0
0
0
0
0
0
0
0
0
0
0
0
0
0
0
0
0
0
0
0
-2.6215
0
0
0
0
0
0
0
0
0
0
0
0
0
0
0
0
0
0
0
0
0
0
0
0
2.6215
0
0
0
0
0
0
0
0
0
0
0
0
0
0
0
0
0
0
0
0
0
0
0
0
0
0
0
0
0
0
0
0
0
0
0
0
0
0
0
0
0
0
0
0
0
0
0
0
0
0
0
0
0
0
0
0
0
0
0
0
0
0
0
0
0
0
0
0
0
0
0
0
0
0
0
0
0
0
-2.5469
0
0
0
0
0
0
0
0
0
0
0
0
0
0
0
0
0
0
0
0
0
0
0
2.5469
0
0
0
0
0
0
0
0
0
0
0
0
0
0
0
0
0
0
0
0
0
0
0
0
0
0
0
0
0
0
0
0
0
0
0
0
0
0
0
0
0
0
0
0
0
0
0
0
0
0
0
0
0
0
0
0
-2.8349
0
0
0
0
0
0
0
0
0
0
0
0
0
0
0
0
0
0
0
0
0
0
0
0
0
0
0
0
0
0
0
0
0
0
0
0
0
0
0
0
0
0
0
0
0
2.8349
0
0
0
0
0
0
0
0
0
0
0
0
0
0
0
0
0
0
0
0
0
0
0
0
0
0
0
0
0
0
0
0
0
0
0
0
0
0
0
0
0
0
0
0
0
0
0
0
0
0
0
0
0
0
0
0
0
0
0
0
0
0
0
0
0
0
0
0
0
0
0
0
0
0
-2.6215
0
0
0
0
0
0
0
0
0
0
0
0
0
0
0
0
0
0
0
0
0
0
0
0
0
0
0
2.6215
0
0
0
0
0
0
0
0
0
0
0
0
0
0
0
0
0
0
0
0
0
0
0
0
0
0
0
0
0
0
0
0
0
0
0
0
0
0
0
0
0
0
0
0
0
0
0
0
0
0
-3.6641
0
0
0
0
0
0
0
0
0
0
0
0
0
0
0
0
0
0
0
0
0
0
0
0
0
0
0
0
0
0
0
0
0
0
0
0
0
0
0
0
0
0
0
0
0
0
0
0
0
0
0
3.6641
0
0
0
0
0
0
0
0
0
0
0
0
0
0
0
0
0
0
0
0
0
0
0
0
0
0
0
0
0
0
0
0
0
0
0
-4.135
0
0
0
0
0
0
0
0
0
0
0
0
0
0
0
0
0
0
0
0
0
0
0
0
0
0
0
0
0
0
0
0
0
0
0
0
0
0
0
0
0
0
0
0
0
0
0
0
0
0
0
0
0
0
0
0
0
0
0
0
0
0
0
0
0
0
4.135
0
0
0
0
0
0
0
0
0
0
0
0
0
0
0
0
0
0
0
0
0
0
0
0
-4.9275
0
0
0
0
0
0
0
0
0
0
0
0
0
0
0
0
0
0
0
0
0
0
0
0
0
0
0
0
0
0
0
0
0
0
0
0
0
0
0
0
0
0
0
0
0
0
0
0
0
0
0
0
0
0
0
0
0
0
0
0
0
0
0
0
0
0
0
0
0
0
0
0
0
0
0
0
0
4.9275
0
0
0
0
0
0
0
0
0
0
0
0
0
0
0
0
0
0
0
0
0
0
0
0
0
0
0
0
0
0
0
0
0
0
0
0
0
0
0
0
0
0
0
0
0
0
0
0
0
0
0
0
-2.2853
0
0
0
0
0
0
0
0
0
0
0
0
0
0
0
0
0
0
0
0
0
0
0
0
0
0
0
0
0
0
0
0
0
0
0
0
0
0
0
0
0
0
0
0
0
0
0
0
0
2.2853
0
0
0
0
0
0
0
0
0
0
0
0
0
0
0
0
-5.1509
0
0
0
0
0
0
0
0
0
0
0
0
0
0
0
0
0
0
0
0
0
0
0
0
0
0
0
0
0
0
0
0
0
0
0
0
0
0
0
0
0
0
0
0
0
0
0
0
0
0
0
0
0
0
0
0
0
0
0
0
0
0
0
0
0
0
0
0
0
0
0
0
0
0
0
0
0
0
0
0
0
0
0
0
0
5.1509
0
0
0
0
0
0
0
0
0
0
0
0
0
0
0
0
0
0
0
0
0
0
-4.9276
0
0
0
0
0
0
0
0
0
0
0
0
0
0
0
0
0
0
0
0
0
0
0
0
0
0
0
0
0
0
0
0
0
0
0
0
0
0
0
0
0
0
0
0
0
0
0
0
0
0
0
0
0
0
0
0
0
0
0
0
0
0
0
0
0
0
0
0
0
0
0
0
0
0
0
0
0
0
0
4.9276
0
0
0
0
0
0
0
0
0
0
0
0
0
0
0
0
0
0
0
0
-4.9275
0
0
0
0
0
0
0
0
0
0
0
0
0
0
0
0
0
0
0
0
0
0
0
0
0
0
0
0
0
0
0
0
0
0
0
0
0
0
0
0
0
0
0
0
0
0
0
0
0
0
0
0
0
0
0
0
0
0
0
0
0
0
0
0
0
0
0
0
0
0
0
0
0
0
0
0
0
0
0
0
0
4.9275
0
0
0
0
0
0
0
0
0
0
0
0
0
0
0
0
0
0
0
0
-4.9276
0
0
0
0
0
0
0
0
0
0
0
0
0
0
0
0
0
0
0
0
0
0
0
0
0
0
0
0
0
0
0
0
0
0
0
0
0
0
0
0
0
0
0
0
0
0
0
0
0
0
0
0
0
0
0
0
0
0
0
0
0
0
0
0
0
0
0
0
0
0
0
0
0
0
0
0
0
0
0
0
0
4.9276
0
0
0
0
0
0
0
0
0
0
0
0
0
0
0
0
0
0
0
0
0
0
0
0
0
0
0
0
0
0
0
0
0
0
0
0
0
0
0
0
0
0
0
0
0
0
0
0
0
0
0
0
0
0
0
0
0
0
0
0
0
0
0
0
0
0
0
0
0
0
0
0
0
0
0
0
0
-2.6748
0
0
0
0
0
0
0
0
0
0
0
0
0
0
0
0
0
0
0
0
0
0
0
0
2.6748
0
0
0
0
0
0
0
0
0
0
0
0
0
0
0
0
0
0
0
0
0
0
0
0
0
0
0
0
0
0
0
0
0
0
0
0
0
0
0
0
0
0
0
0
0
0
0
0
0
0
0
0
0
-2.201
0
0
0
0
0
0
0
0
0
0
0
0
0
0
0
0
0
0
0
0
0
0
0
0
0
0
0
0
0
0
0
0
0
0
0
0
0
0
0
0
0
0
0
0
0
0
0
0
2.201
0
0
0
0
0
0
0
0
0
0
0
0
0
0
0
0
0
0
0
0
0
0
0
0
0
0
0
0
0
0
0
0
0
0
0
0
0
0
0
0
0
0
0
0
0
0
0
0
0
0
0
0
0
0
0
0
0
0
0
0
0
0
0
0
-2.8271
0
0
0
0
0
0
0
0
0
0
0
0
0
0
0
0
0
0
0
0
0
0
0
0
0
0
0
0
0
0
0
0
0
0
0
0
0
2.8271
0
0
0
0
0
0
0
0
0
0
0
0
0
0
0
0
0
0
0
0
0
0
0
0
0
0
0
0
0
0
0
0
0
0
0
0
0
0
0
0
0
0
0
-2.8348
0
0
0
0
0
0
0
0
0
0
0
0
0
0
0
0
0
0
0
0
0
0
0
0
0
0
0
0
0
0
0
0
0
0
0
0
0
0
0
0
0
0
0
0
0
0
0
0
0
0
0
0
0
0
0
0
0
0
2.8348
0
0
0
0
0
0
0
0
0
0
0
0
0
0
0
0
0
0
0
0
0
0
0
0
0
0
0
0
0
-4.5688
0
0
0
0
0
0
0
0
0
0
0
0
0
0
0
0
0
0
0
0
0
0
0
0
0
0
0
0
0
0
0
0
0
0
0
0
0
0
0
0
0
0
0
0
0
0
0
0
0
0
0
0
0
0
0
0
0
0
0
0
0
0
0
0
0
0
0
0
0
0
0
0
4.5688
0
0
0
0
0
0
0
0
0
0
0
0
0
0
0
0
-4.5673
0
0
0
0
0
0
0
0
0
0
0
0
0
0
0
0
0
0
0
0
0
0
0
0
0
0
0
0
0
0
0
0
0
0
0
0
0
0
0
0
0
0
0
0
0
0
0
0
0
0
0
0
0
0
0
0
0
0
0
0
0
0
0
0
0
0
0
0
0
0
0
0
0
0
0
0
0
0
0
0
0
0
0
0
0
4.5673
0
0
0
0
0
0
0
0
0
0
0
0
0
0
0
0
0
0
0
0
0
0
0
0
0
0
0
0
0
0
0
0
0
0
0
0
0
0
-3.0295
0
0
0
0
0
0
0
0
0
0
0
0
0
0
0
0
0
0
0
0
0
0
0
0
0
0
0
0
0
0
0
0
0
0
0
0
0
0
0
0
0
0
0
0
0
0
0
0
0
0
0
0
0
0
0
0
0
0
0
0
0
0
0
3.0295
0
0
0
0
0
0
0
0
0
0
0
0
0
0
0
0
0
0
0
0
0
0
0
0
0
0
0
0
0
0
0
0
0
0
0
0
0
0
0
0
0
0
0
0
0
0
0
0
0
0
0
0
0
0
0
0
0
0
0
0
0
0
0
0
0
0
0
-1.679
0
0
0
0
0
0
0
0
0
0
0
0
0
0
0
0
0
0
0
0
0
0
0
0
0
0
0
0
0
0
0
0
0
0
1.679
0
0
0
0
0
0
0
-4.9059
0
0
0
0
0
0
0
0
0
0
0
0
0
0
0
0
0
0
0
0
0
0
0
0
0
0
0
0
0
0
0
0
0
0
0
0
0
0
0
0
0
0
0
0
0
0
0
0
0
0
0
0
0
0
0
0
0
0
0
0
0
0
0
0
0
0
0
0
0
0
0
0
0
0
0
0
0
0
0
0
0
0
0
0
0
0
0
0
0
0
0
0
0
0
4.9059
0
0
0
0
0
0
0
0
0
0
0
0
0
0
0
0
0
0
0
0
0
0
0
0
0
0
0
0
0
0
0
0
0
0
0
0
0
0
0
0
0
0
0
0
0
0
0
0
0
0
0
0
0
0
0
0
0
0
0
0
-1.6013
0
0
0
0
0
0
0
0
0
0
0
0
0
0
0
0
0
0
0
0
0
0
0
0
0
0
0
0
0
0
0
0
0
0
0
0
0
0
0
0
0
1.6013
0
0
0
0
0
0
0
0
0
0
0
0
0
0
0
0
0
0
0
0
0
0
0
-4.5687
0
0
0
0
0
0
0
0
0
0
0
0
0
0
0
0
0
0
0
0
0
0
0
0
0
0
0
0
0
0
0
0
0
0
0
0
0
0
0
0
0
0
0
0
0
0
0
0
0
0
0
0
0
0
0
0
0
0
0
0
0
0
0
0
0
0
0
0
0
0
0
0
0
0
0
0
0
0
4.5687
0
0
0
0
0
0
0
0
0
0
0
0
0
0
0
0
0
0
0
0
0
0
0
0
0
0
0
0
0
0
0
0
0
0
0
0
0
-2.9777
0
0
0
0
0
0
0
0
0
0
0
0
0
0
0
0
0
0
0
0
0
0
0
0
0
0
0
0
0
0
0
0
0
0
0
0
0
0
0
0
0
0
0
0
0
0
0
0
0
0
0
0
0
0
0
0
0
0
0
0
0
0
0
0
2.9777
