58.0113
-0.91073
-0.90854
-0.91074
-0.91048
-0.91036
-0.91693
-0.91693
-0.90935
-0.91524
-0.90806
-0.90806
-0.90804
-0.91136
-0.90901
-0.89561
-0.91357
-0.89823
-0.89561
-0.89563
-0.89562
-0.91416
-0.90736
-0.91032
-0.91546
-0.91462
-0.91179
-0.9118
-0.90526
-0.90526
-0.91439
-0.90331
-0.9068
-0.90953
-0.89045
-0.91338
-0.8945
-0.91914
-0.91197
-0.91718
-0.91799
-0.90337
-0.91009
-0.90125
-0.90124
-0.90124
-0.90124
-0.90124
-0.90125
-0.90185
-0.91647
-1.0732
-1.1723
0
-1.3419
0
-1.2761
-1.1111
0
0
0
0
0
0
0
0
0
0
-1.9623
0
0
0
0
0
0
0
0
0
0
0
0
0
0
0
0
0
-4.6923
0
0
0
0
0
0
0
0
0
0
0
0
0
0
0
-0.91073
53.2677
-0.90682
-0.90828
-0.90771
-0.9076
-0.91577
-0.91578
-0.90654
-0.91213
-0.90533
-0.90532
-0.90532
-0.90863
-0.90622
-0.89288
-0.91072
-0.89554
-0.89288
-0.89288
-0.89289
-0.91105
-0.90467
-0.9075
-0.91266
-0.91279
-0.909
-0.909
-0.90249
-0.90248
-0.91196
-0.90059
-0.90437
-0.90666
-0.88843
-0.91097
-0.89174
-0.91623
-0.90924
-0.91437
-0.91534
-0.90048
-0.90738
-0.8984
-0.89839
-0.8984
-0.8984
-0.89838
-0.89841
-0.89892
-0.91419
-1.0695
-1.1689
0
0
0
-1.2721
0
0
0
0
0
0
0
0
0
0
0
0
0
0
0
0
0
-4.5044
0
0
0
0
0
0
0
0
0
0
0
0
0
0
0
0
0
0
0
0
0
0
0
0
0
0
0
-0.90854
-0.90682
50.6882
-0.90682
-0.90744
-0.90745
-0.91447
-0.91448
-0.90656
-0.91268
-0.90525
-0.90525
-0.90526
-0.90847
-0.90623
-0.89275
-0.91081
-0.89546
-0.89275
-0.89275
-0.89276
-0.91208
-0.90464
-0.90736
-0.91257
-0.91328
-0.90891
-0.90891
-0.90238
-0.90238
-0.91204
-0.90051
-0.90447
-0.9065
-0.88912
-0.91126
-0.893
-0.91609
-0.90921
-0.91421
-0.91496
-0.90031
-0.90761
-0.89822
-0.8982
-0.89821
-0.89821
-0.89819
-0.89823
-0.89866
-0.91455
-1.0667
-1.1666
0
0
0
-1.2644
0
0
0
0
0
0
0
0
0
0
0
-1.9432
0
0
0
0
0
0
0
0
0
0
0
0
0
0
0
0
0
0
0
0
0
0
0
0
0
0
0
0
0
0
0
0
0
-0.91074
-0.90828
-0.90682
53.2677
-0.90771
-0.90759
-0.91577
-0.91577
-0.90654
-0.91211
-0.90533
-0.90532
-0.90533
-0.90865
-0.90623
-0.89287
-0.91072
-0.89554
-0.89288
-0.89288
-0.89288
-0.91105
-0.90467
-0.90749
-0.91267
-0.91278
-0.90899
-0.909
-0.90248
-0.90249
-0.91196
-0.90058
-0.90438
-0.90665
-0.88842
-0.91096
-0.89175
-0.91623
-0.90923
-0.91437
-0.91535
-0.90048
-0.90738
-0.89839
-0.89839
-0.8984
-0.89839
-0.89837
-0.89841
-0.89892
-0.91419
-1.0695
-1.1689
0
0
0
-1.2721
0
0
0
0
0
0
0
0
0
0
0
0
0
0
0
0
0
0
0
0
0
0
0
0
0
0
0
0
0
0
0
0
0
0
0
0
0
0
0
0
0
-4.5044
0
0
0
-0.91048
-0.90771
-0.90744
-0.90771
48.7867
-0.90819
-0.91528
-0.91528
-0.90738
-0.91297
-0.90607
-0.90607
-0.90607
-0.90945
-0.90711
-0.89352
-0.91183
-0.89632
-0.89351
-0.89352
-0.89351
-0.91308
-0.90547
-0.90826
-0.91339
-0.91427
-0.90972
-0.90972
-0.9032
-0.9032
-0.91312
-0.90129
-0.90558
-0.90728
-0.8904
-0.91225
-0.89437
-0.91689
-0.91003
-0.91512
-0.91576
-0.90108
-0.90856
-0.899
-0.89899
-0.899
-0.89899
-0.89898
-0.89901
-0.8994
-0.91538
-1.0662
-1.1668
0
0
0
-1.2635
0
0
0
0
0
0
0
0
0
0
0
0
0
0
0
0
0
0
0
0
0
0
0
0
0
0
0
0
0
0
0
0
0
0
0
0
0
0
0
0
0
0
0
0
0
-0.91036
-0.9076
-0.90745
-0.90759
-0.90819
47.5066
-0.91475
-0.91476
-0.90694
-0.91268
-0.9057
-0.90571
-0.90571
-0.90903
-0.90665
-0.89309
-0.91159
-0.89595
-0.8931
-0.8931
-0.8931
-0.91249
-0.90507
-0.90778
-0.913
-0.91386
-0.90933
-0.90933
-0.90279
-0.9028
-0.91263
-0.90089
-0.90511
-0.90688
-0.88993
-0.91182
-0.89393
-0.9165
-0.90964
-0.91471
-0.91529
-0.9007
-0.90817
-0.89866
-0.89865
-0.89865
-0.89865
-0.89863
-0.89866
-0.89908
-0.91505
-1.0673
-1.1675
0
0
0
0
0
0
0
0
0
0
0
0
0
0
0
0
0
0
0
0
0
0
0
0
0
0
0
0
0
0
0
0
0
0
0
0
0
0
0
0
0
0
0
0
0
0
0
0
0
-0.91693
-0.91577
-0.91447
-0.91577
-0.91528
-0.91475
53.7685
-0.91987
-0.91304
-0.91765
-0.91182
-0.91182
-0.91183
-0.91495
-0.9127
-0.89922
-0.91604
-0.90185
-0.89922
-0.89922
-0.89923
-0.91687
-0.91122
-0.91408
-0.91924
-0.9191
-0.91556
-0.91555
-0.90901
-0.90899
-0.91818
-0.90721
-0.91048
-0.91324
-0.89385
-0.91709
-0.89678
-0.92286
-0.91579
-0.92076
-0.9219
-0.90704
-0.91357
-0.90501
-0.905
-0.90501
-0.905
-0.90499
-0.90502
-0.90577
0
0
0
0
0
0
0
0
0
0
0
0
0
0
0
0
0
0
0
0
0
0
0
0
0
0
0
0
0
0
0
0
0
0
-4.5614
0
0
0
-4.5615
0
0
0
0
0
0
0
0
0
0
0
0
0
-0.91693
-0.91578
-0.91448
-0.91577
-0.91528
-0.91476
-0.91987
53.7685
-0.91304
-0.91765
-0.91182
-0.91183
-0.91182
-0.91495
-0.9127
-0.89922
-0.91603
-0.90185
-0.89922
-0.89922
-0.89922
-0.91687
-0.91124
-0.91408
-0.91924
-0.91909
-0.91555
-0.91555
-0.90899
-0.90899
-0.91817
-0.90719
-0.91047
-0.91324
-0.89386
-0.91709
-0.89679
-0.92287
-0.91578
-0.92075
-0.9219
-0.90704
-0.91357
-0.90501
-0.90501
-0.90501
-0.90501
-0.90499
-0.90502
-0.90577
0
0
0
0
0
0
0
0
0
0
0
0
0
0
0
0
0
0
0
0
0
0
0
0
0
0
0
0
0
0
0
0
0
0
0
0
0
-4.5615
0
-4.5615
0
0
0
0
0
0
0
0
0
0
0
0
-0.90935
-0.90654
-0.90656
-0.90654
-0.90738
-0.90694
-0.91304
-0.91304
46.5433
-0.91114
-0.90444
-0.90445
-0.90445
-0.90746
-0.90471
-0.89167
-0.90978
-0.8946
-0.89167
-0.89168
-0.89168
-0.9106
-0.90352
-0.90609
-0.91158
-0.91246
-0.90791
-0.90791
-0.90138
-0.90138
-0.91099
-0.89932
-0.90352
-0.90548
-0.88832
-0.91015
-0.89223
-0.91508
-0.90811
-0.91329
-0.91385
-0.89929
-0.90676
-0.89729
-0.89729
-0.8973
-0.89729
-0.89727
-0.8973
-0.89776
-0.91333
0
0
0
0
0
0
0
0
-1.3421
0
0
0
0
0
0
0
0
0
0
0
0
0
0
0
0
0
0
0
0
0
0
0
0
0
0
0
0
0
0
0
0
0
0
0
0
0
0
0
0
0
0
-0.91524
-0.91213
-0.91268
-0.91211
-0.91297
-0.91268
-0.91765
-0.91765
-0.91114
50.2729
-0.90994
-0.90994
-0.90995
-0.91309
-0.91075
-0.89738
-0.91476
-0.89994
-0.89738
-0.89738
-0.89738
-0.91541
-0.90915
-0.91183
-0.91719
-0.91715
-0.9135
-0.9135
-0.90695
-0.90695
-0.91596
-0.90512
-0.9084
-0.91117
-0.89206
-0.91502
-0.8971
-0.92081
-0.91375
-0.91883
-0.91955
-0.90497
-0.91186
-0.90305
-0.90305
-0.90305
-0.90304
-0.90304
-0.90307
0
0
0
0
0
0
0
0
-1.1141
0
0
0
0
0
0
0
-1.1935
0
0
0
0
0
0
0
0
0
0
0
0
0
0
0
0
0
0
0
0
0
0
0
0
0
0
0
0
0
-4.3187
0
0
0
0
0
0
-0.90806
-0.90533
-0.90525
-0.90533
-0.90607
-0.9057
-0.91182
-0.91182
-0.90444
-0.90994
45.1354
-0.90269
-0.90269
-0.9062
-0.90405
-0.88995
-0.90848
-0.89308
-0.88995
-0.88995
-0.88994
-0.91044
-0.90223
-0.90484
-0.91014
-0.91099
-0.90648
-0.90647
-0.89997
-0.89996
-0.90966
-0.89803
-0.90221
-0.90403
-0.88713
-0.90891
-0.8912
-0.91362
-0.90682
-0.91184
-0.91241
-0.89786
-0.90536
-0.89589
-0.8959
-0.8959
-0.89589
-0.89589
-0.8959
-0.89631
-0.91235
0
0
0
0
0
0
0
0
0
0
0
0
0
0
0
0
0
0
0
0
0
0
0
0
0
0
0
0
0
0
0
0
0
0
0
0
0
0
0
0
0
0
0
0
0
0
0
0
0
0
0
-0.90806
-0.90532
-0.90525
-0.90532
-0.90607
-0.90571
-0.91182
-0.91183
-0.90445
-0.90994
-0.90269
45.1353
-0.90269
-0.9062
-0.90406
-0.88995
-0.90849
-0.89308
-0.88994
-0.88995
-0.88994
-0.91043
-0.90222
-0.90484
-0.91015
-0.91099
-0.90648
-0.90648
-0.89997
-0.89996
-0.90967
-0.89802
-0.90219
-0.90403
-0.88712
-0.90892
-0.8912
-0.91362
-0.9068
-0.91185
-0.91243
-0.89784
-0.90536
-0.8959
-0.89589
-0.8959
-0.8959
-0.89588
-0.89591
-0.89631
-0.91235
0
0
0
0
0
0
0
0
0
0
0
0
0
0
0
0
0
0
0
0
0
0
0
0
0
0
0
0
0
0
0
0
0
0
0
0
0
0
0
0
0
0
0
0
0
0
0
0
0
0
0
-0.90804
-0.90532
-0.90526
-0.90533
-0.90607
-0.90571
-0.91183
-0.91182
-0.90445
-0.90995
-0.90269
-0.90269
45.1354
-0.90619
-0.90407
-0.88994
-0.90847
-0.89309
-0.88994
-0.88995
-0.88995
-0.91043
-0.90222
-0.90485
-0.91014
-0.91098
-0.90647
-0.90647
-0.89997
-0.89997
-0.90966
-0.89803
-0.90219
-0.90402
-0.88713
-0.90892
-0.8912
-0.91362
-0.90681
-0.91184
-0.91243
-0.89785
-0.90537
-0.89591
-0.8959
-0.89589
-0.89589
-0.89589
-0.8959
-0.89632
-0.91236
0
0
0
0
0
0
0
0
0
0
0
0
0
0
0
0
0
0
0
0
0
0
0
0
0
0
0
0
0
0
0
0
0
0
0
0
0
0
0
0
0
0
0
0
0
0
0
0
0
0
0
-0.91136
-0.90863
-0.90847
-0.90865
-0.90945
-0.90903
-0.91495
-0.91495
-0.90746
-0.91309
-0.9062
-0.9062
-0.90619
47.2204
-0.90702
-0.89342
-0.91191
-0.89632
-0.89343
-0.89342
-0.89343
-0.91247
-0.90548
-0.90818
-0.91347
-0.91571
-0.90979
-0.90979
-0.90326
-0.90327
-0.9129
-0.90136
-0.90542
-0.9073
-0.88951
-0.9117
-0.89462
-0.91692
-0.90997
-0.91503
-0.91409
-0.9011
-0.90858
-0.89909
-0.89909
-0.89909
-0.89909
-0.89907
-0.89911
-0.89954
0
0
0
0
0
0
0
0
0
0
0
0
0
0
0
0
0
0
0
0
0
-2.8429
0
0
0
0
0
0
0
0
0
0
0
0
0
0
0
0
0
0
0
0
0
0
0
0
0
0
0
0
0
0
-0.90901
-0.90622
-0.90623
-0.90623
-0.90711
-0.90665
-0.9127
-0.9127
-0.90471
-0.91075
-0.90405
-0.90406
-0.90407
-0.90702
46.3447
-0.89117
-0.90934
-0.89411
-0.89117
-0.89117
-0.89116
-0.91041
-0.90311
-0.90291
-0.91105
-0.91185
-0.90738
-0.90737
-0.90086
-0.90087
-0.9105
-0.89894
-0.90297
-0.90494
-0.88776
-0.90969
-0.89175
-0.91454
-0.90789
-0.91285
-0.91344
-0.89891
-0.90637
-0.89693
-0.89692
-0.89691
-0.89691
-0.8969
-0.89694
-0.89739
0
0
0
0
0
0
0
0
0
0
0
0
0
0
0
0
-2.0798
0
0
0
0
0
0
0
0
0
0
0
0
0
0
0
0
0
0
0
0
0
0
0
0
0
0
0
0
0
0
0
0
0
0
0
-0.89561
-0.89288
-0.89275
-0.89287
-0.89352
-0.89309
-0.89922
-0.89922
-0.89167
-0.89738
-0.88995
-0.88995
-0.88994
-0.89342
-0.89117
43.6042
-0.89581
-0.87974
-0.87608
-0.87609
-0.87609
-0.89928
-0.88935
-0.89167
-0.8971
-0.89776
-0.89349
-0.89349
-0.88706
-0.88706
-0.89649
-0.88518
-0.88911
-0.89101
-0.87422
-0.89578
-0.87823
-0.9005
-0.89379
-0.89872
-0.89923
-0.88492
-0.89239
-0.88308
-0.88307
-0.88308
-0.88307
-0.88306
-0.8831
-0.88348
0
0
0
0
0
0
0
0
0
0
0
0
0
0
0
0
0
0
0
0
0
0
0
0
0
0
0
0
0
0
0
0
0
0
0
0
0
0
0
0
0
0
0
0
0
0
0
0
0
0
0
0
-0.91357
-0.91072
-0.91081
-0.91072
-0.91183
-0.91159
-0.91604
-0.91603
-0.90978
-0.91476
-0.90848
-0.90849
-0.90847
-0.91191
-0.90934
-0.89581
47.7017
-0.89837
-0.89581
-0.89581
-0.89581
-0.91431
-0.90763
-0.91028
-0.91558
-0.91583
-0.9119
-0.91189
-0.90536
-0.90536
-0.91477
-0.90354
-0.90717
-0.90949
-0.89135
-0.91384
-0.89483
-0.91915
-0.91219
-0.91721
-0.91812
-0.90332
-0.91033
-0.90142
-0.90141
-0.90142
-0.90141
-0.90141
-0.90142
0
0
0
0
0
0
0
0
0
0
0
0
0
0
0
0
0
0
0
0
0
0
0
0
0
0
0
0
0
0
0
0
0
0
-4.1256
0
0
0
0
0
0
0
0
0
0
0
0
0
0
0
0
0
0
-0.89823
-0.89554
-0.89546
-0.89554
-0.89632
-0.89595
-0.90185
-0.90185
-0.8946
-0.89994
-0.89308
-0.89308
-0.89309
-0.89632
-0.89411
-0.87974
-0.89837
43.8972
-0.87975
-0.87976
-0.87975
-0.90187
-0.89194
-0.89422
-0.89976
-0.90079
-0.89613
-0.89613
-0.88968
-0.88968
-0.899
-0.88778
-0.89159
-0.89362
-0.87645
-0.89822
-0.88045
-0.90317
-0.8964
-0.90108
-0.9018
-0.88754
-0.89498
-0.88575
-0.88575
-0.88576
-0.88577
-0.88574
-0.88576
0
0
0
0
0
0
0
0
0
0
0
0
0
0
-1.0481
0
0
0
0
0
0
0
0
0
0
0
0
0
0
0
0
0
0
0
0
0
0
0
0
0
0
0
0
0
0
0
0
0
0
0
0
0
0
-0.89561
-0.89288
-0.89275
-0.89288
-0.89351
-0.8931
-0.89922
-0.89922
-0.89167
-0.89738
-0.88995
-0.88994
-0.88994
-0.89343
-0.89117
-0.87608
-0.89581
-0.87975
43.6043
-0.8761
-0.87608
-0.89928
-0.88935
-0.89167
-0.89711
-0.89778
-0.89349
-0.89349
-0.88705
-0.88705
-0.89649
-0.88517
-0.88911
-0.89101
-0.87422
-0.89578
-0.87823
-0.90052
-0.89379
-0.89872
-0.89923
-0.88492
-0.8924
-0.88306
-0.88307
-0.88308
-0.88308
-0.88306
-0.88308
-0.88348
0
0
0
0
0
0
0
0
0
0
0
0
0
0
0
0
0
0
0
0
0
0
0
0
0
0
0
0
0
0
0
0
0
0
0
0
0
0
0
0
0
0
0
0
0
0
0
0
0
0
0
0
-0.89563
-0.89288
-0.89275
-0.89288
-0.89352
-0.8931
-0.89922
-0.89922
-0.89168
-0.89738
-0.88995
-0.88995
-0.88995
-0.89342
-0.89117
-0.87609
-0.89581
-0.87976
-0.8761
43.6044
-0.87608
-0.89929
-0.88935
-0.89168
-0.89711
-0.89777
-0.89349
-0.89348
-0.88706
-0.88706
-0.89649
-0.88517
-0.88911
-0.89101
-0.87422
-0.89579
-0.87824
-0.90052
-0.89379
-0.89872
-0.89924
-0.88493
-0.8924
-0.88307
-0.88307
-0.88308
-0.88308
-0.88306
-0.88309
-0.88347
0
0
0
0
0
0
0
0
0
0
0
0
0
0
0
0
0
0
0
0
0
0
0
0
0
0
0
0
0
0
0
0
0
0
0
0
0
0
0
0
0
0
0
0
0
0
0
0
0
0
0
0
-0.89562
-0.89289
-0.89276
-0.89288
-0.89351
-0.8931
-0.89923
-0.89922
-0.89168
-0.89738
-0.88994
-0.88994
-0.88995
-0.89343
-0.89116
-0.87609
-0.89581
-0.87975
-0.87608
-0.87608
43.6044
-0.89928
-0.88935
-0.89168
-0.89712
-0.89778
-0.89349
-0.89349
-0.88706
-0.88707
-0.89648
-0.88517
-0.88912
-0.89101
-0.87422
-0.89579
-0.87824
-0.90052
-0.89379
-0.89872
-0.89924
-0.88493
-0.8924
-0.88308
-0.88308
-0.88308
-0.88309
-0.88306
-0.88309
-0.88349
0
0
0
0
0
0
0
0
0
0
0
0
0
0
0
0
0
0
0
0
0
0
0
0
0
0
0
0
0
0
0
0
0
0
0
0
0
0
0
0
0
0
0
0
0
0
0
0
0
0
0
0
-0.91416
-0.91105
-0.91208
-0.91105
-0.91308
-0.91249
-0.91687
-0.91687
-0.9106
-0.91541
-0.91044
-0.91043
-0.91043
-0.91247
-0.91041
-0.89928
-0.91431
-0.90187
-0.89928
-0.89929
-0.89928
44.9123
-0.90666
-0.90961
-0.91466
-0.9141
-0.91097
-0.91096
-0.90444
-0.90445
-0.91341
-0.90244
-0.90561
-0.90835
-0.88958
-0.91253
0
-0.91808
-0.91103
-0.91593
-0.9173
-0.90176
0
0
0
0
0
0
0
0
0
0
0
0
0
0
0
0
0
0
0
0
0
0
0
0
0
0
0
0
0
0
0
0
0
0
0
0
0
0
0
0
0
0
0
0
0
0
0
0
0
0
0
0
-4.2696
0
0
0
0
0
-4.2696
0
-0.90736
-0.90467
-0.90464
-0.90467
-0.90547
-0.90507
-0.91122
-0.91124
-0.90352
-0.90915
-0.90223
-0.90222
-0.90222
-0.90548
-0.90311
-0.88935
-0.90763
-0.89194
-0.88935
-0.88935
-0.88935
-0.90666
37.6358
-0.90399
-0.90887
-0.90915
-0.90509
-0.90512
-0.89858
-0.89857
-0.90826
-0.89514
-0.90082
-0.90222
-0.88707
-0.90773
0
-0.91205
-0.90523
-0.91047
-0.91148
-0.89556
0
0
0
0
0
0
0
0
0
0
0
-1.5245
0
0
0
0
0
0
0
0
0
0
0
0
0
0
0
0
0
0
0
0
0
0
0
0
0
0
0
0
0
0
0
0
0
0
0
0
0
0
0
0
0
0
0
0
0
0
0
0
-0.91032
-0.9075
-0.90736
-0.90749
-0.90826
-0.90778
-0.91408
-0.91408
-0.90609
-0.91183
-0.90484
-0.90484
-0.90485
-0.90818
-0.90291
-0.89167
-0.91028
-0.89422
-0.89167
-0.89168
-0.89168
-0.90961
-0.90399
36.0678
-0.91141
-0.91054
-0.90749
-0.9075
-0.90082
-0.90082
-0.90988
-0.89827
-0.90224
-0.90446
-0.88869
-0.90923
0
-0.91432
0
0
0
0
0
0
0
0
0
0
0
0
0
0
0
0
0
0
0
0
0
0
0
0
0
0
0
0
0
0
0
0
-3.4969
0
0
0
0
0
0
0
0
0
0
0
0
0
0
0
0
0
0
0
0
0
0
0
0
0
0
0
0
0
0
0
-0.91546
-0.91266
-0.91257
-0.91267
-0.91339
-0.913
-0.91924
-0.91924
-0.91158
-0.91719
-0.91014
-0.91015
-0.91014
-0.91347
-0.91105
-0.8971
-0.91558
-0.89976
-0.89711
-0.89711
-0.89712
-0.91466
-0.90887
-0.91141
30.9707
-0.92209
-0.91252
-0.91252
-0.9061
-0.90609
-0.91965
-0.90596
-0.91218
-0.91178
0
0
0
-0.92115
0
0
0
0
0
0
0
0
0
0
0
0
0
0
0
0
0
0
0
0
0
0
0
0
0
0
0
0
0
0
0
0
0
0
0
0
0
0
0
0
0
0
0
0
0
0
0
0
0
0
0
0
0
0
0
0
0
0
0
0
0
0
0
0
-0.91462
-0.91279
-0.91328
-0.91278
-0.91427
-0.91386
-0.9191
-0.91909
-0.91246
-0.91715
-0.91099
-0.91099
-0.91098
-0.91571
-0.91185
-0.89776
-0.91583
-0.90079
-0.89778
-0.89777
-0.89778
-0.9141
-0.90915
-0.91054
-0.92209
31.7537
-0.91704
-0.91705
-0.90957
-0.90957
-0.92062
0
0
0
0
0
0
0
0
0
0
0
0
0
0
0
0
0
0
0
0
0
0
0
-1.3178
0
0
0
0
0
0
-2.0532
-1.0354
0
0
0
0
0
0
0
0
0
0
0
0
0
0
0
0
0
0
0
0
0
0
0
0
0
0
0
0
0
0
0
0
0
0
0
0
0
0
0
-0.91179
-0.909
-0.90891
-0.90899
-0.90972
-0.90933
-0.91556
-0.91555
-0.90791
-0.9135
-0.90648
-0.90648
-0.90647
-0.90979
-0.90738
-0.89349
-0.9119
-0.89613
-0.89349
-0.89349
-0.89349
-0.91097
-0.90509
-0.90749
-0.91252
-0.91704
29.9233
-0.90887
-0.90157
-0.90157
-0.91432
-0.90093
-0.90721
-0.9069
0
0
0
0
0
0
0
0
0
0
0
0
0
0
0
0
0
0
0
0
0
0
0
0
0
0
0
0
0
0
0
0
0
0
0
0
0
0
0
0
0
0
0
0
0
0
0
0
0
0
0
0
0
0
0
0
0
0
0
0
0
0
0
0
0
0
0
0
-0.9118
-0.909
-0.90891
-0.909
-0.90972
-0.90933
-0.91555
-0.91555
-0.90791
-0.9135
-0.90647
-0.90648
-0.90647
-0.90979
-0.90737
-0.89349
-0.91189
-0.89613
-0.89349
-0.89348
-0.89349
-0.91096
-0.90512
-0.9075
-0.91252
-0.91705
-0.90887
29.9233
-0.90156
-0.90156
-0.91431
-0.90093
-0.90719
-0.90688
0
0
0
0
0
0
0
0
0
0
0
0
0
0
0
0
0
0
0
0
0
0
0
0
0
0
0
0
0
0
0
0
0
0
0
0
0
0
0
0
0
0
0
0
0
0
0
0
0
0
0
0
0
0
0
0
0
0
0
0
0
0
0
0
0
0
0
0
-0.90526
-0.90249
-0.90238
-0.90248
-0.9032
-0.90279
-0.90901
-0.90899
-0.90138
-0.90695
-0.89997
-0.89997
-0.89997
-0.90326
-0.90086
-0.88706
-0.90536
-0.88968
-0.88705
-0.88706
-0.88706
-0.90444
-0.89858
-0.90082
-0.9061
-0.90957
-0.90157
-0.90156
28.8014
-0.88839
-0.90673
-0.89259
-0.89885
0
0
0
0
0
0
0
0
0
0
0
0
0
0
0
0
0
0
0
0
0
0
0
0
0
0
0
0
0
0
0
0
0
0
0
0
0
0
0
0
0
0
0
0
0
0
0
0
0
0
0
0
0
0
0
0
0
0
0
0
0
0
0
0
0
0
0
0
0
-0.90526
-0.90248
-0.90238
-0.90249
-0.9032
-0.9028
-0.90899
-0.90899
-0.90138
-0.90695
-0.89996
-0.89996
-0.89997
-0.90327
-0.90087
-0.88706
-0.90536
-0.88968
-0.88705
-0.88706
-0.88707
-0.90445
-0.89857
-0.90082
-0.90609
-0.90957
-0.90157
-0.90156
-0.88839
28.8014
-0.90672
-0.89258
-0.89886
0
0
0
0
0
0
0
0
0
0
0
0
0
0
0
0
0
0
0
0
0
0
0
0
0
0
0
0
0
0
0
0
0
0
0
0
0
0
0
0
0
0
0
0
0
0
0
0
0
0
0
0
0
0
0
0
0
0
0
0
0
0
0
0
0
0
0
0
0
-0.91439
-0.91196
-0.91204
-0.91196
-0.91312
-0.91263
-0.91818
-0.91817
-0.91099
-0.91596
-0.90966
-0.90967
-0.90966
-0.9129
-0.9105
-0.89649
-0.91477
-0.899
-0.89649
-0.89649
-0.89648
-0.91341
-0.90826
-0.90988
-0.91965
-0.92062
-0.91432
-0.91431
-0.90673
-0.90672
30.4371
0
0
0
0
0
0
0
0
0
0
0
0
0
0
0
0
0
0
0
0
0
0
0
0
0
0
0
0
0
0
0
0
0
0
0
0
0
0
0
0
0
0
0
0
0
0
0
0
0
0
0
-3.1317
0
0
0
0
0
0
0
0
0
0
0
0
0
0
0
0
0
0
0
-0.90331
-0.90059
-0.90051
-0.90058
-0.90129
-0.90089
-0.90721
-0.90719
-0.89932
-0.90512
-0.89803
-0.89802
-0.89803
-0.90136
-0.89894
-0.88518
-0.90354
-0.88778
-0.88517
-0.88517
-0.88517
-0.90244
-0.89514
-0.89827
-0.90596
0
-0.90093
-0.90093
-0.89259
-0.89258
0
27.5475
0
0
0
0
0
0
0
0
0
0
0
0
0
0
0
0
0
0
0
0
0
-1.5062
0
0
0
0
0
0
0
0
0
0
0
0
0
0
0
0
0
0
0
0
0
0
0
0
0
0
0
0
0
0
0
0
0
0
0
0
0
0
0
0
0
0
0
0
0
0
0
0
-0.9068
-0.90437
-0.90447
-0.90438
-0.90558
-0.90511
-0.91048
-0.91047
-0.90352
-0.9084
-0.90221
-0.90219
-0.90219
-0.90542
-0.90297
-0.88911
-0.90717
-0.89159
-0.88911
-0.88911
-0.88912
-0.90561
-0.90082
-0.90224
-0.91218
0
-0.90721
-0.90719
-0.89885
-0.89886
0
0
29.0652
0
0
0
0
0
0
0
0
0
0
0
0
0
0
0
0
0
0
0
0
0
0
0
0
0
0
0
0
0
0
0
0
0
0
0
0
0
0
0
0
0
0
0
0
0
0
0
0
0
0
0
0
0
0
0
0
0
0
0
0
0
0
0
-2.8985
0
0
0
0
0
-0.90953
-0.90666
-0.9065
-0.90665
-0.90728
-0.90688
-0.91324
-0.91324
-0.90548
-0.91117
-0.90403
-0.90403
-0.90402
-0.9073
-0.90494
-0.89101
-0.90949
-0.89362
-0.89101
-0.89101
-0.89101
-0.90835
-0.90222
-0.90446
-0.91178
0
-0.9069
-0.90688
0
0
0
0
0
24.4187
0
0
0
0
0
0
0
0
0
0
0
0
0
0
0
0
0
0
0
0
0
0
0
0
0
0
0
0
0
0
0
0
0
0
0
0
0
0
0
0
0
0
0
0
0
0
0
0
0
0
0
0
0
0
0
0
0
0
0
0
0
0
0
0
0
0
0
0
-0.89045
-0.88843
-0.88912
-0.88842
-0.8904
-0.88993
-0.89385
-0.89386
-0.88832
-0.89206
-0.88713
-0.88712
-0.88713
-0.88951
-0.88776
-0.87422
-0.89135
-0.87645
-0.87422
-0.87422
-0.87422
-0.88958
-0.88707
-0.88869
0
0
0
0
0
0
0
0
0
0
26.9773
0
0
0
0
0
0
0
0
0
0
0
0
0
0
0
0
0
0
0
0
0
0
0
0
0
0
0
0
0
0
0
0
0
0
0
0
0
0
0
0
0
0
0
0
0
-2.8519
0
0
0
0
0
0
0
0
0
0
0
0
-2.8519
0
0
0
0
0
0
0
0
-0.91338
-0.91097
-0.91126
-0.91096
-0.91225
-0.91182
-0.91709
-0.91709
-0.91015
-0.91502
-0.90891
-0.90892
-0.90892
-0.9117
-0.90969
-0.89578
-0.91384
-0.89822
-0.89578
-0.89579
-0.89579
-0.91253
-0.90773
-0.90923
0
0
0
0
0
0
0
0
0
0
0
25.1053
0
0
0
0
0
0
0
0
0
0
0
0
0
0
0
0
0
0
0
-1.1099
0
0
0
0
0
0
0
0
0
0
0
0
0
0
0
0
0
0
0
0
0
0
0
0
0
0
0
0
0
-2.1927
0
0
0
0
0
0
0
0
0
0
0
0
0
0
0
0
-0.8945
-0.89174
-0.893
-0.89175
-0.89437
-0.89393
-0.89678
-0.89679
-0.89223
-0.8971
-0.8912
-0.8912
-0.8912
-0.89462
-0.89175
-0.87823
-0.89483
-0.88045
-0.87823
-0.87824
-0.87824
0
0
0
0
0
0
0
0
0
0
0
0
0
0
0
28.5519
0
0
0
0
0
0
0
0
0
0
0
0
0
0
0
0
0
0
0
0
-1.1026
-1.4462
0
-1.4489
0
0
0
0
0
0
0
0
0
0
0
0
0
0
-2.9319
0
0
0
0
0
0
0
0
0
0
0
0
0
0
0
0
0
0
0
0
0
0
0
0
0
-2.932
-0.91914
-0.91623
-0.91609
-0.91623
-0.91689
-0.9165
-0.92286
-0.92287
-0.91508
-0.92081
-0.91362
-0.91362
-0.91362
-0.91692
-0.91454
-0.9005
-0.91915
-0.90317
-0.90052
-0.90052
-0.90052
-0.91808
-0.91205
-0.91432
-0.92115
0
0
0
0
0
0
0
0
0
0
0
0
22.845
0
0
0
0
0
0
0
0
0
0
0
0
0
0
0
0
0
0
0
0
0
0
0
0
0
0
0
0
0
0
0
0
0
0
0
0
0
0
0
0
0
0
0
0
0
0
0
0
0
0
0
0
0
0
0
0
0
0
0
0
0
0
0
0
-0.91197
-0.90924
-0.90921
-0.90923
-0.91003
-0.90964
-0.91579
-0.91578
-0.90811
-0.91375
-0.90682
-0.9068
-0.90681
-0.90997
-0.90789
-0.89379
-0.91219
-0.8964
-0.89379
-0.89379
-0.89379
-0.91103
-0.90523
0
0
0
0
0
0
0
0
0
0
0
0
0
0
0
21.9499
0
0
0
0
0
0
0
0
0
0
0
0
0
0
0
0
-1.0988
0
0
0
0
0
0
0
0
0
0
0
0
0
0
0
0
0
0
0
0
0
0
0
0
0
0
0
0
0
0
0
0
0
0
0
0
0
0
0
0
0
0
0
0
0
0
-0.91718
-0.91437
-0.91421
-0.91437
-0.91512
-0.91471
-0.92076
-0.92075
-0.91329
-0.91883
-0.91184
-0.91185
-0.91184
-0.91503
-0.91285
-0.89872
-0.91721
-0.90108
-0.89872
-0.89872
-0.89872
-0.91593
-0.91047
0
0
0
0
0
0
0
0
0
0
0
0
0
0
0
0
22.026
0
0
0
0
0
0
0
0
0
0
0
0
0
0
0
0
0
0
0
0
0
0
0
-1.0594
0
0
0
0
0
0
0
0
0
0
0
0
0
0
0
0
0
0
0
0
0
0
0
0
0
0
0
0
0
0
0
0
0
0
0
0
0
0
-0.91799
-0.91534
-0.91496
-0.91535
-0.91576
-0.91529
-0.9219
-0.9219
-0.91385
-0.91955
-0.91241
-0.91243
-0.91243
-0.91409
-0.91344
-0.89923
-0.91812
-0.9018
-0.89923
-0.89924
-0.89924
-0.9173
-0.91148
0
0
0
0
0
0
0
0
0
0
0
0
0
0
0
0
0
24.2407
0
0
0
0
0
0
0
0
0
0
0
0
0
0
0
0
0
0
0
0
0
0
0
0
0
0
-3.2583
0
0
0
0
0
0
0
0
0
0
0
0
0
0
0
0
0
0
0
0
0
0
0
0
0
0
0
0
0
0
0
0
0
0
-0.90337
-0.90048
-0.90031
-0.90048
-0.90108
-0.9007
-0.90704
-0.90704
-0.89929
-0.90497
-0.89786
-0.89784
-0.89785
-0.9011
-0.89891
-0.88492
-0.90332
-0.88754
-0.88492
-0.88493
-0.88493
-0.90176
-0.89556
0
0
0
0
0
0
0
0
0
0
0
0
0
0
0
0
0
0
20.6462
0
0
0
0
0
0
0
0
0
0
0
0
0
0
0
0
0
0
0
0
0
0
0
0
0
0
0
0
0
0
0
0
0
0
0
0
0
0
0
0
0
0
0
0
0
0
0
0
0
0
0
0
0
0
0
0
0
0
0
0
-0.91009
-0.90738
-0.90761
-0.90738
-0.90856
-0.90817
-0.91357
-0.91357
-0.90676
-0.91186
-0.90536
-0.90536
-0.90537
-0.90858
-0.90637
-0.89239
-0.91033
-0.89498
-0.8924
-0.8924
-0.8924
0
0
0
0
0
0
0
0
0
0
0
0
0
0
0
0
0
0
0
0
0
20.8973
0
0
0
0
0
0
0
0
0
0
0
0
0
0
0
0
0
0
0
0
0
0
0
0
0
0
0
0
0
0
0
0
0
0
0
0
0
0
0
0
0
0
0
0
0
0
0
0
-1.8964
0
0
0
0
0
0
0
0
0
0
-0.90125
-0.8984
-0.89822
-0.89839
-0.899
-0.89866
-0.90501
-0.90501
-0.89729
-0.90305
-0.89589
-0.8959
-0.89591
-0.89909
-0.89693
-0.88308
-0.90142
-0.88575
-0.88306
-0.88307
-0.88308
0
0
0
0
0
0
0
0
0
0
0
0
0
0
0
0
0
0
0
0
0
0
18.8075
0
0
0
0
0
0
0
0
0
0
0
0
0
0
0
0
0
0
0
0
0
0
0
0
0
0
0
0
0
0
0
0
0
0
0
0
0
0
0
0
0
0
0
0
0
0
0
0
0
0
0
0
0
0
0
0
0
0
-0.90124
-0.89839
-0.8982
-0.89839
-0.89899
-0.89865
-0.905
-0.90501
-0.89729
-0.90305
-0.8959
-0.89589
-0.8959
-0.89909
-0.89692
-0.88307
-0.90141
-0.88575
-0.88307
-0.88307
-0.88308
0
0
0
0
0
0
0
0
0
0
0
0
0
0
0
0
0
0
0
0
0
0
0
18.8074
0
0
0
0
0
0
0
0
0
0
0
0
0
0
0
0
0
0
0
0
0
0
0
0
0
0
0
0
0
0
0
0
0
0
0
0
0
0
0
0
0
0
0
0
0
0
0
0
0
0
0
0
0
0
0
0
0
-0.90124
-0.8984
-0.89821
-0.8984
-0.899
-0.89865
-0.90501
-0.90501
-0.8973
-0.90305
-0.8959
-0.8959
-0.89589
-0.89909
-0.89691
-0.88308
-0.90142
-0.88576
-0.88308
-0.88308
-0.88308
0
0
0
0
0
0
0
0
0
0
0
0
0
0
0
0
0
0
0
0
0
0
0
0
18.8074
0
0
0
0
0
0
0
0
0
0
0
0
0
0
0
0
0
0
0
0
0
0
0
0
0
0
0
0
0
0
0
0
0
0
0
0
0
0
0
0
0
0
0
0
0
0
0
0
0
0
0
0
0
0
0
0
-0.90124
-0.8984
-0.89821
-0.89839
-0.89899
-0.89865
-0.905
-0.90501
-0.89729
-0.90304
-0.89589
-0.8959
-0.89589
-0.89909
-0.89691
-0.88307
-0.90141
-0.88577
-0.88308
-0.88308
-0.88309
0
0
0
0
0
0
0
0
0
0
0
0
0
0
0
0
0
0
0
0
0
0
0
0
0
18.8074
0
0
0
0
0
0
0
0
0
0
0
0
0
0
0
0
0
0
0
0
0
0
0
0
0
0
0
0
0
0
0
0
0
0
0
0
0
0
0
0
0
0
0
0
0
0
0
0
0
0
0
0
0
0
0
-0.90124
-0.89838
-0.89819
-0.89837
-0.89898
-0.89863
-0.90499
-0.90499
-0.89727
-0.90304
-0.89589
-0.89588
-0.89589
-0.89907
-0.8969
-0.88306
-0.90141
-0.88574
-0.88306
-0.88306
-0.88306
0
0
0
0
0
0
0
0
0
0
0
0
0
0
0
0
0
0
0
0
0
0
0
0
0
0
18.8071
0
0
0
0
0
0
0
0
0
0
0
0
0
0
0
0
0
0
0
0
0
0
0
0
0
0
0
0
0
0
0
0
0
0
0
0
0
0
0
0
0
0
0
0
0
0
0
0
0
0
0
0
0
0
-0.90125
-0.89841
-0.89823
-0.89841
-0.89901
-0.89866
-0.90502
-0.90502
-0.8973
-0.90307
-0.8959
-0.89591
-0.8959
-0.89911
-0.89694
-0.8831
-0.90142
-0.88576
-0.88308
-0.88309
-0.88309
0
0
0
0
0
0
0
0
0
0
0
0
0
0
0
0
0
0
0
0
0
0
0
0
0
0
0
18.8077
0
0
0
0
0
0
0
0
0
0
0
0
0
0
0
0
0
0
0
0
0
0
0
0
0
0
0
0
0
0
0
0
0
0
0
0
0
0
0
0
0
0
0
0
0
0
0
0
0
0
0
0
0
-0.90185
-0.89892
-0.89866
-0.89892
-0.8994
-0.89908
-0.90577
-0.90577
-0.89776
0
-0.89631
-0.89631
-0.89632
-0.89954
-0.89739
-0.88348
0
0
-0.88348
-0.88347
-0.88349
0
0
0
0
0
0
0
0
0
0
0
0
0
0
0
0
0
0
0
0
0
0
0
0
0
0
0
0
16.1259
0
0
0
0
0
0
0
0
0
0
0
0
0
0
0
0
0
0
0
0
0
0
0
0
0
0
0
0
0
0
0
0
0
0
0
0
0
0
0
0
0
0
0
0
0
0
0
0
0
0
0
0
-0.91647
-0.91419
-0.91455
-0.91419
-0.91538
-0.91505
0
0
-0.91333
0
-0.91235
-0.91235
-0.91236
0
0
0
0
0
0
0
0
0
0
0
0
0
0
0
0
0
0
0
0
0
0
0
0
0
0
0
0
0
0
0
0
0
0
0
0
0
12.5932
0
0
-1.4295
0
0
0
0
0
0
0
0
0
0
0
0
0
0
0
0
0
0
-2.0235
0
0
0
0
0
0
0
0
0
0
0
0
0
0
0
0
0
0
0
0
0
0
0
0
0
0
0
0
0
-1.0732
-1.0695
-1.0667
-1.0695
-1.0662
-1.0673
0
0
0
0
0
0
0
0
0
0
0
0
0
0
0
0
0
0
0
0
0
0
0
0
0
0
0
0
0
0
0
0
0
0
0
0
0
0
0
0
0
0
0
0
0
6.7336
0
0
0
0
0
0
0
0
0
0
0
0
0
0
0
0
0
0
0
0
0
-0.3211
0
0
0
0
0
0
0
0
0
0
0
0
0
0
0
0
0
0
0
0
0
0
0
0
0
0
0
0
-1.1723
-1.1689
-1.1666
-1.1689
-1.1668
-1.1675
0
0
0
0
0
0
0
0
0
0
0
0
0
0
0
0
0
0
0
0
0
0
0
0
0
0
0
0
0
0
0
0
0
0
0
0
0
0
0
0
0
0
0
0
0
0
7.0111
0
0
0
0
0
0
0
0
0
0
0
0
0
0
0
0
0
0
0
0
0
0
0
0
0
0
0
0
0
0
0
0
0
0
0
0
0
0
0
0
0
0
0
0
0
0
0
0
0
0
0
0
0
0
0
0
0
0
0
0
0
0
0
0
0
0
0
0
0
0
0
-1.5245
0
0
0
0
0
0
0
0
-1.5062
0
0
0
0
0
0
0
0
0
0
0
0
0
0
0
0
0
0
-1.4295
0
0
9.5513
0
0
0
0
0
0
0
0
0
0
0
0
0
0
0
0
0
0
0
0
0
0
0
0
-2.5456
0
0
-2.5456
0
0
0
0
0
0
0
0
0
0
0
0
0
0
0
0
0
0
0
0
-1.3419
0
0
0
0
0
0
0
0
0
0
0
0
0
0
0
0
0
0
0
0
0
0
0
0
-1.3178
0
0
0
0
0
0
0
0
0
0
0
0
0
0
0
0
0
0
0
0
0
0
0
0
0
0
0
0
9.0786
0
0
0
0
0
0
0
0
0
-2.3747
0
0
0
0
-1.8617
0
0
0
0
0
0
0
0
0
0
0
0
0
0
0
0
0
0
0
0
0
0
-2.1825
0
0
0
0
0
0
0
0
0
0
0
0
0
0
0
0
0
0
0
0
0
0
0
0
0
0
0
0
0
0
0
0
0
0
0
0
0
0
0
0
0
0
0
0
-1.1099
0
0
-1.0988
0
0
0
0
0
0
0
0
0
0
0
0
0
0
0
0
7.6867
0
0
0
-1.4338
0
0
0
0
0
0
0
0
0
-2.1152
0
0
0
0
0
0
0
0
0
-1.9291
0
0
0
0
0
0
0
0
0
0
0
0
0
0
0
0
0
0
0
0
0
0
-1.2761
-1.2721
-1.2644
-1.2721
-1.2635
0
0
0
0
0
0
0
0
0
0
0
0
0
0
0
0
0
0
0
0
0
0
0
0
0
0
0
0
0
0
0
0
0
0
0
0
0
0
0
0
0
0
0
0
0
0
0
0
0
0
0
6.3481
0
0
0
0
0
0
0
0
0
0
0
0
0
0
0
0
0
0
0
0
0
0
0
0
0
0
0
0
0
0
0
0
0
0
0
0
0
0
0
0
0
0
0
0
0
-1.1111
0
0
0
0
0
0
0
0
-1.1141
0
0
0
0
0
0
0
0
0
0
0
0
0
0
0
0
0
0
0
0
0
0
0
0
0
0
-1.1026
0
0
0
0
0
0
0
0
0
0
0
0
0
0
0
0
0
0
0
0
5.2022
0
0
0
0
0
0
0
-1.514
0
0
0
0
0
0
0
0
0
0
0
0
0
0
0
0
0
0
0
0
0
0
0
0
0
0
0
0
0
0
0
0
0
-0.3605
0
0
0
0
0
0
0
0
0
0
0
0
0
0
0
0
0
0
0
0
0
0
0
0
0
0
0
0
0
0
0
0
0
0
0
0
0
0
-1.4462
0
0
0
0
0
0
0
0
0
0
0
0
0
0
0
0
0
0
0
0
0
6.745
0
-1.753
-1.6701
0
0
0
0
0
0
0
0
0
-1.8757
0
0
0
0
0
0
0
0
0
0
0
0
0
0
0
0
0
0
0
0
0
0
0
0
0
0
0
0
0
0
0
0
0
0
0
0
0
0
-1.3421
0
0
0
0
0
0
0
0
0
0
0
0
0
0
0
0
0
0
0
0
0
0
0
0
0
0
0
0
0
0
0
0
0
0
0
0
0
0
0
0
0
0
0
0
0
0
-1.4338
0
0
0
7.3451
0
0
0
0
0
0
-2.1223
0
0
0
0
0
0
0
0
0
-2.4469
0
0
0
0
0
0
0
0
0
0
0
0
0
0
0
0
0
0
0
0
0
0
0
0
0
0
0
0
0
0
0
0
0
0
0
0
0
0
0
0
0
0
0
0
0
0
0
0
0
0
0
0
0
0
0
0
0
0
0
0
0
-1.4489
0
0
0
0
0
0
0
0
0
0
0
0
0
0
0
0
0
0
0
0
0
-1.753
0
5.287
0
0
0
0
0
0
0
0
0
0
0
0
0
0
0
0
-2.0852
0
0
0
0
0
0
0
0
0
0
0
0
0
0
0
0
0
0
0
0
0
0
0
0
0
0
0
0
0
0
0
0
0
0
0
0
0
0
0
0
0
0
0
0
0
0
0
0
0
-2.0532
0
0
0
0
0
0
0
0
0
0
0
0
0
0
0
0
0
0
0
0
0
0
0
0
0
0
0
0
0
0
0
0
-1.6701
0
0
5.6229
0
0
-1.8995
0
0
0
0
0
0
0
0
0
0
0
0
0
0
0
0
0
0
0
0
0
0
0
0
0
0
0
0
0
0
0
0
0
0
0
0
0
0
0
0
0
0
0
0
0
0
0
0
0
0
0
0
0
0
0
0
0
0
0
0
0
0
-1.0354
0
0
0
0
0
0
0
0
0
0
0
0
0
0
0
0
0
0
0
0
0
0
0
0
0
0
0
0
0
0
0
0
0
0
0
0
4.1639
-1.9279
0
0
0
0
0
0
0
0
0
0
0
0
0
0
0
0
0
0
0
0
0
0
0
0
0
0
0
0
0
0
0
0
0
-1.2006
0
0
0
0
0
0
0
0
0
0
0
0
0
0
0
0
0
0
0
0
0
-1.0481
0
0
0
0
0
0
0
0
0
0
0
0
0
0
0
0
0
0
0
0
0
-1.0594
0
0
0
0
0
0
0
0
0
0
0
0
0
0
0
0
0
0
0
0
0
0
-1.9279
4.0354
0
0
0
0
0
0
0
0
0
0
0
0
0
0
0
0
0
0
0
0
0
0
0
0
0
0
0
0
0
0
0
0
0
0
0
0
0
0
0
0
0
0
0
0
0
0
0
0
0
0
0
0
0
0
0
0
0
0
0
0
0
0
0
0
0
0
0
0
0
0
0
0
0
0
0
0
0
0
0
0
0
0
0
0
0
0
0
0
0
0
0
0
-2.3747
0
0
0
0
0
0
-1.8995
0
0
6.2814
0
0
-2.0072
0
0
0
0
0
0
0
0
0
0
0
0
0
0
0
0
0
0
0
0
0
0
0
0
0
0
0
0
0
0
0
0
0
0
0
0
0
0
0
0
0
0
0
-1.1935
0
0
0
0
0
0
0
0
0
0
0
0
0
0
0
0
0
0
0
0
0
0
0
0
0
0
0
0
0
0
0
0
0
0
0
0
0
0
0
0
0
0
0
0
0
0
0
-1.514
0
0
0
0
0
0
0
4.2006
0
0
0
0
0
0
0
0
0
0
0
0
0
0
0
0
0
0
0
0
0
0
0
0
-1.4932
0
0
0
0
0
0
0
0
0
0
0
0
0
0
0
0
0
0
0
0
0
0
0
0
0
-2.0798
0
0
0
0
0
0
0
0
0
0
0
0
0
0
0
0
0
0
0
0
0
0
0
0
0
0
0
0
0
0
0
0
0
0
0
0
0
0
0
0
0
0
0
0
-2.1223
0
0
0
0
0
0
5.9323
0
0
0
-1.7302
0
0
0
0
0
0
0
0
0
0
0
0
0
0
0
0
0
0
0
0
0
0
0
0
0
0
0
0
0
0
0
0
0
0
0
0
0
0
0
0
0
0
0
0
0
0
0
0
0
0
0
0
0
0
0
0
0
0
0
0
0
0
0
0
0
0
0
0
0
0
0
-3.2583
0
0
0
0
0
0
0
0
0
0
0
0
0
0
0
0
0
0
0
0
0
0
0
-2.0072
0
0
5.2655
0
0
0
0
0
0
0
0
0
0
0
0
0
0
0
0
0
0
0
0
0
0
0
0
0
0
0
0
0
0
0
0
0
0
-1.9623
0
-1.9432
0
0
0
0
0
0
0
0
0
0
0
0
0
0
0
0
0
0
0
0
0
0
0
0
0
0
0
0
0
0
0
0
0
0
0
0
0
0
0
0
0
0
0
0
0
0
0
0
0
0
0
0
0
0
0
0
0
0
0
0
0
0
0
0
0
3.9054
0
0
0
0
0
0
0
0
0
0
0
0
0
0
0
0
0
0
0
0
0
0
0
0
0
0
0
0
0
0
0
0
0
0
0
0
0
0
0
0
0
0
0
0
0
0
0
0
0
0
0
0
0
0
0
0
0
0
0
0
0
0
0
0
0
0
0
0
0
0
0
0
0
0
0
0
0
0
0
0
0
0
0
0
0
0
0
-1.8617
-2.1152
0
0
0
0
0
0
0
0
0
0
0
0
0
3.9768
0
0
0
0
0
0
0
0
0
0
0
0
0
0
0
0
0
0
0
0
0
0
0
0
0
0
0
0
0
0
0
0
0
0
0
0
0
0
0
0
0
0
0
0
0
0
0
0
0
0
0
0
0
0
0
-3.4969
0
0
0
0
0
0
0
0
0
0
0
0
0
0
0
0
0
0
0
0
0
0
0
0
0
0
0
0
0
0
0
0
0
0
0
0
0
0
0
0
0
0
-1.7302
0
0
0
5.2271
0
0
0
0
0
0
0
0
0
0
0
0
0
0
0
0
0
0
0
0
0
0
0
0
0
0
0
0
0
0
0
0
0
0
0
0
0
0
0
0
0
0
0
0
-2.8429
0
0
0
0
0
0
0
0
0
0
0
0
0
0
0
0
0
0
0
0
0
0
0
0
0
0
0
0
0
0
0
0
0
0
0
0
0
0
0
0
0
0
0
0
-1.8757
0
0
0
0
0
0
0
0
0
0
0
0
4.7186
0
0
0
0
0
0
0
0
0
0
0
0
0
0
0
0
0
0
0
0
0
0
0
0
0
0
0
0
0
0
0
0
0
0
0
0
0
0
0
0
0
0
0
0
0
0
0
0
0
0
0
0
0
0
0
0
0
0
0
0
0
0
0
0
0
0
0
0
0
0
0
0
0
0
0
0
0
0
0
0
-2.0235
0
0
0
0
0
0
0
0
0
0
0
0
0
0
0
0
0
0
0
0
0
2.0235
0
0
0
0
0
0
0
0
0
0
0
0
0
0
0
0
0
0
0
0
0
0
0
0
0
0
0
0
0
0
0
0
0
0
0
0
0
0
0
0
0
0
0
0
0
0
0
0
0
0
0
0
0
0
0
0
0
0
0
0
0
0
0
0
0
0
0
0
0
0
0
0
0
0
0
0
0
0
0
0
-0.3211
0
0
0
0
0
0
0
0
0
0
0
0
0
0
0
0
0
0
0
0
0
0.3211
0
0
0
0
0
0
0
0
0
0
0
0
0
0
0
0
0
0
0
0
0
0
0
0
0
0
0
0
0
-4.5044
0
0
0
0
0
0
0
0
0
0
0
0
0
0
0
0
0
0
0
0
0
0
0
0
0
0
0
0
0
0
0
0
0
0
0
0
0
0
0
0
0
0
0
0
0
0
0
0
0
0
0
0
0
0
0
0
0
0
0
0
0
0
0
0
0
0
0
0
0
0
0
0
4.5044
0
0
0
0
0
0
0
0
0
0
0
0
0
0
0
0
0
0
0
0
0
0
0
0
0
0
0
0
0
0
0
0
0
0
0
0
0
0
0
0
0
0
0
0
0
0
0
0
0
0
0
0
0
0
0
0
0
0
0
0
0
0
0
-2.9319
0
0
0
0
0
0
0
0
0
0
0
0
0
0
0
0
0
0
0
0
0
0
0
0
0
0
0
0
0
0
0
0
0
0
0
0
0
0
2.9319
0
0
0
0
0
0
0
0
0
0
0
0
0
0
0
0
0
0
0
0
0
0
0
0
0
0
0
0
0
0
0
0
0
0
0
0
0
0
0
0
0
0
0
0
0
0
0
0
0
0
0
0
0
0
0
0
0
0
0
0
0
0
0
0
0
0
0
0
0
0
0
0
0
0
0
0
0
0
0
0
0
0
0
0
0
-2.4469
0
0
0
0
0
0
0
0
0
0
0
0
0
0
0
0
2.4469
0
0
0
0
0
0
0
0
0
0
0
0
0
0
0
0
0
0
0
0
0
0
0
0
0
0
0
0
0
0
0
0
0
0
0
0
0
0
0
0
0
0
0
0
0
0
0
0
0
0
0
0
0
0
0
0
0
0
0
0
0
0
0
0
0
0
0
0
0
0
0
0
0
0
0
0
0
0
0
0
0
0
0
0
0
-2.0852
0
0
0
0
0
0
0
0
0
0
0
0
0
0
0
0
2.0852
0
0
0
0
0
0
0
0
0
0
0
0
0
0
0
0
0
0
0
0
0
0
0
0
0
0
0
0
0
0
0
0
0
0
0
0
0
0
0
0
0
0
0
0
0
0
0
0
0
0
0
0
0
0
0
0
0
0
0
0
0
0
0
0
0
0
0
0
0
0
0
0
0
0
0
0
0
-2.5456
0
0
0
0
0
0
0
0
0
0
0
0
0
0
0
0
0
0
0
0
0
0
0
0
2.5456
0
0
0
0
0
0
0
0
0
0
0
0
0
0
0
0
0
0
0
0
0
0
0
0
0
0
0
0
0
0
0
0
0
0
0
0
0
0
0
0
0
0
0
0
0
0
0
0
0
0
0
0
0
0
0
0
0
0
0
0
0
0
0
0
0
0
0
0
0
0
0
0
0
0
0
0
0
0
-1.9291
0
0
0
0
0
0
0
0
0
0
0
0
0
0
0
0
0
0
0
0
0
0
0
1.9291
0
0
0
0
0
0
0
0
0
0
0
0
0
0
0
0
0
0
0
0
0
0
0
0
0
0
0
0
0
0
0
0
0
0
0
0
0
0
0
0
0
0
0
0
0
0
0
0
0
0
0
0
0
0
0
0
-2.8519
0
0
0
0
0
0
0
0
0
0
0
0
0
0
0
0
0
0
0
0
0
0
0
0
0
0
0
0
0
0
0
0
0
0
0
0
0
0
0
0
0
0
0
0
0
2.8519
0
0
0
0
0
0
0
0
0
0
0
0
0
0
0
0
0
0
0
0
0
0
0
0
0
0
0
0
0
0
0
0
0
0
0
0
0
0
0
0
0
0
0
0
0
0
0
0
0
0
0
0
0
0
0
0
0
0
0
0
0
0
0
0
0
0
0
0
0
0
0
0
0
0
-2.5456
0
0
0
0
0
0
0
0
0
0
0
0
0
0
0
0
0
0
0
0
0
0
0
0
0
0
0
2.5456
0
0
0
0
0
0
0
0
0
0
0
0
0
0
0
0
0
0
0
0
0
0
0
0
0
0
0
0
0
0
0
0
0
0
0
0
0
0
0
0
0
0
0
0
0
0
0
0
0
0
-3.1317
0
0
0
0
0
0
0
0
0
0
0
0
0
0
0
0
0
0
0
0
0
0
0
0
0
0
0
0
0
0
0
0
0
0
0
0
0
0
0
0
0
0
0
0
0
0
0
0
0
0
0
3.1317
0
0
0
0
0
0
0
0
0
0
0
0
0
0
0
0
0
0
0
0
0
0
0
0
0
0
0
0
0
0
0
0
0
0
0
-4.1256
0
0
0
0
0
0
0
0
0
0
0
0
0
0
0
0
0
0
0
0
0
0
0
0
0
0
0
0
0
0
0
0
0
0
0
0
0
0
0
0
0
0
0
0
0
0
0
0
0
0
0
0
0
0
0
0
0
0
0
0
0
0
0
0
0
0
4.1256
0
0
0
0
0
0
0
0
0
0
0
0
0
0
0
0
0
0
0
0
0
0
0
0
-4.5614
0
0
0
0
0
0
0
0
0
0
0
0
0
0
0
0
0
0
0
0
0
0
0
0
0
0
0
0
0
0
0
0
0
0
0
0
0
0
0
0
0
0
0
0
0
0
0
0
0
0
0
0
0
0
0
0
0
0
0
0
0
0
0
0
0
0
0
0
0
0
0
0
0
0
0
0
0
4.5614
0
0
0
0
0
0
0
0
0
0
0
0
0
0
0
0
0
0
0
0
0
0
0
0
0
0
0
0
0
0
0
0
0
0
0
0
0
0
0
0
0
0
0
0
0
0
0
0
0
0
0
0
-2.1927
0
0
0
0
0
0
0
0
0
0
0
0
0
0
0
0
0
0
0
0
0
0
0
0
0
0
0
0
0
0
0
0
0
0
0
0
0
0
0
0
0
0
0
0
0
0
0
0
0
2.1927
0
0
0
0
0
0
0
0
0
0
0
0
0
0
0
0
-4.6923
0
0
0
0
0
0
0
0
0
0
0
0
0
0
0
0
0
0
0
0
0
0
0
0
0
0
0
0
0
0
0
0
0
0
0
0
0
0
0
0
0
0
0
0
0
0
0
0
0
0
0
0
0
0
0
0
0
0
0
0
0
0
0
0
0
0
0
0
0
0
0
0
0
0
0
0
0
0
0
0
0
0
0
0
0
4.6923
0
0
0
0
0
0
0
0
0
0
0
0
0
0
0
0
0
0
0
0
0
0
-4.5615
0
0
0
0
0
0
0
0
0
0
0
0
0
0
0
0
0
0
0
0
0
0
0
0
0
0
0
0
0
0
0
0
0
0
0
0
0
0
0
0
0
0
0
0
0
0
0
0
0
0
0
0
0
0
0
0
0
0
0
0
0
0
0
0
0
0
0
0
0
0
0
0
0
0
0
0
0
0
0
4.5615
0
0
0
0
0
0
0
0
0
0
0
0
0
0
0
0
0
0
0
0
-4.5615
0
0
0
0
0
0
0
0
0
0
0
0
0
0
0
0
0
0
0
0
0
0
0
0
0
0
0
0
0
0
0
0
0
0
0
0
0
0
0
0
0
0
0
0
0
0
0
0
0
0
0
0
0
0
0
0
0
0
0
0
0
0
0
0
0
0
0
0
0
0
0
0
0
0
0
0
0
0
0
0
0
4.5615
0
0
0
0
0
0
0
0
0
0
0
0
0
0
0
0
0
0
0
0
-4.5615
0
0
0
0
0
0
0
0
0
0
0
0
0
0
0
0
0
0
0
0
0
0
0
0
0
0
0
0
0
0
0
0
0
0
0
0
0
0
0
0
0
0
0
0
0
0
0
0
0
0
0
0
0
0
0
0
0
0
0
0
0
0
0
0
0
0
0
0
0
0
0
0
0
0
0
0
0
0
0
0
0
4.5615
0
0
0
0
0
0
0
0
0
0
0
0
0
0
0
0
0
0
0
0
0
0
0
0
0
0
0
0
0
0
0
0
0
0
0
0
0
0
0
0
0
0
0
0
0
0
0
0
0
0
0
0
0
0
0
0
0
0
0
0
0
0
0
0
0
0
0
0
0
0
0
0
0
0
0
0
0
-1.4932
0
0
0
0
0
0
0
0
0
0
0
0
0
0
0
0
0
0
0
0
0
0
0
0
1.4932
0
0
0
0
0
0
0
0
0
0
0
0
0
0
0
0
0
0
0
0
0
0
0
0
0
0
0
0
0
0
0
0
0
0
0
0
0
0
0
0
0
0
0
0
0
0
0
0
0
0
0
0
0
-1.8964
0
0
0
0
0
0
0
0
0
0
0
0
0
0
0
0
0
0
0
0
0
0
0
0
0
0
0
0
0
0
0
0
0
0
0
0
0
0
0
0
0
0
0
0
0
0
0
0
1.8964
0
0
0
0
0
0
0
0
0
0
0
0
0
0
0
0
0
0
0
0
0
0
0
0
0
0
0
0
0
0
0
0
0
0
0
0
0
0
0
0
0
0
0
0
0
0
0
0
0
0
0
0
0
0
0
0
0
0
0
0
0
0
0
0
-2.1825
0
0
0
0
0
0
0
0
0
0
0
0
0
0
0
0
0
0
0
0
0
0
0
0
0
0
0
0
0
0
0
0
0
0
0
0
0
2.1825
0
0
0
0
0
0
0
0
0
0
0
0
0
0
0
0
0
0
0
0
0
0
0
0
0
0
0
0
0
0
0
0
0
0
0
0
0
0
0
0
0
0
0
-2.8519
0
0
0
0
0
0
0
0
0
0
0
0
0
0
0
0
0
0
0
0
0
0
0
0
0
0
0
0
0
0
0
0
0
0
0
0
0
0
0
0
0
0
0
0
0
0
0
0
0
0
0
0
0
0
0
0
0
0
2.8519
0
0
0
0
0
0
0
0
0
0
0
0
0
0
0
0
0
0
0
0
0
0
0
0
0
0
0
0
0
-4.2696
0
0
0
0
0
0
0
0
0
0
0
0
0
0
0
0
0
0
0
0
0
0
0
0
0
0
0
0
0
0
0
0
0
0
0
0
0
0
0
0
0
0
0
0
0
0
0
0
0
0
0
0
0
0
0
0
0
0
0
0
0
0
0
0
0
0
0
0
0
0
0
0
4.2696
0
0
0
0
0
0
0
0
0
0
0
0
0
0
0
0
-4.3187
0
0
0
0
0
0
0
0
0
0
0
0
0
0
0
0
0
0
0
0
0
0
0
0
0
0
0
0
0
0
0
0
0
0
0
0
0
0
0
0
0
0
0
0
0
0
0
0
0
0
0
0
0
0
0
0
0
0
0
0
0
0
0
0
0
0
0
0
0
0
0
0
0
0
0
0
0
0
0
0
0
0
0
0
0
4.3187
0
0
0
0
0
0
0
0
0
0
0
0
0
0
0
0
0
0
0
0
0
0
0
0
0
0
0
0
0
0
0
0
0
0
0
0
0
0
-2.8985
0
0
0
0
0
0
0
0
0
0
0
0
0
0
0
0
0
0
0
0
0
0
0
0
0
0
0
0
0
0
0
0
0
0
0
0
0
0
0
0
0
0
0
0
0
0
0
0
0
0
0
0
0
0
0
0
0
0
0
0
0
0
0
2.8985
0
0
0
0
0
0
0
0
0
0
0
0
0
0
0
0
0
0
0
0
0
0
0
0
0
0
0
0
0
0
0
0
0
0
0
0
0
0
0
0
0
0
0
0
0
0
0
0
0
0
0
0
0
0
0
0
0
0
0
0
0
0
0
0
0
0
0
-1.2006
0
0
0
0
0
0
0
0
0
0
0
0
0
0
0
0
0
0
0
0
0
0
0
0
0
0
0
0
0
0
0
0
0
0
1.2006
0
0
0
0
0
0
0
-4.5044
0
0
0
0
0
0
0
0
0
0
0
0
0
0
0
0
0
0
0
0
0
0
0
0
0
0
0
0
0
0
0
0
0
0
0
0
0
0
0
0
0
0
0
0
0
0
0
0
0
0
0
0
0
0
0
0
0
0
0
0
0
0
0
0
0
0
0
0
0
0
0
0
0
0
0
0
0
0
0
0
0
0
0
0
0
0
0
0
0
0
0
0
0
0
4.5044
0
0
0
0
0
0
0
0
0
0
0
0
0
0
0
0
0
0
0
0
0
0
0
0
0
0
0
0
0
0
0
0
0
0
0
0
0
0
0
0
0
0
0
0
0
0
0
0
0
0
0
0
0
0
0
0
0
0
0
0
-0.3605
0
0
0
0
0
0
0
0
0
0
0
0
0
0
0
0
0
0
0
0
0
0
0
0
0
0
0
0
0
0
0
0
0
0
0
0
0
0
0
0
0
0.3605
0
0
0
0
0
0
0
0
0
0
0
0
0
0
0
0
0
0
0
0
0
0
0
-4.2696
0
0
0
0
0
0
0
0
0
0
0
0
0
0
0
0
0
0
0
0
0
0
0
0
0
0
0
0
0
0
0
0
0
0
0
0
0
0
0
0
0
0
0
0
0
0
0
0
0
0
0
0
0
0
0
0
0
0
0
0
0
0
0
0
0
0
0
0
0
0
0
0
0
0
0
0
0
0
4.2696
0
0
0
0
0
0
0
0
0
0
0
0
0
0
0
0
0
0
0
0
0
0
0
0
0
0
0
0
0
0
0
0
0
0
0
0
0
-2.932
0
0
0
0
0
0
0
0
0
0
0
0
0
0
0
0
0
0
0
0
0
0
0
0
0
0
0
0
0
0
0
0
0
0
0
0
0
0
0
0
0
0
0
0
0
0
0
0
0
0
0
0
0
0
0
0
0
0
0
0
0
0
0
0
2.932
