52.7733
-0.90848
-0.90131
-0.90131
-0.90132
-0.90131
-0.90133
-0.89039
-0.89039
-0.90428
-0.8939
-0.89404
-0.90125
-0.89678
-0.89612
-0.8953
-0.89531
-0.89037
-0.89928
-0.91714
-0.91715
-0.88727
-0.89099
-0.88727
-0.88445
-0.91321
-0.8911
-0.88949
-0.90932
-0.91074
-0.91525
-0.90467
-0.90161
-0.92499
-0.91542
-0.89812
-0.89417
-0.89417
-0.91754
-0.88944
-0.8953
-0.89124
-0.92428
-0.88833
-0.89241
-0.93094
-0.94521
-1.0139
-0.94311
-0.96296
-0.9747
-0.9803
-1.054
-1.0466
-1.0671
-1.5034
0
0
0
0
0
0
0
0
0
0
0
0
-1.7436
0
0
0
0
0
0
0
0
0
0
0
0
0
0
0
0
0
0
0
0
0
0
0
0
0
0
0
0
0
0
0
0
-0.90848
51.1276
-0.9054
-0.90541
-0.90541
-0.90541
-0.90542
-0.89397
-0.89397
-0.90823
-0.8978
-0.89795
-0.90552
-0.90079
-0.90114
-0.89932
-0.89932
-0.89462
-0.90341
-0.922
-0.92199
-0.89125
-0.89602
-0.89125
-0.88842
-0.91801
-0.89508
-0.89353
-0.91313
-0.91485
-0.91892
-0.90878
-0.9056
-0.92958
-0.92072
-0.90217
-0.89815
-0.89814
-0.922
-0.8934
-0.89927
-0.89712
-0.92881
-0.89226
-0.89629
-0.93499
-0.94912
-1.0181
-0.94684
-0.96628
-0.97885
-0.98302
-1.0578
-1.0504
-1.0803
0
-1.3735
0
0
0
0
0
0
0
0
0
0
0
0
0
0
0
0
0
0
0
0
0
0
0
0
0
0
0
0
0
0
0
0
0
0
0
0
0
0
0
0
0
0
0
0
-0.90131
-0.9054
49.3438
-0.8939
-0.89391
-0.8939
-0.89391
-0.88565
-0.88564
-0.90066
-0.89023
-0.89048
-0.89846
-0.89359
-0.89375
-0.89193
-0.89193
-0.88726
-0.8962
-0.91494
-0.91495
-0.88394
-0.88883
-0.88394
-0.88114
-0.91142
-0.88776
-0.88642
-0.90585
-0.90752
-0.91204
-0.90171
-0.89821
-0.92215
-0.91373
-0.89484
-0.89079
-0.89079
-0.9148
-0.88609
-0.89189
-0.88971
-0.92154
-0.88493
-0.88889
-0.92749
-0.94135
-1.0105
-0.93877
-0.95879
-0.97057
-0.9767
-1.049
-1.0417
-1.072
0
0
0
0
0
0
0
0
0
0
0
0
0
0
0
0
0
0
0
0
0
0
0
0
0
0
0
0
0
0
0
0
0
0
0
0
0
0
0
0
0
0
0
0
0
0
-0.90131
-0.90541
-0.8939
49.3443
-0.89392
-0.89392
-0.89392
-0.88566
-0.88565
-0.90067
-0.89024
-0.89049
-0.89847
-0.8936
-0.89376
-0.89194
-0.89194
-0.88728
-0.89621
-0.91496
-0.91495
-0.88395
-0.88884
-0.88395
-0.88114
-0.91144
-0.88777
-0.88643
-0.90587
-0.90753
-0.91206
-0.90172
-0.89823
-0.92216
-0.91374
-0.89485
-0.89081
-0.8908
-0.9148
-0.8861
-0.8919
-0.88972
-0.92155
-0.88493
-0.8889
-0.92749
-0.94136
-1.0105
-0.93877
-0.9588
-0.97058
-0.97671
-1.0491
-1.0417
-1.072
0
0
0
0
0
0
0
0
0
0
0
0
0
0
0
0
0
0
0
0
0
0
0
0
0
0
0
0
0
0
0
0
0
0
0
0
0
0
0
0
0
0
0
0
0
0
-0.90132
-0.90541
-0.89391
-0.89392
49.3444
-0.89391
-0.89392
-0.88565
-0.88565
-0.90067
-0.89024
-0.89049
-0.89847
-0.8936
-0.89376
-0.89194
-0.89194
-0.88727
-0.89621
-0.91496
-0.91496
-0.88396
-0.88884
-0.88396
-0.88115
-0.91144
-0.88777
-0.88643
-0.90586
-0.90753
-0.91205
-0.90172
-0.89822
-0.92216
-0.91374
-0.89485
-0.89081
-0.8908
-0.91481
-0.8861
-0.8919
-0.88973
-0.92155
-0.88493
-0.8889
-0.92749
-0.94137
-1.0105
-0.93877
-0.9588
-0.97058
-0.97671
-1.0491
-1.0417
-1.072
0
0
0
0
0
0
0
0
0
0
0
0
0
0
0
0
0
0
0
0
0
0
0
0
0
0
0
0
0
0
0
0
0
0
0
0
0
0
0
0
0
0
0
0
0
0
-0.90131
-0.90541
-0.8939
-0.89392
-0.89391
49.3443
-0.89392
-0.88565
-0.88565
-0.90067
-0.89024
-0.89049
-0.89847
-0.8936
-0.89376
-0.89194
-0.89194
-0.88727
-0.8962
-0.91495
-0.91496
-0.88396
-0.88884
-0.88396
-0.88114
-0.91143
-0.88777
-0.88643
-0.90587
-0.90752
-0.91205
-0.90172
-0.89822
-0.92215
-0.91374
-0.89485
-0.8908
-0.8908
-0.9148
-0.88609
-0.8919
-0.88972
-0.92154
-0.88493
-0.88889
-0.9275
-0.94136
-1.0105
-0.93877
-0.9588
-0.97058
-0.97671
-1.0491
-1.0417
-1.072
0
0
0
0
0
0
0
0
0
0
0
0
0
0
0
0
0
0
0
0
0
0
0
0
0
0
0
0
0
0
0
0
0
0
0
0
0
0
0
0
0
0
0
0
0
0
-0.90133
-0.90542
-0.89391
-0.89392
-0.89392
-0.89392
49.3449
-0.88566
-0.88566
-0.90068
-0.89026
-0.8905
-0.89848
-0.89361
-0.89377
-0.89194
-0.89195
-0.88729
-0.89622
-0.91496
-0.91497
-0.88397
-0.88884
-0.88397
-0.88115
-0.91144
-0.88778
-0.88644
-0.90587
-0.90754
-0.91206
-0.90172
-0.89823
-0.92217
-0.91376
-0.89486
-0.89082
-0.89081
-0.91482
-0.88611
-0.89191
-0.88973
-0.92156
-0.88494
-0.88891
-0.9275
-0.94137
-1.0105
-0.93879
-0.95882
-0.97059
-0.97672
-1.0491
-1.0417
-1.072
0
0
0
0
0
0
0
0
0
0
0
0
0
0
0
0
0
0
0
0
0
0
0
0
0
0
0
0
0
0
0
0
0
0
0
0
0
0
0
0
0
0
0
0
0
0
-0.89039
-0.89397
-0.88565
-0.88566
-0.88565
-0.88565
-0.88566
47.6924
-0.8763
-0.89079
-0.8796
-0.87975
-0.88698
-0.88251
-0.88261
-0.88096
-0.88096
-0.87625
-0.88491
-0.90266
-0.90266
-0.87304
-0.87778
-0.87304
-0.87024
-0.89916
-0.87674
-0.87536
-0.89415
-0.89615
-0.90061
-0.89039
-0.88695
-0.91029
-0.90202
-0.88354
-0.87966
-0.87966
-0.90317
-0.87502
-0.88074
-0.87847
-0.90995
-0.87385
-0.87775
-0.91587
-0.9297
-0.99747
-0.92685
-0.94662
-0.95835
-0.96481
-1.0361
-1.0293
0
0
0
0
0
0
0
0
0
0
0
0
0
0
0
0
0
0
0
0
0
0
0
0
0
0
0
0
0
0
0
0
0
0
0
0
0
0
0
0
0
0
0
0
0
0
0
-0.89039
-0.89397
-0.88564
-0.88565
-0.88565
-0.88565
-0.88566
-0.8763
47.6924
-0.89079
-0.8796
-0.87975
-0.88698
-0.88251
-0.88261
-0.88096
-0.88096
-0.87625
-0.88491
-0.90266
-0.90266
-0.87304
-0.87779
-0.87304
-0.87025
-0.89917
-0.87673
-0.87535
-0.89414
-0.89615
-0.90061
-0.89039
-0.88696
-0.9103
-0.90202
-0.88354
-0.87966
-0.87966
-0.90316
-0.87502
-0.88074
-0.87847
-0.90995
-0.87385
-0.87775
-0.91588
-0.9297
-0.99747
-0.92685
-0.94663
-0.95835
-0.96481
-1.0361
-1.0293
0
0
0
0
0
0
0
0
0
0
0
0
0
0
0
0
0
0
0
0
0
0
0
0
0
0
0
0
0
0
0
0
0
0
0
0
0
0
0
0
0
0
0
0
0
0
0
-0.90428
-0.90823
-0.90066
-0.90067
-0.90067
-0.90067
-0.90068
-0.89079
-0.89079
46.3886
-0.89164
-0.8924
-0.90082
-0.89583
-0.89593
-0.89421
-0.89421
-0.88952
-0.89873
-0.91782
-0.91782
-0.88619
-0.89111
-0.88619
-0.88335
-0.91377
-0.89007
-0.88868
-0.90789
-0.90987
-0.91441
-0.90416
-0.90052
-0.92424
-0.91599
-0.89723
-0.8931
-0.8931
-0.91701
-0.88839
-0.89422
-0.89199
-0.92383
-0.88722
-0.89117
-0.92995
-0.94387
-1.013
-0.94141
-0.96137
-0.97431
0
0
-1.0446
0
0
0
0
0
0
0
0
0
0
0
0
0
0
0
0
0
0
0
0
0
0
0
0
0
0
0
0
0
0
0
0
0
0
0
0
0
0
0
0
0
0
0
0
0
0
0
-0.8939
-0.8978
-0.89023
-0.89024
-0.89024
-0.89024
-0.89026
-0.8796
-0.8796
-0.89164
44.8157
-0.88259
-0.88943
-0.88542
-0.88547
-0.88385
-0.88386
-0.87903
-0.88798
-0.90704
-0.90704
-0.87575
-0.88058
-0.87576
-0.87288
-0.9009
-0.8795
-0.87805
-0.89686
-0.89904
-0.90356
-0.89333
-0.88979
-0.91302
-0.90463
-0.88646
-0.88243
-0.88242
-0.90596
-0.87774
-0.88347
-0.8812
-0.91271
-0.87651
-0.88046
-0.91902
-0.93287
-1.0014
-0.93047
-0.95022
-0.96325
0
0
0
0
0
0
0
0
0
0
0
0
0
0
0
0
0
0
0
0
0
0
0
0
0
0
0
0
0
0
0
0
0
0
0
0
0
0
0
0
0
0
0
0
0
0
0
0
0
0
-0.89404
-0.89795
-0.89048
-0.89049
-0.89049
-0.89049
-0.8905
-0.87975
-0.87975
-0.8924
-0.88259
43.8545
-0.88914
-0.88552
-0.88557
-0.88395
-0.88396
-0.87909
-0.88802
-0.90584
-0.90584
-0.8758
-0.88067
-0.8758
-0.87293
-0.90133
-0.87957
-0.87813
-0.8969
-0.8991
-0.90355
-0.89339
-0.88986
-0.91301
-0.90477
-0.88645
-0.88254
-0.88254
-0.906
-0.87787
-0.88361
-0.88133
-0.91274
-0.87665
-0.88059
-0.919
-0.9331
-1.0012
-0.93045
-0.94976
0
0
0
0
0
0
0
0
0
0
0
0
0
0
0
0
0
0
0
0
0
0
0
0
0
0
0
0
0
0
0
0
0
0
0
0
0
0
0
0
0
0
0
0
0
0
0
0
0
0
0
-0.90125
-0.90552
-0.89846
-0.89847
-0.89847
-0.89847
-0.89848
-0.88698
-0.88698
-0.90082
-0.88943
-0.88914
45.9697
-0.89161
-0.8916
-0.8903
-0.89031
-0.88508
-0.89412
-0.91381
-0.91381
-0.88214
-0.88682
-0.88215
-0.87925
-0.90639
-0.88593
-0.88201
-0.90264
-0.9054
-0.90988
-0.89918
-0.8963
-0.91861
-0.91034
-0.89277
-0.88896
-0.88896
-0.912
-0.88428
-0.89023
-0.88752
-0.91893
-0.88335
-0.88731
-0.92597
-0.94073
0
0
0
0
0
0
0
0
0
0
0
0
0
0
0
0
0
0
0
0
-1.7932
0
0
0
0
0
0
0
0
0
0
0
-2.9054
0
0
0
0
0
0
0
0
0
0
0
0
0
0
0
0
0
0
0
0
0
-0.89678
-0.90079
-0.89359
-0.8936
-0.8936
-0.8936
-0.89361
-0.88251
-0.88251
-0.89583
-0.88542
-0.88552
-0.89161
42.5412
-0.88821
-0.88672
-0.88671
-0.88159
-0.89079
-0.90789
-0.9079
-0.87832
-0.88323
-0.87832
-0.8754
-0.90353
-0.88227
-0.88063
-0.89959
-0.90197
-0.90603
-0.89661
-0.89267
-0.91561
-0.90749
-0.88872
-0.88536
-0.88536
-0.90877
-0.88067
-0.88651
-0.88405
-0.91559
-0.87961
-0.8835
-0.92204
-0.93649
0
0
0
0
0
0
0
0
0
0
0
0
0
0
0
0
0
0
0
0
0
0
0
0
0
0
0
0
0
-1.4441
0
0
0
0
0
0
0
0
0
0
0
0
0
0
0
0
0
0
0
0
0
0
0
0
-0.89612
-0.90114
-0.89375
-0.89376
-0.89376
-0.89376
-0.89377
-0.88261
-0.88261
-0.89593
-0.88547
-0.88557
-0.8916
-0.88821
43.232
-0.88661
-0.88662
-0.88169
-0.89055
-0.90765
-0.90765
-0.87827
-0.88208
-0.87827
-0.87535
-0.90416
-0.88226
-0.88066
-0.89955
-0.9019
-0.90634
-0.89603
-0.89263
-0.91549
-0.90731
-0.88902
-0.88531
-0.88531
-0.90845
-0.88061
-0.88646
-0.87904
-0.91543
-0.87956
-0.88352
-0.92212
-0.9366
0
0
0
0
0
0
0
0
0
0
0
0
0
0
0
0
0
0
0
0
0
0
0
0
0
-2.1415
0
0
0
0
0
0
0
0
0
0
0
0
0
0
0
0
0
0
0
0
0
0
0
0
0
0
0
0
-0.8953
-0.89932
-0.89193
-0.89194
-0.89194
-0.89194
-0.89194
-0.88096
-0.88096
-0.89421
-0.88385
-0.88395
-0.8903
-0.88672
-0.88661
41.0204
-0.88289
-0.87913
-0.88925
-0.90645
-0.90645
-0.87628
-0.88142
-0.87629
-0.87341
-0.90276
-0.88053
-0.87904
-0.89807
-0.90024
-0.9046
-0.89462
-0.89093
-0.91409
-0.90603
-0.8875
-0.88364
-0.88364
-0.90719
-0.87894
-0.88477
-0.88243
-0.91373
-0.87787
-0.88172
-0.9201
-0.93454
0
0
0
0
0
0
0
0
0
0
0
0
0
0
0
0
0
0
0
0
0
0
0
0
0
0
0
0
0
0
0
0
0
0
0
0
0
0
0
0
0
0
0
0
0
0
0
0
0
0
0
0
0
0
-0.89531
-0.89932
-0.89193
-0.89194
-0.89194
-0.89194
-0.89195
-0.88096
-0.88096
-0.89421
-0.88386
-0.88396
-0.89031
-0.88671
-0.88662
-0.88289
41.0205
-0.87913
-0.88926
-0.90645
-0.90645
-0.87629
-0.88142
-0.87629
-0.8734
-0.90276
-0.88053
-0.87904
-0.89808
-0.90025
-0.9046
-0.89463
-0.89094
-0.91409
-0.90604
-0.88751
-0.88364
-0.88364
-0.90719
-0.87894
-0.88477
-0.88243
-0.91373
-0.87787
-0.88171
-0.9201
-0.93455
0
0
0
0
0
0
0
0
0
0
0
0
0
0
0
0
0
0
0
0
0
0
0
0
0
0
0
0
0
0
0
0
0
0
0
0
0
0
0
0
0
0
0
0
0
0
0
0
0
0
0
0
0
0
-0.89037
-0.89462
-0.88726
-0.88728
-0.88727
-0.88727
-0.88729
-0.87625
-0.87625
-0.88952
-0.87903
-0.87909
-0.88508
-0.88159
-0.88169
-0.87913
-0.87913
40.2484
-0.88346
-0.90062
-0.90062
-0.87154
-0.87703
-0.87154
-0.86843
-0.89666
-0.87551
-0.87352
-0.89216
-0.89479
-0.89923
-0.88944
-0.88563
-0.90706
-0.89921
-0.88218
-0.87839
-0.8784
-0.90134
-0.8737
-0.87961
-0.87739
-0.90793
-0.87274
-0.87658
0
0
0
0
0
0
0
0
0
0
0
0
0
0
0
0
0
-1.3056
0
0
0
0
0
0
0
0
0
0
0
0
0
0
0
0
0
0
0
0
0
0
0
0
0
0
0
0
0
0
0
0
0
0
0
0
0
0
-0.89928
-0.90341
-0.8962
-0.89621
-0.89621
-0.8962
-0.89622
-0.88491
-0.88491
-0.89873
-0.88798
-0.88802
-0.89412
-0.89079
-0.89055
-0.88925
-0.88926
-0.88346
42.1204
-0.90936
-0.90937
-0.88041
-0.88541
-0.88041
-0.87721
-0.90488
-0.88446
-0.88266
-0.90243
-0.90432
-0.90862
-0.89775
-0.89513
-0.91419
-0.90911
-0.88974
-0.88783
-0.88783
-0.91123
-0.88311
-0.88905
-0.88673
-0.91746
-0.88213
0
0
0
0
0
0
0
0
0
0
0
0
0
0
0
0
0
-1.9938
0
0
0
-1.68
0
0
0
0
0
0
0
0
0
0
0
0
0
0
0
0
0
0
0
0
0
0
0
0
0
0
0
0
0
0
0
0
0
0
0
-0.91714
-0.922
-0.91494
-0.91496
-0.91496
-0.91495
-0.91496
-0.90266
-0.90266
-0.91782
-0.90704
-0.90584
-0.91381
-0.90789
-0.90765
-0.90645
-0.90645
-0.90062
-0.90936
45.4802
-0.93214
-0.89764
-0.90237
-0.89764
-0.89469
-0.92145
-0.90159
-0.90024
-0.91508
-0.92116
-0.92619
-0.91509
-0.91241
-0.93302
-0.92222
-0.90828
-0.90495
-0.90495
-0.92648
-0.90035
-0.90639
-0.90324
-0.93345
-0.89941
-0.90355
0
0
0
0
0
0
0
0
0
0
0
0
0
0
0
0
0
0
0
0
0
0
0
0
0
0
0
0
0
0
0
0
0
0
0
0
0
0
0
0
0
0
0
0
0
0
0
0
0
-5.3941
0
0
0
0
0
0
-0.91715
-0.92199
-0.91495
-0.91495
-0.91496
-0.91496
-0.91497
-0.90266
-0.90266
-0.91782
-0.90704
-0.90584
-0.91381
-0.9079
-0.90765
-0.90645
-0.90645
-0.90062
-0.90937
-0.93214
45.4803
-0.89764
-0.90238
-0.89764
-0.89469
-0.92146
-0.9016
-0.90024
-0.91508
-0.92116
-0.92619
-0.91509
-0.91241
-0.93302
-0.92221
-0.90827
-0.90495
-0.90496
-0.92649
-0.90036
-0.9064
-0.90324
-0.93345
-0.89942
-0.90355
0
0
0
0
0
0
0
0
0
0
0
0
0
0
0
0
0
0
0
0
0
0
0
0
0
0
0
0
0
0
0
0
0
0
0
0
0
0
0
0
0
0
0
0
0
0
0
0
0
0
0
0
0
-5.3941
0
0
-0.88727
-0.89125
-0.88394
-0.88395
-0.88396
-0.88396
-0.88397
-0.87304
-0.87304
-0.88619
-0.87575
-0.8758
-0.88214
-0.87832
-0.87827
-0.87628
-0.87629
-0.87154
-0.88041
-0.89764
-0.89764
38.8015
-0.87227
-0.86565
-0.86453
-0.89429
-0.87236
-0.87067
-0.88898
-0.89158
-0.89579
-0.88592
-0.8823
-0.90474
-0.89662
-0.87884
-0.87512
-0.87513
-0.89828
-0.87043
-0.87625
-0.87389
-0.90478
-0.8694
-0.87306
0
0
0
0
0
0
0
0
0
0
0
0
0
0
0
0
0
0
0
0
0
0
0
0
0
0
0
0
0
0
0
0
0
0
0
0
0
0
0
0
0
0
0
0
0
0
0
0
0
0
0
0
0
0
0
0
-0.89099
-0.89602
-0.88883
-0.88884
-0.88884
-0.88884
-0.88884
-0.87778
-0.87779
-0.89111
-0.88058
-0.88067
-0.88682
-0.88323
-0.88208
-0.88142
-0.88142
-0.87703
-0.88541
-0.90237
-0.90238
-0.87227
39.6034
-0.87227
-0.86917
-0.89872
-0.87704
-0.87529
-0.89409
-0.89652
-0.90072
-0.89091
-0.88723
-0.90972
-0.90169
-0.88386
-0.88003
-0.88003
-0.90306
-0.87532
-0.88119
-0.87658
-0.90971
-0.87429
0
0
0
0
0
0
0
0
0
0
0
-1.4724
0
0
0
0
0
0
0
0
0
0
0
0
0
0
0
0
0
0
0
0
0
0
0
0
0
0
0
0
0
0
0
0
0
0
0
0
0
0
0
0
0
0
0
0
0
-0.88727
-0.89125
-0.88394
-0.88395
-0.88396
-0.88396
-0.88397
-0.87304
-0.87304
-0.88619
-0.87576
-0.8758
-0.88215
-0.87832
-0.87827
-0.87629
-0.87629
-0.87154
-0.88041
-0.89764
-0.89764
-0.86565
-0.87227
38.8016
-0.86453
-0.89429
-0.87236
-0.87068
-0.88898
-0.89158
-0.89579
-0.88592
-0.8823
-0.90474
-0.89662
-0.87884
-0.87513
-0.87513
-0.89827
-0.87043
-0.87624
-0.87389
-0.90478
-0.86939
-0.87306
0
0
0
0
0
0
0
0
0
0
0
0
0
0
0
0
0
0
0
0
0
0
0
0
0
0
0
0
0
0
0
0
0
0
0
0
0
0
0
0
0
0
0
0
0
0
0
0
0
0
0
0
0
0
0
0
-0.88445
-0.88842
-0.88114
-0.88114
-0.88115
-0.88114
-0.88115
-0.87024
-0.87025
-0.88335
-0.87288
-0.87293
-0.87925
-0.8754
-0.87535
-0.87341
-0.8734
-0.86843
-0.87721
-0.89469
-0.89469
-0.86453
-0.86917
-0.86453
37.8055
-0.89117
-0.87013
-0.86811
-0.88517
-0.88859
-0.89272
-0.88286
-0.87934
-0.90125
-0.89266
-0.87583
-0.87223
-0.87223
-0.89511
-0.86748
-0.87332
-0.87096
-0.90158
-0.86651
0
0
0
0
0
0
0
0
0
0
0
0
0
0
0
0
0
0
0
0
0
0
0
0
0
0
0
0
0
0
0
0
0
0
0
0
0
0
0
0
0
0
0
0
0
0
0
0
0
0
0
0
0
0
0
0
0
-0.91321
-0.91801
-0.91142
-0.91144
-0.91144
-0.91143
-0.91144
-0.89916
-0.89917
-0.91377
-0.9009
-0.90133
-0.90639
-0.90353
-0.90416
-0.90276
-0.90276
-0.89666
-0.90488
-0.92145
-0.92146
-0.89429
-0.89872
-0.89429
-0.89117
43.6513
-0.89779
-0.89536
-0.91069
-0.91685
-0.92144
-0.91002
-0.90805
-0.92726
-0.91814
-0.90421
-0.90143
-0.90143
-0.92218
-0.8968
0
0
0
0
0
0
0
0
0
0
0
0
0
0
0
0
0
0
0
-1.4999
0
0
0
0
0
0
0
0
0
0
0
0
0
-1.676
0
0
0
0
0
0
0
0
0
0
0
0
0
0
0
0
0
-5.0985
0
0
0
0
0
0
0
0
0
-0.8911
-0.89508
-0.88776
-0.88777
-0.88777
-0.88777
-0.88778
-0.87674
-0.87673
-0.89007
-0.8795
-0.87957
-0.88593
-0.88227
-0.88226
-0.88053
-0.88053
-0.87551
-0.88446
-0.90159
-0.9016
-0.87236
-0.87704
-0.87236
-0.87013
-0.89779
35.431
-0.86959
-0.89209
-0.8952
-0.89906
-0.88999
-0.88501
-0.90756
-0.90298
-0.88279
-0.87919
-0.87919
-0.90221
-0.87435
-0.87973
0
0
0
0
0
0
0
0
0
0
0
0
0
0
0
0
0
0
0
0
0
0
0
0
0
0
0
0
0
0
0
0
0
0
0
0
0
0
0
0
0
0
0
0
0
0
0
0
0
0
0
0
0
0
0
0
0
0
0
0
-0.88949
-0.89353
-0.88642
-0.88643
-0.88643
-0.88643
-0.88644
-0.87536
-0.87535
-0.88868
-0.87805
-0.87813
-0.88201
-0.88063
-0.88066
-0.87904
-0.87904
-0.87352
-0.88266
-0.90024
-0.90024
-0.87067
-0.87529
-0.87068
-0.86811
-0.89536
-0.86959
35.338
-0.88972
-0.89335
-0.8966
-0.88587
-0.88398
-0.90338
-0.89897
-0.88157
-0.87765
-0.87765
0
-0.87274
0
0
0
0
0
0
0
0
0
0
0
0
0
0
0
0
0
0
0
0
0
0
0
0
0
0
0
-1.758
0
0
0
0
0
0
0
0
0
0
0
0
0
0
0
0
0
0
0
0
0
0
0
0
0
0
0
0
0
0
0
0
0
-0.90932
-0.91313
-0.90585
-0.90587
-0.90586
-0.90587
-0.90587
-0.89415
-0.89414
-0.90789
-0.89686
-0.8969
-0.90264
-0.89959
-0.89955
-0.89807
-0.89808
-0.89216
-0.90243
-0.91508
-0.91508
-0.88898
-0.89409
-0.88898
-0.88517
-0.91069
-0.89209
-0.88972
37.1263
-0.9115
-0.9151
-0.90458
-0.90204
-0.92894
0
-0.89913
-0.89564
-0.89563
0
0
0
0
0
0
0
0
0
0
0
0
0
0
0
0
0
0
0
0
0
0
0
0
0
0
0
0
0
0
0
0
0
0
0
0
0
0
0
0
0
0
0
0
-4.6597
0
0
0
0
0
0
0
0
0
0
0
0
0
0
0
0
0
0
-0.91074
-0.91485
-0.90752
-0.90753
-0.90753
-0.90752
-0.90754
-0.89615
-0.89615
-0.90987
-0.89904
-0.8991
-0.9054
-0.90197
-0.9019
-0.90024
-0.90025
-0.89479
-0.90432
-0.92116
-0.92116
-0.89158
-0.89652
-0.89158
-0.88859
-0.91685
-0.8952
-0.89335
-0.9115
29.376
-0.9351
0
-0.90885
0
0
0
0
0
0
0
0
0
0
0
0
0
0
0
0
0
0
0
0
0
0
0
0
0
0
0
0
0
0
0
0
0
-1.3322
0
0
0
0
0
0
0
0
0
0
0
0
0
0
0
0
0
0
0
0
0
0
0
0
0
0
0
0
0
0
0
0
0
0
-0.91525
-0.91892
-0.91204
-0.91206
-0.91205
-0.91205
-0.91206
-0.90061
-0.90061
-0.91441
-0.90356
-0.90355
-0.90988
-0.90603
-0.90634
-0.9046
-0.9046
-0.89923
-0.90862
-0.92619
-0.92619
-0.89579
-0.90072
-0.89579
-0.89272
-0.92144
-0.89906
-0.8966
-0.9151
-0.9351
29.9223
0
-0.91697
0
0
0
0
0
0
0
0
0
0
0
0
0
0
0
0
0
0
0
0
0
0
0
0
0
0
0
-1.7441
0
0
0
0
0
0
0
0
0
0
0
0
0
0
0
0
0
0
0
0
0
0
0
0
0
0
0
0
0
0
0
0
0
0
0
0
0
0
0
0
-0.90467
-0.90878
-0.90171
-0.90172
-0.90172
-0.90172
-0.90172
-0.89039
-0.89039
-0.90416
-0.89333
-0.89339
-0.89918
-0.89661
-0.89603
-0.89462
-0.89463
-0.88944
-0.89775
-0.91509
-0.91509
-0.88592
-0.89091
-0.88592
-0.88286
-0.91002
-0.88999
-0.88587
-0.90458
0
0
29.8972
0
0
0
0
0
0
0
0
0
0
0
0
0
0
0
0
0
0
0
0
0
0
0
0
0
-0.78128
0
0
-1.7449
0
0
-1.3429
0
0
0
0
0
0
0
0
0
0
0
0
0
0
0
0
0
0
0
0
0
0
0
0
0
0
0
0
0
0
0
0
0
0
0
0
0
-0.90161
-0.9056
-0.89821
-0.89823
-0.89822
-0.89822
-0.89823
-0.88695
-0.88696
-0.90052
-0.88979
-0.88986
-0.8963
-0.89267
-0.89263
-0.89093
-0.89094
-0.88563
-0.89513
-0.91241
-0.91241
-0.8823
-0.88723
-0.8823
-0.87934
-0.90805
-0.88501
-0.88398
-0.90204
-0.90885
-0.91697
0
27.7575
0
0
0
0
0
0
0
0
0
0
0
0
0
0
0
0
0
0
0
0
0
0
0
0
0
0
0
0
0
0
0
0
0
0
0
0
0
0
0
0
0
0
0
0
0
0
0
0
0
0
0
0
0
0
0
0
0
0
0
0
0
0
0
0
0
0
0
0
-0.92499
-0.92958
-0.92215
-0.92216
-0.92216
-0.92215
-0.92217
-0.91029
-0.9103
-0.92424
-0.91302
-0.91301
-0.91861
-0.91561
-0.91549
-0.91409
-0.91409
-0.90706
-0.91419
-0.93302
-0.93302
-0.90474
-0.90972
-0.90474
-0.90125
-0.92726
-0.90756
-0.90338
-0.92894
0
0
0
0
32.6751
0
0
0
0
0
0
0
0
0
0
0
0
0
0
0
0
0
0
0
0
0
0
0
0
0
0
0
0
0
0
0
-1.6407
0
0
0
0
0
0
0
0
0
0
0
0
0
0
0
0
0
0
0
0
-4.4454
0
0
0
0
0
0
0
0
0
0
0
0
0
0
-0.91542
-0.92072
-0.91373
-0.91374
-0.91374
-0.91374
-0.91376
-0.90202
-0.90202
-0.91599
-0.90463
-0.90477
-0.91034
-0.90749
-0.90731
-0.90603
-0.90604
-0.89921
-0.90911
-0.92222
-0.92221
-0.89662
-0.90169
-0.89662
-0.89266
-0.91814
-0.90298
-0.89897
0
0
0
0
0
0
35.4182
0
0
0
0
0
0
0
0
0
0
0
0
0
0
0
0
0
0
0
0
0
0
0
0
0
0
0
0
0
0
0
0
0
0
0
0
0
0
0
0
0
0
0
0
0
0
0
0
0
0
0
0
0
0
-4.9932
0
0
0
0
0
-4.9931
0
0
0
0
0
-0.89812
-0.90217
-0.89484
-0.89485
-0.89485
-0.89485
-0.89486
-0.88354
-0.88354
-0.89723
-0.88646
-0.88645
-0.89277
-0.88872
-0.88902
-0.8875
-0.88751
-0.88218
-0.88974
-0.90828
-0.90827
-0.87884
-0.88386
-0.87884
-0.87583
-0.90421
-0.88279
-0.88157
-0.89913
0
0
0
0
0
0
28.4327
0
0
0
0
0
0
0
0
0
0
0
0
0
0
0
0
0
0
0
0
0
0
0
0
0
0
0
0
0
0
0
0
0
0
0
0
0
0
0
-2.6019
0
0
0
0
0
0
0
0
0
0
0
0
0
0
0
0
0
0
0
0
0
0
0
0
0
-0.89417
-0.89815
-0.89079
-0.89081
-0.89081
-0.8908
-0.89082
-0.87966
-0.87966
-0.8931
-0.88243
-0.88254
-0.88896
-0.88536
-0.88531
-0.88364
-0.88364
-0.87839
-0.88783
-0.90495
-0.90495
-0.87512
-0.88003
-0.87513
-0.87223
-0.90143
-0.87919
-0.87765
-0.89564
0
0
0
0
0
0
0
25.7232
0
0
0
0
0
0
0
0
0
0
0
0
0
0
0
0
0
0
0
0
0
0
0
0
0
0
0
0
0
0
0
0
0
0
0
0
0
0
0
0
0
0
0
0
0
0
0
0
0
0
0
0
0
0
0
0
0
0
0
0
0
0
0
0
-0.89417
-0.89814
-0.89079
-0.8908
-0.8908
-0.8908
-0.89081
-0.87966
-0.87966
-0.8931
-0.88242
-0.88254
-0.88896
-0.88536
-0.88531
-0.88364
-0.88364
-0.8784
-0.88783
-0.90495
-0.90496
-0.87513
-0.88003
-0.87513
-0.87223
-0.90143
-0.87919
-0.87765
-0.89563
0
0
0
0
0
0
0
0
25.7231
0
0
0
0
0
0
0
0
0
0
0
0
0
0
0
0
0
0
0
0
0
0
0
0
0
0
0
0
0
0
0
0
0
0
0
0
0
0
0
0
0
0
0
0
0
0
0
0
0
0
0
0
0
0
0
0
0
0
0
0
0
0
0
-0.91754
-0.922
-0.9148
-0.9148
-0.91481
-0.9148
-0.91482
-0.90317
-0.90316
-0.91701
-0.90596
-0.906
-0.912
-0.90877
-0.90845
-0.90719
-0.90719
-0.90134
-0.91123
-0.92648
-0.92649
-0.89828
-0.90306
-0.89827
-0.89511
-0.92218
-0.90221
0
0
0
0
0
0
0
0
0
0
0
28.8747
0
0
0
0
0
0
0
0
0
0
0
0
0
0
0
0
0
0
0
0
0
0
0
0
0
0
0
0
0
0
0
0
0
0
0
0
0
0
0
0
0
0
0
0
0
0
0
0
0
-4.2976
0
0
0
0
0
0
0
0
0
0
0
0
-0.88944
-0.8934
-0.88609
-0.8861
-0.8861
-0.88609
-0.88611
-0.87502
-0.87502
-0.88839
-0.87774
-0.87787
-0.88428
-0.88067
-0.88061
-0.87894
-0.87894
-0.8737
-0.88311
-0.90035
-0.90036
-0.87043
-0.87532
-0.87043
-0.86748
-0.8968
-0.87435
-0.87274
0
0
0
0
0
0
0
0
0
0
0
24.6959
0
0
0
0
0
0
0
0
0
0
0
0
0
0
0
0
0
0
0
0
0
0
0
0
0
0
0
0
0
0
0
0
0
0
0
0
0
0
0
0
0
0
0
0
0
0
0
0
0
0
0
0
0
0
0
0
0
0
0
0
0
-0.8953
-0.89927
-0.89189
-0.8919
-0.8919
-0.8919
-0.89191
-0.88074
-0.88074
-0.89422
-0.88347
-0.88361
-0.89023
-0.88651
-0.88646
-0.88477
-0.88477
-0.87961
-0.88905
-0.90639
-0.9064
-0.87625
-0.88119
-0.87624
-0.87332
0
-0.87973
0
0
0
0
0
0
0
0
0
0
0
0
0
23.0778
0
0
0
0
0
0
0
0
0
0
0
0
0
0
0
0
0
0
0
0
0
0
0
0
0
0
0
0
0
0
0
0
0
0
0
0
0
0
0
0
0
0
0
0
0
0
0
0
0
0
0
0
0
0
0
0
0
0
0
0
-0.89124
-0.89712
-0.88971
-0.88972
-0.88973
-0.88972
-0.88973
-0.87847
-0.87847
-0.89199
-0.8812
-0.88133
-0.88752
-0.88405
-0.87904
-0.88243
-0.88243
-0.87739
-0.88673
-0.90324
-0.90324
-0.87389
-0.87658
-0.87389
-0.87096
0
0
0
0
0
0
0
0
0
0
0
0
0
0
0
0
24.2754
0
0
0
0
0
0
0
0
0
0
0
0
0
0
0
0
0
0
0
0
0
0
0
0
0
0
0
0
-2.1456
0
0
0
0
0
0
0
0
0
0
0
0
0
0
0
0
0
0
0
0
0
0
0
0
0
0
0
0
0
0
-0.92428
-0.92881
-0.92154
-0.92155
-0.92155
-0.92154
-0.92156
-0.90995
-0.90995
-0.92383
-0.91271
-0.91274
-0.91893
-0.91559
-0.91543
-0.91373
-0.91373
-0.90793
-0.91746
-0.93345
-0.93345
-0.90478
-0.90971
-0.90478
-0.90158
0
0
0
0
0
0
0
0
0
0
0
0
0
0
0
0
0
26.4822
0
0
0
0
0
0
0
0
0
0
0
0
0
0
0
0
0
0
0
0
0
0
0
0
0
0
0
0
0
0
0
0
0
0
0
0
0
0
0
0
0
0
-3.5617
0
0
0
0
0
0
0
0
0
0
0
0
0
0
0
-0.88833
-0.89226
-0.88493
-0.88493
-0.88493
-0.88493
-0.88494
-0.87385
-0.87385
-0.88722
-0.87651
-0.87665
-0.88335
-0.87961
-0.87956
-0.87787
-0.87787
-0.87274
-0.88213
-0.89941
-0.89942
-0.8694
-0.87429
-0.86939
-0.86651
0
0
0
0
0
0
0
0
0
0
0
0
0
0
0
0
0
0
22.0249
0
0
0
0
0
0
0
0
0
0
0
0
0
0
0
0
0
0
0
0
0
0
0
0
0
0
0
0
0
0
0
0
0
0
0
0
0
0
0
0
0
0
0
0
0
0
0
0
0
0
0
0
0
0
0
0
0
-0.89241
-0.89629
-0.88889
-0.8889
-0.8889
-0.88889
-0.88891
-0.87775
-0.87775
-0.89117
-0.88046
-0.88059
-0.88731
-0.8835
-0.88352
-0.88172
-0.88171
-0.87658
0
-0.90355
-0.90355
-0.87306
0
-0.87306
0
0
0
0
0
0
0
0
0
0
0
0
0
0
0
0
0
0
0
0
19.4885
0
0
0
0
0
0
0
0
0
0
0
0
0
0
0
0
0
0
0
0
0
0
0
0
0
0
0
0
0
0
0
0
0
0
0
0
0
0
0
0
0
0
0
0
0
0
0
0
0
0
0
0
0
0
0
0
-0.93094
-0.93499
-0.92749
-0.92749
-0.92749
-0.9275
-0.9275
-0.91587
-0.91588
-0.92995
-0.91902
-0.919
-0.92597
-0.92204
-0.92212
-0.9201
-0.9201
0
0
0
0
0
0
0
0
0
0
0
0
0
0
0
0
0
0
0
0
0
0
0
0
0
0
0
0
17.046
0
0
0
0
0
0
0
0
0
0
0
0
0
0
0
0
0
0
0
0
-1.3326
0
0
0
0
0
0
0
0
0
0
0
0
0
0
0
0
0
0
0
0
0
0
0
0
0
0
0
0
0
0
0
0
0
0
-0.94521
-0.94912
-0.94135
-0.94136
-0.94137
-0.94136
-0.94137
-0.9297
-0.9297
-0.94387
-0.93287
-0.9331
-0.94073
-0.93649
-0.9366
-0.93454
-0.93455
0
0
0
0
0
0
0
0
0
0
0
0
0
0
0
0
0
0
0
0
0
0
0
0
0
0
0
0
0
15.9533
0
0
0
0
0
0
0
0
0
0
0
0
0
0
0
0
0
0
0
0
0
0
0
0
0
0
0
0
0
0
0
0
0
0
0
0
0
0
0
0
0
0
0
0
0
0
0
0
0
0
0
0
0
0
-1.0139
-1.0181
-1.0105
-1.0105
-1.0105
-1.0105
-1.0105
-0.99747
-0.99747
-1.013
-1.0014
-1.0012
0
0
0
0
0
0
0
0
0
0
0
0
0
0
0
0
0
0
0
0
0
0
0
0
0
0
0
0
0
0
0
0
0
0
0
21.5379
0
0
0
0
0
0
0
0
0
0
0
0
0
0
0
0
0
0
0
0
0
-1.8699
0
0
0
0
0
0
0
0
0
0
0
0
0
0
-3.7864
0
0
0
0
0
0
0
0
0
0
0
-3.7864
0
0
0
0
-0.94311
-0.94684
-0.93877
-0.93877
-0.93877
-0.93877
-0.93879
-0.92685
-0.92685
-0.94141
-0.93047
-0.93045
0
0
0
0
0
0
0
0
0
0
0
0
0
0
0
0
0
0
0
0
0
0
0
0
0
0
0
0
0
0
0
0
0
0
0
0
12.9914
0
0
0
0
0
0
0
0
0
0
0
0
0
0
0
0
0
0
0
0
-1.7515
0
0
0
0
0
0
0
0
0
0
0
0
0
0
0
0
0
0
0
0
0
0
0
0
0
0
0
0
0
0
0
-0.96296
-0.96628
-0.95879
-0.9588
-0.9588
-0.9588
-0.95882
-0.94662
-0.94663
-0.96137
-0.95022
-0.94976
0
0
0
0
0
0
0
0
0
0
0
0
0
0
0
0
0
0
0
0
0
0
0
0
0
0
0
0
0
0
0
0
0
0
0
0
0
14.7404
0
0
0
0
0
0
0
0
0
0
0
0
0
0
0
0
0
0
0
0
0
0
0
0
0
0
0
0
0
0
0
0
0
-3.2626
0
0
0
0
0
0
0
0
0
0
0
0
0
0
0
0
0
-0.9747
-0.97885
-0.97057
-0.97058
-0.97058
-0.97058
-0.97059
-0.95835
-0.95835
-0.97431
-0.96325
0
0
0
0
0
0
0
0
0
0
0
0
0
0
0
0
0
0
0
0
0
0
0
0
0
0
0
0
0
0
0
0
0
0
0
0
0
0
0
15.1603
0
0
0
0
0
0
0
0
0
0
0
0
0
-2.0647
0
0
0
0
0
0
0
0
0
-2.4348
0
0
0
0
0
0
0
0
0
0
0
0
0
0
0
0
0
0
0
0
0
0
0
0
0
0
-0.9803
-0.98302
-0.9767
-0.97671
-0.97671
-0.97671
-0.97672
-0.96481
-0.96481
0
0
0
0
0
0
0
0
0
0
0
0
0
0
0
0
0
0
0
0
0
0
0
0
0
0
0
0
0
0
0
0
0
0
0
0
0
0
0
0
0
0
12.9671
0
0
0
0
0
0
0
0
0
-1.7018
0
0
0
0
0
0
0
0
0
0
0
0
0
0
0
0
0
0
0
0
0
0
0
0
0
-2.4888
0
0
0
0
0
0
0
0
0
0
0
0
0
-1.054
-1.0578
-1.049
-1.0491
-1.0491
-1.0491
-1.0491
-1.0361
-1.0361
0
0
0
0
0
0
0
0
0
0
0
0
0
0
0
0
0
0
0
0
0
0
0
0
0
0
0
0
0
0
0
0
0
0
0
0
0
0
0
0
0
0
0
11.3581
0
0
0
0
0
0
0
0
0
0
0
-1.9288
0
0
0
0
0
0
0
0
0
0
0
0
0
0
0
0
0
0
0
0
0
0
0
0
0
0
0
0
0
0
0
0
0
0
0
0
-1.0466
-1.0504
-1.0417
-1.0417
-1.0417
-1.0417
-1.0417
-1.0293
-1.0293
-1.0446
0
0
0
0
0
0
0
0
0
0
0
0
0
0
0
0
0
0
0
0
0
0
0
0
0
0
0
0
0
0
0
0
0
0
0
0
0
0
0
0
0
0
0
10.4086
0
0
0
0
0
0
0
0
0
0
0
0
0
0
0
0
0
0
0
0
0
0
0
0
0
0
0
0
0
0
0
0
0
0
0
0
0
0
0
0
0
0
0
0
0
0
0
-1.0671
-1.0803
-1.072
-1.072
-1.072
-1.072
-1.072
0
0
0
0
0
0
0
0
0
0
0
0
0
0
0
0
0
0
0
0
0
0
0
0
0
0
0
0
0
0
0
0
0
0
0
0
0
0
0
0
0
0
0
0
0
0
0
9.1651
0
0
0
0
0
0
0
0
0
0
0
0
0
-1.6577
0
0
0
0
0
0
0
0
0
0
0
0
0
0
0
0
0
0
0
0
0
0
0
0
0
0
0
0
0
0
0
0
-1.5034
0
0
0
0
0
0
0
0
0
0
0
0
0
0
0
0
0
0
0
0
0
-1.4724
0
0
0
0
0
0
0
0
0
0
0
0
0
0
0
0
0
0
0
0
0
0
0
0
0
0
0
0
0
0
0
0
7.7398
0
0
-1.6972
0
0
0
0
0
0
0
0
0
0
0
-1.5549
0
-1.5119
0
0
0
0
0
0
0
0
0
0
0
0
0
0
0
0
0
0
0
0
0
0
0
0
0
0
0
0
0
-1.3735
0
0
0
0
0
0
0
0
0
0
0
0
0
0
0
0
0
0
0
0
0
0
0
0
0
0
0
0
0
0
0
0
0
0
0
0
0
0
0
0
0
0
0
0
0
0
0
0
0
0
0
0
0
0
6.7271
0
-1.5441
0
-1.7501
0
0
-2.0594
0
0
0
0
0
0
0
0
0
0
0
0
0
0
0
0
0
0
0
0
0
0
0
0
0
0
0
0
0
0
0
0
0
0
0
0
0
0
0
0
0
0
0
0
0
0
0
0
0
0
0
0
0
0
0
0
0
0
0
0
0
0
0
0
0
0
0
0
-0.78128
0
0
0
0
0
0
0
0
0
0
0
0
0
0
0
0
0
0
0
0
0
0
0
0
0
5.4598
0
0
0
0
0
-1.3272
0
0
0
0
0
0
0
0
0
0
0
0
-2.0399
0
0
0
0
0
0
0
0
0
0
0
0
0
0
0
0
0
0
0
0
-1.3114
0
0
0
0
0
0
0
0
0
0
0
0
0
0
0
0
0
0
0
0
0
0
0
0
0
0
0
0
0
0
0
0
0
0
0
0
0
0
0
0
0
0
0
0
0
0
0
0
0
0
0
0
0
0
0
0
0
0
-1.6972
-1.5441
0
7.7638
0
0
0
-1.9756
0
0
0
0
0
0
0
0
0
0
0
0
0
0
0
0
0
0
0
0
0
0
0
0
0
0
0
-2.5469
0
0
0
0
0
0
0
0
0
0
0
0
0
0
0
0
0
0
0
0
0
0
0
0
0
0
0
0
0
0
0
0
0
0
0
-1.4999
0
0
0
0
0
0
0
0
0
0
0
0
0
0
0
0
0
0
0
0
0
0
0
0
0
0
0
0
0
0
0
0
0
6.8808
0
0
0
0
0
0
0
0
-1.7098
0
0
0
0
-1.6226
0
0
0
0
0
0
0
0
0
0
0
0
0
0
0
0
0
0
-2.0486
0
0
0
0
0
0
0
0
0
0
0
0
0
0
0
0
0
0
0
0
0
0
0
0
0
0
0
0
0
0
0
0
0
0
0
0
0
0
-1.7441
-1.7449
0
0
0
0
0
0
0
0
0
0
0
0
0
0
0
0
0
0
0
0
0
0
0
0
-1.7501
0
0
0
7.6451
0
0
0
0
0
0
0
0
0
0
-2.4061
0
0
0
0
0
0
0
0
0
0
0
0
0
0
0
0
0
0
0
0
0
0
0
0
0
0
0
0
0
0
0
0
0
0
0
0
0
0
0
0
0
0
0
0
0
0
0
-1.9938
0
0
0
0
0
0
0
0
0
0
0
0
0
0
0
0
0
0
0
0
0
0
0
0
0
0
0
0
0
0
0
0
-1.7018
0
0
0
0
0
0
0
0
0
8.4536
0
0
0
0
0
0
0
0
0
0
0
0
0
0
0
-2.441
0
0
0
-2.317
0
0
0
0
0
0
0
0
0
0
0
0
0
0
0
0
0
0
0
0
0
0
0
0
0
0
0
0
0
0
0
0
0
0
0
0
-1.3056
0
0
0
0
0
0
0
0
0
0
0
0
0
0
0
0
0
0
0
0
0
0
0
0
0
0
0
0
0
0
0
0
0
0
0
0
0
0
0
0
-1.9756
0
0
0
7.4436
0
0
-1.8232
0
0
0
0
0
0
0
0
0
0
0
0
0
0
0
0
0
0
0
0
0
0
0
0
0
0
0
-2.3393
0
0
0
0
0
0
0
0
0
0
0
0
0
0
0
0
0
0
0
0
0
0
0
0
0
0
0
0
0
0
0
0
0
0
0
0
0
0
-1.3429
0
0
0
0
0
0
0
0
0
0
0
0
0
0
0
0
0
0
0
0
0
0
0
0
-2.0594
-1.3272
0
0
0
0
0
4.7294
0
0
0
0
0
0
0
0
0
0
0
0
0
0
0
0
0
0
0
0
0
0
0
0
0
0
0
0
0
0
0
0
0
0
0
0
0
0
0
0
0
0
0
0
0
0
0
0
0
0
0
0
0
0
0
0
0
0
0
0
0
0
0
0
0
0
0
0
0
0
0
0
0
0
0
0
0
0
0
0
0
0
0
0
0
0
0
-2.0647
0
-1.9288
0
0
0
0
0
0
0
0
0
0
0
6.6796
0
0
0
0
0
0
0
0
0
0
0
0
0
-2.6861
0
0
0
0
0
0
0
0
0
0
0
0
0
0
0
0
0
0
0
0
0
0
0
0
0
0
0
0
0
0
0
0
0
0
0
0
0
0
0
0
-1.68
0
0
0
0
0
0
0
0
0
0
0
0
0
0
-1.6407
0
0
0
0
0
0
0
0
0
0
0
0
0
0
0
0
0
0
0
0
0
0
0
0
0
0
0
0
-1.8232
0
0
5.1439
0
0
0
0
0
0
0
0
0
0
0
0
0
0
0
0
0
0
0
0
0
0
0
0
0
0
0
0
0
0
0
0
0
0
0
0
0
0
0
0
0
0
0
0
0
0
0
0
0
0
0
0
0
0
0
0
0
0
0
0
0
0
0
0
-1.3322
0
0
0
0
0
0
0
0
0
0
0
0
0
0
0
-1.3326
0
0
0
0
0
0
0
0
0
0
0
0
0
0
0
0
0
0
0
0
3.058
0
0
0
0
0
0
0
0
0
0
0
0
0
0
0
0
0
0
0
0
0
0
0
0
0
0
0
0
0
0
0
0
-0.39323
0
0
0
0
0
0
0
0
0
0
0
0
0
-1.7932
0
0
0
0
0
0
0
0
0
0
0
0
0
0
-1.758
0
0
0
0
0
0
0
0
0
0
0
0
0
0
0
0
0
0
0
0
0
0
0
0
0
0
0
0
0
0
0
0
0
0
0
0
0
0
0
5.8085
0
0
0
0
0
0
0
0
0
0
0
0
0
0
0
0
0
0
0
0
0
0
0
0
0
0
0
0
0
0
0
0
-2.2573
-1.7436
0
0
0
0
0
0
0
0
0
0
0
0
0
0
0
0
0
0
0
0
0
0
0
0
0
0
0
0
0
0
0
0
0
0
0
0
0
0
0
0
0
0
0
0
0
0
0
0
0
0
0
0
0
-1.6577
0
0
0
0
-1.7098
0
0
0
0
0
0
0
0
5.1111
0
0
0
0
0
0
0
0
0
0
0
0
0
0
0
0
0
0
0
0
0
0
0
0
0
0
0
0
0
0
0
0
0
0
0
0
0
0
0
0
0
0
0
0
0
0
0
0
0
0
0
0
0
0
0
0
0
0
0
0
0
0
0
0
0
0
0
0
0
0
0
0
0
0
0
0
0
0
0
-1.8699
-1.7515
0
0
0
0
0
0
0
0
0
0
0
0
0
0
0
0
0
0
0
0
5.7956
0
0
0
0
0
0
0
0
0
0
-2.1741
0
0
0
0
0
0
0
0
0
0
0
0
0
0
0
0
0
0
0
0
0
0
0
0
0
0
0
0
0
0
0
0
0
0
0
0
0
0
0
0
0
0
0
0
0
0
0
0
0
0
0
0
0
0
0
0
0
0
0
0
0
-2.1456
0
0
0
0
0
0
0
0
0
0
0
0
0
-1.5549
0
0
0
0
0
0
0
0
0
0
0
0
0
0
3.7005
0
0
0
0
0
0
0
0
0
0
0
0
0
0
0
0
0
0
0
0
0
0
0
0
0
0
0
0
0
0
0
0
0
0
0
0
0
0
0
0
0
0
0
0
0
0
0
0
0
0
0
0
0
0
0
0
0
0
0
0
0
0
0
0
0
0
0
0
0
0
0
0
0
0
0
0
0
0
0
0
0
0
0
0
0
0
0
0
0
0
-2.4061
0
0
0
0
0
0
0
0
0
0
5.1221
0
0
0
0
0
-2.716
0
0
0
0
0
0
0
0
0
0
0
0
0
0
0
0
0
0
0
0
0
0
0
0
0
0
0
0
0
0
0
0
0
0
0
0
0
-2.1415
0
0
0
0
0
0
0
0
0
0
0
0
0
0
0
0
0
0
0
0
0
0
0
0
0
0
0
0
0
0
0
0
0
0
0
0
0
0
0
0
-1.5119
0
0
0
0
0
0
0
0
0
0
0
0
0
0
0
0
3.6534
0
0
0
0
0
0
0
0
0
0
0
0
0
0
0
0
0
0
0
0
0
0
0
0
0
0
0
0
0
0
0
0
0
0
0
0
0
0
0
0
0
0
0
0
0
0
0
0
0
0
0
0
0
-1.676
0
0
0
0
0
0
0
0
0
0
0
0
0
0
0
0
0
0
0
0
0
0
0
0
0
0
0
0
0
0
0
0
0
-1.6226
0
0
0
0
0
0
0
0
0
0
0
0
0
3.2986
0
0
0
0
0
0
0
0
0
0
0
0
0
0
0
0
0
0
0
0
0
0
0
0
0
0
0
0
0
0
0
0
0
0
0
0
0
0
0
0
0
0
0
0
0
0
0
0
0
0
0
0
0
0
0
0
0
0
0
0
0
0
0
0
0
0
0
0
0
0
0
0
0
0
0
0
0
-2.4348
0
0
0
0
0
0
0
0
0
0
0
0
0
0
0
0
0
0
0
0
0
0
0
4.7348
0
0
0
0
0
-2.2999
0
0
0
0
0
0
0
0
0
0
0
0
0
0
0
0
0
0
0
0
0
0
0
0
0
0
0
0
0
0
0
0
0
0
0
0
0
0
0
0
0
0
0
0
0
0
0
0
0
0
0
0
0
0
0
-2.6019
0
0
0
0
0
0
0
0
0
0
0
0
0
0
0
0
0
0
0
0
0
0
0
0
0
0
0
0
0
0
0
0
0
0
0
0
0
0
0
5.0528
0
0
0
0
0
-2.451
0
0
0
0
0
0
0
0
0
0
0
0
0
0
0
0
0
0
0
0
0
0
0
0
0
0
0
0
0
0
0
0
-1.4441
0
0
0
0
0
0
0
0
0
0
0
0
0
0
0
0
0
0
0
0
0
0
0
0
0
0
0
0
0
0
0
0
0
0
0
0
0
0
0
0
0
0
0
-2.0399
0
0
0
0
0
0
0
0
0
0
0
0
0
0
0
0
0
0
3.4839
0
0
0
0
0
0
0
0
0
0
0
0
0
0
0
0
0
0
0
0
0
0
0
0
0
0
0
0
0
0
0
0
0
0
0
0
0
0
0
0
0
0
0
0
0
0
0
0
0
0
0
0
0
0
0
0
0
0
0
0
0
0
0
0
0
0
0
0
0
0
0
0
0
0
0
0
0
0
0
0
0
0
0
0
0
-2.441
0
0
0
0
0
0
0
0
0
-2.716
0
0
0
0
0
5.157
0
0
0
0
0
0
0
0
0
0
0
0
0
0
0
0
0
0
0
0
0
0
0
0
0
0
0
0
0
0
0
0
0
0
0
0
0
0
0
0
0
0
0
0
0
0
0
0
0
0
0
0
0
0
0
0
0
0
0
0
0
0
0
0
0
0
0
0
0
0
0
0
0
0
0
0
0
0
0
0
0
0
0
0
0
0
0
-2.6861
0
0
0
0
0
0
0
0
0
0
0
0
0
5.4632
-2.7771
0
0
0
0
0
0
0
0
0
0
0
0
0
0
0
0
0
0
0
0
0
0
0
0
0
0
0
0
0
0
0
0
0
-2.9054
0
0
0
0
0
0
0
0
0
0
0
0
0
0
0
0
0
0
0
0
0
0
0
0
0
0
0
0
0
0
0
0
0
0
0
0
0
0
0
0
0
0
0
0
0
0
0
0
0
0
0
0
0
0
0
0
0
0
0
0
0
0
0
0
0
-2.7771
5.6825
0
0
0
0
0
0
0
0
0
0
0
0
0
0
0
0
0
0
0
0
0
0
0
0
0
0
0
0
0
0
0
0
0
0
0
0
0
0
0
0
0
0
0
0
0
0
0
0
0
0
0
0
0
0
0
0
0
0
0
0
0
0
0
0
0
0
0
0
0
0
0
0
0
0
0
0
0
0
0
0
0
0
0
0
0
0
0
0
0
0
-2.1741
0
0
0
0
-2.2999
0
0
0
0
0
4.474
0
0
0
0
0
0
0
0
0
0
0
0
0
0
0
0
0
0
0
0
0
0
0
0
0
0
0
0
0
0
0
0
0
0
0
0
0
0
0
0
0
0
0
0
0
0
0
0
0
0
0
0
0
0
0
0
0
0
0
0
0
0
0
0
0
0
0
0
0
0
0
0
0
0
0
0
0
0
0
0
0
-2.317
0
0
0
0
0
0
0
0
0
0
0
0
0
-2.451
0
0
0
0
0
4.768
0
0
0
0
0
0
0
0
0
0
0
0
0
0
0
0
0
0
0
0
0
0
0
0
0
0
0
0
0
0
0
0
0
0
0
0
0
0
0
0
0
0
0
0
0
0
0
-4.6597
0
0
0
0
0
0
0
0
0
0
0
0
0
0
0
0
0
0
0
0
0
0
0
0
0
0
0
0
0
0
0
0
0
0
0
0
0
0
0
0
0
0
0
0
0
0
0
0
0
0
0
0
0
4.6597
0
0
0
0
0
0
0
0
0
0
0
0
0
0
0
0
0
0
0
0
0
0
0
0
0
0
0
0
0
0
0
0
0
0
0
0
0
0
0
0
0
0
0
0
0
0
0
0
0
0
0
0
0
0
0
0
0
0
0
0
0
0
0
0
0
0
0
-3.2626
0
0
0
0
0
0
0
0
0
0
0
0
0
0
0
0
0
0
0
0
0
0
0
0
0
0
0
0
0
0
0
0
0
3.2626
0
0
0
0
0
0
0
0
0
0
0
0
0
0
0
0
0
0
0
0
0
0
0
0
0
0
0
0
0
0
0
0
0
0
0
0
0
0
0
0
0
0
0
0
0
0
0
0
0
0
0
0
0
0
0
0
0
0
0
0
0
0
0
0
-3.7864
0
0
0
0
0
0
0
0
0
0
0
0
0
0
0
0
0
0
0
0
0
0
0
0
0
0
0
0
0
0
0
0
0
0
0
0
3.7864
0
0
0
0
0
0
0
0
0
0
0
0
0
0
0
0
0
0
0
0
0
0
0
0
0
0
0
0
0
0
0
0
0
0
0
0
0
0
0
0
0
0
0
0
0
0
0
0
0
0
0
0
0
0
0
0
0
0
-3.5617
0
0
0
0
0
0
0
0
0
0
0
0
0
0
0
0
0
0
0
0
0
0
0
0
0
0
0
0
0
0
0
0
0
0
0
0
0
0
0
0
0
0
3.5617
0
0
0
0
0
0
0
0
0
0
0
0
0
0
0
0
0
0
0
0
0
0
0
0
0
0
0
0
0
0
0
0
0
0
0
0
0
0
0
0
0
0
0
0
0
0
0
0
-4.4454
0
0
0
0
0
0
0
0
0
0
0
0
0
0
0
0
0
0
0
0
0
0
0
0
0
0
0
0
0
0
0
0
0
0
0
0
0
0
0
0
0
0
0
0
0
0
0
0
0
0
0
0
4.4454
0
0
0
0
0
0
0
0
0
0
0
0
0
0
0
0
0
0
0
0
0
0
0
0
0
0
0
0
0
0
0
0
0
0
0
0
0
0
0
0
0
0
0
0
0
0
0
0
0
0
0
0
0
0
0
0
0
0
0
0
0
0
0
0
0
-2.4888
0
0
0
0
0
0
0
0
0
0
0
0
0
0
0
0
0
0
0
0
0
0
0
0
0
0
0
0
0
0
0
0
0
0
0
2.4888
0
0
0
0
0
0
0
0
0
0
0
0
0
0
0
0
0
0
0
0
0
0
0
0
0
0
0
0
0
0
0
0
0
0
0
0
0
0
0
0
0
0
0
0
0
0
0
0
0
0
0
-4.2976
0
0
0
0
0
0
0
0
0
0
0
0
0
0
0
0
0
0
0
0
0
0
0
0
0
0
0
0
0
0
0
0
0
0
0
0
0
0
0
0
0
0
0
0
0
0
0
0
0
4.2976
0
0
0
0
0
0
0
0
0
0
0
0
0
0
0
0
0
0
0
0
0
0
0
0
0
0
0
0
0
0
0
0
0
0
0
0
0
0
0
0
0
0
0
0
0
0
-4.9932
0
0
0
0
0
0
0
0
0
0
0
0
0
0
0
0
0
0
0
0
0
0
0
0
0
0
0
0
0
0
0
0
0
0
0
0
0
0
0
0
0
0
0
0
0
0
0
0
0
0
0
0
0
0
4.9932
0
0
0
0
0
0
0
0
0
0
0
0
0
0
0
0
0
0
0
0
0
0
0
0
0
0
0
0
0
0
0
0
0
0
0
0
0
0
0
0
0
0
0
0
0
0
0
0
0
0
0
0
0
0
0
0
0
0
0
0
0
0
0
0
0
0
0
0
0
-2.5469
0
0
0
0
0
0
0
0
0
0
0
0
0
0
0
0
0
0
0
0
0
0
0
0
0
0
0
0
0
0
0
2.5469
0
0
0
0
0
0
0
0
0
0
0
0
0
0
0
0
0
0
0
0
0
0
0
0
0
0
0
0
0
0
0
0
0
0
0
-5.0985
0
0
0
0
0
0
0
0
0
0
0
0
0
0
0
0
0
0
0
0
0
0
0
0
0
0
0
0
0
0
0
0
0
0
0
0
0
0
0
0
0
0
0
0
0
0
0
0
0
0
0
0
0
0
0
0
0
0
0
0
0
0
0
0
0
5.0985
0
0
0
0
0
0
0
0
0
0
0
0
0
0
0
0
0
0
0
0
0
0
0
0
0
0
0
0
0
0
0
0
0
0
0
0
0
0
0
0
0
0
0
0
0
0
0
0
0
0
0
0
0
0
0
0
0
0
0
0
0
0
0
0
0
0
0
0
-2.0486
0
0
0
0
0
0
0
0
0
0
0
0
0
0
0
0
0
0
0
0
0
0
0
0
0
0
0
0
0
0
0
0
2.0486
0
0
0
0
0
0
0
0
0
0
0
0
0
0
0
0
0
0
0
0
0
0
0
0
0
0
0
0
0
0
0
0
0
0
0
0
0
0
0
0
0
0
0
0
0
0
0
0
0
0
0
0
0
0
0
0
0
0
0
0
0
0
0
0
0
0
0
0
0
0
-2.3393
0
0
0
0
0
0
0
0
0
0
0
0
0
0
0
0
0
0
0
0
0
0
0
0
0
0
0
0
0
0
2.3393
0
0
0
0
0
0
0
0
0
0
0
0
0
0
0
0
0
0
0
0
0
0
0
0
0
0
-5.3941
0
0
0
0
0
0
0
0
0
0
0
0
0
0
0
0
0
0
0
0
0
0
0
0
0
0
0
0
0
0
0
0
0
0
0
0
0
0
0
0
0
0
0
0
0
0
0
0
0
0
0
0
0
0
0
0
0
0
0
0
0
0
0
0
0
0
0
0
0
0
0
0
0
0
5.3941
0
0
0
0
0
0
0
0
0
0
0
0
0
0
0
0
0
0
0
0
0
0
0
0
0
0
0
0
0
0
0
0
0
0
0
0
0
0
0
0
-4.9931
0
0
0
0
0
0
0
0
0
0
0
0
0
0
0
0
0
0
0
0
0
0
0
0
0
0
0
0
0
0
0
0
0
0
0
0
0
0
0
0
0
0
0
0
0
0
0
0
0
0
0
0
0
0
0
0
0
0
0
0
4.9931
0
0
0
0
0
0
0
0
0
0
0
0
0
0
0
0
0
0
0
0
0
0
0
0
0
0
0
0
0
0
0
0
0
0
0
0
0
0
0
0
0
0
0
0
0
0
0
0
0
0
0
0
-3.7864
0
0
0
0
0
0
0
0
0
0
0
0
0
0
0
0
0
0
0
0
0
0
0
0
0
0
0
0
0
0
0
0
0
0
0
0
0
0
0
0
0
0
0
0
0
0
0
0
3.7864
0
0
0
0
0
0
0
0
0
0
0
0
0
0
0
0
0
0
0
0
0
0
0
0
0
0
0
0
0
0
0
0
0
0
0
0
0
0
0
0
0
0
0
0
0
0
0
0
0
0
0
0
0
0
0
0
0
0
0
0
0
-1.3114
0
0
0
0
0
0
0
0
0
0
0
0
0
0
0
0
0
0
0
0
0
0
0
0
0
0
0
0
0
0
0
0
0
0
0
0
0
0
0
1.3114
0
0
0
0
0
0
0
0
0
0
0
0
0
0
0
0
0
0
0
0
0
0
0
-5.3941
0
0
0
0
0
0
0
0
0
0
0
0
0
0
0
0
0
0
0
0
0
0
0
0
0
0
0
0
0
0
0
0
0
0
0
0
0
0
0
0
0
0
0
0
0
0
0
0
0
0
0
0
0
0
0
0
0
0
0
0
0
0
0
0
0
0
0
0
0
0
0
0
0
0
0
0
0
5.3941
0
0
0
0
0
0
0
0
0
0
0
0
0
0
0
0
0
0
0
0
0
0
0
0
0
0
0
0
0
0
0
0
0
0
0
0
0
0
0
0
0
0
0
0
0
0
0
0
0
0
0
0
0
0
0
0
0
0
0
0
0
0
0
0
0
0
0
0
-0.39323
0
0
0
0
0
0
0
0
0
0
0
0
0
0
0
0
0
0
0
0
0
0
0
0
0
0
0
0
0
0
0
0
0.39323
0
0
0
0
0
0
0
0
0
0
0
0
0
0
0
0
0
0
0
0
0
0
0
0
0
0
0
0
0
0
0
0
0
0
0
0
0
0
0
0
0
0
0
0
0
0
0
0
0
0
0
0
0
0
0
0
0
0
0
0
0
0
0
0
0
0
0
0
-2.2573
0
0
0
0
0
0
0
0
0
0
0
0
0
0
0
0
0
0
0
0
0
0
0
0
0
0
0
0
0
0
0
0
2.2573
