52.3671
-0.8838
-0.87455
-0.87457
-0.87458
-0.87457
-0.8746
-0.86196
-0.86196
-0.87023
-0.86218
-0.86284
-0.87279
-0.86283
-0.86531
-0.86622
-0.86623
-0.8587
-0.86663
-0.89459
-0.89459
-0.85484
-0.85899
-0.85484
-0.84524
-0.88994
-0.85337
-0.85414
-0.8851
-0.88742
-0.89746
-0.88232
-0.87286
-0.90933
-0.89958
-0.86762
-0.87145
-0.87145
-0.90115
-0.85209
-0.8578
-0.85754
-0.90758
-0.8455
-0.86885
-0.94118
-0.91864
-1.0278
-0.95303
-0.99662
-1.0126
-1.0117
-1.122
-1.1251
-1.1308
-1.6211
0
0
0
0
0
0
0
0
0
0
0
0
-2.1365
0
0
0
0
0
0
0
0
0
0
0
0
0
0
0
0
0
0
0
0
0
0
0
0
0
0
0
0
0
0
0
0
-0.8838
50.5339
-0.88193
-0.88197
-0.88197
-0.88196
-0.88199
-0.86821
-0.86821
-0.87684
-0.86875
-0.86944
-0.87995
-0.86957
-0.87367
-0.873
-0.873
-0.86583
-0.87377
-0.90326
-0.90325
-0.86158
-0.86733
-0.86157
-0.85192
-0.89808
-0.86006
-0.86085
-0.89186
-0.89447
-0.90362
-0.8888
-0.87959
-0.91712
-0.90832
-0.87394
-0.8782
-0.8782
-0.9087
-0.85876
-0.86447
-0.86719
-0.91528
-0.8521
-0.8754
-0.94814
-0.92507
-1.035
-0.95935
-1.0018
-1.0196
-1.017
-1.1282
-1.132
-1.1572
0
-1.5328
0
0
0
0
0
0
0
0
0
0
0
0
0
0
0
0
0
0
0
0
0
0
0
0
0
0
0
0
0
0
0
0
0
0
0
0
0
0
0
0
0
0
0
0
-0.87455
-0.88193
48.4513
-0.8635
-0.86351
-0.86349
-0.86353
-0.8566
-0.8566
-0.86643
-0.85855
-0.85945
-0.87104
-0.86004
-0.86394
-0.86322
-0.86323
-0.85605
-0.86434
-0.89461
-0.89462
-0.85193
-0.85784
-0.85193
-0.8423
-0.8901
-0.85044
-0.85156
-0.88254
-0.88489
-0.89496
-0.8802
-0.86988
-0.9076
-0.89971
-0.8649
-0.8685
-0.8685
-0.89946
-0.84913
-0.85476
-0.85745
-0.90582
-0.84244
-0.86561
-0.93827
-0.91486
-1.0255
-0.94864
-0.99221
-1.0088
-1.0087
-1.1167
-1.1199
-1.1461
0
0
0
0
0
0
0
0
0
0
0
0
0
0
0
0
0
0
0
0
0
0
0
0
0
0
0
0
0
0
0
0
0
0
0
0
0
0
0
0
0
0
0
0
0
0
-0.87457
-0.88197
-0.8635
48.453
-0.86354
-0.86354
-0.86356
-0.85663
-0.85663
-0.86646
-0.85858
-0.85948
-0.87108
-0.86007
-0.86397
-0.86326
-0.86325
-0.85608
-0.86437
-0.89465
-0.89464
-0.85196
-0.85787
-0.85196
-0.84233
-0.89014
-0.85047
-0.85159
-0.88258
-0.88492
-0.895
-0.88024
-0.86992
-0.90763
-0.89973
-0.86494
-0.86853
-0.86853
-0.89949
-0.84916
-0.85479
-0.85748
-0.90585
-0.84246
-0.86564
-0.9383
-0.91489
-1.0256
-0.94867
-0.99224
-1.0088
-1.0087
-1.1167
-1.1199
-1.1461
0
0
0
0
0
0
0
0
0
0
0
0
0
0
0
0
0
0
0
0
0
0
0
0
0
0
0
0
0
0
0
0
0
0
0
0
0
0
0
0
0
0
0
0
0
0
-0.87458
-0.88197
-0.86351
-0.86354
48.4531
-0.86353
-0.86356
-0.85663
-0.85663
-0.86646
-0.85858
-0.85947
-0.87108
-0.86007
-0.86397
-0.86326
-0.86326
-0.85608
-0.86438
-0.89465
-0.89465
-0.85197
-0.85787
-0.85196
-0.84233
-0.89015
-0.85047
-0.85159
-0.88257
-0.88492
-0.895
-0.88024
-0.86992
-0.90763
-0.89975
-0.86494
-0.86853
-0.86853
-0.89949
-0.84916
-0.8548
-0.85749
-0.90585
-0.84247
-0.86564
-0.9383
-0.9149
-1.0256
-0.94866
-0.99224
-1.0088
-1.0087
-1.1167
-1.1199
-1.1461
0
0
0
0
0
0
0
0
0
0
0
0
0
0
0
0
0
0
0
0
0
0
0
0
0
0
0
0
0
0
0
0
0
0
0
0
0
0
0
0
0
0
0
0
0
0
-0.87457
-0.88196
-0.86349
-0.86354
-0.86353
48.4526
-0.86356
-0.85662
-0.85662
-0.86645
-0.85857
-0.85947
-0.87107
-0.86007
-0.86397
-0.86325
-0.86325
-0.85607
-0.86437
-0.89463
-0.89464
-0.85196
-0.85786
-0.85196
-0.84232
-0.89013
-0.85046
-0.85159
-0.88257
-0.88491
-0.89499
-0.88024
-0.86991
-0.90762
-0.89974
-0.86493
-0.86853
-0.86852
-0.89948
-0.84915
-0.85479
-0.85748
-0.90584
-0.84246
-0.86563
-0.9383
-0.91489
-1.0256
-0.94866
-0.99223
-1.0088
-1.0087
-1.1167
-1.1199
-1.1461
0
0
0
0
0
0
0
0
0
0
0
0
0
0
0
0
0
0
0
0
0
0
0
0
0
0
0
0
0
0
0
0
0
0
0
0
0
0
0
0
0
0
0
0
0
0
-0.8746
-0.88199
-0.86353
-0.86356
-0.86356
-0.86356
48.4543
-0.85665
-0.85665
-0.86648
-0.8586
-0.8595
-0.8711
-0.8601
-0.864
-0.86327
-0.86328
-0.8561
-0.8644
-0.89467
-0.89468
-0.85198
-0.85789
-0.85198
-0.84235
-0.89016
-0.85049
-0.85162
-0.88259
-0.88494
-0.89502
-0.88026
-0.86994
-0.90765
-0.89977
-0.86496
-0.86856
-0.86855
-0.89951
-0.84918
-0.85482
-0.8575
-0.90588
-0.84249
-0.86566
-0.93833
-0.91492
-1.0256
-0.94869
-0.99227
-1.0088
-1.0087
-1.1168
-1.1199
-1.1462
0
0
0
0
0
0
0
0
0
0
0
0
0
0
0
0
0
0
0
0
0
0
0
0
0
0
0
0
0
0
0
0
0
0
0
0
0
0
0
0
0
0
0
0
0
0
-0.86196
-0.86821
-0.8566
-0.85663
-0.85663
-0.85662
-0.85665
46.6392
-0.84681
-0.85472
-0.84621
-0.847
-0.85767
-0.84714
-0.85095
-0.85048
-0.85049
-0.84325
-0.85116
-0.88036
-0.88036
-0.83925
-0.84498
-0.83925
-0.82964
-0.87558
-0.83761
-0.83866
-0.86878
-0.87159
-0.88159
-0.867
-0.85674
-0.89358
-0.88579
-0.85173
-0.85546
-0.85547
-0.88576
-0.8362
-0.84175
-0.84432
-0.89221
-0.82953
-0.85255
-0.92456
-0.90119
-1.0103
-0.93462
-0.97781
-0.99432
-0.99474
-1.1014
-1.1054
0
0
0
0
0
0
0
0
0
0
0
0
0
0
0
0
0
0
0
0
0
0
0
0
0
0
0
0
0
0
0
0
0
0
0
0
0
0
0
0
0
0
0
0
0
0
0
-0.86196
-0.86821
-0.8566
-0.85663
-0.85663
-0.85662
-0.85665
-0.84681
46.6392
-0.85472
-0.84621
-0.847
-0.85767
-0.84714
-0.85095
-0.85049
-0.85048
-0.84325
-0.85116
-0.88036
-0.88036
-0.83925
-0.84499
-0.83925
-0.82964
-0.87558
-0.83761
-0.83866
-0.86877
-0.8716
-0.8816
-0.867
-0.85674
-0.89359
-0.88579
-0.85173
-0.85546
-0.85546
-0.88576
-0.8362
-0.84175
-0.84432
-0.89221
-0.82953
-0.85255
-0.92456
-0.90119
-1.0102
-0.93462
-0.97781
-0.99432
-0.99474
-1.1014
-1.1054
0
0
0
0
0
0
0
0
0
0
0
0
0
0
0
0
0
0
0
0
0
0
0
0
0
0
0
0
0
0
0
0
0
0
0
0
0
0
0
0
0
0
0
0
0
0
0
-0.87023
-0.87684
-0.86643
-0.86646
-0.86646
-0.86645
-0.86648
-0.85472
-0.85472
44.9481
-0.8528
-0.85408
-0.86542
-0.8546
-0.8584
-0.85799
-0.85799
-0.85069
-0.85923
-0.8906
-0.8906
-0.84662
-0.85245
-0.84662
-0.83691
-0.88277
-0.84504
-0.84602
-0.87632
-0.8793
-0.88927
-0.87471
-0.86431
-0.90129
-0.89333
-0.85944
-0.86296
-0.86295
-0.89348
-0.8436
-0.84918
-0.85181
-0.89991
-0.83687
-0.85994
-0.93263
-0.90934
-1.0196
-0.94336
-0.98665
-1.0051
0
0
-1.1152
0
0
0
0
0
0
0
0
0
0
0
0
0
0
0
0
0
0
0
0
0
0
0
0
0
0
0
0
0
0
0
0
0
0
0
0
0
0
0
0
0
0
0
0
0
0
0
-0.86218
-0.86875
-0.85855
-0.85858
-0.85858
-0.85857
-0.8586
-0.84621
-0.84621
-0.8528
43.415
-0.84658
-0.85558
-0.84637
-0.85029
-0.8499
-0.84991
-0.84245
-0.8509
-0.88001
-0.88001
-0.8384
-0.84419
-0.83841
-0.82862
-0.8727
-0.83672
-0.8377
-0.86767
-0.8708
-0.88083
-0.86635
-0.85587
-0.89244
-0.88454
-0.85104
-0.85458
-0.85458
-0.88478
-0.83525
-0.84076
-0.84338
-0.89113
-0.82847
-0.85151
-0.92384
-0.90049
-1.0103
-0.93468
-0.97768
-0.99636
0
0
0
0
0
0
0
0
0
0
0
0
0
0
0
0
0
0
0
0
0
0
0
0
0
0
0
0
0
0
0
0
0
0
0
0
0
0
0
0
0
0
0
0
0
0
0
0
0
0
-0.86284
-0.86944
-0.85945
-0.85948
-0.85947
-0.85947
-0.8595
-0.847
-0.847
-0.85408
-0.84658
42.4412
-0.85571
-0.84657
-0.85054
-0.85041
-0.85041
-0.84288
-0.85124
-0.87931
-0.87931
-0.83883
-0.84464
-0.83884
-0.82899
-0.87415
-0.83713
-0.83808
-0.86809
-0.87125
-0.88116
-0.86677
-0.8563
-0.8928
-0.88509
-0.85134
-0.85508
-0.85507
-0.88521
-0.83572
-0.84128
-0.84394
-0.89156
-0.82898
-0.85203
-0.92423
-0.90126
-1.0106
-0.93458
-0.97749
0
0
0
0
0
0
0
0
0
0
0
0
0
0
0
0
0
0
0
0
0
0
0
0
0
0
0
0
0
0
0
0
0
0
0
0
0
0
0
0
0
0
0
0
0
0
0
0
0
0
0
-0.87279
-0.87995
-0.87104
-0.87108
-0.87108
-0.87107
-0.8711
-0.85767
-0.85767
-0.86542
-0.85558
-0.85571
45.3921
-0.85493
-0.85866
-0.85886
-0.85887
-0.8508
-0.85911
-0.89139
-0.8914
-0.84732
-0.85282
-0.84733
-0.83749
-0.87961
-0.8456
-0.84181
-0.87547
-0.8795
-0.88935
-0.87407
-0.86481
-0.89973
-0.89184
-0.85952
-0.86362
-0.86362
-0.89291
-0.84437
-0.85014
-0.85198
-0.8997
-0.83789
-0.86104
-0.93364
-0.91171
0
0
0
0
0
0
0
0
0
0
0
0
0
0
0
0
0
0
0
0
-2.1374
0
0
0
0
0
0
0
0
0
0
0
-3.3337
0
0
0
0
0
0
0
0
0
0
0
0
0
0
0
0
0
0
0
0
0
-0.86283
-0.86957
-0.86004
-0.86007
-0.86007
-0.86007
-0.8601
-0.84714
-0.84714
-0.8546
-0.84637
-0.84657
-0.85493
41.2023
-0.8499
-0.85105
-0.85105
-0.84274
-0.85073
-0.8782
-0.87822
-0.83868
-0.8445
-0.83868
-0.82858
-0.87343
-0.83689
-0.8374
-0.86722
-0.87099
-0.88023
-0.86714
-0.85599
-0.89178
-0.88396
-0.84951
-0.8549
-0.8549
-0.88464
-0.83566
-0.84126
-0.8437
-0.89116
-0.82899
-0.85199
-0.92429
-0.90195
0
0
0
0
0
0
0
0
0
0
0
0
0
0
0
0
0
0
0
0
0
0
0
0
0
0
0
0
0
-1.6925
0
0
0
0
0
0
0
0
0
0
0
0
0
0
0
0
0
0
0
0
0
0
0
0
-0.86531
-0.87367
-0.86394
-0.86397
-0.86397
-0.86397
-0.864
-0.85095
-0.85095
-0.8584
-0.85029
-0.85054
-0.85866
-0.8499
42.2585
-0.85385
-0.85386
-0.84624
-0.8543
-0.88119
-0.88119
-0.84198
-0.84606
-0.84197
-0.832
-0.87731
-0.84041
-0.84113
-0.87089
-0.87452
-0.88461
-0.87021
-0.85966
-0.89532
-0.88713
-0.85439
-0.85853
-0.85854
-0.88764
-0.83928
-0.84489
-0.84247
-0.89447
-0.83261
-0.85575
-0.92794
-0.90588
0
0
0
0
0
0
0
0
0
0
0
0
0
0
0
0
0
0
0
0
0
0
0
0
0
-2.5938
0
0
0
0
0
0
0
0
0
0
0
0
0
0
0
0
0
0
0
0
0
0
0
0
0
0
0
0
-0.86622
-0.873
-0.86322
-0.86326
-0.86326
-0.86325
-0.86327
-0.85048
-0.85049
-0.85799
-0.8499
-0.85041
-0.85886
-0.85105
-0.85385
39.6578
-0.8504
-0.84414
-0.85462
-0.88191
-0.88192
-0.84105
-0.84687
-0.84106
-0.83088
-0.87728
-0.83979
-0.84072
-0.87154
-0.87445
-0.88419
-0.87013
-0.8593
-0.89611
-0.88923
-0.85433
-0.85825
-0.85825
-0.88858
-0.83895
-0.84448
-0.84691
-0.89442
-0.83214
-0.85513
-0.92733
-0.90488
0
0
0
0
0
0
0
0
0
0
0
0
0
0
0
0
0
0
0
0
0
0
0
0
0
0
0
0
0
0
0
0
0
0
0
0
0
0
0
0
0
0
0
0
0
0
0
0
0
0
0
0
0
0
-0.86623
-0.873
-0.86323
-0.86325
-0.86326
-0.86325
-0.86328
-0.85049
-0.85048
-0.85799
-0.84991
-0.85041
-0.85887
-0.85105
-0.85386
-0.8504
39.6578
-0.84414
-0.85463
-0.88191
-0.88191
-0.84106
-0.84688
-0.84106
-0.83088
-0.87727
-0.83979
-0.84072
-0.87154
-0.87446
-0.88419
-0.87014
-0.8593
-0.89611
-0.88923
-0.85433
-0.85826
-0.85825
-0.88858
-0.83895
-0.84448
-0.84691
-0.89442
-0.83215
-0.85513
-0.92732
-0.90488
0
0
0
0
0
0
0
0
0
0
0
0
0
0
0
0
0
0
0
0
0
0
0
0
0
0
0
0
0
0
0
0
0
0
0
0
0
0
0
0
0
0
0
0
0
0
0
0
0
0
0
0
0
0
-0.8587
-0.86583
-0.85605
-0.85608
-0.85608
-0.85607
-0.8561
-0.84325
-0.84325
-0.85069
-0.84245
-0.84288
-0.8508
-0.84274
-0.84624
-0.84414
-0.84414
38.7923
-0.84565
-0.87295
-0.87295
-0.83414
-0.84029
-0.83414
-0.82321
-0.86785
-0.83209
-0.83237
-0.86244
-0.8662
-0.87596
-0.86223
-0.85123
-0.88538
-0.87872
-0.84623
-0.8503
-0.85031
-0.87955
-0.83101
-0.83666
-0.83936
-0.88556
-0.82435
-0.84731
0
0
0
0
0
0
0
0
0
0
0
0
0
0
0
0
0
-1.3084
0
0
0
0
0
0
0
0
0
0
0
0
0
0
0
0
0
0
0
0
0
0
0
0
0
0
0
0
0
0
0
0
0
0
0
0
0
0
-0.86663
-0.87377
-0.86434
-0.86437
-0.86438
-0.86437
-0.8644
-0.85116
-0.85116
-0.85923
-0.8509
-0.85124
-0.85911
-0.85073
-0.8543
-0.85462
-0.85463
-0.84565
41.3386
-0.88052
-0.88052
-0.84222
-0.848
-0.84221
-0.83169
-0.87534
-0.84048
-0.84073
-0.87139
-0.87473
-0.88514
-0.86926
-0.85995
-0.88867
-0.88618
-0.85206
-0.85889
-0.85889
-0.88812
-0.83955
-0.84532
-0.84781
-0.89405
-0.83297
0
0
0
0
0
0
0
0
0
0
0
0
0
0
0
0
0
-2.3387
0
0
0
-2.0202
0
0
0
0
0
0
0
0
0
0
0
0
0
0
0
0
0
0
0
0
0
0
0
0
0
0
0
0
0
0
0
0
0
0
0
-0.89459
-0.90326
-0.89461
-0.89465
-0.89465
-0.89463
-0.89467
-0.88036
-0.88036
-0.8906
-0.88001
-0.87931
-0.89139
-0.8782
-0.88119
-0.88191
-0.88191
-0.87295
-0.88052
44.9166
-0.91529
-0.8695
-0.87479
-0.8695
-0.8595
-0.89801
-0.86789
-0.86904
-0.89272
-0.90172
-0.91257
-0.89662
-0.88774
-0.9199
-0.90805
-0.88137
-0.88653
-0.88653
-0.91313
-0.86732
-0.87323
-0.87377
-0.91963
-0.86084
-0.88445
0
0
0
0
0
0
0
0
0
0
0
0
0
0
0
0
0
0
0
0
0
0
0
0
0
0
0
0
0
0
0
0
0
0
0
0
0
0
0
0
0
0
0
0
0
0
0
0
0
-5.8771
0
0
0
0
0
0
-0.89459
-0.90325
-0.89462
-0.89464
-0.89465
-0.89464
-0.89468
-0.88036
-0.88036
-0.8906
-0.88001
-0.87931
-0.8914
-0.87822
-0.88119
-0.88192
-0.88191
-0.87295
-0.88052
-0.91529
44.9167
-0.8695
-0.8748
-0.8695
-0.85951
-0.89802
-0.8679
-0.86904
-0.89273
-0.90172
-0.91258
-0.89662
-0.88775
-0.9199
-0.90805
-0.88137
-0.88654
-0.88654
-0.91314
-0.86733
-0.87323
-0.87378
-0.91964
-0.86084
-0.88445
0
0
0
0
0
0
0
0
0
0
0
0
0
0
0
0
0
0
0
0
0
0
0
0
0
0
0
0
0
0
0
0
0
0
0
0
0
0
0
0
0
0
0
0
0
0
0
0
0
0
0
0
0
-5.8771
0
0
-0.85484
-0.86158
-0.85193
-0.85196
-0.85197
-0.85196
-0.85198
-0.83925
-0.83925
-0.84662
-0.8384
-0.83883
-0.84732
-0.83868
-0.84198
-0.84105
-0.84106
-0.83414
-0.84222
-0.8695
-0.8695
37.3079
-0.83532
-0.82539
-0.81681
-0.86543
-0.82767
-0.82836
-0.85908
-0.86215
-0.87156
-0.85763
-0.84694
-0.88266
-0.87674
-0.84194
-0.8461
-0.8461
-0.87587
-0.82683
-0.83232
-0.83475
-0.88159
-0.81999
-0.84271
0
0
0
0
0
0
0
0
0
0
0
0
0
0
0
0
0
0
0
0
0
0
0
0
0
0
0
0
0
0
0
0
0
0
0
0
0
0
0
0
0
0
0
0
0
0
0
0
0
0
0
0
0
0
0
0
-0.85899
-0.86733
-0.85784
-0.85787
-0.85787
-0.85786
-0.85789
-0.84498
-0.84499
-0.85245
-0.84419
-0.84464
-0.85282
-0.8445
-0.84606
-0.84687
-0.84688
-0.84029
-0.848
-0.87479
-0.8748
-0.83532
38.288
-0.83532
-0.82368
-0.87039
-0.83364
-0.83425
-0.86448
-0.86804
-0.87737
-0.86357
-0.85292
-0.88834
-0.88138
-0.84813
-0.85208
-0.85208
-0.88127
-0.83273
-0.83832
-0.83744
-0.88741
-0.82591
0
0
0
0
0
0
0
0
0
0
0
-1.582
0
0
0
0
0
0
0
0
0
0
0
0
0
0
0
0
0
0
0
0
0
0
0
0
0
0
0
0
0
0
0
0
0
0
0
0
0
0
0
0
0
0
0
0
0
-0.85484
-0.86157
-0.85193
-0.85196
-0.85196
-0.85196
-0.85198
-0.83925
-0.83925
-0.84662
-0.83841
-0.83884
-0.84733
-0.83868
-0.84197
-0.84106
-0.84106
-0.83414
-0.84221
-0.8695
-0.8695
-0.82539
-0.83532
37.308
-0.81681
-0.86544
-0.82767
-0.82836
-0.85908
-0.86215
-0.87156
-0.85764
-0.84694
-0.88265
-0.87674
-0.84194
-0.8461
-0.8461
-0.87586
-0.82683
-0.83231
-0.83476
-0.88158
-0.81999
-0.84272
0
0
0
0
0
0
0
0
0
0
0
0
0
0
0
0
0
0
0
0
0
0
0
0
0
0
0
0
0
0
0
0
0
0
0
0
0
0
0
0
0
0
0
0
0
0
0
0
0
0
0
0
0
0
0
0
-0.84524
-0.85192
-0.8423
-0.84233
-0.84233
-0.84232
-0.84235
-0.82964
-0.82964
-0.83691
-0.82862
-0.82899
-0.83749
-0.82858
-0.832
-0.83088
-0.83088
-0.82321
-0.83169
-0.8595
-0.85951
-0.81681
-0.82368
-0.81681
36.0452
-0.85523
-0.81941
-0.81965
-0.84812
-0.85218
-0.86136
-0.84746
-0.83701
-0.8715
-0.86351
-0.83192
-0.83632
-0.83631
-0.86557
-0.817
-0.82252
-0.82501
-0.87125
-0.81025
0
0
0
0
0
0
0
0
0
0
0
0
0
0
0
0
0
0
0
0
0
0
0
0
0
0
0
0
0
0
0
0
0
0
0
0
0
0
0
0
0
0
0
0
0
0
0
0
0
0
0
0
0
0
0
0
0
-0.88994
-0.89808
-0.8901
-0.89014
-0.89015
-0.89013
-0.89016
-0.87558
-0.87558
-0.88277
-0.8727
-0.87415
-0.87961
-0.87343
-0.87731
-0.87728
-0.87727
-0.86785
-0.87534
-0.89801
-0.89802
-0.86543
-0.87039
-0.86544
-0.85523
43.4296
-0.86323
-0.86311
-0.88815
-0.89667
-0.90667
-0.89031
-0.88237
-0.91277
-0.90354
-0.87641
-0.88253
-0.88252
-0.90804
-0.86367
0
0
0
0
0
0
0
0
0
0
0
0
0
0
0
0
0
0
0
-1.6154
0
0
0
0
0
0
0
0
0
0
0
0
0
-1.931
0
0
0
0
0
0
0
0
0
0
0
0
0
0
0
0
0
-5.4631
0
0
0
0
0
0
0
0
0
-0.85337
-0.86006
-0.85044
-0.85047
-0.85047
-0.85046
-0.85049
-0.83761
-0.83761
-0.84504
-0.83672
-0.83713
-0.8456
-0.83689
-0.84041
-0.83979
-0.83979
-0.83209
-0.84048
-0.86789
-0.8679
-0.82767
-0.83364
-0.82767
-0.81941
-0.86323
33.8621
-0.82312
-0.85514
-0.86022
-0.86852
-0.85562
-0.84315
-0.87694
-0.87739
-0.84002
-0.84462
-0.84462
-0.87416
-0.82587
-0.83035
0
0
0
0
0
0
0
0
0
0
0
0
0
0
0
0
0
0
0
0
0
0
0
0
0
0
0
0
0
0
0
0
0
0
0
0
0
0
0
0
0
0
0
0
0
0
0
0
0
0
0
0
0
0
0
0
0
0
0
0
-0.85414
-0.86085
-0.85156
-0.85159
-0.85159
-0.85159
-0.85162
-0.83866
-0.83866
-0.84602
-0.8377
-0.83808
-0.84181
-0.8374
-0.84113
-0.84072
-0.84072
-0.83237
-0.84073
-0.86904
-0.86904
-0.82836
-0.83425
-0.82836
-0.81965
-0.86311
-0.82312
34.2574
-0.85482
-0.86077
-0.86783
-0.85187
-0.84501
-0.8749
-0.87536
-0.84171
-0.84557
-0.84556
0
-0.82664
0
0
0
0
0
0
0
0
0
0
0
0
0
0
0
0
0
0
0
0
0
0
0
0
0
0
0
-2.0855
0
0
0
0
0
0
0
0
0
0
0
0
0
0
0
0
0
0
0
0
0
0
0
0
0
0
0
0
0
0
0
0
0
-0.8851
-0.89186
-0.88254
-0.88258
-0.88257
-0.88257
-0.88259
-0.86878
-0.86877
-0.87632
-0.86767
-0.86809
-0.87547
-0.86722
-0.87089
-0.87154
-0.87154
-0.86244
-0.87139
-0.89272
-0.89273
-0.85908
-0.86448
-0.85908
-0.84812
-0.88815
-0.85514
-0.85482
36.654
-0.88898
-0.89721
-0.88151
-0.87356
-0.91445
0
-0.86926
-0.87418
-0.87417
0
0
0
0
0
0
0
0
0
0
0
0
0
0
0
0
0
0
0
0
0
0
0
0
0
0
0
0
0
0
0
0
0
0
0
0
0
0
0
0
0
0
0
0
-5.1365
0
0
0
0
0
0
0
0
0
0
0
0
0
0
0
0
0
0
-0.88742
-0.89447
-0.88489
-0.88492
-0.88492
-0.88491
-0.88494
-0.87159
-0.8716
-0.8793
-0.8708
-0.87125
-0.8795
-0.87099
-0.87452
-0.87445
-0.87446
-0.8662
-0.87473
-0.90172
-0.90172
-0.86215
-0.86804
-0.86215
-0.85218
-0.89667
-0.86022
-0.86077
-0.88898
28.8521
-0.93471
0
-0.87633
0
0
0
0
0
0
0
0
0
0
0
0
0
0
0
0
0
0
0
0
0
0
0
0
0
0
0
0
0
0
0
0
0
-1.6007
0
0
0
0
0
0
0
0
0
0
0
0
0
0
0
0
0
0
0
0
0
0
0
0
0
0
0
0
0
0
0
0
0
0
-0.89746
-0.90362
-0.89496
-0.895
-0.895
-0.89499
-0.89502
-0.88159
-0.8816
-0.88927
-0.88083
-0.88116
-0.88935
-0.88023
-0.88461
-0.88419
-0.88419
-0.87596
-0.88514
-0.91257
-0.91258
-0.87156
-0.87737
-0.87156
-0.86136
-0.90667
-0.86852
-0.86783
-0.89721
-0.93471
29.5813
0
-0.89594
0
0
0
0
0
0
0
0
0
0
0
0
0
0
0
0
0
0
0
0
0
0
0
0
0
0
0
-2.0292
0
0
0
0
0
0
0
0
0
0
0
0
0
0
0
0
0
0
0
0
0
0
0
0
0
0
0
0
0
0
0
0
0
0
0
0
0
0
0
0
-0.88232
-0.8888
-0.8802
-0.88024
-0.88024
-0.88024
-0.88026
-0.867
-0.867
-0.87471
-0.86635
-0.86677
-0.87407
-0.86714
-0.87021
-0.87013
-0.87014
-0.86223
-0.86926
-0.89662
-0.89662
-0.85763
-0.86357
-0.85764
-0.84746
-0.89031
-0.85562
-0.85187
-0.88151
0
0
29.5675
0
0
0
0
0
0
0
0
0
0
0
0
0
0
0
0
0
0
0
0
0
0
0
0
0
-0.61657
0
0
-2.0342
0
0
-1.6206
0
0
0
0
0
0
0
0
0
0
0
0
0
0
0
0
0
0
0
0
0
0
0
0
0
0
0
0
0
0
0
0
0
0
0
0
0
-0.87286
-0.87959
-0.86988
-0.86992
-0.86992
-0.86991
-0.86994
-0.85674
-0.85674
-0.86431
-0.85587
-0.8563
-0.86481
-0.85599
-0.85966
-0.8593
-0.8593
-0.85123
-0.85995
-0.88774
-0.88775
-0.84694
-0.85292
-0.84694
-0.83701
-0.88237
-0.84315
-0.84501
-0.87356
-0.87633
-0.89594
0
26.7779
0
0
0
0
0
0
0
0
0
0
0
0
0
0
0
0
0
0
0
0
0
0
0
0
0
0
0
0
0
0
0
0
0
0
0
0
0
0
0
0
0
0
0
0
0
0
0
0
0
0
0
0
0
0
0
0
0
0
0
0
0
0
0
0
0
0
0
0
-0.90933
-0.91712
-0.9076
-0.90763
-0.90763
-0.90762
-0.90765
-0.89358
-0.89359
-0.90129
-0.89244
-0.8928
-0.89973
-0.89178
-0.89532
-0.89611
-0.89611
-0.88538
-0.88867
-0.9199
-0.9199
-0.88266
-0.88834
-0.88265
-0.8715
-0.91277
-0.87694
-0.8749
-0.91445
0
0
0
0
32.8981
0
0
0
0
0
0
0
0
0
0
0
0
0
0
0
0
0
0
0
0
0
0
0
0
0
0
0
0
0
0
0
-1.9729
0
0
0
0
0
0
0
0
0
0
0
0
0
0
0
0
0
0
0
0
-4.8898
0
0
0
0
0
0
0
0
0
0
0
0
0
0
-0.89958
-0.90832
-0.89971
-0.89973
-0.89975
-0.89974
-0.89977
-0.88579
-0.88579
-0.89333
-0.88454
-0.88509
-0.89184
-0.88396
-0.88713
-0.88923
-0.88923
-0.87872
-0.88618
-0.90805
-0.90805
-0.87674
-0.88138
-0.87674
-0.86351
-0.90354
-0.87739
-0.87536
0
0
0
0
0
0
35.8251
0
0
0
0
0
0
0
0
0
0
0
0
0
0
0
0
0
0
0
0
0
0
0
0
0
0
0
0
0
0
0
0
0
0
0
0
0
0
0
0
0
0
0
0
0
0
0
0
0
0
0
0
0
0
-5.4535
0
0
0
0
0
-5.4535
0
0
0
0
0
-0.86762
-0.87394
-0.8649
-0.86494
-0.86494
-0.86493
-0.86496
-0.85173
-0.85173
-0.85944
-0.85104
-0.85134
-0.85952
-0.84951
-0.85439
-0.85433
-0.85433
-0.84623
-0.85206
-0.88137
-0.88137
-0.84194
-0.84813
-0.84194
-0.83192
-0.87641
-0.84002
-0.84171
-0.86926
0
0
0
0
0
0
27.8127
0
0
0
0
0
0
0
0
0
0
0
0
0
0
0
0
0
0
0
0
0
0
0
0
0
0
0
0
0
0
0
0
0
0
0
0
0
0
0
-2.9567
0
0
0
0
0
0
0
0
0
0
0
0
0
0
0
0
0
0
0
0
0
0
0
0
0
-0.87145
-0.8782
-0.8685
-0.86853
-0.86853
-0.86853
-0.86856
-0.85546
-0.85546
-0.86296
-0.85458
-0.85508
-0.86362
-0.8549
-0.85853
-0.85825
-0.85826
-0.8503
-0.85889
-0.88653
-0.88654
-0.8461
-0.85208
-0.8461
-0.83632
-0.88253
-0.84462
-0.84557
-0.87418
0
0
0
0
0
0
0
24.9791
0
0
0
0
0
0
0
0
0
0
0
0
0
0
0
0
0
0
0
0
0
0
0
0
0
0
0
0
0
0
0
0
0
0
0
0
0
0
0
0
0
0
0
0
0
0
0
0
0
0
0
0
0
0
0
0
0
0
0
0
0
0
0
0
-0.87145
-0.8782
-0.8685
-0.86853
-0.86853
-0.86852
-0.86855
-0.85547
-0.85546
-0.86295
-0.85458
-0.85507
-0.86362
-0.8549
-0.85854
-0.85825
-0.85825
-0.85031
-0.85889
-0.88653
-0.88654
-0.8461
-0.85208
-0.8461
-0.83631
-0.88252
-0.84462
-0.84556
-0.87417
0
0
0
0
0
0
0
0
24.9791
0
0
0
0
0
0
0
0
0
0
0
0
0
0
0
0
0
0
0
0
0
0
0
0
0
0
0
0
0
0
0
0
0
0
0
0
0
0
0
0
0
0
0
0
0
0
0
0
0
0
0
0
0
0
0
0
0
0
0
0
0
0
0
-0.90115
-0.9087
-0.89946
-0.89949
-0.89949
-0.89948
-0.89951
-0.88576
-0.88576
-0.89348
-0.88478
-0.88521
-0.89291
-0.88464
-0.88764
-0.88858
-0.88858
-0.87955
-0.88812
-0.91313
-0.91314
-0.87587
-0.88127
-0.87586
-0.86557
-0.90804
-0.87416
0
0
0
0
0
0
0
0
0
0
0
28.7005
0
0
0
0
0
0
0
0
0
0
0
0
0
0
0
0
0
0
0
0
0
0
0
0
0
0
0
0
0
0
0
0
0
0
0
0
0
0
0
0
0
0
0
0
0
0
0
0
0
-4.6412
0
0
0
0
0
0
0
0
0
0
0
0
-0.85209
-0.85876
-0.84913
-0.84916
-0.84916
-0.84915
-0.84918
-0.8362
-0.8362
-0.8436
-0.83525
-0.83572
-0.84437
-0.83566
-0.83928
-0.83895
-0.83895
-0.83101
-0.83955
-0.86732
-0.86733
-0.82683
-0.83273
-0.82683
-0.817
-0.86367
-0.82587
-0.82664
0
0
0
0
0
0
0
0
0
0
0
23.5656
0
0
0
0
0
0
0
0
0
0
0
0
0
0
0
0
0
0
0
0
0
0
0
0
0
0
0
0
0
0
0
0
0
0
0
0
0
0
0
0
0
0
0
0
0
0
0
0
0
0
0
0
0
0
0
0
0
0
0
0
0
-0.8578
-0.86447
-0.85476
-0.85479
-0.8548
-0.85479
-0.85482
-0.84175
-0.84175
-0.84918
-0.84076
-0.84128
-0.85014
-0.84126
-0.84489
-0.84448
-0.84448
-0.83666
-0.84532
-0.87323
-0.87323
-0.83232
-0.83832
-0.83231
-0.82252
0
-0.83035
0
0
0
0
0
0
0
0
0
0
0
0
0
22.0204
0
0
0
0
0
0
0
0
0
0
0
0
0
0
0
0
0
0
0
0
0
0
0
0
0
0
0
0
0
0
0
0
0
0
0
0
0
0
0
0
0
0
0
0
0
0
0
0
0
0
0
0
0
0
0
0
0
0
0
0
-0.85754
-0.86719
-0.85745
-0.85748
-0.85749
-0.85748
-0.8575
-0.84432
-0.84432
-0.85181
-0.84338
-0.84394
-0.85198
-0.8437
-0.84247
-0.84691
-0.84691
-0.83936
-0.84781
-0.87377
-0.87378
-0.83475
-0.83744
-0.83476
-0.82501
0
0
0
0
0
0
0
0
0
0
0
0
0
0
0
0
23.7754
0
0
0
0
0
0
0
0
0
0
0
0
0
0
0
0
0
0
0
0
0
0
0
0
0
0
0
0
-2.5369
0
0
0
0
0
0
0
0
0
0
0
0
0
0
0
0
0
0
0
0
0
0
0
0
0
0
0
0
0
0
-0.90758
-0.91528
-0.90582
-0.90585
-0.90585
-0.90584
-0.90588
-0.89221
-0.89221
-0.89991
-0.89113
-0.89156
-0.8997
-0.89116
-0.89447
-0.89442
-0.89442
-0.88556
-0.89405
-0.91963
-0.91964
-0.88159
-0.88741
-0.88158
-0.87125
0
0
0
0
0
0
0
0
0
0
0
0
0
0
0
0
0
26.2203
0
0
0
0
0
0
0
0
0
0
0
0
0
0
0
0
0
0
0
0
0
0
0
0
0
0
0
0
0
0
0
0
0
0
0
0
0
0
0
0
0
0
-3.7863
0
0
0
0
0
0
0
0
0
0
0
0
0
0
0
-0.8455
-0.8521
-0.84244
-0.84246
-0.84247
-0.84246
-0.84249
-0.82953
-0.82953
-0.83687
-0.82847
-0.82898
-0.83789
-0.82899
-0.83261
-0.83214
-0.83215
-0.82435
-0.83297
-0.86084
-0.86084
-0.81999
-0.82591
-0.81999
-0.81025
0
0
0
0
0
0
0
0
0
0
0
0
0
0
0
0
0
0
20.8822
0
0
0
0
0
0
0
0
0
0
0
0
0
0
0
0
0
0
0
0
0
0
0
0
0
0
0
0
0
0
0
0
0
0
0
0
0
0
0
0
0
0
0
0
0
0
0
0
0
0
0
0
0
0
0
0
0
-0.86885
-0.8754
-0.86561
-0.86564
-0.86564
-0.86563
-0.86566
-0.85255
-0.85255
-0.85994
-0.85151
-0.85203
-0.86104
-0.85199
-0.85575
-0.85513
-0.85513
-0.84731
0
-0.88445
-0.88445
-0.84271
0
-0.84272
0
0
0
0
0
0
0
0
0
0
0
0
0
0
0
0
0
0
0
0
18.9217
0
0
0
0
0
0
0
0
0
0
0
0
0
0
0
0
0
0
0
0
0
0
0
0
0
0
0
0
0
0
0
0
0
0
0
0
0
0
0
0
0
0
0
0
0
0
0
0
0
0
0
0
0
0
0
0
-0.94118
-0.94814
-0.93827
-0.9383
-0.9383
-0.9383
-0.93833
-0.92456
-0.92456
-0.93263
-0.92384
-0.92423
-0.93364
-0.92429
-0.92794
-0.92733
-0.92732
0
0
0
0
0
0
0
0
0
0
0
0
0
0
0
0
0
0
0
0
0
0
0
0
0
0
0
0
17.4698
0
0
0
0
0
0
0
0
0
0
0
0
0
0
0
0
0
0
0
0
-1.6186
0
0
0
0
0
0
0
0
0
0
0
0
0
0
0
0
0
0
0
0
0
0
0
0
0
0
0
0
0
0
0
0
0
0
-0.91864
-0.92507
-0.91486
-0.91489
-0.9149
-0.91489
-0.91492
-0.90119
-0.90119
-0.90934
-0.90049
-0.90126
-0.91171
-0.90195
-0.90588
-0.90488
-0.90488
0
0
0
0
0
0
0
0
0
0
0
0
0
0
0
0
0
0
0
0
0
0
0
0
0
0
0
0
0
15.4609
0
0
0
0
0
0
0
0
0
0
0
0
0
0
0
0
0
0
0
0
0
0
0
0
0
0
0
0
0
0
0
0
0
0
0
0
0
0
0
0
0
0
0
0
0
0
0
0
0
0
0
0
0
0
-1.0278
-1.035
-1.0255
-1.0256
-1.0256
-1.0256
-1.0256
-1.0103
-1.0102
-1.0196
-1.0103
-1.0106
0
0
0
0
0
0
0
0
0
0
0
0
0
0
0
0
0
0
0
0
0
0
0
0
0
0
0
0
0
0
0
0
0
0
0
23.1161
0
0
0
0
0
0
0
0
0
0
0
0
0
0
0
0
0
0
0
0
0
-2.2614
0
0
0
0
0
0
0
0
0
0
0
0
0
0
-4.3015
0
0
0
0
0
0
0
0
0
0
0
-4.3015
0
0
0
0
-0.95303
-0.95935
-0.94864
-0.94867
-0.94866
-0.94866
-0.94869
-0.93462
-0.93462
-0.94336
-0.93468
-0.93458
0
0
0
0
0
0
0
0
0
0
0
0
0
0
0
0
0
0
0
0
0
0
0
0
0
0
0
0
0
0
0
0
0
0
0
0
13.4068
0
0
0
0
0
0
0
0
0
0
0
0
0
0
0
0
0
0
0
0
-2.0693
0
0
0
0
0
0
0
0
0
0
0
0
0
0
0
0
0
0
0
0
0
0
0
0
0
0
0
0
0
0
0
-0.99662
-1.0018
-0.99221
-0.99224
-0.99224
-0.99223
-0.99227
-0.97781
-0.97781
-0.98665
-0.97768
-0.97749
0
0
0
0
0
0
0
0
0
0
0
0
0
0
0
0
0
0
0
0
0
0
0
0
0
0
0
0
0
0
0
0
0
0
0
0
0
15.6287
0
0
0
0
0
0
0
0
0
0
0
0
0
0
0
0
0
0
0
0
0
0
0
0
0
0
0
0
0
0
0
0
0
-3.7717
0
0
0
0
0
0
0
0
0
0
0
0
0
0
0
0
0
-1.0126
-1.0196
-1.0088
-1.0088
-1.0088
-1.0088
-1.0088
-0.99432
-0.99432
-1.0051
-0.99636
0
0
0
0
0
0
0
0
0
0
0
0
0
0
0
0
0
0
0
0
0
0
0
0
0
0
0
0
0
0
0
0
0
0
0
0
0
0
0
16.2932
0
0
0
0
0
0
0
0
0
0
0
0
0
-2.38
0
0
0
0
0
0
0
0
0
-2.847
0
0
0
0
0
0
0
0
0
0
0
0
0
0
0
0
0
0
0
0
0
0
0
0
0
0
-1.0117
-1.017
-1.0087
-1.0087
-1.0087
-1.0087
-1.0087
-0.99474
-0.99474
0
0
0
0
0
0
0
0
0
0
0
0
0
0
0
0
0
0
0
0
0
0
0
0
0
0
0
0
0
0
0
0
0
0
0
0
0
0
0
0
0
0
13.8969
0
0
0
0
0
0
0
0
0
-1.9473
0
0
0
0
0
0
0
0
0
0
0
0
0
0
0
0
0
0
0
0
0
0
0
0
0
-2.888
0
0
0
0
0
0
0
0
0
0
0
0
0
-1.122
-1.1282
-1.1167
-1.1167
-1.1167
-1.1167
-1.1168
-1.1014
-1.1014
0
0
0
0
0
0
0
0
0
0
0
0
0
0
0
0
0
0
0
0
0
0
0
0
0
0
0
0
0
0
0
0
0
0
0
0
0
0
0
0
0
0
0
12.2762
0
0
0
0
0
0
0
0
0
0
0
-2.2397
0
0
0
0
0
0
0
0
0
0
0
0
0
0
0
0
0
0
0
0
0
0
0
0
0
0
0
0
0
0
0
0
0
0
0
0
-1.1251
-1.132
-1.1199
-1.1199
-1.1199
-1.1199
-1.1199
-1.1054
-1.1054
-1.1152
0
0
0
0
0
0
0
0
0
0
0
0
0
0
0
0
0
0
0
0
0
0
0
0
0
0
0
0
0
0
0
0
0
0
0
0
0
0
0
0
0
0
0
11.1826
0
0
0
0
0
0
0
0
0
0
0
0
0
0
0
0
0
0
0
0
0
0
0
0
0
0
0
0
0
0
0
0
0
0
0
0
0
0
0
0
0
0
0
0
0
0
0
-1.1308
-1.1572
-1.1461
-1.1461
-1.1461
-1.1461
-1.1462
0
0
0
0
0
0
0
0
0
0
0
0
0
0
0
0
0
0
0
0
0
0
0
0
0
0
0
0
0
0
0
0
0
0
0
0
0
0
0
0
0
0
0
0
0
0
0
9.954
0
0
0
0
0
0
0
0
0
0
0
0
0
-1.9354
0
0
0
0
0
0
0
0
0
0
0
0
0
0
0
0
0
0
0
0
0
0
0
0
0
0
0
0
0
0
0
0
-1.6211
0
0
0
0
0
0
0
0
0
0
0
0
0
0
0
0
0
0
0
0
0
-1.582
0
0
0
0
0
0
0
0
0
0
0
0
0
0
0
0
0
0
0
0
0
0
0
0
0
0
0
0
0
0
0
0
8.811
0
0
-1.8112
0
0
0
0
0
0
0
0
0
0
0
-1.9193
0
-1.8774
0
0
0
0
0
0
0
0
0
0
0
0
0
0
0
0
0
0
0
0
0
0
0
0
0
0
0
0
0
-1.5328
0
0
0
0
0
0
0
0
0
0
0
0
0
0
0
0
0
0
0
0
0
0
0
0
0
0
0
0
0
0
0
0
0
0
0
0
0
0
0
0
0
0
0
0
0
0
0
0
0
0
0
0
0
0
7.5266
0
-1.672
0
-1.9844
0
0
-2.3374
0
0
0
0
0
0
0
0
0
0
0
0
0
0
0
0
0
0
0
0
0
0
0
0
0
0
0
0
0
0
0
0
0
0
0
0
0
0
0
0
0
0
0
0
0
0
0
0
0
0
0
0
0
0
0
0
0
0
0
0
0
0
0
0
0
0
0
0
-0.61657
0
0
0
0
0
0
0
0
0
0
0
0
0
0
0
0
0
0
0
0
0
0
0
0
0
6.2884
0
0
0
0
0
-1.5118
0
0
0
0
0
0
0
0
0
0
0
0
-2.4142
0
0
0
0
0
0
0
0
0
0
0
0
0
0
0
0
0
0
0
0
-1.7459
0
0
0
0
0
0
0
0
0
0
0
0
0
0
0
0
0
0
0
0
0
0
0
0
0
0
0
0
0
0
0
0
0
0
0
0
0
0
0
0
0
0
0
0
0
0
0
0
0
0
0
0
0
0
0
0
0
0
-1.8112
-1.672
0
8.6021
0
0
0
-2.2752
0
0
0
0
0
0
0
0
0
0
0
0
0
0
0
0
0
0
0
0
0
0
0
0
0
0
0
-2.8437
0
0
0
0
0
0
0
0
0
0
0
0
0
0
0
0
0
0
0
0
0
0
0
0
0
0
0
0
0
0
0
0
0
0
0
-1.6154
0
0
0
0
0
0
0
0
0
0
0
0
0
0
0
0
0
0
0
0
0
0
0
0
0
0
0
0
0
0
0
0
0
8.0049
0
0
0
0
0
0
0
0
-2.0518
0
0
0
0
-1.9657
0
0
0
0
0
0
0
0
0
0
0
0
0
0
0
0
0
0
-2.372
0
0
0
0
0
0
0
0
0
0
0
0
0
0
0
0
0
0
0
0
0
0
0
0
0
0
0
0
0
0
0
0
0
0
0
0
0
0
-2.0292
-2.0342
0
0
0
0
0
0
0
0
0
0
0
0
0
0
0
0
0
0
0
0
0
0
0
0
-1.9844
0
0
0
8.7964
0
0
0
0
0
0
0
0
0
0
-2.7486
0
0
0
0
0
0
0
0
0
0
0
0
0
0
0
0
0
0
0
0
0
0
0
0
0
0
0
0
0
0
0
0
0
0
0
0
0
0
0
0
0
0
0
0
0
0
0
-2.3387
0
0
0
0
0
0
0
0
0
0
0
0
0
0
0
0
0
0
0
0
0
0
0
0
0
0
0
0
0
0
0
0
-1.9473
0
0
0
0
0
0
0
0
0
9.6865
0
0
0
0
0
0
0
0
0
0
0
0
0
0
0
-2.7626
0
0
0
-2.6379
0
0
0
0
0
0
0
0
0
0
0
0
0
0
0
0
0
0
0
0
0
0
0
0
0
0
0
0
0
0
0
0
0
0
0
0
-1.3084
0
0
0
0
0
0
0
0
0
0
0
0
0
0
0
0
0
0
0
0
0
0
0
0
0
0
0
0
0
0
0
0
0
0
0
0
0
0
0
0
-2.2752
0
0
0
8.4137
0
0
-2.0352
0
0
0
0
0
0
0
0
0
0
0
0
0
0
0
0
0
0
0
0
0
0
0
0
0
0
0
-2.795
0
0
0
0
0
0
0
0
0
0
0
0
0
0
0
0
0
0
0
0
0
0
0
0
0
0
0
0
0
0
0
0
0
0
0
0
0
0
-1.6206
0
0
0
0
0
0
0
0
0
0
0
0
0
0
0
0
0
0
0
0
0
0
0
0
-2.3374
-1.5118
0
0
0
0
0
5.4698
0
0
0
0
0
0
0
0
0
0
0
0
0
0
0
0
0
0
0
0
0
0
0
0
0
0
0
0
0
0
0
0
0
0
0
0
0
0
0
0
0
0
0
0
0
0
0
0
0
0
0
0
0
0
0
0
0
0
0
0
0
0
0
0
0
0
0
0
0
0
0
0
0
0
0
0
0
0
0
0
0
0
0
0
0
0
0
-2.38
0
-2.2397
0
0
0
0
0
0
0
0
0
0
0
7.7098
0
0
0
0
0
0
0
0
0
0
0
0
0
-3.0902
0
0
0
0
0
0
0
0
0
0
0
0
0
0
0
0
0
0
0
0
0
0
0
0
0
0
0
0
0
0
0
0
0
0
0
0
0
0
0
0
-2.0202
0
0
0
0
0
0
0
0
0
0
0
0
0
0
-1.9729
0
0
0
0
0
0
0
0
0
0
0
0
0
0
0
0
0
0
0
0
0
0
0
0
0
0
0
0
-2.0352
0
0
6.0283
0
0
0
0
0
0
0
0
0
0
0
0
0
0
0
0
0
0
0
0
0
0
0
0
0
0
0
0
0
0
0
0
0
0
0
0
0
0
0
0
0
0
0
0
0
0
0
0
0
0
0
0
0
0
0
0
0
0
0
0
0
0
0
0
-1.6007
0
0
0
0
0
0
0
0
0
0
0
0
0
0
0
-1.6186
0
0
0
0
0
0
0
0
0
0
0
0
0
0
0
0
0
0
0
0
3.7052
0
0
0
0
0
0
0
0
0
0
0
0
0
0
0
0
0
0
0
0
0
0
0
0
0
0
0
0
0
0
0
0
-0.48588
0
0
0
0
0
0
0
0
0
0
0
0
0
-2.1374
0
0
0
0
0
0
0
0
0
0
0
0
0
0
-2.0855
0
0
0
0
0
0
0
0
0
0
0
0
0
0
0
0
0
0
0
0
0
0
0
0
0
0
0
0
0
0
0
0
0
0
0
0
0
0
0
6.9391
0
0
0
0
0
0
0
0
0
0
0
0
0
0
0
0
0
0
0
0
0
0
0
0
0
0
0
0
0
0
0
0
-2.7162
-2.1365
0
0
0
0
0
0
0
0
0
0
0
0
0
0
0
0
0
0
0
0
0
0
0
0
0
0
0
0
0
0
0
0
0
0
0
0
0
0
0
0
0
0
0
0
0
0
0
0
0
0
0
0
0
-1.9354
0
0
0
0
-2.0518
0
0
0
0
0
0
0
0
6.1237
0
0
0
0
0
0
0
0
0
0
0
0
0
0
0
0
0
0
0
0
0
0
0
0
0
0
0
0
0
0
0
0
0
0
0
0
0
0
0
0
0
0
0
0
0
0
0
0
0
0
0
0
0
0
0
0
0
0
0
0
0
0
0
0
0
0
0
0
0
0
0
0
0
0
0
0
0
0
0
-2.2614
-2.0693
0
0
0
0
0
0
0
0
0
0
0
0
0
0
0
0
0
0
0
0
6.81
0
0
0
0
0
0
0
0
0
0
-2.4793
0
0
0
0
0
0
0
0
0
0
0
0
0
0
0
0
0
0
0
0
0
0
0
0
0
0
0
0
0
0
0
0
0
0
0
0
0
0
0
0
0
0
0
0
0
0
0
0
0
0
0
0
0
0
0
0
0
0
0
0
0
-2.5369
0
0
0
0
0
0
0
0
0
0
0
0
0
-1.9193
0
0
0
0
0
0
0
0
0
0
0
0
0
0
4.4562
0
0
0
0
0
0
0
0
0
0
0
0
0
0
0
0
0
0
0
0
0
0
0
0
0
0
0
0
0
0
0
0
0
0
0
0
0
0
0
0
0
0
0
0
0
0
0
0
0
0
0
0
0
0
0
0
0
0
0
0
0
0
0
0
0
0
0
0
0
0
0
0
0
0
0
0
0
0
0
0
0
0
0
0
0
0
0
0
0
0
-2.7486
0
0
0
0
0
0
0
0
0
0
6.0325
0
0
0
0
0
-3.2839
0
0
0
0
0
0
0
0
0
0
0
0
0
0
0
0
0
0
0
0
0
0
0
0
0
0
0
0
0
0
0
0
0
0
0
0
0
-2.5938
0
0
0
0
0
0
0
0
0
0
0
0
0
0
0
0
0
0
0
0
0
0
0
0
0
0
0
0
0
0
0
0
0
0
0
0
0
0
0
0
-1.8774
0
0
0
0
0
0
0
0
0
0
0
0
0
0
0
0
4.4712
0
0
0
0
0
0
0
0
0
0
0
0
0
0
0
0
0
0
0
0
0
0
0
0
0
0
0
0
0
0
0
0
0
0
0
0
0
0
0
0
0
0
0
0
0
0
0
0
0
0
0
0
0
-1.931
0
0
0
0
0
0
0
0
0
0
0
0
0
0
0
0
0
0
0
0
0
0
0
0
0
0
0
0
0
0
0
0
0
-1.9657
0
0
0
0
0
0
0
0
0
0
0
0
0
3.8968
0
0
0
0
0
0
0
0
0
0
0
0
0
0
0
0
0
0
0
0
0
0
0
0
0
0
0
0
0
0
0
0
0
0
0
0
0
0
0
0
0
0
0
0
0
0
0
0
0
0
0
0
0
0
0
0
0
0
0
0
0
0
0
0
0
0
0
0
0
0
0
0
0
0
0
0
0
-2.847
0
0
0
0
0
0
0
0
0
0
0
0
0
0
0
0
0
0
0
0
0
0
0
5.6349
0
0
0
0
0
-2.7879
0
0
0
0
0
0
0
0
0
0
0
0
0
0
0
0
0
0
0
0
0
0
0
0
0
0
0
0
0
0
0
0
0
0
0
0
0
0
0
0
0
0
0
0
0
0
0
0
0
0
0
0
0
0
0
-2.9567
0
0
0
0
0
0
0
0
0
0
0
0
0
0
0
0
0
0
0
0
0
0
0
0
0
0
0
0
0
0
0
0
0
0
0
0
0
0
0
5.6855
0
0
0
0
0
-2.7288
0
0
0
0
0
0
0
0
0
0
0
0
0
0
0
0
0
0
0
0
0
0
0
0
0
0
0
0
0
0
0
0
-1.6925
0
0
0
0
0
0
0
0
0
0
0
0
0
0
0
0
0
0
0
0
0
0
0
0
0
0
0
0
0
0
0
0
0
0
0
0
0
0
0
0
0
0
0
-2.4142
0
0
0
0
0
0
0
0
0
0
0
0
0
0
0
0
0
0
4.1066
0
0
0
0
0
0
0
0
0
0
0
0
0
0
0
0
0
0
0
0
0
0
0
0
0
0
0
0
0
0
0
0
0
0
0
0
0
0
0
0
0
0
0
0
0
0
0
0
0
0
0
0
0
0
0
0
0
0
0
0
0
0
0
0
0
0
0
0
0
0
0
0
0
0
0
0
0
0
0
0
0
0
0
0
0
-2.7626
0
0
0
0
0
0
0
0
0
-3.2839
0
0
0
0
0
6.0465
0
0
0
0
0
0
0
0
0
0
0
0
0
0
0
0
0
0
0
0
0
0
0
0
0
0
0
0
0
0
0
0
0
0
0
0
0
0
0
0
0
0
0
0
0
0
0
0
0
0
0
0
0
0
0
0
0
0
0
0
0
0
0
0
0
0
0
0
0
0
0
0
0
0
0
0
0
0
0
0
0
0
0
0
0
0
0
-3.0902
0
0
0
0
0
0
0
0
0
0
0
0
0
6.25
-3.1598
0
0
0
0
0
0
0
0
0
0
0
0
0
0
0
0
0
0
0
0
0
0
0
0
0
0
0
0
0
0
0
0
0
-3.3337
0
0
0
0
0
0
0
0
0
0
0
0
0
0
0
0
0
0
0
0
0
0
0
0
0
0
0
0
0
0
0
0
0
0
0
0
0
0
0
0
0
0
0
0
0
0
0
0
0
0
0
0
0
0
0
0
0
0
0
0
0
0
0
0
0
-3.1598
6.4935
0
0
0
0
0
0
0
0
0
0
0
0
0
0
0
0
0
0
0
0
0
0
0
0
0
0
0
0
0
0
0
0
0
0
0
0
0
0
0
0
0
0
0
0
0
0
0
0
0
0
0
0
0
0
0
0
0
0
0
0
0
0
0
0
0
0
0
0
0
0
0
0
0
0
0
0
0
0
0
0
0
0
0
0
0
0
0
0
0
0
-2.4793
0
0
0
0
-2.7879
0
0
0
0
0
5.2672
0
0
0
0
0
0
0
0
0
0
0
0
0
0
0
0
0
0
0
0
0
0
0
0
0
0
0
0
0
0
0
0
0
0
0
0
0
0
0
0
0
0
0
0
0
0
0
0
0
0
0
0
0
0
0
0
0
0
0
0
0
0
0
0
0
0
0
0
0
0
0
0
0
0
0
0
0
0
0
0
0
-2.6379
0
0
0
0
0
0
0
0
0
0
0
0
0
-2.7288
0
0
0
0
0
5.3667
0
0
0
0
0
0
0
0
0
0
0
0
0
0
0
0
0
0
0
0
0
0
0
0
0
0
0
0
0
0
0
0
0
0
0
0
0
0
0
0
0
0
0
0
0
0
0
-5.1365
0
0
0
0
0
0
0
0
0
0
0
0
0
0
0
0
0
0
0
0
0
0
0
0
0
0
0
0
0
0
0
0
0
0
0
0
0
0
0
0
0
0
0
0
0
0
0
0
0
0
0
0
0
5.1365
0
0
0
0
0
0
0
0
0
0
0
0
0
0
0
0
0
0
0
0
0
0
0
0
0
0
0
0
0
0
0
0
0
0
0
0
0
0
0
0
0
0
0
0
0
0
0
0
0
0
0
0
0
0
0
0
0
0
0
0
0
0
0
0
0
0
0
-3.7717
0
0
0
0
0
0
0
0
0
0
0
0
0
0
0
0
0
0
0
0
0
0
0
0
0
0
0
0
0
0
0
0
0
3.7717
0
0
0
0
0
0
0
0
0
0
0
0
0
0
0
0
0
0
0
0
0
0
0
0
0
0
0
0
0
0
0
0
0
0
0
0
0
0
0
0
0
0
0
0
0
0
0
0
0
0
0
0
0
0
0
0
0
0
0
0
0
0
0
0
-4.3015
0
0
0
0
0
0
0
0
0
0
0
0
0
0
0
0
0
0
0
0
0
0
0
0
0
0
0
0
0
0
0
0
0
0
0
0
4.3015
0
0
0
0
0
0
0
0
0
0
0
0
0
0
0
0
0
0
0
0
0
0
0
0
0
0
0
0
0
0
0
0
0
0
0
0
0
0
0
0
0
0
0
0
0
0
0
0
0
0
0
0
0
0
0
0
0
0
-3.7863
0
0
0
0
0
0
0
0
0
0
0
0
0
0
0
0
0
0
0
0
0
0
0
0
0
0
0
0
0
0
0
0
0
0
0
0
0
0
0
0
0
0
3.7863
0
0
0
0
0
0
0
0
0
0
0
0
0
0
0
0
0
0
0
0
0
0
0
0
0
0
0
0
0
0
0
0
0
0
0
0
0
0
0
0
0
0
0
0
0
0
0
0
-4.8898
0
0
0
0
0
0
0
0
0
0
0
0
0
0
0
0
0
0
0
0
0
0
0
0
0
0
0
0
0
0
0
0
0
0
0
0
0
0
0
0
0
0
0
0
0
0
0
0
0
0
0
0
4.8898
0
0
0
0
0
0
0
0
0
0
0
0
0
0
0
0
0
0
0
0
0
0
0
0
0
0
0
0
0
0
0
0
0
0
0
0
0
0
0
0
0
0
0
0
0
0
0
0
0
0
0
0
0
0
0
0
0
0
0
0
0
0
0
0
0
-2.888
0
0
0
0
0
0
0
0
0
0
0
0
0
0
0
0
0
0
0
0
0
0
0
0
0
0
0
0
0
0
0
0
0
0
0
2.888
0
0
0
0
0
0
0
0
0
0
0
0
0
0
0
0
0
0
0
0
0
0
0
0
0
0
0
0
0
0
0
0
0
0
0
0
0
0
0
0
0
0
0
0
0
0
0
0
0
0
0
-4.6412
0
0
0
0
0
0
0
0
0
0
0
0
0
0
0
0
0
0
0
0
0
0
0
0
0
0
0
0
0
0
0
0
0
0
0
0
0
0
0
0
0
0
0
0
0
0
0
0
0
4.6412
0
0
0
0
0
0
0
0
0
0
0
0
0
0
0
0
0
0
0
0
0
0
0
0
0
0
0
0
0
0
0
0
0
0
0
0
0
0
0
0
0
0
0
0
0
0
-5.4535
0
0
0
0
0
0
0
0
0
0
0
0
0
0
0
0
0
0
0
0
0
0
0
0
0
0
0
0
0
0
0
0
0
0
0
0
0
0
0
0
0
0
0
0
0
0
0
0
0
0
0
0
0
0
5.4535
0
0
0
0
0
0
0
0
0
0
0
0
0
0
0
0
0
0
0
0
0
0
0
0
0
0
0
0
0
0
0
0
0
0
0
0
0
0
0
0
0
0
0
0
0
0
0
0
0
0
0
0
0
0
0
0
0
0
0
0
0
0
0
0
0
0
0
0
0
-2.8437
0
0
0
0
0
0
0
0
0
0
0
0
0
0
0
0
0
0
0
0
0
0
0
0
0
0
0
0
0
0
0
2.8437
0
0
0
0
0
0
0
0
0
0
0
0
0
0
0
0
0
0
0
0
0
0
0
0
0
0
0
0
0
0
0
0
0
0
0
-5.4631
0
0
0
0
0
0
0
0
0
0
0
0
0
0
0
0
0
0
0
0
0
0
0
0
0
0
0
0
0
0
0
0
0
0
0
0
0
0
0
0
0
0
0
0
0
0
0
0
0
0
0
0
0
0
0
0
0
0
0
0
0
0
0
0
0
5.4631
0
0
0
0
0
0
0
0
0
0
0
0
0
0
0
0
0
0
0
0
0
0
0
0
0
0
0
0
0
0
0
0
0
0
0
0
0
0
0
0
0
0
0
0
0
0
0
0
0
0
0
0
0
0
0
0
0
0
0
0
0
0
0
0
0
0
0
0
-2.372
0
0
0
0
0
0
0
0
0
0
0
0
0
0
0
0
0
0
0
0
0
0
0
0
0
0
0
0
0
0
0
0
2.372
0
0
0
0
0
0
0
0
0
0
0
0
0
0
0
0
0
0
0
0
0
0
0
0
0
0
0
0
0
0
0
0
0
0
0
0
0
0
0
0
0
0
0
0
0
0
0
0
0
0
0
0
0
0
0
0
0
0
0
0
0
0
0
0
0
0
0
0
0
0
-2.795
0
0
0
0
0
0
0
0
0
0
0
0
0
0
0
0
0
0
0
0
0
0
0
0
0
0
0
0
0
0
2.795
0
0
0
0
0
0
0
0
0
0
0
0
0
0
0
0
0
0
0
0
0
0
0
0
0
0
-5.8771
0
0
0
0
0
0
0
0
0
0
0
0
0
0
0
0
0
0
0
0
0
0
0
0
0
0
0
0
0
0
0
0
0
0
0
0
0
0
0
0
0
0
0
0
0
0
0
0
0
0
0
0
0
0
0
0
0
0
0
0
0
0
0
0
0
0
0
0
0
0
0
0
0
0
5.8771
0
0
0
0
0
0
0
0
0
0
0
0
0
0
0
0
0
0
0
0
0
0
0
0
0
0
0
0
0
0
0
0
0
0
0
0
0
0
0
0
-5.4535
0
0
0
0
0
0
0
0
0
0
0
0
0
0
0
0
0
0
0
0
0
0
0
0
0
0
0
0
0
0
0
0
0
0
0
0
0
0
0
0
0
0
0
0
0
0
0
0
0
0
0
0
0
0
0
0
0
0
0
0
5.4535
0
0
0
0
0
0
0
0
0
0
0
0
0
0
0
0
0
0
0
0
0
0
0
0
0
0
0
0
0
0
0
0
0
0
0
0
0
0
0
0
0
0
0
0
0
0
0
0
0
0
0
0
-4.3015
0
0
0
0
0
0
0
0
0
0
0
0
0
0
0
0
0
0
0
0
0
0
0
0
0
0
0
0
0
0
0
0
0
0
0
0
0
0
0
0
0
0
0
0
0
0
0
0
4.3015
0
0
0
0
0
0
0
0
0
0
0
0
0
0
0
0
0
0
0
0
0
0
0
0
0
0
0
0
0
0
0
0
0
0
0
0
0
0
0
0
0
0
0
0
0
0
0
0
0
0
0
0
0
0
0
0
0
0
0
0
0
-1.7459
0
0
0
0
0
0
0
0
0
0
0
0
0
0
0
0
0
0
0
0
0
0
0
0
0
0
0
0
0
0
0
0
0
0
0
0
0
0
0
1.7459
0
0
0
0
0
0
0
0
0
0
0
0
0
0
0
0
0
0
0
0
0
0
0
-5.8771
0
0
0
0
0
0
0
0
0
0
0
0
0
0
0
0
0
0
0
0
0
0
0
0
0
0
0
0
0
0
0
0
0
0
0
0
0
0
0
0
0
0
0
0
0
0
0
0
0
0
0
0
0
0
0
0
0
0
0
0
0
0
0
0
0
0
0
0
0
0
0
0
0
0
0
0
0
5.8771
0
0
0
0
0
0
0
0
0
0
0
0
0
0
0
0
0
0
0
0
0
0
0
0
0
0
0
0
0
0
0
0
0
0
0
0
0
0
0
0
0
0
0
0
0
0
0
0
0
0
0
0
0
0
0
0
0
0
0
0
0
0
0
0
0
0
0
0
-0.48588
0
0
0
0
0
0
0
0
0
0
0
0
0
0
0
0
0
0
0
0
0
0
0
0
0
0
0
0
0
0
0
0
0.48588
0
0
0
0
0
0
0
0
0
0
0
0
0
0
0
0
0
0
0
0
0
0
0
0
0
0
0
0
0
0
0
0
0
0
0
0
0
0
0
0
0
0
0
0
0
0
0
0
0
0
0
0
0
0
0
0
0
0
0
0
0
0
0
0
0
0
0
0
-2.7162
0
0
0
0
0
0
0
0
0
0
0
0
0
0
0
0
0
0
0
0
0
0
0
0
0
0
0
0
0
0
0
0
2.7162
