52.0455
-0.85697
-0.84797
-0.84807
-0.84808
-0.84805
-0.84815
-0.83524
-0.83524
-0.8293
-0.83107
-0.82972
-0.83984
-0.8257
-0.83578
-0.83895
-0.83896
-0.82837
-0.83112
-0.87065
-0.87066
-0.815
-0.82714
-0.815
-0.80269
-0.86407
-0.81185
-0.81715
-0.86671
-0.8609
-0.88063
-0.85653
-0.84402
-0.89195
-0.88096
-0.84218
-0.84155
-0.84155
-0.89839
-0.8053
-0.82585
-0.82061
-0.89047
-0.81411
-0.86885
-0.92805
-0.91407
-1.0714
-0.99231
-1.0278
-1.0531
-1.0521
-1.1836
-1.1897
-1.2138
-1.7099
0
0
0
0
0
0
0
0
0
0
0
0
-2.5882
0
0
0
0
0
0
0
0
0
0
0
0
0
0
0
0
0
0
0
0
0
0
0
0
0
0
0
0
0
0
0
0
-0.85697
50.0659
-0.85904
-0.85915
-0.85916
-0.85913
-0.85924
-0.84408
-0.84408
-0.8382
-0.84001
-0.83868
-0.84956
-0.8353
-0.8473
-0.84812
-0.84812
-0.83812
-0.84138
-0.88291
-0.88291
-0.82407
-0.83841
-0.82406
-0.81165
-0.87486
-0.82081
-0.82604
-0.8764
-0.87058
-0.88862
-0.86433
-0.85303
-0.90359
-0.89334
-0.85041
-0.85061
-0.8506
-0.9094
-0.81412
-0.83473
-0.83378
-0.90095
-0.82288
-0.87766
-0.93766
-0.92242
-1.0821
-1.0008
-1.0356
-1.0628
-1.0605
-1.1915
-1.1991
-1.2573
0
-1.7697
0
0
0
0
0
0
0
0
0
0
0
0
0
0
0
0
0
0
0
0
0
0
0
0
0
0
0
0
0
0
0
0
0
0
0
0
0
0
0
0
0
0
0
0
-0.84797
-0.85904
47.7028
-0.83327
-0.83328
-0.83324
-0.83337
-0.8305
-0.8305
-0.82634
-0.8288
-0.82784
-0.84106
-0.82487
-0.83717
-0.83782
-0.83782
-0.82781
-0.83163
-0.87516
-0.87518
-0.81397
-0.82857
-0.81397
-0.80157
-0.86831
-0.81078
-0.81656
-0.86728
-0.8608
-0.88043
-0.85709
-0.84294
-0.89373
-0.88575
-0.84163
-0.8405
-0.8405
-0.90006
-0.8041
-0.8246
-0.82372
-0.89149
-0.81279
-0.86736
-0.92764
-0.91172
-1.0729
-0.98933
-1.0259
-1.0515
-1.0518
-1.1794
-1.1856
-1.2458
0
0
0
0
0
0
0
0
0
0
0
0
0
0
0
0
0
0
0
0
0
0
0
0
0
0
0
0
0
0
0
0
0
0
0
0
0
0
0
0
0
0
0
0
0
0
-0.84807
-0.85915
-0.83327
47.7083
-0.8334
-0.83337
-0.83348
-0.83059
-0.83059
-0.82644
-0.8289
-0.82794
-0.84117
-0.82497
-0.83727
-0.83793
-0.83792
-0.82792
-0.83173
-0.87527
-0.87527
-0.81406
-0.82867
-0.81407
-0.80167
-0.86843
-0.81088
-0.81666
-0.86739
-0.8609
-0.88054
-0.85719
-0.84304
-0.89383
-0.88585
-0.84174
-0.8406
-0.8406
-0.90017
-0.80419
-0.8247
-0.82382
-0.8916
-0.81288
-0.86746
-0.92774
-0.91183
-1.073
-0.98943
-1.026
-1.0516
-1.0519
-1.1795
-1.1857
-1.246
0
0
0
0
0
0
0
0
0
0
0
0
0
0
0
0
0
0
0
0
0
0
0
0
0
0
0
0
0
0
0
0
0
0
0
0
0
0
0
0
0
0
0
0
0
0
-0.84808
-0.85916
-0.83328
-0.8334
47.7089
-0.83338
-0.83349
-0.8306
-0.8306
-0.82646
-0.82891
-0.82795
-0.84118
-0.82498
-0.83728
-0.83794
-0.83793
-0.82792
-0.83174
-0.87528
-0.87529
-0.81408
-0.82868
-0.81408
-0.80168
-0.86844
-0.81089
-0.81667
-0.86739
-0.86091
-0.88055
-0.85721
-0.84306
-0.89385
-0.88587
-0.84175
-0.84061
-0.84061
-0.90018
-0.8042
-0.82472
-0.82383
-0.89161
-0.8129
-0.86747
-0.92775
-0.91185
-1.073
-0.98943
-1.026
-1.0516
-1.0519
-1.1795
-1.1857
-1.246
0
0
0
0
0
0
0
0
0
0
0
0
0
0
0
0
0
0
0
0
0
0
0
0
0
0
0
0
0
0
0
0
0
0
0
0
0
0
0
0
0
0
0
0
0
0
-0.84805
-0.85913
-0.83324
-0.83337
-0.83338
47.7074
-0.83347
-0.83057
-0.83057
-0.82642
-0.82888
-0.82793
-0.84115
-0.82495
-0.83725
-0.83791
-0.83791
-0.8279
-0.83171
-0.87525
-0.87526
-0.81406
-0.82866
-0.81405
-0.80165
-0.8684
-0.81087
-0.81664
-0.86737
-0.86088
-0.88052
-0.85718
-0.84302
-0.89381
-0.88584
-0.84172
-0.84059
-0.84058
-0.90015
-0.80418
-0.82469
-0.8238
-0.89158
-0.81287
-0.86743
-0.92773
-0.91181
-1.0729
-0.98941
-1.026
-1.0516
-1.0519
-1.1795
-1.1857
-1.2459
0
0
0
0
0
0
0
0
0
0
0
0
0
0
0
0
0
0
0
0
0
0
0
0
0
0
0
0
0
0
0
0
0
0
0
0
0
0
0
0
0
0
0
0
0
0
-0.84815
-0.85924
-0.83337
-0.83348
-0.83349
-0.83347
47.7128
-0.83067
-0.83067
-0.82651
-0.82898
-0.82802
-0.84126
-0.82505
-0.83736
-0.838
-0.83801
-0.828
-0.83181
-0.87536
-0.87537
-0.81415
-0.82875
-0.81415
-0.80175
-0.86851
-0.81096
-0.81674
-0.86746
-0.86099
-0.88062
-0.85728
-0.84312
-0.89392
-0.88595
-0.84182
-0.84069
-0.84068
-0.90025
-0.80428
-0.82479
-0.8239
-0.89169
-0.81297
-0.86753
-0.92782
-0.91191
-1.0731
-0.98952
-1.0261
-1.0517
-1.052
-1.1796
-1.1858
-1.246
0
0
0
0
0
0
0
0
0
0
0
0
0
0
0
0
0
0
0
0
0
0
0
0
0
0
0
0
0
0
0
0
0
0
0
0
0
0
0
0
0
0
0
0
0
0
-0.83524
-0.84408
-0.8305
-0.83059
-0.8306
-0.83057
-0.83067
45.7844
-0.82029
-0.81361
-0.81607
-0.81503
-0.82744
-0.81152
-0.82369
-0.82473
-0.82474
-0.8147
-0.81803
-0.8612
-0.8612
-0.801
-0.81538
-0.801
-0.78861
-0.85351
-0.79762
-0.80328
-0.85286
-0.84702
-0.86651
-0.84343
-0.82932
-0.87912
-0.87113
-0.82797
-0.827
-0.827
-0.88572
-0.79078
-0.81113
-0.81017
-0.87733
-0.79943
-0.85368
-0.91337
-0.8974
-1.0568
-0.97452
-1.0108
-1.0363
-1.0374
-1.1631
-1.1702
0
0
0
0
0
0
0
0
0
0
0
0
0
0
0
0
0
0
0
0
0
0
0
0
0
0
0
0
0
0
0
0
0
0
0
0
0
0
0
0
0
0
0
0
0
0
0
-0.83524
-0.84408
-0.8305
-0.83059
-0.8306
-0.83057
-0.83067
-0.82029
45.7844
-0.8136
-0.81607
-0.81503
-0.82745
-0.81153
-0.82369
-0.82474
-0.82473
-0.8147
-0.81802
-0.8612
-0.8612
-0.801
-0.81539
-0.801
-0.78861
-0.85351
-0.79762
-0.80327
-0.85286
-0.84703
-0.86652
-0.84343
-0.82932
-0.87913
-0.87113
-0.82797
-0.827
-0.827
-0.88572
-0.79078
-0.81113
-0.81016
-0.87733
-0.79942
-0.85368
-0.91337
-0.8974
-1.0568
-0.97452
-1.0108
-1.0363
-1.0374
-1.1631
-1.1703
0
0
0
0
0
0
0
0
0
0
0
0
0
0
0
0
0
0
0
0
0
0
0
0
0
0
0
0
0
0
0
0
0
0
0
0
0
0
0
0
0
0
0
0
0
0
0
-0.8293
-0.8382
-0.82634
-0.82644
-0.82646
-0.82642
-0.82651
-0.81361
-0.8136
43.2674
-0.81072
-0.8091
-0.81959
-0.80502
-0.81735
-0.8185
-0.8185
-0.80825
-0.812
-0.85545
-0.85546
-0.79452
-0.80888
-0.79452
-0.782
-0.84384
-0.79101
-0.79645
-0.84561
-0.84026
-0.85955
-0.83668
-0.82252
-0.87189
-0.86325
-0.82127
-0.82017
-0.82017
-0.87864
-0.78397
-0.8042
-0.8033
-0.87023
-0.79246
-0.84653
-0.90655
-0.89077
-1.0504
-0.96825
-1.0046
-1.0331
0
0
-1.1651
0
0
0
0
0
0
0
0
0
0
0
0
0
0
0
0
0
0
0
0
0
0
0
0
0
0
0
0
0
0
0
0
0
0
0
0
0
0
0
0
0
0
0
0
0
0
0
-0.83107
-0.84001
-0.8288
-0.8289
-0.82891
-0.82888
-0.82898
-0.81607
-0.81607
-0.81072
42.1698
-0.81026
-0.81932
-0.80597
-0.81907
-0.81998
-0.81999
-0.80965
-0.81367
-0.85377
-0.85378
-0.7958
-0.8103
-0.79581
-0.78313
-0.84229
-0.79221
-0.79786
-0.8472
-0.84174
-0.86129
-0.83854
-0.82394
-0.87344
-0.86551
-0.82285
-0.82167
-0.82166
-0.88012
-0.78533
-0.80551
-0.80466
-0.87153
-0.79375
-0.84795
-0.90776
-0.89181
-1.0516
-0.96983
-1.0059
-1.035
0
0
0
0
0
0
0
0
0
0
0
0
0
0
0
0
0
0
0
0
0
0
0
0
0
0
0
0
0
0
0
0
0
0
0
0
0
0
0
0
0
0
0
0
0
0
0
0
0
0
-0.82972
-0.83868
-0.82784
-0.82794
-0.82795
-0.82793
-0.82802
-0.81503
-0.81503
-0.8091
-0.81026
41.0519
-0.8173
-0.80336
-0.8159
-0.81856
-0.81856
-0.80808
-0.81138
-0.85112
-0.85113
-0.79416
-0.80872
-0.79417
-0.78134
-0.8425
-0.79046
-0.79598
-0.84534
-0.83998
-0.85932
-0.83669
-0.82214
-0.87151
-0.86369
-0.82084
-0.81996
-0.81996
-0.87827
-0.78359
-0.80386
-0.8031
-0.86978
-0.79207
-0.84638
-0.90588
-0.89038
-1.0493
-0.96629
-1.0033
0
0
0
0
0
0
0
0
0
0
0
0
0
0
0
0
0
0
0
0
0
0
0
0
0
0
0
0
0
0
0
0
0
0
0
0
0
0
0
0
0
0
0
0
0
0
0
0
0
0
0
-0.83984
-0.84956
-0.84106
-0.84117
-0.84118
-0.84115
-0.84126
-0.82744
-0.82745
-0.81959
-0.81932
-0.8173
44.6033
-0.81181
-0.82402
-0.82616
-0.82616
-0.81495
-0.81797
-0.86446
-0.86447
-0.80202
-0.81596
-0.80203
-0.78929
-0.84669
-0.7983
-0.79607
-0.85075
-0.84708
-0.8662
-0.84215
-0.82993
-0.87643
-0.86782
-0.82758
-0.82776
-0.82776
-0.88432
-0.79159
-0.81218
-0.81026
-0.87671
-0.8005
-0.85497
-0.91463
-0.9007
0
0
0
0
0
0
0
0
0
0
0
0
0
0
0
0
0
0
0
0
-2.4445
0
0
0
0
0
0
0
0
0
0
0
-3.7428
0
0
0
0
0
0
0
0
0
0
0
0
0
0
0
0
0
0
0
0
0
-0.8257
-0.8353
-0.82487
-0.82497
-0.82498
-0.82495
-0.82505
-0.81152
-0.81153
-0.80502
-0.80597
-0.80336
-0.81181
39.7021
-0.81024
-0.81748
-0.81748
-0.80501
-0.80588
-0.84529
-0.8453
-0.79052
-0.8053
-0.79052
-0.77709
-0.83769
-0.78613
-0.79086
-0.83886
-0.835
-0.85352
-0.83415
-0.81735
-0.86431
-0.85565
-0.8137
-0.81536
-0.81536
-0.87202
-0.77913
-0.79944
-0.79813
-0.86416
-0.78773
-0.84199
-0.90138
-0.88672
0
0
0
0
0
0
0
0
0
0
0
0
0
0
0
0
0
0
0
0
0
0
0
0
0
0
0
0
0
-1.8683
0
0
0
0
0
0
0
0
0
0
0
0
0
0
0
0
0
0
0
0
0
0
0
0
-0.83578
-0.8473
-0.83717
-0.83727
-0.83728
-0.83725
-0.83736
-0.82369
-0.82369
-0.81735
-0.81907
-0.8159
-0.82402
-0.81024
41.3916
-0.82602
-0.82602
-0.81557
-0.81848
-0.85632
-0.85632
-0.8013
-0.81333
-0.8013
-0.78826
-0.84863
-0.79764
-0.80289
-0.85166
-0.84717
-0.86711
-0.84432
-0.82972
-0.87806
-0.86915
-0.82758
-0.82768
-0.82768
-0.88398
-0.79134
-0.8117
-0.80763
-0.87616
-0.79992
-0.85456
-0.91349
-0.89951
0
0
0
0
0
0
0
0
0
0
0
0
0
0
0
0
0
0
0
0
0
0
0
0
0
-3.0277
0
0
0
0
0
0
0
0
0
0
0
0
0
0
0
0
0
0
0
0
0
0
0
0
0
0
0
0
-0.83895
-0.84812
-0.83782
-0.83793
-0.83794
-0.83791
-0.838
-0.82473
-0.82474
-0.8185
-0.81998
-0.81856
-0.82616
-0.81748
-0.82602
38.4326
-0.82373
-0.81437
-0.82133
-0.8595
-0.85952
-0.80127
-0.81611
-0.80128
-0.78785
-0.85173
-0.79798
-0.80351
-0.85485
-0.84877
-0.86778
-0.84556
-0.83062
-0.88076
-0.87526
-0.82903
-0.82872
-0.82872
-0.88739
-0.79219
-0.8125
-0.81154
-0.87802
-0.80062
-0.85515
-0.91462
-0.89951
0
0
0
0
0
0
0
0
0
0
0
0
0
0
0
0
0
0
0
0
0
0
0
0
0
0
0
0
0
0
0
0
0
0
0
0
0
0
0
0
0
0
0
0
0
0
0
0
0
0
0
0
0
0
-0.83896
-0.84812
-0.83782
-0.83792
-0.83793
-0.83791
-0.83801
-0.82474
-0.82473
-0.8185
-0.81999
-0.81856
-0.82616
-0.81748
-0.82602
-0.82373
38.4327
-0.81437
-0.82134
-0.8595
-0.85951
-0.80127
-0.81611
-0.80128
-0.78785
-0.85173
-0.79798
-0.80351
-0.85485
-0.84878
-0.86779
-0.84556
-0.83063
-0.88076
-0.87526
-0.82903
-0.82872
-0.82872
-0.88739
-0.79219
-0.81251
-0.81154
-0.87801
-0.80062
-0.85515
-0.91462
-0.89951
0
0
0
0
0
0
0
0
0
0
0
0
0
0
0
0
0
0
0
0
0
0
0
0
0
0
0
0
0
0
0
0
0
0
0
0
0
0
0
0
0
0
0
0
0
0
0
0
0
0
0
0
0
0
-0.82837
-0.83812
-0.82781
-0.82792
-0.82792
-0.8279
-0.828
-0.8147
-0.8147
-0.80825
-0.80965
-0.80808
-0.81495
-0.80501
-0.81557
-0.81437
-0.81437
37.4765
-0.80862
-0.84704
-0.84704
-0.79129
-0.80671
-0.79129
-0.77686
-0.83877
-0.78707
-0.79181
-0.84221
-0.83744
-0.85619
-0.83448
-0.81955
-0.86576
-0.862
-0.8178
-0.81783
-0.81784
-0.87471
-0.78134
-0.8018
-0.80124
-0.86576
-0.78993
-0.84452
0
0
0
0
0
0
0
0
0
0
0
0
0
0
0
0
0
-1.3339
0
0
0
0
0
0
0
0
0
0
0
0
0
0
0
0
0
0
0
0
0
0
0
0
0
0
0
0
0
0
0
0
0
0
0
0
0
0
-0.83112
-0.84138
-0.83163
-0.83173
-0.83174
-0.83171
-0.83181
-0.81803
-0.81802
-0.812
-0.81367
-0.81138
-0.81797
-0.80588
-0.81848
-0.82133
-0.82134
-0.80862
40.4552
-0.84841
-0.84842
-0.796
-0.81035
-0.796
-0.78196
-0.84038
-0.79153
-0.79571
-0.8439
-0.84086
-0.86148
-0.83646
-0.82352
-0.85862
-0.85988
-0.81812
-0.82155
-0.82155
-0.8781
-0.78513
-0.80577
-0.80481
-0.86893
-0.79387
0
0
0
0
0
0
0
0
0
0
0
0
0
0
0
0
0
-2.6268
0
0
0
-2.3992
0
0
0
0
0
0
0
0
0
0
0
0
0
0
0
0
0
0
0
0
0
0
0
0
0
0
0
0
0
0
0
0
0
0
0
-0.87065
-0.88291
-0.87516
-0.87527
-0.87528
-0.87525
-0.87536
-0.8612
-0.8612
-0.85545
-0.85377
-0.85112
-0.86446
-0.84529
-0.85632
-0.8595
-0.8595
-0.84704
-0.84841
44.3358
-0.89596
-0.83417
-0.84777
-0.83417
-0.82117
-0.87302
-0.83052
-0.83623
-0.8788
-0.87947
-0.90015
-0.87502
-0.86319
-0.90459
-0.89255
-0.85968
-0.86105
-0.86104
-0.91466
-0.82459
-0.84557
-0.84141
-0.90571
-0.83373
-0.88932
0
0
0
0
0
0
0
0
0
0
0
0
0
0
0
0
0
0
0
0
0
0
0
0
0
0
0
0
0
0
0
0
0
0
0
0
0
0
0
0
0
0
0
0
0
0
0
0
0
-6.3391
0
0
0
0
0
0
-0.87066
-0.88291
-0.87518
-0.87527
-0.87529
-0.87526
-0.87537
-0.8612
-0.8612
-0.85546
-0.85378
-0.85113
-0.86447
-0.8453
-0.85632
-0.85952
-0.85951
-0.84704
-0.84842
-0.89596
44.3362
-0.83417
-0.84778
-0.83418
-0.82118
-0.87304
-0.83053
-0.83624
-0.8788
-0.87947
-0.90016
-0.87503
-0.8632
-0.90459
-0.89256
-0.85969
-0.86105
-0.86105
-0.91468
-0.8246
-0.84558
-0.84142
-0.90572
-0.83374
-0.88933
0
0
0
0
0
0
0
0
0
0
0
0
0
0
0
0
0
0
0
0
0
0
0
0
0
0
0
0
0
0
0
0
0
0
0
0
0
0
0
0
0
0
0
0
0
0
0
0
0
0
0
0
0
-6.3391
0
0
-0.815
-0.82407
-0.81397
-0.81406
-0.81408
-0.81406
-0.81415
-0.801
-0.801
-0.79452
-0.7958
-0.79416
-0.80202
-0.79052
-0.8013
-0.80127
-0.80127
-0.79129
-0.796
-0.83417
-0.83417
35.5347
-0.79151
-0.76848
-0.75958
-0.82758
-0.77229
-0.77698
-0.82946
-0.82316
-0.84128
-0.81932
-0.80503
-0.85224
-0.85303
-0.80311
-0.80342
-0.80342
-0.86036
-0.76709
-0.78722
-0.78624
-0.85134
-0.77535
-0.82932
0
0
0
0
0
0
0
0
0
0
0
0
0
0
0
0
0
0
0
0
0
0
0
0
0
0
0
0
0
0
0
0
0
0
0
0
0
0
0
0
0
0
0
0
0
0
0
0
0
0
0
0
0
0
0
0
-0.82714
-0.83841
-0.82857
-0.82867
-0.82868
-0.82866
-0.82875
-0.81538
-0.81539
-0.80888
-0.8103
-0.80872
-0.81596
-0.8053
-0.81333
-0.81611
-0.81611
-0.80671
-0.81035
-0.84777
-0.84778
-0.79151
36.9806
-0.79151
-0.77558
-0.84051
-0.78708
-0.79219
-0.84294
-0.83786
-0.85609
-0.83418
-0.81988
-0.86784
-0.8641
-0.81842
-0.8183
-0.81829
-0.87464
-0.78163
-0.80203
-0.79653
-0.86614
-0.78995
0
0
0
0
0
0
0
0
0
0
0
-1.6664
0
0
0
0
0
0
0
0
0
0
0
0
0
0
0
0
0
0
0
0
0
0
0
0
0
0
0
0
0
0
0
0
0
0
0
0
0
0
0
0
0
0
0
0
0
-0.815
-0.82406
-0.81397
-0.81407
-0.81408
-0.81405
-0.81415
-0.801
-0.801
-0.79452
-0.79581
-0.79417
-0.80203
-0.79052
-0.8013
-0.80128
-0.80128
-0.79129
-0.796
-0.83417
-0.83418
-0.76848
-0.79151
35.5348
-0.75959
-0.82759
-0.7723
-0.77699
-0.82946
-0.82316
-0.84128
-0.81932
-0.80503
-0.85224
-0.85303
-0.80311
-0.80343
-0.80342
-0.86036
-0.76709
-0.78722
-0.78625
-0.85134
-0.77535
-0.82932
0
0
0
0
0
0
0
0
0
0
0
0
0
0
0
0
0
0
0
0
0
0
0
0
0
0
0
0
0
0
0
0
0
0
0
0
0
0
0
0
0
0
0
0
0
0
0
0
0
0
0
0
0
0
0
0
-0.80269
-0.81165
-0.80157
-0.80167
-0.80168
-0.80165
-0.80175
-0.78861
-0.78861
-0.782
-0.78313
-0.78134
-0.78929
-0.77709
-0.78826
-0.78785
-0.78785
-0.77686
-0.78196
-0.82117
-0.82118
-0.75958
-0.77558
-0.75959
34.1638
-0.81414
-0.76215
-0.76678
-0.81483
-0.81059
-0.8283
-0.80652
-0.79242
-0.83864
-0.83269
-0.79041
-0.79105
-0.79105
-0.8473
-0.75452
-0.77466
-0.774
-0.83835
-0.76276
0
0
0
0
0
0
0
0
0
0
0
0
0
0
0
0
0
0
0
0
0
0
0
0
0
0
0
0
0
0
0
0
0
0
0
0
0
0
0
0
0
0
0
0
0
0
0
0
0
0
0
0
0
0
0
0
0
-0.86407
-0.87486
-0.86831
-0.86843
-0.86844
-0.8684
-0.86851
-0.85351
-0.85351
-0.84384
-0.84229
-0.8425
-0.84669
-0.83769
-0.84863
-0.85173
-0.85173
-0.83877
-0.84038
-0.87302
-0.87304
-0.82758
-0.84051
-0.82759
-0.81414
43.2357
-0.82278
-0.82698
-0.87054
-0.87098
-0.8908
-0.86495
-0.85512
-0.89459
-0.88252
-0.85117
-0.8547
-0.8547
-0.90466
-0.81842
0
0
0
0
0
0
0
0
0
0
0
0
0
0
0
0
0
0
0
-1.7666
0
0
0
0
0
0
0
0
0
0
0
0
0
-2.1857
0
0
0
0
0
0
0
0
0
0
0
0
0
0
0
0
0
-5.9324
0
0
0
0
0
0
0
0
0
-0.81185
-0.82081
-0.81078
-0.81088
-0.81089
-0.81087
-0.81096
-0.79762
-0.79762
-0.79101
-0.79221
-0.79046
-0.7983
-0.78613
-0.79764
-0.79798
-0.79798
-0.78707
-0.79153
-0.83052
-0.83053
-0.77229
-0.78708
-0.7723
-0.76215
-0.82278
32.1499
-0.7707
-0.82244
-0.82007
-0.83571
-0.81526
-0.79977
-0.84547
-0.84556
-0.79854
-0.801
-0.801
-0.85603
-0.76466
-0.7835
0
0
0
0
0
0
0
0
0
0
0
0
0
0
0
0
0
0
0
0
0
0
0
0
0
0
0
0
0
0
0
0
0
0
0
0
0
0
0
0
0
0
0
0
0
0
0
0
0
0
0
0
0
0
0
0
0
0
0
0
-0.81715
-0.82604
-0.81656
-0.81666
-0.81667
-0.81664
-0.81674
-0.80328
-0.80327
-0.79645
-0.79786
-0.79598
-0.79607
-0.79086
-0.80289
-0.80351
-0.80351
-0.79181
-0.79571
-0.83623
-0.83624
-0.77698
-0.79219
-0.77699
-0.76678
-0.82698
-0.7707
33.0611
-0.82635
-0.8255
-0.83818
-0.81363
-0.80632
-0.84954
-0.84612
-0.80481
-0.8064
-0.80639
0
-0.76965
0
0
0
0
0
0
0
0
0
0
0
0
0
0
0
0
0
0
0
0
0
0
0
0
0
0
0
-2.3775
0
0
0
0
0
0
0
0
0
0
0
0
0
0
0
0
0
0
0
0
0
0
0
0
0
0
0
0
0
0
0
0
0
-0.86671
-0.8764
-0.86728
-0.86739
-0.86739
-0.86737
-0.86746
-0.85286
-0.85286
-0.84561
-0.8472
-0.84534
-0.85075
-0.83886
-0.85166
-0.85485
-0.85485
-0.84221
-0.8439
-0.8788
-0.8788
-0.82946
-0.84294
-0.82946
-0.81483
-0.87054
-0.82244
-0.82635
36.3973
-0.87235
-0.88873
-0.8634
-0.85444
-0.8989
0
-0.85204
-0.85482
-0.85481
0
0
0
0
0
0
0
0
0
0
0
0
0
0
0
0
0
0
0
0
0
0
0
0
0
0
0
0
0
0
0
0
0
0
0
0
0
0
0
0
0
0
0
0
-5.6033
0
0
0
0
0
0
0
0
0
0
0
0
0
0
0
0
0
0
-0.8609
-0.87058
-0.8608
-0.8609
-0.86091
-0.86088
-0.86099
-0.84702
-0.84703
-0.84026
-0.84174
-0.83998
-0.84708
-0.835
-0.84717
-0.84877
-0.84878
-0.83744
-0.84086
-0.87947
-0.87947
-0.82316
-0.83786
-0.82316
-0.81059
-0.87098
-0.82007
-0.8255
-0.87235
28.2501
-0.94083
0
-0.83961
0
0
0
0
0
0
0
0
0
0
0
0
0
0
0
0
0
0
0
0
0
0
0
0
0
0
0
0
0
0
0
0
0
-1.87
0
0
0
0
0
0
0
0
0
0
0
0
0
0
0
0
0
0
0
0
0
0
0
0
0
0
0
0
0
0
0
0
0
0
-0.88063
-0.88862
-0.88043
-0.88054
-0.88055
-0.88052
-0.88062
-0.86651
-0.86652
-0.85955
-0.86129
-0.85932
-0.8662
-0.85352
-0.86711
-0.86778
-0.86779
-0.85619
-0.86148
-0.90015
-0.90016
-0.84128
-0.85609
-0.84128
-0.8283
-0.8908
-0.83571
-0.83818
-0.88873
-0.94083
29.2469
0
-0.8772
0
0
0
0
0
0
0
0
0
0
0
0
0
0
0
0
0
0
0
0
0
0
0
0
0
0
0
-2.283
0
0
0
0
0
0
0
0
0
0
0
0
0
0
0
0
0
0
0
0
0
0
0
0
0
0
0
0
0
0
0
0
0
0
0
0
0
0
0
0
-0.85653
-0.86433
-0.85709
-0.85719
-0.85721
-0.85718
-0.85728
-0.84343
-0.84343
-0.83668
-0.83854
-0.83669
-0.84215
-0.83415
-0.84432
-0.84556
-0.84556
-0.83448
-0.83646
-0.87502
-0.87503
-0.81932
-0.83418
-0.81932
-0.80652
-0.86495
-0.81526
-0.81363
-0.8634
0
0
29.1144
0
0
0
0
0
0
0
0
0
0
0
0
0
0
0
0
0
0
0
0
0
0
0
0
0
-0.40354
0
0
-2.2774
0
0
-1.9585
0
0
0
0
0
0
0
0
0
0
0
0
0
0
0
0
0
0
0
0
0
0
0
0
0
0
0
0
0
0
0
0
0
0
0
0
0
-0.84402
-0.85303
-0.84294
-0.84304
-0.84306
-0.84302
-0.84312
-0.82932
-0.82932
-0.82252
-0.82394
-0.82214
-0.82993
-0.81735
-0.82972
-0.83062
-0.83063
-0.81955
-0.82352
-0.86319
-0.8632
-0.80503
-0.81988
-0.80503
-0.79242
-0.85512
-0.79977
-0.80632
-0.85444
-0.83961
-0.8772
0
25.802
0
0
0
0
0
0
0
0
0
0
0
0
0
0
0
0
0
0
0
0
0
0
0
0
0
0
0
0
0
0
0
0
0
0
0
0
0
0
0
0
0
0
0
0
0
0
0
0
0
0
0
0
0
0
0
0
0
0
0
0
0
0
0
0
0
0
0
0
-0.89195
-0.90359
-0.89373
-0.89383
-0.89385
-0.89381
-0.89392
-0.87912
-0.87913
-0.87189
-0.87344
-0.87151
-0.87643
-0.86431
-0.87806
-0.88076
-0.88076
-0.86576
-0.85862
-0.90459
-0.90459
-0.85224
-0.86784
-0.85224
-0.83864
-0.89459
-0.84547
-0.84954
-0.8989
0
0
0
0
33.1231
0
0
0
0
0
0
0
0
0
0
0
0
0
0
0
0
0
0
0
0
0
0
0
0
0
0
0
0
0
0
0
-2.3424
0
0
0
0
0
0
0
0
0
0
0
0
0
0
0
0
0
0
0
0
-5.3276
0
0
0
0
0
0
0
0
0
0
0
0
0
0
-0.88096
-0.89334
-0.88575
-0.88585
-0.88587
-0.88584
-0.88595
-0.87113
-0.87113
-0.86325
-0.86551
-0.86369
-0.86782
-0.85565
-0.86915
-0.87526
-0.87526
-0.862
-0.85988
-0.89255
-0.89256
-0.85303
-0.8641
-0.85303
-0.83269
-0.88252
-0.84556
-0.84612
0
0
0
0
0
0
36.0033
0
0
0
0
0
0
0
0
0
0
0
0
0
0
0
0
0
0
0
0
0
0
0
0
0
0
0
0
0
0
0
0
0
0
0
0
0
0
0
0
0
0
0
0
0
0
0
0
0
0
0
0
0
0
-5.8189
0
0
0
0
0
-5.8189
0
0
0
0
0
-0.84218
-0.85041
-0.84163
-0.84174
-0.84175
-0.84172
-0.84182
-0.82797
-0.82797
-0.82127
-0.82285
-0.82084
-0.82758
-0.8137
-0.82758
-0.82903
-0.82903
-0.8178
-0.81812
-0.85968
-0.85969
-0.80311
-0.81842
-0.80311
-0.79041
-0.85117
-0.79854
-0.80481
-0.85204
0
0
0
0
0
0
27.3363
0
0
0
0
0
0
0
0
0
0
0
0
0
0
0
0
0
0
0
0
0
0
0
0
0
0
0
0
0
0
0
0
0
0
0
0
0
0
0
-3.3103
0
0
0
0
0
0
0
0
0
0
0
0
0
0
0
0
0
0
0
0
0
0
0
0
0
-0.84155
-0.85061
-0.8405
-0.8406
-0.84061
-0.84059
-0.84069
-0.827
-0.827
-0.82017
-0.82167
-0.81996
-0.82776
-0.81536
-0.82768
-0.82872
-0.82872
-0.81783
-0.82155
-0.86105
-0.86105
-0.80342
-0.8183
-0.80343
-0.79105
-0.8547
-0.801
-0.8064
-0.85482
0
0
0
0
0
0
0
24.0338
0
0
0
0
0
0
0
0
0
0
0
0
0
0
0
0
0
0
0
0
0
0
0
0
0
0
0
0
0
0
0
0
0
0
0
0
0
0
0
0
0
0
0
0
0
0
0
0
0
0
0
0
0
0
0
0
0
0
0
0
0
0
0
0
-0.84155
-0.8506
-0.8405
-0.8406
-0.84061
-0.84058
-0.84068
-0.827
-0.827
-0.82017
-0.82166
-0.81996
-0.82776
-0.81536
-0.82768
-0.82872
-0.82872
-0.81784
-0.82155
-0.86104
-0.86105
-0.80342
-0.81829
-0.80342
-0.79105
-0.8547
-0.801
-0.80639
-0.85481
0
0
0
0
0
0
0
0
24.0337
0
0
0
0
0
0
0
0
0
0
0
0
0
0
0
0
0
0
0
0
0
0
0
0
0
0
0
0
0
0
0
0
0
0
0
0
0
0
0
0
0
0
0
0
0
0
0
0
0
0
0
0
0
0
0
0
0
0
0
0
0
0
0
-0.89839
-0.9094
-0.90006
-0.90017
-0.90018
-0.90015
-0.90025
-0.88572
-0.88572
-0.87864
-0.88012
-0.87827
-0.88432
-0.87202
-0.88398
-0.88739
-0.88739
-0.87471
-0.8781
-0.91466
-0.91468
-0.86036
-0.87464
-0.86036
-0.8473
-0.90466
-0.85603
0
0
0
0
0
0
0
0
0
0
0
29.041
0
0
0
0
0
0
0
0
0
0
0
0
0
0
0
0
0
0
0
0
0
0
0
0
0
0
0
0
0
0
0
0
0
0
0
0
0
0
0
0
0
0
0
0
0
0
0
0
0
-5.1233
0
0
0
0
0
0
0
0
0
0
0
0
-0.8053
-0.81412
-0.8041
-0.80419
-0.8042
-0.80418
-0.80428
-0.79078
-0.79078
-0.78397
-0.78533
-0.78359
-0.79159
-0.77913
-0.79134
-0.79219
-0.79219
-0.78134
-0.78513
-0.82459
-0.8246
-0.76709
-0.78163
-0.76709
-0.75452
-0.81842
-0.76466
-0.76965
0
0
0
0
0
0
0
0
0
0
0
22.16
0
0
0
0
0
0
0
0
0
0
0
0
0
0
0
0
0
0
0
0
0
0
0
0
0
0
0
0
0
0
0
0
0
0
0
0
0
0
0
0
0
0
0
0
0
0
0
0
0
0
0
0
0
0
0
0
0
0
0
0
0
-0.82585
-0.83473
-0.8246
-0.8247
-0.82472
-0.82469
-0.82479
-0.81113
-0.81113
-0.8042
-0.80551
-0.80386
-0.81218
-0.79944
-0.8117
-0.8125
-0.81251
-0.8018
-0.80577
-0.84557
-0.84558
-0.78722
-0.80203
-0.78722
-0.77466
0
-0.7835
0
0
0
0
0
0
0
0
0
0
0
0
0
21.1016
0
0
0
0
0
0
0
0
0
0
0
0
0
0
0
0
0
0
0
0
0
0
0
0
0
0
0
0
0
0
0
0
0
0
0
0
0
0
0
0
0
0
0
0
0
0
0
0
0
0
0
0
0
0
0
0
0
0
0
0
-0.82061
-0.83378
-0.82372
-0.82382
-0.82383
-0.8238
-0.8239
-0.81017
-0.81016
-0.8033
-0.80466
-0.8031
-0.81026
-0.79813
-0.80763
-0.81154
-0.81154
-0.80124
-0.80481
-0.84141
-0.84142
-0.78624
-0.79653
-0.78625
-0.774
0
0
0
0
0
0
0
0
0
0
0
0
0
0
0
0
23.1544
0
0
0
0
0
0
0
0
0
0
0
0
0
0
0
0
0
0
0
0
0
0
0
0
0
0
0
0
-2.8785
0
0
0
0
0
0
0
0
0
0
0
0
0
0
0
0
0
0
0
0
0
0
0
0
0
0
0
0
0
0
-0.89047
-0.90095
-0.89149
-0.8916
-0.89161
-0.89158
-0.89169
-0.87733
-0.87733
-0.87023
-0.87153
-0.86978
-0.87671
-0.86416
-0.87616
-0.87802
-0.87801
-0.86576
-0.86893
-0.90571
-0.90572
-0.85134
-0.86614
-0.85134
-0.83835
0
0
0
0
0
0
0
0
0
0
0
0
0
0
0
0
0
26.054
0
0
0
0
0
0
0
0
0
0
0
0
0
0
0
0
0
0
0
0
0
0
0
0
0
0
0
0
0
0
0
0
0
0
0
0
0
0
0
0
0
0
-4.112
0
0
0
0
0
0
0
0
0
0
0
0
0
0
0
-0.81411
-0.82288
-0.81279
-0.81288
-0.8129
-0.81287
-0.81297
-0.79943
-0.79942
-0.79246
-0.79375
-0.79207
-0.8005
-0.78773
-0.79992
-0.80062
-0.80062
-0.78993
-0.79387
-0.83373
-0.83374
-0.77535
-0.78995
-0.77535
-0.76276
0
0
0
0
0
0
0
0
0
0
0
0
0
0
0
0
0
0
20.0226
0
0
0
0
0
0
0
0
0
0
0
0
0
0
0
0
0
0
0
0
0
0
0
0
0
0
0
0
0
0
0
0
0
0
0
0
0
0
0
0
0
0
0
0
0
0
0
0
0
0
0
0
0
0
0
0
0
-0.86885
-0.87766
-0.86736
-0.86746
-0.86747
-0.86743
-0.86753
-0.85368
-0.85368
-0.84653
-0.84795
-0.84638
-0.85497
-0.84199
-0.85456
-0.85515
-0.85515
-0.84452
0
-0.88932
-0.88933
-0.82932
0
-0.82932
0
0
0
0
0
0
0
0
0
0
0
0
0
0
0
0
0
0
0
0
18.8756
0
0
0
0
0
0
0
0
0
0
0
0
0
0
0
0
0
0
0
0
0
0
0
0
0
0
0
0
0
0
0
0
0
0
0
0
0
0
0
0
0
0
0
0
0
0
0
0
0
0
0
0
0
0
0
0
-0.92805
-0.93766
-0.92764
-0.92774
-0.92775
-0.92773
-0.92782
-0.91337
-0.91337
-0.90655
-0.90776
-0.90588
-0.91463
-0.90138
-0.91349
-0.91462
-0.91462
0
0
0
0
0
0
0
0
0
0
0
0
0
0
0
0
0
0
0
0
0
0
0
0
0
0
0
0
17.484
0
0
0
0
0
0
0
0
0
0
0
0
0
0
0
0
0
0
0
0
-1.8739
0
0
0
0
0
0
0
0
0
0
0
0
0
0
0
0
0
0
0
0
0
0
0
0
0
0
0
0
0
0
0
0
0
0
-0.91407
-0.92242
-0.91172
-0.91183
-0.91185
-0.91181
-0.91191
-0.8974
-0.8974
-0.89077
-0.89181
-0.89038
-0.9007
-0.88672
-0.89951
-0.89951
-0.89951
0
0
0
0
0
0
0
0
0
0
0
0
0
0
0
0
0
0
0
0
0
0
0
0
0
0
0
0
0
15.3493
0
0
0
0
0
0
0
0
0
0
0
0
0
0
0
0
0
0
0
0
0
0
0
0
0
0
0
0
0
0
0
0
0
0
0
0
0
0
0
0
0
0
0
0
0
0
0
0
0
0
0
0
0
0
-1.0714
-1.0821
-1.0729
-1.073
-1.073
-1.0729
-1.0731
-1.0568
-1.0568
-1.0504
-1.0516
-1.0493
0
0
0
0
0
0
0
0
0
0
0
0
0
0
0
0
0
0
0
0
0
0
0
0
0
0
0
0
0
0
0
0
0
0
0
24.9185
0
0
0
0
0
0
0
0
0
0
0
0
0
0
0
0
0
0
0
0
0
-2.6792
0
0
0
0
0
0
0
0
0
0
0
0
0
0
-4.7281
0
0
0
0
0
0
0
0
0
0
0
-4.7281
0
0
0
0
-0.99231
-1.0008
-0.98933
-0.98943
-0.98943
-0.98941
-0.98952
-0.97452
-0.97452
-0.96825
-0.96983
-0.96629
0
0
0
0
0
0
0
0
0
0
0
0
0
0
0
0
0
0
0
0
0
0
0
0
0
0
0
0
0
0
0
0
0
0
0
0
14.1879
0
0
0
0
0
0
0
0
0
0
0
0
0
0
0
0
0
0
0
0
-2.3943
0
0
0
0
0
0
0
0
0
0
0
0
0
0
0
0
0
0
0
0
0
0
0
0
0
0
0
0
0
0
0
-1.0278
-1.0356
-1.0259
-1.026
-1.026
-1.026
-1.0261
-1.0108
-1.0108
-1.0046
-1.0059
-1.0033
0
0
0
0
0
0
0
0
0
0
0
0
0
0
0
0
0
0
0
0
0
0
0
0
0
0
0
0
0
0
0
0
0
0
0
0
0
16.3902
0
0
0
0
0
0
0
0
0
0
0
0
0
0
0
0
0
0
0
0
0
0
0
0
0
0
0
0
0
0
0
0
0
-4.1612
0
0
0
0
0
0
0
0
0
0
0
0
0
0
0
0
0
-1.0531
-1.0628
-1.0515
-1.0516
-1.0516
-1.0516
-1.0517
-1.0363
-1.0363
-1.0331
-1.035
0
0
0
0
0
0
0
0
0
0
0
0
0
0
0
0
0
0
0
0
0
0
0
0
0
0
0
0
0
0
0
0
0
0
0
0
0
0
0
17.3729
0
0
0
0
0
0
0
0
0
0
0
0
0
-2.666
0
0
0
0
0
0
0
0
0
-3.1924
0
0
0
0
0
0
0
0
0
0
0
0
0
0
0
0
0
0
0
0
0
0
0
0
0
0
-1.0521
-1.0605
-1.0518
-1.0519
-1.0519
-1.0519
-1.052
-1.0374
-1.0374
0
0
0
0
0
0
0
0
0
0
0
0
0
0
0
0
0
0
0
0
0
0
0
0
0
0
0
0
0
0
0
0
0
0
0
0
0
0
0
0
0
0
14.9036
0
0
0
0
0
0
0
0
0
-2.173
0
0
0
0
0
0
0
0
0
0
0
0
0
0
0
0
0
0
0
0
0
0
0
0
0
-3.2836
0
0
0
0
0
0
0
0
0
0
0
0
0
-1.1836
-1.1915
-1.1794
-1.1795
-1.1795
-1.1795
-1.1796
-1.1631
-1.1631
0
0
0
0
0
0
0
0
0
0
0
0
0
0
0
0
0
0
0
0
0
0
0
0
0
0
0
0
0
0
0
0
0
0
0
0
0
0
0
0
0
0
0
13.1044
0
0
0
0
0
0
0
0
0
0
0
-2.5054
0
0
0
0
0
0
0
0
0
0
0
0
0
0
0
0
0
0
0
0
0
0
0
0
0
0
0
0
0
0
0
0
0
0
0
0
-1.1897
-1.1991
-1.1856
-1.1857
-1.1857
-1.1857
-1.1858
-1.1702
-1.1703
-1.1651
0
0
0
0
0
0
0
0
0
0
0
0
0
0
0
0
0
0
0
0
0
0
0
0
0
0
0
0
0
0
0
0
0
0
0
0
0
0
0
0
0
0
0
11.8227
0
0
0
0
0
0
0
0
0
0
0
0
0
0
0
0
0
0
0
0
0
0
0
0
0
0
0
0
0
0
0
0
0
0
0
0
0
0
0
0
0
0
0
0
0
0
0
-1.2138
-1.2573
-1.2458
-1.246
-1.246
-1.2459
-1.246
0
0
0
0
0
0
0
0
0
0
0
0
0
0
0
0
0
0
0
0
0
0
0
0
0
0
0
0
0
0
0
0
0
0
0
0
0
0
0
0
0
0
0
0
0
0
0
10.9776
0
0
0
0
0
0
0
0
0
0
0
0
0
-2.2768
0
0
0
0
0
0
0
0
0
0
0
0
0
0
0
0
0
0
0
0
0
0
0
0
0
0
0
0
0
0
0
0
-1.7099
0
0
0
0
0
0
0
0
0
0
0
0
0
0
0
0
0
0
0
0
0
-1.6664
0
0
0
0
0
0
0
0
0
0
0
0
0
0
0
0
0
0
0
0
0
0
0
0
0
0
0
0
0
0
0
0
9.7295
0
0
-1.8841
0
0
0
0
0
0
0
0
0
0
0
-2.2574
0
-2.2118
0
0
0
0
0
0
0
0
0
0
0
0
0
0
0
0
0
0
0
0
0
0
0
0
0
0
0
0
0
-1.7697
0
0
0
0
0
0
0
0
0
0
0
0
0
0
0
0
0
0
0
0
0
0
0
0
0
0
0
0
0
0
0
0
0
0
0
0
0
0
0
0
0
0
0
0
0
0
0
0
0
0
0
0
0
0
8.4302
0
-1.8444
0
-2.2471
0
0
-2.569
0
0
0
0
0
0
0
0
0
0
0
0
0
0
0
0
0
0
0
0
0
0
0
0
0
0
0
0
0
0
0
0
0
0
0
0
0
0
0
0
0
0
0
0
0
0
0
0
0
0
0
0
0
0
0
0
0
0
0
0
0
0
0
0
0
0
0
0
-0.40354
0
0
0
0
0
0
0
0
0
0
0
0
0
0
0
0
0
0
0
0
0
0
0
0
0
7.0129
0
0
0
0
0
-1.8019
0
0
0
0
0
0
0
0
0
0
0
0
-2.7491
0
0
0
0
0
0
0
0
0
0
0
0
0
0
0
0
0
0
0
0
-2.0584
0
0
0
0
0
0
0
0
0
0
0
0
0
0
0
0
0
0
0
0
0
0
0
0
0
0
0
0
0
0
0
0
0
0
0
0
0
0
0
0
0
0
0
0
0
0
0
0
0
0
0
0
0
0
0
0
0
0
-1.8841
-1.8444
0
9.3796
0
0
0
-2.5261
0
0
0
0
0
0
0
0
0
0
0
0
0
0
0
0
0
0
0
0
0
0
0
0
0
0
0
-3.1249
0
0
0
0
0
0
0
0
0
0
0
0
0
0
0
0
0
0
0
0
0
0
0
0
0
0
0
0
0
0
0
0
0
0
0
-1.7666
0
0
0
0
0
0
0
0
0
0
0
0
0
0
0
0
0
0
0
0
0
0
0
0
0
0
0
0
0
0
0
0
0
9.2093
0
0
0
0
0
0
0
0
-2.4619
0
0
0
0
-2.2881
0
0
0
0
0
0
0
0
0
0
0
0
0
0
0
0
0
0
-2.6927
0
0
0
0
0
0
0
0
0
0
0
0
0
0
0
0
0
0
0
0
0
0
0
0
0
0
0
0
0
0
0
0
0
0
0
0
0
0
-2.283
-2.2774
0
0
0
0
0
0
0
0
0
0
0
0
0
0
0
0
0
0
0
0
0
0
0
0
-2.2471
0
0
0
9.8847
0
0
0
0
0
0
0
0
0
0
-3.0773
0
0
0
0
0
0
0
0
0
0
0
0
0
0
0
0
0
0
0
0
0
0
0
0
0
0
0
0
0
0
0
0
0
0
0
0
0
0
0
0
0
0
0
0
0
0
0
-2.6268
0
0
0
0
0
0
0
0
0
0
0
0
0
0
0
0
0
0
0
0
0
0
0
0
0
0
0
0
0
0
0
0
-2.173
0
0
0
0
0
0
0
0
0
10.799
0
0
0
0
0
0
0
0
0
0
0
0
0
0
0
-3.0485
0
0
0
-2.9506
0
0
0
0
0
0
0
0
0
0
0
0
0
0
0
0
0
0
0
0
0
0
0
0
0
0
0
0
0
0
0
0
0
0
0
0
-1.3339
0
0
0
0
0
0
0
0
0
0
0
0
0
0
0
0
0
0
0
0
0
0
0
0
0
0
0
0
0
0
0
0
0
0
0
0
0
0
0
0
-2.5261
0
0
0
9.327
0
0
-2.2297
0
0
0
0
0
0
0
0
0
0
0
0
0
0
0
0
0
0
0
0
0
0
0
0
0
0
0
-3.2373
0
0
0
0
0
0
0
0
0
0
0
0
0
0
0
0
0
0
0
0
0
0
0
0
0
0
0
0
0
0
0
0
0
0
0
0
0
0
-1.9585
0
0
0
0
0
0
0
0
0
0
0
0
0
0
0
0
0
0
0
0
0
0
0
0
-2.569
-1.8019
0
0
0
0
0
6.3295
0
0
0
0
0
0
0
0
0
0
0
0
0
0
0
0
0
0
0
0
0
0
0
0
0
0
0
0
0
0
0
0
0
0
0
0
0
0
0
0
0
0
0
0
0
0
0
0
0
0
0
0
0
0
0
0
0
0
0
0
0
0
0
0
0
0
0
0
0
0
0
0
0
0
0
0
0
0
0
0
0
0
0
0
0
0
0
-2.666
0
-2.5054
0
0
0
0
0
0
0
0
0
0
0
8.6574
0
0
0
0
0
0
0
0
0
0
0
0
0
-3.486
0
0
0
0
0
0
0
0
0
0
0
0
0
0
0
0
0
0
0
0
0
0
0
0
0
0
0
0
0
0
0
0
0
0
0
0
0
0
0
0
-2.3992
0
0
0
0
0
0
0
0
0
0
0
0
0
0
-2.3424
0
0
0
0
0
0
0
0
0
0
0
0
0
0
0
0
0
0
0
0
0
0
0
0
0
0
0
0
-2.2297
0
0
6.9713
0
0
0
0
0
0
0
0
0
0
0
0
0
0
0
0
0
0
0
0
0
0
0
0
0
0
0
0
0
0
0
0
0
0
0
0
0
0
0
0
0
0
0
0
0
0
0
0
0
0
0
0
0
0
0
0
0
0
0
0
0
0
0
0
-1.87
0
0
0
0
0
0
0
0
0
0
0
0
0
0
0
-1.8739
0
0
0
0
0
0
0
0
0
0
0
0
0
0
0
0
0
0
0
0
4.3171
0
0
0
0
0
0
0
0
0
0
0
0
0
0
0
0
0
0
0
0
0
0
0
0
0
0
0
0
0
0
0
0
-0.57323
0
0
0
0
0
0
0
0
0
0
0
0
0
-2.4445
0
0
0
0
0
0
0
0
0
0
0
0
0
0
-2.3775
0
0
0
0
0
0
0
0
0
0
0
0
0
0
0
0
0
0
0
0
0
0
0
0
0
0
0
0
0
0
0
0
0
0
0
0
0
0
0
7.9114
0
0
0
0
0
0
0
0
0
0
0
0
0
0
0
0
0
0
0
0
0
0
0
0
0
0
0
0
0
0
0
0
-3.0893
-2.5882
0
0
0
0
0
0
0
0
0
0
0
0
0
0
0
0
0
0
0
0
0
0
0
0
0
0
0
0
0
0
0
0
0
0
0
0
0
0
0
0
0
0
0
0
0
0
0
0
0
0
0
0
0
-2.2768
0
0
0
0
-2.4619
0
0
0
0
0
0
0
0
7.3269
0
0
0
0
0
0
0
0
0
0
0
0
0
0
0
0
0
0
0
0
0
0
0
0
0
0
0
0
0
0
0
0
0
0
0
0
0
0
0
0
0
0
0
0
0
0
0
0
0
0
0
0
0
0
0
0
0
0
0
0
0
0
0
0
0
0
0
0
0
0
0
0
0
0
0
0
0
0
0
-2.6792
-2.3943
0
0
0
0
0
0
0
0
0
0
0
0
0
0
0
0
0
0
0
0
7.8401
0
0
0
0
0
0
0
0
0
0
-2.7667
0
0
0
0
0
0
0
0
0
0
0
0
0
0
0
0
0
0
0
0
0
0
0
0
0
0
0
0
0
0
0
0
0
0
0
0
0
0
0
0
0
0
0
0
0
0
0
0
0
0
0
0
0
0
0
0
0
0
0
0
0
-2.8785
0
0
0
0
0
0
0
0
0
0
0
0
0
-2.2574
0
0
0
0
0
0
0
0
0
0
0
0
0
0
5.1359
0
0
0
0
0
0
0
0
0
0
0
0
0
0
0
0
0
0
0
0
0
0
0
0
0
0
0
0
0
0
0
0
0
0
0
0
0
0
0
0
0
0
0
0
0
0
0
0
0
0
0
0
0
0
0
0
0
0
0
0
0
0
0
0
0
0
0
0
0
0
0
0
0
0
0
0
0
0
0
0
0
0
0
0
0
0
0
0
0
0
-3.0773
0
0
0
0
0
0
0
0
0
0
6.7782
0
0
0
0
0
-3.7009
0
0
0
0
0
0
0
0
0
0
0
0
0
0
0
0
0
0
0
0
0
0
0
0
0
0
0
0
0
0
0
0
0
0
0
0
0
-3.0277
0
0
0
0
0
0
0
0
0
0
0
0
0
0
0
0
0
0
0
0
0
0
0
0
0
0
0
0
0
0
0
0
0
0
0
0
0
0
0
0
-2.2118
0
0
0
0
0
0
0
0
0
0
0
0
0
0
0
0
5.2394
0
0
0
0
0
0
0
0
0
0
0
0
0
0
0
0
0
0
0
0
0
0
0
0
0
0
0
0
0
0
0
0
0
0
0
0
0
0
0
0
0
0
0
0
0
0
0
0
0
0
0
0
0
-2.1857
0
0
0
0
0
0
0
0
0
0
0
0
0
0
0
0
0
0
0
0
0
0
0
0
0
0
0
0
0
0
0
0
0
-2.2881
0
0
0
0
0
0
0
0
0
0
0
0
0
4.4738
0
0
0
0
0
0
0
0
0
0
0
0
0
0
0
0
0
0
0
0
0
0
0
0
0
0
0
0
0
0
0
0
0
0
0
0
0
0
0
0
0
0
0
0
0
0
0
0
0
0
0
0
0
0
0
0
0
0
0
0
0
0
0
0
0
0
0
0
0
0
0
0
0
0
0
0
0
-3.1924
0
0
0
0
0
0
0
0
0
0
0
0
0
0
0
0
0
0
0
0
0
0
0
6.4282
0
0
0
0
0
-3.2359
0
0
0
0
0
0
0
0
0
0
0
0
0
0
0
0
0
0
0
0
0
0
0
0
0
0
0
0
0
0
0
0
0
0
0
0
0
0
0
0
0
0
0
0
0
0
0
0
0
0
0
0
0
0
0
-3.3103
0
0
0
0
0
0
0
0
0
0
0
0
0
0
0
0
0
0
0
0
0
0
0
0
0
0
0
0
0
0
0
0
0
0
0
0
0
0
0
6.3151
0
0
0
0
0
-3.0047
0
0
0
0
0
0
0
0
0
0
0
0
0
0
0
0
0
0
0
0
0
0
0
0
0
0
0
0
0
0
0
0
-1.8683
0
0
0
0
0
0
0
0
0
0
0
0
0
0
0
0
0
0
0
0
0
0
0
0
0
0
0
0
0
0
0
0
0
0
0
0
0
0
0
0
0
0
0
-2.7491
0
0
0
0
0
0
0
0
0
0
0
0
0
0
0
0
0
0
4.6173
0
0
0
0
0
0
0
0
0
0
0
0
0
0
0
0
0
0
0
0
0
0
0
0
0
0
0
0
0
0
0
0
0
0
0
0
0
0
0
0
0
0
0
0
0
0
0
0
0
0
0
0
0
0
0
0
0
0
0
0
0
0
0
0
0
0
0
0
0
0
0
0
0
0
0
0
0
0
0
0
0
0
0
0
0
-3.0485
0
0
0
0
0
0
0
0
0
-3.7009
0
0
0
0
0
6.7494
0
0
0
0
0
0
0
0
0
0
0
0
0
0
0
0
0
0
0
0
0
0
0
0
0
0
0
0
0
0
0
0
0
0
0
0
0
0
0
0
0
0
0
0
0
0
0
0
0
0
0
0
0
0
0
0
0
0
0
0
0
0
0
0
0
0
0
0
0
0
0
0
0
0
0
0
0
0
0
0
0
0
0
0
0
0
0
-3.486
0
0
0
0
0
0
0
0
0
0
0
0
0
7.0169
-3.5308
0
0
0
0
0
0
0
0
0
0
0
0
0
0
0
0
0
0
0
0
0
0
0
0
0
0
0
0
0
0
0
0
0
-3.7428
0
0
0
0
0
0
0
0
0
0
0
0
0
0
0
0
0
0
0
0
0
0
0
0
0
0
0
0
0
0
0
0
0
0
0
0
0
0
0
0
0
0
0
0
0
0
0
0
0
0
0
0
0
0
0
0
0
0
0
0
0
0
0
0
0
-3.5308
7.2736
0
0
0
0
0
0
0
0
0
0
0
0
0
0
0
0
0
0
0
0
0
0
0
0
0
0
0
0
0
0
0
0
0
0
0
0
0
0
0
0
0
0
0
0
0
0
0
0
0
0
0
0
0
0
0
0
0
0
0
0
0
0
0
0
0
0
0
0
0
0
0
0
0
0
0
0
0
0
0
0
0
0
0
0
0
0
0
0
0
0
-2.7667
0
0
0
0
-3.2359
0
0
0
0
0
6.0025
0
0
0
0
0
0
0
0
0
0
0
0
0
0
0
0
0
0
0
0
0
0
0
0
0
0
0
0
0
0
0
0
0
0
0
0
0
0
0
0
0
0
0
0
0
0
0
0
0
0
0
0
0
0
0
0
0
0
0
0
0
0
0
0
0
0
0
0
0
0
0
0
0
0
0
0
0
0
0
0
0
-2.9506
0
0
0
0
0
0
0
0
0
0
0
0
0
-3.0047
0
0
0
0
0
5.9553
0
0
0
0
0
0
0
0
0
0
0
0
0
0
0
0
0
0
0
0
0
0
0
0
0
0
0
0
0
0
0
0
0
0
0
0
0
0
0
0
0
0
0
0
0
0
0
-5.6033
0
0
0
0
0
0
0
0
0
0
0
0
0
0
0
0
0
0
0
0
0
0
0
0
0
0
0
0
0
0
0
0
0
0
0
0
0
0
0
0
0
0
0
0
0
0
0
0
0
0
0
0
0
5.6033
0
0
0
0
0
0
0
0
0
0
0
0
0
0
0
0
0
0
0
0
0
0
0
0
0
0
0
0
0
0
0
0
0
0
0
0
0
0
0
0
0
0
0
0
0
0
0
0
0
0
0
0
0
0
0
0
0
0
0
0
0
0
0
0
0
0
0
-4.1612
0
0
0
0
0
0
0
0
0
0
0
0
0
0
0
0
0
0
0
0
0
0
0
0
0
0
0
0
0
0
0
0
0
4.1612
0
0
0
0
0
0
0
0
0
0
0
0
0
0
0
0
0
0
0
0
0
0
0
0
0
0
0
0
0
0
0
0
0
0
0
0
0
0
0
0
0
0
0
0
0
0
0
0
0
0
0
0
0
0
0
0
0
0
0
0
0
0
0
0
-4.7281
0
0
0
0
0
0
0
0
0
0
0
0
0
0
0
0
0
0
0
0
0
0
0
0
0
0
0
0
0
0
0
0
0
0
0
0
4.7281
0
0
0
0
0
0
0
0
0
0
0
0
0
0
0
0
0
0
0
0
0
0
0
0
0
0
0
0
0
0
0
0
0
0
0
0
0
0
0
0
0
0
0
0
0
0
0
0
0
0
0
0
0
0
0
0
0
0
-4.112
0
0
0
0
0
0
0
0
0
0
0
0
0
0
0
0
0
0
0
0
0
0
0
0
0
0
0
0
0
0
0
0
0
0
0
0
0
0
0
0
0
0
4.112
0
0
0
0
0
0
0
0
0
0
0
0
0
0
0
0
0
0
0
0
0
0
0
0
0
0
0
0
0
0
0
0
0
0
0
0
0
0
0
0
0
0
0
0
0
0
0
0
-5.3276
0
0
0
0
0
0
0
0
0
0
0
0
0
0
0
0
0
0
0
0
0
0
0
0
0
0
0
0
0
0
0
0
0
0
0
0
0
0
0
0
0
0
0
0
0
0
0
0
0
0
0
0
5.3276
0
0
0
0
0
0
0
0
0
0
0
0
0
0
0
0
0
0
0
0
0
0
0
0
0
0
0
0
0
0
0
0
0
0
0
0
0
0
0
0
0
0
0
0
0
0
0
0
0
0
0
0
0
0
0
0
0
0
0
0
0
0
0
0
0
-3.2836
0
0
0
0
0
0
0
0
0
0
0
0
0
0
0
0
0
0
0
0
0
0
0
0
0
0
0
0
0
0
0
0
0
0
0
3.2836
0
0
0
0
0
0
0
0
0
0
0
0
0
0
0
0
0
0
0
0
0
0
0
0
0
0
0
0
0
0
0
0
0
0
0
0
0
0
0
0
0
0
0
0
0
0
0
0
0
0
0
-5.1233
0
0
0
0
0
0
0
0
0
0
0
0
0
0
0
0
0
0
0
0
0
0
0
0
0
0
0
0
0
0
0
0
0
0
0
0
0
0
0
0
0
0
0
0
0
0
0
0
0
5.1233
0
0
0
0
0
0
0
0
0
0
0
0
0
0
0
0
0
0
0
0
0
0
0
0
0
0
0
0
0
0
0
0
0
0
0
0
0
0
0
0
0
0
0
0
0
0
-5.8189
0
0
0
0
0
0
0
0
0
0
0
0
0
0
0
0
0
0
0
0
0
0
0
0
0
0
0
0
0
0
0
0
0
0
0
0
0
0
0
0
0
0
0
0
0
0
0
0
0
0
0
0
0
0
5.8189
0
0
0
0
0
0
0
0
0
0
0
0
0
0
0
0
0
0
0
0
0
0
0
0
0
0
0
0
0
0
0
0
0
0
0
0
0
0
0
0
0
0
0
0
0
0
0
0
0
0
0
0
0
0
0
0
0
0
0
0
0
0
0
0
0
0
0
0
0
-3.1249
0
0
0
0
0
0
0
0
0
0
0
0
0
0
0
0
0
0
0
0
0
0
0
0
0
0
0
0
0
0
0
3.1249
0
0
0
0
0
0
0
0
0
0
0
0
0
0
0
0
0
0
0
0
0
0
0
0
0
0
0
0
0
0
0
0
0
0
0
-5.9324
0
0
0
0
0
0
0
0
0
0
0
0
0
0
0
0
0
0
0
0
0
0
0
0
0
0
0
0
0
0
0
0
0
0
0
0
0
0
0
0
0
0
0
0
0
0
0
0
0
0
0
0
0
0
0
0
0
0
0
0
0
0
0
0
0
5.9324
0
0
0
0
0
0
0
0
0
0
0
0
0
0
0
0
0
0
0
0
0
0
0
0
0
0
0
0
0
0
0
0
0
0
0
0
0
0
0
0
0
0
0
0
0
0
0
0
0
0
0
0
0
0
0
0
0
0
0
0
0
0
0
0
0
0
0
0
-2.6927
0
0
0
0
0
0
0
0
0
0
0
0
0
0
0
0
0
0
0
0
0
0
0
0
0
0
0
0
0
0
0
0
2.6927
0
0
0
0
0
0
0
0
0
0
0
0
0
0
0
0
0
0
0
0
0
0
0
0
0
0
0
0
0
0
0
0
0
0
0
0
0
0
0
0
0
0
0
0
0
0
0
0
0
0
0
0
0
0
0
0
0
0
0
0
0
0
0
0
0
0
0
0
0
0
-3.2373
0
0
0
0
0
0
0
0
0
0
0
0
0
0
0
0
0
0
0
0
0
0
0
0
0
0
0
0
0
0
3.2373
0
0
0
0
0
0
0
0
0
0
0
0
0
0
0
0
0
0
0
0
0
0
0
0
0
0
-6.3391
0
0
0
0
0
0
0
0
0
0
0
0
0
0
0
0
0
0
0
0
0
0
0
0
0
0
0
0
0
0
0
0
0
0
0
0
0
0
0
0
0
0
0
0
0
0
0
0
0
0
0
0
0
0
0
0
0
0
0
0
0
0
0
0
0
0
0
0
0
0
0
0
0
0
6.3391
0
0
0
0
0
0
0
0
0
0
0
0
0
0
0
0
0
0
0
0
0
0
0
0
0
0
0
0
0
0
0
0
0
0
0
0
0
0
0
0
-5.8189
0
0
0
0
0
0
0
0
0
0
0
0
0
0
0
0
0
0
0
0
0
0
0
0
0
0
0
0
0
0
0
0
0
0
0
0
0
0
0
0
0
0
0
0
0
0
0
0
0
0
0
0
0
0
0
0
0
0
0
0
5.8189
0
0
0
0
0
0
0
0
0
0
0
0
0
0
0
0
0
0
0
0
0
0
0
0
0
0
0
0
0
0
0
0
0
0
0
0
0
0
0
0
0
0
0
0
0
0
0
0
0
0
0
0
-4.7281
0
0
0
0
0
0
0
0
0
0
0
0
0
0
0
0
0
0
0
0
0
0
0
0
0
0
0
0
0
0
0
0
0
0
0
0
0
0
0
0
0
0
0
0
0
0
0
0
4.7281
0
0
0
0
0
0
0
0
0
0
0
0
0
0
0
0
0
0
0
0
0
0
0
0
0
0
0
0
0
0
0
0
0
0
0
0
0
0
0
0
0
0
0
0
0
0
0
0
0
0
0
0
0
0
0
0
0
0
0
0
0
-2.0584
0
0
0
0
0
0
0
0
0
0
0
0
0
0
0
0
0
0
0
0
0
0
0
0
0
0
0
0
0
0
0
0
0
0
0
0
0
0
0
2.0584
0
0
0
0
0
0
0
0
0
0
0
0
0
0
0
0
0
0
0
0
0
0
0
-6.3391
0
0
0
0
0
0
0
0
0
0
0
0
0
0
0
0
0
0
0
0
0
0
0
0
0
0
0
0
0
0
0
0
0
0
0
0
0
0
0
0
0
0
0
0
0
0
0
0
0
0
0
0
0
0
0
0
0
0
0
0
0
0
0
0
0
0
0
0
0
0
0
0
0
0
0
0
0
6.3391
0
0
0
0
0
0
0
0
0
0
0
0
0
0
0
0
0
0
0
0
0
0
0
0
0
0
0
0
0
0
0
0
0
0
0
0
0
0
0
0
0
0
0
0
0
0
0
0
0
0
0
0
0
0
0
0
0
0
0
0
0
0
0
0
0
0
0
0
-0.57323
0
0
0
0
0
0
0
0
0
0
0
0
0
0
0
0
0
0
0
0
0
0
0
0
0
0
0
0
0
0
0
0
0.57323
0
0
0
0
0
0
0
0
0
0
0
0
0
0
0
0
0
0
0
0
0
0
0
0
0
0
0
0
0
0
0
0
0
0
0
0
0
0
0
0
0
0
0
0
0
0
0
0
0
0
0
0
0
0
0
0
0
0
0
0
0
0
0
0
0
0
0
0
-3.0893
0
0
0
0
0
0
0
0
0
0
0
0
0
0
0
0
0
0
0
0
0
0
0
0
0
0
0
0
0
0
0
0
3.0893
