51.9228
-0.84458
-0.83646
-0.83663
-0.83666
-0.83661
-0.83678
-0.82338
-0.82338
-0.81302
-0.81826
-0.81381
-0.82264
-0.81095
-0.82351
-0.82768
-0.82769
-0.81387
-0.81555
-0.861
-0.861
-0.79736
-0.8101
-0.79736
-0.78579
-0.85246
-0.79403
-0.8003
-0.85794
-0.8509
-0.87274
-0.84497
-0.83074
-0.88379
-0.87163
-0.83133
-0.8309
-0.8309
-0.89532
-0.79154
-0.81582
-0.8045
-0.87749
-0.80973
-0.86012
-0.91877
-0.93542
-1.0933
-1.0106
-1.0548
-1.0703
-1.0606
-1.2015
-1.2339
-1.2337
-1.7494
0
0
0
0
0
0
0
0
0
0
0
0
-2.7792
0
0
0
0
0
0
0
0
0
0
0
0
0
0
0
0
0
0
0
0
0
0
0
0
0
0
0
0
0
0
0
0
-0.84458
49.8777
-0.8492
-0.84938
-0.84941
-0.84935
-0.84954
-0.83322
-0.83322
-0.8227
-0.82804
-0.82357
-0.83322
-0.82169
-0.83626
-0.83767
-0.83767
-0.82453
-0.82705
-0.87433
-0.87433
-0.80719
-0.82245
-0.80719
-0.79552
-0.86384
-0.80373
-0.80989
-0.86873
-0.86151
-0.88131
-0.85296
-0.84048
-0.89695
-0.88507
-0.84027
-0.84073
-0.84072
-0.90759
-0.80105
-0.82542
-0.819
-0.88901
-0.81923
-0.86963
-0.92937
-0.9445
-1.1053
-1.02
-1.0635
-1.081
-1.0708
-1.2101
-1.2437
-1.2875
0
-1.8735
0
0
0
0
0
0
0
0
0
0
0
0
0
0
0
0
0
0
0
0
0
0
0
0
0
0
0
0
0
0
0
0
0
0
0
0
0
0
0
0
0
0
0
0
-0.83646
-0.8492
47.4245
-0.82056
-0.82058
-0.82051
-0.82073
-0.81926
-0.81926
-0.81076
-0.81694
-0.8129
-0.82555
-0.81136
-0.82657
-0.82774
-0.82774
-0.81462
-0.81773
-0.86774
-0.86775
-0.79747
-0.81308
-0.79748
-0.78582
-0.85881
-0.79412
-0.80093
-0.86028
-0.85225
-0.87398
-0.84714
-0.83081
-0.88763
-0.87857
-0.83219
-0.83104
-0.83104
-0.89893
-0.79143
-0.81572
-0.80945
-0.88029
-0.80954
-0.85976
-0.91994
-0.93418
-1.0969
-1.0088
-1.0544
-1.0702
-1.0625
-1.1985
-1.2308
-1.2766
0
0
0
0
0
0
0
0
0
0
0
0
0
0
0
0
0
0
0
0
0
0
0
0
0
0
0
0
0
0
0
0
0
0
0
0
0
0
0
0
0
0
0
0
0
0
-0.83663
-0.84938
-0.82056
47.434
-0.8208
-0.82074
-0.82094
-0.81941
-0.81941
-0.81093
-0.8171
-0.81307
-0.82573
-0.81153
-0.82674
-0.82792
-0.82791
-0.81479
-0.8179
-0.86792
-0.86793
-0.79764
-0.81326
-0.79765
-0.78599
-0.859
-0.79429
-0.80111
-0.86046
-0.85243
-0.87417
-0.84731
-0.83099
-0.88781
-0.87875
-0.83237
-0.83122
-0.83121
-0.89911
-0.7916
-0.81589
-0.80963
-0.88047
-0.8097
-0.85994
-0.92012
-0.93436
-1.0971
-1.009
-1.0546
-1.0704
-1.0627
-1.1987
-1.231
-1.2768
0
0
0
0
0
0
0
0
0
0
0
0
0
0
0
0
0
0
0
0
0
0
0
0
0
0
0
0
0
0
0
0
0
0
0
0
0
0
0
0
0
0
0
0
0
0
-0.83666
-0.84941
-0.82058
-0.8208
47.435
-0.82076
-0.82096
-0.81943
-0.81943
-0.81096
-0.81712
-0.81308
-0.82575
-0.81154
-0.82676
-0.82793
-0.82793
-0.81481
-0.81792
-0.86794
-0.86795
-0.79767
-0.81327
-0.79767
-0.78601
-0.85902
-0.7943
-0.80112
-0.86046
-0.85245
-0.87418
-0.84734
-0.83101
-0.88783
-0.87878
-0.83239
-0.83123
-0.83123
-0.89913
-0.79161
-0.81592
-0.80964
-0.8805
-0.80973
-0.85996
-0.92014
-0.93438
-1.0971
-1.009
-1.0546
-1.0704
-1.0627
-1.1987
-1.2311
-1.2768
0
0
0
0
0
0
0
0
0
0
0
0
0
0
0
0
0
0
0
0
0
0
0
0
0
0
0
0
0
0
0
0
0
0
0
0
0
0
0
0
0
0
0
0
0
0
-0.83661
-0.84935
-0.82051
-0.82074
-0.82076
47.4325
-0.82091
-0.81939
-0.81939
-0.8109
-0.81708
-0.81304
-0.8257
-0.8115
-0.82671
-0.82789
-0.82788
-0.81477
-0.81787
-0.86788
-0.8679
-0.79762
-0.81323
-0.79762
-0.78596
-0.85896
-0.79426
-0.80108
-0.86043
-0.8524
-0.87413
-0.84729
-0.83096
-0.88778
-0.87873
-0.83234
-0.83119
-0.83118
-0.89907
-0.79157
-0.81587
-0.8096
-0.88044
-0.80968
-0.8599
-0.92009
-0.93433
-1.097
-1.009
-1.0545
-1.0704
-1.0626
-1.1986
-1.231
-1.2768
0
0
0
0
0
0
0
0
0
0
0
0
0
0
0
0
0
0
0
0
0
0
0
0
0
0
0
0
0
0
0
0
0
0
0
0
0
0
0
0
0
0
0
0
0
0
-0.83678
-0.84954
-0.82073
-0.82094
-0.82096
-0.82091
47.4418
-0.81955
-0.81955
-0.81107
-0.81725
-0.81321
-0.82588
-0.81167
-0.82689
-0.82805
-0.82806
-0.81494
-0.81805
-0.86807
-0.86809
-0.79779
-0.8134
-0.79779
-0.78613
-0.85914
-0.79443
-0.80125
-0.86059
-0.85258
-0.87431
-0.84746
-0.83113
-0.88796
-0.87891
-0.83251
-0.83137
-0.83135
-0.89926
-0.79174
-0.81604
-0.80976
-0.88062
-0.80985
-0.86008
-0.92026
-0.93451
-1.0972
-1.0092
-1.0547
-1.0705
-1.0628
-1.1988
-1.2312
-1.2769
0
0
0
0
0
0
0
0
0
0
0
0
0
0
0
0
0
0
0
0
0
0
0
0
0
0
0
0
0
0
0
0
0
0
0
0
0
0
0
0
0
0
0
0
0
0
-0.82338
-0.83322
-0.81926
-0.81941
-0.81943
-0.81939
-0.81955
45.4534
-0.80721
-0.79728
-0.80368
-0.79955
-0.81139
-0.79746
-0.8125
-0.81415
-0.81415
-0.80105
-0.80358
-0.85385
-0.85386
-0.78403
-0.79942
-0.78404
-0.77239
-0.84381
-0.78048
-0.78715
-0.84522
-0.83789
-0.85944
-0.8329
-0.81661
-0.87236
-0.86322
-0.81795
-0.81699
-0.81698
-0.88392
-0.77758
-0.8017
-0.79538
-0.86555
-0.79562
-0.84551
-0.90512
-0.9192
-1.08
-0.99332
-1.0386
-1.0542
-1.0475
-1.1814
-1.2146
0
0
0
0
0
0
0
0
0
0
0
0
0
0
0
0
0
0
0
0
0
0
0
0
0
0
0
0
0
0
0
0
0
0
0
0
0
0
0
0
0
0
0
0
0
0
0
-0.82338
-0.83322
-0.81926
-0.81941
-0.81943
-0.81939
-0.81955
-0.80721
45.4534
-0.79728
-0.80368
-0.79955
-0.8114
-0.79746
-0.81251
-0.81415
-0.81415
-0.80104
-0.80358
-0.85385
-0.85386
-0.78404
-0.79943
-0.78404
-0.7724
-0.84381
-0.78048
-0.78714
-0.84521
-0.8379
-0.85945
-0.8329
-0.81662
-0.87237
-0.86322
-0.81795
-0.81698
-0.81698
-0.88392
-0.77759
-0.8017
-0.79537
-0.86555
-0.79562
-0.84551
-0.90512
-0.9192
-1.08
-0.99332
-1.0386
-1.0542
-1.0475
-1.1814
-1.2146
0
0
0
0
0
0
0
0
0
0
0
0
0
0
0
0
0
0
0
0
0
0
0
0
0
0
0
0
0
0
0
0
0
0
0
0
0
0
0
0
0
0
0
0
0
0
0
-0.81302
-0.8227
-0.81076
-0.81093
-0.81096
-0.8109
-0.81107
-0.79728
-0.79728
42.6877
-0.79544
-0.78979
-0.79852
-0.78682
-0.80226
-0.80387
-0.80387
-0.79053
-0.7935
-0.84228
-0.8423
-0.77341
-0.7888
-0.77342
-0.76165
-0.82753
-0.76969
-0.77607
-0.83354
-0.82677
-0.84808
-0.82187
-0.80546
-0.86068
-0.85076
-0.80697
-0.80585
-0.80584
-0.87236
-0.76653
-0.79041
-0.78417
-0.85399
-0.78431
-0.83392
-0.89369
-0.90797
-1.0686
-0.98224
-1.0274
-1.047
0
0
-1.2046
0
0
0
0
0
0
0
0
0
0
0
0
0
0
0
0
0
0
0
0
0
0
0
0
0
0
0
0
0
0
0
0
0
0
0
0
0
0
0
0
0
0
0
0
0
0
0
-0.81826
-0.82804
-0.81694
-0.8171
-0.81712
-0.81708
-0.81725
-0.80368
-0.80368
-0.79544
41.7197
-0.79334
-0.80175
-0.79076
-0.80714
-0.80857
-0.80857
-0.79518
-0.79845
-0.8439
-0.84391
-0.77787
-0.79347
-0.77788
-0.76595
-0.82927
-0.77411
-0.7808
-0.83875
-0.8317
-0.85331
-0.82722
-0.81022
-0.86591
-0.85704
-0.81201
-0.81073
-0.81072
-0.87743
-0.77122
-0.79508
-0.78892
-0.85882
-0.78895
-0.83874
-0.89841
-0.91254
-1.0738
-0.98755
-1.0324
-1.0527
0
0
0
0
0
0
0
0
0
0
0
0
0
0
0
0
0
0
0
0
0
0
0
0
0
0
0
0
0
0
0
0
0
0
0
0
0
0
0
0
0
0
0
0
0
0
0
0
0
0
-0.81381
-0.82357
-0.8129
-0.81307
-0.81308
-0.81304
-0.81321
-0.79955
-0.79955
-0.78979
-0.79334
40.4275
-0.79652
-0.78498
-0.80008
-0.80431
-0.80431
-0.79071
-0.79243
-0.83815
-0.83816
-0.77319
-0.78888
-0.77319
-0.76112
-0.82676
-0.76926
-0.77572
-0.83344
-0.82664
-0.84795
-0.82204
-0.80512
-0.86049
-0.85141
-0.80669
-0.80577
-0.80576
-0.87216
-0.76625
-0.79019
-0.78416
-0.8538
-0.78405
-0.83398
-0.8932
-0.90774
-1.0677
-0.97996
-1.0264
0
0
0
0
0
0
0
0
0
0
0
0
0
0
0
0
0
0
0
0
0
0
0
0
0
0
0
0
0
0
0
0
0
0
0
0
0
0
0
0
0
0
0
0
0
0
0
0
0
0
0
-0.82264
-0.83322
-0.82555
-0.82573
-0.82575
-0.8257
-0.82588
-0.81139
-0.8114
-0.79852
-0.80175
-0.79652
44.1309
-0.79192
-0.80702
-0.80995
-0.80996
-0.79554
-0.79724
-0.85055
-0.85057
-0.77936
-0.79421
-0.77937
-0.7674
-0.82835
-0.77531
-0.77261
-0.83658
-0.83172
-0.8527
-0.82511
-0.81127
-0.86284
-0.85299
-0.81113
-0.81175
-0.81175
-0.8759
-0.77249
-0.79677
-0.78945
-0.85863
-0.79074
-0.84082
-0.89996
-0.91641
0
0
0
0
0
0
0
0
0
0
0
0
0
0
0
0
0
0
0
0
-2.5642
0
0
0
0
0
0
0
0
0
0
0
-3.9044
0
0
0
0
0
0
0
0
0
0
0
0
0
0
0
0
0
0
0
0
0
-0.81095
-0.82169
-0.81136
-0.81153
-0.81154
-0.8115
-0.81167
-0.79746
-0.79746
-0.78682
-0.79076
-0.78498
-0.79192
39.1403
-0.79533
-0.80565
-0.80565
-0.78952
-0.78811
-0.83315
-0.83317
-0.7708
-0.78697
-0.77081
-0.75807
-0.82287
-0.76607
-0.77159
-0.8276
-0.82256
-0.84311
-0.82153
-0.80147
-0.85361
-0.84351
-0.80036
-0.80222
-0.80222
-0.86652
-0.76281
-0.78682
-0.77988
-0.84885
-0.78077
-0.83068
-0.88959
-0.90532
0
0
0
0
0
0
0
0
0
0
0
0
0
0
0
0
0
0
0
0
0
0
0
0
0
0
0
0
0
-1.9335
0
0
0
0
0
0
0
0
0
0
0
0
0
0
0
0
0
0
0
0
0
0
0
0
-0.82351
-0.83626
-0.82657
-0.82674
-0.82676
-0.82671
-0.82689
-0.8125
-0.81251
-0.80226
-0.80714
-0.80008
-0.80702
-0.79533
41.0977
-0.81548
-0.81548
-0.80204
-0.80369
-0.84695
-0.84696
-0.78409
-0.79682
-0.78409
-0.77181
-0.83609
-0.78022
-0.78638
-0.8438
-0.83774
-0.85991
-0.83362
-0.81685
-0.87107
-0.86161
-0.81718
-0.81754
-0.81754
-0.88162
-0.77797
-0.80205
-0.79415
-0.86362
-0.79593
-0.84625
-0.90461
-0.92125
0
0
0
0
0
0
0
0
0
0
0
0
0
0
0
0
0
0
0
0
0
0
0
0
0
-3.233
0
0
0
0
0
0
0
0
0
0
0
0
0
0
0
0
0
0
0
0
0
0
0
0
0
0
0
0
-0.82768
-0.83767
-0.82774
-0.82792
-0.82793
-0.82789
-0.82805
-0.81415
-0.81415
-0.80387
-0.80857
-0.80431
-0.80995
-0.80565
-0.81548
37.9632
-0.81453
-0.80166
-0.80786
-0.85117
-0.85119
-0.78412
-0.80034
-0.78412
-0.77158
-0.84066
-0.78083
-0.78724
-0.84782
-0.83991
-0.86088
-0.83533
-0.81809
-0.87456
-0.86875
-0.81921
-0.81899
-0.81899
-0.88587
-0.7792
-0.80325
-0.79701
-0.86664
-0.79704
-0.84725
-0.90643
-0.92165
0
0
0
0
0
0
0
0
0
0
0
0
0
0
0
0
0
0
0
0
0
0
0
0
0
0
0
0
0
0
0
0
0
0
0
0
0
0
0
0
0
0
0
0
0
0
0
0
0
0
0
0
0
0
-0.82769
-0.83767
-0.82774
-0.82791
-0.82793
-0.82788
-0.82806
-0.81415
-0.81415
-0.80387
-0.80857
-0.80431
-0.80996
-0.80565
-0.81548
-0.81453
37.9632
-0.80166
-0.80787
-0.85117
-0.85118
-0.78412
-0.80034
-0.78413
-0.77158
-0.84067
-0.78083
-0.78724
-0.84783
-0.83991
-0.86088
-0.83533
-0.81809
-0.87456
-0.86875
-0.81922
-0.81899
-0.81899
-0.88587
-0.7792
-0.80325
-0.79701
-0.86663
-0.79705
-0.84725
-0.90643
-0.92165
0
0
0
0
0
0
0
0
0
0
0
0
0
0
0
0
0
0
0
0
0
0
0
0
0
0
0
0
0
0
0
0
0
0
0
0
0
0
0
0
0
0
0
0
0
0
0
0
0
0
0
0
0
0
-0.81387
-0.82453
-0.81462
-0.81479
-0.81481
-0.81477
-0.81494
-0.80105
-0.80104
-0.79053
-0.79518
-0.79071
-0.79554
-0.78952
-0.80204
-0.80166
-0.80166
36.8578
-0.79176
-0.83533
-0.83534
-0.77014
-0.78529
-0.77014
-0.75694
-0.82442
-0.76638
-0.77178
-0.83189
-0.82517
-0.84568
-0.82075
-0.80358
-0.85542
-0.85391
-0.80459
-0.80474
-0.80474
-0.86943
-0.76507
-0.78923
-0.78351
-0.85086
-0.78305
-0.83316
0
0
0
0
0
0
0
0
0
0
0
0
0
0
0
0
0
-1.3442
0
0
0
0
0
0
0
0
0
0
0
0
0
0
0
0
0
0
0
0
0
0
0
0
0
0
0
0
0
0
0
0
0
0
0
0
0
0
-0.81555
-0.82705
-0.81773
-0.8179
-0.81792
-0.81787
-0.81805
-0.80358
-0.80358
-0.7935
-0.79845
-0.79243
-0.79724
-0.78811
-0.80369
-0.80786
-0.80787
-0.79176
40.0645
-0.83519
-0.8352
-0.77563
-0.79115
-0.77563
-0.76226
-0.82431
-0.77075
-0.7756
-0.83177
-0.82791
-0.85088
-0.82213
-0.8071
-0.84484
-0.8467
-0.80408
-0.80791
-0.80791
-0.87197
-0.76833
-0.79272
-0.78644
-0.85311
-0.78657
0
0
0
0
0
0
0
0
0
0
0
0
0
0
0
0
0
-2.7321
0
0
0
-2.5562
0
0
0
0
0
0
0
0
0
0
0
0
0
0
0
0
0
0
0
0
0
0
0
0
0
0
0
0
0
0
0
0
0
0
0
-0.861
-0.87433
-0.86774
-0.86792
-0.86794
-0.86788
-0.86807
-0.85385
-0.85385
-0.84228
-0.8439
-0.83815
-0.85055
-0.83315
-0.84695
-0.85117
-0.85117
-0.83533
-0.83519
44.1315
-0.89136
-0.81913
-0.83363
-0.81913
-0.80686
-0.86366
-0.81523
-0.82186
-0.87183
-0.87211
-0.89484
-0.86595
-0.85241
-0.89867
-0.88443
-0.85123
-0.85299
-0.85299
-0.9143
-0.81334
-0.83812
-0.82808
-0.89526
-0.83203
-0.8833
0
0
0
0
0
0
0
0
0
0
0
0
0
0
0
0
0
0
0
0
0
0
0
0
0
0
0
0
0
0
0
0
0
0
0
0
0
0
0
0
0
0
0
0
0
0
0
0
0
-6.5483
0
0
0
0
0
0
-0.861
-0.87433
-0.86775
-0.86793
-0.86795
-0.8679
-0.86809
-0.85386
-0.85386
-0.8423
-0.84391
-0.83816
-0.85057
-0.83317
-0.84696
-0.85119
-0.85118
-0.83534
-0.8352
-0.89136
44.132
-0.81914
-0.83364
-0.81914
-0.80688
-0.86369
-0.81524
-0.82188
-0.87183
-0.87212
-0.89485
-0.86596
-0.85242
-0.89868
-0.88444
-0.85123
-0.85301
-0.853
-0.91432
-0.81336
-0.83814
-0.8281
-0.89527
-0.83204
-0.88331
0
0
0
0
0
0
0
0
0
0
0
0
0
0
0
0
0
0
0
0
0
0
0
0
0
0
0
0
0
0
0
0
0
0
0
0
0
0
0
0
0
0
0
0
0
0
0
0
0
0
0
0
0
-6.5483
0
0
-0.79736
-0.80719
-0.79747
-0.79764
-0.79767
-0.79762
-0.79779
-0.78403
-0.78404
-0.77341
-0.77787
-0.77319
-0.77936
-0.7708
-0.78409
-0.78412
-0.78412
-0.77014
-0.77563
-0.81913
-0.81914
34.7627
-0.76844
-0.74408
-0.73731
-0.81004
-0.74895
-0.75434
-0.81539
-0.80776
-0.8276
-0.80248
-0.78582
-0.83926
-0.83894
-0.78679
-0.78713
-0.78713
-0.85187
-0.74762
-0.7714
-0.76528
-0.83339
-0.76522
-0.81468
0
0
0
0
0
0
0
0
0
0
0
0
0
0
0
0
0
0
0
0
0
0
0
0
0
0
0
0
0
0
0
0
0
0
0
0
0
0
0
0
0
0
0
0
0
0
0
0
0
0
0
0
0
0
0
0
-0.8101
-0.82245
-0.81308
-0.81326
-0.81327
-0.81323
-0.8134
-0.79942
-0.79943
-0.7888
-0.79347
-0.78888
-0.79421
-0.78697
-0.79682
-0.80034
-0.80034
-0.78529
-0.79115
-0.83363
-0.83364
-0.76844
36.2942
-0.76844
-0.75367
-0.82383
-0.76428
-0.77004
-0.82991
-0.82318
-0.84312
-0.81794
-0.80152
-0.85513
-0.85297
-0.80287
-0.80286
-0.80285
-0.86672
-0.76302
-0.78711
-0.77566
-0.84864
-0.78078
0
0
0
0
0
0
0
0
0
0
0
-1.7001
0
0
0
0
0
0
0
0
0
0
0
0
0
0
0
0
0
0
0
0
0
0
0
0
0
0
0
0
0
0
0
0
0
0
0
0
0
0
0
0
0
0
0
0
0
-0.79736
-0.80719
-0.79748
-0.79765
-0.79767
-0.79762
-0.79779
-0.78404
-0.78404
-0.77342
-0.77788
-0.77319
-0.77937
-0.77081
-0.78409
-0.78412
-0.78413
-0.77014
-0.77563
-0.81913
-0.81914
-0.74408
-0.76844
34.7629
-0.73732
-0.81004
-0.74895
-0.75435
-0.8154
-0.80776
-0.8276
-0.80248
-0.78582
-0.83926
-0.83895
-0.78679
-0.78714
-0.78714
-0.85187
-0.74763
-0.77139
-0.76529
-0.8334
-0.76522
-0.81468
0
0
0
0
0
0
0
0
0
0
0
0
0
0
0
0
0
0
0
0
0
0
0
0
0
0
0
0
0
0
0
0
0
0
0
0
0
0
0
0
0
0
0
0
0
0
0
0
0
0
0
0
0
0
0
0
-0.78579
-0.79552
-0.78582
-0.78599
-0.78601
-0.78596
-0.78613
-0.77239
-0.7724
-0.76165
-0.76595
-0.76112
-0.7674
-0.75807
-0.77181
-0.77158
-0.77158
-0.75694
-0.76226
-0.80686
-0.80688
-0.73731
-0.75367
-0.73732
33.4381
-0.79734
-0.73936
-0.74368
-0.80161
-0.79586
-0.81523
-0.79036
-0.77377
-0.8271
-0.81915
-0.77483
-0.77547
-0.77547
-0.83914
-0.73574
-0.75945
-0.75369
-0.82107
-0.75331
0
0
0
0
0
0
0
0
0
0
0
0
0
0
0
0
0
0
0
0
0
0
0
0
0
0
0
0
0
0
0
0
0
0
0
0
0
0
0
0
0
0
0
0
0
0
0
0
0
0
0
0
0
0
0
0
0
-0.85246
-0.86384
-0.85881
-0.859
-0.85902
-0.85896
-0.85914
-0.84381
-0.84381
-0.82753
-0.82927
-0.82676
-0.82835
-0.82287
-0.83609
-0.84066
-0.84067
-0.82442
-0.82431
-0.86366
-0.86369
-0.81004
-0.82383
-0.81004
-0.79734
43.1449
-0.80493
-0.80982
-0.86061
-0.86051
-0.88265
-0.85289
-0.84185
-0.88499
-0.87058
-0.83997
-0.84442
-0.84442
-0.89997
-0.80466
0
0
0
0
0
0
0
0
0
0
0
0
0
0
0
0
0
0
0
-1.815
0
0
0
0
0
0
0
0
0
0
0
0
0
-2.299
0
0
0
0
0
0
0
0
0
0
0
0
0
0
0
0
0
-6.1602
0
0
0
0
0
0
0
0
0
-0.79403
-0.80373
-0.79412
-0.79429
-0.7943
-0.79426
-0.79443
-0.78048
-0.78048
-0.76969
-0.77411
-0.76926
-0.77531
-0.76607
-0.78022
-0.78083
-0.78083
-0.76638
-0.77075
-0.81523
-0.81524
-0.74895
-0.76428
-0.74895
-0.73936
-0.80493
31.4317
-0.75023
-0.80827
-0.80376
-0.82015
-0.79646
-0.77992
-0.83426
-0.83142
-0.78127
-0.7845
-0.7845
-0.84501
-0.74441
-0.76707
0
0
0
0
0
0
0
0
0
0
0
0
0
0
0
0
0
0
0
0
0
0
0
0
0
0
0
0
0
0
0
0
0
0
0
0
0
0
0
0
0
0
0
0
0
0
0
0
0
0
0
0
0
0
0
0
0
0
0
0
-0.8003
-0.80989
-0.80093
-0.80111
-0.80112
-0.80108
-0.80125
-0.78715
-0.78714
-0.77607
-0.7808
-0.77572
-0.77261
-0.77159
-0.78638
-0.78724
-0.78724
-0.77178
-0.7756
-0.82186
-0.82188
-0.75434
-0.77004
-0.75435
-0.74368
-0.80982
-0.75023
32.5131
-0.81229
-0.81086
-0.82305
-0.79545
-0.78778
-0.83615
-0.83259
-0.78836
-0.79099
-0.79098
0
-0.75039
0
0
0
0
0
0
0
0
0
0
0
0
0
0
0
0
0
0
0
0
0
0
0
0
0
0
0
-2.493
0
0
0
0
0
0
0
0
0
0
0
0
0
0
0
0
0
0
0
0
0
0
0
0
0
0
0
0
0
0
0
0
0
-0.85794
-0.86873
-0.86028
-0.86046
-0.86046
-0.86043
-0.86059
-0.84522
-0.84521
-0.83354
-0.83875
-0.83344
-0.83658
-0.8276
-0.8438
-0.84782
-0.84783
-0.83189
-0.83177
-0.87183
-0.87183
-0.81539
-0.82991
-0.8154
-0.80161
-0.86061
-0.80827
-0.81229
36.2386
-0.86636
-0.88337
-0.85468
-0.84428
-0.89583
0
-0.84428
-0.84783
-0.84782
0
0
0
0
0
0
0
0
0
0
0
0
0
0
0
0
0
0
0
0
0
0
0
0
0
0
0
0
0
0
0
0
0
0
0
0
0
0
0
0
0
0
0
0
-5.7746
0
0
0
0
0
0
0
0
0
0
0
0
0
0
0
0
0
0
-0.8509
-0.86151
-0.85225
-0.85243
-0.85245
-0.8524
-0.85258
-0.83789
-0.8379
-0.82677
-0.8317
-0.82664
-0.83172
-0.82256
-0.83774
-0.83991
-0.83991
-0.82517
-0.82791
-0.87211
-0.87212
-0.80776
-0.82318
-0.80776
-0.79586
-0.86051
-0.80376
-0.81086
-0.86636
28.0764
-0.9407
0
-0.82641
0
0
0
0
0
0
0
0
0
0
0
0
0
0
0
0
0
0
0
0
0
0
0
0
0
0
0
0
0
0
0
0
0
-2.0287
0
0
0
0
0
0
0
0
0
0
0
0
0
0
0
0
0
0
0
0
0
0
0
0
0
0
0
0
0
0
0
0
0
0
-0.87274
-0.88131
-0.87398
-0.87417
-0.87418
-0.87413
-0.87431
-0.85944
-0.85945
-0.84808
-0.85331
-0.84795
-0.8527
-0.84311
-0.85991
-0.86088
-0.86088
-0.84568
-0.85088
-0.89484
-0.89485
-0.8276
-0.84312
-0.8276
-0.81523
-0.88265
-0.82015
-0.82305
-0.88337
-0.9407
29.0686
0
-0.86824
0
0
0
0
0
0
0
0
0
0
0
0
0
0
0
0
0
0
0
0
0
0
0
0
0
0
0
-2.3801
0
0
0
0
0
0
0
0
0
0
0
0
0
0
0
0
0
0
0
0
0
0
0
0
0
0
0
0
0
0
0
0
0
0
0
0
0
0
0
0
-0.84497
-0.85296
-0.84714
-0.84731
-0.84734
-0.84729
-0.84746
-0.8329
-0.8329
-0.82187
-0.82722
-0.82204
-0.82511
-0.82153
-0.83362
-0.83533
-0.83533
-0.82075
-0.82213
-0.86595
-0.86596
-0.80248
-0.81794
-0.80248
-0.79036
-0.85289
-0.79646
-0.79545
-0.85468
0
0
28.9177
0
0
0
0
0
0
0
0
0
0
0
0
0
0
0
0
0
0
0
0
0
0
0
0
0
-0.34846
0
0
-2.3671
0
0
-2.0923
0
0
0
0
0
0
0
0
0
0
0
0
0
0
0
0
0
0
0
0
0
0
0
0
0
0
0
0
0
0
0
0
0
0
0
0
0
-0.83074
-0.84048
-0.83081
-0.83099
-0.83101
-0.83096
-0.83113
-0.81661
-0.81662
-0.80546
-0.81022
-0.80512
-0.81127
-0.80147
-0.81685
-0.81809
-0.81809
-0.80358
-0.8071
-0.85241
-0.85242
-0.78582
-0.80152
-0.78582
-0.77377
-0.84185
-0.77992
-0.78778
-0.84428
-0.82641
-0.86824
0
25.3568
0
0
0
0
0
0
0
0
0
0
0
0
0
0
0
0
0
0
0
0
0
0
0
0
0
0
0
0
0
0
0
0
0
0
0
0
0
0
0
0
0
0
0
0
0
0
0
0
0
0
0
0
0
0
0
0
0
0
0
0
0
0
0
0
0
0
0
0
-0.88379
-0.89695
-0.88763
-0.88781
-0.88783
-0.88778
-0.88796
-0.87236
-0.87237
-0.86068
-0.86591
-0.86049
-0.86284
-0.85361
-0.87107
-0.87456
-0.87456
-0.85542
-0.84484
-0.89867
-0.89868
-0.83926
-0.85513
-0.83926
-0.8271
-0.88499
-0.83426
-0.83615
-0.89583
0
0
0
0
33.1994
0
0
0
0
0
0
0
0
0
0
0
0
0
0
0
0
0
0
0
0
0
0
0
0
0
0
0
0
0
0
0
-2.4962
0
0
0
0
0
0
0
0
0
0
0
0
0
0
0
0
0
0
0
0
-5.5054
0
0
0
0
0
0
0
0
0
0
0
0
0
0
-0.87163
-0.88507
-0.87857
-0.87875
-0.87878
-0.87873
-0.87891
-0.86322
-0.86322
-0.85076
-0.85704
-0.85141
-0.85299
-0.84351
-0.86161
-0.86875
-0.86875
-0.85391
-0.8467
-0.88443
-0.88444
-0.83894
-0.85297
-0.83895
-0.81915
-0.87058
-0.83142
-0.83259
0
0
0
0
0
0
35.9688
0
0
0
0
0
0
0
0
0
0
0
0
0
0
0
0
0
0
0
0
0
0
0
0
0
0
0
0
0
0
0
0
0
0
0
0
0
0
0
0
0
0
0
0
0
0
0
0
0
0
0
0
0
0
-5.9415
0
0
0
0
0
-5.9415
0
0
0
0
0
-0.83133
-0.84027
-0.83219
-0.83237
-0.83239
-0.83234
-0.83251
-0.81795
-0.81795
-0.80697
-0.81201
-0.80669
-0.81113
-0.80036
-0.81718
-0.81921
-0.81922
-0.80459
-0.80408
-0.85123
-0.85123
-0.78679
-0.80287
-0.78679
-0.77483
-0.83997
-0.78127
-0.78836
-0.84428
0
0
0
0
0
0
27.1305
0
0
0
0
0
0
0
0
0
0
0
0
0
0
0
0
0
0
0
0
0
0
0
0
0
0
0
0
0
0
0
0
0
0
0
0
0
0
0
-3.4521
0
0
0
0
0
0
0
0
0
0
0
0
0
0
0
0
0
0
0
0
0
0
0
0
0
-0.8309
-0.84073
-0.83104
-0.83122
-0.83123
-0.83119
-0.83137
-0.81699
-0.81698
-0.80585
-0.81073
-0.80577
-0.81175
-0.80222
-0.81754
-0.81899
-0.81899
-0.80474
-0.80791
-0.85299
-0.85301
-0.78713
-0.80286
-0.78714
-0.77547
-0.84442
-0.7845
-0.79099
-0.84783
0
0
0
0
0
0
0
23.6925
0
0
0
0
0
0
0
0
0
0
0
0
0
0
0
0
0
0
0
0
0
0
0
0
0
0
0
0
0
0
0
0
0
0
0
0
0
0
0
0
0
0
0
0
0
0
0
0
0
0
0
0
0
0
0
0
0
0
0
0
0
0
0
0
-0.8309
-0.84072
-0.83104
-0.83121
-0.83123
-0.83118
-0.83135
-0.81698
-0.81698
-0.80584
-0.81072
-0.80576
-0.81175
-0.80222
-0.81754
-0.81899
-0.81899
-0.80474
-0.80791
-0.85299
-0.853
-0.78713
-0.80285
-0.78714
-0.77547
-0.84442
-0.7845
-0.79098
-0.84782
0
0
0
0
0
0
0
0
23.6923
0
0
0
0
0
0
0
0
0
0
0
0
0
0
0
0
0
0
0
0
0
0
0
0
0
0
0
0
0
0
0
0
0
0
0
0
0
0
0
0
0
0
0
0
0
0
0
0
0
0
0
0
0
0
0
0
0
0
0
0
0
0
0
-0.89532
-0.90759
-0.89893
-0.89911
-0.89913
-0.89907
-0.89926
-0.88392
-0.88392
-0.87236
-0.87743
-0.87216
-0.8759
-0.86652
-0.88162
-0.88587
-0.88587
-0.86943
-0.87197
-0.9143
-0.91432
-0.85187
-0.86672
-0.85187
-0.83914
-0.89997
-0.84501
0
0
0
0
0
0
0
0
0
0
0
29.0647
0
0
0
0
0
0
0
0
0
0
0
0
0
0
0
0
0
0
0
0
0
0
0
0
0
0
0
0
0
0
0
0
0
0
0
0
0
0
0
0
0
0
0
0
0
0
0
0
0
-5.2561
0
0
0
0
0
0
0
0
0
0
0
0
-0.79154
-0.80105
-0.79143
-0.7916
-0.79161
-0.79157
-0.79174
-0.77758
-0.77759
-0.76653
-0.77122
-0.76625
-0.77249
-0.76281
-0.77797
-0.7792
-0.7792
-0.76507
-0.76833
-0.81334
-0.81336
-0.74762
-0.76302
-0.74763
-0.73574
-0.80466
-0.74441
-0.75039
0
0
0
0
0
0
0
0
0
0
0
21.7349
0
0
0
0
0
0
0
0
0
0
0
0
0
0
0
0
0
0
0
0
0
0
0
0
0
0
0
0
0
0
0
0
0
0
0
0
0
0
0
0
0
0
0
0
0
0
0
0
0
0
0
0
0
0
0
0
0
0
0
0
0
-0.81582
-0.82542
-0.81572
-0.81589
-0.81592
-0.81587
-0.81604
-0.8017
-0.8017
-0.79041
-0.79508
-0.79019
-0.79677
-0.78682
-0.80205
-0.80325
-0.80325
-0.78923
-0.79272
-0.83812
-0.83814
-0.7714
-0.78711
-0.77139
-0.75945
0
-0.76707
0
0
0
0
0
0
0
0
0
0
0
0
0
20.8065
0
0
0
0
0
0
0
0
0
0
0
0
0
0
0
0
0
0
0
0
0
0
0
0
0
0
0
0
0
0
0
0
0
0
0
0
0
0
0
0
0
0
0
0
0
0
0
0
0
0
0
0
0
0
0
0
0
0
0
0
-0.8045
-0.819
-0.80945
-0.80963
-0.80964
-0.8096
-0.80976
-0.79538
-0.79537
-0.78417
-0.78892
-0.78416
-0.78945
-0.77988
-0.79415
-0.79701
-0.79701
-0.78351
-0.78644
-0.82808
-0.8281
-0.76528
-0.77566
-0.76529
-0.75369
0
0
0
0
0
0
0
0
0
0
0
0
0
0
0
0
22.8942
0
0
0
0
0
0
0
0
0
0
0
0
0
0
0
0
0
0
0
0
0
0
0
0
0
0
0
0
-3.031
0
0
0
0
0
0
0
0
0
0
0
0
0
0
0
0
0
0
0
0
0
0
0
0
0
0
0
0
0
0
-0.87749
-0.88901
-0.88029
-0.88047
-0.8805
-0.88044
-0.88062
-0.86555
-0.86555
-0.85399
-0.85882
-0.8538
-0.85863
-0.84885
-0.86362
-0.86664
-0.86663
-0.85086
-0.85311
-0.89526
-0.89527
-0.83339
-0.84864
-0.8334
-0.82107
0
0
0
0
0
0
0
0
0
0
0
0
0
0
0
0
0
25.8792
0
0
0
0
0
0
0
0
0
0
0
0
0
0
0
0
0
0
0
0
0
0
0
0
0
0
0
0
0
0
0
0
0
0
0
0
0
0
0
0
0
0
-4.2773
0
0
0
0
0
0
0
0
0
0
0
0
0
0
0
-0.80973
-0.81923
-0.80954
-0.8097
-0.80973
-0.80968
-0.80985
-0.79562
-0.79562
-0.78431
-0.78895
-0.78405
-0.79074
-0.78077
-0.79593
-0.79704
-0.79705
-0.78305
-0.78657
-0.83203
-0.83204
-0.76522
-0.78078
-0.76522
-0.75331
0
0
0
0
0
0
0
0
0
0
0
0
0
0
0
0
0
0
19.8858
0
0
0
0
0
0
0
0
0
0
0
0
0
0
0
0
0
0
0
0
0
0
0
0
0
0
0
0
0
0
0
0
0
0
0
0
0
0
0
0
0
0
0
0
0
0
0
0
0
0
0
0
0
0
0
0
0
-0.86012
-0.86963
-0.85976
-0.85994
-0.85996
-0.8599
-0.86008
-0.84551
-0.84551
-0.83392
-0.83874
-0.83398
-0.84082
-0.83068
-0.84625
-0.84725
-0.84725
-0.83316
0
-0.8833
-0.88331
-0.81468
0
-0.81468
0
0
0
0
0
0
0
0
0
0
0
0
0
0
0
0
0
0
0
0
18.6684
0
0
0
0
0
0
0
0
0
0
0
0
0
0
0
0
0
0
0
0
0
0
0
0
0
0
0
0
0
0
0
0
0
0
0
0
0
0
0
0
0
0
0
0
0
0
0
0
0
0
0
0
0
0
0
0
-0.91877
-0.92937
-0.91994
-0.92012
-0.92014
-0.92009
-0.92026
-0.90512
-0.90512
-0.89369
-0.89841
-0.8932
-0.89996
-0.88959
-0.90461
-0.90643
-0.90643
0
0
0
0
0
0
0
0
0
0
0
0
0
0
0
0
0
0
0
0
0
0
0
0
0
0
0
0
17.4614
0
0
0
0
0
0
0
0
0
0
0
0
0
0
0
0
0
0
0
0
-2.0102
0
0
0
0
0
0
0
0
0
0
0
0
0
0
0
0
0
0
0
0
0
0
0
0
0
0
0
0
0
0
0
0
0
0
-0.93542
-0.9445
-0.93418
-0.93436
-0.93438
-0.93433
-0.93451
-0.9192
-0.9192
-0.90797
-0.91254
-0.90774
-0.91641
-0.90532
-0.92125
-0.92165
-0.92165
0
0
0
0
0
0
0
0
0
0
0
0
0
0
0
0
0
0
0
0
0
0
0
0
0
0
0
0
0
15.7046
0
0
0
0
0
0
0
0
0
0
0
0
0
0
0
0
0
0
0
0
0
0
0
0
0
0
0
0
0
0
0
0
0
0
0
0
0
0
0
0
0
0
0
0
0
0
0
0
0
0
0
0
0
0
-1.0933
-1.1053
-1.0969
-1.0971
-1.0971
-1.097
-1.0972
-1.08
-1.08
-1.0686
-1.0738
-1.0677
0
0
0
0
0
0
0
0
0
0
0
0
0
0
0
0
0
0
0
0
0
0
0
0
0
0
0
0
0
0
0
0
0
0
0
25.6402
0
0
0
0
0
0
0
0
0
0
0
0
0
0
0
0
0
0
0
0
0
-2.8408
0
0
0
0
0
0
0
0
0
0
0
0
0
0
-4.8726
0
0
0
0
0
0
0
0
0
0
0
-4.8726
0
0
0
0
-1.0106
-1.02
-1.0088
-1.009
-1.009
-1.009
-1.0092
-0.99332
-0.99332
-0.98224
-0.98755
-0.97996
0
0
0
0
0
0
0
0
0
0
0
0
0
0
0
0
0
0
0
0
0
0
0
0
0
0
0
0
0
0
0
0
0
0
0
0
14.5302
0
0
0
0
0
0
0
0
0
0
0
0
0
0
0
0
0
0
0
0
-2.5181
0
0
0
0
0
0
0
0
0
0
0
0
0
0
0
0
0
0
0
0
0
0
0
0
0
0
0
0
0
0
0
-1.0548
-1.0635
-1.0544
-1.0546
-1.0546
-1.0545
-1.0547
-1.0386
-1.0386
-1.0274
-1.0324
-1.0264
0
0
0
0
0
0
0
0
0
0
0
0
0
0
0
0
0
0
0
0
0
0
0
0
0
0
0
0
0
0
0
0
0
0
0
0
0
16.9191
0
0
0
0
0
0
0
0
0
0
0
0
0
0
0
0
0
0
0
0
0
0
0
0
0
0
0
0
0
0
0
0
0
-4.3648
0
0
0
0
0
0
0
0
0
0
0
0
0
0
0
0
0
-1.0703
-1.081
-1.0702
-1.0704
-1.0704
-1.0704
-1.0705
-1.0542
-1.0542
-1.047
-1.0527
0
0
0
0
0
0
0
0
0
0
0
0
0
0
0
0
0
0
0
0
0
0
0
0
0
0
0
0
0
0
0
0
0
0
0
0
0
0
0
17.815
0
0
0
0
0
0
0
0
0
0
0
0
0
-2.7853
0
0
0
0
0
0
0
0
0
-3.3183
0
0
0
0
0
0
0
0
0
0
0
0
0
0
0
0
0
0
0
0
0
0
0
0
0
0
-1.0606
-1.0708
-1.0625
-1.0627
-1.0627
-1.0626
-1.0628
-1.0475
-1.0475
0
0
0
0
0
0
0
0
0
0
0
0
0
0
0
0
0
0
0
0
0
0
0
0
0
0
0
0
0
0
0
0
0
0
0
0
0
0
0
0
0
0
15.2037
0
0
0
0
0
0
0
0
0
-2.2374
0
0
0
0
0
0
0
0
0
0
0
0
0
0
0
0
0
0
0
0
0
0
0
0
0
-3.4266
0
0
0
0
0
0
0
0
0
0
0
0
0
-1.2015
-1.2101
-1.1985
-1.1987
-1.1987
-1.1986
-1.1988
-1.1814
-1.1814
0
0
0
0
0
0
0
0
0
0
0
0
0
0
0
0
0
0
0
0
0
0
0
0
0
0
0
0
0
0
0
0
0
0
0
0
0
0
0
0
0
0
0
13.3576
0
0
0
0
0
0
0
0
0
0
0
-2.59
0
0
0
0
0
0
0
0
0
0
0
0
0
0
0
0
0
0
0
0
0
0
0
0
0
0
0
0
0
0
0
0
0
0
0
0
-1.2339
-1.2437
-1.2308
-1.231
-1.2311
-1.231
-1.2312
-1.2146
-1.2146
-1.2046
0
0
0
0
0
0
0
0
0
0
0
0
0
0
0
0
0
0
0
0
0
0
0
0
0
0
0
0
0
0
0
0
0
0
0
0
0
0
0
0
0
0
0
12.2666
0
0
0
0
0
0
0
0
0
0
0
0
0
0
0
0
0
0
0
0
0
0
0
0
0
0
0
0
0
0
0
0
0
0
0
0
0
0
0
0
0
0
0
0
0
0
0
-1.2337
-1.2875
-1.2766
-1.2768
-1.2768
-1.2768
-1.2769
0
0
0
0
0
0
0
0
0
0
0
0
0
0
0
0
0
0
0
0
0
0
0
0
0
0
0
0
0
0
0
0
0
0
0
0
0
0
0
0
0
0
0
0
0
0
0
11.2773
0
0
0
0
0
0
0
0
0
0
0
0
0
-2.3722
0
0
0
0
0
0
0
0
0
0
0
0
0
0
0
0
0
0
0
0
0
0
0
0
0
0
0
0
0
0
0
0
-1.7494
0
0
0
0
0
0
0
0
0
0
0
0
0
0
0
0
0
0
0
0
0
-1.7001
0
0
0
0
0
0
0
0
0
0
0
0
0
0
0
0
0
0
0
0
0
0
0
0
0
0
0
0
0
0
0
0
10.1528
0
0
-1.9191
0
0
0
0
0
0
0
0
0
0
0
-2.4173
0
-2.367
0
0
0
0
0
0
0
0
0
0
0
0
0
0
0
0
0
0
0
0
0
0
0
0
0
0
0
0
0
-1.8735
0
0
0
0
0
0
0
0
0
0
0
0
0
0
0
0
0
0
0
0
0
0
0
0
0
0
0
0
0
0
0
0
0
0
0
0
0
0
0
0
0
0
0
0
0
0
0
0
0
0
0
0
0
0
8.8046
0
-1.9203
0
-2.3614
0
0
-2.6494
0
0
0
0
0
0
0
0
0
0
0
0
0
0
0
0
0
0
0
0
0
0
0
0
0
0
0
0
0
0
0
0
0
0
0
0
0
0
0
0
0
0
0
0
0
0
0
0
0
0
0
0
0
0
0
0
0
0
0
0
0
0
0
0
0
0
0
0
-0.34846
0
0
0
0
0
0
0
0
0
0
0
0
0
0
0
0
0
0
0
0
0
0
0
0
0
7.2883
0
0
0
0
0
-1.9322
0
0
0
0
0
0
0
0
0
0
0
0
-2.8736
0
0
0
0
0
0
0
0
0
0
0
0
0
0
0
0
0
0
0
0
-2.134
0
0
0
0
0
0
0
0
0
0
0
0
0
0
0
0
0
0
0
0
0
0
0
0
0
0
0
0
0
0
0
0
0
0
0
0
0
0
0
0
0
0
0
0
0
0
0
0
0
0
0
0
0
0
0
0
0
0
-1.9191
-1.9203
0
9.7082
0
0
0
-2.6245
0
0
0
0
0
0
0
0
0
0
0
0
0
0
0
0
0
0
0
0
0
0
0
0
0
0
0
-3.2444
0
0
0
0
0
0
0
0
0
0
0
0
0
0
0
0
0
0
0
0
0
0
0
0
0
0
0
0
0
0
0
0
0
0
0
-1.815
0
0
0
0
0
0
0
0
0
0
0
0
0
0
0
0
0
0
0
0
0
0
0
0
0
0
0
0
0
0
0
0
0
9.6597
0
0
0
0
0
0
0
0
-2.6108
0
0
0
0
-2.4174
0
0
0
0
0
0
0
0
0
0
0
0
0
0
0
0
0
0
-2.8165
0
0
0
0
0
0
0
0
0
0
0
0
0
0
0
0
0
0
0
0
0
0
0
0
0
0
0
0
0
0
0
0
0
0
0
0
0
0
-2.3801
-2.3671
0
0
0
0
0
0
0
0
0
0
0
0
0
0
0
0
0
0
0
0
0
0
0
0
-2.3614
0
0
0
10.3147
0
0
0
0
0
0
0
0
0
0
-3.206
0
0
0
0
0
0
0
0
0
0
0
0
0
0
0
0
0
0
0
0
0
0
0
0
0
0
0
0
0
0
0
0
0
0
0
0
0
0
0
0
0
0
0
0
0
0
0
-2.7321
0
0
0
0
0
0
0
0
0
0
0
0
0
0
0
0
0
0
0
0
0
0
0
0
0
0
0
0
0
0
0
0
-2.2374
0
0
0
0
0
0
0
0
0
11.2068
0
0
0
0
0
0
0
0
0
0
0
0
0
0
0
-3.1597
0
0
0
-3.0777
0
0
0
0
0
0
0
0
0
0
0
0
0
0
0
0
0
0
0
0
0
0
0
0
0
0
0
0
0
0
0
0
0
0
0
0
-1.3442
0
0
0
0
0
0
0
0
0
0
0
0
0
0
0
0
0
0
0
0
0
0
0
0
0
0
0
0
0
0
0
0
0
0
0
0
0
0
0
0
-2.6245
0
0
0
9.6939
0
0
-2.3098
0
0
0
0
0
0
0
0
0
0
0
0
0
0
0
0
0
0
0
0
0
0
0
0
0
0
0
-3.4155
0
0
0
0
0
0
0
0
0
0
0
0
0
0
0
0
0
0
0
0
0
0
0
0
0
0
0
0
0
0
0
0
0
0
0
0
0
0
-2.0923
0
0
0
0
0
0
0
0
0
0
0
0
0
0
0
0
0
0
0
0
0
0
0
0
-2.6494
-1.9322
0
0
0
0
0
6.6739
0
0
0
0
0
0
0
0
0
0
0
0
0
0
0
0
0
0
0
0
0
0
0
0
0
0
0
0
0
0
0
0
0
0
0
0
0
0
0
0
0
0
0
0
0
0
0
0
0
0
0
0
0
0
0
0
0
0
0
0
0
0
0
0
0
0
0
0
0
0
0
0
0
0
0
0
0
0
0
0
0
0
0
0
0
0
0
-2.7853
0
-2.59
0
0
0
0
0
0
0
0
0
0
0
9.0187
0
0
0
0
0
0
0
0
0
0
0
0
0
-3.6434
0
0
0
0
0
0
0
0
0
0
0
0
0
0
0
0
0
0
0
0
0
0
0
0
0
0
0
0
0
0
0
0
0
0
0
0
0
0
0
0
-2.5562
0
0
0
0
0
0
0
0
0
0
0
0
0
0
-2.4962
0
0
0
0
0
0
0
0
0
0
0
0
0
0
0
0
0
0
0
0
0
0
0
0
0
0
0
0
-2.3098
0
0
7.3622
0
0
0
0
0
0
0
0
0
0
0
0
0
0
0
0
0
0
0
0
0
0
0
0
0
0
0
0
0
0
0
0
0
0
0
0
0
0
0
0
0
0
0
0
0
0
0
0
0
0
0
0
0
0
0
0
0
0
0
0
0
0
0
0
-2.0287
0
0
0
0
0
0
0
0
0
0
0
0
0
0
0
-2.0102
0
0
0
0
0
0
0
0
0
0
0
0
0
0
0
0
0
0
0
0
4.6348
0
0
0
0
0
0
0
0
0
0
0
0
0
0
0
0
0
0
0
0
0
0
0
0
0
0
0
0
0
0
0
0
-0.59601
0
0
0
0
0
0
0
0
0
0
0
0
0
-2.5642
0
0
0
0
0
0
0
0
0
0
0
0
0
0
-2.493
0
0
0
0
0
0
0
0
0
0
0
0
0
0
0
0
0
0
0
0
0
0
0
0
0
0
0
0
0
0
0
0
0
0
0
0
0
0
0
8.2841
0
0
0
0
0
0
0
0
0
0
0
0
0
0
0
0
0
0
0
0
0
0
0
0
0
0
0
0
0
0
0
0
-3.2269
-2.7792
0
0
0
0
0
0
0
0
0
0
0
0
0
0
0
0
0
0
0
0
0
0
0
0
0
0
0
0
0
0
0
0
0
0
0
0
0
0
0
0
0
0
0
0
0
0
0
0
0
0
0
0
0
-2.3722
0
0
0
0
-2.6108
0
0
0
0
0
0
0
0
7.7621
0
0
0
0
0
0
0
0
0
0
0
0
0
0
0
0
0
0
0
0
0
0
0
0
0
0
0
0
0
0
0
0
0
0
0
0
0
0
0
0
0
0
0
0
0
0
0
0
0
0
0
0
0
0
0
0
0
0
0
0
0
0
0
0
0
0
0
0
0
0
0
0
0
0
0
0
0
0
0
-2.8408
-2.5181
0
0
0
0
0
0
0
0
0
0
0
0
0
0
0
0
0
0
0
0
8.2296
0
0
0
0
0
0
0
0
0
0
-2.8707
0
0
0
0
0
0
0
0
0
0
0
0
0
0
0
0
0
0
0
0
0
0
0
0
0
0
0
0
0
0
0
0
0
0
0
0
0
0
0
0
0
0
0
0
0
0
0
0
0
0
0
0
0
0
0
0
0
0
0
0
0
-3.031
0
0
0
0
0
0
0
0
0
0
0
0
0
-2.4173
0
0
0
0
0
0
0
0
0
0
0
0
0
0
5.4483
0
0
0
0
0
0
0
0
0
0
0
0
0
0
0
0
0
0
0
0
0
0
0
0
0
0
0
0
0
0
0
0
0
0
0
0
0
0
0
0
0
0
0
0
0
0
0
0
0
0
0
0
0
0
0
0
0
0
0
0
0
0
0
0
0
0
0
0
0
0
0
0
0
0
0
0
0
0
0
0
0
0
0
0
0
0
0
0
0
0
-3.206
0
0
0
0
0
0
0
0
0
0
7.0522
0
0
0
0
0
-3.8462
0
0
0
0
0
0
0
0
0
0
0
0
0
0
0
0
0
0
0
0
0
0
0
0
0
0
0
0
0
0
0
0
0
0
0
0
0
-3.233
0
0
0
0
0
0
0
0
0
0
0
0
0
0
0
0
0
0
0
0
0
0
0
0
0
0
0
0
0
0
0
0
0
0
0
0
0
0
0
0
-2.367
0
0
0
0
0
0
0
0
0
0
0
0
0
0
0
0
5.6
0
0
0
0
0
0
0
0
0
0
0
0
0
0
0
0
0
0
0
0
0
0
0
0
0
0
0
0
0
0
0
0
0
0
0
0
0
0
0
0
0
0
0
0
0
0
0
0
0
0
0
0
0
-2.299
0
0
0
0
0
0
0
0
0
0
0
0
0
0
0
0
0
0
0
0
0
0
0
0
0
0
0
0
0
0
0
0
0
-2.4174
0
0
0
0
0
0
0
0
0
0
0
0
0
4.7164
0
0
0
0
0
0
0
0
0
0
0
0
0
0
0
0
0
0
0
0
0
0
0
0
0
0
0
0
0
0
0
0
0
0
0
0
0
0
0
0
0
0
0
0
0
0
0
0
0
0
0
0
0
0
0
0
0
0
0
0
0
0
0
0
0
0
0
0
0
0
0
0
0
0
0
0
0
-3.3183
0
0
0
0
0
0
0
0
0
0
0
0
0
0
0
0
0
0
0
0
0
0
0
6.7117
0
0
0
0
0
-3.3934
0
0
0
0
0
0
0
0
0
0
0
0
0
0
0
0
0
0
0
0
0
0
0
0
0
0
0
0
0
0
0
0
0
0
0
0
0
0
0
0
0
0
0
0
0
0
0
0
0
0
0
0
0
0
0
-3.4521
0
0
0
0
0
0
0
0
0
0
0
0
0
0
0
0
0
0
0
0
0
0
0
0
0
0
0
0
0
0
0
0
0
0
0
0
0
0
0
6.5735
0
0
0
0
0
-3.1213
0
0
0
0
0
0
0
0
0
0
0
0
0
0
0
0
0
0
0
0
0
0
0
0
0
0
0
0
0
0
0
0
-1.9335
0
0
0
0
0
0
0
0
0
0
0
0
0
0
0
0
0
0
0
0
0
0
0
0
0
0
0
0
0
0
0
0
0
0
0
0
0
0
0
0
0
0
0
-2.8736
0
0
0
0
0
0
0
0
0
0
0
0
0
0
0
0
0
0
4.807
0
0
0
0
0
0
0
0
0
0
0
0
0
0
0
0
0
0
0
0
0
0
0
0
0
0
0
0
0
0
0
0
0
0
0
0
0
0
0
0
0
0
0
0
0
0
0
0
0
0
0
0
0
0
0
0
0
0
0
0
0
0
0
0
0
0
0
0
0
0
0
0
0
0
0
0
0
0
0
0
0
0
0
0
0
-3.1597
0
0
0
0
0
0
0
0
0
-3.8462
0
0
0
0
0
7.0059
0
0
0
0
0
0
0
0
0
0
0
0
0
0
0
0
0
0
0
0
0
0
0
0
0
0
0
0
0
0
0
0
0
0
0
0
0
0
0
0
0
0
0
0
0
0
0
0
0
0
0
0
0
0
0
0
0
0
0
0
0
0
0
0
0
0
0
0
0
0
0
0
0
0
0
0
0
0
0
0
0
0
0
0
0
0
0
-3.6434
0
0
0
0
0
0
0
0
0
0
0
0
0
7.3266
-3.6833
0
0
0
0
0
0
0
0
0
0
0
0
0
0
0
0
0
0
0
0
0
0
0
0
0
0
0
0
0
0
0
0
0
-3.9044
0
0
0
0
0
0
0
0
0
0
0
0
0
0
0
0
0
0
0
0
0
0
0
0
0
0
0
0
0
0
0
0
0
0
0
0
0
0
0
0
0
0
0
0
0
0
0
0
0
0
0
0
0
0
0
0
0
0
0
0
0
0
0
0
0
-3.6833
7.5876
0
0
0
0
0
0
0
0
0
0
0
0
0
0
0
0
0
0
0
0
0
0
0
0
0
0
0
0
0
0
0
0
0
0
0
0
0
0
0
0
0
0
0
0
0
0
0
0
0
0
0
0
0
0
0
0
0
0
0
0
0
0
0
0
0
0
0
0
0
0
0
0
0
0
0
0
0
0
0
0
0
0
0
0
0
0
0
0
0
0
-2.8707
0
0
0
0
-3.3934
0
0
0
0
0
6.2641
0
0
0
0
0
0
0
0
0
0
0
0
0
0
0
0
0
0
0
0
0
0
0
0
0
0
0
0
0
0
0
0
0
0
0
0
0
0
0
0
0
0
0
0
0
0
0
0
0
0
0
0
0
0
0
0
0
0
0
0
0
0
0
0
0
0
0
0
0
0
0
0
0
0
0
0
0
0
0
0
0
-3.0777
0
0
0
0
0
0
0
0
0
0
0
0
0
-3.1213
0
0
0
0
0
6.199
0
0
0
0
0
0
0
0
0
0
0
0
0
0
0
0
0
0
0
0
0
0
0
0
0
0
0
0
0
0
0
0
0
0
0
0
0
0
0
0
0
0
0
0
0
0
0
-5.7746
0
0
0
0
0
0
0
0
0
0
0
0
0
0
0
0
0
0
0
0
0
0
0
0
0
0
0
0
0
0
0
0
0
0
0
0
0
0
0
0
0
0
0
0
0
0
0
0
0
0
0
0
0
5.7746
0
0
0
0
0
0
0
0
0
0
0
0
0
0
0
0
0
0
0
0
0
0
0
0
0
0
0
0
0
0
0
0
0
0
0
0
0
0
0
0
0
0
0
0
0
0
0
0
0
0
0
0
0
0
0
0
0
0
0
0
0
0
0
0
0
0
0
-4.3648
0
0
0
0
0
0
0
0
0
0
0
0
0
0
0
0
0
0
0
0
0
0
0
0
0
0
0
0
0
0
0
0
0
4.3648
0
0
0
0
0
0
0
0
0
0
0
0
0
0
0
0
0
0
0
0
0
0
0
0
0
0
0
0
0
0
0
0
0
0
0
0
0
0
0
0
0
0
0
0
0
0
0
0
0
0
0
0
0
0
0
0
0
0
0
0
0
0
0
0
-4.8726
0
0
0
0
0
0
0
0
0
0
0
0
0
0
0
0
0
0
0
0
0
0
0
0
0
0
0
0
0
0
0
0
0
0
0
0
4.8726
0
0
0
0
0
0
0
0
0
0
0
0
0
0
0
0
0
0
0
0
0
0
0
0
0
0
0
0
0
0
0
0
0
0
0
0
0
0
0
0
0
0
0
0
0
0
0
0
0
0
0
0
0
0
0
0
0
0
-4.2773
0
0
0
0
0
0
0
0
0
0
0
0
0
0
0
0
0
0
0
0
0
0
0
0
0
0
0
0
0
0
0
0
0
0
0
0
0
0
0
0
0
0
4.2773
0
0
0
0
0
0
0
0
0
0
0
0
0
0
0
0
0
0
0
0
0
0
0
0
0
0
0
0
0
0
0
0
0
0
0
0
0
0
0
0
0
0
0
0
0
0
0
0
-5.5054
0
0
0
0
0
0
0
0
0
0
0
0
0
0
0
0
0
0
0
0
0
0
0
0
0
0
0
0
0
0
0
0
0
0
0
0
0
0
0
0
0
0
0
0
0
0
0
0
0
0
0
0
5.5054
0
0
0
0
0
0
0
0
0
0
0
0
0
0
0
0
0
0
0
0
0
0
0
0
0
0
0
0
0
0
0
0
0
0
0
0
0
0
0
0
0
0
0
0
0
0
0
0
0
0
0
0
0
0
0
0
0
0
0
0
0
0
0
0
0
-3.4266
0
0
0
0
0
0
0
0
0
0
0
0
0
0
0
0
0
0
0
0
0
0
0
0
0
0
0
0
0
0
0
0
0
0
0
3.4266
0
0
0
0
0
0
0
0
0
0
0
0
0
0
0
0
0
0
0
0
0
0
0
0
0
0
0
0
0
0
0
0
0
0
0
0
0
0
0
0
0
0
0
0
0
0
0
0
0
0
0
-5.2561
0
0
0
0
0
0
0
0
0
0
0
0
0
0
0
0
0
0
0
0
0
0
0
0
0
0
0
0
0
0
0
0
0
0
0
0
0
0
0
0
0
0
0
0
0
0
0
0
0
5.2561
0
0
0
0
0
0
0
0
0
0
0
0
0
0
0
0
0
0
0
0
0
0
0
0
0
0
0
0
0
0
0
0
0
0
0
0
0
0
0
0
0
0
0
0
0
0
-5.9415
0
0
0
0
0
0
0
0
0
0
0
0
0
0
0
0
0
0
0
0
0
0
0
0
0
0
0
0
0
0
0
0
0
0
0
0
0
0
0
0
0
0
0
0
0
0
0
0
0
0
0
0
0
0
5.9415
0
0
0
0
0
0
0
0
0
0
0
0
0
0
0
0
0
0
0
0
0
0
0
0
0
0
0
0
0
0
0
0
0
0
0
0
0
0
0
0
0
0
0
0
0
0
0
0
0
0
0
0
0
0
0
0
0
0
0
0
0
0
0
0
0
0
0
0
0
-3.2444
0
0
0
0
0
0
0
0
0
0
0
0
0
0
0
0
0
0
0
0
0
0
0
0
0
0
0
0
0
0
0
3.2444
0
0
0
0
0
0
0
0
0
0
0
0
0
0
0
0
0
0
0
0
0
0
0
0
0
0
0
0
0
0
0
0
0
0
0
-6.1602
0
0
0
0
0
0
0
0
0
0
0
0
0
0
0
0
0
0
0
0
0
0
0
0
0
0
0
0
0
0
0
0
0
0
0
0
0
0
0
0
0
0
0
0
0
0
0
0
0
0
0
0
0
0
0
0
0
0
0
0
0
0
0
0
0
6.1602
0
0
0
0
0
0
0
0
0
0
0
0
0
0
0
0
0
0
0
0
0
0
0
0
0
0
0
0
0
0
0
0
0
0
0
0
0
0
0
0
0
0
0
0
0
0
0
0
0
0
0
0
0
0
0
0
0
0
0
0
0
0
0
0
0
0
0
0
-2.8165
0
0
0
0
0
0
0
0
0
0
0
0
0
0
0
0
0
0
0
0
0
0
0
0
0
0
0
0
0
0
0
0
2.8165
0
0
0
0
0
0
0
0
0
0
0
0
0
0
0
0
0
0
0
0
0
0
0
0
0
0
0
0
0
0
0
0
0
0
0
0
0
0
0
0
0
0
0
0
0
0
0
0
0
0
0
0
0
0
0
0
0
0
0
0
0
0
0
0
0
0
0
0
0
0
-3.4155
0
0
0
0
0
0
0
0
0
0
0
0
0
0
0
0
0
0
0
0
0
0
0
0
0
0
0
0
0
0
3.4155
0
0
0
0
0
0
0
0
0
0
0
0
0
0
0
0
0
0
0
0
0
0
0
0
0
0
-6.5483
0
0
0
0
0
0
0
0
0
0
0
0
0
0
0
0
0
0
0
0
0
0
0
0
0
0
0
0
0
0
0
0
0
0
0
0
0
0
0
0
0
0
0
0
0
0
0
0
0
0
0
0
0
0
0
0
0
0
0
0
0
0
0
0
0
0
0
0
0
0
0
0
0
0
6.5483
0
0
0
0
0
0
0
0
0
0
0
0
0
0
0
0
0
0
0
0
0
0
0
0
0
0
0
0
0
0
0
0
0
0
0
0
0
0
0
0
-5.9415
0
0
0
0
0
0
0
0
0
0
0
0
0
0
0
0
0
0
0
0
0
0
0
0
0
0
0
0
0
0
0
0
0
0
0
0
0
0
0
0
0
0
0
0
0
0
0
0
0
0
0
0
0
0
0
0
0
0
0
0
5.9415
0
0
0
0
0
0
0
0
0
0
0
0
0
0
0
0
0
0
0
0
0
0
0
0
0
0
0
0
0
0
0
0
0
0
0
0
0
0
0
0
0
0
0
0
0
0
0
0
0
0
0
0
-4.8726
0
0
0
0
0
0
0
0
0
0
0
0
0
0
0
0
0
0
0
0
0
0
0
0
0
0
0
0
0
0
0
0
0
0
0
0
0
0
0
0
0
0
0
0
0
0
0
0
4.8726
0
0
0
0
0
0
0
0
0
0
0
0
0
0
0
0
0
0
0
0
0
0
0
0
0
0
0
0
0
0
0
0
0
0
0
0
0
0
0
0
0
0
0
0
0
0
0
0
0
0
0
0
0
0
0
0
0
0
0
0
0
-2.134
0
0
0
0
0
0
0
0
0
0
0
0
0
0
0
0
0
0
0
0
0
0
0
0
0
0
0
0
0
0
0
0
0
0
0
0
0
0
0
2.134
0
0
0
0
0
0
0
0
0
0
0
0
0
0
0
0
0
0
0
0
0
0
0
-6.5483
0
0
0
0
0
0
0
0
0
0
0
0
0
0
0
0
0
0
0
0
0
0
0
0
0
0
0
0
0
0
0
0
0
0
0
0
0
0
0
0
0
0
0
0
0
0
0
0
0
0
0
0
0
0
0
0
0
0
0
0
0
0
0
0
0
0
0
0
0
0
0
0
0
0
0
0
0
6.5483
0
0
0
0
0
0
0
0
0
0
0
0
0
0
0
0
0
0
0
0
0
0
0
0
0
0
0
0
0
0
0
0
0
0
0
0
0
0
0
0
0
0
0
0
0
0
0
0
0
0
0
0
0
0
0
0
0
0
0
0
0
0
0
0
0
0
0
0
-0.59601
0
0
0
0
0
0
0
0
0
0
0
0
0
0
0
0
0
0
0
0
0
0
0
0
0
0
0
0
0
0
0
0
0.59601
0
0
0
0
0
0
0
0
0
0
0
0
0
0
0
0
0
0
0
0
0
0
0
0
0
0
0
0
0
0
0
0
0
0
0
0
0
0
0
0
0
0
0
0
0
0
0
0
0
0
0
0
0
0
0
0
0
0
0
0
0
0
0
0
0
0
0
0
-3.2269
0
0
0
0
0
0
0
0
0
0
0
0
0
0
0
0
0
0
0
0
0
0
0
0
0
0
0
0
0
0
0
0
3.2269
