51.6524
-0.81898
-0.81351
-0.81408
-0.81414
-0.81399
-0.81455
-0.79377
-0.79376
-0.78496
-0.79147
-0.78116
-0.78428
-0.78403
-0.79841
-0.80254
-0.80255
-0.77851
-0.78642
-0.84832
-0.84835
-0.76706
-0.77219
-0.76707
-0.75013
-0.82474
-0.75835
-0.76781
-0.84393
-0.82583
-0.85494
-0.82111
-0.80848
-0.86568
-0.86727
-0.80246
-0.81089
-0.81088
-0.88802
-0.77766
-0.81148
-0.77771
-0.85585
-0.79825
-0.8494
-0.89217
-0.98279
-1.1355
-1.0462
-1.1063
-1.0908
-1.0815
-1.2227
-1.3208
-1.2627
-1.8565
0
0
0
0
0
0
0
0
0
0
0
0
-3.1096
0
0
0
0
0
0
0
0
0
0
0
0
0
0
0
0
0
0
0
0
0
0
0
0
0
0
0
0
0
0
0
0
-0.81898
49.4771
-0.83007
-0.83068
-0.83075
-0.83059
-0.83118
-0.80572
-0.80572
-0.7964
-0.80305
-0.79259
-0.79655
-0.79708
-0.81371
-0.8142
-0.8142
-0.79096
-0.80074
-0.86298
-0.863
-0.77849
-0.78688
-0.77849
-0.76139
-0.83722
-0.76955
-0.77882
-0.85685
-0.83828
-0.86472
-0.82946
-0.81969
-0.88144
-0.88204
-0.81307
-0.82235
-0.82233
-0.90233
-0.78868
-0.8227
-0.79513
-0.86948
-0.80933
-0.86041
-0.90469
-0.99369
-1.1504
-1.0579
-1.1171
-1.1039
-1.0957
-1.2334
-1.3319
-1.3403
0
-2.0499
0
0
0
0
0
0
0
0
0
0
0
0
0
0
0
0
0
0
0
0
0
0
0
0
0
0
0
0
0
0
0
0
0
0
0
0
0
0
0
0
0
0
0
0
-0.81351
-0.83007
46.913
-0.79671
-0.79678
-0.79658
-0.79731
-0.79129
-0.79129
-0.78494
-0.79273
-0.78285
-0.7911
-0.78766
-0.8056
-0.80568
-0.80568
-0.78248
-0.79294
-0.85955
-0.85958
-0.7702
-0.77912
-0.77021
-0.75312
-0.83631
-0.76141
-0.77161
-0.85023
-0.83075
-0.85986
-0.82721
-0.81157
-0.87441
-0.87852
-0.80691
-0.81418
-0.81417
-0.89586
-0.78055
-0.81453
-0.78734
-0.86301
-0.80115
-0.85213
-0.89723
-0.98487
-1.1444
-1.0481
-1.1102
-1.0947
-1.0888
-1.2235
-1.3213
-1.3313
0
0
0
0
0
0
0
0
0
0
0
0
0
0
0
0
0
0
0
0
0
0
0
0
0
0
0
0
0
0
0
0
0
0
0
0
0
0
0
0
0
0
0
0
0
0
-0.81408
-0.83068
-0.79671
46.9437
-0.79753
-0.79733
-0.79805
-0.79181
-0.79181
-0.78548
-0.79327
-0.78339
-0.79166
-0.78821
-0.80616
-0.80624
-0.80624
-0.78304
-0.7935
-0.86013
-0.86016
-0.77074
-0.77967
-0.77075
-0.75366
-0.83689
-0.76196
-0.77215
-0.85081
-0.83132
-0.86045
-0.82778
-0.81212
-0.87498
-0.8791
-0.80749
-0.81474
-0.81473
-0.89644
-0.7811
-0.81509
-0.7879
-0.86358
-0.8017
-0.8527
-0.89781
-0.98547
-1.145
-1.0487
-1.1108
-1.0953
-1.0894
-1.2241
-1.322
-1.3319
0
0
0
0
0
0
0
0
0
0
0
0
0
0
0
0
0
0
0
0
0
0
0
0
0
0
0
0
0
0
0
0
0
0
0
0
0
0
0
0
0
0
0
0
0
0
-0.81414
-0.83075
-0.79678
-0.79753
46.9469
-0.79741
-0.79812
-0.79187
-0.79187
-0.78555
-0.79333
-0.78344
-0.79171
-0.78827
-0.80621
-0.80629
-0.80629
-0.78309
-0.79356
-0.86019
-0.86023
-0.77081
-0.77973
-0.77081
-0.75372
-0.83695
-0.76201
-0.77221
-0.85085
-0.83138
-0.8605
-0.82784
-0.81219
-0.87504
-0.87916
-0.80754
-0.8148
-0.81479
-0.89651
-0.78115
-0.81516
-0.78796
-0.86365
-0.80177
-0.85276
-0.89786
-0.98553
-1.1451
-1.0488
-1.1108
-1.0953
-1.0894
-1.2242
-1.322
-1.332
0
0
0
0
0
0
0
0
0
0
0
0
0
0
0
0
0
0
0
0
0
0
0
0
0
0
0
0
0
0
0
0
0
0
0
0
0
0
0
0
0
0
0
0
0
0
-0.81399
-0.83059
-0.79658
-0.79733
-0.79741
46.9388
-0.79794
-0.79173
-0.79173
-0.7854
-0.79318
-0.78331
-0.79157
-0.78812
-0.80607
-0.80615
-0.80615
-0.78295
-0.79341
-0.86003
-0.86007
-0.77066
-0.77959
-0.77067
-0.75358
-0.83679
-0.76187
-0.77207
-0.85072
-0.83122
-0.86035
-0.8277
-0.81204
-0.87489
-0.87901
-0.80739
-0.81466
-0.81464
-0.89635
-0.78101
-0.81501
-0.78781
-0.86349
-0.80162
-0.8526
-0.89772
-0.98537
-1.1449
-1.0486
-1.1107
-1.0952
-1.0893
-1.224
-1.3218
-1.3318
0
0
0
0
0
0
0
0
0
0
0
0
0
0
0
0
0
0
0
0
0
0
0
0
0
0
0
0
0
0
0
0
0
0
0
0
0
0
0
0
0
0
0
0
0
0
-0.81455
-0.83118
-0.79731
-0.79805
-0.79812
-0.79794
46.9686
-0.79224
-0.79224
-0.78592
-0.79371
-0.78383
-0.79211
-0.78866
-0.80661
-0.80668
-0.80669
-0.78348
-0.79396
-0.86061
-0.86064
-0.77119
-0.78012
-0.7712
-0.7541
-0.83735
-0.7624
-0.7726
-0.85126
-0.83178
-0.8609
-0.82823
-0.81258
-0.87545
-0.87958
-0.80793
-0.81521
-0.81518
-0.89691
-0.78155
-0.81555
-0.78835
-0.86405
-0.80216
-0.85315
-0.89827
-0.98594
-1.1455
-1.0492
-1.1113
-1.0958
-1.0898
-1.2246
-1.3225
-1.3324
0
0
0
0
0
0
0
0
0
0
0
0
0
0
0
0
0
0
0
0
0
0
0
0
0
0
0
0
0
0
0
0
0
0
0
0
0
0
0
0
0
0
0
0
0
0
-0.79377
-0.80572
-0.79129
-0.79181
-0.79187
-0.79173
-0.79224
44.5201
-0.76565
-0.76463
-0.77271
-0.76265
-0.76939
-0.76677
-0.78435
-0.7852
-0.7852
-0.76213
-0.77173
-0.8403
-0.84032
-0.75
-0.75863
-0.75
-0.733
-0.81556
-0.74102
-0.75092
-0.82757
-0.80912
-0.83793
-0.8057
-0.79019
-0.85144
-0.85491
-0.7855
-0.79298
-0.79296
-0.87317
-0.75964
-0.79336
-0.76622
-0.8409
-0.78016
-0.83061
-0.87523
-0.96225
-1.1192
-1.0247
-1.0863
-1.0707
-1.066
-1.1983
-1.2964
0
0
0
0
0
0
0
0
0
0
0
0
0
0
0
0
0
0
0
0
0
0
0
0
0
0
0
0
0
0
0
0
0
0
0
0
0
0
0
0
0
0
0
0
0
0
0
-0.79376
-0.80572
-0.79129
-0.79181
-0.79187
-0.79173
-0.79224
-0.76565
44.5201
-0.76463
-0.77271
-0.76265
-0.7694
-0.76678
-0.78435
-0.78521
-0.7852
-0.76212
-0.77173
-0.8403
-0.84032
-0.75
-0.75864
-0.75
-0.73301
-0.81557
-0.74102
-0.75091
-0.82756
-0.80912
-0.83794
-0.8057
-0.79019
-0.85144
-0.85491
-0.7855
-0.79297
-0.79296
-0.87317
-0.75964
-0.79336
-0.76622
-0.84091
-0.78016
-0.83061
-0.87523
-0.96225
-1.1192
-1.0247
-1.0863
-1.0707
-1.066
-1.1983
-1.2964
0
0
0
0
0
0
0
0
0
0
0
0
0
0
0
0
0
0
0
0
0
0
0
0
0
0
0
0
0
0
0
0
0
0
0
0
0
0
0
0
0
0
0
0
0
0
0
-0.78496
-0.7964
-0.78494
-0.78548
-0.78555
-0.7854
-0.78592
-0.76463
-0.76463
41.8114
-0.76761
-0.75468
-0.75743
-0.75798
-0.77678
-0.77713
-0.77713
-0.75366
-0.76425
-0.82682
-0.82686
-0.74132
-0.75
-0.74132
-0.72417
-0.79456
-0.73211
-0.74176
-0.8182
-0.80006
-0.82866
-0.797
-0.7809
-0.84213
-0.84525
-0.77661
-0.78385
-0.78383
-0.86381
-0.75059
-0.78387
-0.75684
-0.8312
-0.77065
-0.82072
-0.86508
-0.95262
-1.1095
-1.0152
-1.0763
-1.0667
0
0
-1.2884
0
0
0
0
0
0
0
0
0
0
0
0
0
0
0
0
0
0
0
0
0
0
0
0
0
0
0
0
0
0
0
0
0
0
0
0
0
0
0
0
0
0
0
0
0
0
0
-0.79147
-0.80305
-0.79273
-0.79327
-0.79333
-0.79318
-0.79371
-0.77271
-0.77271
-0.76761
40.8113
-0.75783
-0.76212
-0.76229
-0.78119
-0.78265
-0.78265
-0.75906
-0.76982
-0.82951
-0.82954
-0.74653
-0.7554
-0.74654
-0.7292
-0.79793
-0.7373
-0.74743
-0.82461
-0.80594
-0.83489
-0.80337
-0.7865
-0.84853
-0.85313
-0.78261
-0.78965
-0.78964
-0.87001
-0.75617
-0.7895
-0.7626
-0.83712
-0.7762
-0.82647
-0.87088
-0.95834
-1.1161
-1.0219
-1.0827
-1.0738
0
0
0
0
0
0
0
0
0
0
0
0
0
0
0
0
0
0
0
0
0
0
0
0
0
0
0
0
0
0
0
0
0
0
0
0
0
0
0
0
0
0
0
0
0
0
0
0
0
0
-0.78116
-0.79259
-0.78285
-0.78339
-0.78344
-0.78331
-0.78383
-0.76265
-0.76265
-0.75468
-0.75783
39.2039
-0.75065
-0.75119
-0.76779
-0.77381
-0.77381
-0.74931
-0.75638
-0.81772
-0.81775
-0.7364
-0.74535
-0.73641
-0.71884
-0.79021
-0.72677
-0.73641
-0.81265
-0.79462
-0.82308
-0.79187
-0.77512
-0.83628
-0.83927
-0.77099
-0.77852
-0.77851
-0.85816
-0.74509
-0.77849
-0.75184
-0.82586
-0.76543
-0.81548
-0.85936
-0.94694
-1.1026
-1.0066
-1.07
0
0
0
0
0
0
0
0
0
0
0
0
0
0
0
0
0
0
0
0
0
0
0
0
0
0
0
0
0
0
0
0
0
0
0
0
0
0
0
0
0
0
0
0
0
0
0
0
0
0
0
-0.78428
-0.79655
-0.7911
-0.79166
-0.79171
-0.79157
-0.79211
-0.76939
-0.7694
-0.75743
-0.76212
-0.75065
43.0262
-0.75121
-0.76893
-0.77149
-0.7715
-0.74664
-0.75431
-0.82427
-0.8243
-0.73556
-0.74341
-0.73557
-0.71826
-0.78398
-0.72572
-0.72299
-0.8074
-0.792
-0.8196
-0.78617
-0.77414
-0.82952
-0.83179
-0.76732
-0.77707
-0.77706
-0.85344
-0.74403
-0.77771
-0.74973
-0.82296
-0.76479
-0.81517
-0.85859
-0.94813
0
0
0
0
0
0
0
0
0
0
0
0
0
0
0
0
0
0
0
0
-2.7969
0
0
0
0
0
0
0
0
0
0
0
-4.2066
0
0
0
0
0
0
0
0
0
0
0
0
0
0
0
0
0
0
0
0
0
-0.78403
-0.79708
-0.78766
-0.78821
-0.78827
-0.78812
-0.78866
-0.76677
-0.76678
-0.75798
-0.76229
-0.75119
-0.75121
38.1916
-0.76842
-0.78395
-0.78395
-0.75453
-0.75807
-0.81782
-0.81786
-0.73992
-0.74925
-0.73992
-0.72141
-0.79142
-0.7291
-0.7377
-0.81201
-0.79604
-0.82365
-0.79874
-0.77697
-0.83439
-0.83522
-0.77016
-0.78054
-0.78053
-0.85776
-0.74719
-0.78078
-0.75232
-0.82578
-0.7677
-0.81814
-0.86136
-0.95077
0
0
0
0
0
0
0
0
0
0
0
0
0
0
0
0
0
0
0
0
0
0
0
0
0
0
0
0
0
-2.05
0
0
0
0
0
0
0
0
0
0
0
0
0
0
0
0
0
0
0
0
0
0
0
0
-0.79841
-0.81371
-0.8056
-0.80616
-0.80621
-0.80607
-0.80661
-0.78435
-0.78435
-0.77678
-0.78119
-0.76779
-0.76893
-0.76842
40.5447
-0.79223
-0.79224
-0.7683
-0.77682
-0.83404
-0.83407
-0.75504
-0.75973
-0.75504
-0.73721
-0.80622
-0.74542
-0.75473
-0.83167
-0.814
-0.84368
-0.81147
-0.79522
-0.85545
-0.86089
-0.78944
-0.79864
-0.79862
-0.876
-0.76504
-0.79873
-0.77261
-0.84264
-0.78553
-0.83646
-0.87889
-0.96969
0
0
0
0
0
0
0
0
0
0
0
0
0
0
0
0
0
0
0
0
0
0
0
0
0
-3.6344
0
0
0
0
0
0
0
0
0
0
0
0
0
0
0
0
0
0
0
0
0
0
0
0
0
0
0
0
-0.80254
-0.8142
-0.80568
-0.80624
-0.80629
-0.80615
-0.80668
-0.7852
-0.78521
-0.77713
-0.78265
-0.77381
-0.77149
-0.78395
-0.79223
36.9681
-0.79226
-0.76445
-0.78198
-0.83844
-0.83848
-0.7528
-0.76093
-0.75281
-0.73481
-0.81189
-0.74398
-0.75345
-0.83583
-0.81483
-0.84272
-0.81172
-0.79464
-0.85727
-0.86992
-0.79029
-0.79848
-0.79847
-0.8786
-0.76478
-0.79851
-0.7715
-0.84588
-0.78518
-0.83588
-0.87956
-0.96833
0
0
0
0
0
0
0
0
0
0
0
0
0
0
0
0
0
0
0
0
0
0
0
0
0
0
0
0
0
0
0
0
0
0
0
0
0
0
0
0
0
0
0
0
0
0
0
0
0
0
0
0
0
0
-0.80255
-0.8142
-0.80568
-0.80624
-0.80629
-0.80615
-0.80669
-0.7852
-0.7852
-0.77713
-0.78265
-0.77381
-0.7715
-0.78395
-0.79224
-0.79226
36.9682
-0.76445
-0.78198
-0.83844
-0.83847
-0.7528
-0.76093
-0.75281
-0.7348
-0.81189
-0.74397
-0.75345
-0.83584
-0.81483
-0.84272
-0.81172
-0.79464
-0.85727
-0.86992
-0.7903
-0.79848
-0.79847
-0.8786
-0.76478
-0.79851
-0.7715
-0.84588
-0.78519
-0.83588
-0.87956
-0.96834
0
0
0
0
0
0
0
0
0
0
0
0
0
0
0
0
0
0
0
0
0
0
0
0
0
0
0
0
0
0
0
0
0
0
0
0
0
0
0
0
0
0
0
0
0
0
0
0
0
0
0
0
0
0
-0.77851
-0.79096
-0.78248
-0.78304
-0.78309
-0.78295
-0.78348
-0.76213
-0.76212
-0.75366
-0.75906
-0.74931
-0.74664
-0.75453
-0.7683
-0.76445
-0.76445
35.3958
-0.75396
-0.81144
-0.81147
-0.72975
-0.7342
-0.72976
-0.7106
-0.78487
-0.71968
-0.72794
-0.80689
-0.78981
-0.81661
-0.78661
-0.76961
-0.82565
-0.84371
-0.76529
-0.77387
-0.77386
-0.85062
-0.74035
-0.77409
-0.74786
-0.81917
-0.76085
-0.81119
0
0
0
0
0
0
0
0
0
0
0
0
0
0
0
0
0
-1.3569
0
0
0
0
0
0
0
0
0
0
0
0
0
0
0
0
0
0
0
0
0
0
0
0
0
0
0
0
0
0
0
0
0
0
0
0
0
0
-0.78642
-0.80074
-0.79294
-0.7935
-0.79356
-0.79341
-0.79396
-0.77173
-0.77173
-0.76425
-0.76982
-0.75638
-0.75431
-0.75807
-0.77682
-0.78198
-0.78198
-0.75396
39.3829
-0.81746
-0.8175
-0.7429
-0.75146
-0.7429
-0.7239
-0.78958
-0.73209
-0.73961
-0.81456
-0.80013
-0.83109
-0.79579
-0.78141
-0.81892
-0.83762
-0.77235
-0.78505
-0.78504
-0.86091
-0.75163
-0.78574
-0.75872
-0.82894
-0.77254
0
0
0
0
0
0
0
0
0
0
0
0
0
0
0
0
0
-2.9229
0
0
0
-2.8266
0
0
0
0
0
0
0
0
0
0
0
0
0
0
0
0
0
0
0
0
0
0
0
0
0
0
0
0
0
0
0
0
0
0
0
-0.84832
-0.86298
-0.85955
-0.86013
-0.86019
-0.86003
-0.86061
-0.8403
-0.8403
-0.82682
-0.82951
-0.81772
-0.82427
-0.81782
-0.83404
-0.83844
-0.83844
-0.81144
-0.81746
44.0651
-0.89987
-0.80045
-0.80772
-0.80045
-0.78253
-0.84931
-0.79075
-0.80062
-0.8667
-0.85873
-0.88867
-0.85337
-0.84138
-0.89168
-0.8882
-0.83357
-0.84464
-0.84463
-0.91777
-0.81114
-0.846
-0.81383
-0.88553
-0.83272
-0.88485
0
0
0
0
0
0
0
0
0
0
0
0
0
0
0
0
0
0
0
0
0
0
0
0
0
0
0
0
0
0
0
0
0
0
0
0
0
0
0
0
0
0
0
0
0
0
0
0
0
-6.9816
0
0
0
0
0
0
-0.84835
-0.863
-0.85958
-0.86016
-0.86023
-0.86007
-0.86064
-0.84032
-0.84032
-0.82686
-0.82954
-0.81775
-0.8243
-0.81786
-0.83407
-0.83848
-0.83847
-0.81147
-0.8175
-0.89987
44.0665
-0.80048
-0.80776
-0.80048
-0.78257
-0.84936
-0.79079
-0.80066
-0.86672
-0.85876
-0.88871
-0.8534
-0.84141
-0.89171
-0.88824
-0.8336
-0.84467
-0.84466
-0.91781
-0.81117
-0.84603
-0.81387
-0.88557
-0.83276
-0.88488
0
0
0
0
0
0
0
0
0
0
0
0
0
0
0
0
0
0
0
0
0
0
0
0
0
0
0
0
0
0
0
0
0
0
0
0
0
0
0
0
0
0
0
0
0
0
0
0
0
0
0
0
0
-6.9816
0
0
-0.76706
-0.77849
-0.7702
-0.77074
-0.77081
-0.77066
-0.77119
-0.75
-0.75
-0.74132
-0.74653
-0.7364
-0.73556
-0.73992
-0.75504
-0.7528
-0.7528
-0.72975
-0.7429
-0.80045
-0.80048
33.509
-0.72743
-0.70657
-0.69497
-0.77582
-0.70685
-0.71544
-0.79613
-0.77789
-0.80409
-0.77402
-0.75666
-0.82007
-0.82879
-0.75296
-0.76132
-0.76131
-0.83888
-0.72786
-0.76118
-0.73464
-0.80742
-0.7479
-0.79771
0
0
0
0
0
0
0
0
0
0
0
0
0
0
0
0
0
0
0
0
0
0
0
0
0
0
0
0
0
0
0
0
0
0
0
0
0
0
0
0
0
0
0
0
0
0
0
0
0
0
0
0
0
0
0
0
-0.77219
-0.78688
-0.77912
-0.77967
-0.77973
-0.77959
-0.78012
-0.75863
-0.75864
-0.75
-0.7554
-0.74535
-0.74341
-0.74925
-0.75973
-0.76093
-0.76093
-0.7342
-0.75146
-0.80772
-0.80776
-0.72743
34.8447
-0.72744
-0.7061
-0.78246
-0.71604
-0.72473
-0.80261
-0.78574
-0.81183
-0.78142
-0.76542
-0.82245
-0.84097
-0.76153
-0.76992
-0.7699
-0.84568
-0.73633
-0.77001
-0.73606
-0.81428
-0.75661
0
0
0
0
0
0
0
0
0
0
0
-1.7891
0
0
0
0
0
0
0
0
0
0
0
0
0
0
0
0
0
0
0
0
0
0
0
0
0
0
0
0
0
0
0
0
0
0
0
0
0
0
0
0
0
0
0
0
0
-0.76707
-0.77849
-0.77021
-0.77075
-0.77081
-0.77067
-0.7712
-0.75
-0.75
-0.74132
-0.74654
-0.73641
-0.73557
-0.73992
-0.75504
-0.75281
-0.75281
-0.72976
-0.7429
-0.80045
-0.80048
-0.70657
-0.72744
33.5092
-0.69497
-0.77583
-0.70685
-0.71545
-0.79614
-0.7779
-0.8041
-0.77403
-0.75666
-0.82007
-0.8288
-0.75297
-0.76133
-0.76131
-0.83889
-0.72786
-0.76118
-0.73465
-0.80742
-0.7479
-0.79771
0
0
0
0
0
0
0
0
0
0
0
0
0
0
0
0
0
0
0
0
0
0
0
0
0
0
0
0
0
0
0
0
0
0
0
0
0
0
0
0
0
0
0
0
0
0
0
0
0
0
0
0
0
0
0
0
-0.75013
-0.76139
-0.75312
-0.75366
-0.75372
-0.75358
-0.7541
-0.733
-0.73301
-0.72417
-0.7292
-0.71884
-0.71826
-0.72141
-0.73721
-0.73481
-0.7348
-0.7106
-0.7239
-0.78253
-0.78257
-0.69497
-0.7061
-0.69497
31.9631
-0.75764
-0.69189
-0.69776
-0.77662
-0.76029
-0.78567
-0.75616
-0.7386
-0.80114
-0.80406
-0.73539
-0.744
-0.74399
-0.819
-0.71042
-0.74354
-0.71741
-0.78913
-0.7303
0
0
0
0
0
0
0
0
0
0
0
0
0
0
0
0
0
0
0
0
0
0
0
0
0
0
0
0
0
0
0
0
0
0
0
0
0
0
0
0
0
0
0
0
0
0
0
0
0
0
0
0
0
0
0
0
0
-0.82474
-0.83722
-0.83631
-0.83689
-0.83695
-0.83679
-0.83735
-0.81556
-0.81557
-0.79456
-0.79793
-0.79021
-0.78398
-0.79142
-0.80622
-0.81189
-0.81189
-0.78487
-0.78958
-0.84931
-0.84936
-0.77582
-0.78246
-0.77583
-0.75764
42.7134
-0.76477
-0.77228
-0.83918
-0.82988
-0.85938
-0.82338
-0.81408
-0.85824
-0.85623
-0.80572
-0.82035
-0.82034
-0.88399
-0.7861
0
0
0
0
0
0
0
0
0
0
0
0
0
0
0
0
0
0
0
-1.8746
0
0
0
0
0
0
0
0
0
0
0
0
0
-2.562
0
0
0
0
0
0
0
0
0
0
0
0
0
0
0
0
0
-6.5125
0
0
0
0
0
0
0
0
0
-0.75835
-0.76955
-0.76141
-0.76196
-0.76201
-0.76187
-0.7624
-0.74102
-0.74102
-0.73211
-0.7373
-0.72677
-0.72572
-0.7291
-0.74542
-0.74398
-0.74397
-0.71968
-0.73209
-0.79075
-0.79079
-0.70685
-0.71604
-0.70685
-0.69189
-0.76477
30.0405
-0.70785
-0.78296
-0.76839
-0.78947
-0.76254
-0.74296
-0.80759
-0.81571
-0.74166
-0.75387
-0.75386
-0.82039
-0.71844
-0.75109
0
0
0
0
0
0
0
0
0
0
0
0
0
0
0
0
0
0
0
0
0
0
0
0
0
0
0
0
0
0
0
0
0
0
0
0
0
0
0
0
0
0
0
0
0
0
0
0
0
0
0
0
0
0
0
0
0
0
0
0
-0.76781
-0.77882
-0.77161
-0.77215
-0.77221
-0.77207
-0.7726
-0.75092
-0.75091
-0.74176
-0.74743
-0.73641
-0.72299
-0.7377
-0.75473
-0.75345
-0.75345
-0.72794
-0.73961
-0.80062
-0.80066
-0.71544
-0.72473
-0.71545
-0.69776
-0.77228
-0.70785
31.4917
-0.78876
-0.77871
-0.79222
-0.75988
-0.75463
-0.81112
-0.81974
-0.75045
-0.76291
-0.76289
0
-0.72672
0
0
0
0
0
0
0
0
0
0
0
0
0
0
0
0
0
0
0
0
0
0
0
0
0
0
0
-2.7244
0
0
0
0
0
0
0
0
0
0
0
0
0
0
0
0
0
0
0
0
0
0
0
0
0
0
0
0
0
0
0
0
0
-0.84393
-0.85685
-0.85023
-0.85081
-0.85085
-0.85072
-0.85126
-0.82757
-0.82756
-0.8182
-0.82461
-0.81265
-0.8074
-0.81201
-0.83167
-0.83583
-0.83584
-0.80689
-0.81456
-0.8667
-0.86672
-0.79613
-0.80261
-0.79614
-0.77662
-0.83918
-0.78296
-0.78876
36.0381
-0.85436
-0.87445
-0.84092
-0.83028
-0.89514
0
-0.82553
-0.83829
-0.83827
0
0
0
0
0
0
0
0
0
0
0
0
0
0
0
0
0
0
0
0
0
0
0
0
0
0
0
0
0
0
0
0
0
0
0
0
0
0
0
0
0
0
0
0
-6.1156
0
0
0
0
0
0
0
0
0
0
0
0
0
0
0
0
0
0
-0.82583
-0.83828
-0.83075
-0.83132
-0.83138
-0.83122
-0.83178
-0.80912
-0.80912
-0.80006
-0.80594
-0.79462
-0.792
-0.79604
-0.814
-0.81483
-0.81483
-0.78981
-0.80013
-0.85873
-0.85876
-0.77789
-0.78574
-0.7779
-0.76029
-0.82988
-0.76839
-0.77871
-0.85436
27.6216
-0.93882
0
-0.78793
0
0
0
0
0
0
0
0
0
0
0
0
0
0
0
0
0
0
0
0
0
0
0
0
0
0
0
0
0
0
0
0
0
-2.3832
0
0
0
0
0
0
0
0
0
0
0
0
0
0
0
0
0
0
0
0
0
0
0
0
0
0
0
0
0
0
0
0
0
0
-0.85494
-0.86472
-0.85986
-0.86045
-0.8605
-0.86035
-0.8609
-0.83793
-0.83794
-0.82866
-0.83489
-0.82308
-0.8196
-0.82365
-0.84368
-0.84272
-0.84272
-0.81661
-0.83109
-0.88867
-0.88871
-0.80409
-0.81183
-0.8041
-0.78567
-0.85938
-0.78947
-0.79222
-0.87445
-0.93882
28.6404
0
-0.84482
0
0
0
0
0
0
0
0
0
0
0
0
0
0
0
0
0
0
0
0
0
0
0
0
0
0
0
-2.554
0
0
0
0
0
0
0
0
0
0
0
0
0
0
0
0
0
0
0
0
0
0
0
0
0
0
0
0
0
0
0
0
0
0
0
0
0
0
0
0
-0.82111
-0.82946
-0.82721
-0.82778
-0.82784
-0.8277
-0.82823
-0.8057
-0.8057
-0.797
-0.80337
-0.79187
-0.78617
-0.79874
-0.81147
-0.81172
-0.81172
-0.78661
-0.79579
-0.85337
-0.8534
-0.77402
-0.78142
-0.77403
-0.75616
-0.82338
-0.76254
-0.75988
-0.84092
0
0
28.5096
0
0
0
0
0
0
0
0
0
0
0
0
0
0
0
0
0
0
0
0
0
0
0
0
0
-0.29289
0
0
-2.5272
0
0
-2.3151
0
0
0
0
0
0
0
0
0
0
0
0
0
0
0
0
0
0
0
0
0
0
0
0
0
0
0
0
0
0
0
0
0
0
0
0
0
-0.80848
-0.81969
-0.81157
-0.81212
-0.81219
-0.81204
-0.81258
-0.79019
-0.79019
-0.7809
-0.7865
-0.77512
-0.77414
-0.77697
-0.79522
-0.79464
-0.79464
-0.76961
-0.78141
-0.84138
-0.84141
-0.75666
-0.76542
-0.75666
-0.7386
-0.81408
-0.74296
-0.75463
-0.83028
-0.78793
-0.84482
0
24.573
0
0
0
0
0
0
0
0
0
0
0
0
0
0
0
0
0
0
0
0
0
0
0
0
0
0
0
0
0
0
0
0
0
0
0
0
0
0
0
0
0
0
0
0
0
0
0
0
0
0
0
0
0
0
0
0
0
0
0
0
0
0
0
0
0
0
0
0
-0.86568
-0.88144
-0.87441
-0.87498
-0.87504
-0.87489
-0.87545
-0.85144
-0.85144
-0.84213
-0.84853
-0.83628
-0.82952
-0.83439
-0.85545
-0.85727
-0.85727
-0.82565
-0.81892
-0.89168
-0.89171
-0.82007
-0.82245
-0.82007
-0.80114
-0.85824
-0.80759
-0.81112
-0.89514
0
0
0
0
33.1868
0
0
0
0
0
0
0
0
0
0
0
0
0
0
0
0
0
0
0
0
0
0
0
0
0
0
0
0
0
0
0
-2.7625
0
0
0
0
0
0
0
0
0
0
0
0
0
0
0
0
0
0
0
0
-5.7749
0
0
0
0
0
0
0
0
0
0
0
0
0
0
-0.86727
-0.88204
-0.87852
-0.8791
-0.87916
-0.87901
-0.87958
-0.85491
-0.85491
-0.84525
-0.85313
-0.83927
-0.83179
-0.83522
-0.86089
-0.86992
-0.86992
-0.84371
-0.83762
-0.8882
-0.88824
-0.82879
-0.84097
-0.8288
-0.80406
-0.85623
-0.81571
-0.81974
0
0
0
0
0
0
36.467
0
0
0
0
0
0
0
0
0
0
0
0
0
0
0
0
0
0
0
0
0
0
0
0
0
0
0
0
0
0
0
0
0
0
0
0
0
0
0
0
0
0
0
0
0
0
0
0
0
0
0
0
0
0
-6.2775
0
0
0
0
0
-6.2775
0
0
0
0
0
-0.80246
-0.81307
-0.80691
-0.80749
-0.80754
-0.80739
-0.80793
-0.7855
-0.7855
-0.77661
-0.78261
-0.77099
-0.76732
-0.77016
-0.78944
-0.79029
-0.7903
-0.76529
-0.77235
-0.83357
-0.8336
-0.75296
-0.76153
-0.75297
-0.73539
-0.80572
-0.74166
-0.75045
-0.82553
0
0
0
0
0
0
26.5056
0
0
0
0
0
0
0
0
0
0
0
0
0
0
0
0
0
0
0
0
0
0
0
0
0
0
0
0
0
0
0
0
0
0
0
0
0
0
0
-3.7131
0
0
0
0
0
0
0
0
0
0
0
0
0
0
0
0
0
0
0
0
0
0
0
0
0
-0.81089
-0.82235
-0.81418
-0.81474
-0.8148
-0.81466
-0.81521
-0.79298
-0.79297
-0.78385
-0.78965
-0.77852
-0.77707
-0.78054
-0.79864
-0.79848
-0.79848
-0.77387
-0.78505
-0.84464
-0.84467
-0.76132
-0.76992
-0.76133
-0.744
-0.82035
-0.75387
-0.76291
-0.83829
0
0
0
0
0
0
0
23.0583
0
0
0
0
0
0
0
0
0
0
0
0
0
0
0
0
0
0
0
0
0
0
0
0
0
0
0
0
0
0
0
0
0
0
0
0
0
0
0
0
0
0
0
0
0
0
0
0
0
0
0
0
0
0
0
0
0
0
0
0
0
0
0
0
-0.81088
-0.82233
-0.81417
-0.81473
-0.81479
-0.81464
-0.81518
-0.79296
-0.79296
-0.78383
-0.78964
-0.77851
-0.77706
-0.78053
-0.79862
-0.79847
-0.79847
-0.77386
-0.78504
-0.84463
-0.84466
-0.76131
-0.7699
-0.76131
-0.74399
-0.82034
-0.75386
-0.76289
-0.83827
0
0
0
0
0
0
0
0
23.0578
0
0
0
0
0
0
0
0
0
0
0
0
0
0
0
0
0
0
0
0
0
0
0
0
0
0
0
0
0
0
0
0
0
0
0
0
0
0
0
0
0
0
0
0
0
0
0
0
0
0
0
0
0
0
0
0
0
0
0
0
0
0
0
-0.88802
-0.90233
-0.89586
-0.89644
-0.89651
-0.89635
-0.89691
-0.87317
-0.87317
-0.86381
-0.87001
-0.85816
-0.85344
-0.85776
-0.876
-0.8786
-0.8786
-0.85062
-0.86091
-0.91777
-0.91781
-0.83888
-0.84568
-0.83889
-0.819
-0.88399
-0.82039
0
0
0
0
0
0
0
0
0
0
0
28.9864
0
0
0
0
0
0
0
0
0
0
0
0
0
0
0
0
0
0
0
0
0
0
0
0
0
0
0
0
0
0
0
0
0
0
0
0
0
0
0
0
0
0
0
0
0
0
0
0
0
-5.4373
0
0
0
0
0
0
0
0
0
0
0
0
-0.77766
-0.78868
-0.78055
-0.7811
-0.78115
-0.78101
-0.78155
-0.75964
-0.75964
-0.75059
-0.75617
-0.74509
-0.74403
-0.74719
-0.76504
-0.76478
-0.76478
-0.74035
-0.75163
-0.81114
-0.81117
-0.72786
-0.73633
-0.72786
-0.71042
-0.7861
-0.71844
-0.72672
0
0
0
0
0
0
0
0
0
0
0
21.2767
0
0
0
0
0
0
0
0
0
0
0
0
0
0
0
0
0
0
0
0
0
0
0
0
0
0
0
0
0
0
0
0
0
0
0
0
0
0
0
0
0
0
0
0
0
0
0
0
0
0
0
0
0
0
0
0
0
0
0
0
0
-0.81148
-0.8227
-0.81453
-0.81509
-0.81516
-0.81501
-0.81555
-0.79336
-0.79336
-0.78387
-0.7895
-0.77849
-0.77771
-0.78078
-0.79873
-0.79851
-0.79851
-0.77409
-0.78574
-0.846
-0.84603
-0.76118
-0.77001
-0.76118
-0.74354
0
-0.75109
0
0
0
0
0
0
0
0
0
0
0
0
0
20.6412
0
0
0
0
0
0
0
0
0
0
0
0
0
0
0
0
0
0
0
0
0
0
0
0
0
0
0
0
0
0
0
0
0
0
0
0
0
0
0
0
0
0
0
0
0
0
0
0
0
0
0
0
0
0
0
0
0
0
0
0
-0.77771
-0.79513
-0.78734
-0.7879
-0.78796
-0.78781
-0.78835
-0.76622
-0.76622
-0.75684
-0.7626
-0.75184
-0.74973
-0.75232
-0.77261
-0.7715
-0.7715
-0.74786
-0.75872
-0.81383
-0.81387
-0.73464
-0.73606
-0.73465
-0.71741
0
0
0
0
0
0
0
0
0
0
0
0
0
0
0
0
22.5291
0
0
0
0
0
0
0
0
0
0
0
0
0
0
0
0
0
0
0
0
0
0
0
0
0
0
0
0
-3.3385
0
0
0
0
0
0
0
0
0
0
0
0
0
0
0
0
0
0
0
0
0
0
0
0
0
0
0
0
0
0
-0.85585
-0.86948
-0.86301
-0.86358
-0.86365
-0.86349
-0.86405
-0.8409
-0.84091
-0.8312
-0.83712
-0.82586
-0.82296
-0.82578
-0.84264
-0.84588
-0.84588
-0.81917
-0.82894
-0.88553
-0.88557
-0.80742
-0.81428
-0.80742
-0.78913
0
0
0
0
0
0
0
0
0
0
0
0
0
0
0
0
0
25.6463
0
0
0
0
0
0
0
0
0
0
0
0
0
0
0
0
0
0
0
0
0
0
0
0
0
0
0
0
0
0
0
0
0
0
0
0
0
0
0
0
0
0
-4.6066
0
0
0
0
0
0
0
0
0
0
0
0
0
0
0
-0.79825
-0.80933
-0.80115
-0.8017
-0.80177
-0.80162
-0.80216
-0.78016
-0.78016
-0.77065
-0.7762
-0.76543
-0.76479
-0.7677
-0.78553
-0.78518
-0.78519
-0.76085
-0.77254
-0.83272
-0.83276
-0.7479
-0.75661
-0.7479
-0.7303
0
0
0
0
0
0
0
0
0
0
0
0
0
0
0
0
0
0
19.5586
0
0
0
0
0
0
0
0
0
0
0
0
0
0
0
0
0
0
0
0
0
0
0
0
0
0
0
0
0
0
0
0
0
0
0
0
0
0
0
0
0
0
0
0
0
0
0
0
0
0
0
0
0
0
0
0
0
-0.8494
-0.86041
-0.85213
-0.8527
-0.85276
-0.8526
-0.85315
-0.83061
-0.83061
-0.82072
-0.82647
-0.81548
-0.81517
-0.81814
-0.83646
-0.83588
-0.83588
-0.81119
0
-0.88485
-0.88488
-0.79771
0
-0.79771
0
0
0
0
0
0
0
0
0
0
0
0
0
0
0
0
0
0
0
0
18.4149
0
0
0
0
0
0
0
0
0
0
0
0
0
0
0
0
0
0
0
0
0
0
0
0
0
0
0
0
0
0
0
0
0
0
0
0
0
0
0
0
0
0
0
0
0
0
0
0
0
0
0
0
0
0
0
0
-0.89217
-0.90469
-0.89723
-0.89781
-0.89786
-0.89772
-0.89827
-0.87523
-0.87523
-0.86508
-0.87088
-0.85936
-0.85859
-0.86136
-0.87889
-0.87956
-0.87956
0
0
0
0
0
0
0
0
0
0
0
0
0
0
0
0
0
0
0
0
0
0
0
0
0
0
0
0
17.285
0
0
0
0
0
0
0
0
0
0
0
0
0
0
0
0
0
0
0
0
-2.2955
0
0
0
0
0
0
0
0
0
0
0
0
0
0
0
0
0
0
0
0
0
0
0
0
0
0
0
0
0
0
0
0
0
0
-0.98279
-0.99369
-0.98487
-0.98547
-0.98553
-0.98537
-0.98594
-0.96225
-0.96225
-0.95262
-0.95834
-0.94694
-0.94813
-0.95077
-0.96969
-0.96833
-0.96834
0
0
0
0
0
0
0
0
0
0
0
0
0
0
0
0
0
0
0
0
0
0
0
0
0
0
0
0
0
16.4913
0
0
0
0
0
0
0
0
0
0
0
0
0
0
0
0
0
0
0
0
0
0
0
0
0
0
0
0
0
0
0
0
0
0
0
0
0
0
0
0
0
0
0
0
0
0
0
0
0
0
0
0
0
0
-1.1355
-1.1504
-1.1444
-1.145
-1.1451
-1.1449
-1.1455
-1.1192
-1.1192
-1.1095
-1.1161
-1.1026
0
0
0
0
0
0
0
0
0
0
0
0
0
0
0
0
0
0
0
0
0
0
0
0
0
0
0
0
0
0
0
0
0
0
0
27.0787
0
0
0
0
0
0
0
0
0
0
0
0
0
0
0
0
0
0
0
0
0
-3.112
0
0
0
0
0
0
0
0
0
0
0
0
0
0
-5.1948
0
0
0
0
0
0
0
0
0
0
0
-5.1948
0
0
0
0
-1.0462
-1.0579
-1.0481
-1.0487
-1.0488
-1.0486
-1.0492
-1.0247
-1.0247
-1.0152
-1.0219
-1.0066
0
0
0
0
0
0
0
0
0
0
0
0
0
0
0
0
0
0
0
0
0
0
0
0
0
0
0
0
0
0
0
0
0
0
0
0
15.1726
0
0
0
0
0
0
0
0
0
0
0
0
0
0
0
0
0
0
0
0
-2.7319
0
0
0
0
0
0
0
0
0
0
0
0
0
0
0
0
0
0
0
0
0
0
0
0
0
0
0
0
0
0
0
-1.1063
-1.1171
-1.1102
-1.1108
-1.1108
-1.1107
-1.1113
-1.0863
-1.0863
-1.0763
-1.0827
-1.07
0
0
0
0
0
0
0
0
0
0
0
0
0
0
0
0
0
0
0
0
0
0
0
0
0
0
0
0
0
0
0
0
0
0
0
0
0
17.9008
0
0
0
0
0
0
0
0
0
0
0
0
0
0
0
0
0
0
0
0
0
0
0
0
0
0
0
0
0
0
0
0
0
-4.7222
0
0
0
0
0
0
0
0
0
0
0
0
0
0
0
0
0
-1.0908
-1.1039
-1.0947
-1.0953
-1.0953
-1.0952
-1.0958
-1.0707
-1.0707
-1.0667
-1.0738
0
0
0
0
0
0
0
0
0
0
0
0
0
0
0
0
0
0
0
0
0
0
0
0
0
0
0
0
0
0
0
0
0
0
0
0
0
0
0
18.4837
0
0
0
0
0
0
0
0
0
0
0
0
0
-3.0134
0
0
0
0
0
0
0
0
0
-3.5176
0
0
0
0
0
0
0
0
0
0
0
0
0
0
0
0
0
0
0
0
0
0
0
0
0
0
-1.0815
-1.0957
-1.0888
-1.0894
-1.0894
-1.0893
-1.0898
-1.066
-1.066
0
0
0
0
0
0
0
0
0
0
0
0
0
0
0
0
0
0
0
0
0
0
0
0
0
0
0
0
0
0
0
0
0
0
0
0
0
0
0
0
0
0
15.8364
0
0
0
0
0
0
0
0
0
-2.3546
0
0
0
0
0
0
0
0
0
0
0
0
0
0
0
0
0
0
0
0
0
0
0
0
0
-3.726
0
0
0
0
0
0
0
0
0
0
0
0
0
-1.2227
-1.2334
-1.2235
-1.2241
-1.2242
-1.224
-1.2246
-1.1983
-1.1983
0
0
0
0
0
0
0
0
0
0
0
0
0
0
0
0
0
0
0
0
0
0
0
0
0
0
0
0
0
0
0
0
0
0
0
0
0
0
0
0
0
0
0
13.7078
0
0
0
0
0
0
0
0
0
0
0
-2.7347
0
0
0
0
0
0
0
0
0
0
0
0
0
0
0
0
0
0
0
0
0
0
0
0
0
0
0
0
0
0
0
0
0
0
0
0
-1.3208
-1.3319
-1.3213
-1.322
-1.322
-1.3218
-1.3225
-1.2964
-1.2964
-1.2884
0
0
0
0
0
0
0
0
0
0
0
0
0
0
0
0
0
0
0
0
0
0
0
0
0
0
0
0
0
0
0
0
0
0
0
0
0
0
0
0
0
0
0
13.1436
0
0
0
0
0
0
0
0
0
0
0
0
0
0
0
0
0
0
0
0
0
0
0
0
0
0
0
0
0
0
0
0
0
0
0
0
0
0
0
0
0
0
0
0
0
0
0
-1.2627
-1.3403
-1.3313
-1.3319
-1.332
-1.3318
-1.3324
0
0
0
0
0
0
0
0
0
0
0
0
0
0
0
0
0
0
0
0
0
0
0
0
0
0
0
0
0
0
0
0
0
0
0
0
0
0
0
0
0
0
0
0
0
0
0
11.7512
0
0
0
0
0
0
0
0
0
0
0
0
0
-2.4886
0
0
0
0
0
0
0
0
0
0
0
0
0
0
0
0
0
0
0
0
0
0
0
0
0
0
0
0
0
0
0
0
-1.8565
0
0
0
0
0
0
0
0
0
0
0
0
0
0
0
0
0
0
0
0
0
-1.7891
0
0
0
0
0
0
0
0
0
0
0
0
0
0
0
0
0
0
0
0
0
0
0
0
0
0
0
0
0
0
0
0
11.0903
0
0
-2.0248
0
0
0
0
0
0
0
0
0
0
0
-2.7442
0
-2.6758
0
0
0
0
0
0
0
0
0
0
0
0
0
0
0
0
0
0
0
0
0
0
0
0
0
0
0
0
0
-2.0499
0
0
0
0
0
0
0
0
0
0
0
0
0
0
0
0
0
0
0
0
0
0
0
0
0
0
0
0
0
0
0
0
0
0
0
0
0
0
0
0
0
0
0
0
0
0
0
0
0
0
0
0
0
0
9.4646
0
-2.052
0
-2.5638
0
0
-2.7989
0
0
0
0
0
0
0
0
0
0
0
0
0
0
0
0
0
0
0
0
0
0
0
0
0
0
0
0
0
0
0
0
0
0
0
0
0
0
0
0
0
0
0
0
0
0
0
0
0
0
0
0
0
0
0
0
0
0
0
0
0
0
0
0
0
0
0
0
-0.29289
0
0
0
0
0
0
0
0
0
0
0
0
0
0
0
0
0
0
0
0
0
0
0
0
0
7.772
0
0
0
0
0
-2.1423
0
0
0
0
0
0
0
0
0
0
0
0
-3.0804
0
0
0
0
0
0
0
0
0
0
0
0
0
0
0
0
0
0
0
0
-2.2563
0
0
0
0
0
0
0
0
0
0
0
0
0
0
0
0
0
0
0
0
0
0
0
0
0
0
0
0
0
0
0
0
0
0
0
0
0
0
0
0
0
0
0
0
0
0
0
0
0
0
0
0
0
0
0
0
0
0
-2.0248
-2.052
0
10.3648
0
0
0
-2.8184
0
0
0
0
0
0
0
0
0
0
0
0
0
0
0
0
0
0
0
0
0
0
0
0
0
0
0
-3.4695
0
0
0
0
0
0
0
0
0
0
0
0
0
0
0
0
0
0
0
0
0
0
0
0
0
0
0
0
0
0
0
0
0
0
0
-1.8746
0
0
0
0
0
0
0
0
0
0
0
0
0
0
0
0
0
0
0
0
0
0
0
0
0
0
0
0
0
0
0
0
0
10.5001
0
0
0
0
0
0
0
0
-2.8513
0
0
0
0
-2.6958
0
0
0
0
0
0
0
0
0
0
0
0
0
0
0
0
0
0
-3.0784
0
0
0
0
0
0
0
0
0
0
0
0
0
0
0
0
0
0
0
0
0
0
0
0
0
0
0
0
0
0
0
0
0
0
0
0
0
0
-2.554
-2.5272
0
0
0
0
0
0
0
0
0
0
0
0
0
0
0
0
0
0
0
0
0
0
0
0
-2.5638
0
0
0
11.0707
0
0
0
0
0
0
0
0
0
0
-3.4257
0
0
0
0
0
0
0
0
0
0
0
0
0
0
0
0
0
0
0
0
0
0
0
0
0
0
0
0
0
0
0
0
0
0
0
0
0
0
0
0
0
0
0
0
0
0
0
-2.9229
0
0
0
0
0
0
0
0
0
0
0
0
0
0
0
0
0
0
0
0
0
0
0
0
0
0
0
0
0
0
0
0
-2.3546
0
0
0
0
0
0
0
0
0
11.9662
0
0
0
0
0
0
0
0
0
0
0
0
0
0
0
-3.3655
0
0
0
-3.3232
0
0
0
0
0
0
0
0
0
0
0
0
0
0
0
0
0
0
0
0
0
0
0
0
0
0
0
0
0
0
0
0
0
0
0
0
-1.3569
0
0
0
0
0
0
0
0
0
0
0
0
0
0
0
0
0
0
0
0
0
0
0
0
0
0
0
0
0
0
0
0
0
0
0
0
0
0
0
0
-2.8184
0
0
0
10.3758
0
0
-2.4569
0
0
0
0
0
0
0
0
0
0
0
0
0
0
0
0
0
0
0
0
0
0
0
0
0
0
0
-3.7435
0
0
0
0
0
0
0
0
0
0
0
0
0
0
0
0
0
0
0
0
0
0
0
0
0
0
0
0
0
0
0
0
0
0
0
0
0
0
-2.3151
0
0
0
0
0
0
0
0
0
0
0
0
0
0
0
0
0
0
0
0
0
0
0
0
-2.7989
-2.1423
0
0
0
0
0
7.2564
0
0
0
0
0
0
0
0
0
0
0
0
0
0
0
0
0
0
0
0
0
0
0
0
0
0
0
0
0
0
0
0
0
0
0
0
0
0
0
0
0
0
0
0
0
0
0
0
0
0
0
0
0
0
0
0
0
0
0
0
0
0
0
0
0
0
0
0
0
0
0
0
0
0
0
0
0
0
0
0
0
0
0
0
0
0
0
-3.0134
0
-2.7347
0
0
0
0
0
0
0
0
0
0
0
9.6507
0
0
0
0
0
0
0
0
0
0
0
0
0
-3.9025
0
0
0
0
0
0
0
0
0
0
0
0
0
0
0
0
0
0
0
0
0
0
0
0
0
0
0
0
0
0
0
0
0
0
0
0
0
0
0
0
-2.8266
0
0
0
0
0
0
0
0
0
0
0
0
0
0
-2.7625
0
0
0
0
0
0
0
0
0
0
0
0
0
0
0
0
0
0
0
0
0
0
0
0
0
0
0
0
-2.4569
0
0
8.0461
0
0
0
0
0
0
0
0
0
0
0
0
0
0
0
0
0
0
0
0
0
0
0
0
0
0
0
0
0
0
0
0
0
0
0
0
0
0
0
0
0
0
0
0
0
0
0
0
0
0
0
0
0
0
0
0
0
0
0
0
0
0
0
0
-2.3832
0
0
0
0
0
0
0
0
0
0
0
0
0
0
0
-2.2955
0
0
0
0
0
0
0
0
0
0
0
0
0
0
0
0
0
0
0
0
5.3105
0
0
0
0
0
0
0
0
0
0
0
0
0
0
0
0
0
0
0
0
0
0
0
0
0
0
0
0
0
0
0
0
-0.63179
0
0
0
0
0
0
0
0
0
0
0
0
0
-2.7969
0
0
0
0
0
0
0
0
0
0
0
0
0
0
-2.7244
0
0
0
0
0
0
0
0
0
0
0
0
0
0
0
0
0
0
0
0
0
0
0
0
0
0
0
0
0
0
0
0
0
0
0
0
0
0
0
9.0043
0
0
0
0
0
0
0
0
0
0
0
0
0
0
0
0
0
0
0
0
0
0
0
0
0
0
0
0
0
0
0
0
-3.4831
-3.1096
0
0
0
0
0
0
0
0
0
0
0
0
0
0
0
0
0
0
0
0
0
0
0
0
0
0
0
0
0
0
0
0
0
0
0
0
0
0
0
0
0
0
0
0
0
0
0
0
0
0
0
0
0
-2.4886
0
0
0
0
-2.8513
0
0
0
0
0
0
0
0
8.4495
0
0
0
0
0
0
0
0
0
0
0
0
0
0
0
0
0
0
0
0
0
0
0
0
0
0
0
0
0
0
0
0
0
0
0
0
0
0
0
0
0
0
0
0
0
0
0
0
0
0
0
0
0
0
0
0
0
0
0
0
0
0
0
0
0
0
0
0
0
0
0
0
0
0
0
0
0
0
0
-3.112
-2.7319
0
0
0
0
0
0
0
0
0
0
0
0
0
0
0
0
0
0
0
0
8.9063
0
0
0
0
0
0
0
0
0
0
-3.0624
0
0
0
0
0
0
0
0
0
0
0
0
0
0
0
0
0
0
0
0
0
0
0
0
0
0
0
0
0
0
0
0
0
0
0
0
0
0
0
0
0
0
0
0
0
0
0
0
0
0
0
0
0
0
0
0
0
0
0
0
0
-3.3385
0
0
0
0
0
0
0
0
0
0
0
0
0
-2.7442
0
0
0
0
0
0
0
0
0
0
0
0
0
0
6.0827
0
0
0
0
0
0
0
0
0
0
0
0
0
0
0
0
0
0
0
0
0
0
0
0
0
0
0
0
0
0
0
0
0
0
0
0
0
0
0
0
0
0
0
0
0
0
0
0
0
0
0
0
0
0
0
0
0
0
0
0
0
0
0
0
0
0
0
0
0
0
0
0
0
0
0
0
0
0
0
0
0
0
0
0
0
0
0
0
0
0
-3.4257
0
0
0
0
0
0
0
0
0
0
7.5326
0
0
0
0
0
-4.1069
0
0
0
0
0
0
0
0
0
0
0
0
0
0
0
0
0
0
0
0
0
0
0
0
0
0
0
0
0
0
0
0
0
0
0
0
0
-3.6344
0
0
0
0
0
0
0
0
0
0
0
0
0
0
0
0
0
0
0
0
0
0
0
0
0
0
0
0
0
0
0
0
0
0
0
0
0
0
0
0
-2.6758
0
0
0
0
0
0
0
0
0
0
0
0
0
0
0
0
6.3102
0
0
0
0
0
0
0
0
0
0
0
0
0
0
0
0
0
0
0
0
0
0
0
0
0
0
0
0
0
0
0
0
0
0
0
0
0
0
0
0
0
0
0
0
0
0
0
0
0
0
0
0
0
-2.562
0
0
0
0
0
0
0
0
0
0
0
0
0
0
0
0
0
0
0
0
0
0
0
0
0
0
0
0
0
0
0
0
0
-2.6958
0
0
0
0
0
0
0
0
0
0
0
0
0
5.2577
0
0
0
0
0
0
0
0
0
0
0
0
0
0
0
0
0
0
0
0
0
0
0
0
0
0
0
0
0
0
0
0
0
0
0
0
0
0
0
0
0
0
0
0
0
0
0
0
0
0
0
0
0
0
0
0
0
0
0
0
0
0
0
0
0
0
0
0
0
0
0
0
0
0
0
0
0
-3.5176
0
0
0
0
0
0
0
0
0
0
0
0
0
0
0
0
0
0
0
0
0
0
0
7.17
0
0
0
0
0
-3.6524
0
0
0
0
0
0
0
0
0
0
0
0
0
0
0
0
0
0
0
0
0
0
0
0
0
0
0
0
0
0
0
0
0
0
0
0
0
0
0
0
0
0
0
0
0
0
0
0
0
0
0
0
0
0
0
-3.7131
0
0
0
0
0
0
0
0
0
0
0
0
0
0
0
0
0
0
0
0
0
0
0
0
0
0
0
0
0
0
0
0
0
0
0
0
0
0
0
7.0592
0
0
0
0
0
-3.3462
0
0
0
0
0
0
0
0
0
0
0
0
0
0
0
0
0
0
0
0
0
0
0
0
0
0
0
0
0
0
0
0
-2.05
0
0
0
0
0
0
0
0
0
0
0
0
0
0
0
0
0
0
0
0
0
0
0
0
0
0
0
0
0
0
0
0
0
0
0
0
0
0
0
0
0
0
0
-3.0804
0
0
0
0
0
0
0
0
0
0
0
0
0
0
0
0
0
0
5.1304
0
0
0
0
0
0
0
0
0
0
0
0
0
0
0
0
0
0
0
0
0
0
0
0
0
0
0
0
0
0
0
0
0
0
0
0
0
0
0
0
0
0
0
0
0
0
0
0
0
0
0
0
0
0
0
0
0
0
0
0
0
0
0
0
0
0
0
0
0
0
0
0
0
0
0
0
0
0
0
0
0
0
0
0
0
-3.3655
0
0
0
0
0
0
0
0
0
-4.1069
0
0
0
0
0
7.4724
0
0
0
0
0
0
0
0
0
0
0
0
0
0
0
0
0
0
0
0
0
0
0
0
0
0
0
0
0
0
0
0
0
0
0
0
0
0
0
0
0
0
0
0
0
0
0
0
0
0
0
0
0
0
0
0
0
0
0
0
0
0
0
0
0
0
0
0
0
0
0
0
0
0
0
0
0
0
0
0
0
0
0
0
0
0
0
-3.9025
0
0
0
0
0
0
0
0
0
0
0
0
0
7.8261
-3.9235
0
0
0
0
0
0
0
0
0
0
0
0
0
0
0
0
0
0
0
0
0
0
0
0
0
0
0
0
0
0
0
0
0
-4.2066
0
0
0
0
0
0
0
0
0
0
0
0
0
0
0
0
0
0
0
0
0
0
0
0
0
0
0
0
0
0
0
0
0
0
0
0
0
0
0
0
0
0
0
0
0
0
0
0
0
0
0
0
0
0
0
0
0
0
0
0
0
0
0
0
0
-3.9235
8.1302
0
0
0
0
0
0
0
0
0
0
0
0
0
0
0
0
0
0
0
0
0
0
0
0
0
0
0
0
0
0
0
0
0
0
0
0
0
0
0
0
0
0
0
0
0
0
0
0
0
0
0
0
0
0
0
0
0
0
0
0
0
0
0
0
0
0
0
0
0
0
0
0
0
0
0
0
0
0
0
0
0
0
0
0
0
0
0
0
0
0
-3.0624
0
0
0
0
-3.6524
0
0
0
0
0
6.7148
0
0
0
0
0
0
0
0
0
0
0
0
0
0
0
0
0
0
0
0
0
0
0
0
0
0
0
0
0
0
0
0
0
0
0
0
0
0
0
0
0
0
0
0
0
0
0
0
0
0
0
0
0
0
0
0
0
0
0
0
0
0
0
0
0
0
0
0
0
0
0
0
0
0
0
0
0
0
0
0
0
-3.3232
0
0
0
0
0
0
0
0
0
0
0
0
0
-3.3462
0
0
0
0
0
6.6694
0
0
0
0
0
0
0
0
0
0
0
0
0
0
0
0
0
0
0
0
0
0
0
0
0
0
0
0
0
0
0
0
0
0
0
0
0
0
0
0
0
0
0
0
0
0
0
-6.1156
0
0
0
0
0
0
0
0
0
0
0
0
0
0
0
0
0
0
0
0
0
0
0
0
0
0
0
0
0
0
0
0
0
0
0
0
0
0
0
0
0
0
0
0
0
0
0
0
0
0
0
0
0
6.1156
0
0
0
0
0
0
0
0
0
0
0
0
0
0
0
0
0
0
0
0
0
0
0
0
0
0
0
0
0
0
0
0
0
0
0
0
0
0
0
0
0
0
0
0
0
0
0
0
0
0
0
0
0
0
0
0
0
0
0
0
0
0
0
0
0
0
0
-4.7222
0
0
0
0
0
0
0
0
0
0
0
0
0
0
0
0
0
0
0
0
0
0
0
0
0
0
0
0
0
0
0
0
0
4.7222
0
0
0
0
0
0
0
0
0
0
0
0
0
0
0
0
0
0
0
0
0
0
0
0
0
0
0
0
0
0
0
0
0
0
0
0
0
0
0
0
0
0
0
0
0
0
0
0
0
0
0
0
0
0
0
0
0
0
0
0
0
0
0
0
-5.1948
0
0
0
0
0
0
0
0
0
0
0
0
0
0
0
0
0
0
0
0
0
0
0
0
0
0
0
0
0
0
0
0
0
0
0
0
5.1948
0
0
0
0
0
0
0
0
0
0
0
0
0
0
0
0
0
0
0
0
0
0
0
0
0
0
0
0
0
0
0
0
0
0
0
0
0
0
0
0
0
0
0
0
0
0
0
0
0
0
0
0
0
0
0
0
0
0
-4.6066
0
0
0
0
0
0
0
0
0
0
0
0
0
0
0
0
0
0
0
0
0
0
0
0
0
0
0
0
0
0
0
0
0
0
0
0
0
0
0
0
0
0
4.6066
0
0
0
0
0
0
0
0
0
0
0
0
0
0
0
0
0
0
0
0
0
0
0
0
0
0
0
0
0
0
0
0
0
0
0
0
0
0
0
0
0
0
0
0
0
0
0
0
-5.7749
0
0
0
0
0
0
0
0
0
0
0
0
0
0
0
0
0
0
0
0
0
0
0
0
0
0
0
0
0
0
0
0
0
0
0
0
0
0
0
0
0
0
0
0
0
0
0
0
0
0
0
0
5.7749
0
0
0
0
0
0
0
0
0
0
0
0
0
0
0
0
0
0
0
0
0
0
0
0
0
0
0
0
0
0
0
0
0
0
0
0
0
0
0
0
0
0
0
0
0
0
0
0
0
0
0
0
0
0
0
0
0
0
0
0
0
0
0
0
0
-3.726
0
0
0
0
0
0
0
0
0
0
0
0
0
0
0
0
0
0
0
0
0
0
0
0
0
0
0
0
0
0
0
0
0
0
0
3.726
0
0
0
0
0
0
0
0
0
0
0
0
0
0
0
0
0
0
0
0
0
0
0
0
0
0
0
0
0
0
0
0
0
0
0
0
0
0
0
0
0
0
0
0
0
0
0
0
0
0
0
-5.4373
0
0
0
0
0
0
0
0
0
0
0
0
0
0
0
0
0
0
0
0
0
0
0
0
0
0
0
0
0
0
0
0
0
0
0
0
0
0
0
0
0
0
0
0
0
0
0
0
0
5.4373
0
0
0
0
0
0
0
0
0
0
0
0
0
0
0
0
0
0
0
0
0
0
0
0
0
0
0
0
0
0
0
0
0
0
0
0
0
0
0
0
0
0
0
0
0
0
-6.2775
0
0
0
0
0
0
0
0
0
0
0
0
0
0
0
0
0
0
0
0
0
0
0
0
0
0
0
0
0
0
0
0
0
0
0
0
0
0
0
0
0
0
0
0
0
0
0
0
0
0
0
0
0
0
6.2775
0
0
0
0
0
0
0
0
0
0
0
0
0
0
0
0
0
0
0
0
0
0
0
0
0
0
0
0
0
0
0
0
0
0
0
0
0
0
0
0
0
0
0
0
0
0
0
0
0
0
0
0
0
0
0
0
0
0
0
0
0
0
0
0
0
0
0
0
0
-3.4695
0
0
0
0
0
0
0
0
0
0
0
0
0
0
0
0
0
0
0
0
0
0
0
0
0
0
0
0
0
0
0
3.4695
0
0
0
0
0
0
0
0
0
0
0
0
0
0
0
0
0
0
0
0
0
0
0
0
0
0
0
0
0
0
0
0
0
0
0
-6.5125
0
0
0
0
0
0
0
0
0
0
0
0
0
0
0
0
0
0
0
0
0
0
0
0
0
0
0
0
0
0
0
0
0
0
0
0
0
0
0
0
0
0
0
0
0
0
0
0
0
0
0
0
0
0
0
0
0
0
0
0
0
0
0
0
0
6.5125
0
0
0
0
0
0
0
0
0
0
0
0
0
0
0
0
0
0
0
0
0
0
0
0
0
0
0
0
0
0
0
0
0
0
0
0
0
0
0
0
0
0
0
0
0
0
0
0
0
0
0
0
0
0
0
0
0
0
0
0
0
0
0
0
0
0
0
0
-3.0784
0
0
0
0
0
0
0
0
0
0
0
0
0
0
0
0
0
0
0
0
0
0
0
0
0
0
0
0
0
0
0
0
3.0784
0
0
0
0
0
0
0
0
0
0
0
0
0
0
0
0
0
0
0
0
0
0
0
0
0
0
0
0
0
0
0
0
0
0
0
0
0
0
0
0
0
0
0
0
0
0
0
0
0
0
0
0
0
0
0
0
0
0
0
0
0
0
0
0
0
0
0
0
0
0
-3.7435
0
0
0
0
0
0
0
0
0
0
0
0
0
0
0
0
0
0
0
0
0
0
0
0
0
0
0
0
0
0
3.7435
0
0
0
0
0
0
0
0
0
0
0
0
0
0
0
0
0
0
0
0
0
0
0
0
0
0
-6.9816
0
0
0
0
0
0
0
0
0
0
0
0
0
0
0
0
0
0
0
0
0
0
0
0
0
0
0
0
0
0
0
0
0
0
0
0
0
0
0
0
0
0
0
0
0
0
0
0
0
0
0
0
0
0
0
0
0
0
0
0
0
0
0
0
0
0
0
0
0
0
0
0
0
0
6.9816
0
0
0
0
0
0
0
0
0
0
0
0
0
0
0
0
0
0
0
0
0
0
0
0
0
0
0
0
0
0
0
0
0
0
0
0
0
0
0
0
-6.2775
0
0
0
0
0
0
0
0
0
0
0
0
0
0
0
0
0
0
0
0
0
0
0
0
0
0
0
0
0
0
0
0
0
0
0
0
0
0
0
0
0
0
0
0
0
0
0
0
0
0
0
0
0
0
0
0
0
0
0
0
6.2775
0
0
0
0
0
0
0
0
0
0
0
0
0
0
0
0
0
0
0
0
0
0
0
0
0
0
0
0
0
0
0
0
0
0
0
0
0
0
0
0
0
0
0
0
0
0
0
0
0
0
0
0
-5.1948
0
0
0
0
0
0
0
0
0
0
0
0
0
0
0
0
0
0
0
0
0
0
0
0
0
0
0
0
0
0
0
0
0
0
0
0
0
0
0
0
0
0
0
0
0
0
0
0
5.1948
0
0
0
0
0
0
0
0
0
0
0
0
0
0
0
0
0
0
0
0
0
0
0
0
0
0
0
0
0
0
0
0
0
0
0
0
0
0
0
0
0
0
0
0
0
0
0
0
0
0
0
0
0
0
0
0
0
0
0
0
0
-2.2563
0
0
0
0
0
0
0
0
0
0
0
0
0
0
0
0
0
0
0
0
0
0
0
0
0
0
0
0
0
0
0
0
0
0
0
0
0
0
0
2.2563
0
0
0
0
0
0
0
0
0
0
0
0
0
0
0
0
0
0
0
0
0
0
0
-6.9816
0
0
0
0
0
0
0
0
0
0
0
0
0
0
0
0
0
0
0
0
0
0
0
0
0
0
0
0
0
0
0
0
0
0
0
0
0
0
0
0
0
0
0
0
0
0
0
0
0
0
0
0
0
0
0
0
0
0
0
0
0
0
0
0
0
0
0
0
0
0
0
0
0
0
0
0
0
6.9816
0
0
0
0
0
0
0
0
0
0
0
0
0
0
0
0
0
0
0
0
0
0
0
0
0
0
0
0
0
0
0
0
0
0
0
0
0
0
0
0
0
0
0
0
0
0
0
0
0
0
0
0
0
0
0
0
0
0
0
0
0
0
0
0
0
0
0
0
-0.63179
0
0
0
0
0
0
0
0
0
0
0
0
0
0
0
0
0
0
0
0
0
0
0
0
0
0
0
0
0
0
0
0
0.63179
0
0
0
0
0
0
0
0
0
0
0
0
0
0
0
0
0
0
0
0
0
0
0
0
0
0
0
0
0
0
0
0
0
0
0
0
0
0
0
0
0
0
0
0
0
0
0
0
0
0
0
0
0
0
0
0
0
0
0
0
0
0
0
0
0
0
0
0
-3.4831
0
0
0
0
0
0
0
0
0
0
0
0
0
0
0
0
0
0
0
0
0
0
0
0
0
0
0
0
0
0
0
0
3.4831
