51.0009
-0.77263
-0.76956
-0.77573
-0.77631
-0.77481
-0.77975
-0.73063
-0.73062
-0.73586
-0.73505
-0.72849
-0.7232
-0.73059
-0.75411
-0.74459
-0.74461
-0.72389
-0.73522
-0.81491
-0.81494
-0.71734
-0.71755
-0.71735
-0.69891
-0.7912
-0.706
-0.71328
-0.81705
-0.77703
-0.79952
-0.7651
-0.77906
-0.8411
-0.88783
-0.75907
-0.78544
-0.7854
-0.86787
-0.76644
-0.78531
-0.78505
-0.81281
-0.77558
-0.84585
-0.89355
-1.036
-1.2126
-1.0535
-1.1802
-1.1242
-1.1355
-1.2899
-1.3815
-1.2836
-2.0963
0
0
0
0
0
0
0
0
0
0
0
0
-3.5215
0
0
0
0
0
0
0
0
0
0
0
0
0
0
0
0
0
0
0
0
0
0
0
0
0
0
0
0
0
0
0
0
-0.77263
48.7359
-0.79486
-0.80143
-0.80204
-0.80045
-0.80566
-0.74755
-0.74755
-0.75206
-0.75122
-0.74445
-0.73993
-0.74902
-0.77613
-0.76061
-0.76061
-0.74097
-0.75679
-0.83355
-0.83357
-0.73308
-0.73829
-0.73309
-0.71435
-0.80643
-0.72127
-0.72821
-0.83495
-0.79398
-0.81277
-0.77539
-0.79441
-0.86248
-0.90608
-0.77469
-0.80134
-0.80129
-0.88665
-0.78185
-0.80097
-0.81155
-0.83159
-0.79103
-0.86123
-0.91109
-1.0521
-1.2347
-1.0718
-1.1971
-1.1431
-1.1596
-1.3064
-1.3981
-1.4056
0
-2.2883
0
0
0
0
0
0
0
0
0
0
0
0
0
0
0
0
0
0
0
0
0
0
0
0
0
0
0
0
0
0
0
0
0
0
0
0
0
0
0
0
0
0
0
0
-0.76956
-0.79486
45.9152
-0.75637
-0.75723
-0.75502
-0.76258
-0.72949
-0.72949
-0.73894
-0.73964
-0.73383
-0.73513
-0.73888
-0.76823
-0.75196
-0.75196
-0.73245
-0.74911
-0.83375
-0.83379
-0.72477
-0.73073
-0.72478
-0.70604
-0.80924
-0.7132
-0.72149
-0.8294
-0.78696
-0.80991
-0.77685
-0.78652
-0.85709
-0.9058
-0.76912
-0.79328
-0.79323
-0.88144
-0.77378
-0.79295
-0.80417
-0.82657
-0.78295
-0.85307
-0.90413
-1.0433
-1.2308
-1.0617
-1.1915
-1.134
-1.1519
-1.2971
-1.3879
-1.3973
0
0
0
0
0
0
0
0
0
0
0
0
0
0
0
0
0
0
0
0
0
0
0
0
0
0
0
0
0
0
0
0
0
0
0
0
0
0
0
0
0
0
0
0
0
0
-0.77573
-0.80143
-0.75637
46.2508
-0.76612
-0.76383
-0.77159
-0.73526
-0.73526
-0.7448
-0.74552
-0.73972
-0.7411
-0.74482
-0.77423
-0.75792
-0.75792
-0.73838
-0.7551
-0.83992
-0.83995
-0.73067
-0.73665
-0.73068
-0.7119
-0.81547
-0.71908
-0.72739
-0.83561
-0.79303
-0.81604
-0.78291
-0.79259
-0.86335
-0.91225
-0.77517
-0.79937
-0.79931
-0.88773
-0.77982
-0.79904
-0.81031
-0.83274
-0.78902
-0.85929
-0.91045
-1.0499
-1.2376
-1.0682
-1.1982
-1.1407
-1.1586
-1.3039
-1.3948
-1.4042
0
0
0
0
0
0
0
0
0
0
0
0
0
0
0
0
0
0
0
0
0
0
0
0
0
0
0
0
0
0
0
0
0
0
0
0
0
0
0
0
0
0
0
0
0
0
-0.77631
-0.80204
-0.75723
-0.76612
46.2827
-0.76471
-0.77248
-0.73583
-0.73583
-0.74537
-0.74609
-0.74027
-0.74166
-0.74538
-0.7748
-0.75848
-0.75848
-0.73894
-0.75568
-0.8405
-0.84054
-0.73124
-0.73721
-0.73125
-0.71246
-0.81604
-0.71964
-0.72795
-0.83617
-0.79362
-0.81662
-0.78349
-0.79317
-0.86395
-0.91285
-0.77574
-0.79994
-0.7999
-0.88833
-0.78039
-0.79963
-0.81088
-0.83332
-0.7896
-0.85989
-0.91104
-1.0505
-1.2382
-1.0688
-1.1988
-1.1413
-1.1592
-1.3046
-1.3954
-1.4048
0
0
0
0
0
0
0
0
0
0
0
0
0
0
0
0
0
0
0
0
0
0
0
0
0
0
0
0
0
0
0
0
0
0
0
0
0
0
0
0
0
0
0
0
0
0
-0.77481
-0.80045
-0.75502
-0.76383
-0.76471
46.2001
-0.77019
-0.73438
-0.73438
-0.7439
-0.74463
-0.73882
-0.7402
-0.74392
-0.77333
-0.75702
-0.75702
-0.73748
-0.75419
-0.839
-0.83904
-0.72978
-0.73575
-0.72979
-0.71102
-0.81453
-0.71819
-0.72651
-0.83467
-0.79212
-0.81512
-0.78201
-0.79167
-0.86241
-0.91129
-0.77425
-0.79845
-0.79839
-0.88678
-0.7789
-0.79813
-0.80939
-0.8318
-0.78811
-0.85835
-0.9095
-1.0489
-1.2366
-1.0672
-1.1972
-1.1397
-1.1576
-1.3029
-1.3937
-1.4031
0
0
0
0
0
0
0
0
0
0
0
0
0
0
0
0
0
0
0
0
0
0
0
0
0
0
0
0
0
0
0
0
0
0
0
0
0
0
0
0
0
0
0
0
0
0
-0.77975
-0.80566
-0.76258
-0.77159
-0.77248
-0.77019
46.4739
-0.73926
-0.73926
-0.74875
-0.74949
-0.74366
-0.74506
-0.74876
-0.77824
-0.76188
-0.76189
-0.74231
-0.75907
-0.84392
-0.84395
-0.73459
-0.74058
-0.73461
-0.7158
-0.81946
-0.72298
-0.73131
-0.83967
-0.79706
-0.82009
-0.78692
-0.79661
-0.86747
-0.91642
-0.77916
-0.8034
-0.80334
-0.89187
-0.78383
-0.80307
-0.81435
-0.83681
-0.79304
-0.86339
-0.91461
-1.0542
-1.242
-1.0725
-1.2026
-1.145
-1.163
-1.3084
-1.3993
-1.4087
0
0
0
0
0
0
0
0
0
0
0
0
0
0
0
0
0
0
0
0
0
0
0
0
0
0
0
0
0
0
0
0
0
0
0
0
0
0
0
0
0
0
0
0
0
0
-0.73063
-0.74755
-0.72949
-0.73526
-0.73583
-0.73438
-0.73926
42.4183
-0.675
-0.70183
-0.70187
-0.6957
-0.69256
-0.69948
-0.72808
-0.71294
-0.71294
-0.69371
-0.70923
-0.79295
-0.79297
-0.68624
-0.69173
-0.68625
-0.66772
-0.77024
-0.67455
-0.68233
-0.78629
-0.74583
-0.76836
-0.73598
-0.74564
-0.81349
-0.85965
-0.72843
-0.75256
-0.75252
-0.83804
-0.73344
-0.75232
-0.76308
-0.78458
-0.74262
-0.81144
-0.86128
-0.99875
-1.1814
-1.0165
-1.1443
-1.0871
-1.1066
-1.2484
-1.3389
0
0
0
0
0
0
0
0
0
0
0
0
0
0
0
0
0
0
0
0
0
0
0
0
0
0
0
0
0
0
0
0
0
0
0
0
0
0
0
0
0
0
0
0
0
0
0
-0.73062
-0.74755
-0.72949
-0.73526
-0.73583
-0.73438
-0.73926
-0.675
42.4183
-0.70182
-0.70187
-0.6957
-0.69256
-0.69949
-0.72808
-0.71294
-0.71294
-0.69371
-0.70923
-0.79294
-0.79297
-0.68624
-0.69174
-0.68625
-0.66772
-0.77025
-0.67455
-0.68233
-0.78629
-0.74583
-0.76836
-0.73598
-0.74564
-0.8135
-0.85964
-0.72843
-0.75256
-0.75251
-0.83804
-0.73344
-0.75232
-0.76308
-0.78459
-0.74262
-0.81144
-0.86128
-0.99875
-1.1814
-1.0165
-1.1443
-1.0871
-1.1066
-1.2484
-1.3389
0
0
0
0
0
0
0
0
0
0
0
0
0
0
0
0
0
0
0
0
0
0
0
0
0
0
0
0
0
0
0
0
0
0
0
0
0
0
0
0
0
0
0
0
0
0
0
-0.73586
-0.75206
-0.73894
-0.7448
-0.74537
-0.7439
-0.74875
-0.70183
-0.70182
40.3322
-0.70777
-0.70009
-0.6965
-0.70358
-0.73418
-0.71796
-0.71796
-0.69835
-0.71517
-0.79237
-0.79241
-0.69063
-0.69622
-0.69064
-0.67175
-0.75872
-0.67868
-0.68632
-0.79142
-0.75051
-0.77316
-0.74158
-0.74982
-0.81872
-0.86674
-0.73303
-0.75709
-0.75704
-0.84317
-0.738
-0.75631
-0.7672
-0.78883
-0.74661
-0.81516
-0.86493
-1.0034
-1.1877
-1.0225
-1.1494
-1.101
0
0
-1.3462
0
0
0
0
0
0
0
0
0
0
0
0
0
0
0
0
0
0
0
0
0
0
0
0
0
0
0
0
0
0
0
0
0
0
0
0
0
0
0
0
0
0
0
0
0
0
0
-0.73505
-0.75122
-0.73964
-0.74552
-0.74609
-0.74463
-0.74949
-0.70187
-0.70187
-0.70777
38.8943
-0.69682
-0.6936
-0.70032
-0.72875
-0.71606
-0.71606
-0.69622
-0.71033
-0.78742
-0.78746
-0.68845
-0.69407
-0.68847
-0.66931
-0.75486
-0.67643
-0.68473
-0.7899
-0.74858
-0.77163
-0.7403
-0.74765
-0.81676
-0.86672
-0.73136
-0.75522
-0.75516
-0.84142
-0.73598
-0.75421
-0.76522
-0.78695
-0.74447
-0.81299
-0.86268
-1.0009
-1.1853
-1.0213
-1.1472
-1.1
0
0
0
0
0
0
0
0
0
0
0
0
0
0
0
0
0
0
0
0
0
0
0
0
0
0
0
0
0
0
0
0
0
0
0
0
0
0
0
0
0
0
0
0
0
0
0
0
0
0
-0.72849
-0.74445
-0.73383
-0.73972
-0.74027
-0.73882
-0.74366
-0.6957
-0.6957
-0.70009
-0.69682
37.4358
-0.6846
-0.69332
-0.71964
-0.7114
-0.71141
-0.69034
-0.70354
-0.77887
-0.7789
-0.68219
-0.68786
-0.68221
-0.66256
-0.75023
-0.66958
-0.67708
-0.78221
-0.74064
-0.76314
-0.73221
-0.73933
-0.80807
-0.85331
-0.72302
-0.74741
-0.74735
-0.83326
-0.72853
-0.74692
-0.75774
-0.77941
-0.73724
-0.80555
-0.85475
-0.99293
-1.1752
-1.0081
-1.1382
0
0
0
0
0
0
0
0
0
0
0
0
0
0
0
0
0
0
0
0
0
0
0
0
0
0
0
0
0
0
0
0
0
0
0
0
0
0
0
0
0
0
0
0
0
0
0
0
0
0
0
-0.7232
-0.73993
-0.73513
-0.7411
-0.74166
-0.7402
-0.74506
-0.69256
-0.69256
-0.6965
-0.6936
-0.6846
41.5179
-0.68326
-0.713
-0.69876
-0.69877
-0.67702
-0.68891
-0.77447
-0.77451
-0.67104
-0.67545
-0.67106
-0.65236
-0.73678
-0.65822
-0.64571
-0.7621
-0.72626
-0.74652
-0.71294
-0.72698
-0.78654
-0.82616
-0.70616
-0.73417
-0.73412
-0.81537
-0.71551
-0.73464
-0.74372
-0.76475
-0.72527
-0.79335
-0.84232
-0.98112
0
0
0
0
0
0
0
0
0
0
0
0
0
0
0
0
0
0
0
0
-3.1969
0
0
0
0
0
0
0
0
0
0
0
-4.6975
0
0
0
0
0
0
0
0
0
0
0
0
0
0
0
0
0
0
0
0
0
-0.73059
-0.74902
-0.73888
-0.74482
-0.74538
-0.74392
-0.74876
-0.69948
-0.69949
-0.70358
-0.70032
-0.69332
-0.68326
36.4587
-0.71889
-0.72122
-0.72122
-0.69422
-0.70494
-0.77737
-0.77741
-0.68486
-0.69011
-0.68487
-0.66502
-0.74981
-0.6711
-0.67614
-0.78174
-0.74034
-0.76143
-0.74014
-0.73969
-0.80262
-0.84716
-0.72002
-0.74822
-0.74817
-0.83062
-0.72961
-0.74845
-0.75598
-0.77584
-0.73884
-0.80742
-0.85522
-0.99574
0
0
0
0
0
0
0
0
0
0
0
0
0
0
0
0
0
0
0
0
0
0
0
0
0
0
0
0
0
-2.2734
0
0
0
0
0
0
0
0
0
0
0
0
0
0
0
0
0
0
0
0
0
0
0
0
-0.75411
-0.77613
-0.76823
-0.77423
-0.7748
-0.77333
-0.77824
-0.72808
-0.72808
-0.73418
-0.72875
-0.71964
-0.713
-0.71889
39.7579
-0.7389
-0.7389
-0.71852
-0.73165
-0.80483
-0.80486
-0.71026
-0.70799
-0.71026
-0.69113
-0.77539
-0.69786
-0.70388
-0.81091
-0.77009
-0.79415
-0.76162
-0.76964
-0.83908
-0.8927
-0.75048
-0.77786
-0.77781
-0.8628
-0.75876
-0.77769
-0.79132
-0.80417
-0.76789
-0.83741
-0.88488
-1.0273
0
0
0
0
0
0
0
0
0
0
0
0
0
0
0
0
0
0
0
0
0
0
0
0
0
-4.2972
0
0
0
0
0
0
0
0
0
0
0
0
0
0
0
0
0
0
0
0
0
0
0
0
0
0
0
0
-0.74459
-0.76061
-0.75196
-0.75792
-0.75848
-0.75702
-0.76188
-0.71294
-0.71294
-0.71796
-0.71606
-0.7114
-0.69876
-0.72122
-0.7389
34.7872
-0.71821
-0.69751
-0.72403
-0.79382
-0.79386
-0.69236
-0.69546
-0.69237
-0.67309
-0.76618
-0.6805
-0.68638
-0.79887
-0.75445
-0.77598
-0.74553
-0.75212
-0.82256
-0.88203
-0.73574
-0.76112
-0.76107
-0.84657
-0.74213
-0.76094
-0.77119
-0.79314
-0.75109
-0.81985
-0.86871
-1.0077
0
0
0
0
0
0
0
0
0
0
0
0
0
0
0
0
0
0
0
0
0
0
0
0
0
0
0
0
0
0
0
0
0
0
0
0
0
0
0
0
0
0
0
0
0
0
0
0
0
0
0
0
0
0
-0.74461
-0.76061
-0.75196
-0.75792
-0.75848
-0.75702
-0.76189
-0.71294
-0.71294
-0.71796
-0.71606
-0.71141
-0.69877
-0.72122
-0.7389
-0.71821
34.7873
-0.69751
-0.72403
-0.79382
-0.79386
-0.69236
-0.69546
-0.69238
-0.67309
-0.76618
-0.6805
-0.68638
-0.79888
-0.75446
-0.77598
-0.74553
-0.75212
-0.82256
-0.88203
-0.73574
-0.76112
-0.76107
-0.84657
-0.74213
-0.76095
-0.77119
-0.79314
-0.7511
-0.81986
-0.86871
-1.0077
0
0
0
0
0
0
0
0
0
0
0
0
0
0
0
0
0
0
0
0
0
0
0
0
0
0
0
0
0
0
0
0
0
0
0
0
0
0
0
0
0
0
0
0
0
0
0
0
0
0
0
0
0
0
-0.72389
-0.74097
-0.73245
-0.73838
-0.73894
-0.73748
-0.74231
-0.69371
-0.69371
-0.69835
-0.69622
-0.69034
-0.67702
-0.69422
-0.71852
-0.69751
-0.69751
33.3637
-0.69658
-0.76888
-0.76892
-0.67465
-0.67236
-0.67466
-0.65314
-0.74103
-0.66027
-0.66529
-0.77023
-0.73336
-0.75344
-0.72448
-0.7302
-0.79212
-0.85485
-0.7143
-0.73994
-0.73989
-0.82176
-0.72105
-0.73982
-0.75029
-0.76968
-0.72994
-0.79845
0
0
0
0
0
0
0
0
0
0
0
0
0
0
0
0
0
-1.3926
0
0
0
0
0
0
0
0
0
0
0
0
0
0
0
0
0
0
0
0
0
0
0
0
0
0
0
0
0
0
0
0
0
0
0
0
0
0
-0.73522
-0.75679
-0.74911
-0.7551
-0.75568
-0.75419
-0.75907
-0.70923
-0.70923
-0.71517
-0.71033
-0.70354
-0.68891
-0.70494
-0.73165
-0.72403
-0.72403
-0.69658
38.2874
-0.77873
-0.77876
-0.69211
-0.69649
-0.69212
-0.67164
-0.74855
-0.67825
-0.68158
-0.78465
-0.74889
-0.7766
-0.73924
-0.74916
-0.78137
-0.85128
-0.72815
-0.75763
-0.75758
-0.837
-0.73897
-0.75818
-0.76921
-0.78466
-0.74857
0
0
0
0
0
0
0
0
0
0
0
0
0
0
0
0
0
-3.199
0
0
0
-3.2762
0
0
0
0
0
0
0
0
0
0
0
0
0
0
0
0
0
0
0
0
0
0
0
0
0
0
0
0
0
0
0
0
0
0
0
-0.81491
-0.83355
-0.83375
-0.83992
-0.8405
-0.839
-0.84392
-0.79295
-0.79294
-0.79237
-0.78742
-0.77887
-0.77447
-0.77737
-0.80483
-0.79382
-0.79382
-0.76888
-0.77873
43.4977
-0.8881
-0.76331
-0.7668
-0.76332
-0.74383
-0.826
-0.75056
-0.75756
-0.85025
-0.82134
-0.84584
-0.80959
-0.82403
-0.87693
-0.91709
-0.80199
-0.83205
-0.832
-0.90789
-0.81328
-0.83325
-0.83846
-0.85539
-0.82341
-0.89496
0
0
0
0
0
0
0
0
0
0
0
0
0
0
0
0
0
0
0
0
0
0
0
0
0
0
0
0
0
0
0
0
0
0
0
0
0
0
0
0
0
0
0
0
0
0
0
0
0
-7.5784
0
0
0
0
0
0
-0.81494
-0.83357
-0.83379
-0.83995
-0.84054
-0.83904
-0.84395
-0.79297
-0.79297
-0.79241
-0.78746
-0.7789
-0.77451
-0.77741
-0.80486
-0.79386
-0.79386
-0.76892
-0.77876
-0.8881
43.4993
-0.76333
-0.76684
-0.76335
-0.74387
-0.82605
-0.7506
-0.7576
-0.85028
-0.82137
-0.84588
-0.80962
-0.82407
-0.87697
-0.91712
-0.80202
-0.83209
-0.83204
-0.90794
-0.81331
-0.83329
-0.8385
-0.85544
-0.82345
-0.895
0
0
0
0
0
0
0
0
0
0
0
0
0
0
0
0
0
0
0
0
0
0
0
0
0
0
0
0
0
0
0
0
0
0
0
0
0
0
0
0
0
0
0
0
0
0
0
0
0
0
0
0
0
-7.5785
0
0
-0.71734
-0.73308
-0.72477
-0.73067
-0.73124
-0.72978
-0.73459
-0.68624
-0.68624
-0.69063
-0.68845
-0.68219
-0.67104
-0.68486
-0.71026
-0.69236
-0.69236
-0.67465
-0.69211
-0.76331
-0.76333
31.6471
-0.67493
-0.65064
-0.64044
-0.73769
-0.6507
-0.65546
-0.76584
-0.72591
-0.74546
-0.71645
-0.72089
-0.79722
-0.84511
-0.70641
-0.73135
-0.73131
-0.81539
-0.71258
-0.73079
-0.74079
-0.76281
-0.72075
-0.78872
0
0
0
0
0
0
0
0
0
0
0
0
0
0
0
0
0
0
0
0
0
0
0
0
0
0
0
0
0
0
0
0
0
0
0
0
0
0
0
0
0
0
0
0
0
0
0
0
0
0
0
0
0
0
0
0
-0.71755
-0.73829
-0.73073
-0.73665
-0.73721
-0.73575
-0.74058
-0.69173
-0.69174
-0.69622
-0.69407
-0.68786
-0.67545
-0.69011
-0.70799
-0.69546
-0.69546
-0.67236
-0.69649
-0.7668
-0.76684
-0.67493
33.0665
-0.67495
-0.65044
-0.74057
-0.65845
-0.66404
-0.76732
-0.73081
-0.74997
-0.7202
-0.72742
-0.79075
-0.85568
-0.71173
-0.73741
-0.73736
-0.81936
-0.71853
-0.73708
-0.73325
-0.76539
-0.72689
0
0
0
0
0
0
0
0
0
0
0
-2.0087
0
0
0
0
0
0
0
0
0
0
0
0
0
0
0
0
0
0
0
0
0
0
0
0
0
0
0
0
0
0
0
0
0
0
0
0
0
0
0
0
0
0
0
0
0
-0.71735
-0.73309
-0.72478
-0.73068
-0.73125
-0.72979
-0.73461
-0.68625
-0.68625
-0.69064
-0.68847
-0.68221
-0.67106
-0.68487
-0.71026
-0.69237
-0.69238
-0.67466
-0.69212
-0.76332
-0.76335
-0.65064
-0.67495
31.6478
-0.64046
-0.73771
-0.65071
-0.65547
-0.76585
-0.72593
-0.74548
-0.71647
-0.72091
-0.79723
-0.84512
-0.70643
-0.73137
-0.73132
-0.81541
-0.7126
-0.7308
-0.74082
-0.76282
-0.72076
-0.78874
0
0
0
0
0
0
0
0
0
0
0
0
0
0
0
0
0
0
0
0
0
0
0
0
0
0
0
0
0
0
0
0
0
0
0
0
0
0
0
0
0
0
0
0
0
0
0
0
0
0
0
0
0
0
0
0
-0.69891
-0.71435
-0.70604
-0.7119
-0.71246
-0.71102
-0.7158
-0.66772
-0.66772
-0.67175
-0.66931
-0.66256
-0.65236
-0.66502
-0.69113
-0.67309
-0.67309
-0.65314
-0.67164
-0.74383
-0.74387
-0.64044
-0.65044
-0.64046
30.0449
-0.71781
-0.63478
-0.64282
-0.74407
-0.70616
-0.72489
-0.6966
-0.70028
-0.7741
-0.81873
-0.68692
-0.71204
-0.71199
-0.79454
-0.69333
-0.71157
-0.72128
-0.74354
-0.70141
0
0
0
0
0
0
0
0
0
0
0
0
0
0
0
0
0
0
0
0
0
0
0
0
0
0
0
0
0
0
0
0
0
0
0
0
0
0
0
0
0
0
0
0
0
0
0
0
0
0
0
0
0
0
0
0
0
-0.7912
-0.80643
-0.80924
-0.81547
-0.81604
-0.81453
-0.81946
-0.77024
-0.77025
-0.75872
-0.75486
-0.75023
-0.73678
-0.74981
-0.77539
-0.76618
-0.76618
-0.74103
-0.74855
-0.826
-0.82605
-0.73769
-0.74057
-0.73771
-0.71781
42.7086
-0.72319
-0.72697
-0.81892
-0.78981
-0.81343
-0.77669
-0.79288
-0.84085
-0.88304
-0.77136
-0.8053
-0.80525
-0.8702
-0.78599
0
0
0
0
0
0
0
0
0
0
0
0
0
0
0
0
0
0
0
-1.9193
0
0
0
0
0
0
0
0
0
0
0
0
0
-3.1175
0
0
0
0
0
0
0
0
0
0
0
0
0
0
0
0
0
-7.1215
0
0
0
0
0
0
0
0
0
-0.706
-0.72127
-0.7132
-0.71908
-0.71964
-0.71819
-0.72298
-0.67455
-0.67455
-0.67868
-0.67643
-0.66958
-0.65822
-0.6711
-0.69786
-0.6805
-0.6805
-0.66027
-0.67825
-0.75056
-0.7506
-0.6507
-0.65845
-0.65071
-0.63478
-0.72319
28.1278
-0.64572
-0.74863
-0.71199
-0.72799
-0.70409
-0.69782
-0.7781
-0.82823
-0.69417
-0.71942
-0.71938
-0.79682
-0.69905
-0.71659
0
0
0
0
0
0
0
0
0
0
0
0
0
0
0
0
0
0
0
0
0
0
0
0
0
0
0
0
0
0
0
0
0
0
0
0
0
0
0
0
0
0
0
0
0
0
0
0
0
0
0
0
0
0
0
0
0
0
0
0
-0.71328
-0.72821
-0.72149
-0.72739
-0.72795
-0.72651
-0.73131
-0.68233
-0.68233
-0.68632
-0.68473
-0.67708
-0.64571
-0.67614
-0.70388
-0.68638
-0.68638
-0.66529
-0.68158
-0.75756
-0.7576
-0.65546
-0.66404
-0.65547
-0.64282
-0.72697
-0.64572
29.9159
-0.75176
-0.71882
-0.72299
-0.69261
-0.70759
-0.78261
-0.83031
-0.69565
-0.72451
-0.72446
0
-0.7038
0
0
0
0
0
0
0
0
0
0
0
0
0
0
0
0
0
0
0
0
0
0
0
0
0
0
0
-3.1209
0
0
0
0
0
0
0
0
0
0
0
0
0
0
0
0
0
0
0
0
0
0
0
0
0
0
0
0
0
0
0
0
0
-0.81705
-0.83495
-0.8294
-0.83561
-0.83617
-0.83467
-0.83967
-0.78629
-0.78629
-0.79142
-0.7899
-0.78221
-0.7621
-0.78174
-0.81091
-0.79887
-0.79888
-0.77023
-0.78465
-0.85025
-0.85028
-0.76584
-0.76732
-0.76585
-0.74407
-0.81892
-0.74863
-0.75176
35.5682
-0.82782
-0.83714
-0.80487
-0.81486
-0.88438
0
-0.80073
-0.83031
-0.83025
0
0
0
0
0
0
0
0
0
0
0
0
0
0
0
0
0
0
0
0
0
0
0
0
0
0
0
0
0
0
0
0
0
0
0
0
0
0
0
0
0
0
0
0
-6.6039
0
0
0
0
0
0
0
0
0
0
0
0
0
0
0
0
0
0
-0.77703
-0.79398
-0.78696
-0.79303
-0.79362
-0.79212
-0.79706
-0.74583
-0.74583
-0.75051
-0.74858
-0.74064
-0.72626
-0.74034
-0.77009
-0.75445
-0.75446
-0.73336
-0.74889
-0.82134
-0.82137
-0.72591
-0.73081
-0.72593
-0.70616
-0.78981
-0.71199
-0.71882
-0.82782
26.6188
-0.87195
0
-0.73393
0
0
0
0
0
0
0
0
0
0
0
0
0
0
0
0
0
0
0
0
0
0
0
0
0
0
0
0
0
0
0
0
0
-2.9399
0
0
0
0
0
0
0
0
0
0
0
0
0
0
0
0
0
0
0
0
0
0
0
0
0
0
0
0
0
0
0
0
0
0
-0.79952
-0.81277
-0.80991
-0.81604
-0.81662
-0.81512
-0.82009
-0.76836
-0.76836
-0.77316
-0.77163
-0.76314
-0.74652
-0.76143
-0.79415
-0.77598
-0.77598
-0.75344
-0.7766
-0.84584
-0.84588
-0.74546
-0.74997
-0.74548
-0.72489
-0.81343
-0.72799
-0.72299
-0.83714
-0.87195
27.1091
0
-0.78667
0
0
0
0
0
0
0
0
0
0
0
0
0
0
0
0
0
0
0
0
0
0
0
0
0
0
0
-2.7726
0
0
0
0
0
0
0
0
0
0
0
0
0
0
0
0
0
0
0
0
0
0
0
0
0
0
0
0
0
0
0
0
0
0
0
0
0
0
0
0
-0.7651
-0.77539
-0.77685
-0.78291
-0.78349
-0.78201
-0.78692
-0.73598
-0.73598
-0.74158
-0.7403
-0.73221
-0.71294
-0.74014
-0.76162
-0.74553
-0.74553
-0.72448
-0.73924
-0.80959
-0.80962
-0.71645
-0.7202
-0.71647
-0.6966
-0.77669
-0.70409
-0.69261
-0.80487
0
0
27.3884
0
0
0
0
0
0
0
0
0
0
0
0
0
0
0
0
0
0
0
0
0
0
0
0
0
-0.27265
0
0
-2.7431
0
0
-2.6172
0
0
0
0
0
0
0
0
0
0
0
0
0
0
0
0
0
0
0
0
0
0
0
0
0
0
0
0
0
0
0
0
0
0
0
0
0
-0.77906
-0.79441
-0.78652
-0.79259
-0.79317
-0.79167
-0.79661
-0.74564
-0.74564
-0.74982
-0.74765
-0.73933
-0.72698
-0.73969
-0.76964
-0.75212
-0.75212
-0.7302
-0.74916
-0.82403
-0.82407
-0.72089
-0.72742
-0.72091
-0.70028
-0.79288
-0.69782
-0.70759
-0.81486
-0.73393
-0.78667
0
23.5334
0
0
0
0
0
0
0
0
0
0
0
0
0
0
0
0
0
0
0
0
0
0
0
0
0
0
0
0
0
0
0
0
0
0
0
0
0
0
0
0
0
0
0
0
0
0
0
0
0
0
0
0
0
0
0
0
0
0
0
0
0
0
0
0
0
0
0
0
-0.8411
-0.86248
-0.85709
-0.86335
-0.86395
-0.86241
-0.86747
-0.81349
-0.8135
-0.81872
-0.81676
-0.80807
-0.78654
-0.80262
-0.83908
-0.82256
-0.82256
-0.79212
-0.78137
-0.87693
-0.87697
-0.79722
-0.79075
-0.79723
-0.7741
-0.84085
-0.7781
-0.78261
-0.88438
0
0
0
0
33.3384
0
0
0
0
0
0
0
0
0
0
0
0
0
0
0
0
0
0
0
0
0
0
0
0
0
0
0
0
0
0
0
-3.2194
0
0
0
0
0
0
0
0
0
0
0
0
0
0
0
0
0
0
0
0
-6.1846
0
0
0
0
0
0
0
0
0
0
0
0
0
0
-0.88783
-0.90608
-0.9058
-0.91225
-0.91285
-0.91129
-0.91642
-0.85965
-0.85964
-0.86674
-0.86672
-0.85331
-0.82616
-0.84716
-0.8927
-0.88203
-0.88203
-0.85485
-0.85128
-0.91709
-0.91712
-0.84511
-0.85568
-0.84512
-0.81873
-0.88304
-0.82823
-0.83031
0
0
0
0
0
0
38.3265
0
0
0
0
0
0
0
0
0
0
0
0
0
0
0
0
0
0
0
0
0
0
0
0
0
0
0
0
0
0
0
0
0
0
0
0
0
0
0
0
0
0
0
0
0
0
0
0
0
0
0
0
0
0
-6.9457
0
0
0
0
0
-6.9457
0
0
0
0
0
-0.75907
-0.77469
-0.76912
-0.77517
-0.77574
-0.77425
-0.77916
-0.72843
-0.72843
-0.73303
-0.73136
-0.72302
-0.70616
-0.72002
-0.75048
-0.73574
-0.73574
-0.7143
-0.72815
-0.80199
-0.80202
-0.70641
-0.71173
-0.70643
-0.68692
-0.77136
-0.69417
-0.69565
-0.80073
0
0
0
0
0
0
25.6326
0
0
0
0
0
0
0
0
0
0
0
0
0
0
0
0
0
0
0
0
0
0
0
0
0
0
0
0
0
0
0
0
0
0
0
0
0
0
0
-4.1132
0
0
0
0
0
0
0
0
0
0
0
0
0
0
0
0
0
0
0
0
0
0
0
0
0
-0.78544
-0.80134
-0.79328
-0.79937
-0.79994
-0.79845
-0.8034
-0.75256
-0.75256
-0.75709
-0.75522
-0.74741
-0.73417
-0.74822
-0.77786
-0.76112
-0.76112
-0.73994
-0.75763
-0.83205
-0.83209
-0.73135
-0.73741
-0.73137
-0.71204
-0.8053
-0.71942
-0.72451
-0.83031
0
0
0
0
0
0
0
22.282
0
0
0
0
0
0
0
0
0
0
0
0
0
0
0
0
0
0
0
0
0
0
0
0
0
0
0
0
0
0
0
0
0
0
0
0
0
0
0
0
0
0
0
0
0
0
0
0
0
0
0
0
0
0
0
0
0
0
0
0
0
0
0
0
-0.7854
-0.80129
-0.79323
-0.79931
-0.7999
-0.79839
-0.80334
-0.75252
-0.75251
-0.75704
-0.75516
-0.74735
-0.73412
-0.74817
-0.77781
-0.76107
-0.76107
-0.73989
-0.75758
-0.832
-0.83204
-0.73131
-0.73736
-0.73132
-0.71199
-0.80525
-0.71938
-0.72446
-0.83025
0
0
0
0
0
0
0
0
22.2805
0
0
0
0
0
0
0
0
0
0
0
0
0
0
0
0
0
0
0
0
0
0
0
0
0
0
0
0
0
0
0
0
0
0
0
0
0
0
0
0
0
0
0
0
0
0
0
0
0
0
0
0
0
0
0
0
0
0
0
0
0
0
0
-0.86787
-0.88665
-0.88144
-0.88773
-0.88833
-0.88678
-0.89187
-0.83804
-0.83804
-0.84317
-0.84142
-0.83326
-0.81537
-0.83062
-0.8628
-0.84657
-0.84657
-0.82176
-0.837
-0.90789
-0.90794
-0.81539
-0.81936
-0.81541
-0.79454
-0.8702
-0.79682
0
0
0
0
0
0
0
0
0
0
0
28.86
0
0
0
0
0
0
0
0
0
0
0
0
0
0
0
0
0
0
0
0
0
0
0
0
0
0
0
0
0
0
0
0
0
0
0
0
0
0
0
0
0
0
0
0
0
0
0
0
0
-5.8872
0
0
0
0
0
0
0
0
0
0
0
0
-0.76644
-0.78185
-0.77378
-0.77982
-0.78039
-0.7789
-0.78383
-0.73344
-0.73344
-0.738
-0.73598
-0.72853
-0.71551
-0.72961
-0.75876
-0.74213
-0.74213
-0.72105
-0.73897
-0.81328
-0.81331
-0.71258
-0.71853
-0.7126
-0.69333
-0.78599
-0.69905
-0.7038
0
0
0
0
0
0
0
0
0
0
0
20.915
0
0
0
0
0
0
0
0
0
0
0
0
0
0
0
0
0
0
0
0
0
0
0
0
0
0
0
0
0
0
0
0
0
0
0
0
0
0
0
0
0
0
0
0
0
0
0
0
0
0
0
0
0
0
0
0
0
0
0
0
0
-0.78531
-0.80097
-0.79295
-0.79904
-0.79963
-0.79813
-0.80307
-0.75232
-0.75232
-0.75631
-0.75421
-0.74692
-0.73464
-0.74845
-0.77769
-0.76094
-0.76095
-0.73982
-0.75818
-0.83325
-0.83329
-0.73079
-0.73708
-0.7308
-0.71157
0
-0.71659
0
0
0
0
0
0
0
0
0
0
0
0
0
19.9152
0
0
0
0
0
0
0
0
0
0
0
0
0
0
0
0
0
0
0
0
0
0
0
0
0
0
0
0
0
0
0
0
0
0
0
0
0
0
0
0
0
0
0
0
0
0
0
0
0
0
0
0
0
0
0
0
0
0
0
0
-0.78505
-0.81155
-0.80417
-0.81031
-0.81088
-0.80939
-0.81435
-0.76308
-0.76308
-0.7672
-0.76522
-0.75774
-0.74372
-0.75598
-0.79132
-0.77119
-0.77119
-0.75029
-0.76921
-0.83846
-0.8385
-0.74079
-0.73325
-0.74082
-0.72128
0
0
0
0
0
0
0
0
0
0
0
0
0
0
0
0
23.3718
0
0
0
0
0
0
0
0
0
0
0
0
0
0
0
0
0
0
0
0
0
0
0
0
0
0
0
0
-3.9438
0
0
0
0
0
0
0
0
0
0
0
0
0
0
0
0
0
0
0
0
0
0
0
0
0
0
0
0
0
0
-0.81281
-0.83159
-0.82657
-0.83274
-0.83332
-0.8318
-0.83681
-0.78458
-0.78459
-0.78883
-0.78695
-0.77941
-0.76475
-0.77584
-0.80417
-0.79314
-0.79314
-0.76968
-0.78466
-0.85539
-0.85544
-0.76281
-0.76539
-0.76282
-0.74354
0
0
0
0
0
0
0
0
0
0
0
0
0
0
0
0
0
24.946
0
0
0
0
0
0
0
0
0
0
0
0
0
0
0
0
0
0
0
0
0
0
0
0
0
0
0
0
0
0
0
0
0
0
0
0
0
0
0
0
0
0
-4.9852
0
0
0
0
0
0
0
0
0
0
0
0
0
0
0
-0.77558
-0.79103
-0.78295
-0.78902
-0.7896
-0.78811
-0.79304
-0.74262
-0.74262
-0.74661
-0.74447
-0.73724
-0.72527
-0.73884
-0.76789
-0.75109
-0.7511
-0.72994
-0.74857
-0.82341
-0.82345
-0.72075
-0.72689
-0.72076
-0.70141
0
0
0
0
0
0
0
0
0
0
0
0
0
0
0
0
0
0
18.9522
0
0
0
0
0
0
0
0
0
0
0
0
0
0
0
0
0
0
0
0
0
0
0
0
0
0
0
0
0
0
0
0
0
0
0
0
0
0
0
0
0
0
0
0
0
0
0
0
0
0
0
0
0
0
0
0
0
-0.84585
-0.86123
-0.85307
-0.85929
-0.85989
-0.85835
-0.86339
-0.81144
-0.81144
-0.81516
-0.81299
-0.80555
-0.79335
-0.80742
-0.83741
-0.81985
-0.81986
-0.79845
0
-0.89496
-0.895
-0.78872
0
-0.78874
0
0
0
0
0
0
0
0
0
0
0
0
0
0
0
0
0
0
0
0
18.3014
0
0
0
0
0
0
0
0
0
0
0
0
0
0
0
0
0
0
0
0
0
0
0
0
0
0
0
0
0
0
0
0
0
0
0
0
0
0
0
0
0
0
0
0
0
0
0
0
0
0
0
0
0
0
0
0
-0.89355
-0.91109
-0.90413
-0.91045
-0.91104
-0.9095
-0.91461
-0.86128
-0.86128
-0.86493
-0.86268
-0.85475
-0.84232
-0.85522
-0.88488
-0.86871
-0.86871
0
0
0
0
0
0
0
0
0
0
0
0
0
0
0
0
0
0
0
0
0
0
0
0
0
0
0
0
17.771
0
0
0
0
0
0
0
0
0
0
0
0
0
0
0
0
0
0
0
0
-2.7919
0
0
0
0
0
0
0
0
0
0
0
0
0
0
0
0
0
0
0
0
0
0
0
0
0
0
0
0
0
0
0
0
0
0
-1.036
-1.0521
-1.0433
-1.0499
-1.0505
-1.0489
-1.0542
-0.99875
-0.99875
-1.0034
-1.0009
-0.99293
-0.98112
-0.99574
-1.0273
-1.0077
-1.0077
0
0
0
0
0
0
0
0
0
0
0
0
0
0
0
0
0
0
0
0
0
0
0
0
0
0
0
0
0
17.3491
0
0
0
0
0
0
0
0
0
0
0
0
0
0
0
0
0
0
0
0
0
0
0
0
0
0
0
0
0
0
0
0
0
0
0
0
0
0
0
0
0
0
0
0
0
0
0
0
0
0
0
0
0
0
-1.2126
-1.2347
-1.2308
-1.2376
-1.2382
-1.2366
-1.242
-1.1814
-1.1814
-1.1877
-1.1853
-1.1752
0
0
0
0
0
0
0
0
0
0
0
0
0
0
0
0
0
0
0
0
0
0
0
0
0
0
0
0
0
0
0
0
0
0
0
29.6049
0
0
0
0
0
0
0
0
0
0
0
0
0
0
0
0
0
0
0
0
0
-3.5211
0
0
0
0
0
0
0
0
0
0
0
0
0
0
-5.7701
0
0
0
0
0
0
0
0
0
0
0
-5.7701
0
0
0
0
-1.0535
-1.0718
-1.0617
-1.0682
-1.0688
-1.0672
-1.0725
-1.0165
-1.0165
-1.0225
-1.0213
-1.0081
0
0
0
0
0
0
0
0
0
0
0
0
0
0
0
0
0
0
0
0
0
0
0
0
0
0
0
0
0
0
0
0
0
0
0
0
15.4845
0
0
0
0
0
0
0
0
0
0
0
0
0
0
0
0
0
0
0
0
-2.9359
0
0
0
0
0
0
0
0
0
0
0
0
0
0
0
0
0
0
0
0
0
0
0
0
0
0
0
0
0
0
0
-1.1802
-1.1971
-1.1915
-1.1982
-1.1988
-1.1972
-1.2026
-1.1443
-1.1443
-1.1494
-1.1472
-1.1382
0
0
0
0
0
0
0
0
0
0
0
0
0
0
0
0
0
0
0
0
0
0
0
0
0
0
0
0
0
0
0
0
0
0
0
0
0
19.347
0
0
0
0
0
0
0
0
0
0
0
0
0
0
0
0
0
0
0
0
0
0
0
0
0
0
0
0
0
0
0
0
0
-5.258
0
0
0
0
0
0
0
0
0
0
0
0
0
0
0
0
0
-1.1242
-1.1431
-1.134
-1.1407
-1.1413
-1.1397
-1.145
-1.0871
-1.0871
-1.101
-1.1
0
0
0
0
0
0
0
0
0
0
0
0
0
0
0
0
0
0
0
0
0
0
0
0
0
0
0
0
0
0
0
0
0
0
0
0
0
0
0
19.6168
0
0
0
0
0
0
0
0
0
0
0
0
0
-3.4171
0
0
0
0
0
0
0
0
0
-3.8567
0
0
0
0
0
0
0
0
0
0
0
0
0
0
0
0
0
0
0
0
0
0
0
0
0
0
-1.1355
-1.1596
-1.1519
-1.1586
-1.1592
-1.1576
-1.163
-1.1066
-1.1066
0
0
0
0
0
0
0
0
0
0
0
0
0
0
0
0
0
0
0
0
0
0
0
0
0
0
0
0
0
0
0
0
0
0
0
0
0
0
0
0
0
0
17.1294
0
0
0
0
0
0
0
0
0
-2.6328
0
0
0
0
0
0
0
0
0
0
0
0
0
0
0
0
0
0
0
0
0
0
0
0
0
-4.1981
0
0
0
0
0
0
0
0
0
0
0
0
0
-1.2899
-1.3064
-1.2971
-1.3039
-1.3046
-1.3029
-1.3084
-1.2484
-1.2484
0
0
0
0
0
0
0
0
0
0
0
0
0
0
0
0
0
0
0
0
0
0
0
0
0
0
0
0
0
0
0
0
0
0
0
0
0
0
0
0
0
0
0
14.6128
0
0
0
0
0
0
0
0
0
0
0
-3.0026
0
0
0
0
0
0
0
0
0
0
0
0
0
0
0
0
0
0
0
0
0
0
0
0
0
0
0
0
0
0
0
0
0
0
0
0
-1.3815
-1.3981
-1.3879
-1.3948
-1.3954
-1.3937
-1.3993
-1.3389
-1.3389
-1.3462
0
0
0
0
0
0
0
0
0
0
0
0
0
0
0
0
0
0
0
0
0
0
0
0
0
0
0
0
0
0
0
0
0
0
0
0
0
0
0
0
0
0
0
13.7748
0
0
0
0
0
0
0
0
0
0
0
0
0
0
0
0
0
0
0
0
0
0
0
0
0
0
0
0
0
0
0
0
0
0
0
0
0
0
0
0
0
0
0
0
0
0
0
-1.2836
-1.4056
-1.3973
-1.4042
-1.4048
-1.4031
-1.4087
0
0
0
0
0
0
0
0
0
0
0
0
0
0
0
0
0
0
0
0
0
0
0
0
0
0
0
0
0
0
0
0
0
0
0
0
0
0
0
0
0
0
0
0
0
0
0
12.2676
0
0
0
0
0
0
0
0
0
0
0
0
0
-2.5603
0
0
0
0
0
0
0
0
0
0
0
0
0
0
0
0
0
0
0
0
0
0
0
0
0
0
0
0
0
0
0
0
-2.0963
0
0
0
0
0
0
0
0
0
0
0
0
0
0
0
0
0
0
0
0
0
-2.0087
0
0
0
0
0
0
0
0
0
0
0
0
0
0
0
0
0
0
0
0
0
0
0
0
0
0
0
0
0
0
0
0
12.8158
0
0
-2.2423
0
0
0
0
0
0
0
0
0
0
0
-3.2908
0
-3.1778
0
0
0
0
0
0
0
0
0
0
0
0
0
0
0
0
0
0
0
0
0
0
0
0
0
0
0
0
0
-2.2883
0
0
0
0
0
0
0
0
0
0
0
0
0
0
0
0
0
0
0
0
0
0
0
0
0
0
0
0
0
0
0
0
0
0
0
0
0
0
0
0
0
0
0
0
0
0
0
0
0
0
0
0
0
0
10.3813
0
-2.2099
0
-2.8191
0
0
-3.064
0
0
0
0
0
0
0
0
0
0
0
0
0
0
0
0
0
0
0
0
0
0
0
0
0
0
0
0
0
0
0
0
0
0
0
0
0
0
0
0
0
0
0
0
0
0
0
0
0
0
0
0
0
0
0
0
0
0
0
0
0
0
0
0
0
0
0
0
-0.27265
0
0
0
0
0
0
0
0
0
0
0
0
0
0
0
0
0
0
0
0
0
0
0
0
0
8.6252
0
0
0
0
0
-2.4209
0
0
0
0
0
0
0
0
0
0
0
0
-3.3768
0
0
0
0
0
0
0
0
0
0
0
0
0
0
0
0
0
0
0
0
-2.5547
0
0
0
0
0
0
0
0
0
0
0
0
0
0
0
0
0
0
0
0
0
0
0
0
0
0
0
0
0
0
0
0
0
0
0
0
0
0
0
0
0
0
0
0
0
0
0
0
0
0
0
0
0
0
0
0
0
0
-2.2423
-2.2099
0
11.3882
0
0
0
-3.1201
0
0
0
0
0
0
0
0
0
0
0
0
0
0
0
0
0
0
0
0
0
0
0
0
0
0
0
-3.8159
0
0
0
0
0
0
0
0
0
0
0
0
0
0
0
0
0
0
0
0
0
0
0
0
0
0
0
0
0
0
0
0
0
0
0
-1.9193
0
0
0
0
0
0
0
0
0
0
0
0
0
0
0
0
0
0
0
0
0
0
0
0
0
0
0
0
0
0
0
0
0
11.6732
0
0
0
0
0
0
0
0
-3.071
0
0
0
0
-3.1194
0
0
0
0
0
0
0
0
0
0
0
0
0
0
0
0
0
0
-3.5634
0
0
0
0
0
0
0
0
0
0
0
0
0
0
0
0
0
0
0
0
0
0
0
0
0
0
0
0
0
0
0
0
0
0
0
0
0
0
-2.7726
-2.7431
0
0
0
0
0
0
0
0
0
0
0
0
0
0
0
0
0
0
0
0
0
0
0
0
-2.8191
0
0
0
12.0364
0
0
0
0
0
0
0
0
0
0
-3.7016
0
0
0
0
0
0
0
0
0
0
0
0
0
0
0
0
0
0
0
0
0
0
0
0
0
0
0
0
0
0
0
0
0
0
0
0
0
0
0
0
0
0
0
0
0
0
0
-3.199
0
0
0
0
0
0
0
0
0
0
0
0
0
0
0
0
0
0
0
0
0
0
0
0
0
0
0
0
0
0
0
0
-2.6328
0
0
0
0
0
0
0
0
0
13.1929
0
0
0
0
0
0
0
0
0
0
0
0
0
0
0
-3.6573
0
0
0
-3.7038
0
0
0
0
0
0
0
0
0
0
0
0
0
0
0
0
0
0
0
0
0
0
0
0
0
0
0
0
0
0
0
0
0
0
0
0
-1.3926
0
0
0
0
0
0
0
0
0
0
0
0
0
0
0
0
0
0
0
0
0
0
0
0
0
0
0
0
0
0
0
0
0
0
0
0
0
0
0
0
-3.1201
0
0
0
11.5049
0
0
-2.702
0
0
0
0
0
0
0
0
0
0
0
0
0
0
0
0
0
0
0
0
0
0
0
0
0
0
0
-4.2903
0
0
0
0
0
0
0
0
0
0
0
0
0
0
0
0
0
0
0
0
0
0
0
0
0
0
0
0
0
0
0
0
0
0
0
0
0
0
-2.6172
0
0
0
0
0
0
0
0
0
0
0
0
0
0
0
0
0
0
0
0
0
0
0
0
-3.064
-2.4209
0
0
0
0
0
8.1021
0
0
0
0
0
0
0
0
0
0
0
0
0
0
0
0
0
0
0
0
0
0
0
0
0
0
0
0
0
0
0
0
0
0
0
0
0
0
0
0
0
0
0
0
0
0
0
0
0
0
0
0
0
0
0
0
0
0
0
0
0
0
0
0
0
0
0
0
0
0
0
0
0
0
0
0
0
0
0
0
0
0
0
0
0
0
0
-3.4171
0
-3.0026
0
0
0
0
0
0
0
0
0
0
0
10.7776
0
0
0
0
0
0
0
0
0
0
0
0
0
-4.3579
0
0
0
0
0
0
0
0
0
0
0
0
0
0
0
0
0
0
0
0
0
0
0
0
0
0
0
0
0
0
0
0
0
0
0
0
0
0
0
0
-3.2762
0
0
0
0
0
0
0
0
0
0
0
0
0
0
-3.2194
0
0
0
0
0
0
0
0
0
0
0
0
0
0
0
0
0
0
0
0
0
0
0
0
0
0
0
0
-2.702
0
0
9.1975
0
0
0
0
0
0
0
0
0
0
0
0
0
0
0
0
0
0
0
0
0
0
0
0
0
0
0
0
0
0
0
0
0
0
0
0
0
0
0
0
0
0
0
0
0
0
0
0
0
0
0
0
0
0
0
0
0
0
0
0
0
0
0
0
-2.9399
0
0
0
0
0
0
0
0
0
0
0
0
0
0
0
-2.7919
0
0
0
0
0
0
0
0
0
0
0
0
0
0
0
0
0
0
0
0
6.4139
0
0
0
0
0
0
0
0
0
0
0
0
0
0
0
0
0
0
0
0
0
0
0
0
0
0
0
0
0
0
0
0
-0.68215
0
0
0
0
0
0
0
0
0
0
0
0
0
-3.1969
0
0
0
0
0
0
0
0
0
0
0
0
0
0
-3.1209
0
0
0
0
0
0
0
0
0
0
0
0
0
0
0
0
0
0
0
0
0
0
0
0
0
0
0
0
0
0
0
0
0
0
0
0
0
0
0
10.1843
0
0
0
0
0
0
0
0
0
0
0
0
0
0
0
0
0
0
0
0
0
0
0
0
0
0
0
0
0
0
0
0
-3.8665
-3.5215
0
0
0
0
0
0
0
0
0
0
0
0
0
0
0
0
0
0
0
0
0
0
0
0
0
0
0
0
0
0
0
0
0
0
0
0
0
0
0
0
0
0
0
0
0
0
0
0
0
0
0
0
0
-2.5603
0
0
0
0
-3.071
0
0
0
0
0
0
0
0
9.1528
0
0
0
0
0
0
0
0
0
0
0
0
0
0
0
0
0
0
0
0
0
0
0
0
0
0
0
0
0
0
0
0
0
0
0
0
0
0
0
0
0
0
0
0
0
0
0
0
0
0
0
0
0
0
0
0
0
0
0
0
0
0
0
0
0
0
0
0
0
0
0
0
0
0
0
0
0
0
0
-3.5211
-2.9359
0
0
0
0
0
0
0
0
0
0
0
0
0
0
0
0
0
0
0
0
9.8436
0
0
0
0
0
0
0
0
0
0
-3.3866
0
0
0
0
0
0
0
0
0
0
0
0
0
0
0
0
0
0
0
0
0
0
0
0
0
0
0
0
0
0
0
0
0
0
0
0
0
0
0
0
0
0
0
0
0
0
0
0
0
0
0
0
0
0
0
0
0
0
0
0
0
-3.9438
0
0
0
0
0
0
0
0
0
0
0
0
0
-3.2908
0
0
0
0
0
0
0
0
0
0
0
0
0
0
7.2346
0
0
0
0
0
0
0
0
0
0
0
0
0
0
0
0
0
0
0
0
0
0
0
0
0
0
0
0
0
0
0
0
0
0
0
0
0
0
0
0
0
0
0
0
0
0
0
0
0
0
0
0
0
0
0
0
0
0
0
0
0
0
0
0
0
0
0
0
0
0
0
0
0
0
0
0
0
0
0
0
0
0
0
0
0
0
0
0
0
0
-3.7016
0
0
0
0
0
0
0
0
0
0
8.2059
0
0
0
0
0
-4.5043
0
0
0
0
0
0
0
0
0
0
0
0
0
0
0
0
0
0
0
0
0
0
0
0
0
0
0
0
0
0
0
0
0
0
0
0
0
-4.2972
0
0
0
0
0
0
0
0
0
0
0
0
0
0
0
0
0
0
0
0
0
0
0
0
0
0
0
0
0
0
0
0
0
0
0
0
0
0
0
0
-3.1778
0
0
0
0
0
0
0
0
0
0
0
0
0
0
0
0
7.475
0
0
0
0
0
0
0
0
0
0
0
0
0
0
0
0
0
0
0
0
0
0
0
0
0
0
0
0
0
0
0
0
0
0
0
0
0
0
0
0
0
0
0
0
0
0
0
0
0
0
0
0
0
-3.1175
0
0
0
0
0
0
0
0
0
0
0
0
0
0
0
0
0
0
0
0
0
0
0
0
0
0
0
0
0
0
0
0
0
-3.1194
0
0
0
0
0
0
0
0
0
0
0
0
0
6.2369
0
0
0
0
0
0
0
0
0
0
0
0
0
0
0
0
0
0
0
0
0
0
0
0
0
0
0
0
0
0
0
0
0
0
0
0
0
0
0
0
0
0
0
0
0
0
0
0
0
0
0
0
0
0
0
0
0
0
0
0
0
0
0
0
0
0
0
0
0
0
0
0
0
0
0
0
0
-3.8567
0
0
0
0
0
0
0
0
0
0
0
0
0
0
0
0
0
0
0
0
0
0
0
7.8932
0
0
0
0
0
-4.0365
0
0
0
0
0
0
0
0
0
0
0
0
0
0
0
0
0
0
0
0
0
0
0
0
0
0
0
0
0
0
0
0
0
0
0
0
0
0
0
0
0
0
0
0
0
0
0
0
0
0
0
0
0
0
0
-4.1132
0
0
0
0
0
0
0
0
0
0
0
0
0
0
0
0
0
0
0
0
0
0
0
0
0
0
0
0
0
0
0
0
0
0
0
0
0
0
0
7.8307
0
0
0
0
0
-3.7175
0
0
0
0
0
0
0
0
0
0
0
0
0
0
0
0
0
0
0
0
0
0
0
0
0
0
0
0
0
0
0
0
-2.2734
0
0
0
0
0
0
0
0
0
0
0
0
0
0
0
0
0
0
0
0
0
0
0
0
0
0
0
0
0
0
0
0
0
0
0
0
0
0
0
0
0
0
0
-3.3768
0
0
0
0
0
0
0
0
0
0
0
0
0
0
0
0
0
0
5.6503
0
0
0
0
0
0
0
0
0
0
0
0
0
0
0
0
0
0
0
0
0
0
0
0
0
0
0
0
0
0
0
0
0
0
0
0
0
0
0
0
0
0
0
0
0
0
0
0
0
0
0
0
0
0
0
0
0
0
0
0
0
0
0
0
0
0
0
0
0
0
0
0
0
0
0
0
0
0
0
0
0
0
0
0
0
-3.6573
0
0
0
0
0
0
0
0
0
-4.5043
0
0
0
0
0
8.1616
0
0
0
0
0
0
0
0
0
0
0
0
0
0
0
0
0
0
0
0
0
0
0
0
0
0
0
0
0
0
0
0
0
0
0
0
0
0
0
0
0
0
0
0
0
0
0
0
0
0
0
0
0
0
0
0
0
0
0
0
0
0
0
0
0
0
0
0
0
0
0
0
0
0
0
0
0
0
0
0
0
0
0
0
0
0
0
-4.3579
0
0
0
0
0
0
0
0
0
0
0
0
0
8.7333
-4.3755
0
0
0
0
0
0
0
0
0
0
0
0
0
0
0
0
0
0
0
0
0
0
0
0
0
0
0
0
0
0
0
0
0
-4.6975
0
0
0
0
0
0
0
0
0
0
0
0
0
0
0
0
0
0
0
0
0
0
0
0
0
0
0
0
0
0
0
0
0
0
0
0
0
0
0
0
0
0
0
0
0
0
0
0
0
0
0
0
0
0
0
0
0
0
0
0
0
0
0
0
0
-4.3755
9.073
0
0
0
0
0
0
0
0
0
0
0
0
0
0
0
0
0
0
0
0
0
0
0
0
0
0
0
0
0
0
0
0
0
0
0
0
0
0
0
0
0
0
0
0
0
0
0
0
0
0
0
0
0
0
0
0
0
0
0
0
0
0
0
0
0
0
0
0
0
0
0
0
0
0
0
0
0
0
0
0
0
0
0
0
0
0
0
0
0
0
-3.3866
0
0
0
0
-4.0365
0
0
0
0
0
7.4231
0
0
0
0
0
0
0
0
0
0
0
0
0
0
0
0
0
0
0
0
0
0
0
0
0
0
0
0
0
0
0
0
0
0
0
0
0
0
0
0
0
0
0
0
0
0
0
0
0
0
0
0
0
0
0
0
0
0
0
0
0
0
0
0
0
0
0
0
0
0
0
0
0
0
0
0
0
0
0
0
0
-3.7038
0
0
0
0
0
0
0
0
0
0
0
0
0
-3.7175
0
0
0
0
0
7.4213
0
0
0
0
0
0
0
0
0
0
0
0
0
0
0
0
0
0
0
0
0
0
0
0
0
0
0
0
0
0
0
0
0
0
0
0
0
0
0
0
0
0
0
0
0
0
0
-6.6039
0
0
0
0
0
0
0
0
0
0
0
0
0
0
0
0
0
0
0
0
0
0
0
0
0
0
0
0
0
0
0
0
0
0
0
0
0
0
0
0
0
0
0
0
0
0
0
0
0
0
0
0
0
6.6039
0
0
0
0
0
0
0
0
0
0
0
0
0
0
0
0
0
0
0
0
0
0
0
0
0
0
0
0
0
0
0
0
0
0
0
0
0
0
0
0
0
0
0
0
0
0
0
0
0
0
0
0
0
0
0
0
0
0
0
0
0
0
0
0
0
0
0
-5.258
0
0
0
0
0
0
0
0
0
0
0
0
0
0
0
0
0
0
0
0
0
0
0
0
0
0
0
0
0
0
0
0
0
5.258
0
0
0
0
0
0
0
0
0
0
0
0
0
0
0
0
0
0
0
0
0
0
0
0
0
0
0
0
0
0
0
0
0
0
0
0
0
0
0
0
0
0
0
0
0
0
0
0
0
0
0
0
0
0
0
0
0
0
0
0
0
0
0
0
-5.7701
0
0
0
0
0
0
0
0
0
0
0
0
0
0
0
0
0
0
0
0
0
0
0
0
0
0
0
0
0
0
0
0
0
0
0
0
5.7701
0
0
0
0
0
0
0
0
0
0
0
0
0
0
0
0
0
0
0
0
0
0
0
0
0
0
0
0
0
0
0
0
0
0
0
0
0
0
0
0
0
0
0
0
0
0
0
0
0
0
0
0
0
0
0
0
0
0
-4.9852
0
0
0
0
0
0
0
0
0
0
0
0
0
0
0
0
0
0
0
0
0
0
0
0
0
0
0
0
0
0
0
0
0
0
0
0
0
0
0
0
0
0
4.9852
0
0
0
0
0
0
0
0
0
0
0
0
0
0
0
0
0
0
0
0
0
0
0
0
0
0
0
0
0
0
0
0
0
0
0
0
0
0
0
0
0
0
0
0
0
0
0
0
-6.1846
0
0
0
0
0
0
0
0
0
0
0
0
0
0
0
0
0
0
0
0
0
0
0
0
0
0
0
0
0
0
0
0
0
0
0
0
0
0
0
0
0
0
0
0
0
0
0
0
0
0
0
0
6.1846
0
0
0
0
0
0
0
0
0
0
0
0
0
0
0
0
0
0
0
0
0
0
0
0
0
0
0
0
0
0
0
0
0
0
0
0
0
0
0
0
0
0
0
0
0
0
0
0
0
0
0
0
0
0
0
0
0
0
0
0
0
0
0
0
0
-4.1981
0
0
0
0
0
0
0
0
0
0
0
0
0
0
0
0
0
0
0
0
0
0
0
0
0
0
0
0
0
0
0
0
0
0
0
4.1981
0
0
0
0
0
0
0
0
0
0
0
0
0
0
0
0
0
0
0
0
0
0
0
0
0
0
0
0
0
0
0
0
0
0
0
0
0
0
0
0
0
0
0
0
0
0
0
0
0
0
0
-5.8872
0
0
0
0
0
0
0
0
0
0
0
0
0
0
0
0
0
0
0
0
0
0
0
0
0
0
0
0
0
0
0
0
0
0
0
0
0
0
0
0
0
0
0
0
0
0
0
0
0
5.8872
0
0
0
0
0
0
0
0
0
0
0
0
0
0
0
0
0
0
0
0
0
0
0
0
0
0
0
0
0
0
0
0
0
0
0
0
0
0
0
0
0
0
0
0
0
0
-6.9457
0
0
0
0
0
0
0
0
0
0
0
0
0
0
0
0
0
0
0
0
0
0
0
0
0
0
0
0
0
0
0
0
0
0
0
0
0
0
0
0
0
0
0
0
0
0
0
0
0
0
0
0
0
0
6.9457
0
0
0
0
0
0
0
0
0
0
0
0
0
0
0
0
0
0
0
0
0
0
0
0
0
0
0
0
0
0
0
0
0
0
0
0
0
0
0
0
0
0
0
0
0
0
0
0
0
0
0
0
0
0
0
0
0
0
0
0
0
0
0
0
0
0
0
0
0
-3.8159
0
0
0
0
0
0
0
0
0
0
0
0
0
0
0
0
0
0
0
0
0
0
0
0
0
0
0
0
0
0
0
3.8159
0
0
0
0
0
0
0
0
0
0
0
0
0
0
0
0
0
0
0
0
0
0
0
0
0
0
0
0
0
0
0
0
0
0
0
-7.1215
0
0
0
0
0
0
0
0
0
0
0
0
0
0
0
0
0
0
0
0
0
0
0
0
0
0
0
0
0
0
0
0
0
0
0
0
0
0
0
0
0
0
0
0
0
0
0
0
0
0
0
0
0
0
0
0
0
0
0
0
0
0
0
0
0
7.1215
0
0
0
0
0
0
0
0
0
0
0
0
0
0
0
0
0
0
0
0
0
0
0
0
0
0
0
0
0
0
0
0
0
0
0
0
0
0
0
0
0
0
0
0
0
0
0
0
0
0
0
0
0
0
0
0
0
0
0
0
0
0
0
0
0
0
0
0
-3.5634
0
0
0
0
0
0
0
0
0
0
0
0
0
0
0
0
0
0
0
0
0
0
0
0
0
0
0
0
0
0
0
0
3.5634
0
0
0
0
0
0
0
0
0
0
0
0
0
0
0
0
0
0
0
0
0
0
0
0
0
0
0
0
0
0
0
0
0
0
0
0
0
0
0
0
0
0
0
0
0
0
0
0
0
0
0
0
0
0
0
0
0
0
0
0
0
0
0
0
0
0
0
0
0
0
-4.2903
0
0
0
0
0
0
0
0
0
0
0
0
0
0
0
0
0
0
0
0
0
0
0
0
0
0
0
0
0
0
4.2903
0
0
0
0
0
0
0
0
0
0
0
0
0
0
0
0
0
0
0
0
0
0
0
0
0
0
-7.5784
0
0
0
0
0
0
0
0
0
0
0
0
0
0
0
0
0
0
0
0
0
0
0
0
0
0
0
0
0
0
0
0
0
0
0
0
0
0
0
0
0
0
0
0
0
0
0
0
0
0
0
0
0
0
0
0
0
0
0
0
0
0
0
0
0
0
0
0
0
0
0
0
0
0
7.5784
0
0
0
0
0
0
0
0
0
0
0
0
0
0
0
0
0
0
0
0
0
0
0
0
0
0
0
0
0
0
0
0
0
0
0
0
0
0
0
0
-6.9457
0
0
0
0
0
0
0
0
0
0
0
0
0
0
0
0
0
0
0
0
0
0
0
0
0
0
0
0
0
0
0
0
0
0
0
0
0
0
0
0
0
0
0
0
0
0
0
0
0
0
0
0
0
0
0
0
0
0
0
0
6.9457
0
0
0
0
0
0
0
0
0
0
0
0
0
0
0
0
0
0
0
0
0
0
0
0
0
0
0
0
0
0
0
0
0
0
0
0
0
0
0
0
0
0
0
0
0
0
0
0
0
0
0
0
-5.7701
0
0
0
0
0
0
0
0
0
0
0
0
0
0
0
0
0
0
0
0
0
0
0
0
0
0
0
0
0
0
0
0
0
0
0
0
0
0
0
0
0
0
0
0
0
0
0
0
5.7701
0
0
0
0
0
0
0
0
0
0
0
0
0
0
0
0
0
0
0
0
0
0
0
0
0
0
0
0
0
0
0
0
0
0
0
0
0
0
0
0
0
0
0
0
0
0
0
0
0
0
0
0
0
0
0
0
0
0
0
0
0
-2.5547
0
0
0
0
0
0
0
0
0
0
0
0
0
0
0
0
0
0
0
0
0
0
0
0
0
0
0
0
0
0
0
0
0
0
0
0
0
0
0
2.5547
0
0
0
0
0
0
0
0
0
0
0
0
0
0
0
0
0
0
0
0
0
0
0
-7.5785
0
0
0
0
0
0
0
0
0
0
0
0
0
0
0
0
0
0
0
0
0
0
0
0
0
0
0
0
0
0
0
0
0
0
0
0
0
0
0
0
0
0
0
0
0
0
0
0
0
0
0
0
0
0
0
0
0
0
0
0
0
0
0
0
0
0
0
0
0
0
0
0
0
0
0
0
0
7.5785
0
0
0
0
0
0
0
0
0
0
0
0
0
0
0
0
0
0
0
0
0
0
0
0
0
0
0
0
0
0
0
0
0
0
0
0
0
0
0
0
0
0
0
0
0
0
0
0
0
0
0
0
0
0
0
0
0
0
0
0
0
0
0
0
0
0
0
0
-0.68215
0
0
0
0
0
0
0
0
0
0
0
0
0
0
0
0
0
0
0
0
0
0
0
0
0
0
0
0
0
0
0
0
0.68215
0
0
0
0
0
0
0
0
0
0
0
0
0
0
0
0
0
0
0
0
0
0
0
0
0
0
0
0
0
0
0
0
0
0
0
0
0
0
0
0
0
0
0
0
0
0
0
0
0
0
0
0
0
0
0
0
0
0
0
0
0
0
0
0
0
0
0
0
-3.8665
0
0
0
0
0
0
0
0
0
0
0
0
0
0
0
0
0
0
0
0
0
0
0
0
0
0
0
0
0
0
0
0
3.8665
