50.7821
-0.75926
-0.75404
-0.76565
-0.76666
-0.76398
-0.77195
-0.71343
-0.71342
-0.71996
-0.71845
-0.7142
-0.71177
-0.712
-0.73956
-0.73085
-0.73086
-0.71055
-0.72068
-0.80182
-0.80186
-0.70196
-0.7038
-0.70199
-0.68022
-0.78054
-0.69106
-0.69861
-0.80787
-0.76547
-0.78541
-0.75084
-0.77563
-0.83646
-0.89238
-0.7487
-0.78596
-0.78588
-0.86368
-0.75965
-0.78263
-0.77936
-0.79784
-0.77716
-0.8485
-0.90275
-1.0373
-1.2329
-1.0546
-1.1991
-1.1279
-1.1449
-1.3154
-1.3952
-1.2805
-2.1513
0
0
0
0
0
0
0
0
0
0
0
0
-3.6177
0
0
0
0
0
0
0
0
0
0
0
0
0
0
0
0
0
0
0
0
0
0
0
0
0
0
0
0
0
0
0
0
-0.75926
48.5308
-0.78181
-0.79422
-0.79528
-0.79245
-0.80078
-0.73196
-0.73196
-0.73771
-0.73615
-0.73171
-0.73009
-0.73218
-0.76395
-0.74838
-0.74839
-0.72923
-0.74426
-0.82235
-0.82238
-0.71914
-0.72642
-0.71917
-0.69702
-0.79631
-0.7077
-0.71484
-0.82749
-0.78404
-0.79959
-0.76159
-0.79243
-0.85972
-0.91223
-0.76601
-0.80345
-0.80337
-0.88401
-0.77655
-0.79991
-0.80924
-0.8185
-0.79427
-0.86562
-0.9223
-1.0554
-1.2575
-1.075
-1.2182
-1.1488
-1.1717
-1.3335
-1.4135
-1.4155
0
-2.3463
0
0
0
0
0
0
0
0
0
0
0
0
0
0
0
0
0
0
0
0
0
0
0
0
0
0
0
0
0
0
0
0
0
0
0
0
0
0
0
0
0
0
0
0
-0.75404
-0.78181
45.4959
-0.74279
-0.74431
-0.74037
-0.75303
-0.71065
-0.71065
-0.72149
-0.72156
-0.71816
-0.72269
-0.71908
-0.75321
-0.73691
-0.73691
-0.71798
-0.73388
-0.82055
-0.82059
-0.70808
-0.71621
-0.70811
-0.68603
-0.79774
-0.69692
-0.70549
-0.81933
-0.77422
-0.79464
-0.76148
-0.78176
-0.8517
-0.90977
-0.75783
-0.7925
-0.79241
-0.87611
-0.76563
-0.78902
-0.79902
-0.81098
-0.78329
-0.85447
-0.91228
-1.0435
-1.251
-1.0619
-1.2097
-1.1367
-1.1612
-1.3214
-1.4005
-1.4044
0
0
0
0
0
0
0
0
0
0
0
0
0
0
0
0
0
0
0
0
0
0
0
0
0
0
0
0
0
0
0
0
0
0
0
0
0
0
0
0
0
0
0
0
0
0
-0.76565
-0.79422
-0.74279
46.1267
-0.76098
-0.75675
-0.77007
-0.72139
-0.72139
-0.73243
-0.73255
-0.72917
-0.73385
-0.73017
-0.76447
-0.74808
-0.74807
-0.72908
-0.7451
-0.83213
-0.83218
-0.71912
-0.72731
-0.71915
-0.69697
-0.80931
-0.70792
-0.71655
-0.83101
-0.78564
-0.80615
-0.77285
-0.7932
-0.86353
-0.92207
-0.7692
-0.80399
-0.8039
-0.88798
-0.77701
-0.8005
-0.81057
-0.82256
-0.79474
-0.86622
-0.92424
-1.0559
-1.2639
-1.0742
-1.2224
-1.1492
-1.1738
-1.3343
-1.4134
-1.4173
0
0
0
0
0
0
0
0
0
0
0
0
0
0
0
0
0
0
0
0
0
0
0
0
0
0
0
0
0
0
0
0
0
0
0
0
0
0
0
0
0
0
0
0
0
0
-0.76666
-0.79528
-0.74431
-0.76098
46.1826
-0.75835
-0.77168
-0.72239
-0.72239
-0.73342
-0.73354
-0.73015
-0.73484
-0.73115
-0.76547
-0.74906
-0.74906
-0.73006
-0.7461
-0.83314
-0.83318
-0.72011
-0.72829
-0.72014
-0.69794
-0.81029
-0.70889
-0.71753
-0.83201
-0.78665
-0.80716
-0.77387
-0.79421
-0.86456
-0.92312
-0.7702
-0.805
-0.80492
-0.88902
-0.77801
-0.80152
-0.81158
-0.82358
-0.79576
-0.86725
-0.92529
-1.0569
-1.265
-1.0753
-1.2235
-1.1503
-1.1749
-1.3354
-1.4146
-1.4184
0
0
0
0
0
0
0
0
0
0
0
0
0
0
0
0
0
0
0
0
0
0
0
0
0
0
0
0
0
0
0
0
0
0
0
0
0
0
0
0
0
0
0
0
0
0
-0.76398
-0.79245
-0.74037
-0.75675
-0.75835
46.0346
-0.76745
-0.71978
-0.71978
-0.73081
-0.73093
-0.72755
-0.73222
-0.72854
-0.76282
-0.74644
-0.74644
-0.72746
-0.74346
-0.83048
-0.83053
-0.71751
-0.72569
-0.71754
-0.69537
-0.80766
-0.70631
-0.71494
-0.82932
-0.78398
-0.80448
-0.77121
-0.79153
-0.86181
-0.92032
-0.76754
-0.80232
-0.80223
-0.88625
-0.77535
-0.79884
-0.8089
-0.82087
-0.79309
-0.86451
-0.92251
-1.0541
-1.2621
-1.0724
-1.2206
-1.1474
-1.172
-1.3324
-1.4116
-1.4154
0
0
0
0
0
0
0
0
0
0
0
0
0
0
0
0
0
0
0
0
0
0
0
0
0
0
0
0
0
0
0
0
0
0
0
0
0
0
0
0
0
0
0
0
0
0
-0.77195
-0.80078
-0.75303
-0.77007
-0.77168
-0.76745
46.4821
-0.72785
-0.72786
-0.73879
-0.73889
-0.73547
-0.74014
-0.73643
-0.77083
-0.75438
-0.75439
-0.73534
-0.75139
-0.83838
-0.83842
-0.72535
-0.73355
-0.72538
-0.70313
-0.81544
-0.71411
-0.72276
-0.83746
-0.79202
-0.81256
-0.7792
-0.7996
-0.87005
-0.92862
-0.77552
-0.81042
-0.81033
-0.89455
-0.78338
-0.80691
-0.817
-0.829
-0.80115
-0.87275
-0.93087
-1.0627
-1.2709
-1.0811
-1.2294
-1.1562
-1.1808
-1.3414
-1.4206
-1.4244
0
0
0
0
0
0
0
0
0
0
0
0
0
0
0
0
0
0
0
0
0
0
0
0
0
0
0
0
0
0
0
0
0
0
0
0
0
0
0
0
0
0
0
0
0
0
-0.71343
-0.73196
-0.71065
-0.72139
-0.72239
-0.71978
-0.72785
41.889
-0.65095
-0.68258
-0.68207
-0.67839
-0.67754
-0.67802
-0.71101
-0.69615
-0.69615
-0.67758
-0.69232
-0.77724
-0.77728
-0.66789
-0.67555
-0.66792
-0.6462
-0.75478
-0.65669
-0.66475
-0.77452
-0.73142
-0.75142
-0.71902
-0.73905
-0.80635
-0.86275
-0.71549
-0.74989
-0.74981
-0.83085
-0.72355
-0.74651
-0.75603
-0.76723
-0.74105
-0.81077
-0.86709
-0.99654
-1.1988
-1.0142
-1.1598
-1.0871
-1.1132
-1.2698
-1.3484
0
0
0
0
0
0
0
0
0
0
0
0
0
0
0
0
0
0
0
0
0
0
0
0
0
0
0
0
0
0
0
0
0
0
0
0
0
0
0
0
0
0
0
0
0
0
0
-0.71342
-0.73196
-0.71065
-0.72139
-0.72239
-0.71978
-0.72786
-0.65095
41.889
-0.68258
-0.68206
-0.67839
-0.67754
-0.67802
-0.71101
-0.69615
-0.69615
-0.67758
-0.69233
-0.77724
-0.77728
-0.66789
-0.67556
-0.66792
-0.6462
-0.75479
-0.65669
-0.66474
-0.77452
-0.73142
-0.75143
-0.71902
-0.73905
-0.80635
-0.86275
-0.7155
-0.74989
-0.74981
-0.83085
-0.72355
-0.74651
-0.75602
-0.76724
-0.74104
-0.81077
-0.86709
-0.99654
-1.1988
-1.0142
-1.1598
-1.0871
-1.1131
-1.2698
-1.3484
0
0
0
0
0
0
0
0
0
0
0
0
0
0
0
0
0
0
0
0
0
0
0
0
0
0
0
0
0
0
0
0
0
0
0
0
0
0
0
0
0
0
0
0
0
0
0
-0.71996
-0.73771
-0.72149
-0.73243
-0.73342
-0.73081
-0.73879
-0.68258
-0.68258
39.8426
-0.6892
-0.68418
-0.68307
-0.68329
-0.7196
-0.70243
-0.70244
-0.68345
-0.69955
-0.77791
-0.77796
-0.67342
-0.68127
-0.67344
-0.65136
-0.74503
-0.66195
-0.66978
-0.78065
-0.73719
-0.7573
-0.72574
-0.74429
-0.81257
-0.87012
-0.72106
-0.75559
-0.7555
-0.83714
-0.72915
-0.7517
-0.76127
-0.77262
-0.74621
-0.81574
-0.87197
-1.0024
-1.2068
-1.0216
-1.1663
-1.1036
0
0
-1.3571
0
0
0
0
0
0
0
0
0
0
0
0
0
0
0
0
0
0
0
0
0
0
0
0
0
0
0
0
0
0
0
0
0
0
0
0
0
0
0
0
0
0
0
0
0
0
0
-0.71845
-0.73615
-0.72156
-0.73255
-0.73354
-0.73093
-0.73889
-0.68207
-0.68206
-0.6892
38.3553
-0.68061
-0.67961
-0.6791
-0.71266
-0.69973
-0.69973
-0.68052
-0.69479
-0.77223
-0.77227
-0.6704
-0.67832
-0.67043
-0.64813
-0.74051
-0.6589
-0.66749
-0.77796
-0.73442
-0.75488
-0.72359
-0.74126
-0.80961
-0.86946
-0.71853
-0.75287
-0.75278
-0.83447
-0.72626
-0.74875
-0.75841
-0.76986
-0.74323
-0.81273
-0.86881
-0.99899
-1.2033
-1.0196
-1.1631
-1.1016
0
0
0
0
0
0
0
0
0
0
0
0
0
0
0
0
0
0
0
0
0
0
0
0
0
0
0
0
0
0
0
0
0
0
0
0
0
0
0
0
0
0
0
0
0
0
0
0
0
0
-0.7142
-0.73171
-0.71816
-0.72917
-0.73015
-0.72755
-0.73547
-0.67839
-0.67839
-0.68418
-0.68061
37.0065
-0.67258
-0.6738
-0.70565
-0.69732
-0.69733
-0.67693
-0.68904
-0.76586
-0.76591
-0.66629
-0.67444
-0.66632
-0.64357
-0.73786
-0.6543
-0.66206
-0.77394
-0.7288
-0.74871
-0.71787
-0.73506
-0.80364
-0.85715
-0.71249
-0.7475
-0.74741
-0.82913
-0.72121
-0.74384
-0.75333
-0.76489
-0.73834
-0.80764
-0.8633
-0.99353
-1.1961
-1.0086
-1.1568
0
0
0
0
0
0
0
0
0
0
0
0
0
0
0
0
0
0
0
0
0
0
0
0
0
0
0
0
0
0
0
0
0
0
0
0
0
0
0
0
0
0
0
0
0
0
0
0
0
0
0
-0.71177
-0.73009
-0.72269
-0.73385
-0.73484
-0.73222
-0.74014
-0.67754
-0.67754
-0.68307
-0.67961
-0.67258
41.3936
-0.6665
-0.70102
-0.68688
-0.68689
-0.66568
-0.67675
-0.76357
-0.76362
-0.65777
-0.66417
-0.65781
-0.63573
-0.72585
-0.64517
-0.6305
-0.75539
-0.71689
-0.73433
-0.70075
-0.72507
-0.78429
-0.83399
-0.69763
-0.73646
-0.73638
-0.81348
-0.71063
-0.7337
-0.74151
-0.75269
-0.72844
-0.79756
-0.85343
-0.98383
0
0
0
0
0
0
0
0
0
0
0
0
0
0
0
0
0
0
0
0
-3.3081
0
0
0
0
0
0
0
0
0
0
0
-4.8252
0
0
0
0
0
0
0
0
0
0
0
0
0
0
0
0
0
0
0
0
0
-0.712
-0.73218
-0.71908
-0.73017
-0.73115
-0.72854
-0.73643
-0.67802
-0.67802
-0.68329
-0.6791
-0.6738
-0.6665
35.8612
-0.70006
-0.70372
-0.70372
-0.6767
-0.68657
-0.75977
-0.75982
-0.66553
-0.67252
-0.66555
-0.64201
-0.73308
-0.65159
-0.65629
-0.76873
-0.72341
-0.74177
-0.72134
-0.7305
-0.7901
-0.84785
-0.70427
-0.74346
-0.74337
-0.82062
-0.71782
-0.74063
-0.74645
-0.75551
-0.73524
-0.80471
-0.85869
-0.99125
0
0
0
0
0
0
0
0
0
0
0
0
0
0
0
0
0
0
0
0
0
0
0
0
0
0
0
0
0
-2.3503
0
0
0
0
0
0
0
0
0
0
0
0
0
0
0
0
0
0
0
0
0
0
0
0
-0.73956
-0.76395
-0.75321
-0.76447
-0.76547
-0.76282
-0.77083
-0.71101
-0.71101
-0.7196
-0.71266
-0.70565
-0.70102
-0.70006
39.4518
-0.72519
-0.7252
-0.7054
-0.7179
-0.7921
-0.79213
-0.69517
-0.69352
-0.69519
-0.67247
-0.76333
-0.6829
-0.68874
-0.80206
-0.75862
-0.77998
-0.74743
-0.76576
-0.83552
-0.89847
-0.73991
-0.77836
-0.77827
-0.85936
-0.75199
-0.775
-0.7868
-0.78885
-0.76943
-0.84011
-0.89429
-1.0286
0
0
0
0
0
0
0
0
0
0
0
0
0
0
0
0
0
0
0
0
0
0
0
0
0
-4.4424
0
0
0
0
0
0
0
0
0
0
0
0
0
0
0
0
0
0
0
0
0
0
0
0
0
0
0
0
-0.73085
-0.74838
-0.73691
-0.74808
-0.74906
-0.74644
-0.75438
-0.69615
-0.69615
-0.70243
-0.69973
-0.69732
-0.68688
-0.70372
-0.72519
34.3383
-0.70583
-0.68424
-0.70988
-0.78121
-0.78127
-0.67751
-0.68229
-0.67753
-0.65438
-0.75421
-0.66545
-0.67125
-0.79
-0.74286
-0.76173
-0.73143
-0.74795
-0.81901
-0.88674
-0.72544
-0.7616
-0.76151
-0.84263
-0.73536
-0.75821
-0.767
-0.77874
-0.75257
-0.82236
-0.87768
-1.0087
0
0
0
0
0
0
0
0
0
0
0
0
0
0
0
0
0
0
0
0
0
0
0
0
0
0
0
0
0
0
0
0
0
0
0
0
0
0
0
0
0
0
0
0
0
0
0
0
0
0
0
0
0
0
-0.73086
-0.74839
-0.73691
-0.74807
-0.74906
-0.74644
-0.75439
-0.69615
-0.69615
-0.70244
-0.69973
-0.69733
-0.68689
-0.70372
-0.7252
-0.70583
34.3384
-0.68424
-0.70989
-0.78121
-0.78126
-0.67751
-0.68229
-0.67754
-0.65438
-0.75421
-0.66545
-0.67125
-0.79
-0.74287
-0.76173
-0.73143
-0.74796
-0.81901
-0.88674
-0.72544
-0.7616
-0.76151
-0.84263
-0.73536
-0.75822
-0.767
-0.77874
-0.75258
-0.82236
-0.87767
-1.0087
0
0
0
0
0
0
0
0
0
0
0
0
0
0
0
0
0
0
0
0
0
0
0
0
0
0
0
0
0
0
0
0
0
0
0
0
0
0
0
0
0
0
0
0
0
0
0
0
0
0
0
0
0
0
-0.71055
-0.72923
-0.71798
-0.72908
-0.73006
-0.72746
-0.73534
-0.67758
-0.67758
-0.68345
-0.68052
-0.67693
-0.66568
-0.6767
-0.7054
-0.68424
-0.68424
32.9277
-0.68234
-0.75655
-0.75659
-0.66054
-0.66136
-0.66057
-0.63489
-0.72926
-0.64564
-0.65072
-0.76142
-0.72223
-0.73968
-0.71101
-0.72626
-0.78785
-0.85949
-0.70443
-0.74075
-0.74067
-0.81823
-0.71461
-0.73741
-0.74644
-0.7556
-0.73176
-0.80137
0
0
0
0
0
0
0
0
0
0
0
0
0
0
0
0
0
-1.398
0
0
0
0
0
0
0
0
0
0
0
0
0
0
0
0
0
0
0
0
0
0
0
0
0
0
0
0
0
0
0
0
0
0
0
0
0
0
-0.72068
-0.74426
-0.73388
-0.7451
-0.7461
-0.74346
-0.75139
-0.69232
-0.69233
-0.69955
-0.69479
-0.68904
-0.67675
-0.68657
-0.7179
-0.70988
-0.70989
-0.68234
37.9854
-0.76508
-0.76512
-0.67664
-0.68269
-0.67666
-0.65248
-0.73529
-0.66273
-0.6658
-0.77464
-0.73661
-0.76266
-0.72496
-0.7447
-0.7721
-0.8558
-0.71781
-0.75757
-0.75749
-0.83182
-0.7316
-0.75508
-0.7648
-0.76942
-0.74959
0
0
0
0
0
0
0
0
0
0
0
0
0
0
0
0
0
-3.2615
0
0
0
-3.3986
0
0
0
0
0
0
0
0
0
0
0
0
0
0
0
0
0
0
0
0
0
0
0
0
0
0
0
0
0
0
0
0
0
0
0
-0.80182
-0.82235
-0.82055
-0.83213
-0.83314
-0.83048
-0.83838
-0.77724
-0.77724
-0.77791
-0.77223
-0.76586
-0.76357
-0.75977
-0.7921
-0.78121
-0.78121
-0.75655
-0.76508
43.2395
-0.88457
-0.74906
-0.7545
-0.74909
-0.72595
-0.81557
-0.73641
-0.74342
-0.84157
-0.80971
-0.83236
-0.79601
-0.82127
-0.87223
-0.9214
-0.7923
-0.83372
-0.83364
-0.90403
-0.80756
-0.8317
-0.83565
-0.84134
-0.82618
-0.8989
0
0
0
0
0
0
0
0
0
0
0
0
0
0
0
0
0
0
0
0
0
0
0
0
0
0
0
0
0
0
0
0
0
0
0
0
0
0
0
0
0
0
0
0
0
0
0
0
0
-7.7325
0
0
0
0
0
0
-0.80186
-0.82238
-0.82059
-0.83218
-0.83318
-0.83053
-0.83842
-0.77728
-0.77728
-0.77796
-0.77227
-0.76591
-0.76362
-0.75982
-0.79213
-0.78127
-0.78126
-0.75659
-0.76512
-0.88457
43.2415
-0.7491
-0.75454
-0.74913
-0.726
-0.81564
-0.73645
-0.74347
-0.8416
-0.80975
-0.83241
-0.79605
-0.82132
-0.87227
-0.92145
-0.79234
-0.83377
-0.83368
-0.90409
-0.8076
-0.83175
-0.8357
-0.8414
-0.82622
-0.89894
0
0
0
0
0
0
0
0
0
0
0
0
0
0
0
0
0
0
0
0
0
0
0
0
0
0
0
0
0
0
0
0
0
0
0
0
0
0
0
0
0
0
0
0
0
0
0
0
0
0
0
0
0
-7.7326
0
0
-0.70196
-0.71914
-0.70808
-0.71912
-0.72011
-0.71751
-0.72535
-0.66789
-0.66789
-0.67342
-0.6704
-0.66629
-0.65777
-0.66553
-0.69517
-0.67751
-0.67751
-0.66054
-0.67664
-0.74906
-0.7491
31.113
-0.66063
-0.62924
-0.61931
-0.72404
-0.63377
-0.63964
-0.75476
-0.71299
-0.72981
-0.70121
-0.71477
-0.7903
-0.84762
-0.69474
-0.73016
-0.73007
-0.81182
-0.7041
-0.72634
-0.73475
-0.74708
-0.72049
-0.7893
0
0
0
0
0
0
0
0
0
0
0
0
0
0
0
0
0
0
0
0
0
0
0
0
0
0
0
0
0
0
0
0
0
0
0
0
0
0
0
0
0
0
0
0
0
0
0
0
0
0
0
0
0
0
0
0
-0.7038
-0.72642
-0.71621
-0.72731
-0.72829
-0.72569
-0.73355
-0.67555
-0.67556
-0.68127
-0.67832
-0.67444
-0.66417
-0.67252
-0.69352
-0.68229
-0.68229
-0.66136
-0.68269
-0.7545
-0.75454
-0.66063
32.6695
-0.66067
-0.63187
-0.72899
-0.64364
-0.64927
-0.75876
-0.71963
-0.73602
-0.70648
-0.72329
-0.78786
-0.86055
-0.70158
-0.73816
-0.73808
-0.81614
-0.71194
-0.7345
-0.72673
-0.75077
-0.72855
0
0
0
0
0
0
0
0
0
0
0
-2.0611
0
0
0
0
0
0
0
0
0
0
0
0
0
0
0
0
0
0
0
0
0
0
0
0
0
0
0
0
0
0
0
0
0
0
0
0
0
0
0
0
0
0
0
0
0
-0.70199
-0.71917
-0.70811
-0.71915
-0.72014
-0.71754
-0.72538
-0.66792
-0.66792
-0.67344
-0.67043
-0.66632
-0.65781
-0.66555
-0.69519
-0.67753
-0.67754
-0.66057
-0.67666
-0.74909
-0.74913
-0.62924
-0.66067
31.1142
-0.61934
-0.72407
-0.63379
-0.63967
-0.75479
-0.71303
-0.72985
-0.70124
-0.7148
-0.79033
-0.84764
-0.69477
-0.73019
-0.7301
-0.81185
-0.70413
-0.72637
-0.73478
-0.74712
-0.72052
-0.78934
0
0
0
0
0
0
0
0
0
0
0
0
0
0
0
0
0
0
0
0
0
0
0
0
0
0
0
0
0
0
0
0
0
0
0
0
0
0
0
0
0
0
0
0
0
0
0
0
0
0
0
0
0
0
0
0
-0.68022
-0.69702
-0.68603
-0.69697
-0.69794
-0.69537
-0.70313
-0.6462
-0.6462
-0.65136
-0.64813
-0.64357
-0.63573
-0.64201
-0.67247
-0.65438
-0.65438
-0.63489
-0.65248
-0.72595
-0.726
-0.61931
-0.63187
-0.61934
29.3555
-0.70069
-0.61425
-0.62261
-0.72961
-0.68902
-0.70434
-0.67616
-0.68988
-0.76495
-0.81801
-0.67091
-0.70673
-0.70664
-0.78605
-0.68085
-0.703
-0.71056
-0.72327
-0.69708
0
0
0
0
0
0
0
0
0
0
0
0
0
0
0
0
0
0
0
0
0
0
0
0
0
0
0
0
0
0
0
0
0
0
0
0
0
0
0
0
0
0
0
0
0
0
0
0
0
0
0
0
0
0
0
0
0
-0.78054
-0.79631
-0.79774
-0.80931
-0.81029
-0.80766
-0.81544
-0.75478
-0.75479
-0.74503
-0.74051
-0.73786
-0.72585
-0.73308
-0.76333
-0.75421
-0.75421
-0.72926
-0.73529
-0.81557
-0.81564
-0.72404
-0.72899
-0.72407
-0.70069
42.7004
-0.70956
-0.7132
-0.80992
-0.77952
-0.80019
-0.7633
-0.7902
-0.83623
-0.88842
-0.76189
-0.807
-0.80691
-0.86741
-0.78038
0
0
0
0
0
0
0
0
0
0
0
0
0
0
0
0
0
0
0
-1.9264
0
0
0
0
0
0
0
0
0
0
0
0
0
-3.2746
0
0
0
0
0
0
0
0
0
0
0
0
0
0
0
0
0
-7.3308
0
0
0
0
0
0
0
0
0
-0.69106
-0.7077
-0.69692
-0.70792
-0.70889
-0.70631
-0.71411
-0.65669
-0.65669
-0.66195
-0.6589
-0.6543
-0.64517
-0.65159
-0.6829
-0.66545
-0.66545
-0.64564
-0.66273
-0.73641
-0.73645
-0.63377
-0.64364
-0.63379
-0.61425
-0.70956
27.6204
-0.63006
-0.73816
-0.69982
-0.71296
-0.69067
-0.69018
-0.77217
-0.83115
-0.6838
-0.71737
-0.7173
-0.78685
-0.69002
-0.71164
0
0
0
0
0
0
0
0
0
0
0
0
0
0
0
0
0
0
0
0
0
0
0
0
0
0
0
0
0
0
0
0
0
0
0
0
0
0
0
0
0
0
0
0
0
0
0
0
0
0
0
0
0
0
0
0
0
0
0
0
-0.69861
-0.71484
-0.70549
-0.71655
-0.71753
-0.71494
-0.72276
-0.66475
-0.66474
-0.66978
-0.66749
-0.66206
-0.6305
-0.65629
-0.68874
-0.67125
-0.67125
-0.65072
-0.6658
-0.74342
-0.74347
-0.63964
-0.64927
-0.63967
-0.62261
-0.7132
-0.63006
29.5248
-0.74133
-0.70548
-0.70657
-0.67644
-0.70031
-0.77796
-0.83352
-0.68341
-0.72212
-0.72203
0
-0.69432
0
0
0
0
0
0
0
0
0
0
0
0
0
0
0
0
0
0
0
0
0
0
0
0
0
0
0
-3.2259
0
0
0
0
0
0
0
0
0
0
0
0
0
0
0
0
0
0
0
0
0
0
0
0
0
0
0
0
0
0
0
0
0
-0.80787
-0.82749
-0.81933
-0.83101
-0.83201
-0.82932
-0.83746
-0.77452
-0.77452
-0.78065
-0.77796
-0.77394
-0.75539
-0.76873
-0.80206
-0.79
-0.79
-0.76142
-0.77464
-0.84157
-0.8416
-0.75476
-0.75876
-0.75479
-0.72961
-0.80992
-0.73816
-0.74133
35.3995
-0.82198
-0.82732
-0.79519
-0.81473
-0.881
0
-0.7948
-0.83509
-0.83499
0
0
0
0
0
0
0
0
0
0
0
0
0
0
0
0
0
0
0
0
0
0
0
0
0
0
0
0
0
0
0
0
0
0
0
0
0
0
0
0
0
0
0
0
-6.7156
0
0
0
0
0
0
0
0
0
0
0
0
0
0
0
0
0
0
-0.76547
-0.78404
-0.77422
-0.78564
-0.78665
-0.78398
-0.79202
-0.73142
-0.73142
-0.73719
-0.73442
-0.7288
-0.71689
-0.72341
-0.75862
-0.74286
-0.74287
-0.72223
-0.73661
-0.80971
-0.80975
-0.71299
-0.71963
-0.71303
-0.68902
-0.77952
-0.69982
-0.70548
-0.82198
26.3763
-0.85856
0
-0.72404
0
0
0
0
0
0
0
0
0
0
0
0
0
0
0
0
0
0
0
0
0
0
0
0
0
0
0
0
0
0
0
0
0
-3.054
0
0
0
0
0
0
0
0
0
0
0
0
0
0
0
0
0
0
0
0
0
0
0
0
0
0
0
0
0
0
0
0
0
0
-0.78541
-0.79959
-0.79464
-0.80615
-0.80716
-0.80448
-0.81256
-0.75142
-0.75143
-0.7573
-0.75488
-0.74871
-0.73433
-0.74177
-0.77998
-0.76173
-0.76173
-0.73968
-0.76266
-0.83236
-0.83241
-0.72981
-0.73602
-0.72985
-0.70434
-0.80019
-0.71296
-0.70657
-0.82732
-0.85856
26.7266
0
-0.77529
0
0
0
0
0
0
0
0
0
0
0
0
0
0
0
0
0
0
0
0
0
0
0
0
0
0
0
-2.8253
0
0
0
0
0
0
0
0
0
0
0
0
0
0
0
0
0
0
0
0
0
0
0
0
0
0
0
0
0
0
0
0
0
0
0
0
0
0
0
0
-0.75084
-0.76159
-0.76148
-0.77285
-0.77387
-0.77121
-0.7792
-0.71902
-0.71902
-0.72574
-0.72359
-0.71787
-0.70075
-0.72134
-0.74743
-0.73143
-0.73143
-0.71101
-0.72496
-0.79601
-0.79605
-0.70121
-0.70648
-0.70124
-0.67616
-0.7633
-0.69067
-0.67644
-0.79519
0
0
27.1079
0
0
0
0
0
0
0
0
0
0
0
0
0
0
0
0
0
0
0
0
0
0
0
0
0
-0.26272
0
0
-2.7976
0
0
-2.7002
0
0
0
0
0
0
0
0
0
0
0
0
0
0
0
0
0
0
0
0
0
0
0
0
0
0
0
0
0
0
0
0
0
0
0
0
0
-0.77563
-0.79243
-0.78176
-0.7932
-0.79421
-0.79153
-0.7996
-0.73905
-0.73905
-0.74429
-0.74126
-0.73506
-0.72507
-0.7305
-0.76576
-0.74795
-0.74796
-0.72626
-0.7447
-0.82127
-0.82132
-0.71477
-0.72329
-0.7148
-0.68988
-0.7902
-0.69018
-0.70031
-0.81473
-0.72404
-0.77529
0
23.3954
0
0
0
0
0
0
0
0
0
0
0
0
0
0
0
0
0
0
0
0
0
0
0
0
0
0
0
0
0
0
0
0
0
0
0
0
0
0
0
0
0
0
0
0
0
0
0
0
0
0
0
0
0
0
0
0
0
0
0
0
0
0
0
0
0
0
0
0
-0.83646
-0.85972
-0.8517
-0.86353
-0.86456
-0.86181
-0.87005
-0.80635
-0.80635
-0.81257
-0.80961
-0.80364
-0.78429
-0.7901
-0.83552
-0.81901
-0.81901
-0.78785
-0.7721
-0.87223
-0.87227
-0.7903
-0.78786
-0.79033
-0.76495
-0.83623
-0.77217
-0.77796
-0.881
0
0
0
0
33.4609
0
0
0
0
0
0
0
0
0
0
0
0
0
0
0
0
0
0
0
0
0
0
0
0
0
0
0
0
0
0
0
-3.3481
0
0
0
0
0
0
0
0
0
0
0
0
0
0
0
0
0
0
0
0
-6.3133
0
0
0
0
0
0
0
0
0
0
0
0
0
0
-0.89238
-0.91223
-0.90977
-0.92207
-0.92312
-0.92032
-0.92862
-0.86275
-0.86275
-0.87012
-0.86946
-0.85715
-0.83399
-0.84785
-0.89847
-0.88674
-0.88674
-0.85949
-0.8558
-0.9214
-0.92145
-0.84762
-0.86055
-0.84764
-0.81801
-0.88842
-0.83115
-0.83352
0
0
0
0
0
0
38.7824
0
0
0
0
0
0
0
0
0
0
0
0
0
0
0
0
0
0
0
0
0
0
0
0
0
0
0
0
0
0
0
0
0
0
0
0
0
0
0
0
0
0
0
0
0
0
0
0
0
0
0
0
0
0
-7.1064
0
0
0
0
0
-7.1064
0
0
0
0
0
-0.7487
-0.76601
-0.75783
-0.7692
-0.7702
-0.76754
-0.77552
-0.71549
-0.7155
-0.72106
-0.71853
-0.71249
-0.69763
-0.70427
-0.73991
-0.72544
-0.72544
-0.70443
-0.71781
-0.7923
-0.79234
-0.69474
-0.70158
-0.69477
-0.67091
-0.76189
-0.6838
-0.68341
-0.7948
0
0
0
0
0
0
25.4418
0
0
0
0
0
0
0
0
0
0
0
0
0
0
0
0
0
0
0
0
0
0
0
0
0
0
0
0
0
0
0
0
0
0
0
0
0
0
0
-4.2182
0
0
0
0
0
0
0
0
0
0
0
0
0
0
0
0
0
0
0
0
0
0
0
0
0
-0.78596
-0.80345
-0.7925
-0.80399
-0.805
-0.80232
-0.81042
-0.74989
-0.74989
-0.75559
-0.75287
-0.7475
-0.73646
-0.74346
-0.77836
-0.7616
-0.7616
-0.74075
-0.75757
-0.83372
-0.83377
-0.73016
-0.73816
-0.73019
-0.70673
-0.807
-0.71737
-0.72212
-0.83509
0
0
0
0
0
0
0
22.2935
0
0
0
0
0
0
0
0
0
0
0
0
0
0
0
0
0
0
0
0
0
0
0
0
0
0
0
0
0
0
0
0
0
0
0
0
0
0
0
0
0
0
0
0
0
0
0
0
0
0
0
0
0
0
0
0
0
0
0
0
0
0
0
0
-0.78588
-0.80337
-0.79241
-0.8039
-0.80492
-0.80223
-0.81033
-0.74981
-0.74981
-0.7555
-0.75278
-0.74741
-0.73638
-0.74337
-0.77827
-0.76151
-0.76151
-0.74067
-0.75749
-0.83364
-0.83368
-0.73007
-0.73808
-0.7301
-0.70664
-0.80691
-0.7173
-0.72203
-0.83499
0
0
0
0
0
0
0
0
22.291
0
0
0
0
0
0
0
0
0
0
0
0
0
0
0
0
0
0
0
0
0
0
0
0
0
0
0
0
0
0
0
0
0
0
0
0
0
0
0
0
0
0
0
0
0
0
0
0
0
0
0
0
0
0
0
0
0
0
0
0
0
0
0
-0.86368
-0.88401
-0.87611
-0.88798
-0.88902
-0.88625
-0.89455
-0.83085
-0.83085
-0.83714
-0.83447
-0.82913
-0.81348
-0.82062
-0.85936
-0.84263
-0.84263
-0.81823
-0.83182
-0.90403
-0.90409
-0.81182
-0.81614
-0.81185
-0.78605
-0.86741
-0.78685
0
0
0
0
0
0
0
0
0
0
0
28.9051
0
0
0
0
0
0
0
0
0
0
0
0
0
0
0
0
0
0
0
0
0
0
0
0
0
0
0
0
0
0
0
0
0
0
0
0
0
0
0
0
0
0
0
0
0
0
0
0
0
-6.044
0
0
0
0
0
0
0
0
0
0
0
0
-0.75965
-0.77655
-0.76563
-0.77701
-0.77801
-0.77535
-0.78338
-0.72355
-0.72355
-0.72915
-0.72626
-0.72121
-0.71063
-0.71782
-0.75199
-0.73536
-0.73536
-0.71461
-0.7316
-0.80756
-0.8076
-0.7041
-0.71194
-0.70413
-0.68085
-0.78038
-0.69002
-0.69432
0
0
0
0
0
0
0
0
0
0
0
20.7176
0
0
0
0
0
0
0
0
0
0
0
0
0
0
0
0
0
0
0
0
0
0
0
0
0
0
0
0
0
0
0
0
0
0
0
0
0
0
0
0
0
0
0
0
0
0
0
0
0
0
0
0
0
0
0
0
0
0
0
0
0
-0.78263
-0.79991
-0.78902
-0.8005
-0.80152
-0.79884
-0.80691
-0.74651
-0.74651
-0.7517
-0.74875
-0.74384
-0.7337
-0.74063
-0.775
-0.75821
-0.75822
-0.73741
-0.75508
-0.8317
-0.83175
-0.72634
-0.7345
-0.72637
-0.703
0
-0.71164
0
0
0
0
0
0
0
0
0
0
0
0
0
19.8402
0
0
0
0
0
0
0
0
0
0
0
0
0
0
0
0
0
0
0
0
0
0
0
0
0
0
0
0
0
0
0
0
0
0
0
0
0
0
0
0
0
0
0
0
0
0
0
0
0
0
0
0
0
0
0
0
0
0
0
0
-0.77936
-0.80924
-0.79902
-0.81057
-0.81158
-0.8089
-0.817
-0.75603
-0.75602
-0.76127
-0.75841
-0.75333
-0.74151
-0.74645
-0.7868
-0.767
-0.767
-0.74644
-0.7648
-0.83565
-0.8357
-0.73475
-0.72673
-0.73478
-0.71056
0
0
0
0
0
0
0
0
0
0
0
0
0
0
0
0
23.3941
0
0
0
0
0
0
0
0
0
0
0
0
0
0
0
0
0
0
0
0
0
0
0
0
0
0
0
0
-4.0752
0
0
0
0
0
0
0
0
0
0
0
0
0
0
0
0
0
0
0
0
0
0
0
0
0
0
0
0
0
0
-0.79784
-0.8185
-0.81098
-0.82256
-0.82358
-0.82087
-0.829
-0.76723
-0.76724
-0.77262
-0.76986
-0.76489
-0.75269
-0.75551
-0.78885
-0.77874
-0.77874
-0.7556
-0.76942
-0.84134
-0.8414
-0.74708
-0.75077
-0.74712
-0.72327
0
0
0
0
0
0
0
0
0
0
0
0
0
0
0
0
0
24.6261
0
0
0
0
0
0
0
0
0
0
0
0
0
0
0
0
0
0
0
0
0
0
0
0
0
0
0
0
0
0
0
0
0
0
0
0
0
0
0
0
0
0
-5.0304
0
0
0
0
0
0
0
0
0
0
0
0
0
0
0
-0.77716
-0.79427
-0.78329
-0.79474
-0.79576
-0.79309
-0.80115
-0.74105
-0.74104
-0.74621
-0.74323
-0.73834
-0.72844
-0.73524
-0.76943
-0.75257
-0.75258
-0.73176
-0.74959
-0.82618
-0.82622
-0.72049
-0.72855
-0.72052
-0.69708
0
0
0
0
0
0
0
0
0
0
0
0
0
0
0
0
0
0
18.988
0
0
0
0
0
0
0
0
0
0
0
0
0
0
0
0
0
0
0
0
0
0
0
0
0
0
0
0
0
0
0
0
0
0
0
0
0
0
0
0
0
0
0
0
0
0
0
0
0
0
0
0
0
0
0
0
0
-0.8485
-0.86562
-0.85447
-0.86622
-0.86725
-0.86451
-0.87275
-0.81077
-0.81077
-0.81574
-0.81273
-0.80764
-0.79756
-0.80471
-0.84011
-0.82236
-0.82236
-0.80137
0
-0.8989
-0.89894
-0.7893
0
-0.78934
0
0
0
0
0
0
0
0
0
0
0
0
0
0
0
0
0
0
0
0
18.3619
0
0
0
0
0
0
0
0
0
0
0
0
0
0
0
0
0
0
0
0
0
0
0
0
0
0
0
0
0
0
0
0
0
0
0
0
0
0
0
0
0
0
0
0
0
0
0
0
0
0
0
0
0
0
0
0
-0.90275
-0.9223
-0.91228
-0.92424
-0.92529
-0.92251
-0.93087
-0.86709
-0.86709
-0.87197
-0.86881
-0.8633
-0.85343
-0.85869
-0.89429
-0.87768
-0.87767
0
0
0
0
0
0
0
0
0
0
0
0
0
0
0
0
0
0
0
0
0
0
0
0
0
0
0
0
18.049
0
0
0
0
0
0
0
0
0
0
0
0
0
0
0
0
0
0
0
0
-2.9088
0
0
0
0
0
0
0
0
0
0
0
0
0
0
0
0
0
0
0
0
0
0
0
0
0
0
0
0
0
0
0
0
0
0
-1.0373
-1.0554
-1.0435
-1.0559
-1.0569
-1.0541
-1.0627
-0.99654
-0.99654
-1.0024
-0.99899
-0.99353
-0.98383
-0.99125
-1.0286
-1.0087
-1.0087
0
0
0
0
0
0
0
0
0
0
0
0
0
0
0
0
0
0
0
0
0
0
0
0
0
0
0
0
0
17.3749
0
0
0
0
0
0
0
0
0
0
0
0
0
0
0
0
0
0
0
0
0
0
0
0
0
0
0
0
0
0
0
0
0
0
0
0
0
0
0
0
0
0
0
0
0
0
0
0
0
0
0
0
0
0
-1.2329
-1.2575
-1.251
-1.2639
-1.265
-1.2621
-1.2709
-1.1988
-1.1988
-1.2068
-1.2033
-1.1961
0
0
0
0
0
0
0
0
0
0
0
0
0
0
0
0
0
0
0
0
0
0
0
0
0
0
0
0
0
0
0
0
0
0
0
30.2492
0
0
0
0
0
0
0
0
0
0
0
0
0
0
0
0
0
0
0
0
0
-3.6285
0
0
0
0
0
0
0
0
0
0
0
0
0
0
-5.9068
0
0
0
0
0
0
0
0
0
0
0
-5.9068
0
0
0
0
-1.0546
-1.075
-1.0619
-1.0742
-1.0753
-1.0724
-1.0811
-1.0142
-1.0142
-1.0216
-1.0196
-1.0086
0
0
0
0
0
0
0
0
0
0
0
0
0
0
0
0
0
0
0
0
0
0
0
0
0
0
0
0
0
0
0
0
0
0
0
0
15.5563
0
0
0
0
0
0
0
0
0
0
0
0
0
0
0
0
0
0
0
0
-2.9836
0
0
0
0
0
0
0
0
0
0
0
0
0
0
0
0
0
0
0
0
0
0
0
0
0
0
0
0
0
0
0
-1.1991
-1.2182
-1.2097
-1.2224
-1.2235
-1.2206
-1.2294
-1.1598
-1.1598
-1.1663
-1.1631
-1.1568
0
0
0
0
0
0
0
0
0
0
0
0
0
0
0
0
0
0
0
0
0
0
0
0
0
0
0
0
0
0
0
0
0
0
0
0
0
19.7244
0
0
0
0
0
0
0
0
0
0
0
0
0
0
0
0
0
0
0
0
0
0
0
0
0
0
0
0
0
0
0
0
0
-5.3958
0
0
0
0
0
0
0
0
0
0
0
0
0
0
0
0
0
-1.1279
-1.1488
-1.1367
-1.1492
-1.1503
-1.1474
-1.1562
-1.0871
-1.0871
-1.1036
-1.1016
0
0
0
0
0
0
0
0
0
0
0
0
0
0
0
0
0
0
0
0
0
0
0
0
0
0
0
0
0
0
0
0
0
0
0
0
0
0
0
19.8494
0
0
0
0
0
0
0
0
0
0
0
0
0
-3.5095
0
0
0
0
0
0
0
0
0
-3.944
0
0
0
0
0
0
0
0
0
0
0
0
0
0
0
0
0
0
0
0
0
0
0
0
0
0
-1.1449
-1.1717
-1.1612
-1.1738
-1.1749
-1.172
-1.1808
-1.1132
-1.1131
0
0
0
0
0
0
0
0
0
0
0
0
0
0
0
0
0
0
0
0
0
0
0
0
0
0
0
0
0
0
0
0
0
0
0
0
0
0
0
0
0
0
17.4243
0
0
0
0
0
0
0
0
0
-2.7067
0
0
0
0
0
0
0
0
0
0
0
0
0
0
0
0
0
0
0
0
0
0
0
0
0
-4.3121
0
0
0
0
0
0
0
0
0
0
0
0
0
-1.3154
-1.3335
-1.3214
-1.3343
-1.3354
-1.3324
-1.3414
-1.2698
-1.2698
0
0
0
0
0
0
0
0
0
0
0
0
0
0
0
0
0
0
0
0
0
0
0
0
0
0
0
0
0
0
0
0
0
0
0
0
0
0
0
0
0
0
0
14.9131
0
0
0
0
0
0
0
0
0
0
0
-3.0598
0
0
0
0
0
0
0
0
0
0
0
0
0
0
0
0
0
0
0
0
0
0
0
0
0
0
0
0
0
0
0
0
0
0
0
0
-1.3952
-1.4135
-1.4005
-1.4134
-1.4146
-1.4116
-1.4206
-1.3484
-1.3484
-1.3571
0
0
0
0
0
0
0
0
0
0
0
0
0
0
0
0
0
0
0
0
0
0
0
0
0
0
0
0
0
0
0
0
0
0
0
0
0
0
0
0
0
0
0
13.9232
0
0
0
0
0
0
0
0
0
0
0
0
0
0
0
0
0
0
0
0
0
0
0
0
0
0
0
0
0
0
0
0
0
0
0
0
0
0
0
0
0
0
0
0
0
0
0
-1.2805
-1.4155
-1.4044
-1.4173
-1.4184
-1.4154
-1.4244
0
0
0
0
0
0
0
0
0
0
0
0
0
0
0
0
0
0
0
0
0
0
0
0
0
0
0
0
0
0
0
0
0
0
0
0
0
0
0
0
0
0
0
0
0
0
0
12.3391
0
0
0
0
0
0
0
0
0
0
0
0
0
-2.5632
0
0
0
0
0
0
0
0
0
0
0
0
0
0
0
0
0
0
0
0
0
0
0
0
0
0
0
0
0
0
0
0
-2.1513
0
0
0
0
0
0
0
0
0
0
0
0
0
0
0
0
0
0
0
0
0
-2.0611
0
0
0
0
0
0
0
0
0
0
0
0
0
0
0
0
0
0
0
0
0
0
0
0
0
0
0
0
0
0
0
0
13.1685
0
0
-2.3037
0
0
0
0
0
0
0
0
0
0
0
-3.3888
0
-3.2637
0
0
0
0
0
0
0
0
0
0
0
0
0
0
0
0
0
0
0
0
0
0
0
0
0
0
0
0
0
-2.3463
0
0
0
0
0
0
0
0
0
0
0
0
0
0
0
0
0
0
0
0
0
0
0
0
0
0
0
0
0
0
0
0
0
0
0
0
0
0
0
0
0
0
0
0
0
0
0
0
0
0
0
0
0
0
10.6011
0
-2.257
0
-2.8586
0
0
-3.1392
0
0
0
0
0
0
0
0
0
0
0
0
0
0
0
0
0
0
0
0
0
0
0
0
0
0
0
0
0
0
0
0
0
0
0
0
0
0
0
0
0
0
0
0
0
0
0
0
0
0
0
0
0
0
0
0
0
0
0
0
0
0
0
0
0
0
0
0
-0.26272
0
0
0
0
0
0
0
0
0
0
0
0
0
0
0
0
0
0
0
0
0
0
0
0
0
8.9152
0
0
0
0
0
-2.4948
0
0
0
0
0
0
0
0
0
0
0
0
-3.4586
0
0
0
0
0
0
0
0
0
0
0
0
0
0
0
0
0
0
0
0
-2.6991
0
0
0
0
0
0
0
0
0
0
0
0
0
0
0
0
0
0
0
0
0
0
0
0
0
0
0
0
0
0
0
0
0
0
0
0
0
0
0
0
0
0
0
0
0
0
0
0
0
0
0
0
0
0
0
0
0
0
-2.3037
-2.257
0
11.6546
0
0
0
-3.1919
0
0
0
0
0
0
0
0
0
0
0
0
0
0
0
0
0
0
0
0
0
0
0
0
0
0
0
-3.902
0
0
0
0
0
0
0
0
0
0
0
0
0
0
0
0
0
0
0
0
0
0
0
0
0
0
0
0
0
0
0
0
0
0
0
-1.9264
0
0
0
0
0
0
0
0
0
0
0
0
0
0
0
0
0
0
0
0
0
0
0
0
0
0
0
0
0
0
0
0
0
11.9284
0
0
0
0
0
0
0
0
-3.1017
0
0
0
0
-3.2019
0
0
0
0
0
0
0
0
0
0
0
0
0
0
0
0
0
0
-3.6984
0
0
0
0
0
0
0
0
0
0
0
0
0
0
0
0
0
0
0
0
0
0
0
0
0
0
0
0
0
0
0
0
0
0
0
0
0
0
-2.8253
-2.7976
0
0
0
0
0
0
0
0
0
0
0
0
0
0
0
0
0
0
0
0
0
0
0
0
-2.8586
0
0
0
12.2422
0
0
0
0
0
0
0
0
0
0
-3.7607
0
0
0
0
0
0
0
0
0
0
0
0
0
0
0
0
0
0
0
0
0
0
0
0
0
0
0
0
0
0
0
0
0
0
0
0
0
0
0
0
0
0
0
0
0
0
0
-3.2615
0
0
0
0
0
0
0
0
0
0
0
0
0
0
0
0
0
0
0
0
0
0
0
0
0
0
0
0
0
0
0
0
-2.7067
0
0
0
0
0
0
0
0
0
13.4697
0
0
0
0
0
0
0
0
0
0
0
0
0
0
0
-3.7149
0
0
0
-3.7866
0
0
0
0
0
0
0
0
0
0
0
0
0
0
0
0
0
0
0
0
0
0
0
0
0
0
0
0
0
0
0
0
0
0
0
0
-1.398
0
0
0
0
0
0
0
0
0
0
0
0
0
0
0
0
0
0
0
0
0
0
0
0
0
0
0
0
0
0
0
0
0
0
0
0
0
0
0
0
-3.1919
0
0
0
11.7744
0
0
-2.7604
0
0
0
0
0
0
0
0
0
0
0
0
0
0
0
0
0
0
0
0
0
0
0
0
0
0
0
-4.4241
0
0
0
0
0
0
0
0
0
0
0
0
0
0
0
0
0
0
0
0
0
0
0
0
0
0
0
0
0
0
0
0
0
0
0
0
0
0
-2.7002
0
0
0
0
0
0
0
0
0
0
0
0
0
0
0
0
0
0
0
0
0
0
0
0
-3.1392
-2.4948
0
0
0
0
0
8.3342
0
0
0
0
0
0
0
0
0
0
0
0
0
0
0
0
0
0
0
0
0
0
0
0
0
0
0
0
0
0
0
0
0
0
0
0
0
0
0
0
0
0
0
0
0
0
0
0
0
0
0
0
0
0
0
0
0
0
0
0
0
0
0
0
0
0
0
0
0
0
0
0
0
0
0
0
0
0
0
0
0
0
0
0
0
0
0
-3.5095
0
-3.0598
0
0
0
0
0
0
0
0
0
0
0
11.0537
0
0
0
0
0
0
0
0
0
0
0
0
0
-4.4844
0
0
0
0
0
0
0
0
0
0
0
0
0
0
0
0
0
0
0
0
0
0
0
0
0
0
0
0
0
0
0
0
0
0
0
0
0
0
0
0
-3.3986
0
0
0
0
0
0
0
0
0
0
0
0
0
0
-3.3481
0
0
0
0
0
0
0
0
0
0
0
0
0
0
0
0
0
0
0
0
0
0
0
0
0
0
0
0
-2.7604
0
0
9.5071
0
0
0
0
0
0
0
0
0
0
0
0
0
0
0
0
0
0
0
0
0
0
0
0
0
0
0
0
0
0
0
0
0
0
0
0
0
0
0
0
0
0
0
0
0
0
0
0
0
0
0
0
0
0
0
0
0
0
0
0
0
0
0
0
-3.054
0
0
0
0
0
0
0
0
0
0
0
0
0
0
0
-2.9088
0
0
0
0
0
0
0
0
0
0
0
0
0
0
0
0
0
0
0
0
6.6629
0
0
0
0
0
0
0
0
0
0
0
0
0
0
0
0
0
0
0
0
0
0
0
0
0
0
0
0
0
0
0
0
-0.70014
0
0
0
0
0
0
0
0
0
0
0
0
0
-3.3081
0
0
0
0
0
0
0
0
0
0
0
0
0
0
-3.2259
0
0
0
0
0
0
0
0
0
0
0
0
0
0
0
0
0
0
0
0
0
0
0
0
0
0
0
0
0
0
0
0
0
0
0
0
0
0
0
10.4858
0
0
0
0
0
0
0
0
0
0
0
0
0
0
0
0
0
0
0
0
0
0
0
0
0
0
0
0
0
0
0
0
-3.9519
-3.6177
0
0
0
0
0
0
0
0
0
0
0
0
0
0
0
0
0
0
0
0
0
0
0
0
0
0
0
0
0
0
0
0
0
0
0
0
0
0
0
0
0
0
0
0
0
0
0
0
0
0
0
0
0
-2.5632
0
0
0
0
-3.1017
0
0
0
0
0
0
0
0
9.2826
0
0
0
0
0
0
0
0
0
0
0
0
0
0
0
0
0
0
0
0
0
0
0
0
0
0
0
0
0
0
0
0
0
0
0
0
0
0
0
0
0
0
0
0
0
0
0
0
0
0
0
0
0
0
0
0
0
0
0
0
0
0
0
0
0
0
0
0
0
0
0
0
0
0
0
0
0
0
0
-3.6285
-2.9836
0
0
0
0
0
0
0
0
0
0
0
0
0
0
0
0
0
0
0
0
10.0932
0
0
0
0
0
0
0
0
0
0
-3.4811
0
0
0
0
0
0
0
0
0
0
0
0
0
0
0
0
0
0
0
0
0
0
0
0
0
0
0
0
0
0
0
0
0
0
0
0
0
0
0
0
0
0
0
0
0
0
0
0
0
0
0
0
0
0
0
0
0
0
0
0
0
-4.0752
0
0
0
0
0
0
0
0
0
0
0
0
0
-3.3888
0
0
0
0
0
0
0
0
0
0
0
0
0
0
7.464
0
0
0
0
0
0
0
0
0
0
0
0
0
0
0
0
0
0
0
0
0
0
0
0
0
0
0
0
0
0
0
0
0
0
0
0
0
0
0
0
0
0
0
0
0
0
0
0
0
0
0
0
0
0
0
0
0
0
0
0
0
0
0
0
0
0
0
0
0
0
0
0
0
0
0
0
0
0
0
0
0
0
0
0
0
0
0
0
0
0
-3.7607
0
0
0
0
0
0
0
0
0
0
8.3617
0
0
0
0
0
-4.601
0
0
0
0
0
0
0
0
0
0
0
0
0
0
0
0
0
0
0
0
0
0
0
0
0
0
0
0
0
0
0
0
0
0
0
0
0
-4.4424
0
0
0
0
0
0
0
0
0
0
0
0
0
0
0
0
0
0
0
0
0
0
0
0
0
0
0
0
0
0
0
0
0
0
0
0
0
0
0
0
-3.2637
0
0
0
0
0
0
0
0
0
0
0
0
0
0
0
0
7.7061
0
0
0
0
0
0
0
0
0
0
0
0
0
0
0
0
0
0
0
0
0
0
0
0
0
0
0
0
0
0
0
0
0
0
0
0
0
0
0
0
0
0
0
0
0
0
0
0
0
0
0
0
0
-3.2746
0
0
0
0
0
0
0
0
0
0
0
0
0
0
0
0
0
0
0
0
0
0
0
0
0
0
0
0
0
0
0
0
0
-3.2019
0
0
0
0
0
0
0
0
0
0
0
0
0
6.4764
0
0
0
0
0
0
0
0
0
0
0
0
0
0
0
0
0
0
0
0
0
0
0
0
0
0
0
0
0
0
0
0
0
0
0
0
0
0
0
0
0
0
0
0
0
0
0
0
0
0
0
0
0
0
0
0
0
0
0
0
0
0
0
0
0
0
0
0
0
0
0
0
0
0
0
0
0
-3.944
0
0
0
0
0
0
0
0
0
0
0
0
0
0
0
0
0
0
0
0
0
0
0
8.0781
0
0
0
0
0
-4.1341
0
0
0
0
0
0
0
0
0
0
0
0
0
0
0
0
0
0
0
0
0
0
0
0
0
0
0
0
0
0
0
0
0
0
0
0
0
0
0
0
0
0
0
0
0
0
0
0
0
0
0
0
0
0
0
-4.2182
0
0
0
0
0
0
0
0
0
0
0
0
0
0
0
0
0
0
0
0
0
0
0
0
0
0
0
0
0
0
0
0
0
0
0
0
0
0
0
8.0284
0
0
0
0
0
-3.8102
0
0
0
0
0
0
0
0
0
0
0
0
0
0
0
0
0
0
0
0
0
0
0
0
0
0
0
0
0
0
0
0
-2.3503
0
0
0
0
0
0
0
0
0
0
0
0
0
0
0
0
0
0
0
0
0
0
0
0
0
0
0
0
0
0
0
0
0
0
0
0
0
0
0
0
0
0
0
-3.4586
0
0
0
0
0
0
0
0
0
0
0
0
0
0
0
0
0
0
5.8089
0
0
0
0
0
0
0
0
0
0
0
0
0
0
0
0
0
0
0
0
0
0
0
0
0
0
0
0
0
0
0
0
0
0
0
0
0
0
0
0
0
0
0
0
0
0
0
0
0
0
0
0
0
0
0
0
0
0
0
0
0
0
0
0
0
0
0
0
0
0
0
0
0
0
0
0
0
0
0
0
0
0
0
0
0
-3.7149
0
0
0
0
0
0
0
0
0
-4.601
0
0
0
0
0
8.3159
0
0
0
0
0
0
0
0
0
0
0
0
0
0
0
0
0
0
0
0
0
0
0
0
0
0
0
0
0
0
0
0
0
0
0
0
0
0
0
0
0
0
0
0
0
0
0
0
0
0
0
0
0
0
0
0
0
0
0
0
0
0
0
0
0
0
0
0
0
0
0
0
0
0
0
0
0
0
0
0
0
0
0
0
0
0
0
-4.4844
0
0
0
0
0
0
0
0
0
0
0
0
0
9.0108
-4.5264
0
0
0
0
0
0
0
0
0
0
0
0
0
0
0
0
0
0
0
0
0
0
0
0
0
0
0
0
0
0
0
0
0
-4.8252
0
0
0
0
0
0
0
0
0
0
0
0
0
0
0
0
0
0
0
0
0
0
0
0
0
0
0
0
0
0
0
0
0
0
0
0
0
0
0
0
0
0
0
0
0
0
0
0
0
0
0
0
0
0
0
0
0
0
0
0
0
0
0
0
0
-4.5264
9.3516
0
0
0
0
0
0
0
0
0
0
0
0
0
0
0
0
0
0
0
0
0
0
0
0
0
0
0
0
0
0
0
0
0
0
0
0
0
0
0
0
0
0
0
0
0
0
0
0
0
0
0
0
0
0
0
0
0
0
0
0
0
0
0
0
0
0
0
0
0
0
0
0
0
0
0
0
0
0
0
0
0
0
0
0
0
0
0
0
0
0
-3.4811
0
0
0
0
-4.1341
0
0
0
0
0
7.6152
0
0
0
0
0
0
0
0
0
0
0
0
0
0
0
0
0
0
0
0
0
0
0
0
0
0
0
0
0
0
0
0
0
0
0
0
0
0
0
0
0
0
0
0
0
0
0
0
0
0
0
0
0
0
0
0
0
0
0
0
0
0
0
0
0
0
0
0
0
0
0
0
0
0
0
0
0
0
0
0
0
-3.7866
0
0
0
0
0
0
0
0
0
0
0
0
0
-3.8102
0
0
0
0
0
7.5968
0
0
0
0
0
0
0
0
0
0
0
0
0
0
0
0
0
0
0
0
0
0
0
0
0
0
0
0
0
0
0
0
0
0
0
0
0
0
0
0
0
0
0
0
0
0
0
-6.7156
0
0
0
0
0
0
0
0
0
0
0
0
0
0
0
0
0
0
0
0
0
0
0
0
0
0
0
0
0
0
0
0
0
0
0
0
0
0
0
0
0
0
0
0
0
0
0
0
0
0
0
0
0
6.7156
0
0
0
0
0
0
0
0
0
0
0
0
0
0
0
0
0
0
0
0
0
0
0
0
0
0
0
0
0
0
0
0
0
0
0
0
0
0
0
0
0
0
0
0
0
0
0
0
0
0
0
0
0
0
0
0
0
0
0
0
0
0
0
0
0
0
0
-5.3958
0
0
0
0
0
0
0
0
0
0
0
0
0
0
0
0
0
0
0
0
0
0
0
0
0
0
0
0
0
0
0
0
0
5.3958
0
0
0
0
0
0
0
0
0
0
0
0
0
0
0
0
0
0
0
0
0
0
0
0
0
0
0
0
0
0
0
0
0
0
0
0
0
0
0
0
0
0
0
0
0
0
0
0
0
0
0
0
0
0
0
0
0
0
0
0
0
0
0
0
-5.9068
0
0
0
0
0
0
0
0
0
0
0
0
0
0
0
0
0
0
0
0
0
0
0
0
0
0
0
0
0
0
0
0
0
0
0
0
5.9068
0
0
0
0
0
0
0
0
0
0
0
0
0
0
0
0
0
0
0
0
0
0
0
0
0
0
0
0
0
0
0
0
0
0
0
0
0
0
0
0
0
0
0
0
0
0
0
0
0
0
0
0
0
0
0
0
0
0
-5.0304
0
0
0
0
0
0
0
0
0
0
0
0
0
0
0
0
0
0
0
0
0
0
0
0
0
0
0
0
0
0
0
0
0
0
0
0
0
0
0
0
0
0
5.0304
0
0
0
0
0
0
0
0
0
0
0
0
0
0
0
0
0
0
0
0
0
0
0
0
0
0
0
0
0
0
0
0
0
0
0
0
0
0
0
0
0
0
0
0
0
0
0
0
-6.3133
0
0
0
0
0
0
0
0
0
0
0
0
0
0
0
0
0
0
0
0
0
0
0
0
0
0
0
0
0
0
0
0
0
0
0
0
0
0
0
0
0
0
0
0
0
0
0
0
0
0
0
0
6.3133
0
0
0
0
0
0
0
0
0
0
0
0
0
0
0
0
0
0
0
0
0
0
0
0
0
0
0
0
0
0
0
0
0
0
0
0
0
0
0
0
0
0
0
0
0
0
0
0
0
0
0
0
0
0
0
0
0
0
0
0
0
0
0
0
0
-4.3121
0
0
0
0
0
0
0
0
0
0
0
0
0
0
0
0
0
0
0
0
0
0
0
0
0
0
0
0
0
0
0
0
0
0
0
4.3121
0
0
0
0
0
0
0
0
0
0
0
0
0
0
0
0
0
0
0
0
0
0
0
0
0
0
0
0
0
0
0
0
0
0
0
0
0
0
0
0
0
0
0
0
0
0
0
0
0
0
0
-6.044
0
0
0
0
0
0
0
0
0
0
0
0
0
0
0
0
0
0
0
0
0
0
0
0
0
0
0
0
0
0
0
0
0
0
0
0
0
0
0
0
0
0
0
0
0
0
0
0
0
6.044
0
0
0
0
0
0
0
0
0
0
0
0
0
0
0
0
0
0
0
0
0
0
0
0
0
0
0
0
0
0
0
0
0
0
0
0
0
0
0
0
0
0
0
0
0
0
-7.1064
0
0
0
0
0
0
0
0
0
0
0
0
0
0
0
0
0
0
0
0
0
0
0
0
0
0
0
0
0
0
0
0
0
0
0
0
0
0
0
0
0
0
0
0
0
0
0
0
0
0
0
0
0
0
7.1064
0
0
0
0
0
0
0
0
0
0
0
0
0
0
0
0
0
0
0
0
0
0
0
0
0
0
0
0
0
0
0
0
0
0
0
0
0
0
0
0
0
0
0
0
0
0
0
0
0
0
0
0
0
0
0
0
0
0
0
0
0
0
0
0
0
0
0
0
0
-3.902
0
0
0
0
0
0
0
0
0
0
0
0
0
0
0
0
0
0
0
0
0
0
0
0
0
0
0
0
0
0
0
3.902
0
0
0
0
0
0
0
0
0
0
0
0
0
0
0
0
0
0
0
0
0
0
0
0
0
0
0
0
0
0
0
0
0
0
0
-7.3308
0
0
0
0
0
0
0
0
0
0
0
0
0
0
0
0
0
0
0
0
0
0
0
0
0
0
0
0
0
0
0
0
0
0
0
0
0
0
0
0
0
0
0
0
0
0
0
0
0
0
0
0
0
0
0
0
0
0
0
0
0
0
0
0
0
7.3308
0
0
0
0
0
0
0
0
0
0
0
0
0
0
0
0
0
0
0
0
0
0
0
0
0
0
0
0
0
0
0
0
0
0
0
0
0
0
0
0
0
0
0
0
0
0
0
0
0
0
0
0
0
0
0
0
0
0
0
0
0
0
0
0
0
0
0
0
-3.6984
0
0
0
0
0
0
0
0
0
0
0
0
0
0
0
0
0
0
0
0
0
0
0
0
0
0
0
0
0
0
0
0
3.6984
0
0
0
0
0
0
0
0
0
0
0
0
0
0
0
0
0
0
0
0
0
0
0
0
0
0
0
0
0
0
0
0
0
0
0
0
0
0
0
0
0
0
0
0
0
0
0
0
0
0
0
0
0
0
0
0
0
0
0
0
0
0
0
0
0
0
0
0
0
0
-4.4241
0
0
0
0
0
0
0
0
0
0
0
0
0
0
0
0
0
0
0
0
0
0
0
0
0
0
0
0
0
0
4.4241
0
0
0
0
0
0
0
0
0
0
0
0
0
0
0
0
0
0
0
0
0
0
0
0
0
0
-7.7325
0
0
0
0
0
0
0
0
0
0
0
0
0
0
0
0
0
0
0
0
0
0
0
0
0
0
0
0
0
0
0
0
0
0
0
0
0
0
0
0
0
0
0
0
0
0
0
0
0
0
0
0
0
0
0
0
0
0
0
0
0
0
0
0
0
0
0
0
0
0
0
0
0
0
7.7325
0
0
0
0
0
0
0
0
0
0
0
0
0
0
0
0
0
0
0
0
0
0
0
0
0
0
0
0
0
0
0
0
0
0
0
0
0
0
0
0
-7.1064
0
0
0
0
0
0
0
0
0
0
0
0
0
0
0
0
0
0
0
0
0
0
0
0
0
0
0
0
0
0
0
0
0
0
0
0
0
0
0
0
0
0
0
0
0
0
0
0
0
0
0
0
0
0
0
0
0
0
0
0
7.1064
0
0
0
0
0
0
0
0
0
0
0
0
0
0
0
0
0
0
0
0
0
0
0
0
0
0
0
0
0
0
0
0
0
0
0
0
0
0
0
0
0
0
0
0
0
0
0
0
0
0
0
0
-5.9068
0
0
0
0
0
0
0
0
0
0
0
0
0
0
0
0
0
0
0
0
0
0
0
0
0
0
0
0
0
0
0
0
0
0
0
0
0
0
0
0
0
0
0
0
0
0
0
0
5.9068
0
0
0
0
0
0
0
0
0
0
0
0
0
0
0
0
0
0
0
0
0
0
0
0
0
0
0
0
0
0
0
0
0
0
0
0
0
0
0
0
0
0
0
0
0
0
0
0
0
0
0
0
0
0
0
0
0
0
0
0
0
-2.6991
0
0
0
0
0
0
0
0
0
0
0
0
0
0
0
0
0
0
0
0
0
0
0
0
0
0
0
0
0
0
0
0
0
0
0
0
0
0
0
2.6991
0
0
0
0
0
0
0
0
0
0
0
0
0
0
0
0
0
0
0
0
0
0
0
-7.7326
0
0
0
0
0
0
0
0
0
0
0
0
0
0
0
0
0
0
0
0
0
0
0
0
0
0
0
0
0
0
0
0
0
0
0
0
0
0
0
0
0
0
0
0
0
0
0
0
0
0
0
0
0
0
0
0
0
0
0
0
0
0
0
0
0
0
0
0
0
0
0
0
0
0
0
0
0
7.7326
0
0
0
0
0
0
0
0
0
0
0
0
0
0
0
0
0
0
0
0
0
0
0
0
0
0
0
0
0
0
0
0
0
0
0
0
0
0
0
0
0
0
0
0
0
0
0
0
0
0
0
0
0
0
0
0
0
0
0
0
0
0
0
0
0
0
0
0
-0.70014
0
0
0
0
0
0
0
0
0
0
0
0
0
0
0
0
0
0
0
0
0
0
0
0
0
0
0
0
0
0
0
0
0.70014
0
0
0
0
0
0
0
0
0
0
0
0
0
0
0
0
0
0
0
0
0
0
0
0
0
0
0
0
0
0
0
0
0
0
0
0
0
0
0
0
0
0
0
0
0
0
0
0
0
0
0
0
0
0
0
0
0
0
0
0
0
0
0
0
0
0
0
0
-3.9519
0
0
0
0
0
0
0
0
0
0
0
0
0
0
0
0
0
0
0
0
0
0
0
0
0
0
0
0
0
0
0
0
3.9519
