50.6006
-0.74662
-0.73844
-0.75631
-0.75779
-0.75376
-0.76454
-0.69747
-0.69747
-0.70484
-0.70289
-0.70007
-0.70184
-0.69489
-0.72562
-0.71881
-0.71882
-0.6987
-0.70758
-0.78892
-0.78899
-0.68624
-0.69066
-0.68627
-0.6612
-0.76957
-0.67934
-0.68723
-0.79984
-0.75501
-0.77242
-0.7378
-0.77293
-0.83272
-0.89312
-0.73948
-0.78141
-0.7812
-0.86097
-0.7531
-0.77811
-0.77257
-0.78787
-0.78429
-0.84655
-0.91615
-1.0442
-1.2502
-1.0553
-1.2189
-1.1392
-1.1554
-1.3409
-1.4094
-1.2843
-2.1994
0
0
0
0
0
0
0
0
0
0
0
0
-3.713
0
0
0
0
0
0
0
0
0
0
0
0
0
0
0
0
0
0
0
0
0
0
0
0
0
0
0
0
0
0
0
0
-0.74662
48.3588
-0.76833
-0.78758
-0.78915
-0.78486
-0.79609
-0.71747
-0.71747
-0.72401
-0.72202
-0.71902
-0.72166
-0.71683
-0.75224
-0.73778
-0.73778
-0.71884
-0.73298
-0.81124
-0.8113
-0.70474
-0.71503
-0.70478
-0.67923
-0.78549
-0.69728
-0.70463
-0.8211
-0.77511
-0.78736
-0.74882
-0.79109
-0.85773
-0.91486
-0.75846
-0.80039
-0.80017
-0.88271
-0.77142
-0.79693
-0.80569
-0.81041
-0.80307
-0.86535
-0.93777
-1.0643
-1.2772
-1.0779
-1.2402
-1.1619
-1.1847
-1.3606
-1.4293
-1.4322
0
-2.3977
0
0
0
0
0
0
0
0
0
0
0
0
0
0
0
0
0
0
0
0
0
0
0
0
0
0
0
0
0
0
0
0
0
0
0
0
0
0
0
0
0
0
0
0
-0.73844
-0.76833
45.0807
-0.7295
-0.73171
-0.7259
-0.74342
-0.69251
-0.69251
-0.70417
-0.70387
-0.70197
-0.71101
-0.70006
-0.738
-0.72283
-0.72283
-0.70424
-0.71923
-0.80651
-0.80658
-0.69035
-0.70153
-0.69038
-0.66499
-0.78501
-0.68315
-0.692
-0.8096
-0.76179
-0.77972
-0.74658
-0.77696
-0.8463
-0.90939
-0.74698
-0.78584
-0.78562
-0.87135
-0.75697
-0.78247
-0.79195
-0.79957
-0.78841
-0.85047
-0.92381
-1.0484
-1.2672
-1.0609
-1.2281
-1.1459
-1.1705
-1.3449
-1.4126
-1.4174
0
0
0
0
0
0
0
0
0
0
0
0
0
0
0
0
0
0
0
0
0
0
0
0
0
0
0
0
0
0
0
0
0
0
0
0
0
0
0
0
0
0
0
0
0
0
-0.75631
-0.78758
-0.7295
46.0485
-0.757
-0.75045
-0.76957
-0.70881
-0.70881
-0.72083
-0.72061
-0.71877
-0.72806
-0.71698
-0.75523
-0.73992
-0.73991
-0.72121
-0.7364
-0.82431
-0.82437
-0.7072
-0.7185
-0.70723
-0.68164
-0.80246
-0.69997
-0.70892
-0.82756
-0.7793
-0.79736
-0.76401
-0.79456
-0.86455
-0.92856
-0.76441
-0.80351
-0.80329
-0.88964
-0.77444
-0.80012
-0.80971
-0.81735
-0.8061
-0.86854
-0.94231
-1.0675
-1.2873
-1.08
-1.2478
-1.1653
-1.19
-1.3648
-1.4326
-1.4373
0
0
0
0
0
0
0
0
0
0
0
0
0
0
0
0
0
0
0
0
0
0
0
0
0
0
0
0
0
0
0
0
0
0
0
0
0
0
0
0
0
0
0
0
0
0
-0.75779
-0.78915
-0.73171
-0.757
46.131
-0.75289
-0.77202
-0.71028
-0.71028
-0.7223
-0.72208
-0.72021
-0.72952
-0.71843
-0.7567
-0.74137
-0.74137
-0.72266
-0.73787
-0.82578
-0.82585
-0.70864
-0.71994
-0.70868
-0.68306
-0.80387
-0.7014
-0.71037
-0.82905
-0.78079
-0.79885
-0.76549
-0.79606
-0.86607
-0.93011
-0.76589
-0.80501
-0.8048
-0.89119
-0.77592
-0.80162
-0.8112
-0.81886
-0.8076
-0.87007
-0.94387
-1.0691
-1.2889
-1.0816
-1.2494
-1.167
-1.1916
-1.3665
-1.4343
-1.439
0
0
0
0
0
0
0
0
0
0
0
0
0
0
0
0
0
0
0
0
0
0
0
0
0
0
0
0
0
0
0
0
0
0
0
0
0
0
0
0
0
0
0
0
0
0
-0.75376
-0.78486
-0.7259
-0.75045
-0.75289
45.9071
-0.76546
-0.70633
-0.70633
-0.71835
-0.71814
-0.71629
-0.72557
-0.7145
-0.7527
-0.73741
-0.73741
-0.71873
-0.7339
-0.82177
-0.82185
-0.70474
-0.71602
-0.70477
-0.6792
-0.79998
-0.69751
-0.70646
-0.82497
-0.77676
-0.7948
-0.76149
-0.79201
-0.86191
-0.92587
-0.76187
-0.80094
-0.80073
-0.887
-0.77189
-0.79756
-0.80713
-0.81477
-0.80354
-0.86592
-0.93964
-1.0647
-1.2844
-1.0772
-1.2449
-1.1625
-1.1872
-1.3619
-1.4297
-1.4344
0
0
0
0
0
0
0
0
0
0
0
0
0
0
0
0
0
0
0
0
0
0
0
0
0
0
0
0
0
0
0
0
0
0
0
0
0
0
0
0
0
0
0
0
0
0
-0.76454
-0.79609
-0.74342
-0.76957
-0.77202
-0.76546
46.5215
-0.71754
-0.71754
-0.72937
-0.72909
-0.72717
-0.73641
-0.72529
-0.76369
-0.7483
-0.74831
-0.72952
-0.74473
-0.8325
-0.83257
-0.71546
-0.72679
-0.71549
-0.68979
-0.81029
-0.70818
-0.71716
-0.83609
-0.78775
-0.80585
-0.7724
-0.80308
-0.87316
-0.9371
-0.77279
-0.81206
-0.81183
-0.89835
-0.78288
-0.80862
-0.81822
-0.82587
-0.81463
-0.87723
-0.95115
-1.0765
-1.2965
-1.0891
-1.2571
-1.1746
-1.1993
-1.3742
-1.4421
-1.4468
0
0
0
0
0
0
0
0
0
0
0
0
0
0
0
0
0
0
0
0
0
0
0
0
0
0
0
0
0
0
0
0
0
0
0
0
0
0
0
0
0
0
0
0
0
0
-0.69747
-0.71747
-0.69251
-0.70881
-0.71028
-0.70633
-0.71754
41.4243
-0.63116
-0.66456
-0.66379
-0.66173
-0.66561
-0.65846
-0.69449
-0.68145
-0.68146
-0.66329
-0.67692
-0.76243
-0.76249
-0.64973
-0.66034
-0.64977
-0.62485
-0.73964
-0.64247
-0.65082
-0.76425
-0.71848
-0.73599
-0.70368
-0.73359
-0.80036
-0.86319
-0.70416
-0.74259
-0.74238
-0.82536
-0.71431
-0.73928
-0.74827
-0.7552
-0.74535
-0.80595
-0.87747
-1.0003
-1.2135
-1.0122
-1.1766
-1.0948
-1.1211
-1.2915
-1.3587
0
0
0
0
0
0
0
0
0
0
0
0
0
0
0
0
0
0
0
0
0
0
0
0
0
0
0
0
0
0
0
0
0
0
0
0
0
0
0
0
0
0
0
0
0
0
0
-0.69747
-0.71747
-0.69251
-0.70881
-0.71028
-0.70633
-0.71754
-0.63116
41.4243
-0.66456
-0.66379
-0.66173
-0.66561
-0.65847
-0.69449
-0.68146
-0.68146
-0.66329
-0.67692
-0.76243
-0.76249
-0.64973
-0.66035
-0.64977
-0.62486
-0.73965
-0.64247
-0.65081
-0.76425
-0.71848
-0.736
-0.70368
-0.73359
-0.80037
-0.86319
-0.70416
-0.74259
-0.74238
-0.82536
-0.71431
-0.73928
-0.74827
-0.7552
-0.74535
-0.80594
-0.87747
-1.0003
-1.2135
-1.0122
-1.1766
-1.0948
-1.1211
-1.2915
-1.3587
0
0
0
0
0
0
0
0
0
0
0
0
0
0
0
0
0
0
0
0
0
0
0
0
0
0
0
0
0
0
0
0
0
0
0
0
0
0
0
0
0
0
0
0
0
0
0
-0.70484
-0.72401
-0.70417
-0.72083
-0.7223
-0.71835
-0.72937
-0.66456
-0.66456
39.3891
-0.67183
-0.66854
-0.67091
-0.66454
-0.70618
-0.68859
-0.6886
-0.66998
-0.68495
-0.76358
-0.76365
-0.65605
-0.66687
-0.65608
-0.63073
-0.7307
-0.64847
-0.65644
-0.771
-0.72493
-0.74252
-0.71109
-0.73948
-0.80728
-0.86971
-0.71022
-0.74898
-0.74877
-0.83238
-0.72054
-0.74524
-0.75421
-0.76131
-0.75129
-0.8117
-0.88307
-1.0069
-1.223
-1.0201
-1.1841
-1.1133
0
0
-1.3684
0
0
0
0
0
0
0
0
0
0
0
0
0
0
0
0
0
0
0
0
0
0
0
0
0
0
0
0
0
0
0
0
0
0
0
0
0
0
0
0
0
0
0
0
0
0
0
-0.70289
-0.72202
-0.70387
-0.72061
-0.72208
-0.71814
-0.72909
-0.66379
-0.66379
-0.67183
37.8648
-0.66488
-0.66721
-0.65959
-0.69779
-0.68526
-0.68527
-0.66643
-0.68129
-0.75744
-0.75751
-0.65248
-0.66332
-0.65252
-0.62696
-0.72577
-0.64486
-0.65367
-0.76728
-0.72155
-0.73942
-0.70826
-0.73582
-0.80375
-0.86882
-0.70707
-0.74566
-0.74544
-0.82897
-0.71704
-0.74164
-0.75071
-0.7579
-0.74768
-0.80811
-0.87926
-1.0028
-1.2187
-1.0176
-1.1802
-1.1107
0
0
0
0
0
0
0
0
0
0
0
0
0
0
0
0
0
0
0
0
0
0
0
0
0
0
0
0
0
0
0
0
0
0
0
0
0
0
0
0
0
0
0
0
0
0
0
0
0
0
-0.70007
-0.71902
-0.70197
-0.71877
-0.72021
-0.71629
-0.72717
-0.66173
-0.66173
-0.66854
-0.66488
36.5723
-0.6613
-0.65463
-0.69199
-0.68393
-0.68394
-0.66406
-0.67577
-0.75241
-0.75248
-0.64961
-0.66068
-0.64965
-0.62361
-0.72427
-0.64154
-0.64942
-0.76619
-0.71726
-0.73455
-0.70392
-0.73068
-0.79959
-0.85717
-0.70237
-0.74176
-0.74154
-0.82539
-0.71342
-0.73817
-0.74709
-0.75452
-0.74419
-0.8044
-0.87517
-0.99885
-1.2134
-1.0078
-1.1752
0
0
0
0
0
0
0
0
0
0
0
0
0
0
0
0
0
0
0
0
0
0
0
0
0
0
0
0
0
0
0
0
0
0
0
0
0
0
0
0
0
0
0
0
0
0
0
0
0
0
0
-0.70184
-0.72166
-0.71101
-0.72806
-0.72952
-0.72557
-0.73641
-0.66561
-0.66561
-0.67091
-0.66721
-0.6613
41.3091
-0.65164
-0.68956
-0.67716
-0.67717
-0.65638
-0.66625
-0.75401
-0.75408
-0.64462
-0.65408
-0.64466
-0.61939
-0.71528
-0.63589
-0.61943
-0.75059
-0.70935
-0.72404
-0.6906
-0.72458
-0.78372
-0.84058
-0.69106
-0.73451
-0.73431
-0.81384
-0.70659
-0.73175
-0.73897
-0.74624
-0.73781
-0.79799
-0.86948
-0.99271
0
0
0
0
0
0
0
0
0
0
0
0
0
0
0
0
0
0
0
0
-3.409
0
0
0
0
0
0
0
0
0
0
0
-4.937
0
0
0
0
0
0
0
0
0
0
0
0
0
0
0
0
0
0
0
0
0
-0.69489
-0.71683
-0.70006
-0.71698
-0.71843
-0.7145
-0.72529
-0.65846
-0.65847
-0.66454
-0.65959
-0.65463
-0.65164
35.3085
-0.68256
-0.689
-0.689
-0.66184
-0.67021
-0.74297
-0.74304
-0.64649
-0.65668
-0.64653
-0.61956
-0.71624
-0.63621
-0.64069
-0.75611
-0.70848
-0.72423
-0.70501
-0.72282
-0.77868
-0.84508
-0.6907
-0.73456
-0.73434
-0.81295
-0.70684
-0.73176
-0.73659
-0.74135
-0.73785
-0.7982
-0.86693
-0.99292
0
0
0
0
0
0
0
0
0
0
0
0
0
0
0
0
0
0
0
0
0
0
0
0
0
0
0
0
0
-2.4078
0
0
0
0
0
0
0
0
0
0
0
0
0
0
0
0
0
0
0
0
0
0
0
0
-0.72562
-0.75224
-0.738
-0.75523
-0.7567
-0.7527
-0.76369
-0.69449
-0.69449
-0.70618
-0.69779
-0.69199
-0.68956
-0.68256
39.1552
-0.71309
-0.71309
-0.6937
-0.70561
-0.77926
-0.77932
-0.67943
-0.67961
-0.67945
-0.65338
-0.75021
-0.6711
-0.67683
-0.79437
-0.74824
-0.76681
-0.73436
-0.76246
-0.83306
-0.89839
-0.73046
-0.7737
-0.77349
-0.85756
-0.7452
-0.77037
-0.78126
-0.77858
-0.7764
-0.83808
-0.90787
-1.0352
0
0
0
0
0
0
0
0
0
0
0
0
0
0
0
0
0
0
0
0
0
0
0
0
0
-4.574
0
0
0
0
0
0
0
0
0
0
0
0
0
0
0
0
0
0
0
0
0
0
0
0
0
0
0
0
-0.71881
-0.73778
-0.72283
-0.73992
-0.74137
-0.73741
-0.7483
-0.68145
-0.68146
-0.68859
-0.68526
-0.68393
-0.67716
-0.689
-0.71309
33.9638
-0.69772
-0.67408
-0.69813
-0.76966
-0.76974
-0.66296
-0.67128
-0.663
-0.63634
-0.74241
-0.65472
-0.66055
-0.78282
-0.73334
-0.74956
-0.71951
-0.74543
-0.8156
-0.88913
-0.71731
-0.75803
-0.75781
-0.84131
-0.72956
-0.75461
-0.76276
-0.77031
-0.76056
-0.82129
-0.89174
-1.0162
0
0
0
0
0
0
0
0
0
0
0
0
0
0
0
0
0
0
0
0
0
0
0
0
0
0
0
0
0
0
0
0
0
0
0
0
0
0
0
0
0
0
0
0
0
0
0
0
0
0
0
0
0
0
-0.71882
-0.73778
-0.72283
-0.73991
-0.74137
-0.73741
-0.74831
-0.68146
-0.68146
-0.6886
-0.68527
-0.68394
-0.67717
-0.689
-0.71309
-0.69772
33.964
-0.67409
-0.69814
-0.76966
-0.76973
-0.66296
-0.67128
-0.66301
-0.63635
-0.74242
-0.65472
-0.66055
-0.78283
-0.73334
-0.74956
-0.71952
-0.74543
-0.8156
-0.88913
-0.71732
-0.75803
-0.75781
-0.8413
-0.72956
-0.75461
-0.76276
-0.7703
-0.76056
-0.8213
-0.89174
-1.0162
0
0
0
0
0
0
0
0
0
0
0
0
0
0
0
0
0
0
0
0
0
0
0
0
0
0
0
0
0
0
0
0
0
0
0
0
0
0
0
0
0
0
0
0
0
0
0
0
0
0
0
0
0
0
-0.6987
-0.71884
-0.70424
-0.72121
-0.72266
-0.71873
-0.72952
-0.66329
-0.66329
-0.66998
-0.66643
-0.66406
-0.65638
-0.66184
-0.6937
-0.67408
-0.67409
32.5437
-0.67024
-0.74513
-0.74519
-0.64587
-0.65195
-0.6459
-0.6168
-0.71749
-0.63494
-0.64024
-0.75436
-0.71289
-0.72777
-0.69954
-0.7237
-0.78444
-0.86144
-0.69649
-0.73724
-0.73704
-0.81734
-0.70885
-0.73376
-0.74223
-0.74729
-0.73978
-0.8004
0
0
0
0
0
0
0
0
0
0
0
0
0
0
0
0
0
-1.4044
0
0
0
0
0
0
0
0
0
0
0
0
0
0
0
0
0
0
0
0
0
0
0
0
0
0
0
0
0
0
0
0
0
0
0
0
0
0
-0.70758
-0.73298
-0.71923
-0.7364
-0.73787
-0.7339
-0.74473
-0.67692
-0.67692
-0.68495
-0.68129
-0.67577
-0.66625
-0.67021
-0.70561
-0.69813
-0.69814
-0.67024
37.7181
-0.75218
-0.75225
-0.66114
-0.67016
-0.66117
-0.63356
-0.72173
-0.65107
-0.65408
-0.76642
-0.72606
-0.75045
-0.7127
-0.74154
-0.7642
-0.85691
-0.70933
-0.75305
-0.75284
-0.82901
-0.72487
-0.75069
-0.76012
-0.75983
-0.75675
0
0
0
0
0
0
0
0
0
0
0
0
0
0
0
0
0
-3.3194
0
0
0
-3.5095
0
0
0
0
0
0
0
0
0
0
0
0
0
0
0
0
0
0
0
0
0
0
0
0
0
0
0
0
0
0
0
0
0
0
0
-0.78892
-0.81124
-0.80651
-0.82431
-0.82578
-0.82177
-0.8325
-0.76243
-0.76243
-0.76358
-0.75744
-0.75241
-0.75401
-0.74297
-0.77926
-0.76966
-0.76966
-0.74513
-0.75218
42.9555
-0.88086
-0.73363
-0.7422
-0.73366
-0.70704
-0.80509
-0.72491
-0.73202
-0.83335
-0.79805
-0.81932
-0.78306
-0.81855
-0.86759
-0.92114
-0.78318
-0.82959
-0.82938
-0.90106
-0.80126
-0.82763
-0.83122
-0.83183
-0.83397
-0.89749
0
0
0
0
0
0
0
0
0
0
0
0
0
0
0
0
0
0
0
0
0
0
0
0
0
0
0
0
0
0
0
0
0
0
0
0
0
0
0
0
0
0
0
0
0
0
0
0
0
-7.8662
0
0
0
0
0
0
-0.78899
-0.8113
-0.80658
-0.82437
-0.82585
-0.82185
-0.83257
-0.76249
-0.76249
-0.76365
-0.75751
-0.75248
-0.75408
-0.74304
-0.77932
-0.76974
-0.76973
-0.74519
-0.75225
-0.88086
42.9586
-0.73369
-0.74227
-0.73373
-0.70711
-0.80519
-0.72498
-0.7321
-0.83341
-0.79812
-0.8194
-0.78313
-0.81861
-0.86766
-0.92123
-0.78324
-0.82967
-0.82945
-0.90114
-0.80132
-0.8277
-0.8313
-0.83191
-0.83404
-0.89755
0
0
0
0
0
0
0
0
0
0
0
0
0
0
0
0
0
0
0
0
0
0
0
0
0
0
0
0
0
0
0
0
0
0
0
0
0
0
0
0
0
0
0
0
0
0
0
0
0
0
0
0
0
-7.8663
0
0
-0.68624
-0.70474
-0.69035
-0.7072
-0.70864
-0.70474
-0.71546
-0.64973
-0.64973
-0.65605
-0.65248
-0.64961
-0.64462
-0.64649
-0.67943
-0.66296
-0.66296
-0.64587
-0.66114
-0.73363
-0.73369
30.5416
-0.64502
-0.60883
-0.59707
-0.70846
-0.61896
-0.62469
-0.74383
-0.69935
-0.71332
-0.68508
-0.70771
-0.78392
-0.84579
-0.68247
-0.72228
-0.72207
-0.80667
-0.69404
-0.71829
-0.72591
-0.73442
-0.72406
-0.78354
0
0
0
0
0
0
0
0
0
0
0
0
0
0
0
0
0
0
0
0
0
0
0
0
0
0
0
0
0
0
0
0
0
0
0
0
0
0
0
0
0
0
0
0
0
0
0
0
0
0
0
0
0
0
0
0
-0.69066
-0.71503
-0.70153
-0.7185
-0.71994
-0.71602
-0.72679
-0.66034
-0.66035
-0.66687
-0.66332
-0.66068
-0.65408
-0.65668
-0.67961
-0.67128
-0.67128
-0.65195
-0.67016
-0.7422
-0.74227
-0.64502
32.2828
-0.64506
-0.6127
-0.71655
-0.63192
-0.63751
-0.75127
-0.7093
-0.72293
-0.69372
-0.71963
-0.78548
-0.86136
-0.69235
-0.73366
-0.73345
-0.81422
-0.70516
-0.72974
-0.71898
-0.74092
-0.73562
0
0
0
0
0
0
0
0
0
0
0
-2.1067
0
0
0
0
0
0
0
0
0
0
0
0
0
0
0
0
0
0
0
0
0
0
0
0
0
0
0
0
0
0
0
0
0
0
0
0
0
0
0
0
0
0
0
0
0
-0.68627
-0.70478
-0.69038
-0.70723
-0.70868
-0.70477
-0.71549
-0.64977
-0.64977
-0.65608
-0.65252
-0.64965
-0.64466
-0.64653
-0.67945
-0.663
-0.66301
-0.6459
-0.66117
-0.73366
-0.73373
-0.60883
-0.64506
30.5431
-0.5971
-0.70849
-0.61899
-0.62474
-0.74386
-0.69939
-0.71337
-0.68512
-0.70775
-0.78395
-0.84583
-0.68251
-0.72232
-0.72211
-0.80672
-0.69409
-0.71833
-0.72596
-0.73446
-0.72409
-0.78358
0
0
0
0
0
0
0
0
0
0
0
0
0
0
0
0
0
0
0
0
0
0
0
0
0
0
0
0
0
0
0
0
0
0
0
0
0
0
0
0
0
0
0
0
0
0
0
0
0
0
0
0
0
0
0
0
-0.6612
-0.67923
-0.66499
-0.68164
-0.68306
-0.6792
-0.68979
-0.62485
-0.62486
-0.63073
-0.62696
-0.62361
-0.61939
-0.61956
-0.65338
-0.63634
-0.63635
-0.6168
-0.63356
-0.70704
-0.70711
-0.59707
-0.6127
-0.5971
28.6402
-0.68177
-0.59593
-0.60341
-0.71494
-0.67149
-0.68269
-0.65419
-0.67875
-0.75548
-0.8128
-0.65441
-0.69495
-0.69473
-0.78031
-0.66696
-0.69091
-0.6971
-0.70607
-0.69678
0
0
0
0
0
0
0
0
0
0
0
0
0
0
0
0
0
0
0
0
0
0
0
0
0
0
0
0
0
0
0
0
0
0
0
0
0
0
0
0
0
0
0
0
0
0
0
0
0
0
0
0
0
0
0
0
0
-0.76957
-0.78549
-0.78501
-0.80246
-0.80387
-0.79998
-0.81029
-0.73964
-0.73965
-0.7307
-0.72577
-0.72427
-0.71528
-0.71624
-0.75021
-0.74241
-0.74242
-0.71749
-0.72173
-0.80509
-0.80519
-0.70846
-0.71655
-0.70849
-0.68177
42.6404
-0.69772
-0.70117
-0.80001
-0.76881
-0.7863
-0.74938
-0.78655
-0.83014
-0.88712
-0.75184
-0.80189
-0.80168
-0.86428
-0.77319
0
0
0
0
0
0
0
0
0
0
0
0
0
0
0
0
0
0
0
-1.932
0
0
0
0
0
0
0
0
0
0
0
0
0
-3.4264
0
0
0
0
0
0
0
0
0
0
0
0
0
0
0
0
0
-7.5339
0
0
0
0
0
0
0
0
0
-0.67934
-0.69728
-0.68315
-0.69997
-0.7014
-0.69751
-0.70818
-0.64247
-0.64247
-0.64847
-0.64486
-0.64154
-0.63589
-0.63621
-0.6711
-0.65472
-0.65472
-0.63494
-0.65107
-0.72491
-0.72498
-0.61896
-0.63192
-0.61899
-0.59593
-0.69772
27.2277
-0.62059
-0.73139
-0.69078
-0.70242
-0.68247
-0.6854
-0.76927
-0.83323
-0.67697
-0.71275
-0.71254
-0.7812
-0.68325
-0.70679
0
0
0
0
0
0
0
0
0
0
0
0
0
0
0
0
0
0
0
0
0
0
0
0
0
0
0
0
0
0
0
0
0
0
0
0
0
0
0
0
0
0
0
0
0
0
0
0
0
0
0
0
0
0
0
0
0
0
0
0
-0.68723
-0.70463
-0.692
-0.70892
-0.71037
-0.70646
-0.71716
-0.65082
-0.65081
-0.65644
-0.65367
-0.64942
-0.61943
-0.64069
-0.67683
-0.66055
-0.66055
-0.64024
-0.65408
-0.73202
-0.7321
-0.62469
-0.63751
-0.62474
-0.60341
-0.70117
-0.62059
29.2402
-0.73444
-0.69667
-0.69503
-0.66569
-0.69679
-0.77515
-0.83556
-0.67588
-0.71793
-0.71772
0
-0.68791
0
0
0
0
0
0
0
0
0
0
0
0
0
0
0
0
0
0
0
0
0
0
0
0
0
0
0
-3.3249
0
0
0
0
0
0
0
0
0
0
0
0
0
0
0
0
0
0
0
0
0
0
0
0
0
0
0
0
0
0
0
0
0
-0.79984
-0.8211
-0.8096
-0.82756
-0.82905
-0.82497
-0.83609
-0.76425
-0.76425
-0.771
-0.76728
-0.76619
-0.75059
-0.75611
-0.79437
-0.78282
-0.78283
-0.75436
-0.76642
-0.83335
-0.83341
-0.74383
-0.75127
-0.74386
-0.71494
-0.80001
-0.73139
-0.73444
35.2561
-0.81776
-0.81906
-0.78716
-0.81589
-0.87911
0
-0.79051
-0.83525
-0.83502
0
0
0
0
0
0
0
0
0
0
0
0
0
0
0
0
0
0
0
0
0
0
0
0
0
0
0
0
0
0
0
0
0
0
0
0
0
0
0
0
0
0
0
0
-6.8212
0
0
0
0
0
0
0
0
0
0
0
0
0
0
0
0
0
0
-0.75501
-0.77511
-0.76179
-0.7793
-0.78079
-0.77676
-0.78775
-0.71848
-0.71848
-0.72493
-0.72155
-0.71726
-0.70935
-0.70848
-0.74824
-0.73334
-0.73334
-0.71289
-0.72606
-0.79805
-0.79812
-0.69935
-0.7093
-0.69939
-0.67149
-0.76881
-0.69078
-0.69667
-0.81776
26.1497
-0.84691
0
-0.71522
0
0
0
0
0
0
0
0
0
0
0
0
0
0
0
0
0
0
0
0
0
0
0
0
0
0
0
0
0
0
0
0
0
-3.1489
0
0
0
0
0
0
0
0
0
0
0
0
0
0
0
0
0
0
0
0
0
0
0
0
0
0
0
0
0
0
0
0
0
0
-0.77242
-0.78736
-0.77972
-0.79736
-0.79885
-0.7948
-0.80585
-0.73599
-0.736
-0.74252
-0.73942
-0.73455
-0.72404
-0.72423
-0.76681
-0.74956
-0.74956
-0.72777
-0.75045
-0.81932
-0.8194
-0.71332
-0.72293
-0.71337
-0.68269
-0.7863
-0.70242
-0.69503
-0.81906
-0.84691
26.3767
0
-0.76502
0
0
0
0
0
0
0
0
0
0
0
0
0
0
0
0
0
0
0
0
0
0
0
0
0
0
0
-2.8737
0
0
0
0
0
0
0
0
0
0
0
0
0
0
0
0
0
0
0
0
0
0
0
0
0
0
0
0
0
0
0
0
0
0
0
0
0
0
0
0
-0.7378
-0.74882
-0.74658
-0.76401
-0.76549
-0.76149
-0.7724
-0.70368
-0.70368
-0.71109
-0.70826
-0.70392
-0.6906
-0.70501
-0.73436
-0.71951
-0.71952
-0.69954
-0.7127
-0.78306
-0.78313
-0.68508
-0.69372
-0.68512
-0.65419
-0.74938
-0.68247
-0.66569
-0.78716
0
0
26.8467
0
0
0
0
0
0
0
0
0
0
0
0
0
0
0
0
0
0
0
0
0
0
0
0
0
-0.24628
0
0
-2.8485
0
0
-2.7745
0
0
0
0
0
0
0
0
0
0
0
0
0
0
0
0
0
0
0
0
0
0
0
0
0
0
0
0
0
0
0
0
0
0
0
0
0
-0.77293
-0.79109
-0.77696
-0.79456
-0.79606
-0.79201
-0.80308
-0.73359
-0.73359
-0.73948
-0.73582
-0.73068
-0.72458
-0.72282
-0.76246
-0.74543
-0.74543
-0.7237
-0.74154
-0.81855
-0.81861
-0.70771
-0.71963
-0.70775
-0.67875
-0.78655
-0.6854
-0.69679
-0.81589
-0.71522
-0.76502
0
23.2817
0
0
0
0
0
0
0
0
0
0
0
0
0
0
0
0
0
0
0
0
0
0
0
0
0
0
0
0
0
0
0
0
0
0
0
0
0
0
0
0
0
0
0
0
0
0
0
0
0
0
0
0
0
0
0
0
0
0
0
0
0
0
0
0
0
0
0
0
-0.83272
-0.85773
-0.8463
-0.86455
-0.86607
-0.86191
-0.87316
-0.80036
-0.80037
-0.80728
-0.80375
-0.79959
-0.78372
-0.77868
-0.83306
-0.8156
-0.8156
-0.78444
-0.7642
-0.86759
-0.86766
-0.78392
-0.78548
-0.78395
-0.75548
-0.83014
-0.76927
-0.77515
-0.87911
0
0
0
0
33.5916
0
0
0
0
0
0
0
0
0
0
0
0
0
0
0
0
0
0
0
0
0
0
0
0
0
0
0
0
0
0
0
-3.4638
0
0
0
0
0
0
0
0
0
0
0
0
0
0
0
0
0
0
0
0
-6.441
0
0
0
0
0
0
0
0
0
0
0
0
0
0
-0.89312
-0.91486
-0.90939
-0.92856
-0.93011
-0.92587
-0.9371
-0.86319
-0.86319
-0.86971
-0.86882
-0.85717
-0.84058
-0.84508
-0.89839
-0.88913
-0.88913
-0.86144
-0.85691
-0.92114
-0.92123
-0.84579
-0.86136
-0.84583
-0.8128
-0.88712
-0.83323
-0.83556
0
0
0
0
0
0
39.0977
0
0
0
0
0
0
0
0
0
0
0
0
0
0
0
0
0
0
0
0
0
0
0
0
0
0
0
0
0
0
0
0
0
0
0
0
0
0
0
0
0
0
0
0
0
0
0
0
0
0
0
0
0
0
-7.2459
0
0
0
0
0
-7.2459
0
0
0
0
0
-0.73948
-0.75846
-0.74698
-0.76441
-0.76589
-0.76187
-0.77279
-0.70416
-0.70416
-0.71022
-0.70707
-0.70237
-0.69106
-0.6907
-0.73046
-0.71731
-0.71732
-0.69649
-0.70933
-0.78318
-0.78324
-0.68247
-0.69235
-0.68251
-0.65441
-0.75184
-0.67697
-0.67588
-0.79051
0
0
0
0
0
0
25.2789
0
0
0
0
0
0
0
0
0
0
0
0
0
0
0
0
0
0
0
0
0
0
0
0
0
0
0
0
0
0
0
0
0
0
0
0
0
0
0
-4.315
0
0
0
0
0
0
0
0
0
0
0
0
0
0
0
0
0
0
0
0
0
0
0
0
0
-0.78141
-0.80039
-0.78584
-0.80351
-0.80501
-0.80094
-0.81206
-0.74259
-0.74259
-0.74898
-0.74566
-0.74176
-0.73451
-0.73456
-0.7737
-0.75803
-0.75803
-0.73724
-0.75305
-0.82959
-0.82967
-0.72228
-0.73366
-0.72232
-0.69495
-0.80189
-0.71275
-0.71793
-0.83525
0
0
0
0
0
0
0
22.1601
0
0
0
0
0
0
0
0
0
0
0
0
0
0
0
0
0
0
0
0
0
0
0
0
0
0
0
0
0
0
0
0
0
0
0
0
0
0
0
0
0
0
0
0
0
0
0
0
0
0
0
0
0
0
0
0
0
0
0
0
0
0
0
0
-0.7812
-0.80017
-0.78562
-0.80329
-0.8048
-0.80073
-0.81183
-0.74238
-0.74238
-0.74877
-0.74544
-0.74154
-0.73431
-0.73434
-0.77349
-0.75781
-0.75781
-0.73704
-0.75284
-0.82938
-0.82945
-0.72207
-0.73345
-0.72211
-0.69473
-0.80168
-0.71254
-0.71772
-0.83502
0
0
0
0
0
0
0
0
22.154
0
0
0
0
0
0
0
0
0
0
0
0
0
0
0
0
0
0
0
0
0
0
0
0
0
0
0
0
0
0
0
0
0
0
0
0
0
0
0
0
0
0
0
0
0
0
0
0
0
0
0
0
0
0
0
0
0
0
0
0
0
0
0
-0.86097
-0.88271
-0.87135
-0.88964
-0.89119
-0.887
-0.89835
-0.82536
-0.82536
-0.83238
-0.82897
-0.82539
-0.81384
-0.81295
-0.85756
-0.84131
-0.8413
-0.81734
-0.82901
-0.90106
-0.90114
-0.80667
-0.81422
-0.80672
-0.78031
-0.86428
-0.7812
0
0
0
0
0
0
0
0
0
0
0
28.99
0
0
0
0
0
0
0
0
0
0
0
0
0
0
0
0
0
0
0
0
0
0
0
0
0
0
0
0
0
0
0
0
0
0
0
0
0
0
0
0
0
0
0
0
0
0
0
0
0
-6.2024
0
0
0
0
0
0
0
0
0
0
0
0
-0.7531
-0.77142
-0.75697
-0.77444
-0.77592
-0.77189
-0.78288
-0.71431
-0.71431
-0.72054
-0.71704
-0.71342
-0.70659
-0.70684
-0.7452
-0.72956
-0.72956
-0.70885
-0.72487
-0.80126
-0.80132
-0.69404
-0.70516
-0.69409
-0.66696
-0.77319
-0.68325
-0.68791
0
0
0
0
0
0
0
0
0
0
0
20.5249
0
0
0
0
0
0
0
0
0
0
0
0
0
0
0
0
0
0
0
0
0
0
0
0
0
0
0
0
0
0
0
0
0
0
0
0
0
0
0
0
0
0
0
0
0
0
0
0
0
0
0
0
0
0
0
0
0
0
0
0
0
-0.77811
-0.79693
-0.78247
-0.80012
-0.80162
-0.79756
-0.80862
-0.73928
-0.73928
-0.74524
-0.74164
-0.73817
-0.73175
-0.73176
-0.77037
-0.75461
-0.75461
-0.73376
-0.75069
-0.82763
-0.8277
-0.71829
-0.72974
-0.71833
-0.69091
0
-0.70679
0
0
0
0
0
0
0
0
0
0
0
0
0
19.716
0
0
0
0
0
0
0
0
0
0
0
0
0
0
0
0
0
0
0
0
0
0
0
0
0
0
0
0
0
0
0
0
0
0
0
0
0
0
0
0
0
0
0
0
0
0
0
0
0
0
0
0
0
0
0
0
0
0
0
0
-0.77257
-0.80569
-0.79195
-0.80971
-0.8112
-0.80713
-0.81822
-0.74827
-0.74827
-0.75421
-0.75071
-0.74709
-0.73897
-0.73659
-0.78126
-0.76276
-0.76276
-0.74223
-0.76012
-0.83122
-0.8313
-0.72591
-0.71898
-0.72596
-0.6971
0
0
0
0
0
0
0
0
0
0
0
0
0
0
0
0
23.3711
0
0
0
0
0
0
0
0
0
0
0
0
0
0
0
0
0
0
0
0
0
0
0
0
0
0
0
0
-4.1909
0
0
0
0
0
0
0
0
0
0
0
0
0
0
0
0
0
0
0
0
0
0
0
0
0
0
0
0
0
0
-0.78787
-0.81041
-0.79957
-0.81735
-0.81886
-0.81477
-0.82587
-0.7552
-0.7552
-0.76131
-0.7579
-0.75452
-0.74624
-0.74135
-0.77858
-0.77031
-0.7703
-0.74729
-0.75983
-0.83183
-0.83191
-0.73442
-0.74092
-0.73446
-0.70607
0
0
0
0
0
0
0
0
0
0
0
0
0
0
0
0
0
24.4621
0
0
0
0
0
0
0
0
0
0
0
0
0
0
0
0
0
0
0
0
0
0
0
0
0
0
0
0
0
0
0
0
0
0
0
0
0
0
0
0
0
0
-5.1098
0
0
0
0
0
0
0
0
0
0
0
0
0
0
0
-0.78429
-0.80307
-0.78841
-0.8061
-0.8076
-0.80354
-0.81463
-0.74535
-0.74535
-0.75129
-0.74768
-0.74419
-0.73781
-0.73785
-0.7764
-0.76056
-0.76056
-0.73978
-0.75675
-0.83397
-0.83404
-0.72406
-0.73562
-0.72409
-0.69678
0
0
0
0
0
0
0
0
0
0
0
0
0
0
0
0
0
0
19.1598
0
0
0
0
0
0
0
0
0
0
0
0
0
0
0
0
0
0
0
0
0
0
0
0
0
0
0
0
0
0
0
0
0
0
0
0
0
0
0
0
0
0
0
0
0
0
0
0
0
0
0
0
0
0
0
0
0
-0.84655
-0.86535
-0.85047
-0.86854
-0.87007
-0.86592
-0.87723
-0.80595
-0.80594
-0.8117
-0.80811
-0.8044
-0.79799
-0.7982
-0.83808
-0.82129
-0.8213
-0.8004
0
-0.89749
-0.89755
-0.78354
0
-0.78358
0
0
0
0
0
0
0
0
0
0
0
0
0
0
0
0
0
0
0
0
18.3196
0
0
0
0
0
0
0
0
0
0
0
0
0
0
0
0
0
0
0
0
0
0
0
0
0
0
0
0
0
0
0
0
0
0
0
0
0
0
0
0
0
0
0
0
0
0
0
0
0
0
0
0
0
0
0
0
-0.91615
-0.93777
-0.92381
-0.94231
-0.94387
-0.93964
-0.95115
-0.87747
-0.87747
-0.88307
-0.87926
-0.87517
-0.86948
-0.86693
-0.90787
-0.89174
-0.89174
0
0
0
0
0
0
0
0
0
0
0
0
0
0
0
0
0
0
0
0
0
0
0
0
0
0
0
0
18.3926
0
0
0
0
0
0
0
0
0
0
0
0
0
0
0
0
0
0
0
0
-3.0177
0
0
0
0
0
0
0
0
0
0
0
0
0
0
0
0
0
0
0
0
0
0
0
0
0
0
0
0
0
0
0
0
0
0
-1.0442
-1.0643
-1.0484
-1.0675
-1.0691
-1.0647
-1.0765
-1.0003
-1.0003
-1.0069
-1.0028
-0.99885
-0.99271
-0.99292
-1.0352
-1.0162
-1.0162
0
0
0
0
0
0
0
0
0
0
0
0
0
0
0
0
0
0
0
0
0
0
0
0
0
0
0
0
0
17.497
0
0
0
0
0
0
0
0
0
0
0
0
0
0
0
0
0
0
0
0
0
0
0
0
0
0
0
0
0
0
0
0
0
0
0
0
0
0
0
0
0
0
0
0
0
0
0
0
0
0
0
0
0
0
-1.2502
-1.2772
-1.2672
-1.2873
-1.2889
-1.2844
-1.2965
-1.2135
-1.2135
-1.223
-1.2187
-1.2134
0
0
0
0
0
0
0
0
0
0
0
0
0
0
0
0
0
0
0
0
0
0
0
0
0
0
0
0
0
0
0
0
0
0
0
30.8227
0
0
0
0
0
0
0
0
0
0
0
0
0
0
0
0
0
0
0
0
0
-3.727
0
0
0
0
0
0
0
0
0
0
0
0
0
0
-6.0309
0
0
0
0
0
0
0
0
0
0
0
-6.0309
0
0
0
0
-1.0553
-1.0779
-1.0609
-1.08
-1.0816
-1.0772
-1.0891
-1.0122
-1.0122
-1.0201
-1.0176
-1.0078
0
0
0
0
0
0
0
0
0
0
0
0
0
0
0
0
0
0
0
0
0
0
0
0
0
0
0
0
0
0
0
0
0
0
0
0
15.6187
0
0
0
0
0
0
0
0
0
0
0
0
0
0
0
0
0
0
0
0
-3.0267
0
0
0
0
0
0
0
0
0
0
0
0
0
0
0
0
0
0
0
0
0
0
0
0
0
0
0
0
0
0
0
-1.2189
-1.2402
-1.2281
-1.2478
-1.2494
-1.2449
-1.2571
-1.1766
-1.1766
-1.1841
-1.1802
-1.1752
0
0
0
0
0
0
0
0
0
0
0
0
0
0
0
0
0
0
0
0
0
0
0
0
0
0
0
0
0
0
0
0
0
0
0
0
0
20.1084
0
0
0
0
0
0
0
0
0
0
0
0
0
0
0
0
0
0
0
0
0
0
0
0
0
0
0
0
0
0
0
0
0
-5.5294
0
0
0
0
0
0
0
0
0
0
0
0
0
0
0
0
0
-1.1392
-1.1619
-1.1459
-1.1653
-1.167
-1.1625
-1.1746
-1.0948
-1.0948
-1.1133
-1.1107
0
0
0
0
0
0
0
0
0
0
0
0
0
0
0
0
0
0
0
0
0
0
0
0
0
0
0
0
0
0
0
0
0
0
0
0
0
0
0
20.1785
0
0
0
0
0
0
0
0
0
0
0
0
0
-3.6067
0
0
0
0
0
0
0
0
0
-4.042
0
0
0
0
0
0
0
0
0
0
0
0
0
0
0
0
0
0
0
0
0
0
0
0
0
0
-1.1554
-1.1847
-1.1705
-1.19
-1.1916
-1.1872
-1.1993
-1.1211
-1.1211
0
0
0
0
0
0
0
0
0
0
0
0
0
0
0
0
0
0
0
0
0
0
0
0
0
0
0
0
0
0
0
0
0
0
0
0
0
0
0
0
0
0
17.7269
0
0
0
0
0
0
0
0
0
-2.7844
0
0
0
0
0
0
0
0
0
0
0
0
0
0
0
0
0
0
0
0
0
0
0
0
0
-4.4218
0
0
0
0
0
0
0
0
0
0
0
0
0
-1.3409
-1.3606
-1.3449
-1.3648
-1.3665
-1.3619
-1.3742
-1.2915
-1.2915
0
0
0
0
0
0
0
0
0
0
0
0
0
0
0
0
0
0
0
0
0
0
0
0
0
0
0
0
0
0
0
0
0
0
0
0
0
0
0
0
0
0
0
15.2186
0
0
0
0
0
0
0
0
0
0
0
-3.1217
0
0
0
0
0
0
0
0
0
0
0
0
0
0
0
0
0
0
0
0
0
0
0
0
0
0
0
0
0
0
0
0
0
0
0
0
-1.4094
-1.4293
-1.4126
-1.4326
-1.4343
-1.4297
-1.4421
-1.3587
-1.3587
-1.3684
0
0
0
0
0
0
0
0
0
0
0
0
0
0
0
0
0
0
0
0
0
0
0
0
0
0
0
0
0
0
0
0
0
0
0
0
0
0
0
0
0
0
0
14.0758
0
0
0
0
0
0
0
0
0
0
0
0
0
0
0
0
0
0
0
0
0
0
0
0
0
0
0
0
0
0
0
0
0
0
0
0
0
0
0
0
0
0
0
0
0
0
0
-1.2843
-1.4322
-1.4174
-1.4373
-1.439
-1.4344
-1.4468
0
0
0
0
0
0
0
0
0
0
0
0
0
0
0
0
0
0
0
0
0
0
0
0
0
0
0
0
0
0
0
0
0
0
0
0
0
0
0
0
0
0
0
0
0
0
0
12.4672
0
0
0
0
0
0
0
0
0
0
0
0
0
-2.5758
0
0
0
0
0
0
0
0
0
0
0
0
0
0
0
0
0
0
0
0
0
0
0
0
0
0
0
0
0
0
0
0
-2.1994
0
0
0
0
0
0
0
0
0
0
0
0
0
0
0
0
0
0
0
0
0
-2.1067
0
0
0
0
0
0
0
0
0
0
0
0
0
0
0
0
0
0
0
0
0
0
0
0
0
0
0
0
0
0
0
0
13.4689
0
0
-2.3487
0
0
0
0
0
0
0
0
0
0
0
-3.4751
0
-3.3389
0
0
0
0
0
0
0
0
0
0
0
0
0
0
0
0
0
0
0
0
0
0
0
0
0
0
0
0
0
-2.3977
0
0
0
0
0
0
0
0
0
0
0
0
0
0
0
0
0
0
0
0
0
0
0
0
0
0
0
0
0
0
0
0
0
0
0
0
0
0
0
0
0
0
0
0
0
0
0
0
0
0
0
0
0
0
10.7705
0
-2.288
0
-2.8843
0
0
-3.2006
0
0
0
0
0
0
0
0
0
0
0
0
0
0
0
0
0
0
0
0
0
0
0
0
0
0
0
0
0
0
0
0
0
0
0
0
0
0
0
0
0
0
0
0
0
0
0
0
0
0
0
0
0
0
0
0
0
0
0
0
0
0
0
0
0
0
0
0
-0.24628
0
0
0
0
0
0
0
0
0
0
0
0
0
0
0
0
0
0
0
0
0
0
0
0
0
9.1411
0
0
0
0
0
-2.5605
0
0
0
0
0
0
0
0
0
0
0
0
-3.5278
0
0
0
0
0
0
0
0
0
0
0
0
0
0
0
0
0
0
0
0
-2.8066
0
0
0
0
0
0
0
0
0
0
0
0
0
0
0
0
0
0
0
0
0
0
0
0
0
0
0
0
0
0
0
0
0
0
0
0
0
0
0
0
0
0
0
0
0
0
0
0
0
0
0
0
0
0
0
0
0
0
-2.3487
-2.288
0
11.8516
0
0
0
-3.2418
0
0
0
0
0
0
0
0
0
0
0
0
0
0
0
0
0
0
0
0
0
0
0
0
0
0
0
-3.9731
0
0
0
0
0
0
0
0
0
0
0
0
0
0
0
0
0
0
0
0
0
0
0
0
0
0
0
0
0
0
0
0
0
0
0
-1.932
0
0
0
0
0
0
0
0
0
0
0
0
0
0
0
0
0
0
0
0
0
0
0
0
0
0
0
0
0
0
0
0
0
12.1614
0
0
0
0
0
0
0
0
-3.1256
0
0
0
0
-3.2737
0
0
0
0
0
0
0
0
0
0
0
0
0
0
0
0
0
0
-3.8302
0
0
0
0
0
0
0
0
0
0
0
0
0
0
0
0
0
0
0
0
0
0
0
0
0
0
0
0
0
0
0
0
0
0
0
0
0
0
-2.8737
-2.8485
0
0
0
0
0
0
0
0
0
0
0
0
0
0
0
0
0
0
0
0
0
0
0
0
-2.8843
0
0
0
12.4165
0
0
0
0
0
0
0
0
0
0
-3.8101
0
0
0
0
0
0
0
0
0
0
0
0
0
0
0
0
0
0
0
0
0
0
0
0
0
0
0
0
0
0
0
0
0
0
0
0
0
0
0
0
0
0
0
0
0
0
0
-3.3194
0
0
0
0
0
0
0
0
0
0
0
0
0
0
0
0
0
0
0
0
0
0
0
0
0
0
0
0
0
0
0
0
-2.7844
0
0
0
0
0
0
0
0
0
13.7272
0
0
0
0
0
0
0
0
0
0
0
0
0
0
0
-3.7653
0
0
0
-3.8581
0
0
0
0
0
0
0
0
0
0
0
0
0
0
0
0
0
0
0
0
0
0
0
0
0
0
0
0
0
0
0
0
0
0
0
0
-1.4044
0
0
0
0
0
0
0
0
0
0
0
0
0
0
0
0
0
0
0
0
0
0
0
0
0
0
0
0
0
0
0
0
0
0
0
0
0
0
0
0
-3.2418
0
0
0
11.9957
0
0
-2.8091
0
0
0
0
0
0
0
0
0
0
0
0
0
0
0
0
0
0
0
0
0
0
0
0
0
0
0
-4.5404
0
0
0
0
0
0
0
0
0
0
0
0
0
0
0
0
0
0
0
0
0
0
0
0
0
0
0
0
0
0
0
0
0
0
0
0
0
0
-2.7745
0
0
0
0
0
0
0
0
0
0
0
0
0
0
0
0
0
0
0
0
0
0
0
0
-3.2006
-2.5605
0
0
0
0
0
8.5355
0
0
0
0
0
0
0
0
0
0
0
0
0
0
0
0
0
0
0
0
0
0
0
0
0
0
0
0
0
0
0
0
0
0
0
0
0
0
0
0
0
0
0
0
0
0
0
0
0
0
0
0
0
0
0
0
0
0
0
0
0
0
0
0
0
0
0
0
0
0
0
0
0
0
0
0
0
0
0
0
0
0
0
0
0
0
0
-3.6067
0
-3.1217
0
0
0
0
0
0
0
0
0
0
0
11.3334
0
0
0
0
0
0
0
0
0
0
0
0
0
-4.605
0
0
0
0
0
0
0
0
0
0
0
0
0
0
0
0
0
0
0
0
0
0
0
0
0
0
0
0
0
0
0
0
0
0
0
0
0
0
0
0
-3.5095
0
0
0
0
0
0
0
0
0
0
0
0
0
0
-3.4638
0
0
0
0
0
0
0
0
0
0
0
0
0
0
0
0
0
0
0
0
0
0
0
0
0
0
0
0
-2.8091
0
0
9.7824
0
0
0
0
0
0
0
0
0
0
0
0
0
0
0
0
0
0
0
0
0
0
0
0
0
0
0
0
0
0
0
0
0
0
0
0
0
0
0
0
0
0
0
0
0
0
0
0
0
0
0
0
0
0
0
0
0
0
0
0
0
0
0
0
-3.1489
0
0
0
0
0
0
0
0
0
0
0
0
0
0
0
-3.0177
0
0
0
0
0
0
0
0
0
0
0
0
0
0
0
0
0
0
0
0
6.8805
0
0
0
0
0
0
0
0
0
0
0
0
0
0
0
0
0
0
0
0
0
0
0
0
0
0
0
0
0
0
0
0
-0.71395
0
0
0
0
0
0
0
0
0
0
0
0
0
-3.409
0
0
0
0
0
0
0
0
0
0
0
0
0
0
-3.3249
0
0
0
0
0
0
0
0
0
0
0
0
0
0
0
0
0
0
0
0
0
0
0
0
0
0
0
0
0
0
0
0
0
0
0
0
0
0
0
10.758
0
0
0
0
0
0
0
0
0
0
0
0
0
0
0
0
0
0
0
0
0
0
0
0
0
0
0
0
0
0
0
0
-4.024
-3.713
0
0
0
0
0
0
0
0
0
0
0
0
0
0
0
0
0
0
0
0
0
0
0
0
0
0
0
0
0
0
0
0
0
0
0
0
0
0
0
0
0
0
0
0
0
0
0
0
0
0
0
0
0
-2.5758
0
0
0
0
-3.1256
0
0
0
0
0
0
0
0
9.4144
0
0
0
0
0
0
0
0
0
0
0
0
0
0
0
0
0
0
0
0
0
0
0
0
0
0
0
0
0
0
0
0
0
0
0
0
0
0
0
0
0
0
0
0
0
0
0
0
0
0
0
0
0
0
0
0
0
0
0
0
0
0
0
0
0
0
0
0
0
0
0
0
0
0
0
0
0
0
0
-3.727
-3.0267
0
0
0
0
0
0
0
0
0
0
0
0
0
0
0
0
0
0
0
0
10.3219
0
0
0
0
0
0
0
0
0
0
-3.5681
0
0
0
0
0
0
0
0
0
0
0
0
0
0
0
0
0
0
0
0
0
0
0
0
0
0
0
0
0
0
0
0
0
0
0
0
0
0
0
0
0
0
0
0
0
0
0
0
0
0
0
0
0
0
0
0
0
0
0
0
0
-4.1909
0
0
0
0
0
0
0
0
0
0
0
0
0
-3.4751
0
0
0
0
0
0
0
0
0
0
0
0
0
0
7.666
0
0
0
0
0
0
0
0
0
0
0
0
0
0
0
0
0
0
0
0
0
0
0
0
0
0
0
0
0
0
0
0
0
0
0
0
0
0
0
0
0
0
0
0
0
0
0
0
0
0
0
0
0
0
0
0
0
0
0
0
0
0
0
0
0
0
0
0
0
0
0
0
0
0
0
0
0
0
0
0
0
0
0
0
0
0
0
0
0
0
-3.8101
0
0
0
0
0
0
0
0
0
0
8.4953
0
0
0
0
0
-4.6852
0
0
0
0
0
0
0
0
0
0
0
0
0
0
0
0
0
0
0
0
0
0
0
0
0
0
0
0
0
0
0
0
0
0
0
0
0
-4.574
0
0
0
0
0
0
0
0
0
0
0
0
0
0
0
0
0
0
0
0
0
0
0
0
0
0
0
0
0
0
0
0
0
0
0
0
0
0
0
0
-3.3389
0
0
0
0
0
0
0
0
0
0
0
0
0
0
0
0
7.9129
0
0
0
0
0
0
0
0
0
0
0
0
0
0
0
0
0
0
0
0
0
0
0
0
0
0
0
0
0
0
0
0
0
0
0
0
0
0
0
0
0
0
0
0
0
0
0
0
0
0
0
0
0
-3.4264
0
0
0
0
0
0
0
0
0
0
0
0
0
0
0
0
0
0
0
0
0
0
0
0
0
0
0
0
0
0
0
0
0
-3.2737
0
0
0
0
0
0
0
0
0
0
0
0
0
6.7001
0
0
0
0
0
0
0
0
0
0
0
0
0
0
0
0
0
0
0
0
0
0
0
0
0
0
0
0
0
0
0
0
0
0
0
0
0
0
0
0
0
0
0
0
0
0
0
0
0
0
0
0
0
0
0
0
0
0
0
0
0
0
0
0
0
0
0
0
0
0
0
0
0
0
0
0
0
-4.042
0
0
0
0
0
0
0
0
0
0
0
0
0
0
0
0
0
0
0
0
0
0
0
8.2672
0
0
0
0
0
-4.2252
0
0
0
0
0
0
0
0
0
0
0
0
0
0
0
0
0
0
0
0
0
0
0
0
0
0
0
0
0
0
0
0
0
0
0
0
0
0
0
0
0
0
0
0
0
0
0
0
0
0
0
0
0
0
0
-4.315
0
0
0
0
0
0
0
0
0
0
0
0
0
0
0
0
0
0
0
0
0
0
0
0
0
0
0
0
0
0
0
0
0
0
0
0
0
0
0
8.2092
0
0
0
0
0
-3.8942
0
0
0
0
0
0
0
0
0
0
0
0
0
0
0
0
0
0
0
0
0
0
0
0
0
0
0
0
0
0
0
0
-2.4078
0
0
0
0
0
0
0
0
0
0
0
0
0
0
0
0
0
0
0
0
0
0
0
0
0
0
0
0
0
0
0
0
0
0
0
0
0
0
0
0
0
0
0
-3.5278
0
0
0
0
0
0
0
0
0
0
0
0
0
0
0
0
0
0
5.9356
0
0
0
0
0
0
0
0
0
0
0
0
0
0
0
0
0
0
0
0
0
0
0
0
0
0
0
0
0
0
0
0
0
0
0
0
0
0
0
0
0
0
0
0
0
0
0
0
0
0
0
0
0
0
0
0
0
0
0
0
0
0
0
0
0
0
0
0
0
0
0
0
0
0
0
0
0
0
0
0
0
0
0
0
0
-3.7653
0
0
0
0
0
0
0
0
0
-4.6852
0
0
0
0
0
8.4505
0
0
0
0
0
0
0
0
0
0
0
0
0
0
0
0
0
0
0
0
0
0
0
0
0
0
0
0
0
0
0
0
0
0
0
0
0
0
0
0
0
0
0
0
0
0
0
0
0
0
0
0
0
0
0
0
0
0
0
0
0
0
0
0
0
0
0
0
0
0
0
0
0
0
0
0
0
0
0
0
0
0
0
0
0
0
0
-4.605
0
0
0
0
0
0
0
0
0
0
0
0
0
9.2671
-4.662
0
0
0
0
0
0
0
0
0
0
0
0
0
0
0
0
0
0
0
0
0
0
0
0
0
0
0
0
0
0
0
0
0
-4.937
0
0
0
0
0
0
0
0
0
0
0
0
0
0
0
0
0
0
0
0
0
0
0
0
0
0
0
0
0
0
0
0
0
0
0
0
0
0
0
0
0
0
0
0
0
0
0
0
0
0
0
0
0
0
0
0
0
0
0
0
0
0
0
0
0
-4.662
9.5991
0
0
0
0
0
0
0
0
0
0
0
0
0
0
0
0
0
0
0
0
0
0
0
0
0
0
0
0
0
0
0
0
0
0
0
0
0
0
0
0
0
0
0
0
0
0
0
0
0
0
0
0
0
0
0
0
0
0
0
0
0
0
0
0
0
0
0
0
0
0
0
0
0
0
0
0
0
0
0
0
0
0
0
0
0
0
0
0
0
0
-3.5681
0
0
0
0
-4.2252
0
0
0
0
0
7.7934
0
0
0
0
0
0
0
0
0
0
0
0
0
0
0
0
0
0
0
0
0
0
0
0
0
0
0
0
0
0
0
0
0
0
0
0
0
0
0
0
0
0
0
0
0
0
0
0
0
0
0
0
0
0
0
0
0
0
0
0
0
0
0
0
0
0
0
0
0
0
0
0
0
0
0
0
0
0
0
0
0
-3.8581
0
0
0
0
0
0
0
0
0
0
0
0
0
-3.8942
0
0
0
0
0
7.7523
0
0
0
0
0
0
0
0
0
0
0
0
0
0
0
0
0
0
0
0
0
0
0
0
0
0
0
0
0
0
0
0
0
0
0
0
0
0
0
0
0
0
0
0
0
0
0
-6.8212
0
0
0
0
0
0
0
0
0
0
0
0
0
0
0
0
0
0
0
0
0
0
0
0
0
0
0
0
0
0
0
0
0
0
0
0
0
0
0
0
0
0
0
0
0
0
0
0
0
0
0
0
0
6.8212
0
0
0
0
0
0
0
0
0
0
0
0
0
0
0
0
0
0
0
0
0
0
0
0
0
0
0
0
0
0
0
0
0
0
0
0
0
0
0
0
0
0
0
0
0
0
0
0
0
0
0
0
0
0
0
0
0
0
0
0
0
0
0
0
0
0
0
-5.5294
0
0
0
0
0
0
0
0
0
0
0
0
0
0
0
0
0
0
0
0
0
0
0
0
0
0
0
0
0
0
0
0
0
5.5294
0
0
0
0
0
0
0
0
0
0
0
0
0
0
0
0
0
0
0
0
0
0
0
0
0
0
0
0
0
0
0
0
0
0
0
0
0
0
0
0
0
0
0
0
0
0
0
0
0
0
0
0
0
0
0
0
0
0
0
0
0
0
0
0
-6.0309
0
0
0
0
0
0
0
0
0
0
0
0
0
0
0
0
0
0
0
0
0
0
0
0
0
0
0
0
0
0
0
0
0
0
0
0
6.0309
0
0
0
0
0
0
0
0
0
0
0
0
0
0
0
0
0
0
0
0
0
0
0
0
0
0
0
0
0
0
0
0
0
0
0
0
0
0
0
0
0
0
0
0
0
0
0
0
0
0
0
0
0
0
0
0
0
0
-5.1098
0
0
0
0
0
0
0
0
0
0
0
0
0
0
0
0
0
0
0
0
0
0
0
0
0
0
0
0
0
0
0
0
0
0
0
0
0
0
0
0
0
0
5.1098
0
0
0
0
0
0
0
0
0
0
0
0
0
0
0
0
0
0
0
0
0
0
0
0
0
0
0
0
0
0
0
0
0
0
0
0
0
0
0
0
0
0
0
0
0
0
0
0
-6.441
0
0
0
0
0
0
0
0
0
0
0
0
0
0
0
0
0
0
0
0
0
0
0
0
0
0
0
0
0
0
0
0
0
0
0
0
0
0
0
0
0
0
0
0
0
0
0
0
0
0
0
0
6.441
0
0
0
0
0
0
0
0
0
0
0
0
0
0
0
0
0
0
0
0
0
0
0
0
0
0
0
0
0
0
0
0
0
0
0
0
0
0
0
0
0
0
0
0
0
0
0
0
0
0
0
0
0
0
0
0
0
0
0
0
0
0
0
0
0
-4.4218
0
0
0
0
0
0
0
0
0
0
0
0
0
0
0
0
0
0
0
0
0
0
0
0
0
0
0
0
0
0
0
0
0
0
0
4.4218
0
0
0
0
0
0
0
0
0
0
0
0
0
0
0
0
0
0
0
0
0
0
0
0
0
0
0
0
0
0
0
0
0
0
0
0
0
0
0
0
0
0
0
0
0
0
0
0
0
0
0
-6.2024
0
0
0
0
0
0
0
0
0
0
0
0
0
0
0
0
0
0
0
0
0
0
0
0
0
0
0
0
0
0
0
0
0
0
0
0
0
0
0
0
0
0
0
0
0
0
0
0
0
6.2024
0
0
0
0
0
0
0
0
0
0
0
0
0
0
0
0
0
0
0
0
0
0
0
0
0
0
0
0
0
0
0
0
0
0
0
0
0
0
0
0
0
0
0
0
0
0
-7.2459
0
0
0
0
0
0
0
0
0
0
0
0
0
0
0
0
0
0
0
0
0
0
0
0
0
0
0
0
0
0
0
0
0
0
0
0
0
0
0
0
0
0
0
0
0
0
0
0
0
0
0
0
0
0
7.2459
0
0
0
0
0
0
0
0
0
0
0
0
0
0
0
0
0
0
0
0
0
0
0
0
0
0
0
0
0
0
0
0
0
0
0
0
0
0
0
0
0
0
0
0
0
0
0
0
0
0
0
0
0
0
0
0
0
0
0
0
0
0
0
0
0
0
0
0
0
-3.9731
0
0
0
0
0
0
0
0
0
0
0
0
0
0
0
0
0
0
0
0
0
0
0
0
0
0
0
0
0
0
0
3.9731
0
0
0
0
0
0
0
0
0
0
0
0
0
0
0
0
0
0
0
0
0
0
0
0
0
0
0
0
0
0
0
0
0
0
0
-7.5339
0
0
0
0
0
0
0
0
0
0
0
0
0
0
0
0
0
0
0
0
0
0
0
0
0
0
0
0
0
0
0
0
0
0
0
0
0
0
0
0
0
0
0
0
0
0
0
0
0
0
0
0
0
0
0
0
0
0
0
0
0
0
0
0
0
7.5339
0
0
0
0
0
0
0
0
0
0
0
0
0
0
0
0
0
0
0
0
0
0
0
0
0
0
0
0
0
0
0
0
0
0
0
0
0
0
0
0
0
0
0
0
0
0
0
0
0
0
0
0
0
0
0
0
0
0
0
0
0
0
0
0
0
0
0
0
-3.8302
0
0
0
0
0
0
0
0
0
0
0
0
0
0
0
0
0
0
0
0
0
0
0
0
0
0
0
0
0
0
0
0
3.8302
0
0
0
0
0
0
0
0
0
0
0
0
0
0
0
0
0
0
0
0
0
0
0
0
0
0
0
0
0
0
0
0
0
0
0
0
0
0
0
0
0
0
0
0
0
0
0
0
0
0
0
0
0
0
0
0
0
0
0
0
0
0
0
0
0
0
0
0
0
0
-4.5404
0
0
0
0
0
0
0
0
0
0
0
0
0
0
0
0
0
0
0
0
0
0
0
0
0
0
0
0
0
0
4.5404
0
0
0
0
0
0
0
0
0
0
0
0
0
0
0
0
0
0
0
0
0
0
0
0
0
0
-7.8662
0
0
0
0
0
0
0
0
0
0
0
0
0
0
0
0
0
0
0
0
0
0
0
0
0
0
0
0
0
0
0
0
0
0
0
0
0
0
0
0
0
0
0
0
0
0
0
0
0
0
0
0
0
0
0
0
0
0
0
0
0
0
0
0
0
0
0
0
0
0
0
0
0
0
7.8662
0
0
0
0
0
0
0
0
0
0
0
0
0
0
0
0
0
0
0
0
0
0
0
0
0
0
0
0
0
0
0
0
0
0
0
0
0
0
0
0
-7.2459
0
0
0
0
0
0
0
0
0
0
0
0
0
0
0
0
0
0
0
0
0
0
0
0
0
0
0
0
0
0
0
0
0
0
0
0
0
0
0
0
0
0
0
0
0
0
0
0
0
0
0
0
0
0
0
0
0
0
0
0
7.2459
0
0
0
0
0
0
0
0
0
0
0
0
0
0
0
0
0
0
0
0
0
0
0
0
0
0
0
0
0
0
0
0
0
0
0
0
0
0
0
0
0
0
0
0
0
0
0
0
0
0
0
0
-6.0309
0
0
0
0
0
0
0
0
0
0
0
0
0
0
0
0
0
0
0
0
0
0
0
0
0
0
0
0
0
0
0
0
0
0
0
0
0
0
0
0
0
0
0
0
0
0
0
0
6.0309
0
0
0
0
0
0
0
0
0
0
0
0
0
0
0
0
0
0
0
0
0
0
0
0
0
0
0
0
0
0
0
0
0
0
0
0
0
0
0
0
0
0
0
0
0
0
0
0
0
0
0
0
0
0
0
0
0
0
0
0
0
-2.8066
0
0
0
0
0
0
0
0
0
0
0
0
0
0
0
0
0
0
0
0
0
0
0
0
0
0
0
0
0
0
0
0
0
0
0
0
0
0
0
2.8066
0
0
0
0
0
0
0
0
0
0
0
0
0
0
0
0
0
0
0
0
0
0
0
-7.8663
0
0
0
0
0
0
0
0
0
0
0
0
0
0
0
0
0
0
0
0
0
0
0
0
0
0
0
0
0
0
0
0
0
0
0
0
0
0
0
0
0
0
0
0
0
0
0
0
0
0
0
0
0
0
0
0
0
0
0
0
0
0
0
0
0
0
0
0
0
0
0
0
0
0
0
0
0
7.8663
0
0
0
0
0
0
0
0
0
0
0
0
0
0
0
0
0
0
0
0
0
0
0
0
0
0
0
0
0
0
0
0
0
0
0
0
0
0
0
0
0
0
0
0
0
0
0
0
0
0
0
0
0
0
0
0
0
0
0
0
0
0
0
0
0
0
0
0
-0.71395
0
0
0
0
0
0
0
0
0
0
0
0
0
0
0
0
0
0
0
0
0
0
0
0
0
0
0
0
0
0
0
0
0.71395
0
0
0
0
0
0
0
0
0
0
0
0
0
0
0
0
0
0
0
0
0
0
0
0
0
0
0
0
0
0
0
0
0
0
0
0
0
0
0
0
0
0
0
0
0
0
0
0
0
0
0
0
0
0
0
0
0
0
0
0
0
0
0
0
0
0
0
0
-4.024
0
0
0
0
0
0
0
0
0
0
0
0
0
0
0
0
0
0
0
0
0
0
0
0
0
0
0
0
0
0
0
0
4.024
