50.4645
-0.73659
-0.72602
-0.74864
-0.7505
-0.74532
-0.75815
-0.68482
-0.68481
-0.69267
-0.6904
-0.68746
-0.69348
-0.68239
-0.71524
-0.71029
-0.7103
-0.68624
-0.69804
-0.77839
-0.7785
-0.67745
-0.67518
-0.67748
-0.6479
-0.76176
-0.67069
-0.67657
-0.79439
-0.74674
-0.76222
-0.72807
-0.76844
-0.82989
-0.8915
-0.73266
-0.7758
-0.77547
-0.86048
-0.75311
-0.77808
-0.76748
-0.78263
-0.78942
-0.84368
-0.92324
-1.0463
-1.263
-1.0542
-1.2298
-1.1563
-1.1623
-1.3601
-1.4238
-1.2908
-2.2384
0
0
0
0
0
0
0
0
0
0
0
0
-3.791
0
0
0
0
0
0
0
0
0
0
0
0
0
0
0
0
0
0
0
0
0
0
0
0
0
0
0
0
0
0
0
0
-0.73659
48.2259
-0.75748
-0.78202
-0.784
-0.77845
-0.79181
-0.7059
-0.7059
-0.71291
-0.71061
-0.70749
-0.7144
-0.70575
-0.74366
-0.73038
-0.73038
-0.7074
-0.72483
-0.80207
-0.80216
-0.69701
-0.70096
-0.69705
-0.66688
-0.77756
-0.68963
-0.69481
-0.81693
-0.76801
-0.77764
-0.73914
-0.78764
-0.85625
-0.9149
-0.75297
-0.79592
-0.79558
-0.88329
-0.7726
-0.79817
-0.80321
-0.80664
-0.80954
-0.86384
-0.94651
-1.068
-1.292
-1.0785
-1.2528
-1.1805
-1.1935
-1.3811
-1.4449
-1.4494
0
-2.4384
0
0
0
0
0
0
0
0
0
0
0
0
0
0
0
0
0
0
0
0
0
0
0
0
0
0
0
0
0
0
0
0
0
0
0
0
0
0
0
0
0
0
0
0
-0.72602
-0.75748
44.7559
-0.71901
-0.72176
-0.71449
-0.73545
-0.67813
-0.67813
-0.69027
-0.68968
-0.68771
-0.701
-0.68605
-0.72662
-0.71269
-0.71268
-0.69019
-0.70841
-0.79478
-0.7949
-0.67999
-0.68494
-0.68003
-0.65008
-0.77576
-0.67287
-0.67962
-0.80279
-0.7519
-0.76793
-0.73531
-0.77077
-0.84212
-0.90713
-0.73888
-0.77852
-0.77818
-0.86915
-0.75528
-0.78084
-0.78665
-0.79315
-0.79194
-0.84595
-0.92936
-1.0489
-1.2791
-1.0584
-1.2378
-1.1612
-1.1764
-1.3624
-1.4254
-1.4317
0
0
0
0
0
0
0
0
0
0
0
0
0
0
0
0
0
0
0
0
0
0
0
0
0
0
0
0
0
0
0
0
0
0
0
0
0
0
0
0
0
0
0
0
0
0
-0.74864
-0.78202
-0.71901
45.9777
-0.75331
-0.74482
-0.76848
-0.69856
-0.69856
-0.71119
-0.71071
-0.7088
-0.72255
-0.70732
-0.74833
-0.73421
-0.73421
-0.71153
-0.73006
-0.81735
-0.81746
-0.7012
-0.70624
-0.70123
-0.67098
-0.7973
-0.69404
-0.70091
-0.82551
-0.77399
-0.79019
-0.75729
-0.79301
-0.86524
-0.93159
-0.76088
-0.80085
-0.80051
-0.89234
-0.7774
-0.80317
-0.80908
-0.81562
-0.81436
-0.86881
-0.95285
-1.073
-1.3047
-1.0826
-1.2629
-1.186
-1.2012
-1.3877
-1.4508
-1.457
0
0
0
0
0
0
0
0
0
0
0
0
0
0
0
0
0
0
0
0
0
0
0
0
0
0
0
0
0
0
0
0
0
0
0
0
0
0
0
0
0
0
0
0
0
0
-0.7505
-0.784
-0.72176
-0.75331
46.0821
-0.74794
-0.77167
-0.70043
-0.70043
-0.71304
-0.71256
-0.71063
-0.7244
-0.70915
-0.7502
-0.73605
-0.73605
-0.71335
-0.73191
-0.81921
-0.81933
-0.70302
-0.70806
-0.70306
-0.67277
-0.79907
-0.69584
-0.70273
-0.82739
-0.77588
-0.79206
-0.75916
-0.79491
-0.86717
-0.93353
-0.76274
-0.80274
-0.80241
-0.89429
-0.77927
-0.80507
-0.81098
-0.81752
-0.81627
-0.87075
-0.95482
-1.075
-1.3068
-1.0846
-1.2649
-1.1881
-1.2033
-1.3899
-1.4529
-1.4591
0
0
0
0
0
0
0
0
0
0
0
0
0
0
0
0
0
0
0
0
0
0
0
0
0
0
0
0
0
0
0
0
0
0
0
0
0
0
0
0
0
0
0
0
0
0
-0.74532
-0.77845
-0.71449
-0.74482
-0.74794
45.794
-0.76306
-0.69534
-0.69534
-0.70797
-0.7075
-0.70559
-0.7193
-0.70411
-0.74506
-0.73096
-0.73096
-0.70831
-0.72681
-0.81405
-0.81417
-0.698
-0.70303
-0.69804
-0.66783
-0.79411
-0.69085
-0.69772
-0.82213
-0.77069
-0.78687
-0.75402
-0.78969
-0.86182
-0.9281
-0.75758
-0.79752
-0.79717
-0.8889
-0.77408
-0.79984
-0.80574
-0.81226
-0.81102
-0.8654
-0.94936
-1.0694
-1.301
-1.079
-1.2591
-1.1823
-1.1975
-1.384
-1.447
-1.4532
0
0
0
0
0
0
0
0
0
0
0
0
0
0
0
0
0
0
0
0
0
0
0
0
0
0
0
0
0
0
0
0
0
0
0
0
0
0
0
0
0
0
0
0
0
0
-0.75815
-0.79181
-0.73545
-0.76848
-0.77167
-0.76306
46.5326
-0.70891
-0.70891
-0.72127
-0.72069
-0.71868
-0.73236
-0.71706
-0.75827
-0.74405
-0.74406
-0.72124
-0.7398
-0.8269
-0.82701
-0.71087
-0.71592
-0.7109
-0.6805
-0.80625
-0.70365
-0.71054
-0.83546
-0.78386
-0.8001
-0.76709
-0.80298
-0.87529
-0.94139
-0.77068
-0.81085
-0.8105
-0.90253
-0.7873
-0.81313
-0.81904
-0.82557
-0.82437
-0.87899
-0.96321
-1.0836
-1.3154
-1.0932
-1.2738
-1.1968
-1.2121
-1.3988
-1.4619
-1.4682
0
0
0
0
0
0
0
0
0
0
0
0
0
0
0
0
0
0
0
0
0
0
0
0
0
0
0
0
0
0
0
0
0
0
0
0
0
0
0
0
0
0
0
0
0
0
-0.68482
-0.7059
-0.67813
-0.69856
-0.70043
-0.69534
-0.70891
41.0552
-0.61597
-0.65018
-0.6492
-0.6471
-0.65649
-0.64404
-0.68206
-0.6708
-0.6708
-0.64884
-0.66545
-0.75032
-0.75042
-0.639
-0.64339
-0.63904
-0.60969
-0.72854
-0.63181
-0.63814
-0.75687
-0.70812
-0.72373
-0.69198
-0.72683
-0.79556
-0.8612
-0.6956
-0.73469
-0.73437
-0.82243
-0.71203
-0.737
-0.74234
-0.74817
-0.74815
-0.80071
-0.88205
-0.99972
-1.2242
-1.0088
-1.1852
-1.1087
-1.1258
-1.3077
-1.3699
0
0
0
0
0
0
0
0
0
0
0
0
0
0
0
0
0
0
0
0
0
0
0
0
0
0
0
0
0
0
0
0
0
0
0
0
0
0
0
0
0
0
0
0
0
0
0
-0.68481
-0.7059
-0.67813
-0.69856
-0.70043
-0.69534
-0.70891
-0.61597
41.0552
-0.65017
-0.64919
-0.6471
-0.65649
-0.64404
-0.68206
-0.67081
-0.6708
-0.64883
-0.66545
-0.75032
-0.75042
-0.63901
-0.64339
-0.63904
-0.60969
-0.72855
-0.63181
-0.63813
-0.75686
-0.70812
-0.72374
-0.69198
-0.72683
-0.79557
-0.86119
-0.6956
-0.73469
-0.73436
-0.82243
-0.71203
-0.737
-0.74233
-0.74818
-0.74814
-0.80071
-0.88205
-0.99972
-1.2242
-1.0088
-1.1852
-1.1087
-1.1258
-1.3077
-1.3699
0
0
0
0
0
0
0
0
0
0
0
0
0
0
0
0
0
0
0
0
0
0
0
0
0
0
0
0
0
0
0
0
0
0
0
0
0
0
0
0
0
0
0
0
0
0
0
-0.69267
-0.71291
-0.69027
-0.71119
-0.71304
-0.70797
-0.72127
-0.65018
-0.65017
39.0213
-0.65769
-0.65436
-0.66099
-0.65051
-0.69568
-0.67838
-0.67838
-0.6559
-0.67374
-0.75168
-0.75179
-0.64578
-0.65026
-0.64582
-0.61591
-0.71998
-0.63821
-0.64401
-0.76402
-0.71494
-0.73062
-0.69979
-0.73307
-0.80296
-0.86718
-0.70188
-0.74144
-0.7411
-0.82991
-0.71874
-0.74341
-0.74868
-0.75471
-0.75455
-0.80693
-0.88804
-1.0067
-1.2347
-1.0169
-1.1936
-1.1285
0
0
-1.3802
0
0
0
0
0
0
0
0
0
0
0
0
0
0
0
0
0
0
0
0
0
0
0
0
0
0
0
0
0
0
0
0
0
0
0
0
0
0
0
0
0
0
0
0
0
0
0
-0.6904
-0.71061
-0.68968
-0.71071
-0.71256
-0.7075
-0.72069
-0.6492
-0.64919
-0.65769
37.4646
-0.65034
-0.65694
-0.64496
-0.68641
-0.67453
-0.67454
-0.65182
-0.67075
-0.74516
-0.74527
-0.64183
-0.64619
-0.64187
-0.61171
-0.71465
-0.63416
-0.6409
-0.75948
-0.71111
-0.727
-0.69643
-0.72893
-0.7991
-0.86593
-0.69825
-0.7376
-0.73727
-0.82594
-0.71476
-0.73931
-0.74468
-0.7508
-0.75043
-0.80285
-0.88372
-1.0022
-1.23
-1.014
-1.1892
-1.1252
0
0
0
0
0
0
0
0
0
0
0
0
0
0
0
0
0
0
0
0
0
0
0
0
0
0
0
0
0
0
0
0
0
0
0
0
0
0
0
0
0
0
0
0
0
0
0
0
0
0
-0.68746
-0.70749
-0.68771
-0.7088
-0.71063
-0.70559
-0.71868
-0.6471
-0.6471
-0.65436
-0.65034
36.1452
-0.65063
-0.63903
-0.68037
-0.67274
-0.67275
-0.64903
-0.6647
-0.73993
-0.74004
-0.63875
-0.64314
-0.63879
-0.60808
-0.71286
-0.63057
-0.63627
-0.75921
-0.70655
-0.7218
-0.69184
-0.72329
-0.79482
-0.85394
-0.69329
-0.73345
-0.73312
-0.82228
-0.7109
-0.7356
-0.74091
-0.74735
-0.74669
-0.79887
-0.87934
-0.99795
-1.2241
-1.0038
-1.1831
0
0
0
0
0
0
0
0
0
0
0
0
0
0
0
0
0
0
0
0
0
0
0
0
0
0
0
0
0
0
0
0
0
0
0
0
0
0
0
0
0
0
0
0
0
0
0
0
0
0
0
-0.69348
-0.7144
-0.701
-0.72255
-0.7244
-0.7193
-0.73236
-0.65649
-0.65649
-0.66099
-0.65694
-0.65063
41.2054
-0.64047
-0.68097
-0.67
-0.67001
-0.64559
-0.65833
-0.74545
-0.74556
-0.63739
-0.6409
-0.63743
-0.60772
-0.70724
-0.62872
-0.60844
-0.74705
-0.70284
-0.71545
-0.68263
-0.72135
-0.78278
-0.84212
-0.6858
-0.73046
-0.73013
-0.81506
-0.70789
-0.73303
-0.73667
-0.74309
-0.74412
-0.79643
-0.87815
-0.99577
0
0
0
0
0
0
0
0
0
0
0
0
0
0
0
0
0
0
0
0
-3.4861
0
0
0
0
0
0
0
0
0
0
0
-5.0152
0
0
0
0
0
0
0
0
0
0
0
0
0
0
0
0
0
0
0
0
0
-0.68239
-0.70575
-0.68605
-0.70732
-0.70915
-0.70411
-0.71706
-0.64404
-0.64404
-0.65051
-0.64496
-0.63903
-0.64047
34.9131
-0.6703
-0.67959
-0.67959
-0.64828
-0.65901
-0.73028
-0.7304
-0.63637
-0.64054
-0.63641
-0.60461
-0.70461
-0.6258
-0.62788
-0.7474
-0.69775
-0.71156
-0.69393
-0.71556
-0.77033
-0.8415
-0.68159
-0.72663
-0.72629
-0.80953
-0.70428
-0.72922
-0.73007
-0.73393
-0.7404
-0.79281
-0.87107
-0.99204
0
0
0
0
0
0
0
0
0
0
0
0
0
0
0
0
0
0
0
0
0
0
0
0
0
0
0
0
0
-2.4487
0
0
0
0
0
0
0
0
0
0
0
0
0
0
0
0
0
0
0
0
0
0
0
0
-0.71524
-0.74366
-0.72662
-0.74833
-0.7502
-0.74506
-0.75827
-0.68206
-0.68206
-0.69568
-0.68641
-0.68037
-0.68097
-0.6703
38.9498
-0.70511
-0.70511
-0.68198
-0.69743
-0.76945
-0.76956
-0.67136
-0.66444
-0.67139
-0.64065
-0.74128
-0.66308
-0.66641
-0.79008
-0.74076
-0.75712
-0.72519
-0.75825
-0.83244
-0.89606
-0.72417
-0.76875
-0.76841
-0.85866
-0.74569
-0.77093
-0.77784
-0.77398
-0.78212
-0.83589
-0.91595
-1.0379
0
0
0
0
0
0
0
0
0
0
0
0
0
0
0
0
0
0
0
0
0
0
0
0
0
-4.6771
0
0
0
0
0
0
0
0
0
0
0
0
0
0
0
0
0
0
0
0
0
0
0
0
0
0
0
0
-0.71029
-0.73038
-0.71269
-0.73421
-0.73605
-0.73096
-0.74405
-0.6708
-0.67081
-0.67838
-0.67453
-0.67274
-0.67
-0.67959
-0.70511
33.7132
-0.69377
-0.66431
-0.6906
-0.76109
-0.76121
-0.65653
-0.65893
-0.65656
-0.62483
-0.73477
-0.64797
-0.6516
-0.77862
-0.72683
-0.74101
-0.71164
-0.74221
-0.81293
-0.8901
-0.71239
-0.75424
-0.7539
-0.84296
-0.73113
-0.75626
-0.76073
-0.76734
-0.76738
-0.8202
-0.90059
-1.02
0
0
0
0
0
0
0
0
0
0
0
0
0
0
0
0
0
0
0
0
0
0
0
0
0
0
0
0
0
0
0
0
0
0
0
0
0
0
0
0
0
0
0
0
0
0
0
0
0
0
0
0
0
0
-0.7103
-0.73038
-0.71268
-0.73421
-0.73605
-0.73096
-0.74406
-0.6708
-0.6708
-0.67838
-0.67454
-0.67275
-0.67001
-0.67959
-0.70511
-0.69377
33.7133
-0.66431
-0.69061
-0.76109
-0.76121
-0.65653
-0.65893
-0.65657
-0.62483
-0.73477
-0.64797
-0.6516
-0.77863
-0.72684
-0.74102
-0.71164
-0.74221
-0.81293
-0.89011
-0.7124
-0.75424
-0.7539
-0.84296
-0.73113
-0.75627
-0.76074
-0.76733
-0.76738
-0.8202
-0.90058
-1.02
0
0
0
0
0
0
0
0
0
0
0
0
0
0
0
0
0
0
0
0
0
0
0
0
0
0
0
0
0
0
0
0
0
0
0
0
0
0
0
0
0
0
0
0
0
0
0
0
0
0
0
0
0
0
-0.68624
-0.7074
-0.69019
-0.71153
-0.71335
-0.70831
-0.72124
-0.64884
-0.64883
-0.6559
-0.65182
-0.64903
-0.64559
-0.64828
-0.68198
-0.66431
-0.66431
32.104
-0.65835
-0.73257
-0.73268
-0.6356
-0.63354
-0.63564
-0.60114
-0.70586
-0.62401
-0.62668
-0.74684
-0.70203
-0.71487
-0.68735
-0.71607
-0.77961
-0.85808
-0.68714
-0.729
-0.72867
-0.81368
-0.70613
-0.73101
-0.73565
-0.73972
-0.7422
-0.79471
0
0
0
0
0
0
0
0
0
0
0
0
0
0
0
0
0
-1.408
0
0
0
0
0
0
0
0
0
0
0
0
0
0
0
0
0
0
0
0
0
0
0
0
0
0
0
0
0
0
0
0
0
0
0
0
0
0
-0.69804
-0.72483
-0.70841
-0.73006
-0.73191
-0.72681
-0.7398
-0.66545
-0.66545
-0.67374
-0.67075
-0.6647
-0.65833
-0.65901
-0.69743
-0.6906
-0.69061
-0.65835
37.5451
-0.74242
-0.74252
-0.65342
-0.65597
-0.65345
-0.62107
-0.71244
-0.64328
-0.64399
-0.76167
-0.71857
-0.74165
-0.70439
-0.73758
-0.75882
-0.85633
-0.70392
-0.74825
-0.74791
-0.8294
-0.72571
-0.75152
-0.75763
-0.75575
-0.76274
0
0
0
0
0
0
0
0
0
0
0
0
0
0
0
0
0
-3.3653
0
0
0
-3.5951
0
0
0
0
0
0
0
0
0
0
0
0
0
0
0
0
0
0
0
0
0
0
0
0
0
0
0
0
0
0
0
0
0
0
0
-0.77839
-0.80207
-0.79478
-0.81735
-0.81921
-0.81405
-0.8269
-0.75032
-0.75032
-0.75168
-0.74516
-0.73993
-0.74545
-0.73028
-0.76945
-0.76109
-0.76109
-0.73257
-0.74242
42.711
-0.87671
-0.72483
-0.72714
-0.72487
-0.69346
-0.79782
-0.71609
-0.72092
-0.82747
-0.78816
-0.80864
-0.77298
-0.81362
-0.86366
-0.91801
-0.77604
-0.82389
-0.82355
-0.89993
-0.80114
-0.82764
-0.82774
-0.82674
-0.83926
-0.89468
0
0
0
0
0
0
0
0
0
0
0
0
0
0
0
0
0
0
0
0
0
0
0
0
0
0
0
0
0
0
0
0
0
0
0
0
0
0
0
0
0
0
0
0
0
0
0
0
0
-7.9635
0
0
0
0
0
0
-0.7785
-0.80216
-0.7949
-0.81746
-0.81933
-0.81417
-0.82701
-0.75042
-0.75042
-0.75179
-0.74527
-0.74004
-0.74556
-0.7304
-0.76956
-0.76121
-0.76121
-0.73268
-0.74252
-0.87671
42.7161
-0.72493
-0.72725
-0.72497
-0.69357
-0.79798
-0.7162
-0.72104
-0.82758
-0.78828
-0.80876
-0.77308
-0.81373
-0.86379
-0.91817
-0.77615
-0.824
-0.82366
-0.90006
-0.80125
-0.82775
-0.82786
-0.82687
-0.83937
-0.89479
0
0
0
0
0
0
0
0
0
0
0
0
0
0
0
0
0
0
0
0
0
0
0
0
0
0
0
0
0
0
0
0
0
0
0
0
0
0
0
0
0
0
0
0
0
0
0
0
0
0
0
0
0
-7.9638
0
0
-0.67745
-0.69701
-0.67999
-0.7012
-0.70302
-0.698
-0.71087
-0.639
-0.63901
-0.64578
-0.64183
-0.63875
-0.63739
-0.63637
-0.67136
-0.65653
-0.65653
-0.6356
-0.65342
-0.72483
-0.72493
30.2584
-0.63238
-0.60167
-0.58381
-0.70055
-0.61107
-0.61499
-0.73961
-0.69221
-0.704
-0.67641
-0.70359
-0.78227
-0.84613
-0.67684
-0.71769
-0.71735
-0.81001
-0.69488
-0.71915
-0.72279
-0.73069
-0.73004
-0.78146
0
0
0
0
0
0
0
0
0
0
0
0
0
0
0
0
0
0
0
0
0
0
0
0
0
0
0
0
0
0
0
0
0
0
0
0
0
0
0
0
0
0
0
0
0
0
0
0
0
0
0
0
0
0
0
0
-0.67518
-0.70096
-0.68494
-0.70624
-0.70806
-0.70303
-0.71592
-0.64339
-0.64339
-0.65026
-0.64619
-0.64314
-0.6409
-0.64054
-0.66444
-0.65893
-0.65893
-0.63354
-0.65597
-0.72714
-0.72725
-0.63238
31.7611
-0.63242
-0.59462
-0.70259
-0.61844
-0.62078
-0.74182
-0.69562
-0.707
-0.67831
-0.70922
-0.78025
-0.85509
-0.67987
-0.7226
-0.72227
-0.80676
-0.69972
-0.72419
-0.70738
-0.73002
-0.73526
0
0
0
0
0
0
0
0
0
0
0
-2.1362
0
0
0
0
0
0
0
0
0
0
0
0
0
0
0
0
0
0
0
0
0
0
0
0
0
0
0
0
0
0
0
0
0
0
0
0
0
0
0
0
0
0
0
0
0
-0.67748
-0.69705
-0.68003
-0.70123
-0.70306
-0.69804
-0.7109
-0.63904
-0.63904
-0.64582
-0.64187
-0.63879
-0.63743
-0.63641
-0.67139
-0.65656
-0.65657
-0.63564
-0.65345
-0.72487
-0.72497
-0.60167
-0.63242
30.2602
-0.58385
-0.70059
-0.6111
-0.61504
-0.73965
-0.69225
-0.70405
-0.67645
-0.70363
-0.7823
-0.84617
-0.67689
-0.71773
-0.71739
-0.81006
-0.69492
-0.71919
-0.72284
-0.73074
-0.73008
-0.7815
0
0
0
0
0
0
0
0
0
0
0
0
0
0
0
0
0
0
0
0
0
0
0
0
0
0
0
0
0
0
0
0
0
0
0
0
0
0
0
0
0
0
0
0
0
0
0
0
0
0
0
0
0
0
0
0
-0.6479
-0.66688
-0.65008
-0.67098
-0.67277
-0.66783
-0.6805
-0.60969
-0.60969
-0.61591
-0.61171
-0.60808
-0.60772
-0.60461
-0.64065
-0.62483
-0.62483
-0.60114
-0.62107
-0.69346
-0.69357
-0.58381
-0.59462
-0.58385
28.1568
-0.66911
-0.58553
-0.58886
-0.70594
-0.65997
-0.66813
-0.64007
-0.6698
-0.74919
-0.80829
-0.64417
-0.68563
-0.6853
-0.77556
-0.66313
-0.68697
-0.68902
-0.69781
-0.69811
0
0
0
0
0
0
0
0
0
0
0
0
0
0
0
0
0
0
0
0
0
0
0
0
0
0
0
0
0
0
0
0
0
0
0
0
0
0
0
0
0
0
0
0
0
0
0
0
0
0
0
0
0
0
0
0
0
-0.76176
-0.77756
-0.77576
-0.7973
-0.79907
-0.79411
-0.80625
-0.72854
-0.72855
-0.71998
-0.71465
-0.71286
-0.70724
-0.70461
-0.74128
-0.73477
-0.73477
-0.70586
-0.71244
-0.79782
-0.79798
-0.70055
-0.70259
-0.70059
-0.66911
42.6176
-0.68971
-0.69064
-0.79347
-0.76113
-0.77599
-0.73949
-0.78189
-0.82581
-0.88387
-0.74496
-0.79642
-0.79608
-0.86381
-0.77339
0
0
0
0
0
0
0
0
0
0
0
0
0
0
0
0
0
0
0
-1.9344
0
0
0
0
0
0
0
0
0
0
0
0
0
-3.5476
0
0
0
0
0
0
0
0
0
0
0
0
0
0
0
0
0
-7.6929
0
0
0
0
0
0
0
0
0
-0.67069
-0.68963
-0.67287
-0.69404
-0.69584
-0.69085
-0.70365
-0.63181
-0.63181
-0.63821
-0.63416
-0.63057
-0.62872
-0.6258
-0.66308
-0.64797
-0.64797
-0.62401
-0.64328
-0.71609
-0.7162
-0.61107
-0.61844
-0.6111
-0.58553
-0.68971
26.9483
-0.61222
-0.72753
-0.68425
-0.6951
-0.67729
-0.67955
-0.7676
-0.83363
-0.6728
-0.70745
-0.70712
-0.77978
-0.68366
-0.70718
0
0
0
0
0
0
0
0
0
0
0
0
0
0
0
0
0
0
0
0
0
0
0
0
0
0
0
0
0
0
0
0
0
0
0
0
0
0
0
0
0
0
0
0
0
0
0
0
0
0
0
0
0
0
0
0
0
0
0
0
-0.67657
-0.69481
-0.67962
-0.70091
-0.70273
-0.69772
-0.71054
-0.63814
-0.63813
-0.64401
-0.6409
-0.63627
-0.60844
-0.62788
-0.66641
-0.6516
-0.6516
-0.62668
-0.64399
-0.72092
-0.72104
-0.61499
-0.62078
-0.61504
-0.58886
-0.69064
-0.61222
28.9442
-0.72803
-0.68769
-0.68356
-0.65489
-0.68964
-0.77139
-0.83365
-0.6683
-0.71045
-0.71012
0
-0.68607
0
0
0
0
0
0
0
0
0
0
0
0
0
0
0
0
0
0
0
0
0
0
0
0
0
0
0
-3.399
0
0
0
0
0
0
0
0
0
0
0
0
0
0
0
0
0
0
0
0
0
0
0
0
0
0
0
0
0
0
0
0
0
-0.79439
-0.81693
-0.80279
-0.82551
-0.82739
-0.82213
-0.83546
-0.75687
-0.75686
-0.76402
-0.75948
-0.75921
-0.74705
-0.7474
-0.79008
-0.77862
-0.77863
-0.74684
-0.76167
-0.82747
-0.82758
-0.73961
-0.74182
-0.73965
-0.70594
-0.79347
-0.72753
-0.72803
35.1709
-0.81544
-0.81351
-0.78224
-0.81527
-0.87926
0
-0.78856
-0.83407
-0.83372
0
0
0
0
0
0
0
0
0
0
0
0
0
0
0
0
0
0
0
0
0
0
0
0
0
0
0
0
0
0
0
0
0
0
0
0
0
0
0
0
0
0
0
0
-6.9064
0
0
0
0
0
0
0
0
0
0
0
0
0
0
0
0
0
0
-0.74674
-0.76801
-0.7519
-0.77399
-0.77588
-0.77069
-0.78386
-0.70812
-0.70812
-0.71494
-0.71111
-0.70655
-0.70284
-0.69775
-0.74076
-0.72683
-0.72684
-0.70203
-0.71857
-0.78816
-0.78828
-0.69221
-0.69562
-0.69225
-0.65997
-0.76113
-0.68425
-0.68769
-0.81544
25.9649
-0.83827
0
-0.70723
0
0
0
0
0
0
0
0
0
0
0
0
0
0
0
0
0
0
0
0
0
0
0
0
0
0
0
0
0
0
0
0
0
-3.2188
0
0
0
0
0
0
0
0
0
0
0
0
0
0
0
0
0
0
0
0
0
0
0
0
0
0
0
0
0
0
0
0
0
0
-0.76222
-0.77764
-0.76793
-0.79019
-0.79206
-0.78687
-0.8001
-0.72373
-0.72374
-0.73062
-0.727
-0.7218
-0.71545
-0.71156
-0.75712
-0.74101
-0.74102
-0.71487
-0.74165
-0.80864
-0.80876
-0.704
-0.707
-0.70405
-0.66813
-0.77599
-0.6951
-0.68356
-0.81351
-0.83827
26.1009
0
-0.75579
0
0
0
0
0
0
0
0
0
0
0
0
0
0
0
0
0
0
0
0
0
0
0
0
0
0
0
-2.9116
0
0
0
0
0
0
0
0
0
0
0
0
0
0
0
0
0
0
0
0
0
0
0
0
0
0
0
0
0
0
0
0
0
0
0
0
0
0
0
0
-0.72807
-0.73914
-0.73531
-0.75729
-0.75916
-0.75402
-0.76709
-0.69198
-0.69198
-0.69979
-0.69643
-0.69184
-0.68263
-0.69393
-0.72519
-0.71164
-0.71164
-0.68735
-0.70439
-0.77298
-0.77308
-0.67641
-0.67831
-0.67645
-0.64007
-0.73949
-0.67729
-0.65489
-0.78224
0
0
26.6565
0
0
0
0
0
0
0
0
0
0
0
0
0
0
0
0
0
0
0
0
0
0
0
0
0
-0.23427
0
0
-2.8894
0
0
-2.8328
0
0
0
0
0
0
0
0
0
0
0
0
0
0
0
0
0
0
0
0
0
0
0
0
0
0
0
0
0
0
0
0
0
0
0
0
0
-0.76844
-0.78764
-0.77077
-0.79301
-0.79491
-0.78969
-0.80298
-0.72683
-0.72683
-0.73307
-0.72893
-0.72329
-0.72135
-0.71556
-0.75825
-0.74221
-0.74221
-0.71607
-0.73758
-0.81362
-0.81373
-0.70359
-0.70922
-0.70363
-0.6698
-0.78189
-0.67955
-0.68964
-0.81527
-0.70723
-0.75579
0
23.1226
0
0
0
0
0
0
0
0
0
0
0
0
0
0
0
0
0
0
0
0
0
0
0
0
0
0
0
0
0
0
0
0
0
0
0
0
0
0
0
0
0
0
0
0
0
0
0
0
0
0
0
0
0
0
0
0
0
0
0
0
0
0
0
0
0
0
0
0
-0.82989
-0.85625
-0.84212
-0.86524
-0.86717
-0.86182
-0.87529
-0.79556
-0.79557
-0.80296
-0.7991
-0.79482
-0.78278
-0.77033
-0.83244
-0.81293
-0.81293
-0.77961
-0.75882
-0.86366
-0.86379
-0.78227
-0.78025
-0.7823
-0.74919
-0.82581
-0.7676
-0.77139
-0.87926
0
0
0
0
33.6967
0
0
0
0
0
0
0
0
0
0
0
0
0
0
0
0
0
0
0
0
0
0
0
0
0
0
0
0
0
0
0
-3.5517
0
0
0
0
0
0
0
0
0
0
0
0
0
0
0
0
0
0
0
0
-6.5439
0
0
0
0
0
0
0
0
0
0
0
0
0
0
-0.8915
-0.9149
-0.90713
-0.93159
-0.93353
-0.9281
-0.94139
-0.8612
-0.86119
-0.86718
-0.86593
-0.85394
-0.84212
-0.8415
-0.89606
-0.8901
-0.89011
-0.85808
-0.85633
-0.91801
-0.91817
-0.84613
-0.85509
-0.84617
-0.80829
-0.88387
-0.83363
-0.83365
0
0
0
0
0
0
39.2761
0
0
0
0
0
0
0
0
0
0
0
0
0
0
0
0
0
0
0
0
0
0
0
0
0
0
0
0
0
0
0
0
0
0
0
0
0
0
0
0
0
0
0
0
0
0
0
0
0
0
0
0
0
0
-7.3506
0
0
0
0
0
-7.3506
0
0
0
0
0
-0.73266
-0.75297
-0.73888
-0.76088
-0.76274
-0.75758
-0.77068
-0.6956
-0.6956
-0.70188
-0.69825
-0.69329
-0.6858
-0.68159
-0.72417
-0.71239
-0.7124
-0.68714
-0.70392
-0.77604
-0.77615
-0.67684
-0.67987
-0.67689
-0.64417
-0.74496
-0.6728
-0.6683
-0.78856
0
0
0
0
0
0
25.1643
0
0
0
0
0
0
0
0
0
0
0
0
0
0
0
0
0
0
0
0
0
0
0
0
0
0
0
0
0
0
0
0
0
0
0
0
0
0
0
-4.3913
0
0
0
0
0
0
0
0
0
0
0
0
0
0
0
0
0
0
0
0
0
0
0
0
0
-0.7758
-0.79592
-0.77852
-0.80085
-0.80274
-0.79752
-0.81085
-0.73469
-0.73469
-0.74144
-0.7376
-0.73345
-0.73046
-0.72663
-0.76875
-0.75424
-0.75424
-0.729
-0.74825
-0.82389
-0.824
-0.71769
-0.7226
-0.71773
-0.68563
-0.79642
-0.70745
-0.71045
-0.83407
0
0
0
0
0
0
0
21.9956
0
0
0
0
0
0
0
0
0
0
0
0
0
0
0
0
0
0
0
0
0
0
0
0
0
0
0
0
0
0
0
0
0
0
0
0
0
0
0
0
0
0
0
0
0
0
0
0
0
0
0
0
0
0
0
0
0
0
0
0
0
0
0
0
-0.77547
-0.79558
-0.77818
-0.80051
-0.80241
-0.79717
-0.8105
-0.73437
-0.73436
-0.7411
-0.73727
-0.73312
-0.73013
-0.72629
-0.76841
-0.7539
-0.7539
-0.72867
-0.74791
-0.82355
-0.82366
-0.71735
-0.72227
-0.71739
-0.6853
-0.79608
-0.70712
-0.71012
-0.83372
0
0
0
0
0
0
0
0
21.9858
0
0
0
0
0
0
0
0
0
0
0
0
0
0
0
0
0
0
0
0
0
0
0
0
0
0
0
0
0
0
0
0
0
0
0
0
0
0
0
0
0
0
0
0
0
0
0
0
0
0
0
0
0
0
0
0
0
0
0
0
0
0
0
-0.86048
-0.88329
-0.86915
-0.89234
-0.89429
-0.8889
-0.90253
-0.82243
-0.82243
-0.82991
-0.82594
-0.82228
-0.81506
-0.80953
-0.85866
-0.84296
-0.84296
-0.81368
-0.8294
-0.89993
-0.90006
-0.81001
-0.80676
-0.81006
-0.77556
-0.86381
-0.77978
0
0
0
0
0
0
0
0
0
0
0
29.1039
0
0
0
0
0
0
0
0
0
0
0
0
0
0
0
0
0
0
0
0
0
0
0
0
0
0
0
0
0
0
0
0
0
0
0
0
0
0
0
0
0
0
0
0
0
0
0
0
0
-6.3317
0
0
0
0
0
0
0
0
0
0
0
0
-0.75311
-0.7726
-0.75528
-0.7774
-0.77927
-0.77408
-0.7873
-0.71203
-0.71203
-0.71874
-0.71476
-0.7109
-0.70789
-0.70428
-0.74569
-0.73113
-0.73113
-0.70613
-0.72571
-0.80114
-0.80125
-0.69488
-0.69972
-0.69492
-0.66313
-0.77339
-0.68366
-0.68607
0
0
0
0
0
0
0
0
0
0
0
20.5176
0
0
0
0
0
0
0
0
0
0
0
0
0
0
0
0
0
0
0
0
0
0
0
0
0
0
0
0
0
0
0
0
0
0
0
0
0
0
0
0
0
0
0
0
0
0
0
0
0
0
0
0
0
0
0
0
0
0
0
0
0
-0.77808
-0.79817
-0.78084
-0.80317
-0.80507
-0.79984
-0.81313
-0.737
-0.737
-0.74341
-0.73931
-0.7356
-0.73303
-0.72922
-0.77093
-0.75626
-0.75627
-0.73101
-0.75152
-0.82764
-0.82775
-0.71915
-0.72419
-0.71919
-0.68697
0
-0.70718
0
0
0
0
0
0
0
0
0
0
0
0
0
19.7109
0
0
0
0
0
0
0
0
0
0
0
0
0
0
0
0
0
0
0
0
0
0
0
0
0
0
0
0
0
0
0
0
0
0
0
0
0
0
0
0
0
0
0
0
0
0
0
0
0
0
0
0
0
0
0
0
0
0
0
0
-0.76748
-0.80321
-0.78665
-0.80908
-0.81098
-0.80574
-0.81904
-0.74234
-0.74233
-0.74868
-0.74468
-0.74091
-0.73667
-0.73007
-0.77784
-0.76073
-0.76074
-0.73565
-0.75763
-0.82774
-0.82786
-0.72279
-0.70738
-0.72284
-0.68902
0
0
0
0
0
0
0
0
0
0
0
0
0
0
0
0
23.3587
0
0
0
0
0
0
0
0
0
0
0
0
0
0
0
0
0
0
0
0
0
0
0
0
0
0
0
0
-4.2806
0
0
0
0
0
0
0
0
0
0
0
0
0
0
0
0
0
0
0
0
0
0
0
0
0
0
0
0
0
0
-0.78263
-0.80664
-0.79315
-0.81562
-0.81752
-0.81226
-0.82557
-0.74817
-0.74818
-0.75471
-0.7508
-0.74735
-0.74309
-0.73393
-0.77398
-0.76734
-0.76733
-0.73972
-0.75575
-0.82674
-0.82687
-0.73069
-0.73002
-0.73074
-0.69781
0
0
0
0
0
0
0
0
0
0
0
0
0
0
0
0
0
24.4259
0
0
0
0
0
0
0
0
0
0
0
0
0
0
0
0
0
0
0
0
0
0
0
0
0
0
0
0
0
0
0
0
0
0
0
0
0
0
0
0
0
0
-5.1993
0
0
0
0
0
0
0
0
0
0
0
0
0
0
0
-0.78942
-0.80954
-0.79194
-0.81436
-0.81627
-0.81102
-0.82437
-0.74815
-0.74814
-0.75455
-0.75043
-0.74669
-0.74412
-0.7404
-0.78212
-0.76738
-0.76738
-0.7422
-0.76274
-0.83926
-0.83937
-0.73004
-0.73526
-0.73008
-0.69811
0
0
0
0
0
0
0
0
0
0
0
0
0
0
0
0
0
0
19.2834
0
0
0
0
0
0
0
0
0
0
0
0
0
0
0
0
0
0
0
0
0
0
0
0
0
0
0
0
0
0
0
0
0
0
0
0
0
0
0
0
0
0
0
0
0
0
0
0
0
0
0
0
0
0
0
0
0
-0.84368
-0.86384
-0.84595
-0.86881
-0.87075
-0.8654
-0.87899
-0.80071
-0.80071
-0.80693
-0.80285
-0.79887
-0.79643
-0.79281
-0.83589
-0.8202
-0.8202
-0.79471
0
-0.89468
-0.89479
-0.78146
0
-0.7815
0
0
0
0
0
0
0
0
0
0
0
0
0
0
0
0
0
0
0
0
18.2601
0
0
0
0
0
0
0
0
0
0
0
0
0
0
0
0
0
0
0
0
0
0
0
0
0
0
0
0
0
0
0
0
0
0
0
0
0
0
0
0
0
0
0
0
0
0
0
0
0
0
0
0
0
0
0
0
-0.92324
-0.94651
-0.92936
-0.95285
-0.95482
-0.94936
-0.96321
-0.88205
-0.88205
-0.88804
-0.88372
-0.87934
-0.87815
-0.87107
-0.91595
-0.90059
-0.90058
0
0
0
0
0
0
0
0
0
0
0
0
0
0
0
0
0
0
0
0
0
0
0
0
0
0
0
0
18.5957
0
0
0
0
0
0
0
0
0
0
0
0
0
0
0
0
0
0
0
0
-3.0948
0
0
0
0
0
0
0
0
0
0
0
0
0
0
0
0
0
0
0
0
0
0
0
0
0
0
0
0
0
0
0
0
0
0
-1.0463
-1.068
-1.0489
-1.073
-1.075
-1.0694
-1.0836
-0.99972
-0.99972
-1.0067
-1.0022
-0.99795
-0.99577
-0.99204
-1.0379
-1.02
-1.02
0
0
0
0
0
0
0
0
0
0
0
0
0
0
0
0
0
0
0
0
0
0
0
0
0
0
0
0
0
17.5363
0
0
0
0
0
0
0
0
0
0
0
0
0
0
0
0
0
0
0
0
0
0
0
0
0
0
0
0
0
0
0
0
0
0
0
0
0
0
0
0
0
0
0
0
0
0
0
0
0
0
0
0
0
0
-1.263
-1.292
-1.2791
-1.3047
-1.3068
-1.301
-1.3154
-1.2242
-1.2242
-1.2347
-1.23
-1.2241
0
0
0
0
0
0
0
0
0
0
0
0
0
0
0
0
0
0
0
0
0
0
0
0
0
0
0
0
0
0
0
0
0
0
0
31.2729
0
0
0
0
0
0
0
0
0
0
0
0
0
0
0
0
0
0
0
0
0
-3.8027
0
0
0
0
0
0
0
0
0
0
0
0
0
0
-6.1354
0
0
0
0
0
0
0
0
0
0
0
-6.1354
0
0
0
0
-1.0542
-1.0785
-1.0584
-1.0826
-1.0846
-1.079
-1.0932
-1.0088
-1.0088
-1.0169
-1.014
-1.0038
0
0
0
0
0
0
0
0
0
0
0
0
0
0
0
0
0
0
0
0
0
0
0
0
0
0
0
0
0
0
0
0
0
0
0
0
15.6372
0
0
0
0
0
0
0
0
0
0
0
0
0
0
0
0
0
0
0
0
-3.0544
0
0
0
0
0
0
0
0
0
0
0
0
0
0
0
0
0
0
0
0
0
0
0
0
0
0
0
0
0
0
0
-1.2298
-1.2528
-1.2378
-1.2629
-1.2649
-1.2591
-1.2738
-1.1852
-1.1852
-1.1936
-1.1892
-1.1831
0
0
0
0
0
0
0
0
0
0
0
0
0
0
0
0
0
0
0
0
0
0
0
0
0
0
0
0
0
0
0
0
0
0
0
0
0
20.3433
0
0
0
0
0
0
0
0
0
0
0
0
0
0
0
0
0
0
0
0
0
0
0
0
0
0
0
0
0
0
0
0
0
-5.6258
0
0
0
0
0
0
0
0
0
0
0
0
0
0
0
0
0
-1.1563
-1.1805
-1.1612
-1.186
-1.1881
-1.1823
-1.1968
-1.1087
-1.1087
-1.1285
-1.1252
0
0
0
0
0
0
0
0
0
0
0
0
0
0
0
0
0
0
0
0
0
0
0
0
0
0
0
0
0
0
0
0
0
0
0
0
0
0
0
20.553
0
0
0
0
0
0
0
0
0
0
0
0
0
-3.6961
0
0
0
0
0
0
0
0
0
-4.1345
0
0
0
0
0
0
0
0
0
0
0
0
0
0
0
0
0
0
0
0
0
0
0
0
0
0
-1.1623
-1.1935
-1.1764
-1.2012
-1.2033
-1.1975
-1.2121
-1.1258
-1.1258
0
0
0
0
0
0
0
0
0
0
0
0
0
0
0
0
0
0
0
0
0
0
0
0
0
0
0
0
0
0
0
0
0
0
0
0
0
0
0
0
0
0
17.9474
0
0
0
0
0
0
0
0
0
-2.8449
0
0
0
0
0
0
0
0
0
0
0
0
0
0
0
0
0
0
0
0
0
0
0
0
0
-4.5046
0
0
0
0
0
0
0
0
0
0
0
0
0
-1.3601
-1.3811
-1.3624
-1.3877
-1.3899
-1.384
-1.3988
-1.3077
-1.3077
0
0
0
0
0
0
0
0
0
0
0
0
0
0
0
0
0
0
0
0
0
0
0
0
0
0
0
0
0
0
0
0
0
0
0
0
0
0
0
0
0
0
0
15.4588
0
0
0
0
0
0
0
0
0
0
0
-3.1795
0
0
0
0
0
0
0
0
0
0
0
0
0
0
0
0
0
0
0
0
0
0
0
0
0
0
0
0
0
0
0
0
0
0
0
0
-1.4238
-1.4449
-1.4254
-1.4508
-1.4529
-1.447
-1.4619
-1.3699
-1.3699
-1.3802
0
0
0
0
0
0
0
0
0
0
0
0
0
0
0
0
0
0
0
0
0
0
0
0
0
0
0
0
0
0
0
0
0
0
0
0
0
0
0
0
0
0
0
14.2268
0
0
0
0
0
0
0
0
0
0
0
0
0
0
0
0
0
0
0
0
0
0
0
0
0
0
0
0
0
0
0
0
0
0
0
0
0
0
0
0
0
0
0
0
0
0
0
-1.2908
-1.4494
-1.4317
-1.457
-1.4591
-1.4532
-1.4682
0
0
0
0
0
0
0
0
0
0
0
0
0
0
0
0
0
0
0
0
0
0
0
0
0
0
0
0
0
0
0
0
0
0
0
0
0
0
0
0
0
0
0
0
0
0
0
12.6003
0
0
0
0
0
0
0
0
0
0
0
0
0
-2.5908
0
0
0
0
0
0
0
0
0
0
0
0
0
0
0
0
0
0
0
0
0
0
0
0
0
0
0
0
0
0
0
0
-2.2384
0
0
0
0
0
0
0
0
0
0
0
0
0
0
0
0
0
0
0
0
0
-2.1362
0
0
0
0
0
0
0
0
0
0
0
0
0
0
0
0
0
0
0
0
0
0
0
0
0
0
0
0
0
0
0
0
13.7085
0
0
-2.3907
0
0
0
0
0
0
0
0
0
0
0
-3.5441
0
-3.3992
0
0
0
0
0
0
0
0
0
0
0
0
0
0
0
0
0
0
0
0
0
0
0
0
0
0
0
0
0
-2.4384
0
0
0
0
0
0
0
0
0
0
0
0
0
0
0
0
0
0
0
0
0
0
0
0
0
0
0
0
0
0
0
0
0
0
0
0
0
0
0
0
0
0
0
0
0
0
0
0
0
0
0
0
0
0
10.9015
0
-2.3148
0
-2.9015
0
0
-3.2468
0
0
0
0
0
0
0
0
0
0
0
0
0
0
0
0
0
0
0
0
0
0
0
0
0
0
0
0
0
0
0
0
0
0
0
0
0
0
0
0
0
0
0
0
0
0
0
0
0
0
0
0
0
0
0
0
0
0
0
0
0
0
0
0
0
0
0
0
-0.23427
0
0
0
0
0
0
0
0
0
0
0
0
0
0
0
0
0
0
0
0
0
0
0
0
0
9.3066
0
0
0
0
0
-2.6145
0
0
0
0
0
0
0
0
0
0
0
0
-3.5808
0
0
0
0
0
0
0
0
0
0
0
0
0
0
0
0
0
0
0
0
-2.8771
0
0
0
0
0
0
0
0
0
0
0
0
0
0
0
0
0
0
0
0
0
0
0
0
0
0
0
0
0
0
0
0
0
0
0
0
0
0
0
0
0
0
0
0
0
0
0
0
0
0
0
0
0
0
0
0
0
0
-2.3907
-2.3148
0
12.0248
0
0
0
-3.2869
0
0
0
0
0
0
0
0
0
0
0
0
0
0
0
0
0
0
0
0
0
0
0
0
0
0
0
-4.0325
0
0
0
0
0
0
0
0
0
0
0
0
0
0
0
0
0
0
0
0
0
0
0
0
0
0
0
0
0
0
0
0
0
0
0
-1.9344
0
0
0
0
0
0
0
0
0
0
0
0
0
0
0
0
0
0
0
0
0
0
0
0
0
0
0
0
0
0
0
0
0
12.3307
0
0
0
0
0
0
0
0
-3.1392
0
0
0
0
-3.3243
0
0
0
0
0
0
0
0
0
0
0
0
0
0
0
0
0
0
-3.9328
0
0
0
0
0
0
0
0
0
0
0
0
0
0
0
0
0
0
0
0
0
0
0
0
0
0
0
0
0
0
0
0
0
0
0
0
0
0
-2.9116
-2.8894
0
0
0
0
0
0
0
0
0
0
0
0
0
0
0
0
0
0
0
0
0
0
0
0
-2.9015
0
0
0
12.5498
0
0
0
0
0
0
0
0
0
0
-3.8473
0
0
0
0
0
0
0
0
0
0
0
0
0
0
0
0
0
0
0
0
0
0
0
0
0
0
0
0
0
0
0
0
0
0
0
0
0
0
0
0
0
0
0
0
0
0
0
-3.3653
0
0
0
0
0
0
0
0
0
0
0
0
0
0
0
0
0
0
0
0
0
0
0
0
0
0
0
0
0
0
0
0
-2.8449
0
0
0
0
0
0
0
0
0
13.923
0
0
0
0
0
0
0
0
0
0
0
0
0
0
0
-3.8018
0
0
0
-3.911
0
0
0
0
0
0
0
0
0
0
0
0
0
0
0
0
0
0
0
0
0
0
0
0
0
0
0
0
0
0
0
0
0
0
0
0
-1.408
0
0
0
0
0
0
0
0
0
0
0
0
0
0
0
0
0
0
0
0
0
0
0
0
0
0
0
0
0
0
0
0
0
0
0
0
0
0
0
0
-3.2869
0
0
0
12.1766
0
0
-2.849
0
0
0
0
0
0
0
0
0
0
0
0
0
0
0
0
0
0
0
0
0
0
0
0
0
0
0
-4.6328
0
0
0
0
0
0
0
0
0
0
0
0
0
0
0
0
0
0
0
0
0
0
0
0
0
0
0
0
0
0
0
0
0
0
0
0
0
0
-2.8328
0
0
0
0
0
0
0
0
0
0
0
0
0
0
0
0
0
0
0
0
0
0
0
0
-3.2468
-2.6145
0
0
0
0
0
8.694
0
0
0
0
0
0
0
0
0
0
0
0
0
0
0
0
0
0
0
0
0
0
0
0
0
0
0
0
0
0
0
0
0
0
0
0
0
0
0
0
0
0
0
0
0
0
0
0
0
0
0
0
0
0
0
0
0
0
0
0
0
0
0
0
0
0
0
0
0
0
0
0
0
0
0
0
0
0
0
0
0
0
0
0
0
0
0
-3.6961
0
-3.1795
0
0
0
0
0
0
0
0
0
0
0
11.5764
0
0
0
0
0
0
0
0
0
0
0
0
0
-4.7008
0
0
0
0
0
0
0
0
0
0
0
0
0
0
0
0
0
0
0
0
0
0
0
0
0
0
0
0
0
0
0
0
0
0
0
0
0
0
0
0
-3.5951
0
0
0
0
0
0
0
0
0
0
0
0
0
0
-3.5517
0
0
0
0
0
0
0
0
0
0
0
0
0
0
0
0
0
0
0
0
0
0
0
0
0
0
0
0
-2.849
0
0
9.9957
0
0
0
0
0
0
0
0
0
0
0
0
0
0
0
0
0
0
0
0
0
0
0
0
0
0
0
0
0
0
0
0
0
0
0
0
0
0
0
0
0
0
0
0
0
0
0
0
0
0
0
0
0
0
0
0
0
0
0
0
0
0
0
0
-3.2188
0
0
0
0
0
0
0
0
0
0
0
0
0
0
0
-3.0948
0
0
0
0
0
0
0
0
0
0
0
0
0
0
0
0
0
0
0
0
7.0382
0
0
0
0
0
0
0
0
0
0
0
0
0
0
0
0
0
0
0
0
0
0
0
0
0
0
0
0
0
0
0
0
-0.72456
0
0
0
0
0
0
0
0
0
0
0
0
0
-3.4861
0
0
0
0
0
0
0
0
0
0
0
0
0
0
-3.399
0
0
0
0
0
0
0
0
0
0
0
0
0
0
0
0
0
0
0
0
0
0
0
0
0
0
0
0
0
0
0
0
0
0
0
0
0
0
0
10.9638
0
0
0
0
0
0
0
0
0
0
0
0
0
0
0
0
0
0
0
0
0
0
0
0
0
0
0
0
0
0
0
0
-4.0787
-3.791
0
0
0
0
0
0
0
0
0
0
0
0
0
0
0
0
0
0
0
0
0
0
0
0
0
0
0
0
0
0
0
0
0
0
0
0
0
0
0
0
0
0
0
0
0
0
0
0
0
0
0
0
0
-2.5908
0
0
0
0
-3.1392
0
0
0
0
0
0
0
0
9.521
0
0
0
0
0
0
0
0
0
0
0
0
0
0
0
0
0
0
0
0
0
0
0
0
0
0
0
0
0
0
0
0
0
0
0
0
0
0
0
0
0
0
0
0
0
0
0
0
0
0
0
0
0
0
0
0
0
0
0
0
0
0
0
0
0
0
0
0
0
0
0
0
0
0
0
0
0
0
0
-3.8027
-3.0544
0
0
0
0
0
0
0
0
0
0
0
0
0
0
0
0
0
0
0
0
10.4914
0
0
0
0
0
0
0
0
0
0
-3.6343
0
0
0
0
0
0
0
0
0
0
0
0
0
0
0
0
0
0
0
0
0
0
0
0
0
0
0
0
0
0
0
0
0
0
0
0
0
0
0
0
0
0
0
0
0
0
0
0
0
0
0
0
0
0
0
0
0
0
0
0
0
-4.2806
0
0
0
0
0
0
0
0
0
0
0
0
0
-3.5441
0
0
0
0
0
0
0
0
0
0
0
0
0
0
7.8246
0
0
0
0
0
0
0
0
0
0
0
0
0
0
0
0
0
0
0
0
0
0
0
0
0
0
0
0
0
0
0
0
0
0
0
0
0
0
0
0
0
0
0
0
0
0
0
0
0
0
0
0
0
0
0
0
0
0
0
0
0
0
0
0
0
0
0
0
0
0
0
0
0
0
0
0
0
0
0
0
0
0
0
0
0
0
0
0
0
0
-3.8473
0
0
0
0
0
0
0
0
0
0
8.5949
0
0
0
0
0
-4.7476
0
0
0
0
0
0
0
0
0
0
0
0
0
0
0
0
0
0
0
0
0
0
0
0
0
0
0
0
0
0
0
0
0
0
0
0
0
-4.6771
0
0
0
0
0
0
0
0
0
0
0
0
0
0
0
0
0
0
0
0
0
0
0
0
0
0
0
0
0
0
0
0
0
0
0
0
0
0
0
0
-3.3992
0
0
0
0
0
0
0
0
0
0
0
0
0
0
0
0
8.0763
0
0
0
0
0
0
0
0
0
0
0
0
0
0
0
0
0
0
0
0
0
0
0
0
0
0
0
0
0
0
0
0
0
0
0
0
0
0
0
0
0
0
0
0
0
0
0
0
0
0
0
0
0
-3.5476
0
0
0
0
0
0
0
0
0
0
0
0
0
0
0
0
0
0
0
0
0
0
0
0
0
0
0
0
0
0
0
0
0
-3.3243
0
0
0
0
0
0
0
0
0
0
0
0
0
6.8719
0
0
0
0
0
0
0
0
0
0
0
0
0
0
0
0
0
0
0
0
0
0
0
0
0
0
0
0
0
0
0
0
0
0
0
0
0
0
0
0
0
0
0
0
0
0
0
0
0
0
0
0
0
0
0
0
0
0
0
0
0
0
0
0
0
0
0
0
0
0
0
0
0
0
0
0
0
-4.1345
0
0
0
0
0
0
0
0
0
0
0
0
0
0
0
0
0
0
0
0
0
0
0
8.4302
0
0
0
0
0
-4.2957
0
0
0
0
0
0
0
0
0
0
0
0
0
0
0
0
0
0
0
0
0
0
0
0
0
0
0
0
0
0
0
0
0
0
0
0
0
0
0
0
0
0
0
0
0
0
0
0
0
0
0
0
0
0
0
-4.3913
0
0
0
0
0
0
0
0
0
0
0
0
0
0
0
0
0
0
0
0
0
0
0
0
0
0
0
0
0
0
0
0
0
0
0
0
0
0
0
8.3505
0
0
0
0
0
-3.9593
0
0
0
0
0
0
0
0
0
0
0
0
0
0
0
0
0
0
0
0
0
0
0
0
0
0
0
0
0
0
0
0
-2.4487
0
0
0
0
0
0
0
0
0
0
0
0
0
0
0
0
0
0
0
0
0
0
0
0
0
0
0
0
0
0
0
0
0
0
0
0
0
0
0
0
0
0
0
-3.5808
0
0
0
0
0
0
0
0
0
0
0
0
0
0
0
0
0
0
6.0295
0
0
0
0
0
0
0
0
0
0
0
0
0
0
0
0
0
0
0
0
0
0
0
0
0
0
0
0
0
0
0
0
0
0
0
0
0
0
0
0
0
0
0
0
0
0
0
0
0
0
0
0
0
0
0
0
0
0
0
0
0
0
0
0
0
0
0
0
0
0
0
0
0
0
0
0
0
0
0
0
0
0
0
0
0
-3.8018
0
0
0
0
0
0
0
0
0
-4.7476
0
0
0
0
0
8.5493
0
0
0
0
0
0
0
0
0
0
0
0
0
0
0
0
0
0
0
0
0
0
0
0
0
0
0
0
0
0
0
0
0
0
0
0
0
0
0
0
0
0
0
0
0
0
0
0
0
0
0
0
0
0
0
0
0
0
0
0
0
0
0
0
0
0
0
0
0
0
0
0
0
0
0
0
0
0
0
0
0
0
0
0
0
0
0
-4.7008
0
0
0
0
0
0
0
0
0
0
0
0
0
9.4578
-4.757
0
0
0
0
0
0
0
0
0
0
0
0
0
0
0
0
0
0
0
0
0
0
0
0
0
0
0
0
0
0
0
0
0
-5.0152
0
0
0
0
0
0
0
0
0
0
0
0
0
0
0
0
0
0
0
0
0
0
0
0
0
0
0
0
0
0
0
0
0
0
0
0
0
0
0
0
0
0
0
0
0
0
0
0
0
0
0
0
0
0
0
0
0
0
0
0
0
0
0
0
0
-4.757
9.7722
0
0
0
0
0
0
0
0
0
0
0
0
0
0
0
0
0
0
0
0
0
0
0
0
0
0
0
0
0
0
0
0
0
0
0
0
0
0
0
0
0
0
0
0
0
0
0
0
0
0
0
0
0
0
0
0
0
0
0
0
0
0
0
0
0
0
0
0
0
0
0
0
0
0
0
0
0
0
0
0
0
0
0
0
0
0
0
0
0
0
-3.6343
0
0
0
0
-4.2957
0
0
0
0
0
7.93
0
0
0
0
0
0
0
0
0
0
0
0
0
0
0
0
0
0
0
0
0
0
0
0
0
0
0
0
0
0
0
0
0
0
0
0
0
0
0
0
0
0
0
0
0
0
0
0
0
0
0
0
0
0
0
0
0
0
0
0
0
0
0
0
0
0
0
0
0
0
0
0
0
0
0
0
0
0
0
0
0
-3.911
0
0
0
0
0
0
0
0
0
0
0
0
0
-3.9593
0
0
0
0
0
7.8703
0
0
0
0
0
0
0
0
0
0
0
0
0
0
0
0
0
0
0
0
0
0
0
0
0
0
0
0
0
0
0
0
0
0
0
0
0
0
0
0
0
0
0
0
0
0
0
-6.9064
0
0
0
0
0
0
0
0
0
0
0
0
0
0
0
0
0
0
0
0
0
0
0
0
0
0
0
0
0
0
0
0
0
0
0
0
0
0
0
0
0
0
0
0
0
0
0
0
0
0
0
0
0
6.9064
0
0
0
0
0
0
0
0
0
0
0
0
0
0
0
0
0
0
0
0
0
0
0
0
0
0
0
0
0
0
0
0
0
0
0
0
0
0
0
0
0
0
0
0
0
0
0
0
0
0
0
0
0
0
0
0
0
0
0
0
0
0
0
0
0
0
0
-5.6258
0
0
0
0
0
0
0
0
0
0
0
0
0
0
0
0
0
0
0
0
0
0
0
0
0
0
0
0
0
0
0
0
0
5.6258
0
0
0
0
0
0
0
0
0
0
0
0
0
0
0
0
0
0
0
0
0
0
0
0
0
0
0
0
0
0
0
0
0
0
0
0
0
0
0
0
0
0
0
0
0
0
0
0
0
0
0
0
0
0
0
0
0
0
0
0
0
0
0
0
-6.1354
0
0
0
0
0
0
0
0
0
0
0
0
0
0
0
0
0
0
0
0
0
0
0
0
0
0
0
0
0
0
0
0
0
0
0
0
6.1354
0
0
0
0
0
0
0
0
0
0
0
0
0
0
0
0
0
0
0
0
0
0
0
0
0
0
0
0
0
0
0
0
0
0
0
0
0
0
0
0
0
0
0
0
0
0
0
0
0
0
0
0
0
0
0
0
0
0
-5.1993
0
0
0
0
0
0
0
0
0
0
0
0
0
0
0
0
0
0
0
0
0
0
0
0
0
0
0
0
0
0
0
0
0
0
0
0
0
0
0
0
0
0
5.1993
0
0
0
0
0
0
0
0
0
0
0
0
0
0
0
0
0
0
0
0
0
0
0
0
0
0
0
0
0
0
0
0
0
0
0
0
0
0
0
0
0
0
0
0
0
0
0
0
-6.5439
0
0
0
0
0
0
0
0
0
0
0
0
0
0
0
0
0
0
0
0
0
0
0
0
0
0
0
0
0
0
0
0
0
0
0
0
0
0
0
0
0
0
0
0
0
0
0
0
0
0
0
0
6.5439
0
0
0
0
0
0
0
0
0
0
0
0
0
0
0
0
0
0
0
0
0
0
0
0
0
0
0
0
0
0
0
0
0
0
0
0
0
0
0
0
0
0
0
0
0
0
0
0
0
0
0
0
0
0
0
0
0
0
0
0
0
0
0
0
0
-4.5046
0
0
0
0
0
0
0
0
0
0
0
0
0
0
0
0
0
0
0
0
0
0
0
0
0
0
0
0
0
0
0
0
0
0
0
4.5046
0
0
0
0
0
0
0
0
0
0
0
0
0
0
0
0
0
0
0
0
0
0
0
0
0
0
0
0
0
0
0
0
0
0
0
0
0
0
0
0
0
0
0
0
0
0
0
0
0
0
0
-6.3317
0
0
0
0
0
0
0
0
0
0
0
0
0
0
0
0
0
0
0
0
0
0
0
0
0
0
0
0
0
0
0
0
0
0
0
0
0
0
0
0
0
0
0
0
0
0
0
0
0
6.3317
0
0
0
0
0
0
0
0
0
0
0
0
0
0
0
0
0
0
0
0
0
0
0
0
0
0
0
0
0
0
0
0
0
0
0
0
0
0
0
0
0
0
0
0
0
0
-7.3506
0
0
0
0
0
0
0
0
0
0
0
0
0
0
0
0
0
0
0
0
0
0
0
0
0
0
0
0
0
0
0
0
0
0
0
0
0
0
0
0
0
0
0
0
0
0
0
0
0
0
0
0
0
0
7.3506
0
0
0
0
0
0
0
0
0
0
0
0
0
0
0
0
0
0
0
0
0
0
0
0
0
0
0
0
0
0
0
0
0
0
0
0
0
0
0
0
0
0
0
0
0
0
0
0
0
0
0
0
0
0
0
0
0
0
0
0
0
0
0
0
0
0
0
0
0
-4.0325
0
0
0
0
0
0
0
0
0
0
0
0
0
0
0
0
0
0
0
0
0
0
0
0
0
0
0
0
0
0
0
4.0325
0
0
0
0
0
0
0
0
0
0
0
0
0
0
0
0
0
0
0
0
0
0
0
0
0
0
0
0
0
0
0
0
0
0
0
-7.6929
0
0
0
0
0
0
0
0
0
0
0
0
0
0
0
0
0
0
0
0
0
0
0
0
0
0
0
0
0
0
0
0
0
0
0
0
0
0
0
0
0
0
0
0
0
0
0
0
0
0
0
0
0
0
0
0
0
0
0
0
0
0
0
0
0
7.6929
0
0
0
0
0
0
0
0
0
0
0
0
0
0
0
0
0
0
0
0
0
0
0
0
0
0
0
0
0
0
0
0
0
0
0
0
0
0
0
0
0
0
0
0
0
0
0
0
0
0
0
0
0
0
0
0
0
0
0
0
0
0
0
0
0
0
0
0
-3.9328
0
0
0
0
0
0
0
0
0
0
0
0
0
0
0
0
0
0
0
0
0
0
0
0
0
0
0
0
0
0
0
0
3.9328
0
0
0
0
0
0
0
0
0
0
0
0
0
0
0
0
0
0
0
0
0
0
0
0
0
0
0
0
0
0
0
0
0
0
0
0
0
0
0
0
0
0
0
0
0
0
0
0
0
0
0
0
0
0
0
0
0
0
0
0
0
0
0
0
0
0
0
0
0
0
-4.6328
0
0
0
0
0
0
0
0
0
0
0
0
0
0
0
0
0
0
0
0
0
0
0
0
0
0
0
0
0
0
4.6328
0
0
0
0
0
0
0
0
0
0
0
0
0
0
0
0
0
0
0
0
0
0
0
0
0
0
-7.9635
0
0
0
0
0
0
0
0
0
0
0
0
0
0
0
0
0
0
0
0
0
0
0
0
0
0
0
0
0
0
0
0
0
0
0
0
0
0
0
0
0
0
0
0
0
0
0
0
0
0
0
0
0
0
0
0
0
0
0
0
0
0
0
0
0
0
0
0
0
0
0
0
0
0
7.9635
0
0
0
0
0
0
0
0
0
0
0
0
0
0
0
0
0
0
0
0
0
0
0
0
0
0
0
0
0
0
0
0
0
0
0
0
0
0
0
0
-7.3506
0
0
0
0
0
0
0
0
0
0
0
0
0
0
0
0
0
0
0
0
0
0
0
0
0
0
0
0
0
0
0
0
0
0
0
0
0
0
0
0
0
0
0
0
0
0
0
0
0
0
0
0
0
0
0
0
0
0
0
0
7.3506
0
0
0
0
0
0
0
0
0
0
0
0
0
0
0
0
0
0
0
0
0
0
0
0
0
0
0
0
0
0
0
0
0
0
0
0
0
0
0
0
0
0
0
0
0
0
0
0
0
0
0
0
-6.1354
0
0
0
0
0
0
0
0
0
0
0
0
0
0
0
0
0
0
0
0
0
0
0
0
0
0
0
0
0
0
0
0
0
0
0
0
0
0
0
0
0
0
0
0
0
0
0
0
6.1354
0
0
0
0
0
0
0
0
0
0
0
0
0
0
0
0
0
0
0
0
0
0
0
0
0
0
0
0
0
0
0
0
0
0
0
0
0
0
0
0
0
0
0
0
0
0
0
0
0
0
0
0
0
0
0
0
0
0
0
0
0
-2.8771
0
0
0
0
0
0
0
0
0
0
0
0
0
0
0
0
0
0
0
0
0
0
0
0
0
0
0
0
0
0
0
0
0
0
0
0
0
0
0
2.8771
0
0
0
0
0
0
0
0
0
0
0
0
0
0
0
0
0
0
0
0
0
0
0
-7.9638
0
0
0
0
0
0
0
0
0
0
0
0
0
0
0
0
0
0
0
0
0
0
0
0
0
0
0
0
0
0
0
0
0
0
0
0
0
0
0
0
0
0
0
0
0
0
0
0
0
0
0
0
0
0
0
0
0
0
0
0
0
0
0
0
0
0
0
0
0
0
0
0
0
0
0
0
0
7.9638
0
0
0
0
0
0
0
0
0
0
0
0
0
0
0
0
0
0
0
0
0
0
0
0
0
0
0
0
0
0
0
0
0
0
0
0
0
0
0
0
0
0
0
0
0
0
0
0
0
0
0
0
0
0
0
0
0
0
0
0
0
0
0
0
0
0
0
0
-0.72456
0
0
0
0
0
0
0
0
0
0
0
0
0
0
0
0
0
0
0
0
0
0
0
0
0
0
0
0
0
0
0
0
0.72456
0
0
0
0
0
0
0
0
0
0
0
0
0
0
0
0
0
0
0
0
0
0
0
0
0
0
0
0
0
0
0
0
0
0
0
0
0
0
0
0
0
0
0
0
0
0
0
0
0
0
0
0
0
0
0
0
0
0
0
0
0
0
0
0
0
0
0
0
-4.0787
0
0
0
0
0
0
0
0
0
0
0
0
0
0
0
0
0
0
0
0
0
0
0
0
0
0
0
0
0
0
0
0
4.0787
