52.8863
-0.92624
-0.92088
-0.92088
-0.92088
-0.92087
-0.92088
-0.91203
-0.91202
-0.92255
-0.921
-0.91602
-0.92047
-0.91907
-0.91837
-0.9183
-0.91831
-0.91439
-0.919
-0.93337
-0.93337
-0.91097
-0.91342
-0.91098
-0.90891
-0.93194
-0.91558
-0.9128
-0.92635
-0.9268
-0.92942
-0.92201
-0.92199
-0.9361
-0.92837
-0.92169
-0.9152
-0.91521
-0.93264
-0.91204
-0.91391
-0.91577
-0.93072
-0.90993
-0.91279
-0.93557
-0.93561
-0.99998
-0.95625
-0.9608
-0.96847
-0.95423
-1.0066
-0.97553
-1.0244
-1.4628
0
0
0
0
0
0
0
0
0
0
0
0
-1.2216
0
0
0
0
0
0
0
0
0
0
0
0
0
0
0
0
0
0
0
0
0
0
0
0
0
0
0
0
0
0
0
0
-0.92624
51.6035
-0.92324
-0.92325
-0.92325
-0.92326
-0.92325
-0.91425
-0.91425
-0.92504
-0.9235
-0.9185
-0.92311
-0.92159
-0.92165
-0.92084
-0.92084
-0.91699
-0.92162
-0.93622
-0.93622
-0.91349
-0.91673
-0.91349
-0.91141
-0.9355
-0.91809
-0.91534
-0.92905
-0.92932
-0.93179
-0.92496
-0.92449
-0.93902
-0.9315
-0.92453
-0.9177
-0.91769
-0.93539
-0.91451
-0.91634
-0.91966
-0.9335
-0.91233
-0.91517
-0.93795
-0.93793
-1.003
-0.95848
-0.96341
-0.97077
-0.95557
-1.0086
-0.97748
-1.0267
0
-1.2653
0
0
0
0
0
0
0
0
0
0
0
0
0
0
0
0
0
0
0
0
0
0
0
0
0
0
0
0
0
0
0
0
0
0
0
0
0
0
0
0
0
0
0
0
-0.92088
-0.92324
50.0375
-0.91586
-0.91586
-0.91585
-0.91586
-0.90826
-0.90826
-0.91947
-0.91795
-0.91296
-0.9177
-0.91627
-0.91612
-0.91532
-0.91532
-0.91156
-0.91621
-0.93079
-0.93079
-0.90801
-0.91136
-0.90801
-0.90595
-0.93028
-0.9126
-0.90996
-0.92362
-0.92386
-0.92651
-0.91925
-0.91897
-0.93348
-0.92621
-0.91867
-0.91221
-0.9122
-0.92999
-0.90904
-0.91083
-0.91413
-0.92806
-0.90686
-0.90964
-0.93241
-0.93227
-0.99756
-0.9526
-0.95794
-0.96472
-0.95096
-1.0025
-0.97151
-1.0208
0
0
0
0
0
0
0
0
0
0
0
0
0
0
0
0
0
0
0
0
0
0
0
0
0
0
0
0
0
0
0
0
0
0
0
0
0
0
0
0
0
0
0
0
0
0
-0.92088
-0.92325
-0.91586
50.0378
-0.91587
-0.91587
-0.91586
-0.90827
-0.90827
-0.91948
-0.91796
-0.91297
-0.91771
-0.91627
-0.91612
-0.91533
-0.91532
-0.91158
-0.91621
-0.93079
-0.93079
-0.90802
-0.91137
-0.90802
-0.90595
-0.93029
-0.9126
-0.90996
-0.92363
-0.92386
-0.92652
-0.91925
-0.91897
-0.93349
-0.92622
-0.91868
-0.91221
-0.91221
-0.92999
-0.90905
-0.91083
-0.91414
-0.92807
-0.90686
-0.90965
-0.93242
-0.93228
-0.99757
-0.9526
-0.95795
-0.96473
-0.95096
-1.0025
-0.97152
-1.0208
0
0
0
0
0
0
0
0
0
0
0
0
0
0
0
0
0
0
0
0
0
0
0
0
0
0
0
0
0
0
0
0
0
0
0
0
0
0
0
0
0
0
0
0
0
0
-0.92088
-0.92325
-0.91586
-0.91587
50.0379
-0.91586
-0.91586
-0.90827
-0.90827
-0.91949
-0.91796
-0.91297
-0.91771
-0.91627
-0.91612
-0.91532
-0.91533
-0.91157
-0.91622
-0.9308
-0.9308
-0.90802
-0.91136
-0.90802
-0.90596
-0.9303
-0.9126
-0.90996
-0.92362
-0.92386
-0.92651
-0.91926
-0.91897
-0.93349
-0.92622
-0.91868
-0.91222
-0.9122
-0.93
-0.90904
-0.91084
-0.91414
-0.92807
-0.90686
-0.90965
-0.93242
-0.93229
-0.99757
-0.9526
-0.95795
-0.96474
-0.95096
-1.0025
-0.97152
-1.0208
0
0
0
0
0
0
0
0
0
0
0
0
0
0
0
0
0
0
0
0
0
0
0
0
0
0
0
0
0
0
0
0
0
0
0
0
0
0
0
0
0
0
0
0
0
0
-0.92087
-0.92326
-0.91585
-0.91587
-0.91586
50.0378
-0.91586
-0.90826
-0.90826
-0.91948
-0.91796
-0.91298
-0.9177
-0.91626
-0.91612
-0.91533
-0.91532
-0.91157
-0.91621
-0.93079
-0.9308
-0.90802
-0.91136
-0.90802
-0.90596
-0.93029
-0.9126
-0.90996
-0.92362
-0.92386
-0.92652
-0.91927
-0.91897
-0.93348
-0.92622
-0.91868
-0.91221
-0.91221
-0.92999
-0.90903
-0.91084
-0.91414
-0.92806
-0.90686
-0.90963
-0.93242
-0.93228
-0.99757
-0.9526
-0.95794
-0.96473
-0.95096
-1.0025
-0.97152
-1.0208
0
0
0
0
0
0
0
0
0
0
0
0
0
0
0
0
0
0
0
0
0
0
0
0
0
0
0
0
0
0
0
0
0
0
0
0
0
0
0
0
0
0
0
0
0
0
-0.92088
-0.92325
-0.91586
-0.91586
-0.91586
-0.91586
50.038
-0.90827
-0.90828
-0.91949
-0.91797
-0.91297
-0.91772
-0.91627
-0.91613
-0.91533
-0.91533
-0.91158
-0.91622
-0.9308
-0.93081
-0.90802
-0.91137
-0.90802
-0.90596
-0.93029
-0.9126
-0.90997
-0.92362
-0.92387
-0.92652
-0.91926
-0.91898
-0.93349
-0.92623
-0.91868
-0.91223
-0.91221
-0.93
-0.90905
-0.91085
-0.91414
-0.92807
-0.90687
-0.90964
-0.93242
-0.93228
-0.99758
-0.95261
-0.95796
-0.96474
-0.95097
-1.0025
-0.97153
-1.0208
0
0
0
0
0
0
0
0
0
0
0
0
0
0
0
0
0
0
0
0
0
0
0
0
0
0
0
0
0
0
0
0
0
0
0
0
0
0
0
0
0
0
0
0
0
0
-0.91203
-0.91425
-0.90826
-0.90827
-0.90827
-0.90826
-0.90827
48.5509
-0.90024
-0.91122
-0.90939
-0.90425
-0.90857
-0.90733
-0.90714
-0.90646
-0.90647
-0.90267
-0.90718
-0.92116
-0.92116
-0.89921
-0.90246
-0.8992
-0.89714
-0.92079
-0.9037
-0.90104
-0.91436
-0.91478
-0.91739
-0.91019
-0.90995
-0.92416
-0.91701
-0.90959
-0.90325
-0.90326
-0.92077
-0.90013
-0.90187
-0.90509
-0.91889
-0.89796
-0.90066
-0.92319
-0.92316
-0.9876
-0.94324
-0.94841
-0.95519
-0.94169
-0.99271
-0.96197
0
0
0
0
0
0
0
0
0
0
0
0
0
0
0
0
0
0
0
0
0
0
0
0
0
0
0
0
0
0
0
0
0
0
0
0
0
0
0
0
0
0
0
0
0
0
0
-0.91202
-0.91425
-0.90826
-0.90827
-0.90827
-0.90826
-0.90828
-0.90024
48.5509
-0.91121
-0.90939
-0.90426
-0.90857
-0.90734
-0.90715
-0.90646
-0.90646
-0.90267
-0.90719
-0.92117
-0.92116
-0.8992
-0.90246
-0.89921
-0.89715
-0.92079
-0.90371
-0.90103
-0.91436
-0.91478
-0.9174
-0.91019
-0.90995
-0.92416
-0.91701
-0.90959
-0.90326
-0.90325
-0.92077
-0.90012
-0.90188
-0.90509
-0.91889
-0.89796
-0.90067
-0.9232
-0.92315
-0.9876
-0.94324
-0.94842
-0.95519
-0.94169
-0.99271
-0.96198
0
0
0
0
0
0
0
0
0
0
0
0
0
0
0
0
0
0
0
0
0
0
0
0
0
0
0
0
0
0
0
0
0
0
0
0
0
0
0
0
0
0
0
0
0
0
0
-0.92255
-0.92504
-0.91947
-0.91948
-0.91949
-0.91948
-0.91949
-0.91122
-0.91121
47.1479
-0.91938
-0.91414
-0.91911
-0.91766
-0.91747
-0.91673
-0.91673
-0.91296
-0.91776
-0.93225
-0.93226
-0.90939
-0.91276
-0.90939
-0.90731
-0.93179
-0.91401
-0.91136
-0.92493
-0.9253
-0.92797
-0.92074
-0.92039
-0.93479
-0.92765
-0.92014
-0.91363
-0.91362
-0.93135
-0.91046
-0.91226
-0.91552
-0.92946
-0.90828
-0.91102
-0.93388
-0.93375
-0.99905
-0.95427
-0.95942
-0.96706
0
0
-0.97304
0
0
0
0
0
0
0
0
0
0
0
0
0
0
0
0
0
0
0
0
0
0
0
0
0
0
0
0
0
0
0
0
0
0
0
0
0
0
0
0
0
0
0
0
0
0
0
-0.921
-0.9235
-0.91795
-0.91796
-0.91796
-0.91796
-0.91797
-0.90939
-0.90939
-0.91938
46.0935
-0.91218
-0.91735
-0.91598
-0.91575
-0.91508
-0.91509
-0.91128
-0.91604
-0.9313
-0.9313
-0.90772
-0.9111
-0.90772
-0.90563
-0.9297
-0.91234
-0.90967
-0.92314
-0.92361
-0.92628
-0.91903
-0.91873
-0.93298
-0.92579
-0.91844
-0.91196
-0.91195
-0.92958
-0.90879
-0.91059
-0.91382
-0.92769
-0.90661
-0.90936
-0.93227
-0.93215
-0.99723
-0.95269
-0.95773
-0.96544
0
0
0
0
0
0
0
0
0
0
0
0
0
0
0
0
0
0
0
0
0
0
0
0
0
0
0
0
0
0
0
0
0
0
0
0
0
0
0
0
0
0
0
0
0
0
0
0
0
0
-0.91602
-0.9185
-0.91296
-0.91297
-0.91297
-0.91298
-0.91297
-0.90425
-0.90426
-0.91414
-0.91218
44.8806
-0.91184
-0.91113
-0.91091
-0.91023
-0.91023
-0.90631
-0.91099
-0.92537
-0.92537
-0.90277
-0.9061
-0.90277
-0.90066
-0.92363
-0.90732
-0.90464
-0.9179
-0.91848
-0.92111
-0.91389
-0.91363
-0.9277
-0.92055
-0.91329
-0.9069
-0.9069
-0.92438
-0.90375
-0.9055
-0.90869
-0.92244
-0.90154
-0.90429
-0.92705
-0.92702
-0.99162
-0.9473
-0.95222
0
0
0
0
0
0
0
0
0
0
0
0
0
0
0
0
0
0
0
0
0
0
0
0
0
0
0
0
0
0
0
0
0
0
0
0
0
0
0
0
0
0
0
0
0
0
0
0
0
0
0
-0.92047
-0.92311
-0.9177
-0.91771
-0.91771
-0.9177
-0.91772
-0.90857
-0.90857
-0.91911
-0.91735
-0.91184
46.0985
-0.91484
-0.91464
-0.91415
-0.91416
-0.91012
-0.91479
-0.92971
-0.9297
-0.90668
-0.90998
-0.90668
-0.90455
-0.92702
-0.91126
-0.9079
-0.92115
-0.92235
-0.92503
-0.91748
-0.91763
-0.93134
-0.92407
-0.91714
-0.91089
-0.91089
-0.92815
-0.90775
-0.90959
-0.91269
-0.92617
-0.90562
-0.90849
-0.93123
-0.93155
0
0
0
0
0
0
0
0
0
0
0
0
0
0
0
0
0
0
0
0
-1.3567
0
0
0
0
0
0
0
0
0
0
0
-2.5689
0
0
0
0
0
0
0
0
0
0
0
0
0
0
0
0
0
0
0
0
0
-0.91907
-0.92159
-0.91627
-0.91627
-0.91627
-0.91626
-0.91627
-0.90733
-0.90734
-0.91766
-0.91598
-0.91113
-0.91484
43.4283
-0.91391
-0.91331
-0.91331
-0.90921
-0.91417
-0.92787
-0.92788
-0.90568
-0.90903
-0.90568
-0.90355
-0.92679
-0.9104
-0.9076
-0.92105
-0.92165
-0.92406
-0.91724
-0.9168
-0.93082
-0.92389
-0.91633
-0.91007
-0.91007
-0.92759
-0.9069
-0.90869
-0.91181
-0.92569
-0.9047
-0.90755
-0.93026
-0.93035
0
0
0
0
0
0
0
0
0
0
0
0
0
0
0
0
0
0
0
0
0
0
0
0
0
0
0
0
0
-1.2982
0
0
0
0
0
0
0
0
0
0
0
0
0
0
0
0
0
0
0
0
0
0
0
0
-0.91837
-0.92165
-0.91612
-0.91612
-0.91612
-0.91612
-0.91613
-0.90714
-0.90715
-0.91747
-0.91575
-0.91091
-0.91464
-0.91391
43.8945
-0.91306
-0.91306
-0.90902
-0.91384
-0.92768
-0.92768
-0.90547
-0.90805
-0.90546
-0.90334
-0.92711
-0.91027
-0.90753
-0.92098
-0.92153
-0.92414
-0.91672
-0.91663
-0.93087
-0.92411
-0.91617
-0.90989
-0.90989
-0.9275
-0.90671
-0.90849
-0.90614
-0.92573
-0.9045
-0.90741
-0.93027
-0.93027
0
0
0
0
0
0
0
0
0
0
0
0
0
0
0
0
0
0
0
0
0
0
0
0
0
-1.7774
0
0
0
0
0
0
0
0
0
0
0
0
0
0
0
0
0
0
0
0
0
0
0
0
0
0
0
0
-0.9183
-0.92084
-0.91532
-0.91533
-0.91532
-0.91533
-0.91533
-0.90646
-0.90646
-0.91673
-0.91508
-0.91023
-0.91415
-0.91331
-0.91306
42.0859
-0.91093
-0.90782
-0.91322
-0.927
-0.927
-0.90443
-0.90803
-0.90443
-0.90235
-0.92687
-0.90935
-0.90667
-0.92015
-0.92069
-0.92327
-0.91619
-0.91577
-0.92985
-0.92275
-0.91546
-0.90903
-0.90904
-0.92657
-0.90586
-0.90767
-0.91102
-0.92459
-0.90367
-0.9065
-0.92924
-0.92921
0
0
0
0
0
0
0
0
0
0
0
0
0
0
0
0
0
0
0
0
0
0
0
0
0
0
0
0
0
0
0
0
0
0
0
0
0
0
0
0
0
0
0
0
0
0
0
0
0
0
0
0
0
0
-0.91831
-0.92084
-0.91532
-0.91532
-0.91533
-0.91532
-0.91533
-0.90647
-0.90646
-0.91673
-0.91509
-0.91023
-0.91416
-0.91331
-0.91306
-0.91093
42.0859
-0.90782
-0.91322
-0.92699
-0.92699
-0.90443
-0.90803
-0.90443
-0.90234
-0.92686
-0.90935
-0.90667
-0.92016
-0.92069
-0.92327
-0.91619
-0.91578
-0.92984
-0.92276
-0.91546
-0.90904
-0.90904
-0.92657
-0.90586
-0.90767
-0.91102
-0.92458
-0.90367
-0.9065
-0.92924
-0.92922
0
0
0
0
0
0
0
0
0
0
0
0
0
0
0
0
0
0
0
0
0
0
0
0
0
0
0
0
0
0
0
0
0
0
0
0
0
0
0
0
0
0
0
0
0
0
0
0
0
0
0
0
0
0
-0.91439
-0.91699
-0.91156
-0.91158
-0.91157
-0.91157
-0.91158
-0.90267
-0.90267
-0.91296
-0.91128
-0.90631
-0.91012
-0.90921
-0.90902
-0.90782
-0.90782
41.4304
-0.90863
-0.92259
-0.92259
-0.90049
-0.90428
-0.90049
-0.89831
-0.92236
-0.90536
-0.90243
-0.91541
-0.91642
-0.919
-0.91197
-0.91164
-0.92467
-0.91775
-0.91129
-0.90493
-0.90493
-0.92209
-0.90176
-0.9036
-0.90682
-0.92004
-0.89964
-0.90245
0
0
0
0
0
0
0
0
0
0
0
0
0
0
0
0
0
-1.3794
0
0
0
0
0
0
0
0
0
0
0
0
0
0
0
0
0
0
0
0
0
0
0
0
0
0
0
0
0
0
0
0
0
0
0
0
0
0
-0.919
-0.92162
-0.91621
-0.91621
-0.91622
-0.91621
-0.91622
-0.90718
-0.90719
-0.91776
-0.91604
-0.91099
-0.91479
-0.91417
-0.91384
-0.91322
-0.91322
-0.90863
42.5368
-0.92731
-0.92732
-0.90527
-0.90861
-0.90526
-0.9029
-0.92694
-0.91005
-0.90719
-0.92047
-0.92136
-0.92382
-0.91629
-0.91659
-0.92846
-0.92273
-0.91506
-0.90986
-0.90986
-0.92734
-0.9067
-0.90856
-0.9119
-0.92481
-0.90457
0
0
0
0
0
0
0
0
0
0
0
0
0
0
0
0
0
-1.636
0
0
0
-1.5529
0
0
0
0
0
0
0
0
0
0
0
0
0
0
0
0
0
0
0
0
0
0
0
0
0
0
0
0
0
0
0
0
0
0
0
-0.93337
-0.93622
-0.93079
-0.93079
-0.9308
-0.93079
-0.9308
-0.92116
-0.92117
-0.93225
-0.9313
-0.92537
-0.92971
-0.92787
-0.92768
-0.927
-0.92699
-0.92259
-0.92731
45.9627
-0.94627
-0.91912
-0.92256
-0.91912
-0.91699
-0.9421
-0.92387
-0.92095
-0.93346
-0.93516
-0.93803
-0.93036
-0.93048
-0.94296
-0.93459
-0.92987
-0.92367
-0.92367
-0.94018
-0.92052
-0.9223
-0.92564
-0.93808
-0.91827
-0.92122
0
0
0
0
0
0
0
0
0
0
0
0
0
0
0
0
0
0
0
0
0
0
0
0
0
0
0
0
0
0
0
0
0
0
0
0
0
0
0
0
0
0
0
0
0
0
0
0
0
-5.0993
0
0
0
0
0
0
-0.93337
-0.93622
-0.93079
-0.93079
-0.9308
-0.9308
-0.93081
-0.92116
-0.92116
-0.93226
-0.9313
-0.92537
-0.9297
-0.92788
-0.92768
-0.927
-0.92699
-0.92259
-0.92732
-0.94627
45.9628
-0.91911
-0.92258
-0.91912
-0.917
-0.94211
-0.92387
-0.92095
-0.93346
-0.93516
-0.93803
-0.93035
-0.93049
-0.94296
-0.93458
-0.92986
-0.92367
-0.92368
-0.94019
-0.92052
-0.9223
-0.92564
-0.93808
-0.91827
-0.92123
0
0
0
0
0
0
0
0
0
0
0
0
0
0
0
0
0
0
0
0
0
0
0
0
0
0
0
0
0
0
0
0
0
0
0
0
0
0
0
0
0
0
0
0
0
0
0
0
0
0
0
0
0
-5.0993
0
0
-0.91097
-0.91349
-0.90801
-0.90802
-0.90802
-0.90802
-0.90802
-0.89921
-0.8992
-0.90939
-0.90772
-0.90277
-0.90668
-0.90568
-0.90547
-0.90443
-0.90443
-0.90049
-0.90527
-0.91912
-0.91911
39.8978
-0.89973
-0.89548
-0.89448
-0.91903
-0.90189
-0.89904
-0.91198
-0.91292
-0.91542
-0.90836
-0.90805
-0.92163
-0.91446
-0.90765
-0.90138
-0.90138
-0.91859
-0.8982
-0.89998
-0.90329
-0.9166
-0.89604
-0.89873
0
0
0
0
0
0
0
0
0
0
0
0
0
0
0
0
0
0
0
0
0
0
0
0
0
0
0
0
0
0
0
0
0
0
0
0
0
0
0
0
0
0
0
0
0
0
0
0
0
0
0
0
0
0
0
0
-0.91342
-0.91673
-0.91136
-0.91137
-0.91136
-0.91136
-0.91137
-0.90246
-0.90246
-0.91276
-0.9111
-0.9061
-0.90998
-0.90903
-0.90805
-0.90803
-0.90803
-0.90428
-0.90861
-0.92256
-0.92258
-0.89973
40.58
-0.89973
-0.8976
-0.92217
-0.90516
-0.90228
-0.91551
-0.91631
-0.91877
-0.91177
-0.91144
-0.9251
-0.91824
-0.91111
-0.90476
-0.90475
-0.92204
-0.90158
-0.90337
-0.90493
-0.92012
-0.89941
0
0
0
0
0
0
0
0
0
0
0
-1.4411
0
0
0
0
0
0
0
0
0
0
0
0
0
0
0
0
0
0
0
0
0
0
0
0
0
0
0
0
0
0
0
0
0
0
0
0
0
0
0
0
0
0
0
0
0
-0.91098
-0.91349
-0.90801
-0.90802
-0.90802
-0.90802
-0.90802
-0.8992
-0.89921
-0.90939
-0.90772
-0.90277
-0.90668
-0.90568
-0.90546
-0.90443
-0.90443
-0.90049
-0.90526
-0.91912
-0.91912
-0.89548
-0.89973
39.8979
-0.89449
-0.91903
-0.9019
-0.89905
-0.91198
-0.91292
-0.91542
-0.90837
-0.90805
-0.92163
-0.91446
-0.90766
-0.90137
-0.90138
-0.91859
-0.8982
-0.89998
-0.9033
-0.9166
-0.89603
-0.89873
0
0
0
0
0
0
0
0
0
0
0
0
0
0
0
0
0
0
0
0
0
0
0
0
0
0
0
0
0
0
0
0
0
0
0
0
0
0
0
0
0
0
0
0
0
0
0
0
0
0
0
0
0
0
0
0
-0.90891
-0.91141
-0.90595
-0.90595
-0.90596
-0.90596
-0.90596
-0.89714
-0.89715
-0.90731
-0.90563
-0.90066
-0.90455
-0.90355
-0.90334
-0.90235
-0.90234
-0.89831
-0.9029
-0.91699
-0.917
-0.89448
-0.8976
-0.89449
38.9089
-0.91667
-0.90015
-0.89701
-0.90911
-0.91073
-0.91319
-0.90612
-0.90589
-0.91915
-0.91171
-0.90544
-0.89924
-0.89924
-0.91626
-0.89602
-0.8978
-0.90111
-0.91426
-0.8939
0
0
0
0
0
0
0
0
0
0
0
0
0
0
0
0
0
0
0
0
0
0
0
0
0
0
0
0
0
0
0
0
0
0
0
0
0
0
0
0
0
0
0
0
0
0
0
0
0
0
0
0
0
0
0
0
0
-0.93194
-0.9355
-0.93028
-0.93029
-0.9303
-0.93029
-0.93029
-0.92079
-0.92079
-0.93179
-0.9297
-0.92363
-0.92702
-0.92679
-0.92711
-0.92687
-0.92686
-0.92236
-0.92694
-0.9421
-0.94211
-0.91903
-0.92217
-0.91903
-0.91667
44.2191
-0.92327
-0.91978
-0.93191
-0.93437
-0.93709
-0.92889
-0.92974
-0.94129
-0.93386
-0.92923
-0.92324
-0.92323
-0.9392
-0.92004
0
0
0
0
0
0
0
0
0
0
0
0
0
0
0
0
0
0
0
-1.4274
0
0
0
0
0
0
0
0
0
0
0
0
0
-1.6106
0
0
0
0
0
0
0
0
0
0
0
0
0
0
0
0
0
-4.9754
0
0
0
0
0
0
0
0
0
-0.91558
-0.91809
-0.9126
-0.9126
-0.9126
-0.9126
-0.9126
-0.9037
-0.90371
-0.91401
-0.91234
-0.90732
-0.91126
-0.9104
-0.91027
-0.90935
-0.90935
-0.90536
-0.91005
-0.92387
-0.92387
-0.90189
-0.90516
-0.9019
-0.90015
-0.92327
36.4679
-0.9015
-0.91657
-0.91766
-0.92002
-0.91334
-0.91247
-0.92617
-0.92
-0.91253
-0.90627
-0.90627
-0.92354
-0.90296
-0.90469
0
0
0
0
0
0
0
0
0
0
0
0
0
0
0
0
0
0
0
0
0
0
0
0
0
0
0
0
0
0
0
0
0
0
0
0
0
0
0
0
0
0
0
0
0
0
0
0
0
0
0
0
0
0
0
0
0
0
0
0
-0.9128
-0.91534
-0.90996
-0.90996
-0.90996
-0.90996
-0.90997
-0.90104
-0.90103
-0.91136
-0.90967
-0.90464
-0.9079
-0.9076
-0.90753
-0.90667
-0.90667
-0.90243
-0.90719
-0.92095
-0.92095
-0.89904
-0.90228
-0.89905
-0.89701
-0.91978
-0.9015
35.8691
-0.91319
-0.91471
-0.91677
-0.9092
-0.90996
-0.92171
-0.91477
-0.9098
-0.90355
-0.90356
0
-0.90025
0
0
0
0
0
0
0
0
0
0
0
0
0
0
0
0
0
0
0
0
0
0
0
0
0
0
0
-1.3394
0
0
0
0
0
0
0
0
0
0
0
0
0
0
0
0
0
0
0
0
0
0
0
0
0
0
0
0
0
0
0
0
0
-0.92635
-0.92905
-0.92362
-0.92363
-0.92362
-0.92362
-0.92362
-0.91436
-0.91436
-0.92493
-0.92314
-0.9179
-0.92115
-0.92105
-0.92098
-0.92015
-0.92016
-0.91541
-0.92047
-0.93346
-0.93346
-0.91198
-0.91551
-0.91198
-0.90911
-0.93191
-0.91657
-0.91319
37.6682
-0.92777
-0.93004
-0.92238
-0.92307
-0.93439
0
-0.92252
-0.91663
-0.91663
0
0
0
0
0
0
0
0
0
0
0
0
0
0
0
0
0
0
0
0
0
0
0
0
0
0
0
0
0
0
0
0
0
0
0
0
0
0
0
0
0
0
0
0
-4.49
0
0
0
0
0
0
0
0
0
0
0
0
0
0
0
0
0
0
-0.9268
-0.92932
-0.92386
-0.92386
-0.92386
-0.92386
-0.92387
-0.91478
-0.91478
-0.9253
-0.92361
-0.91848
-0.92235
-0.92165
-0.92153
-0.92069
-0.92069
-0.91642
-0.92136
-0.93516
-0.93516
-0.91292
-0.91631
-0.91292
-0.91073
-0.93437
-0.91766
-0.91471
-0.92777
29.8789
-0.94114
0
-0.92761
0
0
0
0
0
0
0
0
0
0
0
0
0
0
0
0
0
0
0
0
0
0
0
0
0
0
0
0
0
0
0
0
0
-1.2754
0
0
0
0
0
0
0
0
0
0
0
0
0
0
0
0
0
0
0
0
0
0
0
0
0
0
0
0
0
0
0
0
0
0
-0.92942
-0.93179
-0.92651
-0.92652
-0.92651
-0.92652
-0.92652
-0.91739
-0.9174
-0.92797
-0.92628
-0.92111
-0.92503
-0.92406
-0.92414
-0.92327
-0.92327
-0.919
-0.92382
-0.93803
-0.93803
-0.91542
-0.91877
-0.91542
-0.91319
-0.93709
-0.92002
-0.91677
-0.93004
-0.94114
30.1865
0
-0.93212
0
0
0
0
0
0
0
0
0
0
0
0
0
0
0
0
0
0
0
0
0
0
0
0
0
0
0
-1.5039
0
0
0
0
0
0
0
0
0
0
0
0
0
0
0
0
0
0
0
0
0
0
0
0
0
0
0
0
0
0
0
0
0
0
0
0
0
0
0
0
-0.92201
-0.92496
-0.91925
-0.91925
-0.91926
-0.91927
-0.91926
-0.91019
-0.91019
-0.92074
-0.91903
-0.91389
-0.91748
-0.91724
-0.91672
-0.91619
-0.91619
-0.91197
-0.91629
-0.93036
-0.93035
-0.90836
-0.91177
-0.90837
-0.90612
-0.92889
-0.91334
-0.9092
-0.92238
0
0
30.14
0
0
0
0
0
0
0
0
0
0
0
0
0
0
0
0
0
0
0
0
0
0
0
0
0
-0.8874
0
0
-1.5055
0
0
-1.1486
0
0
0
0
0
0
0
0
0
0
0
0
0
0
0
0
0
0
0
0
0
0
0
0
0
0
0
0
0
0
0
0
0
0
0
0
0
-0.92199
-0.92449
-0.91897
-0.91897
-0.91897
-0.91897
-0.91898
-0.90995
-0.90995
-0.92039
-0.91873
-0.91363
-0.91763
-0.9168
-0.91663
-0.91577
-0.91578
-0.91164
-0.91659
-0.93048
-0.93049
-0.90805
-0.91144
-0.90805
-0.90589
-0.92974
-0.91247
-0.90996
-0.92307
-0.92761
-0.93212
0
28.4542
0
0
0
0
0
0
0
0
0
0
0
0
0
0
0
0
0
0
0
0
0
0
0
0
0
0
0
0
0
0
0
0
0
0
0
0
0
0
0
0
0
0
0
0
0
0
0
0
0
0
0
0
0
0
0
0
0
0
0
0
0
0
0
0
0
0
0
0
-0.9361
-0.93902
-0.93348
-0.93349
-0.93349
-0.93348
-0.93349
-0.92416
-0.92416
-0.93479
-0.93298
-0.9277
-0.93134
-0.93082
-0.93087
-0.92985
-0.92984
-0.92467
-0.92846
-0.94296
-0.94296
-0.92163
-0.9251
-0.92163
-0.91915
-0.94129
-0.92617
-0.92171
-0.93439
0
0
0
0
32.7887
0
0
0
0
0
0
0
0
0
0
0
0
0
0
0
0
0
0
0
0
0
0
0
0
0
0
0
0
0
0
0
-1.5475
0
0
0
0
0
0
0
0
0
0
0
0
0
0
0
0
0
0
0
0
-4.252
0
0
0
0
0
0
0
0
0
0
0
0
0
0
-0.92837
-0.9315
-0.92621
-0.92622
-0.92622
-0.92622
-0.92623
-0.91701
-0.91701
-0.92765
-0.92579
-0.92055
-0.92407
-0.92389
-0.92411
-0.92275
-0.92276
-0.91775
-0.92273
-0.93459
-0.93458
-0.91446
-0.91824
-0.91446
-0.91171
-0.93386
-0.92
-0.91477
0
0
0
0
0
0
35.1542
0
0
0
0
0
0
0
0
0
0
0
0
0
0
0
0
0
0
0
0
0
0
0
0
0
0
0
0
0
0
0
0
0
0
0
0
0
0
0
0
0
0
0
0
0
0
0
0
0
0
0
0
0
0
-4.6502
0
0
0
0
0
-4.6502
0
0
0
0
0
-0.92169
-0.92453
-0.91867
-0.91868
-0.91868
-0.91868
-0.91868
-0.90959
-0.90959
-0.92014
-0.91844
-0.91329
-0.91714
-0.91633
-0.91617
-0.91546
-0.91546
-0.91129
-0.91506
-0.92987
-0.92986
-0.90765
-0.91111
-0.90766
-0.90544
-0.92923
-0.91253
-0.9098
-0.92252
0
0
0
0
0
0
28.8581
0
0
0
0
0
0
0
0
0
0
0
0
0
0
0
0
0
0
0
0
0
0
0
0
0
0
0
0
0
0
0
0
0
0
0
0
0
0
0
-2.2749
0
0
0
0
0
0
0
0
0
0
0
0
0
0
0
0
0
0
0
0
0
0
0
0
0
-0.9152
-0.9177
-0.91221
-0.91221
-0.91222
-0.91221
-0.91223
-0.90325
-0.90326
-0.91363
-0.91196
-0.9069
-0.91089
-0.91007
-0.90989
-0.90903
-0.90904
-0.90493
-0.90986
-0.92367
-0.92367
-0.90138
-0.90476
-0.90137
-0.89924
-0.92324
-0.90627
-0.90355
-0.91663
0
0
0
0
0
0
0
26.4005
0
0
0
0
0
0
0
0
0
0
0
0
0
0
0
0
0
0
0
0
0
0
0
0
0
0
0
0
0
0
0
0
0
0
0
0
0
0
0
0
0
0
0
0
0
0
0
0
0
0
0
0
0
0
0
0
0
0
0
0
0
0
0
0
-0.91521
-0.91769
-0.9122
-0.91221
-0.9122
-0.91221
-0.91221
-0.90326
-0.90325
-0.91362
-0.91195
-0.9069
-0.91089
-0.91007
-0.90989
-0.90904
-0.90904
-0.90493
-0.90986
-0.92367
-0.92368
-0.90138
-0.90475
-0.90138
-0.89924
-0.92323
-0.90627
-0.90356
-0.91663
0
0
0
0
0
0
0
0
26.4004
0
0
0
0
0
0
0
0
0
0
0
0
0
0
0
0
0
0
0
0
0
0
0
0
0
0
0
0
0
0
0
0
0
0
0
0
0
0
0
0
0
0
0
0
0
0
0
0
0
0
0
0
0
0
0
0
0
0
0
0
0
0
0
-0.93264
-0.93539
-0.92999
-0.92999
-0.93
-0.92999
-0.93
-0.92077
-0.92077
-0.93135
-0.92958
-0.92438
-0.92815
-0.92759
-0.9275
-0.92657
-0.92657
-0.92209
-0.92734
-0.94018
-0.94019
-0.91859
-0.92204
-0.91859
-0.91626
-0.9392
-0.92354
0
0
0
0
0
0
0
0
0
0
0
29.2063
0
0
0
0
0
0
0
0
0
0
0
0
0
0
0
0
0
0
0
0
0
0
0
0
0
0
0
0
0
0
0
0
0
0
0
0
0
0
0
0
0
0
0
0
0
0
0
0
0
-4.1571
0
0
0
0
0
0
0
0
0
0
0
0
-0.91204
-0.91451
-0.90904
-0.90905
-0.90904
-0.90903
-0.90905
-0.90013
-0.90012
-0.91046
-0.90879
-0.90375
-0.90775
-0.9069
-0.90671
-0.90586
-0.90586
-0.90176
-0.9067
-0.92052
-0.92052
-0.8982
-0.90158
-0.8982
-0.89602
-0.92004
-0.90296
-0.90025
0
0
0
0
0
0
0
0
0
0
0
25.3948
0
0
0
0
0
0
0
0
0
0
0
0
0
0
0
0
0
0
0
0
0
0
0
0
0
0
0
0
0
0
0
0
0
0
0
0
0
0
0
0
0
0
0
0
0
0
0
0
0
0
0
0
0
0
0
0
0
0
0
0
0
-0.91391
-0.91634
-0.91083
-0.91083
-0.91084
-0.91084
-0.91085
-0.90187
-0.90188
-0.91226
-0.91059
-0.9055
-0.90959
-0.90869
-0.90849
-0.90767
-0.90767
-0.9036
-0.90856
-0.9223
-0.9223
-0.89998
-0.90337
-0.89998
-0.8978
0
-0.90469
0
0
0
0
0
0
0
0
0
0
0
0
0
23.6212
0
0
0
0
0
0
0
0
0
0
0
0
0
0
0
0
0
0
0
0
0
0
0
0
0
0
0
0
0
0
0
0
0
0
0
0
0
0
0
0
0
0
0
0
0
0
0
0
0
0
0
0
0
0
0
0
0
0
0
0
-0.91577
-0.91966
-0.91413
-0.91414
-0.91414
-0.91414
-0.91414
-0.90509
-0.90509
-0.91552
-0.91382
-0.90869
-0.91269
-0.91181
-0.90614
-0.91102
-0.91102
-0.90682
-0.9119
-0.92564
-0.92564
-0.90329
-0.90493
-0.9033
-0.90111
0
0
0
0
0
0
0
0
0
0
0
0
0
0
0
0
24.6096
0
0
0
0
0
0
0
0
0
0
0
0
0
0
0
0
0
0
0
0
0
0
0
0
0
0
0
0
-1.82
0
0
0
0
0
0
0
0
0
0
0
0
0
0
0
0
0
0
0
0
0
0
0
0
0
0
0
0
0
0
-0.93072
-0.9335
-0.92806
-0.92807
-0.92807
-0.92806
-0.92807
-0.91889
-0.91889
-0.92946
-0.92769
-0.92244
-0.92617
-0.92569
-0.92573
-0.92459
-0.92458
-0.92004
-0.92481
-0.93808
-0.93808
-0.9166
-0.92012
-0.9166
-0.91426
0
0
0
0
0
0
0
0
0
0
0
0
0
0
0
0
0
26.6804
0
0
0
0
0
0
0
0
0
0
0
0
0
0
0
0
0
0
0
0
0
0
0
0
0
0
0
0
0
0
0
0
0
0
0
0
0
0
0
0
0
0
-3.5431
0
0
0
0
0
0
0
0
0
0
0
0
0
0
0
-0.90993
-0.91233
-0.90686
-0.90686
-0.90686
-0.90686
-0.90687
-0.89796
-0.89796
-0.90828
-0.90661
-0.90154
-0.90562
-0.9047
-0.9045
-0.90367
-0.90367
-0.89964
-0.90457
-0.91827
-0.91827
-0.89604
-0.89941
-0.89603
-0.8939
0
0
0
0
0
0
0
0
0
0
0
0
0
0
0
0
0
0
22.6172
0
0
0
0
0
0
0
0
0
0
0
0
0
0
0
0
0
0
0
0
0
0
0
0
0
0
0
0
0
0
0
0
0
0
0
0
0
0
0
0
0
0
0
0
0
0
0
0
0
0
0
0
0
0
0
0
0
-0.91279
-0.91517
-0.90964
-0.90965
-0.90965
-0.90963
-0.90964
-0.90066
-0.90067
-0.91102
-0.90936
-0.90429
-0.90849
-0.90755
-0.90741
-0.9065
-0.9065
-0.90245
0
-0.92122
-0.92123
-0.89873
0
-0.89873
0
0
0
0
0
0
0
0
0
0
0
0
0
0
0
0
0
0
0
0
19.981
0
0
0
0
0
0
0
0
0
0
0
0
0
0
0
0
0
0
0
0
0
0
0
0
0
0
0
0
0
0
0
0
0
0
0
0
0
0
0
0
0
0
0
0
0
0
0
0
0
0
0
0
0
0
0
0
-0.93557
-0.93795
-0.93241
-0.93242
-0.93242
-0.93242
-0.93242
-0.92319
-0.9232
-0.93388
-0.93227
-0.92705
-0.93123
-0.93026
-0.93027
-0.92924
-0.92924
0
0
0
0
0
0
0
0
0
0
0
0
0
0
0
0
0
0
0
0
0
0
0
0
0
0
0
0
17.0918
0
0
0
0
0
0
0
0
0
0
0
0
0
0
0
0
0
0
0
0
-1.2664
0
0
0
0
0
0
0
0
0
0
0
0
0
0
0
0
0
0
0
0
0
0
0
0
0
0
0
0
0
0
0
0
0
0
-0.93561
-0.93793
-0.93227
-0.93228
-0.93229
-0.93228
-0.93228
-0.92316
-0.92315
-0.93375
-0.93215
-0.92702
-0.93155
-0.93035
-0.93027
-0.92921
-0.92922
0
0
0
0
0
0
0
0
0
0
0
0
0
0
0
0
0
0
0
0
0
0
0
0
0
0
0
0
0
15.8248
0
0
0
0
0
0
0
0
0
0
0
0
0
0
0
0
0
0
0
0
0
0
0
0
0
0
0
0
0
0
0
0
0
0
0
0
0
0
0
0
0
0
0
0
0
0
0
0
0
0
0
0
0
0
-0.99998
-1.003
-0.99756
-0.99757
-0.99757
-0.99757
-0.99758
-0.9876
-0.9876
-0.99905
-0.99723
-0.99162
0
0
0
0
0
0
0
0
0
0
0
0
0
0
0
0
0
0
0
0
0
0
0
0
0
0
0
0
0
0
0
0
0
0
0
20.5702
0
0
0
0
0
0
0
0
0
0
0
0
0
0
0
0
0
0
0
0
0
-1.6721
0
0
0
0
0
0
0
0
0
0
0
0
0
0
-3.4721
0
0
0
0
0
0
0
0
0
0
0
-3.4721
0
0
0
0
-0.95625
-0.95848
-0.9526
-0.9526
-0.9526
-0.9526
-0.95261
-0.94324
-0.94324
-0.95427
-0.95269
-0.9473
0
0
0
0
0
0
0
0
0
0
0
0
0
0
0
0
0
0
0
0
0
0
0
0
0
0
0
0
0
0
0
0
0
0
0
0
13.0123
0
0
0
0
0
0
0
0
0
0
0
0
0
0
0
0
0
0
0
0
-1.5938
0
0
0
0
0
0
0
0
0
0
0
0
0
0
0
0
0
0
0
0
0
0
0
0
0
0
0
0
0
0
0
-0.9608
-0.96341
-0.95794
-0.95795
-0.95795
-0.95794
-0.95796
-0.94841
-0.94842
-0.95942
-0.95773
-0.95222
0
0
0
0
0
0
0
0
0
0
0
0
0
0
0
0
0
0
0
0
0
0
0
0
0
0
0
0
0
0
0
0
0
0
0
0
0
14.3144
0
0
0
0
0
0
0
0
0
0
0
0
0
0
0
0
0
0
0
0
0
0
0
0
0
0
0
0
0
0
0
0
0
-2.8342
0
0
0
0
0
0
0
0
0
0
0
0
0
0
0
0
0
-0.96847
-0.97077
-0.96472
-0.96473
-0.96474
-0.96473
-0.96474
-0.95519
-0.95519
-0.96706
-0.96544
0
0
0
0
0
0
0
0
0
0
0
0
0
0
0
0
0
0
0
0
0
0
0
0
0
0
0
0
0
0
0
0
0
0
0
0
0
0
0
14.5914
0
0
0
0
0
0
0
0
0
0
0
0
0
-1.8267
0
0
0
0
0
0
0
0
0
-2.1589
0
0
0
0
0
0
0
0
0
0
0
0
0
0
0
0
0
0
0
0
0
0
0
0
0
0
-0.95423
-0.95557
-0.95096
-0.95096
-0.95096
-0.95096
-0.95097
-0.94169
-0.94169
0
0
0
0
0
0
0
0
0
0
0
0
0
0
0
0
0
0
0
0
0
0
0
0
0
0
0
0
0
0
0
0
0
0
0
0
0
0
0
0
0
0
12.2152
0
0
0
0
0
0
0
0
0
-1.4551
0
0
0
0
0
0
0
0
0
0
0
0
0
0
0
0
0
0
0
0
0
0
0
0
0
-2.2121
0
0
0
0
0
0
0
0
0
0
0
0
0
-1.0066
-1.0086
-1.0025
-1.0025
-1.0025
-1.0025
-1.0025
-0.99271
-0.99271
0
0
0
0
0
0
0
0
0
0
0
0
0
0
0
0
0
0
0
0
0
0
0
0
0
0
0
0
0
0
0
0
0
0
0
0
0
0
0
0
0
0
0
10.719
0
0
0
0
0
0
0
0
0
0
0
-1.7059
0
0
0
0
0
0
0
0
0
0
0
0
0
0
0
0
0
0
0
0
0
0
0
0
0
0
0
0
0
0
0
0
0
0
0
0
-0.97553
-0.97748
-0.97151
-0.97152
-0.97152
-0.97152
-0.97153
-0.96197
-0.96198
-0.97304
0
0
0
0
0
0
0
0
0
0
0
0
0
0
0
0
0
0
0
0
0
0
0
0
0
0
0
0
0
0
0
0
0
0
0
0
0
0
0
0
0
0
0
9.7076
0
0
0
0
0
0
0
0
0
0
0
0
0
0
0
0
0
0
0
0
0
0
0
0
0
0
0
0
0
0
0
0
0
0
0
0
0
0
0
0
0
0
0
0
0
0
0
-1.0244
-1.0267
-1.0208
-1.0208
-1.0208
-1.0208
-1.0208
0
0
0
0
0
0
0
0
0
0
0
0
0
0
0
0
0
0
0
0
0
0
0
0
0
0
0
0
0
0
0
0
0
0
0
0
0
0
0
0
0
0
0
0
0
0
0
8.4735
0
0
0
0
0
0
0
0
0
0
0
0
0
-1.3185
0
0
0
0
0
0
0
0
0
0
0
0
0
0
0
0
0
0
0
0
0
0
0
0
0
0
0
0
0
0
0
0
-1.4628
0
0
0
0
0
0
0
0
0
0
0
0
0
0
0
0
0
0
0
0
0
-1.4411
0
0
0
0
0
0
0
0
0
0
0
0
0
0
0
0
0
0
0
0
0
0
0
0
0
0
0
0
0
0
0
0
7.0274
0
0
-1.638
0
0
0
0
0
0
0
0
0
0
0
-1.2645
0
-1.2209
0
0
0
0
0
0
0
0
0
0
0
0
0
0
0
0
0
0
0
0
0
0
0
0
0
0
0
0
0
-1.2653
0
0
0
0
0
0
0
0
0
0
0
0
0
0
0
0
0
0
0
0
0
0
0
0
0
0
0
0
0
0
0
0
0
0
0
0
0
0
0
0
0
0
0
0
0
0
0
0
0
0
0
0
0
0
6.1017
0
-1.4453
0
-1.5673
0
0
-1.8237
0
0
0
0
0
0
0
0
0
0
0
0
0
0
0
0
0
0
0
0
0
0
0
0
0
0
0
0
0
0
0
0
0
0
0
0
0
0
0
0
0
0
0
0
0
0
0
0
0
0
0
0
0
0
0
0
0
0
0
0
0
0
0
0
0
0
0
0
-0.8874
0
0
0
0
0
0
0
0
0
0
0
0
0
0
0
0
0
0
0
0
0
0
0
0
0
4.9403
0
0
0
0
0
-1.1959
0
0
0
0
0
0
0
0
0
0
0
0
-1.7067
0
0
0
0
0
0
0
0
0
0
0
0
0
0
0
0
0
0
0
0
-1.1503
0
0
0
0
0
0
0
0
0
0
0
0
0
0
0
0
0
0
0
0
0
0
0
0
0
0
0
0
0
0
0
0
0
0
0
0
0
0
0
0
0
0
0
0
0
0
0
0
0
0
0
0
0
0
0
0
0
0
-1.638
-1.4453
0
7.0079
0
0
0
-1.7149
0
0
0
0
0
0
0
0
0
0
0
0
0
0
0
0
0
0
0
0
0
0
0
0
0
0
0
-2.2096
0
0
0
0
0
0
0
0
0
0
0
0
0
0
0
0
0
0
0
0
0
0
0
0
0
0
0
0
0
0
0
0
0
0
0
-1.4274
0
0
0
0
0
0
0
0
0
0
0
0
0
0
0
0
0
0
0
0
0
0
0
0
0
0
0
0
0
0
0
0
0
6.0777
0
0
0
0
0
0
0
0
-1.2945
0
0
0
0
-1.4555
0
0
0
0
0
0
0
0
0
0
0
0
0
0
0
0
0
0
-1.9003
0
0
0
0
0
0
0
0
0
0
0
0
0
0
0
0
0
0
0
0
0
0
0
0
0
0
0
0
0
0
0
0
0
0
0
0
0
0
-1.5039
-1.5055
0
0
0
0
0
0
0
0
0
0
0
0
0
0
0
0
0
0
0
0
0
0
0
0
-1.5673
0
0
0
6.6706
0
0
0
0
0
0
0
0
0
0
-2.0939
0
0
0
0
0
0
0
0
0
0
0
0
0
0
0
0
0
0
0
0
0
0
0
0
0
0
0
0
0
0
0
0
0
0
0
0
0
0
0
0
0
0
0
0
0
0
0
-1.636
0
0
0
0
0
0
0
0
0
0
0
0
0
0
0
0
0
0
0
0
0
0
0
0
0
0
0
0
0
0
0
0
-1.4551
0
0
0
0
0
0
0
0
0
7.3518
0
0
0
0
0
0
0
0
0
0
0
0
0
0
0
-2.1823
0
0
0
-2.0785
0
0
0
0
0
0
0
0
0
0
0
0
0
0
0
0
0
0
0
0
0
0
0
0
0
0
0
0
0
0
0
0
0
0
0
0
-1.3794
0
0
0
0
0
0
0
0
0
0
0
0
0
0
0
0
0
0
0
0
0
0
0
0
0
0
0
0
0
0
0
0
0
0
0
0
0
0
0
0
-1.7149
0
0
0
6.8805
0
0
-1.7728
0
0
0
0
0
0
0
0
0
0
0
0
0
0
0
0
0
0
0
0
0
0
0
0
0
0
0
-2.0134
0
0
0
0
0
0
0
0
0
0
0
0
0
0
0
0
0
0
0
0
0
0
0
0
0
0
0
0
0
0
0
0
0
0
0
0
0
0
-1.1486
0
0
0
0
0
0
0
0
0
0
0
0
0
0
0
0
0
0
0
0
0
0
0
0
-1.8237
-1.1959
0
0
0
0
0
4.1683
0
0
0
0
0
0
0
0
0
0
0
0
0
0
0
0
0
0
0
0
0
0
0
0
0
0
0
0
0
0
0
0
0
0
0
0
0
0
0
0
0
0
0
0
0
0
0
0
0
0
0
0
0
0
0
0
0
0
0
0
0
0
0
0
0
0
0
0
0
0
0
0
0
0
0
0
0
0
0
0
0
0
0
0
0
0
0
-1.8267
0
-1.7059
0
0
0
0
0
0
0
0
0
0
0
5.8887
0
0
0
0
0
0
0
0
0
0
0
0
0
-2.3561
0
0
0
0
0
0
0
0
0
0
0
0
0
0
0
0
0
0
0
0
0
0
0
0
0
0
0
0
0
0
0
0
0
0
0
0
0
0
0
0
-1.5529
0
0
0
0
0
0
0
0
0
0
0
0
0
0
-1.5475
0
0
0
0
0
0
0
0
0
0
0
0
0
0
0
0
0
0
0
0
0
0
0
0
0
0
0
0
-1.7728
0
0
4.8732
0
0
0
0
0
0
0
0
0
0
0
0
0
0
0
0
0
0
0
0
0
0
0
0
0
0
0
0
0
0
0
0
0
0
0
0
0
0
0
0
0
0
0
0
0
0
0
0
0
0
0
0
0
0
0
0
0
0
0
0
0
0
0
0
-1.2754
0
0
0
0
0
0
0
0
0
0
0
0
0
0
0
-1.2664
0
0
0
0
0
0
0
0
0
0
0
0
0
0
0
0
0
0
0
0
2.8375
0
0
0
0
0
0
0
0
0
0
0
0
0
0
0
0
0
0
0
0
0
0
0
0
0
0
0
0
0
0
0
0
-0.29583
0
0
0
0
0
0
0
0
0
0
0
0
0
-1.3567
0
0
0
0
0
0
0
0
0
0
0
0
0
0
-1.3394
0
0
0
0
0
0
0
0
0
0
0
0
0
0
0
0
0
0
0
0
0
0
0
0
0
0
0
0
0
0
0
0
0
0
0
0
0
0
0
3.986
0
0
0
0
0
0
0
0
0
0
0
0
0
0
0
0
0
0
0
0
0
0
0
0
0
0
0
0
0
0
0
0
-1.29
-1.2216
0
0
0
0
0
0
0
0
0
0
0
0
0
0
0
0
0
0
0
0
0
0
0
0
0
0
0
0
0
0
0
0
0
0
0
0
0
0
0
0
0
0
0
0
0
0
0
0
0
0
0
0
0
-1.3185
0
0
0
0
-1.2945
0
0
0
0
0
0
0
0
3.8346
0
0
0
0
0
0
0
0
0
0
0
0
0
0
0
0
0
0
0
0
0
0
0
0
0
0
0
0
0
0
0
0
0
0
0
0
0
0
0
0
0
0
0
0
0
0
0
0
0
0
0
0
0
0
0
0
0
0
0
0
0
0
0
0
0
0
0
0
0
0
0
0
0
0
0
0
0
0
0
-1.6721
-1.5938
0
0
0
0
0
0
0
0
0
0
0
0
0
0
0
0
0
0
0
0
5.1901
0
0
0
0
0
0
0
0
0
0
-1.9243
0
0
0
0
0
0
0
0
0
0
0
0
0
0
0
0
0
0
0
0
0
0
0
0
0
0
0
0
0
0
0
0
0
0
0
0
0
0
0
0
0
0
0
0
0
0
0
0
0
0
0
0
0
0
0
0
0
0
0
0
0
-1.82
0
0
0
0
0
0
0
0
0
0
0
0
0
-1.2645
0
0
0
0
0
0
0
0
0
0
0
0
0
0
3.0845
0
0
0
0
0
0
0
0
0
0
0
0
0
0
0
0
0
0
0
0
0
0
0
0
0
0
0
0
0
0
0
0
0
0
0
0
0
0
0
0
0
0
0
0
0
0
0
0
0
0
0
0
0
0
0
0
0
0
0
0
0
0
0
0
0
0
0
0
0
0
0
0
0
0
0
0
0
0
0
0
0
0
0
0
0
0
0
0
0
0
-2.0939
0
0
0
0
0
0
0
0
0
0
4.295
0
0
0
0
0
-2.201
0
0
0
0
0
0
0
0
0
0
0
0
0
0
0
0
0
0
0
0
0
0
0
0
0
0
0
0
0
0
0
0
0
0
0
0
0
-1.7774
0
0
0
0
0
0
0
0
0
0
0
0
0
0
0
0
0
0
0
0
0
0
0
0
0
0
0
0
0
0
0
0
0
0
0
0
0
0
0
0
-1.2209
0
0
0
0
0
0
0
0
0
0
0
0
0
0
0
0
2.9984
0
0
0
0
0
0
0
0
0
0
0
0
0
0
0
0
0
0
0
0
0
0
0
0
0
0
0
0
0
0
0
0
0
0
0
0
0
0
0
0
0
0
0
0
0
0
0
0
0
0
0
0
0
-1.6106
0
0
0
0
0
0
0
0
0
0
0
0
0
0
0
0
0
0
0
0
0
0
0
0
0
0
0
0
0
0
0
0
0
-1.4555
0
0
0
0
0
0
0
0
0
0
0
0
0
3.0661
0
0
0
0
0
0
0
0
0
0
0
0
0
0
0
0
0
0
0
0
0
0
0
0
0
0
0
0
0
0
0
0
0
0
0
0
0
0
0
0
0
0
0
0
0
0
0
0
0
0
0
0
0
0
0
0
0
0
0
0
0
0
0
0
0
0
0
0
0
0
0
0
0
0
0
0
0
-2.1589
0
0
0
0
0
0
0
0
0
0
0
0
0
0
0
0
0
0
0
0
0
0
0
4.2263
0
0
0
0
0
-2.0674
0
0
0
0
0
0
0
0
0
0
0
0
0
0
0
0
0
0
0
0
0
0
0
0
0
0
0
0
0
0
0
0
0
0
0
0
0
0
0
0
0
0
0
0
0
0
0
0
0
0
0
0
0
0
0
-2.2749
0
0
0
0
0
0
0
0
0
0
0
0
0
0
0
0
0
0
0
0
0
0
0
0
0
0
0
0
0
0
0
0
0
0
0
0
0
0
0
4.4935
0
0
0
0
0
-2.2186
0
0
0
0
0
0
0
0
0
0
0
0
0
0
0
0
0
0
0
0
0
0
0
0
0
0
0
0
0
0
0
0
-1.2982
0
0
0
0
0
0
0
0
0
0
0
0
0
0
0
0
0
0
0
0
0
0
0
0
0
0
0
0
0
0
0
0
0
0
0
0
0
0
0
0
0
0
0
-1.7067
0
0
0
0
0
0
0
0
0
0
0
0
0
0
0
0
0
0
3.0049
0
0
0
0
0
0
0
0
0
0
0
0
0
0
0
0
0
0
0
0
0
0
0
0
0
0
0
0
0
0
0
0
0
0
0
0
0
0
0
0
0
0
0
0
0
0
0
0
0
0
0
0
0
0
0
0
0
0
0
0
0
0
0
0
0
0
0
0
0
0
0
0
0
0
0
0
0
0
0
0
0
0
0
0
0
-2.1823
0
0
0
0
0
0
0
0
0
-2.201
0
0
0
0
0
4.3834
0
0
0
0
0
0
0
0
0
0
0
0
0
0
0
0
0
0
0
0
0
0
0
0
0
0
0
0
0
0
0
0
0
0
0
0
0
0
0
0
0
0
0
0
0
0
0
0
0
0
0
0
0
0
0
0
0
0
0
0
0
0
0
0
0
0
0
0
0
0
0
0
0
0
0
0
0
0
0
0
0
0
0
0
0
0
0
-2.3561
0
0
0
0
0
0
0
0
0
0
0
0
0
4.7771
-2.421
0
0
0
0
0
0
0
0
0
0
0
0
0
0
0
0
0
0
0
0
0
0
0
0
0
0
0
0
0
0
0
0
0
-2.5689
0
0
0
0
0
0
0
0
0
0
0
0
0
0
0
0
0
0
0
0
0
0
0
0
0
0
0
0
0
0
0
0
0
0
0
0
0
0
0
0
0
0
0
0
0
0
0
0
0
0
0
0
0
0
0
0
0
0
0
0
0
0
0
0
0
-2.421
4.9899
0
0
0
0
0
0
0
0
0
0
0
0
0
0
0
0
0
0
0
0
0
0
0
0
0
0
0
0
0
0
0
0
0
0
0
0
0
0
0
0
0
0
0
0
0
0
0
0
0
0
0
0
0
0
0
0
0
0
0
0
0
0
0
0
0
0
0
0
0
0
0
0
0
0
0
0
0
0
0
0
0
0
0
0
0
0
0
0
0
0
-1.9243
0
0
0
0
-2.0674
0
0
0
0
0
3.9917
0
0
0
0
0
0
0
0
0
0
0
0
0
0
0
0
0
0
0
0
0
0
0
0
0
0
0
0
0
0
0
0
0
0
0
0
0
0
0
0
0
0
0
0
0
0
0
0
0
0
0
0
0
0
0
0
0
0
0
0
0
0
0
0
0
0
0
0
0
0
0
0
0
0
0
0
0
0
0
0
0
-2.0785
0
0
0
0
0
0
0
0
0
0
0
0
0
-2.2186
0
0
0
0
0
4.297
0
0
0
0
0
0
0
0
0
0
0
0
0
0
0
0
0
0
0
0
0
0
0
0
0
0
0
0
0
0
0
0
0
0
0
0
0
0
0
0
0
0
0
0
0
0
0
-4.49
0
0
0
0
0
0
0
0
0
0
0
0
0
0
0
0
0
0
0
0
0
0
0
0
0
0
0
0
0
0
0
0
0
0
0
0
0
0
0
0
0
0
0
0
0
0
0
0
0
0
0
0
0
4.49
0
0
0
0
0
0
0
0
0
0
0
0
0
0
0
0
0
0
0
0
0
0
0
0
0
0
0
0
0
0
0
0
0
0
0
0
0
0
0
0
0
0
0
0
0
0
0
0
0
0
0
0
0
0
0
0
0
0
0
0
0
0
0
0
0
0
0
-2.8342
0
0
0
0
0
0
0
0
0
0
0
0
0
0
0
0
0
0
0
0
0
0
0
0
0
0
0
0
0
0
0
0
0
2.8342
0
0
0
0
0
0
0
0
0
0
0
0
0
0
0
0
0
0
0
0
0
0
0
0
0
0
0
0
0
0
0
0
0
0
0
0
0
0
0
0
0
0
0
0
0
0
0
0
0
0
0
0
0
0
0
0
0
0
0
0
0
0
0
0
-3.4721
0
0
0
0
0
0
0
0
0
0
0
0
0
0
0
0
0
0
0
0
0
0
0
0
0
0
0
0
0
0
0
0
0
0
0
0
3.4721
0
0
0
0
0
0
0
0
0
0
0
0
0
0
0
0
0
0
0
0
0
0
0
0
0
0
0
0
0
0
0
0
0
0
0
0
0
0
0
0
0
0
0
0
0
0
0
0
0
0
0
0
0
0
0
0
0
0
-3.5431
0
0
0
0
0
0
0
0
0
0
0
0
0
0
0
0
0
0
0
0
0
0
0
0
0
0
0
0
0
0
0
0
0
0
0
0
0
0
0
0
0
0
3.5431
0
0
0
0
0
0
0
0
0
0
0
0
0
0
0
0
0
0
0
0
0
0
0
0
0
0
0
0
0
0
0
0
0
0
0
0
0
0
0
0
0
0
0
0
0
0
0
0
-4.252
0
0
0
0
0
0
0
0
0
0
0
0
0
0
0
0
0
0
0
0
0
0
0
0
0
0
0
0
0
0
0
0
0
0
0
0
0
0
0
0
0
0
0
0
0
0
0
0
0
0
0
0
4.252
0
0
0
0
0
0
0
0
0
0
0
0
0
0
0
0
0
0
0
0
0
0
0
0
0
0
0
0
0
0
0
0
0
0
0
0
0
0
0
0
0
0
0
0
0
0
0
0
0
0
0
0
0
0
0
0
0
0
0
0
0
0
0
0
0
-2.2121
0
0
0
0
0
0
0
0
0
0
0
0
0
0
0
0
0
0
0
0
0
0
0
0
0
0
0
0
0
0
0
0
0
0
0
2.2121
0
0
0
0
0
0
0
0
0
0
0
0
0
0
0
0
0
0
0
0
0
0
0
0
0
0
0
0
0
0
0
0
0
0
0
0
0
0
0
0
0
0
0
0
0
0
0
0
0
0
0
-4.1571
0
0
0
0
0
0
0
0
0
0
0
0
0
0
0
0
0
0
0
0
0
0
0
0
0
0
0
0
0
0
0
0
0
0
0
0
0
0
0
0
0
0
0
0
0
0
0
0
0
4.1571
0
0
0
0
0
0
0
0
0
0
0
0
0
0
0
0
0
0
0
0
0
0
0
0
0
0
0
0
0
0
0
0
0
0
0
0
0
0
0
0
0
0
0
0
0
0
-4.6502
0
0
0
0
0
0
0
0
0
0
0
0
0
0
0
0
0
0
0
0
0
0
0
0
0
0
0
0
0
0
0
0
0
0
0
0
0
0
0
0
0
0
0
0
0
0
0
0
0
0
0
0
0
0
4.6502
0
0
0
0
0
0
0
0
0
0
0
0
0
0
0
0
0
0
0
0
0
0
0
0
0
0
0
0
0
0
0
0
0
0
0
0
0
0
0
0
0
0
0
0
0
0
0
0
0
0
0
0
0
0
0
0
0
0
0
0
0
0
0
0
0
0
0
0
0
-2.2096
0
0
0
0
0
0
0
0
0
0
0
0
0
0
0
0
0
0
0
0
0
0
0
0
0
0
0
0
0
0
0
2.2096
0
0
0
0
0
0
0
0
0
0
0
0
0
0
0
0
0
0
0
0
0
0
0
0
0
0
0
0
0
0
0
0
0
0
0
-4.9754
0
0
0
0
0
0
0
0
0
0
0
0
0
0
0
0
0
0
0
0
0
0
0
0
0
0
0
0
0
0
0
0
0
0
0
0
0
0
0
0
0
0
0
0
0
0
0
0
0
0
0
0
0
0
0
0
0
0
0
0
0
0
0
0
0
4.9754
0
0
0
0
0
0
0
0
0
0
0
0
0
0
0
0
0
0
0
0
0
0
0
0
0
0
0
0
0
0
0
0
0
0
0
0
0
0
0
0
0
0
0
0
0
0
0
0
0
0
0
0
0
0
0
0
0
0
0
0
0
0
0
0
0
0
0
0
-1.9003
0
0
0
0
0
0
0
0
0
0
0
0
0
0
0
0
0
0
0
0
0
0
0
0
0
0
0
0
0
0
0
0
1.9003
0
0
0
0
0
0
0
0
0
0
0
0
0
0
0
0
0
0
0
0
0
0
0
0
0
0
0
0
0
0
0
0
0
0
0
0
0
0
0
0
0
0
0
0
0
0
0
0
0
0
0
0
0
0
0
0
0
0
0
0
0
0
0
0
0
0
0
0
0
0
-2.0134
0
0
0
0
0
0
0
0
0
0
0
0
0
0
0
0
0
0
0
0
0
0
0
0
0
0
0
0
0
0
2.0134
0
0
0
0
0
0
0
0
0
0
0
0
0
0
0
0
0
0
0
0
0
0
0
0
0
0
-5.0993
0
0
0
0
0
0
0
0
0
0
0
0
0
0
0
0
0
0
0
0
0
0
0
0
0
0
0
0
0
0
0
0
0
0
0
0
0
0
0
0
0
0
0
0
0
0
0
0
0
0
0
0
0
0
0
0
0
0
0
0
0
0
0
0
0
0
0
0
0
0
0
0
0
0
5.0993
0
0
0
0
0
0
0
0
0
0
0
0
0
0
0
0
0
0
0
0
0
0
0
0
0
0
0
0
0
0
0
0
0
0
0
0
0
0
0
0
-4.6502
0
0
0
0
0
0
0
0
0
0
0
0
0
0
0
0
0
0
0
0
0
0
0
0
0
0
0
0
0
0
0
0
0
0
0
0
0
0
0
0
0
0
0
0
0
0
0
0
0
0
0
0
0
0
0
0
0
0
0
0
4.6502
0
0
0
0
0
0
0
0
0
0
0
0
0
0
0
0
0
0
0
0
0
0
0
0
0
0
0
0
0
0
0
0
0
0
0
0
0
0
0
0
0
0
0
0
0
0
0
0
0
0
0
0
-3.4721
0
0
0
0
0
0
0
0
0
0
0
0
0
0
0
0
0
0
0
0
0
0
0
0
0
0
0
0
0
0
0
0
0
0
0
0
0
0
0
0
0
0
0
0
0
0
0
0
3.4721
0
0
0
0
0
0
0
0
0
0
0
0
0
0
0
0
0
0
0
0
0
0
0
0
0
0
0
0
0
0
0
0
0
0
0
0
0
0
0
0
0
0
0
0
0
0
0
0
0
0
0
0
0
0
0
0
0
0
0
0
0
-1.1503
0
0
0
0
0
0
0
0
0
0
0
0
0
0
0
0
0
0
0
0
0
0
0
0
0
0
0
0
0
0
0
0
0
0
0
0
0
0
0
1.1503
0
0
0
0
0
0
0
0
0
0
0
0
0
0
0
0
0
0
0
0
0
0
0
-5.0993
0
0
0
0
0
0
0
0
0
0
0
0
0
0
0
0
0
0
0
0
0
0
0
0
0
0
0
0
0
0
0
0
0
0
0
0
0
0
0
0
0
0
0
0
0
0
0
0
0
0
0
0
0
0
0
0
0
0
0
0
0
0
0
0
0
0
0
0
0
0
0
0
0
0
0
0
0
5.0993
0
0
0
0
0
0
0
0
0
0
0
0
0
0
0
0
0
0
0
0
0
0
0
0
0
0
0
0
0
0
0
0
0
0
0
0
0
0
0
0
0
0
0
0
0
0
0
0
0
0
0
0
0
0
0
0
0
0
0
0
0
0
0
0
0
0
0
0
-0.29583
0
0
0
0
0
0
0
0
0
0
0
0
0
0
0
0
0
0
0
0
0
0
0
0
0
0
0
0
0
0
0
0
0.29583
0
0
0
0
0
0
0
0
0
0
0
0
0
0
0
0
0
0
0
0
0
0
0
0
0
0
0
0
0
0
0
0
0
0
0
0
0
0
0
0
0
0
0
0
0
0
0
0
0
0
0
0
0
0
0
0
0
0
0
0
0
0
0
0
0
0
0
0
-1.29
0
0
0
0
0
0
0
0
0
0
0
0
0
0
0
0
0
0
0
0
0
0
0
0
0
0
0
0
0
0
0
0
1.29
