50.3089
-0.72486
-0.71011
-0.73924
-0.74157
-0.73494
-0.75008
-0.67017
-0.67016
-0.6783
-0.67626
-0.67135
-0.68312
-0.66967
-0.70393
-0.7004
-0.70041
-0.67008
-0.68726
-0.76512
-0.76533
-0.66777
-0.6573
-0.66781
-0.63753
-0.75622
-0.66126
-0.66038
-0.7886
-0.73771
-0.75091
-0.71768
-0.76605
-0.82678
-0.88754
-0.72552
-0.77003
-0.76938
-0.86091
-0.75202
-0.78305
-0.76218
-0.77808
-0.79506
-0.8431
-0.92765
-1.0464
-1.2774
-1.0551
-1.2483
-1.1657
-1.1694
-1.3791
-1.4409
-1.3003
-2.2825
0
0
0
0
0
0
0
0
0
0
0
0
-3.8809
0
0
0
0
0
0
0
0
0
0
0
0
0
0
0
0
0
0
0
0
0
0
0
0
0
0
0
0
0
0
0
0
-0.72486
48.0726
-0.74317
-0.77502
-0.77753
-0.77034
-0.78613
-0.69241
-0.6924
-0.6997
-0.69765
-0.69253
-0.70519
-0.69465
-0.73442
-0.72171
-0.72172
-0.69231
-0.71555
-0.79021
-0.79041
-0.68851
-0.68464
-0.68856
-0.65757
-0.77176
-0.68129
-0.67943
-0.81254
-0.76027
-0.76675
-0.7286
-0.78639
-0.85459
-0.91292
-0.74737
-0.79143
-0.79076
-0.88487
-0.77278
-0.80463
-0.80099
-0.80374
-0.81673
-0.86486
-0.95279
-1.0701
-1.3087
-1.0813
-1.2733
-1.1917
-1.2029
-1.4017
-1.4632
-1.4716
0
-2.4854
0
0
0
0
0
0
0
0
0
0
0
0
0
0
0
0
0
0
0
0
0
0
0
0
0
0
0
0
0
0
0
0
0
0
0
0
0
0
0
0
0
0
0
0
-0.71011
-0.74317
44.3062
-0.70479
-0.70818
-0.69907
-0.72398
-0.66031
-0.6603
-0.67265
-0.67231
-0.66835
-0.68698
-0.67027
-0.71284
-0.69954
-0.69954
-0.67084
-0.69477
-0.77804
-0.77827
-0.66717
-0.66446
-0.66721
-0.63655
-0.76722
-0.66021
-0.66005
-0.79399
-0.73958
-0.7534
-0.72174
-0.76499
-0.83594
-0.90126
-0.72892
-0.76937
-0.76871
-0.8661
-0.7508
-0.78254
-0.77978
-0.78582
-0.79431
-0.84206
-0.93044
-1.0456
-1.2908
-1.0561
-1.2533
-1.1671
-1.181
-1.3779
-1.4388
-1.4488
0
0
0
0
0
0
0
0
0
0
0
0
0
0
0
0
0
0
0
0
0
0
0
0
0
0
0
0
0
0
0
0
0
0
0
0
0
0
0
0
0
0
0
0
0
0
-0.73924
-0.77502
-0.70479
45.8747
-0.74803
-0.73722
-0.76613
-0.68623
-0.68623
-0.69927
-0.6991
-0.69522
-0.71481
-0.69743
-0.74064
-0.72709
-0.72709
-0.69806
-0.72247
-0.80757
-0.80779
-0.6943
-0.69161
-0.69434
-0.66324
-0.7941
-0.68728
-0.6872
-0.82319
-0.76792
-0.78192
-0.74991
-0.79359
-0.86571
-0.9329
-0.75714
-0.79805
-0.79738
-0.89598
-0.77925
-0.81131
-0.80859
-0.81468
-0.82321
-0.87148
-0.96077
-1.0768
-1.3241
-1.0873
-1.2858
-1.1992
-1.213
-1.4107
-1.4718
-1.4816
0
0
0
0
0
0
0
0
0
0
0
0
0
0
0
0
0
0
0
0
0
0
0
0
0
0
0
0
0
0
0
0
0
0
0
0
0
0
0
0
0
0
0
0
0
0
-0.74157
-0.77753
-0.70818
-0.74803
46.0063
-0.74114
-0.77024
-0.68859
-0.68859
-0.7016
-0.70143
-0.69752
-0.71714
-0.69973
-0.74298
-0.7294
-0.7294
-0.70035
-0.7248
-0.80992
-0.81014
-0.69659
-0.69389
-0.69663
-0.66548
-0.79632
-0.68955
-0.68949
-0.82556
-0.77028
-0.78428
-0.75226
-0.79597
-0.86813
-0.93531
-0.75948
-0.80043
-0.79976
-0.89844
-0.78161
-0.81371
-0.81097
-0.81707
-0.82561
-0.87392
-0.96326
-1.0794
-1.3267
-1.0899
-1.2884
-1.2018
-1.2157
-1.4134
-1.4745
-1.4843
0
0
0
0
0
0
0
0
0
0
0
0
0
0
0
0
0
0
0
0
0
0
0
0
0
0
0
0
0
0
0
0
0
0
0
0
0
0
0
0
0
0
0
0
0
0
-0.73494
-0.77034
-0.69907
-0.73722
-0.74114
45.637
-0.75903
-0.68208
-0.68208
-0.69511
-0.69496
-0.69108
-0.71058
-0.69329
-0.7364
-0.72289
-0.72289
-0.69392
-0.71828
-0.80329
-0.80352
-0.69018
-0.68748
-0.69022
-0.65917
-0.78997
-0.68317
-0.6831
-0.81882
-0.76365
-0.77763
-0.74569
-0.78928
-0.86128
-0.9284
-0.75289
-0.79373
-0.79306
-0.89152
-0.77495
-0.80698
-0.80426
-0.81033
-0.81886
-0.86705
-0.95623
-1.0722
-1.3192
-1.0826
-1.2809
-1.1944
-1.2083
-1.4058
-1.4669
-1.4767
0
0
0
0
0
0
0
0
0
0
0
0
0
0
0
0
0
0
0
0
0
0
0
0
0
0
0
0
0
0
0
0
0
0
0
0
0
0
0
0
0
0
0
0
0
0
-0.75008
-0.78613
-0.72398
-0.76613
-0.77024
-0.75903
46.5184
-0.69835
-0.69835
-0.71102
-0.7107
-0.70668
-0.72623
-0.7087
-0.75216
-0.73849
-0.73851
-0.70928
-0.73374
-0.81858
-0.8188
-0.70548
-0.70277
-0.70552
-0.67424
-0.80426
-0.69839
-0.6983
-0.83466
-0.77931
-0.79336
-0.76121
-0.80513
-0.87728
-0.94392
-0.76846
-0.80961
-0.80894
-0.90776
-0.79072
-0.82288
-0.8201
-0.82618
-0.83483
-0.88327
-0.97279
-1.0891
-1.3363
-1.0997
-1.2984
-1.2118
-1.2257
-1.4236
-1.4847
-1.4946
0
0
0
0
0
0
0
0
0
0
0
0
0
0
0
0
0
0
0
0
0
0
0
0
0
0
0
0
0
0
0
0
0
0
0
0
0
0
0
0
0
0
0
0
0
0
-0.67017
-0.69241
-0.66031
-0.68623
-0.68859
-0.68208
-0.69835
40.6315
-0.59782
-0.63339
-0.63284
-0.62873
-0.64556
-0.62927
-0.66894
-0.65857
-0.65857
-0.63055
-0.65272
-0.73499
-0.73519
-0.6272
-0.62397
-0.62724
-0.5972
-0.71926
-0.62014
-0.61978
-0.74882
-0.69665
-0.71005
-0.6793
-0.72178
-0.79008
-0.85609
-0.6865
-0.72628
-0.72563
-0.81993
-0.70824
-0.73928
-0.73614
-0.74152
-0.75107
-0.7974
-0.88357
-0.99693
-1.2362
-1.007
-1.2009
-1.1148
-1.1308
-1.3232
-1.3832
0
0
0
0
0
0
0
0
0
0
0
0
0
0
0
0
0
0
0
0
0
0
0
0
0
0
0
0
0
0
0
0
0
0
0
0
0
0
0
0
0
0
0
0
0
0
0
-0.67016
-0.6924
-0.6603
-0.68623
-0.68859
-0.68208
-0.69835
-0.59782
40.6315
-0.63339
-0.63283
-0.62873
-0.64557
-0.62927
-0.66894
-0.65858
-0.65857
-0.63055
-0.65272
-0.73499
-0.73519
-0.6272
-0.62397
-0.62724
-0.59721
-0.71927
-0.62014
-0.61977
-0.74881
-0.69665
-0.71006
-0.6793
-0.72178
-0.79008
-0.85608
-0.6865
-0.72627
-0.72562
-0.81993
-0.70824
-0.73928
-0.73613
-0.74153
-0.75107
-0.79739
-0.88357
-0.99693
-1.2362
-1.007
-1.2009
-1.1148
-1.1308
-1.3232
-1.3832
0
0
0
0
0
0
0
0
0
0
0
0
0
0
0
0
0
0
0
0
0
0
0
0
0
0
0
0
0
0
0
0
0
0
0
0
0
0
0
0
0
0
0
0
0
0
0
-0.6783
-0.6997
-0.67265
-0.69927
-0.7016
-0.69511
-0.71102
-0.63339
-0.63339
38.5885
-0.64174
-0.63606
-0.64909
-0.63584
-0.68345
-0.6663
-0.6663
-0.63771
-0.66084
-0.73656
-0.73677
-0.63418
-0.63092
-0.63422
-0.60356
-0.71104
-0.62669
-0.62561
-0.75617
-0.70363
-0.7171
-0.68727
-0.72821
-0.79772
-0.86209
-0.69273
-0.73314
-0.73248
-0.82763
-0.71524
-0.74596
-0.74265
-0.74828
-0.75774
-0.8039
-0.88973
-1.0041
-1.2473
-1.0152
-1.2096
-1.1354
0
0
-1.3939
0
0
0
0
0
0
0
0
0
0
0
0
0
0
0
0
0
0
0
0
0
0
0
0
0
0
0
0
0
0
0
0
0
0
0
0
0
0
0
0
0
0
0
0
0
0
0
-0.67626
-0.69765
-0.67231
-0.6991
-0.70143
-0.69496
-0.7107
-0.63284
-0.63283
-0.64174
37.0227
-0.6314
-0.64509
-0.63016
-0.67414
-0.6624
-0.66241
-0.63356
-0.65848
-0.73014
-0.73035
-0.6303
-0.62679
-0.63035
-0.5994
-0.70574
-0.62268
-0.62269
-0.75167
-0.69987
-0.71347
-0.6839
-0.72411
-0.79438
-0.86068
-0.68916
-0.72933
-0.72867
-0.82375
-0.71128
-0.74187
-0.73871
-0.74443
-0.75364
-0.79985
-0.88548
-0.99971
-1.2429
-1.0125
-1.2053
-1.1321
0
0
0
0
0
0
0
0
0
0
0
0
0
0
0
0
0
0
0
0
0
0
0
0
0
0
0
0
0
0
0
0
0
0
0
0
0
0
0
0
0
0
0
0
0
0
0
0
0
0
-0.67135
-0.69253
-0.66835
-0.69522
-0.69752
-0.69108
-0.70668
-0.62873
-0.62873
-0.63606
-0.6314
35.5936
-0.63658
-0.62145
-0.66617
-0.65834
-0.65835
-0.62858
-0.65051
-0.72296
-0.72316
-0.62526
-0.62153
-0.62531
-0.59379
-0.7019
-0.6171
-0.61586
-0.74986
-0.69323
-0.70612
-0.67717
-0.71628
-0.78831
-0.8468
-0.68208
-0.72306
-0.7224
-0.81794
-0.70535
-0.73604
-0.73283
-0.73898
-0.74775
-0.79369
-0.87884
-0.99312
-1.2332
-0.99964
-1.1964
0
0
0
0
0
0
0
0
0
0
0
0
0
0
0
0
0
0
0
0
0
0
0
0
0
0
0
0
0
0
0
0
0
0
0
0
0
0
0
0
0
0
0
0
0
0
0
0
0
0
0
-0.68312
-0.70519
-0.68698
-0.71481
-0.71714
-0.71058
-0.72623
-0.64556
-0.64557
-0.64909
-0.64509
-0.63658
41.0496
-0.62877
-0.67197
-0.6612
-0.66121
-0.63083
-0.64929
-0.73317
-0.73338
-0.62906
-0.62511
-0.62911
-0.5986
-0.70079
-0.6204
-0.59104
-0.74274
-0.69512
-0.7054
-0.67372
-0.71966
-0.78108
-0.83874
-0.67987
-0.72579
-0.72515
-0.81665
-0.70777
-0.73868
-0.73387
-0.74015
-0.75041
-0.79665
-0.88371
-0.99638
0
0
0
0
0
0
0
0
0
0
0
0
0
0
0
0
0
0
0
0
-3.5724
0
0
0
0
0
0
0
0
0
0
0
-5.0958
0
0
0
0
0
0
0
0
0
0
0
0
0
0
0
0
0
0
0
0
0
-0.66967
-0.69465
-0.67027
-0.69743
-0.69973
-0.69329
-0.7087
-0.62927
-0.62927
-0.63584
-0.63016
-0.62145
-0.62877
34.5477
-0.65832
-0.67092
-0.67092
-0.63253
-0.64777
-0.71615
-0.71636
-0.62703
-0.6235
-0.62708
-0.59413
-0.69643
-0.61615
-0.61114
-0.7388
-0.68765
-0.69929
-0.68393
-0.71165
-0.76179
-0.83684
-0.67368
-0.72003
-0.71938
-0.80852
-0.70211
-0.73304
-0.72496
-0.72867
-0.74488
-0.79115
-0.87396
-0.99079
0
0
0
0
0
0
0
0
0
0
0
0
0
0
0
0
0
0
0
0
0
0
0
0
0
0
0
0
0
-2.4996
0
0
0
0
0
0
0
0
0
0
0
0
0
0
0
0
0
0
0
0
0
0
0
0
-0.70393
-0.73442
-0.71284
-0.74064
-0.74298
-0.7364
-0.75216
-0.66894
-0.66894
-0.68345
-0.67414
-0.66617
-0.67197
-0.65832
38.7531
-0.69638
-0.69639
-0.66718
-0.68898
-0.75791
-0.75811
-0.6632
-0.64734
-0.66323
-0.63163
-0.73558
-0.65504
-0.65114
-0.78659
-0.73336
-0.7471
-0.71611
-0.75681
-0.83305
-0.89183
-0.71839
-0.76448
-0.76383
-0.86185
-0.74601
-0.77738
-0.77521
-0.77101
-0.78925
-0.83702
-0.92237
-1.0397
0
0
0
0
0
0
0
0
0
0
0
0
0
0
0
0
0
0
0
0
0
0
0
0
0
-4.7944
0
0
0
0
0
0
0
0
0
0
0
0
0
0
0
0
0
0
0
0
0
0
0
0
0
0
0
0
-0.7004
-0.72171
-0.69954
-0.72709
-0.7294
-0.72289
-0.73849
-0.65857
-0.65858
-0.6663
-0.6624
-0.65834
-0.6612
-0.67092
-0.69638
33.4283
-0.68927
-0.65061
-0.68196
-0.74996
-0.75018
-0.64954
-0.64394
-0.64959
-0.61655
-0.72953
-0.64069
-0.63727
-0.77391
-0.7197
-0.73151
-0.70326
-0.7411
-0.80951
-0.88928
-0.7074
-0.75057
-0.74991
-0.84585
-0.7319
-0.76317
-0.75892
-0.76536
-0.77497
-0.82166
-0.90694
-1.0221
0
0
0
0
0
0
0
0
0
0
0
0
0
0
0
0
0
0
0
0
0
0
0
0
0
0
0
0
0
0
0
0
0
0
0
0
0
0
0
0
0
0
0
0
0
0
0
0
0
0
0
0
0
0
-0.70041
-0.72172
-0.69954
-0.72709
-0.7294
-0.72289
-0.73851
-0.65857
-0.65857
-0.6663
-0.66241
-0.65835
-0.66121
-0.67092
-0.69639
-0.68927
33.4285
-0.65061
-0.68196
-0.74996
-0.75018
-0.64954
-0.64394
-0.6496
-0.61655
-0.72954
-0.64069
-0.63728
-0.77392
-0.71971
-0.73151
-0.70326
-0.7411
-0.80951
-0.88928
-0.7074
-0.75057
-0.74991
-0.84585
-0.7319
-0.76317
-0.75893
-0.76536
-0.77498
-0.82166
-0.90694
-1.0221
0
0
0
0
0
0
0
0
0
0
0
0
0
0
0
0
0
0
0
0
0
0
0
0
0
0
0
0
0
0
0
0
0
0
0
0
0
0
0
0
0
0
0
0
0
0
0
0
0
0
0
0
0
0
-0.67008
-0.69231
-0.67084
-0.69806
-0.70035
-0.69392
-0.70928
-0.63055
-0.63055
-0.63771
-0.63356
-0.62858
-0.63083
-0.63253
-0.66718
-0.65061
-0.65061
31.5249
-0.64287
-0.71506
-0.71526
-0.62313
-0.6086
-0.62317
-0.58672
-0.6942
-0.61033
-0.60526
-0.73665
-0.68802
-0.69841
-0.672
-0.70802
-0.77209
-0.85049
-0.67507
-0.71832
-0.71767
-0.80762
-0.70001
-0.73094
-0.72661
-0.73039
-0.74277
-0.78882
0
0
0
0
0
0
0
0
0
0
0
0
0
0
0
0
0
-1.4089
0
0
0
0
0
0
0
0
0
0
0
0
0
0
0
0
0
0
0
0
0
0
0
0
0
0
0
0
0
0
0
0
0
0
0
0
0
0
-0.68726
-0.71555
-0.69477
-0.72247
-0.7248
-0.71828
-0.73374
-0.65272
-0.65272
-0.66084
-0.65848
-0.65051
-0.64929
-0.64777
-0.68898
-0.68196
-0.68196
-0.64287
37.3605
-0.73039
-0.7306
-0.64515
-0.63964
-0.64519
-0.61185
-0.70572
-0.63498
-0.62858
-0.75676
-0.71062
-0.73204
-0.6958
-0.73595
-0.75289
-0.85423
-0.69859
-0.74363
-0.74297
-0.83106
-0.72595
-0.75771
-0.75558
-0.75274
-0.76959
0
0
0
0
0
0
0
0
0
0
0
0
0
0
0
0
0
-3.4177
0
0
0
-3.6896
0
0
0
0
0
0
0
0
0
0
0
0
0
0
0
0
0
0
0
0
0
0
0
0
0
0
0
0
0
0
0
0
0
0
0
-0.76512
-0.79021
-0.77804
-0.80757
-0.80992
-0.80329
-0.81858
-0.73499
-0.73499
-0.73656
-0.73014
-0.72296
-0.73317
-0.71615
-0.75791
-0.74996
-0.74996
-0.71506
-0.73039
42.3754
-0.8675
-0.71406
-0.70854
-0.71411
-0.68178
-0.79216
-0.70536
-0.70298
-0.82015
-0.77578
-0.79558
-0.76103
-0.80953
-0.85816
-0.91049
-0.76741
-0.81685
-0.81619
-0.89843
-0.79878
-0.83164
-0.82326
-0.82133
-0.84396
-0.89313
0
0
0
0
0
0
0
0
0
0
0
0
0
0
0
0
0
0
0
0
0
0
0
0
0
0
0
0
0
0
0
0
0
0
0
0
0
0
0
0
0
0
0
0
0
0
0
0
0
-8.0622
0
0
0
0
0
0
-0.76533
-0.79041
-0.77827
-0.80779
-0.81014
-0.80352
-0.8188
-0.73519
-0.73519
-0.73677
-0.73035
-0.72316
-0.73338
-0.71636
-0.75811
-0.75018
-0.75018
-0.71526
-0.7306
-0.8675
42.3855
-0.71426
-0.70875
-0.71431
-0.68199
-0.79246
-0.70557
-0.7032
-0.82038
-0.77601
-0.79581
-0.76125
-0.80975
-0.85841
-0.91082
-0.76763
-0.81707
-0.81641
-0.89868
-0.799
-0.83186
-0.82349
-0.82158
-0.84418
-0.89335
0
0
0
0
0
0
0
0
0
0
0
0
0
0
0
0
0
0
0
0
0
0
0
0
0
0
0
0
0
0
0
0
0
0
0
0
0
0
0
0
0
0
0
0
0
0
0
0
0
0
0
0
0
-8.0627
0
0
-0.66777
-0.68851
-0.66717
-0.6943
-0.69659
-0.69018
-0.70548
-0.6272
-0.6272
-0.63418
-0.6303
-0.62526
-0.62906
-0.62703
-0.6632
-0.64954
-0.64954
-0.62313
-0.64515
-0.71406
-0.71426
29.969
-0.61926
-0.59565
-0.57456
-0.69557
-0.6029
-0.59993
-0.73563
-0.68475
-0.69388
-0.6672
-0.70196
-0.78096
-0.84532
-0.6713
-0.71358
-0.71293
-0.81614
-0.69523
-0.72562
-0.71992
-0.72805
-0.73711
-0.78239
0
0
0
0
0
0
0
0
0
0
0
0
0
0
0
0
0
0
0
0
0
0
0
0
0
0
0
0
0
0
0
0
0
0
0
0
0
0
0
0
0
0
0
0
0
0
0
0
0
0
0
0
0
0
0
0
-0.6573
-0.68464
-0.66446
-0.69161
-0.69389
-0.68748
-0.70277
-0.62397
-0.62397
-0.63092
-0.62679
-0.62153
-0.62511
-0.6235
-0.64734
-0.64394
-0.64394
-0.6086
-0.63964
-0.70854
-0.70875
-0.61926
31.1665
-0.61931
-0.57935
-0.68993
-0.60377
-0.59799
-0.73085
-0.6804
-0.68919
-0.66144
-0.69999
-0.77312
-0.84554
-0.6662
-0.71072
-0.71006
-0.79887
-0.69238
-0.72287
-0.69431
-0.71894
-0.73456
0
0
0
0
0
0
0
0
0
0
0
-2.1687
0
0
0
0
0
0
0
0
0
0
0
0
0
0
0
0
0
0
0
0
0
0
0
0
0
0
0
0
0
0
0
0
0
0
0
0
0
0
0
0
0
0
0
0
0
-0.66781
-0.68856
-0.66721
-0.69434
-0.69663
-0.69022
-0.70552
-0.62724
-0.62724
-0.63422
-0.63035
-0.62531
-0.62911
-0.62708
-0.66323
-0.64959
-0.6496
-0.62317
-0.64519
-0.71411
-0.71431
-0.59565
-0.61931
29.9709
-0.5746
-0.69562
-0.60294
-0.59998
-0.73567
-0.68481
-0.69393
-0.66725
-0.70201
-0.78099
-0.84536
-0.67136
-0.71363
-0.71298
-0.81619
-0.69528
-0.72567
-0.71998
-0.72811
-0.73716
-0.78244
0
0
0
0
0
0
0
0
0
0
0
0
0
0
0
0
0
0
0
0
0
0
0
0
0
0
0
0
0
0
0
0
0
0
0
0
0
0
0
0
0
0
0
0
0
0
0
0
0
0
0
0
0
0
0
0
-0.63753
-0.65757
-0.63655
-0.66324
-0.66548
-0.65917
-0.67424
-0.5972
-0.59721
-0.60356
-0.5994
-0.59379
-0.5986
-0.59413
-0.63163
-0.61655
-0.61655
-0.58672
-0.61185
-0.68178
-0.68199
-0.57456
-0.57935
-0.5746
27.8283
-0.66298
-0.57906
-0.57419
-0.70108
-0.65252
-0.65767
-0.63098
-0.66728
-0.74655
-0.80624
-0.63863
-0.68106
-0.6804
-0.77447
-0.66283
-0.69284
-0.68571
-0.69584
-0.70473
0
0
0
0
0
0
0
0
0
0
0
0
0
0
0
0
0
0
0
0
0
0
0
0
0
0
0
0
0
0
0
0
0
0
0
0
0
0
0
0
0
0
0
0
0
0
0
0
0
0
0
0
0
0
0
0
0
-0.75622
-0.77176
-0.76722
-0.7941
-0.79632
-0.78997
-0.80426
-0.71926
-0.71927
-0.71104
-0.70574
-0.7019
-0.70079
-0.69643
-0.73558
-0.72953
-0.72954
-0.6942
-0.70572
-0.79216
-0.79246
-0.69557
-0.68993
-0.69562
-0.66298
42.7236
-0.6846
-0.67804
-0.79016
-0.75669
-0.76839
-0.73264
-0.78301
-0.82499
-0.88284
-0.74155
-0.79464
-0.79397
-0.86811
-0.77622
0
0
0
0
0
0
0
0
0
0
0
0
0
0
0
0
0
0
0
-1.9365
0
0
0
0
0
0
0
0
0
0
0
0
0
-3.6863
0
0
0
0
0
0
0
0
0
0
0
0
0
0
0
0
0
-7.8674
0
0
0
0
0
0
0
0
0
-0.66126
-0.68129
-0.66021
-0.68728
-0.68955
-0.68317
-0.69839
-0.62014
-0.62014
-0.62669
-0.62268
-0.6171
-0.6204
-0.61615
-0.65504
-0.64069
-0.64069
-0.61033
-0.63498
-0.70536
-0.70557
-0.6029
-0.60377
-0.60294
-0.57906
-0.6846
26.6585
-0.59991
-0.72409
-0.67807
-0.68821
-0.67289
-0.67525
-0.76617
-0.83284
-0.66965
-0.70252
-0.70187
-0.77981
-0.68329
-0.7135
0
0
0
0
0
0
0
0
0
0
0
0
0
0
0
0
0
0
0
0
0
0
0
0
0
0
0
0
0
0
0
0
0
0
0
0
0
0
0
0
0
0
0
0
0
0
0
0
0
0
0
0
0
0
0
0
0
0
0
0
-0.66038
-0.67943
-0.66005
-0.6872
-0.68949
-0.6831
-0.6983
-0.61978
-0.61977
-0.62561
-0.62269
-0.61586
-0.59104
-0.61114
-0.65114
-0.63727
-0.63728
-0.60526
-0.62858
-0.70298
-0.7032
-0.59993
-0.59799
-0.59998
-0.57419
-0.67804
-0.59991
28.4454
-0.71693
-0.67313
-0.66539
-0.63678
-0.67924
-0.76371
-0.82583
-0.65526
-0.6978
-0.69714
0
-0.67784
0
0
0
0
0
0
0
0
0
0
0
0
0
0
0
0
0
0
0
0
0
0
0
0
0
0
0
-3.4767
0
0
0
0
0
0
0
0
0
0
0
0
0
0
0
0
0
0
0
0
0
0
0
0
0
0
0
0
0
0
0
0
0
-0.7886
-0.81254
-0.79399
-0.82319
-0.82556
-0.81882
-0.83466
-0.74882
-0.74881
-0.75617
-0.75167
-0.74986
-0.74274
-0.7388
-0.78659
-0.77391
-0.77392
-0.73665
-0.75676
-0.82015
-0.82038
-0.73563
-0.73085
-0.73567
-0.70108
-0.79016
-0.72409
-0.71693
35.0952
-0.81391
-0.80814
-0.77787
-0.81777
-0.88098
0
-0.78771
-0.8341
-0.8334
0
0
0
0
0
0
0
0
0
0
0
0
0
0
0
0
0
0
0
0
0
0
0
0
0
0
0
0
0
0
0
0
0
0
0
0
0
0
0
0
0
0
0
0
-7.0043
0
0
0
0
0
0
0
0
0
0
0
0
0
0
0
0
0
0
-0.73771
-0.76027
-0.73958
-0.76792
-0.77028
-0.76365
-0.77931
-0.69665
-0.69665
-0.70363
-0.69987
-0.69323
-0.69512
-0.68765
-0.73336
-0.7197
-0.71971
-0.68802
-0.71062
-0.77578
-0.77601
-0.68475
-0.6804
-0.68481
-0.65252
-0.75669
-0.67807
-0.67313
-0.81391
25.7643
-0.83
0
-0.69997
0
0
0
0
0
0
0
0
0
0
0
0
0
0
0
0
0
0
0
0
0
0
0
0
0
0
0
0
0
0
0
0
0
-3.2953
0
0
0
0
0
0
0
0
0
0
0
0
0
0
0
0
0
0
0
0
0
0
0
0
0
0
0
0
0
0
0
0
0
0
-0.75091
-0.76675
-0.7534
-0.78192
-0.78428
-0.77763
-0.79336
-0.71005
-0.71006
-0.7171
-0.71347
-0.70612
-0.7054
-0.69929
-0.7471
-0.73151
-0.73151
-0.69841
-0.73204
-0.79558
-0.79581
-0.69388
-0.68919
-0.69393
-0.65767
-0.76839
-0.68821
-0.66539
-0.80814
-0.83
25.7994
0
-0.74707
0
0
0
0
0
0
0
0
0
0
0
0
0
0
0
0
0
0
0
0
0
0
0
0
0
0
0
-2.9558
0
0
0
0
0
0
0
0
0
0
0
0
0
0
0
0
0
0
0
0
0
0
0
0
0
0
0
0
0
0
0
0
0
0
0
0
0
0
0
0
-0.71768
-0.7286
-0.72174
-0.74991
-0.75226
-0.74569
-0.76121
-0.6793
-0.6793
-0.68727
-0.6839
-0.67717
-0.67372
-0.68393
-0.71611
-0.70326
-0.70326
-0.672
-0.6958
-0.76103
-0.76125
-0.6672
-0.66144
-0.66725
-0.63098
-0.73264
-0.67289
-0.63678
-0.77787
0
0
26.4627
0
0
0
0
0
0
0
0
0
0
0
0
0
0
0
0
0
0
0
0
0
0
0
0
0
-0.22286
0
0
-2.9377
0
0
-2.9007
0
0
0
0
0
0
0
0
0
0
0
0
0
0
0
0
0
0
0
0
0
0
0
0
0
0
0
0
0
0
0
0
0
0
0
0
0
-0.76605
-0.78639
-0.76499
-0.79359
-0.79597
-0.78928
-0.80513
-0.72178
-0.72178
-0.72821
-0.72411
-0.71628
-0.71966
-0.71165
-0.75681
-0.7411
-0.7411
-0.70802
-0.73595
-0.80953
-0.80975
-0.70196
-0.69999
-0.70201
-0.66728
-0.78301
-0.67525
-0.67924
-0.81777
-0.69997
-0.74707
0
23.0207
0
0
0
0
0
0
0
0
0
0
0
0
0
0
0
0
0
0
0
0
0
0
0
0
0
0
0
0
0
0
0
0
0
0
0
0
0
0
0
0
0
0
0
0
0
0
0
0
0
0
0
0
0
0
0
0
0
0
0
0
0
0
0
0
0
0
0
0
-0.82678
-0.85459
-0.83594
-0.86571
-0.86813
-0.86128
-0.87728
-0.79008
-0.79008
-0.79772
-0.79438
-0.78831
-0.78108
-0.76179
-0.83305
-0.80951
-0.80951
-0.77209
-0.75289
-0.85816
-0.85841
-0.78096
-0.77312
-0.78099
-0.74655
-0.82499
-0.76617
-0.76371
-0.88098
0
0
0
0
33.8159
0
0
0
0
0
0
0
0
0
0
0
0
0
0
0
0
0
0
0
0
0
0
0
0
0
0
0
0
0
0
0
-3.6481
0
0
0
0
0
0
0
0
0
0
0
0
0
0
0
0
0
0
0
0
-6.6636
0
0
0
0
0
0
0
0
0
0
0
0
0
0
-0.88754
-0.91292
-0.90126
-0.9329
-0.93531
-0.9284
-0.94392
-0.85609
-0.85608
-0.86209
-0.86068
-0.8468
-0.83874
-0.83684
-0.89183
-0.88928
-0.88928
-0.85049
-0.85423
-0.91049
-0.91082
-0.84532
-0.84554
-0.84536
-0.80624
-0.88284
-0.83284
-0.82583
0
0
0
0
0
0
39.4104
0
0
0
0
0
0
0
0
0
0
0
0
0
0
0
0
0
0
0
0
0
0
0
0
0
0
0
0
0
0
0
0
0
0
0
0
0
0
0
0
0
0
0
0
0
0
0
0
0
0
0
0
0
0
-7.4652
0
0
0
0
0
-7.4652
0
0
0
0
0
-0.72552
-0.74737
-0.72892
-0.75714
-0.75948
-0.75289
-0.76846
-0.6865
-0.6865
-0.69273
-0.68916
-0.68208
-0.67987
-0.67368
-0.71839
-0.7074
-0.7074
-0.67507
-0.69859
-0.76741
-0.76763
-0.6713
-0.6662
-0.67136
-0.63863
-0.74155
-0.66965
-0.65526
-0.78771
0
0
0
0
0
0
25.0528
0
0
0
0
0
0
0
0
0
0
0
0
0
0
0
0
0
0
0
0
0
0
0
0
0
0
0
0
0
0
0
0
0
0
0
0
0
0
0
-4.4789
0
0
0
0
0
0
0
0
0
0
0
0
0
0
0
0
0
0
0
0
0
0
0
0
0
-0.77003
-0.79143
-0.76937
-0.79805
-0.80043
-0.79373
-0.80961
-0.72628
-0.72627
-0.73314
-0.72933
-0.72306
-0.72579
-0.72003
-0.76448
-0.75057
-0.75057
-0.71832
-0.74363
-0.81685
-0.81707
-0.71358
-0.71072
-0.71363
-0.68106
-0.79464
-0.70252
-0.6978
-0.8341
0
0
0
0
0
0
0
21.8261
0
0
0
0
0
0
0
0
0
0
0
0
0
0
0
0
0
0
0
0
0
0
0
0
0
0
0
0
0
0
0
0
0
0
0
0
0
0
0
0
0
0
0
0
0
0
0
0
0
0
0
0
0
0
0
0
0
0
0
0
0
0
0
0
-0.76938
-0.79076
-0.76871
-0.79738
-0.79976
-0.79306
-0.80894
-0.72563
-0.72562
-0.73248
-0.72867
-0.7224
-0.72515
-0.71938
-0.76383
-0.74991
-0.74991
-0.71767
-0.74297
-0.81619
-0.81641
-0.71293
-0.71006
-0.71298
-0.6804
-0.79397
-0.70187
-0.69714
-0.8334
0
0
0
0
0
0
0
0
21.8069
0
0
0
0
0
0
0
0
0
0
0
0
0
0
0
0
0
0
0
0
0
0
0
0
0
0
0
0
0
0
0
0
0
0
0
0
0
0
0
0
0
0
0
0
0
0
0
0
0
0
0
0
0
0
0
0
0
0
0
0
0
0
0
-0.86091
-0.88487
-0.8661
-0.89598
-0.89844
-0.89152
-0.90776
-0.81993
-0.81993
-0.82763
-0.82375
-0.81794
-0.81665
-0.80852
-0.86185
-0.84585
-0.84585
-0.80762
-0.83106
-0.89843
-0.89868
-0.81614
-0.79887
-0.81619
-0.77447
-0.86811
-0.77981
0
0
0
0
0
0
0
0
0
0
0
29.2636
0
0
0
0
0
0
0
0
0
0
0
0
0
0
0
0
0
0
0
0
0
0
0
0
0
0
0
0
0
0
0
0
0
0
0
0
0
0
0
0
0
0
0
0
0
0
0
0
0
-6.4807
0
0
0
0
0
0
0
0
0
0
0
0
-0.75202
-0.77278
-0.7508
-0.77925
-0.78161
-0.77495
-0.79072
-0.70824
-0.70824
-0.71524
-0.71128
-0.70535
-0.70777
-0.70211
-0.74601
-0.7319
-0.7319
-0.70001
-0.72595
-0.79878
-0.799
-0.69523
-0.69238
-0.69528
-0.66283
-0.77622
-0.68329
-0.67784
0
0
0
0
0
0
0
0
0
0
0
20.477
0
0
0
0
0
0
0
0
0
0
0
0
0
0
0
0
0
0
0
0
0
0
0
0
0
0
0
0
0
0
0
0
0
0
0
0
0
0
0
0
0
0
0
0
0
0
0
0
0
0
0
0
0
0
0
0
0
0
0
0
0
-0.78305
-0.80463
-0.78254
-0.81131
-0.81371
-0.80698
-0.82288
-0.73928
-0.73928
-0.74596
-0.74187
-0.73604
-0.73868
-0.73304
-0.77738
-0.76317
-0.76317
-0.73094
-0.75771
-0.83164
-0.83186
-0.72562
-0.72287
-0.72567
-0.69284
0
-0.7135
0
0
0
0
0
0
0
0
0
0
0
0
0
19.8356
0
0
0
0
0
0
0
0
0
0
0
0
0
0
0
0
0
0
0
0
0
0
0
0
0
0
0
0
0
0
0
0
0
0
0
0
0
0
0
0
0
0
0
0
0
0
0
0
0
0
0
0
0
0
0
0
0
0
0
0
-0.76218
-0.80099
-0.77978
-0.80859
-0.81097
-0.80426
-0.8201
-0.73614
-0.73613
-0.74265
-0.73871
-0.73283
-0.73387
-0.72496
-0.77521
-0.75892
-0.75893
-0.72661
-0.75558
-0.82326
-0.82349
-0.71992
-0.69431
-0.71998
-0.68571
0
0
0
0
0
0
0
0
0
0
0
0
0
0
0
0
23.3567
0
0
0
0
0
0
0
0
0
0
0
0
0
0
0
0
0
0
0
0
0
0
0
0
0
0
0
0
-4.3827
0
0
0
0
0
0
0
0
0
0
0
0
0
0
0
0
0
0
0
0
0
0
0
0
0
0
0
0
0
0
-0.77808
-0.80374
-0.78582
-0.81468
-0.81707
-0.81033
-0.82618
-0.74152
-0.74153
-0.74828
-0.74443
-0.73898
-0.74015
-0.72867
-0.77101
-0.76536
-0.76536
-0.73039
-0.75274
-0.82133
-0.82158
-0.72805
-0.71894
-0.72811
-0.69584
0
0
0
0
0
0
0
0
0
0
0
0
0
0
0
0
0
24.433
0
0
0
0
0
0
0
0
0
0
0
0
0
0
0
0
0
0
0
0
0
0
0
0
0
0
0
0
0
0
0
0
0
0
0
0
0
0
0
0
0
0
-5.3149
0
0
0
0
0
0
0
0
0
0
0
0
0
0
0
-0.79506
-0.81673
-0.79431
-0.82321
-0.82561
-0.81886
-0.83483
-0.75107
-0.75107
-0.75774
-0.75364
-0.74775
-0.75041
-0.74488
-0.78925
-0.77497
-0.77498
-0.74277
-0.76959
-0.84396
-0.84418
-0.73711
-0.73456
-0.73716
-0.70473
0
0
0
0
0
0
0
0
0
0
0
0
0
0
0
0
0
0
19.4185
0
0
0
0
0
0
0
0
0
0
0
0
0
0
0
0
0
0
0
0
0
0
0
0
0
0
0
0
0
0
0
0
0
0
0
0
0
0
0
0
0
0
0
0
0
0
0
0
0
0
0
0
0
0
0
0
0
-0.8431
-0.86486
-0.84206
-0.87148
-0.87392
-0.86705
-0.88327
-0.7974
-0.79739
-0.8039
-0.79985
-0.79369
-0.79665
-0.79115
-0.83702
-0.82166
-0.82166
-0.78882
0
-0.89313
-0.89335
-0.78239
0
-0.78244
0
0
0
0
0
0
0
0
0
0
0
0
0
0
0
0
0
0
0
0
18.2462
0
0
0
0
0
0
0
0
0
0
0
0
0
0
0
0
0
0
0
0
0
0
0
0
0
0
0
0
0
0
0
0
0
0
0
0
0
0
0
0
0
0
0
0
0
0
0
0
0
0
0
0
0
0
0
0
-0.92765
-0.95279
-0.93044
-0.96077
-0.96326
-0.95623
-0.97279
-0.88357
-0.88357
-0.88973
-0.88548
-0.87884
-0.88371
-0.87396
-0.92237
-0.90694
-0.90694
0
0
0
0
0
0
0
0
0
0
0
0
0
0
0
0
0
0
0
0
0
0
0
0
0
0
0
0
18.7532
0
0
0
0
0
0
0
0
0
0
0
0
0
0
0
0
0
0
0
0
-3.1742
0
0
0
0
0
0
0
0
0
0
0
0
0
0
0
0
0
0
0
0
0
0
0
0
0
0
0
0
0
0
0
0
0
0
-1.0464
-1.0701
-1.0456
-1.0768
-1.0794
-1.0722
-1.0891
-0.99693
-0.99693
-1.0041
-0.99971
-0.99312
-0.99638
-0.99079
-1.0397
-1.0221
-1.0221
0
0
0
0
0
0
0
0
0
0
0
0
0
0
0
0
0
0
0
0
0
0
0
0
0
0
0
0
0
17.5415
0
0
0
0
0
0
0
0
0
0
0
0
0
0
0
0
0
0
0
0
0
0
0
0
0
0
0
0
0
0
0
0
0
0
0
0
0
0
0
0
0
0
0
0
0
0
0
0
0
0
0
0
0
0
-1.2774
-1.3087
-1.2908
-1.3241
-1.3267
-1.3192
-1.3363
-1.2362
-1.2362
-1.2473
-1.2429
-1.2332
0
0
0
0
0
0
0
0
0
0
0
0
0
0
0
0
0
0
0
0
0
0
0
0
0
0
0
0
0
0
0
0
0
0
0
31.8229
0
0
0
0
0
0
0
0
0
0
0
0
0
0
0
0
0
0
0
0
0
-3.8893
0
0
0
0
0
0
0
0
0
0
0
0
0
0
-6.2773
0
0
0
0
0
0
0
0
0
0
0
-6.2773
0
0
0
0
-1.0551
-1.0813
-1.0561
-1.0873
-1.0899
-1.0826
-1.0997
-1.007
-1.007
-1.0152
-1.0125
-0.99964
0
0
0
0
0
0
0
0
0
0
0
0
0
0
0
0
0
0
0
0
0
0
0
0
0
0
0
0
0
0
0
0
0
0
0
0
15.6824
0
0
0
0
0
0
0
0
0
0
0
0
0
0
0
0
0
0
0
0
-3.0891
0
0
0
0
0
0
0
0
0
0
0
0
0
0
0
0
0
0
0
0
0
0
0
0
0
0
0
0
0
0
0
-1.2483
-1.2733
-1.2533
-1.2858
-1.2884
-1.2809
-1.2984
-1.2009
-1.2009
-1.2096
-1.2053
-1.1964
0
0
0
0
0
0
0
0
0
0
0
0
0
0
0
0
0
0
0
0
0
0
0
0
0
0
0
0
0
0
0
0
0
0
0
0
0
20.6904
0
0
0
0
0
0
0
0
0
0
0
0
0
0
0
0
0
0
0
0
0
0
0
0
0
0
0
0
0
0
0
0
0
-5.7487
0
0
0
0
0
0
0
0
0
0
0
0
0
0
0
0
0
-1.1657
-1.1917
-1.1671
-1.1992
-1.2018
-1.1944
-1.2118
-1.1148
-1.1148
-1.1354
-1.1321
0
0
0
0
0
0
0
0
0
0
0
0
0
0
0
0
0
0
0
0
0
0
0
0
0
0
0
0
0
0
0
0
0
0
0
0
0
0
0
20.8197
0
0
0
0
0
0
0
0
0
0
0
0
0
-3.7714
0
0
0
0
0
0
0
0
0
-4.2194
0
0
0
0
0
0
0
0
0
0
0
0
0
0
0
0
0
0
0
0
0
0
0
0
0
0
-1.1694
-1.2029
-1.181
-1.213
-1.2157
-1.2083
-1.2257
-1.1308
-1.1308
0
0
0
0
0
0
0
0
0
0
0
0
0
0
0
0
0
0
0
0
0
0
0
0
0
0
0
0
0
0
0
0
0
0
0
0
0
0
0
0
0
0
18.1905
0
0
0
0
0
0
0
0
0
-2.9125
0
0
0
0
0
0
0
0
0
0
0
0
0
0
0
0
0
0
0
0
0
0
0
0
0
-4.6004
0
0
0
0
0
0
0
0
0
0
0
0
0
-1.3791
-1.4017
-1.3779
-1.4107
-1.4134
-1.4058
-1.4236
-1.3232
-1.3232
0
0
0
0
0
0
0
0
0
0
0
0
0
0
0
0
0
0
0
0
0
0
0
0
0
0
0
0
0
0
0
0
0
0
0
0
0
0
0
0
0
0
0
15.703
0
0
0
0
0
0
0
0
0
0
0
-3.2444
0
0
0
0
0
0
0
0
0
0
0
0
0
0
0
0
0
0
0
0
0
0
0
0
0
0
0
0
0
0
0
0
0
0
0
0
-1.4409
-1.4632
-1.4388
-1.4718
-1.4745
-1.4669
-1.4847
-1.3832
-1.3832
-1.3939
0
0
0
0
0
0
0
0
0
0
0
0
0
0
0
0
0
0
0
0
0
0
0
0
0
0
0
0
0
0
0
0
0
0
0
0
0
0
0
0
0
0
0
14.4011
0
0
0
0
0
0
0
0
0
0
0
0
0
0
0
0
0
0
0
0
0
0
0
0
0
0
0
0
0
0
0
0
0
0
0
0
0
0
0
0
0
0
0
0
0
0
0
-1.3003
-1.4716
-1.4488
-1.4816
-1.4843
-1.4767
-1.4946
0
0
0
0
0
0
0
0
0
0
0
0
0
0
0
0
0
0
0
0
0
0
0
0
0
0
0
0
0
0
0
0
0
0
0
0
0
0
0
0
0
0
0
0
0
0
0
12.7682
0
0
0
0
0
0
0
0
0
0
0
0
0
-2.6104
0
0
0
0
0
0
0
0
0
0
0
0
0
0
0
0
0
0
0
0
0
0
0
0
0
0
0
0
0
0
0
0
-2.2825
0
0
0
0
0
0
0
0
0
0
0
0
0
0
0
0
0
0
0
0
0
-2.1687
0
0
0
0
0
0
0
0
0
0
0
0
0
0
0
0
0
0
0
0
0
0
0
0
0
0
0
0
0
0
0
0
13.9763
0
0
-2.4417
0
0
0
0
0
0
0
0
0
0
0
-3.6194
0
-3.464
0
0
0
0
0
0
0
0
0
0
0
0
0
0
0
0
0
0
0
0
0
0
0
0
0
0
0
0
0
-2.4854
0
0
0
0
0
0
0
0
0
0
0
0
0
0
0
0
0
0
0
0
0
0
0
0
0
0
0
0
0
0
0
0
0
0
0
0
0
0
0
0
0
0
0
0
0
0
0
0
0
0
0
0
0
0
11.0475
0
-2.3466
0
-2.9189
0
0
-3.2966
0
0
0
0
0
0
0
0
0
0
0
0
0
0
0
0
0
0
0
0
0
0
0
0
0
0
0
0
0
0
0
0
0
0
0
0
0
0
0
0
0
0
0
0
0
0
0
0
0
0
0
0
0
0
0
0
0
0
0
0
0
0
0
0
0
0
0
0
-0.22286
0
0
0
0
0
0
0
0
0
0
0
0
0
0
0
0
0
0
0
0
0
0
0
0
0
9.5053
0
0
0
0
0
-2.6788
0
0
0
0
0
0
0
0
0
0
0
0
-3.6431
0
0
0
0
0
0
0
0
0
0
0
0
0
0
0
0
0
0
0
0
-2.9606
0
0
0
0
0
0
0
0
0
0
0
0
0
0
0
0
0
0
0
0
0
0
0
0
0
0
0
0
0
0
0
0
0
0
0
0
0
0
0
0
0
0
0
0
0
0
0
0
0
0
0
0
0
0
0
0
0
0
-2.4417
-2.3466
0
12.2257
0
0
0
-3.3374
0
0
0
0
0
0
0
0
0
0
0
0
0
0
0
0
0
0
0
0
0
0
0
0
0
0
0
-4.1
0
0
0
0
0
0
0
0
0
0
0
0
0
0
0
0
0
0
0
0
0
0
0
0
0
0
0
0
0
0
0
0
0
0
0
-1.9365
0
0
0
0
0
0
0
0
0
0
0
0
0
0
0
0
0
0
0
0
0
0
0
0
0
0
0
0
0
0
0
0
0
12.5024
0
0
0
0
0
0
0
0
-3.1485
0
0
0
0
-3.3742
0
0
0
0
0
0
0
0
0
0
0
0
0
0
0
0
0
0
-4.0432
0
0
0
0
0
0
0
0
0
0
0
0
0
0
0
0
0
0
0
0
0
0
0
0
0
0
0
0
0
0
0
0
0
0
0
0
0
0
-2.9558
-2.9377
0
0
0
0
0
0
0
0
0
0
0
0
0
0
0
0
0
0
0
0
0
0
0
0
-2.9189
0
0
0
12.7022
0
0
0
0
0
0
0
0
0
0
-3.8898
0
0
0
0
0
0
0
0
0
0
0
0
0
0
0
0
0
0
0
0
0
0
0
0
0
0
0
0
0
0
0
0
0
0
0
0
0
0
0
0
0
0
0
0
0
0
0
-3.4177
0
0
0
0
0
0
0
0
0
0
0
0
0
0
0
0
0
0
0
0
0
0
0
0
0
0
0
0
0
0
0
0
-2.9125
0
0
0
0
0
0
0
0
0
14.1391
0
0
0
0
0
0
0
0
0
0
0
0
0
0
0
-3.8411
0
0
0
-3.9678
0
0
0
0
0
0
0
0
0
0
0
0
0
0
0
0
0
0
0
0
0
0
0
0
0
0
0
0
0
0
0
0
0
0
0
0
-1.4089
0
0
0
0
0
0
0
0
0
0
0
0
0
0
0
0
0
0
0
0
0
0
0
0
0
0
0
0
0
0
0
0
0
0
0
0
0
0
0
0
-3.3374
0
0
0
12.3717
0
0
-2.892
0
0
0
0
0
0
0
0
0
0
0
0
0
0
0
0
0
0
0
0
0
0
0
0
0
0
0
-4.7335
0
0
0
0
0
0
0
0
0
0
0
0
0
0
0
0
0
0
0
0
0
0
0
0
0
0
0
0
0
0
0
0
0
0
0
0
0
0
-2.9007
0
0
0
0
0
0
0
0
0
0
0
0
0
0
0
0
0
0
0
0
0
0
0
0
-3.2966
-2.6788
0
0
0
0
0
8.8761
0
0
0
0
0
0
0
0
0
0
0
0
0
0
0
0
0
0
0
0
0
0
0
0
0
0
0
0
0
0
0
0
0
0
0
0
0
0
0
0
0
0
0
0
0
0
0
0
0
0
0
0
0
0
0
0
0
0
0
0
0
0
0
0
0
0
0
0
0
0
0
0
0
0
0
0
0
0
0
0
0
0
0
0
0
0
0
-3.7714
0
-3.2444
0
0
0
0
0
0
0
0
0
0
0
11.8186
0
0
0
0
0
0
0
0
0
0
0
0
0
-4.8027
0
0
0
0
0
0
0
0
0
0
0
0
0
0
0
0
0
0
0
0
0
0
0
0
0
0
0
0
0
0
0
0
0
0
0
0
0
0
0
0
-3.6896
0
0
0
0
0
0
0
0
0
0
0
0
0
0
-3.6481
0
0
0
0
0
0
0
0
0
0
0
0
0
0
0
0
0
0
0
0
0
0
0
0
0
0
0
0
-2.892
0
0
10.2297
0
0
0
0
0
0
0
0
0
0
0
0
0
0
0
0
0
0
0
0
0
0
0
0
0
0
0
0
0
0
0
0
0
0
0
0
0
0
0
0
0
0
0
0
0
0
0
0
0
0
0
0
0
0
0
0
0
0
0
0
0
0
0
0
-3.2953
0
0
0
0
0
0
0
0
0
0
0
0
0
0
0
-3.1742
0
0
0
0
0
0
0
0
0
0
0
0
0
0
0
0
0
0
0
0
7.2072
0
0
0
0
0
0
0
0
0
0
0
0
0
0
0
0
0
0
0
0
0
0
0
0
0
0
0
0
0
0
0
0
-0.73773
0
0
0
0
0
0
0
0
0
0
0
0
0
-3.5724
0
0
0
0
0
0
0
0
0
0
0
0
0
0
-3.4767
0
0
0
0
0
0
0
0
0
0
0
0
0
0
0
0
0
0
0
0
0
0
0
0
0
0
0
0
0
0
0
0
0
0
0
0
0
0
0
11.1908
0
0
0
0
0
0
0
0
0
0
0
0
0
0
0
0
0
0
0
0
0
0
0
0
0
0
0
0
0
0
0
0
-4.1417
-3.8809
0
0
0
0
0
0
0
0
0
0
0
0
0
0
0
0
0
0
0
0
0
0
0
0
0
0
0
0
0
0
0
0
0
0
0
0
0
0
0
0
0
0
0
0
0
0
0
0
0
0
0
0
0
-2.6104
0
0
0
0
-3.1485
0
0
0
0
0
0
0
0
9.6398
0
0
0
0
0
0
0
0
0
0
0
0
0
0
0
0
0
0
0
0
0
0
0
0
0
0
0
0
0
0
0
0
0
0
0
0
0
0
0
0
0
0
0
0
0
0
0
0
0
0
0
0
0
0
0
0
0
0
0
0
0
0
0
0
0
0
0
0
0
0
0
0
0
0
0
0
0
0
0
-3.8893
-3.0891
0
0
0
0
0
0
0
0
0
0
0
0
0
0
0
0
0
0
0
0
10.6874
0
0
0
0
0
0
0
0
0
0
-3.709
0
0
0
0
0
0
0
0
0
0
0
0
0
0
0
0
0
0
0
0
0
0
0
0
0
0
0
0
0
0
0
0
0
0
0
0
0
0
0
0
0
0
0
0
0
0
0
0
0
0
0
0
0
0
0
0
0
0
0
0
0
-4.3827
0
0
0
0
0
0
0
0
0
0
0
0
0
-3.6194
0
0
0
0
0
0
0
0
0
0
0
0
0
0
8.0021
0
0
0
0
0
0
0
0
0
0
0
0
0
0
0
0
0
0
0
0
0
0
0
0
0
0
0
0
0
0
0
0
0
0
0
0
0
0
0
0
0
0
0
0
0
0
0
0
0
0
0
0
0
0
0
0
0
0
0
0
0
0
0
0
0
0
0
0
0
0
0
0
0
0
0
0
0
0
0
0
0
0
0
0
0
0
0
0
0
0
-3.8898
0
0
0
0
0
0
0
0
0
0
8.7035
0
0
0
0
0
-4.8138
0
0
0
0
0
0
0
0
0
0
0
0
0
0
0
0
0
0
0
0
0
0
0
0
0
0
0
0
0
0
0
0
0
0
0
0
0
-4.7944
0
0
0
0
0
0
0
0
0
0
0
0
0
0
0
0
0
0
0
0
0
0
0
0
0
0
0
0
0
0
0
0
0
0
0
0
0
0
0
0
-3.464
0
0
0
0
0
0
0
0
0
0
0
0
0
0
0
0
8.2584
0
0
0
0
0
0
0
0
0
0
0
0
0
0
0
0
0
0
0
0
0
0
0
0
0
0
0
0
0
0
0
0
0
0
0
0
0
0
0
0
0
0
0
0
0
0
0
0
0
0
0
0
0
-3.6863
0
0
0
0
0
0
0
0
0
0
0
0
0
0
0
0
0
0
0
0
0
0
0
0
0
0
0
0
0
0
0
0
0
-3.3742
0
0
0
0
0
0
0
0
0
0
0
0
0
7.0605
0
0
0
0
0
0
0
0
0
0
0
0
0
0
0
0
0
0
0
0
0
0
0
0
0
0
0
0
0
0
0
0
0
0
0
0
0
0
0
0
0
0
0
0
0
0
0
0
0
0
0
0
0
0
0
0
0
0
0
0
0
0
0
0
0
0
0
0
0
0
0
0
0
0
0
0
0
-4.2194
0
0
0
0
0
0
0
0
0
0
0
0
0
0
0
0
0
0
0
0
0
0
0
8.5916
0
0
0
0
0
-4.3723
0
0
0
0
0
0
0
0
0
0
0
0
0
0
0
0
0
0
0
0
0
0
0
0
0
0
0
0
0
0
0
0
0
0
0
0
0
0
0
0
0
0
0
0
0
0
0
0
0
0
0
0
0
0
0
-4.4789
0
0
0
0
0
0
0
0
0
0
0
0
0
0
0
0
0
0
0
0
0
0
0
0
0
0
0
0
0
0
0
0
0
0
0
0
0
0
0
8.5102
0
0
0
0
0
-4.0313
0
0
0
0
0
0
0
0
0
0
0
0
0
0
0
0
0
0
0
0
0
0
0
0
0
0
0
0
0
0
0
0
-2.4996
0
0
0
0
0
0
0
0
0
0
0
0
0
0
0
0
0
0
0
0
0
0
0
0
0
0
0
0
0
0
0
0
0
0
0
0
0
0
0
0
0
0
0
-3.6431
0
0
0
0
0
0
0
0
0
0
0
0
0
0
0
0
0
0
6.1427
0
0
0
0
0
0
0
0
0
0
0
0
0
0
0
0
0
0
0
0
0
0
0
0
0
0
0
0
0
0
0
0
0
0
0
0
0
0
0
0
0
0
0
0
0
0
0
0
0
0
0
0
0
0
0
0
0
0
0
0
0
0
0
0
0
0
0
0
0
0
0
0
0
0
0
0
0
0
0
0
0
0
0
0
0
-3.8411
0
0
0
0
0
0
0
0
0
-4.8138
0
0
0
0
0
8.6548
0
0
0
0
0
0
0
0
0
0
0
0
0
0
0
0
0
0
0
0
0
0
0
0
0
0
0
0
0
0
0
0
0
0
0
0
0
0
0
0
0
0
0
0
0
0
0
0
0
0
0
0
0
0
0
0
0
0
0
0
0
0
0
0
0
0
0
0
0
0
0
0
0
0
0
0
0
0
0
0
0
0
0
0
0
0
0
-4.8027
0
0
0
0
0
0
0
0
0
0
0
0
0
9.6554
-4.8527
0
0
0
0
0
0
0
0
0
0
0
0
0
0
0
0
0
0
0
0
0
0
0
0
0
0
0
0
0
0
0
0
0
-5.0958
0
0
0
0
0
0
0
0
0
0
0
0
0
0
0
0
0
0
0
0
0
0
0
0
0
0
0
0
0
0
0
0
0
0
0
0
0
0
0
0
0
0
0
0
0
0
0
0
0
0
0
0
0
0
0
0
0
0
0
0
0
0
0
0
0
-4.8527
9.9484
0
0
0
0
0
0
0
0
0
0
0
0
0
0
0
0
0
0
0
0
0
0
0
0
0
0
0
0
0
0
0
0
0
0
0
0
0
0
0
0
0
0
0
0
0
0
0
0
0
0
0
0
0
0
0
0
0
0
0
0
0
0
0
0
0
0
0
0
0
0
0
0
0
0
0
0
0
0
0
0
0
0
0
0
0
0
0
0
0
0
-3.709
0
0
0
0
-4.3723
0
0
0
0
0
8.0812
0
0
0
0
0
0
0
0
0
0
0
0
0
0
0
0
0
0
0
0
0
0
0
0
0
0
0
0
0
0
0
0
0
0
0
0
0
0
0
0
0
0
0
0
0
0
0
0
0
0
0
0
0
0
0
0
0
0
0
0
0
0
0
0
0
0
0
0
0
0
0
0
0
0
0
0
0
0
0
0
0
-3.9678
0
0
0
0
0
0
0
0
0
0
0
0
0
-4.0313
0
0
0
0
0
7.9991
0
0
0
0
0
0
0
0
0
0
0
0
0
0
0
0
0
0
0
0
0
0
0
0
0
0
0
0
0
0
0
0
0
0
0
0
0
0
0
0
0
0
0
0
0
0
0
-7.0043
0
0
0
0
0
0
0
0
0
0
0
0
0
0
0
0
0
0
0
0
0
0
0
0
0
0
0
0
0
0
0
0
0
0
0
0
0
0
0
0
0
0
0
0
0
0
0
0
0
0
0
0
0
7.0043
0
0
0
0
0
0
0
0
0
0
0
0
0
0
0
0
0
0
0
0
0
0
0
0
0
0
0
0
0
0
0
0
0
0
0
0
0
0
0
0
0
0
0
0
0
0
0
0
0
0
0
0
0
0
0
0
0
0
0
0
0
0
0
0
0
0
0
-5.7487
0
0
0
0
0
0
0
0
0
0
0
0
0
0
0
0
0
0
0
0
0
0
0
0
0
0
0
0
0
0
0
0
0
5.7487
0
0
0
0
0
0
0
0
0
0
0
0
0
0
0
0
0
0
0
0
0
0
0
0
0
0
0
0
0
0
0
0
0
0
0
0
0
0
0
0
0
0
0
0
0
0
0
0
0
0
0
0
0
0
0
0
0
0
0
0
0
0
0
0
-6.2773
0
0
0
0
0
0
0
0
0
0
0
0
0
0
0
0
0
0
0
0
0
0
0
0
0
0
0
0
0
0
0
0
0
0
0
0
6.2773
0
0
0
0
0
0
0
0
0
0
0
0
0
0
0
0
0
0
0
0
0
0
0
0
0
0
0
0
0
0
0
0
0
0
0
0
0
0
0
0
0
0
0
0
0
0
0
0
0
0
0
0
0
0
0
0
0
0
-5.3149
0
0
0
0
0
0
0
0
0
0
0
0
0
0
0
0
0
0
0
0
0
0
0
0
0
0
0
0
0
0
0
0
0
0
0
0
0
0
0
0
0
0
5.3149
0
0
0
0
0
0
0
0
0
0
0
0
0
0
0
0
0
0
0
0
0
0
0
0
0
0
0
0
0
0
0
0
0
0
0
0
0
0
0
0
0
0
0
0
0
0
0
0
-6.6636
0
0
0
0
0
0
0
0
0
0
0
0
0
0
0
0
0
0
0
0
0
0
0
0
0
0
0
0
0
0
0
0
0
0
0
0
0
0
0
0
0
0
0
0
0
0
0
0
0
0
0
0
6.6636
0
0
0
0
0
0
0
0
0
0
0
0
0
0
0
0
0
0
0
0
0
0
0
0
0
0
0
0
0
0
0
0
0
0
0
0
0
0
0
0
0
0
0
0
0
0
0
0
0
0
0
0
0
0
0
0
0
0
0
0
0
0
0
0
0
-4.6004
0
0
0
0
0
0
0
0
0
0
0
0
0
0
0
0
0
0
0
0
0
0
0
0
0
0
0
0
0
0
0
0
0
0
0
4.6004
0
0
0
0
0
0
0
0
0
0
0
0
0
0
0
0
0
0
0
0
0
0
0
0
0
0
0
0
0
0
0
0
0
0
0
0
0
0
0
0
0
0
0
0
0
0
0
0
0
0
0
-6.4807
0
0
0
0
0
0
0
0
0
0
0
0
0
0
0
0
0
0
0
0
0
0
0
0
0
0
0
0
0
0
0
0
0
0
0
0
0
0
0
0
0
0
0
0
0
0
0
0
0
6.4807
0
0
0
0
0
0
0
0
0
0
0
0
0
0
0
0
0
0
0
0
0
0
0
0
0
0
0
0
0
0
0
0
0
0
0
0
0
0
0
0
0
0
0
0
0
0
-7.4652
0
0
0
0
0
0
0
0
0
0
0
0
0
0
0
0
0
0
0
0
0
0
0
0
0
0
0
0
0
0
0
0
0
0
0
0
0
0
0
0
0
0
0
0
0
0
0
0
0
0
0
0
0
0
7.4652
0
0
0
0
0
0
0
0
0
0
0
0
0
0
0
0
0
0
0
0
0
0
0
0
0
0
0
0
0
0
0
0
0
0
0
0
0
0
0
0
0
0
0
0
0
0
0
0
0
0
0
0
0
0
0
0
0
0
0
0
0
0
0
0
0
0
0
0
0
-4.1
0
0
0
0
0
0
0
0
0
0
0
0
0
0
0
0
0
0
0
0
0
0
0
0
0
0
0
0
0
0
0
4.1
0
0
0
0
0
0
0
0
0
0
0
0
0
0
0
0
0
0
0
0
0
0
0
0
0
0
0
0
0
0
0
0
0
0
0
-7.8674
0
0
0
0
0
0
0
0
0
0
0
0
0
0
0
0
0
0
0
0
0
0
0
0
0
0
0
0
0
0
0
0
0
0
0
0
0
0
0
0
0
0
0
0
0
0
0
0
0
0
0
0
0
0
0
0
0
0
0
0
0
0
0
0
0
7.8674
0
0
0
0
0
0
0
0
0
0
0
0
0
0
0
0
0
0
0
0
0
0
0
0
0
0
0
0
0
0
0
0
0
0
0
0
0
0
0
0
0
0
0
0
0
0
0
0
0
0
0
0
0
0
0
0
0
0
0
0
0
0
0
0
0
0
0
0
-4.0432
0
0
0
0
0
0
0
0
0
0
0
0
0
0
0
0
0
0
0
0
0
0
0
0
0
0
0
0
0
0
0
0
4.0432
0
0
0
0
0
0
0
0
0
0
0
0
0
0
0
0
0
0
0
0
0
0
0
0
0
0
0
0
0
0
0
0
0
0
0
0
0
0
0
0
0
0
0
0
0
0
0
0
0
0
0
0
0
0
0
0
0
0
0
0
0
0
0
0
0
0
0
0
0
0
-4.7335
0
0
0
0
0
0
0
0
0
0
0
0
0
0
0
0
0
0
0
0
0
0
0
0
0
0
0
0
0
0
4.7335
0
0
0
0
0
0
0
0
0
0
0
0
0
0
0
0
0
0
0
0
0
0
0
0
0
0
-8.0622
0
0
0
0
0
0
0
0
0
0
0
0
0
0
0
0
0
0
0
0
0
0
0
0
0
0
0
0
0
0
0
0
0
0
0
0
0
0
0
0
0
0
0
0
0
0
0
0
0
0
0
0
0
0
0
0
0
0
0
0
0
0
0
0
0
0
0
0
0
0
0
0
0
0
8.0622
0
0
0
0
0
0
0
0
0
0
0
0
0
0
0
0
0
0
0
0
0
0
0
0
0
0
0
0
0
0
0
0
0
0
0
0
0
0
0
0
-7.4652
0
0
0
0
0
0
0
0
0
0
0
0
0
0
0
0
0
0
0
0
0
0
0
0
0
0
0
0
0
0
0
0
0
0
0
0
0
0
0
0
0
0
0
0
0
0
0
0
0
0
0
0
0
0
0
0
0
0
0
0
7.4652
0
0
0
0
0
0
0
0
0
0
0
0
0
0
0
0
0
0
0
0
0
0
0
0
0
0
0
0
0
0
0
0
0
0
0
0
0
0
0
0
0
0
0
0
0
0
0
0
0
0
0
0
-6.2773
0
0
0
0
0
0
0
0
0
0
0
0
0
0
0
0
0
0
0
0
0
0
0
0
0
0
0
0
0
0
0
0
0
0
0
0
0
0
0
0
0
0
0
0
0
0
0
0
6.2773
0
0
0
0
0
0
0
0
0
0
0
0
0
0
0
0
0
0
0
0
0
0
0
0
0
0
0
0
0
0
0
0
0
0
0
0
0
0
0
0
0
0
0
0
0
0
0
0
0
0
0
0
0
0
0
0
0
0
0
0
0
-2.9606
0
0
0
0
0
0
0
0
0
0
0
0
0
0
0
0
0
0
0
0
0
0
0
0
0
0
0
0
0
0
0
0
0
0
0
0
0
0
0
2.9606
0
0
0
0
0
0
0
0
0
0
0
0
0
0
0
0
0
0
0
0
0
0
0
-8.0627
0
0
0
0
0
0
0
0
0
0
0
0
0
0
0
0
0
0
0
0
0
0
0
0
0
0
0
0
0
0
0
0
0
0
0
0
0
0
0
0
0
0
0
0
0
0
0
0
0
0
0
0
0
0
0
0
0
0
0
0
0
0
0
0
0
0
0
0
0
0
0
0
0
0
0
0
0
8.0627
0
0
0
0
0
0
0
0
0
0
0
0
0
0
0
0
0
0
0
0
0
0
0
0
0
0
0
0
0
0
0
0
0
0
0
0
0
0
0
0
0
0
0
0
0
0
0
0
0
0
0
0
0
0
0
0
0
0
0
0
0
0
0
0
0
0
0
0
-0.73773
0
0
0
0
0
0
0
0
0
0
0
0
0
0
0
0
0
0
0
0
0
0
0
0
0
0
0
0
0
0
0
0
0.73773
0
0
0
0
0
0
0
0
0
0
0
0
0
0
0
0
0
0
0
0
0
0
0
0
0
0
0
0
0
0
0
0
0
0
0
0
0
0
0
0
0
0
0
0
0
0
0
0
0
0
0
0
0
0
0
0
0
0
0
0
0
0
0
0
0
0
0
0
-4.1417
0
0
0
0
0
0
0
0
0
0
0
0
0
0
0
0
0
0
0
0
0
0
0
0
0
0
0
0
0
0
0
0
4.1417
