50.2092
-0.71722
-0.69761
-0.73284
-0.73555
-0.72775
-0.74455
-0.66096
-0.66095
-0.66915
-0.66741
-0.66046
-0.67606
-0.66277
-0.69656
-0.69218
-0.6922
-0.66203
-0.68007
-0.75612
-0.75643
-0.66126
-0.64887
-0.66131
-0.63212
-0.75515
-0.65558
-0.64879
-0.78438
-0.73217
-0.74359
-0.71147
-0.7637
-0.82496
-0.88375
-0.72141
-0.76573
-0.76482
-0.86275
-0.74974
-0.78743
-0.75837
-0.77564
-0.79872
-0.84543
-0.92951
-1.0489
-1.285
-1.0583
-1.266
-1.1675
-1.1751
-1.3891
-1.4503
-1.3069
-2.3084
0
0
0
0
0
0
0
0
0
0
0
0
-3.938
0
0
0
0
0
0
0
0
0
0
0
0
0
0
0
0
0
0
0
0
0
0
0
0
0
0
0
0
0
0
0
0
-0.71722
47.9767
-0.73152
-0.77019
-0.77312
-0.76461
-0.78216
-0.6839
-0.6839
-0.69126
-0.68954
-0.68234
-0.69881
-0.68879
-0.72841
-0.71424
-0.71425
-0.68494
-0.70928
-0.78204
-0.78235
-0.68272
-0.67708
-0.68278
-0.65283
-0.77058
-0.67629
-0.66828
-0.80915
-0.75552
-0.75965
-0.72219
-0.78476
-0.85362
-0.91047
-0.74425
-0.78792
-0.787
-0.88743
-0.77128
-0.80996
-0.79923
-0.80234
-0.82137
-0.86828
-0.95584
-1.0741
-1.3177
-1.0858
-1.2924
-1.1945
-1.2101
-1.4127
-1.4735
-1.4865
0
-2.5158
0
0
0
0
0
0
0
0
0
0
0
0
0
0
0
0
0
0
0
0
0
0
0
0
0
0
0
0
0
0
0
0
0
0
0
0
0
0
0
0
0
0
0
0
-0.69761
-0.73152
43.9055
-0.69269
-0.69659
-0.68598
-0.71379
-0.64734
-0.64734
-0.65956
-0.65953
-0.65348
-0.67539
-0.65942
-0.70192
-0.68723
-0.68723
-0.65877
-0.68369
-0.7642
-0.76455
-0.65665
-0.65227
-0.6567
-0.62715
-0.762
-0.65048
-0.64431
-0.78568
-0.72983
-0.74195
-0.71145
-0.75838
-0.82992
-0.8942
-0.72096
-0.7608
-0.75988
-0.86347
-0.74425
-0.78267
-0.77294
-0.77947
-0.79371
-0.84012
-0.92789
-1.0438
-1.2939
-1.0549
-1.2665
-1.1641
-1.1827
-1.3831
-1.4435
-1.458
0
0
0
0
0
0
0
0
0
0
0
0
0
0
0
0
0
0
0
0
0
0
0
0
0
0
0
0
0
0
0
0
0
0
0
0
0
0
0
0
0
0
0
0
0
0
-0.73284
-0.77019
-0.69269
45.7968
-0.7441
-0.73148
-0.76408
-0.6782
-0.6782
-0.69138
-0.69159
-0.68564
-0.70904
-0.69207
-0.73533
-0.72033
-0.72033
-0.69147
-0.71703
-0.80042
-0.80075
-0.68927
-0.68489
-0.68932
-0.65924
-0.7943
-0.68305
-0.67687
-0.82089
-0.76397
-0.77628
-0.74537
-0.79287
-0.86588
-0.93246
-0.75497
-0.79536
-0.79444
-0.89961
-0.77856
-0.81746
-0.80768
-0.81429
-0.82864
-0.87568
-0.9646
-1.0815
-1.3345
-1.0928
-1.306
-1.2031
-1.2216
-1.4229
-1.4835
-1.4978
0
0
0
0
0
0
0
0
0
0
0
0
0
0
0
0
0
0
0
0
0
0
0
0
0
0
0
0
0
0
0
0
0
0
0
0
0
0
0
0
0
0
0
0
0
0
-0.73555
-0.77312
-0.69659
-0.7441
45.9491
-0.73599
-0.76889
-0.68093
-0.68093
-0.69408
-0.69428
-0.6883
-0.71176
-0.69472
-0.73805
-0.72301
-0.72302
-0.69411
-0.71971
-0.80314
-0.80347
-0.69192
-0.68752
-0.69197
-0.66184
-0.79687
-0.68567
-0.6795
-0.82364
-0.76669
-0.77901
-0.74808
-0.79563
-0.86868
-0.93523
-0.75768
-0.79812
-0.79719
-0.90246
-0.7813
-0.82024
-0.81044
-0.81706
-0.83144
-0.87851
-0.9675
-1.0845
-1.3376
-1.0957
-1.3091
-1.2061
-1.2246
-1.426
-1.4866
-1.5009
0
0
0
0
0
0
0
0
0
0
0
0
0
0
0
0
0
0
0
0
0
0
0
0
0
0
0
0
0
0
0
0
0
0
0
0
0
0
0
0
0
0
0
0
0
0
-0.72775
-0.76461
-0.68598
-0.73148
-0.73599
45.5151
-0.75569
-0.67329
-0.67329
-0.68647
-0.6867
-0.68075
-0.70402
-0.68717
-0.73031
-0.71537
-0.71537
-0.68657
-0.71206
-0.79535
-0.79569
-0.68439
-0.68001
-0.68444
-0.65443
-0.78935
-0.67818
-0.67202
-0.81573
-0.75892
-0.7712
-0.74037
-0.78777
-0.86063
-0.92718
-0.74993
-0.79025
-0.78932
-0.89431
-0.77347
-0.81231
-0.80254
-0.80914
-0.82348
-0.87042
-0.95921
-1.076
-1.3288
-1.0872
-1.3003
-1.1974
-1.2159
-1.4171
-1.4777
-1.4919
0
0
0
0
0
0
0
0
0
0
0
0
0
0
0
0
0
0
0
0
0
0
0
0
0
0
0
0
0
0
0
0
0
0
0
0
0
0
0
0
0
0
0
0
0
0
-0.74455
-0.78216
-0.71379
-0.76408
-0.76889
-0.75569
46.4998
-0.6915
-0.69151
-0.70426
-0.70428
-0.69816
-0.72157
-0.70436
-0.74793
-0.73278
-0.73279
-0.70369
-0.7293
-0.81243
-0.81275
-0.70147
-0.69704
-0.70152
-0.67123
-0.80527
-0.69516
-0.68893
-0.83337
-0.77638
-0.78874
-0.75767
-0.80546
-0.87846
-0.94423
-0.76731
-0.80797
-0.80704
-0.91246
-0.79108
-0.8301
-0.82023
-0.82683
-0.84134
-0.88856
-0.97774
-1.095
-1.3477
-1.1063
-1.3199
-1.2168
-1.2354
-1.437
-1.4977
-1.512
0
0
0
0
0
0
0
0
0
0
0
0
0
0
0
0
0
0
0
0
0
0
0
0
0
0
0
0
0
0
0
0
0
0
0
0
0
0
0
0
0
0
0
0
0
0
-0.66096
-0.6839
-0.64734
-0.6782
-0.68093
-0.67329
-0.6915
40.3775
-0.58667
-0.62307
-0.62298
-0.61675
-0.63831
-0.62141
-0.66107
-0.64923
-0.64923
-0.62146
-0.64474
-0.72471
-0.725
-0.61965
-0.61476
-0.6197
-0.59075
-0.71611
-0.61335
-0.60713
-0.74342
-0.68979
-0.70151
-0.6719
-0.71802
-0.78699
-0.85138
-0.68142
-0.72056
-0.71967
-0.82007
-0.70452
-0.74215
-0.73212
-0.738
-0.75323
-0.79825
-0.88385
-0.99792
-1.2427
-1.0089
-1.2169
-1.1148
-1.1354
-1.3313
-1.3905
0
0
0
0
0
0
0
0
0
0
0
0
0
0
0
0
0
0
0
0
0
0
0
0
0
0
0
0
0
0
0
0
0
0
0
0
0
0
0
0
0
0
0
0
0
0
0
-0.66095
-0.6839
-0.64734
-0.6782
-0.68093
-0.67329
-0.69151
-0.58667
40.3775
-0.62307
-0.62298
-0.61675
-0.63831
-0.62142
-0.66107
-0.64923
-0.64923
-0.62146
-0.64474
-0.7247
-0.725
-0.61965
-0.61476
-0.6197
-0.59076
-0.71611
-0.61335
-0.60713
-0.74341
-0.68979
-0.70152
-0.6719
-0.71802
-0.78699
-0.85138
-0.68143
-0.72056
-0.71967
-0.82007
-0.70452
-0.74216
-0.73212
-0.738
-0.75323
-0.79825
-0.88385
-0.99792
-1.2427
-1.0089
-1.2169
-1.1148
-1.1354
-1.3313
-1.3905
0
0
0
0
0
0
0
0
0
0
0
0
0
0
0
0
0
0
0
0
0
0
0
0
0
0
0
0
0
0
0
0
0
0
0
0
0
0
0
0
0
0
0
0
0
0
0
-0.66915
-0.69126
-0.65956
-0.69138
-0.69408
-0.68647
-0.70426
-0.62307
-0.62307
38.3229
-0.63214
-0.62395
-0.64132
-0.62794
-0.67551
-0.65688
-0.65688
-0.62857
-0.65265
-0.72642
-0.72672
-0.62663
-0.62165
-0.62667
-0.59709
-0.70808
-0.61988
-0.61278
-0.75076
-0.69674
-0.70855
-0.67983
-0.7245
-0.79465
-0.85766
-0.68747
-0.72741
-0.72649
-0.8277
-0.71153
-0.74888
-0.73859
-0.74475
-0.75994
-0.80483
-0.89
-1.005
-1.254
-1.017
-1.2253
-1.1357
0
0
-1.4015
0
0
0
0
0
0
0
0
0
0
0
0
0
0
0
0
0
0
0
0
0
0
0
0
0
0
0
0
0
0
0
0
0
0
0
0
0
0
0
0
0
0
0
0
0
0
0
-0.66741
-0.68954
-0.65953
-0.69159
-0.69428
-0.6867
-0.70428
-0.62298
-0.62298
-0.63214
36.7599
-0.6187
-0.6375
-0.62239
-0.66647
-0.65307
-0.65308
-0.62453
-0.65051
-0.72023
-0.72053
-0.62292
-0.61763
-0.62298
-0.59309
-0.70292
-0.61603
-0.61012
-0.74667
-0.69317
-0.70505
-0.67657
-0.72059
-0.79184
-0.8563
-0.68408
-0.72377
-0.72285
-0.82397
-0.70772
-0.74495
-0.73485
-0.74108
-0.756
-0.80093
-0.88596
-1.0008
-1.2505
-1.0147
-1.221
-1.1325
0
0
0
0
0
0
0
0
0
0
0
0
0
0
0
0
0
0
0
0
0
0
0
0
0
0
0
0
0
0
0
0
0
0
0
0
0
0
0
0
0
0
0
0
0
0
0
0
0
0
-0.66046
-0.68234
-0.65348
-0.68564
-0.6883
-0.68075
-0.69816
-0.61675
-0.61675
-0.62395
-0.6187
35.2262
-0.62686
-0.61122
-0.65658
-0.64664
-0.64665
-0.61741
-0.64061
-0.71106
-0.71135
-0.61585
-0.61022
-0.6159
-0.58549
-0.69704
-0.60843
-0.60107
-0.74302
-0.68441
-0.69552
-0.66767
-0.71062
-0.78432
-0.84045
-0.67484
-0.71536
-0.71446
-0.81579
-0.6997
-0.73695
-0.72674
-0.7335
-0.74794
-0.79256
-0.87702
-0.99191
-1.2369
-0.99904
-1.2098
0
0
0
0
0
0
0
0
0
0
0
0
0
0
0
0
0
0
0
0
0
0
0
0
0
0
0
0
0
0
0
0
0
0
0
0
0
0
0
0
0
0
0
0
0
0
0
0
0
0
0
-0.67606
-0.69881
-0.67539
-0.70904
-0.71176
-0.70402
-0.72157
-0.63831
-0.63831
-0.64132
-0.6375
-0.62686
40.9322
-0.62227
-0.66618
-0.65351
-0.65352
-0.62335
-0.64316
-0.72398
-0.72428
-0.62313
-0.61755
-0.62318
-0.59366
-0.69886
-0.61511
-0.57826
-0.73906
-0.69002
-0.6986
-0.66819
-0.71737
-0.77969
-0.83384
-0.67623
-0.72178
-0.7209
-0.8188
-0.70579
-0.74306
-0.73138
-0.73837
-0.75407
-0.79907
-0.88584
-0.99869
0
0
0
0
0
0
0
0
0
0
0
0
0
0
0
0
0
0
0
0
-3.6268
0
0
0
0
0
0
0
0
0
0
0
-5.1457
0
0
0
0
0
0
0
0
0
0
0
0
0
0
0
0
0
0
0
0
0
-0.66277
-0.68879
-0.65942
-0.69207
-0.69472
-0.68717
-0.70436
-0.62141
-0.62142
-0.62794
-0.62239
-0.61122
-0.62227
34.383
-0.65193
-0.6648
-0.6648
-0.62595
-0.64152
-0.70786
-0.70816
-0.62198
-0.61671
-0.62203
-0.58993
-0.69513
-0.61163
-0.6005
-0.73402
-0.6828
-0.69284
-0.67948
-0.70968
-0.75817
-0.83372
-0.67052
-0.71657
-0.71567
-0.81095
-0.70052
-0.73804
-0.72287
-0.72725
-0.74917
-0.79421
-0.87621
-0.99383
0
0
0
0
0
0
0
0
0
0
0
0
0
0
0
0
0
0
0
0
0
0
0
0
0
0
0
0
0
-2.5376
0
0
0
0
0
0
0
0
0
0
0
0
0
0
0
0
0
0
0
0
0
0
0
0
-0.69656
-0.72841
-0.70192
-0.73533
-0.73805
-0.73031
-0.74793
-0.66107
-0.66107
-0.67551
-0.66647
-0.65658
-0.66618
-0.65193
38.6296
-0.68894
-0.68895
-0.65998
-0.68326
-0.75005
-0.75035
-0.65763
-0.6391
-0.65767
-0.62708
-0.73475
-0.65023
-0.6401
-0.78384
-0.72884
-0.74062
-0.71079
-0.75503
-0.83353
-0.88782
-0.71517
-0.76109
-0.76018
-0.86545
-0.74462
-0.78269
-0.7733
-0.76963
-0.79382
-0.84053
-0.92545
-1.0433
0
0
0
0
0
0
0
0
0
0
0
0
0
0
0
0
0
0
0
0
0
0
0
0
0
-4.8685
0
0
0
0
0
0
0
0
0
0
0
0
0
0
0
0
0
0
0
0
0
0
0
0
0
0
0
0
-0.69218
-0.71424
-0.68723
-0.72033
-0.72301
-0.71537
-0.73278
-0.64923
-0.64923
-0.65688
-0.65307
-0.64664
-0.65351
-0.6648
-0.68894
33.1636
-0.68158
-0.64218
-0.6743
-0.74047
-0.74078
-0.64283
-0.6353
-0.64288
-0.61073
-0.72709
-0.63453
-0.62482
-0.76883
-0.71341
-0.72343
-0.6964
-0.73762
-0.80653
-0.8857
-0.70276
-0.74563
-0.74472
-0.84679
-0.72891
-0.76685
-0.75555
-0.76269
-0.77792
-0.82336
-0.90791
-1.0237
0
0
0
0
0
0
0
0
0
0
0
0
0
0
0
0
0
0
0
0
0
0
0
0
0
0
0
0
0
0
0
0
0
0
0
0
0
0
0
0
0
0
0
0
0
0
0
0
0
0
0
0
0
0
-0.6922
-0.71425
-0.68723
-0.72033
-0.72302
-0.71537
-0.73279
-0.64923
-0.64923
-0.65688
-0.65308
-0.64665
-0.65352
-0.6648
-0.68895
-0.68158
33.1639
-0.64218
-0.67431
-0.74048
-0.74078
-0.64283
-0.63531
-0.64289
-0.61073
-0.7271
-0.63454
-0.62483
-0.76884
-0.71342
-0.72343
-0.69641
-0.73763
-0.80653
-0.88571
-0.70277
-0.74564
-0.74472
-0.8468
-0.72892
-0.76685
-0.75556
-0.76269
-0.77793
-0.82337
-0.90791
-1.0237
0
0
0
0
0
0
0
0
0
0
0
0
0
0
0
0
0
0
0
0
0
0
0
0
0
0
0
0
0
0
0
0
0
0
0
0
0
0
0
0
0
0
0
0
0
0
0
0
0
0
0
0
0
0
-0.66203
-0.68494
-0.65877
-0.69147
-0.69411
-0.68657
-0.70369
-0.62146
-0.62146
-0.62857
-0.62453
-0.61741
-0.62335
-0.62595
-0.65998
-0.64218
-0.64218
31.2633
-0.63499
-0.70568
-0.70598
-0.61695
-0.59856
-0.617
-0.58107
-0.69165
-0.60434
-0.59302
-0.73158
-0.68194
-0.69055
-0.66546
-0.70462
-0.76881
-0.84662
-0.67052
-0.71345
-0.71254
-0.80863
-0.69699
-0.7346
-0.72322
-0.72773
-0.74571
-0.79041
0
0
0
0
0
0
0
0
0
0
0
0
0
0
0
0
0
-1.4121
0
0
0
0
0
0
0
0
0
0
0
0
0
0
0
0
0
0
0
0
0
0
0
0
0
0
0
0
0
0
0
0
0
0
0
0
0
0
-0.68007
-0.70928
-0.68369
-0.71703
-0.71971
-0.71206
-0.7293
-0.64474
-0.64474
-0.65265
-0.65051
-0.64061
-0.64316
-0.64152
-0.68326
-0.6743
-0.67431
-0.63499
37.2284
-0.722
-0.72229
-0.63927
-0.63193
-0.63932
-0.60697
-0.70396
-0.62978
-0.61722
-0.75295
-0.70548
-0.72552
-0.69051
-0.73383
-0.7487
-0.85166
-0.69533
-0.73978
-0.73886
-0.83325
-0.72414
-0.76251
-0.75372
-0.75107
-0.77365
0
0
0
0
0
0
0
0
0
0
0
0
0
0
0
0
0
-3.4509
0
0
0
-3.7479
0
0
0
0
0
0
0
0
0
0
0
0
0
0
0
0
0
0
0
0
0
0
0
0
0
0
0
0
0
0
0
0
0
0
0
-0.75612
-0.78204
-0.7642
-0.80042
-0.80314
-0.79535
-0.81243
-0.72471
-0.7247
-0.72642
-0.72023
-0.71106
-0.72398
-0.70786
-0.75005
-0.74047
-0.74048
-0.70568
-0.722
42.1287
-0.85861
-0.70634
-0.69911
-0.70638
-0.67508
-0.7902
-0.69836
-0.68972
-0.81458
-0.76752
-0.7867
-0.75345
-0.80556
-0.85445
-0.90417
-0.76191
-0.81121
-0.81029
-0.8986
-0.79516
-0.83489
-0.81964
-0.81799
-0.84647
-0.8944
0
0
0
0
0
0
0
0
0
0
0
0
0
0
0
0
0
0
0
0
0
0
0
0
0
0
0
0
0
0
0
0
0
0
0
0
0
0
0
0
0
0
0
0
0
0
0
0
0
-8.1166
0
0
0
0
0
0
-0.75643
-0.78235
-0.76455
-0.80075
-0.80347
-0.79569
-0.81275
-0.725
-0.725
-0.72672
-0.72053
-0.71135
-0.72428
-0.70816
-0.75035
-0.74078
-0.74078
-0.70598
-0.72229
-0.85861
42.1436
-0.70663
-0.69941
-0.70668
-0.67538
-0.79062
-0.69866
-0.69003
-0.81493
-0.76787
-0.78703
-0.75377
-0.80588
-0.85481
-0.90468
-0.76224
-0.81154
-0.81061
-0.89897
-0.79548
-0.83522
-0.81998
-0.81834
-0.8468
-0.89473
0
0
0
0
0
0
0
0
0
0
0
0
0
0
0
0
0
0
0
0
0
0
0
0
0
0
0
0
0
0
0
0
0
0
0
0
0
0
0
0
0
0
0
0
0
0
0
0
0
0
0
0
0
-8.1174
0
0
-0.66126
-0.68272
-0.65665
-0.68927
-0.69192
-0.68439
-0.70147
-0.61965
-0.61965
-0.62663
-0.62292
-0.61585
-0.62313
-0.62198
-0.65763
-0.64283
-0.64283
-0.61695
-0.63927
-0.70634
-0.70663
29.7734
-0.61327
-0.59114
-0.56998
-0.69473
-0.59792
-0.58865
-0.73221
-0.68001
-0.68715
-0.6616
-0.69988
-0.77986
-0.84329
-0.66804
-0.71008
-0.70918
-0.82117
-0.69358
-0.73064
-0.71759
-0.7267
-0.74135
-0.78543
0
0
0
0
0
0
0
0
0
0
0
0
0
0
0
0
0
0
0
0
0
0
0
0
0
0
0
0
0
0
0
0
0
0
0
0
0
0
0
0
0
0
0
0
0
0
0
0
0
0
0
0
0
0
0
0
-0.64887
-0.67708
-0.65227
-0.68489
-0.68752
-0.68001
-0.69704
-0.61476
-0.61476
-0.62165
-0.61763
-0.61022
-0.61755
-0.61671
-0.6391
-0.6353
-0.63531
-0.59856
-0.63193
-0.69911
-0.69941
-0.61327
30.9161
-0.61332
-0.57369
-0.68733
-0.59773
-0.5856
-0.72587
-0.67426
-0.68118
-0.65469
-0.69654
-0.77058
-0.84082
-0.66133
-0.70579
-0.70487
-0.79977
-0.68922
-0.72639
-0.68888
-0.71587
-0.73736
0
0
0
0
0
0
0
0
0
0
0
-2.1921
0
0
0
0
0
0
0
0
0
0
0
0
0
0
0
0
0
0
0
0
0
0
0
0
0
0
0
0
0
0
0
0
0
0
0
0
0
0
0
0
0
0
0
0
0
-0.66131
-0.68278
-0.6567
-0.68932
-0.69197
-0.68444
-0.70152
-0.6197
-0.6197
-0.62667
-0.62298
-0.6159
-0.62318
-0.62203
-0.65767
-0.64288
-0.64289
-0.617
-0.63932
-0.70638
-0.70668
-0.59114
-0.61332
29.7757
-0.57003
-0.69478
-0.59796
-0.58871
-0.73226
-0.68007
-0.68722
-0.66166
-0.69994
-0.77989
-0.84334
-0.66811
-0.71014
-0.70923
-0.82121
-0.69364
-0.7307
-0.71766
-0.72676
-0.7414
-0.78549
0
0
0
0
0
0
0
0
0
0
0
0
0
0
0
0
0
0
0
0
0
0
0
0
0
0
0
0
0
0
0
0
0
0
0
0
0
0
0
0
0
0
0
0
0
0
0
0
0
0
0
0
0
0
0
0
-0.63212
-0.65283
-0.62715
-0.65924
-0.66184
-0.65443
-0.67123
-0.59075
-0.59076
-0.59709
-0.59309
-0.58549
-0.59366
-0.58993
-0.62708
-0.61073
-0.61073
-0.58107
-0.60697
-0.67508
-0.67538
-0.56998
-0.57369
-0.57003
27.6727
-0.66293
-0.57624
-0.56522
-0.69867
-0.64926
-0.65221
-0.62695
-0.66617
-0.74621
-0.80506
-0.6369
-0.67877
-0.67785
-0.7772
-0.6622
-0.69899
-0.68471
-0.69666
-0.71018
0
0
0
0
0
0
0
0
0
0
0
0
0
0
0
0
0
0
0
0
0
0
0
0
0
0
0
0
0
0
0
0
0
0
0
0
0
0
0
0
0
0
0
0
0
0
0
0
0
0
0
0
0
0
0
0
0
-0.75515
-0.77058
-0.762
-0.7943
-0.79687
-0.78935
-0.80527
-0.71611
-0.71611
-0.70808
-0.70292
-0.69704
-0.69886
-0.69513
-0.73475
-0.72709
-0.7271
-0.69165
-0.70396
-0.7902
-0.79062
-0.69473
-0.68733
-0.69478
-0.66293
42.8865
-0.68439
-0.67134
-0.79055
-0.75704
-0.76645
-0.73163
-0.78586
-0.82795
-0.88559
-0.74277
-0.79586
-0.79494
-0.87552
-0.77929
0
0
0
0
0
0
0
0
0
0
0
0
0
0
0
0
0
0
0
-1.9376
0
0
0
0
0
0
0
0
0
0
0
0
0
-3.7741
0
0
0
0
0
0
0
0
0
0
0
0
0
0
0
0
0
-7.9727
0
0
0
0
0
0
0
0
0
-0.65558
-0.67629
-0.65048
-0.68305
-0.68567
-0.67818
-0.69516
-0.61335
-0.61335
-0.61988
-0.61603
-0.60843
-0.61511
-0.61163
-0.65023
-0.63453
-0.63454
-0.60434
-0.62978
-0.69836
-0.69866
-0.59792
-0.59773
-0.59796
-0.57624
-0.68439
26.4887
-0.59169
-0.72172
-0.67502
-0.68429
-0.67074
-0.67193
-0.76575
-0.83159
-0.6687
-0.69912
-0.69821
-0.78242
-0.68158
-0.71907
0
0
0
0
0
0
0
0
0
0
0
0
0
0
0
0
0
0
0
0
0
0
0
0
0
0
0
0
0
0
0
0
0
0
0
0
0
0
0
0
0
0
0
0
0
0
0
0
0
0
0
0
0
0
0
0
0
0
0
0
-0.64879
-0.66828
-0.64431
-0.67687
-0.6795
-0.67202
-0.68893
-0.60713
-0.60713
-0.61278
-0.61012
-0.60107
-0.57826
-0.6005
-0.6401
-0.62482
-0.62483
-0.59302
-0.61722
-0.68972
-0.69003
-0.58865
-0.5856
-0.58871
-0.56522
-0.67134
-0.59169
28.0729
-0.70787
-0.66269
-0.65204
-0.62334
-0.6704
-0.75766
-0.81843
-0.6458
-0.68768
-0.68677
0
-0.66924
0
0
0
0
0
0
0
0
0
0
0
0
0
0
0
0
0
0
0
0
0
0
0
0
0
0
0
-3.5243
0
0
0
0
0
0
0
0
0
0
0
0
0
0
0
0
0
0
0
0
0
0
0
0
0
0
0
0
0
0
0
0
0
-0.78438
-0.80915
-0.78568
-0.82089
-0.82364
-0.81573
-0.83337
-0.74342
-0.74341
-0.75076
-0.74667
-0.74302
-0.73906
-0.73402
-0.78384
-0.76883
-0.76884
-0.73158
-0.75295
-0.81458
-0.81493
-0.73221
-0.72587
-0.73226
-0.69867
-0.79055
-0.72172
-0.70787
35.027
-0.81251
-0.80408
-0.77486
-0.81801
-0.88136
0
-0.78705
-0.83297
-0.83201
0
0
0
0
0
0
0
0
0
0
0
0
0
0
0
0
0
0
0
0
0
0
0
0
0
0
0
0
0
0
0
0
0
0
0
0
0
0
0
0
0
0
0
0
-7.0662
0
0
0
0
0
0
0
0
0
0
0
0
0
0
0
0
0
0
-0.73217
-0.75552
-0.72983
-0.76397
-0.76669
-0.75892
-0.77638
-0.68979
-0.68979
-0.69674
-0.69317
-0.68441
-0.69002
-0.6828
-0.72884
-0.71341
-0.71342
-0.68194
-0.70548
-0.76752
-0.76787
-0.68001
-0.67426
-0.68007
-0.64926
-0.75704
-0.67502
-0.66269
-0.81251
25.6452
-0.82615
0
-0.69516
0
0
0
0
0
0
0
0
0
0
0
0
0
0
0
0
0
0
0
0
0
0
0
0
0
0
0
0
0
0
0
0
0
-3.3443
0
0
0
0
0
0
0
0
0
0
0
0
0
0
0
0
0
0
0
0
0
0
0
0
0
0
0
0
0
0
0
0
0
0
-0.74359
-0.75965
-0.74195
-0.77628
-0.77901
-0.7712
-0.78874
-0.70151
-0.70152
-0.70855
-0.70505
-0.69552
-0.6986
-0.69284
-0.74062
-0.72343
-0.72343
-0.69055
-0.72552
-0.7867
-0.78703
-0.68715
-0.68118
-0.68722
-0.65221
-0.76645
-0.68429
-0.65204
-0.80408
-0.82615
25.6072
0
-0.74089
0
0
0
0
0
0
0
0
0
0
0
0
0
0
0
0
0
0
0
0
0
0
0
0
0
0
0
-2.9843
0
0
0
0
0
0
0
0
0
0
0
0
0
0
0
0
0
0
0
0
0
0
0
0
0
0
0
0
0
0
0
0
0
0
0
0
0
0
0
0
-0.71147
-0.72219
-0.71145
-0.74537
-0.74808
-0.74037
-0.75767
-0.6719
-0.6719
-0.67983
-0.67657
-0.66767
-0.66819
-0.67948
-0.71079
-0.6964
-0.69641
-0.66546
-0.69051
-0.75345
-0.75377
-0.6616
-0.65469
-0.66166
-0.62695
-0.73163
-0.67074
-0.62334
-0.77486
0
0
26.3555
0
0
0
0
0
0
0
0
0
0
0
0
0
0
0
0
0
0
0
0
0
0
0
0
0
-0.21614
0
0
-2.9696
0
0
-2.9453
0
0
0
0
0
0
0
0
0
0
0
0
0
0
0
0
0
0
0
0
0
0
0
0
0
0
0
0
0
0
0
0
0
0
0
0
0
-0.7637
-0.78476
-0.75838
-0.79287
-0.79563
-0.78777
-0.80546
-0.71802
-0.71802
-0.7245
-0.72059
-0.71062
-0.71737
-0.70968
-0.75503
-0.73762
-0.73763
-0.70462
-0.73383
-0.80556
-0.80588
-0.69988
-0.69654
-0.69994
-0.66617
-0.78586
-0.67193
-0.6704
-0.81801
-0.69516
-0.74089
0
22.9323
0
0
0
0
0
0
0
0
0
0
0
0
0
0
0
0
0
0
0
0
0
0
0
0
0
0
0
0
0
0
0
0
0
0
0
0
0
0
0
0
0
0
0
0
0
0
0
0
0
0
0
0
0
0
0
0
0
0
0
0
0
0
0
0
0
0
0
0
-0.82496
-0.85362
-0.82992
-0.86588
-0.86868
-0.86063
-0.87846
-0.78699
-0.78699
-0.79465
-0.79184
-0.78432
-0.77969
-0.75817
-0.83353
-0.80653
-0.80653
-0.76881
-0.7487
-0.85445
-0.85481
-0.77986
-0.77058
-0.77989
-0.74621
-0.82795
-0.76575
-0.75766
-0.88136
0
0
0
0
33.8973
0
0
0
0
0
0
0
0
0
0
0
0
0
0
0
0
0
0
0
0
0
0
0
0
0
0
0
0
0
0
0
-3.7077
0
0
0
0
0
0
0
0
0
0
0
0
0
0
0
0
0
0
0
0
-6.7421
0
0
0
0
0
0
0
0
0
0
0
0
0
0
-0.88375
-0.91047
-0.8942
-0.93246
-0.93523
-0.92718
-0.94423
-0.85138
-0.85138
-0.85766
-0.8563
-0.84045
-0.83384
-0.83372
-0.88782
-0.8857
-0.88571
-0.84662
-0.85166
-0.90417
-0.90468
-0.84329
-0.84082
-0.84334
-0.80506
-0.88559
-0.83159
-0.81843
0
0
0
0
0
0
39.4581
0
0
0
0
0
0
0
0
0
0
0
0
0
0
0
0
0
0
0
0
0
0
0
0
0
0
0
0
0
0
0
0
0
0
0
0
0
0
0
0
0
0
0
0
0
0
0
0
0
0
0
0
0
0
-7.5357
0
0
0
0
0
-7.5357
0
0
0
0
0
-0.72141
-0.74425
-0.72096
-0.75497
-0.75768
-0.74993
-0.76731
-0.68142
-0.68143
-0.68747
-0.68408
-0.67484
-0.67623
-0.67052
-0.71517
-0.70276
-0.70277
-0.67052
-0.69533
-0.76191
-0.76224
-0.66804
-0.66133
-0.66811
-0.6369
-0.74277
-0.6687
-0.6458
-0.78705
0
0
0
0
0
0
24.9977
0
0
0
0
0
0
0
0
0
0
0
0
0
0
0
0
0
0
0
0
0
0
0
0
0
0
0
0
0
0
0
0
0
0
0
0
0
0
0
-4.5358
0
0
0
0
0
0
0
0
0
0
0
0
0
0
0
0
0
0
0
0
0
0
0
0
0
-0.76573
-0.78792
-0.7608
-0.79536
-0.79812
-0.79025
-0.80797
-0.72056
-0.72056
-0.72741
-0.72377
-0.71536
-0.72178
-0.71657
-0.76109
-0.74563
-0.74564
-0.71345
-0.73978
-0.81121
-0.81154
-0.71008
-0.70579
-0.71014
-0.67877
-0.79586
-0.69912
-0.68768
-0.83297
0
0
0
0
0
0
0
21.7009
0
0
0
0
0
0
0
0
0
0
0
0
0
0
0
0
0
0
0
0
0
0
0
0
0
0
0
0
0
0
0
0
0
0
0
0
0
0
0
0
0
0
0
0
0
0
0
0
0
0
0
0
0
0
0
0
0
0
0
0
0
0
0
0
-0.76482
-0.787
-0.75988
-0.79444
-0.79719
-0.78932
-0.80704
-0.71967
-0.71967
-0.72649
-0.72285
-0.71446
-0.7209
-0.71567
-0.76018
-0.74472
-0.74472
-0.71254
-0.73886
-0.81029
-0.81061
-0.70918
-0.70487
-0.70923
-0.67785
-0.79494
-0.69821
-0.68677
-0.83201
0
0
0
0
0
0
0
0
21.6744
0
0
0
0
0
0
0
0
0
0
0
0
0
0
0
0
0
0
0
0
0
0
0
0
0
0
0
0
0
0
0
0
0
0
0
0
0
0
0
0
0
0
0
0
0
0
0
0
0
0
0
0
0
0
0
0
0
0
0
0
0
0
0
-0.86275
-0.88743
-0.86347
-0.89961
-0.90246
-0.89431
-0.91246
-0.82007
-0.82007
-0.8277
-0.82397
-0.81579
-0.8188
-0.81095
-0.86545
-0.84679
-0.8468
-0.80863
-0.83325
-0.8986
-0.89897
-0.82117
-0.79977
-0.82121
-0.7772
-0.87552
-0.78242
0
0
0
0
0
0
0
0
0
0
0
29.4139
0
0
0
0
0
0
0
0
0
0
0
0
0
0
0
0
0
0
0
0
0
0
0
0
0
0
0
0
0
0
0
0
0
0
0
0
0
0
0
0
0
0
0
0
0
0
0
0
0
-6.5783
0
0
0
0
0
0
0
0
0
0
0
0
-0.74974
-0.77128
-0.74425
-0.77856
-0.7813
-0.77347
-0.79108
-0.70452
-0.70452
-0.71153
-0.70772
-0.6997
-0.70579
-0.70052
-0.74462
-0.72891
-0.72892
-0.69699
-0.72414
-0.79516
-0.79548
-0.69358
-0.68922
-0.69364
-0.6622
-0.77929
-0.68158
-0.66924
0
0
0
0
0
0
0
0
0
0
0
20.407
0
0
0
0
0
0
0
0
0
0
0
0
0
0
0
0
0
0
0
0
0
0
0
0
0
0
0
0
0
0
0
0
0
0
0
0
0
0
0
0
0
0
0
0
0
0
0
0
0
0
0
0
0
0
0
0
0
0
0
0
0
-0.78743
-0.80996
-0.78267
-0.81746
-0.82024
-0.81231
-0.8301
-0.74215
-0.74216
-0.74888
-0.74495
-0.73695
-0.74306
-0.73804
-0.78269
-0.76685
-0.76685
-0.7346
-0.76251
-0.83489
-0.83522
-0.73064
-0.72639
-0.7307
-0.69899
0
-0.71907
0
0
0
0
0
0
0
0
0
0
0
0
0
19.9457
0
0
0
0
0
0
0
0
0
0
0
0
0
0
0
0
0
0
0
0
0
0
0
0
0
0
0
0
0
0
0
0
0
0
0
0
0
0
0
0
0
0
0
0
0
0
0
0
0
0
0
0
0
0
0
0
0
0
0
0
-0.75837
-0.79923
-0.77294
-0.80768
-0.81044
-0.80254
-0.82023
-0.73212
-0.73212
-0.73859
-0.73485
-0.72674
-0.73138
-0.72287
-0.7733
-0.75555
-0.75556
-0.72322
-0.75372
-0.81964
-0.81998
-0.71759
-0.68888
-0.71766
-0.68471
0
0
0
0
0
0
0
0
0
0
0
0
0
0
0
0
23.3464
0
0
0
0
0
0
0
0
0
0
0
0
0
0
0
0
0
0
0
0
0
0
0
0
0
0
0
0
-4.4465
0
0
0
0
0
0
0
0
0
0
0
0
0
0
0
0
0
0
0
0
0
0
0
0
0
0
0
0
0
0
-0.77564
-0.80234
-0.77947
-0.81429
-0.81706
-0.80914
-0.82683
-0.738
-0.738
-0.74475
-0.74108
-0.7335
-0.73837
-0.72725
-0.76963
-0.76269
-0.76269
-0.72773
-0.75107
-0.81799
-0.81834
-0.7267
-0.71587
-0.72676
-0.69666
0
0
0
0
0
0
0
0
0
0
0
0
0
0
0
0
0
24.4522
0
0
0
0
0
0
0
0
0
0
0
0
0
0
0
0
0
0
0
0
0
0
0
0
0
0
0
0
0
0
0
0
0
0
0
0
0
0
0
0
0
0
-5.3904
0
0
0
0
0
0
0
0
0
0
0
0
0
0
0
-0.79872
-0.82137
-0.79371
-0.82864
-0.83144
-0.82348
-0.84134
-0.75323
-0.75323
-0.75994
-0.756
-0.74794
-0.75407
-0.74917
-0.79382
-0.77792
-0.77793
-0.74571
-0.77365
-0.84647
-0.8468
-0.74135
-0.73736
-0.7414
-0.71018
0
0
0
0
0
0
0
0
0
0
0
0
0
0
0
0
0
0
19.5049
0
0
0
0
0
0
0
0
0
0
0
0
0
0
0
0
0
0
0
0
0
0
0
0
0
0
0
0
0
0
0
0
0
0
0
0
0
0
0
0
0
0
0
0
0
0
0
0
0
0
0
0
0
0
0
0
0
-0.84543
-0.86828
-0.84012
-0.87568
-0.87851
-0.87042
-0.88856
-0.79825
-0.79825
-0.80483
-0.80093
-0.79256
-0.79907
-0.79421
-0.84053
-0.82336
-0.82337
-0.79041
0
-0.8944
-0.89473
-0.78543
0
-0.78549
0
0
0
0
0
0
0
0
0
0
0
0
0
0
0
0
0
0
0
0
18.2928
0
0
0
0
0
0
0
0
0
0
0
0
0
0
0
0
0
0
0
0
0
0
0
0
0
0
0
0
0
0
0
0
0
0
0
0
0
0
0
0
0
0
0
0
0
0
0
0
0
0
0
0
0
0
0
0
-0.92951
-0.95584
-0.92789
-0.9646
-0.9675
-0.95921
-0.97774
-0.88385
-0.88385
-0.89
-0.88596
-0.87702
-0.88584
-0.87621
-0.92545
-0.90791
-0.90791
0
0
0
0
0
0
0
0
0
0
0
0
0
0
0
0
0
0
0
0
0
0
0
0
0
0
0
0
18.8296
0
0
0
0
0
0
0
0
0
0
0
0
0
0
0
0
0
0
0
0
-3.2233
0
0
0
0
0
0
0
0
0
0
0
0
0
0
0
0
0
0
0
0
0
0
0
0
0
0
0
0
0
0
0
0
0
0
-1.0489
-1.0741
-1.0438
-1.0815
-1.0845
-1.076
-1.095
-0.99792
-0.99792
-1.005
-1.0008
-0.99191
-0.99869
-0.99383
-1.0433
-1.0237
-1.0237
0
0
0
0
0
0
0
0
0
0
0
0
0
0
0
0
0
0
0
0
0
0
0
0
0
0
0
0
0
17.5806
0
0
0
0
0
0
0
0
0
0
0
0
0
0
0
0
0
0
0
0
0
0
0
0
0
0
0
0
0
0
0
0
0
0
0
0
0
0
0
0
0
0
0
0
0
0
0
0
0
0
0
0
0
0
-1.285
-1.3177
-1.2939
-1.3345
-1.3376
-1.3288
-1.3477
-1.2427
-1.2427
-1.254
-1.2505
-1.2369
0
0
0
0
0
0
0
0
0
0
0
0
0
0
0
0
0
0
0
0
0
0
0
0
0
0
0
0
0
0
0
0
0
0
0
32.1849
0
0
0
0
0
0
0
0
0
0
0
0
0
0
0
0
0
0
0
0
0
-3.9433
0
0
0
0
0
0
0
0
0
0
0
0
0
0
-6.3848
0
0
0
0
0
0
0
0
0
0
0
-6.3848
0
0
0
0
-1.0583
-1.0858
-1.0549
-1.0928
-1.0957
-1.0872
-1.1063
-1.0089
-1.0089
-1.017
-1.0147
-0.99904
0
0
0
0
0
0
0
0
0
0
0
0
0
0
0
0
0
0
0
0
0
0
0
0
0
0
0
0
0
0
0
0
0
0
0
0
15.7475
0
0
0
0
0
0
0
0
0
0
0
0
0
0
0
0
0
0
0
0
-3.118
0
0
0
0
0
0
0
0
0
0
0
0
0
0
0
0
0
0
0
0
0
0
0
0
0
0
0
0
0
0
0
-1.266
-1.2924
-1.2665
-1.306
-1.3091
-1.3003
-1.3199
-1.2169
-1.2169
-1.2253
-1.221
-1.2098
0
0
0
0
0
0
0
0
0
0
0
0
0
0
0
0
0
0
0
0
0
0
0
0
0
0
0
0
0
0
0
0
0
0
0
0
0
20.9858
0
0
0
0
0
0
0
0
0
0
0
0
0
0
0
0
0
0
0
0
0
0
0
0
0
0
0
0
0
0
0
0
0
-5.8359
0
0
0
0
0
0
0
0
0
0
0
0
0
0
0
0
0
-1.1675
-1.1945
-1.1641
-1.2031
-1.2061
-1.1974
-1.2168
-1.1148
-1.1148
-1.1357
-1.1325
0
0
0
0
0
0
0
0
0
0
0
0
0
0
0
0
0
0
0
0
0
0
0
0
0
0
0
0
0
0
0
0
0
0
0
0
0
0
0
20.9227
0
0
0
0
0
0
0
0
0
0
0
0
0
-3.8098
0
0
0
0
0
0
0
0
0
-4.2653
0
0
0
0
0
0
0
0
0
0
0
0
0
0
0
0
0
0
0
0
0
0
0
0
0
0
-1.1751
-1.2101
-1.1827
-1.2216
-1.2246
-1.2159
-1.2354
-1.1354
-1.1354
0
0
0
0
0
0
0
0
0
0
0
0
0
0
0
0
0
0
0
0
0
0
0
0
0
0
0
0
0
0
0
0
0
0
0
0
0
0
0
0
0
0
18.3597
0
0
0
0
0
0
0
0
0
-2.9585
0
0
0
0
0
0
0
0
0
0
0
0
0
0
0
0
0
0
0
0
0
0
0
0
0
-4.6649
0
0
0
0
0
0
0
0
0
0
0
0
0
-1.3891
-1.4127
-1.3831
-1.4229
-1.426
-1.4171
-1.437
-1.3313
-1.3313
0
0
0
0
0
0
0
0
0
0
0
0
0
0
0
0
0
0
0
0
0
0
0
0
0
0
0
0
0
0
0
0
0
0
0
0
0
0
0
0
0
0
0
15.8321
0
0
0
0
0
0
0
0
0
0
0
-3.2819
0
0
0
0
0
0
0
0
0
0
0
0
0
0
0
0
0
0
0
0
0
0
0
0
0
0
0
0
0
0
0
0
0
0
0
0
-1.4503
-1.4735
-1.4435
-1.4835
-1.4866
-1.4777
-1.4977
-1.3905
-1.3905
-1.4015
0
0
0
0
0
0
0
0
0
0
0
0
0
0
0
0
0
0
0
0
0
0
0
0
0
0
0
0
0
0
0
0
0
0
0
0
0
0
0
0
0
0
0
14.4953
0
0
0
0
0
0
0
0
0
0
0
0
0
0
0
0
0
0
0
0
0
0
0
0
0
0
0
0
0
0
0
0
0
0
0
0
0
0
0
0
0
0
0
0
0
0
0
-1.3069
-1.4865
-1.458
-1.4978
-1.5009
-1.4919
-1.512
0
0
0
0
0
0
0
0
0
0
0
0
0
0
0
0
0
0
0
0
0
0
0
0
0
0
0
0
0
0
0
0
0
0
0
0
0
0
0
0
0
0
0
0
0
0
0
12.8776
0
0
0
0
0
0
0
0
0
0
0
0
0
-2.6235
0
0
0
0
0
0
0
0
0
0
0
0
0
0
0
0
0
0
0
0
0
0
0
0
0
0
0
0
0
0
0
0
-2.3084
0
0
0
0
0
0
0
0
0
0
0
0
0
0
0
0
0
0
0
0
0
-2.1921
0
0
0
0
0
0
0
0
0
0
0
0
0
0
0
0
0
0
0
0
0
0
0
0
0
0
0
0
0
0
0
0
14.1322
0
0
-2.4685
0
0
0
0
0
0
0
0
0
0
0
-3.6629
0
-3.5004
0
0
0
0
0
0
0
0
0
0
0
0
0
0
0
0
0
0
0
0
0
0
0
0
0
0
0
0
0
-2.5158
0
0
0
0
0
0
0
0
0
0
0
0
0
0
0
0
0
0
0
0
0
0
0
0
0
0
0
0
0
0
0
0
0
0
0
0
0
0
0
0
0
0
0
0
0
0
0
0
0
0
0
0
0
0
11.1348
0
-2.3634
0
-2.9294
0
0
-3.3262
0
0
0
0
0
0
0
0
0
0
0
0
0
0
0
0
0
0
0
0
0
0
0
0
0
0
0
0
0
0
0
0
0
0
0
0
0
0
0
0
0
0
0
0
0
0
0
0
0
0
0
0
0
0
0
0
0
0
0
0
0
0
0
0
0
0
0
0
-0.21614
0
0
0
0
0
0
0
0
0
0
0
0
0
0
0
0
0
0
0
0
0
0
0
0
0
9.6474
0
0
0
0
0
-2.7215
0
0
0
0
0
0
0
0
0
0
0
0
-3.6855
0
0
0
0
0
0
0
0
0
0
0
0
0
0
0
0
0
0
0
0
-3.0242
0
0
0
0
0
0
0
0
0
0
0
0
0
0
0
0
0
0
0
0
0
0
0
0
0
0
0
0
0
0
0
0
0
0
0
0
0
0
0
0
0
0
0
0
0
0
0
0
0
0
0
0
0
0
0
0
0
0
-2.4685
-2.3634
0
12.3341
0
0
0
-3.3621
0
0
0
0
0
0
0
0
0
0
0
0
0
0
0
0
0
0
0
0
0
0
0
0
0
0
0
-4.1401
0
0
0
0
0
0
0
0
0
0
0
0
0
0
0
0
0
0
0
0
0
0
0
0
0
0
0
0
0
0
0
0
0
0
0
-1.9376
0
0
0
0
0
0
0
0
0
0
0
0
0
0
0
0
0
0
0
0
0
0
0
0
0
0
0
0
0
0
0
0
0
12.6002
0
0
0
0
0
0
0
0
-3.1518
0
0
0
0
-3.4027
0
0
0
0
0
0
0
0
0
0
0
0
0
0
0
0
0
0
-4.1081
0
0
0
0
0
0
0
0
0
0
0
0
0
0
0
0
0
0
0
0
0
0
0
0
0
0
0
0
0
0
0
0
0
0
0
0
0
0
-2.9843
-2.9696
0
0
0
0
0
0
0
0
0
0
0
0
0
0
0
0
0
0
0
0
0
0
0
0
-2.9294
0
0
0
12.8014
0
0
0
0
0
0
0
0
0
0
-3.9181
0
0
0
0
0
0
0
0
0
0
0
0
0
0
0
0
0
0
0
0
0
0
0
0
0
0
0
0
0
0
0
0
0
0
0
0
0
0
0
0
0
0
0
0
0
0
0
-3.4509
0
0
0
0
0
0
0
0
0
0
0
0
0
0
0
0
0
0
0
0
0
0
0
0
0
0
0
0
0
0
0
0
-2.9585
0
0
0
0
0
0
0
0
0
14.2805
0
0
0
0
0
0
0
0
0
0
0
0
0
0
0
-3.8669
0
0
0
-4.0042
0
0
0
0
0
0
0
0
0
0
0
0
0
0
0
0
0
0
0
0
0
0
0
0
0
0
0
0
0
0
0
0
0
0
0
0
-1.4121
0
0
0
0
0
0
0
0
0
0
0
0
0
0
0
0
0
0
0
0
0
0
0
0
0
0
0
0
0
0
0
0
0
0
0
0
0
0
0
0
-3.3621
0
0
0
12.4817
0
0
-2.915
0
0
0
0
0
0
0
0
0
0
0
0
0
0
0
0
0
0
0
0
0
0
0
0
0
0
0
-4.7925
0
0
0
0
0
0
0
0
0
0
0
0
0
0
0
0
0
0
0
0
0
0
0
0
0
0
0
0
0
0
0
0
0
0
0
0
0
0
-2.9453
0
0
0
0
0
0
0
0
0
0
0
0
0
0
0
0
0
0
0
0
0
0
0
0
-3.3262
-2.7215
0
0
0
0
0
8.993
0
0
0
0
0
0
0
0
0
0
0
0
0
0
0
0
0
0
0
0
0
0
0
0
0
0
0
0
0
0
0
0
0
0
0
0
0
0
0
0
0
0
0
0
0
0
0
0
0
0
0
0
0
0
0
0
0
0
0
0
0
0
0
0
0
0
0
0
0
0
0
0
0
0
0
0
0
0
0
0
0
0
0
0
0
0
0
-3.8098
0
-3.2819
0
0
0
0
0
0
0
0
0
0
0
11.9551
0
0
0
0
0
0
0
0
0
0
0
0
0
-4.8634
0
0
0
0
0
0
0
0
0
0
0
0
0
0
0
0
0
0
0
0
0
0
0
0
0
0
0
0
0
0
0
0
0
0
0
0
0
0
0
0
-3.7479
0
0
0
0
0
0
0
0
0
0
0
0
0
0
-3.7077
0
0
0
0
0
0
0
0
0
0
0
0
0
0
0
0
0
0
0
0
0
0
0
0
0
0
0
0
-2.915
0
0
10.3706
0
0
0
0
0
0
0
0
0
0
0
0
0
0
0
0
0
0
0
0
0
0
0
0
0
0
0
0
0
0
0
0
0
0
0
0
0
0
0
0
0
0
0
0
0
0
0
0
0
0
0
0
0
0
0
0
0
0
0
0
0
0
0
0
-3.3443
0
0
0
0
0
0
0
0
0
0
0
0
0
0
0
-3.2233
0
0
0
0
0
0
0
0
0
0
0
0
0
0
0
0
0
0
0
0
7.316
0
0
0
0
0
0
0
0
0
0
0
0
0
0
0
0
0
0
0
0
0
0
0
0
0
0
0
0
0
0
0
0
-0.74829
0
0
0
0
0
0
0
0
0
0
0
0
0
-3.6268
0
0
0
0
0
0
0
0
0
0
0
0
0
0
-3.5243
0
0
0
0
0
0
0
0
0
0
0
0
0
0
0
0
0
0
0
0
0
0
0
0
0
0
0
0
0
0
0
0
0
0
0
0
0
0
0
11.3339
0
0
0
0
0
0
0
0
0
0
0
0
0
0
0
0
0
0
0
0
0
0
0
0
0
0
0
0
0
0
0
0
-4.1828
-3.938
0
0
0
0
0
0
0
0
0
0
0
0
0
0
0
0
0
0
0
0
0
0
0
0
0
0
0
0
0
0
0
0
0
0
0
0
0
0
0
0
0
0
0
0
0
0
0
0
0
0
0
0
0
-2.6235
0
0
0
0
-3.1518
0
0
0
0
0
0
0
0
9.7132
0
0
0
0
0
0
0
0
0
0
0
0
0
0
0
0
0
0
0
0
0
0
0
0
0
0
0
0
0
0
0
0
0
0
0
0
0
0
0
0
0
0
0
0
0
0
0
0
0
0
0
0
0
0
0
0
0
0
0
0
0
0
0
0
0
0
0
0
0
0
0
0
0
0
0
0
0
0
0
-3.9433
-3.118
0
0
0
0
0
0
0
0
0
0
0
0
0
0
0
0
0
0
0
0
10.819
0
0
0
0
0
0
0
0
0
0
-3.7577
0
0
0
0
0
0
0
0
0
0
0
0
0
0
0
0
0
0
0
0
0
0
0
0
0
0
0
0
0
0
0
0
0
0
0
0
0
0
0
0
0
0
0
0
0
0
0
0
0
0
0
0
0
0
0
0
0
0
0
0
0
-4.4465
0
0
0
0
0
0
0
0
0
0
0
0
0
-3.6629
0
0
0
0
0
0
0
0
0
0
0
0
0
0
8.1093
0
0
0
0
0
0
0
0
0
0
0
0
0
0
0
0
0
0
0
0
0
0
0
0
0
0
0
0
0
0
0
0
0
0
0
0
0
0
0
0
0
0
0
0
0
0
0
0
0
0
0
0
0
0
0
0
0
0
0
0
0
0
0
0
0
0
0
0
0
0
0
0
0
0
0
0
0
0
0
0
0
0
0
0
0
0
0
0
0
0
-3.9181
0
0
0
0
0
0
0
0
0
0
8.7719
0
0
0
0
0
-4.8538
0
0
0
0
0
0
0
0
0
0
0
0
0
0
0
0
0
0
0
0
0
0
0
0
0
0
0
0
0
0
0
0
0
0
0
0
0
-4.8685
0
0
0
0
0
0
0
0
0
0
0
0
0
0
0
0
0
0
0
0
0
0
0
0
0
0
0
0
0
0
0
0
0
0
0
0
0
0
0
0
-3.5004
0
0
0
0
0
0
0
0
0
0
0
0
0
0
0
0
8.3689
0
0
0
0
0
0
0
0
0
0
0
0
0
0
0
0
0
0
0
0
0
0
0
0
0
0
0
0
0
0
0
0
0
0
0
0
0
0
0
0
0
0
0
0
0
0
0
0
0
0
0
0
0
-3.7741
0
0
0
0
0
0
0
0
0
0
0
0
0
0
0
0
0
0
0
0
0
0
0
0
0
0
0
0
0
0
0
0
0
-3.4027
0
0
0
0
0
0
0
0
0
0
0
0
0
7.1768
0
0
0
0
0
0
0
0
0
0
0
0
0
0
0
0
0
0
0
0
0
0
0
0
0
0
0
0
0
0
0
0
0
0
0
0
0
0
0
0
0
0
0
0
0
0
0
0
0
0
0
0
0
0
0
0
0
0
0
0
0
0
0
0
0
0
0
0
0
0
0
0
0
0
0
0
0
-4.2653
0
0
0
0
0
0
0
0
0
0
0
0
0
0
0
0
0
0
0
0
0
0
0
8.6854
0
0
0
0
0
-4.4202
0
0
0
0
0
0
0
0
0
0
0
0
0
0
0
0
0
0
0
0
0
0
0
0
0
0
0
0
0
0
0
0
0
0
0
0
0
0
0
0
0
0
0
0
0
0
0
0
0
0
0
0
0
0
0
-4.5358
0
0
0
0
0
0
0
0
0
0
0
0
0
0
0
0
0
0
0
0
0
0
0
0
0
0
0
0
0
0
0
0
0
0
0
0
0
0
0
8.6115
0
0
0
0
0
-4.0758
0
0
0
0
0
0
0
0
0
0
0
0
0
0
0
0
0
0
0
0
0
0
0
0
0
0
0
0
0
0
0
0
-2.5376
0
0
0
0
0
0
0
0
0
0
0
0
0
0
0
0
0
0
0
0
0
0
0
0
0
0
0
0
0
0
0
0
0
0
0
0
0
0
0
0
0
0
0
-3.6855
0
0
0
0
0
0
0
0
0
0
0
0
0
0
0
0
0
0
6.2231
0
0
0
0
0
0
0
0
0
0
0
0
0
0
0
0
0
0
0
0
0
0
0
0
0
0
0
0
0
0
0
0
0
0
0
0
0
0
0
0
0
0
0
0
0
0
0
0
0
0
0
0
0
0
0
0
0
0
0
0
0
0
0
0
0
0
0
0
0
0
0
0
0
0
0
0
0
0
0
0
0
0
0
0
0
-3.8669
0
0
0
0
0
0
0
0
0
-4.8538
0
0
0
0
0
8.7207
0
0
0
0
0
0
0
0
0
0
0
0
0
0
0
0
0
0
0
0
0
0
0
0
0
0
0
0
0
0
0
0
0
0
0
0
0
0
0
0
0
0
0
0
0
0
0
0
0
0
0
0
0
0
0
0
0
0
0
0
0
0
0
0
0
0
0
0
0
0
0
0
0
0
0
0
0
0
0
0
0
0
0
0
0
0
0
-4.8634
0
0
0
0
0
0
0
0
0
0
0
0
0
9.7722
-4.9088
0
0
0
0
0
0
0
0
0
0
0
0
0
0
0
0
0
0
0
0
0
0
0
0
0
0
0
0
0
0
0
0
0
-5.1457
0
0
0
0
0
0
0
0
0
0
0
0
0
0
0
0
0
0
0
0
0
0
0
0
0
0
0
0
0
0
0
0
0
0
0
0
0
0
0
0
0
0
0
0
0
0
0
0
0
0
0
0
0
0
0
0
0
0
0
0
0
0
0
0
0
-4.9088
10.0545
0
0
0
0
0
0
0
0
0
0
0
0
0
0
0
0
0
0
0
0
0
0
0
0
0
0
0
0
0
0
0
0
0
0
0
0
0
0
0
0
0
0
0
0
0
0
0
0
0
0
0
0
0
0
0
0
0
0
0
0
0
0
0
0
0
0
0
0
0
0
0
0
0
0
0
0
0
0
0
0
0
0
0
0
0
0
0
0
0
0
-3.7577
0
0
0
0
-4.4202
0
0
0
0
0
8.1779
0
0
0
0
0
0
0
0
0
0
0
0
0
0
0
0
0
0
0
0
0
0
0
0
0
0
0
0
0
0
0
0
0
0
0
0
0
0
0
0
0
0
0
0
0
0
0
0
0
0
0
0
0
0
0
0
0
0
0
0
0
0
0
0
0
0
0
0
0
0
0
0
0
0
0
0
0
0
0
0
0
-4.0042
0
0
0
0
0
0
0
0
0
0
0
0
0
-4.0758
0
0
0
0
0
8.08
0
0
0
0
0
0
0
0
0
0
0
0
0
0
0
0
0
0
0
0
0
0
0
0
0
0
0
0
0
0
0
0
0
0
0
0
0
0
0
0
0
0
0
0
0
0
0
-7.0662
0
0
0
0
0
0
0
0
0
0
0
0
0
0
0
0
0
0
0
0
0
0
0
0
0
0
0
0
0
0
0
0
0
0
0
0
0
0
0
0
0
0
0
0
0
0
0
0
0
0
0
0
0
7.0662
0
0
0
0
0
0
0
0
0
0
0
0
0
0
0
0
0
0
0
0
0
0
0
0
0
0
0
0
0
0
0
0
0
0
0
0
0
0
0
0
0
0
0
0
0
0
0
0
0
0
0
0
0
0
0
0
0
0
0
0
0
0
0
0
0
0
0
-5.8359
0
0
0
0
0
0
0
0
0
0
0
0
0
0
0
0
0
0
0
0
0
0
0
0
0
0
0
0
0
0
0
0
0
5.8359
0
0
0
0
0
0
0
0
0
0
0
0
0
0
0
0
0
0
0
0
0
0
0
0
0
0
0
0
0
0
0
0
0
0
0
0
0
0
0
0
0
0
0
0
0
0
0
0
0
0
0
0
0
0
0
0
0
0
0
0
0
0
0
0
-6.3848
0
0
0
0
0
0
0
0
0
0
0
0
0
0
0
0
0
0
0
0
0
0
0
0
0
0
0
0
0
0
0
0
0
0
0
0
6.3848
0
0
0
0
0
0
0
0
0
0
0
0
0
0
0
0
0
0
0
0
0
0
0
0
0
0
0
0
0
0
0
0
0
0
0
0
0
0
0
0
0
0
0
0
0
0
0
0
0
0
0
0
0
0
0
0
0
0
-5.3904
0
0
0
0
0
0
0
0
0
0
0
0
0
0
0
0
0
0
0
0
0
0
0
0
0
0
0
0
0
0
0
0
0
0
0
0
0
0
0
0
0
0
5.3904
0
0
0
0
0
0
0
0
0
0
0
0
0
0
0
0
0
0
0
0
0
0
0
0
0
0
0
0
0
0
0
0
0
0
0
0
0
0
0
0
0
0
0
0
0
0
0
0
-6.7421
0
0
0
0
0
0
0
0
0
0
0
0
0
0
0
0
0
0
0
0
0
0
0
0
0
0
0
0
0
0
0
0
0
0
0
0
0
0
0
0
0
0
0
0
0
0
0
0
0
0
0
0
6.7421
0
0
0
0
0
0
0
0
0
0
0
0
0
0
0
0
0
0
0
0
0
0
0
0
0
0
0
0
0
0
0
0
0
0
0
0
0
0
0
0
0
0
0
0
0
0
0
0
0
0
0
0
0
0
0
0
0
0
0
0
0
0
0
0
0
-4.6649
0
0
0
0
0
0
0
0
0
0
0
0
0
0
0
0
0
0
0
0
0
0
0
0
0
0
0
0
0
0
0
0
0
0
0
4.6649
0
0
0
0
0
0
0
0
0
0
0
0
0
0
0
0
0
0
0
0
0
0
0
0
0
0
0
0
0
0
0
0
0
0
0
0
0
0
0
0
0
0
0
0
0
0
0
0
0
0
0
-6.5783
0
0
0
0
0
0
0
0
0
0
0
0
0
0
0
0
0
0
0
0
0
0
0
0
0
0
0
0
0
0
0
0
0
0
0
0
0
0
0
0
0
0
0
0
0
0
0
0
0
6.5783
0
0
0
0
0
0
0
0
0
0
0
0
0
0
0
0
0
0
0
0
0
0
0
0
0
0
0
0
0
0
0
0
0
0
0
0
0
0
0
0
0
0
0
0
0
0
-7.5357
0
0
0
0
0
0
0
0
0
0
0
0
0
0
0
0
0
0
0
0
0
0
0
0
0
0
0
0
0
0
0
0
0
0
0
0
0
0
0
0
0
0
0
0
0
0
0
0
0
0
0
0
0
0
7.5357
0
0
0
0
0
0
0
0
0
0
0
0
0
0
0
0
0
0
0
0
0
0
0
0
0
0
0
0
0
0
0
0
0
0
0
0
0
0
0
0
0
0
0
0
0
0
0
0
0
0
0
0
0
0
0
0
0
0
0
0
0
0
0
0
0
0
0
0
0
-4.1401
0
0
0
0
0
0
0
0
0
0
0
0
0
0
0
0
0
0
0
0
0
0
0
0
0
0
0
0
0
0
0
4.1401
0
0
0
0
0
0
0
0
0
0
0
0
0
0
0
0
0
0
0
0
0
0
0
0
0
0
0
0
0
0
0
0
0
0
0
-7.9727
0
0
0
0
0
0
0
0
0
0
0
0
0
0
0
0
0
0
0
0
0
0
0
0
0
0
0
0
0
0
0
0
0
0
0
0
0
0
0
0
0
0
0
0
0
0
0
0
0
0
0
0
0
0
0
0
0
0
0
0
0
0
0
0
0
7.9727
0
0
0
0
0
0
0
0
0
0
0
0
0
0
0
0
0
0
0
0
0
0
0
0
0
0
0
0
0
0
0
0
0
0
0
0
0
0
0
0
0
0
0
0
0
0
0
0
0
0
0
0
0
0
0
0
0
0
0
0
0
0
0
0
0
0
0
0
-4.1081
0
0
0
0
0
0
0
0
0
0
0
0
0
0
0
0
0
0
0
0
0
0
0
0
0
0
0
0
0
0
0
0
4.1081
0
0
0
0
0
0
0
0
0
0
0
0
0
0
0
0
0
0
0
0
0
0
0
0
0
0
0
0
0
0
0
0
0
0
0
0
0
0
0
0
0
0
0
0
0
0
0
0
0
0
0
0
0
0
0
0
0
0
0
0
0
0
0
0
0
0
0
0
0
0
-4.7925
0
0
0
0
0
0
0
0
0
0
0
0
0
0
0
0
0
0
0
0
0
0
0
0
0
0
0
0
0
0
4.7925
0
0
0
0
0
0
0
0
0
0
0
0
0
0
0
0
0
0
0
0
0
0
0
0
0
0
-8.1166
0
0
0
0
0
0
0
0
0
0
0
0
0
0
0
0
0
0
0
0
0
0
0
0
0
0
0
0
0
0
0
0
0
0
0
0
0
0
0
0
0
0
0
0
0
0
0
0
0
0
0
0
0
0
0
0
0
0
0
0
0
0
0
0
0
0
0
0
0
0
0
0
0
0
8.1166
0
0
0
0
0
0
0
0
0
0
0
0
0
0
0
0
0
0
0
0
0
0
0
0
0
0
0
0
0
0
0
0
0
0
0
0
0
0
0
0
-7.5357
0
0
0
0
0
0
0
0
0
0
0
0
0
0
0
0
0
0
0
0
0
0
0
0
0
0
0
0
0
0
0
0
0
0
0
0
0
0
0
0
0
0
0
0
0
0
0
0
0
0
0
0
0
0
0
0
0
0
0
0
7.5357
0
0
0
0
0
0
0
0
0
0
0
0
0
0
0
0
0
0
0
0
0
0
0
0
0
0
0
0
0
0
0
0
0
0
0
0
0
0
0
0
0
0
0
0
0
0
0
0
0
0
0
0
-6.3848
0
0
0
0
0
0
0
0
0
0
0
0
0
0
0
0
0
0
0
0
0
0
0
0
0
0
0
0
0
0
0
0
0
0
0
0
0
0
0
0
0
0
0
0
0
0
0
0
6.3848
0
0
0
0
0
0
0
0
0
0
0
0
0
0
0
0
0
0
0
0
0
0
0
0
0
0
0
0
0
0
0
0
0
0
0
0
0
0
0
0
0
0
0
0
0
0
0
0
0
0
0
0
0
0
0
0
0
0
0
0
0
-3.0242
0
0
0
0
0
0
0
0
0
0
0
0
0
0
0
0
0
0
0
0
0
0
0
0
0
0
0
0
0
0
0
0
0
0
0
0
0
0
0
3.0242
0
0
0
0
0
0
0
0
0
0
0
0
0
0
0
0
0
0
0
0
0
0
0
-8.1174
0
0
0
0
0
0
0
0
0
0
0
0
0
0
0
0
0
0
0
0
0
0
0
0
0
0
0
0
0
0
0
0
0
0
0
0
0
0
0
0
0
0
0
0
0
0
0
0
0
0
0
0
0
0
0
0
0
0
0
0
0
0
0
0
0
0
0
0
0
0
0
0
0
0
0
0
0
8.1174
0
0
0
0
0
0
0
0
0
0
0
0
0
0
0
0
0
0
0
0
0
0
0
0
0
0
0
0
0
0
0
0
0
0
0
0
0
0
0
0
0
0
0
0
0
0
0
0
0
0
0
0
0
0
0
0
0
0
0
0
0
0
0
0
0
0
0
0
-0.74829
0
0
0
0
0
0
0
0
0
0
0
0
0
0
0
0
0
0
0
0
0
0
0
0
0
0
0
0
0
0
0
0
0.74829
0
0
0
0
0
0
0
0
0
0
0
0
0
0
0
0
0
0
0
0
0
0
0
0
0
0
0
0
0
0
0
0
0
0
0
0
0
0
0
0
0
0
0
0
0
0
0
0
0
0
0
0
0
0
0
0
0
0
0
0
0
0
0
0
0
0
0
0
-4.1828
0
0
0
0
0
0
0
0
0
0
0
0
0
0
0
0
0
0
0
0
0
0
0
0
0
0
0
0
0
0
0
0
4.1828
