50.1599
-0.71347
-0.69106
-0.72961
-0.73253
-0.724
-0.74179
-0.65656
-0.65655
-0.66479
-0.66308
-0.65516
-0.67249
-0.65959
-0.69286
-0.687
-0.68702
-0.6584
-0.67649
-0.75194
-0.75231
-0.65784
-0.64516
-0.65789
-0.62963
-0.75453
-0.6529
-0.64369
-0.78228
-0.72958
-0.73992
-0.70857
-0.76211
-0.82433
-0.88149
-0.71956
-0.76456
-0.76359
-0.86398
-0.74914
-0.78979
-0.75635
-0.77469
-0.80052
-0.84683
-0.93023
-1.0505
-1.2895
-1.0606
-1.2742
-1.168
-1.1777
-1.3935
-1.454
-1.3102
-2.3204
0
0
0
0
0
0
0
0
0
0
0
0
-3.9655
0
0
0
0
0
0
0
0
0
0
0
0
0
0
0
0
0
0
0
0
0
0
0
0
0
0
0
0
0
0
0
0
-0.71347
47.9307
-0.72534
-0.76775
-0.77092
-0.76158
-0.78018
-0.67985
-0.67985
-0.68724
-0.68557
-0.67737
-0.69557
-0.68612
-0.72538
-0.70941
-0.70942
-0.68164
-0.70613
-0.77827
-0.77863
-0.67964
-0.67379
-0.6797
-0.65067
-0.76994
-0.67394
-0.6634
-0.80742
-0.75331
-0.75607
-0.71917
-0.78351
-0.85339
-0.90889
-0.7429
-0.78715
-0.78616
-0.88902
-0.77106
-0.81279
-0.79823
-0.8019
-0.82364
-0.87021
-0.95715
-1.0764
-1.3229
-1.0887
-1.3012
-1.1955
-1.2134
-1.4176
-1.4775
-1.4939
0
-2.5309
0
0
0
0
0
0
0
0
0
0
0
0
0
0
0
0
0
0
0
0
0
0
0
0
0
0
0
0
0
0
0
0
0
0
0
0
0
0
0
0
0
0
0
0
-0.69106
-0.72534
43.688
-0.68619
-0.69038
-0.67889
-0.70828
-0.64082
-0.64082
-0.65293
-0.65293
-0.64585
-0.66917
-0.65394
-0.6961
-0.67967
-0.67967
-0.6528
-0.67781
-0.75716
-0.75757
-0.65089
-0.64633
-0.65094
-0.62235
-0.75885
-0.64545
-0.63681
-0.78114
-0.72478
-0.73586
-0.70618
-0.7543
-0.82678
-0.88997
-0.71684
-0.75714
-0.75615
-0.8621
-0.74116
-0.78253
-0.76904
-0.7762
-0.79299
-0.83901
-0.92601
-1.0427
-1.2957
-1.0546
-1.2719
-1.1618
-1.1829
-1.3846
-1.4444
-1.4622
0
0
0
0
0
0
0
0
0
0
0
0
0
0
0
0
0
0
0
0
0
0
0
0
0
0
0
0
0
0
0
0
0
0
0
0
0
0
0
0
0
0
0
0
0
0
-0.72961
-0.76775
-0.68619
45.754
-0.74202
-0.72821
-0.76297
-0.67427
-0.67427
-0.68752
-0.68781
-0.68085
-0.70598
-0.68954
-0.73253
-0.71574
-0.71575
-0.68846
-0.71418
-0.79705
-0.79743
-0.68646
-0.68189
-0.68651
-0.65735
-0.79429
-0.68097
-0.67229
-0.8196
-0.76204
-0.77333
-0.74319
-0.79197
-0.86609
-0.9318
-0.75398
-0.7949
-0.7939
-0.90163
-0.77865
-0.8206
-0.80699
-0.81425
-0.83121
-0.8779
-0.96619
-1.0841
-1.3403
-1.0961
-1.3153
-1.2045
-1.2254
-1.4283
-1.4882
-1.5057
0
0
0
0
0
0
0
0
0
0
0
0
0
0
0
0
0
0
0
0
0
0
0
0
0
0
0
0
0
0
0
0
0
0
0
0
0
0
0
0
0
0
0
0
0
0
-0.73253
-0.77092
-0.69038
-0.74202
45.9188
-0.73311
-0.76817
-0.67722
-0.67722
-0.69044
-0.69071
-0.68372
-0.70893
-0.69241
-0.73547
-0.71864
-0.71865
-0.69131
-0.71708
-0.79999
-0.80038
-0.68932
-0.68474
-0.68938
-0.66016
-0.79707
-0.68381
-0.67513
-0.82258
-0.76499
-0.77628
-0.74612
-0.79496
-0.86912
-0.93478
-0.75691
-0.79788
-0.79688
-0.90472
-0.78161
-0.82361
-0.80998
-0.81725
-0.83424
-0.88096
-0.96933
-1.0873
-1.3436
-1.0993
-1.3186
-1.2078
-1.2287
-1.4317
-1.4916
-1.5091
0
0
0
0
0
0
0
0
0
0
0
0
0
0
0
0
0
0
0
0
0
0
0
0
0
0
0
0
0
0
0
0
0
0
0
0
0
0
0
0
0
0
0
0
0
0
-0.724
-0.76158
-0.67889
-0.72821
-0.73311
45.4441
-0.75375
-0.66888
-0.66888
-0.68213
-0.68244
-0.67549
-0.70045
-0.68416
-0.72701
-0.71029
-0.71029
-0.68308
-0.70872
-0.79147
-0.79186
-0.6811
-0.67653
-0.68115
-0.65207
-0.78883
-0.67562
-0.66696
-0.81392
-0.75649
-0.76775
-0.7377
-0.78636
-0.86031
-0.92599
-0.74844
-0.78926
-0.78827
-0.89579
-0.77305
-0.81493
-0.80134
-0.80858
-0.82552
-0.8721
-0.96026
-1.078
-1.334
-1.09
-1.3089
-1.1982
-1.2191
-1.4219
-1.4818
-1.4993
0
0
0
0
0
0
0
0
0
0
0
0
0
0
0
0
0
0
0
0
0
0
0
0
0
0
0
0
0
0
0
0
0
0
0
0
0
0
0
0
0
0
0
0
0
0
-0.74179
-0.78018
-0.70828
-0.76297
-0.76817
-0.75375
46.4893
-0.68822
-0.68823
-0.70101
-0.70108
-0.69395
-0.71912
-0.70239
-0.74571
-0.72875
-0.72877
-0.70123
-0.727
-0.8096
-0.80998
-0.69921
-0.6946
-0.69926
-0.66989
-0.80568
-0.69363
-0.68488
-0.83264
-0.77501
-0.78634
-0.75604
-0.80513
-0.87922
-0.94396
-0.76687
-0.80808
-0.80707
-0.91506
-0.79174
-0.83383
-0.82011
-0.82735
-0.8445
-0.89138
-0.97994
-1.0982
-1.3541
-1.1102
-1.3298
-1.2188
-1.2398
-1.4431
-1.503
-1.5206
0
0
0
0
0
0
0
0
0
0
0
0
0
0
0
0
0
0
0
0
0
0
0
0
0
0
0
0
0
0
0
0
0
0
0
0
0
0
0
0
0
0
0
0
0
0
-0.65656
-0.67985
-0.64082
-0.67427
-0.67722
-0.66888
-0.68822
40.2609
-0.58157
-0.61828
-0.6183
-0.61099
-0.63471
-0.61792
-0.65734
-0.64366
-0.64366
-0.61747
-0.64093
-0.71994
-0.72029
-0.61586
-0.61078
-0.61591
-0.5879
-0.71459
-0.61027
-0.60167
-0.74083
-0.68668
-0.69739
-0.66857
-0.71588
-0.7858
-0.84872
-0.67925
-0.71883
-0.71787
-0.82063
-0.70334
-0.74391
-0.73015
-0.73666
-0.75442
-0.79906
-0.88395
-0.99891
-1.2468
-1.0106
-1.2243
-1.1146
-1.1376
-1.3349
-1.3934
0
0
0
0
0
0
0
0
0
0
0
0
0
0
0
0
0
0
0
0
0
0
0
0
0
0
0
0
0
0
0
0
0
0
0
0
0
0
0
0
0
0
0
0
0
0
0
-0.65655
-0.67985
-0.64082
-0.67427
-0.67722
-0.66888
-0.68823
-0.58157
40.2609
-0.61828
-0.6183
-0.61098
-0.63472
-0.61792
-0.65733
-0.64366
-0.64366
-0.61746
-0.64093
-0.71994
-0.72029
-0.61586
-0.61079
-0.61591
-0.5879
-0.71459
-0.61027
-0.60166
-0.74082
-0.68668
-0.69739
-0.66857
-0.71588
-0.78581
-0.84871
-0.67925
-0.71883
-0.71787
-0.82063
-0.70334
-0.74391
-0.73015
-0.73666
-0.75442
-0.79906
-0.88395
-0.99891
-1.2468
-1.0106
-1.2243
-1.1146
-1.1376
-1.3349
-1.3934
0
0
0
0
0
0
0
0
0
0
0
0
0
0
0
0
0
0
0
0
0
0
0
0
0
0
0
0
0
0
0
0
0
0
0
0
0
0
0
0
0
0
0
0
0
0
0
-0.66479
-0.68724
-0.65293
-0.68752
-0.69044
-0.68213
-0.70101
-0.61828
-0.61828
38.2007
-0.62753
-0.618
-0.63752
-0.62443
-0.67166
-0.65125
-0.65126
-0.62455
-0.64878
-0.72175
-0.72211
-0.62283
-0.61766
-0.62288
-0.59422
-0.70667
-0.61679
-0.60724
-0.74815
-0.69362
-0.70442
-0.6765
-0.72239
-0.79343
-0.85517
-0.68522
-0.7257
-0.72471
-0.82826
-0.71036
-0.75066
-0.73662
-0.74341
-0.76115
-0.80569
-0.89012
-1.006
-1.2581
-1.0189
-1.2325
-1.1355
0
0
-1.4044
0
0
0
0
0
0
0
0
0
0
0
0
0
0
0
0
0
0
0
0
0
0
0
0
0
0
0
0
0
0
0
0
0
0
0
0
0
0
0
0
0
0
0
0
0
0
0
-0.66308
-0.68557
-0.65293
-0.68781
-0.69071
-0.68244
-0.70108
-0.6183
-0.6183
-0.62753
36.6349
-0.61217
-0.6337
-0.61887
-0.66267
-0.64739
-0.64741
-0.6205
-0.64659
-0.71558
-0.71593
-0.61913
-0.61362
-0.61919
-0.59023
-0.7015
-0.61294
-0.60463
-0.74411
-0.69005
-0.70091
-0.67321
-0.71848
-0.79068
-0.85375
-0.68183
-0.72205
-0.72106
-0.82455
-0.70655
-0.74673
-0.73288
-0.73975
-0.75721
-0.80179
-0.88609
-1.0018
-1.2547
-1.0165
-1.2281
-1.1323
0
0
0
0
0
0
0
0
0
0
0
0
0
0
0
0
0
0
0
0
0
0
0
0
0
0
0
0
0
0
0
0
0
0
0
0
0
0
0
0
0
0
0
0
0
0
0
0
0
0
-0.65516
-0.67737
-0.64585
-0.68085
-0.68372
-0.67549
-0.69395
-0.61099
-0.61098
-0.618
-0.61217
35.0522
-0.62206
-0.60677
-0.65187
-0.63991
-0.63993
-0.61244
-0.63578
-0.70548
-0.70582
-0.61115
-0.60528
-0.61121
-0.58172
-0.69464
-0.60444
-0.59463
-0.73947
-0.68034
-0.69041
-0.66334
-0.70756
-0.78219
-0.83697
-0.67162
-0.71269
-0.71171
-0.81535
-0.69757
-0.73773
-0.72375
-0.73121
-0.74816
-0.7924
-0.87611
-0.99182
-1.2385
-0.9996
-1.216
0
0
0
0
0
0
0
0
0
0
0
0
0
0
0
0
0
0
0
0
0
0
0
0
0
0
0
0
0
0
0
0
0
0
0
0
0
0
0
0
0
0
0
0
0
0
0
0
0
0
0
-0.67249
-0.69557
-0.66917
-0.70598
-0.70893
-0.70045
-0.71912
-0.63471
-0.63472
-0.63752
-0.6337
-0.62206
40.8702
-0.61923
-0.66321
-0.64851
-0.64853
-0.61989
-0.64003
-0.71943
-0.71977
-0.61988
-0.61414
-0.61994
-0.59129
-0.69769
-0.61251
-0.57251
-0.73709
-0.68751
-0.69507
-0.66551
-0.71571
-0.77913
-0.83078
-0.6745
-0.72059
-0.71964
-0.82001
-0.70518
-0.74527
-0.7299
-0.73762
-0.75571
-0.80037
-0.88654
-1
0
0
0
0
0
0
0
0
0
0
0
0
0
0
0
0
0
0
0
0
-3.6531
0
0
0
0
0
0
0
0
0
0
0
-5.17
0
0
0
0
0
0
0
0
0
0
0
0
0
0
0
0
0
0
0
0
0
-0.65959
-0.68612
-0.65394
-0.68954
-0.69241
-0.68416
-0.70239
-0.61792
-0.61792
-0.62443
-0.61887
-0.60677
-0.61923
34.3154
-0.649
-0.66064
-0.66065
-0.62316
-0.63863
-0.70422
-0.70458
-0.61942
-0.61393
-0.61947
-0.58821
-0.69467
-0.60969
-0.59602
-0.73198
-0.68076
-0.68984
-0.67767
-0.70854
-0.7572
-0.83198
-0.66936
-0.71598
-0.71501
-0.81269
-0.70045
-0.74091
-0.72197
-0.72704
-0.75147
-0.79618
-0.87735
-0.99585
0
0
0
0
0
0
0
0
0
0
0
0
0
0
0
0
0
0
0
0
0
0
0
0
0
0
0
0
0
-2.5576
0
0
0
0
0
0
0
0
0
0
0
0
0
0
0
0
0
0
0
0
0
0
0
0
-0.69286
-0.72538
-0.6961
-0.73253
-0.73547
-0.72701
-0.74571
-0.65734
-0.65733
-0.67166
-0.66267
-0.65187
-0.66321
-0.649
38.567
-0.68408
-0.68409
-0.65669
-0.68028
-0.74633
-0.74668
-0.65459
-0.63537
-0.65464
-0.62496
-0.73423
-0.64791
-0.63518
-0.78236
-0.72664
-0.73728
-0.70824
-0.75365
-0.83389
-0.88534
-0.71369
-0.76025
-0.75927
-0.86741
-0.74435
-0.7854
-0.77222
-0.76912
-0.79595
-0.84242
-0.92667
-1.0453
0
0
0
0
0
0
0
0
0
0
0
0
0
0
0
0
0
0
0
0
0
0
0
0
0
-4.9044
0
0
0
0
0
0
0
0
0
0
0
0
0
0
0
0
0
0
0
0
0
0
0
0
0
0
0
0
-0.687
-0.70941
-0.67967
-0.71574
-0.71864
-0.71029
-0.72875
-0.64366
-0.64366
-0.65125
-0.64739
-0.63991
-0.64851
-0.66064
-0.68408
32.981
-0.67438
-0.63717
-0.66933
-0.73486
-0.73522
-0.63813
-0.63029
-0.63819
-0.60691
-0.7247
-0.63045
-0.61804
-0.76533
-0.70919
-0.71813
-0.69192
-0.73427
-0.80463
-0.88239
-0.69941
-0.74285
-0.74187
-0.84597
-0.72671
-0.76759
-0.75253
-0.76036
-0.77809
-0.82316
-0.90687
-1.0234
0
0
0
0
0
0
0
0
0
0
0
0
0
0
0
0
0
0
0
0
0
0
0
0
0
0
0
0
0
0
0
0
0
0
0
0
0
0
0
0
0
0
0
0
0
0
0
0
0
0
0
0
0
0
-0.68702
-0.70942
-0.67967
-0.71575
-0.71865
-0.71029
-0.72877
-0.64366
-0.64366
-0.65126
-0.64741
-0.63993
-0.64853
-0.66065
-0.68409
-0.67438
32.9814
-0.63718
-0.66934
-0.73486
-0.73522
-0.63814
-0.6303
-0.6382
-0.60692
-0.72471
-0.63046
-0.61805
-0.76534
-0.7092
-0.71813
-0.69193
-0.73428
-0.80463
-0.8824
-0.69942
-0.74286
-0.74188
-0.84597
-0.72672
-0.7676
-0.75254
-0.76037
-0.77811
-0.82317
-0.90687
-1.0234
0
0
0
0
0
0
0
0
0
0
0
0
0
0
0
0
0
0
0
0
0
0
0
0
0
0
0
0
0
0
0
0
0
0
0
0
0
0
0
0
0
0
0
0
0
0
0
0
0
0
0
0
0
0
-0.6584
-0.68164
-0.6528
-0.68846
-0.69131
-0.68308
-0.70123
-0.61747
-0.61746
-0.62455
-0.6205
-0.61244
-0.61989
-0.62316
-0.65669
-0.63717
-0.63718
31.1517
-0.63136
-0.7016
-0.70194
-0.61395
-0.59449
-0.614
-0.57877
-0.69065
-0.60181
-0.58789
-0.72938
-0.6794
-0.68694
-0.66275
-0.70287
-0.76779
-0.84464
-0.66878
-0.71226
-0.71129
-0.80976
-0.69632
-0.73691
-0.7218
-0.72704
-0.74745
-0.79177
0
0
0
0
0
0
0
0
0
0
0
0
0
0
0
0
0
-1.4146
0
0
0
0
0
0
0
0
0
0
0
0
0
0
0
0
0
0
0
0
0
0
0
0
0
0
0
0
0
0
0
0
0
0
0
0
0
0
-0.67649
-0.70613
-0.67781
-0.71418
-0.71708
-0.70872
-0.727
-0.64093
-0.64093
-0.64878
-0.64659
-0.63578
-0.64003
-0.63863
-0.68028
-0.66933
-0.66934
-0.63136
37.1616
-0.71804
-0.71839
-0.63609
-0.6285
-0.63614
-0.60469
-0.703
-0.62727
-0.61217
-0.75102
-0.70299
-0.72216
-0.68799
-0.73229
-0.74676
-0.84998
-0.69383
-0.73875
-0.73776
-0.83452
-0.72365
-0.76499
-0.75261
-0.75043
-0.77554
0
0
0
0
0
0
0
0
0
0
0
0
0
0
0
0
0
-3.4668
0
0
0
-3.7759
0
0
0
0
0
0
0
0
0
0
0
0
0
0
0
0
0
0
0
0
0
0
0
0
0
0
0
0
0
0
0
0
0
0
0
-0.75194
-0.77827
-0.75716
-0.79705
-0.79999
-0.79147
-0.8096
-0.71994
-0.71994
-0.72175
-0.71558
-0.70548
-0.71943
-0.70422
-0.74633
-0.73486
-0.73486
-0.7016
-0.71804
42.0167
-0.85414
-0.70251
-0.69509
-0.70256
-0.67217
-0.78907
-0.69523
-0.684
-0.81212
-0.76387
-0.78252
-0.75016
-0.80344
-0.85323
-0.90136
-0.75965
-0.80962
-0.80863
-0.89931
-0.79414
-0.83693
-0.818
-0.81687
-0.84792
-0.89552
0
0
0
0
0
0
0
0
0
0
0
0
0
0
0
0
0
0
0
0
0
0
0
0
0
0
0
0
0
0
0
0
0
0
0
0
0
0
0
0
0
0
0
0
0
0
0
0
0
-8.1411
0
0
0
0
0
0
-0.75231
-0.77863
-0.75757
-0.79743
-0.80038
-0.79186
-0.80998
-0.72029
-0.72029
-0.72211
-0.71593
-0.70582
-0.71977
-0.70458
-0.74668
-0.73522
-0.73522
-0.70194
-0.71839
-0.85414
42.0341
-0.70285
-0.69544
-0.70291
-0.67252
-0.78955
-0.69559
-0.68436
-0.81252
-0.76428
-0.78291
-0.75054
-0.80382
-0.85366
-0.90197
-0.76003
-0.81
-0.80901
-0.89974
-0.79452
-0.83732
-0.8184
-0.81728
-0.84831
-0.89591
0
0
0
0
0
0
0
0
0
0
0
0
0
0
0
0
0
0
0
0
0
0
0
0
0
0
0
0
0
0
0
0
0
0
0
0
0
0
0
0
0
0
0
0
0
0
0
0
0
0
0
0
0
-8.1421
0
0
-0.65784
-0.67964
-0.65089
-0.68646
-0.68932
-0.6811
-0.69921
-0.61586
-0.61586
-0.62283
-0.61913
-0.61115
-0.61988
-0.61942
-0.65459
-0.63813
-0.63814
-0.61395
-0.63609
-0.70251
-0.70285
29.6686
-0.61043
-0.58825
-0.56772
-0.69403
-0.59534
-0.58345
-0.73027
-0.67753
-0.6835
-0.65871
-0.69821
-0.77941
-0.84167
-0.66634
-0.70897
-0.708
-0.82371
-0.693
-0.73301
-0.71608
-0.72602
-0.74312
-0.78689
0
0
0
0
0
0
0
0
0
0
0
0
0
0
0
0
0
0
0
0
0
0
0
0
0
0
0
0
0
0
0
0
0
0
0
0
0
0
0
0
0
0
0
0
0
0
0
0
0
0
0
0
0
0
0
0
-0.64516
-0.67379
-0.64633
-0.68189
-0.68474
-0.67653
-0.6946
-0.61078
-0.61079
-0.61766
-0.61362
-0.60528
-0.61414
-0.61393
-0.63537
-0.63029
-0.6303
-0.59449
-0.6285
-0.69509
-0.69544
-0.61043
30.8121
-0.61049
-0.57146
-0.6864
-0.59525
-0.58051
-0.7238
-0.67179
-0.6776
-0.65197
-0.69487
-0.77001
-0.83845
-0.65955
-0.70466
-0.70368
-0.80101
-0.68857
-0.72873
-0.68653
-0.71508
-0.73912
0
0
0
0
0
0
0
0
0
0
0
-2.2034
0
0
0
0
0
0
0
0
0
0
0
0
0
0
0
0
0
0
0
0
0
0
0
0
0
0
0
0
0
0
0
0
0
0
0
0
0
0
0
0
0
0
0
0
0
-0.65789
-0.6797
-0.65094
-0.68651
-0.68938
-0.68115
-0.69926
-0.61591
-0.61591
-0.62288
-0.61919
-0.61121
-0.61994
-0.61947
-0.65464
-0.63819
-0.6382
-0.614
-0.63614
-0.70256
-0.70291
-0.58825
-0.61049
29.671
-0.56778
-0.69409
-0.59539
-0.58352
-0.73033
-0.67759
-0.68357
-0.65878
-0.69827
-0.77945
-0.84172
-0.66641
-0.70904
-0.70806
-0.82376
-0.69306
-0.73308
-0.71616
-0.72609
-0.74318
-0.78695
0
0
0
0
0
0
0
0
0
0
0
0
0
0
0
0
0
0
0
0
0
0
0
0
0
0
0
0
0
0
0
0
0
0
0
0
0
0
0
0
0
0
0
0
0
0
0
0
0
0
0
0
0
0
0
0
-0.62963
-0.65067
-0.62235
-0.65735
-0.66016
-0.65207
-0.66989
-0.5879
-0.5879
-0.59422
-0.59023
-0.58172
-0.59129
-0.58821
-0.62496
-0.60691
-0.60692
-0.57877
-0.60469
-0.67217
-0.67252
-0.56772
-0.57146
-0.56778
27.6054
-0.66304
-0.57506
-0.56157
-0.69764
-0.64793
-0.64961
-0.62528
-0.66541
-0.74652
-0.80428
-0.6364
-0.67865
-0.67767
-0.77912
-0.66253
-0.70234
-0.68433
-0.69753
-0.71297
0
0
0
0
0
0
0
0
0
0
0
0
0
0
0
0
0
0
0
0
0
0
0
0
0
0
0
0
0
0
0
0
0
0
0
0
0
0
0
0
0
0
0
0
0
0
0
0
0
0
0
0
0
0
0
0
0
-0.75453
-0.76994
-0.75885
-0.79429
-0.79707
-0.78883
-0.80568
-0.71459
-0.71459
-0.70667
-0.7015
-0.69464
-0.69769
-0.69467
-0.73423
-0.7247
-0.72471
-0.69065
-0.703
-0.78907
-0.78955
-0.69403
-0.6864
-0.69409
-0.66304
42.9594
-0.68435
-0.66858
-0.79068
-0.7573
-0.7654
-0.73125
-0.78684
-0.82971
-0.88672
-0.74351
-0.79738
-0.79639
-0.87945
-0.78128
0
0
0
0
0
0
0
0
0
0
0
0
0
0
0
0
0
0
0
-1.9373
0
0
0
0
0
0
0
0
0
0
0
0
0
-3.8157
0
0
0
0
0
0
0
0
0
0
0
0
0
0
0
0
0
-8.0206
0
0
0
0
0
0
0
0
0
-0.6529
-0.67394
-0.64545
-0.68097
-0.68381
-0.67562
-0.69363
-0.61027
-0.61027
-0.61679
-0.61294
-0.60444
-0.61251
-0.60969
-0.64791
-0.63045
-0.63046
-0.60181
-0.62727
-0.69523
-0.69559
-0.59534
-0.59525
-0.59539
-0.57506
-0.68435
26.4111
-0.58834
-0.72064
-0.6738
-0.68235
-0.66984
-0.67009
-0.76595
-0.8307
-0.66853
-0.69843
-0.69746
-0.78417
-0.68134
-0.72208
0
0
0
0
0
0
0
0
0
0
0
0
0
0
0
0
0
0
0
0
0
0
0
0
0
0
0
0
0
0
0
0
0
0
0
0
0
0
0
0
0
0
0
0
0
0
0
0
0
0
0
0
0
0
0
0
0
0
0
0
-0.64369
-0.6634
-0.63681
-0.67229
-0.67513
-0.66696
-0.68488
-0.60167
-0.60166
-0.60724
-0.60463
-0.59463
-0.57251
-0.59602
-0.63518
-0.61804
-0.61805
-0.58789
-0.61217
-0.684
-0.68436
-0.58345
-0.58051
-0.58352
-0.56157
-0.66858
-0.58834
27.9139
-0.70398
-0.65838
-0.64612
-0.61756
-0.66633
-0.75548
-0.81496
-0.64201
-0.68423
-0.68326
0
-0.6661
0
0
0
0
0
0
0
0
0
0
0
0
0
0
0
0
0
0
0
0
0
0
0
0
0
0
0
-3.5483
0
0
0
0
0
0
0
0
0
0
0
0
0
0
0
0
0
0
0
0
0
0
0
0
0
0
0
0
0
0
0
0
0
-0.78228
-0.80742
-0.78114
-0.8196
-0.82258
-0.81392
-0.83264
-0.74083
-0.74082
-0.74815
-0.74411
-0.73947
-0.73709
-0.73198
-0.78236
-0.76533
-0.76534
-0.72938
-0.75102
-0.81212
-0.81252
-0.73027
-0.7238
-0.73033
-0.69764
-0.79068
-0.72064
-0.70398
34.9929
-0.81183
-0.80195
-0.77346
-0.81768
-0.88151
0
-0.78684
-0.8333
-0.83227
0
0
0
0
0
0
0
0
0
0
0
0
0
0
0
0
0
0
0
0
0
0
0
0
0
0
0
0
0
0
0
0
0
0
0
0
0
0
0
0
0
0
0
0
-7.0966
0
0
0
0
0
0
0
0
0
0
0
0
0
0
0
0
0
0
-0.72958
-0.75331
-0.72478
-0.76204
-0.76499
-0.75649
-0.77501
-0.68668
-0.68668
-0.69362
-0.69005
-0.68034
-0.68751
-0.68076
-0.72664
-0.70919
-0.7092
-0.6794
-0.70299
-0.76387
-0.76428
-0.67753
-0.67179
-0.67759
-0.64793
-0.7573
-0.6738
-0.65838
-0.81183
25.5903
-0.82469
0
-0.69272
0
0
0
0
0
0
0
0
0
0
0
0
0
0
0
0
0
0
0
0
0
0
0
0
0
0
0
0
0
0
0
0
0
-3.3693
0
0
0
0
0
0
0
0
0
0
0
0
0
0
0
0
0
0
0
0
0
0
0
0
0
0
0
0
0
0
0
0
0
0
-0.73992
-0.75607
-0.73586
-0.77333
-0.77628
-0.76775
-0.78634
-0.69739
-0.69739
-0.70442
-0.70091
-0.69041
-0.69507
-0.68984
-0.73728
-0.71813
-0.71813
-0.68694
-0.72216
-0.78252
-0.78291
-0.6835
-0.6776
-0.68357
-0.64961
-0.7654
-0.68235
-0.64612
-0.80195
-0.82469
25.5095
0
-0.7375
0
0
0
0
0
0
0
0
0
0
0
0
0
0
0
0
0
0
0
0
0
0
0
0
0
0
0
-2.9982
0
0
0
0
0
0
0
0
0
0
0
0
0
0
0
0
0
0
0
0
0
0
0
0
0
0
0
0
0
0
0
0
0
0
0
0
0
0
0
0
-0.70857
-0.71917
-0.70618
-0.74319
-0.74612
-0.7377
-0.75604
-0.66857
-0.66857
-0.6765
-0.67321
-0.66334
-0.66551
-0.67767
-0.70824
-0.69192
-0.69193
-0.66275
-0.68799
-0.75016
-0.75054
-0.65871
-0.65197
-0.65878
-0.62528
-0.73125
-0.66984
-0.61756
-0.77346
0
0
26.3067
0
0
0
0
0
0
0
0
0
0
0
0
0
0
0
0
0
0
0
0
0
0
0
0
0
-0.21285
0
0
-2.9856
0
0
-2.9675
0
0
0
0
0
0
0
0
0
0
0
0
0
0
0
0
0
0
0
0
0
0
0
0
0
0
0
0
0
0
0
0
0
0
0
0
0
-0.76211
-0.78351
-0.7543
-0.79197
-0.79496
-0.78636
-0.80513
-0.71588
-0.71588
-0.72239
-0.71848
-0.70756
-0.71571
-0.70854
-0.75365
-0.73427
-0.73428
-0.70287
-0.73229
-0.80344
-0.80382
-0.69821
-0.69487
-0.69827
-0.66541
-0.78684
-0.67009
-0.66633
-0.81768
-0.69272
-0.7375
0
22.8753
0
0
0
0
0
0
0
0
0
0
0
0
0
0
0
0
0
0
0
0
0
0
0
0
0
0
0
0
0
0
0
0
0
0
0
0
0
0
0
0
0
0
0
0
0
0
0
0
0
0
0
0
0
0
0
0
0
0
0
0
0
0
0
0
0
0
0
0
-0.82433
-0.85339
-0.82678
-0.86609
-0.86912
-0.86031
-0.87922
-0.7858
-0.78581
-0.79343
-0.79068
-0.78219
-0.77913
-0.7572
-0.83389
-0.80463
-0.80463
-0.76779
-0.74676
-0.85323
-0.85366
-0.77941
-0.77001
-0.77945
-0.74652
-0.82971
-0.76595
-0.75548
-0.88151
0
0
0
0
33.9445
0
0
0
0
0
0
0
0
0
0
0
0
0
0
0
0
0
0
0
0
0
0
0
0
0
0
0
0
0
0
0
-3.7367
0
0
0
0
0
0
0
0
0
0
0
0
0
0
0
0
0
0
0
0
-6.7816
0
0
0
0
0
0
0
0
0
0
0
0
0
0
-0.88149
-0.90889
-0.88997
-0.9318
-0.93478
-0.92599
-0.94396
-0.84872
-0.84871
-0.85517
-0.85375
-0.83697
-0.83078
-0.83198
-0.88534
-0.88239
-0.8824
-0.84464
-0.84998
-0.90136
-0.90197
-0.84167
-0.83845
-0.84172
-0.80428
-0.88672
-0.8307
-0.81496
0
0
0
0
0
0
39.4685
0
0
0
0
0
0
0
0
0
0
0
0
0
0
0
0
0
0
0
0
0
0
0
0
0
0
0
0
0
0
0
0
0
0
0
0
0
0
0
0
0
0
0
0
0
0
0
0
0
0
0
0
0
0
-7.5695
0
0
0
0
0
-7.5695
0
0
0
0
0
-0.71956
-0.7429
-0.71684
-0.75398
-0.75691
-0.74844
-0.76687
-0.67925
-0.67925
-0.68522
-0.68183
-0.67162
-0.6745
-0.66936
-0.71369
-0.69941
-0.69942
-0.66878
-0.69383
-0.75965
-0.76003
-0.66634
-0.65955
-0.66641
-0.6364
-0.74351
-0.66853
-0.64201
-0.78684
0
0
0
0
0
0
24.9746
0
0
0
0
0
0
0
0
0
0
0
0
0
0
0
0
0
0
0
0
0
0
0
0
0
0
0
0
0
0
0
0
0
0
0
0
0
0
0
-4.5637
0
0
0
0
0
0
0
0
0
0
0
0
0
0
0
0
0
0
0
0
0
0
0
0
0
-0.76456
-0.78715
-0.75714
-0.7949
-0.79788
-0.78926
-0.80808
-0.71883
-0.71883
-0.7257
-0.72205
-0.71269
-0.72059
-0.71598
-0.76025
-0.74285
-0.74286
-0.71226
-0.73875
-0.80962
-0.81
-0.70897
-0.70466
-0.70904
-0.67865
-0.79738
-0.69843
-0.68423
-0.8333
0
0
0
0
0
0
0
21.6649
0
0
0
0
0
0
0
0
0
0
0
0
0
0
0
0
0
0
0
0
0
0
0
0
0
0
0
0
0
0
0
0
0
0
0
0
0
0
0
0
0
0
0
0
0
0
0
0
0
0
0
0
0
0
0
0
0
0
0
0
0
0
0
0
-0.76359
-0.78616
-0.75615
-0.7939
-0.79688
-0.78827
-0.80707
-0.71787
-0.71787
-0.72471
-0.72106
-0.71171
-0.71964
-0.71501
-0.75927
-0.74187
-0.74188
-0.71129
-0.73776
-0.80863
-0.80901
-0.708
-0.70368
-0.70806
-0.67767
-0.79639
-0.69746
-0.68326
-0.83227
0
0
0
0
0
0
0
0
21.6364
0
0
0
0
0
0
0
0
0
0
0
0
0
0
0
0
0
0
0
0
0
0
0
0
0
0
0
0
0
0
0
0
0
0
0
0
0
0
0
0
0
0
0
0
0
0
0
0
0
0
0
0
0
0
0
0
0
0
0
0
0
0
0
-0.86398
-0.88902
-0.8621
-0.90163
-0.90472
-0.89579
-0.91506
-0.82063
-0.82063
-0.82826
-0.82455
-0.81535
-0.82001
-0.81269
-0.86741
-0.84597
-0.84597
-0.80976
-0.83452
-0.89931
-0.89974
-0.82371
-0.80101
-0.82376
-0.77912
-0.87945
-0.78417
0
0
0
0
0
0
0
0
0
0
0
29.4945
0
0
0
0
0
0
0
0
0
0
0
0
0
0
0
0
0
0
0
0
0
0
0
0
0
0
0
0
0
0
0
0
0
0
0
0
0
0
0
0
0
0
0
0
0
0
0
0
0
-6.6262
0
0
0
0
0
0
0
0
0
0
0
0
-0.74914
-0.77106
-0.74116
-0.77865
-0.78161
-0.77305
-0.79174
-0.70334
-0.70334
-0.71036
-0.70655
-0.69757
-0.70518
-0.70045
-0.74435
-0.72671
-0.72672
-0.69632
-0.72365
-0.79414
-0.79452
-0.693
-0.68857
-0.69306
-0.66253
-0.78128
-0.68134
-0.6661
0
0
0
0
0
0
0
0
0
0
0
20.3855
0
0
0
0
0
0
0
0
0
0
0
0
0
0
0
0
0
0
0
0
0
0
0
0
0
0
0
0
0
0
0
0
0
0
0
0
0
0
0
0
0
0
0
0
0
0
0
0
0
0
0
0
0
0
0
0
0
0
0
0
0
-0.78979
-0.81279
-0.78253
-0.8206
-0.82361
-0.81493
-0.83383
-0.74391
-0.74391
-0.75066
-0.74673
-0.73773
-0.74527
-0.74091
-0.7854
-0.76759
-0.7676
-0.73691
-0.76499
-0.83693
-0.83732
-0.73301
-0.72873
-0.73308
-0.70234
0
-0.72208
0
0
0
0
0
0
0
0
0
0
0
0
0
20.0032
0
0
0
0
0
0
0
0
0
0
0
0
0
0
0
0
0
0
0
0
0
0
0
0
0
0
0
0
0
0
0
0
0
0
0
0
0
0
0
0
0
0
0
0
0
0
0
0
0
0
0
0
0
0
0
0
0
0
0
0
-0.75635
-0.79823
-0.76904
-0.80699
-0.80998
-0.80134
-0.82011
-0.73015
-0.73015
-0.73662
-0.73288
-0.72375
-0.7299
-0.72197
-0.77222
-0.75253
-0.75254
-0.7218
-0.75261
-0.818
-0.8184
-0.71608
-0.68653
-0.71616
-0.68433
0
0
0
0
0
0
0
0
0
0
0
0
0
0
0
0
23.3356
0
0
0
0
0
0
0
0
0
0
0
0
0
0
0
0
0
0
0
0
0
0
0
0
0
0
0
0
-4.4769
0
0
0
0
0
0
0
0
0
0
0
0
0
0
0
0
0
0
0
0
0
0
0
0
0
0
0
0
0
0
-0.77469
-0.8019
-0.7762
-0.81425
-0.81725
-0.80858
-0.82735
-0.73666
-0.73666
-0.74341
-0.73975
-0.73121
-0.73762
-0.72704
-0.76912
-0.76036
-0.76037
-0.72704
-0.75043
-0.81687
-0.81728
-0.72602
-0.71508
-0.72609
-0.69753
0
0
0
0
0
0
0
0
0
0
0
0
0
0
0
0
0
24.4663
0
0
0
0
0
0
0
0
0
0
0
0
0
0
0
0
0
0
0
0
0
0
0
0
0
0
0
0
0
0
0
0
0
0
0
0
0
0
0
0
0
0
-5.4276
0
0
0
0
0
0
0
0
0
0
0
0
0
0
0
-0.80052
-0.82364
-0.79299
-0.83121
-0.83424
-0.82552
-0.8445
-0.75442
-0.75442
-0.76115
-0.75721
-0.74816
-0.75571
-0.75147
-0.79595
-0.77809
-0.77811
-0.74745
-0.77554
-0.84792
-0.84831
-0.74312
-0.73912
-0.74318
-0.71297
0
0
0
0
0
0
0
0
0
0
0
0
0
0
0
0
0
0
19.5449
0
0
0
0
0
0
0
0
0
0
0
0
0
0
0
0
0
0
0
0
0
0
0
0
0
0
0
0
0
0
0
0
0
0
0
0
0
0
0
0
0
0
0
0
0
0
0
0
0
0
0
0
0
0
0
0
0
-0.84683
-0.87021
-0.83901
-0.8779
-0.88096
-0.8721
-0.89138
-0.79906
-0.79906
-0.80569
-0.80179
-0.7924
-0.80037
-0.79618
-0.84242
-0.82316
-0.82317
-0.79177
0
-0.89552
-0.89591
-0.78689
0
-0.78695
0
0
0
0
0
0
0
0
0
0
0
0
0
0
0
0
0
0
0
0
18.3187
0
0
0
0
0
0
0
0
0
0
0
0
0
0
0
0
0
0
0
0
0
0
0
0
0
0
0
0
0
0
0
0
0
0
0
0
0
0
0
0
0
0
0
0
0
0
0
0
0
0
0
0
0
0
0
0
-0.93023
-0.95715
-0.92601
-0.96619
-0.96933
-0.96026
-0.97994
-0.88395
-0.88395
-0.89012
-0.88609
-0.87611
-0.88654
-0.87735
-0.92667
-0.90687
-0.90687
0
0
0
0
0
0
0
0
0
0
0
0
0
0
0
0
0
0
0
0
0
0
0
0
0
0
0
0
18.8613
0
0
0
0
0
0
0
0
0
0
0
0
0
0
0
0
0
0
0
0
-3.2476
0
0
0
0
0
0
0
0
0
0
0
0
0
0
0
0
0
0
0
0
0
0
0
0
0
0
0
0
0
0
0
0
0
0
-1.0505
-1.0764
-1.0427
-1.0841
-1.0873
-1.078
-1.0982
-0.99891
-0.99891
-1.006
-1.0018
-0.99182
-1
-0.99585
-1.0453
-1.0234
-1.0234
0
0
0
0
0
0
0
0
0
0
0
0
0
0
0
0
0
0
0
0
0
0
0
0
0
0
0
0
0
17.6026
0
0
0
0
0
0
0
0
0
0
0
0
0
0
0
0
0
0
0
0
0
0
0
0
0
0
0
0
0
0
0
0
0
0
0
0
0
0
0
0
0
0
0
0
0
0
0
0
0
0
0
0
0
0
-1.2895
-1.3229
-1.2957
-1.3403
-1.3436
-1.334
-1.3541
-1.2468
-1.2468
-1.2581
-1.2547
-1.2385
0
0
0
0
0
0
0
0
0
0
0
0
0
0
0
0
0
0
0
0
0
0
0
0
0
0
0
0
0
0
0
0
0
0
0
32.3841
0
0
0
0
0
0
0
0
0
0
0
0
0
0
0
0
0
0
0
0
0
-3.9714
0
0
0
0
0
0
0
0
0
0
0
0
0
0
-6.4439
0
0
0
0
0
0
0
0
0
0
0
-6.4439
0
0
0
0
-1.0606
-1.0887
-1.0546
-1.0961
-1.0993
-1.09
-1.1102
-1.0106
-1.0106
-1.0189
-1.0165
-0.9996
0
0
0
0
0
0
0
0
0
0
0
0
0
0
0
0
0
0
0
0
0
0
0
0
0
0
0
0
0
0
0
0
0
0
0
0
15.7901
0
0
0
0
0
0
0
0
0
0
0
0
0
0
0
0
0
0
0
0
-3.1342
0
0
0
0
0
0
0
0
0
0
0
0
0
0
0
0
0
0
0
0
0
0
0
0
0
0
0
0
0
0
0
-1.2742
-1.3012
-1.2719
-1.3153
-1.3186
-1.3089
-1.3298
-1.2243
-1.2243
-1.2325
-1.2281
-1.216
0
0
0
0
0
0
0
0
0
0
0
0
0
0
0
0
0
0
0
0
0
0
0
0
0
0
0
0
0
0
0
0
0
0
0
0
0
21.1213
0
0
0
0
0
0
0
0
0
0
0
0
0
0
0
0
0
0
0
0
0
0
0
0
0
0
0
0
0
0
0
0
0
-5.8761
0
0
0
0
0
0
0
0
0
0
0
0
0
0
0
0
0
-1.168
-1.1955
-1.1618
-1.2045
-1.2078
-1.1982
-1.2188
-1.1146
-1.1146
-1.1355
-1.1323
0
0
0
0
0
0
0
0
0
0
0
0
0
0
0
0
0
0
0
0
0
0
0
0
0
0
0
0
0
0
0
0
0
0
0
0
0
0
0
20.9659
0
0
0
0
0
0
0
0
0
0
0
0
0
-3.8277
0
0
0
0
0
0
0
0
0
-4.2867
0
0
0
0
0
0
0
0
0
0
0
0
0
0
0
0
0
0
0
0
0
0
0
0
0
0
-1.1777
-1.2134
-1.1829
-1.2254
-1.2287
-1.2191
-1.2398
-1.1376
-1.1376
0
0
0
0
0
0
0
0
0
0
0
0
0
0
0
0
0
0
0
0
0
0
0
0
0
0
0
0
0
0
0
0
0
0
0
0
0
0
0
0
0
0
18.4382
0
0
0
0
0
0
0
0
0
-2.9798
0
0
0
0
0
0
0
0
0
0
0
0
0
0
0
0
0
0
0
0
0
0
0
0
0
-4.6962
0
0
0
0
0
0
0
0
0
0
0
0
0
-1.3935
-1.4176
-1.3846
-1.4283
-1.4317
-1.4219
-1.4431
-1.3349
-1.3349
0
0
0
0
0
0
0
0
0
0
0
0
0
0
0
0
0
0
0
0
0
0
0
0
0
0
0
0
0
0
0
0
0
0
0
0
0
0
0
0
0
0
0
15.8899
0
0
0
0
0
0
0
0
0
0
0
-3.2995
0
0
0
0
0
0
0
0
0
0
0
0
0
0
0
0
0
0
0
0
0
0
0
0
0
0
0
0
0
0
0
0
0
0
0
0
-1.454
-1.4775
-1.4444
-1.4882
-1.4916
-1.4818
-1.503
-1.3934
-1.3934
-1.4044
0
0
0
0
0
0
0
0
0
0
0
0
0
0
0
0
0
0
0
0
0
0
0
0
0
0
0
0
0
0
0
0
0
0
0
0
0
0
0
0
0
0
0
14.5318
0
0
0
0
0
0
0
0
0
0
0
0
0
0
0
0
0
0
0
0
0
0
0
0
0
0
0
0
0
0
0
0
0
0
0
0
0
0
0
0
0
0
0
0
0
0
0
-1.3102
-1.4939
-1.4622
-1.5057
-1.5091
-1.4993
-1.5206
0
0
0
0
0
0
0
0
0
0
0
0
0
0
0
0
0
0
0
0
0
0
0
0
0
0
0
0
0
0
0
0
0
0
0
0
0
0
0
0
0
0
0
0
0
0
0
12.9309
0
0
0
0
0
0
0
0
0
0
0
0
0
-2.6299
0
0
0
0
0
0
0
0
0
0
0
0
0
0
0
0
0
0
0
0
0
0
0
0
0
0
0
0
0
0
0
0
-2.3204
0
0
0
0
0
0
0
0
0
0
0
0
0
0
0
0
0
0
0
0
0
-2.2034
0
0
0
0
0
0
0
0
0
0
0
0
0
0
0
0
0
0
0
0
0
0
0
0
0
0
0
0
0
0
0
0
14.2038
0
0
-2.4798
0
0
0
0
0
0
0
0
0
0
0
-3.683
0
-3.5171
0
0
0
0
0
0
0
0
0
0
0
0
0
0
0
0
0
0
0
0
0
0
0
0
0
0
0
0
0
-2.5309
0
0
0
0
0
0
0
0
0
0
0
0
0
0
0
0
0
0
0
0
0
0
0
0
0
0
0
0
0
0
0
0
0
0
0
0
0
0
0
0
0
0
0
0
0
0
0
0
0
0
0
0
0
0
11.1767
0
-2.3709
0
-2.9347
0
0
-3.3402
0
0
0
0
0
0
0
0
0
0
0
0
0
0
0
0
0
0
0
0
0
0
0
0
0
0
0
0
0
0
0
0
0
0
0
0
0
0
0
0
0
0
0
0
0
0
0
0
0
0
0
0
0
0
0
0
0
0
0
0
0
0
0
0
0
0
0
0
-0.21285
0
0
0
0
0
0
0
0
0
0
0
0
0
0
0
0
0
0
0
0
0
0
0
0
0
9.7233
0
0
0
0
0
-2.7434
0
0
0
0
0
0
0
0
0
0
0
0
-3.7076
0
0
0
0
0
0
0
0
0
0
0
0
0
0
0
0
0
0
0
0
-3.0595
0
0
0
0
0
0
0
0
0
0
0
0
0
0
0
0
0
0
0
0
0
0
0
0
0
0
0
0
0
0
0
0
0
0
0
0
0
0
0
0
0
0
0
0
0
0
0
0
0
0
0
0
0
0
0
0
0
0
-2.4798
-2.3709
0
12.3827
0
0
0
-3.3727
0
0
0
0
0
0
0
0
0
0
0
0
0
0
0
0
0
0
0
0
0
0
0
0
0
0
0
-4.1594
0
0
0
0
0
0
0
0
0
0
0
0
0
0
0
0
0
0
0
0
0
0
0
0
0
0
0
0
0
0
0
0
0
0
0
-1.9373
0
0
0
0
0
0
0
0
0
0
0
0
0
0
0
0
0
0
0
0
0
0
0
0
0
0
0
0
0
0
0
0
0
12.6447
0
0
0
0
0
0
0
0
-3.153
0
0
0
0
-3.4162
0
0
0
0
0
0
0
0
0
0
0
0
0
0
0
0
0
0
-4.1382
0
0
0
0
0
0
0
0
0
0
0
0
0
0
0
0
0
0
0
0
0
0
0
0
0
0
0
0
0
0
0
0
0
0
0
0
0
0
-2.9982
-2.9856
0
0
0
0
0
0
0
0
0
0
0
0
0
0
0
0
0
0
0
0
0
0
0
0
-2.9347
0
0
0
12.8511
0
0
0
0
0
0
0
0
0
0
-3.9326
0
0
0
0
0
0
0
0
0
0
0
0
0
0
0
0
0
0
0
0
0
0
0
0
0
0
0
0
0
0
0
0
0
0
0
0
0
0
0
0
0
0
0
0
0
0
0
-3.4668
0
0
0
0
0
0
0
0
0
0
0
0
0
0
0
0
0
0
0
0
0
0
0
0
0
0
0
0
0
0
0
0
-2.9798
0
0
0
0
0
0
0
0
0
14.3478
0
0
0
0
0
0
0
0
0
0
0
0
0
0
0
-3.8794
0
0
0
-4.0218
0
0
0
0
0
0
0
0
0
0
0
0
0
0
0
0
0
0
0
0
0
0
0
0
0
0
0
0
0
0
0
0
0
0
0
0
-1.4146
0
0
0
0
0
0
0
0
0
0
0
0
0
0
0
0
0
0
0
0
0
0
0
0
0
0
0
0
0
0
0
0
0
0
0
0
0
0
0
0
-3.3727
0
0
0
12.5329
0
0
-2.9254
0
0
0
0
0
0
0
0
0
0
0
0
0
0
0
0
0
0
0
0
0
0
0
0
0
0
0
-4.8202
0
0
0
0
0
0
0
0
0
0
0
0
0
0
0
0
0
0
0
0
0
0
0
0
0
0
0
0
0
0
0
0
0
0
0
0
0
0
-2.9675
0
0
0
0
0
0
0
0
0
0
0
0
0
0
0
0
0
0
0
0
0
0
0
0
-3.3402
-2.7434
0
0
0
0
0
9.0511
0
0
0
0
0
0
0
0
0
0
0
0
0
0
0
0
0
0
0
0
0
0
0
0
0
0
0
0
0
0
0
0
0
0
0
0
0
0
0
0
0
0
0
0
0
0
0
0
0
0
0
0
0
0
0
0
0
0
0
0
0
0
0
0
0
0
0
0
0
0
0
0
0
0
0
0
0
0
0
0
0
0
0
0
0
0
0
-3.8277
0
-3.2995
0
0
0
0
0
0
0
0
0
0
0
12.0195
0
0
0
0
0
0
0
0
0
0
0
0
0
-4.8923
0
0
0
0
0
0
0
0
0
0
0
0
0
0
0
0
0
0
0
0
0
0
0
0
0
0
0
0
0
0
0
0
0
0
0
0
0
0
0
0
-3.7759
0
0
0
0
0
0
0
0
0
0
0
0
0
0
-3.7367
0
0
0
0
0
0
0
0
0
0
0
0
0
0
0
0
0
0
0
0
0
0
0
0
0
0
0
0
-2.9254
0
0
10.4379
0
0
0
0
0
0
0
0
0
0
0
0
0
0
0
0
0
0
0
0
0
0
0
0
0
0
0
0
0
0
0
0
0
0
0
0
0
0
0
0
0
0
0
0
0
0
0
0
0
0
0
0
0
0
0
0
0
0
0
0
0
0
0
0
-3.3693
0
0
0
0
0
0
0
0
0
0
0
0
0
0
0
-3.2476
0
0
0
0
0
0
0
0
0
0
0
0
0
0
0
0
0
0
0
0
7.3713
0
0
0
0
0
0
0
0
0
0
0
0
0
0
0
0
0
0
0
0
0
0
0
0
0
0
0
0
0
0
0
0
-0.75437
0
0
0
0
0
0
0
0
0
0
0
0
0
-3.6531
0
0
0
0
0
0
0
0
0
0
0
0
0
0
-3.5483
0
0
0
0
0
0
0
0
0
0
0
0
0
0
0
0
0
0
0
0
0
0
0
0
0
0
0
0
0
0
0
0
0
0
0
0
0
0
0
11.4046
0
0
0
0
0
0
0
0
0
0
0
0
0
0
0
0
0
0
0
0
0
0
0
0
0
0
0
0
0
0
0
0
-4.2031
-3.9655
0
0
0
0
0
0
0
0
0
0
0
0
0
0
0
0
0
0
0
0
0
0
0
0
0
0
0
0
0
0
0
0
0
0
0
0
0
0
0
0
0
0
0
0
0
0
0
0
0
0
0
0
0
-2.6299
0
0
0
0
-3.153
0
0
0
0
0
0
0
0
9.7484
0
0
0
0
0
0
0
0
0
0
0
0
0
0
0
0
0
0
0
0
0
0
0
0
0
0
0
0
0
0
0
0
0
0
0
0
0
0
0
0
0
0
0
0
0
0
0
0
0
0
0
0
0
0
0
0
0
0
0
0
0
0
0
0
0
0
0
0
0
0
0
0
0
0
0
0
0
0
0
-3.9714
-3.1342
0
0
0
0
0
0
0
0
0
0
0
0
0
0
0
0
0
0
0
0
10.8872
0
0
0
0
0
0
0
0
0
0
-3.7817
0
0
0
0
0
0
0
0
0
0
0
0
0
0
0
0
0
0
0
0
0
0
0
0
0
0
0
0
0
0
0
0
0
0
0
0
0
0
0
0
0
0
0
0
0
0
0
0
0
0
0
0
0
0
0
0
0
0
0
0
0
-4.4769
0
0
0
0
0
0
0
0
0
0
0
0
0
-3.683
0
0
0
0
0
0
0
0
0
0
0
0
0
0
8.16
0
0
0
0
0
0
0
0
0
0
0
0
0
0
0
0
0
0
0
0
0
0
0
0
0
0
0
0
0
0
0
0
0
0
0
0
0
0
0
0
0
0
0
0
0
0
0
0
0
0
0
0
0
0
0
0
0
0
0
0
0
0
0
0
0
0
0
0
0
0
0
0
0
0
0
0
0
0
0
0
0
0
0
0
0
0
0
0
0
0
-3.9326
0
0
0
0
0
0
0
0
0
0
8.8055
0
0
0
0
0
-4.8729
0
0
0
0
0
0
0
0
0
0
0
0
0
0
0
0
0
0
0
0
0
0
0
0
0
0
0
0
0
0
0
0
0
0
0
0
0
-4.9044
0
0
0
0
0
0
0
0
0
0
0
0
0
0
0
0
0
0
0
0
0
0
0
0
0
0
0
0
0
0
0
0
0
0
0
0
0
0
0
0
-3.5171
0
0
0
0
0
0
0
0
0
0
0
0
0
0
0
0
8.4215
0
0
0
0
0
0
0
0
0
0
0
0
0
0
0
0
0
0
0
0
0
0
0
0
0
0
0
0
0
0
0
0
0
0
0
0
0
0
0
0
0
0
0
0
0
0
0
0
0
0
0
0
0
-3.8157
0
0
0
0
0
0
0
0
0
0
0
0
0
0
0
0
0
0
0
0
0
0
0
0
0
0
0
0
0
0
0
0
0
-3.4162
0
0
0
0
0
0
0
0
0
0
0
0
0
7.2319
0
0
0
0
0
0
0
0
0
0
0
0
0
0
0
0
0
0
0
0
0
0
0
0
0
0
0
0
0
0
0
0
0
0
0
0
0
0
0
0
0
0
0
0
0
0
0
0
0
0
0
0
0
0
0
0
0
0
0
0
0
0
0
0
0
0
0
0
0
0
0
0
0
0
0
0
0
-4.2867
0
0
0
0
0
0
0
0
0
0
0
0
0
0
0
0
0
0
0
0
0
0
0
8.7301
0
0
0
0
0
-4.4434
0
0
0
0
0
0
0
0
0
0
0
0
0
0
0
0
0
0
0
0
0
0
0
0
0
0
0
0
0
0
0
0
0
0
0
0
0
0
0
0
0
0
0
0
0
0
0
0
0
0
0
0
0
0
0
-4.5637
0
0
0
0
0
0
0
0
0
0
0
0
0
0
0
0
0
0
0
0
0
0
0
0
0
0
0
0
0
0
0
0
0
0
0
0
0
0
0
8.6607
0
0
0
0
0
-4.0971
0
0
0
0
0
0
0
0
0
0
0
0
0
0
0
0
0
0
0
0
0
0
0
0
0
0
0
0
0
0
0
0
-2.5576
0
0
0
0
0
0
0
0
0
0
0
0
0
0
0
0
0
0
0
0
0
0
0
0
0
0
0
0
0
0
0
0
0
0
0
0
0
0
0
0
0
0
0
-3.7076
0
0
0
0
0
0
0
0
0
0
0
0
0
0
0
0
0
0
6.2652
0
0
0
0
0
0
0
0
0
0
0
0
0
0
0
0
0
0
0
0
0
0
0
0
0
0
0
0
0
0
0
0
0
0
0
0
0
0
0
0
0
0
0
0
0
0
0
0
0
0
0
0
0
0
0
0
0
0
0
0
0
0
0
0
0
0
0
0
0
0
0
0
0
0
0
0
0
0
0
0
0
0
0
0
0
-3.8794
0
0
0
0
0
0
0
0
0
-4.8729
0
0
0
0
0
8.7523
0
0
0
0
0
0
0
0
0
0
0
0
0
0
0
0
0
0
0
0
0
0
0
0
0
0
0
0
0
0
0
0
0
0
0
0
0
0
0
0
0
0
0
0
0
0
0
0
0
0
0
0
0
0
0
0
0
0
0
0
0
0
0
0
0
0
0
0
0
0
0
0
0
0
0
0
0
0
0
0
0
0
0
0
0
0
0
-4.8923
0
0
0
0
0
0
0
0
0
0
0
0
0
9.8277
-4.9354
0
0
0
0
0
0
0
0
0
0
0
0
0
0
0
0
0
0
0
0
0
0
0
0
0
0
0
0
0
0
0
0
0
-5.17
0
0
0
0
0
0
0
0
0
0
0
0
0
0
0
0
0
0
0
0
0
0
0
0
0
0
0
0
0
0
0
0
0
0
0
0
0
0
0
0
0
0
0
0
0
0
0
0
0
0
0
0
0
0
0
0
0
0
0
0
0
0
0
0
0
-4.9354
10.1054
0
0
0
0
0
0
0
0
0
0
0
0
0
0
0
0
0
0
0
0
0
0
0
0
0
0
0
0
0
0
0
0
0
0
0
0
0
0
0
0
0
0
0
0
0
0
0
0
0
0
0
0
0
0
0
0
0
0
0
0
0
0
0
0
0
0
0
0
0
0
0
0
0
0
0
0
0
0
0
0
0
0
0
0
0
0
0
0
0
0
-3.7817
0
0
0
0
-4.4434
0
0
0
0
0
8.2251
0
0
0
0
0
0
0
0
0
0
0
0
0
0
0
0
0
0
0
0
0
0
0
0
0
0
0
0
0
0
0
0
0
0
0
0
0
0
0
0
0
0
0
0
0
0
0
0
0
0
0
0
0
0
0
0
0
0
0
0
0
0
0
0
0
0
0
0
0
0
0
0
0
0
0
0
0
0
0
0
0
-4.0218
0
0
0
0
0
0
0
0
0
0
0
0
0
-4.0971
0
0
0
0
0
8.1188
0
0
0
0
0
0
0
0
0
0
0
0
0
0
0
0
0
0
0
0
0
0
0
0
0
0
0
0
0
0
0
0
0
0
0
0
0
0
0
0
0
0
0
0
0
0
0
-7.0966
0
0
0
0
0
0
0
0
0
0
0
0
0
0
0
0
0
0
0
0
0
0
0
0
0
0
0
0
0
0
0
0
0
0
0
0
0
0
0
0
0
0
0
0
0
0
0
0
0
0
0
0
0
7.0966
0
0
0
0
0
0
0
0
0
0
0
0
0
0
0
0
0
0
0
0
0
0
0
0
0
0
0
0
0
0
0
0
0
0
0
0
0
0
0
0
0
0
0
0
0
0
0
0
0
0
0
0
0
0
0
0
0
0
0
0
0
0
0
0
0
0
0
-5.8761
0
0
0
0
0
0
0
0
0
0
0
0
0
0
0
0
0
0
0
0
0
0
0
0
0
0
0
0
0
0
0
0
0
5.8761
0
0
0
0
0
0
0
0
0
0
0
0
0
0
0
0
0
0
0
0
0
0
0
0
0
0
0
0
0
0
0
0
0
0
0
0
0
0
0
0
0
0
0
0
0
0
0
0
0
0
0
0
0
0
0
0
0
0
0
0
0
0
0
0
-6.4439
0
0
0
0
0
0
0
0
0
0
0
0
0
0
0
0
0
0
0
0
0
0
0
0
0
0
0
0
0
0
0
0
0
0
0
0
6.4439
0
0
0
0
0
0
0
0
0
0
0
0
0
0
0
0
0
0
0
0
0
0
0
0
0
0
0
0
0
0
0
0
0
0
0
0
0
0
0
0
0
0
0
0
0
0
0
0
0
0
0
0
0
0
0
0
0
0
-5.4276
0
0
0
0
0
0
0
0
0
0
0
0
0
0
0
0
0
0
0
0
0
0
0
0
0
0
0
0
0
0
0
0
0
0
0
0
0
0
0
0
0
0
5.4276
0
0
0
0
0
0
0
0
0
0
0
0
0
0
0
0
0
0
0
0
0
0
0
0
0
0
0
0
0
0
0
0
0
0
0
0
0
0
0
0
0
0
0
0
0
0
0
0
-6.7816
0
0
0
0
0
0
0
0
0
0
0
0
0
0
0
0
0
0
0
0
0
0
0
0
0
0
0
0
0
0
0
0
0
0
0
0
0
0
0
0
0
0
0
0
0
0
0
0
0
0
0
0
6.7816
0
0
0
0
0
0
0
0
0
0
0
0
0
0
0
0
0
0
0
0
0
0
0
0
0
0
0
0
0
0
0
0
0
0
0
0
0
0
0
0
0
0
0
0
0
0
0
0
0
0
0
0
0
0
0
0
0
0
0
0
0
0
0
0
0
-4.6962
0
0
0
0
0
0
0
0
0
0
0
0
0
0
0
0
0
0
0
0
0
0
0
0
0
0
0
0
0
0
0
0
0
0
0
4.6962
0
0
0
0
0
0
0
0
0
0
0
0
0
0
0
0
0
0
0
0
0
0
0
0
0
0
0
0
0
0
0
0
0
0
0
0
0
0
0
0
0
0
0
0
0
0
0
0
0
0
0
-6.6262
0
0
0
0
0
0
0
0
0
0
0
0
0
0
0
0
0
0
0
0
0
0
0
0
0
0
0
0
0
0
0
0
0
0
0
0
0
0
0
0
0
0
0
0
0
0
0
0
0
6.6262
0
0
0
0
0
0
0
0
0
0
0
0
0
0
0
0
0
0
0
0
0
0
0
0
0
0
0
0
0
0
0
0
0
0
0
0
0
0
0
0
0
0
0
0
0
0
-7.5695
0
0
0
0
0
0
0
0
0
0
0
0
0
0
0
0
0
0
0
0
0
0
0
0
0
0
0
0
0
0
0
0
0
0
0
0
0
0
0
0
0
0
0
0
0
0
0
0
0
0
0
0
0
0
7.5695
0
0
0
0
0
0
0
0
0
0
0
0
0
0
0
0
0
0
0
0
0
0
0
0
0
0
0
0
0
0
0
0
0
0
0
0
0
0
0
0
0
0
0
0
0
0
0
0
0
0
0
0
0
0
0
0
0
0
0
0
0
0
0
0
0
0
0
0
0
-4.1594
0
0
0
0
0
0
0
0
0
0
0
0
0
0
0
0
0
0
0
0
0
0
0
0
0
0
0
0
0
0
0
4.1594
0
0
0
0
0
0
0
0
0
0
0
0
0
0
0
0
0
0
0
0
0
0
0
0
0
0
0
0
0
0
0
0
0
0
0
-8.0206
0
0
0
0
0
0
0
0
0
0
0
0
0
0
0
0
0
0
0
0
0
0
0
0
0
0
0
0
0
0
0
0
0
0
0
0
0
0
0
0
0
0
0
0
0
0
0
0
0
0
0
0
0
0
0
0
0
0
0
0
0
0
0
0
0
8.0206
0
0
0
0
0
0
0
0
0
0
0
0
0
0
0
0
0
0
0
0
0
0
0
0
0
0
0
0
0
0
0
0
0
0
0
0
0
0
0
0
0
0
0
0
0
0
0
0
0
0
0
0
0
0
0
0
0
0
0
0
0
0
0
0
0
0
0
0
-4.1382
0
0
0
0
0
0
0
0
0
0
0
0
0
0
0
0
0
0
0
0
0
0
0
0
0
0
0
0
0
0
0
0
4.1382
0
0
0
0
0
0
0
0
0
0
0
0
0
0
0
0
0
0
0
0
0
0
0
0
0
0
0
0
0
0
0
0
0
0
0
0
0
0
0
0
0
0
0
0
0
0
0
0
0
0
0
0
0
0
0
0
0
0
0
0
0
0
0
0
0
0
0
0
0
0
-4.8202
0
0
0
0
0
0
0
0
0
0
0
0
0
0
0
0
0
0
0
0
0
0
0
0
0
0
0
0
0
0
4.8202
0
0
0
0
0
0
0
0
0
0
0
0
0
0
0
0
0
0
0
0
0
0
0
0
0
0
-8.1411
0
0
0
0
0
0
0
0
0
0
0
0
0
0
0
0
0
0
0
0
0
0
0
0
0
0
0
0
0
0
0
0
0
0
0
0
0
0
0
0
0
0
0
0
0
0
0
0
0
0
0
0
0
0
0
0
0
0
0
0
0
0
0
0
0
0
0
0
0
0
0
0
0
0
8.1411
0
0
0
0
0
0
0
0
0
0
0
0
0
0
0
0
0
0
0
0
0
0
0
0
0
0
0
0
0
0
0
0
0
0
0
0
0
0
0
0
-7.5695
0
0
0
0
0
0
0
0
0
0
0
0
0
0
0
0
0
0
0
0
0
0
0
0
0
0
0
0
0
0
0
0
0
0
0
0
0
0
0
0
0
0
0
0
0
0
0
0
0
0
0
0
0
0
0
0
0
0
0
0
7.5695
0
0
0
0
0
0
0
0
0
0
0
0
0
0
0
0
0
0
0
0
0
0
0
0
0
0
0
0
0
0
0
0
0
0
0
0
0
0
0
0
0
0
0
0
0
0
0
0
0
0
0
0
-6.4439
0
0
0
0
0
0
0
0
0
0
0
0
0
0
0
0
0
0
0
0
0
0
0
0
0
0
0
0
0
0
0
0
0
0
0
0
0
0
0
0
0
0
0
0
0
0
0
0
6.4439
0
0
0
0
0
0
0
0
0
0
0
0
0
0
0
0
0
0
0
0
0
0
0
0
0
0
0
0
0
0
0
0
0
0
0
0
0
0
0
0
0
0
0
0
0
0
0
0
0
0
0
0
0
0
0
0
0
0
0
0
0
-3.0595
0
0
0
0
0
0
0
0
0
0
0
0
0
0
0
0
0
0
0
0
0
0
0
0
0
0
0
0
0
0
0
0
0
0
0
0
0
0
0
3.0595
0
0
0
0
0
0
0
0
0
0
0
0
0
0
0
0
0
0
0
0
0
0
0
-8.1421
0
0
0
0
0
0
0
0
0
0
0
0
0
0
0
0
0
0
0
0
0
0
0
0
0
0
0
0
0
0
0
0
0
0
0
0
0
0
0
0
0
0
0
0
0
0
0
0
0
0
0
0
0
0
0
0
0
0
0
0
0
0
0
0
0
0
0
0
0
0
0
0
0
0
0
0
0
8.1421
0
0
0
0
0
0
0
0
0
0
0
0
0
0
0
0
0
0
0
0
0
0
0
0
0
0
0
0
0
0
0
0
0
0
0
0
0
0
0
0
0
0
0
0
0
0
0
0
0
0
0
0
0
0
0
0
0
0
0
0
0
0
0
0
0
0
0
0
-0.75437
0
0
0
0
0
0
0
0
0
0
0
0
0
0
0
0
0
0
0
0
0
0
0
0
0
0
0
0
0
0
0
0
0.75437
0
0
0
0
0
0
0
0
0
0
0
0
0
0
0
0
0
0
0
0
0
0
0
0
0
0
0
0
0
0
0
0
0
0
0
0
0
0
0
0
0
0
0
0
0
0
0
0
0
0
0
0
0
0
0
0
0
0
0
0
0
0
0
0
0
0
0
0
-4.2031
0
0
0
0
0
0
0
0
0
0
0
0
0
0
0
0
0
0
0
0
0
0
0
0
0
0
0
0
0
0
0
0
4.2031
