0.7984668016433716
1.389822006225586
2.162323474884033
-0.5758206844329834
0.2376556694507599
0.5412944555282593
0.5822672843933105
0.5117213129997253
0.5805622935295105
0.6232331991195679
0.6546874642372131
0.666806697845459
0.5780826807022095
0.28254663944244385
0.2041730135679245
0.10844960808753967
0.16791556775569916
0.28305718302726746
0.2702619433403015
0.23896808922290802
0.20201897621154785
0.14654040336608887
0.16523349285125732
0.19541557133197784
0.21994738280773163
0.20471127331256866
0.24418821930885315
0.2901076674461365
0.4098254442214966
0.41720491647720337
0.47154203057289124
0.48520827293395996
0.5189149975776672
0.42830854654312134
0.5510649681091309
0.655701756477356
0.5951620936393738
0.39159125089645386
0.0302790105342865
0.28563159704208374
0.3547423481941223
0.36112987995147705
0.4549242854118347
0.6085515022277832
0.684593915939331
0.7693854570388794
0.8107966184616089
0.8839200735092163
0.7456482648849487
2.2769463062286377
0.2562117576599121
-5.568390369415283
-10.20395278930664
-10.973289489746094
-10.395310401916504
-9.953479766845703
-9.821130752563477
-9.58810806274414
-9.50044059753418
-10.281553268432617
-10.714325904846191
-10.732004165649414
-10.641005516052246
-10.625041007995605
-10.603224754333496
-10.579465866088867
-10.547708511352539
-10.558730125427246
-10.549907684326172
-10.562198638916016
-10.543638229370117
-10.543136596679688
-10.533710479736328
0.58441162109375
