1.123511552810669
1.2869027853012085
1.299884557723999
1.316565752029419
1.2798726558685303
1.3048921823501587
1.3291923999786377
1.3079917430877686
1.2909746170043945
1.2949090003967285
1.3185451030731201
1.3417571783065796
1.3480706214904785
1.3248612880706787
1.3390724658966064
1.346081256866455
1.361316442489624
1.3819701671600342
1.3538223505020142
1.3638066053390503
1.377651333808899
1.3888952732086182
1.4404176473617554
1.4494978189468384
1.455763816833496
1.493677020072937
1.4972357749938965
1.5247447490692139
1.5515596866607666
1.5622317790985107
1.5636248588562012
1.5655252933502197
1.5991816520690918
1.5584304332733154
1.6870383024215698
1.7507739067077637
1.545881748199463
1.341040849685669
1.3907861709594727
1.5071451663970947
1.5242160558700562
1.5627455711364746
1.6312235593795776
1.673118233680725
1.7860769033432007
1.7921059131622314
1.8098335266113281
2.0388669967651367
1.8571720123291016
1.961756706237793
1.929602026939392
2.075533628463745
2.1309139728546143
2.289255142211914
2.0210275650024414
2.322262763977051
2.211153984069824
2.3917648792266846
2.1132900714874268
-0.47891879081726074
-6.833667278289795
-10.50600528717041
-11.64953899383545
-12.239895820617676
-12.134565353393555
-12.065747261047363
-12.143732070922852
-12.434518814086914
-12.48108196258545
-12.512755393981934
-12.341129302978516
-12.345050811767578
-12.214044570922852
1.3332549333572388
