1.2803983688354492
-0.6266998648643494
0.19379037618637085
3.657242774963379
0.9223480224609375
-14.330881118774414
-16.596111297607422
-16.733291625976562
-15.846835136413574
-15.238308906555176
-14.150199890136719
-13.94133186340332
-13.805654525756836
-13.288130760192871
-13.119524002075195
-12.60577392578125
-12.304258346557617
-11.906166076660156
-11.746076583862305
-11.991995811462402
-12.12285327911377
-12.342199325561523
-12.136709213256836
-12.010348320007324
-11.918155670166016
-11.85598373413086
-11.802579879760742
-11.674595832824707
-11.514735221862793
-11.484670639038086
-11.3524808883667
-11.401155471801758
-11.243112564086914
-11.205000877380371
-11.16541862487793
-11.051554679870605
-10.883532524108887
-10.713043212890625
-10.503650665283203
-10.31251335144043
-10.147932052612305
-10.156669616699219
-10.131194114685059
-9.907144546508789
-9.678850173950195
-9.590572357177734
-9.479995727539062
-9.499128341674805
-9.425296783447266
-9.122900009155273
-8.816896438598633
-8.647605895996094
-7.981439590454102
-8.27773666381836
-10.322229385375977
-10.74428653717041
-10.294370651245117
-10.124360084533691
-10.0765962600708
-10.086570739746094
-10.075933456420898
-10.045551300048828
-10.04703140258789
-10.006743431091309
-9.987065315246582
-9.970829963684082
-9.946797370910645
-9.952483177185059
-9.951800346374512
-9.94966983795166
-9.960570335388184
-9.961997032165527
-9.962491989135742
-6.6825666427612305
