0.6868876218795776
1.8991341590881348
2.3050448894500732
-0.681256890296936
0.682256817817688
-3.6216087341308594
-4.39436674118042
-4.47661018371582
-4.136673450469971
-3.943045139312744
-3.723156452178955
-3.679720878601074
-3.6280384063720703
-3.5648245811462402
-3.456326484680176
-3.2990798950195312
-3.162889003753662
-2.9749984741210938
-2.6993417739868164
-2.679736852645874
-2.877443790435791
-3.5696194171905518
-4.696586608886719
-4.958868980407715
-5.008818626403809
-4.9753265380859375
-4.7289228439331055
-4.692807197570801
-4.4212646484375
-4.329252243041992
-4.190525054931641
-4.583158016204834
-6.060916423797607
-6.19613790512085
-5.327727794647217
-5.1643781661987305
-5.697734832763672
-7.004483222961426
-9.557019233703613
-10.372901916503906
-10.055782318115234
-9.424814224243164
-9.273880004882812
-9.340758323669434
-9.271432876586914
-9.068614959716797
-8.968719482421875
-9.00161361694336
-9.010059356689453
-8.792133331298828
-8.7609281539917
-8.774791717529297
-8.757237434387207
-8.715011596679688
-8.694948196411133
-8.64181900024414
-8.549844741821289
-8.523237228393555
-8.603084564208984
-8.958465576171875
-8.917306900024414
-8.912069320678711
-8.902017593383789
-8.946191787719727
-8.95719051361084
-8.979571342468262
-8.994335174560547
-9.001665115356445
-9.00460433959961
-9.010591506958008
-9.025017738342285
-9.031003952026367
-9.048583030700684
-4.269608497619629
