2.1335387229919434
-5.812595367431641
-9.303874969482422
-7.009589195251465
-8.586906433105469
-10.813278198242188
-10.901269912719727
-10.832469940185547
-10.466814041137695
-10.30717658996582
-10.383365631103516
-10.51559829711914
-10.445108413696289
-10.381322860717773
-10.437610626220703
-10.40921401977539
-10.28915023803711
-10.022500991821289
-9.90478515625
-10.053601264953613
-10.217757225036621
-10.548145294189453
-10.488229751586914
-10.403742790222168
-10.297354698181152
-10.211721420288086
-10.169203758239746
-10.102560997009277
-10.098508834838867
-10.16802978515625
-10.174989700317383
-10.339994430541992
-10.072575569152832
-9.898853302001953
-9.734905242919922
-9.669071197509766
-9.573286056518555
-9.475695610046387
-9.29698657989502
-9.092782020568848
-8.911745071411133
-8.885299682617188
-8.847906112670898
-8.763887405395508
-8.62963581085205
-8.514994621276855
-8.28842544555664
-8.218884468078613
-8.13113784790039
-7.762080669403076
-7.5012617111206055
-7.160539150238037
-5.952214241027832
-5.9199957847595215
-8.843793869018555
-11.483277320861816
-11.730914115905762
-10.939092636108398
-10.343206405639648
-10.197738647460938
-10.020183563232422
-9.953008651733398
-9.905126571655273
-9.776620864868164
-9.72379207611084
-9.728546142578125
-9.731925964355469
-9.75430965423584
-9.76668930053711
-9.77701473236084
-9.788143157958984
-9.790298461914062
-9.790738105773926
-9.951095581054688
