0.830706000328064
0.9018480181694031
0.8161518573760986
0.851456880569458
0.8287410140037537
0.865828275680542
0.860038161277771
0.7872384786605835
0.8333605527877808
0.834374189376831
0.8339120149612427
0.8350884914398193
0.8279982805252075
0.7808212041854858
0.7958070635795593
0.7527987957000732
0.8028314113616943
0.8439863920211792
0.9109991788864136
0.9869953393936157
1.117795705795288
1.104438304901123
0.4424172639846802
0.17170807719230652
-0.06785193085670471
-0.2164291888475418
-0.05164921283721924
0.04019142687320709
0.12499433755874634
0.09172502160072327
0.11791476607322693
0.1575252115726471
0.3164699077606201
0.1400572657585144
-0.06741902232170105
-0.1735014021396637
-0.394966185092926
-0.6441959738731384
-0.8821954727172852
-0.7126898765563965
-0.6524895429611206
-0.6351289749145508
-0.5744024515151978
-0.45825377106666565
-0.37598949670791626
-0.30858319997787476
-0.32211822271347046
-0.12855058908462524
-0.45371586084365845
-0.42058777809143066
-0.24468767642974854
-0.6338226795196533
-2.329265594482422
-4.81894588470459
-6.931665420532227
-8.101869583129883
-9.079497337341309
-9.450613021850586
-9.373905181884766
-9.572952270507812
-9.897967338562012
-9.923471450805664
-9.837076187133789
-9.805164337158203
-9.786397933959961
-9.766331672668457
-9.727295875549316
-9.73227310180664
-9.717870712280273
-9.732365608215332
-9.724357604980469
-9.727715492248535
-9.73727035522461
0.9162890315055847
