0.7470382452011108
1.9485070705413818
2.3705554008483887
2.6099166870117188
2.350627899169922
-0.9222999811172485
-2.3234431743621826
-3.1575803756713867
-3.3996498584747314
-3.390599250793457
-3.3393521308898926
-3.041517734527588
-2.870893955230713
-4.07818078994751
-5.052189826965332
-8.718560218811035
-10.241336822509766
-12.495925903320312
-12.486976623535156
-11.80045223236084
-11.635791778564453
-11.575984954833984
-11.531082153320312
-11.375391006469727
-11.303108215332031
-11.422962188720703
-11.27078628540039
-11.226886749267578
-11.078289985656738
-11.061397552490234
-10.910551071166992
-10.97427749633789
-11.017592430114746
-10.954805374145508
-10.711109161376953
-10.619699478149414
-10.379671096801758
-10.376178741455078
-10.566916465759277
-10.544086456298828
-10.392059326171875
-10.340421676635742
-10.151363372802734
-10.017683982849121
-9.895835876464844
-9.855021476745605
-9.859001159667969
-9.854591369628906
-9.760156631469727
-9.547479629516602
-9.497824668884277
-9.414999008178711
-9.270914077758789
-9.143133163452148
-9.15548038482666
-9.200347900390625
-9.20225715637207
-9.196345329284668
-9.22408676147461
-9.230751037597656
-9.249150276184082
-9.27045726776123
-9.283684730529785
-9.339712142944336
-9.368074417114258
-9.393301010131836
-9.411857604980469
-9.420202255249023
-9.42156982421875
-9.423416137695312
-9.427406311035156
-9.429922103881836
-9.43598747253418
-3.303793430328369
