0.9622600078582764
0.9622600078582764
0.961359977722168
0.9616199731826782
0.9616699814796448
0.9617400169372559
0.9613800048828125
0.961359977722168
0.9613800048828125
0.9623100161552429
0.9612299799919128
0.9620299935340881
0.9618600010871887
0.9612399935722351
0.9613199830055237
0.960129976272583
0.9603400230407715
0.9616100192070007
0.9624599814414978
0.9608200192451477
0.9607899785041809
0.9624300003051758
0.9608200192451477
0.9606299996376038
0.9600200057029724
2.6322999000549316
-10.0
-10.0
-10.0
-10.0
-10.0
-10.0
-10.0
-10.0
-10.0
-10.0
-10.0
-10.0
-10.0
-10.0
-10.0
-10.0
-10.0
-10.0
-10.0
-10.0
-10.0
-10.0
-10.0
-10.0
-10.0
-10.0
-10.0
-10.0
-10.0
-10.0
-10.0
-10.0
-10.0
-10.0
-10.0
-10.0
-10.0
-10.0
-10.0
-10.0
-10.0
-10.0
-10.0
-10.0
-10.0
-10.0
-10.0
0.9613100290298462
