1.202675700187683
2.146853446960449
2.791550636291504
2.7890195846557617
1.766495704650879
2.0023770332336426
1.923793077468872
1.969433307647705
2.1209261417388916
2.019171714782715
2.019548177719116
2.194611072540283
2.1644787788391113
2.133812665939331
2.297931671142578
2.3694558143615723
2.3103928565979004
2.1948800086975098
2.1509547233581543
2.1837878227233887
2.2231099605560303
2.0394158363342285
1.3399686813354492
1.0097222328186035
1.0131088495254517
0.6940997242927551
-0.05166888236999512
-0.4567573070526123
-1.0096049308776855
-1.46400785446167
-1.6704397201538086
-1.7513628005981445
-2.27993106842041
-3.397214651107788
-5.581589698791504
-6.296104431152344
-7.903702259063721
-8.071900367736816
-7.163022041320801
-6.784257888793945
-6.818939208984375
-6.896312713623047
-6.393095016479492
-5.966428756713867
-5.478263854980469
-4.0461015701293945
-2.755735397338867
-2.4012176990509033
-6.25471305847168
-11.539407730102539
-15.65622329711914
-13.37708854675293
-11.836081504821777
-10.556270599365234
-9.701301574707031
-8.439277648925781
-7.9986066818237305
-7.911396026611328
-6.750678062438965
-4.910458564758301
-7.439955711364746
-10.120296478271484
-12.547822952270508
-18.88835334777832
-19.10118865966797
-18.766624450683594
-18.01657485961914
-17.420276641845703
-17.234752655029297
-17.13262939453125
-17.12317657470703
-17.106863021850586
-17.07946014404297
2.7468173503875732
