1.0949678421020508
2.5755081176757812
3.50372576713562
3.946871280670166
0.2845681309700012
1.0829744338989258
1.007023811340332
1.0222057104110718
1.0839178562164307
0.9726986289024353
1.0315351486206055
1.223206639289856
1.2069357633590698
1.471928358078003
1.5823769569396973
1.5519239902496338
1.170966386795044
0.5176581144332886
-0.3419840633869171
-1.113979697227478
-1.5748428106307983
-2.573178768157959
-3.54787278175354
-3.995922088623047
-3.9451277256011963
-4.268221378326416
-5.10872745513916
-5.578808784484863
-6.389565467834473
-6.8317179679870605
-6.7622528076171875
-6.75581693649292
-6.916195869445801
-7.469402313232422
-8.393949508666992
-8.80164623260498
-9.208137512207031
-8.729973793029785
-7.723388671875
-7.464133262634277
-7.389920711517334
-7.328936576843262
-6.577837944030762
-6.174797058105469
-5.531301498413086
-4.8489837646484375
-2.7865827083587646
0.07512521743774414
-4.143563270568848
-12.94967269897461
-24.67882537841797
-20.873647689819336
-17.844362258911133
-15.247353553771973
-14.155912399291992
-12.225360870361328
-11.575845718383789
-11.657405853271484
-10.381078720092773
-8.619331359863281
-11.907157897949219
-14.580320358276367
-16.873973846435547
-21.562114715576172
-21.442157745361328
-20.864255905151367
-20.056644439697266
-19.52631378173828
-19.382078170776367
-19.292865753173828
-19.20984649658203
-19.16735076904297
-19.10308074951172
2.891842842102051
