1.0405198335647583
2.5029232501983643
2.0704843997955322
2.9465746879577637
0.41834506392478943
1.6201506853103638
1.5721518993377686
1.6389282941818237
1.7611103057861328
1.629766583442688
1.5915207862854004
1.6279726028442383
1.560258388519287
1.7483084201812744
1.784136414527893
1.7172114849090576
1.280451774597168
0.6562813520431519
-0.2727441191673279
-1.076303243637085
-1.4461865425109863
-2.329409599304199
-3.1464056968688965
-3.668201208114624
-3.798797845840454
-4.175540924072266
-4.935272216796875
-5.30406379699707
-5.973998069763184
-6.568254470825195
-6.810327529907227
-7.131054878234863
-7.088582992553711
-7.583280563354492
-8.606226921081543
-9.183835983276367
-9.716151237487793
-9.435267448425293
-8.436543464660645
-8.040653228759766
-7.92277717590332
-7.83923864364624
-7.051401138305664
-6.659856796264648
-5.972099304199219
-5.305027008056641
-3.1827714443206787
-0.18236303329467773
-4.368513107299805
-13.553064346313477
-26.28158950805664
-22.650245666503906
-19.520343780517578
-16.624248504638672
-15.376103401184082
-13.500667572021484
-12.93667221069336
-13.123983383178711
-12.073677062988281
-10.90605354309082
-13.835464477539062
-15.895976066589355
-17.639911651611328
-20.525371551513672
-20.25815200805664
-19.667753219604492
-19.0172119140625
-18.71833038330078
-18.63372230529785
-18.57245635986328
-18.501245498657227
-18.46099090576172
-18.391645431518555
2.42903470993042
