1.2990049123764038
1.954827070236206
2.11439847946167
2.3015804290771484
2.2840912342071533
2.361086368560791
2.326079845428467
2.365128517150879
2.37641978263855
2.314664363861084
2.3404276371002197
2.309908390045166
2.3384785652160645
2.346679210662842
2.3975882530212402
2.4408483505249023
2.454629898071289
2.462649345397949
2.5105695724487305
2.543065071105957
2.5516915321350098
2.6439833641052246
2.5616562366485596
2.616469144821167
2.617448329925537
2.690824031829834
2.7069802284240723
2.6787819862365723
2.5395917892456055
2.6006340980529785
2.8168535232543945
2.8588547706604004
2.9834444522857666
2.9965310096740723
3.0280203819274902
3.1342825889587402
3.1847190856933594
3.4675185680389404
3.3120431900024414
3.1545166969299316
3.4597134590148926
4.049381256103516
4.6871747970581055
4.186474800109863
3.132136821746826
1.7491883039474487
2.165525436401367
2.968489170074463
3.131981134414673
3.2175097465515137
3.0658717155456543
2.9620361328125
3.6562910079956055
3.4289398193359375
4.291120529174805
8.197972297668457
4.750737190246582
-7.385971546173096
-13.125224113464355
-14.539193153381348
-14.411721229553223
-13.845184326171875
-13.583078384399414
-10.989521026611328
-12.356828689575195
-15.015087127685547
-17.08908462524414
-18.41996955871582
-18.601823806762695
-18.647499084472656
-18.313575744628906
-18.1580810546875
-17.742603302001953
2.3297739028930664
