1.1816085577011108
2.0818276405334473
2.2544007301330566
2.399214744567871
2.3556056022644043
2.451885461807251
2.426115036010742
2.4394383430480957
2.508225440979004
2.4758143424987793
2.4399302005767822
2.3639073371887207
2.3738017082214355
2.381396770477295
2.371091604232788
2.4629621505737305
2.462574005126953
2.3979201316833496
2.4367082118988037
2.4611520767211914
2.5090854167938232
2.5771305561065674
2.504664659500122
2.5904626846313477
2.668020248413086
2.652264356613159
2.780104160308838
2.622948169708252
2.4487085342407227
2.4090816974639893
2.6640396118164062
2.7516465187072754
2.816955327987671
2.8419535160064697
2.921184539794922
3.0451395511627197
3.017766237258911
3.221529960632324
3.147843837738037
3.1383557319641113
3.2181904315948486
3.458512783050537
3.408421039581299
3.506173610687256
3.6909892559051514
4.246120452880859
5.565136909484863
6.281937599182129
2.8706212043762207
-4.666879653930664
-15.542325019836426
-15.948461532592773
-14.305582046508789
-12.595491409301758
-12.5812349319458
-10.8572359085083
-10.204761505126953
-9.952982902526855
-8.855056762695312
-7.2811784744262695
-9.301158905029297
-11.433952331542969
-13.338890075683594
-18.327877044677734
-18.566722869873047
-18.3731689453125
-17.838394165039062
-17.411407470703125
-17.26041030883789
-17.18442153930664
-17.13521385192871
-17.113487243652344
-17.07168960571289
2.3818583488464355
