1.045936942100525
2.471247911453247
2.0912728309631348
2.97238826751709
0.4147372841835022
1.6260225772857666
1.579248309135437
1.6449979543685913
1.767533540725708
1.6336193084716797
1.5938855409622192
1.6326508522033691
1.5686970949172974
1.764481782913208
1.8010814189910889
1.7374281883239746
1.300898551940918
0.6713502407073975
-0.2633167505264282
-1.0714023113250732
-1.4474250078201294
-2.343198299407959
-3.185241937637329
-3.717755079269409
-3.8574838638305664
-4.246392726898193
-5.0199174880981445
-5.396905899047852
-6.068367958068848
-6.6587605476379395
-6.8977952003479
-7.213030815124512
-7.177748680114746
-7.6798906326293945
-8.712201118469238
-9.294082641601562
-9.836433410644531
-9.55138874053955
-8.542707443237305
-8.141274452209473
-8.020064353942871
-7.93646764755249
-7.142621040344238
-6.746971130371094
-6.054771423339844
-5.4011335372924805
-3.27333402633667
-0.23619914054870605
-4.403234958648682
-13.59211254119873
-26.391700744628906
-22.755897521972656
-19.617292404174805
-16.710468292236328
-15.460261344909668
-13.579986572265625
-13.016500473022461
-13.20657730102539
-12.159510612487793
-10.999922752380371
-13.927452087402344
-15.980056762695312
-17.718812942504883
-20.585453033447266
-20.316532135009766
-19.725496292114258
-19.074817657470703
-18.777250289916992
-18.692731857299805
-18.63143539428711
-18.559476852416992
-18.51897621154785
-18.448856353759766
2.448723554611206
