1.1287634372711182
2.107832908630371
2.32588791847229
3.3012208938598633
0.46714913845062256
1.8018196821212769
1.7678143978118896
1.8162951469421387
1.9240984916687012
1.743720531463623
1.6713062524795532
1.7289975881576538
1.7082175016403198
1.9762606620788574
2.0260045528411865
1.9918711185455322
1.570638656616211
0.8977800607681274
-0.06254956126213074
-0.8839637041091919
-1.2997602224349976
-2.3002145290374756
-3.4233756065368652
-4.081918716430664
-4.330055236816406
-4.87523078918457
-5.825873374938965
-6.317192077636719
-7.029759407043457
-7.586303234100342
-7.799173831939697
-8.057976722717285
-8.177419662475586
-8.809016227722168
-9.96988582611084
-10.593700408935547
-11.234415054321289
-10.89023208618164
-9.765668869018555
-9.313714981079102
-9.175800323486328
-9.11617660522461
-8.260456085205078
-7.790457725524902
-7.028999328613281
-6.5020222663879395
-4.305418491363525
-0.8737571239471436
-4.866391181945801
-14.129526138305664
-27.67631721496582
-23.96929359436035
-20.733417510986328
-17.70398712158203
-16.423381805419922
-14.477263450622559
-13.911550521850586
-14.124896049499512
-13.095186233520508
-11.982278823852539
-14.920547485351562
-16.930011749267578
-18.651531219482422
-21.43042755126953
-21.150108337402344
-20.549428939819336
-19.883773803710938
-19.584659576416016
-19.4969425201416
-19.432863235473633
-19.350780487060547
-19.307029724121094
-19.227693557739258
2.7324743270874023
