0.9576500058174133
0.9583600163459778
0.9575799703598022
0.957539975643158
0.957539975643158
0.9574900269508362
0.9568600058555603
0.9574800133705139
0.9566799998283386
0.9578800201416016
0.9578800201416016
0.9578800201416016
0.957859992980957
0.9567700028419495
0.9576200246810913
0.9577400088310242
0.9566599726676941
0.9574199914932251
0.9567099809646606
0.9559699892997742
0.9559800028800964
0.9566699862480164
0.9566900134086609
0.956250011920929
0.9562399983406067
0.9569200277328491
0.9567000269889832
0.9575899839401245
0.9567199945449829
0.956570029258728
0.95728999376297
0.958079993724823
0.9572799801826477
0.9572499990463257
0.9563999772071838
0.9581199884414673
0.9574099779129028
0.9567800164222717
0.9566799998283386
0.955780029296875
0.9586499929428101
0.9573900103569031
0.957099974155426
0.9583399891853333
0.956030011177063
0.9584699869155884
0.9564999938011169
0.956529974937439
0.9574800133705139
0.9572700262069702
0.9572399854660034
0.9550600051879883
0.9573799967765808
0.9573900103569031
0.9575499892234802
0.9585899710655212
3.588399887084961
-10.0
-10.0
-10.0
-10.0
-10.0
-10.0
-10.0
-10.0
-10.0
-10.0
-10.0
-10.0
-10.0
-10.0
-10.0
-10.0
0.9590299725532532
