67.2747
-0.93364
-0.93088
-0.93021
-0.92579
-0.92645
-0.92309
-0.92309
-0.92309
-0.93908
-0.92393
-0.93413
-0.93565
-0.92432
-0.93264
-0.92283
-0.92298
-0.92596
-0.92865
-0.92088
-0.92089
-0.92985
-0.92088
-0.92565
-0.9197
-0.92285
-0.92263
-0.9306
-0.92594
-0.92459
-0.92459
-0.92578
-0.92738
-0.92532
-0.9288
-0.93439
-0.92847
-0.92701
-0.92853
-0.93348
-0.92871
-0.92871
-0.9287
-0.93749
-0.92285
-0.92469
-0.93835
-0.92478
-0.91444
-0.91445
-0.92252
-0.93511
-0.93076
-0.9155
-0.9155
-0.94152
-0.92043
-0.92565
-0.93692
-0.95074
-0.93761
-0.98782
-0.97398
-1.0198
-1.1969
-1.1299
0
-1.2795
0
0
0
0
0
0
0
0
0
0
0
0
0
0
0
0
0
0
0
0
0
0
0
0
0
0
0
0
0
0
0
0
0
0
0
0
0
0
0
0
0
0
0
-5.0368
0
0
0
0
0
0
0
0
0
0
0
0
0
-0.93364
67.2747
-0.93087
-0.93021
-0.92579
-0.92645
-0.9231
-0.92309
-0.92309
-0.93909
-0.92393
-0.93412
-0.93564
-0.92433
-0.93265
-0.92283
-0.92298
-0.92596
-0.92864
-0.92088
-0.92089
-0.92985
-0.92088
-0.92565
-0.9197
-0.92286
-0.92263
-0.9306
-0.92594
-0.92459
-0.92458
-0.92577
-0.92737
-0.92532
-0.9288
-0.93439
-0.92846
-0.92701
-0.92853
-0.9335
-0.92871
-0.92872
-0.92872
-0.93749
-0.92285
-0.92469
-0.93835
-0.92478
-0.91444
-0.91444
-0.92252
-0.9351
-0.93075
-0.9155
-0.91549
-0.94151
-0.92043
-0.92565
-0.93692
-0.95074
-0.9376
-0.98782
-0.97398
-1.0198
-1.1969
-1.1298
0
-1.2796
0
0
0
0
0
0
0
0
0
0
0
0
0
0
0
0
0
0
0
0
0
0
0
0
0
0
0
0
0
0
0
0
0
0
-5.0367
0
0
0
0
0
0
0
0
0
0
0
0
0
0
0
0
0
0
0
0
0
0
-0.93088
-0.93087
62.2058
-0.9298
-0.92522
-0.92595
-0.92259
-0.92259
-0.92259
-0.9376
-0.92335
-0.93302
-0.9345
-0.9238
-0.9319
-0.92237
-0.92251
-0.92549
-0.92787
-0.92043
-0.92042
-0.92947
-0.92043
-0.92501
-0.91935
-0.9223
-0.92197
-0.93002
-0.92545
-0.92415
-0.92415
-0.92534
-0.92688
-0.92488
-0.92809
-0.93389
-0.92798
-0.92652
-0.92818
-0.93294
-0.9283
-0.92831
-0.9283
-0.93714
-0.92243
-0.92419
-0.93793
-0.92439
-0.91403
-0.91404
-0.92172
-0.93471
-0.93049
-0.91512
-0.91513
-0.94123
-0.91999
-0.92532
-0.93609
-0.95058
-0.93753
-0.98798
-0.9746
-1.0206
-1.1934
-1.1276
0
-1.2839
0
0
0
0
0
0
0
0
0
0
0
0
0
0
0
0
0
0
0
0
0
0
0
0
0
0
0
0
0
0
0
0
0
0
0
0
0
0
0
0
0
0
0
0
0
0
0
0
0
0
0
0
0
0
0
0
0
-0.93021
-0.93021
-0.9298
60.9626
-0.9243
-0.92518
-0.92171
-0.92172
-0.92172
-0.93676
-0.92282
-0.93233
-0.93389
-0.92309
-0.93134
-0.92159
-0.92169
-0.92469
-0.92707
-0.91963
-0.91962
-0.92876
-0.91963
-0.92422
-0.91857
-0.92151
-0.92141
-0.9293
-0.92466
-0.92336
-0.92336
-0.92454
-0.92608
-0.92409
-0.92759
-0.9331
-0.9272
-0.92574
-0.92733
-0.93215
-0.92751
-0.9275
-0.9275
-0.93633
-0.92163
-0.92339
-0.93713
-0.92362
-0.91323
-0.91324
-0.92096
-0.93391
-0.92962
-0.91431
-0.91431
-0.94041
-0.91924
-0.92451
-0.93526
-0.94975
-0.93675
-0.98729
-0.97382
-1.0196
0
-1.1267
0
-1.2831
0
0
0
0
0
0
0
0
0
0
0
0
0
0
0
0
0
0
0
0
0
0
0
0
0
0
0
0
0
0
0
0
0
0
0
0
0
0
0
0
0
0
0
0
0
0
0
0
0
0
0
0
0
0
0
0
0
-0.92579
-0.92579
-0.92522
-0.9243
59.3749
-0.92033
-0.91697
-0.91697
-0.91697
-0.93197
-0.91804
-0.92733
-0.92914
-0.91832
-0.92633
-0.9168
-0.91693
-0.9199
-0.92211
-0.91487
-0.91486
-0.92361
-0.91486
-0.91933
-0.91379
-0.91664
-0.91659
-0.9242
-0.91979
-0.91857
-0.91856
-0.91974
-0.92123
-0.91928
-0.92274
-0.9282
-0.92233
-0.92093
-0.9225
-0.92728
-0.92269
-0.92268
-0.92268
-0.93149
-0.91684
-0.91854
-0.93224
-0.91882
-0.90847
-0.90847
-0.91611
-0.92905
-0.92478
-0.90955
-0.90955
-0.9355
-0.91444
-0.91969
-0.93034
-0.94481
-0.93188
-0.98246
-0.96883
-1.0146
0
-1.1213
0
0
0
0
0
0
0
0
0
0
0
0
0
0
0
0
0
0
0
0
0
0
0
0
0
0
0
0
0
0
0
0
0
0
0
0
0
0
0
0
0
0
0
0
0
0
0
0
0
0
0
0
0
0
0
0
0
0
0
-0.92645
-0.92645
-0.92595
-0.92518
-0.92033
59.6505
-0.91757
-0.91757
-0.91757
-0.93264
-0.91853
-0.928
-0.9298
-0.9185
-0.92704
-0.91739
-0.91752
-0.92051
-0.92272
-0.91545
-0.91545
-0.92429
-0.91544
-0.91993
-0.91441
-0.91724
-0.91706
-0.92447
-0.92038
-0.91914
-0.91915
-0.92032
-0.92182
-0.91987
-0.92319
-0.92882
-0.92292
-0.9215
-0.92313
-0.92784
-0.92329
-0.92328
-0.92327
-0.93213
-0.91742
-0.91915
-0.93287
-0.91943
-0.90906
-0.90906
-0.91676
-0.92966
-0.92543
-0.91015
-0.91015
-0.93618
-0.91506
-0.9203
-0.93132
-0.94543
-0.93246
-0.98317
-0.96956
-1.0153
0
0
0
0
-1.3591
0
0
0
0
0
0
0
0
0
0
0
0
0
0
0
0
0
0
0
0
0
0
0
0
0
0
0
0
0
0
0
0
0
0
0
0
0
0
0
0
0
0
0
0
0
0
0
0
0
0
0
0
0
0
0
0
-0.92309
-0.9231
-0.92259
-0.92171
-0.91697
-0.91757
58.0783
-0.91397
-0.91398
-0.92908
-0.91523
-0.92444
-0.92618
-0.91551
-0.9234
-0.91402
-0.91415
-0.9171
-0.91917
-0.91206
-0.91206
-0.92115
-0.91206
-0.91648
-0.91096
-0.91382
-0.91375
-0.92123
-0.91694
-0.91573
-0.91573
-0.91691
-0.91838
-0.91645
-0.9199
-0.92535
-0.91949
-0.91808
-0.91964
-0.9244
-0.91983
-0.91984
-0.91983
-0.92865
-0.91399
-0.9157
-0.92938
-0.91599
-0.90566
-0.90566
-0.91354
-0.92617
-0.92191
-0.90671
-0.90672
-0.93265
-0.91162
-0.91682
-0.92784
-0.94193
-0.92905
-0.97953
-0.96603
-1.0114
0
0
0
0
0
0
0
0
0
0
0
0
0
0
0
0
0
0
0
0
0
0
0
0
0
0
0
0
0
0
0
0
0
0
0
0
0
0
0
0
0
0
0
0
0
0
0
0
0
0
0
0
0
0
0
0
0
0
0
0
0
-0.92309
-0.92309
-0.92259
-0.92172
-0.91697
-0.91757
-0.91397
58.0783
-0.91398
-0.92907
-0.91523
-0.92443
-0.92618
-0.9155
-0.9234
-0.91401
-0.91416
-0.9171
-0.91917
-0.91207
-0.91206
-0.92114
-0.91205
-0.91647
-0.91097
-0.91382
-0.91375
-0.92123
-0.91694
-0.91574
-0.91574
-0.91689
-0.91839
-0.91644
-0.9199
-0.92535
-0.91948
-0.91808
-0.91964
-0.92439
-0.91984
-0.91982
-0.91982
-0.92864
-0.91399
-0.91571
-0.92938
-0.91599
-0.90565
-0.90565
-0.91354
-0.92618
-0.9219
-0.90672
-0.90672
-0.93266
-0.91162
-0.91683
-0.92784
-0.94193
-0.92904
-0.97953
-0.96603
-1.0115
0
0
0
0
0
0
0
0
0
0
0
0
0
0
0
0
0
0
0
0
0
0
0
0
0
0
0
0
0
0
0
0
0
0
0
0
0
0
0
0
0
0
0
0
0
0
0
0
0
0
0
0
0
0
0
0
0
0
0
0
0
-0.92309
-0.92309
-0.92259
-0.92172
-0.91697
-0.91757
-0.91398
-0.91398
58.0783
-0.92907
-0.91524
-0.92443
-0.92618
-0.91549
-0.9234
-0.91401
-0.91415
-0.91709
-0.91917
-0.91205
-0.91205
-0.92115
-0.91205
-0.91648
-0.91096
-0.91382
-0.91376
-0.92123
-0.91694
-0.91573
-0.91573
-0.9169
-0.91838
-0.91644
-0.9199
-0.92536
-0.91949
-0.91809
-0.91965
-0.9244
-0.91984
-0.91983
-0.91983
-0.92865
-0.91399
-0.91571
-0.92938
-0.91599
-0.90565
-0.90566
-0.91355
-0.92617
-0.9219
-0.90673
-0.90672
-0.93266
-0.91162
-0.91682
-0.92784
-0.94193
-0.92905
-0.97953
-0.96603
-1.0114
0
0
0
0
0
0
0
0
0
0
0
0
0
0
0
0
0
0
0
0
0
0
0
0
0
0
0
0
0
0
0
0
0
0
0
0
0
0
0
0
0
0
0
0
0
0
0
0
0
0
0
0
0
0
0
0
0
0
0
0
0
-0.93908
-0.93909
-0.9376
-0.93676
-0.93197
-0.93264
-0.92908
-0.92907
-0.92907
62.0587
-0.92978
-0.93929
-0.94102
-0.93003
-0.93807
-0.92843
-0.92855
-0.93157
-0.93389
-0.92647
-0.92647
-0.93574
-0.92647
-0.93098
-0.92544
-0.9282
-0.92847
-0.93569
-0.93129
-0.93023
-0.93023
-0.93142
-0.93273
-0.93097
-0.93474
-0.93975
-0.93379
-0.93267
-0.93455
-0.93906
-0.9344
-0.9344
-0.93439
-0.94344
-0.9285
-0.93031
-0.94372
-0.93041
-0.92007
-0.92007
-0.92775
-0.9409
-0.93705
-0.92119
-0.92118
-0.94728
-0.92496
-0.93147
-0.94223
-0.95677
-0.94347
0
0
0
0
0
0
0
0
-1.3438
0
0
0
0
0
0
0
0
0
0
0
0
0
0
0
0
0
0
0
0
0
0
0
0
0
0
0
0
-4.7306
0
0
0
0
0
0
0
0
0
0
0
0
0
0
0
0
0
0
0
0
0
0
0
0
0
0
-0.92393
-0.92393
-0.92335
-0.92282
-0.91804
-0.91853
-0.91523
-0.91523
-0.91524
-0.92978
56.3537
-0.92509
-0.92679
-0.91616
-0.92392
-0.91482
-0.91495
-0.91791
-0.92014
-0.91287
-0.91286
-0.9213
-0.91285
-0.9173
-0.91181
-0.91466
-0.91434
-0.92217
-0.91774
-0.91655
-0.91654
-0.91771
-0.91919
-0.91725
-0.92041
-0.92615
-0.92028
-0.91887
-0.9206
-0.92515
-0.92066
-0.92066
-0.92066
-0.92962
-0.91481
-0.9165
-0.93017
-0.91676
-0.90646
-0.90646
-0.91436
-0.92702
-0.92298
-0.90755
-0.90755
-0.93346
-0.91237
-0.91767
-0.92866
-0.94279
-0.92989
0
0
0
-1.1842
0
0
0
0
0
0
0
0
0
0
0
0
0
0
0
0
0
0
0
0
0
0
0
0
0
0
0
0
0
0
0
0
0
0
0
0
0
0
0
0
0
0
0
0
0
0
0
0
0
0
0
0
0
0
0
0
0
0
0
0
-0.93413
-0.93412
-0.93302
-0.93233
-0.92733
-0.928
-0.92444
-0.92443
-0.92443
-0.93929
-0.92509
60.126
-0.93639
-0.92534
-0.93353
-0.9238
-0.92391
-0.92694
-0.92912
-0.92186
-0.92186
-0.93074
-0.92186
-0.92623
-0.92079
-0.9235
-0.9237
-0.93076
-0.9266
-0.92558
-0.92559
-0.92678
-0.92807
-0.92632
-0.92989
-0.93509
-0.92918
-0.92798
-0.92964
-0.93436
-0.92976
-0.92975
-0.92975
-0.93877
-0.92387
-0.92566
-0.9391
-0.92576
-0.91546
-0.91547
-0.92307
-0.93621
-0.93204
-0.91659
-0.91658
-0.94236
-0.92134
-0.92685
-0.93725
-0.95188
-0.93877
0
0
0
0
0
0
0
0
0
0
0
0
0
0
0
0
0
0
0
0
0
0
0
0
0
0
0
0
0
0
0
0
0
0
0
0
0
0
0
0
0
0
0
0
0
0
0
0
0
0
0
0
0
0
0
0
0
0
0
0
0
0
-4.4177
0
-0.93565
-0.93564
-0.9345
-0.93389
-0.92914
-0.9298
-0.92618
-0.92618
-0.92618
-0.94102
-0.92679
-0.93639
60.7505
-0.92703
-0.93518
-0.92539
-0.92561
-0.92855
-0.93074
-0.92348
-0.92347
-0.93244
-0.92346
-0.92785
-0.92242
-0.92512
-0.92514
-0.93239
-0.92818
-0.9272
-0.9272
-0.92841
-0.92966
-0.92794
-0.93123
-0.93671
-0.93079
-0.92956
-0.93127
-0.9359
-0.93138
-0.93139
-0.93138
-0.94036
-0.92551
-0.92727
-0.94076
-0.92732
-0.91709
-0.91709
-0.9246
-0.93787
-0.9337
-0.91823
-0.91823
-0.94406
-0.92298
-0.92852
-0.93894
-0.95363
0
0
0
0
0
0
-1.3999
0
0
0
0
0
0
0
0
0
0
0
0
0
0
0
0
0
0
0
0
0
0
0
0
0
0
0
0
0
0
0
0
0
0
-4.4866
0
0
0
0
0
0
0
0
0
0
0
0
0
0
0
0
0
0
0
0
0
0
0
-0.92432
-0.92433
-0.9238
-0.92309
-0.91832
-0.9185
-0.91551
-0.9155
-0.91549
-0.93003
-0.91616
-0.92534
-0.92703
56.5403
-0.92416
-0.91509
-0.9152
-0.91818
-0.92041
-0.91312
-0.91312
-0.92151
-0.91312
-0.91757
-0.91211
-0.9149
-0.91473
-0.92214
-0.91802
-0.91681
-0.91681
-0.91799
-0.91945
-0.91752
-0.92083
-0.92643
-0.92056
-0.91913
-0.92086
-0.92542
-0.92093
-0.92093
-0.92093
-0.92991
-0.91508
-0.91676
-0.93045
-0.91705
-0.90673
-0.90673
-0.91445
-0.92731
-0.92323
-0.90783
-0.90783
-0.93374
-0.91274
-0.91794
-0.92893
-0.94303
-0.93013
0
0
0
0
0
0
0
-1.355
0
0
0
0
0
0
0
0
0
0
0
0
0
0
0
0
0
0
0
0
0
0
0
0
0
0
0
0
0
0
0
0
0
0
0
0
0
0
0
0
0
0
0
0
0
0
0
0
0
0
0
0
0
0
0
0
-0.93264
-0.93265
-0.9319
-0.93134
-0.92633
-0.92704
-0.9234
-0.9234
-0.9234
-0.93807
-0.92392
-0.93353
-0.93518
-0.92416
59.9871
-0.92254
-0.92276
-0.92561
-0.92773
-0.92055
-0.92055
-0.92929
-0.92054
-0.92483
-0.91947
-0.92211
-0.92231
-0.92936
-0.92518
-0.92422
-0.92423
-0.92548
-0.92674
-0.92505
-0.92852
-0.93379
-0.92789
-0.92668
-0.92837
-0.93185
-0.92849
-0.9285
-0.9285
-0.93743
-0.92261
-0.92184
-0.93777
-0.92364
-0.91423
-0.91422
-0.92177
-0.93495
-0.93082
-0.91535
-0.91536
-0.94111
-0.92006
-0.92563
-0.9361
0
0
0
0
0
0
0
0
0
0
0
0
0
0
0
0
0
0
0
0
-2.0162
0
0
0
0
0
0
0
0
0
0
0
0
0
0
0
-4.2299
0
0
0
0
0
0
0
0
0
0
0
0
0
0
0
0
0
0
0
0
0
0
0
0
0
0
0
0
0
-0.92283
-0.92283
-0.92237
-0.92159
-0.9168
-0.91739
-0.91402
-0.91401
-0.91401
-0.92843
-0.91482
-0.9238
-0.92539
-0.91509
-0.92254
55.0854
-0.91364
-0.91664
-0.9188
-0.91158
-0.91157
-0.91997
-0.91157
-0.91583
-0.9105
-0.91332
-0.91317
-0.92111
-0.91638
-0.91525
-0.91526
-0.91642
-0.91784
-0.91596
-0.91924
-0.92479
-0.91893
-0.91753
-0.91924
-0.92373
-0.91936
-0.91937
-0.91937
-0.92826
-0.91352
-0.91515
-0.92881
-0.91542
-0.90518
-0.90518
-0.91299
-0.92573
-0.9216
-0.90627
-0.90627
-0.93212
-0.91113
-0.91638
-0.92729
-0.94148
0
0
0
0
0
0
0
0
0
0
0
0
0
0
0
0
0
-0.92036
0
0
0
0
0
0
0
0
0
0
0
0
0
0
0
0
0
0
0
0
0
0
0
0
0
0
0
0
0
0
0
0
0
0
0
0
0
0
0
0
0
0
0
0
0
0
0
-0.92298
-0.92298
-0.92251
-0.92169
-0.91693
-0.91752
-0.91415
-0.91416
-0.91415
-0.92855
-0.91495
-0.92391
-0.92561
-0.9152
-0.92276
-0.91364
55.1036
-0.91679
-0.91899
-0.91173
-0.91172
-0.92018
-0.91172
-0.91606
-0.91067
-0.9135
-0.91343
-0.92131
-0.9166
-0.91541
-0.91541
-0.91657
-0.91804
-0.91611
-0.91958
-0.925
-0.91914
-0.91774
-0.91941
-0.92399
-0.91952
-0.91951
-0.91951
-0.92846
-0.91366
-0.91534
-0.92901
-0.91564
-0.90532
-0.90532
-0.91325
-0.92586
-0.92175
-0.9064
-0.90639
-0.93228
-0.91129
-0.91648
-0.92749
-0.94159
-0.92878
0
0
0
0
0
0
0
0
0
0
0
0
0
0
0
0
0
0
0
0
0
0
0
0
0
0
0
0
0
0
0
0
0
0
0
0
0
0
0
0
0
0
0
0
0
0
0
0
0
0
0
0
0
0
0
0
0
0
0
0
0
0
0
0
-0.92596
-0.92596
-0.92549
-0.92469
-0.9199
-0.92051
-0.9171
-0.9171
-0.91709
-0.93157
-0.91791
-0.92694
-0.92855
-0.91818
-0.92561
-0.91664
-0.91679
53.4059
-0.92184
-0.91471
-0.9147
-0.92301
-0.9147
-0.91878
-0.91393
-0.91711
-0.91651
-0.92339
-0.9198
-0.91846
-0.91847
-0.91965
-0.92116
-0.91919
-0.92268
-0.92812
-0.92225
-0.92081
-0.92249
-0.92709
-0.92261
-0.92262
-0.92261
-0.93158
-0.91675
-0.91842
-0.93215
-0.91871
-0.90838
-0.90837
-0.91634
-0.92895
-0.92484
-0.90943
-0.90942
-0.93539
-0.91433
-0.91956
-0.93058
0
0
0
0
0
0
0
0
0
0
0
0
0
0
0
0
0
0
0
0
0
0
0
0
0
0
0
0
0
0
0
0
0
0
0
0
0
0
0
0
0
0
0
0
0
0
0
0
0
0
0
0
0
0
0
0
0
0
0
0
0
0
0
0
0
0
-0.92865
-0.92864
-0.92787
-0.92707
-0.92211
-0.92272
-0.91917
-0.91917
-0.91917
-0.93389
-0.92014
-0.92912
-0.93074
-0.92041
-0.92773
-0.9188
-0.91899
-0.92184
56.5718
-0.91677
-0.91677
-0.92476
-0.91678
-0.92098
-0.91571
-0.91834
-0.91854
-0.92555
-0.92141
-0.92049
-0.92049
-0.92166
-0.92292
-0.92121
-0.92468
-0.92991
-0.92402
-0.92281
-0.92447
-0.92911
-0.92465
-0.92464
-0.92464
-0.93363
-0.91878
-0.92051
-0.93388
-0.92064
-0.9104
-0.9104
-0.91806
-0.93108
-0.92689
-0.91152
-0.91152
-0.93714
-0.91627
-0.92183
0
0
0
0
0
0
0
0
0
0
0
0
0
0
0
0
0
0
0
0
0
0
0
0
0
0
0
0
0
0
0
0
0
0
0
0
0
0
0
0
0
0
0
0
0
0
0
0
0
0
0
0
0
0
-3.9817
0
0
0
0
0
0
0
0
0
0
0
0
-0.92088
-0.92088
-0.92043
-0.91963
-0.91487
-0.91545
-0.91206
-0.91207
-0.91205
-0.92647
-0.91287
-0.92186
-0.92348
-0.91312
-0.92055
-0.91158
-0.91173
-0.91471
-0.91677
52.1826
-0.90862
-0.918
-0.90861
-0.91406
-0.90862
-0.91276
-0.91117
-0.91917
-0.91417
-0.91319
-0.91318
-0.91433
-0.91574
-0.91386
-0.91729
-0.92269
-0.91686
-0.91545
-0.91711
-0.92163
-0.91727
-0.91727
-0.91726
-0.92618
-0.91141
-0.91306
-0.92671
-0.91335
-0.90307
-0.90308
-0.91108
-0.9236
-0.91951
-0.90415
-0.90415
-0.93
-0.90908
-0.91439
0
0
0
0
0
0
0
0
0
0
0
0
0
0
0
0
0
0
0
0
0
0
0
0
0
0
0
0
0
0
0
0
0
0
0
0
0
0
0
0
0
0
0
0
0
0
0
0
0
0
0
0
0
0
0
0
0
0
0
0
0
0
0
0
0
0
0
-0.92089
-0.92089
-0.92042
-0.91962
-0.91486
-0.91545
-0.91206
-0.91206
-0.91205
-0.92647
-0.91286
-0.92186
-0.92347
-0.91312
-0.92055
-0.91157
-0.91172
-0.9147
-0.91677
-0.90862
52.1824
-0.91799
-0.90861
-0.91407
-0.90861
-0.91276
-0.91116
-0.91917
-0.91418
-0.91318
-0.91318
-0.91433
-0.91573
-0.91386
-0.91727
-0.92269
-0.91686
-0.91544
-0.91711
-0.92163
-0.91726
-0.91726
-0.91726
-0.92618
-0.91141
-0.91305
-0.9267
-0.91335
-0.90307
-0.90308
-0.91107
-0.92359
-0.9195
-0.90416
-0.90416
-0.92998
-0.90907
-0.91439
0
0
0
0
0
0
0
0
0
0
0
0
0
0
0
0
0
0
0
0
0
0
0
0
0
0
0
0
0
0
0
0
0
0
0
0
0
0
0
0
0
0
0
0
0
0
0
0
0
0
0
0
0
0
0
0
0
0
0
0
0
0
0
0
0
0
0
-0.92985
-0.92985
-0.92947
-0.92876
-0.92361
-0.92429
-0.92115
-0.92114
-0.92115
-0.93574
-0.9213
-0.93074
-0.93244
-0.92151
-0.92929
-0.91997
-0.92018
-0.92301
-0.92476
-0.918
-0.91799
58.311
-0.91799
-0.92188
-0.91681
-0.91926
-0.91961
-0.92603
-0.92225
-0.92153
-0.92153
-0.92272
-0.92379
-0.92225
-0.92578
-0.93072
-0.92481
-0.92389
-0.92604
-0.93032
-0.92569
-0.9257
-0.92569
-0.93473
-0.91983
-0.92158
-0.93455
-0.92184
-0.91144
-0.91143
-0.91913
-0.93216
-0.92875
-0.91258
-0.91257
-0.93869
0
0
0
0
0
0
0
0
0
0
0
0
0
0
0
0
0
0
0
0
0
0
0
0
0
0
0
0
0
-3.5426
0
0
0
0
0
0
0
0
0
0
0
0
0
0
0
0
0
0
0
0
0
0
0
0
0
0
0
0
0
0
0
0
0
0
0
-3.9506
0
0
0
-0.92088
-0.92088
-0.92043
-0.91963
-0.91486
-0.91544
-0.91206
-0.91205
-0.91205
-0.92647
-0.91285
-0.92186
-0.92346
-0.91312
-0.92054
-0.91157
-0.91172
-0.9147
-0.91678
-0.90861
-0.90861
-0.91799
52.1823
-0.91407
-0.90861
-0.91275
-0.91116
-0.91916
-0.91417
-0.91317
-0.91318
-0.91433
-0.91573
-0.91385
-0.91727
-0.92268
-0.91685
-0.91544
-0.9171
-0.92163
-0.91727
-0.91726
-0.91726
-0.92617
-0.91141
-0.91306
-0.9267
-0.91335
-0.90307
-0.90307
-0.91107
-0.92359
-0.9195
-0.90416
-0.90416
-0.93
-0.90907
-0.91438
0
0
0
0
0
0
0
0
0
0
0
0
0
0
0
0
0
0
0
0
0
0
0
0
0
0
0
0
0
0
0
0
0
0
0
0
0
0
0
0
0
0
0
0
0
0
0
0
0
0
0
0
0
0
0
0
0
0
0
0
0
0
0
0
0
0
0
-0.92565
-0.92565
-0.92501
-0.92422
-0.91933
-0.91993
-0.91648
-0.91647
-0.91648
-0.93098
-0.9173
-0.92623
-0.92785
-0.91757
-0.92483
-0.91583
-0.91606
-0.91878
-0.92098
-0.91406
-0.91407
-0.92188
-0.91407
54.2908
-0.91293
-0.9157
-0.91566
-0.92227
-0.91854
-0.91763
-0.91764
-0.91881
-0.92008
-0.91835
-0.92175
-0.92704
-0.92119
-0.91993
-0.92156
-0.92613
-0.92178
-0.92178
-0.92178
-0.93073
-0.91593
-0.91763
-0.93099
-0.9178
-0.90755
-0.90755
-0.91519
-0.92822
-0.924
-0.90868
-0.90868
-0.93422
0
0
0
0
0
0
0
0
0
0
0
0
0
0
0
0
0
0
0
0
0
0
0
0
0
0
0
0
0
0
0
0
0
0
0
0
0
0
0
0
0
0
0
0
0
0
0
0
0
0
-3.6934
0
0
0
0
0
0
0
0
0
0
0
0
0
0
0
0
0
0
-0.9197
-0.9197
-0.91935
-0.91857
-0.91379
-0.91441
-0.91096
-0.91097
-0.91096
-0.92544
-0.91181
-0.92079
-0.92242
-0.91211
-0.91947
-0.9105
-0.91067
-0.91393
-0.91571
-0.90862
-0.90861
-0.91681
-0.90861
-0.91293
52.1489
-0.91156
-0.9098
-0.91809
-0.91256
-0.91193
-0.91192
-0.91305
-0.91431
-0.91258
-0.91579
-0.92124
-0.91541
-0.91412
-0.9158
-0.92026
-0.916
-0.916
-0.91599
-0.92445
-0.91015
-0.9118
-0.92521
-0.91207
-0.90181
-0.90181
-0.90959
-0.92236
-0.91828
-0.90292
-0.90293
-0.92866
0
0
0
0
0
0
0
0
0
0
0
0
0
0
0
0
0
0
0
0
0
0
0
0
0
0
0
0
0
0
0
0
0
0
0
0
0
-1.8536
0
0
0
0
0
0
0
0
0
0
0
0
0
0
0
0
0
0
0
0
0
0
0
0
0
0
0
0
0
0
0
-0.92285
-0.92286
-0.9223
-0.92151
-0.91664
-0.91724
-0.91382
-0.91382
-0.91382
-0.9282
-0.91466
-0.9235
-0.92512
-0.9149
-0.92211
-0.91332
-0.9135
-0.91711
-0.91834
-0.91276
-0.91276
-0.91926
-0.91275
-0.9157
-0.91156
52.1493
-0.91246
-0.92072
-0.91484
-0.91456
-0.91455
-0.91567
-0.91681
-0.91519
-0.91848
-0.92376
-0.91794
-0.9167
-0.91836
-0.92278
-0.91863
-0.91861
-0.91861
-0.9275
-0.91275
-0.91441
-0.92773
-0.91461
-0.90437
-0.90438
-0.91211
-0.92507
0
-0.9057
-0.90569
0
0
0
0
0
0
0
0
0
0
0
0
0
0
0
0
0
0
0
0
0
0
0
0
0
0
0
0
0
0
0
0
0
0
0
0
0
0
0
0
0
0
0
0
0
0
0
0
0
0
0
0
0
0
0
0
0
0
0
0
0
-3.5559
0
0
0
0
0
0
0
0
-0.92263
-0.92263
-0.92197
-0.92141
-0.91659
-0.91706
-0.91375
-0.91375
-0.91376
-0.92847
-0.91434
-0.9237
-0.92514
-0.91473
-0.92231
-0.91317
-0.91343
-0.91651
-0.91854
-0.91117
-0.91116
-0.91961
-0.91116
-0.91566
-0.9098
-0.91246
48.4525
-0.92031
-0.91638
-0.91497
-0.91496
-0.91605
-0.91741
-0.91557
-0.91736
-0.92431
-0.91855
-0.91706
-0.91881
-0.92322
-0.91907
-0.91906
-0.91906
-0.9279
-0.91316
-0.91484
-0.92844
-0.91504
-0.90475
-0.90474
-0.91284
-0.92559
0
0
0
0
0
0
0
0
0
0
0
0
0
0
0
0
0
0
0
0
-1.6682
0
0
0
0
0
0
0
0
0
0
0
0
0
0
0
0
0
0
0
0
0
0
0
0
0
0
0
0
0
0
0
0
0
0
0
0
0
0
0
0
0
0
0
0
0
0
0
0
0
0
0
0
-0.9306
-0.9306
-0.93002
-0.9293
-0.9242
-0.92447
-0.92123
-0.92123
-0.92123
-0.93569
-0.92217
-0.93076
-0.93239
-0.92214
-0.92936
-0.92111
-0.92131
-0.92339
-0.92555
-0.91917
-0.91917
-0.92603
-0.91916
-0.92227
-0.91809
-0.92072
-0.92031
55.5246
-0.92269
-0.92224
-0.92224
-0.9234
-0.9245
-0.92294
-0.92623
-0.93151
-0.92566
-0.92446
-0.92616
-0.93065
-0.92645
-0.92644
-0.92644
-0.93526
-0.92054
-0.92224
-0.93544
-0.92231
-0.91212
-0.91213
0
0
0
0
0
0
0
0
0
0
0
0
0
0
0
0
0
0
-1.3649
0
0
0
0
0
0
0
0
0
0
0
0
0
0
0
0
0
0
0
0
0
0
0
0
0
0
0
-4.4281
0
0
0
0
0
0
0
0
0
0
0
0
0
0
0
0
0
-4.428
0
0
0
0
0
0
0
0
0
0
-0.92594
-0.92594
-0.92545
-0.92466
-0.91979
-0.92038
-0.91694
-0.91694
-0.91694
-0.93129
-0.91774
-0.9266
-0.92818
-0.91802
-0.92518
-0.91638
-0.9166
-0.9198
-0.92141
-0.91417
-0.91418
-0.92225
-0.91417
-0.91854
-0.91256
-0.91484
-0.91638
-0.92269
49.633
-0.91819
-0.9182
-0.91934
-0.9206
-0.91889
-0.92214
-0.92749
-0.92167
-0.92034
-0.92203
-0.92646
-0.92242
-0.92242
-0.92242
-0.93123
-0.91648
-0.91815
-0.93143
-0.91832
-0.90808
-0.90808
0
0
0
0
0
0
0
0
0
0
0
0
0
0
0
0
0
0
0
0
0
0
0
0
0
0
0
0
0
0
0
0
-1.0786
0
0
0
0
0
0
0
0
0
0
0
0
0
0
0
0
0
0
0
0
-3.456
0
0
0
0
0
0
0
0
0
0
0
0
0
0
0
0
0
0
0
0
0
-0.92459
-0.92459
-0.92415
-0.92336
-0.91857
-0.91914
-0.91573
-0.91574
-0.91573
-0.93023
-0.91655
-0.92558
-0.9272
-0.91681
-0.92422
-0.91525
-0.91541
-0.91846
-0.92049
-0.91319
-0.91318
-0.92153
-0.91317
-0.91763
-0.91193
-0.91456
-0.91497
-0.92224
-0.91819
45.0466
-0.91555
-0.91823
-0.9198
-0.91777
-0.92118
-0.92658
-0.92082
-0.91927
-0.92095
-0.92548
-0.92135
-0.92135
-0.92135
-0.93022
-0.91536
-0.91709
-0.93065
-0.91735
-0.90695
-0.90695
0
0
0
0
0
0
0
0
0
0
0
0
0
0
0
0
0
0
0
0
0
0
0
0
0
0
0
0
0
0
0
0
0
0
0
0
0
0
0
0
0
0
0
0
0
0
0
0
0
0
0
0
0
0
0
0
0
0
0
0
0
0
0
0
0
0
0
0
0
0
0
0
0
0
0
-0.92459
-0.92458
-0.92415
-0.92336
-0.91856
-0.91915
-0.91573
-0.91574
-0.91573
-0.93023
-0.91654
-0.92559
-0.9272
-0.91681
-0.92423
-0.91526
-0.91541
-0.91847
-0.92049
-0.91318
-0.91318
-0.92153
-0.91318
-0.91764
-0.91192
-0.91455
-0.91496
-0.92224
-0.9182
-0.91555
45.0467
-0.91823
-0.91981
-0.91777
-0.92119
-0.92658
-0.92082
-0.91927
-0.92095
-0.92548
-0.92136
-0.92136
-0.92135
-0.93022
-0.91536
-0.91709
-0.93065
-0.91735
-0.90695
-0.90695
0
0
0
0
0
0
0
0
0
0
0
0
0
0
0
0
0
0
0
0
0
0
0
0
0
0
0
0
0
0
0
0
0
0
0
0
0
0
0
0
0
0
0
0
0
0
0
0
0
0
0
0
0
0
0
0
0
0
0
0
0
0
0
0
0
0
0
0
0
0
0
0
0
0
0
-0.92578
-0.92577
-0.92534
-0.92454
-0.91974
-0.92032
-0.91691
-0.91689
-0.9169
-0.93142
-0.91771
-0.92678
-0.92841
-0.91799
-0.92548
-0.91642
-0.91657
-0.91965
-0.92166
-0.91433
-0.91433
-0.92272
-0.91433
-0.91881
-0.91305
-0.91567
-0.91605
-0.9234
-0.91934
-0.91823
-0.91823
40.5217
-0.9208
-0.91911
-0.92224
-0.92737
-0.92208
-0.92009
-0.9217
-0.92658
-0.92353
-0.92353
-0.92352
-0.93135
-0.91706
0
0
0
0
0
0
0
0
0
0
0
0
0
0
0
0
0
0
0
0
0
0
0
0
0
0
0
0
0
0
0
0
0
0
0
0
0
0
0
0
0
0
0
0
0
0
0
0
0
0
0
0
0
0
0
0
0
0
0
0
0
0
0
0
0
0
0
0
0
0
0
0
0
0
0
0
0
0
0
0
-0.92738
-0.92737
-0.92688
-0.92608
-0.92123
-0.92182
-0.91838
-0.91839
-0.91838
-0.93273
-0.91919
-0.92807
-0.92966
-0.91945
-0.92674
-0.91784
-0.91804
-0.92116
-0.92292
-0.91574
-0.91573
-0.92379
-0.91573
-0.92008
-0.91431
-0.91681
-0.91741
-0.9245
-0.9206
-0.9198
-0.91981
-0.9208
43.022
-0.92034
-0.92329
-0.92839
-0.92287
-0.92133
-0.92288
-0.92768
-0.92457
-0.92457
-0.92457
-0.93251
0
0
0
0
0
0
0
0
0
0
0
0
0
0
0
0
0
0
0
0
0
0
0
0
0
0
0
0
0
0
0
0
0
0
0
0
0
0
0
0
0
0
0
0
0
0
0
0
0
0
0
0
0
0
0
0
0
0
0
0
0
0
0
0
0
-3.3622
0
0
0
0
0
0
0
0
0
0
0
0
0
0
0
-0.92532
-0.92532
-0.92488
-0.92409
-0.91928
-0.91987
-0.91645
-0.91644
-0.91644
-0.93097
-0.91725
-0.92632
-0.92794
-0.91752
-0.92505
-0.91596
-0.91611
-0.91919
-0.92121
-0.91386
-0.91386
-0.92225
-0.91385
-0.91835
-0.91258
-0.91519
-0.91557
-0.92294
-0.91889
-0.91777
-0.91777
-0.91911
-0.92034
37.7246
-0.92135
-0.9289
-0.91994
-0.91739
-0.91918
0
-0.92331
-0.9233
-0.92332
0
0
0
0
0
0
0
0
0
0
0
0
0
0
0
0
0
0
0
0
0
0
0
0
0
0
0
0
0
0
0
0
0
0
0
0
0
0
0
0
0
0
0
0
0
0
0
0
0
0
0
0
0
0
0
0
0
0
0
0
0
0
0
0
0
0
0
0
0
0
0
0
0
0
0
0
0
0
0
0
0
0
-0.9288
-0.9288
-0.92809
-0.92759
-0.92274
-0.92319
-0.9199
-0.9199
-0.9199
-0.93474
-0.92041
-0.92989
-0.93123
-0.92083
-0.92852
-0.91924
-0.91958
-0.92268
-0.92468
-0.91729
-0.91727
-0.92578
-0.91727
-0.92175
-0.91579
-0.91848
-0.91736
-0.92623
-0.92214
-0.92118
-0.92119
-0.92224
-0.92329
-0.92135
38.6152
-0.93178
-0.92204
-0.9187
-0.92034
0
0
0
0
0
0
0
0
0
0
0
0
0
0
0
0
0
0
0
0
0
0
0
0
0
0
0
0
0
0
0
0
0
-1.6578
0
0
0
0
0
0
0
0
0
0
0
0
0
0
0
0
0
0
0
-1.8853
0
0
0
0
0
0
0
0
0
0
0
0
0
0
0
0
0
0
0
0
0
0
0
0
0
0
0
0
0
0
0
0
-0.93439
-0.93439
-0.93389
-0.9331
-0.9282
-0.92882
-0.92535
-0.92535
-0.92536
-0.93975
-0.92615
-0.93509
-0.93671
-0.92643
-0.93379
-0.92479
-0.925
-0.92812
-0.92991
-0.92269
-0.92269
-0.93072
-0.92268
-0.92704
-0.92124
-0.92376
-0.92431
-0.93151
-0.92749
-0.92658
-0.92658
-0.92737
-0.92839
-0.9289
-0.93178
38.4994
-0.93076
-0.92578
-0.9275
0
0
0
0
0
0
0
0
0
0
0
0
0
0
0
0
0
0
0
0
0
0
0
0
0
0
0
0
0
0
0
0
0
0
0
0
0
0
0
0
0
0
0
0
0
0
0
0
0
0
0
0
0
0
0
0
0
0
-3.2171
0
0
0
0
0
0
0
0
0
0
0
0
0
0
0
0
0
0
0
0
0
0
0
0
0
0
0
-0.92847
-0.92846
-0.92798
-0.9272
-0.92233
-0.92292
-0.91949
-0.91948
-0.91949
-0.93379
-0.92028
-0.92918
-0.93079
-0.92056
-0.92789
-0.91893
-0.91914
-0.92225
-0.92402
-0.91686
-0.91686
-0.92481
-0.91685
-0.92119
-0.91541
-0.91794
-0.91855
-0.92566
-0.92167
-0.92082
-0.92082
-0.92208
-0.92287
-0.91994
-0.92204
-0.93076
37.301
-0.91711
0
0
0
0
0
0
0
0
0
0
0
0
0
0
0
0
0
0
0
0
0
0
0
0
0
0
0
0
0
0
0
0
0
0
0
0
0
0
0
0
0
0
0
0
0
0
0
0
0
0
0
0
0
0
0
0
0
0
0
0
0
0
0
0
0
0
0
0
0
0
0
0
0
0
0
-3.1662
0
0
0
0
0
0
0
0
0
0
0
-0.92701
-0.92701
-0.92652
-0.92574
-0.92093
-0.9215
-0.91808
-0.91808
-0.91809
-0.93267
-0.91887
-0.92798
-0.92956
-0.91913
-0.92668
-0.91753
-0.91774
-0.92081
-0.92281
-0.91545
-0.91544
-0.92389
-0.91544
-0.91993
-0.91412
-0.9167
-0.91706
-0.92446
-0.92034
-0.91927
-0.91927
-0.92009
-0.92133
-0.91739
-0.9187
-0.92578
-0.91711
35.9559
0
0
0
0
0
0
0
0
0
0
0
0
0
0
0
0
0
0
0
0
0
0
0
0
0
0
0
0
0
0
0
0
0
0
0
0
0
0
0
0
0
0
0
0
0
-1.8774
0
0
0
0
0
0
0
0
0
0
0
0
0
0
0
0
0
0
0
0
0
0
0
0
0
0
0
0
0
0
0
0
0
0
0
0
0
0
0
0
0
-0.92853
-0.92853
-0.92818
-0.92733
-0.9225
-0.92313
-0.91964
-0.91964
-0.91965
-0.93455
-0.9206
-0.92964
-0.93127
-0.92086
-0.92837
-0.91924
-0.91941
-0.92249
-0.92447
-0.91711
-0.91711
-0.92604
-0.9171
-0.92156
-0.9158
-0.91836
-0.91881
-0.92616
-0.92203
-0.92095
-0.92095
-0.9217
-0.92288
-0.91918
-0.92034
-0.9275
0
0
34.625
0
0
0
0
0
0
0
0
0
0
0
0
0
0
0
0
0
0
0
0
0
0
0
0
0
0
0
0
0
0
0
0
0
0
-1.4033
0
0
0
0
0
0
0
0
0
0
0
0
0
0
0
0
0
0
0
0
0
0
0
0
0
0
0
0
0
0
0
0
0
0
0
0
0
0
0
0
0
0
0
0
0
0
0
0
0
0
0
-0.93348
-0.9335
-0.93294
-0.93215
-0.92728
-0.92784
-0.9244
-0.92439
-0.9244
-0.93906
-0.92515
-0.93436
-0.9359
-0.92542
-0.93185
-0.92373
-0.92399
-0.92709
-0.92911
-0.92163
-0.92163
-0.93032
-0.92163
-0.92613
-0.92026
-0.92278
-0.92322
-0.93065
-0.92646
-0.92548
-0.92548
-0.92658
-0.92768
0
0
0
0
0
0
35.892
0
0
0
0
0
0
0
0
0
0
0
0
0
0
0
0
-0.92251
0
0
0
0
0
0
0
0
0
0
0
0
0
0
0
0
0
0
0
0
0
0
0
0
0
0
-1.8827
-2.4808
0
0
0
0
0
0
0
0
0
0
0
0
0
0
0
0
0
0
0
0
0
0
0
0
0
0
0
0
0
0
0
0
0
0
0
0
0
0
0
0
-0.92871
-0.92871
-0.9283
-0.92751
-0.92269
-0.92329
-0.91983
-0.91984
-0.91984
-0.9344
-0.92066
-0.92976
-0.93138
-0.92093
-0.92849
-0.91936
-0.91952
-0.92261
-0.92465
-0.91727
-0.91726
-0.92569
-0.91727
-0.92178
-0.916
-0.91863
-0.91907
-0.92645
-0.92242
-0.92135
-0.92136
-0.92353
-0.92457
-0.92331
0
0
0
0
0
0
31.3865
0
0
0
0
0
0
0
0
0
0
0
0
0
0
0
0
0
0
0
0
0
0
0
0
0
0
0
0
0
0
0
0
0
0
0
0
0
0
0
0
0
0
0
0
0
0
0
0
0
0
0
0
0
0
0
0
0
0
0
0
0
0
0
0
0
0
0
0
0
0
0
0
0
0
0
0
0
0
0
0
0
0
0
0
-0.92871
-0.92872
-0.92831
-0.9275
-0.92268
-0.92328
-0.91984
-0.91982
-0.91983
-0.9344
-0.92066
-0.92975
-0.93139
-0.92093
-0.9285
-0.91937
-0.91951
-0.92262
-0.92464
-0.91727
-0.91726
-0.9257
-0.91726
-0.92178
-0.916
-0.91861
-0.91906
-0.92644
-0.92242
-0.92135
-0.92136
-0.92353
-0.92457
-0.9233
0
0
0
0
0
0
0
31.3864
0
0
0
0
0
0
0
0
0
0
0
0
0
0
0
0
0
0
0
0
0
0
0
0
0
0
0
0
0
0
0
0
0
0
0
0
0
0
0
0
0
0
0
0
0
0
0
0
0
0
0
0
0
0
0
0
0
0
0
0
0
0
0
0
0
0
0
0
0
0
0
0
0
0
0
0
0
0
0
0
0
0
0
-0.9287
-0.92872
-0.9283
-0.9275
-0.92268
-0.92327
-0.91983
-0.91982
-0.91983
-0.93439
-0.92066
-0.92975
-0.93138
-0.92093
-0.9285
-0.91937
-0.91951
-0.92261
-0.92464
-0.91726
-0.91726
-0.92569
-0.91726
-0.92178
-0.91599
-0.91861
-0.91906
-0.92644
-0.92242
-0.92135
-0.92135
-0.92352
-0.92457
-0.92332
0
0
0
0
0
0
0
0
31.3863
0
0
0
0
0
0
0
0
0
0
0
0
0
0
0
0
0
0
0
0
0
0
0
0
0
0
0
0
0
0
0
0
0
0
0
0
0
0
0
0
0
0
0
0
0
0
0
0
0
0
0
0
0
0
0
0
0
0
0
0
0
0
0
0
0
0
0
0
0
0
0
0
0
0
0
0
0
0
0
0
0
0
-0.93749
-0.93749
-0.93714
-0.93633
-0.93149
-0.93213
-0.92865
-0.92864
-0.92865
-0.94344
-0.92962
-0.93877
-0.94036
-0.92991
-0.93743
-0.92826
-0.92846
-0.93158
-0.93363
-0.92618
-0.92618
-0.93473
-0.92617
-0.93073
-0.92445
-0.9275
-0.9279
-0.93526
-0.93123
-0.93022
-0.93022
-0.93135
-0.93251
0
0
0
0
0
0
0
0
0
0
32.3855
0
0
0
0
0
0
0
0
0
0
0
0
0
0
0
0
0
0
0
0
0
0
0
0
0
0
-1.6313
0
0
0
0
0
0
0
0
0
0
0
0
0
0
0
0
0
0
0
0
0
0
0
0
0
0
0
0
0
0
0
0
0
0
0
0
0
0
0
0
0
0
0
0
0
0
0
0
0
0
0
0
0
0
-0.92285
-0.92285
-0.92243
-0.92163
-0.91684
-0.91742
-0.91399
-0.91399
-0.91399
-0.9285
-0.91481
-0.92387
-0.92551
-0.91508
-0.92261
-0.91352
-0.91366
-0.91675
-0.91878
-0.91141
-0.91141
-0.91983
-0.91141
-0.91593
-0.91015
-0.91275
-0.91316
-0.92054
-0.91648
-0.91536
-0.91536
-0.91706
0
0
0
0
0
0
0
0
0
0
0
0
29.3499
0
0
0
0
0
0
0
0
0
0
0
0
0
0
0
0
0
0
0
0
0
0
0
0
0
0
0
0
0
0
0
0
0
0
0
0
0
0
0
0
0
0
0
0
0
0
0
0
0
0
0
0
0
0
0
0
0
0
0
0
0
0
0
0
0
0
0
0
0
0
0
0
0
0
0
0
0
0
0
0
-0.92469
-0.92469
-0.92419
-0.92339
-0.91854
-0.91915
-0.9157
-0.91571
-0.91571
-0.93031
-0.9165
-0.92566
-0.92727
-0.91676
-0.92184
-0.91515
-0.91534
-0.91842
-0.92051
-0.91306
-0.91305
-0.92158
-0.91306
-0.91763
-0.9118
-0.91441
-0.91484
-0.92224
-0.91815
-0.91709
-0.91709
0
0
0
0
0
0
0
0
0
0
0
0
0
0
30.4188
0
0
0
0
0
0
0
0
0
0
0
0
0
0
0
0
0
0
0
0
0
0
0
0
0
0
0
0
0
0
0
0
0
-1.9352
0
0
0
0
0
0
0
0
0
0
0
0
0
0
0
0
0
0
0
0
0
0
0
0
0
0
0
0
0
0
0
0
0
0
0
0
0
0
0
0
0
0
0
0
0
-0.93835
-0.93835
-0.93793
-0.93713
-0.93224
-0.93287
-0.92938
-0.92938
-0.92938
-0.94372
-0.93017
-0.9391
-0.94076
-0.93045
-0.93777
-0.92881
-0.92901
-0.93215
-0.93388
-0.92671
-0.9267
-0.93455
-0.9267
-0.93099
-0.92521
-0.92773
-0.92844
-0.93544
-0.93143
-0.93065
-0.93065
0
0
0
0
0
0
0
0
0
0
0
0
0
0
0
31.594
0
0
0
0
0
0
0
0
0
0
0
0
0
0
0
0
0
0
0
0
0
0
0
0
0
0
0
0
0
0
0
0
0
0
0
0
0
0
0
0
0
0
0
0
0
0
0
0
0
0
0
0
0
0
0
0
0
0
0
0
0
0
0
0
0
0
0
0
0
0
-2.688
0
0
0
0
0
0
0
-0.92478
-0.92478
-0.92439
-0.92362
-0.91882
-0.91943
-0.91599
-0.91599
-0.91599
-0.93041
-0.91676
-0.92576
-0.92732
-0.91705
-0.92364
-0.91542
-0.91564
-0.91871
-0.92064
-0.91335
-0.91335
-0.92184
-0.91335
-0.9178
-0.91207
-0.91461
-0.91504
-0.92231
-0.91832
-0.91735
-0.91735
0
0
0
0
0
0
0
0
0
0
0
0
0
0
0
0
30.4872
0
0
0
0
0
0
0
0
0
0
0
0
0
0
0
0
0
0
0
0
0
0
0
0
0
0
-1.9953
0
0
0
0
0
0
0
0
0
0
0
0
0
0
0
0
0
0
0
0
0
0
0
0
0
0
0
0
0
0
0
0
0
0
0
0
0
0
0
0
0
0
0
0
0
0
0
0
0
0
-0.91444
-0.91444
-0.91403
-0.91323
-0.90847
-0.90906
-0.90566
-0.90565
-0.90565
-0.92007
-0.90646
-0.91546
-0.91709
-0.90673
-0.91423
-0.90518
-0.90532
-0.90838
-0.9104
-0.90307
-0.90307
-0.91144
-0.90307
-0.90755
-0.90181
-0.90437
-0.90475
-0.91212
-0.90808
-0.90695
-0.90695
0
0
0
0
0
0
0
0
0
0
0
0
0
0
0
0
0
28.1732
0
0
0
0
0
0
0
0
0
0
0
0
0
0
0
0
0
0
0
0
0
0
0
0
0
0
0
0
0
0
0
0
0
0
0
0
0
0
0
0
0
0
0
0
0
0
0
0
0
0
0
0
0
0
0
0
0
0
0
0
0
0
0
0
0
0
0
0
0
0
0
0
0
0
0
0
-0.91445
-0.91444
-0.91404
-0.91324
-0.90847
-0.90906
-0.90566
-0.90565
-0.90566
-0.92007
-0.90646
-0.91547
-0.91709
-0.90673
-0.91422
-0.90518
-0.90532
-0.90837
-0.9104
-0.90308
-0.90308
-0.91143
-0.90307
-0.90755
-0.90181
-0.90438
-0.90474
-0.91213
-0.90808
-0.90695
-0.90695
0
0
0
0
0
0
0
0
0
0
0
0
0
0
0
0
0
0
28.1732
0
0
0
0
0
0
0
0
0
0
0
0
0
0
0
0
0
0
0
0
0
0
0
0
0
0
0
0
0
0
0
0
0
0
0
0
0
0
0
0
0
0
0
0
0
0
0
0
0
0
0
0
0
0
0
0
0
0
0
0
0
0
0
0
0
0
0
0
0
0
0
0
0
0
0
-0.92252
-0.92252
-0.92172
-0.92096
-0.91611
-0.91676
-0.91354
-0.91354
-0.91355
-0.92775
-0.91436
-0.92307
-0.9246
-0.91445
-0.92177
-0.91299
-0.91325
-0.91634
-0.91806
-0.91108
-0.91107
-0.91913
-0.91107
-0.91519
-0.90959
-0.91211
-0.91284
0
0
0
0
0
0
0
0
0
0
0
0
0
0
0
0
0
0
0
0
0
0
0
29.5218
0
0
0
0
0
0
0
0
0
0
0
0
0
0
0
0
0
0
0
0
-1.4065
0
0
0
0
0
0
0
0
0
-1.503
0
0
0
0
0
0
0
0
0
0
0
0
-1.8623
0
0
0
0
0
0
0
0
0
0
0
0
0
0
0
0
0
0
0
0
0
0
0
0
0
0
0
0
0
0
-0.93511
-0.9351
-0.93471
-0.93391
-0.92905
-0.92966
-0.92617
-0.92618
-0.92617
-0.9409
-0.92702
-0.93621
-0.93787
-0.92731
-0.93495
-0.92573
-0.92586
-0.92895
-0.93108
-0.9236
-0.92359
-0.93216
-0.92359
-0.92822
-0.92236
-0.92507
-0.92559
0
0
0
0
0
0
0
0
0
0
0
0
0
0
0
0
0
0
0
0
0
0
0
0
25.0961
0
0
0
0
0
0
0
0
0
0
0
0
0
0
0
0
0
0
0
0
0
0
0
0
0
0
0
0
0
0
0
0
0
0
0
0
0
0
0
0
0
0
0
0
0
0
0
0
0
0
0
0
0
0
0
0
0
0
0
0
0
0
0
0
0
0
0
0
0
0
0
0
0
-0.93076
-0.93075
-0.93049
-0.92962
-0.92478
-0.92543
-0.92191
-0.9219
-0.9219
-0.93705
-0.92298
-0.93204
-0.9337
-0.92323
-0.93082
-0.9216
-0.92175
-0.92484
-0.92689
-0.91951
-0.9195
-0.92875
-0.9195
-0.924
-0.91828
0
0
0
0
0
0
0
0
0
0
0
0
0
0
0
0
0
0
0
0
0
0
0
0
0
0
0
24.526
0
0
0
0
0
0
0
0
0
0
0
0
0
0
0
0
0
0
0
0
-1.384
0
0
0
0
0
0
0
0
0
0
0
0
0
0
0
0
0
0
0
0
0
0
0
0
0
0
0
0
0
0
0
0
0
0
0
0
0
0
0
0
0
0
0
0
0
0
0
0
0
0
0
-0.9155
-0.9155
-0.91512
-0.91431
-0.90955
-0.91015
-0.90671
-0.90672
-0.90673
-0.92119
-0.90755
-0.91659
-0.91823
-0.90783
-0.91535
-0.90627
-0.9064
-0.90943
-0.91152
-0.90415
-0.90416
-0.91258
-0.90416
-0.90868
-0.90292
-0.9057
0
0
0
0
0
0
0
0
0
0
0
0
0
0
0
0
0
0
0
0
0
0
0
0
0
0
0
23.663
0
0
0
0
0
0
0
0
0
0
0
0
0
0
0
0
0
0
0
0
0
0
0
0
0
0
0
0
0
0
0
0
0
0
0
0
0
0
0
0
0
0
0
0
0
0
0
0
0
0
0
0
0
0
0
0
0
0
0
0
0
0
0
0
0
0
0
0
0
0
0
-0.9155
-0.91549
-0.91513
-0.91431
-0.90955
-0.91015
-0.90672
-0.90672
-0.90672
-0.92118
-0.90755
-0.91658
-0.91823
-0.90783
-0.91536
-0.90627
-0.90639
-0.90942
-0.91152
-0.90415
-0.90416
-0.91257
-0.90416
-0.90868
-0.90293
-0.90569
0
0
0
0
0
0
0
0
0
0
0
0
0
0
0
0
0
0
0
0
0
0
0
0
0
0
0
0
23.663
0
0
0
0
0
0
0
0
0
0
0
0
0
0
0
0
0
0
0
0
0
0
0
0
0
0
0
0
0
0
0
0
0
0
0
0
0
0
0
0
0
0
0
0
0
0
0
0
0
0
0
0
0
0
0
0
0
0
0
0
0
0
0
0
0
0
0
0
0
0
-0.94152
-0.94151
-0.94123
-0.94041
-0.9355
-0.93618
-0.93265
-0.93266
-0.93266
-0.94728
-0.93346
-0.94236
-0.94406
-0.93374
-0.94111
-0.93212
-0.93228
-0.93539
-0.93714
-0.93
-0.92998
-0.93869
-0.93
-0.93422
-0.92866
0
0
0
0
0
0
0
0
0
0
0
0
0
0
0
0
0
0
0
0
0
0
0
0
0
0
0
0
0
0
25.851
0
0
0
0
0
0
0
0
0
0
0
0
0
0
0
0
0
0
0
0
0
0
0
0
0
0
0
0
0
0
0
0
0
0
0
0
0
0
0
0
0
0
0
0
0
0
0
0
0
0
0
0
0
0
0
0
0
0
0
0
0
0
0
-2.4461
0
0
0
0
0
-0.92043
-0.92043
-0.91999
-0.91924
-0.91444
-0.91506
-0.91162
-0.91162
-0.91162
-0.92496
-0.91237
-0.92134
-0.92298
-0.91274
-0.92006
-0.91113
-0.91129
-0.91433
-0.91627
-0.90908
-0.90907
0
-0.90907
0
0
0
0
0
0
0
0
0
0
0
0
0
0
0
0
-0.92251
0
0
0
0
0
0
0
0
0
0
0
0
0
0
0
0
22.348
0
0
0
0
0
0
0
0
0
0
0
0
-1.2863
0
0
0
0
0
0
0
0
0
0
0
0
0
0
0
0
0
0
0
0
0
0
0
0
0
0
0
0
0
0
0
0
0
0
0
0
0
0
0
0
0
0
0
0
0
0
0
0
0
0
0
0
0
0
0
-0.92565
-0.92565
-0.92532
-0.92451
-0.91969
-0.9203
-0.91682
-0.91683
-0.91682
-0.93147
-0.91767
-0.92685
-0.92852
-0.91794
-0.92563
-0.91638
-0.91648
-0.91956
-0.92183
-0.91439
-0.91439
0
-0.91438
0
0
0
0
0
0
0
0
0
0
0
0
0
0
0
0
0
0
0
0
0
0
0
0
0
0
0
0
0
0
0
0
0
0
20.2571
0
0
0
0
0
0
0
0
0
0
0
0
0
0
0
0
0
0
0
0
0
0
0
0
0
0
0
0
0
0
0
0
0
0
0
0
0
0
0
0
0
0
0
0
0
0
0
0
0
0
0
0
0
0
0
0
0
0
0
0
0
0
0
0
0
0
0
-0.93692
-0.93692
-0.93609
-0.93526
-0.93034
-0.93132
-0.92784
-0.92784
-0.92784
-0.94223
-0.92866
-0.93725
-0.93894
-0.92893
-0.9361
-0.92729
-0.92749
-0.93058
0
0
0
0
0
0
0
0
0
0
0
0
0
0
0
0
0
0
0
0
0
0
0
0
0
0
0
0
0
0
0
0
0
0
0
0
0
0
0
0
20.6567
0
0
0
0
0
0
0
0
0
0
0
0
-1.3964
0
0
0
0
0
0
0
0
0
0
0
0
0
0
0
0
0
0
0
0
0
0
0
0
0
0
0
0
0
0
0
0
0
0
0
0
-2.4724
0
0
0
0
0
0
0
0
0
0
0
0
0
0
0
0
-0.95074
-0.95074
-0.95058
-0.94975
-0.94481
-0.94543
-0.94193
-0.94193
-0.94193
-0.95677
-0.94279
-0.95188
-0.95363
-0.94303
0
-0.94148
-0.94159
0
0
0
0
0
0
0
0
0
0
0
0
0
0
0
0
0
0
0
0
0
0
0
0
0
0
0
0
0
0
0
0
0
0
0
0
0
0
0
0
0
0
17.478
0
0
0
0
0
0
0
0
0
0
0
0
0
0
0
0
0
0
0
0
0
0
0
0
0
0
0
0
0
0
0
0
0
0
0
0
0
0
0
0
0
0
0
0
0
0
0
0
0
0
0
0
0
0
0
0
0
0
0
0
-2.329
0
0
0
0
-0.93761
-0.9376
-0.93753
-0.93675
-0.93188
-0.93246
-0.92905
-0.92904
-0.92905
-0.94347
-0.92989
-0.93877
0
-0.93013
0
0
-0.92878
0
0
0
0
0
0
0
0
0
0
0
0
0
0
0
0
0
0
0
0
0
0
0
0
0
0
0
0
0
0
0
0
0
0
0
0
0
0
0
0
0
0
0
16.1586
0
0
0
0
0
0
0
0
0
0
0
0
0
0
0
0
0
0
0
0
0
-1.0763
0
0
0
0
0
0
0
0
0
0
0
0
0
0
0
0
-2.0103
0
0
0
0
0
0
0
0
0
0
0
0
0
0
0
0
0
0
0
0
0
0
0
0
0
-0.98782
-0.98782
-0.98798
-0.98729
-0.98246
-0.98317
-0.97953
-0.97953
-0.97953
0
0
0
0
0
0
0
0
0
0
0
0
0
0
0
0
0
0
0
0
0
0
0
0
0
0
0
0
0
0
0
0
0
0
0
0
0
0
0
0
0
0
0
0
0
0
0
0
0
0
0
0
14.0747
0
0
0
0
0
0
0
0
0
0
0
-1.3501
0
0
0
0
0
0
0
0
0
0
0
0
0
0
0
0
-1.3362
0
0
0
0
0
0
0
0
0
0
0
0
0
0
0
0
-2.5333
0
0
0
0
0
0
0
0
0
0
0
0
0
0
0
0
0
-0.97398
-0.97398
-0.9746
-0.97382
-0.96883
-0.96956
-0.96603
-0.96603
-0.96603
0
0
0
0
0
0
0
0
0
0
0
0
0
0
0
0
0
0
0
0
0
0
0
0
0
0
0
0
0
0
0
0
0
0
0
0
0
0
0
0
0
0
0
0
0
0
0
0
0
0
0
0
0
12.1423
0
0
0
0
0
0
0
-1.4973
0
0
0
0
0
0
0
0
0
0
0
0
0
0
0
0
0
0
0
0
0
0
0
0
0
0
0
0
0
0
0
0
0
0
0
0
0
0
0
0
0
0
0
0
0
0
0
0
0
0
0
-1.9121
0
0
-1.0198
-1.0198
-1.0206
-1.0196
-1.0146
-1.0153
-1.0114
-1.0115
-1.0114
0
0
0
0
0
0
0
0
0
0
0
0
0
0
0
0
0
0
0
0
0
0
0
0
0
0
0
0
0
0
0
0
0
0
0
0
0
0
0
0
0
0
0
0
0
0
0
0
0
0
0
0
0
0
9.1441
0
0
0
0
0
0
0
0
0
0
0
0
0
0
0
0
0
0
0
0
0
0
0
0
0
0
0
0
0
0
0
0
0
0
0
0
0
0
0
0
0
0
0
0
0
0
0
0
0
0
0
0
0
0
0
0
0
0
0
0
0
-1.1969
-1.1969
-1.1934
0
0
0
0
0
0
0
-1.1842
0
0
0
0
0
0
0
0
0
0
0
0
0
0
0
0
0
0
0
0
0
0
0
0
0
0
0
0
0
0
0
0
0
0
0
0
0
0
0
0
0
0
0
0
0
0
0
0
0
0
0
0
0
9.1471
0
0
0
-1.3559
0
0
0
-1.5129
0
0
0
0
0
0
0
-1.5071
0
0
0
0
0
0
0
0
0
0
0
0
0
0
0
0
0
0
0
0
0
0
0
0
0
0
0
0
0
0
0
0
0
0
0
0
0
0
0
0
0
0
0
0
-1.1299
-1.1298
-1.1276
-1.1267
-1.1213
0
0
0
0
0
0
0
0
0
0
0
0
0
0
0
0
0
0
0
0
0
0
0
0
0
0
0
0
0
0
0
0
0
0
0
0
0
0
0
0
0
0
0
0
0
0
0
0
0
0
0
0
0
0
0
0
0
0
0
0
7.1866
0
0
0
0
0
-1.3529
0
0
0
0
0
0
0
0
0
0
0
0
0
0
0
0
0
0
0
0
0
0
0
0
0
0
0
0
0
0
0
0
0
0
0
0
0
0
0
0
0
0
0
-0.1983
0
0
0
0
0
0
0
0
0
0
0
0
0
0
0
0
0
0
0
0
0
-1.3999
0
0
0
0
0
0
0
0
0
0
0
0
0
0
0
0
0
0
0
0
0
0
0
0
0
0
0
0
0
0
0
0
0
0
0
0
0
0
0
0
0
0
0
0
0
0
0
0
0
0
0
0
0
8.5787
-1.4252
0
0
0
0
0
0
0
0
-1.4528
-1.1782
0
0
0
0
0
0
0
0
-1.6773
0
0
0
-1.4452
0
0
0
0
0
0
0
0
0
0
0
0
0
0
0
0
0
0
0
0
0
0
0
0
0
0
0
0
0
0
0
0
0
0
-1.2795
-1.2796
-1.2839
-1.2831
0
0
0
0
0
0
0
0
0
0
0
0
0
0
0
0
0
0
0
0
0
0
0
0
0
0
0
0
0
0
0
0
0
0
0
0
0
0
0
0
0
0
0
0
0
0
0
0
0
0
0
0
0
0
0
0
0
0
0
0
0
0
-1.4252
6.5513
0
0
0
0
0
0
0
0
0
0
0
0
0
0
0
0
0
0
0
0
0
0
0
0
0
0
0
0
0
0
0
0
0
0
0
0
0
0
0
0
0
0
0
0
0
0
0
0
0
0
0
0
0
0
0
0
0
0
0
0
0
0
-1.3591
0
0
0
0
0
0
0
-1.355
0
0
0
0
0
0
0
0
0
0
0
0
0
-1.3649
0
0
0
0
0
0
0
0
0
0
0
0
0
0
0
0
0
0
0
0
0
0
0
0
0
0
0
0
0
0
0
0
0
0
0
0
-1.3559
0
0
0
7.0862
0
0
0
0
0
0
-1.6514
0
0
0
0
0
0
0
0
0
0
0
0
0
0
0
0
0
0
0
0
0
0
0
0
0
0
0
0
0
0
0
0
0
0
0
0
0
0
0
0
0
0
0
0
0
0
0
0
0
0
0
0
0
0
0
0
0
0
-1.3438
0
0
0
0
0
0
0
0
0
0
0
0
0
0
0
0
0
0
0
0
0
0
0
0
0
0
0
0
0
0
0
0
0
0
0
0
0
0
0
0
0
0
0
0
0
0
-1.2863
0
0
0
0
0
0
0
0
0
0
0
0
6.2997
0
0
0
0
0
0
0
0
-2.0378
0
-1.6318
0
0
0
0
0
0
0
0
0
0
0
0
0
0
0
0
0
0
0
0
0
0
0
0
0
0
0
0
0
0
0
0
0
0
0
0
0
0
0
0
0
0
0
0
0
0
0
0
0
0
0
0
0
0
0
0
0
0
0
0
0
0
0
0
0
0
0
0
0
0
0
0
0
0
0
0
0
0
0
0
0
0
0
0
0
0
0
-1.6313
0
0
0
0
0
0
0
0
0
0
0
0
0
0
0
0
0
0
-1.4973
0
0
0
0
0
0
0
7.2036
0
0
0
0
0
0
0
0
0
0
0
0
0
0
0
0
0
0
-1.855
0
0
0
0
0
0
0
0
0
0
-2.22
0
0
0
0
0
0
0
0
0
0
0
0
0
0
0
0
0
0
0
0
0
0
0
0
0
0
0
0
0
0
0
0
0
0
0
0
0
0
0
0
0
0
0
0
0
0
0
0
0
0
0
0
0
0
0
0
0
0
0
0
0
0
0
0
0
0
0
0
0
0
0
0
0
0
-1.4065
0
0
0
0
0
0
0
-1.3964
0
0
0
0
0
0
-1.3529
0
0
0
0
0
5.1541
0
0
0
0
0
0
0
0
0
0
0
0
0
0
0
0
0
0
0
0
0
0
0
0
0
0
0
0
0
0
0
0
0
-0.99824
0
0
0
0
0
0
0
0
0
0
0
0
0
0
0
0
0
0
0
0
0
0
0
0
0
0
0
0
0
0
0
0
0
0
0
0
0
0
0
0
0
0
0
0
0
-1.6682
0
0
0
0
0
0
0
-1.6578
0
0
0
0
0
0
0
0
0
0
0
0
0
0
0
0
0
0
0
0
0
0
0
0
0
0
0
0
0
-1.5129
0
0
0
0
0
0
0
6.9791
0
0
0
-2.1402
0
0
0
0
0
0
0
0
0
0
0
0
0
0
0
0
0
0
0
0
0
0
0
0
0
0
0
0
0
0
0
0
0
0
0
0
0
0
0
0
0
0
0
0
0
0
0
0
0
0
0
0
0
0
0
0
0
0
0
0
0
0
0
0
0
0
0
0
0
0
0
0
0
0
0
0
0
0
0
0
0
0
0
0
0
0
-1.4033
0
0
0
0
0
0
0
0
0
0
0
0
0
-1.384
0
0
0
0
0
0
0
0
-1.3501
0
0
0
0
0
0
0
0
0
0
0
6.0462
0
0
0
0
-1.9088
0
0
0
0
0
0
0
0
0
0
0
0
0
0
0
0
0
0
0
0
0
0
0
0
0
0
0
0
0
0
0
0
0
0
0
0
0
0
0
0
0
0
0
0
0
0
0
0
0
0
0
0
0
0
0
0
0
0
0
0
0
0
0
0
0
0
0
0
0
0
0
0
0
0
0
0
0
0
0
0
0
0
0
0
0
0
0
0
0
0
0
0
0
-1.9953
0
0
0
0
0
0
0
0
0
0
0
0
0
0
0
0
0
0
0
0
0
0
0
0
0
0
7.2638
0
0
0
0
0
0
0
0
0
0
0
0
-2.6326
-2.6358
0
0
0
0
0
0
0
0
0
0
0
0
0
0
0
0
0
0
0
0
0
0
0
0
0
0
0
0
0
0
0
0
0
0
0
0
0
0
0
0
0
0
0
0
0
0
0
0
0
0
0
0
0
0
0
0
0
0
0
0
0
0
0
0
0
0
0
0
0
0
0
0
0
0
0
0
0
0
0
0
0
0
0
0
0
0
0
0
0
0
0
0
0
0
0
0
0
0
0
0
0
0
0
0
-1.6514
0
0
0
0
0
0
5.5344
0
0
0
0
0
-1.6559
0
0
0
0
0
0
0
-2.227
0
0
0
0
0
0
0
0
0
0
0
0
0
0
0
0
0
0
0
0
0
0
0
0
0
0
0
0
0
0
0
0
0
0
0
0
0
0
0
0
0
0
0
0
0
0
0
0
0
0
0
0
0
0
0
0
0
0
0
0
0
0
0
0
0
0
0
0
0
0
0
0
0
0
0
0
0
0
0
0
0
0
0
0
0
0
0
0
0
0
0
0
0
0
0
0
0
0
0
0
0
-1.4528
0
0
0
0
0
-2.1402
0
0
0
5.9232
0
0
0
0
0
0
0
0
0
-2.3302
0
0
0
0
0
0
0
0
0
0
0
0
0
0
0
0
0
0
0
0
0
0
0
0
0
0
0
0
0
0
0
0
0
0
0
0
0
0
0
0
0
0
0
0
0
0
0
0
0
0
0
0
0
-0.92036
0
0
0
0
0
0
0
0
0
0
0
0
0
0
0
0
0
0
0
0
0
0
0
0
0
0
0
0
0
0
0
0
0
0
0
0
0
0
0
0
0
0
0
0
0
0
0
0
0
0
-1.1782
0
0
0
0
0
0
0
0
0
0
2.9334
0
0
0
0
0
0
0
0
0
0
0
0
0
0
0
0
0
0
0
0
0
0
0
0
0
0
0
0
0
0
0
0
0
0
0
0
0
0
0
0
0
0
0
0
0
0
-0.83487
0
0
0
0
0
0
0
0
0
0
0
0
0
0
0
0
0
0
0
0
0
0
0
0
0
0
0
0
0
0
0
0
0
0
0
0
0
0
0
0
0
0
0
0
0
0
0
0
0
0
0
0
0
0
0
0
0
0
0
0
0
0
0
0
0
0
0
0
0
-2.0378
0
0
0
-1.9088
0
0
0
0
5.6275
0
0
0
0
0
0
-1.6809
0
0
0
0
0
0
0
0
0
0
0
0
0
0
0
0
0
0
0
0
0
0
0
0
0
0
0
0
0
0
0
0
0
0
0
0
0
0
0
0
0
0
0
0
0
0
0
0
0
0
0
0
0
-2.0162
0
0
0
0
0
0
0
0
0
0
0
0
0
0
0
0
0
0
0
0
0
0
0
0
0
0
0
0
0
0
-1.9352
0
0
0
0
0
0
0
0
0
0
0
0
0
0
0
0
0
0
0
0
0
0
0
0
0
0
0
0
0
0
0
0
0
6.1238
0
0
0
0
0
0
0
-2.1723
0
0
0
0
0
0
0
0
0
0
0
0
0
0
0
0
0
0
0
0
0
0
0
0
0
0
0
0
0
0
0
0
0
0
0
0
0
0
0
0
0
0
0
0
0
0
0
0
0
0
0
0
0
0
0
0
0
0
0
0
0
0
0
0
0
0
0
0
0
0
0
0
0
0
0
0
0
0
0
0
0
0
0
0
0
0
0
0
0
0
0
0
0
0
0
0
0
0
0
0
0
-1.5071
0
0
0
0
-1.6318
0
0
0
0
0
0
0
0
0
0
5.4385
0
0
0
0
0
0
0
0
0
0
0
0
0
0
0
0
0
0
0
0
0
0
0
0
0
0
0
0
0
0
0
0
0
0
0
0
0
-2.2997
0
0
0
0
0
0
0
0
0
0
0
0
0
0
0
0
0
0
0
0
0
0
0
0
0
0
0
0
0
0
0
0
0
0
0
0
0
0
0
0
0
0
0
0
0
0
0
0
0
0
0
0
0
0
0
0
-1.503
0
0
0
0
0
0
0
0
0
0
0
0
0
0
0
0
0
0
0
0
0
0
0
0
-1.6559
0
0
0
0
0
5.1858
0
0
0
0
0
0
0
0
0
0
0
-2.0269
0
0
0
0
0
0
0
0
0
0
0
0
0
0
0
0
0
0
0
0
0
0
0
0
0
0
0
0
0
0
0
0
0
0
0
0
0
0
0
0
0
0
0
0
0
0
0
0
0
0
0
0
0
0
0
0
0
0
0
-1.0786
0
0
0
0
0
0
0
0
0
0
0
0
0
0
0
0
0
0
0
0
0
0
0
0
0
0
0
0
0
0
0
-1.0763
0
0
0
0
0
0
0
0
0
0
0
0
0
0
0
0
0
0
0
0
0
3.6068
0
0
0
0
0
0
0
0
0
0
0
0
0
0
0
0
0
0
0
0
0
-1.4519
0
0
0
0
0
0
0
0
0
0
0
0
0
0
0
0
0
0
0
0
0
0
0
0
0
0
0
0
0
0
0
0
0
0
0
0
0
0
0
0
0
0
0
0
0
0
0
0
0
0
0
0
0
0
0
0
0
-1.8774
0
-1.8827
0
0
0
0
0
0
0
0
0
0
0
0
0
0
0
0
0
0
0
0
0
0
0
0
0
0
0
0
0
0
0
0
0
0
0
0
0
0
0
0
0
0
0
6.2646
0
0
0
0
0
0
0
0
0
0
0
0
0
0
0
0
0
0
0
0
0
0
0
0
0
0
-2.5045
0
0
0
0
0
0
0
0
0
0
0
0
0
0
0
0
0
0
0
0
0
0
0
0
0
0
0
0
0
0
0
0
0
0
0
0
0
0
0
0
0
0
0
0
0
0
0
0
0
0
0
0
0
-2.4808
0
0
0
0
0
0
0
0
0
0
0
0
0
0
0
0
0
0
0
0
0
0
0
0
0
0
0
0
0
0
0
0
0
0
0
0
0
0
0
0
0
0
0
0
4.8397
0
0
0
-2.3589
0
0
0
0
0
0
0
0
0
0
0
0
0
0
0
0
0
0
0
0
0
0
0
0
0
0
0
0
0
0
0
0
0
0
0
0
0
0
0
0
0
0
0
0
0
0
0
0
0
0
0
0
0
0
0
0
0
-3.5426
0
0
0
0
0
0
0
0
0
0
0
0
0
0
0
0
0
0
0
0
0
0
0
0
0
0
0
0
0
0
0
0
0
0
0
0
0
0
0
0
0
0
0
0
0
0
0
0
0
0
0
0
0
0
0
0
-1.6809
0
0
0
0
0
0
5.2235
0
0
0
0
0
0
0
0
0
0
0
0
0
0
0
0
0
0
0
0
0
0
0
0
0
0
0
0
0
0
0
0
0
0
0
0
0
0
0
0
0
0
0
0
0
0
0
0
0
0
0
0
0
0
0
0
0
0
0
0
0
0
0
0
0
0
0
0
0
0
0
0
0
0
0
0
0
0
0
0
0
0
0
0
0
0
0
0
0
0
0
0
0
0
0
0
0
0
0
0
0
0
0
0
0
-1.6773
0
0
0
0
0
0
0
0
0
-2.3302
0
0
0
0
0
0
0
0
0
4.0075
0
0
0
0
0
0
0
0
0
0
0
0
0
0
0
0
0
0
0
0
0
0
0
0
0
0
0
0
0
0
0
0
0
0
0
0
0
0
0
0
0
0
0
0
0
0
0
0
0
0
0
0
0
0
0
0
0
0
0
0
0
0
0
0
0
0
0
0
0
0
0
0
0
0
0
0
0
0
0
0
0
0
0
0
0
0
0
0
0
0
0
0
0
0
0
0
0
0
0
0
0
0
0
0
0
0
0
0
0
0
0
0
-2.6326
0
0
0
0
-2.1723
0
0
0
0
0
0
0
4.8049
0
0
0
0
0
0
0
0
0
0
0
0
0
0
0
0
0
0
0
0
0
0
0
0
0
0
0
0
0
0
0
0
0
0
0
0
0
0
0
0
0
0
0
0
0
0
0
0
0
0
0
0
0
0
0
0
0
0
0
0
0
0
0
0
0
0
0
0
0
0
0
0
0
0
0
0
0
0
0
0
0
0
0
0
0
0
0
0
0
0
0
0
0
0
0
0
0
0
0
0
0
0
0
0
0
0
0
0
0
0
0
-2.6358
0
0
0
0
0
0
0
0
0
-2.3589
0
0
0
4.9948
0
0
0
0
0
0
0
0
0
0
0
0
0
0
0
0
0
0
0
0
0
0
0
0
0
0
0
0
0
0
0
0
0
0
0
0
0
0
0
0
0
0
0
0
0
0
0
0
0
0
0
0
0
0
0
0
0
0
0
0
0
0
0
0
0
0
0
0
0
0
0
0
0
0
0
0
0
0
0
0
0
0
0
0
0
0
0
0
0
0
0
0
0
0
0
0
0
0
0
0
0
0
0
0
0
0
-1.855
0
0
0
0
-2.227
0
0
0
0
0
0
0
0
0
0
0
0
0
4.0821
0
0
0
0
0
0
0
0
0
0
0
0
0
0
0
0
0
0
0
0
0
0
0
0
0
0
0
0
0
0
0
0
0
0
0
0
0
0
0
0
0
0
0
0
0
0
0
0
0
0
0
0
0
0
0
0
0
0
0
0
0
0
0
0
0
0
0
0
0
0
0
0
0
0
0
0
0
0
0
0
0
0
0
0
0
0
0
0
0
0
0
0
0
0
0
0
-1.3362
0
0
0
0
-1.4452
0
0
0
0
0
0
0
0
0
0
0
0
0
0
0
0
0
0
0
0
0
0
0
2.7814
0
0
0
0
0
0
0
0
0
0
0
0
0
0
0
0
0
0
0
0
0
0
0
0
0
0
0
0
0
0
0
0
0
0
0
0
0
0
0
0
0
0
0
0
0
0
0
0
0
0
0
0
0
0
0
0
0
0
0
0
0
0
0
0
0
0
0
0
0
0
0
0
0
0
0
0
0
0
0
0
0
0
0
0
0
0
0
0
0
0
0
0
0
0
0
0
0
0
0
0
0
0
0
0
0
0
0
0
0
0
0
0
0
0
0
0
0
0
0
0
0
0
0
0
0
3.919
-1.9583
0
-1.9607
0
0
0
0
0
0
0
0
0
0
0
0
0
0
0
0
0
0
0
0
0
0
0
0
0
0
0
0
0
0
0
0
0
0
0
0
0
0
0
0
0
0
0
0
0
0
0
0
0
0
0
0
0
0
0
0
0
0
0
0
0
0
0
0
-1.8853
0
0
0
0
0
0
0
0
0
0
0
0
0
0
0
0
0
0
0
0
0
0
0
0
0
0
0
0
0
0
0
0
0
0
0
0
0
0
0
0
0
0
0
0
0
0
0
0
0
0
0
0
0
0
0
0
-1.9583
3.8436
0
0
0
0
0
0
0
0
0
0
0
0
0
0
0
0
0
0
0
0
0
0
0
0
0
0
0
0
0
0
0
0
0
0
0
0
0
0
0
0
0
0
0
0
0
0
0
0
0
0
0
0
0
0
0
0
-1.8536
0
0
0
0
0
0
0
0
0
0
0
0
0
0
0
0
0
0
0
0
0
0
0
0
0
0
0
0
0
0
0
0
0
0
0
0
0
0
0
0
0
0
0
0
0
0
0
0
0
0
0
0
0
0
0
0
-2.0269
0
0
0
0
0
0
0
0
0
0
0
3.8805
0
0
0
0
0
0
0
0
0
0
0
0
0
0
0
0
0
0
0
0
0
0
0
0
0
0
0
0
0
0
0
0
0
0
0
0
0
0
0
0
0
0
0
0
0
0
0
0
0
0
0
0
0
0
0
0
0
0
0
0
0
0
0
0
0
0
0
0
0
0
0
0
0
0
0
0
0
0
0
0
0
-1.8623
0
0
0
0
0
0
0
0
0
0
0
0
0
0
0
0
0
0
0
0
0
0
0
0
0
0
0
0
0
0
0
0
0
0
0
0
0
0
0
0
-1.9607
0
0
3.8231
0
0
0
0
0
0
0
0
0
0
0
0
0
0
0
0
0
0
0
0
0
0
0
0
0
0
0
0
0
0
0
0
0
0
0
0
0
0
0
0
0
0
0
0
-4.2299
0
0
0
0
0
0
0
0
0
0
0
0
0
0
0
0
0
0
0
0
0
0
0
0
0
0
0
0
0
0
0
0
0
0
0
0
0
0
0
0
0
0
0
0
0
0
0
0
0
0
0
0
0
0
0
0
0
0
0
0
0
0
0
0
0
0
0
0
0
0
0
0
0
0
0
0
0
0
0
0
4.2299
0
0
0
0
0
0
0
0
0
0
0
0
0
0
0
0
0
0
0
0
0
0
0
0
0
0
0
0
0
0
0
0
0
0
0
0
0
0
0
0
0
0
0
0
0
0
0
0
0
0
0
0
0
0
0
0
-4.4281
0
0
0
0
0
0
0
0
0
0
0
0
0
0
0
0
0
0
0
0
0
0
0
0
0
0
0
0
0
0
0
0
0
0
0
0
0
0
0
0
0
0
0
0
0
0
0
0
0
0
0
0
0
0
0
0
0
0
0
0
0
0
0
0
0
0
0
0
4.4281
0
0
0
0
0
0
0
0
0
0
0
0
0
0
0
0
0
0
0
0
0
0
0
0
0
0
0
0
0
0
0
0
0
0
0
0
0
0
0
0
0
0
0
0
0
0
0
0
0
0
0
0
0
0
0
0
0
0
0
0
0
0
0
-3.2171
0
0
0
0
0
0
0
0
0
0
0
0
0
0
0
0
0
0
0
0
0
0
0
0
0
0
0
0
0
0
0
0
0
0
0
0
0
0
0
0
0
0
0
0
0
0
0
0
0
0
0
0
0
0
0
0
0
0
0
0
0
3.2171
0
0
0
0
0
0
0
0
0
0
0
0
0
0
0
0
0
0
0
0
0
0
0
0
0
0
0
0
0
0
0
0
0
0
0
0
-4.7306
0
0
0
0
0
0
0
0
0
0
0
0
0
0
0
0
0
0
0
0
0
0
0
0
0
0
0
0
0
0
0
0
0
0
0
0
0
0
0
0
0
0
0
0
0
0
0
0
0
0
0
0
0
0
0
0
0
0
0
0
0
0
0
0
0
0
0
0
0
0
0
0
0
0
0
0
0
0
0
0
0
0
0
0
0
0
0
0
4.7306
0
0
0
0
0
0
0
0
0
0
0
0
0
0
0
0
0
0
0
0
0
0
0
0
0
0
0
0
0
0
0
0
0
0
0
0
0
0
0
0
0
0
0
0
0
0
0
0
0
0
0
0
0
0
0
0
0
0
0
0
0
0
0
0
0
0
0
0
0
0
0
0
0
0
0
0
0
0
0
0
0
0
0
0
0
0
-2.0103
0
0
0
0
0
0
0
0
0
0
0
0
0
0
0
0
0
0
0
0
0
0
0
0
0
0
0
0
0
0
0
0
0
0
0
0
0
0
2.0103
0
0
0
0
0
0
0
0
0
0
0
0
0
0
0
0
0
0
0
0
0
0
0
0
0
0
0
0
0
0
0
0
0
0
0
0
0
0
0
0
0
0
0
0
0
0
0
0
0
0
0
0
0
0
0
0
0
0
0
0
0
0
0
0
0
0
0
0
0
0
0
0
0
0
0
0
0
0
0
0
0
0
0
0
0
0
0
0
0
0
0
0
0
0
0
-2.22
0
0
0
0
0
0
0
0
0
0
0
0
0
0
0
0
0
0
0
0
0
0
0
0
0
0
0
0
0
2.22
0
0
0
0
0
0
0
0
0
0
0
0
0
0
0
0
0
0
0
0
0
0
0
0
0
0
0
0
0
0
0
0
0
0
0
0
-4.4866
0
0
0
0
0
0
0
0
0
0
0
0
0
0
0
0
0
0
0
0
0
0
0
0
0
0
0
0
0
0
0
0
0
0
0
0
0
0
0
0
0
0
0
0
0
0
0
0
0
0
0
0
0
0
0
0
0
0
0
0
0
0
0
0
0
0
0
0
0
0
0
0
0
0
0
0
0
0
0
0
0
0
0
0
0
0
0
0
4.4866
0
0
0
0
0
0
0
0
0
0
0
0
0
0
0
0
0
0
0
0
0
0
0
0
-5.0367
0
0
0
0
0
0
0
0
0
0
0
0
0
0
0
0
0
0
0
0
0
0
0
0
0
0
0
0
0
0
0
0
0
0
0
0
0
0
0
0
0
0
0
0
0
0
0
0
0
0
0
0
0
0
0
0
0
0
0
0
0
0
0
0
0
0
0
0
0
0
0
0
0
0
0
0
0
0
0
0
0
0
0
0
0
0
0
0
0
0
0
0
0
0
0
0
0
0
0
0
5.0367
0
0
0
0
0
0
0
0
0
0
0
0
0
0
0
0
0
0
0
0
0
0
0
0
0
0
0
0
0
0
0
0
0
0
0
0
0
0
0
0
0
0
0
0
0
0
0
0
0
0
-3.456
0
0
0
0
0
0
0
0
0
0
0
0
0
0
0
0
0
0
0
0
0
0
0
0
0
0
0
0
0
0
0
0
0
0
0
0
0
0
0
0
0
0
0
0
0
0
0
0
0
0
0
0
0
0
0
0
0
0
0
0
0
0
0
0
0
0
0
0
0
0
0
0
0
0
3.456
0
0
0
0
0
0
0
0
0
0
0
0
0
0
0
0
0
0
0
0
0
0
0
0
0
0
0
0
0
0
0
0
0
0
0
0
0
0
0
0
0
0
0
0
0
0
0
0
0
0
0
0
0
0
0
0
0
0
0
0
0
0
0
0
0
0
0
0
0
0
0
0
0
0
0
0
0
0
0
0
0
0
0
0
0
0
0
0
0
0
0
0
0
0
0
0
0
0
0
0
0
0
0
-1.4519
0
0
0
0
0
0
0
0
0
0
0
0
0
0
0
0
0
0
0
0
0
1.4519
0
0
0
0
0
0
0
0
0
0
0
0
0
0
0
0
0
0
0
0
0
0
0
0
0
0
0
0
0
0
0
0
0
0
0
0
0
0
0
0
0
0
0
0
0
0
0
0
0
0
0
0
0
0
0
0
0
0
0
0
0
0
0
0
0
0
0
0
0
0
0
0
0
0
0
0
0
0
0
0
0
0
0
0
0
0
0
0
0
0
0
-0.99824
0
0
0
0
0
0
0
0
0
0
0
0
0
0
0
0
0
0
0
0
0
0
0
0
0
0
0
0
0
0
0
0
0
0.99824
0
0
0
0
0
0
0
0
0
0
0
0
0
0
0
0
0
0
0
0
0
0
0
0
0
0
0
0
0
0
0
0
0
0
0
0
0
0
0
0
0
0
-3.6934
0
0
0
0
0
0
0
0
0
0
0
0
0
0
0
0
0
0
0
0
0
0
0
0
0
0
0
0
0
0
0
0
0
0
0
0
0
0
0
0
0
0
0
0
0
0
0
0
0
0
0
0
0
0
0
0
0
0
0
0
0
0
0
0
0
0
0
0
0
0
0
0
0
0
0
0
0
0
0
0
0
0
3.6934
0
0
0
0
0
0
0
0
0
0
0
0
0
0
0
0
0
0
0
0
0
0
0
0
0
0
0
0
0
0
0
0
0
0
0
0
0
0
0
0
0
0
0
0
0
0
0
0
0
0
0
0
0
0
0
0
0
0
0
0
0
0
0
0
0
0
0
0
0
0
0
0
0
0
0
0
0
0
0
-2.5333
0
0
0
0
0
0
0
0
0
0
0
0
0
0
0
0
0
0
0
0
0
0
0
0
0
0
0
0
0
0
0
0
0
0
0
0
0
0
0
0
0
0
0
0
0
2.5333
0
0
0
0
0
0
0
0
0
0
0
0
0
0
0
0
0
0
0
0
0
0
0
0
0
0
0
0
0
0
0
0
0
0
0
0
0
0
0
0
0
0
0
0
0
0
0
0
0
0
0
0
0
0
0
0
0
0
0
0
0
0
0
0
0
0
0
0
0
0
0
0
0
0
0
-2.4724
0
0
0
0
0
0
0
0
0
0
0
0
0
0
0
0
0
0
0
0
0
0
0
0
0
0
0
0
0
0
0
0
0
0
0
0
0
0
0
0
0
0
0
0
0
0
0
0
0
2.4724
0
0
0
0
0
0
0
0
0
0
0
0
0
0
0
0
0
0
0
0
0
0
0
0
0
0
0
0
0
0
0
0
0
0
0
0
0
0
0
0
0
0
0
0
0
0
0
0
-3.3622
0
0
0
0
0
0
0
0
0
0
0
0
0
0
0
0
0
0
0
0
0
0
0
0
0
0
0
0
0
0
0
0
0
0
0
0
0
0
0
0
0
0
0
0
0
0
0
0
0
0
0
0
0
0
0
0
0
0
0
0
0
0
0
0
0
0
0
0
0
0
0
0
0
0
0
0
3.3622
0
0
0
0
0
0
0
0
0
0
0
0
0
0
0
0
0
0
0
0
0
0
0
0
0
0
0
0
0
0
0
0
0
0
0
0
0
0
0
0
0
0
0
0
0
0
0
0
0
0
0
0
0
0
0
0
0
0
0
0
0
0
0
0
0
0
0
0
0
0
0
0
0
0
0
0
0
0
0
0
0
0
0
0
0
0
0
0
0
0
0
0
0
0
0
0
0
0
-2.5045
0
0
0
0
0
0
0
0
0
0
0
0
0
0
0
0
0
0
0
0
0
0
0
0
0
0
2.5045
0
0
0
0
0
0
0
0
0
0
0
0
0
0
-5.0368
0
0
0
0
0
0
0
0
0
0
0
0
0
0
0
0
0
0
0
0
0
0
0
0
0
0
0
0
0
0
0
0
0
0
0
0
0
0
0
0
0
0
0
0
0
0
0
0
0
0
0
0
0
0
0
0
0
0
0
0
0
0
0
0
0
0
0
0
0
0
0
0
0
0
0
0
0
0
0
0
0
0
0
0
0
0
0
0
0
0
0
0
0
0
0
0
0
0
0
0
0
0
0
0
0
0
0
0
0
0
5.0368
0
0
0
0
0
0
0
0
0
0
0
0
0
0
0
0
0
0
0
0
0
0
0
0
0
0
0
0
0
0
0
-3.9817
0
0
0
0
0
0
0
0
0
0
0
0
0
0
0
0
0
0
0
0
0
0
0
0
0
0
0
0
0
0
0
0
0
0
0
0
0
0
0
0
0
0
0
0
0
0
0
0
0
0
0
0
0
0
0
0
0
0
0
0
0
0
0
0
0
0
0
0
0
0
0
0
0
0
0
0
0
0
0
0
0
0
0
0
0
0
0
0
0
0
0
0
0
3.9817
0
0
0
0
0
0
0
0
0
0
0
0
0
0
0
0
0
0
0
0
0
0
0
0
0
0
0
0
0
0
0
0
0
0
0
0
0
0
0
0
0
0
0
0
0
0
0
0
-3.1662
0
0
0
0
0
0
0
0
0
0
0
0
0
0
0
0
0
0
0
0
0
0
0
0
0
0
0
0
0
0
0
0
0
0
0
0
0
0
0
0
0
0
0
0
0
0
0
0
0
0
0
0
0
0
0
0
0
0
0
0
0
0
0
0
0
0
0
0
0
0
0
0
0
0
0
0
3.1662
0
0
0
0
0
0
0
0
0
0
0
0
0
0
0
0
0
0
0
0
0
0
0
0
0
0
0
0
0
0
0
0
0
0
0
0
0
0
-4.428
0
0
0
0
0
0
0
0
0
0
0
0
0
0
0
0
0
0
0
0
0
0
0
0
0
0
0
0
0
0
0
0
0
0
0
0
0
0
0
0
0
0
0
0
0
0
0
0
0
0
0
0
0
0
0
0
0
0
0
0
0
0
0
0
0
0
0
0
0
0
0
0
0
0
0
0
0
0
0
0
0
0
0
0
0
0
4.428
0
0
0
0
0
0
0
0
0
0
0
0
0
0
0
0
0
0
0
0
0
0
0
0
0
0
0
0
0
0
0
0
0
0
0
0
0
0
0
0
0
0
0
0
0
0
0
0
0
0
0
0
0
0
0
0
0
0
0
0
0
0
0
0
0
0
0
0
0
0
0
0
0
0
0
-0.1983
0
0
0
0
0
0
0
0
0
0
0
0
0
0
0
0
0
0
0
0
0
0
0
0
0
0
0
0
0
0
0
0
0
0
0
0
0
0
0
0
0
0
0
0
0
0
0
0
0
0.1983
0
0
0
0
0
0
0
0
0
0
0
0
0
0
0
0
0
0
0
0
0
0
0
0
0
0
0
0
0
0
0
0
0
0
-3.5559
0
0
0
0
0
0
0
0
0
0
0
0
0
0
0
0
0
0
0
0
0
0
0
0
0
0
0
0
0
0
0
0
0
0
0
0
0
0
0
0
0
0
0
0
0
0
0
0
0
0
0
0
0
0
0
0
0
0
0
0
0
0
0
0
0
0
0
0
0
0
0
0
0
0
0
0
0
0
0
0
0
0
0
0
0
0
0
0
0
0
3.5559
0
0
0
0
0
0
0
0
0
0
0
0
0
0
0
0
0
0
0
0
0
0
0
0
0
0
0
0
0
0
0
0
0
0
0
0
0
0
0
0
0
0
0
0
0
0
0
0
0
0
0
0
0
0
-2.688
0
0
0
0
0
0
0
0
0
0
0
0
0
0
0
0
0
0
0
0
0
0
0
0
0
0
0
0
0
0
0
0
0
0
0
0
0
0
0
0
0
0
0
0
0
0
0
0
0
0
0
0
0
0
0
0
0
0
0
0
0
0
0
0
0
0
0
0
0
0
2.688
0
0
0
0
0
0
0
0
0
0
0
0
0
0
0
0
0
0
0
0
0
0
0
0
0
0
0
0
0
0
0
0
0
0
0
0
0
0
0
0
0
0
0
0
0
0
0
0
0
0
0
0
0
0
0
0
0
0
0
0
0
0
0
0
0
0
0
0
0
0
0
0
0
0
0
0
0
0
0
0
0
0
0
0
0
0
0
-2.2997
0
0
0
0
0
0
0
0
0
0
0
0
0
0
0
0
0
0
0
0
0
0
0
0
0
0
0
0
0
0
0
0
0
0
0
0
0
2.2997
0
0
0
0
0
0
0
0
0
0
0
0
0
0
0
0
0
0
0
0
0
0
0
0
0
0
0
0
0
0
0
0
0
0
0
0
0
0
0
0
0
0
0
0
0
0
0
0
0
0
0
0
0
0
0
0
0
0
0
0
0
-2.4461
0
0
0
0
0
0
0
0
0
0
0
0
0
0
0
0
0
0
0
0
0
0
0
0
0
0
0
0
0
0
0
0
0
0
0
0
0
0
0
0
0
0
0
0
0
0
0
0
0
0
0
0
0
0
0
0
0
0
0
0
0
0
0
2.4461
0
0
0
0
0
0
0
0
0
0
0
0
0
0
0
0
0
0
0
0
0
0
0
0
0
0
0
0
0
0
0
0
0
0
0
0
0
0
0
0
0
0
0
0
0
0
0
0
0
0
0
0
0
0
0
0
0
0
0
0
0
0
0
0
-2.329
0
0
0
0
0
0
0
0
0
0
0
0
0
0
0
0
0
0
0
0
0
0
0
0
0
0
0
0
0
0
0
0
0
0
0
0
0
0
0
0
0
0
0
0
0
0
0
0
0
0
0
0
0
0
0
0
0
0
0
0
2.329
0
0
0
0
0
0
0
0
0
0
0
0
0
0
0
0
0
0
0
0
0
0
0
0
0
-3.9506
0
0
0
0
0
0
0
0
0
0
0
0
0
0
0
0
0
0
0
0
0
0
0
0
0
0
0
0
0
0
0
0
0
0
0
0
0
0
0
0
0
0
0
0
0
0
0
0
0
0
0
0
0
0
0
0
0
0
0
0
0
0
0
0
0
0
0
0
0
0
0
0
0
0
0
0
0
0
0
0
0
0
0
0
0
0
0
0
0
0
0
0
0
0
0
0
0
0
0
3.9506
0
0
0
0
0
0
0
0
0
0
0
0
0
0
0
0
0
0
0
0
0
0
0
0
0
0
0
0
0
0
0
0
0
0
0
0
0
0
0
0
0
0
0
0
0
0
0
0
0
0
0
0
0
0
0
0
0
0
0
0
0
0
0
0
0
-1.9121
0
0
0
0
0
0
0
0
0
0
0
0
0
0
0
0
0
0
0
0
0
0
0
0
0
0
0
0
0
0
0
0
0
0
0
0
0
0
0
0
0
0
0
0
0
0
0
0
0
0
0
0
0
0
0
0
0
0
0
1.9121
0
0
0
0
0
0
0
0
0
0
0
0
0
-4.4177
0
0
0
0
0
0
0
0
0
0
0
0
0
0
0
0
0
0
0
0
0
0
0
0
0
0
0
0
0
0
0
0
0
0
0
0
0
0
0
0
0
0
0
0
0
0
0
0
0
0
0
0
0
0
0
0
0
0
0
0
0
0
0
0
0
0
0
0
0
0
0
0
0
0
0
0
0
0
0
0
0
0
0
0
0
0
0
0
0
0
0
0
0
0
0
0
0
0
0
0
0
0
0
0
0
0
0
0
0
0
0
4.4177
0
0
0
0
0
0
0
0
0
0
0
0
0
0
0
0
0
0
0
0
0
0
0
0
0
0
0
0
0
0
0
0
0
0
0
0
0
0
0
0
0
0
0
0
0
0
0
0
0
0
0
0
0
0
0
0
0
0
0
0
0
0
0
0
0
0
0
0
0
0
0
0
0
0
0
0
0
0
-0.83487
0
0
0
0
0
0
0
0
0
0
0
0
0
0
0
0
0
0
0
0
0
0
0
0
0
0
0
0
0
0
0
0
0
0
0
0
0
0
0
0
0
0
0
0
0
0
0.83487
