67.1215
-0.92321
-0.92114
-0.9201
-0.91469
-0.91537
-0.91193
-0.91193
-0.91193
-0.93027
-0.91173
-0.9245
-0.92687
-0.91244
-0.92354
-0.91056
-0.91063
-0.9153
-0.91812
-0.90768
-0.90768
-0.92078
-0.90768
-0.91433
-0.9076
-0.91318
-0.91009
-0.92268
-0.91442
-0.91352
-0.91352
-0.91551
-0.91671
-0.9127
-0.9212
-0.92616
-0.9189
-0.91606
-0.91806
-0.92463
-0.92002
-0.92002
-0.92001
-0.93287
-0.90722
-0.9112
-0.93252
-0.91341
-0.90125
-0.90126
-0.91029
-0.92682
-0.92134
-0.90367
-0.90367
-0.93493
-0.90856
-0.90943
-0.93169
-0.94799
-0.93286
-0.99778
-0.98208
-1.0353
-1.2506
-1.2256
0
-1.3491
0
0
0
0
0
0
0
0
0
0
0
0
0
0
0
0
0
0
0
0
0
0
0
0
0
0
0
0
0
0
0
0
0
0
0
0
0
0
0
0
0
0
0
-5.2528
0
0
0
0
0
0
0
0
0
0
0
0
0
-0.92321
67.1215
-0.92113
-0.9201
-0.91469
-0.91537
-0.91193
-0.91193
-0.91193
-0.93028
-0.91174
-0.92449
-0.92687
-0.91244
-0.92355
-0.91055
-0.91063
-0.9153
-0.91812
-0.90768
-0.90768
-0.92078
-0.90767
-0.91432
-0.9076
-0.91318
-0.9101
-0.92269
-0.91441
-0.91352
-0.91352
-0.91551
-0.9167
-0.9127
-0.9212
-0.92616
-0.9189
-0.91606
-0.91806
-0.92464
-0.92001
-0.92002
-0.92002
-0.93287
-0.90722
-0.9112
-0.93252
-0.91341
-0.90125
-0.90125
-0.91029
-0.92681
-0.92133
-0.90367
-0.90367
-0.93493
-0.90856
-0.90942
-0.9317
-0.94799
-0.93286
-0.99778
-0.98208
-1.0353
-1.2506
-1.2256
0
-1.3491
0
0
0
0
0
0
0
0
0
0
0
0
0
0
0
0
0
0
0
0
0
0
0
0
0
0
0
0
0
0
0
0
0
0
-5.2528
0
0
0
0
0
0
0
0
0
0
0
0
0
0
0
0
0
0
0
0
0
0
-0.92114
-0.92113
61.8843
-0.92035
-0.9148
-0.91559
-0.91216
-0.91216
-0.91216
-0.92994
-0.91189
-0.92442
-0.92676
-0.91266
-0.92378
-0.91086
-0.9109
-0.91559
-0.91823
-0.90798
-0.90797
-0.92141
-0.90798
-0.91455
-0.90805
-0.91346
-0.91024
-0.92302
-0.91477
-0.91386
-0.91385
-0.91585
-0.91704
-0.91303
-0.92129
-0.92648
-0.91923
-0.91634
-0.91853
-0.92487
-0.92038
-0.92038
-0.92038
-0.93331
-0.90757
-0.91149
-0.93298
-0.91379
-0.9016
-0.90161
-0.91008
-0.92721
-0.9219
-0.90405
-0.90405
-0.93549
-0.90883
-0.90984
-0.93143
-0.9487
-0.93361
-0.99898
-0.98357
-1.0367
-1.2472
-1.2217
0
-1.3531
0
0
0
0
0
0
0
0
0
0
0
0
0
0
0
0
0
0
0
0
0
0
0
0
0
0
0
0
0
0
0
0
0
0
0
0
0
0
0
0
0
0
0
0
0
0
0
0
0
0
0
0
0
0
0
0
0
-0.9201
-0.9201
-0.92035
60.5612
-0.91344
-0.91441
-0.91089
-0.9109
-0.91089
-0.9287
-0.91105
-0.92337
-0.92586
-0.91158
-0.9229
-0.90968
-0.90969
-0.91439
-0.91703
-0.90678
-0.90678
-0.92025
-0.90679
-0.91336
-0.90686
-0.91226
-0.90935
-0.92193
-0.91358
-0.91267
-0.91268
-0.91467
-0.91584
-0.91185
-0.92047
-0.92527
-0.91805
-0.91517
-0.91726
-0.92369
-0.91919
-0.91918
-0.91918
-0.93211
-0.90637
-0.91029
-0.93177
-0.91265
-0.90041
-0.90041
-0.90896
-0.92599
-0.92058
-0.90285
-0.90284
-0.93425
-0.90779
-0.90862
-0.93017
-0.94744
-0.93244
-0.99782
-0.98239
-1.0351
0
-1.2201
0
-1.3513
0
0
0
0
0
0
0
0
0
0
0
0
0
0
0
0
0
0
0
0
0
0
0
0
0
0
0
0
0
0
0
0
0
0
0
0
0
0
0
0
0
0
0
0
0
0
0
0
0
0
0
0
0
0
0
0
0
-0.91469
-0.91469
-0.9148
-0.91344
58.8389
-0.9086
-0.90519
-0.90519
-0.90519
-0.92283
-0.90526
-0.91722
-0.92002
-0.9058
-0.91667
-0.90388
-0.90392
-0.90859
-0.91103
-0.90102
-0.90101
-0.91391
-0.90102
-0.90744
-0.90106
-0.90635
-0.90349
-0.91571
-0.90767
-0.90686
-0.90686
-0.90884
-0.90994
-0.90603
-0.91456
-0.91931
-0.91213
-0.90934
-0.91137
-0.91775
-0.91334
-0.91333
-0.91333
-0.92621
-0.90059
-0.90441
-0.92579
-0.90687
-0.89467
-0.89467
-0.90308
-0.9201
-0.91467
-0.8971
-0.89709
-0.92825
-0.90202
-0.90281
-0.92413
-0.94137
-0.92646
-0.9918
-0.97625
-1.029
0
-1.2129
0
0
0
0
0
0
0
0
0
0
0
0
0
0
0
0
0
0
0
0
0
0
0
0
0
0
0
0
0
0
0
0
0
0
0
0
0
0
0
0
0
0
0
0
0
0
0
0
0
0
0
0
0
0
0
0
0
0
0
-0.91537
-0.91537
-0.91559
-0.91441
-0.9086
59.0871
-0.90574
-0.90574
-0.90574
-0.92346
-0.90568
-0.91785
-0.92067
-0.9058
-0.91735
-0.90442
-0.90447
-0.90916
-0.91158
-0.90156
-0.90156
-0.91458
-0.90155
-0.90798
-0.90168
-0.90691
-0.90387
-0.91572
-0.9082
-0.90739
-0.9074
-0.90938
-0.91048
-0.90656
-0.9149
-0.91988
-0.91267
-0.90986
-0.91195
-0.91826
-0.91389
-0.91388
-0.91387
-0.92681
-0.90112
-0.90497
-0.92639
-0.90742
-0.8952
-0.8952
-0.90382
-0.92067
-0.91529
-0.89766
-0.89765
-0.92889
-0.90252
-0.90337
-0.92541
-0.94197
-0.92699
-0.99247
-0.97709
-1.0297
0
0
0
0
-1.4255
0
0
0
0
0
0
0
0
0
0
0
0
0
0
0
0
0
0
0
0
0
0
0
0
0
0
0
0
0
0
0
0
0
0
0
0
0
0
0
0
0
0
0
0
0
0
0
0
0
0
0
0
0
0
0
0
-0.91193
-0.91193
-0.91216
-0.91089
-0.90519
-0.90574
57.4435
-0.90196
-0.90197
-0.91979
-0.90234
-0.9142
-0.91692
-0.90287
-0.91361
-0.90096
-0.90102
-0.90567
-0.90798
-0.8981
-0.8981
-0.91149
-0.8981
-0.90445
-0.89813
-0.90339
-0.90054
-0.91262
-0.90469
-0.90391
-0.9039
-0.90588
-0.90695
-0.90306
-0.91158
-0.91631
-0.90914
-0.90637
-0.90838
-0.91473
-0.91035
-0.91035
-0.91035
-0.92322
-0.89762
-0.90145
-0.92279
-0.90392
-0.89174
-0.89175
-0.90062
-0.91708
-0.91168
-0.89416
-0.89416
-0.92525
-0.89908
-0.89983
-0.92179
-0.93832
-0.92349
-0.98868
-0.97328
-1.0256
0
0
0
0
0
0
0
0
0
0
0
0
0
0
0
0
0
0
0
0
0
0
0
0
0
0
0
0
0
0
0
0
0
0
0
0
0
0
0
0
0
0
0
0
0
0
0
0
0
0
0
0
0
0
0
0
0
0
0
0
0
-0.91193
-0.91193
-0.91216
-0.9109
-0.90519
-0.90574
-0.90196
57.4436
-0.90197
-0.91979
-0.90234
-0.9142
-0.91693
-0.90287
-0.91361
-0.90096
-0.90102
-0.90567
-0.90799
-0.89811
-0.8981
-0.91148
-0.8981
-0.90445
-0.89813
-0.9034
-0.90055
-0.91263
-0.9047
-0.90392
-0.90391
-0.90587
-0.90696
-0.90306
-0.91158
-0.91631
-0.90914
-0.90637
-0.90839
-0.91472
-0.91036
-0.91034
-0.91034
-0.92321
-0.89762
-0.90145
-0.92279
-0.90392
-0.89174
-0.89175
-0.90062
-0.91709
-0.91168
-0.89416
-0.89416
-0.92526
-0.89908
-0.89984
-0.92179
-0.93833
-0.92349
-0.98868
-0.97328
-1.0256
0
0
0
0
0
0
0
0
0
0
0
0
0
0
0
0
0
0
0
0
0
0
0
0
0
0
0
0
0
0
0
0
0
0
0
0
0
0
0
0
0
0
0
0
0
0
0
0
0
0
0
0
0
0
0
0
0
0
0
0
0
-0.91193
-0.91193
-0.91216
-0.91089
-0.90519
-0.90574
-0.90197
-0.90197
57.4436
-0.91978
-0.90234
-0.91419
-0.91693
-0.90286
-0.91362
-0.90096
-0.90101
-0.90566
-0.90799
-0.8981
-0.8981
-0.91149
-0.8981
-0.90445
-0.89813
-0.90339
-0.90055
-0.91262
-0.9047
-0.90391
-0.90391
-0.90588
-0.90695
-0.90306
-0.91158
-0.91632
-0.90915
-0.90637
-0.90839
-0.91473
-0.91036
-0.91035
-0.91035
-0.92322
-0.89762
-0.90145
-0.92279
-0.90393
-0.89174
-0.89175
-0.90063
-0.91708
-0.91168
-0.89416
-0.89416
-0.92525
-0.89908
-0.89983
-0.92178
-0.93833
-0.9235
-0.98868
-0.97328
-1.0256
0
0
0
0
0
0
0
0
0
0
0
0
0
0
0
0
0
0
0
0
0
0
0
0
0
0
0
0
0
0
0
0
0
0
0
0
0
0
0
0
0
0
0
0
0
0
0
0
0
0
0
0
0
0
0
0
0
0
0
0
0
-0.93027
-0.93028
-0.92994
-0.9287
-0.92283
-0.92346
-0.91979
-0.91979
-0.91978
61.8341
-0.91941
-0.93161
-0.93427
-0.91996
-0.93094
-0.91792
-0.91798
-0.92272
-0.92525
-0.91505
-0.91505
-0.92871
-0.91505
-0.92151
-0.91512
-0.92034
-0.9178
-0.92977
-0.92159
-0.92098
-0.92098
-0.92299
-0.92387
-0.92016
-0.92904
-0.93334
-0.92602
-0.92356
-0.92595
-0.93205
-0.92755
-0.92755
-0.92754
-0.94077
-0.91467
-0.9186
-0.93984
-0.92094
-0.90865
-0.90866
-0.91744
-0.93448
-0.92954
-0.91114
-0.91114
-0.94259
-0.91451
-0.91703
-0.93894
-0.95591
-0.94052
0
0
0
0
0
0
0
0
-1.4574
0
0
0
0
0
0
0
0
0
0
0
0
0
0
0
0
0
0
0
0
0
0
0
0
0
0
0
0
-4.9049
0
0
0
0
0
0
0
0
0
0
0
0
0
0
0
0
0
0
0
0
0
0
0
0
0
0
-0.91173
-0.91174
-0.91189
-0.91105
-0.90526
-0.90568
-0.90234
-0.90234
-0.90234
-0.91941
55.6745
-0.91381
-0.91649
-0.9023
-0.91311
-0.90063
-0.9007
-0.90541
-0.90788
-0.89783
-0.89782
-0.91072
-0.89782
-0.90414
-0.8979
-0.9031
-0.89998
-0.91263
-0.90439
-0.90364
-0.90364
-0.9056
-0.90667
-0.90278
-0.91091
-0.91602
-0.90885
-0.90605
-0.90833
-0.91434
-0.9101
-0.9101
-0.91009
-0.92315
-0.89736
-0.90115
-0.92248
-0.90357
-0.89147
-0.89147
-0.90034
-0.91685
-0.9118
-0.89391
-0.89391
-0.92498
-0.89868
-0.89959
-0.92152
-0.93809
-0.92328
0
0
0
-1.2334
0
0
0
0
0
0
0
0
0
0
0
0
0
0
0
0
0
0
0
0
0
0
0
0
0
0
0
0
0
0
0
0
0
0
0
0
0
0
0
0
0
0
0
0
0
0
0
0
0
0
0
0
0
0
0
0
0
0
0
0
-0.9245
-0.92449
-0.92442
-0.92337
-0.91722
-0.91785
-0.9142
-0.9142
-0.91419
-0.93161
-0.91381
59.742
-0.92896
-0.91433
-0.92561
-0.91236
-0.9124
-0.91714
-0.91959
-0.90951
-0.9095
-0.92262
-0.9095
-0.91585
-0.90954
-0.91473
-0.91209
-0.924
-0.91599
-0.91539
-0.91539
-0.91739
-0.9183
-0.91456
-0.92324
-0.92776
-0.92051
-0.91793
-0.92006
-0.9264
-0.92193
-0.92192
-0.92192
-0.93512
-0.90909
-0.91301
-0.93416
-0.91532
-0.90311
-0.90312
-0.91182
-0.92879
-0.9235
-0.9056
-0.90559
-0.93664
-0.91042
-0.91145
-0.93291
-0.94993
-0.93486
0
0
0
0
0
0
0
0
0
0
0
0
0
0
0
0
0
0
0
0
0
0
0
0
0
0
0
0
0
0
0
0
0
0
0
0
0
0
0
0
0
0
0
0
0
0
0
0
0
0
0
0
0
0
0
0
0
0
0
0
0
0
-4.6012
0
-0.92687
-0.92687
-0.92676
-0.92586
-0.92002
-0.92067
-0.91692
-0.91693
-0.91693
-0.93427
-0.91649
-0.92896
60.5241
-0.91701
-0.92823
-0.91494
-0.91508
-0.91972
-0.92221
-0.91208
-0.91207
-0.92539
-0.91207
-0.91845
-0.91214
-0.91733
-0.91443
-0.92666
-0.91854
-0.91797
-0.91797
-0.91999
-0.92088
-0.91715
-0.92542
-0.93038
-0.92312
-0.92042
-0.92268
-0.92878
-0.92454
-0.92454
-0.92454
-0.93765
-0.9117
-0.91556
-0.93686
-0.91774
-0.90571
-0.90571
-0.91424
-0.93145
-0.92618
-0.90821
-0.9082
-0.9394
-0.91304
-0.91408
-0.93565
-0.95279
0
0
0
0
0
0
-1.5045
0
0
0
0
0
0
0
0
0
0
0
0
0
0
0
0
0
0
0
0
0
0
0
0
0
0
0
0
0
0
0
0
0
0
-4.6632
0
0
0
0
0
0
0
0
0
0
0
0
0
0
0
0
0
0
0
0
0
0
0
-0.91244
-0.91244
-0.91266
-0.91158
-0.9058
-0.9058
-0.90287
-0.90287
-0.90286
-0.91996
-0.9023
-0.91433
-0.91701
55.8921
-0.91362
-0.90116
-0.90121
-0.90593
-0.90844
-0.89834
-0.89834
-0.91118
-0.89834
-0.90468
-0.89849
-0.90361
-0.90065
-0.9127
-0.90493
-0.90417
-0.90417
-0.90614
-0.9072
-0.90332
-0.91164
-0.91655
-0.90939
-0.90658
-0.90882
-0.91489
-0.91063
-0.91062
-0.91062
-0.92371
-0.89788
-0.90168
-0.92302
-0.90413
-0.89198
-0.89199
-0.90062
-0.9174
-0.91227
-0.89445
-0.89445
-0.92552
-0.89936
-0.90013
-0.92209
-0.93861
-0.92377
0
0
0
0
0
0
0
-1.4198
0
0
0
0
0
0
0
0
0
0
0
0
0
0
0
0
0
0
0
0
0
0
0
0
0
0
0
0
0
0
0
0
0
0
0
0
0
0
0
0
0
0
0
0
0
0
0
0
0
0
0
0
0
0
0
0
-0.92354
-0.92355
-0.92378
-0.9229
-0.91667
-0.91735
-0.91361
-0.91361
-0.91362
-0.93094
-0.91311
-0.92561
-0.92823
-0.91362
59.754
-0.91153
-0.91171
-0.91622
-0.91859
-0.90861
-0.90861
-0.92155
-0.9086
-0.91485
-0.90865
-0.91374
-0.91111
-0.92292
-0.91495
-0.91444
-0.91444
-0.91652
-0.91738
-0.91374
-0.92223
-0.92688
-0.91964
-0.91704
-0.91924
-0.92363
-0.92113
-0.92113
-0.92112
-0.93418
-0.9083
-0.90892
-0.93327
-0.91342
-0.90234
-0.90234
-0.91087
-0.92799
-0.92277
-0.90483
-0.90483
-0.93587
-0.90954
-0.9107
-0.93224
0
0
0
0
0
0
0
0
0
0
0
0
0
0
0
0
0
0
0
0
-2.1139
0
0
0
0
0
0
0
0
0
0
0
0
0
0
0
-4.4373
0
0
0
0
0
0
0
0
0
0
0
0
0
0
0
0
0
0
0
0
0
0
0
0
0
0
0
0
0
-0.91056
-0.91055
-0.91086
-0.90968
-0.90388
-0.90442
-0.90096
-0.90096
-0.90096
-0.91792
-0.90063
-0.91236
-0.91494
-0.90116
-0.91153
54.4013
-0.89936
-0.90408
-0.90629
-0.89644
-0.89644
-0.90911
-0.89644
-0.90264
-0.89648
-0.90161
-0.89879
-0.91102
-0.9029
-0.90224
-0.90224
-0.90419
-0.90519
-0.90139
-0.9097
-0.91452
-0.90738
-0.90458
-0.90682
-0.91273
-0.90869
-0.90869
-0.90869
-0.92163
-0.89596
-0.89967
-0.92099
-0.90209
-0.89008
-0.89008
-0.89881
-0.91543
-0.91025
-0.89252
-0.89252
-0.92348
-0.89743
-0.89818
-0.91998
-0.93662
0
0
0
0
0
0
0
0
0
0
0
0
0
0
0
0
0
-0.96561
0
0
0
0
0
0
0
0
0
0
0
0
0
0
0
0
0
0
0
0
0
0
0
0
0
0
0
0
0
0
0
0
0
0
0
0
0
0
0
0
0
0
0
0
0
0
0
-0.91063
-0.91063
-0.9109
-0.90969
-0.90392
-0.90447
-0.90102
-0.90102
-0.90101
-0.91798
-0.9007
-0.9124
-0.91508
-0.90121
-0.91171
-0.89936
54.3639
-0.90416
-0.90643
-0.89653
-0.89652
-0.90928
-0.89652
-0.9028
-0.89659
-0.90174
-0.89897
-0.91121
-0.90307
-0.90232
-0.90232
-0.90428
-0.90534
-0.90146
-0.91
-0.91467
-0.90751
-0.90475
-0.90693
-0.91302
-0.90877
-0.90876
-0.90876
-0.9218
-0.89603
-0.89982
-0.92111
-0.90229
-0.89015
-0.89015
-0.89906
-0.91549
-0.91032
-0.89257
-0.89256
-0.92358
-0.89752
-0.89822
-0.92013
-0.93666
-0.92198
0
0
0
0
0
0
0
0
0
0
0
0
0
0
0
0
0
0
0
0
0
0
0
0
0
0
0
0
0
0
0
0
0
0
0
0
0
0
0
0
0
0
0
0
0
0
0
0
0
0
0
0
0
0
0
0
0
0
0
0
0
0
0
0
-0.9153
-0.9153
-0.91559
-0.91439
-0.90859
-0.90916
-0.90567
-0.90567
-0.90566
-0.92272
-0.90541
-0.91714
-0.91972
-0.90593
-0.91622
-0.90408
-0.90416
52.7761
-0.91094
-0.90111
-0.90111
-0.91371
-0.90111
-0.907
-0.9016
-0.90717
-0.90379
-0.91479
-0.90813
-0.90712
-0.90712
-0.90911
-0.91023
-0.90628
-0.91487
-0.91959
-0.91241
-0.90957
-0.91178
-0.91789
-0.91363
-0.91363
-0.91363
-0.92672
-0.90085
-0.90464
-0.92606
-0.90711
-0.89492
-0.89492
-0.90391
-0.92035
-0.91518
-0.89733
-0.89732
-0.92849
-0.9023
-0.90301
-0.925
0
0
0
0
0
0
0
0
0
0
0
0
0
0
0
0
0
0
0
0
0
0
0
0
0
0
0
0
0
0
0
0
0
0
0
0
0
0
0
0
0
0
0
0
0
0
0
0
0
0
0
0
0
0
0
0
0
0
0
0
0
0
0
0
0
0
-0.91812
-0.91812
-0.91823
-0.91703
-0.91103
-0.91158
-0.90798
-0.90799
-0.90799
-0.92525
-0.90788
-0.91959
-0.92221
-0.90844
-0.91859
-0.90629
-0.90643
-0.91094
56.1202
-0.90334
-0.90334
-0.91563
-0.90335
-0.90942
-0.90337
-0.90838
-0.90585
-0.91758
-0.90965
-0.9092
-0.90921
-0.91118
-0.91199
-0.90836
-0.91689
-0.92141
-0.91422
-0.91164
-0.91377
-0.91998
-0.91572
-0.91571
-0.91571
-0.92881
-0.90293
-0.90676
-0.92775
-0.90909
-0.89699
-0.89699
-0.90577
-0.92257
-0.91726
-0.89949
-0.89949
-0.93026
-0.9043
-0.90538
0
0
0
0
0
0
0
0
0
0
0
0
0
0
0
0
0
0
0
0
0
0
0
0
0
0
0
0
0
0
0
0
0
0
0
0
0
0
0
0
0
0
0
0
0
0
0
0
0
0
0
0
0
0
-4.1478
0
0
0
0
0
0
0
0
0
0
0
0
-0.90768
-0.90768
-0.90798
-0.90678
-0.90102
-0.90156
-0.8981
-0.89811
-0.8981
-0.91505
-0.89783
-0.90951
-0.91208
-0.89834
-0.90861
-0.89644
-0.89653
-0.90111
-0.90334
51.4118
-0.89193
-0.90616
-0.89193
-0.89986
-0.89356
-0.90072
-0.89582
-0.90816
-0.89972
-0.89923
-0.89922
-0.90116
-0.90213
-0.89833
-0.90676
-0.91144
-0.90434
-0.90154
-0.90372
-0.9097
-0.90563
-0.90562
-0.90562
-0.91859
-0.8929
-0.89664
-0.91787
-0.8991
-0.88703
-0.88704
-0.89604
-0.91232
-0.9072
-0.88945
-0.88945
-0.92039
-0.89445
-0.89523
0
0
0
0
0
0
0
0
0
0
0
0
0
0
0
0
0
0
0
0
0
0
0
0
0
0
0
0
0
0
0
0
0
0
0
0
0
0
0
0
0
0
0
0
0
0
0
0
0
0
0
0
0
0
0
0
0
0
0
0
0
0
0
0
0
0
0
-0.90768
-0.90768
-0.90797
-0.90678
-0.90101
-0.90156
-0.8981
-0.8981
-0.8981
-0.91505
-0.89782
-0.9095
-0.91207
-0.89834
-0.90861
-0.89644
-0.89652
-0.90111
-0.90334
-0.89193
51.4116
-0.90616
-0.89193
-0.89986
-0.89356
-0.90071
-0.89582
-0.90817
-0.89972
-0.89922
-0.89922
-0.90115
-0.90212
-0.89832
-0.90675
-0.91144
-0.90433
-0.90153
-0.90372
-0.9097
-0.90562
-0.90562
-0.90561
-0.91859
-0.89289
-0.89663
-0.91786
-0.8991
-0.88703
-0.88703
-0.89603
-0.91231
-0.90719
-0.88945
-0.88945
-0.92038
-0.89444
-0.89522
0
0
0
0
0
0
0
0
0
0
0
0
0
0
0
0
0
0
0
0
0
0
0
0
0
0
0
0
0
0
0
0
0
0
0
0
0
0
0
0
0
0
0
0
0
0
0
0
0
0
0
0
0
0
0
0
0
0
0
0
0
0
0
0
0
0
0
-0.92078
-0.92078
-0.92141
-0.92025
-0.91391
-0.91458
-0.91149
-0.91148
-0.91149
-0.92871
-0.91072
-0.92262
-0.92539
-0.91118
-0.92155
-0.90911
-0.90928
-0.91371
-0.91563
-0.90616
-0.90616
58.0252
-0.90616
-0.91191
-0.90601
-0.91088
-0.90856
-0.91937
-0.91202
-0.91183
-0.91183
-0.91382
-0.91436
-0.91098
-0.91966
-0.92366
-0.9164
-0.91431
-0.91722
-0.9229
-0.91835
-0.91835
-0.91835
-0.93152
-0.90555
-0.90942
-0.93024
-0.91193
-0.8996
-0.8996
-0.9084
-0.92526
-0.92119
-0.90212
-0.90212
-0.93349
0
0
0
0
0
0
0
0
0
0
0
0
0
0
0
0
0
0
0
0
0
0
0
0
0
0
0
0
0
-3.6058
0
0
0
0
0
0
0
0
0
0
0
0
0
0
0
0
0
0
0
0
0
0
0
0
0
0
0
0
0
0
0
0
0
0
0
-4.1056
0
0
0
-0.90768
-0.90767
-0.90798
-0.90679
-0.90102
-0.90155
-0.8981
-0.8981
-0.8981
-0.91505
-0.89782
-0.9095
-0.91207
-0.89834
-0.9086
-0.89644
-0.89652
-0.90111
-0.90335
-0.89193
-0.89193
-0.90616
51.4116
-0.89986
-0.89356
-0.90071
-0.89582
-0.90816
-0.89971
-0.89922
-0.89922
-0.90115
-0.90212
-0.89832
-0.90675
-0.91143
-0.90433
-0.90153
-0.90372
-0.9097
-0.90563
-0.90562
-0.90561
-0.91858
-0.8929
-0.89663
-0.91787
-0.89909
-0.88702
-0.88703
-0.89603
-0.91232
-0.9072
-0.88945
-0.88945
-0.92038
-0.89444
-0.89522
0
0
0
0
0
0
0
0
0
0
0
0
0
0
0
0
0
0
0
0
0
0
0
0
0
0
0
0
0
0
0
0
0
0
0
0
0
0
0
0
0
0
0
0
0
0
0
0
0
0
0
0
0
0
0
0
0
0
0
0
0
0
0
0
0
0
0
-0.91433
-0.91432
-0.91455
-0.91336
-0.90744
-0.90798
-0.90445
-0.90445
-0.90445
-0.92151
-0.90414
-0.91585
-0.91845
-0.90468
-0.91485
-0.90264
-0.9028
-0.907
-0.90942
-0.89986
-0.89986
-0.91191
-0.89986
53.8053
-0.89982
-0.90489
-0.90218
-0.91323
-0.90596
-0.90556
-0.90557
-0.90753
-0.90834
-0.90471
-0.91315
-0.91774
-0.91058
-0.90795
-0.91005
-0.91618
-0.91206
-0.91206
-0.91205
-0.92509
-0.89929
-0.9031
-0.92401
-0.90546
-0.89338
-0.89338
-0.90208
-0.91889
-0.91354
-0.89586
-0.89585
-0.92649
0
0
0
0
0
0
0
0
0
0
0
0
0
0
0
0
0
0
0
0
0
0
0
0
0
0
0
0
0
0
0
0
0
0
0
0
0
0
0
0
0
0
0
0
0
0
0
0
0
0
-3.8411
0
0
0
0
0
0
0
0
0
0
0
0
0
0
0
0
0
0
-0.9076
-0.9076
-0.90805
-0.90686
-0.90106
-0.90168
-0.89813
-0.89813
-0.89813
-0.91512
-0.8979
-0.90954
-0.91214
-0.89849
-0.90865
-0.89648
-0.89659
-0.9016
-0.90337
-0.89356
-0.89356
-0.90601
-0.89356
-0.89982
51.5687
-0.90073
-0.89558
-0.90814
-0.89921
-0.8991
-0.8991
-0.90101
-0.9018
-0.89818
-0.90637
-0.91108
-0.90397
-0.90136
-0.90353
-0.90951
-0.9055
-0.9055
-0.90549
-0.91792
-0.89277
-0.89654
-0.91754
-0.89896
-0.88691
-0.88691
-0.89548
-0.91224
-0.9071
-0.88937
-0.88938
-0.92018
0
0
0
0
0
0
0
0
0
0
0
0
0
0
0
0
0
0
0
0
0
0
0
0
0
0
0
0
0
0
0
0
0
0
0
0
0
-1.9487
0
0
0
0
0
0
0
0
0
0
0
0
0
0
0
0
0
0
0
0
0
0
0
0
0
0
0
0
0
0
0
-0.91318
-0.91318
-0.91346
-0.91226
-0.90635
-0.90691
-0.90339
-0.9034
-0.90339
-0.92034
-0.9031
-0.91473
-0.91733
-0.90361
-0.91374
-0.90161
-0.90174
-0.90717
-0.90838
-0.90072
-0.90071
-0.91088
-0.90071
-0.90489
-0.90073
51.7719
-0.9007
-0.91302
-0.90402
-0.90419
-0.90418
-0.9061
-0.90679
-0.90326
-0.91158
-0.91618
-0.90907
-0.90642
-0.90856
-0.91454
-0.91061
-0.9106
-0.91059
-0.92355
-0.8978
-0.9016
-0.92242
-0.90399
-0.8919
-0.8919
-0.90071
-0.91745
0
-0.89459
-0.89457
0
0
0
0
0
0
0
0
0
0
0
0
0
0
0
0
0
0
0
0
0
0
0
0
0
0
0
0
0
0
0
0
0
0
0
0
0
0
0
0
0
0
0
0
0
0
0
0
0
0
0
0
0
0
0
0
0
0
0
0
0
-3.7051
0
0
0
0
0
0
0
0
-0.91009
-0.9101
-0.91024
-0.90935
-0.90349
-0.90387
-0.90054
-0.90055
-0.90055
-0.9178
-0.89998
-0.91209
-0.91443
-0.90065
-0.91111
-0.89879
-0.89897
-0.90379
-0.90585
-0.89582
-0.89582
-0.90856
-0.89582
-0.90218
-0.89558
-0.9007
47.9388
-0.90994
-0.90258
-0.90177
-0.90177
-0.90361
-0.90447
-0.90074
-0.90695
-0.91373
-0.90671
-0.90382
-0.90609
-0.91186
-0.9082
-0.90818
-0.90819
-0.92097
-0.89535
-0.89915
-0.92034
-0.90143
-0.88942
-0.88942
-0.8985
-0.91512
0
0
0
0
0
0
0
0
0
0
0
0
0
0
0
0
0
0
0
0
-1.8037
0
0
0
0
0
0
0
0
0
0
0
0
0
0
0
0
0
0
0
0
0
0
0
0
0
0
0
0
0
0
0
0
0
0
0
0
0
0
0
0
0
0
0
0
0
0
0
0
0
0
0
0
-0.92268
-0.92269
-0.92302
-0.92193
-0.91571
-0.91572
-0.91262
-0.91263
-0.91262
-0.92977
-0.91263
-0.924
-0.92666
-0.9127
-0.92292
-0.91102
-0.91121
-0.91479
-0.91758
-0.90816
-0.90817
-0.91937
-0.90816
-0.91323
-0.90814
-0.91302
-0.90994
55.5462
-0.9132
-0.91333
-0.91333
-0.9153
-0.91584
-0.91245
-0.92076
-0.92532
-0.91815
-0.91564
-0.91774
-0.92392
-0.91994
-0.91994
-0.91993
-0.93282
-0.90703
-0.91089
-0.93148
-0.91312
-0.90104
-0.90105
0
0
0
0
0
0
0
0
0
0
0
0
0
0
0
0
0
0
-1.4336
0
0
0
0
0
0
0
0
0
0
0
0
0
0
0
0
0
0
0
0
0
0
0
0
0
0
0
-4.6097
0
0
0
0
0
0
0
0
0
0
0
0
0
0
0
0
0
-4.6096
0
0
0
0
0
0
0
0
0
0
-0.91442
-0.91441
-0.91477
-0.91358
-0.90767
-0.9082
-0.90469
-0.9047
-0.9047
-0.92159
-0.90439
-0.91599
-0.91854
-0.90493
-0.91495
-0.9029
-0.90307
-0.90813
-0.90965
-0.89972
-0.89972
-0.91202
-0.89971
-0.90596
-0.89921
-0.90402
-0.90258
-0.9132
49.1337
-0.90589
-0.90589
-0.90781
-0.90859
-0.90498
-0.91315
-0.91792
-0.9108
-0.90803
-0.9102
-0.9161
-0.91249
-0.91249
-0.91248
-0.92519
-0.89953
-0.90335
-0.92409
-0.90567
-0.89358
-0.89359
0
0
0
0
0
0
0
0
0
0
0
0
0
0
0
0
0
0
0
0
0
0
0
0
0
0
0
0
0
0
0
0
-1.0196
0
0
0
0
0
0
0
0
0
0
0
0
0
0
0
0
0
0
0
0
-3.5948
0
0
0
0
0
0
0
0
0
0
0
0
0
0
0
0
0
0
0
0
0
-0.91352
-0.91352
-0.91386
-0.91267
-0.90686
-0.90739
-0.90391
-0.90392
-0.90391
-0.92098
-0.90364
-0.91539
-0.91797
-0.90417
-0.91444
-0.90224
-0.90232
-0.90712
-0.9092
-0.89923
-0.89922
-0.91183
-0.89922
-0.90556
-0.8991
-0.90419
-0.90177
-0.91333
-0.90589
44.4925
-0.90307
-0.90731
-0.90852
-0.90444
-0.91288
-0.91759
-0.91055
-0.90758
-0.90977
-0.91581
-0.91207
-0.91208
-0.91207
-0.92487
-0.89902
-0.90296
-0.92405
-0.90539
-0.89306
-0.89306
0
0
0
0
0
0
0
0
0
0
0
0
0
0
0
0
0
0
0
0
0
0
0
0
0
0
0
0
0
0
0
0
0
0
0
0
0
0
0
0
0
0
0
0
0
0
0
0
0
0
0
0
0
0
0
0
0
0
0
0
0
0
0
0
0
0
0
0
0
0
0
0
0
0
0
-0.91352
-0.91352
-0.91385
-0.91268
-0.90686
-0.9074
-0.9039
-0.90391
-0.90391
-0.92098
-0.90364
-0.91539
-0.91797
-0.90417
-0.91444
-0.90224
-0.90232
-0.90712
-0.90921
-0.89922
-0.89922
-0.91183
-0.89922
-0.90557
-0.8991
-0.90418
-0.90177
-0.91333
-0.90589
-0.90307
44.4926
-0.90731
-0.90853
-0.90444
-0.91289
-0.91759
-0.91055
-0.90758
-0.90977
-0.91581
-0.91208
-0.91208
-0.91207
-0.92487
-0.89902
-0.90296
-0.92406
-0.90539
-0.89306
-0.89306
0
0
0
0
0
0
0
0
0
0
0
0
0
0
0
0
0
0
0
0
0
0
0
0
0
0
0
0
0
0
0
0
0
0
0
0
0
0
0
0
0
0
0
0
0
0
0
0
0
0
0
0
0
0
0
0
0
0
0
0
0
0
0
0
0
0
0
0
0
0
0
0
0
0
0
-0.91551
-0.91551
-0.91585
-0.91467
-0.90884
-0.90938
-0.90588
-0.90587
-0.90588
-0.92299
-0.9056
-0.91739
-0.91999
-0.90614
-0.91652
-0.90419
-0.90428
-0.90911
-0.91118
-0.90116
-0.90115
-0.91382
-0.90115
-0.90753
-0.90101
-0.9061
-0.90361
-0.9153
-0.90781
-0.90731
-0.90731
40.065
-0.91025
-0.9065
-0.91475
-0.91934
-0.91274
-0.90917
-0.91119
-0.91789
-0.9156
-0.9156
-0.91559
-0.92665
-0.90169
0
0
0
0
0
0
0
0
0
0
0
0
0
0
0
0
0
0
0
0
0
0
0
0
0
0
0
0
0
0
0
0
0
0
0
0
0
0
0
0
0
0
0
0
0
0
0
0
0
0
0
0
0
0
0
0
0
0
0
0
0
0
0
0
0
0
0
0
0
0
0
0
0
0
0
0
0
0
0
0
-0.91671
-0.9167
-0.91704
-0.91584
-0.90994
-0.91048
-0.90695
-0.90696
-0.90695
-0.92387
-0.90667
-0.9183
-0.92088
-0.9072
-0.91738
-0.90519
-0.90534
-0.91023
-0.91199
-0.90213
-0.90212
-0.91436
-0.90212
-0.90834
-0.9018
-0.90679
-0.90447
-0.91584
-0.90859
-0.90852
-0.90853
-0.91025
42.7108
-0.90729
-0.915
-0.91962
-0.91283
-0.90977
-0.91169
-0.91815
-0.91589
-0.91589
-0.91589
-0.92715
0
0
0
0
0
0
0
0
0
0
0
0
0
0
0
0
0
0
0
0
0
0
0
0
0
0
0
0
0
0
0
0
0
0
0
0
0
0
0
0
0
0
0
0
0
0
0
0
0
0
0
0
0
0
0
0
0
0
0
0
0
0
0
0
0
-3.5131
0
0
0
0
0
0
0
0
0
0
0
0
0
0
0
-0.9127
-0.9127
-0.91303
-0.91185
-0.90603
-0.90656
-0.90306
-0.90306
-0.90306
-0.92016
-0.90278
-0.91456
-0.91715
-0.90332
-0.91374
-0.90139
-0.90146
-0.90628
-0.90836
-0.89833
-0.89832
-0.91098
-0.89832
-0.90471
-0.89818
-0.90326
-0.90074
-0.91245
-0.90498
-0.90444
-0.90444
-0.9065
-0.90729
37.1968
-0.91168
-0.91774
-0.90684
-0.90308
-0.9051
0
-0.91272
-0.91272
-0.91272
0
0
0
0
0
0
0
0
0
0
0
0
0
0
0
0
0
0
0
0
0
0
0
0
0
0
0
0
0
0
0
0
0
0
0
0
0
0
0
0
0
0
0
0
0
0
0
0
0
0
0
0
0
0
0
0
0
0
0
0
0
0
0
0
0
0
0
0
0
0
0
0
0
0
0
0
0
0
0
0
0
0
-0.9212
-0.9212
-0.92129
-0.92047
-0.91456
-0.9149
-0.91158
-0.91158
-0.91158
-0.92904
-0.91091
-0.92324
-0.92542
-0.91164
-0.92223
-0.9097
-0.91
-0.91487
-0.91689
-0.90676
-0.90675
-0.91966
-0.90675
-0.91315
-0.90637
-0.91158
-0.90695
-0.92076
-0.91315
-0.91288
-0.91289
-0.91475
-0.915
-0.91168
38.7689
-0.92753
-0.9159
-0.90998
-0.91186
0
0
0
0
0
0
0
0
0
0
0
0
0
0
0
0
0
0
0
0
0
0
0
0
0
0
0
0
0
0
0
0
0
-1.7935
0
0
0
0
0
0
0
0
0
0
0
0
0
0
0
0
0
0
0
-2.2088
0
0
0
0
0
0
0
0
0
0
0
0
0
0
0
0
0
0
0
0
0
0
0
0
0
0
0
0
0
0
0
0
-0.92616
-0.92616
-0.92648
-0.92527
-0.91931
-0.91988
-0.91631
-0.91631
-0.91632
-0.93334
-0.91602
-0.92776
-0.93038
-0.91655
-0.92688
-0.91452
-0.91467
-0.91959
-0.92141
-0.91144
-0.91144
-0.92366
-0.91143
-0.91774
-0.91108
-0.91618
-0.91373
-0.92532
-0.91792
-0.91759
-0.91759
-0.91934
-0.91962
-0.91774
-0.92753
38.3524
-0.9227
-0.91585
-0.91752
0
0
0
0
0
0
0
0
0
0
0
0
0
0
0
0
0
0
0
0
0
0
0
0
0
0
0
0
0
0
0
0
0
0
0
0
0
0
0
0
0
0
0
0
0
0
0
0
0
0
0
0
0
0
0
0
0
0
-3.4036
0
0
0
0
0
0
0
0
0
0
0
0
0
0
0
0
0
0
0
0
0
0
0
0
0
0
0
-0.9189
-0.9189
-0.91923
-0.91805
-0.91213
-0.91267
-0.90914
-0.90914
-0.90915
-0.92602
-0.90885
-0.92051
-0.92312
-0.90939
-0.91964
-0.90738
-0.90751
-0.91241
-0.91422
-0.90434
-0.90433
-0.9164
-0.90433
-0.91058
-0.90397
-0.90907
-0.90671
-0.91815
-0.9108
-0.91055
-0.91055
-0.91274
-0.91283
-0.90684
-0.9159
-0.9227
37.0996
-0.90546
0
0
0
0
0
0
0
0
0
0
0
0
0
0
0
0
0
0
0
0
0
0
0
0
0
0
0
0
0
0
0
0
0
0
0
0
0
0
0
0
0
0
0
0
0
0
0
0
0
0
0
0
0
0
0
0
0
0
0
0
0
0
0
0
0
0
0
0
0
0
0
0
0
0
0
-3.337
0
0
0
0
0
0
0
0
0
0
0
-0.91606
-0.91606
-0.91634
-0.91517
-0.90934
-0.90986
-0.90637
-0.90637
-0.90637
-0.92356
-0.90605
-0.91793
-0.92042
-0.90658
-0.91704
-0.90458
-0.90475
-0.90957
-0.91164
-0.90154
-0.90153
-0.91431
-0.90153
-0.90795
-0.90136
-0.90642
-0.90382
-0.91564
-0.90803
-0.90758
-0.90758
-0.90917
-0.90977
-0.90308
-0.90998
-0.91585
-0.90546
35.7456
0
0
0
0
0
0
0
0
0
0
0
0
0
0
0
0
0
0
0
0
0
0
0
0
0
0
0
0
0
0
0
0
0
0
0
0
0
0
0
0
0
0
0
0
0
-2.091
0
0
0
0
0
0
0
0
0
0
0
0
0
0
0
0
0
0
0
0
0
0
0
0
0
0
0
0
0
0
0
0
0
0
0
0
0
0
0
0
0
-0.91806
-0.91806
-0.91853
-0.91726
-0.91137
-0.91195
-0.90838
-0.90839
-0.90839
-0.92595
-0.90833
-0.92006
-0.92268
-0.90882
-0.91924
-0.90682
-0.90693
-0.91178
-0.91377
-0.90372
-0.90372
-0.91722
-0.90372
-0.91005
-0.90353
-0.90856
-0.90609
-0.91774
-0.9102
-0.90977
-0.90977
-0.91119
-0.91169
-0.9051
-0.91186
-0.91752
0
0
34.3453
0
0
0
0
0
0
0
0
0
0
0
0
0
0
0
0
0
0
0
0
0
0
0
0
0
0
0
0
0
0
0
0
0
0
-1.5191
0
0
0
0
0
0
0
0
0
0
0
0
0
0
0
0
0
0
0
0
0
0
0
0
0
0
0
0
0
0
0
0
0
0
0
0
0
0
0
0
0
0
0
0
0
0
0
0
0
0
0
-0.92463
-0.92464
-0.92487
-0.92369
-0.91775
-0.91826
-0.91473
-0.91472
-0.91473
-0.93205
-0.91434
-0.9264
-0.92878
-0.91489
-0.92363
-0.91273
-0.91302
-0.91789
-0.91998
-0.9097
-0.9097
-0.9229
-0.9097
-0.91618
-0.90951
-0.91454
-0.91186
-0.92392
-0.9161
-0.91581
-0.91581
-0.91789
-0.91815
0
0
0
0
0
0
36.0257
0
0
0
0
0
0
0
0
0
0
0
0
0
0
0
0
-0.91218
0
0
0
0
0
0
0
0
0
0
0
0
0
0
0
0
0
0
0
0
0
0
0
0
0
0
-2.0983
-2.7217
0
0
0
0
0
0
0
0
0
0
0
0
0
0
0
0
0
0
0
0
0
0
0
0
0
0
0
0
0
0
0
0
0
0
0
0
0
0
0
0
-0.92002
-0.92001
-0.92038
-0.91919
-0.91334
-0.91389
-0.91035
-0.91036
-0.91036
-0.92755
-0.9101
-0.92193
-0.92454
-0.91063
-0.92113
-0.90869
-0.90877
-0.91363
-0.91572
-0.90563
-0.90562
-0.91835
-0.90563
-0.91206
-0.9055
-0.91061
-0.9082
-0.91994
-0.91249
-0.91207
-0.91208
-0.9156
-0.91589
-0.91272
0
0
0
0
0
0
31.073
0
0
0
0
0
0
0
0
0
0
0
0
0
0
0
0
0
0
0
0
0
0
0
0
0
0
0
0
0
0
0
0
0
0
0
0
0
0
0
0
0
0
0
0
0
0
0
0
0
0
0
0
0
0
0
0
0
0
0
0
0
0
0
0
0
0
0
0
0
0
0
0
0
0
0
0
0
0
0
0
0
0
0
0
-0.92002
-0.92002
-0.92038
-0.91918
-0.91333
-0.91388
-0.91035
-0.91034
-0.91035
-0.92755
-0.9101
-0.92192
-0.92454
-0.91062
-0.92113
-0.90869
-0.90876
-0.91363
-0.91571
-0.90562
-0.90562
-0.91835
-0.90562
-0.91206
-0.9055
-0.9106
-0.90818
-0.91994
-0.91249
-0.91208
-0.91208
-0.9156
-0.91589
-0.91272
0
0
0
0
0
0
0
31.0728
0
0
0
0
0
0
0
0
0
0
0
0
0
0
0
0
0
0
0
0
0
0
0
0
0
0
0
0
0
0
0
0
0
0
0
0
0
0
0
0
0
0
0
0
0
0
0
0
0
0
0
0
0
0
0
0
0
0
0
0
0
0
0
0
0
0
0
0
0
0
0
0
0
0
0
0
0
0
0
0
0
0
0
-0.92001
-0.92002
-0.92038
-0.91918
-0.91333
-0.91387
-0.91035
-0.91034
-0.91035
-0.92754
-0.91009
-0.92192
-0.92454
-0.91062
-0.92112
-0.90869
-0.90876
-0.91363
-0.91571
-0.90562
-0.90561
-0.91835
-0.90561
-0.91205
-0.90549
-0.91059
-0.90819
-0.91993
-0.91248
-0.91207
-0.91207
-0.91559
-0.91589
-0.91272
0
0
0
0
0
0
0
0
31.0727
0
0
0
0
0
0
0
0
0
0
0
0
0
0
0
0
0
0
0
0
0
0
0
0
0
0
0
0
0
0
0
0
0
0
0
0
0
0
0
0
0
0
0
0
0
0
0
0
0
0
0
0
0
0
0
0
0
0
0
0
0
0
0
0
0
0
0
0
0
0
0
0
0
0
0
0
0
0
0
0
0
0
-0.93287
-0.93287
-0.93331
-0.93211
-0.92621
-0.92681
-0.92322
-0.92321
-0.92322
-0.94077
-0.92315
-0.93512
-0.93765
-0.92371
-0.93418
-0.92163
-0.9218
-0.92672
-0.92881
-0.91859
-0.91859
-0.93152
-0.91858
-0.92509
-0.91792
-0.92355
-0.92097
-0.93282
-0.92519
-0.92487
-0.92487
-0.92665
-0.92715
0
0
0
0
0
0
0
0
0
0
32.3306
0
0
0
0
0
0
0
0
0
0
0
0
0
0
0
0
0
0
0
0
0
0
0
0
0
0
-1.7469
0
0
0
0
0
0
0
0
0
0
0
0
0
0
0
0
0
0
0
0
0
0
0
0
0
0
0
0
0
0
0
0
0
0
0
0
0
0
0
0
0
0
0
0
0
0
0
0
0
0
0
0
0
0
-0.90722
-0.90722
-0.90757
-0.90637
-0.90059
-0.90112
-0.89762
-0.89762
-0.89762
-0.91467
-0.89736
-0.90909
-0.9117
-0.89788
-0.9083
-0.89596
-0.89603
-0.90085
-0.90293
-0.8929
-0.89289
-0.90555
-0.8929
-0.89929
-0.89277
-0.8978
-0.89535
-0.90703
-0.89953
-0.89902
-0.89902
-0.90169
0
0
0
0
0
0
0
0
0
0
0
0
28.8334
0
0
0
0
0
0
0
0
0
0
0
0
0
0
0
0
0
0
0
0
0
0
0
0
0
0
0
0
0
0
0
0
0
0
0
0
0
0
0
0
0
0
0
0
0
0
0
0
0
0
0
0
0
0
0
0
0
0
0
0
0
0
0
0
0
0
0
0
0
0
0
0
0
0
0
0
0
0
0
0
-0.9112
-0.9112
-0.91149
-0.91029
-0.90441
-0.90497
-0.90145
-0.90145
-0.90145
-0.9186
-0.90115
-0.91301
-0.91556
-0.90168
-0.90892
-0.89967
-0.89982
-0.90464
-0.90676
-0.89664
-0.89663
-0.90942
-0.89663
-0.9031
-0.89654
-0.9016
-0.89915
-0.91089
-0.90335
-0.90296
-0.90296
0
0
0
0
0
0
0
0
0
0
0
0
0
0
30.0589
0
0
0
0
0
0
0
0
0
0
0
0
0
0
0
0
0
0
0
0
0
0
0
0
0
0
0
0
0
0
0
0
0
-2.0113
0
0
0
0
0
0
0
0
0
0
0
0
0
0
0
0
0
0
0
0
0
0
0
0
0
0
0
0
0
0
0
0
0
0
0
0
0
0
0
0
0
0
0
0
0
-0.93252
-0.93252
-0.93298
-0.93177
-0.92579
-0.92639
-0.92279
-0.92279
-0.92279
-0.93984
-0.92248
-0.93416
-0.93686
-0.92302
-0.93327
-0.92099
-0.92111
-0.92606
-0.92775
-0.91787
-0.91786
-0.93024
-0.91787
-0.92401
-0.91754
-0.92242
-0.92034
-0.93148
-0.92409
-0.92405
-0.92406
0
0
0
0
0
0
0
0
0
0
0
0
0
0
0
31.4391
0
0
0
0
0
0
0
0
0
0
0
0
0
0
0
0
0
0
0
0
0
0
0
0
0
0
0
0
0
0
0
0
0
0
0
0
0
0
0
0
0
0
0
0
0
0
0
0
0
0
0
0
0
0
0
0
0
0
0
0
0
0
0
0
0
0
0
0
0
0
-2.7314
0
0
0
0
0
0
0
-0.91341
-0.91341
-0.91379
-0.91265
-0.90687
-0.90742
-0.90392
-0.90392
-0.90393
-0.92094
-0.90357
-0.91532
-0.91774
-0.90413
-0.91342
-0.90209
-0.90229
-0.90711
-0.90909
-0.8991
-0.8991
-0.91193
-0.89909
-0.90546
-0.89896
-0.90399
-0.90143
-0.91312
-0.90567
-0.90539
-0.90539
0
0
0
0
0
0
0
0
0
0
0
0
0
0
0
0
30.3732
0
0
0
0
0
0
0
0
0
0
0
0
0
0
0
0
0
0
0
0
0
0
0
0
0
0
-2.2495
0
0
0
0
0
0
0
0
0
0
0
0
0
0
0
0
0
0
0
0
0
0
0
0
0
0
0
0
0
0
0
0
0
0
0
0
0
0
0
0
0
0
0
0
0
0
0
0
0
0
-0.90125
-0.90125
-0.9016
-0.90041
-0.89467
-0.8952
-0.89174
-0.89174
-0.89174
-0.90865
-0.89147
-0.90311
-0.90571
-0.89198
-0.90234
-0.89008
-0.89015
-0.89492
-0.89699
-0.88703
-0.88703
-0.8996
-0.88702
-0.89338
-0.88691
-0.8919
-0.88942
-0.90104
-0.89358
-0.89306
-0.89306
0
0
0
0
0
0
0
0
0
0
0
0
0
0
0
0
0
27.7481
0
0
0
0
0
0
0
0
0
0
0
0
0
0
0
0
0
0
0
0
0
0
0
0
0
0
0
0
0
0
0
0
0
0
0
0
0
0
0
0
0
0
0
0
0
0
0
0
0
0
0
0
0
0
0
0
0
0
0
0
0
0
0
0
0
0
0
0
0
0
0
0
0
0
0
0
-0.90126
-0.90125
-0.90161
-0.90041
-0.89467
-0.8952
-0.89175
-0.89175
-0.89175
-0.90866
-0.89147
-0.90312
-0.90571
-0.89199
-0.90234
-0.89008
-0.89015
-0.89492
-0.89699
-0.88704
-0.88703
-0.8996
-0.88703
-0.89338
-0.88691
-0.8919
-0.88942
-0.90105
-0.89359
-0.89306
-0.89306
0
0
0
0
0
0
0
0
0
0
0
0
0
0
0
0
0
0
27.7481
0
0
0
0
0
0
0
0
0
0
0
0
0
0
0
0
0
0
0
0
0
0
0
0
0
0
0
0
0
0
0
0
0
0
0
0
0
0
0
0
0
0
0
0
0
0
0
0
0
0
0
0
0
0
0
0
0
0
0
0
0
0
0
0
0
0
0
0
0
0
0
0
0
0
0
-0.91029
-0.91029
-0.91008
-0.90896
-0.90308
-0.90382
-0.90062
-0.90062
-0.90063
-0.91744
-0.90034
-0.91182
-0.91424
-0.90062
-0.91087
-0.89881
-0.89906
-0.90391
-0.90577
-0.89604
-0.89603
-0.9084
-0.89603
-0.90208
-0.89548
-0.90071
-0.8985
0
0
0
0
0
0
0
0
0
0
0
0
0
0
0
0
0
0
0
0
0
0
0
29.7477
0
0
0
0
0
0
0
0
0
0
0
0
0
0
0
0
0
0
0
0
-1.5934
0
0
0
0
0
0
0
0
0
-1.5811
0
0
0
0
0
0
0
0
0
0
0
0
-2.1687
0
0
0
0
0
0
0
0
0
0
0
0
0
0
0
0
0
0
0
0
0
0
0
0
0
0
0
0
0
0
-0.92682
-0.92681
-0.92721
-0.92599
-0.9201
-0.92067
-0.91708
-0.91709
-0.91708
-0.93448
-0.91685
-0.92879
-0.93145
-0.9174
-0.92799
-0.91543
-0.91549
-0.92035
-0.92257
-0.91232
-0.91231
-0.92526
-0.91232
-0.91889
-0.91224
-0.91745
-0.91512
0
0
0
0
0
0
0
0
0
0
0
0
0
0
0
0
0
0
0
0
0
0
0
0
24.8556
0
0
0
0
0
0
0
0
0
0
0
0
0
0
0
0
0
0
0
0
0
0
0
0
0
0
0
0
0
0
0
0
0
0
0
0
0
0
0
0
0
0
0
0
0
0
0
0
0
0
0
0
0
0
0
0
0
0
0
0
0
0
0
0
0
0
0
0
0
0
0
0
0
-0.92134
-0.92133
-0.9219
-0.92058
-0.91467
-0.91529
-0.91168
-0.91168
-0.91168
-0.92954
-0.9118
-0.9235
-0.92618
-0.91227
-0.92277
-0.91025
-0.91032
-0.91518
-0.91726
-0.9072
-0.90719
-0.92119
-0.9072
-0.91354
-0.9071
0
0
0
0
0
0
0
0
0
0
0
0
0
0
0
0
0
0
0
0
0
0
0
0
0
0
0
24.3856
0
0
0
0
0
0
0
0
0
0
0
0
0
0
0
0
0
0
0
0
-1.493
0
0
0
0
0
0
0
0
0
0
0
0
0
0
0
0
0
0
0
0
0
0
0
0
0
0
0
0
0
0
0
0
0
0
0
0
0
0
0
0
0
0
0
0
0
0
0
0
0
0
0
-0.90367
-0.90367
-0.90405
-0.90285
-0.8971
-0.89766
-0.89416
-0.89416
-0.89416
-0.91114
-0.89391
-0.9056
-0.90821
-0.89445
-0.90483
-0.89252
-0.89257
-0.89733
-0.89949
-0.88945
-0.88945
-0.90212
-0.88945
-0.89586
-0.88937
-0.89459
0
0
0
0
0
0
0
0
0
0
0
0
0
0
0
0
0
0
0
0
0
0
0
0
0
0
0
23.3418
0
0
0
0
0
0
0
0
0
0
0
0
0
0
0
0
0
0
0
0
0
0
0
0
0
0
0
0
0
0
0
0
0
0
0
0
0
0
0
0
0
0
0
0
0
0
0
0
0
0
0
0
0
0
0
0
0
0
0
0
0
0
0
0
0
0
0
0
0
0
0
-0.90367
-0.90367
-0.90405
-0.90284
-0.89709
-0.89765
-0.89416
-0.89416
-0.89416
-0.91114
-0.89391
-0.90559
-0.9082
-0.89445
-0.90483
-0.89252
-0.89256
-0.89732
-0.89949
-0.88945
-0.88945
-0.90212
-0.88945
-0.89585
-0.88938
-0.89457
0
0
0
0
0
0
0
0
0
0
0
0
0
0
0
0
0
0
0
0
0
0
0
0
0
0
0
0
23.3417
0
0
0
0
0
0
0
0
0
0
0
0
0
0
0
0
0
0
0
0
0
0
0
0
0
0
0
0
0
0
0
0
0
0
0
0
0
0
0
0
0
0
0
0
0
0
0
0
0
0
0
0
0
0
0
0
0
0
0
0
0
0
0
0
0
0
0
0
0
0
-0.93493
-0.93493
-0.93549
-0.93425
-0.92825
-0.92889
-0.92525
-0.92526
-0.92525
-0.94259
-0.92498
-0.93664
-0.9394
-0.92552
-0.93587
-0.92348
-0.92358
-0.92849
-0.93026
-0.92039
-0.92038
-0.93349
-0.92038
-0.92649
-0.92018
0
0
0
0
0
0
0
0
0
0
0
0
0
0
0
0
0
0
0
0
0
0
0
0
0
0
0
0
0
0
25.8605
0
0
0
0
0
0
0
0
0
0
0
0
0
0
0
0
0
0
0
0
0
0
0
0
0
0
0
0
0
0
0
0
0
0
0
0
0
0
0
0
0
0
0
0
0
0
0
0
0
0
0
0
0
0
0
0
0
0
0
0
0
0
0
-2.6359
0
0
0
0
0
-0.90856
-0.90856
-0.90883
-0.90779
-0.90202
-0.90252
-0.89908
-0.89908
-0.89908
-0.91451
-0.89868
-0.91042
-0.91304
-0.89936
-0.90954
-0.89743
-0.89752
-0.9023
-0.9043
-0.89445
-0.89444
0
-0.89444
0
0
0
0
0
0
0
0
0
0
0
0
0
0
0
0
-0.91218
0
0
0
0
0
0
0
0
0
0
0
0
0
0
0
0
22.1553
0
0
0
0
0
0
0
0
0
0
0
0
-1.3771
0
0
0
0
0
0
0
0
0
0
0
0
0
0
0
0
0
0
0
0
0
0
0
0
0
0
0
0
0
0
0
0
0
0
0
0
0
0
0
0
0
0
0
0
0
0
0
0
0
0
0
0
0
0
0
-0.90943
-0.90942
-0.90984
-0.90862
-0.90281
-0.90337
-0.89983
-0.89984
-0.89983
-0.91703
-0.89959
-0.91145
-0.91408
-0.90013
-0.9107
-0.89818
-0.89822
-0.90301
-0.90538
-0.89523
-0.89522
0
-0.89522
0
0
0
0
0
0
0
0
0
0
0
0
0
0
0
0
0
0
0
0
0
0
0
0
0
0
0
0
0
0
0
0
0
0
19.8864
0
0
0
0
0
0
0
0
0
0
0
0
0
0
0
0
0
0
0
0
0
0
0
0
0
0
0
0
0
0
0
0
0
0
0
0
0
0
0
0
0
0
0
0
0
0
0
0
0
0
0
0
0
0
0
0
0
0
0
0
0
0
0
0
0
0
0
-0.93169
-0.9317
-0.93143
-0.93017
-0.92413
-0.92541
-0.92179
-0.92179
-0.92178
-0.93894
-0.92152
-0.93291
-0.93565
-0.92209
-0.93224
-0.91998
-0.92013
-0.925
0
0
0
0
0
0
0
0
0
0
0
0
0
0
0
0
0
0
0
0
0
0
0
0
0
0
0
0
0
0
0
0
0
0
0
0
0
0
0
0
20.9182
0
0
0
0
0
0
0
0
0
0
0
0
-1.5807
0
0
0
0
0
0
0
0
0
0
0
0
0
0
0
0
0
0
0
0
0
0
0
0
0
0
0
0
0
0
0
0
0
0
0
0
-2.6491
0
0
0
0
0
0
0
0
0
0
0
0
0
0
0
0
-0.94799
-0.94799
-0.9487
-0.94744
-0.94137
-0.94197
-0.93832
-0.93833
-0.93833
-0.95591
-0.93809
-0.94993
-0.95279
-0.93861
0
-0.93662
-0.93666
0
0
0
0
0
0
0
0
0
0
0
0
0
0
0
0
0
0
0
0
0
0
0
0
0
0
0
0
0
0
0
0
0
0
0
0
0
0
0
0
0
0
17.6528
0
0
0
0
0
0
0
0
0
0
0
0
0
0
0
0
0
0
0
0
0
0
0
0
0
0
0
0
0
0
0
0
0
0
0
0
0
0
0
0
0
0
0
0
0
0
0
0
0
0
0
0
0
0
0
0
0
0
0
0
-2.5538
0
0
0
0
-0.93286
-0.93286
-0.93361
-0.93244
-0.92646
-0.92699
-0.92349
-0.92349
-0.9235
-0.94052
-0.92328
-0.93486
0
-0.92377
0
0
-0.92198
0
0
0
0
0
0
0
0
0
0
0
0
0
0
0
0
0
0
0
0
0
0
0
0
0
0
0
0
0
0
0
0
0
0
0
0
0
0
0
0
0
0
0
16.2707
0
0
0
0
0
0
0
0
0
0
0
0
0
0
0
0
0
0
0
0
0
-1.0334
0
0
0
0
0
0
0
0
0
0
0
0
0
0
0
0
-2.2372
0
0
0
0
0
0
0
0
0
0
0
0
0
0
0
0
0
0
0
0
0
0
0
0
0
-0.99778
-0.99778
-0.99898
-0.99782
-0.9918
-0.99247
-0.98868
-0.98868
-0.98868
0
0
0
0
0
0
0
0
0
0
0
0
0
0
0
0
0
0
0
0
0
0
0
0
0
0
0
0
0
0
0
0
0
0
0
0
0
0
0
0
0
0
0
0
0
0
0
0
0
0
0
0
14.5502
0
0
0
0
0
0
0
0
0
0
0
-1.4477
0
0
0
0
0
0
0
0
0
0
0
0
0
0
0
0
-1.4853
0
0
0
0
0
0
0
0
0
0
0
0
0
0
0
0
-2.6746
0
0
0
0
0
0
0
0
0
0
0
0
0
0
0
0
0
-0.98208
-0.98208
-0.98357
-0.98239
-0.97625
-0.97709
-0.97328
-0.97328
-0.97328
0
0
0
0
0
0
0
0
0
0
0
0
0
0
0
0
0
0
0
0
0
0
0
0
0
0
0
0
0
0
0
0
0
0
0
0
0
0
0
0
0
0
0
0
0
0
0
0
0
0
0
0
0
12.4942
0
0
0
0
0
0
0
-1.5804
0
0
0
0
0
0
0
0
0
0
0
0
0
0
0
0
0
0
0
0
0
0
0
0
0
0
0
0
0
0
0
0
0
0
0
0
0
0
0
0
0
0
0
0
0
0
0
0
0
0
0
-2.1105
0
0
-1.0353
-1.0353
-1.0367
-1.0351
-1.029
-1.0297
-1.0256
-1.0256
-1.0256
0
0
0
0
0
0
0
0
0
0
0
0
0
0
0
0
0
0
0
0
0
0
0
0
0
0
0
0
0
0
0
0
0
0
0
0
0
0
0
0
0
0
0
0
0
0
0
0
0
0
0
0
0
0
9.2781
0
0
0
0
0
0
0
0
0
0
0
0
0
0
0
0
0
0
0
0
0
0
0
0
0
0
0
0
0
0
0
0
0
0
0
0
0
0
0
0
0
0
0
0
0
0
0
0
0
0
0
0
0
0
0
0
0
0
0
0
0
-1.2506
-1.2506
-1.2472
0
0
0
0
0
0
0
-1.2334
0
0
0
0
0
0
0
0
0
0
0
0
0
0
0
0
0
0
0
0
0
0
0
0
0
0
0
0
0
0
0
0
0
0
0
0
0
0
0
0
0
0
0
0
0
0
0
0
0
0
0
0
0
9.6748
0
0
0
-1.4339
0
0
0
-1.6284
0
0
0
0
0
0
0
-1.6309
0
0
0
0
0
0
0
0
0
0
0
0
0
0
0
0
0
0
0
0
0
0
0
0
0
0
0
0
0
0
0
0
0
0
0
0
0
0
0
0
0
0
0
0
-1.2256
-1.2256
-1.2217
-1.2201
-1.2129
0
0
0
0
0
0
0
0
0
0
0
0
0
0
0
0
0
0
0
0
0
0
0
0
0
0
0
0
0
0
0
0
0
0
0
0
0
0
0
0
0
0
0
0
0
0
0
0
0
0
0
0
0
0
0
0
0
0
0
0
7.8298
0
0
0
0
0
-1.478
0
0
0
0
0
0
0
0
0
0
0
0
0
0
0
0
0
0
0
0
0
0
0
0
0
0
0
0
0
0
0
0
0
0
0
0
0
0
0
0
0
0
0
-0.24587
0
0
0
0
0
0
0
0
0
0
0
0
0
0
0
0
0
0
0
0
0
-1.5045
0
0
0
0
0
0
0
0
0
0
0
0
0
0
0
0
0
0
0
0
0
0
0
0
0
0
0
0
0
0
0
0
0
0
0
0
0
0
0
0
0
0
0
0
0
0
0
0
0
0
0
0
0
9.4721
-1.5474
0
0
0
0
0
0
0
0
-1.5828
-1.3867
0
0
0
0
0
0
0
0
-1.8628
0
0
0
-1.5879
0
0
0
0
0
0
0
0
0
0
0
0
0
0
0
0
0
0
0
0
0
0
0
0
0
0
0
0
0
0
0
0
0
0
-1.3491
-1.3491
-1.3531
-1.3513
0
0
0
0
0
0
0
0
0
0
0
0
0
0
0
0
0
0
0
0
0
0
0
0
0
0
0
0
0
0
0
0
0
0
0
0
0
0
0
0
0
0
0
0
0
0
0
0
0
0
0
0
0
0
0
0
0
0
0
0
0
0
-1.5474
6.95
0
0
0
0
0
0
0
0
0
0
0
0
0
0
0
0
0
0
0
0
0
0
0
0
0
0
0
0
0
0
0
0
0
0
0
0
0
0
0
0
0
0
0
0
0
0
0
0
0
0
0
0
0
0
0
0
0
0
0
0
0
0
-1.4255
0
0
0
0
0
0
0
-1.4198
0
0
0
0
0
0
0
0
0
0
0
0
0
-1.4336
0
0
0
0
0
0
0
0
0
0
0
0
0
0
0
0
0
0
0
0
0
0
0
0
0
0
0
0
0
0
0
0
0
0
0
0
-1.4339
0
0
0
7.4817
0
0
0
0
0
0
-1.769
0
0
0
0
0
0
0
0
0
0
0
0
0
0
0
0
0
0
0
0
0
0
0
0
0
0
0
0
0
0
0
0
0
0
0
0
0
0
0
0
0
0
0
0
0
0
0
0
0
0
0
0
0
0
0
0
0
0
-1.4574
0
0
0
0
0
0
0
0
0
0
0
0
0
0
0
0
0
0
0
0
0
0
0
0
0
0
0
0
0
0
0
0
0
0
0
0
0
0
0
0
0
0
0
0
0
0
-1.3771
0
0
0
0
0
0
0
0
0
0
0
0
6.7416
0
0
0
0
0
0
0
0
-2.1983
0
-1.7088
0
0
0
0
0
0
0
0
0
0
0
0
0
0
0
0
0
0
0
0
0
0
0
0
0
0
0
0
0
0
0
0
0
0
0
0
0
0
0
0
0
0
0
0
0
0
0
0
0
0
0
0
0
0
0
0
0
0
0
0
0
0
0
0
0
0
0
0
0
0
0
0
0
0
0
0
0
0
0
0
0
0
0
0
0
0
0
-1.7469
0
0
0
0
0
0
0
0
0
0
0
0
0
0
0
0
0
0
-1.5804
0
0
0
0
0
0
0
7.7145
0
0
0
0
0
0
0
0
0
0
0
0
0
0
0
0
0
0
-1.9556
0
0
0
0
0
0
0
0
0
0
-2.4316
0
0
0
0
0
0
0
0
0
0
0
0
0
0
0
0
0
0
0
0
0
0
0
0
0
0
0
0
0
0
0
0
0
0
0
0
0
0
0
0
0
0
0
0
0
0
0
0
0
0
0
0
0
0
0
0
0
0
0
0
0
0
0
0
0
0
0
0
0
0
0
0
0
0
-1.5934
0
0
0
0
0
0
0
-1.5807
0
0
0
0
0
0
-1.478
0
0
0
0
0
5.9649
0
0
0
0
0
0
0
0
0
0
0
0
0
0
0
0
0
0
0
0
0
0
0
0
0
0
0
0
0
0
0
0
0
-1.3128
0
0
0
0
0
0
0
0
0
0
0
0
0
0
0
0
0
0
0
0
0
0
0
0
0
0
0
0
0
0
0
0
0
0
0
0
0
0
0
0
0
0
0
0
0
-1.8037
0
0
0
0
0
0
0
-1.7935
0
0
0
0
0
0
0
0
0
0
0
0
0
0
0
0
0
0
0
0
0
0
0
0
0
0
0
0
0
-1.6284
0
0
0
0
0
0
0
7.5067
0
0
0
-2.2812
0
0
0
0
0
0
0
0
0
0
0
0
0
0
0
0
0
0
0
0
0
0
0
0
0
0
0
0
0
0
0
0
0
0
0
0
0
0
0
0
0
0
0
0
0
0
0
0
0
0
0
0
0
0
0
0
0
0
0
0
0
0
0
0
0
0
0
0
0
0
0
0
0
0
0
0
0
0
0
0
0
0
0
0
0
0
-1.5191
0
0
0
0
0
0
0
0
0
0
0
0
0
-1.493
0
0
0
0
0
0
0
0
-1.4477
0
0
0
0
0
0
0
0
0
0
0
6.4846
0
0
0
0
-2.0248
0
0
0
0
0
0
0
0
0
0
0
0
0
0
0
0
0
0
0
0
0
0
0
0
0
0
0
0
0
0
0
0
0
0
0
0
0
0
0
0
0
0
0
0
0
0
0
0
0
0
0
0
0
0
0
0
0
0
0
0
0
0
0
0
0
0
0
0
0
0
0
0
0
0
0
0
0
0
0
0
0
0
0
0
0
0
0
0
0
0
0
0
0
-2.2495
0
0
0
0
0
0
0
0
0
0
0
0
0
0
0
0
0
0
0
0
0
0
0
0
0
0
7.5725
0
0
0
0
0
0
0
0
0
0
0
0
-2.6729
-2.65
0
0
0
0
0
0
0
0
0
0
0
0
0
0
0
0
0
0
0
0
0
0
0
0
0
0
0
0
0
0
0
0
0
0
0
0
0
0
0
0
0
0
0
0
0
0
0
0
0
0
0
0
0
0
0
0
0
0
0
0
0
0
0
0
0
0
0
0
0
0
0
0
0
0
0
0
0
0
0
0
0
0
0
0
0
0
0
0
0
0
0
0
0
0
0
0
0
0
0
0
0
0
0
0
-1.769
0
0
0
0
0
0
5.9844
0
0
0
0
0
-1.7492
0
0
0
0
0
0
0
-2.4662
0
0
0
0
0
0
0
0
0
0
0
0
0
0
0
0
0
0
0
0
0
0
0
0
0
0
0
0
0
0
0
0
0
0
0
0
0
0
0
0
0
0
0
0
0
0
0
0
0
0
0
0
0
0
0
0
0
0
0
0
0
0
0
0
0
0
0
0
0
0
0
0
0
0
0
0
0
0
0
0
0
0
0
0
0
0
0
0
0
0
0
0
0
0
0
0
0
0
0
0
0
-1.5828
0
0
0
0
0
-2.2812
0
0
0
6.3777
0
0
0
0
0
0
0
0
0
-2.5137
0
0
0
0
0
0
0
0
0
0
0
0
0
0
0
0
0
0
0
0
0
0
0
0
0
0
0
0
0
0
0
0
0
0
0
0
0
0
0
0
0
0
0
0
0
0
0
0
0
0
0
0
0
-0.96561
0
0
0
0
0
0
0
0
0
0
0
0
0
0
0
0
0
0
0
0
0
0
0
0
0
0
0
0
0
0
0
0
0
0
0
0
0
0
0
0
0
0
0
0
0
0
0
0
0
0
-1.3867
0
0
0
0
0
0
0
0
0
0
3.4277
0
0
0
0
0
0
0
0
0
0
0
0
0
0
0
0
0
0
0
0
0
0
0
0
0
0
0
0
0
0
0
0
0
0
0
0
0
0
0
0
0
0
0
0
0
0
-1.0754
0
0
0
0
0
0
0
0
0
0
0
0
0
0
0
0
0
0
0
0
0
0
0
0
0
0
0
0
0
0
0
0
0
0
0
0
0
0
0
0
0
0
0
0
0
0
0
0
0
0
0
0
0
0
0
0
0
0
0
0
0
0
0
0
0
0
0
0
0
-2.1983
0
0
0
-2.0248
0
0
0
0
6.1474
0
0
0
0
0
0
-1.9243
0
0
0
0
0
0
0
0
0
0
0
0
0
0
0
0
0
0
0
0
0
0
0
0
0
0
0
0
0
0
0
0
0
0
0
0
0
0
0
0
0
0
0
0
0
0
0
0
0
0
0
0
0
-2.1139
0
0
0
0
0
0
0
0
0
0
0
0
0
0
0
0
0
0
0
0
0
0
0
0
0
0
0
0
0
0
-2.0113
0
0
0
0
0
0
0
0
0
0
0
0
0
0
0
0
0
0
0
0
0
0
0
0
0
0
0
0
0
0
0
0
0
6.4478
0
0
0
0
0
0
0
-2.3226
0
0
0
0
0
0
0
0
0
0
0
0
0
0
0
0
0
0
0
0
0
0
0
0
0
0
0
0
0
0
0
0
0
0
0
0
0
0
0
0
0
0
0
0
0
0
0
0
0
0
0
0
0
0
0
0
0
0
0
0
0
0
0
0
0
0
0
0
0
0
0
0
0
0
0
0
0
0
0
0
0
0
0
0
0
0
0
0
0
0
0
0
0
0
0
0
0
0
0
0
0
-1.6309
0
0
0
0
-1.7088
0
0
0
0
0
0
0
0
0
0
5.9467
0
0
0
0
0
0
0
0
0
0
0
0
0
0
0
0
0
0
0
0
0
0
0
0
0
0
0
0
0
0
0
0
0
0
0
0
0
-2.6071
0
0
0
0
0
0
0
0
0
0
0
0
0
0
0
0
0
0
0
0
0
0
0
0
0
0
0
0
0
0
0
0
0
0
0
0
0
0
0
0
0
0
0
0
0
0
0
0
0
0
0
0
0
0
0
0
-1.5811
0
0
0
0
0
0
0
0
0
0
0
0
0
0
0
0
0
0
0
0
0
0
0
0
-1.7492
0
0
0
0
0
5.4873
0
0
0
0
0
0
0
0
0
0
0
-2.157
0
0
0
0
0
0
0
0
0
0
0
0
0
0
0
0
0
0
0
0
0
0
0
0
0
0
0
0
0
0
0
0
0
0
0
0
0
0
0
0
0
0
0
0
0
0
0
0
0
0
0
0
0
0
0
0
0
0
0
-1.0196
0
0
0
0
0
0
0
0
0
0
0
0
0
0
0
0
0
0
0
0
0
0
0
0
0
0
0
0
0
0
0
-1.0334
0
0
0
0
0
0
0
0
0
0
0
0
0
0
0
0
0
0
0
0
0
3.956
0
0
0
0
0
0
0
0
0
0
0
0
0
0
0
0
0
0
0
0
0
-1.903
0
0
0
0
0
0
0
0
0
0
0
0
0
0
0
0
0
0
0
0
0
0
0
0
0
0
0
0
0
0
0
0
0
0
0
0
0
0
0
0
0
0
0
0
0
0
0
0
0
0
0
0
0
0
0
0
0
-2.091
0
-2.0983
0
0
0
0
0
0
0
0
0
0
0
0
0
0
0
0
0
0
0
0
0
0
0
0
0
0
0
0
0
0
0
0
0
0
0
0
0
0
0
0
0
0
0
6.9675
0
0
0
0
0
0
0
0
0
0
0
0
0
0
0
0
0
0
0
0
0
0
0
0
0
0
-2.7782
0
0
0
0
0
0
0
0
0
0
0
0
0
0
0
0
0
0
0
0
0
0
0
0
0
0
0
0
0
0
0
0
0
0
0
0
0
0
0
0
0
0
0
0
0
0
0
0
0
0
0
0
0
-2.7217
0
0
0
0
0
0
0
0
0
0
0
0
0
0
0
0
0
0
0
0
0
0
0
0
0
0
0
0
0
0
0
0
0
0
0
0
0
0
0
0
0
0
0
0
5.2879
0
0
0
-2.5663
0
0
0
0
0
0
0
0
0
0
0
0
0
0
0
0
0
0
0
0
0
0
0
0
0
0
0
0
0
0
0
0
0
0
0
0
0
0
0
0
0
0
0
0
0
0
0
0
0
0
0
0
0
0
0
0
0
-3.6058
0
0
0
0
0
0
0
0
0
0
0
0
0
0
0
0
0
0
0
0
0
0
0
0
0
0
0
0
0
0
0
0
0
0
0
0
0
0
0
0
0
0
0
0
0
0
0
0
0
0
0
0
0
0
0
0
-1.9243
0
0
0
0
0
0
5.5301
0
0
0
0
0
0
0
0
0
0
0
0
0
0
0
0
0
0
0
0
0
0
0
0
0
0
0
0
0
0
0
0
0
0
0
0
0
0
0
0
0
0
0
0
0
0
0
0
0
0
0
0
0
0
0
0
0
0
0
0
0
0
0
0
0
0
0
0
0
0
0
0
0
0
0
0
0
0
0
0
0
0
0
0
0
0
0
0
0
0
0
0
0
0
0
0
0
0
0
0
0
0
0
0
0
-1.8628
0
0
0
0
0
0
0
0
0
-2.5137
0
0
0
0
0
0
0
0
0
4.3765
0
0
0
0
0
0
0
0
0
0
0
0
0
0
0
0
0
0
0
0
0
0
0
0
0
0
0
0
0
0
0
0
0
0
0
0
0
0
0
0
0
0
0
0
0
0
0
0
0
0
0
0
0
0
0
0
0
0
0
0
0
0
0
0
0
0
0
0
0
0
0
0
0
0
0
0
0
0
0
0
0
0
0
0
0
0
0
0
0
0
0
0
0
0
0
0
0
0
0
0
0
0
0
0
0
0
0
0
0
0
0
0
-2.6729
0
0
0
0
-2.3226
0
0
0
0
0
0
0
4.9955
0
0
0
0
0
0
0
0
0
0
0
0
0
0
0
0
0
0
0
0
0
0
0
0
0
0
0
0
0
0
0
0
0
0
0
0
0
0
0
0
0
0
0
0
0
0
0
0
0
0
0
0
0
0
0
0
0
0
0
0
0
0
0
0
0
0
0
0
0
0
0
0
0
0
0
0
0
0
0
0
0
0
0
0
0
0
0
0
0
0
0
0
0
0
0
0
0
0
0
0
0
0
0
0
0
0
0
0
0
0
0
-2.65
0
0
0
0
0
0
0
0
0
-2.5663
0
0
0
5.2163
0
0
0
0
0
0
0
0
0
0
0
0
0
0
0
0
0
0
0
0
0
0
0
0
0
0
0
0
0
0
0
0
0
0
0
0
0
0
0
0
0
0
0
0
0
0
0
0
0
0
0
0
0
0
0
0
0
0
0
0
0
0
0
0
0
0
0
0
0
0
0
0
0
0
0
0
0
0
0
0
0
0
0
0
0
0
0
0
0
0
0
0
0
0
0
0
0
0
0
0
0
0
0
0
0
0
-1.9556
0
0
0
0
-2.4662
0
0
0
0
0
0
0
0
0
0
0
0
0
4.4217
0
0
0
0
0
0
0
0
0
0
0
0
0
0
0
0
0
0
0
0
0
0
0
0
0
0
0
0
0
0
0
0
0
0
0
0
0
0
0
0
0
0
0
0
0
0
0
0
0
0
0
0
0
0
0
0
0
0
0
0
0
0
0
0
0
0
0
0
0
0
0
0
0
0
0
0
0
0
0
0
0
0
0
0
0
0
0
0
0
0
0
0
0
0
0
0
-1.4853
0
0
0
0
-1.5879
0
0
0
0
0
0
0
0
0
0
0
0
0
0
0
0
0
0
0
0
0
0
0
3.0732
0
0
0
0
0
0
0
0
0
0
0
0
0
0
0
0
0
0
0
0
0
0
0
0
0
0
0
0
0
0
0
0
0
0
0
0
0
0
0
0
0
0
0
0
0
0
0
0
0
0
0
0
0
0
0
0
0
0
0
0
0
0
0
0
0
0
0
0
0
0
0
0
0
0
0
0
0
0
0
0
0
0
0
0
0
0
0
0
0
0
0
0
0
0
0
0
0
0
0
0
0
0
0
0
0
0
0
0
0
0
0
0
0
0
0
0
0
0
0
0
0
0
0
0
0
4.3585
-2.1753
0
-2.1832
0
0
0
0
0
0
0
0
0
0
0
0
0
0
0
0
0
0
0
0
0
0
0
0
0
0
0
0
0
0
0
0
0
0
0
0
0
0
0
0
0
0
0
0
0
0
0
0
0
0
0
0
0
0
0
0
0
0
0
0
0
0
0
0
-2.2088
0
0
0
0
0
0
0
0
0
0
0
0
0
0
0
0
0
0
0
0
0
0
0
0
0
0
0
0
0
0
0
0
0
0
0
0
0
0
0
0
0
0
0
0
0
0
0
0
0
0
0
0
0
0
0
0
-2.1753
4.384
0
0
0
0
0
0
0
0
0
0
0
0
0
0
0
0
0
0
0
0
0
0
0
0
0
0
0
0
0
0
0
0
0
0
0
0
0
0
0
0
0
0
0
0
0
0
0
0
0
0
0
0
0
0
0
0
-1.9487
0
0
0
0
0
0
0
0
0
0
0
0
0
0
0
0
0
0
0
0
0
0
0
0
0
0
0
0
0
0
0
0
0
0
0
0
0
0
0
0
0
0
0
0
0
0
0
0
0
0
0
0
0
0
0
0
-2.157
0
0
0
0
0
0
0
0
0
0
0
4.1057
0
0
0
0
0
0
0
0
0
0
0
0
0
0
0
0
0
0
0
0
0
0
0
0
0
0
0
0
0
0
0
0
0
0
0
0
0
0
0
0
0
0
0
0
0
0
0
0
0
0
0
0
0
0
0
0
0
0
0
0
0
0
0
0
0
0
0
0
0
0
0
0
0
0
0
0
0
0
0
0
0
-2.1687
0
0
0
0
0
0
0
0
0
0
0
0
0
0
0
0
0
0
0
0
0
0
0
0
0
0
0
0
0
0
0
0
0
0
0
0
0
0
0
0
-2.1832
0
0
4.3519
0
0
0
0
0
0
0
0
0
0
0
0
0
0
0
0
0
0
0
0
0
0
0
0
0
0
0
0
0
0
0
0
0
0
0
0
0
0
0
0
0
0
0
0
-4.4373
0
0
0
0
0
0
0
0
0
0
0
0
0
0
0
0
0
0
0
0
0
0
0
0
0
0
0
0
0
0
0
0
0
0
0
0
0
0
0
0
0
0
0
0
0
0
0
0
0
0
0
0
0
0
0
0
0
0
0
0
0
0
0
0
0
0
0
0
0
0
0
0
0
0
0
0
0
0
0
0
4.4373
0
0
0
0
0
0
0
0
0
0
0
0
0
0
0
0
0
0
0
0
0
0
0
0
0
0
0
0
0
0
0
0
0
0
0
0
0
0
0
0
0
0
0
0
0
0
0
0
0
0
0
0
0
0
0
0
-4.6097
0
0
0
0
0
0
0
0
0
0
0
0
0
0
0
0
0
0
0
0
0
0
0
0
0
0
0
0
0
0
0
0
0
0
0
0
0
0
0
0
0
0
0
0
0
0
0
0
0
0
0
0
0
0
0
0
0
0
0
0
0
0
0
0
0
0
0
0
4.6097
0
0
0
0
0
0
0
0
0
0
0
0
0
0
0
0
0
0
0
0
0
0
0
0
0
0
0
0
0
0
0
0
0
0
0
0
0
0
0
0
0
0
0
0
0
0
0
0
0
0
0
0
0
0
0
0
0
0
0
0
0
0
0
-3.4036
0
0
0
0
0
0
0
0
0
0
0
0
0
0
0
0
0
0
0
0
0
0
0
0
0
0
0
0
0
0
0
0
0
0
0
0
0
0
0
0
0
0
0
0
0
0
0
0
0
0
0
0
0
0
0
0
0
0
0
0
0
3.4036
0
0
0
0
0
0
0
0
0
0
0
0
0
0
0
0
0
0
0
0
0
0
0
0
0
0
0
0
0
0
0
0
0
0
0
0
-4.9049
0
0
0
0
0
0
0
0
0
0
0
0
0
0
0
0
0
0
0
0
0
0
0
0
0
0
0
0
0
0
0
0
0
0
0
0
0
0
0
0
0
0
0
0
0
0
0
0
0
0
0
0
0
0
0
0
0
0
0
0
0
0
0
0
0
0
0
0
0
0
0
0
0
0
0
0
0
0
0
0
0
0
0
0
0
0
0
0
4.9049
0
0
0
0
0
0
0
0
0
0
0
0
0
0
0
0
0
0
0
0
0
0
0
0
0
0
0
0
0
0
0
0
0
0
0
0
0
0
0
0
0
0
0
0
0
0
0
0
0
0
0
0
0
0
0
0
0
0
0
0
0
0
0
0
0
0
0
0
0
0
0
0
0
0
0
0
0
0
0
0
0
0
0
0
0
0
-2.2372
0
0
0
0
0
0
0
0
0
0
0
0
0
0
0
0
0
0
0
0
0
0
0
0
0
0
0
0
0
0
0
0
0
0
0
0
0
0
2.2372
0
0
0
0
0
0
0
0
0
0
0
0
0
0
0
0
0
0
0
0
0
0
0
0
0
0
0
0
0
0
0
0
0
0
0
0
0
0
0
0
0
0
0
0
0
0
0
0
0
0
0
0
0
0
0
0
0
0
0
0
0
0
0
0
0
0
0
0
0
0
0
0
0
0
0
0
0
0
0
0
0
0
0
0
0
0
0
0
0
0
0
0
0
0
0
-2.4316
0
0
0
0
0
0
0
0
0
0
0
0
0
0
0
0
0
0
0
0
0
0
0
0
0
0
0
0
0
2.4316
0
0
0
0
0
0
0
0
0
0
0
0
0
0
0
0
0
0
0
0
0
0
0
0
0
0
0
0
0
0
0
0
0
0
0
0
-4.6632
0
0
0
0
0
0
0
0
0
0
0
0
0
0
0
0
0
0
0
0
0
0
0
0
0
0
0
0
0
0
0
0
0
0
0
0
0
0
0
0
0
0
0
0
0
0
0
0
0
0
0
0
0
0
0
0
0
0
0
0
0
0
0
0
0
0
0
0
0
0
0
0
0
0
0
0
0
0
0
0
0
0
0
0
0
0
0
0
4.6632
0
0
0
0
0
0
0
0
0
0
0
0
0
0
0
0
0
0
0
0
0
0
0
0
-5.2528
0
0
0
0
0
0
0
0
0
0
0
0
0
0
0
0
0
0
0
0
0
0
0
0
0
0
0
0
0
0
0
0
0
0
0
0
0
0
0
0
0
0
0
0
0
0
0
0
0
0
0
0
0
0
0
0
0
0
0
0
0
0
0
0
0
0
0
0
0
0
0
0
0
0
0
0
0
0
0
0
0
0
0
0
0
0
0
0
0
0
0
0
0
0
0
0
0
0
0
0
5.2528
0
0
0
0
0
0
0
0
0
0
0
0
0
0
0
0
0
0
0
0
0
0
0
0
0
0
0
0
0
0
0
0
0
0
0
0
0
0
0
0
0
0
0
0
0
0
0
0
0
0
-3.5948
0
0
0
0
0
0
0
0
0
0
0
0
0
0
0
0
0
0
0
0
0
0
0
0
0
0
0
0
0
0
0
0
0
0
0
0
0
0
0
0
0
0
0
0
0
0
0
0
0
0
0
0
0
0
0
0
0
0
0
0
0
0
0
0
0
0
0
0
0
0
0
0
0
0
3.5948
0
0
0
0
0
0
0
0
0
0
0
0
0
0
0
0
0
0
0
0
0
0
0
0
0
0
0
0
0
0
0
0
0
0
0
0
0
0
0
0
0
0
0
0
0
0
0
0
0
0
0
0
0
0
0
0
0
0
0
0
0
0
0
0
0
0
0
0
0
0
0
0
0
0
0
0
0
0
0
0
0
0
0
0
0
0
0
0
0
0
0
0
0
0
0
0
0
0
0
0
0
0
0
-1.903
0
0
0
0
0
0
0
0
0
0
0
0
0
0
0
0
0
0
0
0
0
1.903
0
0
0
0
0
0
0
0
0
0
0
0
0
0
0
0
0
0
0
0
0
0
0
0
0
0
0
0
0
0
0
0
0
0
0
0
0
0
0
0
0
0
0
0
0
0
0
0
0
0
0
0
0
0
0
0
0
0
0
0
0
0
0
0
0
0
0
0
0
0
0
0
0
0
0
0
0
0
0
0
0
0
0
0
0
0
0
0
0
0
0
-1.3128
0
0
0
0
0
0
0
0
0
0
0
0
0
0
0
0
0
0
0
0
0
0
0
0
0
0
0
0
0
0
0
0
0
1.3128
0
0
0
0
0
0
0
0
0
0
0
0
0
0
0
0
0
0
0
0
0
0
0
0
0
0
0
0
0
0
0
0
0
0
0
0
0
0
0
0
0
0
-3.8411
0
0
0
0
0
0
0
0
0
0
0
0
0
0
0
0
0
0
0
0
0
0
0
0
0
0
0
0
0
0
0
0
0
0
0
0
0
0
0
0
0
0
0
0
0
0
0
0
0
0
0
0
0
0
0
0
0
0
0
0
0
0
0
0
0
0
0
0
0
0
0
0
0
0
0
0
0
0
0
0
0
0
3.8411
0
0
0
0
0
0
0
0
0
0
0
0
0
0
0
0
0
0
0
0
0
0
0
0
0
0
0
0
0
0
0
0
0
0
0
0
0
0
0
0
0
0
0
0
0
0
0
0
0
0
0
0
0
0
0
0
0
0
0
0
0
0
0
0
0
0
0
0
0
0
0
0
0
0
0
0
0
0
0
-2.6746
0
0
0
0
0
0
0
0
0
0
0
0
0
0
0
0
0
0
0
0
0
0
0
0
0
0
0
0
0
0
0
0
0
0
0
0
0
0
0
0
0
0
0
0
0
2.6746
0
0
0
0
0
0
0
0
0
0
0
0
0
0
0
0
0
0
0
0
0
0
0
0
0
0
0
0
0
0
0
0
0
0
0
0
0
0
0
0
0
0
0
0
0
0
0
0
0
0
0
0
0
0
0
0
0
0
0
0
0
0
0
0
0
0
0
0
0
0
0
0
0
0
0
-2.6491
0
0
0
0
0
0
0
0
0
0
0
0
0
0
0
0
0
0
0
0
0
0
0
0
0
0
0
0
0
0
0
0
0
0
0
0
0
0
0
0
0
0
0
0
0
0
0
0
0
2.6491
0
0
0
0
0
0
0
0
0
0
0
0
0
0
0
0
0
0
0
0
0
0
0
0
0
0
0
0
0
0
0
0
0
0
0
0
0
0
0
0
0
0
0
0
0
0
0
0
-3.5131
0
0
0
0
0
0
0
0
0
0
0
0
0
0
0
0
0
0
0
0
0
0
0
0
0
0
0
0
0
0
0
0
0
0
0
0
0
0
0
0
0
0
0
0
0
0
0
0
0
0
0
0
0
0
0
0
0
0
0
0
0
0
0
0
0
0
0
0
0
0
0
0
0
0
0
0
3.5131
0
0
0
0
0
0
0
0
0
0
0
0
0
0
0
0
0
0
0
0
0
0
0
0
0
0
0
0
0
0
0
0
0
0
0
0
0
0
0
0
0
0
0
0
0
0
0
0
0
0
0
0
0
0
0
0
0
0
0
0
0
0
0
0
0
0
0
0
0
0
0
0
0
0
0
0
0
0
0
0
0
0
0
0
0
0
0
0
0
0
0
0
0
0
0
0
0
0
-2.7782
0
0
0
0
0
0
0
0
0
0
0
0
0
0
0
0
0
0
0
0
0
0
0
0
0
0
2.7782
0
0
0
0
0
0
0
0
0
0
0
0
0
0
-5.2528
0
0
0
0
0
0
0
0
0
0
0
0
0
0
0
0
0
0
0
0
0
0
0
0
0
0
0
0
0
0
0
0
0
0
0
0
0
0
0
0
0
0
0
0
0
0
0
0
0
0
0
0
0
0
0
0
0
0
0
0
0
0
0
0
0
0
0
0
0
0
0
0
0
0
0
0
0
0
0
0
0
0
0
0
0
0
0
0
0
0
0
0
0
0
0
0
0
0
0
0
0
0
0
0
0
0
0
0
0
0
5.2528
0
0
0
0
0
0
0
0
0
0
0
0
0
0
0
0
0
0
0
0
0
0
0
0
0
0
0
0
0
0
0
-4.1478
0
0
0
0
0
0
0
0
0
0
0
0
0
0
0
0
0
0
0
0
0
0
0
0
0
0
0
0
0
0
0
0
0
0
0
0
0
0
0
0
0
0
0
0
0
0
0
0
0
0
0
0
0
0
0
0
0
0
0
0
0
0
0
0
0
0
0
0
0
0
0
0
0
0
0
0
0
0
0
0
0
0
0
0
0
0
0
0
0
0
0
0
0
4.1478
0
0
0
0
0
0
0
0
0
0
0
0
0
0
0
0
0
0
0
0
0
0
0
0
0
0
0
0
0
0
0
0
0
0
0
0
0
0
0
0
0
0
0
0
0
0
0
0
-3.337
0
0
0
0
0
0
0
0
0
0
0
0
0
0
0
0
0
0
0
0
0
0
0
0
0
0
0
0
0
0
0
0
0
0
0
0
0
0
0
0
0
0
0
0
0
0
0
0
0
0
0
0
0
0
0
0
0
0
0
0
0
0
0
0
0
0
0
0
0
0
0
0
0
0
0
0
3.337
0
0
0
0
0
0
0
0
0
0
0
0
0
0
0
0
0
0
0
0
0
0
0
0
0
0
0
0
0
0
0
0
0
0
0
0
0
0
-4.6096
0
0
0
0
0
0
0
0
0
0
0
0
0
0
0
0
0
0
0
0
0
0
0
0
0
0
0
0
0
0
0
0
0
0
0
0
0
0
0
0
0
0
0
0
0
0
0
0
0
0
0
0
0
0
0
0
0
0
0
0
0
0
0
0
0
0
0
0
0
0
0
0
0
0
0
0
0
0
0
0
0
0
0
0
0
0
4.6096
0
0
0
0
0
0
0
0
0
0
0
0
0
0
0
0
0
0
0
0
0
0
0
0
0
0
0
0
0
0
0
0
0
0
0
0
0
0
0
0
0
0
0
0
0
0
0
0
0
0
0
0
0
0
0
0
0
0
0
0
0
0
0
0
0
0
0
0
0
0
0
0
0
0
0
-0.24587
0
0
0
0
0
0
0
0
0
0
0
0
0
0
0
0
0
0
0
0
0
0
0
0
0
0
0
0
0
0
0
0
0
0
0
0
0
0
0
0
0
0
0
0
0
0
0
0
0
0.24587
0
0
0
0
0
0
0
0
0
0
0
0
0
0
0
0
0
0
0
0
0
0
0
0
0
0
0
0
0
0
0
0
0
0
-3.7051
0
0
0
0
0
0
0
0
0
0
0
0
0
0
0
0
0
0
0
0
0
0
0
0
0
0
0
0
0
0
0
0
0
0
0
0
0
0
0
0
0
0
0
0
0
0
0
0
0
0
0
0
0
0
0
0
0
0
0
0
0
0
0
0
0
0
0
0
0
0
0
0
0
0
0
0
0
0
0
0
0
0
0
0
0
0
0
0
0
0
3.7051
0
0
0
0
0
0
0
0
0
0
0
0
0
0
0
0
0
0
0
0
0
0
0
0
0
0
0
0
0
0
0
0
0
0
0
0
0
0
0
0
0
0
0
0
0
0
0
0
0
0
0
0
0
0
-2.7314
0
0
0
0
0
0
0
0
0
0
0
0
0
0
0
0
0
0
0
0
0
0
0
0
0
0
0
0
0
0
0
0
0
0
0
0
0
0
0
0
0
0
0
0
0
0
0
0
0
0
0
0
0
0
0
0
0
0
0
0
0
0
0
0
0
0
0
0
0
0
2.7314
0
0
0
0
0
0
0
0
0
0
0
0
0
0
0
0
0
0
0
0
0
0
0
0
0
0
0
0
0
0
0
0
0
0
0
0
0
0
0
0
0
0
0
0
0
0
0
0
0
0
0
0
0
0
0
0
0
0
0
0
0
0
0
0
0
0
0
0
0
0
0
0
0
0
0
0
0
0
0
0
0
0
0
0
0
0
0
-2.6071
0
0
0
0
0
0
0
0
0
0
0
0
0
0
0
0
0
0
0
0
0
0
0
0
0
0
0
0
0
0
0
0
0
0
0
0
0
2.6071
0
0
0
0
0
0
0
0
0
0
0
0
0
0
0
0
0
0
0
0
0
0
0
0
0
0
0
0
0
0
0
0
0
0
0
0
0
0
0
0
0
0
0
0
0
0
0
0
0
0
0
0
0
0
0
0
0
0
0
0
0
-2.6359
0
0
0
0
0
0
0
0
0
0
0
0
0
0
0
0
0
0
0
0
0
0
0
0
0
0
0
0
0
0
0
0
0
0
0
0
0
0
0
0
0
0
0
0
0
0
0
0
0
0
0
0
0
0
0
0
0
0
0
0
0
0
0
2.6359
0
0
0
0
0
0
0
0
0
0
0
0
0
0
0
0
0
0
0
0
0
0
0
0
0
0
0
0
0
0
0
0
0
0
0
0
0
0
0
0
0
0
0
0
0
0
0
0
0
0
0
0
0
0
0
0
0
0
0
0
0
0
0
0
-2.5538
0
0
0
0
0
0
0
0
0
0
0
0
0
0
0
0
0
0
0
0
0
0
0
0
0
0
0
0
0
0
0
0
0
0
0
0
0
0
0
0
0
0
0
0
0
0
0
0
0
0
0
0
0
0
0
0
0
0
0
0
2.5538
0
0
0
0
0
0
0
0
0
0
0
0
0
0
0
0
0
0
0
0
0
0
0
0
0
-4.1056
0
0
0
0
0
0
0
0
0
0
0
0
0
0
0
0
0
0
0
0
0
0
0
0
0
0
0
0
0
0
0
0
0
0
0
0
0
0
0
0
0
0
0
0
0
0
0
0
0
0
0
0
0
0
0
0
0
0
0
0
0
0
0
0
0
0
0
0
0
0
0
0
0
0
0
0
0
0
0
0
0
0
0
0
0
0
0
0
0
0
0
0
0
0
0
0
0
0
0
4.1056
0
0
0
0
0
0
0
0
0
0
0
0
0
0
0
0
0
0
0
0
0
0
0
0
0
0
0
0
0
0
0
0
0
0
0
0
0
0
0
0
0
0
0
0
0
0
0
0
0
0
0
0
0
0
0
0
0
0
0
0
0
0
0
0
0
-2.1105
0
0
0
0
0
0
0
0
0
0
0
0
0
0
0
0
0
0
0
0
0
0
0
0
0
0
0
0
0
0
0
0
0
0
0
0
0
0
0
0
0
0
0
0
0
0
0
0
0
0
0
0
0
0
0
0
0
0
0
2.1105
0
0
0
0
0
0
0
0
0
0
0
0
0
-4.6012
0
0
0
0
0
0
0
0
0
0
0
0
0
0
0
0
0
0
0
0
0
0
0
0
0
0
0
0
0
0
0
0
0
0
0
0
0
0
0
0
0
0
0
0
0
0
0
0
0
0
0
0
0
0
0
0
0
0
0
0
0
0
0
0
0
0
0
0
0
0
0
0
0
0
0
0
0
0
0
0
0
0
0
0
0
0
0
0
0
0
0
0
0
0
0
0
0
0
0
0
0
0
0
0
0
0
0
0
0
0
0
4.6012
0
0
0
0
0
0
0
0
0
0
0
0
0
0
0
0
0
0
0
0
0
0
0
0
0
0
0
0
0
0
0
0
0
0
0
0
0
0
0
0
0
0
0
0
0
0
0
0
0
0
0
0
0
0
0
0
0
0
0
0
0
0
0
0
0
0
0
0
0
0
0
0
0
0
0
0
0
0
-1.0754
0
0
0
0
0
0
0
0
0
0
0
0
0
0
0
0
0
0
0
0
0
0
0
0
0
0
0
0
0
0
0
0
0
0
0
0
0
0
0
0
0
0
0
0
0
0
1.0754
