57.7073
-0.9125
-0.91401
-0.91346
-0.92348
-0.91431
-0.91303
-0.9135
-0.90574
-0.90573
-0.90574
-0.90574
-0.90574
-0.91229
-0.9168
-0.9168
-0.9168
-0.91256
-0.92163
-0.90923
-0.90924
-0.91443
-0.90923
-0.91819
-0.90823
-0.90748
-0.90248
-0.90142
-0.90462
-0.91398
-0.90474
-0.90393
-0.90612
-0.91108
-0.91204
-0.90854
-0.91051
-0.91304
-0.91449
-0.90697
-0.92282
-0.92031
-0.94537
-0.96161
-0.93162
-0.93156
-0.93155
-0.93165
-0.93156
-0.93159
-0.86136
0
-1.5612
0
0
0
0
0
0
0
-1.4324
-1.5779
0
0
0
0
0
0
0
0
0
-2.9561
0
0
0
0
0
0
0
0
0
0
0
0
0
0
0
0
0
0
0
-4.4587
0
0
0
0
0
0
0
0
0
-0.9125
48.7529
-0.91017
-0.91025
-0.92032
-0.91118
-0.91069
-0.91041
-0.90243
-0.90244
-0.90243
-0.90243
-0.90243
-0.90885
-0.91368
-0.91368
-0.91368
-0.90904
-0.91936
-0.90613
-0.90613
-0.91336
-0.90613
-0.91624
-0.90525
-0.90438
-0.89962
-0.8983
-0.90271
-0.91333
-0.90303
-0.90081
-0.90569
-0.90784
-0.90869
-0.90517
-0.90707
-0.90981
-0.91122
-0.90324
-0.91996
-0.9163
-0.94132
-0.95825
-0.92758
-0.92751
-0.9275
-0.92761
-0.92751
-0.92753
0
0
0
0
0
0
-1.062
0
0
0
-1.4146
-1.5651
0
0
0
0
0
0
0
0
0
0
0
0
0
0
0
0
0
0
0
0
0
0
0
0
0
0
0
0
0
0
0
0
0
0
0
0
0
0
0
-0.91401
-0.91017
49.2934
-0.91175
-0.92181
-0.91269
-0.91224
-0.9118
-0.90395
-0.90395
-0.90395
-0.90396
-0.90395
-0.91044
-0.91521
-0.91522
-0.91522
-0.91049
-0.92084
-0.90765
-0.90764
-0.91481
-0.90764
-0.91792
-0.9067
-0.9059
-0.90091
-0.89982
-0.90423
-0.91481
-0.90385
-0.90234
-0.90724
-0.90938
-0.91025
-0.90672
-0.90864
-0.91119
-0.91256
-0.90483
-0.92159
-0.91793
-0.94312
-0.96008
-0.92922
-0.92915
-0.92914
-0.92926
-0.92915
-0.92918
0
0
0
0
0
0
0
0
0
-1.5257
-1.4165
-1.5666
0
0
0
0
0
0
0
0
0
0
0
0
0
0
0
0
0
0
0
0
0
0
0
0
0
0
0
0
0
0
0
0
0
0
0
0
0
0
0
-0.91346
-0.91025
-0.91175
47.6018
-0.92033
-0.91142
-0.91112
-0.91072
-0.90273
-0.90274
-0.90274
-0.90274
-0.90274
-0.90923
-0.91405
-0.91406
-0.91406
-0.90961
-0.91988
-0.90655
-0.90655
-0.91405
-0.90654
-0.91699
-0.90588
-0.90481
-0.89995
-0.89872
-0.90334
-0.91412
-0.90371
-0.90124
-0.90658
-0.90824
-0.90907
-0.90556
-0.90745
-0.91017
-0.91134
-0.90356
-0.91852
-0.91658
-0.94227
-0.95892
-0.92767
-0.9276
-0.92759
-0.9277
-0.9276
-0.92762
0
-1.4594
0
0
0
0
0
0
0
0
-1.4123
0
0
0
0
0
0
0
0
0
0
0
0
0
0
0
0
0
0
0
0
0
0
0
0
0
0
0
0
0
0
0
0
0
0
0
0
0
0
0
0
-0.92348
-0.92032
-0.92181
-0.92033
49.4348
-0.92016
-0.91986
-0.91952
-0.91144
-0.91144
-0.91143
-0.91145
-0.91143
-0.91765
-0.92273
-0.92275
-0.92274
-0.91798
-0.92811
-0.91512
-0.91511
-0.92168
-0.91511
-0.92471
-0.91447
-0.91336
-0.90854
-0.90722
-0.91117
-0.92118
-0.91133
-0.90975
-0.91341
-0.9169
-0.91782
-0.91428
-0.91624
-0.91899
-0.92008
-0.9125
-0.92927
-0.92579
-0.95109
-0.9676
-0.93736
-0.9373
-0.93729
-0.93739
-0.93729
-0.93731
0
0
0
0
0
0
0
0
0
0
0
0
0
0
0
0
0
0
0
0
0
0
0
0
0
0
0
0
0
0
0
0
0
0
0
0
0
0
0
0
0
0
0
0
-4.2835
0
0
0
0
0
0
-0.91431
-0.91118
-0.91269
-0.91142
-0.92016
46.1666
-0.91128
-0.91084
-0.90294
-0.90295
-0.90294
-0.90295
-0.90294
-0.90928
-0.91432
-0.91432
-0.91432
-0.90969
-0.91975
-0.90676
-0.90676
-0.91368
-0.90676
-0.91717
-0.9058
-0.90502
-0.90016
-0.89893
-0.90325
-0.91375
-0.90371
-0.90144
-0.90624
-0.90847
-0.90935
-0.90583
-0.90773
-0.91046
-0.9109
-0.90393
-0.92036
-0.91702
-0.94238
-0.95944
-0.92856
-0.92849
-0.92848
-0.92859
-0.92849
-0.92851
0
0
0
0
0
0
0
0
-1.4219
0
0
0
0
0
0
0
0
0
0
0
0
0
0
0
0
0
0
0
0
0
0
0
0
0
0
0
0
0
0
0
0
0
0
0
0
0
0
0
0
0
0
-0.91303
-0.91069
-0.91224
-0.91112
-0.91986
-0.91128
46.2899
-0.91045
-0.90252
-0.90252
-0.90252
-0.90252
-0.90252
-0.90906
-0.91394
-0.91396
-0.91395
-0.90928
-0.9195
-0.90639
-0.90639
-0.9136
-0.90639
-0.91669
-0.90552
-0.90463
-0.89978
-0.89855
-0.90304
-0.91368
-0.90333
-0.90105
-0.90621
-0.90807
-0.90894
-0.90541
-0.90731
-0.90993
-0.91128
-0.90348
-0.92024
-0.91654
-0.94183
-0.95896
-0.92793
-0.92786
-0.92786
-0.92796
-0.92786
-0.92788
0
0
-1.5644
0
0
0
0
0
0
0
0
0
0
0
0
0
0
0
0
0
0
0
0
0
0
0
0
0
0
0
0
0
0
0
0
0
0
0
0
0
0
0
0
0
0
0
0
0
0
0
0
-0.9135
-0.91041
-0.9118
-0.91072
-0.91952
-0.91084
-0.91045
46.07
-0.90223
-0.90224
-0.90223
-0.90223
-0.90224
-0.90871
-0.9136
-0.91361
-0.91361
-0.90898
-0.9191
-0.90605
-0.90604
-0.91317
-0.90603
-0.91613
-0.90525
-0.90429
-0.89937
-0.89821
-0.90261
-0.9132
-0.90242
-0.90072
-0.90571
-0.90774
-0.90861
-0.9051
-0.907
-0.90968
-0.91079
-0.9032
-0.91965
-0.91628
-0.94134
-0.95862
-0.92772
-0.92766
-0.92765
-0.92775
-0.92766
-0.92767
0
0
0
0
0
0
0
0
0
0
0
0
0
0
0
0
0
0
0
-1.3607
0
0
0
0
0
0
0
0
0
0
0
0
0
0
0
0
0
0
0
0
0
0
0
0
0
0
0
0
0
0
0
-0.90574
-0.90243
-0.90395
-0.90273
-0.91144
-0.90294
-0.90252
-0.90223
44.3166
-0.89255
-0.89255
-0.89255
-0.89256
-0.90088
-0.90554
-0.90555
-0.90555
-0.90093
-0.91101
-0.89804
-0.89803
-0.90529
-0.89803
-0.90813
-0.89732
-0.89628
-0.89161
-0.89021
-0.89472
-0.90528
-0.89515
-0.8927
-0.89788
-0.89965
-0.9005
-0.89699
-0.89887
-0.90158
-0.90275
-0.89504
-0.9116
-0.90799
-0.93311
-0.94996
-0.91941
-0.91935
-0.91934
-0.91945
-0.91935
-0.91936
0
0
0
0
0
0
0
0
0
0
0
0
0
0
0
0
0
0
0
0
0
0
0
0
0
0
0
0
0
0
0
0
0
0
0
0
0
0
0
0
0
0
0
0
0
0
0
0
0
0
0
-0.90573
-0.90244
-0.90395
-0.90274
-0.91144
-0.90295
-0.90252
-0.90224
-0.89255
44.3168
-0.89255
-0.89255
-0.89256
-0.90088
-0.90554
-0.90555
-0.90555
-0.90093
-0.91101
-0.89804
-0.89803
-0.90529
-0.89803
-0.90813
-0.89732
-0.89627
-0.89162
-0.89022
-0.89472
-0.90527
-0.89515
-0.89271
-0.89788
-0.89965
-0.9005
-0.897
-0.89887
-0.90158
-0.90276
-0.89505
-0.91161
-0.90799
-0.93311
-0.94997
-0.91943
-0.91935
-0.91935
-0.91945
-0.91935
-0.91937
0
0
0
0
0
0
0
0
0
0
0
0
0
0
0
0
0
0
0
0
0
0
0
0
0
0
0
0
0
0
0
0
0
0
0
0
0
0
0
0
0
0
0
0
0
0
0
0
0
0
0
-0.90574
-0.90243
-0.90395
-0.90274
-0.91143
-0.90294
-0.90252
-0.90223
-0.89255
-0.89255
44.3166
-0.89256
-0.89255
-0.90087
-0.90554
-0.90555
-0.90555
-0.90093
-0.91101
-0.89804
-0.89804
-0.90529
-0.89804
-0.90813
-0.89732
-0.89626
-0.89162
-0.89023
-0.89471
-0.90526
-0.89514
-0.8927
-0.89788
-0.89965
-0.9005
-0.897
-0.89887
-0.90158
-0.90275
-0.89504
-0.9116
-0.908
-0.9331
-0.94996
-0.91942
-0.91935
-0.91935
-0.91945
-0.91935
-0.91937
0
0
0
0
0
0
0
0
0
0
0
0
0
0
0
0
0
0
0
0
0
0
0
0
0
0
0
0
0
0
0
0
0
0
0
0
0
0
0
0
0
0
0
0
0
0
0
0
0
0
0
-0.90574
-0.90243
-0.90396
-0.90274
-0.91145
-0.90295
-0.90252
-0.90223
-0.89255
-0.89255
-0.89256
44.3167
-0.89255
-0.90088
-0.90554
-0.90555
-0.90554
-0.90093
-0.91102
-0.89803
-0.89804
-0.9053
-0.89803
-0.90813
-0.89733
-0.89627
-0.89162
-0.89022
-0.89471
-0.90527
-0.89515
-0.89271
-0.89788
-0.89966
-0.9005
-0.897
-0.89887
-0.90158
-0.90275
-0.89505
-0.9116
-0.90799
-0.93311
-0.94996
-0.91941
-0.91935
-0.91935
-0.91944
-0.91934
-0.91937
0
0
0
0
0
0
0
0
0
0
0
0
0
0
0
0
0
0
0
0
0
0
0
0
0
0
0
0
0
0
0
0
0
0
0
0
0
0
0
0
0
0
0
0
0
0
0
0
0
0
0
-0.90574
-0.90243
-0.90395
-0.90274
-0.91143
-0.90294
-0.90252
-0.90224
-0.89256
-0.89256
-0.89255
-0.89255
44.3166
-0.90088
-0.90554
-0.90554
-0.90555
-0.90093
-0.91101
-0.89803
-0.89802
-0.90529
-0.89803
-0.90813
-0.89733
-0.89627
-0.89162
-0.89021
-0.89471
-0.90526
-0.89515
-0.89271
-0.89788
-0.89966
-0.9005
-0.89699
-0.89886
-0.90157
-0.90275
-0.89504
-0.91161
-0.90799
-0.93311
-0.94997
-0.91941
-0.91935
-0.91934
-0.91944
-0.91935
-0.91938
0
0
0
0
0
0
0
0
0
0
0
0
0
0
0
0
0
0
0
0
0
0
0
0
0
0
0
0
0
0
0
0
0
0
0
0
0
0
0
0
0
0
0
0
0
0
0
0
0
0
0
-0.91229
-0.90885
-0.91044
-0.90923
-0.91765
-0.90928
-0.90906
-0.90871
-0.90088
-0.90088
-0.90087
-0.90088
-0.90088
42.7626
-0.90961
-0.90961
-0.90962
-0.90483
-0.91277
-0.90188
-0.90187
-0.90339
-0.90187
-0.9092
-0.90058
-0.89998
-0.89513
-0.89385
-0.89666
-0.90469
-0.89703
-0.89628
-0.89763
-0.90339
-0.90434
-0.90082
-0.90279
-0.90555
-0.90674
-0.89917
-0.9159
-0.9123
0
0
0
0
0
0
0
0
0
0
0
0
0
0
0
0
0
0
0
0
0
0
0
-1.7744
0
0
0
0
0
0
0
0
0
0
0
0
0
0
0
0
-3.9008
0
0
0
0
0
0
0
0
0
0
0
0
0
0
0
0
0
0
-0.9168
-0.91368
-0.91521
-0.91405
-0.92273
-0.91432
-0.91394
-0.9136
-0.90554
-0.90554
-0.90554
-0.90554
-0.90554
-0.90961
37.3313
-0.91438
-0.91438
-0.90965
-0.92166
-0.90738
-0.90737
-0.91431
-0.90737
-0.91913
-0.9071
-0.90561
-0.9011
-0.8994
-0.90459
-0.91817
-0.90545
-0.90197
-0.90828
-0.90925
-0.91036
-0.90673
-0.9086
-0.91147
-0.91266
-0.9045
-0.9217
-0.91711
0
0
0
0
0
0
0
0
0
0
0
0
0
0
0
0
0
0
0
0
0
0
0
0
0
0
0
0
0
0
0
0
0
0
0
0
0
0
0
0
0
0
0
0
0
0
0
0
0
0
0
0
0
0
0
0
0
0
0
-0.9168
-0.91368
-0.91522
-0.91406
-0.92275
-0.91432
-0.91396
-0.91361
-0.90555
-0.90555
-0.90555
-0.90555
-0.90554
-0.90961
-0.91438
37.3316
-0.9144
-0.90967
-0.92167
-0.90738
-0.90738
-0.91431
-0.90738
-0.91914
-0.9071
-0.90561
-0.90111
-0.8994
-0.9046
-0.91817
-0.90545
-0.90197
-0.90829
-0.90926
-0.91036
-0.90674
-0.90861
-0.91148
-0.91266
-0.90449
-0.92171
-0.91711
0
0
0
0
0
0
0
0
0
0
0
0
0
0
0
0
0
0
0
0
0
0
0
0
0
0
0
0
0
0
0
0
0
0
0
0
0
0
0
0
0
0
0
0
0
0
0
0
0
0
0
0
0
0
0
0
0
0
0
-0.9168
-0.91368
-0.91522
-0.91406
-0.92274
-0.91432
-0.91395
-0.91361
-0.90555
-0.90555
-0.90555
-0.90554
-0.90555
-0.90962
-0.91438
-0.9144
37.3315
-0.90967
-0.92167
-0.90738
-0.90738
-0.91431
-0.90737
-0.91914
-0.9071
-0.90561
-0.9011
-0.8994
-0.90459
-0.91818
-0.90546
-0.90198
-0.90829
-0.90926
-0.91036
-0.90674
-0.90861
-0.91147
-0.91266
-0.9045
-0.9217
-0.91711
0
0
0
0
0
0
0
0
0
0
0
0
0
0
0
0
0
0
0
0
0
0
0
0
0
0
0
0
0
0
0
0
0
0
0
0
0
0
0
0
0
0
0
0
0
0
0
0
0
0
0
0
0
0
0
0
0
0
0
-0.91256
-0.90904
-0.91049
-0.90961
-0.91798
-0.90969
-0.90928
-0.90898
-0.90093
-0.90093
-0.90093
-0.90093
-0.90093
-0.90483
-0.90965
-0.90967
-0.90967
36.6191
-0.9163
-0.90351
-0.90352
-0.90945
-0.90351
-0.91419
-0.90256
-0.90111
-0.89632
-0.89474
-0.89972
-0.91202
-0.89945
-0.89718
-0.9016
-0.90424
-0.90534
-0.90173
-0.90364
-0.90649
-0.90766
-0.89969
0
0
0
0
0
0
0
0
0
0
0
0
0
0
0
0
0
0
0
0
0
0
-1.309
0
0
0
0
0
0
0
0
0
0
0
0
0
0
0
0
0
0
0
0
0
0
0
0
0
0
0
0
0
0
0
0
0
0
0
0
0
0
-0.92163
-0.91936
-0.92084
-0.91988
-0.92811
-0.91975
-0.9195
-0.9191
-0.91101
-0.91101
-0.91101
-0.91102
-0.91101
-0.91277
-0.92166
-0.92167
-0.92167
-0.9163
39.1141
-0.91339
-0.91338
-0.91635
-0.91338
-0.92306
-0.91266
-0.91152
-0.90676
-0.90526
-0.90924
-0.91912
-0.90964
-0.90776
-0.91143
-0.91518
-0.91623
-0.91263
-0.91462
-0.91749
-0.9187
-0.91084
0
0
0
0
0
0
0
0
0
0
0
0
0
0
0
0
0
0
0
0
0
0
0
0
0
0
0
0
0
0
0
0
0
0
0
0
0
0
0
0
0
0
0
0
0
0
0
0
0
0
0
0
0
-3.4181
0
0
0
0
0
0
0
-0.90923
-0.90613
-0.90765
-0.90655
-0.91512
-0.90676
-0.90639
-0.90605
-0.89804
-0.89804
-0.89804
-0.89803
-0.89803
-0.90188
-0.90738
-0.90738
-0.90738
-0.90351
-0.91339
35.1925
-0.89723
-0.90685
-0.89722
-0.9111
-0.89768
-0.8974
-0.89289
-0.89113
-0.89535
-0.90826
-0.89823
-0.89381
-0.90224
-0.90163
-0.9026
-0.89893
-0.90063
-0.90335
-0.90455
-0.89645
0
0
0
0
0
0
0
0
0
0
0
0
0
0
0
0
0
0
0
0
0
0
0
0
0
0
0
0
0
0
0
0
0
0
0
0
0
0
0
0
0
0
0
0
0
0
0
0
0
0
0
0
0
0
0
0
0
0
0
0
0
-0.90924
-0.90613
-0.90764
-0.90655
-0.91511
-0.90676
-0.90639
-0.90604
-0.89803
-0.89803
-0.89804
-0.89804
-0.89802
-0.90187
-0.90737
-0.90738
-0.90738
-0.90352
-0.91338
-0.89723
35.1924
-0.90684
-0.89723
-0.91109
-0.89768
-0.89741
-0.89289
-0.89112
-0.89534
-0.90826
-0.89823
-0.89381
-0.90223
-0.90162
-0.9026
-0.89892
-0.90063
-0.90335
-0.90454
-0.89645
0
0
0
0
0
0
0
0
0
0
0
0
0
0
0
0
0
0
0
0
0
0
0
0
0
0
0
0
0
0
0
0
0
0
0
0
0
0
0
0
0
0
0
0
0
0
0
0
0
0
0
0
0
0
0
0
0
0
0
0
0
-0.91443
-0.91336
-0.91481
-0.91405
-0.92168
-0.91368
-0.9136
-0.91317
-0.90529
-0.90529
-0.90529
-0.9053
-0.90529
-0.90339
-0.91431
-0.91431
-0.91431
-0.90945
-0.91635
-0.90685
-0.90684
41.7663
-0.90685
-0.91227
-0.90502
-0.90472
-0.89963
-0.89841
-0.90052
-0.90747
-0.90026
-0.90082
-0.90032
-0.90826
-0.90938
-0.90582
-0.90787
-0.91065
0
0
0
0
0
0
0
0
0
0
0
0
0
0
0
0
0
0
0
0
0
0
0
0
0
0
0
0
0
0
0
0
0
0
0
0
0
0
0
0
0
0
0
0
0
-4.0785
-4.0785
0
0
0
0
0
0
0
0
0
0
0
0
0
0
0
0
-0.90923
-0.90613
-0.90764
-0.90654
-0.91511
-0.90676
-0.90639
-0.90603
-0.89803
-0.89803
-0.89804
-0.89803
-0.89803
-0.90187
-0.90737
-0.90738
-0.90737
-0.90351
-0.91338
-0.89722
-0.89723
-0.90685
35.1923
-0.91109
-0.89768
-0.89741
-0.89288
-0.89111
-0.89534
-0.90826
-0.89823
-0.89381
-0.90223
-0.90162
-0.9026
-0.89893
-0.90063
-0.90335
-0.90454
-0.89645
0
0
0
0
0
0
0
0
0
0
0
0
0
0
0
0
0
0
0
0
0
0
0
0
0
0
0
0
0
0
0
0
0
0
0
0
0
0
0
0
0
0
0
0
0
0
0
0
0
0
0
0
0
0
0
0
0
0
0
0
0
-0.91819
-0.91624
-0.91792
-0.91699
-0.92471
-0.91717
-0.91669
-0.91613
-0.90813
-0.90813
-0.90813
-0.90813
-0.90813
-0.9092
-0.91913
-0.91914
-0.91914
-0.91419
-0.92306
-0.9111
-0.91109
-0.91227
-0.91109
38.6094
-0.90954
-0.90875
-0.90346
-0.90213
-0.90542
-0.91573
-0.90629
-0.90462
-0.90725
-0.91231
-0.91353
-0.90986
-0.91187
0
0
0
0
0
0
0
0
0
0
0
0
0
0
0
0
0
0
0
0
0
0
0
0
0
0
0
0
0
0
0
0
0
0
0
0
0
0
0
0
0
-2.5181
0
0
0
0
0
0
0
-3.2465
0
0
0
0
0
0
0
0
0
0
0
0
0
0
-0.90823
-0.90525
-0.9067
-0.90588
-0.91447
-0.9058
-0.90552
-0.90525
-0.89732
-0.89732
-0.89732
-0.89733
-0.89733
-0.90058
-0.9071
-0.9071
-0.9071
-0.90256
-0.91266
-0.89768
-0.89768
-0.90502
-0.89768
-0.90954
34.8314
-0.89736
-0.89177
-0.89019
-0.89013
-0.90633
-0.89597
-0.89277
-0.89932
-0.90064
-0.90172
-0.89797
-0.89943
0
0
0
0
0
0
0
0
0
0
0
0
0
0
0
0
0
0
0
0
0
0
0
0
0
0
0
0
0
0
0
0
0
0
0
0
0
0
-2.3794
0
0
0
0
0
0
0
0
0
0
0
0
0
0
0
0
0
0
0
0
0
0
0
0
0
-0.90748
-0.90438
-0.9059
-0.90481
-0.91336
-0.90502
-0.90463
-0.90429
-0.89628
-0.89627
-0.89626
-0.89627
-0.89627
-0.89998
-0.90561
-0.90561
-0.90561
-0.90111
-0.91152
-0.8974
-0.89741
-0.90472
-0.89741
-0.90875
-0.89736
33.3261
-0.89049
-0.8882
-0.89479
-0.90598
-0.89614
-0.89148
-0.89833
-0.89954
-0.90058
-0.89681
-0.89863
-0.90137
0
0
0
0
0
0
0
0
0
0
0
0
0
0
0
0
0
0
0
0
0
0
0
0
0
0
0
0
0
0
0
0
0
0
0
0
0
0
0
0
0
0
0
0
0
0
0
0
0
0
0
0
0
0
0
0
0
0
0
0
0
0
0
-0.90248
-0.89962
-0.90091
-0.89995
-0.90854
-0.90016
-0.89978
-0.89937
-0.89161
-0.89162
-0.89162
-0.89162
-0.89162
-0.89513
-0.9011
-0.90111
-0.9011
-0.89632
-0.90676
-0.89289
-0.89289
-0.89963
-0.89288
-0.90346
-0.89177
-0.89049
32.3222
-0.88117
-0.88898
-0.90016
-0.88778
-0.88624
-0.89326
-0.89447
-0.89563
-0.8917
0
0
0
0
0
0
0
0
0
0
0
0
0
0
0
0
0
0
0
0
0
0
0
0
0
0
0
0
0
0
0
0
0
0
0
0
0
-0.96838
0
0
0
0
0
0
0
0
0
0
0
0
0
0
0
0
0
0
0
0
0
0
0
0
0
0
0
-0.90142
-0.8983
-0.89982
-0.89872
-0.90722
-0.89893
-0.89855
-0.89821
-0.89021
-0.89022
-0.89023
-0.89022
-0.89021
-0.89385
-0.8994
-0.8994
-0.8994
-0.89474
-0.90526
-0.89113
-0.89112
-0.89841
-0.89111
-0.90213
-0.89019
-0.8882
-0.88117
32.1995
-0.88769
-0.89926
-0.88748
-0.88534
-0.8922
-0.89321
-0.89426
-0.89045
-0.89186
0
0
0
0
0
0
0
0
0
0
0
0
0
0
0
0
0
0
0
0
0
0
0
0
0
0
0
0
0
0
0
0
0
0
0
0
0
0
0
0
0
0
0
0
0
0
0
0
0
0
0
0
0
0
0
0
0
0
0
0
0
0
0
0
-0.90462
-0.90271
-0.90423
-0.90334
-0.91117
-0.90325
-0.90304
-0.90261
-0.89472
-0.89472
-0.89471
-0.89471
-0.89471
-0.89666
-0.90459
-0.9046
-0.90459
-0.89972
-0.90924
-0.89535
-0.89534
-0.90052
-0.89534
-0.90542
-0.89013
-0.89479
-0.88898
-0.88769
34.3357
-0.90092
-0.89196
-0.88986
-0.89224
-0.89772
-0.8989
-0.89513
0
0
0
0
0
0
0
0
0
0
0
0
0
0
0
0
0
0
0
0
0
0
0
0
0
0
0
0
0
0
0
0
0
0
0
0
0
0
0
0
0
0
0
0
0
0
0
0
0
0
0
-2.8875
0
0
0
0
0
0
0
0
0
0
0
0
0
-0.91398
-0.91333
-0.91481
-0.91412
-0.92118
-0.91375
-0.91368
-0.9132
-0.90528
-0.90527
-0.90526
-0.90527
-0.90526
-0.90469
-0.91817
-0.91817
-0.91818
-0.91202
-0.91912
-0.90826
-0.90826
-0.90747
-0.90826
-0.91573
-0.90633
-0.90598
-0.90016
-0.89926
-0.90092
37.5744
-0.89984
-0.90048
-0.90037
-0.90808
0
0
0
0
0
0
0
0
0
0
0
0
0
0
0
0
0
0
0
0
0
0
0
0
0
0
0
0
0
0
0
0
0
0
0
0
0
0
0
0
0
0
0
0
0
0
0
0
0
0
0
0
0
0
-3.7851
0
0
0
0
0
0
0
0
0
0
0
-3.7851
-0.90474
-0.90303
-0.90385
-0.90371
-0.91133
-0.90371
-0.90333
-0.90242
-0.89515
-0.89515
-0.89514
-0.89515
-0.89515
-0.89703
-0.90545
-0.90545
-0.90546
-0.89945
-0.90964
-0.89823
-0.89823
-0.90026
-0.89823
-0.90629
-0.89597
-0.89614
-0.88778
-0.88748
-0.89196
-0.89984
33.1473
-0.88869
0
0
0
0
0
0
0
0
0
0
0
0
0
0
0
0
0
0
0
0
0
0
0
0
0
0
0
0
0
0
0
0
-1.4682
0
0
0
0
-1.3434
0
0
0
0
0
0
0
0
0
0
0
0
0
0
0
0
0
0
0
-2.4522
0
0
0
0
0
0
0
0
0
0
0
-0.90393
-0.90081
-0.90234
-0.90124
-0.90975
-0.90144
-0.90105
-0.90072
-0.8927
-0.89271
-0.8927
-0.89271
-0.89271
-0.89628
-0.90197
-0.90197
-0.90198
-0.89718
-0.90776
-0.89381
-0.89381
-0.90082
-0.89381
-0.90462
-0.89277
-0.89148
-0.88624
-0.88534
-0.88986
-0.90048
-0.88869
30.5009
-0.89289
-0.89652
-0.89783
0
0
0
0
0
0
0
0
0
0
0
0
0
0
0
0
0
0
0
0
0
0
0
0
0
0
0
0
0
0
0
0
0
0
0
0
0
0
0
0
0
0
0
0
0
0
0
0
0
0
0
0
0
0
0
0
0
0
0
0
0
0
0
0
0
0
-0.90612
-0.90569
-0.90724
-0.90658
-0.91341
-0.90624
-0.90621
-0.90571
-0.89788
-0.89788
-0.89788
-0.89788
-0.89788
-0.89763
-0.90828
-0.90829
-0.90829
-0.9016
-0.91143
-0.90224
-0.90223
-0.90032
-0.90223
-0.90725
-0.89932
-0.89833
-0.89326
-0.8922
-0.89224
-0.90037
0
-0.89289
34.9277
0
0
0
0
0
0
0
0
0
0
0
0
0
0
0
0
0
0
0
0
0
0
0
0
0
0
0
0
0
0
0
0
0
0
0
0
0
0
0
0
0
0
0
0
0
0
0
0
0
0
0
0
0
0
0
0
0
-3.4813
0
0
0
0
-3.4814
0
0
0
0
0
-0.91108
-0.90784
-0.90938
-0.90824
-0.9169
-0.90847
-0.90807
-0.90774
-0.89965
-0.89965
-0.89965
-0.89966
-0.89966
-0.90339
-0.90925
-0.90926
-0.90926
-0.90424
-0.91518
-0.90163
-0.90162
-0.90826
-0.90162
-0.91231
-0.90064
-0.89954
-0.89447
-0.89321
-0.89772
-0.90808
0
-0.89652
0
28.0422
0
0
0
0
0
0
0
0
0
0
0
0
0
0
0
0
0
0
0
0
0
0
0
0
0
0
0
0
0
0
0
0
0
0
0
0
0
0
0
0
0
0
0
0
0
0
0
0
0
0
0
0
0
0
0
0
0
0
0
0
0
0
0
0
0
0
0
-0.91204
-0.90869
-0.91025
-0.90907
-0.91782
-0.90935
-0.90894
-0.90861
-0.9005
-0.9005
-0.9005
-0.9005
-0.9005
-0.90434
-0.91036
-0.91036
-0.91036
-0.90534
-0.91623
-0.9026
-0.9026
-0.90938
-0.9026
-0.91353
-0.90172
-0.90058
-0.89563
-0.89426
-0.8989
0
0
-0.89783
0
0
27.1639
0
0
0
0
0
0
0
0
0
0
0
0
0
0
0
0
0
0
0
0
0
0
0
0
0
0
0
0
0
0
0
0
0
0
0
0
0
0
0
0
0
0
0
0
0
0
0
0
0
0
0
0
0
0
0
0
0
0
0
0
0
0
0
0
0
0
-0.90854
-0.90517
-0.90672
-0.90556
-0.91428
-0.90583
-0.90541
-0.9051
-0.89699
-0.897
-0.897
-0.897
-0.89699
-0.90082
-0.90673
-0.90674
-0.90674
-0.90173
-0.91263
-0.89893
-0.89892
-0.90582
-0.89893
-0.90986
-0.89797
-0.89681
-0.8917
-0.89045
-0.89513
0
0
0
0
0
0
26.1615
0
0
0
0
0
0
0
0
0
0
0
0
0
0
0
0
0
0
0
0
0
0
0
0
0
0
0
0
0
0
0
0
0
0
0
0
0
0
0
0
0
0
0
0
0
0
0
0
0
0
0
0
0
0
0
0
0
0
0
0
0
0
0
0
0
-0.91051
-0.90707
-0.90864
-0.90745
-0.91624
-0.90773
-0.90731
-0.907
-0.89887
-0.89887
-0.89887
-0.89887
-0.89886
-0.90279
-0.9086
-0.90861
-0.90861
-0.90364
-0.91462
-0.90063
-0.90063
-0.90787
-0.90063
-0.91187
-0.89943
-0.89863
0
-0.89186
0
0
0
0
0
0
0
0
24.4247
0
0
0
0
0
0
0
0
0
0
0
0
0
0
0
0
0
0
0
0
0
0
0
0
0
0
0
0
0
0
0
0
0
0
0
0
0
0
0
0
0
0
0
0
0
0
0
0
0
0
0
0
0
0
0
0
0
0
0
0
0
0
0
0
-0.91304
-0.90981
-0.91119
-0.91017
-0.91899
-0.91046
-0.90993
-0.90968
-0.90158
-0.90158
-0.90158
-0.90158
-0.90157
-0.90555
-0.91147
-0.91148
-0.91147
-0.90649
-0.91749
-0.90335
-0.90335
-0.91065
-0.90335
0
0
-0.90137
0
0
0
0
0
0
0
0
0
0
0
22.6523
0
0
0
0
0
0
0
0
0
0
0
0
-0.86506
0
0
0
0
0
0
0
0
0
0
0
0
0
0
0
0
0
0
0
0
0
0
0
0
0
0
0
0
0
0
0
0
0
0
0
0
0
0
0
0
0
0
0
0
0
0
0
0
0
0
-0.91449
-0.91122
-0.91256
-0.91134
-0.92008
-0.9109
-0.91128
-0.91079
-0.90275
-0.90276
-0.90275
-0.90275
-0.90275
-0.90674
-0.91266
-0.91266
-0.91266
-0.90766
-0.9187
-0.90455
-0.90454
0
-0.90454
0
0
0
0
0
0
0
0
0
0
0
0
0
0
0
21.4675
0
0
0
0
0
0
0
0
0
0
0
0
0
0
0
0
0
0
-1.4664
0
0
0
0
0
0
0
0
0
0
0
0
0
0
0
0
0
0
0
0
0
0
0
0
0
0
0
0
0
0
0
0
0
0
0
0
0
0
0
0
0
0
0
-0.90697
-0.90324
-0.90483
-0.90356
-0.9125
-0.90393
-0.90348
-0.9032
-0.89504
-0.89505
-0.89504
-0.89505
-0.89504
-0.89917
-0.9045
-0.90449
-0.9045
-0.89969
-0.91084
-0.89645
-0.89645
0
-0.89645
0
0
0
0
0
0
0
0
0
0
0
0
0
0
0
0
19.8295
0
0
0
0
0
0
0
0
0
0
0
0
0
0
0
0
0
0
0
0
0
0
0
0
0
0
0
0
0
0
0
0
0
0
0
0
0
0
0
0
0
0
0
0
0
0
0
0
0
0
0
0
0
0
0
0
0
0
0
0
0
-0.92282
-0.91996
-0.92159
-0.91852
-0.92927
-0.92036
-0.92024
-0.91965
-0.9116
-0.91161
-0.9116
-0.9116
-0.91161
-0.9159
-0.9217
-0.92171
-0.9217
0
0
0
0
0
0
0
0
0
0
0
0
0
0
0
0
0
0
0
0
0
0
0
17.0288
0
0
0
0
0
0
0
0
0
0
-1.4174
0
0
0
0
0
0
0
0
0
0
0
0
0
0
0
0
0
0
0
0
0
0
0
0
0
0
0
0
0
0
0
0
0
0
0
0
0
0
0
0
0
0
0
0
0
0
0
0
0
-0.92031
-0.9163
-0.91793
-0.91658
-0.92579
-0.91702
-0.91654
-0.91628
-0.90799
-0.90799
-0.908
-0.90799
-0.90799
-0.9123
-0.91711
-0.91711
-0.91711
0
0
0
0
0
0
0
0
0
0
0
0
0
0
0
0
0
0
0
0
0
0
0
0
15.5503
0
0
0
0
0
0
0
0
0
0
0
0
0
0
0
0
0
0
0
0
0
0
0
0
0
0
0
0
0
0
0
0
0
0
0
0
0
0
0
0
0
0
0
0
0
0
0
0
0
0
0
0
0
0
0
0
0
0
0
-0.94537
-0.94132
-0.94312
-0.94227
-0.95109
-0.94238
-0.94183
-0.94134
-0.93311
-0.93311
-0.9331
-0.93311
-0.93311
0
0
0
0
0
0
0
0
0
0
0
0
0
0
0
0
0
0
0
0
0
0
0
0
0
0
0
0
0
13.4394
0
0
0
0
0
0
0
0
0
0
0
0
-1.2252
0
0
0
0
0
0
0
0
0
0
0
0
0
0
0
0
0
0
0
0
0
0
0
0
0
0
0
0
0
0
0
0
0
0
0
0
0
0
0
0
0
0
0
0
0
-0.96161
-0.95825
-0.96008
-0.95892
-0.9676
-0.95944
-0.95896
-0.95862
-0.94996
-0.94997
-0.94996
-0.94996
-0.94997
0
0
0
0
0
0
0
0
0
0
0
0
0
0
0
0
0
0
0
0
0
0
0
0
0
0
0
0
0
0
14.4526
0
0
0
0
0
0
0
0
0
0
0
0
0
0
0
0
0
0
0
0
0
0
0
0
0
0
0
0
0
0
0
0
0
0
0
0
0
-2.0193
0
0
0
0
0
0
0
0
0
0
0
0
0
0
0
0
0
0
0
-0.93162
-0.92758
-0.92922
-0.92767
-0.93736
-0.92856
-0.92793
-0.92772
-0.91941
-0.91943
-0.91942
-0.91941
-0.91941
0
0
0
0
0
0
0
0
0
0
0
0
0
0
0
0
0
0
0
0
0
0
0
0
0
0
0
0
0
0
0
12.0348
0
0
0
0
0
0
0
0
0
0
0
0
0
0
0
0
0
0
0
0
0
0
0
0
0
0
0
0
0
0
0
0
0
0
0
0
0
0
0
0
0
0
0
0
0
0
0
0
0
0
0
0
0
0
0
0
-0.93156
-0.92751
-0.92915
-0.9276
-0.9373
-0.92849
-0.92786
-0.92766
-0.91935
-0.91935
-0.91935
-0.91935
-0.91935
0
0
0
0
0
0
0
0
0
0
0
0
0
0
0
0
0
0
0
0
0
0
0
0
0
0
0
0
0
0
0
0
12.0339
0
0
0
0
0
0
0
0
0
0
0
0
0
0
0
0
0
0
0
0
0
0
0
0
0
0
0
0
0
0
0
0
0
0
0
0
0
0
0
0
0
0
0
0
0
0
0
0
0
0
0
0
0
0
0
-0.93155
-0.9275
-0.92914
-0.92759
-0.93729
-0.92848
-0.92786
-0.92765
-0.91934
-0.91935
-0.91935
-0.91935
-0.91934
0
0
0
0
0
0
0
0
0
0
0
0
0
0
0
0
0
0
0
0
0
0
0
0
0
0
0
0
0
0
0
0
0
12.0338
0
0
0
0
0
0
0
0
0
0
0
0
0
0
0
0
0
0
0
0
0
0
0
0
0
0
0
0
0
0
0
0
0
0
0
0
0
0
0
0
0
0
0
0
0
0
0
0
0
0
0
0
0
0
-0.93165
-0.92761
-0.92926
-0.9277
-0.93739
-0.92859
-0.92796
-0.92775
-0.91945
-0.91945
-0.91945
-0.91944
-0.91944
0
0
0
0
0
0
0
0
0
0
0
0
0
0
0
0
0
0
0
0
0
0
0
0
0
0
0
0
0
0
0
0
0
0
12.0351
0
0
0
0
0
0
0
0
0
0
0
0
0
0
0
0
0
0
0
0
0
0
0
0
0
0
0
0
0
0
0
0
0
0
0
0
0
0
0
0
0
0
0
0
0
0
0
0
0
0
0
0
0
-0.93156
-0.92751
-0.92915
-0.9276
-0.93729
-0.92849
-0.92786
-0.92766
-0.91935
-0.91935
-0.91935
-0.91934
-0.91935
0
0
0
0
0
0
0
0
0
0
0
0
0
0
0
0
0
0
0
0
0
0
0
0
0
0
0
0
0
0
0
0
0
0
0
12.0338
0
0
0
0
0
0
0
0
0
0
0
0
0
0
0
0
0
0
0
0
0
0
0
0
0
0
0
0
0
0
0
0
0
0
0
0
0
0
0
0
0
0
0
0
0
0
0
0
0
0
0
0
-0.93159
-0.92753
-0.92918
-0.92762
-0.93731
-0.92851
-0.92788
-0.92767
-0.91936
-0.91937
-0.91937
-0.91937
-0.91938
0
0
0
0
0
0
0
0
0
0
0
0
0
0
0
0
0
0
0
0
0
0
0
0
0
0
0
0
0
0
0
0
0
0
0
0
12.0341
0
0
0
0
0
0
0
0
0
0
0
0
0
0
0
0
0
0
0
0
0
0
0
0
0
0
0
0
0
0
0
0
0
0
0
0
0
0
0
0
0
0
0
0
0
0
0
0
0
0
0
-0.86136
0
0
0
0
0
0
0
0
0
0
0
0
0
0
0
0
0
0
0
0
0
0
0
0
0
0
0
0
0
0
0
0
0
0
0
0
-0.86506
0
0
0
0
0
0
0
0
0
0
0
0
6.2078
0
0
0
0
0
-1.1243
0
0
0
0
0
-1.229
0
0
0
0
0
0
0
-1.616
0
0
0
0
0
0
0
0
0
0
0
0
0
0
0
0
0
0
0
0
0
0
0
0
0
-0.51208
0
0
0
0
0
0
0
-1.4594
0
0
0
0
0
0
0
0
0
0
0
0
0
0
0
0
0
0
0
0
0
0
0
0
0
0
0
0
0
0
0
0
0
0
0
0
-1.4174
0
0
0
0
0
0
0
0
0
0
8.987
0
0
0
0
0
0
0
0
0
0
0
0
0
0
-1.7624
0
0
0
0
0
0
0
-2.1057
0
0
0
0
0
0
0
0
0
0
-2.2421
0
0
0
0
0
0
0
0
0
0
0
0
0
0
0
-1.5612
0
0
0
0
0
-1.5644
0
0
0
0
0
0
0
0
0
0
0
0
0
0
0
0
0
0
0
0
0
0
0
0
0
0
0
0
0
0
0
0
0
0
0
0
0
0
0
0
0
0
0
0
0
7.3964
-1.8183
0
0
0
0
0
0
0
0
0
0
0
0
0
0
0
0
0
0
0
0
0
0
0
0
0
0
0
0
0
0
0
0
0
0
0
0
0
0
0
0
0
0
0
-2.4525
0
0
0
0
0
0
0
0
0
0
0
0
0
0
0
0
0
0
0
0
0
0
0
0
0
0
0
0
0
0
0
0
0
0
0
0
0
0
0
0
0
0
0
0
0
0
0
0
0
0
0
0
0
0
0
-1.8183
7.4852
0
0
0
0
0
-1.756
0
0
0
0
0
0
0
0
0
0
0
0
0
0
0
-1.9609
0
-1.9501
0
0
0
0
0
0
0
0
0
0
0
0
0
0
0
0
0
0
0
0
0
0
0
0
0
0
0
0
0
0
0
0
0
0
0
0
0
0
0
0
0
0
0
0
0
0
0
0
0
0
0
0
0
0
0
0
0
0
0
0
0
0
0
0
0
0
0
0
0
0
0
0
0
0
0
0
0
7.2283
0
-1.9041
-1.5449
0
0
0
0
0
0
0
0
-1.6255
0
0
0
0
0
0
0
0
0
0
-2.1538
0
0
0
0
0
0
0
0
0
0
0
0
0
0
0
0
0
0
0
0
0
0
0
0
0
0
0
0
0
0
0
0
0
0
0
0
0
0
0
0
0
0
0
0
0
0
0
0
0
0
0
0
0
0
0
0
0
0
0
0
0
0
0
0
0
-1.2252
0
0
0
0
0
0
0
0
0
0
0
0
6.5731
0
0
0
0
0
0
0
0
-1.802
0
0
0
-1.7365
0
0
0
0
0
0
0
0
0
0
-1.8095
0
0
0
0
0
0
0
0
0
0
0
0
0
0
0
0
0
0
0
0
0
0
-1.062
0
0
0
0
0
0
0
0
0
0
0
0
0
0
0
0
0
0
0
0
0
0
0
0
0
0
0
0
0
0
0
0
0
0
0
0
0
0
0
0
0
0
0
0
0
0
0
0
-1.1243
0
0
0
-1.9041
0
5.481
0
0
0
0
0
0
0
0
0
0
0
0
0
0
0
0
0
0
0
0
0
0
0
0
0
0
0
0
0
0
0
0
0
0
0
0
0
0
0
0
0
-1.3906
0
0
0
0
0
0
0
0
0
0
0
0
0
0
0
0
0
0
0
0
0
0
0
0
0
0
0
0
0
0
0
0
0
0
0
0
0
0
0
0
-1.4664
0
0
0
0
0
0
0
0
0
0
0
0
0
0
0
-1.5449
0
0
6.8288
-1.575
0
0
0
0
0
0
0
0
0
0
0
0
0
0
0
0
0
0
0
0
0
-2.2426
0
0
0
0
0
0
0
0
0
0
0
0
0
0
0
0
0
0
0
0
0
0
0
0
0
-1.4219
0
0
0
0
0
0
0
0
0
0
0
0
0
0
0
0
0
0
0
0
0
0
0
0
0
0
0
0
0
0
0
0
0
0
0
0
0
0
0
0
0
0
0
0
0
0
0
0
0
0
0
-1.575
6.8679
0
0
0
0
0
0
0
-1.8756
0
0
0
0
0
0
0
0
0
0
0
-1.9954
0
0
0
0
0
0
0
0
0
0
0
0
0
0
0
0
0
0
0
0
0
0
0
0
-1.5257
0
0
0
0
0
0
0
0
0
0
0
0
0
0
0
0
0
0
0
0
0
0
0
0
0
0
0
0
0
0
0
0
0
0
0
0
0
0
0
0
0
0
0
0
0
0
0
0
0
0
-1.756
0
0
0
0
0
7.2025
0
0
0
0
-1.581
0
0
0
0
0
0
0
0
0
0
0
0
0
0
0
0
0
0
0
0
0
0
0
0
0
0
0
0
0
0
0
0
0
0
-2.3399
0
-1.4324
-1.4146
-1.4165
-1.4123
0
0
0
0
0
0
0
0
0
0
0
0
0
0
0
0
0
0
0
0
0
0
0
0
0
0
0
0
0
0
0
0
0
0
0
0
0
0
0
0
0
0
0
0
0
0
0
0
0
0
0
0
0
0
0
0
5.6758
0
0
0
0
0
0
0
0
0
0
0
0
0
0
0
0
0
0
0
0
0
0
0
0
0
0
0
0
0
0
0
0
0
0
0
0
0
0
0
0
-1.5779
-1.5651
-1.5666
0
0
0
0
0
0
0
0
0
0
0
0
0
0
0
0
0
0
0
0
0
0
0
0
0
0
0
0
0
0
0
0
0
0
0
0
0
0
0
0
0
0
0
0
0
0
0
0
0
0
0
0
0
0
0
0
0
0
5.1799
0
0
0
0
0
0
0
0
0
0
0
0
0
0
0
0
0
0
0
0
0
0
0
0
0
0
0
0
0
0
-0.47032
0
0
0
0
0
0
0
0
0
0
0
0
0
0
0
0
0
0
0
0
0
0
0
0
0
-1.309
0
0
0
0
0
0
0
0
0
0
0
0
0
0
0
0
0
0
0
0
0
0
0
0
0
0
0
0
0
0
0
0
-1.229
0
0
0
0
0
0
0
0
0
0
0
6.0149
-1.7177
0
0
0
0
0
0
0
0
-1.7592
0
0
0
0
0
0
0
0
0
0
0
0
0
0
0
0
0
0
0
0
0
0
0
0
0
0
0
0
0
0
0
0
0
0
0
0
0
0
0
0
0
0
0
0
0
0
0
0
0
0
0
0
0
0
0
0
0
0
0
0
0
0
0
0
0
0
0
0
0
0
0
0
0
0
0
0
0
0
0
0
0
0
0
0
0
0
0
0
0
0
-1.7177
5.3822
0
-1.921
0
0
-1.7435
0
0
0
0
0
0
0
0
0
0
0
0
0
0
0
0
0
0
0
0
0
0
0
0
0
0
0
0
0
0
0
0
0
0
0
0
0
0
0
0
0
0
0
0
0
0
0
0
0
0
0
0
0
0
0
0
0
0
0
0
0
0
-1.4682
0
0
0
0
0
0
0
0
0
0
0
0
0
0
0
0
0
0
0
0
0
0
0
0
-1.802
0
0
0
-1.581
0
0
0
0
4.8511
0
0
0
0
0
0
0
0
0
0
0
0
0
0
0
0
0
0
0
0
0
0
0
0
0
0
0
0
0
0
0
0
0
0
0
0
0
0
0
0
0
0
0
0
0
0
0
0
0
-1.7744
0
0
0
0
0
0
0
0
0
0
0
0
0
0
0
0
0
0
0
0
0
0
0
0
0
0
0
0
0
0
0
0
0
0
0
0
0
0
0
0
0
0
0
0
0
0
0
0
0
-1.921
0
5.291
0
0
0
0
0
-1.5956
0
0
0
0
0
0
0
0
0
0
0
0
0
0
0
0
0
0
0
0
0
0
0
0
0
0
0
0
0
0
0
0
0
0
0
0
0
0
0
0
0
0
0
0
0
0
0
0
0
0
0
0
0
0
0
0
0
0
0
0
0
0
0
0
0
0
0
0
0
0
0
0
0
0
0
0
0
0
0
0
-1.7624
0
0
-1.6255
0
0
0
-1.8756
0
0
0
0
0
0
0
5.2636
0
0
0
0
0
0
0
0
0
0
0
0
0
0
0
0
0
0
0
0
0
0
0
0
0
0
0
0
0
0
0
0
0
0
0
0
0
0
0
0
0
0
0
0
0
0
0
0
0
0
0
0
0
0
0
0
0
0
0
0
0
0
0
0
0
0
0
0
0
0
0
0
0
0
0
0
0
0
0
0
0
0
0
0
0
0
0
0
0
0
0
0
0
0
0
0
0
0
0
0
0
4.8166
0
0
-1.5745
0
0
-1.2858
0
0
-1.9563
0
0
0
0
0
0
0
0
0
0
0
0
0
0
0
0
0
0
0
0
0
0
0
0
0
0
0
0
0
0
0
0
0
0
0
0
0
0
0
0
0
0
0
0
0
0
0
0
0
0
0
0
0
0
0
0
0
0
0
0
0
0
0
0
0
0
0
0
0
0
0
0
0
0
0
0
0
0
0
-1.7365
0
0
0
0
0
0
0
-1.7435
0
0
0
0
5.629
0
0
0
0
0
-2.149
0
0
0
0
0
0
0
0
0
0
0
0
0
0
0
0
0
0
0
0
0
0
0
0
0
0
0
0
0
0
0
0
0
-1.3607
0
0
0
0
0
0
0
0
0
0
0
0
0
0
0
0
0
0
0
0
0
0
-1.3434
0
0
0
0
0
0
0
0
0
0
0
0
0
0
0
0
0
0
0
0
0
0
0
0
0
0
0
0
0
0
0
0
0
0
0
0
0
0
4.6838
0
0
0
0
0
0
-1.9797
0
0
0
0
0
0
0
0
0
0
0
0
0
0
0
0
0
0
0
0
0
0
0
0
0
0
0
0
0
0
0
0
0
0
0
0
0
0
0
0
0
0
0
0
0
0
0
0
0
0
0
0
0
0
0
0
0
0
0
0
0
0
0
0
0
0
0
0
0
0
0
0
0
0
-1.616
0
0
0
0
0
0
0
0
0
0
0
0
0
0
0
0
-1.5745
0
0
3.1905
0
0
0
0
0
0
0
0
0
0
0
0
0
0
0
0
0
0
0
0
0
0
0
0
0
0
0
0
0
0
-2.9561
0
0
0
0
0
0
0
0
0
0
0
0
0
0
0
0
0
0
0
0
0
0
0
0
0
0
0
0
0
0
0
0
0
0
0
0
0
0
0
0
0
0
0
0
0
0
0
0
0
0
0
0
0
0
0
0
0
0
0
0
0
0
0
0
-1.5956
0
0
0
0
0
4.5518
0
0
0
0
0
0
0
0
0
0
0
0
0
0
0
0
0
0
0
0
0
0
0
0
0
0
0
0
0
0
0
0
0
0
0
0
0
0
0
0
0
0
0
0
0
0
0
0
0
0
0
0
0
0
0
0
0
0
0
0
0
0
0
0
0
0
0
0
0
0
0
0
0
0
0
0
0
0
0
0
0
0
0
0
0
0
0
0
0
0
0
-1.7592
0
0
0
0
0
0
0
0
0
3.9129
0
0
0
0
0
0
-2.1537
0
0
0
0
0
0
0
0
0
0
0
0
0
0
0
0
0
0
0
0
0
0
0
0
0
0
0
0
0
0
0
0
0
0
0
0
0
0
0
0
0
0
0
0
0
0
0
-0.96838
0
0
0
0
0
0
0
0
0
0
0
0
0
0
0
0
0
0
0
0
0
0
0
0
0
0
0
0
0
0
0
0
0
0
0
0
0
0
0
0
-1.2858
0
0
0
0
0
2.2542
0
0
0
0
0
0
0
0
0
0
0
0
0
0
0
0
0
0
0
0
0
0
0
0
0
0
0
0
0
0
0
0
0
0
0
0
0
0
0
0
0
0
0
0
0
0
0
0
0
0
0
0
0
0
0
0
0
0
0
0
0
0
0
0
0
0
0
0
0
0
0
0
0
0
0
0
0
0
-2.1057
0
0
0
0
0
0
0
0
0
0
0
0
0
0
0
0
-2.149
0
0
0
0
0
4.2547
0
0
0
0
0
0
0
0
0
0
0
0
0
0
0
0
0
0
0
0
0
0
0
0
0
0
0
0
0
0
0
0
0
0
0
0
0
0
0
0
0
0
0
0
0
0
0
0
0
0
-2.3794
0
0
0
0
0
0
0
0
0
0
0
0
0
0
0
0
0
0
0
0
0
0
0
0
0
0
0
0
-1.9609
0
0
0
0
0
0
0
0
0
0
0
0
0
0
0
0
0
0
0
0
0
4.3403
0
0
0
0
0
0
0
0
0
0
0
0
0
0
0
0
0
0
0
0
0
0
0
0
0
0
0
0
0
0
0
0
0
0
0
0
0
0
0
0
0
0
0
0
0
0
0
0
0
0
0
0
0
0
0
0
0
0
0
0
0
0
0
0
0
0
0
0
0
0
0
0
0
0
0
0
0
0
0
0
0
0
0
0
0
0
0
0
0
0
0
0
-1.9563
0
-1.9797
0
0
0
0
0
0
3.936
0
0
0
0
0
0
0
0
0
0
0
0
0
0
0
0
0
0
0
0
0
0
0
0
0
0
0
0
0
0
0
0
0
0
0
0
0
0
0
0
0
0
0
0
0
0
0
0
0
0
0
0
0
0
0
0
0
0
0
0
0
0
0
0
0
0
0
0
0
0
0
0
0
0
0
0
0
-1.9501
-2.1538
0
0
0
0
0
0
0
0
0
0
0
0
0
0
0
0
0
0
0
0
0
0
4.1039
0
0
0
0
0
0
0
0
0
0
0
0
0
0
0
0
0
0
0
0
0
0
0
0
0
0
0
0
0
0
0
0
0
0
0
0
0
0
0
0
0
0
0
0
0
0
-2.5181
0
0
0
0
0
0
0
0
0
0
0
0
0
0
0
0
0
0
0
0
0
0
0
0
0
0
0
0
0
0
0
0
0
0
-1.9954
0
0
0
0
0
0
0
0
0
0
0
0
0
0
0
0
0
0
0
4.5134
0
0
0
0
0
0
0
0
0
0
0
0
0
0
0
0
0
0
0
0
0
0
0
0
0
0
0
0
0
0
0
0
0
0
0
0
0
0
0
0
0
0
0
0
0
0
0
0
0
0
0
0
0
0
0
0
0
0
0
0
0
0
0
0
0
0
0
0
0
0
0
0
0
0
0
0
0
-1.8095
0
0
0
0
0
0
0
0
0
0
0
0
0
0
0
0
-2.1537
0
0
0
0
0
0
3.9632
0
0
0
0
0
0
0
0
0
0
0
0
0
0
0
0
0
0
0
0
0
0
0
0
0
0
0
0
0
0
0
0
0
0
0
0
0
0
0
0
0
0
0
0
0
0
0
0
0
0
0
0
0
0
0
0
0
0
0
0
0
0
0
0
0
0
0
0
0
0
0
0
0
0
0
0
0
0
-2.2426
0
0
0
0
0
0
0
0
0
0
0
0
0
0
0
0
0
0
0
0
0
0
2.2426
0
0
0
0
0
0
0
0
0
0
0
0
0
0
0
0
0
0
0
0
0
0
0
0
0
0
0
0
0
0
0
0
0
0
0
0
0
0
0
0
0
0
0
0
0
0
0
0
0
0
0
0
0
0
0
0
0
0
0
0
0
0
0
-2.0193
0
0
0
0
0
0
0
0
0
0
0
0
0
0
0
0
0
0
0
0
0
0
0
0
0
0
0
0
0
0
0
0
0
0
0
0
0
2.0193
0
0
0
0
0
0
0
0
0
0
0
0
0
0
0
0
0
0
0
0
0
0
0
0
0
0
0
0
0
0
0
0
-3.9008
0
0
0
0
0
0
0
0
0
0
0
0
0
0
0
0
0
0
0
0
0
0
0
0
0
0
0
0
0
0
0
0
0
0
0
0
0
0
0
0
0
0
0
0
0
0
0
0
0
0
0
0
0
0
0
0
0
0
0
0
0
0
0
0
0
0
0
0
3.9008
0
0
0
0
0
0
0
0
0
0
0
0
0
0
0
0
0
0
0
0
0
0
0
0
0
0
0
0
0
0
0
0
0
0
0
0
0
0
0
-4.0785
0
0
0
0
0
0
0
0
0
0
0
0
0
0
0
0
0
0
0
0
0
0
0
0
0
0
0
0
0
0
0
0
0
0
0
0
0
0
0
0
0
0
0
0
0
0
0
0
0
0
0
0
0
0
0
0
0
0
0
0
0
4.0785
0
0
0
0
0
0
0
0
0
0
0
0
0
0
0
0
0
0
0
0
0
0
0
0
0
0
0
0
0
0
0
0
0
0
0
0
0
0
-4.0785
0
0
0
0
0
0
0
0
0
0
0
0
0
0
0
0
0
0
0
0
0
0
0
0
0
0
0
0
0
0
0
0
0
0
0
0
0
0
0
0
0
0
0
0
0
0
0
0
0
0
0
0
0
0
0
0
0
0
0
0
0
0
4.0785
0
0
0
0
0
0
0
0
0
0
0
0
0
0
0
0
0
0
0
0
0
0
0
0
0
0
0
0
0
0
0
0
0
0
0
0
0
0
0
0
0
0
0
0
0
0
0
0
0
0
0
0
0
0
0
0
0
0
0
0
0
0
0
0
0
0
0
-2.2421
0
0
0
0
0
0
0
0
0
0
0
0
0
0
0
0
0
0
0
0
0
0
0
0
0
0
0
0
0
0
0
0
0
2.2421
0
0
0
0
0
0
0
0
0
0
0
0
0
0
0
0
0
0
0
0
0
0
0
0
0
0
0
0
0
0
0
0
0
0
0
0
0
0
-3.2465
0
0
0
0
0
0
0
0
0
0
0
0
0
0
0
0
0
0
0
0
0
0
0
0
0
0
0
0
0
0
0
0
0
0
0
0
0
0
0
0
0
0
0
0
0
0
0
0
0
0
0
0
0
0
0
0
0
0
0
0
0
0
3.2465
0
0
0
0
0
0
0
0
0
0
0
0
0
0
0
0
0
0
0
0
0
0
0
0
0
0
0
0
0
0
0
0
0
0
0
0
0
0
0
0
0
0
-2.8875
0
0
0
0
0
0
0
0
0
0
0
0
0
0
0
0
0
0
0
0
0
0
0
0
0
0
0
0
0
0
0
0
0
0
0
0
0
0
0
0
0
0
0
0
0
0
0
0
0
0
0
0
0
0
0
0
0
0
2.8875
0
0
0
0
0
0
0
0
0
0
0
0
0
0
0
0
0
0
0
0
0
0
0
0
0
0
0
0
0
0
0
0
0
0
0
0
0
0
0
0
0
0
-3.7851
0
0
0
0
0
0
0
0
0
0
0
0
0
0
0
0
0
0
0
0
0
0
0
0
0
0
0
0
0
0
0
0
0
0
0
0
0
0
0
0
0
0
0
0
0
0
0
0
0
0
0
0
0
0
0
0
0
0
3.7851
0
0
0
0
0
0
0
0
0
0
0
0
0
0
0
0
0
0
0
0
0
0
0
0
0
0
0
0
0
0
0
0
0
0
0
0
0
0
0
0
0
0
-2.4522
0
0
0
0
0
0
0
0
0
0
0
0
0
0
0
0
0
0
0
0
0
0
0
0
0
0
0
0
0
0
0
0
0
0
0
0
0
0
0
0
0
0
0
0
0
0
0
0
0
0
0
0
0
0
0
0
0
0
2.4522
0
0
0
0
0
0
0
0
0
0
0
0
0
0
0
0
0
0
0
0
0
0
0
0
0
0
0
0
0
0
0
0
0
0
0
0
0
0
0
0
0
0
0
-3.4813
0
0
0
0
0
0
0
0
0
0
0
0
0
0
0
0
0
0
0
0
0
0
0
0
0
0
0
0
0
0
0
0
0
0
0
0
0
0
0
0
0
0
0
0
0
0
0
0
0
0
0
0
0
0
0
0
0
3.4813
0
0
0
0
0
0
0
0
0
0
-4.4587
0
0
0
0
0
0
0
0
0
0
0
0
0
0
0
0
0
0
0
0
0
0
0
0
0
0
0
0
0
0
0
0
0
0
0
0
0
0
0
0
0
0
0
0
0
0
0
0
0
0
0
0
0
0
0
0
0
0
0
0
0
0
0
0
0
0
0
0
0
0
0
0
0
0
0
0
0
0
0
0
0
0
0
0
0
0
0
0
0
0
4.4587
0
0
0
0
0
0
0
0
0
0
0
0
0
0
0
0
0
0
0
0
0
0
0
0
0
0
0
0
0
0
0
0
0
0
0
0
0
0
0
0
0
0
0
0
0
0
0
0
0
0
0
0
0
0
0
0
0
0
0
0
0
0
0
0
0
0
0
0
0
0
-0.47032
0
0
0
0
0
0
0
0
0
0
0
0
0
0
0
0
0
0
0
0
0
0
0
0
0
0
0
0
0
0
0.47032
0
0
0
0
0
0
0
0
0
0
0
0
0
0
0
0
0
0
0
0
0
0
0
0
0
0
-3.4181
0
0
0
0
0
0
0
0
0
0
0
0
0
0
0
0
0
0
0
0
0
0
0
0
0
0
0
0
0
0
0
0
0
0
0
0
0
0
0
0
0
0
0
0
0
0
0
0
0
0
0
0
0
0
0
0
0
0
0
0
0
0
0
0
0
0
0
0
0
0
0
0
0
0
3.4181
0
0
0
0
0
0
0
0
0
0
0
-4.2835
0
0
0
0
0
0
0
0
0
0
0
0
0
0
0
0
0
0
0
0
0
0
0
0
0
0
0
0
0
0
0
0
0
0
0
0
0
0
0
0
0
0
0
0
0
0
0
0
0
0
0
0
0
0
0
0
0
0
0
0
0
0
0
0
0
0
0
0
0
0
0
0
0
0
0
0
0
0
0
0
0
0
0
0
0
0
0
0
0
4.2835
0
0
0
0
0
0
0
0
0
0
0
0
0
0
0
0
0
0
0
0
0
0
0
0
0
0
0
0
0
0
0
0
0
0
0
0
0
0
-3.4814
0
0
0
0
0
0
0
0
0
0
0
0
0
0
0
0
0
0
0
0
0
0
0
0
0
0
0
0
0
0
0
0
0
0
0
0
0
0
0
0
0
0
0
0
0
0
0
0
0
0
0
0
0
0
0
0
0
0
0
0
0
0
3.4814
0
0
0
0
0
0
0
0
0
0
0
0
0
0
0
0
0
0
0
0
0
0
0
0
0
0
0
0
0
0
0
0
0
0
0
0
0
0
0
0
0
0
0
0
0
0
0
0
0
0
0
0
0
0
0
-0.51208
0
0
0
0
0
0
0
0
0
0
0
0
0
0
0
0
0
0
0
0
0
0
0
0
0
0
0
0
0
0
0
0
0
0
0
0
0
0
0
0
0
0
0
0
0
0.51208
0
0
0
0
0
0
0
0
0
0
0
0
0
0
0
0
0
0
0
0
0
0
0
0
0
0
0
0
0
0
0
0
0
0
0
0
0
0
0
0
0
0
0
0
0
0
0
0
0
0
0
0
0
0
0
0
-2.4525
0
0
0
0
0
0
0
0
0
0
0
0
0
0
0
0
0
0
0
0
0
0
0
0
0
0
0
0
0
0
0
0
0
0
0
0
0
0
0
0
0
0
0
0
2.4525
0
0
0
0
0
0
0
0
0
0
0
0
0
0
0
0
0
0
0
0
0
0
0
0
0
0
0
0
0
0
0
0
0
0
0
0
0
0
0
0
0
0
0
0
0
0
0
0
0
0
0
0
0
0
0
0
0
0
0
-1.3906
0
0
0
0
0
0
0
0
0
0
0
0
0
0
0
0
0
0
0
0
0
0
0
0
0
0
0
0
0
0
0
0
0
0
0
0
0
0
0
0
0
1.3906
0
0
0
0
0
0
0
0
0
0
0
0
0
0
0
0
0
0
0
0
0
0
0
0
0
0
0
0
0
0
0
0
0
0
0
0
0
0
0
0
0
0
0
0
0
0
0
0
0
0
0
0
0
0
0
0
0
0
0
0
0
-2.3399
0
0
0
0
0
0
0
0
0
0
0
0
0
0
0
0
0
0
0
0
0
0
0
0
0
0
0
0
0
0
0
0
0
0
0
0
0
0
0
2.3399
0
0
0
0
0
0
0
0
0
0
0
0
0
0
0
0
0
0
0
0
0
0
0
0
0
0
0
0
0
0
-3.7851
0
0
0
0
0
0
0
0
0
0
0
0
0
0
0
0
0
0
0
0
0
0
0
0
0
0
0
0
0
0
0
0
0
0
0
0
0
0
0
0
0
0
0
0
0
0
0
0
0
0
0
0
0
0
0
0
0
0
0
0
0
0
0
0
0
0
0
0
0
0
3.7851
