60.1304
-0.88738
-0.88738
-0.88638
-0.88638
-0.89677
-0.90044
-0.89461
-0.89802
-0.89737
-0.89956
-0.89758
-0.90354
-0.88626
-0.88337
-0.90872
-0.88337
-0.89581
-0.88337
-0.89356
-0.87642
-0.88296
-0.91205
-0.88296
-0.90418
-0.88354
-0.88648
-0.88628
-0.88693
-0.88693
-0.89833
-0.88946
-0.89016
-0.88684
-0.88271
-0.89611
-0.89275
-0.88867
-0.88618
-0.88347
-0.90158
-0.89682
-0.89344
-0.89784
-0.89513
-0.89165
-0.8873
-0.88847
-0.88306
-0.92097
-0.90249
-0.99277
-0.97734
-1.0572
-1.1761
-1.2207
-1.2192
-1.104
-1.1013
-1.2459
-1.2279
0
0
-1.3173
0
0
-1.5367
0
0
0
0
0
0
0
0
0
0
0
0
0
0
-1.3421
0
0
0
0
0
0
0
0
0
0
0
0
0
0
0
0
0
0
0
0
0
0
0
0
0
0
0
0
0
0
0
0
0
-0.88738
60.238
-0.88553
-0.88582
-0.88582
-0.89638
-0.90006
-0.89409
-0.89773
-0.89704
-0.89902
-0.8971
-0.90312
-0.88578
-0.88291
-0.90844
-0.88291
-0.89532
-0.8829
-0.89314
-0.87598
-0.8825
-0.91171
-0.8825
-0.90385
-0.88307
-0.88601
-0.88582
-0.88645
-0.88645
-0.898
-0.88885
-0.88949
-0.88633
-0.88221
-0.89623
-0.89235
-0.88818
-0.88567
-0.88295
-0.90134
-0.89738
-0.89335
-0.89733
-0.89461
-0.8911
-0.88679
-0.88807
-0.88244
-0.92032
-0.90185
-0.99259
-0.97658
-1.0559
-1.1744
-1.219
-1.2175
-1.1056
-1.099
-1.2441
-1.2262
0
0
-1.3145
-1.4908
0
-1.5321
0
0
0
0
0
0
0
0
0
0
0
0
0
0
0
0
0
0
0
0
0
0
0
0
0
0
0
0
0
0
0
0
0
0
0
0
0
0
0
0
0
0
0
0
0
0
0
0
-0.88738
-0.88553
60.2381
-0.88583
-0.88582
-0.89638
-0.90006
-0.89409
-0.89773
-0.89704
-0.89902
-0.8971
-0.90311
-0.88577
-0.88291
-0.90844
-0.88291
-0.89532
-0.88291
-0.89314
-0.87599
-0.8825
-0.91171
-0.8825
-0.90386
-0.88308
-0.88602
-0.88582
-0.88645
-0.88645
-0.898
-0.88885
-0.88949
-0.88633
-0.88221
-0.89622
-0.89235
-0.88818
-0.88567
-0.88295
-0.90134
-0.89738
-0.89335
-0.89733
-0.89461
-0.8911
-0.88679
-0.88808
-0.88245
-0.92032
-0.90186
-0.99259
-0.97658
-1.0559
-1.1744
-1.219
-1.2175
-1.1056
-1.099
-1.2441
-1.2262
0
0
-1.3145
-1.4908
0
-1.5321
0
0
0
0
0
0
0
0
0
0
0
0
0
0
0
0
0
0
0
0
0
0
0
0
0
0
0
0
0
0
0
0
0
0
0
0
0
0
0
0
0
0
0
0
0
0
0
0
-0.88638
-0.88582
-0.88583
55.7996
-0.8806
-0.89115
-0.8975
-0.89075
-0.89428
-0.89317
-0.8963
-0.89374
-0.89946
-0.88244
-0.87954
-0.90443
-0.87956
-0.89215
-0.87955
-0.8895
-0.87281
-0.87913
-0.90788
-0.87913
-0.90015
-0.8797
-0.88265
-0.88245
-0.88307
-0.88306
-0.89443
-0.88559
-0.88631
-0.88293
-0.87883
-0.89231
-0.88888
-0.88476
-0.8823
-0.87958
-0.89769
-0.89403
-0.88994
-0.8939
-0.8912
-0.88843
-0.8834
-0.88441
-0.87879
-0.9169
-0.8985
-0.98852
-0.97307
-1.0513
-1.1712
-1.2155
0
-1.0983
-1.0969
-1.2419
-1.2239
0
0
-1.3136
0
0
0
0
0
0
0
0
0
0
0
0
0
0
0
0
0
0
0
0
0
0
0
0
0
0
0
0
0
0
0
0
0
0
0
0
0
0
0
0
0
0
0
0
0
0
0
0
0
0
0
-0.88638
-0.88582
-0.88582
-0.8806
55.7994
-0.89115
-0.8975
-0.89074
-0.89428
-0.89317
-0.8963
-0.89374
-0.89947
-0.88243
-0.87954
-0.90443
-0.87955
-0.89214
-0.87956
-0.8895
-0.87281
-0.87912
-0.90788
-0.87912
-0.90015
-0.8797
-0.88264
-0.88244
-0.88306
-0.88306
-0.89443
-0.88559
-0.8863
-0.88293
-0.87883
-0.8923
-0.88887
-0.88476
-0.88229
-0.87958
-0.89769
-0.89403
-0.88994
-0.8939
-0.8912
-0.88843
-0.8834
-0.88441
-0.87879
-0.9169
-0.8985
-0.98852
-0.97308
-1.0513
-1.1712
-1.2155
0
-1.0983
-1.0969
-1.2419
-1.2238
0
0
-1.3136
0
0
0
0
0
0
0
0
0
0
0
0
0
0
0
0
0
0
0
0
0
0
0
0
0
0
0
0
0
0
0
0
0
0
0
0
0
0
0
0
0
0
0
0
0
0
0
0
0
0
0
-0.89677
-0.89638
-0.89638
-0.89115
-0.89115
58.6565
-0.9026
-0.89696
-0.89945
-0.89849
-0.90323
-0.90021
-0.90593
-0.88904
-0.88574
-0.91026
-0.88574
-0.89842
-0.88574
-0.89619
-0.87918
-0.88532
-0.91424
-0.88531
-0.90598
-0.8859
-0.88887
-0.88867
-0.88931
-0.88932
-0.90039
-0.89209
-0.89353
-0.88923
-0.88511
-0.89783
-0.8946
-0.89119
-0.8886
-0.88589
-0.9027
-0.89816
-0.89553
-0.90027
-0.89755
-0.89498
-0.88991
-0.8905
-0.88489
-0.92352
-0.90426
-0.99241
-0.9776
-1.0585
-1.1801
0
0
0
0
0
0
0
0
0
0
0
0
0
0
0
0
0
0
0
-1.7252
0
0
-0.88633
0
-1.9215
0
0
0
0
0
0
0
0
0
0
0
-5.1722
0
0
0
0
0
0
0
0
0
0
0
0
0
0
0
0
0
0
0
0
0
0
0
-0.90044
-0.90006
-0.90006
-0.8975
-0.8975
-0.9026
55.7961
-0.90184
-0.905
-0.90455
-0.90822
-0.90494
-0.91094
-0.89394
-0.8906
-0.91542
-0.8906
-0.90329
-0.8906
-0.90123
-0.88405
-0.89017
-0.91906
-0.89017
-0.91117
-0.89076
-0.89374
-0.89356
-0.89421
-0.8942
-0.90539
-0.89677
-0.89851
-0.8941
-0.88996
-0.90401
-0.89964
-0.89571
-0.89344
-0.89072
-0.90819
-0.90382
-0.90075
-0.90516
-0.90243
-0.90002
-0.8943
-0.89542
-0.88967
-0.92842
-0.90897
-0.99904
-0.98327
-1.0613
-1.1852
0
0
0
0
0
0
0
0
0
0
0
0
0
0
0
0
0
-1.4535
0
0
0
0
0
0
0
0
0
0
0
0
0
0
0
0
0
0
0
0
0
0
0
0
0
0
0
0
0
0
0
0
0
0
0
0
0
0
0
0
-5.1281
0
-0.89461
-0.89409
-0.89409
-0.89075
-0.89074
-0.89696
-0.90184
48.9478
-0.89861
-0.89906
-0.90303
-0.90014
-0.9056
-0.88896
-0.88553
-0.91057
-0.88553
-0.89856
-0.88553
-0.8956
-0.87878
-0.88507
-0.91347
-0.88507
-0.90618
-0.88566
-0.8887
-0.88851
-0.88918
-0.88918
-0.90053
-0.89199
-0.89371
-0.8891
-0.88494
-0.89951
-0.89503
-0.89097
-0.88841
-0.8857
-0.90395
-0.90046
-0.89612
-0.90009
-0.89737
-0.89474
-0.88961
-0.89018
-0.88514
-0.92319
-0.90446
-0.99517
-0.97943
-1.0584
-1.18
0
0
0
0
0
0
0
0
0
0
0
0
0
0
0
0
0
0
0
0
0
0
0
0
0
0
0
0
0
0
0
0
0
0
0
0
0
0
0
0
0
0
0
0
0
0
0
0
0
0
0
0
0
0
0
0
0
0
0
0
-0.89802
-0.89773
-0.89773
-0.89428
-0.89428
-0.89945
-0.905
-0.89861
54.0536
-0.89994
-0.90447
-0.90133
-0.90144
-0.89003
-0.88669
-0.91103
-0.88669
-0.8992
-0.88669
-0.89696
-0.8798
-0.88622
-0.91481
-0.88622
-0.90692
-0.8868
-0.88976
-0.88956
-0.89021
-0.8902
-0.90124
-0.89317
-0.89458
-0.89013
-0.88599
-0.89968
-0.89529
-0.89187
-0.88945
-0.88676
-0.90292
-0.89957
-0.89654
-0.90115
-0.89842
-0.89585
-0.89048
-0.89179
-0.88594
-0.92435
-0.90539
0
0
0
0
0
0
0
0
0
0
0
0
0
0
0
0
0
0
0
0
0
0
0
0
0
0
0
0
0
-2.89
0
0
0
-1.4196
0
0
0
0
0
0
0
0
0
0
0
0
0
0
0
0
-4.9533
0
0
0
0
0
0
0
0
0
0
0
0
0
-0.89737
-0.89704
-0.89704
-0.89317
-0.89317
-0.89849
-0.90455
-0.89906
-0.89994
50.3749
-0.90458
-0.9015
-0.90708
-0.89045
-0.88713
-0.91269
-0.88714
-0.90037
-0.88714
-0.89008
-0.88033
-0.88654
-0.9151
-0.88654
-0.90744
-0.88714
-0.89016
-0.88997
-0.89065
-0.89065
-0.90166
-0.89331
-0.89452
-0.89053
-0.88639
-0.90089
-0.89626
-0.89247
-0.88985
-0.88712
-0.90593
-0.90027
-0.89728
-0.90158
-0.89887
-0.89651
-0.89115
-0.89198
-0.88616
-0.92544
0
0
0
0
0
0
0
0
0
0
0
0
0
0
0
0
0
0
0
0
0
0
0
-1.6548
0
0
0
0
0
-1.9257
0
0
0
0
0
-2.8938
0
0
0
0
0
0
0
0
0
0
0
0
0
0
0
0
0
0
0
0
0
0
0
0
0
0
0
0
0
-0.89956
-0.89902
-0.89902
-0.8963
-0.8963
-0.90323
-0.90822
-0.90303
-0.90447
-0.90458
47.5576
-0.90563
-0.9115
-0.89424
-0.89061
-0.91603
-0.89062
-0.90436
-0.89061
-0.90135
-0.88393
-0.89026
-0.92023
-0.89026
-0.91235
-0.89092
-0.89402
-0.89388
-0.89461
-0.8946
-0.90648
-0.89757
-0.89925
-0.89454
-0.89037
-0.90556
-0.90083
-0.89646
-0.89387
-0.89112
-0.91015
-0.90661
-0.90189
-0.90564
-0.90289
-0.90017
-0.89508
-0.89641
-0.89064
-0.92868
-0.90993
-1.0009
0
0
0
0
0
0
0
0
0
0
0
0
0
0
-1.5488
0
0
0
0
0
0
0
0
0
0
0
0
0
0
0
0
0
0
0
0
0
0
0
0
0
0
0
0
0
0
0
0
0
0
0
0
0
0
0
0
0
0
0
0
0
0
0
0
-0.89758
-0.8971
-0.8971
-0.89374
-0.89374
-0.90021
-0.90494
-0.90014
-0.90133
-0.9015
-0.90563
45.9569
-0.90827
-0.89097
-0.88709
-0.91261
-0.8871
-0.90121
-0.88709
-0.89777
-0.8805
-0.88699
-0.91706
-0.88699
-0.90984
-0.88772
-0.89089
-0.89075
-0.89154
-0.89154
-0.903
-0.89412
-0.8962
-0.89148
-0.88731
-0.90221
-0.89751
-0.8934
-0.89082
-0.88809
-0.90655
-0.90301
-0.89861
-0.90259
-0.89986
-0.89714
-0.89207
-0.89303
-0.88778
-0.92583
-0.90706
0
0
0
0
0
0
0
0
0
0
0
0
0
0
0
0
-1.1003
0
0
0
0
0
0
0
0
0
0
0
0
0
0
0
0
0
0
0
0
0
0
0
0
0
0
0
0
0
0
0
0
0
0
0
0
0
0
0
0
0
0
0
0
0
0
0
-0.90354
-0.90312
-0.90311
-0.89946
-0.89947
-0.90593
-0.91094
-0.9056
-0.90144
-0.90708
-0.9115
-0.90827
47.063
-0.89643
-0.89308
-0.91858
-0.89309
-0.90682
-0.89309
-0.90365
-0.88605
-0.89252
-0.92289
-0.89252
-0.91498
-0.89324
-0.89641
-0.89628
-0.89705
-0.89706
-0.90887
-0.90007
-0.90185
-0.89702
-0.89283
-0.90806
-0.90309
-0.89894
-0.89635
-0.89361
-0.91219
-0.90881
-0.90432
-0.90817
-0.90541
-0.90279
-0.89757
-0.89884
-0.89317
-0.93147
0
0
0
0
0
0
0
0
0
0
0
0
0
0
0
0
0
0
0
0
0
0
0
0
0
0
0
0
0
0
-2.8464
0
0
0
0
0
0
0
0
0
0
0
0
0
0
0
0
0
0
0
0
0
0
0
0
0
0
0
0
0
0
0
0
0
0
-0.88626
-0.88578
-0.88577
-0.88244
-0.88243
-0.88904
-0.89394
-0.88896
-0.89003
-0.89045
-0.89424
-0.89097
-0.89643
44.6099
-0.87496
-0.9015
-0.87496
-0.88946
-0.87497
-0.88618
-0.86858
-0.87576
-0.90583
-0.87577
-0.89776
-0.87653
-0.87969
-0.87949
-0.88024
-0.88025
-0.89136
-0.88297
-0.88457
-0.88013
-0.87599
-0.89046
-0.88603
-0.88195
-0.87944
-0.87674
-0.89497
-0.89158
-0.88717
-0.89104
-0.88834
-0.88563
-0.88062
-0.88161
-0.87632
-0.91408
0
0
0
0
0
-1.2103
0
0
0
0
0
0
0
0
0
0
0
0
0
0
0
0
0
0
0
0
0
0
0
0
0
0
0
0
0
0
0
0
0
0
0
0
0
0
0
0
0
0
0
0
0
0
0
0
0
0
0
0
0
0
0
0
0
0
0
-0.88337
-0.88291
-0.88291
-0.87954
-0.87954
-0.88574
-0.8906
-0.88553
-0.88669
-0.88713
-0.89061
-0.88709
-0.89308
-0.87496
44.131
-0.89822
-0.87021
-0.88617
-0.87021
-0.88283
-0.86525
-0.87259
-0.90253
-0.87259
-0.89448
-0.87331
-0.87646
-0.87625
-0.87697
-0.87697
-0.888
-0.8797
-0.88129
-0.87684
-0.8727
-0.88708
-0.88269
-0.87867
-0.87613
-0.87344
-0.89151
-0.88818
-0.88384
-0.88769
-0.885
-0.88232
-0.87734
-0.8783
-0.8731
-0.91054
-0.89194
0
0
0
0
0
0
0
0
0
0
0
0
0
0
0
0
0
0
0
0
0
0
0
0
0
0
0
0
0
0
0
0
0
0
0
0
0
0
0
0
0
0
0
0
0
0
0
0
0
0
0
0
0
0
0
0
0
0
0
0
0
0
0
0
-0.90872
-0.90844
-0.90844
-0.90443
-0.90443
-0.91026
-0.91542
-0.91057
-0.91103
-0.91269
-0.91603
-0.91261
-0.91858
-0.9015
-0.89822
51.2054
-0.89822
-0.91086
-0.89822
-0.90849
-0.89086
-0.89737
-0.92657
-0.89737
-0.91842
-0.89797
-0.90127
-0.90111
-0.90182
-0.90181
-0.91318
-0.90441
-0.90629
-0.90177
-0.89758
-0.91161
-0.9069
-0.90355
-0.9011
-0.89836
-0.91471
-0.91165
-0.90846
-0.91297
-0.91023
-0.9076
-0.9022
-0.89225
-0.89755
0
0
0
0
0
0
0
0
0
0
0
0
0
0
0
0
0
0
0
0
0
0
0
0
0
0
0
0
0
0
0
0
0
-2.854
0
0
0
0
0
0
0
0
0
0
0
0
0
-4.8573
0
0
0
0
0
0
0
0
0
0
0
0
0
0
0
0
0
0
-0.88337
-0.88291
-0.88291
-0.87956
-0.87955
-0.88574
-0.8906
-0.88553
-0.88669
-0.88714
-0.89062
-0.8871
-0.89309
-0.87496
-0.87021
-0.89822
44.1313
-0.88618
-0.87021
-0.88284
-0.86525
-0.87259
-0.90254
-0.87259
-0.89449
-0.87332
-0.87647
-0.87626
-0.87698
-0.87697
-0.88801
-0.8797
-0.8813
-0.87685
-0.87271
-0.88709
-0.88269
-0.87868
-0.87614
-0.87344
-0.89151
-0.88819
-0.88384
-0.8877
-0.88501
-0.88233
-0.87735
-0.8783
-0.8731
-0.91054
-0.89195
0
0
0
0
0
0
0
0
0
0
0
0
0
0
0
0
0
0
0
0
0
0
0
0
0
0
0
0
0
0
0
0
0
0
0
0
0
0
0
0
0
0
0
0
0
0
0
0
0
0
0
0
0
0
0
0
0
0
0
0
0
0
0
0
-0.89581
-0.89532
-0.89532
-0.89215
-0.89214
-0.89842
-0.90329
-0.89856
-0.8992
-0.90037
-0.90436
-0.90121
-0.90682
-0.88946
-0.88617
-0.91086
-0.88618
46.0347
-0.88618
-0.89577
-0.87832
-0.88527
-0.91544
-0.88528
-0.90824
-0.88601
-0.88921
-0.88907
-0.88988
-0.88987
-0.90104
-0.89298
-0.89466
-0.88985
-0.88566
-0.90035
-0.89569
-0.89169
-0.88916
-0.88642
-0.90455
-0.90054
-0.89646
-0.90087
-0.89816
-0.89492
-0.89036
-0.89116
-0.88693
0
0
0
0
0
0
0
0
0
0
0
0
0
0
0
0
-1.6237
0
0
-1.4654
0
0
0
0
0
0
0
0
0
0
0
0
0
0
0
0
0
0
0
0
0
0
0
0
0
0
0
0
0
0
0
0
0
0
0
0
0
0
0
0
0
0
0
0
0
0
-0.88337
-0.8829
-0.88291
-0.87955
-0.87956
-0.88574
-0.8906
-0.88553
-0.88669
-0.88714
-0.89061
-0.88709
-0.89309
-0.87497
-0.87021
-0.89822
-0.87021
-0.88618
44.1312
-0.88283
-0.86524
-0.87259
-0.90253
-0.87258
-0.89448
-0.87331
-0.87646
-0.87626
-0.87697
-0.87697
-0.88801
-0.87969
-0.88129
-0.87685
-0.87271
-0.88709
-0.88269
-0.87867
-0.87613
-0.87344
-0.89151
-0.88819
-0.88384
-0.8877
-0.88501
-0.88232
-0.87735
-0.8783
-0.8731
-0.91054
-0.89194
0
0
0
0
0
0
0
0
0
0
0
0
0
0
0
0
0
0
0
0
0
0
0
0
0
0
0
0
0
0
0
0
0
0
0
0
0
0
0
0
0
0
0
0
0
0
0
0
0
0
0
0
0
0
0
0
0
0
0
0
0
0
0
0
-0.89356
-0.89314
-0.89314
-0.8895
-0.8895
-0.89619
-0.90123
-0.8956
-0.89696
-0.89008
-0.90135
-0.89777
-0.90365
-0.88618
-0.88283
-0.90849
-0.88284
-0.89577
-0.88283
45.6621
-0.87536
-0.88218
-0.91294
-0.88219
-0.9052
-0.88288
-0.88602
-0.88584
-0.88654
-0.88654
-0.89791
-0.88923
-0.89094
-0.88641
-0.88225
-0.89688
-0.89232
-0.88834
-0.88569
-0.88296
-0.90121
-0.8978
-0.89351
-0.89736
-0.89464
-0.89202
-0.88703
-0.88822
-0.8826
0
0
0
0
0
0
0
0
0
0
0
0
0
0
0
0
0
0
0
0
0
0
0
0
0
0
0
0
0
0
0
0
0
0
0
0
-2.8685
0
0
0
0
0
0
0
0
0
0
0
0
0
0
0
0
0
0
0
0
0
0
0
0
0
0
0
0
0
-0.87642
-0.87598
-0.87599
-0.87281
-0.87281
-0.87918
-0.88405
-0.87878
-0.8798
-0.88033
-0.88393
-0.8805
-0.88605
-0.86858
-0.86525
-0.89086
-0.86525
-0.87832
-0.86524
-0.87536
43.4729
-0.86696
-0.89518
-0.86696
-0.88677
-0.86706
-0.86997
-0.86957
-0.87005
-0.87005
-0.88003
-0.87231
-0.87332
-0.8697
-0.86557
-0.87875
-0.87507
-0.87148
-0.86888
-0.86619
-0.8836
-0.87944
-0.87603
-0.88034
-0.87767
-0.8746
-0.87025
-0.87082
-0.86606
0
0
0
0
0
0
0
0
0
0
0
0
0
0
0
0
0
0
0
0
0
0
-1.4748
0
0
0
0
0
0
0
0
0
0
0
0
0
0
0
0
0
0
0
0
0
0
0
0
0
0
0
0
0
0
0
0
0
0
0
0
0
0
0
0
0
0
0
-0.88296
-0.8825
-0.8825
-0.87913
-0.87912
-0.88532
-0.89017
-0.88507
-0.88622
-0.88654
-0.89026
-0.88699
-0.89252
-0.87576
-0.87259
-0.89737
-0.87259
-0.88527
-0.87259
-0.88218
-0.86696
42.3066
-0.90139
-0.87217
-0.89306
-0.87295
-0.87622
-0.87582
-0.87644
-0.87644
-0.88698
-0.8789
-0.88036
-0.87616
-0.87199
-0.88577
-0.8818
-0.87786
-0.87537
-0.87266
-0.89038
-0.8872
-0.88297
-0.88693
-0.88423
-0.88155
-0.87658
-0.87748
-0.87235
0
0
0
0
0
0
0
0
0
0
0
0
0
0
0
0
0
0
0
0
0
0
0
0
0
0
0
0
0
0
0
0
0
0
0
0
0
0
0
0
0
0
0
0
0
0
0
0
0
0
0
0
0
0
0
0
0
0
0
0
0
0
0
0
0
0
-0.91205
-0.91171
-0.91171
-0.90788
-0.90788
-0.91424
-0.91906
-0.91347
-0.91481
-0.9151
-0.92023
-0.91706
-0.92289
-0.90583
-0.90253
-0.92657
-0.90254
-0.91544
-0.90253
-0.91294
-0.89518
-0.90139
47.9279
-0.9014
-0.92299
-0.90179
-0.90479
-0.90469
-0.9055
-0.90549
-0.91703
-0.90825
-0.91018
-0.90551
-0.90121
-0.91581
-0.91104
-0.90594
-0.90478
-0.90204
-0.91948
-0.91581
-0.91237
-0.91681
-0.91409
-0.91139
-0.90423
0
0
0
0
0
0
0
0
0
0
0
0
0
0
0
-1.3959
0
0
0
0
0
0
0
0
0
0
0
0
0
0
0
0
0
0
0
0
0
0
0
0
0
0
0
0
0
0
0
0
0
0
-4.6563
0
0
0
0
0
0
0
0
0
0
0
0
0
0
0
0
0
-0.88296
-0.8825
-0.8825
-0.87913
-0.87912
-0.88531
-0.89017
-0.88507
-0.88622
-0.88654
-0.89026
-0.88699
-0.89252
-0.87577
-0.87259
-0.89737
-0.87259
-0.88528
-0.87258
-0.88219
-0.86696
-0.87217
-0.9014
42.3066
-0.89307
-0.87295
-0.87622
-0.87582
-0.87644
-0.87644
-0.88698
-0.8789
-0.88035
-0.87615
-0.872
-0.88577
-0.8818
-0.87786
-0.87537
-0.87266
-0.89039
-0.8872
-0.88298
-0.88692
-0.88423
-0.88155
-0.87657
-0.87748
-0.87236
0
0
0
0
0
0
0
0
0
0
0
0
0
0
0
0
0
0
0
0
0
0
0
0
0
0
0
0
0
0
0
0
0
0
0
0
0
0
0
0
0
0
0
0
0
0
0
0
0
0
0
0
0
0
0
0
0
0
0
0
0
0
0
0
0
0
-0.90418
-0.90385
-0.90386
-0.90015
-0.90015
-0.90598
-0.91117
-0.90618
-0.90692
-0.90744
-0.91235
-0.90984
-0.91498
-0.89776
-0.89448
-0.91842
-0.89449
-0.90824
-0.89448
-0.9052
-0.88677
-0.89306
-0.92299
-0.89307
45.9906
-0.89347
-0.89652
-0.89632
-0.89706
-0.89706
-0.90827
-0.8996
-0.90134
-0.89694
-0.8927
-0.90671
-0.90226
-0.89859
-0.89621
-0.89346
-0.91019
-0.90709
-0.90364
-0.90811
-0.9054
-0.90268
-0.8973
0
0
0
0
0
0
0
0
0
0
0
0
0
0
0
0
0
0
0
0
0
0
0
0
0
0
0
0
0
0
0
0
0
0
0
0
0
0
0
0
0
0
0
0
0
0
0
0
0
0
0
0
0
0
0
0
0
0
0
-4.4837
0
0
0
0
0
0
0
0
-0.88354
-0.88307
-0.88308
-0.8797
-0.8797
-0.8859
-0.89076
-0.88566
-0.8868
-0.88714
-0.89092
-0.88772
-0.89324
-0.87653
-0.87331
-0.89797
-0.87332
-0.88601
-0.87331
-0.88288
-0.86706
-0.87295
-0.90179
-0.87295
-0.89347
41.4621
-0.87741
-0.87658
-0.87714
-0.87715
-0.88749
-0.8795
-0.88089
-0.87665
-0.87254
-0.88617
-0.88236
-0.87837
-0.87591
-0.8732
-0.89089
-0.88775
-0.88352
-0.88755
-0.88487
-0.88214
-0.87716
-0.87809
0
0
0
0
0
0
0
0
0
0
0
0
0
0
0
0
0
0
0
0
0
0
0
0
0
0
0
0
0
0
0
0
0
0
0
0
0
0
0
0
0
0
0
0
0
0
0
0
0
0
0
0
0
0
0
0
0
0
0
0
0
0
0
0
0
0
0
-0.88648
-0.88601
-0.88602
-0.88265
-0.88264
-0.88887
-0.89374
-0.8887
-0.88976
-0.89016
-0.89402
-0.89089
-0.89641
-0.87969
-0.87646
-0.90127
-0.87647
-0.88921
-0.87646
-0.88602
-0.86997
-0.87622
-0.90479
-0.87622
-0.89652
-0.87741
40.7232
-0.87906
-0.88014
-0.88014
-0.89067
-0.88259
-0.88412
-0.87974
-0.87554
-0.88964
-0.88557
-0.88143
-0.87898
-0.87626
-0.8943
-0.89104
-0.88666
-0.89074
-0.88808
-0.88528
-0.88023
0
0
0
0
0
0
0
0
0
0
0
0
0
0
0
0
0
0
0
0
0
0
0
0
0
0
0
0
0
0
0
0
0
0
0
0
0
0
0
0
0
0
0
0
0
0
0
0
0
0
0
0
0
0
0
0
0
0
0
0
0
0
0
0
0
0
0
0
-0.88628
-0.88582
-0.88582
-0.88245
-0.88244
-0.88867
-0.89356
-0.88851
-0.88956
-0.88997
-0.89388
-0.89075
-0.89628
-0.87949
-0.87625
-0.90111
-0.87626
-0.88907
-0.87626
-0.88584
-0.86957
-0.87582
-0.90469
-0.87582
-0.89632
-0.87658
-0.87906
39.8338
-0.88035
-0.88035
-0.88999
-0.88251
-0.88392
-0.87961
-0.87535
-0.88908
-0.8854
-0.88127
-0.87875
-0.87602
-0.89407
-0.89095
-0.88642
-0.89061
-0.88793
-0.88511
0
0
0
0
0
0
0
0
0
0
0
0
0
0
0
0
0
0
0
0
0
0
0
0
0
0
0
0
0
0
0
0
0
0
0
0
0
0
0
0
0
0
0
0
0
0
0
0
0
0
0
0
0
0
0
0
0
0
0
0
0
0
0
0
0
0
0
0
0
-0.88693
-0.88645
-0.88645
-0.88307
-0.88306
-0.88931
-0.89421
-0.88918
-0.89021
-0.89065
-0.89461
-0.89154
-0.89705
-0.88024
-0.87697
-0.90182
-0.87698
-0.88988
-0.87697
-0.88654
-0.87005
-0.87644
-0.9055
-0.87644
-0.89706
-0.87714
-0.88014
-0.88035
38.085
-0.87835
-0.89199
-0.88225
-0.88468
-0.87991
-0.87525
-0.89158
-0.88624
-0.88164
-0.87917
-0.87651
-0.89541
0
-0.88712
-0.89112
-0.88858
0
0
0
0
0
0
0
0
0
0
0
0
0
0
0
0
0
0
0
0
0
0
0
0
0
0
0
0
0
0
0
0
0
0
0
0
0
0
0
0
0
0
0
0
0
0
0
0
0
0
0
0
0
0
0
0
0
0
0
0
0
0
0
0
0
0
0
0
0
0
-0.88693
-0.88645
-0.88645
-0.88306
-0.88306
-0.88932
-0.8942
-0.88918
-0.8902
-0.89065
-0.8946
-0.89154
-0.89706
-0.88025
-0.87697
-0.90181
-0.87697
-0.88987
-0.87697
-0.88654
-0.87005
-0.87644
-0.90549
-0.87644
-0.89706
-0.87715
-0.88014
-0.88035
-0.87835
38.085
-0.89198
-0.88225
-0.88468
-0.87991
-0.87524
-0.89157
-0.88624
-0.88164
-0.87917
-0.87652
-0.89541
0
-0.88712
-0.89112
-0.88858
0
0
0
0
0
0
0
0
0
0
0
0
0
0
0
0
0
0
0
0
0
0
0
0
0
0
0
0
0
0
0
0
0
0
0
0
0
0
0
0
0
0
0
0
0
0
0
0
0
0
0
0
0
0
0
0
0
0
0
0
0
0
0
0
0
0
0
0
0
0
-0.89833
-0.898
-0.898
-0.89443
-0.89443
-0.90039
-0.90539
-0.90053
-0.90124
-0.90166
-0.90648
-0.903
-0.90887
-0.89136
-0.888
-0.91318
-0.88801
-0.90104
-0.88801
-0.89791
-0.88003
-0.88698
-0.91703
-0.88698
-0.90827
-0.88749
-0.89067
-0.88999
-0.89199
-0.89198
39.881
-0.89343
-0.89537
-0.89137
-0.88675
-0.89939
-0.89584
-0.8927
-0.89021
-0.88744
0
0
0
-0.90229
0
0
0
0
0
0
0
0
0
0
0
0
0
0
0
0
0
0
0
0
0
0
0
0
0
0
0
0
0
0
0
0
0
0
0
0
0
0
0
0
0
0
0
0
0
0
0
0
0
0
-4.0365
0
0
0
0
0
0
0
0
0
0
0
0
0
0
0
0
0
0
0
0
-0.88946
-0.88885
-0.88885
-0.88559
-0.88559
-0.89209
-0.89677
-0.89199
-0.89317
-0.89331
-0.89757
-0.89412
-0.90007
-0.88297
-0.8797
-0.90441
-0.8797
-0.89298
-0.87969
-0.88923
-0.87231
-0.8789
-0.90825
-0.8789
-0.8996
-0.8795
-0.88259
-0.88251
-0.88225
-0.88225
-0.89343
36.9478
-0.88992
-0.88438
-0.8783
-0.89045
-0.88937
-0.88486
-0.88158
-0.87881
0
0
0
0
0
0
0
0
0
0
0
0
0
0
0
0
0
0
0
0
0
0
0
0
0
0
0
-1.0859
0
0
0
0
0
0
0
0
-1.2376
0
0
0
0
0
0
0
0
0
0
0
0
0
0
0
0
0
0
0
0
0
0
0
0
0
0
0
0
0
0
0
0
0
0
0
0
0
0
-0.89016
-0.88949
-0.88949
-0.88631
-0.8863
-0.89353
-0.89851
-0.89371
-0.89458
-0.89452
-0.89925
-0.8962
-0.90185
-0.88457
-0.88129
-0.90629
-0.8813
-0.89466
-0.88129
-0.89094
-0.87332
-0.88036
-0.91018
-0.88035
-0.90134
-0.88089
-0.88412
-0.88392
-0.88468
-0.88468
-0.89537
-0.88992
36.9717
-0.88499
-0.87971
0
-0.89152
0
-0.88163
-0.8802
0
0
0
0
0
0
0
0
0
0
0
0
0
0
0
0
0
0
-1.096
-1.239
0
0
0
0
0
0
0
0
0
0
0
0
0
0
0
0
0
0
0
0
0
0
0
0
0
0
0
0
0
-1.7354
0
0
0
0
0
0
0
0
0
0
0
0
0
0
0
0
0
0
0
0
0
0
0
0
0
-0.88684
-0.88633
-0.88633
-0.88293
-0.88293
-0.88923
-0.8941
-0.8891
-0.89013
-0.89053
-0.89454
-0.89148
-0.89702
-0.88013
-0.87684
-0.90177
-0.87685
-0.88985
-0.87685
-0.88641
-0.8697
-0.87616
-0.90551
-0.87615
-0.89694
-0.87665
-0.87974
-0.87961
-0.87991
-0.87991
-0.89137
-0.88438
-0.88499
35.3923
-0.87302
-0.89047
-0.88676
-0.88081
-0.87798
-0.87534
0
0
0
0
0
0
0
0
-0.87673
0
0
0
0
0
0
0
0
0
0
0
0
0
0
0
0
0
0
0
0
0
0
0
0
0
0
0
0
0
0
0
0
0
0
0
0
0
0
0
0
0
0
0
0
0
0
0
0
0
0
0
0
0
0
0
0
0
0
0
0
0
0
0
0
0
0
-0.88271
-0.88221
-0.88221
-0.87883
-0.87883
-0.88511
-0.88996
-0.88494
-0.88599
-0.88639
-0.89037
-0.88731
-0.89283
-0.87599
-0.8727
-0.89758
-0.87271
-0.88566
-0.87271
-0.88225
-0.86557
-0.87199
-0.90121
-0.872
-0.8927
-0.87254
-0.87554
-0.87535
-0.87525
-0.87524
-0.88675
-0.8783
-0.87971
-0.87302
34.3492
-0.88626
-0.87989
-0.87576
-0.87406
-0.87083
0
0
0
0
0
0
0
0
0
0
0
0
0
0
0
0
0
0
0
0
0
0
0
0
0
0
0
0
0
0
0
0
0
0
0
0
0
0
0
0
0
0
0
0
0
0
0
0
0
0
0
0
0
0
0
0
0
0
0
0
0
0
0
0
0
0
0
0
0
0
0
0
0
0
0
-0.89611
-0.89623
-0.89622
-0.89231
-0.8923
-0.89783
-0.90401
-0.89951
-0.89968
-0.90089
-0.90556
-0.90221
-0.90806
-0.89046
-0.88708
-0.91161
-0.88709
-0.90035
-0.88709
-0.89688
-0.87875
-0.88577
-0.91581
-0.88577
-0.90671
-0.88617
-0.88964
-0.88908
-0.89158
-0.89157
-0.89939
-0.89045
0
-0.89047
-0.88626
39.4304
0
-0.89067
0
0
0
0
0
0
0
0
0
0
0
0
0
0
0
0
0
0
0
0
0
0
-1.2302
0
0
0
0
0
0
0
0
-1.4846
0
0
0
0
-1.7075
0
0
0
0
0
0
0
0
0
0
0
0
0
0
0
0
0
0
0
0
0
0
0
0
0
0
0
0
0
0
0
0
0
0
0
0
0
-3.6785
0
0
-0.89275
-0.89235
-0.89235
-0.88888
-0.88887
-0.8946
-0.89964
-0.89503
-0.89529
-0.89626
-0.90083
-0.89751
-0.90309
-0.88603
-0.88269
-0.9069
-0.88269
-0.89569
-0.88269
-0.89232
-0.87507
-0.8818
-0.91104
-0.8818
-0.90226
-0.88236
-0.88557
-0.8854
-0.88624
-0.88624
-0.89584
-0.88937
-0.89152
-0.88676
-0.87989
0
35.4448
0
-0.8816
0
0
0
0
0
0
0
0
0
0
0
0
0
0
0
0
0
0
0
0
0
0
0
0
0
0
0
0
0
0
0
0
0
0
0
0
0
0
0
0
0
0
0
0
0
0
0
0
0
0
0
0
0
0
0
0
0
0
0
0
0
0
0
0
0
0
0
0
0
0
0
-3.3756
0
0
0
0
-0.88867
-0.88818
-0.88818
-0.88476
-0.88476
-0.89119
-0.89571
-0.89097
-0.89187
-0.89247
-0.89646
-0.8934
-0.89894
-0.88195
-0.87867
-0.90355
-0.87868
-0.89169
-0.87867
-0.88834
-0.87148
-0.87786
-0.90594
-0.87786
-0.89859
-0.87837
-0.88143
-0.88127
-0.88164
-0.88164
-0.8927
-0.88486
0
-0.88081
-0.87576
-0.89067
0
32.4072
0
0
0
0
0
0
0
0
0
0
0
0
0
0
0
0
0
0
0
0
0
0
0
0
-1.3592
0
0
0
0
0
0
0
0
0
0
0
0
0
0
0
0
0
0
0
0
0
0
0
0
0
0
0
0
0
0
0
0
0
0
0
0
0
0
0
0
0
0
0
0
0
0
0
0
0
0
0
0
-0.88618
-0.88567
-0.88567
-0.8823
-0.88229
-0.8886
-0.89344
-0.88841
-0.88945
-0.88985
-0.89387
-0.89082
-0.89635
-0.87944
-0.87613
-0.9011
-0.87614
-0.88916
-0.87613
-0.88569
-0.86888
-0.87537
-0.90478
-0.87537
-0.89621
-0.87591
-0.87898
-0.87875
-0.87917
-0.87917
-0.89021
-0.88158
-0.88163
-0.87798
-0.87406
0
-0.8816
0
31.8364
0
0
0
0
0
0
0
0
0
0
0
0
0
0
0
0
0
0
0
0
0
0
0
0
0
0
0
0
0
0
0
0
0
0
0
0
0
0
0
0
0
0
0
0
0
0
0
0
0
0
0
0
0
0
0
0
0
0
0
0
0
0
0
0
0
0
0
0
0
0
0
0
0
0
0
0
-0.88347
-0.88295
-0.88295
-0.87958
-0.87958
-0.88589
-0.89072
-0.8857
-0.88676
-0.88712
-0.89112
-0.88809
-0.89361
-0.87674
-0.87344
-0.89836
-0.87344
-0.88642
-0.87344
-0.88296
-0.86619
-0.87266
-0.90204
-0.87266
-0.89346
-0.8732
-0.87626
-0.87602
-0.87651
-0.87652
-0.88744
-0.87881
-0.8802
-0.87534
-0.87083
0
0
0
0
30.8605
0
0
0
0
0
0
0
0
0
0
0
0
0
0
0
0
0
0
0
0
0
0
0
0
0
0
0
0
0
0
0
0
0
0
0
0
0
0
0
0
0
0
0
0
0
0
0
0
0
0
0
0
0
0
0
0
0
0
0
0
0
0
0
0
0
0
0
0
0
0
0
0
0
0
0
-0.90158
-0.90134
-0.90134
-0.89769
-0.89769
-0.9027
-0.90819
-0.90395
-0.90292
-0.90593
-0.91015
-0.90655
-0.91219
-0.89497
-0.89151
-0.91471
-0.89151
-0.90455
-0.89151
-0.90121
-0.8836
-0.89038
-0.91948
-0.89039
-0.91019
-0.89089
-0.8943
-0.89407
-0.89541
-0.89541
0
0
0
0
0
0
0
0
0
0
36.2514
0
0
0
0
0
0
0
0
0
0
0
0
0
0
0
0
0
0
0
0
0
0
0
0
0
0
0
0
0
0
0
0
0
0
-1.6004
0
0
0
0
0
0
0
0
0
0
0
0
0
0
0
0
0
0
0
0
0
0
0
0
0
0
0
0
0
-3.8223
0
-3.8224
0
0
0
0
0
0
0
-0.89682
-0.89738
-0.89738
-0.89403
-0.89403
-0.89816
-0.90382
-0.90046
-0.89957
-0.90027
-0.90661
-0.90301
-0.90881
-0.89158
-0.88818
-0.91165
-0.88819
-0.90054
-0.88819
-0.8978
-0.87944
-0.8872
-0.91581
-0.8872
-0.90709
-0.88775
-0.89104
-0.89095
0
0
0
0
0
0
0
0
0
0
0
0
0
34.0974
0
0
0
0
0
0
0
0
0
0
0
0
0
0
0
0
0
0
0
0
0
0
0
0
0
0
0
0
0
0
0
0
0
0
0
0
0
0
0
0
0
-1.9045
0
0
0
0
0
0
-3.54
0
0
0
0
0
0
0
0
0
0
0
0
0
0
0
0
0
-3.54
0
0
0
0
0
0
-0.89344
-0.89335
-0.89335
-0.88994
-0.88994
-0.89553
-0.90075
-0.89612
-0.89654
-0.89728
-0.90189
-0.89861
-0.90432
-0.88717
-0.88384
-0.90846
-0.88384
-0.89646
-0.88384
-0.89351
-0.87603
-0.88297
-0.91237
-0.88298
-0.90364
-0.88352
-0.88666
-0.88642
-0.88712
-0.88712
0
0
0
0
0
0
0
0
0
0
0
0
29.8862
0
0
0
0
0
0
0
0
0
0
0
0
0
0
0
0
0
0
0
0
0
0
0
0
0
0
0
0
0
0
0
0
0
0
0
0
0
0
0
0
0
0
0
0
0
0
0
0
0
0
-3.1092
0
0
0
0
0
0
0
0
0
0
0
0
0
0
0
0
0
0
0
0
0
-0.89784
-0.89733
-0.89733
-0.8939
-0.8939
-0.90027
-0.90516
-0.90009
-0.90115
-0.90158
-0.90564
-0.90259
-0.90817
-0.89104
-0.88769
-0.91297
-0.8877
-0.90087
-0.8877
-0.89736
-0.88034
-0.88693
-0.91681
-0.88692
-0.90811
-0.88755
-0.89074
-0.89061
-0.89112
-0.89112
-0.90229
0
0
0
0
0
0
0
0
0
0
0
0
27.8028
0
0
0
0
0
0
0
0
0
0
0
0
0
0
0
0
0
0
0
0
0
0
0
0
0
0
0
0
0
0
0
0
0
0
0
0
0
0
0
0
0
0
0
0
0
0
0
0
0
0
0
0
0
0
0
0
0
0
0
0
0
0
0
0
0
0
0
0
0
0
0
-0.89513
-0.89461
-0.89461
-0.8912
-0.8912
-0.89755
-0.90243
-0.89737
-0.89842
-0.89887
-0.90289
-0.89986
-0.90541
-0.88834
-0.885
-0.91023
-0.88501
-0.89816
-0.88501
-0.89464
-0.87767
-0.88423
-0.91409
-0.88423
-0.9054
-0.88487
-0.88808
-0.88793
-0.88858
-0.88858
0
0
0
0
0
0
0
0
0
0
0
0
0
0
26.8196
0
0
0
0
0
0
0
0
0
0
0
0
0
0
0
0
0
0
0
0
0
0
0
0
0
0
0
0
0
0
0
0
0
0
0
0
0
0
0
0
0
0
0
0
0
0
0
0
0
0
0
0
0
0
0
0
0
0
0
0
0
0
0
0
0
0
0
0
0
0
-0.89165
-0.8911
-0.8911
-0.88843
-0.88843
-0.89498
-0.90002
-0.89474
-0.89585
-0.89651
-0.90017
-0.89714
-0.90279
-0.88563
-0.88232
-0.9076
-0.88233
-0.89492
-0.88232
-0.89202
-0.8746
-0.88155
-0.91139
-0.88155
-0.90268
-0.88214
-0.88528
-0.88511
0
0
0
0
0
0
0
0
0
0
0
0
0
0
0
0
0
26.1606
0
0
0
0
0
0
0
0
0
0
-1.1963
0
0
0
0
0
0
0
0
0
0
0
0
0
0
0
0
0
0
0
0
0
0
0
0
0
0
0
0
0
0
0
0
0
0
0
0
0
0
0
0
0
0
0
0
0
0
0
0
0
0
0
0
0
0
0
0
0
0
-0.8873
-0.88679
-0.88679
-0.8834
-0.8834
-0.88991
-0.8943
-0.88961
-0.89048
-0.89115
-0.89508
-0.89207
-0.89757
-0.88062
-0.87734
-0.9022
-0.87735
-0.89036
-0.87735
-0.88703
-0.87025
-0.87658
-0.90423
-0.87657
-0.8973
-0.87716
-0.88023
0
0
0
0
0
0
0
0
0
0
0
0
0
0
0
0
0
0
0
25.2832
0
0
0
0
0
0
0
0
0
0
0
0
0
0
0
-1.3407
0
0
0
0
0
0
0
0
0
0
0
0
0
0
0
0
0
0
0
0
0
0
0
0
0
0
0
0
0
0
0
0
0
0
0
0
0
0
0
0
0
0
0
0
0
0
0
0
0
0
0
0
-0.88847
-0.88807
-0.88808
-0.88441
-0.88441
-0.8905
-0.89542
-0.89018
-0.89179
-0.89198
-0.89641
-0.89303
-0.89884
-0.88161
-0.8783
-0.89225
-0.8783
-0.89116
-0.8783
-0.88822
-0.87082
-0.87748
0
-0.87748
0
-0.87809
0
0
0
0
0
0
0
0
0
0
0
0
0
0
0
0
0
0
0
0
0
24.8015
0
0
0
0
-0.9618
0
0
0
0
0
0
0
0
0
0
0
0
0
0
0
0
0
0
0
0
0
0
0
0
0
0
0
0
0
-2.5661
0
0
0
0
0
0
0
0
0
0
0
0
0
0
0
0
0
0
0
0
0
0
0
0
0
0
0
0
0
0
0
0
-0.88306
-0.88244
-0.88245
-0.87879
-0.87879
-0.88489
-0.88967
-0.88514
-0.88594
-0.88616
-0.89064
-0.88778
-0.89317
-0.87632
-0.8731
-0.89755
-0.8731
-0.88693
-0.8731
-0.8826
-0.86606
-0.87235
0
-0.87236
0
0
0
0
0
0
0
0
0
-0.87673
0
0
0
0
0
0
0
0
0
0
0
0
0
0
23.3156
0
0
0
0
0
0
0
0
0
0
0
0
0
0
0
0
0
0
0
0
0
0
0
0
0
0
0
0
0
0
0
0
0
0
0
0
0
0
0
-2.1565
0
0
0
0
0
0
0
0
0
0
0
0
0
0
0
0
0
0
0
0
0
0
0
0
0
0
-0.92097
-0.92032
-0.92032
-0.9169
-0.9169
-0.92352
-0.92842
-0.92319
-0.92435
-0.92544
-0.92868
-0.92583
-0.93147
-0.91408
-0.91054
0
-0.91054
0
-0.91054
0
0
0
0
0
0
0
0
0
0
0
0
0
0
0
0
0
0
0
0
0
0
0
0
0
0
0
0
0
0
15.652
0
0
0
0
0
0
0
0
0
0
0
0
0
0
0
0
0
0
0
0
0
0
0
0
0
0
0
0
0
0
0
0
0
0
0
0
0
0
0
0
0
0
0
0
0
0
0
0
0
0
0
0
0
0
0
0
0
0
0
0
0
0
0
0
0
-0.90249
-0.90185
-0.90186
-0.8985
-0.8985
-0.90426
-0.90897
-0.90446
-0.90539
0
-0.90993
-0.90706
0
0
-0.89194
0
-0.89195
0
-0.89194
0
0
0
0
0
0
0
0
0
0
0
0
0
0
0
0
0
0
0
0
0
0
0
0
0
0
0
0
0
0
0
14.7197
0
0
0
0
0
0
0
0
0
0
0
0
0
0
0
0
0
0
0
0
0
0
0
0
0
0
0
0
0
0
0
0
0
0
0
0
0
0
0
0
0
-2.1006
0
0
0
0
0
0
0
0
0
0
0
0
0
0
0
0
0
0
0
0
0
0
-0.99277
-0.99259
-0.99259
-0.98852
-0.98852
-0.99241
-0.99904
-0.99517
0
0
-1.0009
0
0
0
0
0
0
0
0
0
0
0
0
0
0
0
0
0
0
0
0
0
0
0
0
0
0
0
0
0
0
0
0
0
0
0
0
0
0
0
0
12.5762
0
0
0
0
0
0
0
0
0
0
0
0
0
0
0
0
0
0
0
0
0
0
0
0
0
0
-1.779
0
0
0
0
-1.8547
0
0
0
0
0
0
0
0
0
0
0
0
0
0
0
0
0
0
0
0
0
0
0
0
0
0
0
0
0
0
0
-0.97734
-0.97658
-0.97658
-0.97307
-0.97308
-0.9776
-0.98327
-0.97943
0
0
0
0
0
0
0
0
0
0
0
0
0
0
0
0
0
0
0
0
0
0
0
0
0
0
0
0
0
0
0
0
0
0
0
0
0
0
0
-0.9618
0
0
0
0
11.5178
0
0
0
0
0
0
0
0
0
0
0
0
0
0
0
0
0
0
0
0
0
0
0
0
0
0
0
0
0
0
0
0
0
0
0
0
0
0
0
0
0
0
0
0
0
0
0
0
0
-2.7391
0
0
0
0
0
0
0
0
0
0
0
0
-1.0572
-1.0559
-1.0559
-1.0513
-1.0513
-1.0585
-1.0613
-1.0584
0
0
0
0
0
0
0
0
0
0
0
0
0
0
0
0
0
0
0
0
0
0
0
0
0
0
0
0
0
0
0
0
0
0
0
0
0
0
0
0
0
0
0
0
0
9.6487
0
0
0
0
0
0
0
-1.199
0
0
0
0
0
0
0
0
0
0
0
0
0
0
0
0
0
0
0
0
0
0
0
0
0
0
0
0
0
0
0
0
0
0
0
0
0
0
0
0
0
0
0
0
0
0
0
0
0
0
0
0
0
-1.1761
-1.1744
-1.1744
-1.1712
-1.1712
-1.1801
-1.1852
-1.18
0
0
0
0
0
0
0
0
0
0
0
0
0
0
0
0
0
0
0
0
0
0
0
0
0
0
0
0
0
0
0
0
0
0
0
0
0
0
0
0
0
0
0
0
0
0
9.4126
0
0
0
0
0
0
0
0
0
0
0
0
0
0
0
0
0
0
0
0
0
0
0
0
0
0
0
0
0
0
0
0
0
0
0
0
0
0
0
0
0
0
0
0
0
0
0
0
0
0
0
0
0
0
0
0
0
0
0
0
-1.2207
-1.219
-1.219
-1.2155
-1.2155
0
0
0
0
0
0
0
0
-1.2103
0
0
0
0
0
0
0
0
0
0
0
0
0
0
0
0
0
0
0
0
0
0
0
0
0
0
0
0
0
0
0
0
0
0
0
0
0
0
0
0
0
11.9304
0
0
0
0
0
0
0
0
0
0
0
0
0
0
0
0
0
0
0
0
0
0
0
0
0
0
0
0
0
0
0
0
0
0
0
0
0
0
0
0
0
0
-2.3152
0
0
0
0
0
-2.3152
0
0
0
0
0
0
0
0
0
0
-1.2192
-1.2175
-1.2175
0
0
0
0
0
0
0
0
0
0
0
0
0
0
0
0
0
0
0
0
0
0
0
0
0
0
0
0
0
0
0
0
0
0
0
0
0
0
0
0
0
0
-1.1963
0
0
0
0
0
0
0
0
0
0
8.2934
0
0
0
0
0
0
0
0
-1.5908
0
0
0
0
0
-1.5694
0
0
0
0
0
0
0
0
0
0
0
0
0
0
0
0
0
0
0
0
0
0
0
0
0
0
0
-0.28288
0
0
0
0
0
0
0
0
0
0
0
0
0
0
0
-1.104
-1.1056
-1.1056
-1.0983
-1.0983
0
0
0
0
0
0
0
0
0
0
0
0
0
0
0
0
0
0
0
0
0
0
0
0
0
0
0
0
0
0
0
0
0
0
0
0
0
0
0
0
0
0
0
0
0
0
0
0
0
0
0
0
8.5873
0
0
0
0
0
0
0
0
0
0
0
-1.4907
0
0
0
0
0
0
0
0
0
0
0
-1.5848
0
0
0
0
0
0
0
0
0
0
0
0
0
0
0
0
0
0
0
0
0
0
0
0
0
0
0
0
0
0
0
0
0
-1.1013
-1.099
-1.099
-1.0969
-1.0969
0
0
0
0
0
0
0
0
0
0
0
0
0
0
0
0
0
0
0
0
0
0
0
0
0
0
0
-1.096
0
0
0
0
0
0
0
0
0
0
0
0
0
0
0
0
0
0
0
0
0
0
0
0
0
8.2675
0
0
0
0
0
0
0
0
0
0
0
0
0
0
0
0
0
0
0
0
0
0
0
0
0
0
0
0
0
0
0
0
0
0
0
0
0
0
0
0
0
0
0
0
0
0
0
0
0
0
0
0
0
0
0
-1.6783
-1.2459
-1.2441
-1.2441
-1.2419
-1.2419
0
0
0
0
0
0
0
0
0
0
0
0
0
0
0
0
0
0
0
0
0
0
0
0
0
0
0
-1.239
0
0
0
0
0
0
0
0
0
0
0
0
0
0
0
0
0
0
0
0
0
0
0
0
0
0
7.4568
0
0
0
0
0
0
0
0
0
0
0
0
0
0
0
0
0
0
0
0
0
0
0
0
0
0
0
0
0
0
0
0
0
0
0
0
0
0
0
0
0
0
0
0
0
0
0
0
0
0
0
0
0
0
0
-1.2279
-1.2262
-1.2262
-1.2239
-1.2238
0
0
0
0
0
0
0
0
0
0
0
0
0
0
0
0
0
0
0
0
0
0
0
0
0
0
0
0
0
0
-1.2302
0
0
0
0
0
0
0
0
0
0
0
0
0
0
0
0
0
0
0
0
0
0
0
0
7.3583
0
0
0
0
0
0
0
0
0
0
0
0
0
0
0
0
0
0
0
0
0
0
0
0
0
0
0
0
0
0
0
0
0
0
0
0
0
0
0
0
0
0
0
0
0
0
0
0
0
0
0
0
0
0
0
0
0
0
0
0
0
0
0
0
0
0
0
0
0
0
0
0
0
0
0
0
0
0
0
0
0
0
0
0
0
0
0
0
0
0
0
0
0
0
0
0
0
0
0
0
0
0
0
0
0
0
0
-1.199
0
0
0
0
0
0
0
8.5228
0
0
0
0
0
0
0
0
-1.5635
0
0
0
0
0
-1.6078
0
-1.9523
0
0
0
0
0
0
0
0
0
0
-2.2002
0
0
0
0
0
0
0
0
0
0
0
0
0
0
0
0
0
0
0
0
0
0
0
0
0
0
0
0
0
0
0
0
0
0
0
0
0
0
0
0
0
0
0
0
0
0
0
-1.3959
0
0
0
0
0
0
0
0
0
0
0
0
0
0
-1.3592
0
0
0
0
0
0
0
0
-1.3407
0
0
0
0
0
0
0
0
0
0
0
0
0
0
0
7.3604
0
0
0
0
0
0
0
-1.5863
0
-1.6783
0
0
0
0
0
0
0
0
0
0
0
0
0
0
0
0
0
0
0
0
0
0
0
0
0
0
0
0
0
0
0
0
0
0
0
0
0
0
0
0
0
0
-1.3173
-1.3145
-1.3145
-1.3136
-1.3136
0
0
0
0
0
0
0
0
0
0
0
0
0
0
0
0
0
0
0
0
0
0
0
0
0
0
0
0
0
0
0
0
0
0
0
0
0
0
0
0
0
0
0
0
0
0
0
0
0
0
0
0
0
0
0
0
0
0
6.5736
0
0
0
0
0
0
0
0
0
0
0
0
0
0
0
0
0
0
0
0
0
0
0
0
0
0
0
0
0
0
0
0
0
0
0
0
0
0
0
0
0
0
0
0
0
0
0
0
0
0
0
0
-1.4908
-1.4908
0
0
0
0
0
0
0
0
0
0
0
0
0
0
0
0
0
0
0
0
0
0
0
0
0
0
0
0
0
0
0
0
0
0
0
0
0
0
0
0
0
0
0
0
0
0
0
0
0
0
0
0
0
0
0
0
0
0
0
0
0
7.7749
0
0
0
0
0
0
0
0
0
0
0
0
0
0
0
0
0
0
0
0
0
0
-2.207
0
0
0
0
0
0
0
-2.5862
0
0
0
0
0
0
0
0
0
0
0
0
0
0
0
0
0
0
0
0
0
0
0
0
0
0
0
0
0
0
0
0
0
0
0
0
-1.6237
0
0
0
0
0
0
0
0
0
0
0
0
0
0
0
0
0
0
0
0
0
0
0
0
0
0
0
0
0
0
0
0
0
0
0
0
0
0
-1.5908
0
0
0
0
0
0
0
0
7.4588
0
0
0
0
-1.7977
0
0
0
0
0
0
0
0
0
0
0
0
0
0
0
-2.4466
0
0
0
0
0
0
0
0
0
0
0
0
0
0
0
0
0
0
0
0
0
0
0
0
0
0
0
0
-1.5367
-1.5321
-1.5321
0
0
0
0
0
0
0
-1.5488
0
0
0
0
0
0
0
0
0
0
0
0
0
0
0
0
0
0
0
0
0
0
0
0
0
0
0
0
0
0
0
0
0
0
0
0
0
0
0
0
0
0
0
0
0
0
0
0
0
0
0
0
0
0
0
6.1497
0
0
0
0
0
0
0
0
0
0
0
0
0
0
0
0
0
0
0
0
0
0
0
0
0
0
0
0
0
0
0
0
0
0
0
0
0
0
0
0
0
0
0
0
0
0
0
0
0
0
0
0
0
0
0
0
0
0
0
-1.1003
0
0
0
0
0
0
0
0
0
0
0
0
0
0
0
0
0
0
0
-1.0859
0
0
0
0
0
0
0
0
0
0
0
0
0
0
0
0
0
0
0
0
0
0
0
0
0
0
0
0
0
0
0
0
0
0
0
5.5604
0
0
0
0
0
0
0
0
0
-1.4635
0
0
0
0
0
0
-1.9107
0
0
0
0
0
0
0
0
0
0
0
0
0
0
0
0
0
0
0
0
0
0
0
0
0
0
0
0
0
0
0
0
0
0
0
0
0
0
0
0
0
0
0
0
0
0
0
-1.4654
0
0
0
0
0
0
0
0
0
0
0
0
0
0
0
0
0
0
0
0
0
0
0
0
0
0
0
0
0
0
0
0
0
0
0
0
0
0
0
0
0
0
0
0
0
0
0
0
0
0
7.3039
0
0
-1.8508
0
0
0
-2.0102
0
0
-1.9776
0
0
0
0
0
0
0
0
0
0
0
0
0
0
0
0
0
0
0
0
0
0
0
0
0
0
0
0
0
0
0
0
0
0
0
0
0
0
0
0
0
0
0
0
0
0
0
0
0
0
0
0
0
0
0
0
0
0
0
0
0
0
0
0
0
0
0
0
0
0
0
-1.4846
0
0
0
0
0
0
0
0
0
0
0
0
0
0
0
0
0
0
0
0
0
-1.4907
0
0
0
0
0
0
0
0
0
0
0
7.8025
0
0
0
0
0
0
0
0
0
0
0
0
0
0
0
0
0
-2.245
0
0
0
0
0
0
0
0
0
0
0
0
-2.5821
0
0
0
0
0
0
0
0
0
0
0
0
0
0
0
0
0
0
0
0
0
0
0
0
0
0
0
0
0
0
0
0
0
0
0
0
0
0
0
0
0
0
0
0
0
0
0
0
0
0
0
0
0
0
0
0
0
0
0
0
0
0
0
0
0
0
0
0
0
0
0
0
0
0
0
-1.5635
-1.5863
0
0
-1.7977
0
0
0
0
7.5633
0
0
0
0
0
0
0
0
0
0
0
0
0
0
0
0
0
0
0
0
0
0
0
0
0
0
0
0
0
0
0
0
0
0
0
0
0
0
-2.6158
0
0
0
0
0
0
0
0
0
0
0
0
0
0
0
0
0
0
0
0
0
0
0
0
0
-1.4748
0
0
0
0
0
0
0
0
0
0
0
0
0
0
0
0
0
0
0
0
0
0
0
0
0
0
0
0
0
0
0
0
0
0
0
-1.5694
0
0
0
0
0
0
0
0
0
0
0
-1.8508
0
0
6.7768
0
-1.8819
0
0
0
0
0
0
0
0
0
0
0
0
0
0
0
0
0
0
0
0
0
0
0
0
0
0
0
0
0
0
0
0
0
0
0
0
0
0
0
0
0
0
0
0
0
0
0
-1.4535
0
0
0
0
0
0
0
0
0
0
0
0
0
0
0
0
0
0
0
0
0
0
0
0
0
0
0
0
0
0
0
0
0
0
0
0
0
0
0
0
0
0
0
0
0
0
0
0
0
0
0
0
0
0
0
-1.6783
0
0
0
0
0
0
0
0
0
7.2062
-2.1151
0
0
0
0
0
-1.9594
0
0
0
0
0
0
0
0
0
0
0
0
0
0
0
0
0
0
0
0
0
0
0
0
0
0
0
0
0
0
0
0
0
0
0
0
0
0
0
0
0
0
0
0
-1.6548
0
0
0
0
0
0
0
0
0
0
0
0
0
0
0
0
0
0
0
0
0
0
0
0
0
0
0
0
0
0
0
0
0
0
0
0
0
0
0
0
0
0
0
0
0
0
0
0
0
0
0
0
0
0
0
0
0
0
0
0
0
-1.8819
-2.1151
5.6518
0
0
0
0
0
0
0
0
0
0
0
0
0
0
0
0
0
0
0
0
0
0
0
0
0
0
0
0
0
0
0
0
0
0
0
0
0
0
0
0
0
0
0
0
0
0
-1.7252
0
0
0
0
0
0
0
0
0
0
0
0
0
0
0
0
0
0
0
0
0
0
0
0
0
0
0
0
0
-1.7075
0
0
0
0
0
0
0
0
0
0
0
0
0
0
0
0
0
0
0
0
0
0
0
0
0
0
0
0
0
0
0
0
0
0
0
0
0
0
5.3542
-1.9215
0
0
0
0
0
0
0
0
0
0
0
0
0
0
0
0
0
0
0
0
0
0
0
0
0
0
0
0
0
0
0
0
0
0
0
0
0
0
0
0
0
0
0
0
0
0
0
0
0
0
0
0
0
0
0
0
0
0
0
0
0
0
0
0
0
0
0
0
0
0
0
0
0
0
0
0
0
0
0
-1.6004
0
0
0
0
0
0
0
0
0
0
0
0
0
0
0
0
0
0
0
0
0
0
0
0
0
0
0
-2.0102
0
0
0
0
0
-1.9215
5.5321
0
0
0
0
0
0
0
0
0
0
0
0
0
0
0
0
0
0
0
0
0
0
0
0
0
0
0
0
0
0
0
0
0
0
0
0
0
0
0
0
0
0
0
0
0
0
0
0
0
0
0
0
0
0
0
0
0
0
0
0
0
0
0
0
0
0
0
0
0
0
-1.2376
0
0
0
0
0
0
0
0
0
0
0
0
0
0
0
0
0
0
0
0
0
0
0
0
0
0
0
0
0
-1.6078
0
0
0
0
0
0
0
0
0
0
0
0
0
0
5.1301
0
0
0
0
0
0
0
0
0
0
0
0
0
0
0
0
0
0
0
0
0
0
0
0
0
0
-2.2847
0
0
0
0
0
0
0
0
0
0
0
0
0
0
0
0
-0.88633
0
0
0
0
0
0
0
0
0
0
0
0
0
0
0
0
0
0
0
0
0
0
0
0
0
0
0
0
0
0
0
0
0
0
0
0
0
0
0
0
0
0
0
0
0
0
0
0
0
0
0
0
0
0
0
0
0
0
0
0
0
-1.4635
0
0
0
0
0
0
0
0
0
3.9364
0
0
0
0
0
0
0
0
0
0
0
0
0
0
0
0
0
0
0
0
0
0
0
0
0
0
0
0
0
0
0
0
0
-1.5866
0
0
0
0
0
0
0
0
0
0
0
0
0
0
0
0
0
0
0
0
0
0
0
0
0
0
0
0
0
0
0
0
0
0
0
0
0
0
0
0
0
0
0
0
0
0
0
0
0
0
0
0
0
0
-1.779
0
0
0
0
0
0
0
0
0
-1.9523
0
0
0
0
0
0
-1.9776
0
0
0
0
0
0
0
0
0
5.7088
0
0
0
0
0
0
0
0
0
0
0
0
0
0
0
0
0
0
0
0
0
0
0
0
0
0
0
0
0
0
0
0
0
0
0
0
0
0
0
0
0
-1.9215
0
0
0
-1.9257
0
0
0
0
0
0
0
0
0
0
0
0
0
0
0
0
0
0
0
0
0
0
0
0
0
0
0
0
0
0
0
0
0
0
0
0
0
0
0
0
0
0
0
0
0
0
0
0
0
0
0
0
0
0
0
0
0
0
0
0
0
0
-1.9594
0
0
0
0
0
0
5.8065
0
0
0
0
0
0
0
0
0
0
0
0
0
0
0
0
0
0
0
0
0
0
0
0
0
0
0
0
0
0
0
0
0
0
0
0
0
0
0
0
0
0
0
-2.89
0
0
0
-2.8464
0
0
0
0
0
0
0
0
0
0
0
0
0
0
0
0
0
0
0
0
0
0
0
0
0
0
0
0
0
0
0
0
0
0
0
0
0
0
0
0
0
0
0
0
0
0
0
0
0
0
0
0
0
0
0
0
0
0
0
0
0
0
0
0
0
0
0
5.7364
0
0
0
0
0
0
0
0
0
0
0
0
0
0
0
0
0
0
0
0
0
0
0
0
0
0
0
0
0
0
0
0
0
0
-1.3421
0
0
0
0
0
0
0
0
0
0
0
0
0
0
0
0
0
0
0
0
0
0
0
0
0
0
0
0
0
0
0
0
0
0
0
0
0
0
0
0
0
0
0
0
0
0
0
0
0
0
0
0
0
0
0
0
-1.5848
0
0
0
0
0
0
0
0
0
0
0
0
0
0
0
0
0
0
0
0
0
0
0
2.9269
0
0
0
0
0
0
0
0
0
0
0
0
0
0
0
0
0
0
0
0
0
0
0
0
0
0
0
0
0
0
0
0
0
0
0
0
0
0
0
0
0
0
0
0
0
0
0
0
-2.854
0
0
0
0
0
0
0
0
0
0
0
0
0
0
0
0
0
0
0
0
0
0
0
0
0
0
0
0
0
0
0
-2.5661
0
0
0
0
0
0
0
0
0
0
0
0
0
0
0
0
0
0
0
0
0
0
0
0
0
0
0
0
0
0
0
0
0
0
5.4201
0
0
0
0
0
0
0
0
0
0
0
0
0
0
0
0
0
0
0
0
0
0
0
0
0
0
0
0
0
0
0
0
0
0
0
0
0
0
0
0
0
0
0
0
0
0
0
0
0
0
0
0
0
0
0
0
0
0
0
0
0
0
0
0
0
0
0
0
0
0
0
0
0
-1.9045
0
0
0
0
0
0
0
0
0
-1.8547
0
0
0
0
0
0
0
0
0
0
0
0
0
0
0
0
0
0
0
0
0
0
0
0
0
0
0
0
0
0
0
3.7592
0
0
0
0
0
0
0
0
0
0
0
0
0
0
0
0
0
0
0
0
0
0
0
0
0
0
0
0
0
0
0
0
0
0
0
0
0
0
0
-1.4196
0
0
0
0
0
0
0
0
0
0
0
0
0
0
0
0
0
0
0
0
0
0
0
0
0
0
0
0
0
0
0
0
0
0
0
0
0
0
0
0
0
0
0
0
0
0
0
0
0
0
0
0
0
0
0
0
0
0
-1.9107
0
0
0
0
0
0
0
0
0
0
0
0
0
0
0
0
3.3304
0
0
0
0
0
0
0
0
0
0
0
0
0
0
0
0
0
0
0
0
0
0
0
0
0
0
0
0
0
0
0
0
0
0
0
0
0
0
0
-2.8938
0
0
0
0
0
0
0
0
0
-2.8685
0
0
0
0
0
0
0
0
0
0
0
0
0
0
0
0
0
0
0
0
0
0
0
0
0
0
0
0
0
0
0
0
0
0
0
0
0
0
0
0
0
0
0
0
0
0
0
0
0
0
0
0
0
0
0
0
0
0
0
0
0
0
0
0
0
5.7623
0
0
0
0
0
0
0
0
0
0
0
0
0
0
0
0
0
0
0
0
0
0
0
0
0
0
0
0
0
0
0
0
0
0
0
0
0
0
0
0
0
0
0
0
0
0
0
0
0
0
0
0
0
0
0
0
0
0
0
0
0
0
0
0
0
0
0
0
0
0
0
0
0
0
0
0
0
0
0
0
0
0
0
0
0
0
0
0
0
0
0
0
0
0
-2.4466
0
0
0
0
0
0
0
0
0
0
0
0
0
0
0
0
0
0
0
0
5.23
0
-2.7835
0
0
0
0
0
0
0
0
0
0
0
0
0
0
0
0
0
0
0
0
0
0
0
0
0
0
0
0
0
0
0
0
0
0
0
0
0
0
0
0
0
0
0
0
0
0
0
0
0
0
0
0
0
0
0
0
0
0
0
0
0
0
0
0
0
0
0
0
0
0
0
0
0
0
0
0
0
0
0
0
0
0
0
0
0
0
0
0
0
0
-2.207
0
0
0
0
-2.245
0
0
0
0
0
0
0
0
0
0
0
0
0
0
0
0
0
4.452
0
0
0
0
0
0
0
0
0
0
0
0
0
0
0
0
0
0
0
0
0
0
0
0
0
0
0
0
0
0
0
0
0
0
0
0
0
0
0
0
0
0
0
0
0
0
0
0
0
0
0
0
0
0
0
0
0
0
0
0
0
0
0
0
0
0
0
0
0
0
0
0
0
0
0
-2.1565
0
0
0
0
0
0
0
0
0
0
0
0
0
0
0
0
0
0
0
0
0
0
0
0
0
0
0
0
0
0
0
0
0
0
0
0
0
-2.7835
0
4.94
0
0
0
0
0
0
0
0
0
0
0
0
0
0
0
0
0
0
0
0
0
0
0
0
0
0
0
0
0
0
0
0
0
0
0
0
0
0
0
0
0
0
0
0
0
0
0
0
0
0
0
0
0
0
0
0
0
0
-1.7354
0
0
0
0
0
0
0
0
0
0
0
0
0
0
0
0
0
0
0
0
0
0
0
0
0
0
0
0
-2.2002
0
0
0
0
0
0
0
0
0
0
0
0
0
0
0
0
0
0
0
0
0
0
0
0
0
0
0
3.9356
0
0
0
0
0
0
0
0
0
0
0
0
0
0
0
0
0
0
0
0
0
0
0
0
0
0
0
0
0
0
0
0
0
0
0
0
0
0
0
0
0
0
0
0
0
0
0
0
0
0
0
0
0
0
0
0
0
0
0
0
0
0
0
0
0
0
-3.54
0
0
0
0
0
0
0
0
0
0
0
0
0
0
0
0
0
0
0
0
0
0
0
0
0
0
0
0
0
0
0
0
0
0
0
0
0
0
0
0
0
0
0
0
0
0
0
0
3.54
0
0
0
0
0
0
0
0
0
0
0
0
0
0
0
0
0
0
0
0
0
0
0
0
0
0
0
0
0
-5.1722
0
0
0
0
0
0
0
0
0
0
0
0
0
0
0
0
0
0
0
0
0
0
0
0
0
0
0
0
0
0
0
0
0
0
0
0
0
0
0
0
0
0
0
0
0
0
0
0
0
0
0
0
0
0
0
0
0
0
0
0
0
0
0
0
0
0
0
0
0
0
0
0
0
0
0
0
0
0
0
0
0
0
0
0
0
5.1722
0
0
0
0
0
0
0
0
0
0
0
0
0
0
0
0
0
0
0
0
0
0
0
0
0
0
0
0
0
0
0
0
0
0
0
0
0
0
0
0
0
0
0
0
0
0
0
0
0
0
0
0
0
0
0
0
0
0
0
0
0
0
0
0
0
0
0
0
0
0
0
0
0
-2.1006
0
0
0
0
0
0
0
0
0
0
0
0
0
0
0
0
0
0
0
0
0
0
0
0
0
0
0
0
0
0
0
0
0
0
0
0
0
0
0
0
0
2.1006
0
0
0
0
0
0
0
0
0
0
0
0
0
0
0
0
0
0
0
0
0
0
0
0
0
0
0
0
0
0
0
0
0
0
0
0
0
0
0
0
0
0
0
0
0
0
0
0
0
0
0
0
0
0
0
0
0
0
0
0
0
0
0
0
-3.1092
0
0
0
0
0
0
0
0
0
0
0
0
0
0
0
0
0
0
0
0
0
0
0
0
0
0
0
0
0
0
0
0
0
0
0
0
0
0
0
0
0
0
0
0
0
0
0
0
0
0
3.1092
0
0
0
0
0
0
0
0
0
0
0
0
0
0
0
0
0
0
0
0
0
0
0
0
0
0
0
0
0
0
0
0
0
0
0
0
0
0
0
0
0
0
0
0
0
0
0
0
0
0
0
-4.0365
0
0
0
0
0
0
0
0
0
0
0
0
0
0
0
0
0
0
0
0
0
0
0
0
0
0
0
0
0
0
0
0
0
0
0
0
0
0
0
0
0
0
0
0
0
0
0
0
0
0
0
0
0
0
0
0
0
0
0
0
0
0
0
4.0365
0
0
0
0
0
0
0
0
0
0
0
0
0
0
0
0
0
0
0
0
0
0
0
0
0
0
0
0
0
0
0
0
0
0
0
0
0
0
0
0
0
0
0
0
0
0
0
0
0
0
0
0
0
0
0
0
0
0
0
0
0
0
0
0
0
0
0
0
0
0
0
0
0
0
0
0
0
0
0
0
0
0
0
0
-2.5862
0
0
0
0
0
0
0
0
0
0
0
0
0
0
0
0
0
0
0
0
0
0
0
0
0
0
0
0
0
0
2.5862
0
0
0
0
0
0
0
0
0
0
0
0
0
0
0
0
0
0
0
0
0
0
0
0
0
0
0
0
0
0
0
0
0
0
-4.8573
0
0
0
0
0
0
0
0
0
0
0
0
0
0
0
0
0
0
0
0
0
0
0
0
0
0
0
0
0
0
0
0
0
0
0
0
0
0
0
0
0
0
0
0
0
0
0
0
0
0
0
0
0
0
0
0
0
0
0
0
0
0
0
0
0
0
0
0
0
0
0
0
0
0
0
0
0
0
0
0
4.8573
0
0
0
0
0
0
0
0
0
0
0
0
0
0
0
0
0
0
0
0
0
0
0
0
0
0
0
0
0
0
0
0
0
0
0
0
0
0
0
0
-4.6563
0
0
0
0
0
0
0
0
0
0
0
0
0
0
0
0
0
0
0
0
0
0
0
0
0
0
0
0
0
0
0
0
0
0
0
0
0
0
0
0
0
0
0
0
0
0
0
0
0
0
0
0
0
0
0
0
0
0
0
0
0
0
0
0
0
0
0
0
0
0
0
0
0
0
4.6563
0
0
0
0
0
0
0
0
0
0
0
0
0
0
0
0
0
0
0
0
0
0
0
0
0
0
0
0
0
0
0
0
0
0
0
0
0
0
0
0
0
0
0
0
0
0
0
0
0
0
0
0
0
0
0
0
0
0
0
0
0
0
0
0
0
0
0
0
0
0
0
0
-2.3152
0
0
0
0
0
0
0
0
0
0
0
0
0
0
0
0
0
0
0
0
0
0
0
0
0
0
0
0
0
0
0
0
0
0
0
0
0
0
0
0
0
0
2.3152
0
0
0
0
0
0
0
0
0
0
0
0
0
0
0
0
0
0
0
0
0
0
0
0
0
0
0
0
0
0
0
0
0
0
0
0
0
0
0
0
0
0
0
0
0
0
0
0
0
0
0
0
0
0
0
0
0
0
0
0
0
0
0
0
0
0
0
0
0
0
0
0
-0.28288
0
0
0
0
0
0
0
0
0
0
0
0
0
0
0
0
0
0
0
0
0
0
0
0
0
0
0
0
0
0
0
0
0
0
0
0
0
0
0
0
0
0
0.28288
0
0
0
0
0
0
0
0
0
0
0
0
0
0
0
0
0
0
0
0
0
0
0
0
0
0
0
0
0
0
0
0
0
0
0
0
0
0
0
0
0
0
0
0
0
0
0
0
0
0
0
0
0
0
0
0
0
0
0
0
0
0
0
0
0
0
0
0
0
0
0
0
0
0
0
0
0
0
0
0
0
0
0
0
-2.5821
0
0
0
0
0
0
0
0
0
0
0
0
0
0
0
0
0
0
0
0
0
0
0
0
0
0
0
0
0
0
2.5821
0
0
0
0
0
0
0
0
0
0
0
0
0
0
0
0
0
0
0
0
0
0
-4.9533
0
0
0
0
0
0
0
0
0
0
0
0
0
0
0
0
0
0
0
0
0
0
0
0
0
0
0
0
0
0
0
0
0
0
0
0
0
0
0
0
0
0
0
0
0
0
0
0
0
0
0
0
0
0
0
0
0
0
0
0
0
0
0
0
0
0
0
0
0
0
0
0
0
0
0
0
0
0
0
0
0
0
0
0
0
0
0
0
0
0
0
0
4.9533
0
0
0
0
0
0
0
0
0
0
0
0
0
0
0
0
0
0
0
0
0
0
0
0
0
0
0
0
0
0
0
0
0
0
0
0
0
0
0
0
0
0
0
0
0
0
0
0
0
0
0
0
0
0
0
0
0
0
0
0
0
0
0
0
0
-2.7391
0
0
0
0
0
0
0
0
0
0
0
0
0
0
0
0
0
0
0
0
0
0
0
0
0
0
0
0
0
0
0
0
0
0
0
0
0
0
0
0
0
0
0
0
0
0
0
0
0
2.7391
0
0
0
0
0
0
0
0
0
0
0
0
0
0
0
0
0
0
0
0
0
0
0
0
0
0
0
0
0
0
0
0
0
0
0
0
0
0
0
0
0
0
0
0
0
0
0
0
0
0
0
0
0
0
0
0
0
0
0
0
0
0
0
0
0
0
0
0
0
0
0
0
0
0
0
0
0
0
0
0
0
0
0
0
0
0
0
0
-2.2847
0
0
0
0
0
0
0
0
0
0
0
0
0
0
0
0
0
0
0
0
0
0
0
0
0
0
2.2847
0
0
0
0
0
0
0
0
0
0
0
0
0
0
0
0
0
0
0
0
0
0
0
0
0
0
0
0
0
0
0
0
0
0
0
0
0
0
0
0
0
0
0
0
0
0
0
0
0
0
0
0
0
0
0
0
0
0
0
0
0
0
0
0
0
0
-2.3152
0
0
0
0
0
0
0
0
0
0
0
0
0
0
0
0
0
0
0
0
0
0
0
0
0
0
0
0
0
0
0
0
0
0
0
0
0
0
0
0
0
0
0
0
0
0
0
0
2.3152
0
0
0
0
0
0
0
0
0
0
0
0
0
0
0
0
0
0
0
0
0
0
0
0
0
0
0
0
0
0
0
0
0
0
0
0
0
0
0
0
0
0
0
0
0
0
0
0
0
0
-3.8223
0
0
0
0
0
0
0
0
0
0
0
0
0
0
0
0
0
0
0
0
0
0
0
0
0
0
0
0
0
0
0
0
0
0
0
0
0
0
0
0
0
0
0
0
0
0
0
0
0
0
0
0
0
0
0
0
0
0
0
0
0
0
0
0
3.8223
0
0
0
0
0
0
0
0
0
0
0
0
0
0
0
0
0
0
0
0
0
0
0
0
0
0
0
0
0
0
0
0
0
-4.4837
0
0
0
0
0
0
0
0
0
0
0
0
0
0
0
0
0
0
0
0
0
0
0
0
0
0
0
0
0
0
0
0
0
0
0
0
0
0
0
0
0
0
0
0
0
0
0
0
0
0
0
0
0
0
0
0
0
0
0
0
0
0
0
0
0
0
0
0
0
0
0
0
0
0
0
0
0
0
0
0
0
4.4837
0
0
0
0
0
0
0
0
0
0
0
0
0
0
0
0
0
0
0
0
0
0
0
0
0
0
0
0
0
0
0
0
0
0
0
0
0
0
0
0
0
0
0
0
0
0
0
0
-3.8224
0
0
0
0
0
0
0
0
0
0
0
0
0
0
0
0
0
0
0
0
0
0
0
0
0
0
0
0
0
0
0
0
0
0
0
0
0
0
0
0
0
0
0
0
0
0
0
0
0
0
0
0
0
0
0
0
0
0
0
0
0
0
0
0
0
0
3.8224
0
0
0
0
0
0
0
0
0
0
0
0
0
0
0
0
0
0
0
0
0
0
0
0
0
0
0
0
0
0
0
0
0
0
0
0
0
0
0
0
0
0
0
0
0
0
0
0
-3.54
0
0
0
0
0
0
0
0
0
0
0
0
0
0
0
0
0
0
0
0
0
0
0
0
0
0
0
0
0
0
0
0
0
0
0
0
0
0
0
0
0
0
0
0
0
0
0
0
0
0
0
0
0
0
0
0
0
0
0
0
0
0
0
0
0
0
3.54
0
0
0
0
0
0
0
0
0
0
0
0
0
0
0
0
0
0
0
0
0
0
0
0
0
0
0
0
0
0
0
0
0
0
0
0
0
0
0
0
0
0
0
0
0
0
0
0
0
0
0
0
0
0
0
0
0
0
0
0
0
0
0
0
0
0
0
0
0
0
0
0
0
0
0
0
-2.6158
0
0
0
0
0
0
0
0
0
0
0
0
0
0
0
0
0
0
0
0
0
0
0
0
0
0
0
0
0
0
0
0
0
0
0
0
0
0
2.6158
0
0
0
0
0
0
0
0
0
0
0
0
0
0
0
0
0
0
0
0
0
0
0
0
0
0
0
0
0
0
0
0
0
0
0
0
0
0
0
0
0
-3.3756
0
0
0
0
0
0
0
0
0
0
0
0
0
0
0
0
0
0
0
0
0
0
0
0
0
0
0
0
0
0
0
0
0
0
0
0
0
0
0
0
0
0
0
0
0
0
0
0
0
0
0
0
0
0
0
0
0
0
0
0
0
0
0
0
0
0
0
0
0
0
0
0
0
3.3756
0
0
0
0
0
0
0
0
0
0
0
0
0
0
0
0
0
0
0
0
0
0
0
0
0
0
0
0
0
0
0
0
0
0
0
0
0
0
0
0
0
0
0
0
0
0
0
0
0
0
0
0
0
0
0
0
0
0
0
0
0
0
0
0
0
0
0
0
0
0
0
0
0
0
0
0
0
0
0
0
0
-1.5866
0
0
0
0
0
0
0
0
0
0
0
0
0
0
0
0
0
0
0
0
0
0
0
0
0
0
0
0
0
0
0
0
0
1.5866
0
0
0
0
0
0
0
0
0
0
0
0
0
0
0
0
0
0
0
0
0
0
0
0
0
0
0
0
0
0
0
0
0
0
0
0
0
0
-3.6785
0
0
0
0
0
0
0
0
0
0
0
0
0
0
0
0
0
0
0
0
0
0
0
0
0
0
0
0
0
0
0
0
0
0
0
0
0
0
0
0
0
0
0
0
0
0
0
0
0
0
0
0
0
0
0
0
0
0
0
0
0
0
0
0
0
0
0
0
0
0
0
0
0
0
0
0
3.6785
0
0
0
0
0
0
0
0
-5.1281
0
0
0
0
0
0
0
0
0
0
0
0
0
0
0
0
0
0
0
0
0
0
0
0
0
0
0
0
0
0
0
0
0
0
0
0
0
0
0
0
0
0
0
0
0
0
0
0
0
0
0
0
0
0
0
0
0
0
0
0
0
0
0
0
0
0
0
0
0
0
0
0
0
0
0
0
0
0
0
0
0
0
0
0
0
0
0
0
0
0
0
0
0
0
0
0
0
0
0
0
0
0
0
0
0
0
5.1281
0
0
0
0
0
0
0
0
0
0
0
0
0
0
0
0
0
0
0
0
0
0
0
0
0
0
0
0
0
0
0
0
0
0
0
0
0
0
0
0
0
0
0
0
0
0
0
0
0
0
0
0
0
0
0
0
0
0
0
-1.6783
0
0
0
0
0
0
0
0
0
0
0
0
0
0
0
0
0
0
0
0
0
0
0
0
0
0
0
0
0
0
0
0
0
0
0
0
0
0
0
0
0
0
0
0
0
0
0
0
0
0
0
0
0
0
0
1.6783
