60.6991
-0.92945
-0.92945
-0.92892
-0.92893
-0.93512
-0.93559
-0.93183
-0.93512
-0.93453
-0.93492
-0.9366
-0.93722
-0.92785
-0.92825
-0.93828
-0.92826
-0.93372
-0.92824
-0.92985
-0.92321
-0.92617
-0.93988
-0.92617
-0.93432
-0.92639
-0.92774
-0.929
-0.92921
-0.92922
-0.93475
-0.93053
-0.93055
-0.92898
-0.92757
-0.93257
-0.93018
-0.9294
-0.92844
-0.92695
-0.93176
-0.93132
-0.93072
-0.93287
-0.93025
-0.93018
-0.9286
-0.93168
-0.92712
-0.93819
-0.9326
-0.94433
-0.95922
-0.9903
-1.0272
-1.0062
-1.0556
-1.0173
-1.023
-1.1004
-1.0963
0
0
-1.1696
0
0
-1.3548
0
0
0
0
0
0
0
0
0
0
0
0
0
0
-1.4063
0
0
0
0
0
0
0
0
0
0
0
0
0
0
0
0
0
0
0
0
0
0
0
0
0
0
0
0
0
0
0
0
0
-0.92945
60.4038
-0.92788
-0.92768
-0.92768
-0.93393
-0.93444
-0.93066
-0.93412
-0.93348
-0.9337
-0.93545
-0.93612
-0.92669
-0.92709
-0.93724
-0.92709
-0.93259
-0.92709
-0.92874
-0.92207
-0.92501
-0.93881
-0.925
-0.93326
-0.92523
-0.92657
-0.92784
-0.92805
-0.92805
-0.93369
-0.92935
-0.92936
-0.92779
-0.92639
-0.93143
-0.9291
-0.92824
-0.92726
-0.92576
-0.93082
-0.93039
-0.9296
-0.93168
-0.92906
-0.92897
-0.92744
-0.9306
-0.92586
-0.93693
-0.93129
-0.94345
-0.95777
-0.98892
-1.0255
-1.0048
-1.0538
-1.0145
-1.0207
-1.0983
-1.0942
0
0
-1.167
-1.1921
0
-1.3507
0
0
0
0
0
0
0
0
0
0
0
0
0
0
0
0
0
0
0
0
0
0
0
0
0
0
0
0
0
0
0
0
0
0
0
0
0
0
0
0
0
0
0
0
0
0
0
0
-0.92945
-0.92788
60.4038
-0.92768
-0.92767
-0.93392
-0.93444
-0.93066
-0.93411
-0.93348
-0.9337
-0.93544
-0.93611
-0.92669
-0.92709
-0.93724
-0.9271
-0.93259
-0.92709
-0.92874
-0.92207
-0.92501
-0.93881
-0.92501
-0.93328
-0.92524
-0.92658
-0.92784
-0.92804
-0.92805
-0.93368
-0.92934
-0.92936
-0.9278
-0.92639
-0.93143
-0.92911
-0.92824
-0.92727
-0.92577
-0.93082
-0.93039
-0.92961
-0.93168
-0.92907
-0.92897
-0.92744
-0.9306
-0.92587
-0.93693
-0.93129
-0.94346
-0.95777
-0.98891
-1.0255
-1.0048
-1.0538
-1.0145
-1.0207
-1.0982
-1.0943
0
0
-1.167
-1.1921
0
-1.3507
0
0
0
0
0
0
0
0
0
0
0
0
0
0
0
0
0
0
0
0
0
0
0
0
0
0
0
0
0
0
0
0
0
0
0
0
0
0
0
0
0
0
0
0
0
0
0
0
-0.92892
-0.92768
-0.92768
56.7434
-0.92626
-0.93233
-0.93336
-0.92947
-0.93274
-0.93207
-0.93283
-0.93427
-0.93481
-0.9255
-0.92588
-0.9358
-0.9259
-0.93139
-0.9259
-0.92743
-0.92091
-0.92381
-0.93739
-0.92381
-0.93188
-0.92402
-0.92538
-0.92664
-0.92685
-0.92685
-0.93237
-0.9282
-0.92825
-0.92659
-0.92519
-0.93027
-0.92784
-0.92701
-0.92607
-0.92456
-0.92956
-0.9292
-0.92838
-0.93046
-0.92785
-0.928
-0.92621
-0.92929
-0.92459
-0.93575
-0.93018
-0.94215
-0.95684
-0.98733
-1.0245
-1.0037
0
-1.014
-1.0208
-1.0982
-1.0941
0
0
-1.1682
0
0
0
0
0
0
0
0
0
0
0
0
0
0
0
0
0
0
0
0
0
0
0
0
0
0
0
0
0
0
0
0
0
0
0
0
0
0
0
0
0
0
0
0
0
0
0
0
0
0
0
-0.92893
-0.92768
-0.92767
-0.92626
56.7432
-0.93233
-0.93336
-0.92947
-0.93274
-0.93206
-0.93283
-0.93427
-0.93482
-0.92549
-0.92588
-0.9358
-0.92589
-0.93138
-0.92589
-0.92743
-0.9209
-0.9238
-0.9374
-0.9238
-0.93188
-0.92402
-0.92537
-0.92662
-0.92684
-0.92683
-0.93237
-0.9282
-0.92825
-0.92659
-0.92518
-0.93027
-0.92784
-0.92701
-0.92605
-0.92456
-0.92956
-0.9292
-0.92837
-0.93046
-0.92785
-0.928
-0.9262
-0.9293
-0.92458
-0.93575
-0.93018
-0.94215
-0.95685
-0.98734
-1.0245
-1.0037
0
-1.014
-1.0208
-1.0982
-1.0941
0
0
-1.1682
0
0
0
0
0
0
0
0
0
0
0
0
0
0
0
0
0
0
0
0
0
0
0
0
0
0
0
0
0
0
0
0
0
0
0
0
0
0
0
0
0
0
0
0
0
0
0
0
0
0
0
-0.93512
-0.93393
-0.93392
-0.93233
-0.93233
58.9909
-0.93885
-0.93427
-0.93764
-0.93681
-0.93804
-0.93926
-0.93988
-0.9304
-0.93074
-0.94075
-0.93074
-0.93615
-0.93073
-0.93268
-0.92568
-0.92864
-0.94269
-0.92864
-0.93693
-0.92887
-0.93023
-0.93149
-0.93171
-0.93171
-0.93721
-0.93316
-0.93351
-0.93147
-0.93007
-0.93512
-0.93253
-0.93213
-0.93093
-0.92944
-0.93415
-0.93334
-0.933
-0.93535
-0.93272
-0.93281
-0.9314
-0.93399
-0.9293
-0.94059
-0.93484
-0.94628
-0.96065
-0.99183
-1.0293
0
0
0
0
0
0
0
0
0
0
0
0
0
0
0
0
0
0
0
-1.3697
0
0
-0.85535
0
-1.5756
0
0
0
0
0
0
0
0
0
0
0
-4.5839
0
0
0
0
0
0
0
0
0
0
0
0
0
0
0
0
0
0
0
0
0
0
0
-0.93559
-0.93444
-0.93444
-0.93336
-0.93336
-0.93885
56.4289
-0.93491
-0.93832
-0.93796
-0.93866
-0.93972
-0.94048
-0.93099
-0.93132
-0.94131
-0.93133
-0.93676
-0.93132
-0.93328
-0.92643
-0.92921
-0.94313
-0.92922
-0.93753
-0.92945
-0.9308
-0.93208
-0.9323
-0.9323
-0.93786
-0.93363
-0.93421
-0.93207
-0.93065
-0.93593
-0.93317
-0.9324
-0.93152
-0.93003
-0.93453
-0.93405
-0.93361
-0.93595
-0.93331
-0.93356
-0.93157
-0.93459
-0.92991
-0.94119
-0.9353
-0.94751
-0.96149
-0.99214
-1.0304
0
0
0
0
0
0
0
0
0
0
0
0
0
0
0
0
0
-1.2496
0
0
0
0
0
0
0
0
0
0
0
0
0
0
0
0
0
0
0
0
0
0
0
0
0
0
0
0
0
0
0
0
0
0
0
0
0
0
0
0
-4.5399
0
-0.93183
-0.93066
-0.93066
-0.92947
-0.92947
-0.93427
-0.93491
50.4586
-0.93428
-0.93437
-0.9351
-0.93647
-0.93683
-0.92763
-0.92794
-0.93828
-0.92794
-0.9335
-0.92794
-0.92946
-0.92294
-0.9258
-0.93915
-0.92581
-0.93381
-0.92604
-0.92742
-0.92868
-0.92891
-0.9289
-0.93438
-0.93036
-0.93079
-0.92868
-0.92726
-0.93264
-0.92989
-0.92909
-0.92812
-0.92662
-0.9317
-0.93137
-0.93045
-0.93253
-0.9299
-0.93014
-0.92828
-0.93123
-0.92674
-0.93781
-0.93231
-0.94434
-0.95905
-0.98946
-1.027
0
0
0
0
0
0
0
0
0
0
0
0
0
0
0
0
0
0
0
0
0
0
0
0
0
0
0
0
0
0
0
0
0
0
0
0
0
0
0
0
0
0
0
0
0
0
0
0
0
0
0
0
0
0
0
0
0
0
0
0
-0.93512
-0.93412
-0.93411
-0.93274
-0.93274
-0.93764
-0.93832
-0.93428
54.6995
-0.93644
-0.9379
-0.93918
-0.93788
-0.93014
-0.93049
-0.93946
-0.93049
-0.93587
-0.93049
-0.93212
-0.92546
-0.92835
-0.94166
-0.92835
-0.93607
-0.92857
-0.92994
-0.93121
-0.93146
-0.93145
-0.93645
-0.93316
-0.93342
-0.93125
-0.92984
-0.93453
-0.93179
-0.93159
-0.93071
-0.92923
-0.93291
-0.93233
-0.93233
-0.93516
-0.93254
-0.93281
-0.93079
-0.93338
-0.92927
-0.94069
-0.93482
0
0
0
0
0
0
0
0
0
0
0
0
0
0
0
0
0
0
0
0
0
0
0
0
0
0
0
0
0
-2.4043
0
0
0
-1.2521
0
0
0
0
0
0
0
0
0
0
0
0
0
0
0
0
-4.382
0
0
0
0
0
0
0
0
0
0
0
0
0
-0.93453
-0.93348
-0.93348
-0.93207
-0.93206
-0.93681
-0.93796
-0.93437
-0.93644
51.0892
-0.93747
-0.93868
-0.93919
-0.92997
-0.93033
-0.94055
-0.93033
-0.93581
-0.93033
-0.9284
-0.92527
-0.92809
-0.94164
-0.9281
-0.93615
-0.92834
-0.92973
-0.931
-0.93123
-0.93123
-0.93655
-0.93259
-0.93297
-0.93101
-0.9296
-0.93479
-0.93201
-0.93154
-0.93046
-0.92895
-0.93376
-0.93326
-0.93261
-0.9349
-0.93228
-0.93268
-0.93077
-0.93348
-0.92899
-0.94053
0
0
0
0
0
0
0
0
0
0
0
0
0
0
0
0
0
0
0
0
0
0
0
-1.416
0
0
0
0
0
-1.5707
0
0
0
0
0
-2.3857
0
0
0
0
0
0
0
0
0
0
0
0
0
0
0
0
0
0
0
0
0
0
0
0
0
0
0
0
0
-0.93492
-0.9337
-0.9337
-0.93283
-0.93283
-0.93804
-0.93866
-0.9351
-0.9379
-0.93747
49.016
-0.94005
-0.94051
-0.93105
-0.93128
-0.94131
-0.93129
-0.93713
-0.93127
-0.93301
-0.92631
-0.92916
-0.94294
-0.92916
-0.93761
-0.92943
-0.93082
-0.93213
-0.93237
-0.93236
-0.93813
-0.93386
-0.93429
-0.93216
-0.93074
-0.93638
-0.93359
-0.93261
-0.9316
-0.93009
-0.9356
-0.9352
-0.93411
-0.93604
-0.9334
-0.9336
-0.93178
-0.93497
-0.93019
-0.94121
-0.93576
-0.94782
0
0
0
0
0
0
0
0
0
0
0
0
0
0
-1.3585
0
0
0
0
0
0
0
0
0
0
0
0
0
0
0
0
0
0
0
0
0
0
0
0
0
0
0
0
0
0
0
0
0
0
0
0
0
0
0
0
0
0
0
0
0
0
0
0
-0.9366
-0.93545
-0.93544
-0.93427
-0.93427
-0.93926
-0.93972
-0.93647
-0.93918
-0.93868
-0.94005
47.7734
-0.9418
-0.9322
-0.93225
-0.94242
-0.93226
-0.93852
-0.93225
-0.93419
-0.92747
-0.93035
-0.94437
-0.93036
-0.93892
-0.93068
-0.93213
-0.93346
-0.93375
-0.93375
-0.93936
-0.93523
-0.9358
-0.93358
-0.93215
-0.93776
-0.93484
-0.93405
-0.93302
-0.93153
-0.93681
-0.93636
-0.9354
-0.93747
-0.93485
-0.93507
-0.93324
-0.93627
-0.93172
-0.94278
-0.93728
0
0
0
0
0
0
0
0
0
0
0
0
0
0
0
0
-0.99822
0
0
0
0
0
0
0
0
0
0
0
0
0
0
0
0
0
0
0
0
0
0
0
0
0
0
0
0
0
0
0
0
0
0
0
0
0
0
0
0
0
0
0
0
0
0
0
-0.93722
-0.93612
-0.93611
-0.93481
-0.93482
-0.93988
-0.94048
-0.93683
-0.93788
-0.93919
-0.94051
-0.9418
48.2109
-0.93241
-0.93285
-0.94281
-0.93285
-0.93886
-0.93285
-0.93459
-0.92773
-0.93067
-0.94488
-0.93068
-0.93933
-0.93101
-0.93248
-0.9338
-0.93408
-0.93409
-0.93961
-0.93564
-0.93613
-0.9339
-0.93249
-0.93796
-0.93503
-0.93436
-0.93336
-0.93188
-0.93692
-0.93644
-0.9356
-0.93784
-0.93521
-0.93549
-0.93355
-0.93651
-0.93206
-0.94318
0
0
0
0
0
0
0
0
0
0
0
0
0
0
0
0
0
0
0
0
0
0
0
0
0
0
0
0
0
0
-2.3561
0
0
0
0
0
0
0
0
0
0
0
0
0
0
0
0
0
0
0
0
0
0
0
0
0
0
0
0
0
0
0
0
0
0
-0.92785
-0.92669
-0.92669
-0.9255
-0.92549
-0.9304
-0.93099
-0.92763
-0.93014
-0.92997
-0.93105
-0.9322
-0.93241
46.4025
-0.92278
-0.93371
-0.92278
-0.92923
-0.9228
-0.92465
-0.91821
-0.92142
-0.93578
-0.92143
-0.93018
-0.92175
-0.92318
-0.92446
-0.92468
-0.92469
-0.93
-0.9261
-0.92647
-0.92444
-0.92303
-0.92827
-0.92557
-0.92487
-0.92387
-0.92238
-0.92737
-0.92698
-0.92615
-0.92828
-0.92566
-0.92588
-0.92408
-0.92713
-0.92258
-0.93361
0
0
0
0
0
-1.001
0
0
0
0
0
0
0
0
0
0
0
0
0
0
0
0
0
0
0
0
0
0
0
0
0
0
0
0
0
0
0
0
0
0
0
0
0
0
0
0
0
0
0
0
0
0
0
0
0
0
0
0
0
0
0
0
0
0
0
-0.92825
-0.92709
-0.92709
-0.92588
-0.92588
-0.93074
-0.93132
-0.92794
-0.93049
-0.93033
-0.93128
-0.93225
-0.93285
-0.92278
46.3468
-0.93409
-0.92251
-0.92965
-0.92251
-0.92509
-0.91859
-0.92175
-0.93613
-0.92176
-0.93059
-0.92208
-0.92352
-0.92482
-0.92506
-0.92506
-0.93047
-0.92651
-0.9269
-0.92484
-0.92341
-0.92877
-0.92601
-0.92527
-0.92426
-0.92276
-0.92788
-0.92748
-0.92659
-0.92866
-0.92606
-0.92628
-0.92447
-0.92754
-0.92296
-0.93394
-0.92838
0
0
0
0
0
0
0
0
0
0
0
0
0
0
0
0
0
0
0
0
0
0
0
0
0
0
0
0
0
0
0
0
0
0
0
0
0
0
0
0
0
0
0
0
0
0
0
0
0
0
0
0
0
0
0
0
0
0
0
0
0
0
0
0
-0.93828
-0.93724
-0.93724
-0.9358
-0.9358
-0.94075
-0.94131
-0.93828
-0.93946
-0.94055
-0.94131
-0.94242
-0.94281
-0.93371
-0.93409
51.3183
-0.93409
-0.93947
-0.93409
-0.93542
-0.92877
-0.93166
-0.94475
-0.93166
-0.93918
-0.9319
-0.9333
-0.9346
-0.93486
-0.93486
-0.93997
-0.93622
-0.93686
-0.93469
-0.93325
-0.93806
-0.93519
-0.93505
-0.93414
-0.93264
-0.93666
-0.93601
-0.93583
-0.9386
-0.93599
-0.93623
-0.93425
-0.93659
-0.93271
0
0
0
0
0
0
0
0
0
0
0
0
0
0
0
0
0
0
0
0
0
0
0
0
0
0
0
0
0
0
0
0
0
-2.1253
0
0
0
0
0
0
0
0
0
0
0
0
0
-4.2464
0
0
0
0
0
0
0
0
0
0
0
0
0
0
0
0
0
0
-0.92826
-0.92709
-0.9271
-0.9259
-0.92589
-0.93074
-0.93133
-0.92794
-0.93049
-0.93033
-0.93129
-0.93226
-0.93285
-0.92278
-0.92251
-0.93409
46.3471
-0.92967
-0.92252
-0.9251
-0.9186
-0.92177
-0.93615
-0.92176
-0.9306
-0.92208
-0.92353
-0.92482
-0.92507
-0.92506
-0.93047
-0.92651
-0.92691
-0.92484
-0.92342
-0.92878
-0.92602
-0.92529
-0.92427
-0.92277
-0.92789
-0.92749
-0.92659
-0.92868
-0.92606
-0.92628
-0.92446
-0.92753
-0.92296
-0.93395
-0.92838
0
0
0
0
0
0
0
0
0
0
0
0
0
0
0
0
0
0
0
0
0
0
0
0
0
0
0
0
0
0
0
0
0
0
0
0
0
0
0
0
0
0
0
0
0
0
0
0
0
0
0
0
0
0
0
0
0
0
0
0
0
0
0
0
-0.93372
-0.93259
-0.93259
-0.93139
-0.93138
-0.93615
-0.93676
-0.9335
-0.93587
-0.93581
-0.93713
-0.93852
-0.93886
-0.92923
-0.92965
-0.93947
-0.92967
47.278
-0.92965
-0.93075
-0.92402
-0.92719
-0.94154
-0.9272
-0.9361
-0.92755
-0.92902
-0.93036
-0.93065
-0.93064
-0.93613
-0.93216
-0.93253
-0.93046
-0.92904
-0.93461
-0.93164
-0.93095
-0.9299
-0.92839
-0.93357
-0.93307
-0.93222
-0.93433
-0.93172
-0.93188
-0.93016
-0.93304
-0.92902
0
0
0
0
0
0
0
0
0
0
0
0
0
0
0
0
-1.2254
0
0
-1.3008
0
0
0
0
0
0
0
0
0
0
0
0
0
0
0
0
0
0
0
0
0
0
0
0
0
0
0
0
0
0
0
0
0
0
0
0
0
0
0
0
0
0
0
0
0
0
-0.92824
-0.92709
-0.92709
-0.9259
-0.92589
-0.93073
-0.93132
-0.92794
-0.93049
-0.93033
-0.93127
-0.93225
-0.93285
-0.9228
-0.92251
-0.93409
-0.92252
-0.92965
46.3469
-0.92509
-0.91858
-0.92176
-0.93614
-0.92175
-0.93059
-0.92207
-0.92352
-0.92483
-0.92506
-0.92506
-0.93048
-0.9265
-0.92691
-0.92484
-0.92343
-0.92878
-0.92602
-0.92527
-0.92425
-0.92276
-0.92788
-0.92749
-0.92659
-0.92867
-0.92606
-0.92628
-0.92447
-0.92754
-0.92296
-0.93394
-0.92838
0
0
0
0
0
0
0
0
0
0
0
0
0
0
0
0
0
0
0
0
0
0
0
0
0
0
0
0
0
0
0
0
0
0
0
0
0
0
0
0
0
0
0
0
0
0
0
0
0
0
0
0
0
0
0
0
0
0
0
0
0
0
0
0
-0.92985
-0.92874
-0.92874
-0.92743
-0.92743
-0.93268
-0.93328
-0.92946
-0.93212
-0.9284
-0.93301
-0.93419
-0.93459
-0.92465
-0.92509
-0.93542
-0.9251
-0.93075
-0.92509
46.9203
-0.91982
-0.92308
-0.93757
-0.9231
-0.93202
-0.92339
-0.92482
-0.92612
-0.92634
-0.92633
-0.9317
-0.92768
-0.92815
-0.9261
-0.92467
-0.92989
-0.92716
-0.92651
-0.92552
-0.92401
-0.92887
-0.92844
-0.92771
-0.92994
-0.92732
-0.92757
-0.92571
-0.92875
-0.92422
0
0
0
0
0
0
0
0
0
0
0
0
0
0
0
0
0
0
0
0
0
0
0
0
0
0
0
0
0
0
0
0
0
0
0
0
-2.3718
0
0
0
0
0
0
0
0
0
0
0
0
0
0
0
0
0
0
0
0
0
0
0
0
0
0
0
0
0
-0.92321
-0.92207
-0.92207
-0.92091
-0.9209
-0.92568
-0.92643
-0.92294
-0.92546
-0.92527
-0.92631
-0.92747
-0.92773
-0.91821
-0.91859
-0.92877
-0.9186
-0.92402
-0.91858
-0.91982
45.4567
-0.91714
-0.93074
-0.91714
-0.92489
-0.91718
-0.91852
-0.91974
-0.91986
-0.91986
-0.92489
-0.92107
-0.92123
-0.91954
-0.91812
-0.923
-0.92052
-0.9199
-0.91892
-0.91741
-0.92214
-0.9218
-0.92114
-0.9233
-0.92069
-0.92082
-0.91913
-0.92204
-0.91773
0
0
0
0
0
0
0
0
0
0
0
0
0
0
0
0
0
0
0
0
0
0
-1.2152
0
0
0
0
0
0
0
0
0
0
0
0
0
0
0
0
0
0
0
0
0
0
0
0
0
0
0
0
0
0
0
0
0
0
0
0
0
0
0
0
0
0
0
-0.92617
-0.92501
-0.92501
-0.92381
-0.9238
-0.92864
-0.92921
-0.9258
-0.92835
-0.92809
-0.92916
-0.93035
-0.93067
-0.92142
-0.92175
-0.93166
-0.92177
-0.92719
-0.92176
-0.92308
-0.91714
44.3826
-0.93351
-0.91973
-0.92764
-0.92001
-0.92143
-0.92271
-0.92285
-0.92285
-0.92801
-0.92415
-0.92447
-0.92256
-0.92114
-0.9262
-0.92361
-0.92293
-0.92195
-0.92044
-0.92537
-0.92501
-0.92421
-0.92636
-0.92373
-0.92395
-0.92215
-0.92515
-0.92063
0
0
0
0
0
0
0
0
0
0
0
0
0
0
0
0
0
0
0
0
0
0
0
0
0
0
0
0
0
0
0
0
0
0
0
0
0
0
0
0
0
0
0
0
0
0
0
0
0
0
0
0
0
0
0
0
0
0
0
0
0
0
0
0
0
0
-0.93988
-0.93881
-0.93881
-0.93739
-0.9374
-0.94269
-0.94313
-0.93915
-0.94166
-0.94164
-0.94294
-0.94437
-0.94488
-0.93578
-0.93613
-0.94475
-0.93615
-0.94154
-0.93614
-0.93757
-0.93074
-0.93351
48.3723
-0.93352
-0.94188
-0.93359
-0.93491
-0.93627
-0.93655
-0.93655
-0.94198
-0.93794
-0.93851
-0.9364
-0.93495
-0.94011
-0.93724
-0.93633
-0.93583
-0.93433
-0.93867
-0.93796
-0.93772
-0.94034
-0.93771
-0.93796
-0.9354
0
0
0
0
0
0
0
0
0
0
0
0
0
0
0
-1.1826
0
0
0
0
0
0
0
0
0
0
0
0
0
0
0
0
0
0
0
0
0
0
0
0
0
0
0
0
0
0
0
0
0
0
-4.032
0
0
0
0
0
0
0
0
0
0
0
0
0
0
0
0
0
-0.92617
-0.925
-0.92501
-0.92381
-0.9238
-0.92864
-0.92922
-0.92581
-0.92835
-0.9281
-0.92916
-0.93036
-0.93068
-0.92143
-0.92176
-0.93166
-0.92176
-0.9272
-0.92175
-0.9231
-0.91714
-0.91973
-0.93352
44.3827
-0.92766
-0.91999
-0.92143
-0.9227
-0.92285
-0.92285
-0.92802
-0.92416
-0.92447
-0.92256
-0.92114
-0.9262
-0.92362
-0.92293
-0.92195
-0.92044
-0.92537
-0.92502
-0.92421
-0.92635
-0.92374
-0.92396
-0.92214
-0.92515
-0.92064
0
0
0
0
0
0
0
0
0
0
0
0
0
0
0
0
0
0
0
0
0
0
0
0
0
0
0
0
0
0
0
0
0
0
0
0
0
0
0
0
0
0
0
0
0
0
0
0
0
0
0
0
0
0
0
0
0
0
0
0
0
0
0
0
0
0
-0.93432
-0.93326
-0.93328
-0.93188
-0.93188
-0.93693
-0.93753
-0.93381
-0.93607
-0.93615
-0.93761
-0.93892
-0.93933
-0.93018
-0.93059
-0.93918
-0.9306
-0.9361
-0.93059
-0.93202
-0.92489
-0.92764
-0.94188
-0.92766
46.835
-0.92776
-0.92914
-0.93042
-0.93062
-0.93062
-0.9357
-0.93184
-0.93238
-0.93035
-0.92892
-0.93367
-0.93101
-0.93065
-0.92977
-0.92825
-0.93222
-0.93165
-0.93152
-0.93422
-0.93161
-0.93185
-0.92988
0
0
0
0
0
0
0
0
0
0
0
0
0
0
0
0
0
0
0
0
0
0
0
0
0
0
0
0
0
0
0
0
0
0
0
0
0
0
0
0
0
0
0
0
0
0
0
0
0
0
0
0
0
0
0
0
0
0
0
-3.9387
0
0
0
0
0
0
0
0
-0.92639
-0.92523
-0.92524
-0.92402
-0.92402
-0.92887
-0.92945
-0.92604
-0.92857
-0.92834
-0.92943
-0.93068
-0.93101
-0.92175
-0.92208
-0.9319
-0.92208
-0.92755
-0.92207
-0.92339
-0.91718
-0.92001
-0.93359
-0.91999
-0.92776
43.4727
-0.9218
-0.92303
-0.92311
-0.92312
-0.92821
-0.92437
-0.92466
-0.92273
-0.92134
-0.92637
-0.92381
-0.92313
-0.92215
-0.92064
-0.92555
-0.92518
-0.92442
-0.92658
-0.92395
-0.92417
-0.92236
-0.92536
0
0
0
0
0
0
0
0
0
0
0
0
0
0
0
0
0
0
0
0
0
0
0
0
0
0
0
0
0
0
0
0
0
0
0
0
0
0
0
0
0
0
0
0
0
0
0
0
0
0
0
0
0
0
0
0
0
0
0
0
0
0
0
0
0
0
0
-0.92774
-0.92657
-0.92658
-0.92538
-0.92537
-0.93023
-0.9308
-0.92742
-0.92994
-0.92973
-0.93082
-0.93213
-0.93248
-0.92318
-0.92352
-0.9333
-0.92353
-0.92902
-0.92352
-0.92482
-0.91852
-0.92143
-0.93491
-0.92143
-0.92914
-0.9218
42.6107
-0.9245
-0.92452
-0.92452
-0.92965
-0.92579
-0.92608
-0.92416
-0.92274
-0.92783
-0.92526
-0.92454
-0.92354
-0.92203
-0.92704
-0.92662
-0.92584
-0.928
-0.92538
-0.92559
-0.92378
0
0
0
0
0
0
0
0
0
0
0
0
0
0
0
0
0
0
0
0
0
0
0
0
0
0
0
0
0
0
0
0
0
0
0
0
0
0
0
0
0
0
0
0
0
0
0
0
0
0
0
0
0
0
0
0
0
0
0
0
0
0
0
0
0
0
0
0
-0.929
-0.92784
-0.92784
-0.92664
-0.92662
-0.93149
-0.93208
-0.92868
-0.93121
-0.931
-0.93213
-0.93346
-0.9338
-0.92446
-0.92482
-0.9346
-0.92482
-0.93036
-0.92483
-0.92612
-0.91974
-0.92271
-0.93627
-0.9227
-0.93042
-0.92303
-0.9245
41.7446
-0.92582
-0.92582
-0.93103
-0.92714
-0.92747
-0.92549
-0.92405
-0.92927
-0.92663
-0.92589
-0.92488
-0.92334
-0.92846
-0.92795
-0.9272
-0.92936
-0.92674
-0.92692
0
0
0
0
0
0
0
0
0
0
0
0
0
0
0
0
0
0
0
0
0
0
0
0
0
0
0
0
0
0
0
0
0
0
0
0
0
0
0
0
0
0
0
0
0
0
0
0
0
0
0
0
0
0
0
0
0
0
0
0
0
0
0
0
0
0
0
0
0
-0.92921
-0.92805
-0.92804
-0.92685
-0.92684
-0.93171
-0.9323
-0.92891
-0.93146
-0.93123
-0.93237
-0.93375
-0.93408
-0.92468
-0.92506
-0.93486
-0.92507
-0.93065
-0.92506
-0.92634
-0.91986
-0.92285
-0.93655
-0.92285
-0.93062
-0.92311
-0.92452
-0.92582
39.8984
-0.92476
-0.93139
-0.92743
-0.92783
-0.9258
-0.92425
-0.92963
-0.92702
-0.92596
-0.92493
-0.9235
-0.92913
0
-0.92745
-0.92964
-0.92698
0
0
0
0
0
0
0
0
0
0
0
0
0
0
0
0
0
0
0
0
0
0
0
0
0
0
0
0
0
0
0
0
0
0
0
0
0
0
0
0
0
0
0
0
0
0
0
0
0
0
0
0
0
0
0
0
0
0
0
0
0
0
0
0
0
0
0
0
0
0
-0.92922
-0.92805
-0.92805
-0.92685
-0.92683
-0.93171
-0.9323
-0.9289
-0.93145
-0.93123
-0.93236
-0.93375
-0.93409
-0.92469
-0.92506
-0.93486
-0.92506
-0.93064
-0.92506
-0.92633
-0.91986
-0.92285
-0.93655
-0.92285
-0.93062
-0.92312
-0.92452
-0.92582
-0.92476
39.8984
-0.93139
-0.92743
-0.92782
-0.9258
-0.92424
-0.92962
-0.92701
-0.92596
-0.92493
-0.92351
-0.92912
0
-0.92744
-0.92965
-0.92698
0
0
0
0
0
0
0
0
0
0
0
0
0
0
0
0
0
0
0
0
0
0
0
0
0
0
0
0
0
0
0
0
0
0
0
0
0
0
0
0
0
0
0
0
0
0
0
0
0
0
0
0
0
0
0
0
0
0
0
0
0
0
0
0
0
0
0
0
0
0
-0.93475
-0.93369
-0.93368
-0.93237
-0.93237
-0.93721
-0.93786
-0.93438
-0.93645
-0.93655
-0.93813
-0.93936
-0.93961
-0.93
-0.93047
-0.93997
-0.93047
-0.93613
-0.93048
-0.9317
-0.92489
-0.92801
-0.94198
-0.92802
-0.9357
-0.92821
-0.92965
-0.93103
-0.93139
-0.93139
40.8457
-0.93285
-0.93376
-0.93134
-0.92954
-0.93491
-0.93193
-0.93159
-0.93062
-0.92914
0
0
0
-0.9354
0
0
0
0
0
0
0
0
0
0
0
0
0
0
0
0
0
0
0
0
0
0
0
0
0
0
0
0
0
0
0
0
0
0
0
0
0
0
0
0
0
0
0
0
0
0
0
0
0
0
-3.5187
0
0
0
0
0
0
0
0
0
0
0
0
0
0
0
0
0
0
0
0
-0.93053
-0.92935
-0.92934
-0.9282
-0.9282
-0.93316
-0.93363
-0.93036
-0.93316
-0.93259
-0.93386
-0.93523
-0.93564
-0.9261
-0.92651
-0.93622
-0.92651
-0.93216
-0.9265
-0.92768
-0.92107
-0.92415
-0.93794
-0.92416
-0.93184
-0.92437
-0.92579
-0.92714
-0.92743
-0.92743
-0.93285
38.2505
-0.93034
-0.92781
-0.92518
-0.93089
-0.92851
-0.92752
-0.92625
-0.92475
0
0
0
0
0
0
0
0
0
0
0
0
0
0
0
0
0
0
0
0
0
0
0
0
0
0
0
-0.99061
0
0
0
0
0
0
0
0
-1.0195
0
0
0
0
0
0
0
0
0
0
0
0
0
0
0
0
0
0
0
0
0
0
0
0
0
0
0
0
0
0
0
0
0
0
0
0
0
0
-0.93055
-0.92936
-0.92936
-0.92825
-0.92825
-0.93351
-0.93421
-0.93079
-0.93342
-0.93297
-0.93429
-0.9358
-0.93613
-0.92647
-0.9269
-0.93686
-0.92691
-0.93253
-0.92691
-0.92815
-0.92123
-0.92447
-0.93851
-0.92447
-0.93238
-0.92466
-0.92608
-0.92747
-0.92783
-0.92782
-0.93376
-0.93034
38.0084
-0.92778
-0.92581
0
-0.92954
0
-0.92611
-0.92525
0
0
0
0
0
0
0
0
0
0
0
0
0
0
0
0
0
0
-1.0215
-1.0973
0
0
0
0
0
0
0
0
0
0
0
0
0
0
0
0
0
0
0
0
0
0
0
0
0
0
0
0
0
-1.4944
0
0
0
0
0
0
0
0
0
0
0
0
0
0
0
0
0
0
0
0
0
0
0
0
0
-0.92898
-0.92779
-0.9278
-0.92659
-0.92659
-0.93147
-0.93207
-0.92868
-0.93125
-0.93101
-0.93216
-0.93358
-0.9339
-0.92444
-0.92484
-0.93469
-0.92484
-0.93046
-0.92484
-0.9261
-0.91954
-0.92256
-0.9364
-0.92256
-0.93035
-0.92273
-0.92416
-0.92549
-0.9258
-0.9258
-0.93134
-0.92781
-0.92778
37.0988
-0.92246
-0.93039
-0.92596
-0.92503
-0.92427
-0.92265
0
0
0
0
0
0
0
0
-0.92363
0
0
0
0
0
0
0
0
0
0
0
0
0
0
0
0
0
0
0
0
0
0
0
0
0
0
0
0
0
0
0
0
0
0
0
0
0
0
0
0
0
0
0
0
0
0
0
0
0
0
0
0
0
0
0
0
0
0
0
0
0
0
0
0
0
0
-0.92757
-0.92639
-0.92639
-0.92519
-0.92518
-0.93007
-0.93065
-0.92726
-0.92984
-0.9296
-0.93074
-0.93215
-0.93249
-0.92303
-0.92341
-0.93325
-0.92342
-0.92904
-0.92343
-0.92467
-0.91812
-0.92114
-0.93495
-0.92114
-0.92892
-0.92134
-0.92274
-0.92405
-0.92425
-0.92424
-0.92954
-0.92518
-0.92581
-0.92246
36.1177
-0.92822
-0.9242
-0.92354
-0.92289
-0.92115
0
0
0
0
0
0
0
0
0
0
0
0
0
0
0
0
0
0
0
0
0
0
0
0
0
0
0
0
0
0
0
0
0
0
0
0
0
0
0
0
0
0
0
0
0
0
0
0
0
0
0
0
0
0
0
0
0
0
0
0
0
0
0
0
0
0
0
0
0
0
0
0
0
0
0
-0.93257
-0.93143
-0.93143
-0.93027
-0.93027
-0.93512
-0.93593
-0.93264
-0.93453
-0.93479
-0.93638
-0.93776
-0.93796
-0.92827
-0.92877
-0.93806
-0.92878
-0.93461
-0.92878
-0.92989
-0.923
-0.9262
-0.94011
-0.9262
-0.93367
-0.92637
-0.92783
-0.92927
-0.92963
-0.92962
-0.93491
-0.93089
0
-0.93039
-0.92822
39.6467
0
-0.92907
0
0
0
0
0
0
0
0
0
0
0
0
0
0
0
0
0
0
0
0
0
0
-1.0975
0
0
0
0
0
0
0
0
-1.2197
0
0
0
0
-1.3609
0
0
0
0
0
0
0
0
0
0
0
0
0
0
0
0
0
0
0
0
0
0
0
0
0
0
0
0
0
0
0
0
0
0
0
0
0
-3.365
0
0
-0.93018
-0.9291
-0.92911
-0.92784
-0.92784
-0.93253
-0.93317
-0.92989
-0.93179
-0.93201
-0.93359
-0.93484
-0.93503
-0.92557
-0.92601
-0.93519
-0.92602
-0.93164
-0.92602
-0.92716
-0.92052
-0.92361
-0.93724
-0.92362
-0.93101
-0.92381
-0.92526
-0.92663
-0.92702
-0.92701
-0.93193
-0.92851
-0.92954
-0.92596
-0.9242
0
36.5832
0
-0.92484
0
0
0
0
0
0
0
0
0
0
0
0
0
0
0
0
0
0
0
0
0
0
0
0
0
0
0
0
0
0
0
0
0
0
0
0
0
0
0
0
0
0
0
0
0
0
0
0
0
0
0
0
0
0
0
0
0
0
0
0
0
0
0
0
0
0
0
0
0
0
0
-3.148
0
0
0
0
-0.9294
-0.92824
-0.92824
-0.92701
-0.92701
-0.93213
-0.9324
-0.92909
-0.93159
-0.93154
-0.93261
-0.93405
-0.93436
-0.92487
-0.92527
-0.93505
-0.92529
-0.93095
-0.92527
-0.92651
-0.9199
-0.92293
-0.93633
-0.92293
-0.93065
-0.92313
-0.92454
-0.92589
-0.92596
-0.92596
-0.93159
-0.92752
0
-0.92503
-0.92354
-0.92907
0
33.6536
0
0
0
0
0
0
0
0
0
0
0
0
0
0
0
0
0
0
0
0
0
0
0
0
-1.1678
0
0
0
0
0
0
0
0
0
0
0
0
0
0
0
0
0
0
0
0
0
0
0
0
0
0
0
0
0
0
0
0
0
0
0
0
0
0
0
0
0
0
0
0
0
0
0
0
0
0
0
0
-0.92844
-0.92726
-0.92727
-0.92607
-0.92605
-0.93093
-0.93152
-0.92812
-0.93071
-0.93046
-0.9316
-0.93302
-0.93336
-0.92387
-0.92426
-0.93414
-0.92427
-0.9299
-0.92425
-0.92552
-0.91892
-0.92195
-0.93583
-0.92195
-0.92977
-0.92215
-0.92354
-0.92488
-0.92493
-0.92493
-0.93062
-0.92625
-0.92611
-0.92427
-0.92289
0
-0.92484
0
33.3748
0
0
0
0
0
0
0
0
0
0
0
0
0
0
0
0
0
0
0
0
0
0
0
0
0
0
0
0
0
0
0
0
0
0
0
0
0
0
0
0
0
0
0
0
0
0
0
0
0
0
0
0
0
0
0
0
0
0
0
0
0
0
0
0
0
0
0
0
0
0
0
0
0
0
0
0
-0.92695
-0.92576
-0.92577
-0.92456
-0.92456
-0.92944
-0.93003
-0.92662
-0.92923
-0.92895
-0.93009
-0.93153
-0.93188
-0.92238
-0.92276
-0.93264
-0.92277
-0.92839
-0.92276
-0.92401
-0.91741
-0.92044
-0.93433
-0.92044
-0.92825
-0.92064
-0.92203
-0.92334
-0.9235
-0.92351
-0.92914
-0.92475
-0.92525
-0.92265
-0.92115
0
0
0
0
32.3979
0
0
0
0
0
0
0
0
0
0
0
0
0
0
0
0
0
0
0
0
0
0
0
0
0
0
0
0
0
0
0
0
0
0
0
0
0
0
0
0
0
0
0
0
0
0
0
0
0
0
0
0
0
0
0
0
0
0
0
0
0
0
0
0
0
0
0
0
0
0
0
0
0
0
0
-0.93176
-0.93082
-0.93082
-0.92956
-0.92956
-0.93415
-0.93453
-0.9317
-0.93291
-0.93376
-0.9356
-0.93681
-0.93692
-0.92737
-0.92788
-0.93666
-0.92789
-0.93357
-0.92788
-0.92887
-0.92214
-0.92537
-0.93867
-0.92537
-0.93222
-0.92555
-0.92704
-0.92846
-0.92913
-0.92912
0
0
0
0
0
0
0
0
0
0
36.2315
0
0
0
0
0
0
0
0
0
0
0
0
0
0
0
0
0
0
0
0
0
0
0
0
0
0
0
0
0
0
0
0
0
0
-1.3787
0
0
0
0
0
0
0
0
0
0
0
0
0
0
0
0
0
0
0
0
0
0
0
0
0
0
0
0
0
-3.4654
0
-3.4654
0
0
0
0
0
0
0
-0.93132
-0.93039
-0.93039
-0.9292
-0.9292
-0.93334
-0.93405
-0.93137
-0.93233
-0.93326
-0.9352
-0.93636
-0.93644
-0.92698
-0.92748
-0.93601
-0.92749
-0.93307
-0.92749
-0.92844
-0.9218
-0.92501
-0.93796
-0.92502
-0.93165
-0.92518
-0.92662
-0.92795
0
0
0
0
0
0
0
0
0
0
0
0
0
34.0225
0
0
0
0
0
0
0
0
0
0
0
0
0
0
0
0
0
0
0
0
0
0
0
0
0
0
0
0
0
0
0
0
0
0
0
0
0
0
0
0
0
-1.5772
0
0
0
0
0
0
-3.1972
0
0
0
0
0
0
0
0
0
0
0
0
0
0
0
0
0
-3.1972
0
0
0
0
0
0
-0.93072
-0.9296
-0.92961
-0.92838
-0.92837
-0.933
-0.93361
-0.93045
-0.93233
-0.93261
-0.93411
-0.9354
-0.9356
-0.92615
-0.92659
-0.93583
-0.92659
-0.93222
-0.92659
-0.92771
-0.92114
-0.92421
-0.93772
-0.92421
-0.93152
-0.92442
-0.92584
-0.9272
-0.92745
-0.92744
0
0
0
0
0
0
0
0
0
0
0
0
30.6875
0
0
0
0
0
0
0
0
0
0
0
0
0
0
0
0
0
0
0
0
0
0
0
0
0
0
0
0
0
0
0
0
0
0
0
0
0
0
0
0
0
0
0
0
0
0
0
0
0
0
-2.8009
0
0
0
0
0
0
0
0
0
0
0
0
0
0
0
0
0
0
0
0
0
-0.93287
-0.93168
-0.93168
-0.93046
-0.93046
-0.93535
-0.93595
-0.93253
-0.93516
-0.9349
-0.93604
-0.93747
-0.93784
-0.92828
-0.92866
-0.9386
-0.92868
-0.93433
-0.92867
-0.92994
-0.9233
-0.92636
-0.94034
-0.92635
-0.93422
-0.92658
-0.928
-0.92936
-0.92964
-0.92965
-0.9354
0
0
0
0
0
0
0
0
0
0
0
0
28.8888
0
0
0
0
0
0
0
0
0
0
0
0
0
0
0
0
0
0
0
0
0
0
0
0
0
0
0
0
0
0
0
0
0
0
0
0
0
0
0
0
0
0
0
0
0
0
0
0
0
0
0
0
0
0
0
0
0
0
0
0
0
0
0
0
0
0
0
0
0
0
0
-0.93025
-0.92906
-0.92907
-0.92785
-0.92785
-0.93272
-0.93331
-0.9299
-0.93254
-0.93228
-0.9334
-0.93485
-0.93521
-0.92566
-0.92606
-0.93599
-0.92606
-0.93172
-0.92606
-0.92732
-0.92069
-0.92373
-0.93771
-0.92374
-0.93161
-0.92395
-0.92538
-0.92674
-0.92698
-0.92698
0
0
0
0
0
0
0
0
0
0
0
0
0
0
27.8747
0
0
0
0
0
0
0
0
0
0
0
0
0
0
0
0
0
0
0
0
0
0
0
0
0
0
0
0
0
0
0
0
0
0
0
0
0
0
0
0
0
0
0
0
0
0
0
0
0
0
0
0
0
0
0
0
0
0
0
0
0
0
0
0
0
0
0
0
0
0
-0.93018
-0.92897
-0.92897
-0.928
-0.928
-0.93281
-0.93356
-0.93014
-0.93281
-0.93268
-0.9336
-0.93507
-0.93549
-0.92588
-0.92628
-0.93623
-0.92628
-0.93188
-0.92628
-0.92757
-0.92082
-0.92395
-0.93796
-0.92396
-0.93185
-0.92417
-0.92559
-0.92692
0
0
0
0
0
0
0
0
0
0
0
0
0
0
0
0
0
27.0738
0
0
0
0
0
0
0
0
0
0
-1.0479
0
0
0
0
0
0
0
0
0
0
0
0
0
0
0
0
0
0
0
0
0
0
0
0
0
0
0
0
0
0
0
0
0
0
0
0
0
0
0
0
0
0
0
0
0
0
0
0
0
0
0
0
0
0
0
0
0
0
-0.9286
-0.92744
-0.92744
-0.92621
-0.9262
-0.9314
-0.93157
-0.92828
-0.93079
-0.93077
-0.93178
-0.93324
-0.93355
-0.92408
-0.92447
-0.93425
-0.92446
-0.93016
-0.92447
-0.92571
-0.91913
-0.92215
-0.9354
-0.92214
-0.92988
-0.92236
-0.92378
0
0
0
0
0
0
0
0
0
0
0
0
0
0
0
0
0
0
0
26.2101
0
0
0
0
0
0
0
0
0
0
0
0
0
0
0
-1.1604
0
0
0
0
0
0
0
0
0
0
0
0
0
0
0
0
0
0
0
0
0
0
0
0
0
0
0
0
0
0
0
0
0
0
0
0
0
0
0
0
0
0
0
0
0
0
0
0
0
0
0
0
-0.93168
-0.9306
-0.9306
-0.92929
-0.9293
-0.93399
-0.93459
-0.93123
-0.93338
-0.93348
-0.93497
-0.93627
-0.93651
-0.92713
-0.92754
-0.93659
-0.92753
-0.93304
-0.92754
-0.92875
-0.92204
-0.92515
0
-0.92515
0
-0.92536
0
0
0
0
0
0
0
0
0
0
0
0
0
0
0
0
0
0
0
0
0
25.2765
0
0
0
0
-0.95614
0
0
0
0
0
0
0
0
0
0
0
0
0
0
0
0
0
0
0
0
0
0
0
0
0
0
0
0
0
-1.9887
0
0
0
0
0
0
0
0
0
0
0
0
0
0
0
0
0
0
0
0
0
0
0
0
0
0
0
0
0
0
0
0
-0.92712
-0.92586
-0.92587
-0.92459
-0.92458
-0.9293
-0.92991
-0.92674
-0.92927
-0.92899
-0.93019
-0.93172
-0.93206
-0.92258
-0.92296
-0.93271
-0.92296
-0.92902
-0.92296
-0.92422
-0.91773
-0.92063
0
-0.92064
0
0
0
0
0
0
0
0
0
-0.92363
0
0
0
0
0
0
0
0
0
0
0
0
0
0
24.0702
0
0
0
0
0
0
0
0
0
0
0
0
0
0
0
0
0
0
0
0
0
0
0
0
0
0
0
0
0
0
0
0
0
0
0
0
0
0
0
-1.8439
0
0
0
0
0
0
0
0
0
0
0
0
0
0
0
0
0
0
0
0
0
0
0
0
0
0
-0.93819
-0.93693
-0.93693
-0.93575
-0.93575
-0.94059
-0.94119
-0.93781
-0.94069
-0.94053
-0.94121
-0.94278
-0.94318
-0.93361
-0.93394
0
-0.93395
0
-0.93394
0
0
0
0
0
0
0
0
0
0
0
0
0
0
0
0
0
0
0
0
0
0
0
0
0
0
0
0
0
0
15.947
0
0
0
0
0
0
0
0
0
0
0
0
0
0
0
0
0
0
0
0
0
0
0
0
0
0
0
0
0
0
0
0
0
0
0
0
0
0
0
0
0
0
0
0
0
0
0
0
0
0
0
0
0
0
0
0
0
0
0
0
0
0
0
0
0
-0.9326
-0.93129
-0.93129
-0.93018
-0.93018
-0.93484
-0.9353
-0.93231
-0.93482
0
-0.93576
-0.93728
0
0
-0.92838
0
-0.92838
0
-0.92838
0
0
0
0
0
0
0
0
0
0
0
0
0
0
0
0
0
0
0
0
0
0
0
0
0
0
0
0
0
0
0
14.6766
0
0
0
0
0
0
0
0
0
0
0
0
0
0
0
0
0
0
0
0
0
0
0
0
0
0
0
0
0
0
0
0
0
0
0
0
0
0
0
0
0
-1.6257
0
0
0
0
0
0
0
0
0
0
0
0
0
0
0
0
0
0
0
0
0
0
-0.94433
-0.94345
-0.94346
-0.94215
-0.94215
-0.94628
-0.94751
-0.94434
0
0
-0.94782
0
0
0
0
0
0
0
0
0
0
0
0
0
0
0
0
0
0
0
0
0
0
0
0
0
0
0
0
0
0
0
0
0
0
0
0
0
0
0
0
11.4391
0
0
0
0
0
0
0
0
0
0
0
0
0
0
0
0
0
0
0
0
0
0
0
0
0
0
-1.4377
0
0
0
0
-1.4999
0
0
0
0
0
0
0
0
0
0
0
0
0
0
0
0
0
0
0
0
0
0
0
0
0
0
0
0
0
0
0
-0.95922
-0.95777
-0.95777
-0.95684
-0.95685
-0.96065
-0.96149
-0.95905
0
0
0
0
0
0
0
0
0
0
0
0
0
0
0
0
0
0
0
0
0
0
0
0
0
0
0
0
0
0
0
0
0
0
0
0
0
0
0
-0.95614
0
0
0
0
11.4572
0
0
0
0
0
0
0
0
0
0
0
0
0
0
0
0
0
0
0
0
0
0
0
0
0
0
0
0
0
0
0
0
0
0
0
0
0
0
0
0
0
0
0
0
0
0
0
0
0
-2.8315
0
0
0
0
0
0
0
0
0
0
0
0
-0.9903
-0.98892
-0.98891
-0.98733
-0.98734
-0.99183
-0.99214
-0.98946
0
0
0
0
0
0
0
0
0
0
0
0
0
0
0
0
0
0
0
0
0
0
0
0
0
0
0
0
0
0
0
0
0
0
0
0
0
0
0
0
0
0
0
0
0
8.9888
0
0
0
0
0
0
0
-1.0726
0
0
0
0
0
0
0
0
0
0
0
0
0
0
0
0
0
0
0
0
0
0
0
0
0
0
0
0
0
0
0
0
0
0
0
0
0
0
0
0
0
0
0
0
0
0
0
0
0
0
0
0
0
-1.0272
-1.0255
-1.0255
-1.0245
-1.0245
-1.0293
-1.0304
-1.027
0
0
0
0
0
0
0
0
0
0
0
0
0
0
0
0
0
0
0
0
0
0
0
0
0
0
0
0
0
0
0
0
0
0
0
0
0
0
0
0
0
0
0
0
0
0
8.2139
0
0
0
0
0
0
0
0
0
0
0
0
0
0
0
0
0
0
0
0
0
0
0
0
0
0
0
0
0
0
0
0
0
0
0
0
0
0
0
0
0
0
0
0
0
0
0
0
0
0
0
0
0
0
0
0
0
0
0
0
-1.0062
-1.0048
-1.0048
-1.0037
-1.0037
0
0
0
0
0
0
0
0
-1.001
0
0
0
0
0
0
0
0
0
0
0
0
0
0
0
0
0
0
0
0
0
0
0
0
0
0
0
0
0
0
0
0
0
0
0
0
0
0
0
0
0
9.7474
0
0
0
0
0
0
0
0
0
0
0
0
0
0
0
0
0
0
0
0
0
0
0
0
0
0
0
0
0
0
0
0
0
0
0
0
0
0
0
0
0
0
-1.8616
0
0
0
0
0
-1.8616
0
0
0
0
0
0
0
0
0
0
-1.0556
-1.0538
-1.0538
0
0
0
0
0
0
0
0
0
0
0
0
0
0
0
0
0
0
0
0
0
0
0
0
0
0
0
0
0
0
0
0
0
0
0
0
0
0
0
0
0
0
-1.0479
0
0
0
0
0
0
0
0
0
0
7.0932
0
0
0
0
0
0
0
0
-1.2346
0
0
0
0
0
-1.289
0
0
0
0
0
0
0
0
0
0
0
0
0
0
0
0
0
0
0
0
0
0
0
0
0
0
0
-0.35855
0
0
0
0
0
0
0
0
0
0
0
0
0
0
0
-1.0173
-1.0145
-1.0145
-1.014
-1.014
0
0
0
0
0
0
0
0
0
0
0
0
0
0
0
0
0
0
0
0
0
0
0
0
0
0
0
0
0
0
0
0
0
0
0
0
0
0
0
0
0
0
0
0
0
0
0
0
0
0
0
0
7.7587
0
0
0
0
0
0
0
0
0
0
0
-1.2464
0
0
0
0
0
0
0
0
0
0
0
-1.4381
0
0
0
0
0
0
0
0
0
0
0
0
0
0
0
0
0
0
0
0
0
0
0
0
0
0
0
0
0
0
0
0
0
-1.023
-1.0207
-1.0207
-1.0208
-1.0208
0
0
0
0
0
0
0
0
0
0
0
0
0
0
0
0
0
0
0
0
0
0
0
0
0
0
0
-1.0215
0
0
0
0
0
0
0
0
0
0
0
0
0
0
0
0
0
0
0
0
0
0
0
0
0
6.7891
0
0
0
0
0
0
0
0
0
0
0
0
0
0
0
0
0
0
0
0
0
0
0
0
0
0
0
0
0
0
0
0
0
0
0
0
0
0
0
0
0
0
0
0
0
0
0
0
0
0
0
0
0
0
0
-0.66163
-1.1004
-1.0983
-1.0982
-1.0982
-1.0982
0
0
0
0
0
0
0
0
0
0
0
0
0
0
0
0
0
0
0
0
0
0
0
0
0
0
0
-1.0973
0
0
0
0
0
0
0
0
0
0
0
0
0
0
0
0
0
0
0
0
0
0
0
0
0
0
6.5905
0
0
0
0
0
0
0
0
0
0
0
0
0
0
0
0
0
0
0
0
0
0
0
0
0
0
0
0
0
0
0
0
0
0
0
0
0
0
0
0
0
0
0
0
0
0
0
0
0
0
0
0
0
0
0
-1.0963
-1.0942
-1.0943
-1.0941
-1.0941
0
0
0
0
0
0
0
0
0
0
0
0
0
0
0
0
0
0
0
0
0
0
0
0
0
0
0
0
0
0
-1.0975
0
0
0
0
0
0
0
0
0
0
0
0
0
0
0
0
0
0
0
0
0
0
0
0
6.5706
0
0
0
0
0
0
0
0
0
0
0
0
0
0
0
0
0
0
0
0
0
0
0
0
0
0
0
0
0
0
0
0
0
0
0
0
0
0
0
0
0
0
0
0
0
0
0
0
0
0
0
0
0
0
0
0
0
0
0
0
0
0
0
0
0
0
0
0
0
0
0
0
0
0
0
0
0
0
0
0
0
0
0
0
0
0
0
0
0
0
0
0
0
0
0
0
0
0
0
0
0
0
0
0
0
0
0
-1.0726
0
0
0
0
0
0
0
6.7514
0
0
0
0
0
0
0
0
-1.2895
0
0
0
0
0
-1.2639
0
-1.5011
0
0
0
0
0
0
0
0
0
0
-1.6243
0
0
0
0
0
0
0
0
0
0
0
0
0
0
0
0
0
0
0
0
0
0
0
0
0
0
0
0
0
0
0
0
0
0
0
0
0
0
0
0
0
0
0
0
0
0
0
-1.1826
0
0
0
0
0
0
0
0
0
0
0
0
0
0
-1.1678
0
0
0
0
0
0
0
0
-1.1604
0
0
0
0
0
0
0
0
0
0
0
0
0
0
0
6.1398
0
0
0
0
0
0
0
-1.2844
0
-1.3446
0
0
0
0
0
0
0
0
0
0
0
0
0
0
0
0
0
0
0
0
0
0
0
0
0
0
0
0
0
0
0
0
0
0
0
0
0
0
0
0
0
0
-1.1696
-1.167
-1.167
-1.1682
-1.1682
0
0
0
0
0
0
0
0
0
0
0
0
0
0
0
0
0
0
0
0
0
0
0
0
0
0
0
0
0
0
0
0
0
0
0
0
0
0
0
0
0
0
0
0
0
0
0
0
0
0
0
0
0
0
0
0
0
0
5.8401
0
0
0
0
0
0
0
0
0
0
0
0
0
0
0
0
0
0
0
0
0
0
0
0
0
0
0
0
0
0
0
0
0
0
0
0
0
0
0
0
0
0
0
0
0
0
0
0
0
0
0
0
-1.1921
-1.1921
0
0
0
0
0
0
0
0
0
0
0
0
0
0
0
0
0
0
0
0
0
0
0
0
0
0
0
0
0
0
0
0
0
0
0
0
0
0
0
0
0
0
0
0
0
0
0
0
0
0
0
0
0
0
0
0
0
0
0
0
0
5.7669
0
0
0
0
0
0
0
0
0
0
0
0
0
0
0
0
0
0
0
0
0
0
-1.7588
0
0
0
0
0
0
0
-1.6239
0
0
0
0
0
0
0
0
0
0
0
0
0
0
0
0
0
0
0
0
0
0
0
0
0
0
0
0
0
0
0
0
0
0
0
0
-1.2254
0
0
0
0
0
0
0
0
0
0
0
0
0
0
0
0
0
0
0
0
0
0
0
0
0
0
0
0
0
0
0
0
0
0
0
0
0
0
-1.2346
0
0
0
0
0
0
0
0
5.9638
0
0
0
0
-1.4677
0
0
0
0
0
0
0
0
0
0
0
0
0
0
0
-2.0362
0
0
0
0
0
0
0
0
0
0
0
0
0
0
0
0
0
0
0
0
0
0
0
0
0
0
0
0
-1.3548
-1.3507
-1.3507
0
0
0
0
0
0
0
-1.3585
0
0
0
0
0
0
0
0
0
0
0
0
0
0
0
0
0
0
0
0
0
0
0
0
0
0
0
0
0
0
0
0
0
0
0
0
0
0
0
0
0
0
0
0
0
0
0
0
0
0
0
0
0
0
0
5.4146
0
0
0
0
0
0
0
0
0
0
0
0
0
0
0
0
0
0
0
0
0
0
0
0
0
0
0
0
0
0
0
0
0
0
0
0
0
0
0
0
0
0
0
0
0
0
0
0
0
0
0
0
0
0
0
0
0
0
0
-0.99822
0
0
0
0
0
0
0
0
0
0
0
0
0
0
0
0
0
0
0
-0.99061
0
0
0
0
0
0
0
0
0
0
0
0
0
0
0
0
0
0
0
0
0
0
0
0
0
0
0
0
0
0
0
0
0
0
0
4.3422
0
0
0
0
0
0
0
0
0
-1.061
0
0
0
0
0
0
-1.2923
0
0
0
0
0
0
0
0
0
0
0
0
0
0
0
0
0
0
0
0
0
0
0
0
0
0
0
0
0
0
0
0
0
0
0
0
0
0
0
0
0
0
0
0
0
0
0
-1.3008
0
0
0
0
0
0
0
0
0
0
0
0
0
0
0
0
0
0
0
0
0
0
0
0
0
0
0
0
0
0
0
0
0
0
0
0
0
0
0
0
0
0
0
0
0
0
0
0
0
0
5.6137
0
0
-1.3755
0
0
0
-1.452
0
0
-1.4853
0
0
0
0
0
0
0
0
0
0
0
0
0
0
0
0
0
0
0
0
0
0
0
0
0
0
0
0
0
0
0
0
0
0
0
0
0
0
0
0
0
0
0
0
0
0
0
0
0
0
0
0
0
0
0
0
0
0
0
0
0
0
0
0
0
0
0
0
0
0
0
-1.2197
0
0
0
0
0
0
0
0
0
0
0
0
0
0
0
0
0
0
0
0
0
-1.2464
0
0
0
0
0
0
0
0
0
0
0
5.8651
0
0
0
0
0
0
0
0
0
0
0
0
0
0
0
0
0
-1.6763
0
0
0
0
0
0
0
0
0
0
0
0
-1.7227
0
0
0
0
0
0
0
0
0
0
0
0
0
0
0
0
0
0
0
0
0
0
0
0
0
0
0
0
0
0
0
0
0
0
0
0
0
0
0
0
0
0
0
0
0
0
0
0
0
0
0
0
0
0
0
0
0
0
0
0
0
0
0
0
0
0
0
0
0
0
0
0
0
0
0
-1.2895
-1.2844
0
0
-1.4677
0
0
0
0
5.8943
0
0
0
0
0
0
0
0
0
0
0
0
0
0
0
0
0
0
0
0
0
0
0
0
0
0
0
0
0
0
0
0
0
0
0
0
0
0
-1.8527
0
0
0
0
0
0
0
0
0
0
0
0
0
0
0
0
0
0
0
0
0
0
0
0
0
-1.2152
0
0
0
0
0
0
0
0
0
0
0
0
0
0
0
0
0
0
0
0
0
0
0
0
0
0
0
0
0
0
0
0
0
0
0
-1.289
0
0
0
0
0
0
0
0
0
0
0
-1.3755
0
0
5.3294
0
-1.4497
0
0
0
0
0
0
0
0
0
0
0
0
0
0
0
0
0
0
0
0
0
0
0
0
0
0
0
0
0
0
0
0
0
0
0
0
0
0
0
0
0
0
0
0
0
0
0
-1.2496
0
0
0
0
0
0
0
0
0
0
0
0
0
0
0
0
0
0
0
0
0
0
0
0
0
0
0
0
0
0
0
0
0
0
0
0
0
0
0
0
0
0
0
0
0
0
0
0
0
0
0
0
0
0
0
-1.3446
0
0
0
0
0
0
0
0
0
5.7299
-1.5239
0
0
0
0
0
-1.6118
0
0
0
0
0
0
0
0
0
0
0
0
0
0
0
0
0
0
0
0
0
0
0
0
0
0
0
0
0
0
0
0
0
0
0
0
0
0
0
0
0
0
0
0
-1.416
0
0
0
0
0
0
0
0
0
0
0
0
0
0
0
0
0
0
0
0
0
0
0
0
0
0
0
0
0
0
0
0
0
0
0
0
0
0
0
0
0
0
0
0
0
0
0
0
0
0
0
0
0
0
0
0
0
0
0
0
0
-1.4497
-1.5239
4.3895
0
0
0
0
0
0
0
0
0
0
0
0
0
0
0
0
0
0
0
0
0
0
0
0
0
0
0
0
0
0
0
0
0
0
0
0
0
0
0
0
0
0
0
0
0
0
-1.3697
0
0
0
0
0
0
0
0
0
0
0
0
0
0
0
0
0
0
0
0
0
0
0
0
0
0
0
0
0
-1.3609
0
0
0
0
0
0
0
0
0
0
0
0
0
0
0
0
0
0
0
0
0
0
0
0
0
0
0
0
0
0
0
0
0
0
0
0
0
0
4.1957
-1.465
0
0
0
0
0
0
0
0
0
0
0
0
0
0
0
0
0
0
0
0
0
0
0
0
0
0
0
0
0
0
0
0
0
0
0
0
0
0
0
0
0
0
0
0
0
0
0
0
0
0
0
0
0
0
0
0
0
0
0
0
0
0
0
0
0
0
0
0
0
0
0
0
0
0
0
0
0
0
0
-1.3787
0
0
0
0
0
0
0
0
0
0
0
0
0
0
0
0
0
0
0
0
0
0
0
0
0
0
0
-1.452
0
0
0
0
0
-1.465
4.2958
0
0
0
0
0
0
0
0
0
0
0
0
0
0
0
0
0
0
0
0
0
0
0
0
0
0
0
0
0
0
0
0
0
0
0
0
0
0
0
0
0
0
0
0
0
0
0
0
0
0
0
0
0
0
0
0
0
0
0
0
0
0
0
0
0
0
0
0
0
0
-1.0195
0
0
0
0
0
0
0
0
0
0
0
0
0
0
0
0
0
0
0
0
0
0
0
0
0
0
0
0
0
-1.2639
0
0
0
0
0
0
0
0
0
0
0
0
0
0
3.539
0
0
0
0
0
0
0
0
0
0
0
0
0
0
0
0
0
0
0
0
0
0
0
0
0
0
-1.2556
0
0
0
0
0
0
0
0
0
0
0
0
0
0
0
0
-0.85535
0
0
0
0
0
0
0
0
0
0
0
0
0
0
0
0
0
0
0
0
0
0
0
0
0
0
0
0
0
0
0
0
0
0
0
0
0
0
0
0
0
0
0
0
0
0
0
0
0
0
0
0
0
0
0
0
0
0
0
0
0
-1.061
0
0
0
0
0
0
0
0
0
2.8076
0
0
0
0
0
0
0
0
0
0
0
0
0
0
0
0
0
0
0
0
0
0
0
0
0
0
0
0
0
0
0
0
0
-0.89122
0
0
0
0
0
0
0
0
0
0
0
0
0
0
0
0
0
0
0
0
0
0
0
0
0
0
0
0
0
0
0
0
0
0
0
0
0
0
0
0
0
0
0
0
0
0
0
0
0
0
0
0
0
0
-1.4377
0
0
0
0
0
0
0
0
0
-1.5011
0
0
0
0
0
0
-1.4853
0
0
0
0
0
0
0
0
0
4.4241
0
0
0
0
0
0
0
0
0
0
0
0
0
0
0
0
0
0
0
0
0
0
0
0
0
0
0
0
0
0
0
0
0
0
0
0
0
0
0
0
0
-1.5756
0
0
0
-1.5707
0
0
0
0
0
0
0
0
0
0
0
0
0
0
0
0
0
0
0
0
0
0
0
0
0
0
0
0
0
0
0
0
0
0
0
0
0
0
0
0
0
0
0
0
0
0
0
0
0
0
0
0
0
0
0
0
0
0
0
0
0
0
-1.6118
0
0
0
0
0
0
4.7582
0
0
0
0
0
0
0
0
0
0
0
0
0
0
0
0
0
0
0
0
0
0
0
0
0
0
0
0
0
0
0
0
0
0
0
0
0
0
0
0
0
0
0
-2.4043
0
0
0
-2.3561
0
0
0
0
0
0
0
0
0
0
0
0
0
0
0
0
0
0
0
0
0
0
0
0
0
0
0
0
0
0
0
0
0
0
0
0
0
0
0
0
0
0
0
0
0
0
0
0
0
0
0
0
0
0
0
0
0
0
0
0
0
0
0
0
0
0
0
4.7604
0
0
0
0
0
0
0
0
0
0
0
0
0
0
0
0
0
0
0
0
0
0
0
0
0
0
0
0
0
0
0
0
0
0
-1.4063
0
0
0
0
0
0
0
0
0
0
0
0
0
0
0
0
0
0
0
0
0
0
0
0
0
0
0
0
0
0
0
0
0
0
0
0
0
0
0
0
0
0
0
0
0
0
0
0
0
0
0
0
0
0
0
0
-1.4381
0
0
0
0
0
0
0
0
0
0
0
0
0
0
0
0
0
0
0
0
0
0
0
2.8444
0
0
0
0
0
0
0
0
0
0
0
0
0
0
0
0
0
0
0
0
0
0
0
0
0
0
0
0
0
0
0
0
0
0
0
0
0
0
0
0
0
0
0
0
0
0
0
0
-2.1253
0
0
0
0
0
0
0
0
0
0
0
0
0
0
0
0
0
0
0
0
0
0
0
0
0
0
0
0
0
0
0
-1.9887
0
0
0
0
0
0
0
0
0
0
0
0
0
0
0
0
0
0
0
0
0
0
0
0
0
0
0
0
0
0
0
0
0
0
4.114
0
0
0
0
0
0
0
0
0
0
0
0
0
0
0
0
0
0
0
0
0
0
0
0
0
0
0
0
0
0
0
0
0
0
0
0
0
0
0
0
0
0
0
0
0
0
0
0
0
0
0
0
0
0
0
0
0
0
0
0
0
0
0
0
0
0
0
0
0
0
0
0
0
-1.5772
0
0
0
0
0
0
0
0
0
-1.4999
0
0
0
0
0
0
0
0
0
0
0
0
0
0
0
0
0
0
0
0
0
0
0
0
0
0
0
0
0
0
0
3.077
0
0
0
0
0
0
0
0
0
0
0
0
0
0
0
0
0
0
0
0
0
0
0
0
0
0
0
0
0
0
0
0
0
0
0
0
0
0
0
-1.2521
0
0
0
0
0
0
0
0
0
0
0
0
0
0
0
0
0
0
0
0
0
0
0
0
0
0
0
0
0
0
0
0
0
0
0
0
0
0
0
0
0
0
0
0
0
0
0
0
0
0
0
0
0
0
0
0
0
0
-1.2923
0
0
0
0
0
0
0
0
0
0
0
0
0
0
0
0
2.5444
0
0
0
0
0
0
0
0
0
0
0
0
0
0
0
0
0
0
0
0
0
0
0
0
0
0
0
0
0
0
0
0
0
0
0
0
0
0
0
-2.3857
0
0
0
0
0
0
0
0
0
-2.3718
0
0
0
0
0
0
0
0
0
0
0
0
0
0
0
0
0
0
0
0
0
0
0
0
0
0
0
0
0
0
0
0
0
0
0
0
0
0
0
0
0
0
0
0
0
0
0
0
0
0
0
0
0
0
0
0
0
0
0
0
0
0
0
0
0
4.7575
0
0
0
0
0
0
0
0
0
0
0
0
0
0
0
0
0
0
0
0
0
0
0
0
0
0
0
0
0
0
0
0
0
0
0
0
0
0
0
0
0
0
0
0
0
0
0
0
0
0
0
0
0
0
0
0
0
0
0
0
0
0
0
0
0
0
0
0
0
0
0
0
0
0
0
0
0
0
0
0
0
0
0
0
0
0
0
0
0
0
0
0
0
0
-2.0362
0
0
0
0
0
0
0
0
0
0
0
0
0
0
0
0
0
0
0
0
4.3962
0
-2.3601
0
0
0
0
0
0
0
0
0
0
0
0
0
0
0
0
0
0
0
0
0
0
0
0
0
0
0
0
0
0
0
0
0
0
0
0
0
0
0
0
0
0
0
0
0
0
0
0
0
0
0
0
0
0
0
0
0
0
0
0
0
0
0
0
0
0
0
0
0
0
0
0
0
0
0
0
0
0
0
0
0
0
0
0
0
0
0
0
0
0
-1.7588
0
0
0
0
-1.6763
0
0
0
0
0
0
0
0
0
0
0
0
0
0
0
0
0
3.4351
0
0
0
0
0
0
0
0
0
0
0
0
0
0
0
0
0
0
0
0
0
0
0
0
0
0
0
0
0
0
0
0
0
0
0
0
0
0
0
0
0
0
0
0
0
0
0
0
0
0
0
0
0
0
0
0
0
0
0
0
0
0
0
0
0
0
0
0
0
0
0
0
0
0
0
-1.8439
0
0
0
0
0
0
0
0
0
0
0
0
0
0
0
0
0
0
0
0
0
0
0
0
0
0
0
0
0
0
0
0
0
0
0
0
0
-2.3601
0
4.204
0
0
0
0
0
0
0
0
0
0
0
0
0
0
0
0
0
0
0
0
0
0
0
0
0
0
0
0
0
0
0
0
0
0
0
0
0
0
0
0
0
0
0
0
0
0
0
0
0
0
0
0
0
0
0
0
0
0
-1.4944
0
0
0
0
0
0
0
0
0
0
0
0
0
0
0
0
0
0
0
0
0
0
0
0
0
0
0
0
-1.6243
0
0
0
0
0
0
0
0
0
0
0
0
0
0
0
0
0
0
0
0
0
0
0
0
0
0
0
3.1187
0
0
0
0
0
0
0
0
0
0
0
0
0
0
0
0
0
0
0
0
0
0
0
0
0
0
0
0
0
0
0
0
0
0
0
0
0
0
0
0
0
0
0
0
0
0
0
0
0
0
0
0
0
0
0
0
0
0
0
0
0
0
0
0
0
0
-3.1972
0
0
0
0
0
0
0
0
0
0
0
0
0
0
0
0
0
0
0
0
0
0
0
0
0
0
0
0
0
0
0
0
0
0
0
0
0
0
0
0
0
0
0
0
0
0
0
0
3.1972
0
0
0
0
0
0
0
0
0
0
0
0
0
0
0
0
0
0
0
0
0
0
0
0
0
0
0
0
0
-4.5839
0
0
0
0
0
0
0
0
0
0
0
0
0
0
0
0
0
0
0
0
0
0
0
0
0
0
0
0
0
0
0
0
0
0
0
0
0
0
0
0
0
0
0
0
0
0
0
0
0
0
0
0
0
0
0
0
0
0
0
0
0
0
0
0
0
0
0
0
0
0
0
0
0
0
0
0
0
0
0
0
0
0
0
0
0
4.5839
0
0
0
0
0
0
0
0
0
0
0
0
0
0
0
0
0
0
0
0
0
0
0
0
0
0
0
0
0
0
0
0
0
0
0
0
0
0
0
0
0
0
0
0
0
0
0
0
0
0
0
0
0
0
0
0
0
0
0
0
0
0
0
0
0
0
0
0
0
0
0
0
0
-1.6257
0
0
0
0
0
0
0
0
0
0
0
0
0
0
0
0
0
0
0
0
0
0
0
0
0
0
0
0
0
0
0
0
0
0
0
0
0
0
0
0
0
1.6257
0
0
0
0
0
0
0
0
0
0
0
0
0
0
0
0
0
0
0
0
0
0
0
0
0
0
0
0
0
0
0
0
0
0
0
0
0
0
0
0
0
0
0
0
0
0
0
0
0
0
0
0
0
0
0
0
0
0
0
0
0
0
0
0
-2.8009
0
0
0
0
0
0
0
0
0
0
0
0
0
0
0
0
0
0
0
0
0
0
0
0
0
0
0
0
0
0
0
0
0
0
0
0
0
0
0
0
0
0
0
0
0
0
0
0
0
0
2.8009
0
0
0
0
0
0
0
0
0
0
0
0
0
0
0
0
0
0
0
0
0
0
0
0
0
0
0
0
0
0
0
0
0
0
0
0
0
0
0
0
0
0
0
0
0
0
0
0
0
0
0
-3.5187
0
0
0
0
0
0
0
0
0
0
0
0
0
0
0
0
0
0
0
0
0
0
0
0
0
0
0
0
0
0
0
0
0
0
0
0
0
0
0
0
0
0
0
0
0
0
0
0
0
0
0
0
0
0
0
0
0
0
0
0
0
0
0
3.5187
0
0
0
0
0
0
0
0
0
0
0
0
0
0
0
0
0
0
0
0
0
0
0
0
0
0
0
0
0
0
0
0
0
0
0
0
0
0
0
0
0
0
0
0
0
0
0
0
0
0
0
0
0
0
0
0
0
0
0
0
0
0
0
0
0
0
0
0
0
0
0
0
0
0
0
0
0
0
0
0
0
0
0
0
-1.6239
0
0
0
0
0
0
0
0
0
0
0
0
0
0
0
0
0
0
0
0
0
0
0
0
0
0
0
0
0
0
1.6239
0
0
0
0
0
0
0
0
0
0
0
0
0
0
0
0
0
0
0
0
0
0
0
0
0
0
0
0
0
0
0
0
0
0
-4.2464
0
0
0
0
0
0
0
0
0
0
0
0
0
0
0
0
0
0
0
0
0
0
0
0
0
0
0
0
0
0
0
0
0
0
0
0
0
0
0
0
0
0
0
0
0
0
0
0
0
0
0
0
0
0
0
0
0
0
0
0
0
0
0
0
0
0
0
0
0
0
0
0
0
0
0
0
0
0
0
0
4.2464
0
0
0
0
0
0
0
0
0
0
0
0
0
0
0
0
0
0
0
0
0
0
0
0
0
0
0
0
0
0
0
0
0
0
0
0
0
0
0
0
-4.032
0
0
0
0
0
0
0
0
0
0
0
0
0
0
0
0
0
0
0
0
0
0
0
0
0
0
0
0
0
0
0
0
0
0
0
0
0
0
0
0
0
0
0
0
0
0
0
0
0
0
0
0
0
0
0
0
0
0
0
0
0
0
0
0
0
0
0
0
0
0
0
0
0
0
4.032
0
0
0
0
0
0
0
0
0
0
0
0
0
0
0
0
0
0
0
0
0
0
0
0
0
0
0
0
0
0
0
0
0
0
0
0
0
0
0
0
0
0
0
0
0
0
0
0
0
0
0
0
0
0
0
0
0
0
0
0
0
0
0
0
0
0
0
0
0
0
0
0
-1.8616
0
0
0
0
0
0
0
0
0
0
0
0
0
0
0
0
0
0
0
0
0
0
0
0
0
0
0
0
0
0
0
0
0
0
0
0
0
0
0
0
0
0
1.8616
0
0
0
0
0
0
0
0
0
0
0
0
0
0
0
0
0
0
0
0
0
0
0
0
0
0
0
0
0
0
0
0
0
0
0
0
0
0
0
0
0
0
0
0
0
0
0
0
0
0
0
0
0
0
0
0
0
0
0
0
0
0
0
0
0
0
0
0
0
0
0
0
-0.35855
0
0
0
0
0
0
0
0
0
0
0
0
0
0
0
0
0
0
0
0
0
0
0
0
0
0
0
0
0
0
0
0
0
0
0
0
0
0
0
0
0
0
0.35855
0
0
0
0
0
0
0
0
0
0
0
0
0
0
0
0
0
0
0
0
0
0
0
0
0
0
0
0
0
0
0
0
0
0
0
0
0
0
0
0
0
0
0
0
0
0
0
0
0
0
0
0
0
0
0
0
0
0
0
0
0
0
0
0
0
0
0
0
0
0
0
0
0
0
0
0
0
0
0
0
0
0
0
0
-1.7227
0
0
0
0
0
0
0
0
0
0
0
0
0
0
0
0
0
0
0
0
0
0
0
0
0
0
0
0
0
0
1.7227
0
0
0
0
0
0
0
0
0
0
0
0
0
0
0
0
0
0
0
0
0
0
-4.382
0
0
0
0
0
0
0
0
0
0
0
0
0
0
0
0
0
0
0
0
0
0
0
0
0
0
0
0
0
0
0
0
0
0
0
0
0
0
0
0
0
0
0
0
0
0
0
0
0
0
0
0
0
0
0
0
0
0
0
0
0
0
0
0
0
0
0
0
0
0
0
0
0
0
0
0
0
0
0
0
0
0
0
0
0
0
0
0
0
0
0
0
4.382
0
0
0
0
0
0
0
0
0
0
0
0
0
0
0
0
0
0
0
0
0
0
0
0
0
0
0
0
0
0
0
0
0
0
0
0
0
0
0
0
0
0
0
0
0
0
0
0
0
0
0
0
0
0
0
0
0
0
0
0
0
0
0
0
0
-2.8315
0
0
0
0
0
0
0
0
0
0
0
0
0
0
0
0
0
0
0
0
0
0
0
0
0
0
0
0
0
0
0
0
0
0
0
0
0
0
0
0
0
0
0
0
0
0
0
0
0
2.8315
0
0
0
0
0
0
0
0
0
0
0
0
0
0
0
0
0
0
0
0
0
0
0
0
0
0
0
0
0
0
0
0
0
0
0
0
0
0
0
0
0
0
0
0
0
0
0
0
0
0
0
0
0
0
0
0
0
0
0
0
0
0
0
0
0
0
0
0
0
0
0
0
0
0
0
0
0
0
0
0
0
0
0
0
0
0
0
0
-1.2556
0
0
0
0
0
0
0
0
0
0
0
0
0
0
0
0
0
0
0
0
0
0
0
0
0
0
1.2556
0
0
0
0
0
0
0
0
0
0
0
0
0
0
0
0
0
0
0
0
0
0
0
0
0
0
0
0
0
0
0
0
0
0
0
0
0
0
0
0
0
0
0
0
0
0
0
0
0
0
0
0
0
0
0
0
0
0
0
0
0
0
0
0
0
0
-1.8616
0
0
0
0
0
0
0
0
0
0
0
0
0
0
0
0
0
0
0
0
0
0
0
0
0
0
0
0
0
0
0
0
0
0
0
0
0
0
0
0
0
0
0
0
0
0
0
0
1.8616
0
0
0
0
0
0
0
0
0
0
0
0
0
0
0
0
0
0
0
0
0
0
0
0
0
0
0
0
0
0
0
0
0
0
0
0
0
0
0
0
0
0
0
0
0
0
0
0
0
0
-3.4654
0
0
0
0
0
0
0
0
0
0
0
0
0
0
0
0
0
0
0
0
0
0
0
0
0
0
0
0
0
0
0
0
0
0
0
0
0
0
0
0
0
0
0
0
0
0
0
0
0
0
0
0
0
0
0
0
0
0
0
0
0
0
0
0
3.4654
0
0
0
0
0
0
0
0
0
0
0
0
0
0
0
0
0
0
0
0
0
0
0
0
0
0
0
0
0
0
0
0
0
-3.9387
0
0
0
0
0
0
0
0
0
0
0
0
0
0
0
0
0
0
0
0
0
0
0
0
0
0
0
0
0
0
0
0
0
0
0
0
0
0
0
0
0
0
0
0
0
0
0
0
0
0
0
0
0
0
0
0
0
0
0
0
0
0
0
0
0
0
0
0
0
0
0
0
0
0
0
0
0
0
0
0
0
3.9387
0
0
0
0
0
0
0
0
0
0
0
0
0
0
0
0
0
0
0
0
0
0
0
0
0
0
0
0
0
0
0
0
0
0
0
0
0
0
0
0
0
0
0
0
0
0
0
0
-3.4654
0
0
0
0
0
0
0
0
0
0
0
0
0
0
0
0
0
0
0
0
0
0
0
0
0
0
0
0
0
0
0
0
0
0
0
0
0
0
0
0
0
0
0
0
0
0
0
0
0
0
0
0
0
0
0
0
0
0
0
0
0
0
0
0
0
0
3.4654
0
0
0
0
0
0
0
0
0
0
0
0
0
0
0
0
0
0
0
0
0
0
0
0
0
0
0
0
0
0
0
0
0
0
0
0
0
0
0
0
0
0
0
0
0
0
0
0
-3.1972
0
0
0
0
0
0
0
0
0
0
0
0
0
0
0
0
0
0
0
0
0
0
0
0
0
0
0
0
0
0
0
0
0
0
0
0
0
0
0
0
0
0
0
0
0
0
0
0
0
0
0
0
0
0
0
0
0
0
0
0
0
0
0
0
0
0
3.1972
0
0
0
0
0
0
0
0
0
0
0
0
0
0
0
0
0
0
0
0
0
0
0
0
0
0
0
0
0
0
0
0
0
0
0
0
0
0
0
0
0
0
0
0
0
0
0
0
0
0
0
0
0
0
0
0
0
0
0
0
0
0
0
0
0
0
0
0
0
0
0
0
0
0
0
0
-1.8527
0
0
0
0
0
0
0
0
0
0
0
0
0
0
0
0
0
0
0
0
0
0
0
0
0
0
0
0
0
0
0
0
0
0
0
0
0
0
1.8527
0
0
0
0
0
0
0
0
0
0
0
0
0
0
0
0
0
0
0
0
0
0
0
0
0
0
0
0
0
0
0
0
0
0
0
0
0
0
0
0
0
-3.148
0
0
0
0
0
0
0
0
0
0
0
0
0
0
0
0
0
0
0
0
0
0
0
0
0
0
0
0
0
0
0
0
0
0
0
0
0
0
0
0
0
0
0
0
0
0
0
0
0
0
0
0
0
0
0
0
0
0
0
0
0
0
0
0
0
0
0
0
0
0
0
0
0
3.148
0
0
0
0
0
0
0
0
0
0
0
0
0
0
0
0
0
0
0
0
0
0
0
0
0
0
0
0
0
0
0
0
0
0
0
0
0
0
0
0
0
0
0
0
0
0
0
0
0
0
0
0
0
0
0
0
0
0
0
0
0
0
0
0
0
0
0
0
0
0
0
0
0
0
0
0
0
0
0
0
0
-0.89122
0
0
0
0
0
0
0
0
0
0
0
0
0
0
0
0
0
0
0
0
0
0
0
0
0
0
0
0
0
0
0
0
0
0.89122
0
0
0
0
0
0
0
0
0
0
0
0
0
0
0
0
0
0
0
0
0
0
0
0
0
0
0
0
0
0
0
0
0
0
0
0
0
0
-3.365
0
0
0
0
0
0
0
0
0
0
0
0
0
0
0
0
0
0
0
0
0
0
0
0
0
0
0
0
0
0
0
0
0
0
0
0
0
0
0
0
0
0
0
0
0
0
0
0
0
0
0
0
0
0
0
0
0
0
0
0
0
0
0
0
0
0
0
0
0
0
0
0
0
0
0
0
3.365
0
0
0
0
0
0
0
0
-4.5399
0
0
0
0
0
0
0
0
0
0
0
0
0
0
0
0
0
0
0
0
0
0
0
0
0
0
0
0
0
0
0
0
0
0
0
0
0
0
0
0
0
0
0
0
0
0
0
0
0
0
0
0
0
0
0
0
0
0
0
0
0
0
0
0
0
0
0
0
0
0
0
0
0
0
0
0
0
0
0
0
0
0
0
0
0
0
0
0
0
0
0
0
0
0
0
0
0
0
0
0
0
0
0
0
0
0
4.5399
0
0
0
0
0
0
0
0
0
0
0
0
0
0
0
0
0
0
0
0
0
0
0
0
0
0
0
0
0
0
0
0
0
0
0
0
0
0
0
0
0
0
0
0
0
0
0
0
0
0
0
0
0
0
0
0
0
0
0
-0.66163
0
0
0
0
0
0
0
0
0
0
0
0
0
0
0
0
0
0
0
0
0
0
0
0
0
0
0
0
0
0
0
0
0
0
0
0
0
0
0
0
0
0
0
0
0
0
0
0
0
0
0
0
0
0
0
0.66163
