62.012
-0.70048
-0.7398
-0.71622
-0.67844
-0.82762
-0.6935
-0.73596
-0.70668
-0.66787
-0.77412
-0.66788
-0.67736
-0.75866
-0.72257
-0.67021
-0.67026
-0.67831
-0.76555
-0.69854
-0.7505
-0.80663
-0.70763
-0.73447
-0.7072
-0.70436
-0.71576
-0.71141
-0.85342
-0.78233
-0.76151
-0.76146
-0.84766
-0.76041
-0.73223
-0.74167
-0.74167
-0.80686
-0.89557
-0.84771
-0.89687
-0.89678
-0.76979
-0.83606
-0.81542
-0.90456
-0.96128
-0.85371
-0.86234
-0.95023
-0.80415
-0.88414
-0.84164
-0.84447
-0.86349
-0.98956
-0.9157
-1.0512
-1.2729
-1.181
-1.7705
-1.9223
0
0
0
-2.5049
0
0
0
0
0
0
0
0
0
0
0
0
0
0
0
0
0
0
0
0
0
0
0
0
0
0
0
0
0
0
0
0
0
0
0
0
0
0
0
0
0
0
0
0
-8.4985
0
0
0
0
0
0
0
-0.70048
55.9168
-0.6907
-0.68205
-0.63851
-0.73711
-0.65179
-0.69192
-0.66437
-0.62717
-0.71504
-0.62718
-0.63583
-0.69463
-0.65161
-0.62918
-0.62922
-0.63703
-0.71455
-0.65612
-0.7073
-0.75497
-0.66573
-0.69209
-0.6653
-0.66114
-0.6736
-0.66963
-0.80283
-0.73889
-0.71856
-0.7185
-0.79545
-0.71754
-0.69037
-0.69959
-0.69958
-0.762
-0.84323
-0.80339
-0.84709
-0.847
-0.72765
-0.78859
-0.77212
-0.85721
-0.91073
-0.80768
-0.8149
-0.90526
-0.75868
-0.83732
-0.80046
-0.79835
-0.81973
-0.94537
-0.86791
-1.0057
-1.2305
-1.1398
-1.7616
-1.9099
0
0
0
-2.5589
0
0
0
0
0
0
0
0
0
0
0
0
0
0
0
0
0
0
0
0
0
0
0
0
0
0
0
-5.0501
0
0
0
0
0
0
0
0
0
0
0
0
0
0
0
0
0
0
0
0
0
0
0
0
-0.7398
-0.6907
58.097
-0.70773
-0.66735
-0.77758
-0.68141
-0.71898
-0.69492
-0.65635
-0.7501
-0.65636
-0.6653
-0.72882
-0.71828
-0.65865
-0.6587
-0.66724
-0.74996
-0.68649
-0.73899
-0.78698
-0.69627
-0.72391
-0.69584
-0.69096
-0.70435
-0.6974
-0.83401
-0.7712
-0.75047
-0.7504
-0.82974
-0.74941
-0.72155
-0.73094
-0.73094
-0.79418
-0.87449
-0.83729
-0.88
-0.87992
-0.7591
-0.82248
-0.80524
-0.89306
-0.94566
-0.84356
-0.85107
-0.94099
-0.76784
-0.87456
-0.84275
-0.82944
-0.84878
-0.98146
-0.90607
-1.0434
-1.2713
-1.1704
-1.7882
-1.9376
0
0
0
-2.5736
0
0
0
0
0
0
0
0
0
0
0
0
0
0
0
0
0
0
0
0
-5.2563
0
0
0
0
0
0
0
0
0
0
0
0
0
0
0
0
0
0
0
0
0
0
0
0
0
0
0
0
0
0
0
-0.71622
-0.68205
-0.70773
51.5507
-0.64501
-0.75247
-0.65967
-0.69479
-0.67279
-0.63518
-0.72717
-0.63519
-0.64403
-0.71066
-0.69634
-0.63806
-0.63809
-0.64612
-0.72779
-0.66607
-0.71744
-0.7723
-0.6755
-0.70123
-0.67508
-0.67193
-0.68335
-0.67948
-0.82328
-0.74892
-0.7285
-0.72846
-0.80891
-0.72742
-0.69992
-0.70921
-0.70922
-0.77294
-0.85816
-0.81413
-0.86126
-0.86117
-0.73891
-0.80216
-0.78224
-0.8712
-0.92579
-0.82118
-0.82948
-0.91646
-0.7688
-0.85195
-0.80836
-0.81128
-0.82979
-0.9564
-0.88413
-1.0175
-1.2435
-1.1472
-1.7623
-1.9098
0
0
0
-2.549
0
0
0
0
0
0
0
0
0
0
0
0
0
0
0
0
0
0
0
0
0
0
0
0
0
0
0
0
0
0
0
0
0
0
0
0
0
0
0
0
0
0
0
0
0
0
0
0
0
0
0
0
-0.67844
-0.63851
-0.66735
-0.64501
44.168
-0.69952
-0.61125
-0.65065
-0.62496
-0.59178
-0.67638
-0.59178
-0.59819
-0.66158
-0.64721
-0.59428
-0.59432
-0.60107
-0.67666
-0.61947
-0.66936
-0.72164
-0.62881
-0.65344
-0.62839
-0.62483
-0.63597
-0.62895
-0.7649
-0.69928
-0.67944
-0.67938
-0.75491
-0.67839
-0.6517
-0.66075
-0.66075
-0.72134
-0.80136
-0.76242
-0.80739
-0.8073
-0.69011
-0.75015
-0.73187
-0.81888
-0.87026
-0.76977
-0.77711
-0.86317
-0.71972
-0.79897
-0.75877
-0.77072
-0.78
-0.90305
-0.83154
-0.96245
-1.186
-1.091
-1.7053
0
0
0
0
0
0
0
0
0
0
0
0
0
0
0
0
0
0
0
0
0
0
0
0
0
0
0
0
0
0
0
0
0
0
0
0
0
0
0
0
0
0
0
0
0
0
0
0
0
0
0
0
0
0
0
0
0
-0.82762
-0.73711
-0.77758
-0.75247
-0.69952
57.1741
-0.71088
-0.75305
-0.72424
-0.68463
-0.79428
-0.68464
-0.69432
-0.78209
-0.74056
-0.68719
-0.68724
-0.69518
-0.7844
-0.71555
-0.76809
-0.82685
-0.72466
-0.75232
-0.72423
-0.72239
-0.73273
-0.73224
-0.8745
-0.79985
-0.77893
-0.77888
-0.86795
-0.77772
-0.74914
-0.75868
-0.75869
-0.82484
-0.91458
-0.86575
-0.91631
-0.91623
-0.78893
-0.85475
-0.83286
-0.92339
-0.98125
-0.87138
-0.88115
-0.96851
-0.83009
-0.90246
-0.8608
-0.87615
-0.88411
-1.0081
-0.93412
-1.0702
-1.293
-1.2022
0
0
0
0
0
0
0
0
0
0
0
0
0
0
0
0
0
0
0
0
0
0
0
0
0
0
0
0
0
0
0
0
0
0
0
0
0
0
0
0
0
0
0
0
0
0
0
0
-8.7125
0
0
0
0
0
0
0
0
0
-0.6935
-0.65179
-0.68141
-0.65967
-0.61125
-0.71088
45.2228
-0.66159
-0.63433
-0.60098
-0.68704
-0.60098
-0.60384
-0.67212
-0.65801
-0.60407
-0.60411
-0.61123
-0.68728
-0.626
-0.6805
-0.73627
-0.63962
-0.66474
-0.63921
-0.63079
-0.64691
-0.64521
-0.77696
-0.71091
-0.69094
-0.69088
-0.76732
-0.68986
-0.66299
-0.6721
-0.6721
-0.73402
-0.81477
-0.77452
-0.8192
-0.81912
-0.70185
-0.76071
-0.74345
-0.83276
-0.88335
-0.77382
-0.78769
-0.87612
-0.73556
-0.80975
-0.77129
-0.78364
-0.79323
-0.9164
-0.84456
-0.97631
-1.2014
-1.1057
0
0
0
-2.0861
0
0
0
0
0
0
0
0
0
0
0
0
0
0
0
0
0
0
0
0
0
0
0
0
0
0
0
0
0
0
0
0
0
0
0
0
0
0
0
0
0
0
0
0
0
0
0
0
0
0
0
0
0
0
-0.73596
-0.69192
-0.71898
-0.69479
-0.65065
-0.75305
-0.66159
50.6613
-0.67553
-0.63725
-0.72665
-0.63725
-0.64558
-0.71176
-0.69921
-0.64002
-0.64007
-0.64839
-0.73006
-0.66723
-0.71947
-0.76977
-0.67736
-0.70486
-0.67693
-0.67163
-0.68507
-0.68204
-0.81678
-0.75108
-0.73065
-0.7306
-0.80892
-0.72958
-0.70208
-0.71138
-0.71139
-0.77381
-0.85282
-0.81676
-0.85812
-0.85803
-0.7404
-0.80154
-0.78503
-0.87446
-0.92389
-0.82415
-0.83006
-0.91992
-0.75088
-0.85317
-0.82466
-0.81751
-0.82988
-0.96066
-0.88559
-1.022
-1.2489
-1.1486
0
0
0
0
0
0
0
0
0
0
0
0
0
0
0
0
0
0
0
0
-5.215
0
0
0
0
0
0
0
0
0
0
0
0
0
0
0
0
0
0
0
0
0
0
0
0
0
0
0
0
0
0
0
0
0
0
0
0
0
-0.70668
-0.66437
-0.69492
-0.67279
-0.62496
-0.72424
-0.63433
-0.67553
46.5292
-0.61317
-0.70145
-0.61317
-0.61889
-0.68542
-0.67122
-0.61629
-0.61634
-0.62416
-0.70106
-0.64041
-0.69443
-0.75275
-0.65316
-0.67878
-0.65273
-0.64819
-0.66059
-0.65895
-0.79257
-0.7254
-0.70526
-0.70522
-0.78308
-0.70415
-0.67695
-0.68615
-0.68615
-0.74892
-0.82921
-0.78966
-0.83369
-0.8336
-0.71645
-0.77494
-0.75823
-0.84808
-0.89907
-0.78138
-0.8026
-0.89145
-0.74906
-0.82354
-0.78588
-0.79829
-0.80813
-0.93225
-0.84507
-0.99244
-1.2181
-1.1236
0
0
0
0
0
0
0
-2.5817
0
0
0
0
0
0
0
0
0
0
0
0
0
0
0
0
0
0
0
0
0
0
0
0
0
0
0
0
0
0
0
0
0
0
0
0
0
0
0
0
0
0
0
0
0
0
0
0
0
0
-0.66787
-0.62717
-0.65635
-0.63518
-0.59178
-0.68463
-0.60098
-0.63725
-0.61317
41.6252
-0.66216
-0.55579
-0.58855
-0.6475
-0.63387
-0.58218
-0.58223
-0.58752
-0.66235
-0.6057
-0.65532
-0.70461
-0.61522
-0.63977
-0.6148
-0.61138
-0.62209
-0.61947
-0.75153
-0.68446
-0.66498
-0.66493
-0.73998
-0.6639
-0.63756
-0.64651
-0.64652
-0.70678
-0.78616
-0.74715
-0.7917
-0.79162
-0.67594
-0.735
-0.71693
-0.8036
-0.85463
-0.75434
-0.76144
-0.84713
-0.71013
-0.78317
-0.74373
-0.75612
-0.76492
-0.88697
-0.81524
-0.94585
-1.1677
-1.0737
0
0
0
0
0
0
0
0
0
0
0
0
0
0
0
0
0
0
0
0
0
0
0
0
0
0
0
0
0
0
0
0
0
0
0
0
0
0
0
0
0
0
0
0
0
0
0
0
0
0
0
0
0
0
0
0
0
0
-0.77412
-0.71504
-0.7501
-0.72717
-0.67638
-0.79428
-0.68704
-0.72665
-0.70145
-0.66216
54.6434
-0.66216
-0.66997
-0.73162
-0.71954
-0.66205
-0.6621
-0.67009
-0.7478
-0.6894
-0.74186
-0.78974
-0.69903
-0.72533
-0.69859
-0.69147
-0.70693
-0.70559
-0.83724
-0.77349
-0.75288
-0.75283
-0.83144
-0.75171
-0.72394
-0.73335
-0.73335
-0.79791
-0.8772
-0.83912
-0.88111
-0.88103
-0.76164
-0.82163
-0.8071
-0.89761
-0.94764
-0.85062
-0.84863
-0.94258
-0.78301
-0.87018
-0.8349
-0.84378
-0.85748
-0.98304
-0.90346
-1.0447
0
0
0
0
0
0
0
0
0
0
0
-2.199
0
0
0
0
0
0
0
0
0
0
0
0
0
0
0
0
0
0
0
0
0
0
0
0
0
0
0
0
0
0
0
0
0
0
0
0
0
0
0
0
0
0
0
-8.0922
0
0
0
0
-0.66788
-0.62718
-0.65636
-0.63519
-0.59178
-0.68464
-0.60098
-0.63725
-0.61317
-0.55579
-0.66216
41.6254
-0.58854
-0.64749
-0.63387
-0.58219
-0.58223
-0.58752
-0.66235
-0.6057
-0.65532
-0.70461
-0.61522
-0.63977
-0.6148
-0.61138
-0.62209
-0.61948
-0.75154
-0.68447
-0.66498
-0.66493
-0.73998
-0.66389
-0.63756
-0.64652
-0.64652
-0.70679
-0.78616
-0.74715
-0.79171
-0.79163
-0.67594
-0.73499
-0.71693
-0.80361
-0.85464
-0.75434
-0.76145
-0.84714
-0.71013
-0.78318
-0.74375
-0.75613
-0.76493
-0.88698
-0.81526
-0.94586
-1.1677
-1.0737
0
0
0
0
0
0
0
0
0
0
0
0
0
0
0
0
0
0
0
0
0
0
0
0
0
0
0
0
0
0
0
0
0
0
0
0
0
0
0
0
0
0
0
0
0
0
0
0
0
0
0
0
0
0
0
0
0
0
-0.67736
-0.63583
-0.6653
-0.64403
-0.59819
-0.69432
-0.60384
-0.64558
-0.61889
-0.58855
-0.66997
-0.58854
43.0989
-0.65526
-0.641
-0.59001
-0.59005
-0.59589
-0.6695
-0.61015
-0.66364
-0.71427
-0.62338
-0.64784
-0.62297
-0.61429
-0.63045
-0.62856
-0.75996
-0.69331
-0.67366
-0.67361
-0.74744
-0.67255
-0.646
-0.655
-0.655
-0.71625
-0.79547
-0.75612
-0.80015
-0.80007
-0.68043
-0.74246
-0.7256
-0.81404
-0.86394
-0.75493
-0.76901
-0.85691
-0.71809
-0.79097
-0.75342
-0.76583
-0.77513
-0.89706
-0.82563
-0.95632
-1.1784
0
0
0
0
-2.0585
0
0
0
0
0
0
0
0
0
0
0
0
0
0
0
0
0
0
0
0
0
0
0
0
0
0
0
0
0
0
0
0
0
0
0
0
0
0
0
0
0
0
0
0
0
0
0
0
0
0
0
0
0
0
-0.75866
-0.69463
-0.72882
-0.71066
-0.66158
-0.78209
-0.67212
-0.71176
-0.68542
-0.6475
-0.73162
-0.64749
-0.65526
53.5328
-0.70436
-0.64743
-0.64748
-0.65499
-0.73245
-0.67417
-0.72594
-0.77266
-0.68371
-0.70996
-0.68329
-0.67825
-0.69143
-0.69186
-0.81838
-0.75711
-0.73666
-0.7366
-0.81397
-0.7355
-0.70795
-0.71727
-0.71728
-0.78141
-0.86244
-0.82212
-0.86546
-0.86537
-0.74514
-0.80649
-0.79023
-0.87953
-0.9313
-0.82904
-0.83337
-0.92431
-0.77996
-0.85527
-0.81749
-0.81787
-0.83839
-0.96409
-0.88906
-1.0255
0
0
0
-1.9119
0
0
0
0
0
0
0
0
0
0
0
0
0
0
0
0
0
0
0
0
0
0
0
0
0
0
0
0
0
0
0
0
0
0
0
0
0
0
0
0
0
0
0
0
0
0
0
0
0
0
0
0
0
-8.1708
0
0
-0.72257
-0.65161
-0.71828
-0.69634
-0.64721
-0.74056
-0.65801
-0.69921
-0.67122
-0.63387
-0.71954
-0.63387
-0.641
-0.70436
48.9821
-0.63592
-0.63596
-0.64376
-0.72084
-0.66287
-0.71492
-0.77019
-0.673
-0.70023
-0.67257
-0.66831
-0.68088
-0.67878
-0.81605
-0.74659
-0.72629
-0.72623
-0.80302
-0.72518
-0.69789
-0.70717
-0.70716
-0.77029
-0.84943
-0.81186
-0.85441
-0.85433
-0.73329
-0.79573
-0.78036
-0.86724
-0.9196
-0.81609
-0.82274
-0.91465
-0.77396
-0.84466
-0.81129
-0.81819
-0.83107
-0.95563
-0.87615
-1.016
-1.2411
0
0
0
0
0
0
0
0
0
0
0
0
0
0
0
0
0
0
0
0
0
0
0
0
0
0
0
0
0
0
0
0
0
0
-4.9725
0
0
0
0
0
0
0
0
0
0
0
0
0
0
0
0
0
0
0
0
0
0
0
0
-0.67021
-0.62918
-0.65865
-0.63806
-0.59428
-0.68719
-0.60407
-0.64002
-0.61629
-0.58218
-0.66205
-0.58219
-0.59001
-0.64743
-0.63592
39.4124
-0.55639
-0.58453
-0.66257
-0.60381
-0.65414
-0.70384
-0.61456
-0.63881
-0.61414
-0.61054
-0.62147
-0.61883
-0.75191
-0.68378
-0.6645
-0.66444
-0.7513
-0.66329
-0.63749
-0.6465
-0.6465
-0.70818
-0.78687
-0.74729
-0.79199
-0.79191
-0.67234
-0.73511
-0.71674
-0.80426
-0.85625
-0.75436
-0.762
-0.84685
-0.71112
-0.78318
-0.74401
-0.75716
-0.76578
-0.88568
-0.81495
-0.94537
0
0
0
0
0
0
0
0
0
0
0
0
0
0
0
0
0
0
0
0
0
0
0
0
0
0
0
0
0
0
0
0
0
0
0
0
0
0
0
0
0
0
0
0
0
0
0
0
0
0
0
0
0
0
0
0
0
0
0
0
-0.67026
-0.62922
-0.6587
-0.63809
-0.59432
-0.68724
-0.60411
-0.64007
-0.61634
-0.58223
-0.6621
-0.58223
-0.59005
-0.64748
-0.63596
-0.55639
39.4148
-0.58457
-0.66261
-0.60385
-0.65418
-0.70388
-0.6146
-0.63885
-0.61418
-0.61059
-0.62152
-0.61888
-0.75194
-0.68382
-0.66453
-0.66447
-0.75133
-0.66333
-0.63752
-0.64653
-0.64654
-0.70822
-0.78691
-0.74732
-0.79204
-0.79196
-0.67239
-0.73515
-0.71678
-0.80432
-0.85629
-0.7544
-0.76205
-0.8469
-0.71116
-0.78323
-0.74405
-0.7572
-0.76583
-0.88573
-0.815
-0.94542
0
0
0
0
0
0
0
0
0
0
0
0
0
0
0
0
0
0
0
0
0
0
0
0
0
0
0
0
0
0
0
0
0
0
0
0
0
0
0
0
0
0
0
0
0
0
0
0
0
0
0
0
0
0
0
0
0
0
0
0
-0.67831
-0.63703
-0.66724
-0.64612
-0.60107
-0.69518
-0.61123
-0.64839
-0.62416
-0.58752
-0.67009
-0.58752
-0.59589
-0.65499
-0.64376
-0.58453
-0.58457
37.5304
-0.66809
-0.61257
-0.66388
-0.70957
-0.62259
-0.64821
-0.62217
-0.61932
-0.62896
-0.62638
-0.75726
-0.69105
-0.67177
-0.67173
-0.75309
-0.67044
-0.64414
-0.65321
-0.65321
-0.71415
-0.79391
-0.75435
-0.79918
-0.7991
-0.67956
-0.74204
-0.7236
-0.81105
-0.86425
-0.76271
-0.77031
-0.85515
0
-0.79126
-0.75102
-0.76649
0
-0.89335
0
-0.95367
0
0
0
0
0
0
0
0
0
0
0
0
0
0
0
0
0
0
0
0
0
0
0
0
0
0
0
0
0
0
0
0
0
0
0
0
0
0
0
0
0
0
0
0
0
0
0
0
0
0
0
0
0
0
0
0
0
0
0
0
-0.76555
-0.71455
-0.74996
-0.72779
-0.67666
-0.7844
-0.68728
-0.73006
-0.70106
-0.66235
-0.7478
-0.66235
-0.6695
-0.73245
-0.72084
-0.66257
-0.66261
-0.66809
47.7452
-0.68456
-0.7376
-0.80457
-0.6951
-0.71421
-0.69467
-0.68974
-0.70264
-0.70141
-0.82658
-0.76836
-0.74803
-0.74799
-0.82727
-0.7468
-0.719
-0.72843
-0.72843
-0.79113
-0.87345
-0.83406
-0.87605
-0.87597
-0.75547
-0.8167
-0.80225
-0.89127
-0.94217
-0.84136
-0.84537
-0.93867
0
-0.86759
0
0
0
0
0
0
0
0
0
0
-2.3126
0
0
0
0
0
0
0
0
0
0
0
0
0
0
0
0
0
0
0
0
0
0
0
0
0
0
0
0
0
0
0
0
0
0
0
0
0
0
0
0
0
0
0
-7.4898
0
0
0
0
0
0
0
0
0
0
0
-0.69854
-0.65612
-0.68649
-0.66607
-0.61947
-0.71555
-0.626
-0.66723
-0.64041
-0.6057
-0.6894
-0.6057
-0.61015
-0.67417
-0.66287
-0.60381
-0.60385
-0.61257
-0.68456
36.2975
-0.68618
-0.72618
-0.6407
-0.66901
-0.64027
-0.63289
-0.64623
-0.6456
-0.7762
-0.70855
-0.68934
-0.68929
-0.76843
-0.68775
-0.66099
-0.67026
-0.67027
-0.73065
-0.81402
-0.77253
-0.81771
-0.81763
-0.69814
-0.75891
-0.74203
-0.83092
-0.88372
-0.7713
-0.78995
-0.87468
0
0
0
0
0
0
0
0
0
0
0
0
0
-2.0585
0
0
0
0
0
0
0
0
0
0
0
0
0
0
0
0
0
0
0
0
0
0
0
0
0
0
0
0
0
0
0
0
0
0
0
0
0
0
0
0
0
0
0
0
0
0
0
0
0
0
0
0
0
0
-0.7505
-0.7073
-0.73899
-0.71744
-0.66936
-0.76809
-0.6805
-0.71947
-0.69443
-0.65532
-0.74186
-0.65532
-0.66364
-0.72594
-0.71492
-0.65414
-0.65418
-0.66388
-0.7376
-0.68618
35.0712
-0.77667
-0.68941
-0.7285
-0.68897
-0.69316
-0.69499
-0.7093
-0.82193
-0.7645
-0.7437
-0.74365
-0.82324
-0.74119
-0.71349
-0.72322
-0.72322
-0.79333
-0.88528
-0.82882
-0.87706
-0.87698
-0.75357
-0.81769
-0.79851
-0.88813
0
-0.83997
0
-0.93368
0
0
0
0
0
0
0
0
0
0
0
0
0
0
0
0
0
0
0
0
0
0
0
0
0
0
0
0
0
0
0
0
0
0
0
0
0
0
0
0
0
0
0
0
0
0
0
0
0
0
0
0
0
0
0
0
0
0
0
0
0
0
0
0
0
0
0
0
-0.80663
-0.75497
-0.78698
-0.7723
-0.72164
-0.82685
-0.73627
-0.76977
-0.75275
-0.70461
-0.78974
-0.70461
-0.71427
-0.77266
-0.77019
-0.70384
-0.70388
-0.70957
-0.80457
-0.72618
-0.77667
49.2547
-0.73242
-0.75858
-0.73198
-0.72906
-0.73966
-0.73027
-0.85505
-0.80662
-0.78589
-0.78583
-0.85532
-0.7839
-0.75609
-0.76565
-0.76565
-0.83866
-0.8996
-0.87244
-0.92125
-0.92116
-0.78658
-0.86139
-0.84179
0
0
0
0
0
0
0
0
0
0
0
0
0
0
0
0
0
0
0
0
0
-2.3755
0
0
0
0
0
0
0
0
0
0
0
0
0
0
0
0
0
0
-5.1813
0
0
0
0
0
0
0
0
0
0
0
0
0
0
0
0
0
0
0
0
0
0
0
-7.3641
0
0
0
0
0
0
0
0
-0.70763
-0.66573
-0.69627
-0.6755
-0.62881
-0.72466
-0.63962
-0.67736
-0.65316
-0.61522
-0.69903
-0.61522
-0.62338
-0.68371
-0.673
-0.61456
-0.6146
-0.62259
-0.6951
-0.6407
-0.68941
-0.73242
31.2915
-0.67043
-0.61285
-0.63411
-0.6484
-0.65601
-0.78306
-0.71677
-0.69705
-0.69698
-0.78396
-0.69421
-0.66828
-0.6781
-0.67811
-0.75138
-0.81046
-0.78175
-0.83563
-0.83554
-0.70908
-0.77223
-0.75173
-0.83766
0
0
0
0
0
0
0
0
0
0
0
0
0
0
0
0
0
0
0
0
0
0
0
0
0
0
0
0
0
0
0
0
0
0
0
0
0
0
0
0
0
0
0
0
0
0
0
0
0
0
0
0
0
0
0
0
0
0
0
0
0
0
0
0
0
0
0
0
0
0
0
0
-0.73447
-0.69209
-0.72391
-0.70123
-0.65344
-0.75232
-0.66474
-0.70486
-0.67878
-0.63977
-0.72533
-0.63977
-0.64784
-0.70996
-0.70023
-0.63881
-0.63885
-0.64821
-0.71421
-0.66901
-0.7285
-0.75858
-0.67043
33.9201
-0.67002
-0.66711
-0.67382
-0.69212
-0.80577
-0.74383
-0.72395
-0.72389
-0.81153
-0.72105
-0.69485
-0.70436
-0.70436
-0.771
-0.87336
-0.80797
-0.85587
-0.8558
-0.73161
-0.79757
-0.7793
0
0
0
0
0
0
0
0
0
0
0
0
0
0
0
0
0
-2.2756
0
0
0
0
0
0
0
0
0
0
0
0
0
0
0
0
0
0
0
0
0
0
0
0
0
0
0
0
0
0
0
0
0
0
0
0
0
0
0
0
0
0
0
0
0
0
0
0
0
0
0
0
0
0
0
-0.7072
-0.6653
-0.69584
-0.67508
-0.62839
-0.72423
-0.63921
-0.67693
-0.65273
-0.6148
-0.69859
-0.6148
-0.62297
-0.68329
-0.67257
-0.61414
-0.61418
-0.62217
-0.69467
-0.64027
-0.68897
-0.73198
-0.61285
-0.67002
31.2715
-0.6337
-0.64791
-0.65567
-0.78264
-0.71627
-0.69655
-0.6965
-0.78357
-0.69371
-0.66781
-0.67763
-0.67762
-0.75077
-0.81024
-0.78123
-0.835
-0.83492
-0.70858
-0.77168
-0.75123
-0.83711
0
0
0
0
0
0
0
0
0
0
0
0
0
0
0
0
0
0
0
0
0
0
0
0
0
0
0
0
0
0
0
0
0
0
0
0
0
0
0
0
0
0
0
0
0
0
0
0
0
0
0
0
0
0
0
0
0
0
0
0
0
0
0
0
0
0
0
0
0
0
0
0
-0.70436
-0.66114
-0.69096
-0.67193
-0.62483
-0.72239
-0.63079
-0.67163
-0.64819
-0.61138
-0.69147
-0.61138
-0.61429
-0.67825
-0.66831
-0.61054
-0.61059
-0.61932
-0.68974
-0.63289
-0.69316
-0.72906
-0.63411
-0.66711
-0.6337
33.5182
-0.64239
-0.65385
-0.78278
-0.70925
-0.6903
-0.69025
-0.78079
-0.6874
-0.66268
-0.6719
-0.67191
-0.73684
-0.83992
-0.77296
-0.81684
-0.81676
-0.698
-0.75865
-0.74495
0
0
0
0
0
0
0
0
0
0
0
0
0
0
0
0
0
0
0
0
0
0
0
0
0
0
0
0
0
0
-3.2683
0
0
0
0
0
0
0
0
0
0
0
0
0
0
0
0
0
0
0
0
0
0
0
0
0
0
0
0
0
0
0
0
0
0
0
0
0
0
0
0
0
0
-0.71576
-0.6736
-0.70435
-0.68335
-0.63597
-0.73273
-0.64691
-0.68507
-0.66059
-0.62209
-0.70693
-0.62209
-0.63045
-0.69143
-0.68088
-0.62147
-0.62152
-0.62896
-0.70264
-0.64623
-0.69499
-0.73966
-0.6484
-0.67382
-0.64791
-0.64239
29.2849
-0.65485
-0.78642
-0.72697
-0.70749
-0.70741
-0.77688
-0.70353
-0.67804
-0.68723
-0.68723
-0.7619
-0.80755
-0.78597
-0.84653
-0.84645
0
0
-0.76029
0
0
0
0
0
0
0
0
0
0
0
0
0
0
0
0
0
0
0
0
0
0
0
0
0
0
0
0
0
0
0
0
0
0
0
0
0
0
0
0
0
0
0
0
0
0
0
0
0
0
0
0
0
0
0
0
0
0
0
0
0
0
0
0
0
0
0
0
0
0
0
0
0
-0.71141
-0.66963
-0.6974
-0.67948
-0.62895
-0.73224
-0.64521
-0.68204
-0.65895
-0.61947
-0.70559
-0.61948
-0.62856
-0.69186
-0.67878
-0.61883
-0.61888
-0.62638
-0.70141
-0.6456
-0.7093
-0.73027
-0.65601
-0.69212
-0.65567
-0.65385
-0.65485
33.0654
-0.7839
-0.71076
-0.69611
-0.69606
-0.77106
-0.69424
-0.67017
-0.67911
-0.67912
-0.73616
0
-0.77809
0
0
0
0
0
0
0
0
0
0
0
0
-0.77266
0
0
0
0
0
0
0
-1.6744
0
0
0
0
0
0
0
0
0
0
0
0
0
0
0
0
0
0
0
0
0
0
0
0
0
0
0
0
0
0
0
0
0
-4.7113
0
0
0
0
0
0
0
0
0
0
0
0
0
0
0
0
0
0
0
0
0
0
0
-0.85342
-0.80283
-0.83401
-0.82328
-0.7649
-0.8745
-0.77696
-0.81678
-0.79257
-0.75153
-0.83724
-0.75154
-0.75996
-0.81838
-0.81605
-0.75191
-0.75194
-0.75726
-0.82658
-0.7762
-0.82193
-0.85505
-0.78306
-0.80577
-0.78264
-0.78278
-0.78642
-0.7839
46.5319
-0.8487
-0.82888
-0.82882
-0.89937
-0.82677
-0.79948
-0.80923
-0.80924
0
0
0
0
0
0
0
0
0
0
0
0
0
0
0
0
0
0
0
0
0
0
0
0
0
0
0
0
0
-2.5
0
0
0
0
0
0
0
0
0
0
0
0
0
0
0
0
0
0
0
0
0
0
0
0
0
0
0
0
0
0
0
0
0
0
-7.521
0
0
0
0
0
0
0
0
0
0
0
0
-7.521
0
0
0
-0.78233
-0.73889
-0.7712
-0.74892
-0.69928
-0.79985
-0.71091
-0.75108
-0.7254
-0.68446
-0.77349
-0.68447
-0.69331
-0.75711
-0.74659
-0.68378
-0.68382
-0.69105
-0.76836
-0.70855
-0.7645
-0.80662
-0.71677
-0.74383
-0.71627
-0.70925
-0.72697
-0.71076
-0.8487
28.5394
-0.80008
-0.8
-0.83465
-0.78771
-0.75123
-0.76168
-0.76168
-0.82625
0
-0.86958
0
0
0
0
0
0
0
0
0
0
0
0
0
0
0
0
0
0
0
0
0
0
0
0
0
0
0
0
0
0
0
0
0
0
0
0
0
0
0
0
0
0
0
0
0
0
0
0
0
0
0
0
0
0
0
0
0
0
0
0
0
0
0
0
0
0
0
0
0
0
0
0
0
0
0
0
0
0
-0.76151
-0.71856
-0.75047
-0.7285
-0.67944
-0.77893
-0.69094
-0.73065
-0.70526
-0.66498
-0.75288
-0.66498
-0.67366
-0.73666
-0.72629
-0.6645
-0.66453
-0.67177
-0.74803
-0.68934
-0.7437
-0.78589
-0.69705
-0.72395
-0.69655
-0.6903
-0.70749
-0.69611
-0.82888
-0.80008
26.8993
-0.75766
-0.8229
-0.7537
-0.72083
-0.73167
-0.73168
-0.80897
0
0
0
0
0
0
0
0
0
0
0
0
0
0
0
0
0
0
0
0
0
0
0
0
0
0
0
0
0
0
0
0
0
0
0
0
0
0
0
0
0
0
0
0
0
0
0
0
0
0
0
0
0
0
0
0
0
0
0
0
0
0
0
0
0
0
0
0
0
0
0
0
0
0
0
0
0
0
0
0
-0.76146
-0.7185
-0.7504
-0.72846
-0.67938
-0.77888
-0.69088
-0.7306
-0.70522
-0.66493
-0.75283
-0.66493
-0.67361
-0.7366
-0.72623
-0.66444
-0.66447
-0.67173
-0.74799
-0.68929
-0.74365
-0.78583
-0.69698
-0.72389
-0.6965
-0.69025
-0.70741
-0.69606
-0.82882
-0.8
-0.75766
26.8972
-0.82286
-0.75363
-0.72077
-0.73162
-0.73162
-0.80886
0
0
0
0
0
0
0
0
0
0
0
0
0
0
0
0
0
0
0
0
0
0
0
0
0
0
0
0
0
0
0
0
0
0
0
0
0
0
0
0
0
0
0
0
0
0
0
0
0
0
0
0
0
0
0
0
0
0
0
0
0
0
0
0
0
0
0
0
0
0
0
0
0
0
0
0
0
0
0
0
-0.84766
-0.79545
-0.82974
-0.80891
-0.75491
-0.86795
-0.76732
-0.80892
-0.78308
-0.73998
-0.83144
-0.73998
-0.74744
-0.81397
-0.80302
-0.7513
-0.75133
-0.75309
-0.82727
-0.76843
-0.82324
-0.85532
-0.78396
-0.81153
-0.78357
-0.78079
-0.77688
-0.77106
-0.89937
-0.83465
-0.8229
-0.82286
38.5007
-0.81865
0
0
0
0
0
0
0
0
0
0
0
0
0
0
0
0
0
0
0
0
0
0
0
0
0
0
0
0
0
0
0
0
0
0
0
0
0
0
-1.222
0
0
0
-3.8684
0
0
0
0
0
0
0
0
0
0
0
0
0
0
0
0
0
0
0
0
0
0
0
0
0
0
0
0
0
0
0
0
0
0
-7.0343
0
0
0
0
0
0
-0.76041
-0.71754
-0.74941
-0.72742
-0.67839
-0.77772
-0.68986
-0.72958
-0.70415
-0.6639
-0.75171
-0.66389
-0.67255
-0.7355
-0.72518
-0.66329
-0.66333
-0.67044
-0.7468
-0.68775
-0.74119
-0.7839
-0.69421
-0.72105
-0.69371
-0.6874
-0.70353
-0.69424
-0.82677
-0.78771
-0.7537
-0.75363
-0.81865
26.0361
-0.72486
-0.73638
-0.73638
0
0
0
0
0
0
0
0
0
0
0
0
0
0
0
0
0
0
0
0
0
0
0
0
0
0
0
0
0
0
0
0
0
0
0
0
0
0
0
0
0
0
0
0
0
0
0
0
0
0
0
0
0
0
0
0
0
0
0
0
0
0
0
0
0
0
0
0
0
0
0
0
0
0
0
0
0
0
0
0
0
-0.73223
-0.69037
-0.72155
-0.69992
-0.6517
-0.74914
-0.66299
-0.70208
-0.67695
-0.63756
-0.72394
-0.63756
-0.646
-0.70795
-0.69789
-0.63749
-0.63752
-0.64414
-0.719
-0.66099
-0.71349
-0.75609
-0.66828
-0.69485
-0.66781
-0.66268
-0.67804
-0.67017
-0.79948
-0.75123
-0.72083
-0.72077
0
-0.72486
24.2328
-0.68364
-0.68364
0
0
0
0
0
0
0
0
0
0
0
0
0
0
0
0
0
0
0
0
0
0
0
0
0
0
0
0
0
0
0
0
0
0
0
0
0
0
0
0
0
0
0
0
0
0
0
0
0
0
0
0
0
0
0
0
0
0
0
0
0
0
0
0
0
0
0
0
0
0
0
0
0
0
0
0
0
0
0
0
0
-0.74167
-0.69959
-0.73094
-0.70921
-0.66075
-0.75868
-0.6721
-0.71138
-0.68615
-0.64651
-0.73335
-0.64652
-0.655
-0.71727
-0.70717
-0.6465
-0.64653
-0.65321
-0.72843
-0.67026
-0.72322
-0.76565
-0.6781
-0.70436
-0.67763
-0.6719
-0.68723
-0.67911
-0.80923
-0.76168
-0.73167
-0.73162
0
-0.73638
-0.68364
23.8627
0
0
0
0
0
0
0
0
0
0
0
0
0
0
0
0
0
0
0
0
0
0
0
0
0
0
0
0
0
0
0
0
0
0
0
0
0
0
0
0
0
0
0
0
0
0
0
0
0
0
0
0
0
0
0
0
0
0
0
0
0
0
0
0
0
0
0
0
0
0
0
0
0
0
0
0
0
0
0
0
0
0
-0.74167
-0.69958
-0.73094
-0.70922
-0.66075
-0.75869
-0.6721
-0.71139
-0.68615
-0.64652
-0.73335
-0.64652
-0.655
-0.71728
-0.70716
-0.6465
-0.64654
-0.65321
-0.72843
-0.67027
-0.72322
-0.76565
-0.67811
-0.70436
-0.67762
-0.67191
-0.68723
-0.67912
-0.80924
-0.76168
-0.73168
-0.73162
0
-0.73638
-0.68364
0
23.8627
0
0
0
0
0
0
0
0
0
0
0
0
0
0
0
0
0
0
0
0
0
0
0
0
0
0
0
0
0
0
0
0
0
0
0
0
0
0
0
0
0
0
0
0
0
0
0
0
0
0
0
0
0
0
0
0
0
0
0
0
0
0
0
0
0
0
0
0
0
0
0
0
0
0
0
0
0
0
0
0
0
-0.80686
-0.762
-0.79418
-0.77294
-0.72134
-0.82484
-0.73402
-0.77381
-0.74892
-0.70678
-0.79791
-0.70679
-0.71625
-0.78141
-0.77029
-0.70818
-0.70822
-0.71415
-0.79113
-0.73065
-0.79333
-0.83866
-0.75138
-0.771
-0.75077
-0.73684
-0.7619
-0.73616
0
-0.82625
-0.80897
-0.80886
0
0
0
0
0
28.5532
0
0
0
0
0
0
0
0
0
0
0
0
0
0
0
0
0
0
0
0
0
0
0
0
0
0
0
0
0
0
0
0
0
0
0
0
-4.8984
0
0
0
0
0
0
0
0
0
0
0
0
0
0
0
0
0
0
0
0
0
0
0
0
0
0
0
0
0
0
0
0
0
0
0
0
0
0
0
0
0
0
0
-0.89557
-0.84323
-0.87449
-0.85816
-0.80136
-0.91458
-0.81477
-0.85282
-0.82921
-0.78616
-0.8772
-0.78616
-0.79547
-0.86244
-0.84943
-0.78687
-0.78691
-0.79391
-0.87345
-0.81402
-0.88528
-0.8996
-0.81046
-0.87336
-0.81024
-0.83992
-0.80755
0
0
0
0
0
0
0
0
0
0
0
33.6715
0
0
0
0
0
0
0
0
0
0
0
0
0
0
0
0
0
0
0
0
0
0
0
0
0
0
0
0
0
0
0
0
0
0
0
0
0
0
0
0
0
0
0
0
0
0
0
0
0
0
-4.7614
0
0
0
0
0
0
0
0
0
0
0
0
0
0
0
0
0
0
0
0
0
0
0
0
0
0
-6.2875
0
-0.84771
-0.80339
-0.83729
-0.81413
-0.76242
-0.86575
-0.77452
-0.81676
-0.78966
-0.74715
-0.83912
-0.74715
-0.75612
-0.82212
-0.81186
-0.74729
-0.74732
-0.75435
-0.83406
-0.77253
-0.82882
-0.87244
-0.78175
-0.80797
-0.78123
-0.77296
-0.78597
-0.77809
0
-0.86958
0
0
0
0
0
0
0
0
0
23.1695
0
0
0
0
0
0
0
0
0
0
0
0
0
0
0
0
0
0
0
0
0
0
0
0
0
0
0
0
0
0
0
0
0
0
0
0
0
0
0
0
0
0
0
0
0
0
0
0
0
0
0
0
0
0
0
0
0
0
0
0
0
0
0
0
0
0
0
0
0
0
0
0
0
0
0
0
0
0
-0.89687
-0.84709
-0.88
-0.86126
-0.80739
-0.91631
-0.8192
-0.85812
-0.83369
-0.7917
-0.88111
-0.79171
-0.80015
-0.86546
-0.85441
-0.79199
-0.79204
-0.79918
-0.87605
-0.81771
-0.87706
-0.92125
-0.83563
-0.85587
-0.835
-0.81684
-0.84653
0
0
0
0
0
0
0
0
0
0
0
0
0
28.9393
0
0
0
0
0
0
0
0
0
0
0
0
0
0
0
0
0
0
0
0
0
0
0
0
0
0
0
0
0
0
0
0
0
0
0
0
0
0
0
0
0
0
0
0
0
0
0
0
0
0
0
0
0
0
0
0
0
0
0
-6.1696
0
0
0
0
0
0
0
0
0
0
0
0
0
0
0
0
0
-0.89678
-0.847
-0.87992
-0.86117
-0.8073
-0.91623
-0.81912
-0.85803
-0.8336
-0.79162
-0.88103
-0.79163
-0.80007
-0.86537
-0.85433
-0.79191
-0.79196
-0.7991
-0.87597
-0.81763
-0.87698
-0.92116
-0.83554
-0.8558
-0.83492
-0.81676
-0.84645
0
0
0
0
0
0
0
0
0
0
0
0
0
0
28.9366
0
0
0
0
0
0
0
0
0
0
0
0
0
0
0
0
0
0
0
0
0
0
0
0
0
0
0
0
0
0
0
0
0
0
0
0
0
0
0
0
0
0
0
0
0
0
0
0
0
0
0
0
0
0
0
0
0
0
0
0
0
0
0
0
0
0
0
0
0
0
-6.1692
0
0
0
0
0
-0.76979
-0.72765
-0.7591
-0.73891
-0.69011
-0.78893
-0.70185
-0.7404
-0.71645
-0.67594
-0.76164
-0.67594
-0.68043
-0.74514
-0.73329
-0.67234
-0.67239
-0.67956
-0.75547
-0.69814
-0.75357
-0.78658
-0.70908
-0.73161
-0.70858
-0.698
0
0
0
0
0
0
0
0
0
0
0
0
0
0
0
0
21.6696
0
0
0
0
0
0
0
0
0
0
0
0
0
0
0
0
0
0
0
0
0
0
0
0
0
0
0
0
0
0
0
0
0
0
0
0
0
0
0
0
0
0
0
0
0
0
0
0
0
-2.8987
0
0
0
0
0
0
0
0
0
0
0
0
0
0
0
0
0
0
0
0
0
0
0
0
0
-0.83606
-0.78859
-0.82248
-0.80216
-0.75015
-0.85475
-0.76071
-0.80154
-0.77494
-0.735
-0.82163
-0.73499
-0.74246
-0.80649
-0.79573
-0.73511
-0.73515
-0.74204
-0.8167
-0.75891
-0.81769
-0.86139
-0.77223
-0.79757
-0.77168
-0.75865
0
0
0
0
0
0
0
0
0
0
0
0
0
0
0
0
0
25.7907
0
0
0
0
0
0
0
0
0
0
0
0
0
0
0
0
0
0
0
0
0
0
0
0
0
0
0
0
0
0
0
0
0
0
0
0
0
0
0
0
0
0
0
0
0
0
0
0
0
0
0
-5.396
0
0
0
0
0
0
0
0
0
0
0
0
0
0
0
0
0
0
0
0
0
0
-0.81542
-0.77212
-0.80524
-0.78224
-0.73187
-0.83286
-0.74345
-0.78503
-0.75823
-0.71693
-0.8071
-0.71693
-0.7256
-0.79023
-0.78036
-0.71674
-0.71678
-0.7236
-0.80225
-0.74203
-0.79851
-0.84179
-0.75173
-0.7793
-0.75123
-0.74495
-0.76029
0
0
0
0
0
0
0
0
0
0
0
0
0
0
0
0
0
20.6928
0
0
0
0
0
0
0
0
0
0
0
0
0
0
0
0
0
0
0
0
0
0
0
0
0
0
0
0
0
0
0
0
0
0
0
0
0
0
0
0
0
0
0
0
0
0
0
0
0
0
0
0
0
0
0
0
0
0
0
0
0
0
0
0
0
0
0
0
0
0
0
0
0
-0.90456
-0.85721
-0.89306
-0.8712
-0.81888
-0.92339
-0.83276
-0.87446
-0.84808
-0.8036
-0.89761
-0.80361
-0.81404
-0.87953
-0.86724
-0.80426
-0.80432
-0.81105
-0.89127
-0.83092
-0.88813
0
-0.83766
0
-0.83711
0
0
0
0
0
0
0
0
0
0
0
0
0
0
0
0
0
0
0
0
24.6432
0
0
0
0
0
0
0
0
0
0
0
0
0
0
0
0
0
0
0
0
0
0
0
0
0
0
0
0
0
0
0
0
0
0
0
0
0
0
-5.0493
0
0
0
0
0
0
0
0
0
0
0
0
0
0
0
0
0
0
0
0
0
0
0
0
0
0
0
0
0
0
0
0
0
-0.96128
-0.91073
-0.94566
-0.92579
-0.87026
-0.98125
-0.88335
-0.92389
-0.89907
-0.85463
-0.94764
-0.85464
-0.86394
-0.9313
-0.9196
-0.85625
-0.85629
-0.86425
-0.94217
-0.88372
0
0
0
0
0
0
0
0
0
0
0
0
0
0
0
0
0
0
0
0
0
0
0
0
0
0
27.6209
0
0
0
0
0
0
0
0
0
0
0
0
0
0
0
0
0
0
0
0
0
0
0
0
0
0
0
-4.4205
0
0
0
0
0
0
0
0
0
0
0
0
0
0
0
0
0
0
0
0
0
0
0
0
0
0
0
0
0
0
-5.1247
0
0
0
0
0
0
0
0
0
0
0
0
-0.85371
-0.80768
-0.84356
-0.82118
-0.76977
-0.87138
-0.77382
-0.82415
-0.78138
-0.75434
-0.85062
-0.75434
-0.75493
-0.82904
-0.81609
-0.75436
-0.7544
-0.76271
-0.84136
-0.7713
-0.83997
0
0
0
0
0
0
0
0
0
0
0
0
0
0
0
0
0
0
0
0
0
0
0
0
0
0
19.2929
0
0
0
0
0
0
0
0
0
0
0
0
0
0
0
0
0
0
0
-2.4628
0
0
0
0
0
0
0
0
0
0
0
0
0
0
0
0
0
0
0
0
0
0
0
0
0
0
0
0
0
0
0
0
0
0
0
0
0
0
0
0
0
0
0
0
0
0
0
0
0
0
-0.86234
-0.8149
-0.85107
-0.82948
-0.77711
-0.88115
-0.78769
-0.83006
-0.8026
-0.76144
-0.84863
-0.76145
-0.76901
-0.83337
-0.82274
-0.762
-0.76205
-0.77031
-0.84537
-0.78995
0
0
0
0
0
0
0
0
0
0
0
0
0
0
0
0
0
0
0
0
0
0
0
0
0
0
0
0
21.0357
0
0
0
0
0
0
0
0
0
0
0
0
0
0
0
0
0
0
0
0
0
0
0
0
0
0
0
0
0
0
0
0
0
0
0
0
0
0
0
0
0
0
0
0
0
0
0
0
0
0
-4.873
0
0
0
0
0
0
0
0
0
0
0
0
0
0
0
0
0
0
-0.95023
-0.90526
-0.94099
-0.91646
-0.86317
-0.96851
-0.87612
-0.91992
-0.89145
-0.84713
-0.94258
-0.84714
-0.85691
-0.92431
-0.91465
-0.84685
-0.8469
-0.85515
-0.93867
-0.87468
-0.93368
0
0
0
0
0
0
0
0
0
0
0
0
0
0
0
0
0
0
0
0
0
0
0
0
0
0
0
0
18.8608
0
0
0
0
0
0
0
0
0
0
0
0
0
0
0
0
0
0
0
0
0
0
0
0
0
0
0
0
0
0
0
0
0
0
0
0
0
0
0
0
0
0
0
0
0
0
0
0
0
0
0
0
0
0
0
0
0
0
0
0
0
0
0
0
0
0
0
0
-0.80415
-0.75868
-0.76784
-0.7688
-0.71972
-0.83009
-0.73556
-0.75088
-0.74906
-0.71013
-0.78301
-0.71013
-0.71809
-0.77996
-0.77396
-0.71112
-0.71116
0
0
0
0
0
0
0
0
0
0
0
0
0
0
0
0
0
0
0
0
0
0
0
0
0
0
0
0
0
0
0
0
0
22.4431
0
0
0
0
0
0
0
0
0
0
0
-2.176
0
-2.9608
0
0
0
0
-2.0444
0
-2.4796
0
0
0
0
0
0
0
0
0
0
0
0
0
0
0
0
0
0
0
0
0
0
0
0
0
0
0
0
0
0
0
0
0
0
0
0
0
0
0
0
0
0
0
0
0
0
-0.88414
-0.83732
-0.87456
-0.85195
-0.79897
-0.90246
-0.80975
-0.85317
-0.82354
-0.78317
-0.87018
-0.78318
-0.79097
-0.85527
-0.84466
-0.78318
-0.78323
-0.79126
-0.86759
0
0
0
0
0
0
0
0
0
0
0
0
0
0
0
0
0
0
0
0
0
0
0
0
0
0
0
0
0
0
0
0
20.3576
0
0
0
0
0
0
0
0
0
0
0
0
0
0
0
0
0
0
0
0
0
0
0
0
0
0
0
0
0
0
0
0
0
0
0
0
0
0
0
0
0
0
0
0
0
-4.569
0
0
0
0
0
0
0
0
0
0
0
0
0
0
0
0
0
0
0
0
-0.84164
-0.80046
-0.84275
-0.80836
-0.75877
-0.8608
-0.77129
-0.82466
-0.78588
-0.74373
-0.8349
-0.74375
-0.75342
-0.81749
-0.81129
-0.74401
-0.74405
-0.75102
0
0
0
0
0
0
0
0
0
-0.77266
0
0
0
0
0
0
0
0
0
0
0
0
0
0
0
0
0
0
0
0
0
0
0
0
18.0888
0
0
0
0
0
0
0
0
0
0
0
0
0
0
0
-3.0779
0
0
0
0
0
0
0
0
0
0
0
0
0
0
0
0
0
0
0
0
0
0
0
0
0
0
0
0
0
0
0
0
0
0
0
0
0
0
0
0
0
0
0
0
0
0
0
0
0
-0.84447
-0.79835
-0.82944
-0.81128
-0.77072
-0.87615
-0.78364
-0.81751
-0.79829
-0.75612
-0.84378
-0.75613
-0.76583
-0.81787
-0.81819
-0.75716
-0.7572
-0.76649
0
0
0
0
0
0
0
0
0
0
0
0
0
0
0
0
0
0
0
0
0
0
0
0
0
0
0
0
0
0
0
0
0
0
0
21.8219
0
0
0
0
0
0
0
0
0
0
0
0
0
0
0
0
-3.3718
0
0
0
0
0
0
0
0
0
0
0
0
0
0
0
0
0
0
0
0
0
0
0
0
0
0
0
0
0
0
0
0
0
-4.0815
0
0
0
0
0
0
0
0
0
0
0
0
0
-0.86349
-0.81973
-0.84878
-0.82979
-0.78
-0.88411
-0.79323
-0.82988
-0.80813
-0.76492
-0.85748
-0.76493
-0.77513
-0.83839
-0.83107
-0.76578
-0.76583
0
0
0
0
0
0
0
0
0
0
0
0
0
0
0
0
0
0
0
0
0
0
0
0
0
0
0
0
0
0
0
0
0
0
0
0
0
18.3738
0
0
0
0
0
0
0
0
0
0
0
0
0
0
0
0
0
0
0
0
0
-3.4518
0
0
0
0
-1.1013
0
0
0
0
0
0
0
0
0
0
0
0
0
0
0
0
0
0
0
0
0
0
0
0
0
0
0
0
0
0
0
0
0
0
0
0
-0.98956
-0.94537
-0.98146
-0.9564
-0.90305
-1.0081
-0.9164
-0.96066
-0.93225
-0.88697
-0.98304
-0.88698
-0.89706
-0.96409
-0.95563
-0.88568
-0.88573
-0.89335
0
0
0
0
0
0
0
0
0
0
0
0
0
0
0
0
0
0
0
0
0
0
0
0
0
0
0
0
0
0
0
0
0
0
0
0
0
16.8317
0
0
0
0
0
0
0
0
0
0
0
0
0
0
0
0
0
0
0
0
0
0
0
0
0
0
0
0
0
0
0
0
0
0
0
0
0
0
0
0
0
0
0
0
0
0
0
0
0
0
0
0
0
0
0
0
0
0
0
0
0
0
-0.9157
-0.86791
-0.90607
-0.88413
-0.83154
-0.93412
-0.84456
-0.88559
-0.84507
-0.81524
-0.90346
-0.81526
-0.82563
-0.88906
-0.87615
-0.81495
-0.815
0
0
0
0
0
0
0
0
0
0
0
0
0
0
0
0
0
0
0
0
0
0
0
0
0
0
0
0
0
0
0
0
0
0
0
0
0
0
0
17.5566
0
0
0
0
0
0
0
0
0
0
0
0
0
0
0
0
-2.8871
0
0
0
0
0
0
0
0
0
0
0
0
0
0
0
0
0
0
0
0
0
0
0
0
0
0
0
0
0
0
0
0
0
0
0
0
0
0
0
0
0
0
0
0
-1.0512
-1.0057
-1.0434
-1.0175
-0.96245
-1.0702
-0.97631
-1.022
-0.99244
-0.94585
-1.0447
-0.94586
-0.95632
-1.0255
-1.016
-0.94537
-0.94542
-0.95367
0
0
0
0
0
0
0
0
0
0
0
0
0
0
0
0
0
0
0
0
0
0
0
0
0
0
0
0
0
0
0
0
0
0
0
0
0
0
0
17.92
0
0
0
0
0
0
0
0
0
0
0
0
0
0
0
0
0
0
0
0
0
0
0
0
0
0
0
0
0
0
0
0
0
0
0
0
0
0
0
0
0
0
0
0
0
0
0
0
0
0
0
0
0
0
0
0
0
0
0
0
-1.2729
-1.2305
-1.2713
-1.2435
-1.186
-1.293
-1.2014
-1.2489
-1.2181
-1.1677
0
-1.1677
-1.1784
0
-1.2411
0
0
0
0
0
0
0
0
0
0
0
0
0
0
0
0
0
0
0
0
0
0
0
0
0
0
0
0
0
0
0
0
0
0
0
0
0
0
0
0
0
0
0
15.9207
0
0
0
0
0
0
0
0
0
0
0
0
0
0
0
0
0
0
0
0
0
0
0
0
0
0
0
0
0
0
0
0
0
0
0
0
0
0
0
0
0
0
0
0
0
0
0
0
0
0
0
0
0
0
0
0
0
0
0
-1.181
-1.1398
-1.1704
-1.1472
-1.091
-1.2022
-1.1057
-1.1486
-1.1236
-1.0737
0
-1.0737
0
0
0
0
0
0
0
0
0
0
0
0
0
0
0
0
0
0
0
0
0
0
0
0
0
0
0
0
0
0
0
0
0
0
0
0
0
0
0
0
0
0
0
0
0
0
0
15.2594
0
0
0
0
0
0
0
0
0
0
0
0
0
0
0
0
0
0
0
0
0
0
0
0
0
0
0
0
-2.8027
0
0
0
0
0
0
0
0
0
0
0
0
0
0
0
0
0
0
0
0
0
0
0
0
0
0
0
0
0
-1.7705
-1.7616
-1.7882
-1.7623
-1.7053
0
0
0
0
0
0
0
0
0
0
0
0
0
0
0
0
0
0
0
0
0
0
-1.6744
0
0
0
0
0
0
0
0
0
0
0
0
0
0
0
0
0
0
0
0
0
0
0
0
0
0
0
0
0
0
0
0
13.3375
0
0
0
0
0
0
0
0
0
0
-2.8752
0
0
0
0
0
0
0
0
0
0
0
0
0
0
0
0
0
0
0
0
0
0
0
0
0
0
0
0
0
0
0
0
0
0
0
0
0
0
0
0
0
0
0
0
0
0
-1.9223
-1.9099
-1.9376
-1.9098
0
0
0
0
0
0
0
0
0
-1.9119
0
0
0
0
0
0
0
0
0
0
0
0
0
0
0
0
0
0
0
0
0
0
0
0
0
0
0
0
0
0
0
0
0
0
0
0
0
0
0
0
0
0
0
0
0
0
0
12.607
0
0
0
0
0
0
0
0
-3.0154
0
0
0
0
0
0
0
0
0
0
0
0
0
0
0
0
0
0
0
0
0
0
0
0
0
0
0
0
0
0
0
0
0
0
0
0
0
0
0
0
0
0
0
0
0
0
0
0
0
0
0
0
0
0
0
0
0
0
0
0
0
0
0
0
0
-2.3126
0
0
0
0
-2.2756
0
0
0
0
0
0
0
0
0
0
0
0
0
0
0
0
0
0
0
0
0
0
0
0
0
0
-2.176
0
0
0
0
0
0
0
0
0
0
0
12.5924
0
0
0
0
0
-3.3077
0
0
0
0
0
0
0
0
0
0
0
0
0
0
0
0
0
0
0
0
0
-2.5205
0
0
0
0
0
0
0
0
0
0
0
0
0
0
0
0
0
0
0
0
0
0
0
0
0
0
0
0
0
0
0
0
0
-2.0861
0
0
0
0
0
-2.0585
0
0
0
0
0
0
-2.0585
0
0
0
0
0
0
0
0
0
0
0
0
0
0
0
0
0
0
0
0
0
0
0
0
0
0
0
0
0
0
0
0
0
0
0
0
0
0
0
0
0
0
0
11.9463
0
0
0
-2.5087
0
0
0
0
0
0
0
-3.2345
0
0
0
0
0
0
0
0
0
0
0
0
0
0
0
0
0
0
0
0
0
0
0
0
0
0
0
0
0
0
0
0
0
0
0
0
0
0
0
0
0
0
0
0
0
0
0
0
0
0
0
0
0
0
0
0
0
0
0
0
0
0
0
0
0
0
0
0
0
0
0
0
0
0
0
0
0
0
0
0
0
0
0
0
0
0
0
0
0
0
0
0
-2.9608
0
0
0
0
0
0
0
0
0
0
0
0
0
15.6914
0
0
0
0
0
0
0
0
0
0
0
0
0
0
0
-4.1898
0
0
-4.4052
0
0
-4.1356
0
0
0
0
0
0
0
0
0
0
0
0
0
0
0
0
0
0
0
0
0
0
0
0
0
0
0
0
0
0
0
-2.5049
-2.5589
-2.5736
-2.549
0
0
0
0
0
0
0
0
0
0
0
0
0
0
0
0
0
0
0
0
0
0
0
0
0
0
0
0
0
0
0
0
0
0
0
0
0
0
0
0
0
0
0
0
0
0
0
0
0
0
0
0
0
0
0
0
0
0
0
0
0
10.1865
0
0
0
0
0
0
0
0
0
0
0
0
0
0
0
0
0
0
0
0
0
0
0
0
0
0
0
0
0
0
0
0
0
0
0
0
0
0
0
0
0
0
0
0
0
0
0
0
0
0
0
0
0
0
0
0
0
0
0
0
0
0
0
0
0
0
0
0
0
0
0
0
0
-2.3755
0
0
0
0
0
0
-2.5
0
0
0
0
0
0
0
0
0
0
0
0
0
0
0
0
0
0
0
0
0
0
0
0
0
0
0
0
0
0
0
0
0
0
0
0
0
13.4571
0
-4.192
0
0
0
0
0
0
0
0
-4.3896
0
0
0
0
0
0
0
0
0
0
0
0
0
0
0
0
0
0
0
0
0
0
0
0
0
0
0
0
0
0
0
0
0
0
0
0
0
0
0
0
0
0
0
0
0
0
0
0
-2.5817
0
0
0
0
0
0
0
0
0
0
0
0
0
0
0
0
0
0
0
0
0
0
0
0
0
0
0
0
0
0
0
0
0
0
0
0
0
0
-2.4628
0
0
0
0
0
0
0
0
0
0
0
0
0
0
0
-2.5087
0
0
0
10.9052
0
0
0
0
0
-3.352
0
0
0
0
0
0
0
0
0
0
0
0
0
0
0
0
0
0
0
0
0
0
0
0
0
0
0
0
0
0
0
0
0
0
0
0
0
0
0
0
0
0
0
0
0
0
0
0
0
0
0
0
0
0
0
0
0
0
0
0
0
0
0
0
0
0
0
0
0
0
0
0
0
0
0
0
0
0
0
0
0
0
0
0
0
0
0
0
0
0
0
0
0
0
0
0
-3.0779
0
0
0
0
0
0
0
0
0
-3.3077
0
0
0
-4.192
0
16.3588
0
0
0
0
0
0
0
0
0
0
0
0
0
0
0
0
0
0
0
0
0
0
0
0
0
0
0
-5.7812
0
0
0
0
0
0
0
0
0
0
0
0
0
0
0
0
0
0
0
0
0
0
0
0
0
0
0
0
0
0
0
-2.199
0
0
0
0
0
0
0
0
0
0
0
0
0
0
0
0
0
0
0
0
0
0
0
0
0
0
0
0
0
0
0
0
0
0
0
0
0
0
0
-2.0444
0
0
0
0
0
0
0
0
0
0
0
0
0
0
0
0
0
0
10.3428
0
0
-2.9917
-3.1077
0
0
0
0
0
0
0
0
0
0
0
0
0
0
0
0
0
0
0
0
0
0
0
0
0
0
0
0
0
0
0
0
0
0
0
0
0
0
0
0
0
0
0
0
0
0
0
0
0
0
0
0
0
0
0
0
0
0
0
0
0
0
0
0
0
0
0
0
0
0
0
0
0
0
0
0
0
0
0
0
0
0
0
0
0
0
0
0
0
0
0
0
0
0
0
0
0
-3.3718
0
0
0
0
0
0
0
-3.0154
0
0
0
0
0
0
0
0
14.4284
0
0
0
0
0
0
0
-4.0164
-4.0248
0
0
0
0
0
0
0
0
0
0
0
0
0
0
0
0
0
0
0
0
0
0
0
0
0
0
0
0
0
0
0
0
0
0
0
0
0
0
0
0
0
0
0
0
0
0
0
0
0
0
0
0
0
0
0
0
0
0
0
0
0
0
0
0
0
0
0
0
0
0
0
0
0
0
0
0
0
0
0
0
0
0
0
0
0
0
0
0
-2.4796
0
0
0
0
0
0
0
0
0
-2.8752
0
0
0
0
0
0
0
0
0
0
10.1191
0
0
0
0
0
0
0
0
0
0
0
0
0
0
0
0
0
0
0
0
0
0
0
0
0
0
-4.7643
0
0
0
0
0
0
0
0
0
0
0
0
0
0
0
0
0
0
0
0
0
0
0
0
0
0
0
0
0
0
0
0
0
0
0
0
0
0
0
0
0
0
0
0
0
0
0
0
0
0
0
-1.222
0
0
0
0
0
0
0
0
0
0
0
0
0
0
0
0
0
0
0
0
0
0
0
0
0
0
0
0
0
0
0
0
0
0
0
0
-2.9917
0
0
8.1126
0
0
0
0
0
0
0
0
0
0
0
0
0
0
0
0
0
0
0
0
0
0
0
0
0
0
0
0
0
0
-3.8989
0
0
0
0
0
0
0
0
0
0
0
0
0
0
0
0
0
0
0
0
0
0
0
0
0
0
0
0
0
0
0
0
0
0
0
0
0
0
0
0
0
0
0
0
0
0
0
0
0
0
0
0
0
0
0
0
0
0
0
0
0
0
0
0
0
0
0
0
0
0
-2.8871
0
0
0
0
0
0
0
0
0
0
-3.352
0
-3.1077
0
0
0
9.3468
0
0
0
0
0
0
0
0
0
0
0
0
0
0
0
0
0
0
0
0
0
0
0
0
0
0
0
0
0
0
0
0
0
0
0
0
0
0
0
0
0
0
0
0
0
0
0
0
0
0
0
0
0
0
0
0
0
0
0
0
0
0
0
0
0
0
0
0
0
0
0
0
0
0
0
0
0
0
0
0
0
-4.8984
0
0
0
0
0
0
0
0
-4.4205
0
0
0
0
0
0
0
0
0
0
0
0
0
0
0
0
0
0
0
0
0
0
0
0
0
0
0
15.4629
0
0
0
0
0
0
0
0
0
0
0
0
0
0
0
0
0
0
0
0
0
0
0
0
0
0
0
0
0
0
0
0
0
0
0
0
0
0
0
0
0
0
-6.144
0
0
0
0
0
0
0
0
0
0
0
0
0
0
0
0
0
0
0
0
0
0
0
0
0
-3.2683
0
0
0
0
0
0
0
0
0
0
0
0
0
0
0
0
0
0
0
0
0
0
0
0
0
0
0
0
0
0
0
0
0
0
0
0
0
-3.2345
0
0
0
0
0
0
0
0
0
0
0
7.125
0
0
0
0
0
0
0
0
0
0
0
0
0
0
0
0
0
0
0
0
0
0
0
0
0
0
0
0
0
0
0
-0.62219
0
0
0
0
0
0
0
0
0
0
0
0
0
0
0
0
0
0
0
0
0
0
0
0
0
0
0
0
0
0
0
0
0
0
0
0
0
0
0
0
0
0
-3.8684
0
0
0
0
0
0
0
0
0
0
0
0
0
0
0
0
0
0
0
0
0
-3.4518
0
0
0
0
0
0
0
0
0
0
0
0
0
0
0
0
0
0
0
0
0
12.2204
0
0
0
0
0
0
0
0
0
0
0
0
0
0
0
0
0
0
0
0
0
0
0
0
0
-4.9002
0
0
0
0
0
0
0
0
0
0
0
0
0
0
0
0
0
0
0
0
0
0
0
0
0
0
0
0
0
0
0
0
0
0
0
0
0
0
0
0
0
0
0
0
0
0
0
0
0
0
0
0
0
0
0
0
0
0
0
0
0
0
0
0
0
0
0
0
0
0
0
0
0
0
0
0
0
0
0
0
0
-4.3896
0
0
0
0
0
0
0
0
0
0
8.7978
0
0
0
0
0
-4.4081
0
0
0
0
0
0
0
0
0
0
0
0
0
0
0
0
0
0
0
0
0
0
0
0
0
0
0
0
0
0
0
0
0
0
0
0
0
0
0
0
0
0
0
0
0
0
0
0
0
0
0
0
0
0
0
0
0
0
0
0
0
0
0
0
0
0
0
0
0
0
0
0
0
0
0
0
0
0
0
0
0
0
0
0
0
0
0
0
0
0
0
0
0
0
0
0
0
0
0
0
0
0
0
0
-4.0164
0
0
0
0
0
0
0
8.1487
0
0
0
0
0
0
0
0
0
0
0
0
0
0
0
-4.1323
0
0
0
0
0
0
0
0
0
0
0
0
0
0
0
0
0
0
0
0
0
0
0
0
0
0
0
0
0
0
0
0
0
0
0
0
0
0
0
0
0
0
0
0
0
0
0
0
0
0
0
0
0
0
0
0
0
0
0
0
0
0
0
0
0
0
0
0
0
0
0
0
0
0
0
0
0
0
0
0
0
0
0
0
0
0
0
0
0
0
0
0
0
-4.0248
0
0
0
0
0
0
0
0
8.0753
0
0
0
0
0
0
0
0
0
-4.0505
0
0
0
0
0
0
0
0
0
0
0
0
0
0
0
0
0
0
0
0
0
0
0
0
0
0
0
0
0
0
0
0
0
0
0
-5.215
0
0
0
0
0
0
0
0
0
0
0
0
0
0
0
0
0
0
0
0
0
0
0
0
0
0
0
0
0
0
0
0
0
0
0
0
0
0
0
0
0
0
0
0
0
0
0
0
0
0
0
0
0
0
0
0
-4.1898
0
0
0
0
0
0
0
0
0
0
0
0
0
0
0
9.4048
0
0
0
0
0
0
0
0
0
0
0
0
0
0
0
0
0
0
0
0
0
0
0
0
0
0
0
0
0
0
0
0
0
0
0
0
0
0
0
0
0
0
0
0
0
0
0
0
0
0
0
0
0
0
0
0
0
0
0
0
0
0
0
0
0
0
0
0
0
0
0
0
0
0
0
0
0
0
0
0
0
0
0
0
0
0
0
0
0
0
0
-1.1013
0
0
0
0
0
0
0
0
0
0
0
0
0
0
0
0
0
0
0
0
0
0
0
0
0
0
6.0461
0
0
0
0
0
-4.9449
0
0
0
0
0
0
0
0
0
0
0
0
0
0
0
0
0
0
0
0
0
0
0
0
0
0
0
0
0
0
0
0
0
0
0
0
0
0
0
0
0
0
0
0
0
0
0
0
0
0
0
0
0
0
0
0
0
0
0
0
0
0
0
0
0
0
0
0
0
0
0
0
0
0
0
0
0
0
0
0
0
0
0
0
0
0
0
0
0
0
0
0
0
0
0
0
0
0
0
0
0
0
0
0
0
0
0
0
0
0
0
0
8.9915
0
0
0
0
0
-4.6309
0
0
0
-4.3606
0
0
0
0
0
0
0
0
0
0
0
0
0
0
0
0
0
0
0
0
0
0
0
0
0
0
0
0
0
0
0
0
0
0
0
0
0
0
0
0
0
0
0
0
0
0
0
0
0
0
0
0
0
0
0
0
0
0
0
0
0
0
0
0
0
0
0
0
0
0
0
0
0
0
0
0
0
0
0
0
0
0
0
0
0
0
0
0
0
-4.4052
0
0
0
0
0
0
0
0
0
0
0
0
-4.4081
0
0
0
0
0
8.8133
0
0
0
0
0
0
0
0
0
0
0
0
0
0
0
0
0
0
0
0
0
0
0
0
0
0
0
0
0
0
0
0
0
0
0
0
0
0
0
0
0
0
0
0
0
0
0
0
0
0
0
0
0
0
0
0
0
0
0
0
0
0
0
0
0
0
0
0
0
0
0
0
0
0
0
0
0
0
0
-5.0493
0
0
0
0
0
0
0
0
0
0
0
0
0
0
0
0
0
0
0
0
0
0
0
0
0
0
0
0
0
0
0
0
0
0
0
0
0
0
9.226
0
0
0
0
0
0
-4.1768
0
0
0
0
0
0
0
0
0
0
0
0
0
0
0
0
0
0
0
0
0
0
0
0
0
0
0
0
0
0
0
0
0
0
0
0
0
0
0
0
0
0
0
0
0
0
0
-5.1813
0
0
0
0
0
0
0
0
0
0
0
0
0
0
0
0
0
0
0
0
0
0
0
0
0
0
0
0
0
0
0
0
0
0
0
0
0
0
0
0
0
0
0
0
0
0
0
0
0
0
0
0
0
0
0
0
0
0
0
0
0
0
0
9.3711
0
0
0
0
0
-4.1897
0
0
0
0
0
0
0
0
0
0
0
0
0
0
0
0
0
0
0
0
0
0
0
0
0
0
0
0
-5.2563
0
0
0
0
0
0
0
0
0
0
0
0
0
0
0
0
0
0
0
0
0
0
0
0
0
0
0
0
0
0
0
0
0
0
0
0
0
0
0
0
0
0
0
0
0
0
0
0
0
0
0
0
0
0
0
0
0
0
0
0
0
-4.1356
0
0
0
0
0
0
0
0
0
0
0
0
0
0
0
0
0
0
0
0
0
9.392
0
0
0
0
0
0
0
0
0
0
0
0
0
0
0
0
0
0
0
0
0
0
0
0
0
0
0
0
0
0
0
0
0
0
0
0
0
0
0
0
0
0
0
0
0
0
0
0
0
0
0
0
0
0
0
0
0
0
0
0
0
0
0
0
0
0
0
0
0
0
0
0
0
0
0
0
0
0
0
0
0
0
0
0
0
0
0
0
0
0
0
0
0
0
0
0
0
0
0
0
0
0
0
0
0
0
0
0
0
0
0
0
-4.9449
0
0
0
0
0
9.6319
0
0
-4.6871
0
0
0
0
0
0
0
0
0
0
0
0
0
0
0
0
0
0
0
0
0
0
0
0
0
0
0
0
0
0
0
0
0
0
0
0
0
0
0
0
0
0
0
0
0
0
0
0
0
0
0
0
0
0
0
0
0
0
0
0
0
0
0
0
0
0
0
0
0
0
0
0
0
0
0
0
0
0
0
0
0
0
0
0
0
0
-2.8027
0
0
0
0
0
0
0
0
0
0
0
0
0
0
0
0
0
0
0
0
0
0
-4.6309
0
0
0
0
0
7.4335
0
0
0
0
0
0
0
0
0
0
0
0
0
0
0
0
0
0
0
0
0
0
0
0
0
0
0
0
0
0
0
0
0
0
0
0
0
0
0
0
0
0
0
0
0
0
0
0
0
0
0
0
0
0
0
0
0
0
0
0
0
0
0
0
0
0
0
-4.7614
0
0
0
0
0
0
0
0
0
0
0
0
0
0
0
0
0
0
0
0
0
0
0
0
0
0
0
0
0
0
0
0
0
0
0
0
0
0
0
0
-4.0505
0
0
0
0
0
0
0
0
0
8.8119
0
0
0
0
0
0
0
0
0
0
0
0
0
0
0
0
0
0
0
0
0
0
0
0
0
0
0
0
0
0
0
0
0
0
0
0
0
0
0
0
0
0
0
0
0
0
0
0
0
0
0
0
0
0
0
0
0
0
0
0
0
0
0
0
0
0
0
0
0
0
0
0
0
0
0
0
0
0
0
0
0
0
0
0
0
0
0
0
0
0
-2.5205
0
0
0
0
0
0
0
0
0
0
0
0
0
0
0
0
0
0
0
0
0
0
0
0
-4.6871
0
0
7.2076
0
0
0
0
0
0
0
0
0
0
0
0
0
0
0
0
0
0
0
0
0
0
0
0
0
0
0
0
0
0
0
0
0
0
0
0
0
0
0
0
0
0
0
0
0
0
0
0
0
0
0
0
0
0
0
0
0
0
0
0
0
0
0
0
0
0
0
0
0
0
0
0
0
0
0
0
0
0
0
0
0
0
0
0
0
0
0
0
0
0
0
0
0
0
0
0
0
0
0
0
0
0
0
0
0
0
0
0
0
0
0
-4.1768
-4.1897
0
0
0
0
0
8.3665
0
0
0
0
0
0
0
0
0
0
0
0
0
0
0
0
0
0
0
0
0
0
0
0
0
0
0
0
0
0
0
0
0
0
0
0
0
0
0
0
0
0
0
0
0
0
0
0
0
0
0
0
0
0
0
0
0
0
0
0
0
0
0
0
0
0
0
0
-2.8987
0
0
0
0
0
0
0
0
0
0
0
0
0
0
0
0
0
0
0
0
0
0
0
0
0
0
0
0
0
0
0
0
0
0
0
0
0
0
0
-4.3606
0
0
0
0
0
0
0
0
0
7.2593
0
0
0
0
0
0
0
0
0
0
0
0
0
0
0
0
0
0
0
0
0
0
0
0
0
0
-5.0501
0
0
0
0
0
0
0
0
0
0
0
0
-4.9725
0
0
0
0
0
0
0
0
0
0
0
0
0
0
0
0
0
0
0
0
0
0
0
0
0
0
0
0
0
0
0
0
0
0
0
0
0
0
0
0
0
0
0
0
0
0
0
0
0
0
0
0
0
0
0
0
0
0
0
0
0
0
0
0
0
0
0
0
0
0
0
0
0
0
0
0
0
0
10.0226
0
0
0
0
0
0
0
0
0
0
0
0
0
0
0
0
0
0
0
0
0
0
0
0
0
0
0
0
0
0
0
0
0
0
0
0
0
0
0
0
0
0
0
0
0
0
0
0
0
0
0
-4.7113
0
0
0
0
0
0
0
0
0
0
0
0
0
0
0
0
0
0
0
0
0
0
0
0
0
0
0
0
0
0
0
0
0
0
0
0
0
0
0
0
0
0
0
0
0
0
0
0
0
0
-4.1323
0
0
0
0
0
0
0
0
0
0
0
0
0
0
0
8.8436
0
0
0
0
0
0
0
0
0
0
0
0
0
0
0
0
0
0
0
0
0
0
0
0
0
0
0
0
0
0
0
0
0
0
0
0
0
0
0
0
0
0
0
0
0
0
0
0
0
0
0
0
0
0
0
0
0
0
0
0
0
0
0
0
0
0
-5.396
0
0
0
0
0
0
0
0
0
0
0
0
0
0
0
0
0
0
0
0
0
0
0
0
0
0
0
0
0
0
0
0
0
0
0
0
0
0
0
0
0
0
0
0
0
0
0
0
0
0
0
5.396
0
0
0
0
0
0
0
0
0
0
0
0
0
0
0
0
0
0
0
0
0
0
0
0
0
0
0
0
0
0
0
0
0
0
0
0
0
0
0
0
0
0
0
0
0
0
0
0
0
0
0
0
0
0
0
0
0
0
0
0
0
0
0
0
0
0
0
0
0
0
0
0
0
0
0
0
0
0
0
0
0
0
0
0
0
0
0
0
0
0
-5.7812
0
0
0
0
0
0
0
0
0
0
0
0
0
0
0
0
0
0
0
0
0
0
0
0
0
0
0
5.7812
0
0
0
0
0
0
0
0
0
0
0
0
0
0
0
0
0
0
0
0
0
0
0
0
0
0
0
0
0
0
0
0
0
0
0
0
0
0
0
0
0
0
0
0
0
0
0
0
0
0
0
0
0
0
0
0
0
0
0
0
0
0
0
0
0
0
0
0
0
0
0
0
-4.569
0
0
0
0
0
0
0
0
0
0
0
0
0
0
0
0
0
0
0
0
0
0
0
0
0
0
0
0
0
0
0
0
0
0
0
0
0
0
0
0
0
0
0
0
0
4.569
0
0
0
0
0
0
0
0
0
0
0
0
0
0
0
0
0
0
0
0
0
0
0
0
0
0
0
0
0
0
0
0
0
0
0
0
0
0
0
0
0
0
0
0
0
0
0
0
0
0
0
0
0
0
0
0
0
0
0
0
0
0
0
0
0
0
0
0
0
0
0
0
0
0
0
0
0
0
0
0
0
0
0
0
0
0
0
0
0
0
0
-4.7643
0
0
0
0
0
0
0
0
0
0
0
0
0
0
0
0
0
0
0
0
0
0
0
0
0
0
4.7643
0
0
0
0
0
0
0
0
0
0
0
0
0
0
0
0
0
0
0
0
0
0
0
0
0
0
0
0
0
0
0
0
0
0
0
0
0
0
0
0
0
0
0
0
0
0
0
0
0
0
0
0
0
0
0
0
0
0
0
0
0
0
0
0
0
0
0
-4.873
0
0
0
0
0
0
0
0
0
0
0
0
0
0
0
0
0
0
0
0
0
0
0
0
0
0
0
0
0
0
0
0
0
0
0
0
0
0
0
0
0
0
0
0
0
0
0
0
0
0
4.873
0
0
0
0
0
0
0
0
0
0
0
0
0
0
0
0
0
0
0
0
0
0
0
0
0
0
0
0
0
0
0
0
0
0
0
0
0
0
0
0
0
0
0
0
0
0
0
0
0
0
0
0
0
0
0
0
0
0
-6.1696
0
0
0
0
0
0
0
0
0
0
0
0
0
0
0
0
0
0
0
0
0
0
0
0
0
0
0
0
0
0
0
0
0
0
0
0
0
0
0
0
0
0
0
0
0
0
0
0
0
0
0
0
0
0
0
0
0
0
0
6.1696
0
0
0
0
0
0
0
0
0
0
0
0
0
0
0
0
0
0
0
0
0
0
0
0
0
0
0
0
0
0
0
0
0
0
0
0
0
0
0
0
0
0
0
0
0
-7.521
0
0
0
0
0
0
0
0
0
0
0
0
0
0
0
0
0
0
0
0
0
0
0
0
0
0
0
0
0
0
0
0
0
0
0
0
0
0
0
0
0
0
0
0
0
0
0
0
0
0
0
0
0
0
0
0
0
0
0
0
0
0
0
0
0
0
0
0
0
0
0
0
7.521
0
0
0
0
0
0
0
0
0
0
0
0
0
0
0
0
0
0
0
0
0
0
0
0
0
0
0
0
0
0
0
0
0
0
0
0
0
0
0
0
0
0
0
0
0
0
0
0
0
0
0
0
0
0
0
0
0
0
0
0
0
0
0
0
0
0
0
0
0
0
0
0
0
0
0
0
0
0
0
0
0
0
0
0
0
0
0
0
0
0
0
0
-4.9002
0
0
0
0
0
0
0
0
0
0
0
0
0
0
0
0
0
0
0
0
0
0
0
0
0
4.9002
0
0
0
0
0
0
0
0
0
0
0
0
0
0
0
0
0
0
0
0
0
0
0
0
0
0
0
0
0
0
0
0
0
0
0
0
0
0
0
0
0
0
0
0
0
0
0
0
0
0
0
0
0
0
0
0
0
0
0
0
0
0
0
0
0
0
0
0
0
0
0
0
0
0
0
0
0
0
0
0
0
0
0
0
0
0
0
-3.8989
0
0
0
0
0
0
0
0
0
0
0
0
0
0
0
0
0
0
0
0
0
0
0
0
0
0
0
0
0
0
3.8989
0
0
0
0
0
0
0
0
0
0
0
0
0
0
0
0
0
0
0
0
0
0
0
0
0
0
0
0
0
0
0
0
0
0
0
0
0
0
0
0
0
0
0
0
0
0
0
0
0
0
0
0
0
0
0
0
0
0
0
0
0
0
0
0
0
0
0
-4.0815
0
0
0
0
0
0
0
0
0
0
0
0
0
0
0
0
0
0
0
0
0
0
0
0
0
0
0
0
0
0
0
0
0
0
0
0
0
0
0
0
0
0
0
0
0
0
0
0
0
0
4.0815
0
0
0
0
0
0
0
0
0
0
0
0
0
0
0
0
0
0
0
0
0
0
0
0
0
0
0
0
0
0
0
0
0
0
0
0
0
0
0
0
0
0
0
0
0
0
0
0
0
0
0
0
0
0
0
0
0
0
0
-5.1247
0
0
0
0
0
0
0
0
0
0
0
0
0
0
0
0
0
0
0
0
0
0
0
0
0
0
0
0
0
0
0
0
0
0
0
0
0
0
0
0
0
0
0
0
0
0
0
0
0
0
0
0
0
0
0
0
0
0
5.1247
0
0
0
0
0
0
0
0
0
0
0
0
0
0
0
0
0
0
0
0
0
0
0
0
0
0
0
0
0
0
-7.4898
0
0
0
0
0
0
0
0
0
0
0
0
0
0
0
0
0
0
0
0
0
0
0
0
0
0
0
0
0
0
0
0
0
0
0
0
0
0
0
0
0
0
0
0
0
0
0
0
0
0
0
0
0
0
0
0
0
0
0
0
0
0
0
0
0
0
0
0
0
0
0
0
0
0
0
0
0
0
0
0
0
0
0
0
0
0
0
7.4898
0
0
0
0
0
0
0
0
0
0
0
0
0
0
0
0
0
0
0
0
0
0
0
0
0
0
0
0
0
0
0
0
0
0
0
0
0
0
0
0
0
0
0
0
0
0
0
0
0
0
0
0
0
0
0
0
0
0
0
0
0
0
0
0
0
0
0
0
0
0
0
0
0
0
0
0
0
0
0
0
0
0
0
0
0
0
-0.62219
0
0
0
0
0
0
0
0
0
0
0
0
0
0
0
0
0
0
0
0
0
0
0
0
0
0
0
0
0
0
0
0.62219
0
0
0
0
0
0
0
0
0
0
0
0
0
0
0
-8.7125
0
0
0
0
0
0
0
0
0
0
0
0
0
0
0
0
0
0
0
0
0
0
0
0
0
0
0
0
0
0
0
0
0
0
0
0
0
0
0
0
0
0
0
0
0
0
0
0
0
0
0
0
0
0
0
0
0
0
0
0
0
0
0
0
0
0
0
0
0
0
0
0
0
0
0
0
0
0
0
0
0
0
0
0
0
0
0
0
0
0
0
0
0
0
0
0
0
0
0
0
0
0
8.7125
0
0
0
0
0
0
0
0
0
0
0
0
0
0
0
0
0
0
0
0
0
0
0
0
0
0
0
0
0
0
-7.3641
0
0
0
0
0
0
0
0
0
0
0
0
0
0
0
0
0
0
0
0
0
0
0
0
0
0
0
0
0
0
0
0
0
0
0
0
0
0
0
0
0
0
0
0
0
0
0
0
0
0
0
0
0
0
0
0
0
0
0
0
0
0
0
0
0
0
0
0
0
0
0
0
0
0
0
0
0
0
0
0
0
0
0
0
0
0
0
7.3641
0
0
0
0
0
0
0
0
-8.4985
0
0
0
0
0
0
0
0
0
0
0
0
0
0
0
0
0
0
0
0
0
0
0
0
0
0
0
0
0
0
0
0
0
0
0
0
0
0
0
0
0
0
0
0
0
0
0
0
0
0
0
0
0
0
0
0
0
0
0
0
0
0
0
0
0
0
0
0
0
0
0
0
0
0
0
0
0
0
0
0
0
0
0
0
0
0
0
0
0
0
0
0
0
0
0
0
0
0
0
0
0
0
0
0
0
0
0
0
0
8.4985
0
0
0
0
0
0
0
0
0
0
0
0
0
0
0
0
0
0
0
0
0
0
0
0
0
0
0
0
0
0
0
0
0
0
0
0
0
0
0
-7.0343
0
0
0
0
0
0
0
0
0
0
0
0
0
0
0
0
0
0
0
0
0
0
0
0
0
0
0
0
0
0
0
0
0
0
0
0
0
0
0
0
0
0
0
0
0
0
0
0
0
0
0
0
0
0
0
0
0
0
0
0
0
0
0
0
0
0
0
0
0
0
0
0
0
0
0
0
0
0
7.0343
0
0
0
0
0
0
0
0
0
0
0
0
0
0
0
0
0
0
0
0
0
0
0
0
0
0
0
0
0
0
0
0
0
0
0
0
0
0
0
0
0
0
0
0
0
0
0
-6.1692
0
0
0
0
0
0
0
0
0
0
0
0
0
0
0
0
0
0
0
0
0
0
0
0
0
0
0
0
0
0
0
0
0
0
0
0
0
0
0
0
0
0
0
0
0
0
0
0
0
0
0
0
0
0
0
0
0
0
0
0
0
0
0
0
0
0
0
0
0
0
6.1692
0
0
0
0
0
0
0
0
0
0
0
0
0
0
0
-8.0922
0
0
0
0
0
0
0
0
0
0
0
0
0
0
0
0
0
0
0
0
0
0
0
0
0
0
0
0
0
0
0
0
0
0
0
0
0
0
0
0
0
0
0
0
0
0
0
0
0
0
0
0
0
0
0
0
0
0
0
0
0
0
0
0
0
0
0
0
0
0
0
0
0
0
0
0
0
0
0
0
0
0
0
0
0
0
0
0
0
0
0
0
0
0
0
0
0
0
0
0
0
0
8.0922
0
0
0
0
0
0
0
0
0
0
0
0
0
0
0
0
0
0
0
0
0
0
0
0
0
0
0
0
0
0
0
0
-7.521
0
0
0
0
0
0
0
0
0
0
0
0
0
0
0
0
0
0
0
0
0
0
0
0
0
0
0
0
0
0
0
0
0
0
0
0
0
0
0
0
0
0
0
0
0
0
0
0
0
0
0
0
0
0
0
0
0
0
0
0
0
0
0
0
0
0
0
0
0
0
0
0
0
0
0
0
0
0
0
0
0
0
0
0
0
7.521
0
0
0
0
0
0
0
0
0
0
0
0
0
0
0
0
-8.1708
0
0
0
0
0
0
0
0
0
0
0
0
0
0
0
0
0
0
0
0
0
0
0
0
0
0
0
0
0
0
0
0
0
0
0
0
0
0
0
0
0
0
0
0
0
0
0
0
0
0
0
0
0
0
0
0
0
0
0
0
0
0
0
0
0
0
0
0
0
0
0
0
0
0
0
0
0
0
0
0
0
0
0
0
0
0
0
0
0
0
0
0
0
0
0
0
0
0
0
0
0
8.1708
0
0
0
0
0
0
0
0
0
0
0
0
0
0
0
0
0
0
0
0
0
0
0
0
0
0
0
0
0
0
0
0
0
0
0
0
0
0
0
0
-6.2875
0
0
0
0
0
0
0
0
0
0
0
0
0
0
0
0
0
0
0
0
0
0
0
0
0
0
0
0
0
0
0
0
0
0
0
0
0
0
0
0
0
0
0
0
0
0
0
0
0
0
0
0
0
0
0
0
0
0
0
0
0
0
0
0
0
0
0
0
0
0
0
0
0
0
0
0
0
6.2875
0
0
0
0
0
0
0
0
0
0
0
0
0
0
0
0
0
0
0
0
0
0
0
0
0
0
0
0
0
0
0
0
0
0
0
0
0
0
0
0
0
0
0
0
0
0
0
0
0
0
0
0
0
0
0
0
0
0
0
0
0
0
0
0
0
0
0
0
0
0
0
0
0
0
0
-6.144
0
0
0
0
0
0
0
0
0
0
0
0
0
0
0
0
0
0
0
0
0
0
0
0
0
0
0
0
0
0
0
0
0
0
0
0
0
0
0
0
0
0
6.144
