61.9913
-0.69611
-0.73555
-0.71264
-0.67393
-0.82575
-0.68889
-0.7324
-0.7018
-0.66374
-0.77138
-0.66375
-0.67298
-0.75553
-0.7174
-0.66498
-0.66503
-0.6745
-0.76211
-0.69485
-0.74728
-0.80525
-0.7059
-0.73037
-0.70545
-0.69996
-0.71122
-0.70767
-0.85306
-0.78079
-0.75919
-0.75914
-0.8468
-0.7586
-0.72851
-0.73902
-0.73902
-0.80564
-0.89533
-0.84414
-0.89738
-0.89728
-0.7647
-0.83661
-0.81786
-0.90632
-0.96452
-0.85341
-0.86431
-0.95323
-0.80256
-0.88392
-0.84223
-0.84625
-0.86478
-0.99391
-0.91844
-1.0521
-1.2719
-1.1848
-1.7756
-1.9314
0
0
0
-2.5144
0
0
0
0
0
0
0
0
0
0
0
0
0
0
0
0
0
0
0
0
0
0
0
0
0
0
0
0
0
0
0
0
0
0
0
0
0
0
0
0
0
0
0
0
-8.5577
0
0
0
0
0
0
0
-0.69611
55.8343
-0.68588
-0.67819
-0.6335
-0.73371
-0.64662
-0.6878
-0.65891
-0.62253
-0.71128
-0.62253
-0.63091
-0.69016
-0.64486
-0.62343
-0.62348
-0.63267
-0.71037
-0.65185
-0.70344
-0.75276
-0.6634
-0.68742
-0.66295
-0.65618
-0.6685
-0.66534
-0.80164
-0.73667
-0.71559
-0.71554
-0.79375
-0.71509
-0.68606
-0.69633
-0.69632
-0.76006
-0.84217
-0.79912
-0.84674
-0.84665
-0.72208
-0.78836
-0.77381
-0.85799
-0.91306
-0.80651
-0.81604
-0.90741
-0.75641
-0.8363
-0.80038
-0.79934
-0.82027
-0.94887
-0.86976
-1.0058
-1.2288
-1.1428
-1.7669
-1.9189
0
0
0
-2.5701
0
0
0
0
0
0
0
0
0
0
0
0
0
0
0
0
0
0
0
0
0
0
0
0
0
0
0
-5.088
0
0
0
0
0
0
0
0
0
0
0
0
0
0
0
0
0
0
0
0
0
0
0
0
-0.73555
-0.68588
58.0147
-0.70368
-0.66223
-0.77432
-0.67613
-0.71455
-0.68938
-0.6516
-0.74633
-0.65161
-0.66026
-0.72442
-0.71264
-0.65279
-0.65284
-0.6628
-0.74573
-0.68214
-0.73511
-0.78479
-0.6939
-0.71918
-0.69344
-0.68587
-0.69917
-0.69293
-0.83295
-0.76899
-0.74749
-0.74743
-0.82813
-0.74694
-0.71718
-0.72764
-0.72764
-0.79226
-0.87333
-0.83305
-0.87965
-0.87955
-0.75345
-0.82232
-0.807
-0.89412
-0.9481
-0.84259
-0.85232
-0.94331
-0.76479
-0.87368
-0.84284
-0.8304
-0.84927
-0.98515
-0.90826
-1.0436
-1.2699
-1.1733
-1.7935
-1.9467
0
0
0
-2.5844
0
0
0
0
0
0
0
0
0
0
0
0
0
0
0
0
0
0
0
0
-5.2942
0
0
0
0
0
0
0
0
0
0
0
0
0
0
0
0
0
0
0
0
0
0
0
0
0
0
0
0
0
0
0
-0.71264
-0.67819
-0.70368
51.4722
-0.6404
-0.74996
-0.6549
-0.6905
-0.66769
-0.631
-0.72419
-0.631
-0.63955
-0.70732
-0.69117
-0.6328
-0.63284
-0.64228
-0.72424
-0.66234
-0.71416
-0.77155
-0.67374
-0.69709
-0.6733
-0.66753
-0.67879
-0.67577
-0.82356
-0.7473
-0.72612
-0.72608
-0.8079
-0.72555
-0.69617
-0.70653
-0.70653
-0.77168
-0.85793
-0.81052
-0.86169
-0.86159
-0.73397
-0.80267
-0.78458
-0.87287
-0.92897
-0.8208
-0.83141
-0.91936
-0.76716
-0.85173
-0.80889
-0.81301
-0.831
-0.96066
-0.88687
-1.0183
-1.2427
-1.1508
-1.7682
-1.9194
0
0
0
-2.561
0
0
0
0
0
0
0
0
0
0
0
0
0
0
0
0
0
0
0
0
0
0
0
0
0
0
0
0
0
0
0
0
0
0
0
0
0
0
0
0
0
0
0
0
0
0
0
0
0
0
0
0
-0.67393
-0.6335
-0.66223
-0.6404
43.9969
-0.69564
-0.60576
-0.64575
-0.61921
-0.58686
-0.67207
-0.58686
-0.59281
-0.65689
-0.64107
-0.58821
-0.58826
-0.59634
-0.6717
-0.61479
-0.66501
-0.71884
-0.62604
-0.64829
-0.6256
-0.61946
-0.63042
-0.62417
-0.76293
-0.6965
-0.67595
-0.6759
-0.75255
-0.6754
-0.6469
-0.65698
-0.65698
-0.71882
-0.79969
-0.75758
-0.80641
-0.80631
-0.68411
-0.74933
-0.7329
-0.81912
-0.87187
-0.7681
-0.77766
-0.86461
-0.7168
-0.79738
-0.75805
-0.77134
-0.7799
-0.90581
-0.83285
-0.96177
-1.1836
-1.0931
-1.7095
0
0
0
0
0
0
0
0
0
0
0
0
0
0
0
0
0
0
0
0
0
0
0
0
0
0
0
0
0
0
0
0
0
0
0
0
0
0
0
0
0
0
0
0
0
0
0
0
0
0
0
0
0
0
0
0
0
-0.82575
-0.73371
-0.77432
-0.74996
-0.69564
57.1707
-0.70682
-0.7501
-0.71992
-0.68106
-0.7922
-0.68107
-0.69049
-0.77965
-0.73602
-0.6825
-0.68256
-0.69192
-0.78165
-0.71244
-0.76548
-0.8262
-0.72352
-0.74883
-0.72307
-0.7186
-0.72876
-0.72916
-0.87499
-0.79892
-0.77721
-0.77716
-0.86783
-0.77652
-0.74598
-0.75662
-0.75663
-0.82425
-0.91511
-0.86281
-0.91756
-0.91748
-0.78451
-0.85601
-0.83595
-0.92581
-0.98523
-0.87174
-0.88384
-0.9722
-0.82942
-0.90296
-0.86208
-0.87897
-0.88614
-1.0131
-0.9376
-1.0718
-1.2928
-1.2067
0
0
0
0
0
0
0
0
0
0
0
0
0
0
0
0
0
0
0
0
0
0
0
0
0
0
0
0
0
0
0
0
0
0
0
0
0
0
0
0
0
0
0
0
0
0
0
0
-8.7733
0
0
0
0
0
0
0
0
0
-0.68889
-0.64662
-0.67613
-0.6549
-0.60576
-0.70682
45.0449
-0.65645
-0.62835
-0.59585
-0.68255
-0.59585
-0.5983
-0.66723
-0.65163
-0.5978
-0.59785
-0.60629
-0.68204
-0.62108
-0.67598
-0.73328
-0.63665
-0.65941
-0.63622
-0.62501
-0.64116
-0.64035
-0.77477
-0.70795
-0.68727
-0.68721
-0.76481
-0.68668
-0.658
-0.66814
-0.66815
-0.73133
-0.813
-0.7695
-0.81803
-0.81794
-0.69567
-0.75968
-0.74434
-0.83289
-0.88483
-0.77166
-0.78811
-0.87745
-0.73278
-0.808
-0.7704
-0.78415
-0.79304
-0.91907
-0.84591
-0.97552
-1.199
-1.1076
0
0
0
-2.0935
0
0
0
0
0
0
0
0
0
0
0
0
0
0
0
0
0
0
0
0
0
0
0
0
0
0
0
0
0
0
0
0
0
0
0
0
0
0
0
0
0
0
0
0
0
0
0
0
0
0
0
0
0
0
-0.7324
-0.6878
-0.71455
-0.6905
-0.64575
-0.7501
-0.65645
50.5705
-0.67007
-0.63273
-0.72318
-0.63273
-0.64074
-0.70793
-0.69368
-0.6344
-0.63446
-0.64419
-0.72608
-0.66312
-0.71583
-0.7687
-0.67523
-0.7004
-0.67478
-0.66678
-0.68014
-0.67795
-0.81649
-0.74909
-0.72791
-0.72786
-0.80749
-0.72735
-0.69796
-0.70832
-0.70833
-0.77212
-0.8519
-0.81276
-0.85792
-0.85783
-0.73507
-0.80157
-0.787
-0.87582
-0.9265
-0.8235
-0.83153
-0.92247
-0.74815
-0.85252
-0.82501
-0.81883
-0.83061
-0.96458
-0.88807
-1.0225
-1.2478
-1.1517
0
0
0
0
0
0
0
0
0
0
0
0
0
0
0
0
0
0
0
0
-5.2533
0
0
0
0
0
0
0
0
0
0
0
0
0
0
0
0
0
0
0
0
0
0
0
0
0
0
0
0
0
0
0
0
0
0
0
0
0
-0.7018
-0.65891
-0.68938
-0.66769
-0.61921
-0.71992
-0.62835
-0.67007
46.3425
-0.60777
-0.69673
-0.60778
-0.61309
-0.68026
-0.66443
-0.60975
-0.6098
-0.61899
-0.69542
-0.6352
-0.68968
-0.74949
-0.64996
-0.67322
-0.64951
-0.64239
-0.6546
-0.65384
-0.79002
-0.72223
-0.70136
-0.70132
-0.78038
-0.70076
-0.67173
-0.68198
-0.68198
-0.74601
-0.82722
-0.78444
-0.83229
-0.83219
-0.71003
-0.77367
-0.75893
-0.848
-0.90036
-0.77912
-0.80283
-0.8926
-0.74594
-0.82158
-0.78477
-0.79858
-0.80764
-0.93474
-0.84552
-0.99146
-1.2154
-1.1254
0
0
0
0
0
0
0
-2.5948
0
0
0
0
0
0
0
0
0
0
0
0
0
0
0
0
0
0
0
0
0
0
0
0
0
0
0
0
0
0
0
0
0
0
0
0
0
0
0
0
0
0
0
0
0
0
0
0
0
0
-0.66374
-0.62253
-0.6516
-0.631
-0.58686
-0.68106
-0.59585
-0.63273
-0.60777
41.4682
-0.65817
-0.55054
-0.5838
-0.64313
-0.62812
-0.57638
-0.57644
-0.5831
-0.65776
-0.60134
-0.65129
-0.70212
-0.61275
-0.63497
-0.61231
-0.60636
-0.61686
-0.61513
-0.74987
-0.68198
-0.6618
-0.66175
-0.73796
-0.66121
-0.63308
-0.64307
-0.64307
-0.70458
-0.78484
-0.74262
-0.791
-0.79091
-0.67029
-0.73446
-0.71825
-0.80413
-0.85653
-0.75298
-0.76229
-0.84885
-0.70781
-0.78188
-0.74327
-0.75705
-0.76511
-0.89002
-0.81684
-0.94545
-1.1656
-1.076
0
0
0
0
0
0
0
0
0
0
0
0
0
0
0
0
0
0
0
0
0
0
0
0
0
0
0
0
0
0
0
0
0
0
0
0
0
0
0
0
0
0
0
0
0
0
0
0
0
0
0
0
0
0
0
0
0
0
-0.77138
-0.71128
-0.74633
-0.72419
-0.67207
-0.7922
-0.68255
-0.72318
-0.69673
-0.65817
54.6098
-0.65817
-0.66569
-0.72779
-0.71465
-0.65691
-0.65696
-0.66637
-0.7442
-0.6858
-0.73872
-0.78816
-0.69738
-0.7213
-0.69692
-0.68701
-0.70245
-0.70199
-0.83681
-0.77201
-0.75063
-0.75059
-0.83038
-0.74997
-0.72031
-0.73079
-0.73079
-0.79674
-0.87688
-0.83563
-0.88145
-0.88137
-0.75688
-0.82205
-0.80962
-0.89942
-0.95076
-0.85064
-0.85057
-0.94567
-0.78119
-0.86991
-0.83557
-0.84581
-0.85889
-0.98751
-0.9061
-1.0457
0
0
0
0
0
0
0
0
0
0
0
-2.209
0
0
0
0
0
0
0
0
0
0
0
0
0
0
0
0
0
0
0
0
0
0
0
0
0
0
0
0
0
0
0
0
0
0
0
0
0
0
0
0
0
0
0
-8.1516
0
0
0
0
-0.66375
-0.62253
-0.65161
-0.631
-0.58686
-0.68107
-0.59585
-0.63273
-0.60778
-0.55054
-0.65817
41.4685
-0.5838
-0.64312
-0.62812
-0.57639
-0.57644
-0.5831
-0.65776
-0.60135
-0.65129
-0.70213
-0.61276
-0.63497
-0.61232
-0.60636
-0.61686
-0.61514
-0.74988
-0.68199
-0.6618
-0.66175
-0.73796
-0.66121
-0.63309
-0.64307
-0.64307
-0.70458
-0.78484
-0.74262
-0.79101
-0.79093
-0.67029
-0.73445
-0.71825
-0.80414
-0.85653
-0.75298
-0.7623
-0.84886
-0.70782
-0.78189
-0.74329
-0.75706
-0.76511
-0.89003
-0.81686
-0.94546
-1.1656
-1.076
0
0
0
0
0
0
0
0
0
0
0
0
0
0
0
0
0
0
0
0
0
0
0
0
0
0
0
0
0
0
0
0
0
0
0
0
0
0
0
0
0
0
0
0
0
0
0
0
0
0
0
0
0
0
0
0
0
0
-0.67298
-0.63091
-0.66026
-0.63955
-0.59281
-0.69049
-0.5983
-0.64074
-0.61309
-0.5838
-0.66569
-0.5838
42.9308
-0.65059
-0.6349
-0.58402
-0.58407
-0.59123
-0.66455
-0.60548
-0.65934
-0.71151
-0.62064
-0.64275
-0.6202
-0.60875
-0.62494
-0.62393
-0.75807
-0.69055
-0.67019
-0.67014
-0.74497
-0.66958
-0.64123
-0.65125
-0.65126
-0.71374
-0.79385
-0.75129
-0.79911
-0.79903
-0.67433
-0.74158
-0.72665
-0.81432
-0.86554
-0.75292
-0.7696
-0.85837
-0.71552
-0.78939
-0.75271
-0.76651
-0.77511
-0.89986
-0.82713
-0.95567
-1.176
0
0
0
0
-2.066
0
0
0
0
0
0
0
0
0
0
0
0
0
0
0
0
0
0
0
0
0
0
0
0
0
0
0
0
0
0
0
0
0
0
0
0
0
0
0
0
0
0
0
0
0
0
0
0
0
0
0
0
0
0
-0.75553
-0.69016
-0.72442
-0.70732
-0.65689
-0.77965
-0.66723
-0.70793
-0.68026
-0.64313
-0.72779
-0.64312
-0.65059
53.4736
-0.69908
-0.64191
-0.64197
-0.65087
-0.72842
-0.67013
-0.72234
-0.7705
-0.68163
-0.70551
-0.68119
-0.67342
-0.68653
-0.68788
-0.81727
-0.75514
-0.73394
-0.73389
-0.8124
-0.7333
-0.70387
-0.71425
-0.71426
-0.77975
-0.86154
-0.81813
-0.8653
-0.8652
-0.73991
-0.80644
-0.79222
-0.8808
-0.93387
-0.8283
-0.83474
-0.9268
-0.77796
-0.85448
-0.81763
-0.81911
-0.83918
-0.96793
-0.89128
-1.0259
0
0
0
-1.9206
0
0
0
0
0
0
0
0
0
0
0
0
0
0
0
0
0
0
0
0
0
0
0
0
0
0
0
0
0
0
0
0
0
0
0
0
0
0
0
0
0
0
0
0
0
0
0
0
0
0
0
0
0
-8.2329
0
0
-0.7174
-0.64486
-0.71264
-0.69117
-0.64107
-0.73602
-0.65163
-0.69368
-0.66443
-0.62812
-0.71465
-0.62812
-0.6349
-0.69908
48.8026
-0.62905
-0.62909
-0.63827
-0.71527
-0.65743
-0.70989
-0.76717
-0.66952
-0.6944
-0.66907
-0.66218
-0.67461
-0.67333
-0.8146
-0.74318
-0.72215
-0.7221
-0.79997
-0.72155
-0.69241
-0.70274
-0.70274
-0.76718
-0.84711
-0.80643
-0.85281
-0.85273
-0.72648
-0.79428
-0.7809
-0.86683
-0.92065
-0.81376
-0.82268
-0.91563
-0.77078
-0.84243
-0.81011
-0.81826
-0.83048
-0.95797
-0.8768
-1.0149
-1.2381
0
0
0
0
0
0
0
0
0
0
0
0
0
0
0
0
0
0
0
0
0
0
0
0
0
0
0
0
0
0
0
0
0
0
-5.0068
0
0
0
0
0
0
0
0
0
0
0
0
0
0
0
0
0
0
0
0
0
0
0
0
-0.66498
-0.62343
-0.65279
-0.6328
-0.58821
-0.6825
-0.5978
-0.6344
-0.60975
-0.57638
-0.65691
-0.57639
-0.58402
-0.64191
-0.62905
39.1891
-0.54858
-0.57903
-0.65689
-0.59828
-0.64887
-0.70025
-0.61095
-0.6328
-0.61051
-0.60434
-0.61508
-0.61326
-0.7492
-0.68006
-0.6601
-0.66004
-0.74899
-0.65939
-0.63187
-0.64191
-0.64191
-0.70483
-0.78418
-0.74156
-0.78999
-0.78991
-0.66539
-0.73332
-0.71686
-0.80353
-0.85682
-0.75176
-0.76162
-0.84728
-0.70761
-0.78065
-0.74232
-0.75686
-0.76474
-0.88739
-0.81524
-0.94364
0
0
0
0
0
0
0
0
0
0
0
0
0
0
0
0
0
0
0
0
0
0
0
0
0
0
0
0
0
0
0
0
0
0
0
0
0
0
0
0
0
0
0
0
0
0
0
0
0
0
0
0
0
0
0
0
0
0
0
0
-0.66503
-0.62348
-0.65284
-0.63284
-0.58826
-0.68256
-0.59785
-0.63446
-0.6098
-0.57644
-0.65696
-0.57644
-0.58407
-0.64197
-0.62909
-0.54858
39.192
-0.57908
-0.65693
-0.59833
-0.64892
-0.70029
-0.611
-0.63285
-0.61056
-0.60439
-0.61512
-0.61331
-0.74925
-0.68011
-0.66014
-0.66009
-0.74903
-0.65944
-0.63192
-0.64196
-0.64196
-0.70488
-0.78424
-0.74161
-0.79005
-0.78996
-0.66545
-0.73337
-0.71691
-0.80359
-0.85687
-0.75181
-0.76168
-0.84734
-0.70766
-0.7807
-0.74237
-0.7569
-0.7648
-0.88745
-0.8153
-0.94369
0
0
0
0
0
0
0
0
0
0
0
0
0
0
0
0
0
0
0
0
0
0
0
0
0
0
0
0
0
0
0
0
0
0
0
0
0
0
0
0
0
0
0
0
0
0
0
0
0
0
0
0
0
0
0
0
0
0
0
0
-0.6745
-0.63267
-0.6628
-0.64228
-0.59634
-0.69192
-0.60629
-0.64419
-0.61899
-0.5831
-0.66637
-0.5831
-0.59123
-0.65087
-0.63827
-0.57903
-0.57908
37.3883
-0.66379
-0.60842
-0.66003
-0.70735
-0.62041
-0.64367
-0.61996
-0.61454
-0.62392
-0.62233
-0.75595
-0.68878
-0.6688
-0.66876
-0.75146
-0.66797
-0.63989
-0.65002
-0.65002
-0.71226
-0.79285
-0.75011
-0.79872
-0.79863
-0.67406
-0.74172
-0.72517
-0.81182
-0.86642
-0.7617
-0.7715
-0.85712
0
-0.79032
-0.75083
-0.7678
0
-0.89664
0
-0.95352
0
0
0
0
0
0
0
0
0
0
0
0
0
0
0
0
0
0
0
0
0
0
0
0
0
0
0
0
0
0
0
0
0
0
0
0
0
0
0
0
0
0
0
0
0
0
0
0
0
0
0
0
0
0
0
0
0
0
0
0
-0.76211
-0.71037
-0.74573
-0.72424
-0.6717
-0.78165
-0.68204
-0.72608
-0.69542
-0.65776
-0.7442
-0.65776
-0.66455
-0.72842
-0.71527
-0.65689
-0.65693
-0.66379
47.6622
-0.68026
-0.73376
-0.80248
-0.69282
-0.70939
-0.69236
-0.68469
-0.69752
-0.69717
-0.82598
-0.76618
-0.74511
-0.74506
-0.8255
-0.74438
-0.7147
-0.72522
-0.72522
-0.78928
-0.87236
-0.82994
-0.87568
-0.8756
-0.74992
-0.81643
-0.80408
-0.89238
-0.94451
-0.84049
-0.84664
-0.94103
0
-0.86669
0
0
0
0
0
0
0
0
0
0
-2.3238
0
0
0
0
0
0
0
0
0
0
0
0
0
0
0
0
0
0
0
0
0
0
0
0
0
0
0
0
0
0
0
0
0
0
0
0
0
0
0
0
0
0
0
-7.5406
0
0
0
0
0
0
0
0
0
0
0
-0.69485
-0.65185
-0.68214
-0.66234
-0.61479
-0.71244
-0.62108
-0.66312
-0.6352
-0.60134
-0.6858
-0.60135
-0.60548
-0.67013
-0.65743
-0.59828
-0.59833
-0.60842
-0.68026
36.1622
-0.68228
-0.72401
-0.6386
-0.66458
-0.63815
-0.62793
-0.64117
-0.64176
-0.77498
-0.7063
-0.68639
-0.68634
-0.7668
-0.6853
-0.65672
-0.6671
-0.66711
-0.72877
-0.81321
-0.76837
-0.81726
-0.81718
-0.69274
-0.75856
-0.74368
-0.8318
-0.88596
-0.76996
-0.79139
-0.8768
0
0
0
0
0
0
0
0
0
0
0
0
0
-2.0664
0
0
0
0
0
0
0
0
0
0
0
0
0
0
0
0
0
0
0
0
0
0
0
0
0
0
0
0
0
0
0
0
0
0
0
0
0
0
0
0
0
0
0
0
0
0
0
0
0
0
0
0
0
0
-0.74728
-0.70344
-0.73511
-0.71416
-0.66501
-0.76548
-0.67598
-0.71583
-0.68968
-0.65129
-0.73872
-0.65129
-0.65934
-0.72234
-0.70989
-0.64887
-0.64892
-0.66003
-0.73376
-0.68228
34.9478
-0.77496
-0.6879
-0.72553
-0.68743
-0.68965
-0.69031
-0.70629
-0.82132
-0.7628
-0.74113
-0.74108
-0.82225
-0.73912
-0.70956
-0.72046
-0.72046
-0.79183
-0.88446
-0.82508
-0.87717
-0.87709
-0.74854
-0.81786
-0.80075
-0.88964
0
-0.83981
0
-0.93661
0
0
0
0
0
0
0
0
0
0
0
0
0
0
0
0
0
0
0
0
0
0
0
0
0
0
0
0
0
0
0
0
0
0
0
0
0
0
0
0
0
0
0
0
0
0
0
0
0
0
0
0
0
0
0
0
0
0
0
0
0
0
0
0
0
0
0
0
-0.80525
-0.75276
-0.78479
-0.77155
-0.71884
-0.8262
-0.73328
-0.7687
-0.74949
-0.70212
-0.78816
-0.70213
-0.71151
-0.7705
-0.76717
-0.70025
-0.70029
-0.70735
-0.80248
-0.72401
-0.77496
49.3068
-0.73218
-0.75597
-0.73172
-0.72609
-0.73653
-0.72814
-0.85597
-0.80662
-0.78506
-0.785
-0.85564
-0.78357
-0.75381
-0.76449
-0.76449
-0.83931
-0.9009
-0.87048
-0.92337
-0.92327
-0.78303
-0.86349
-0.84584
0
0
0
0
0
0
0
0
0
0
0
0
0
0
0
0
0
0
0
0
0
-2.3915
0
0
0
0
0
0
0
0
0
0
0
0
0
0
0
0
0
0
-5.2271
0
0
0
0
0
0
0
0
0
0
0
0
0
0
0
0
0
0
0
0
0
0
0
-7.4114
0
0
0
0
0
0
0
0
-0.7059
-0.6634
-0.6939
-0.67374
-0.62604
-0.72352
-0.63665
-0.67523
-0.64996
-0.61275
-0.69738
-0.61276
-0.62064
-0.68163
-0.66952
-0.61095
-0.611
-0.62041
-0.69282
-0.6386
-0.6879
-0.73218
31.2319
-0.66777
-0.61252
-0.63121
-0.64447
-0.65301
-0.78367
-0.71685
-0.69608
-0.69601
-0.78395
-0.69387
-0.66596
-0.67702
-0.67703
-0.75229
-0.81092
-0.77983
-0.83846
-0.83837
-0.70578
-0.77397
-0.75548
-0.84055
0
0
0
0
0
0
0
0
0
0
0
0
0
0
0
0
0
0
0
0
0
0
0
0
0
0
0
0
0
0
0
0
0
0
0
0
0
0
0
0
0
0
0
0
0
0
0
0
0
0
0
0
0
0
0
0
0
0
0
0
0
0
0
0
0
0
0
0
0
0
0
0
-0.73037
-0.68742
-0.71918
-0.69709
-0.64829
-0.74883
-0.65941
-0.7004
-0.67322
-0.63497
-0.7213
-0.63497
-0.64275
-0.70551
-0.6944
-0.6328
-0.63285
-0.64367
-0.70939
-0.66458
-0.72553
-0.75597
-0.66777
33.7636
-0.66734
-0.66209
-0.66788
-0.68908
-0.80421
-0.74103
-0.72029
-0.72023
-0.80972
-0.71786
-0.68992
-0.70054
-0.70054
-0.76814
-0.87331
-0.80312
-0.85464
-0.85456
-0.7256
-0.79649
-0.78045
0
0
0
0
0
0
0
0
0
0
0
0
0
0
0
0
0
-2.2859
0
0
0
0
0
0
0
0
0
0
0
0
0
0
0
0
0
0
0
0
0
0
0
0
0
0
0
0
0
0
0
0
0
0
0
0
0
0
0
0
0
0
0
0
0
0
0
0
0
0
0
0
0
0
0
-0.70545
-0.66295
-0.69344
-0.6733
-0.6256
-0.72307
-0.63622
-0.67478
-0.64951
-0.61231
-0.69692
-0.61232
-0.6202
-0.68119
-0.66907
-0.61051
-0.61056
-0.61996
-0.69236
-0.63815
-0.68743
-0.73172
-0.61252
-0.66734
31.211
-0.63078
-0.64395
-0.65265
-0.78322
-0.71632
-0.69556
-0.69551
-0.78354
-0.69334
-0.66547
-0.67653
-0.67652
-0.75165
-0.81069
-0.77928
-0.8378
-0.83771
-0.70525
-0.77339
-0.75495
-0.83997
0
0
0
0
0
0
0
0
0
0
0
0
0
0
0
0
0
0
0
0
0
0
0
0
0
0
0
0
0
0
0
0
0
0
0
0
0
0
0
0
0
0
0
0
0
0
0
0
0
0
0
0
0
0
0
0
0
0
0
0
0
0
0
0
0
0
0
0
0
0
0
0
-0.69996
-0.65618
-0.68587
-0.66753
-0.61946
-0.7186
-0.62501
-0.66678
-0.64239
-0.60636
-0.68701
-0.60636
-0.60875
-0.67342
-0.66218
-0.60434
-0.60439
-0.61454
-0.68469
-0.62793
-0.68965
-0.72609
-0.63121
-0.66209
-0.63078
33.3723
-0.63614
-0.65034
-0.78083
-0.70602
-0.68626
-0.68621
-0.77864
-0.6838
-0.6574
-0.66771
-0.66772
-0.73335
-0.84038
-0.76762
-0.81471
-0.81463
-0.69162
-0.75684
-0.74557
0
0
0
0
0
0
0
0
0
0
0
0
0
0
0
0
0
0
0
0
0
0
0
0
0
0
0
0
0
0
-3.3049
0
0
0
0
0
0
0
0
0
0
0
0
0
0
0
0
0
0
0
0
0
0
0
0
0
0
0
0
0
0
0
0
0
0
0
0
0
0
0
0
0
0
-0.71122
-0.6685
-0.69917
-0.67879
-0.63042
-0.72876
-0.64116
-0.68014
-0.6546
-0.61686
-0.70245
-0.61686
-0.62494
-0.68653
-0.67461
-0.61508
-0.61512
-0.62392
-0.69752
-0.64117
-0.69031
-0.73653
-0.64447
-0.66788
-0.64395
-0.63614
29.1015
-0.64947
-0.78424
-0.72479
-0.70327
-0.70319
-0.77424
-0.70028
-0.6729
-0.68324
-0.68324
-0.7592
-0.8056
-0.7808
-0.8445
-0.84439
0
0
-0.76107
0
0
0
0
0
0
0
0
0
0
0
0
0
0
0
0
0
0
0
0
0
0
0
0
0
0
0
0
0
0
0
0
0
0
0
0
0
0
0
0
0
0
0
0
0
0
0
0
0
0
0
0
0
0
0
0
0
0
0
0
0
0
0
0
0
0
0
0
0
0
0
0
0
-0.70767
-0.66534
-0.69293
-0.67577
-0.62417
-0.72916
-0.64035
-0.67795
-0.65384
-0.61513
-0.70199
-0.61514
-0.62393
-0.68788
-0.67333
-0.61326
-0.61331
-0.62233
-0.69717
-0.64176
-0.70629
-0.72814
-0.65301
-0.68908
-0.65265
-0.65034
-0.64947
32.959
-0.78255
-0.70814
-0.69277
-0.69272
-0.76943
-0.6914
-0.66559
-0.67558
-0.67558
-0.7335
0
-0.77346
0
0
0
0
0
0
0
0
0
0
0
0
-0.7722
0
0
0
0
0
0
0
-1.6782
0
0
0
0
0
0
0
0
0
0
0
0
0
0
0
0
0
0
0
0
0
0
0
0
0
0
0
0
0
0
0
0
0
-4.7465
0
0
0
0
0
0
0
0
0
0
0
0
0
0
0
0
0
0
0
0
0
0
0
-0.85306
-0.80164
-0.83295
-0.82356
-0.76293
-0.87499
-0.77477
-0.81649
-0.79002
-0.74987
-0.83681
-0.74988
-0.75807
-0.81727
-0.8146
-0.7492
-0.74925
-0.75595
-0.82598
-0.77498
-0.82132
-0.85597
-0.78367
-0.80421
-0.78322
-0.78083
-0.78424
-0.78255
46.6138
-0.84943
-0.82879
-0.82874
-0.9002
-0.82718
-0.79791
-0.8088
-0.8088
0
0
0
0
0
0
0
0
0
0
0
0
0
0
0
0
0
0
0
0
0
0
0
0
0
0
0
0
0
-2.5165
0
0
0
0
0
0
0
0
0
0
0
0
0
0
0
0
0
0
0
0
0
0
0
0
0
0
0
0
0
0
0
0
0
0
-7.5696
0
0
0
0
0
0
0
0
0
0
0
0
-7.5696
0
0
0
-0.78079
-0.73667
-0.76899
-0.7473
-0.6965
-0.79892
-0.70795
-0.74909
-0.72223
-0.68198
-0.77201
-0.68199
-0.69055
-0.75514
-0.74318
-0.68006
-0.68011
-0.68878
-0.76618
-0.7063
-0.7628
-0.80662
-0.71685
-0.74103
-0.71632
-0.70602
-0.72479
-0.70814
-0.84943
28.473
-0.79925
-0.79917
-0.83503
-0.7877
-0.74896
-0.76062
-0.76062
-0.82701
0
-0.86793
0
0
0
0
0
0
0
0
0
0
0
0
0
0
0
0
0
0
0
0
0
0
0
0
0
0
0
0
0
0
0
0
0
0
0
0
0
0
0
0
0
0
0
0
0
0
0
0
0
0
0
0
0
0
0
0
0
0
0
0
0
0
0
0
0
0
0
0
0
0
0
0
0
0
0
0
0
0
-0.75919
-0.71559
-0.74749
-0.72612
-0.67595
-0.77721
-0.68727
-0.72791
-0.70136
-0.6618
-0.75063
-0.6618
-0.67019
-0.73394
-0.72215
-0.6601
-0.66014
-0.6688
-0.74511
-0.68639
-0.74113
-0.78506
-0.69608
-0.72029
-0.69556
-0.68626
-0.70327
-0.69277
-0.82879
-0.79925
26.8054
-0.75626
-0.82247
-0.75305
-0.71779
-0.73006
-0.73007
-0.80815
0
0
0
0
0
0
0
0
0
0
0
0
0
0
0
0
0
0
0
0
0
0
0
0
0
0
0
0
0
0
0
0
0
0
0
0
0
0
0
0
0
0
0
0
0
0
0
0
0
0
0
0
0
0
0
0
0
0
0
0
0
0
0
0
0
0
0
0
0
0
0
0
0
0
0
0
0
0
0
0
-0.75914
-0.71554
-0.74743
-0.72608
-0.6759
-0.77716
-0.68721
-0.72786
-0.70132
-0.66175
-0.75059
-0.66175
-0.67014
-0.73389
-0.7221
-0.66004
-0.66009
-0.66876
-0.74506
-0.68634
-0.74108
-0.785
-0.69601
-0.72023
-0.69551
-0.68621
-0.70319
-0.69272
-0.82874
-0.79917
-0.75626
26.8035
-0.82243
-0.75299
-0.71773
-0.73001
-0.73001
-0.80804
0
0
0
0
0
0
0
0
0
0
0
0
0
0
0
0
0
0
0
0
0
0
0
0
0
0
0
0
0
0
0
0
0
0
0
0
0
0
0
0
0
0
0
0
0
0
0
0
0
0
0
0
0
0
0
0
0
0
0
0
0
0
0
0
0
0
0
0
0
0
0
0
0
0
0
0
0
0
0
0
-0.8468
-0.79375
-0.82813
-0.8079
-0.75255
-0.86783
-0.76481
-0.80749
-0.78038
-0.73796
-0.83038
-0.73796
-0.74497
-0.8124
-0.79997
-0.74899
-0.74903
-0.75146
-0.8255
-0.7668
-0.82225
-0.85564
-0.78395
-0.80972
-0.78354
-0.77864
-0.77424
-0.76943
-0.9002
-0.83503
-0.82247
-0.82243
38.5398
-0.81875
0
0
0
0
0
0
0
0
0
0
0
0
0
0
0
0
0
0
0
0
0
0
0
0
0
0
0
0
0
0
0
0
0
0
0
0
0
0
-1.233
0
0
0
-3.8966
0
0
0
0
0
0
0
0
0
0
0
0
0
0
0
0
0
0
0
0
0
0
0
0
0
0
0
0
0
0
0
0
0
0
-7.0789
0
0
0
0
0
0
-0.7586
-0.71509
-0.74694
-0.72555
-0.6754
-0.77652
-0.68668
-0.72735
-0.70076
-0.66121
-0.74997
-0.66121
-0.66958
-0.7333
-0.72155
-0.65939
-0.65944
-0.66797
-0.74438
-0.6853
-0.73912
-0.78357
-0.69387
-0.71786
-0.69334
-0.6838
-0.70028
-0.6914
-0.82718
-0.7877
-0.75305
-0.75299
-0.81875
25.9616
-0.72218
-0.73515
-0.73515
0
0
0
0
0
0
0
0
0
0
0
0
0
0
0
0
0
0
0
0
0
0
0
0
0
0
0
0
0
0
0
0
0
0
0
0
0
0
0
0
0
0
0
0
0
0
0
0
0
0
0
0
0
0
0
0
0
0
0
0
0
0
0
0
0
0
0
0
0
0
0
0
0
0
0
0
0
0
0
0
0
-0.72851
-0.68606
-0.71718
-0.69617
-0.6469
-0.74598
-0.658
-0.69796
-0.67173
-0.63308
-0.72031
-0.63309
-0.64123
-0.70387
-0.69241
-0.63187
-0.63192
-0.63989
-0.7147
-0.65672
-0.70956
-0.75381
-0.66596
-0.68992
-0.66547
-0.6574
-0.6729
-0.66559
-0.79791
-0.74896
-0.71779
-0.71773
0
-0.72218
24.0904
-0.67882
-0.67883
0
0
0
0
0
0
0
0
0
0
0
0
0
0
0
0
0
0
0
0
0
0
0
0
0
0
0
0
0
0
0
0
0
0
0
0
0
0
0
0
0
0
0
0
0
0
0
0
0
0
0
0
0
0
0
0
0
0
0
0
0
0
0
0
0
0
0
0
0
0
0
0
0
0
0
0
0
0
0
0
0
-0.73902
-0.69633
-0.72764
-0.70653
-0.65698
-0.75662
-0.66814
-0.70832
-0.68198
-0.64307
-0.73079
-0.64307
-0.65125
-0.71425
-0.70274
-0.64191
-0.64196
-0.65002
-0.72522
-0.6671
-0.72046
-0.76449
-0.67702
-0.70054
-0.67653
-0.66771
-0.68324
-0.67558
-0.8088
-0.76062
-0.73006
-0.73001
0
-0.73515
-0.67882
23.762
0
0
0
0
0
0
0
0
0
0
0
0
0
0
0
0
0
0
0
0
0
0
0
0
0
0
0
0
0
0
0
0
0
0
0
0
0
0
0
0
0
0
0
0
0
0
0
0
0
0
0
0
0
0
0
0
0
0
0
0
0
0
0
0
0
0
0
0
0
0
0
0
0
0
0
0
0
0
0
0
0
0
-0.73902
-0.69632
-0.72764
-0.70653
-0.65698
-0.75663
-0.66815
-0.70833
-0.68198
-0.64307
-0.73079
-0.64307
-0.65126
-0.71426
-0.70274
-0.64191
-0.64196
-0.65002
-0.72522
-0.66711
-0.72046
-0.76449
-0.67703
-0.70054
-0.67652
-0.66772
-0.68324
-0.67558
-0.8088
-0.76062
-0.73007
-0.73001
0
-0.73515
-0.67883
0
23.762
0
0
0
0
0
0
0
0
0
0
0
0
0
0
0
0
0
0
0
0
0
0
0
0
0
0
0
0
0
0
0
0
0
0
0
0
0
0
0
0
0
0
0
0
0
0
0
0
0
0
0
0
0
0
0
0
0
0
0
0
0
0
0
0
0
0
0
0
0
0
0
0
0
0
0
0
0
0
0
0
0
-0.80564
-0.76006
-0.79226
-0.77168
-0.71882
-0.82425
-0.73133
-0.77212
-0.74601
-0.70458
-0.79674
-0.70458
-0.71374
-0.77975
-0.76718
-0.70483
-0.70488
-0.71226
-0.78928
-0.72877
-0.79183
-0.83931
-0.75229
-0.76814
-0.75165
-0.73335
-0.7592
-0.7335
0
-0.82701
-0.80815
-0.80804
0
0
0
0
0
28.5311
0
0
0
0
0
0
0
0
0
0
0
0
0
0
0
0
0
0
0
0
0
0
0
0
0
0
0
0
0
0
0
0
0
0
0
0
-4.9298
0
0
0
0
0
0
0
0
0
0
0
0
0
0
0
0
0
0
0
0
0
0
0
0
0
0
0
0
0
0
0
0
0
0
0
0
0
0
0
0
0
0
0
-0.89533
-0.84217
-0.87333
-0.85793
-0.79969
-0.91511
-0.813
-0.8519
-0.82722
-0.78484
-0.87688
-0.78484
-0.79385
-0.86154
-0.84711
-0.78418
-0.78424
-0.79285
-0.87236
-0.81321
-0.88446
-0.9009
-0.81092
-0.87331
-0.81069
-0.84038
-0.8056
0
0
0
0
0
0
0
0
0
0
0
33.7166
0
0
0
0
0
0
0
0
0
0
0
0
0
0
0
0
0
0
0
0
0
0
0
0
0
0
0
0
0
0
0
0
0
0
0
0
0
0
0
0
0
0
0
0
0
0
0
0
0
0
-4.7983
0
0
0
0
0
0
0
0
0
0
0
0
0
0
0
0
0
0
0
0
0
0
0
0
0
0
-6.3205
0
-0.84414
-0.79912
-0.83305
-0.81052
-0.75758
-0.86281
-0.7695
-0.81276
-0.78444
-0.74262
-0.83563
-0.74262
-0.75129
-0.81813
-0.80643
-0.74156
-0.74161
-0.75011
-0.82994
-0.76837
-0.82508
-0.87048
-0.77983
-0.80312
-0.77928
-0.76762
-0.7808
-0.77346
0
-0.86793
0
0
0
0
0
0
0
0
0
23.0498
0
0
0
0
0
0
0
0
0
0
0
0
0
0
0
0
0
0
0
0
0
0
0
0
0
0
0
0
0
0
0
0
0
0
0
0
0
0
0
0
0
0
0
0
0
0
0
0
0
0
0
0
0
0
0
0
0
0
0
0
0
0
0
0
0
0
0
0
0
0
0
0
0
0
0
0
0
0
-0.89738
-0.84674
-0.87965
-0.86169
-0.80641
-0.91756
-0.81803
-0.85792
-0.83229
-0.791
-0.88145
-0.79101
-0.79911
-0.8653
-0.85281
-0.78999
-0.79005
-0.79872
-0.87568
-0.81726
-0.87717
-0.92337
-0.83846
-0.85464
-0.8378
-0.81471
-0.8445
0
0
0
0
0
0
0
0
0
0
0
0
0
28.9824
0
0
0
0
0
0
0
0
0
0
0
0
0
0
0
0
0
0
0
0
0
0
0
0
0
0
0
0
0
0
0
0
0
0
0
0
0
0
0
0
0
0
0
0
0
0
0
0
0
0
0
0
0
0
0
0
0
0
0
-6.2217
0
0
0
0
0
0
0
0
0
0
0
0
0
0
0
0
0
-0.89728
-0.84665
-0.87955
-0.86159
-0.80631
-0.91748
-0.81794
-0.85783
-0.83219
-0.79091
-0.88137
-0.79093
-0.79903
-0.8652
-0.85273
-0.78991
-0.78996
-0.79863
-0.8756
-0.81718
-0.87709
-0.92327
-0.83837
-0.85456
-0.83771
-0.81463
-0.84439
0
0
0
0
0
0
0
0
0
0
0
0
0
0
28.9795
0
0
0
0
0
0
0
0
0
0
0
0
0
0
0
0
0
0
0
0
0
0
0
0
0
0
0
0
0
0
0
0
0
0
0
0
0
0
0
0
0
0
0
0
0
0
0
0
0
0
0
0
0
0
0
0
0
0
0
0
0
0
0
0
0
0
0
0
0
0
-6.2212
0
0
0
0
0
-0.7647
-0.72208
-0.75345
-0.73397
-0.68411
-0.78451
-0.69567
-0.73507
-0.71003
-0.67029
-0.75688
-0.67029
-0.67433
-0.73991
-0.72648
-0.66539
-0.66545
-0.67406
-0.74992
-0.69274
-0.74854
-0.78303
-0.70578
-0.7256
-0.70525
-0.69162
0
0
0
0
0
0
0
0
0
0
0
0
0
0
0
0
21.5413
0
0
0
0
0
0
0
0
0
0
0
0
0
0
0
0
0
0
0
0
0
0
0
0
0
0
0
0
0
0
0
0
0
0
0
0
0
0
0
0
0
0
0
0
0
0
0
0
0
-2.9121
0
0
0
0
0
0
0
0
0
0
0
0
0
0
0
0
0
0
0
0
0
0
0
0
0
-0.83661
-0.78836
-0.82232
-0.80267
-0.74933
-0.85601
-0.75968
-0.80157
-0.77367
-0.73446
-0.82205
-0.73445
-0.74158
-0.80644
-0.79428
-0.73332
-0.73337
-0.74172
-0.81643
-0.75856
-0.81786
-0.86349
-0.77397
-0.79649
-0.77339
-0.75684
0
0
0
0
0
0
0
0
0
0
0
0
0
0
0
0
0
25.8157
0
0
0
0
0
0
0
0
0
0
0
0
0
0
0
0
0
0
0
0
0
0
0
0
0
0
0
0
0
0
0
0
0
0
0
0
0
0
0
0
0
0
0
0
0
0
0
0
0
0
0
-5.4268
0
0
0
0
0
0
0
0
0
0
0
0
0
0
0
0
0
0
0
0
0
0
-0.81786
-0.77381
-0.807
-0.78458
-0.7329
-0.83595
-0.74434
-0.787
-0.75893
-0.71825
-0.80962
-0.71825
-0.72665
-0.79222
-0.7809
-0.71686
-0.71691
-0.72517
-0.80408
-0.74368
-0.80075
-0.84584
-0.75548
-0.78045
-0.75495
-0.74557
-0.76107
0
0
0
0
0
0
0
0
0
0
0
0
0
0
0
0
0
20.7391
0
0
0
0
0
0
0
0
0
0
0
0
0
0
0
0
0
0
0
0
0
0
0
0
0
0
0
0
0
0
0
0
0
0
0
0
0
0
0
0
0
0
0
0
0
0
0
0
0
0
0
0
0
0
0
0
0
0
0
0
0
0
0
0
0
0
0
0
0
0
0
0
0
-0.90632
-0.85799
-0.89412
-0.87287
-0.81912
-0.92581
-0.83289
-0.87582
-0.848
-0.80413
-0.89942
-0.80414
-0.81432
-0.8808
-0.86683
-0.80353
-0.80359
-0.81182
-0.89238
-0.8318
-0.88964
0
-0.84055
0
-0.83997
0
0
0
0
0
0
0
0
0
0
0
0
0
0
0
0
0
0
0
0
24.713
0
0
0
0
0
0
0
0
0
0
0
0
0
0
0
0
0
0
0
0
0
0
0
0
0
0
0
0
0
0
0
0
0
0
0
0
0
0
-5.0972
0
0
0
0
0
0
0
0
0
0
0
0
0
0
0
0
0
0
0
0
0
0
0
0
0
0
0
0
0
0
0
0
0
-0.96452
-0.91306
-0.9481
-0.92897
-0.87187
-0.98523
-0.88483
-0.9265
-0.90036
-0.85653
-0.95076
-0.85653
-0.86554
-0.93387
-0.92065
-0.85682
-0.85687
-0.86642
-0.94451
-0.88596
0
0
0
0
0
0
0
0
0
0
0
0
0
0
0
0
0
0
0
0
0
0
0
0
0
0
27.7334
0
0
0
0
0
0
0
0
0
0
0
0
0
0
0
0
0
0
0
0
0
0
0
0
0
0
0
-4.4494
0
0
0
0
0
0
0
0
0
0
0
0
0
0
0
0
0
0
0
0
0
0
0
0
0
0
0
0
0
0
-5.166
0
0
0
0
0
0
0
0
0
0
0
0
-0.85341
-0.80651
-0.84259
-0.8208
-0.7681
-0.87174
-0.77166
-0.8235
-0.77912
-0.75298
-0.85064
-0.75298
-0.75292
-0.8283
-0.81376
-0.75176
-0.75181
-0.7617
-0.84049
-0.76996
-0.83981
0
0
0
0
0
0
0
0
0
0
0
0
0
0
0
0
0
0
0
0
0
0
0
0
0
0
19.2833
0
0
0
0
0
0
0
0
0
0
0
0
0
0
0
0
0
0
0
-2.4787
0
0
0
0
0
0
0
0
0
0
0
0
0
0
0
0
0
0
0
0
0
0
0
0
0
0
0
0
0
0
0
0
0
0
0
0
0
0
0
0
0
0
0
0
0
0
0
0
0
0
-0.86431
-0.81604
-0.85232
-0.83141
-0.77766
-0.88384
-0.78811
-0.83153
-0.80283
-0.76229
-0.85057
-0.7623
-0.7696
-0.83474
-0.82268
-0.76162
-0.76168
-0.7715
-0.84664
-0.79139
0
0
0
0
0
0
0
0
0
0
0
0
0
0
0
0
0
0
0
0
0
0
0
0
0
0
0
0
21.1067
0
0
0
0
0
0
0
0
0
0
0
0
0
0
0
0
0
0
0
0
0
0
0
0
0
0
0
0
0
0
0
0
0
0
0
0
0
0
0
0
0
0
0
0
0
0
0
0
0
0
-4.9237
0
0
0
0
0
0
0
0
0
0
0
0
0
0
0
0
0
0
-0.95323
-0.90741
-0.94331
-0.91936
-0.86461
-0.9722
-0.87745
-0.92247
-0.8926
-0.84885
-0.94567
-0.84886
-0.85837
-0.9268
-0.91563
-0.84728
-0.84734
-0.85712
-0.94103
-0.8768
-0.93661
0
0
0
0
0
0
0
0
0
0
0
0
0
0
0
0
0
0
0
0
0
0
0
0
0
0
0
0
18.903
0
0
0
0
0
0
0
0
0
0
0
0
0
0
0
0
0
0
0
0
0
0
0
0
0
0
0
0
0
0
0
0
0
0
0
0
0
0
0
0
0
0
0
0
0
0
0
0
0
0
0
0
0
0
0
0
0
0
0
0
0
0
0
0
0
0
0
0
-0.80256
-0.75641
-0.76479
-0.76716
-0.7168
-0.82942
-0.73278
-0.74815
-0.74594
-0.70781
-0.78119
-0.70782
-0.71552
-0.77796
-0.77078
-0.70761
-0.70766
0
0
0
0
0
0
0
0
0
0
0
0
0
0
0
0
0
0
0
0
0
0
0
0
0
0
0
0
0
0
0
0
0
22.4674
0
0
0
0
0
0
0
0
0
0
0
-2.1858
0
-2.9835
0
0
0
0
-2.0546
0
-2.5031
0
0
0
0
0
0
0
0
0
0
0
0
0
0
0
0
0
0
0
0
0
0
0
0
0
0
0
0
0
0
0
0
0
0
0
0
0
0
0
0
0
0
0
0
0
0
-0.88392
-0.8363
-0.87368
-0.85173
-0.79738
-0.90296
-0.808
-0.85252
-0.82158
-0.78188
-0.86991
-0.78189
-0.78939
-0.85448
-0.84243
-0.78065
-0.7807
-0.79032
-0.86669
0
0
0
0
0
0
0
0
0
0
0
0
0
0
0
0
0
0
0
0
0
0
0
0
0
0
0
0
0
0
0
0
20.3729
0
0
0
0
0
0
0
0
0
0
0
0
0
0
0
0
0
0
0
0
0
0
0
0
0
0
0
0
0
0
0
0
0
0
0
0
0
0
0
0
0
0
0
0
0
-4.6064
0
0
0
0
0
0
0
0
0
0
0
0
0
0
0
0
0
0
0
0
-0.84223
-0.80038
-0.84284
-0.80889
-0.75805
-0.86208
-0.7704
-0.82501
-0.78477
-0.74327
-0.83557
-0.74329
-0.75271
-0.81763
-0.81011
-0.74232
-0.74237
-0.75083
0
0
0
0
0
0
0
0
0
-0.7722
0
0
0
0
0
0
0
0
0
0
0
0
0
0
0
0
0
0
0
0
0
0
0
0
18.108
0
0
0
0
0
0
0
0
0
0
0
0
0
0
0
-3.1031
0
0
0
0
0
0
0
0
0
0
0
0
0
0
0
0
0
0
0
0
0
0
0
0
0
0
0
0
0
0
0
0
0
0
0
0
0
0
0
0
0
0
0
0
0
0
0
0
0
-0.84625
-0.79934
-0.8304
-0.81301
-0.77134
-0.87897
-0.78415
-0.81883
-0.79858
-0.75705
-0.84581
-0.75706
-0.76651
-0.81911
-0.81826
-0.75686
-0.7569
-0.7678
0
0
0
0
0
0
0
0
0
0
0
0
0
0
0
0
0
0
0
0
0
0
0
0
0
0
0
0
0
0
0
0
0
0
0
21.8925
0
0
0
0
0
0
0
0
0
0
0
0
0
0
0
0
-3.395
0
0
0
0
0
0
0
0
0
0
0
0
0
0
0
0
0
0
0
0
0
0
0
0
0
0
0
0
0
0
0
0
0
-4.1113
0
0
0
0
0
0
0
0
0
0
0
0
0
-0.86478
-0.82027
-0.84927
-0.831
-0.7799
-0.88614
-0.79304
-0.83061
-0.80764
-0.76511
-0.85889
-0.76511
-0.77511
-0.83918
-0.83048
-0.76474
-0.7648
0
0
0
0
0
0
0
0
0
0
0
0
0
0
0
0
0
0
0
0
0
0
0
0
0
0
0
0
0
0
0
0
0
0
0
0
0
18.412
0
0
0
0
0
0
0
0
0
0
0
0
0
0
0
0
0
0
0
0
0
-3.4779
0
0
0
0
-1.108
0
0
0
0
0
0
0
0
0
0
0
0
0
0
0
0
0
0
0
0
0
0
0
0
0
0
0
0
0
0
0
0
0
0
0
0
-0.99391
-0.94887
-0.98515
-0.96066
-0.90581
-1.0131
-0.91907
-0.96458
-0.93474
-0.89002
-0.98751
-0.89003
-0.89986
-0.96793
-0.95797
-0.88739
-0.88745
-0.89664
0
0
0
0
0
0
0
0
0
0
0
0
0
0
0
0
0
0
0
0
0
0
0
0
0
0
0
0
0
0
0
0
0
0
0
0
0
16.8907
0
0
0
0
0
0
0
0
0
0
0
0
0
0
0
0
0
0
0
0
0
0
0
0
0
0
0
0
0
0
0
0
0
0
0
0
0
0
0
0
0
0
0
0
0
0
0
0
0
0
0
0
0
0
0
0
0
0
0
0
0
0
-0.91844
-0.86976
-0.90826
-0.88687
-0.83285
-0.9376
-0.84591
-0.88807
-0.84552
-0.81684
-0.9061
-0.81686
-0.82713
-0.89128
-0.8768
-0.81524
-0.8153
0
0
0
0
0
0
0
0
0
0
0
0
0
0
0
0
0
0
0
0
0
0
0
0
0
0
0
0
0
0
0
0
0
0
0
0
0
0
0
17.6173
0
0
0
0
0
0
0
0
0
0
0
0
0
0
0
0
-2.9184
0
0
0
0
0
0
0
0
0
0
0
0
0
0
0
0
0
0
0
0
0
0
0
0
0
0
0
0
0
0
0
0
0
0
0
0
0
0
0
0
0
0
0
0
-1.0521
-1.0058
-1.0436
-1.0183
-0.96177
-1.0718
-0.97552
-1.0225
-0.99146
-0.94545
-1.0457
-0.94546
-0.95567
-1.0259
-1.0149
-0.94364
-0.94369
-0.95352
0
0
0
0
0
0
0
0
0
0
0
0
0
0
0
0
0
0
0
0
0
0
0
0
0
0
0
0
0
0
0
0
0
0
0
0
0
0
0
17.9168
0
0
0
0
0
0
0
0
0
0
0
0
0
0
0
0
0
0
0
0
0
0
0
0
0
0
0
0
0
0
0
0
0
0
0
0
0
0
0
0
0
0
0
0
0
0
0
0
0
0
0
0
0
0
0
0
0
0
0
0
-1.2719
-1.2288
-1.2699
-1.2427
-1.1836
-1.2928
-1.199
-1.2478
-1.2154
-1.1656
0
-1.1656
-1.176
0
-1.2381
0
0
0
0
0
0
0
0
0
0
0
0
0
0
0
0
0
0
0
0
0
0
0
0
0
0
0
0
0
0
0
0
0
0
0
0
0
0
0
0
0
0
0
15.8972
0
0
0
0
0
0
0
0
0
0
0
0
0
0
0
0
0
0
0
0
0
0
0
0
0
0
0
0
0
0
0
0
0
0
0
0
0
0
0
0
0
0
0
0
0
0
0
0
0
0
0
0
0
0
0
0
0
0
0
-1.1848
-1.1428
-1.1733
-1.1508
-1.0931
-1.2067
-1.1076
-1.1517
-1.1254
-1.076
0
-1.076
0
0
0
0
0
0
0
0
0
0
0
0
0
0
0
0
0
0
0
0
0
0
0
0
0
0
0
0
0
0
0
0
0
0
0
0
0
0
0
0
0
0
0
0
0
0
0
15.3146
0
0
0
0
0
0
0
0
0
0
0
0
0
0
0
0
0
0
0
0
0
0
0
0
0
0
0
0
-2.8265
0
0
0
0
0
0
0
0
0
0
0
0
0
0
0
0
0
0
0
0
0
0
0
0
0
0
0
0
0
-1.7756
-1.7669
-1.7935
-1.7682
-1.7095
0
0
0
0
0
0
0
0
0
0
0
0
0
0
0
0
0
0
0
0
0
0
-1.6782
0
0
0
0
0
0
0
0
0
0
0
0
0
0
0
0
0
0
0
0
0
0
0
0
0
0
0
0
0
0
0
0
13.3754
0
0
0
0
0
0
0
0
0
0
-2.8835
0
0
0
0
0
0
0
0
0
0
0
0
0
0
0
0
0
0
0
0
0
0
0
0
0
0
0
0
0
0
0
0
0
0
0
0
0
0
0
0
0
0
0
0
0
0
-1.9314
-1.9189
-1.9467
-1.9194
0
0
0
0
0
0
0
0
0
-1.9206
0
0
0
0
0
0
0
0
0
0
0
0
0
0
0
0
0
0
0
0
0
0
0
0
0
0
0
0
0
0
0
0
0
0
0
0
0
0
0
0
0
0
0
0
0
0
0
12.6753
0
0
0
0
0
0
0
0
-3.0384
0
0
0
0
0
0
0
0
0
0
0
0
0
0
0
0
0
0
0
0
0
0
0
0
0
0
0
0
0
0
0
0
0
0
0
0
0
0
0
0
0
0
0
0
0
0
0
0
0
0
0
0
0
0
0
0
0
0
0
0
0
0
0
0
0
-2.3238
0
0
0
0
-2.2859
0
0
0
0
0
0
0
0
0
0
0
0
0
0
0
0
0
0
0
0
0
0
0
0
0
0
-2.1858
0
0
0
0
0
0
0
0
0
0
0
12.6662
0
0
0
0
0
-3.3321
0
0
0
0
0
0
0
0
0
0
0
0
0
0
0
0
0
0
0
0
0
-2.5385
0
0
0
0
0
0
0
0
0
0
0
0
0
0
0
0
0
0
0
0
0
0
0
0
0
0
0
0
0
0
0
0
0
-2.0935
0
0
0
0
0
-2.066
0
0
0
0
0
0
-2.0664
0
0
0
0
0
0
0
0
0
0
0
0
0
0
0
0
0
0
0
0
0
0
0
0
0
0
0
0
0
0
0
0
0
0
0
0
0
0
0
0
0
0
0
11.9862
0
0
0
-2.5141
0
0
0
0
0
0
0
-3.2462
0
0
0
0
0
0
0
0
0
0
0
0
0
0
0
0
0
0
0
0
0
0
0
0
0
0
0
0
0
0
0
0
0
0
0
0
0
0
0
0
0
0
0
0
0
0
0
0
0
0
0
0
0
0
0
0
0
0
0
0
0
0
0
0
0
0
0
0
0
0
0
0
0
0
0
0
0
0
0
0
0
0
0
0
0
0
0
0
0
0
0
0
-2.9835
0
0
0
0
0
0
0
0
0
0
0
0
0
15.7915
0
0
0
0
0
0
0
0
0
0
0
0
0
0
0
-4.2137
0
0
-4.4363
0
0
-4.158
0
0
0
0
0
0
0
0
0
0
0
0
0
0
0
0
0
0
0
0
0
0
0
0
0
0
0
0
0
0
0
-2.5144
-2.5701
-2.5844
-2.561
0
0
0
0
0
0
0
0
0
0
0
0
0
0
0
0
0
0
0
0
0
0
0
0
0
0
0
0
0
0
0
0
0
0
0
0
0
0
0
0
0
0
0
0
0
0
0
0
0
0
0
0
0
0
0
0
0
0
0
0
0
10.2299
0
0
0
0
0
0
0
0
0
0
0
0
0
0
0
0
0
0
0
0
0
0
0
0
0
0
0
0
0
0
0
0
0
0
0
0
0
0
0
0
0
0
0
0
0
0
0
0
0
0
0
0
0
0
0
0
0
0
0
0
0
0
0
0
0
0
0
0
0
0
0
0
0
-2.3915
0
0
0
0
0
0
-2.5165
0
0
0
0
0
0
0
0
0
0
0
0
0
0
0
0
0
0
0
0
0
0
0
0
0
0
0
0
0
0
0
0
0
0
0
0
0
13.5562
0
-4.2275
0
0
0
0
0
0
0
0
-4.4206
0
0
0
0
0
0
0
0
0
0
0
0
0
0
0
0
0
0
0
0
0
0
0
0
0
0
0
0
0
0
0
0
0
0
0
0
0
0
0
0
0
0
0
0
0
0
0
0
-2.5948
0
0
0
0
0
0
0
0
0
0
0
0
0
0
0
0
0
0
0
0
0
0
0
0
0
0
0
0
0
0
0
0
0
0
0
0
0
0
-2.4787
0
0
0
0
0
0
0
0
0
0
0
0
0
0
0
-2.5141
0
0
0
10.9585
0
0
0
0
0
-3.3708
0
0
0
0
0
0
0
0
0
0
0
0
0
0
0
0
0
0
0
0
0
0
0
0
0
0
0
0
0
0
0
0
0
0
0
0
0
0
0
0
0
0
0
0
0
0
0
0
0
0
0
0
0
0
0
0
0
0
0
0
0
0
0
0
0
0
0
0
0
0
0
0
0
0
0
0
0
0
0
0
0
0
0
0
0
0
0
0
0
0
0
0
0
0
0
0
-3.1031
0
0
0
0
0
0
0
0
0
-3.3321
0
0
0
-4.2275
0
16.4861
0
0
0
0
0
0
0
0
0
0
0
0
0
0
0
0
0
0
0
0
0
0
0
0
0
0
0
-5.8234
0
0
0
0
0
0
0
0
0
0
0
0
0
0
0
0
0
0
0
0
0
0
0
0
0
0
0
0
0
0
0
-2.209
0
0
0
0
0
0
0
0
0
0
0
0
0
0
0
0
0
0
0
0
0
0
0
0
0
0
0
0
0
0
0
0
0
0
0
0
0
0
0
-2.0546
0
0
0
0
0
0
0
0
0
0
0
0
0
0
0
0
0
0
10.3776
0
0
-3.0002
-3.1137
0
0
0
0
0
0
0
0
0
0
0
0
0
0
0
0
0
0
0
0
0
0
0
0
0
0
0
0
0
0
0
0
0
0
0
0
0
0
0
0
0
0
0
0
0
0
0
0
0
0
0
0
0
0
0
0
0
0
0
0
0
0
0
0
0
0
0
0
0
0
0
0
0
0
0
0
0
0
0
0
0
0
0
0
0
0
0
0
0
0
0
0
0
0
0
0
0
-3.395
0
0
0
0
0
0
0
-3.0384
0
0
0
0
0
0
0
0
14.5424
0
0
0
0
0
0
0
-4.0504
-4.0586
0
0
0
0
0
0
0
0
0
0
0
0
0
0
0
0
0
0
0
0
0
0
0
0
0
0
0
0
0
0
0
0
0
0
0
0
0
0
0
0
0
0
0
0
0
0
0
0
0
0
0
0
0
0
0
0
0
0
0
0
0
0
0
0
0
0
0
0
0
0
0
0
0
0
0
0
0
0
0
0
0
0
0
0
0
0
0
0
-2.5031
0
0
0
0
0
0
0
0
0
-2.8835
0
0
0
0
0
0
0
0
0
0
10.1886
0
0
0
0
0
0
0
0
0
0
0
0
0
0
0
0
0
0
0
0
0
0
0
0
0
0
-4.802
0
0
0
0
0
0
0
0
0
0
0
0
0
0
0
0
0
0
0
0
0
0
0
0
0
0
0
0
0
0
0
0
0
0
0
0
0
0
0
0
0
0
0
0
0
0
0
0
0
0
0
-1.233
0
0
0
0
0
0
0
0
0
0
0
0
0
0
0
0
0
0
0
0
0
0
0
0
0
0
0
0
0
0
0
0
0
0
0
0
-3.0002
0
0
8.161
0
0
0
0
0
0
0
0
0
0
0
0
0
0
0
0
0
0
0
0
0
0
0
0
0
0
0
0
0
0
-3.9278
0
0
0
0
0
0
0
0
0
0
0
0
0
0
0
0
0
0
0
0
0
0
0
0
0
0
0
0
0
0
0
0
0
0
0
0
0
0
0
0
0
0
0
0
0
0
0
0
0
0
0
0
0
0
0
0
0
0
0
0
0
0
0
0
0
0
0
0
0
0
-2.9184
0
0
0
0
0
0
0
0
0
0
-3.3708
0
-3.1137
0
0
0
9.4029
0
0
0
0
0
0
0
0
0
0
0
0
0
0
0
0
0
0
0
0
0
0
0
0
0
0
0
0
0
0
0
0
0
0
0
0
0
0
0
0
0
0
0
0
0
0
0
0
0
0
0
0
0
0
0
0
0
0
0
0
0
0
0
0
0
0
0
0
0
0
0
0
0
0
0
0
0
0
0
0
0
-4.9298
0
0
0
0
0
0
0
0
-4.4494
0
0
0
0
0
0
0
0
0
0
0
0
0
0
0
0
0
0
0
0
0
0
0
0
0
0
0
15.5655
0
0
0
0
0
0
0
0
0
0
0
0
0
0
0
0
0
0
0
0
0
0
0
0
0
0
0
0
0
0
0
0
0
0
0
0
0
0
0
0
0
0
-6.1862
0
0
0
0
0
0
0
0
0
0
0
0
0
0
0
0
0
0
0
0
0
0
0
0
0
-3.3049
0
0
0
0
0
0
0
0
0
0
0
0
0
0
0
0
0
0
0
0
0
0
0
0
0
0
0
0
0
0
0
0
0
0
0
0
0
-3.2462
0
0
0
0
0
0
0
0
0
0
0
7.1776
0
0
0
0
0
0
0
0
0
0
0
0
0
0
0
0
0
0
0
0
0
0
0
0
0
0
0
0
0
0
0
-0.62648
0
0
0
0
0
0
0
0
0
0
0
0
0
0
0
0
0
0
0
0
0
0
0
0
0
0
0
0
0
0
0
0
0
0
0
0
0
0
0
0
0
0
-3.8966
0
0
0
0
0
0
0
0
0
0
0
0
0
0
0
0
0
0
0
0
0
-3.4779
0
0
0
0
0
0
0
0
0
0
0
0
0
0
0
0
0
0
0
0
0
12.3086
0
0
0
0
0
0
0
0
0
0
0
0
0
0
0
0
0
0
0
0
0
0
0
0
0
-4.9341
0
0
0
0
0
0
0
0
0
0
0
0
0
0
0
0
0
0
0
0
0
0
0
0
0
0
0
0
0
0
0
0
0
0
0
0
0
0
0
0
0
0
0
0
0
0
0
0
0
0
0
0
0
0
0
0
0
0
0
0
0
0
0
0
0
0
0
0
0
0
0
0
0
0
0
0
0
0
0
0
0
-4.4206
0
0
0
0
0
0
0
0
0
0
8.8562
0
0
0
0
0
-4.4355
0
0
0
0
0
0
0
0
0
0
0
0
0
0
0
0
0
0
0
0
0
0
0
0
0
0
0
0
0
0
0
0
0
0
0
0
0
0
0
0
0
0
0
0
0
0
0
0
0
0
0
0
0
0
0
0
0
0
0
0
0
0
0
0
0
0
0
0
0
0
0
0
0
0
0
0
0
0
0
0
0
0
0
0
0
0
0
0
0
0
0
0
0
0
0
0
0
0
0
0
0
0
0
0
-4.0504
0
0
0
0
0
0
0
8.2035
0
0
0
0
0
0
0
0
0
0
0
0
0
0
0
-4.1531
0
0
0
0
0
0
0
0
0
0
0
0
0
0
0
0
0
0
0
0
0
0
0
0
0
0
0
0
0
0
0
0
0
0
0
0
0
0
0
0
0
0
0
0
0
0
0
0
0
0
0
0
0
0
0
0
0
0
0
0
0
0
0
0
0
0
0
0
0
0
0
0
0
0
0
0
0
0
0
0
0
0
0
0
0
0
0
0
0
0
0
0
0
-4.0586
0
0
0
0
0
0
0
0
8.1268
0
0
0
0
0
0
0
0
0
-4.0682
0
0
0
0
0
0
0
0
0
0
0
0
0
0
0
0
0
0
0
0
0
0
0
0
0
0
0
0
0
0
0
0
0
0
0
-5.2533
0
0
0
0
0
0
0
0
0
0
0
0
0
0
0
0
0
0
0
0
0
0
0
0
0
0
0
0
0
0
0
0
0
0
0
0
0
0
0
0
0
0
0
0
0
0
0
0
0
0
0
0
0
0
0
0
-4.2137
0
0
0
0
0
0
0
0
0
0
0
0
0
0
0
9.467
0
0
0
0
0
0
0
0
0
0
0
0
0
0
0
0
0
0
0
0
0
0
0
0
0
0
0
0
0
0
0
0
0
0
0
0
0
0
0
0
0
0
0
0
0
0
0
0
0
0
0
0
0
0
0
0
0
0
0
0
0
0
0
0
0
0
0
0
0
0
0
0
0
0
0
0
0
0
0
0
0
0
0
0
0
0
0
0
0
0
0
-1.108
0
0
0
0
0
0
0
0
0
0
0
0
0
0
0
0
0
0
0
0
0
0
0
0
0
0
6.0919
0
0
0
0
0
-4.9839
0
0
0
0
0
0
0
0
0
0
0
0
0
0
0
0
0
0
0
0
0
0
0
0
0
0
0
0
0
0
0
0
0
0
0
0
0
0
0
0
0
0
0
0
0
0
0
0
0
0
0
0
0
0
0
0
0
0
0
0
0
0
0
0
0
0
0
0
0
0
0
0
0
0
0
0
0
0
0
0
0
0
0
0
0
0
0
0
0
0
0
0
0
0
0
0
0
0
0
0
0
0
0
0
0
0
0
0
0
0
0
0
9.06
0
0
0
0
0
-4.6659
0
0
0
-4.3941
0
0
0
0
0
0
0
0
0
0
0
0
0
0
0
0
0
0
0
0
0
0
0
0
0
0
0
0
0
0
0
0
0
0
0
0
0
0
0
0
0
0
0
0
0
0
0
0
0
0
0
0
0
0
0
0
0
0
0
0
0
0
0
0
0
0
0
0
0
0
0
0
0
0
0
0
0
0
0
0
0
0
0
0
0
0
0
0
0
-4.4363
0
0
0
0
0
0
0
0
0
0
0
0
-4.4355
0
0
0
0
0
8.8719
0
0
0
0
0
0
0
0
0
0
0
0
0
0
0
0
0
0
0
0
0
0
0
0
0
0
0
0
0
0
0
0
0
0
0
0
0
0
0
0
0
0
0
0
0
0
0
0
0
0
0
0
0
0
0
0
0
0
0
0
0
0
0
0
0
0
0
0
0
0
0
0
0
0
0
0
0
0
0
-5.0972
0
0
0
0
0
0
0
0
0
0
0
0
0
0
0
0
0
0
0
0
0
0
0
0
0
0
0
0
0
0
0
0
0
0
0
0
0
0
9.2914
0
0
0
0
0
0
-4.1942
0
0
0
0
0
0
0
0
0
0
0
0
0
0
0
0
0
0
0
0
0
0
0
0
0
0
0
0
0
0
0
0
0
0
0
0
0
0
0
0
0
0
0
0
0
0
0
-5.2271
0
0
0
0
0
0
0
0
0
0
0
0
0
0
0
0
0
0
0
0
0
0
0
0
0
0
0
0
0
0
0
0
0
0
0
0
0
0
0
0
0
0
0
0
0
0
0
0
0
0
0
0
0
0
0
0
0
0
0
0
0
0
0
9.4359
0
0
0
0
0
-4.2088
0
0
0
0
0
0
0
0
0
0
0
0
0
0
0
0
0
0
0
0
0
0
0
0
0
0
0
0
-5.2942
0
0
0
0
0
0
0
0
0
0
0
0
0
0
0
0
0
0
0
0
0
0
0
0
0
0
0
0
0
0
0
0
0
0
0
0
0
0
0
0
0
0
0
0
0
0
0
0
0
0
0
0
0
0
0
0
0
0
0
0
0
-4.158
0
0
0
0
0
0
0
0
0
0
0
0
0
0
0
0
0
0
0
0
0
9.4522
0
0
0
0
0
0
0
0
0
0
0
0
0
0
0
0
0
0
0
0
0
0
0
0
0
0
0
0
0
0
0
0
0
0
0
0
0
0
0
0
0
0
0
0
0
0
0
0
0
0
0
0
0
0
0
0
0
0
0
0
0
0
0
0
0
0
0
0
0
0
0
0
0
0
0
0
0
0
0
0
0
0
0
0
0
0
0
0
0
0
0
0
0
0
0
0
0
0
0
0
0
0
0
0
0
0
0
0
0
0
0
0
-4.9839
0
0
0
0
0
9.7092
0
0
-4.7253
0
0
0
0
0
0
0
0
0
0
0
0
0
0
0
0
0
0
0
0
0
0
0
0
0
0
0
0
0
0
0
0
0
0
0
0
0
0
0
0
0
0
0
0
0
0
0
0
0
0
0
0
0
0
0
0
0
0
0
0
0
0
0
0
0
0
0
0
0
0
0
0
0
0
0
0
0
0
0
0
0
0
0
0
0
0
-2.8265
0
0
0
0
0
0
0
0
0
0
0
0
0
0
0
0
0
0
0
0
0
0
-4.6659
0
0
0
0
0
7.4924
0
0
0
0
0
0
0
0
0
0
0
0
0
0
0
0
0
0
0
0
0
0
0
0
0
0
0
0
0
0
0
0
0
0
0
0
0
0
0
0
0
0
0
0
0
0
0
0
0
0
0
0
0
0
0
0
0
0
0
0
0
0
0
0
0
0
0
-4.7983
0
0
0
0
0
0
0
0
0
0
0
0
0
0
0
0
0
0
0
0
0
0
0
0
0
0
0
0
0
0
0
0
0
0
0
0
0
0
0
0
-4.0682
0
0
0
0
0
0
0
0
0
8.8664
0
0
0
0
0
0
0
0
0
0
0
0
0
0
0
0
0
0
0
0
0
0
0
0
0
0
0
0
0
0
0
0
0
0
0
0
0
0
0
0
0
0
0
0
0
0
0
0
0
0
0
0
0
0
0
0
0
0
0
0
0
0
0
0
0
0
0
0
0
0
0
0
0
0
0
0
0
0
0
0
0
0
0
0
0
0
0
0
0
0
-2.5385
0
0
0
0
0
0
0
0
0
0
0
0
0
0
0
0
0
0
0
0
0
0
0
0
-4.7253
0
0
7.2638
0
0
0
0
0
0
0
0
0
0
0
0
0
0
0
0
0
0
0
0
0
0
0
0
0
0
0
0
0
0
0
0
0
0
0
0
0
0
0
0
0
0
0
0
0
0
0
0
0
0
0
0
0
0
0
0
0
0
0
0
0
0
0
0
0
0
0
0
0
0
0
0
0
0
0
0
0
0
0
0
0
0
0
0
0
0
0
0
0
0
0
0
0
0
0
0
0
0
0
0
0
0
0
0
0
0
0
0
0
0
0
-4.1942
-4.2088
0
0
0
0
0
8.403
0
0
0
0
0
0
0
0
0
0
0
0
0
0
0
0
0
0
0
0
0
0
0
0
0
0
0
0
0
0
0
0
0
0
0
0
0
0
0
0
0
0
0
0
0
0
0
0
0
0
0
0
0
0
0
0
0
0
0
0
0
0
0
0
0
0
0
0
-2.9121
0
0
0
0
0
0
0
0
0
0
0
0
0
0
0
0
0
0
0
0
0
0
0
0
0
0
0
0
0
0
0
0
0
0
0
0
0
0
0
-4.3941
0
0
0
0
0
0
0
0
0
7.3062
0
0
0
0
0
0
0
0
0
0
0
0
0
0
0
0
0
0
0
0
0
0
0
0
0
0
-5.088
0
0
0
0
0
0
0
0
0
0
0
0
-5.0068
0
0
0
0
0
0
0
0
0
0
0
0
0
0
0
0
0
0
0
0
0
0
0
0
0
0
0
0
0
0
0
0
0
0
0
0
0
0
0
0
0
0
0
0
0
0
0
0
0
0
0
0
0
0
0
0
0
0
0
0
0
0
0
0
0
0
0
0
0
0
0
0
0
0
0
0
0
0
10.0948
0
0
0
0
0
0
0
0
0
0
0
0
0
0
0
0
0
0
0
0
0
0
0
0
0
0
0
0
0
0
0
0
0
0
0
0
0
0
0
0
0
0
0
0
0
0
0
0
0
0
0
-4.7465
0
0
0
0
0
0
0
0
0
0
0
0
0
0
0
0
0
0
0
0
0
0
0
0
0
0
0
0
0
0
0
0
0
0
0
0
0
0
0
0
0
0
0
0
0
0
0
0
0
0
-4.1531
0
0
0
0
0
0
0
0
0
0
0
0
0
0
0
8.8996
0
0
0
0
0
0
0
0
0
0
0
0
0
0
0
0
0
0
0
0
0
0
0
0
0
0
0
0
0
0
0
0
0
0
0
0
0
0
0
0
0
0
0
0
0
0
0
0
0
0
0
0
0
0
0
0
0
0
0
0
0
0
0
0
0
0
-5.4268
0
0
0
0
0
0
0
0
0
0
0
0
0
0
0
0
0
0
0
0
0
0
0
0
0
0
0
0
0
0
0
0
0
0
0
0
0
0
0
0
0
0
0
0
0
0
0
0
0
0
0
5.4268
0
0
0
0
0
0
0
0
0
0
0
0
0
0
0
0
0
0
0
0
0
0
0
0
0
0
0
0
0
0
0
0
0
0
0
0
0
0
0
0
0
0
0
0
0
0
0
0
0
0
0
0
0
0
0
0
0
0
0
0
0
0
0
0
0
0
0
0
0
0
0
0
0
0
0
0
0
0
0
0
0
0
0
0
0
0
0
0
0
0
-5.8234
0
0
0
0
0
0
0
0
0
0
0
0
0
0
0
0
0
0
0
0
0
0
0
0
0
0
0
5.8234
0
0
0
0
0
0
0
0
0
0
0
0
0
0
0
0
0
0
0
0
0
0
0
0
0
0
0
0
0
0
0
0
0
0
0
0
0
0
0
0
0
0
0
0
0
0
0
0
0
0
0
0
0
0
0
0
0
0
0
0
0
0
0
0
0
0
0
0
0
0
0
0
-4.6064
0
0
0
0
0
0
0
0
0
0
0
0
0
0
0
0
0
0
0
0
0
0
0
0
0
0
0
0
0
0
0
0
0
0
0
0
0
0
0
0
0
0
0
0
0
4.6064
0
0
0
0
0
0
0
0
0
0
0
0
0
0
0
0
0
0
0
0
0
0
0
0
0
0
0
0
0
0
0
0
0
0
0
0
0
0
0
0
0
0
0
0
0
0
0
0
0
0
0
0
0
0
0
0
0
0
0
0
0
0
0
0
0
0
0
0
0
0
0
0
0
0
0
0
0
0
0
0
0
0
0
0
0
0
0
0
0
0
0
-4.802
0
0
0
0
0
0
0
0
0
0
0
0
0
0
0
0
0
0
0
0
0
0
0
0
0
0
4.802
0
0
0
0
0
0
0
0
0
0
0
0
0
0
0
0
0
0
0
0
0
0
0
0
0
0
0
0
0
0
0
0
0
0
0
0
0
0
0
0
0
0
0
0
0
0
0
0
0
0
0
0
0
0
0
0
0
0
0
0
0
0
0
0
0
0
0
-4.9237
0
0
0
0
0
0
0
0
0
0
0
0
0
0
0
0
0
0
0
0
0
0
0
0
0
0
0
0
0
0
0
0
0
0
0
0
0
0
0
0
0
0
0
0
0
0
0
0
0
0
4.9237
0
0
0
0
0
0
0
0
0
0
0
0
0
0
0
0
0
0
0
0
0
0
0
0
0
0
0
0
0
0
0
0
0
0
0
0
0
0
0
0
0
0
0
0
0
0
0
0
0
0
0
0
0
0
0
0
0
0
-6.2217
0
0
0
0
0
0
0
0
0
0
0
0
0
0
0
0
0
0
0
0
0
0
0
0
0
0
0
0
0
0
0
0
0
0
0
0
0
0
0
0
0
0
0
0
0
0
0
0
0
0
0
0
0
0
0
0
0
0
0
6.2217
0
0
0
0
0
0
0
0
0
0
0
0
0
0
0
0
0
0
0
0
0
0
0
0
0
0
0
0
0
0
0
0
0
0
0
0
0
0
0
0
0
0
0
0
0
-7.5696
0
0
0
0
0
0
0
0
0
0
0
0
0
0
0
0
0
0
0
0
0
0
0
0
0
0
0
0
0
0
0
0
0
0
0
0
0
0
0
0
0
0
0
0
0
0
0
0
0
0
0
0
0
0
0
0
0
0
0
0
0
0
0
0
0
0
0
0
0
0
0
0
7.5696
0
0
0
0
0
0
0
0
0
0
0
0
0
0
0
0
0
0
0
0
0
0
0
0
0
0
0
0
0
0
0
0
0
0
0
0
0
0
0
0
0
0
0
0
0
0
0
0
0
0
0
0
0
0
0
0
0
0
0
0
0
0
0
0
0
0
0
0
0
0
0
0
0
0
0
0
0
0
0
0
0
0
0
0
0
0
0
0
0
0
0
0
-4.9341
0
0
0
0
0
0
0
0
0
0
0
0
0
0
0
0
0
0
0
0
0
0
0
0
0
4.9341
0
0
0
0
0
0
0
0
0
0
0
0
0
0
0
0
0
0
0
0
0
0
0
0
0
0
0
0
0
0
0
0
0
0
0
0
0
0
0
0
0
0
0
0
0
0
0
0
0
0
0
0
0
0
0
0
0
0
0
0
0
0
0
0
0
0
0
0
0
0
0
0
0
0
0
0
0
0
0
0
0
0
0
0
0
0
0
-3.9278
0
0
0
0
0
0
0
0
0
0
0
0
0
0
0
0
0
0
0
0
0
0
0
0
0
0
0
0
0
0
3.9278
0
0
0
0
0
0
0
0
0
0
0
0
0
0
0
0
0
0
0
0
0
0
0
0
0
0
0
0
0
0
0
0
0
0
0
0
0
0
0
0
0
0
0
0
0
0
0
0
0
0
0
0
0
0
0
0
0
0
0
0
0
0
0
0
0
0
0
-4.1113
0
0
0
0
0
0
0
0
0
0
0
0
0
0
0
0
0
0
0
0
0
0
0
0
0
0
0
0
0
0
0
0
0
0
0
0
0
0
0
0
0
0
0
0
0
0
0
0
0
0
4.1113
0
0
0
0
0
0
0
0
0
0
0
0
0
0
0
0
0
0
0
0
0
0
0
0
0
0
0
0
0
0
0
0
0
0
0
0
0
0
0
0
0
0
0
0
0
0
0
0
0
0
0
0
0
0
0
0
0
0
0
-5.166
0
0
0
0
0
0
0
0
0
0
0
0
0
0
0
0
0
0
0
0
0
0
0
0
0
0
0
0
0
0
0
0
0
0
0
0
0
0
0
0
0
0
0
0
0
0
0
0
0
0
0
0
0
0
0
0
0
0
5.166
0
0
0
0
0
0
0
0
0
0
0
0
0
0
0
0
0
0
0
0
0
0
0
0
0
0
0
0
0
0
-7.5406
0
0
0
0
0
0
0
0
0
0
0
0
0
0
0
0
0
0
0
0
0
0
0
0
0
0
0
0
0
0
0
0
0
0
0
0
0
0
0
0
0
0
0
0
0
0
0
0
0
0
0
0
0
0
0
0
0
0
0
0
0
0
0
0
0
0
0
0
0
0
0
0
0
0
0
0
0
0
0
0
0
0
0
0
0
0
0
7.5406
0
0
0
0
0
0
0
0
0
0
0
0
0
0
0
0
0
0
0
0
0
0
0
0
0
0
0
0
0
0
0
0
0
0
0
0
0
0
0
0
0
0
0
0
0
0
0
0
0
0
0
0
0
0
0
0
0
0
0
0
0
0
0
0
0
0
0
0
0
0
0
0
0
0
0
0
0
0
0
0
0
0
0
0
0
0
-0.62648
0
0
0
0
0
0
0
0
0
0
0
0
0
0
0
0
0
0
0
0
0
0
0
0
0
0
0
0
0
0
0
0.62648
0
0
0
0
0
0
0
0
0
0
0
0
0
0
0
-8.7733
0
0
0
0
0
0
0
0
0
0
0
0
0
0
0
0
0
0
0
0
0
0
0
0
0
0
0
0
0
0
0
0
0
0
0
0
0
0
0
0
0
0
0
0
0
0
0
0
0
0
0
0
0
0
0
0
0
0
0
0
0
0
0
0
0
0
0
0
0
0
0
0
0
0
0
0
0
0
0
0
0
0
0
0
0
0
0
0
0
0
0
0
0
0
0
0
0
0
0
0
0
0
8.7733
0
0
0
0
0
0
0
0
0
0
0
0
0
0
0
0
0
0
0
0
0
0
0
0
0
0
0
0
0
0
-7.4114
0
0
0
0
0
0
0
0
0
0
0
0
0
0
0
0
0
0
0
0
0
0
0
0
0
0
0
0
0
0
0
0
0
0
0
0
0
0
0
0
0
0
0
0
0
0
0
0
0
0
0
0
0
0
0
0
0
0
0
0
0
0
0
0
0
0
0
0
0
0
0
0
0
0
0
0
0
0
0
0
0
0
0
0
0
0
0
7.4114
0
0
0
0
0
0
0
0
-8.5577
0
0
0
0
0
0
0
0
0
0
0
0
0
0
0
0
0
0
0
0
0
0
0
0
0
0
0
0
0
0
0
0
0
0
0
0
0
0
0
0
0
0
0
0
0
0
0
0
0
0
0
0
0
0
0
0
0
0
0
0
0
0
0
0
0
0
0
0
0
0
0
0
0
0
0
0
0
0
0
0
0
0
0
0
0
0
0
0
0
0
0
0
0
0
0
0
0
0
0
0
0
0
0
0
0
0
0
0
0
8.5577
0
0
0
0
0
0
0
0
0
0
0
0
0
0
0
0
0
0
0
0
0
0
0
0
0
0
0
0
0
0
0
0
0
0
0
0
0
0
0
-7.0789
0
0
0
0
0
0
0
0
0
0
0
0
0
0
0
0
0
0
0
0
0
0
0
0
0
0
0
0
0
0
0
0
0
0
0
0
0
0
0
0
0
0
0
0
0
0
0
0
0
0
0
0
0
0
0
0
0
0
0
0
0
0
0
0
0
0
0
0
0
0
0
0
0
0
0
0
0
0
7.0789
0
0
0
0
0
0
0
0
0
0
0
0
0
0
0
0
0
0
0
0
0
0
0
0
0
0
0
0
0
0
0
0
0
0
0
0
0
0
0
0
0
0
0
0
0
0
0
-6.2212
0
0
0
0
0
0
0
0
0
0
0
0
0
0
0
0
0
0
0
0
0
0
0
0
0
0
0
0
0
0
0
0
0
0
0
0
0
0
0
0
0
0
0
0
0
0
0
0
0
0
0
0
0
0
0
0
0
0
0
0
0
0
0
0
0
0
0
0
0
0
6.2212
0
0
0
0
0
0
0
0
0
0
0
0
0
0
0
-8.1516
0
0
0
0
0
0
0
0
0
0
0
0
0
0
0
0
0
0
0
0
0
0
0
0
0
0
0
0
0
0
0
0
0
0
0
0
0
0
0
0
0
0
0
0
0
0
0
0
0
0
0
0
0
0
0
0
0
0
0
0
0
0
0
0
0
0
0
0
0
0
0
0
0
0
0
0
0
0
0
0
0
0
0
0
0
0
0
0
0
0
0
0
0
0
0
0
0
0
0
0
0
0
8.1516
0
0
0
0
0
0
0
0
0
0
0
0
0
0
0
0
0
0
0
0
0
0
0
0
0
0
0
0
0
0
0
0
-7.5696
0
0
0
0
0
0
0
0
0
0
0
0
0
0
0
0
0
0
0
0
0
0
0
0
0
0
0
0
0
0
0
0
0
0
0
0
0
0
0
0
0
0
0
0
0
0
0
0
0
0
0
0
0
0
0
0
0
0
0
0
0
0
0
0
0
0
0
0
0
0
0
0
0
0
0
0
0
0
0
0
0
0
0
0
0
7.5696
0
0
0
0
0
0
0
0
0
0
0
0
0
0
0
0
-8.2329
0
0
0
0
0
0
0
0
0
0
0
0
0
0
0
0
0
0
0
0
0
0
0
0
0
0
0
0
0
0
0
0
0
0
0
0
0
0
0
0
0
0
0
0
0
0
0
0
0
0
0
0
0
0
0
0
0
0
0
0
0
0
0
0
0
0
0
0
0
0
0
0
0
0
0
0
0
0
0
0
0
0
0
0
0
0
0
0
0
0
0
0
0
0
0
0
0
0
0
0
0
8.2329
0
0
0
0
0
0
0
0
0
0
0
0
0
0
0
0
0
0
0
0
0
0
0
0
0
0
0
0
0
0
0
0
0
0
0
0
0
0
0
0
-6.3205
0
0
0
0
0
0
0
0
0
0
0
0
0
0
0
0
0
0
0
0
0
0
0
0
0
0
0
0
0
0
0
0
0
0
0
0
0
0
0
0
0
0
0
0
0
0
0
0
0
0
0
0
0
0
0
0
0
0
0
0
0
0
0
0
0
0
0
0
0
0
0
0
0
0
0
0
0
6.3205
0
0
0
0
0
0
0
0
0
0
0
0
0
0
0
0
0
0
0
0
0
0
0
0
0
0
0
0
0
0
0
0
0
0
0
0
0
0
0
0
0
0
0
0
0
0
0
0
0
0
0
0
0
0
0
0
0
0
0
0
0
0
0
0
0
0
0
0
0
0
0
0
0
0
0
-6.1862
0
0
0
0
0
0
0
0
0
0
0
0
0
0
0
0
0
0
0
0
0
0
0
0
0
0
0
0
0
0
0
0
0
0
0
0
0
0
0
0
0
0
6.1862
