61.9774
-0.69324
-0.73268
-0.71025
-0.67098
-0.82459
-0.68588
-0.72996
-0.69866
-0.66105
-0.76959
-0.66106
-0.67011
-0.75348
-0.71394
-0.66155
-0.66161
-0.67199
-0.75985
-0.69238
-0.74519
-0.80435
-0.70469
-0.72765
-0.70422
-0.69702
-0.7081
-0.70532
-0.85289
-0.77967
-0.75797
-0.75792
-0.84623
-0.7573
-0.72598
-0.73733
-0.73734
-0.80471
-0.89521
-0.84197
-0.89788
-0.89778
-0.76161
-0.83701
-0.81945
-0.90741
-0.96657
-0.85288
-0.86607
-0.95532
-0.80181
-0.88378
-0.84275
-0.8472
-0.86576
-0.99663
-0.92019
-1.0525
-1.2706
-1.187
-1.7791
-1.9372
0
0
0
-2.5204
0
0
0
0
0
0
0
0
0
0
0
0
0
0
0
0
0
0
0
0
0
0
0
0
0
0
0
0
0
0
0
0
0
0
0
0
0
0
0
0
0
0
0
0
-8.5966
0
0
0
0
0
0
0
-0.69324
55.7795
-0.68267
-0.67562
-0.63023
-0.73153
-0.64325
-0.68499
-0.65539
-0.6195
-0.70881
-0.6195
-0.6277
-0.6872
-0.64035
-0.61968
-0.61973
-0.62982
-0.70761
-0.649
-0.70094
-0.7513
-0.66179
-0.68432
-0.66132
-0.65288
-0.66501
-0.66263
-0.80091
-0.73512
-0.71394
-0.71389
-0.79264
-0.71336
-0.68316
-0.69424
-0.69423
-0.75867
-0.8415
-0.79649
-0.84667
-0.84658
-0.71867
-0.78824
-0.7749
-0.85844
-0.91451
-0.80542
-0.81724
-0.90894
-0.75523
-0.83563
-0.80046
-0.79976
-0.82075
-0.95102
-0.87092
-1.0056
-1.227
-1.1444
-1.7705
-1.9247
0
0
0
-2.5772
0
0
0
0
0
0
0
0
0
0
0
0
0
0
0
0
0
0
0
0
0
0
0
0
0
0
0
-5.1126
0
0
0
0
0
0
0
0
0
0
0
0
0
0
0
0
0
0
0
0
0
0
0
0
-0.73268
-0.68267
57.9561
-0.70091
-0.65882
-0.77215
-0.67263
-0.71147
-0.68574
-0.64843
-0.74378
-0.64844
-0.65691
-0.72146
-0.7088
-0.6489
-0.64896
-0.65982
-0.74287
-0.67917
-0.73252
-0.78329
-0.6922
-0.71598
-0.69172
-0.68241
-0.69556
-0.69004
-0.83226
-0.76737
-0.74577
-0.74571
-0.82701
-0.74514
-0.71417
-0.72546
-0.72546
-0.79081
-0.87252
-0.83036
-0.8795
-0.87941
-0.74994
-0.82218
-0.80808
-0.89466
-0.94957
-0.84157
-0.85353
-0.94488
-0.76298
-0.87303
-0.84294
-0.83074
-0.84964
-0.98736
-0.90959
-1.0435
-1.2682
-1.1749
-1.797
-1.9524
0
0
0
-2.5911
0
0
0
0
0
0
0
0
0
0
0
0
0
0
0
0
0
0
0
0
-5.319
0
0
0
0
0
0
0
0
0
0
0
0
0
0
0
0
0
0
0
0
0
0
0
0
0
0
0
0
0
0
0
-0.71025
-0.67562
-0.70091
51.4178
-0.63735
-0.74832
-0.65174
-0.68745
-0.66435
-0.62823
-0.7222
-0.62823
-0.63659
-0.7051
-0.68766
-0.62932
-0.62937
-0.63971
-0.72187
-0.6598
-0.71199
-0.77108
-0.67247
-0.6943
-0.672
-0.66456
-0.67562
-0.67341
-0.8238
-0.7461
-0.72482
-0.72478
-0.80718
-0.72416
-0.69359
-0.70477
-0.70477
-0.77069
-0.85776
-0.80828
-0.86208
-0.86198
-0.73094
-0.80299
-0.78606
-0.87385
-0.93095
-0.82019
-0.83309
-0.92134
-0.76634
-0.85155
-0.80933
-0.81389
-0.83188
-0.96328
-0.88858
-1.0186
-1.2415
-1.1529
-1.7722
-1.9255
0
0
0
-2.5686
0
0
0
0
0
0
0
0
0
0
0
0
0
0
0
0
0
0
0
0
0
0
0
0
0
0
0
0
0
0
0
0
0
0
0
0
0
0
0
0
0
0
0
0
0
0
0
0
0
0
0
0
-0.67098
-0.63023
-0.65882
-0.63735
43.8858
-0.69315
-0.6022
-0.64245
-0.61551
-0.58368
-0.66927
-0.58369
-0.58933
-0.65383
-0.63698
-0.58425
-0.58431
-0.59326
-0.66844
-0.6117
-0.6622
-0.71705
-0.62416
-0.64489
-0.62371
-0.61591
-0.62666
-0.62116
-0.76174
-0.69459
-0.67397
-0.67392
-0.75103
-0.67334
-0.6437
-0.65459
-0.65459
-0.71708
-0.79864
-0.75459
-0.80595
-0.80585
-0.68044
-0.74883
-0.73359
-0.81923
-0.87289
-0.7667
-0.77849
-0.86569
-0.7152
-0.79636
-0.75773
-0.77154
-0.77998
-0.90751
-0.83368
-0.96112
-1.1814
-1.0942
-1.7125
0
0
0
0
0
0
0
0
0
0
0
0
0
0
0
0
0
0
0
0
0
0
0
0
0
0
0
0
0
0
0
0
0
0
0
0
0
0
0
0
0
0
0
0
0
0
0
0
0
0
0
0
0
0
0
0
0
-0.82459
-0.73153
-0.77215
-0.74832
-0.69315
57.1718
-0.70423
-0.7481
-0.71719
-0.67878
-0.79089
-0.67878
-0.68804
-0.77811
-0.73301
-0.67948
-0.67955
-0.68983
-0.7799
-0.71039
-0.76383
-0.82584
-0.72275
-0.74656
-0.72227
-0.71612
-0.72605
-0.72731
-0.87544
-0.79827
-0.77644
-0.77639
-0.8678
-0.77567
-0.74389
-0.75537
-0.75538
-0.8238
-0.91556
-0.86111
-0.91862
-0.91853
-0.78192
-0.85693
-0.83803
-0.92738
-0.98783
-0.8717
-0.88613
-0.97481
-0.82934
-0.90334
-0.8631
-0.88065
-0.88767
-1.0164
-0.9399
-1.0727
-1.2921
-1.2095
0
0
0
0
0
0
0
0
0
0
0
0
0
0
0
0
0
0
0
0
0
0
0
0
0
0
0
0
0
0
0
0
0
0
0
0
0
0
0
0
0
0
0
0
0
0
0
0
-8.8134
0
0
0
0
0
0
0
0
0
-0.68588
-0.64325
-0.67263
-0.65174
-0.6022
-0.70423
44.9292
-0.653
-0.62449
-0.59253
-0.67963
-0.59253
-0.59471
-0.66403
-0.6474
-0.59372
-0.59377
-0.60308
-0.67859
-0.61783
-0.67305
-0.73135
-0.63464
-0.6559
-0.63419
-0.6212
-0.63727
-0.63729
-0.77343
-0.70593
-0.68517
-0.68511
-0.76319
-0.6845
-0.65468
-0.66562
-0.66563
-0.72947
-0.8119
-0.76639
-0.81744
-0.81735
-0.69188
-0.75905
-0.74493
-0.83293
-0.88577
-0.76993
-0.78886
-0.87847
-0.73127
-0.80688
-0.76997
-0.78428
-0.79307
-0.92071
-0.84679
-0.9748
-1.1967
-1.1087
0
0
0
-2.0982
0
0
0
0
0
0
0
0
0
0
0
0
0
0
0
0
0
0
0
0
0
0
0
0
0
0
0
0
0
0
0
0
0
0
0
0
0
0
0
0
0
0
0
0
0
0
0
0
0
0
0
0
0
0
-0.72996
-0.68499
-0.71147
-0.68745
-0.64245
-0.7481
-0.653
50.5042
-0.66645
-0.62968
-0.7208
-0.62968
-0.63748
-0.70531
-0.68989
-0.63064
-0.6307
-0.64134
-0.72338
-0.66027
-0.71335
-0.76798
-0.67365
-0.69733
-0.67318
-0.66345
-0.67666
-0.67526
-0.81623
-0.74757
-0.7263
-0.72625
-0.80643
-0.72565
-0.69507
-0.70626
-0.70627
-0.77077
-0.85121
-0.81019
-0.85784
-0.85774
-0.73171
-0.80151
-0.78817
-0.87652
-0.92804
-0.82265
-0.83284
-0.92414
-0.7465
-0.85198
-0.82525
-0.81937
-0.83111
-0.9669
-0.88955
-1.0224
-1.2463
-1.1534
0
0
0
0
0
0
0
0
0
0
0
0
0
0
0
0
0
0
0
0
-5.2782
0
0
0
0
0
0
0
0
0
0
0
0
0
0
0
0
0
0
0
0
0
0
0
0
0
0
0
0
0
0
0
0
0
0
0
0
0
-0.69866
-0.65539
-0.68574
-0.66435
-0.61551
-0.71719
-0.62449
-0.66645
46.2235
-0.60431
-0.6937
-0.60431
-0.60935
-0.67693
-0.65998
-0.60553
-0.60559
-0.61566
-0.69175
-0.63179
-0.68665
-0.74742
-0.64784
-0.6696
-0.64738
-0.6386
-0.65059
-0.65066
-0.78848
-0.72012
-0.69917
-0.69913
-0.77867
-0.69848
-0.66829
-0.67937
-0.67937
-0.74406
-0.82603
-0.78124
-0.8316
-0.8315
-0.70613
-0.77293
-0.75944
-0.84794
-0.9012
-0.77737
-0.80349
-0.89353
-0.74425
-0.82036
-0.78423
-0.79861
-0.80752
-0.9363
-0.84582
-0.99066
-1.2131
-1.1263
0
0
0
0
0
0
0
-2.6033
0
0
0
0
0
0
0
0
0
0
0
0
0
0
0
0
0
0
0
0
0
0
0
0
0
0
0
0
0
0
0
0
0
0
0
0
0
0
0
0
0
0
0
0
0
0
0
0
0
0
-0.66105
-0.6195
-0.64843
-0.62823
-0.58368
-0.67878
-0.59253
-0.62968
-0.60431
41.366
-0.65557
-0.54718
-0.58075
-0.64027
-0.6243
-0.57256
-0.57262
-0.5802
-0.65475
-0.59844
-0.64867
-0.70052
-0.61107
-0.63179
-0.61061
-0.60303
-0.6133
-0.61241
-0.74887
-0.68026
-0.66
-0.65996
-0.73673
-0.65934
-0.63009
-0.64087
-0.64088
-0.70303
-0.78403
-0.73983
-0.79072
-0.79063
-0.66684
-0.73415
-0.71912
-0.80442
-0.85772
-0.75178
-0.7633
-0.8501
-0.7066
-0.78105
-0.7431
-0.75745
-0.76536
-0.89189
-0.81784
-0.94498
-1.1636
-1.0772
0
0
0
0
0
0
0
0
0
0
0
0
0
0
0
0
0
0
0
0
0
0
0
0
0
0
0
0
0
0
0
0
0
0
0
0
0
0
0
0
0
0
0
0
0
0
0
0
0
0
0
0
0
0
0
0
0
0
-0.76959
-0.70881
-0.74378
-0.7222
-0.66927
-0.79089
-0.67963
-0.7208
-0.6937
-0.65557
54.5888
-0.65558
-0.66291
-0.72527
-0.71138
-0.65356
-0.65361
-0.66394
-0.74184
-0.68339
-0.73668
-0.78714
-0.69623
-0.71863
-0.69575
-0.68403
-0.69938
-0.69974
-0.83661
-0.77095
-0.74947
-0.74942
-0.82969
-0.74872
-0.71786
-0.72917
-0.72917
-0.79585
-0.8767
-0.83353
-0.88185
-0.88176
-0.75404
-0.82237
-0.81127
-0.90055
-0.95275
-0.85034
-0.8523
-0.94783
-0.7803
-0.86974
-0.83613
-0.84692
-0.85995
-0.99031
-0.90778
-1.0462
0
0
0
0
0
0
0
0
0
0
0
-2.2155
0
0
0
0
0
0
0
0
0
0
0
0
0
0
0
0
0
0
0
0
0
0
0
0
0
0
0
0
0
0
0
0
0
0
0
0
0
0
0
0
0
0
0
-8.1904
0
0
0
0
-0.66106
-0.6195
-0.64844
-0.62823
-0.58369
-0.67878
-0.59253
-0.62968
-0.60431
-0.54718
-0.65558
41.3662
-0.58074
-0.64027
-0.6243
-0.57256
-0.57262
-0.5802
-0.65475
-0.59845
-0.64867
-0.70053
-0.61108
-0.6318
-0.61062
-0.60303
-0.6133
-0.61242
-0.74888
-0.68027
-0.66001
-0.65996
-0.73673
-0.65934
-0.63009
-0.64088
-0.64088
-0.70304
-0.78403
-0.73983
-0.79073
-0.79064
-0.66684
-0.73414
-0.71912
-0.80443
-0.85772
-0.75178
-0.76331
-0.85011
-0.7066
-0.78106
-0.74312
-0.75747
-0.76537
-0.8919
-0.81786
-0.94498
-1.1636
-1.0772
0
0
0
0
0
0
0
0
0
0
0
0
0
0
0
0
0
0
0
0
0
0
0
0
0
0
0
0
0
0
0
0
0
0
0
0
0
0
0
0
0
0
0
0
0
0
0
0
0
0
0
0
0
0
0
0
0
0
-0.67011
-0.6277
-0.65691
-0.63659
-0.58933
-0.68804
-0.59471
-0.63748
-0.60935
-0.58075
-0.66291
-0.58074
42.8216
-0.64754
-0.63086
-0.58011
-0.58016
-0.58818
-0.66131
-0.60239
-0.65655
-0.70974
-0.61878
-0.6394
-0.61833
-0.60509
-0.62121
-0.62103
-0.75692
-0.68866
-0.66822
-0.66818
-0.7434
-0.66754
-0.63805
-0.64887
-0.64888
-0.712
-0.79284
-0.74831
-0.79862
-0.79853
-0.6706
-0.74105
-0.72734
-0.81445
-0.86655
-0.75129
-0.77045
-0.85946
-0.71415
-0.78838
-0.75239
-0.76676
-0.77524
-0.90157
-0.82809
-0.95503
-1.1739
0
0
0
0
-2.0706
0
0
0
0
0
0
0
0
0
0
0
0
0
0
0
0
0
0
0
0
0
0
0
0
0
0
0
0
0
0
0
0
0
0
0
0
0
0
0
0
0
0
0
0
0
0
0
0
0
0
0
0
0
0
-0.75348
-0.6872
-0.72146
-0.7051
-0.65383
-0.77811
-0.66403
-0.70531
-0.67693
-0.64027
-0.72527
-0.64027
-0.64754
53.4353
-0.69554
-0.63831
-0.63837
-0.64817
-0.72577
-0.66743
-0.72
-0.76907
-0.68018
-0.70256
-0.67972
-0.6702
-0.68318
-0.68537
-0.8166
-0.75375
-0.73246
-0.73241
-0.81136
-0.73173
-0.70112
-0.71233
-0.71234
-0.77853
-0.86098
-0.81567
-0.86535
-0.86525
-0.73674
-0.80644
-0.79351
-0.88157
-0.93548
-0.82749
-0.8361
-0.92855
-0.77694
-0.85395
-0.81784
-0.81971
-0.83982
-0.97031
-0.89269
-1.0259
0
0
0
-1.9261
0
0
0
0
0
0
0
0
0
0
0
0
0
0
0
0
0
0
0
0
0
0
0
0
0
0
0
0
0
0
0
0
0
0
0
0
0
0
0
0
0
0
0
0
0
0
0
0
0
0
0
0
0
-8.2735
0
0
-0.71394
-0.64035
-0.7088
-0.68766
-0.63698
-0.73301
-0.6474
-0.68989
-0.65998
-0.6243
-0.71138
-0.6243
-0.63086
-0.69554
48.6805
-0.62449
-0.62454
-0.6346
-0.71158
-0.65374
-0.70653
-0.76515
-0.66709
-0.69048
-0.66662
-0.65804
-0.67028
-0.6698
-0.81372
-0.74077
-0.71965
-0.71961
-0.79786
-0.71897
-0.68867
-0.69982
-0.69982
-0.76493
-0.84552
-0.80295
-0.85184
-0.85175
-0.72218
-0.79327
-0.78116
-0.86641
-0.92119
-0.81184
-0.82301
-0.91631
-0.76892
-0.84089
-0.80938
-0.818
-0.83015
-0.95927
-0.87709
-1.0138
-1.2355
0
0
0
0
0
0
0
0
0
0
0
0
0
0
0
0
0
0
0
0
0
0
0
0
0
0
0
0
0
0
0
0
0
0
-5.0289
0
0
0
0
0
0
0
0
0
0
0
0
0
0
0
0
0
0
0
0
0
0
0
0
-0.66155
-0.61968
-0.6489
-0.62932
-0.58425
-0.67948
-0.59372
-0.63064
-0.60553
-0.57256
-0.65356
-0.57256
-0.58011
-0.63831
-0.62449
39.0445
-0.54354
-0.57551
-0.65315
-0.59467
-0.6455
-0.6979
-0.60856
-0.62888
-0.6081
-0.60027
-0.61078
-0.60977
-0.7475
-0.67756
-0.65755
-0.65749
-0.7472
-0.65676
-0.62814
-0.63898
-0.63898
-0.70254
-0.78248
-0.73799
-0.78887
-0.78878
-0.6611
-0.7322
-0.71695
-0.803
-0.85716
-0.74976
-0.76182
-0.84769
-0.70562
-0.77901
-0.74135
-0.75647
-0.76418
-0.8884
-0.8154
-0.94231
0
0
0
0
0
0
0
0
0
0
0
0
0
0
0
0
0
0
0
0
0
0
0
0
0
0
0
0
0
0
0
0
0
0
0
0
0
0
0
0
0
0
0
0
0
0
0
0
0
0
0
0
0
0
0
0
0
0
0
0
-0.66161
-0.61973
-0.64896
-0.62937
-0.58431
-0.67955
-0.59377
-0.6307
-0.60559
-0.57262
-0.65361
-0.57262
-0.58016
-0.63837
-0.62454
-0.54354
39.0477
-0.57556
-0.6532
-0.59473
-0.64555
-0.69795
-0.60861
-0.62893
-0.60815
-0.60034
-0.61084
-0.60983
-0.74755
-0.67761
-0.65759
-0.65754
-0.74724
-0.65681
-0.62819
-0.63903
-0.63904
-0.70259
-0.78254
-0.73804
-0.78893
-0.78884
-0.66117
-0.73225
-0.71701
-0.80307
-0.85721
-0.74982
-0.76189
-0.84776
-0.70568
-0.77908
-0.74141
-0.75652
-0.76425
-0.88846
-0.81546
-0.94237
0
0
0
0
0
0
0
0
0
0
0
0
0
0
0
0
0
0
0
0
0
0
0
0
0
0
0
0
0
0
0
0
0
0
0
0
0
0
0
0
0
0
0
0
0
0
0
0
0
0
0
0
0
0
0
0
0
0
0
0
-0.67199
-0.62982
-0.65982
-0.63971
-0.59326
-0.68983
-0.60308
-0.64134
-0.61566
-0.5802
-0.66394
-0.5802
-0.58818
-0.64817
-0.6346
-0.57551
-0.57556
37.2958
-0.66095
-0.60567
-0.65752
-0.70591
-0.61892
-0.64066
-0.61845
-0.61136
-0.62048
-0.61979
-0.75516
-0.6872
-0.66716
-0.66712
-0.75035
-0.66625
-0.63704
-0.64798
-0.64798
-0.71091
-0.79221
-0.74749
-0.79858
-0.79849
-0.6707
-0.74154
-0.72619
-0.81225
-0.86778
-0.76075
-0.77271
-0.85852
0
-0.78971
-0.75082
-0.76843
0
-0.89866
0
-0.9532
0
0
0
0
0
0
0
0
0
0
0
0
0
0
0
0
0
0
0
0
0
0
0
0
0
0
0
0
0
0
0
0
0
0
0
0
0
0
0
0
0
0
0
0
0
0
0
0
0
0
0
0
0
0
0
0
0
0
0
0
-0.75985
-0.70761
-0.74287
-0.72187
-0.66844
-0.7799
-0.67859
-0.72338
-0.69175
-0.65475
-0.74184
-0.65475
-0.66131
-0.72577
-0.71158
-0.65315
-0.6532
-0.66095
47.6077
-0.67738
-0.73123
-0.80112
-0.69123
-0.70618
-0.69075
-0.68131
-0.694
-0.69447
-0.82583
-0.76464
-0.74347
-0.74343
-0.8243
-0.74266
-0.71179
-0.72316
-0.72315
-0.78792
-0.87166
-0.82739
-0.87559
-0.8755
-0.74652
-0.81626
-0.80526
-0.89303
-0.94596
-0.8396
-0.84792
-0.94268
0
-0.86609
0
0
0
0
0
0
0
0
0
0
-2.3311
0
0
0
0
0
0
0
0
0
0
0
0
0
0
0
0
0
0
0
0
0
0
0
0
0
0
0
0
0
0
0
0
0
0
0
0
0
0
0
0
0
0
0
-7.5736
0
0
0
0
0
0
0
0
0
0
0
-0.69238
-0.649
-0.67917
-0.6598
-0.6117
-0.71039
-0.61783
-0.66027
-0.63179
-0.59844
-0.68339
-0.59845
-0.60239
-0.66743
-0.65374
-0.59467
-0.59473
-0.60567
-0.67738
36.0719
-0.67966
-0.72255
-0.63712
-0.66157
-0.63664
-0.62455
-0.63765
-0.63931
-0.77419
-0.70468
-0.68471
-0.68466
-0.76565
-0.68355
-0.65382
-0.66504
-0.66505
-0.72739
-0.8127
-0.76576
-0.8171
-0.81701
-0.6894
-0.75831
-0.74471
-0.83225
-0.88731
-0.76873
-0.79271
-0.87826
0
0
0
0
0
0
0
0
0
0
0
0
0
-2.0712
0
0
0
0
0
0
0
0
0
0
0
0
0
0
0
0
0
0
0
0
0
0
0
0
0
0
0
0
0
0
0
0
0
0
0
0
0
0
0
0
0
0
0
0
0
0
0
0
0
0
0
0
0
0
-0.74519
-0.70094
-0.73252
-0.71199
-0.6622
-0.76383
-0.67305
-0.71335
-0.68665
-0.64867
-0.73668
-0.64867
-0.65655
-0.72
-0.70653
-0.6455
-0.64555
-0.65752
-0.73123
-0.67966
34.8687
-0.77387
-0.68691
-0.72357
-0.68642
-0.68733
-0.68712
-0.70446
-0.82102
-0.76164
-0.73977
-0.73972
-0.82161
-0.73768
-0.70695
-0.71874
-0.71874
-0.79077
-0.88383
-0.82284
-0.87747
-0.87738
-0.74552
-0.81804
-0.80225
-0.89061
0
-0.83946
0
-0.93868
0
0
0
0
0
0
0
0
0
0
0
0
0
0
0
0
0
0
0
0
0
0
0
0
0
0
0
0
0
0
0
0
0
0
0
0
0
0
0
0
0
0
0
0
0
0
0
0
0
0
0
0
0
0
0
0
0
0
0
0
0
0
0
0
0
0
0
0
-0.80435
-0.7513
-0.78329
-0.77108
-0.71705
-0.82584
-0.73135
-0.76798
-0.74742
-0.70052
-0.78714
-0.70053
-0.70974
-0.76907
-0.76515
-0.6979
-0.69795
-0.70591
-0.80112
-0.72255
-0.77387
49.3422
-0.73196
-0.75423
-0.73148
-0.72411
-0.73433
-0.72687
-0.85665
-0.80654
-0.78483
-0.78477
-0.85586
-0.78324
-0.75226
-0.7638
-0.76379
-0.83964
-0.90182
-0.86937
-0.92496
-0.92486
-0.78097
-0.86491
-0.8485
0
0
0
0
0
0
0
0
0
0
0
0
0
0
0
0
0
0
0
0
0
-2.4022
0
0
0
0
0
0
0
0
0
0
0
0
0
0
0
0
0
0
-5.257
0
0
0
0
0
0
0
0
0
0
0
0
0
0
0
0
0
0
0
0
0
0
0
-7.442
0
0
0
0
0
0
0
0
-0.70469
-0.66179
-0.6922
-0.67247
-0.62416
-0.72275
-0.63464
-0.67365
-0.64784
-0.61107
-0.69623
-0.61108
-0.61878
-0.68018
-0.66709
-0.60856
-0.60861
-0.61892
-0.69123
-0.63712
-0.68691
-0.73196
31.1904
-0.66599
-0.61199
-0.62929
-0.6416
-0.65111
-0.78407
-0.71671
-0.69566
-0.69559
-0.78388
-0.69344
-0.6643
-0.6763
-0.6763
-0.75267
-0.81123
-0.77864
-0.84046
-0.84036
-0.70376
-0.77502
-0.75784
-0.8423
0
0
0
0
0
0
0
0
0
0
0
0
0
0
0
0
0
0
0
0
0
0
0
0
0
0
0
0
0
0
0
0
0
0
0
0
0
0
0
0
0
0
0
0
0
0
0
0
0
0
0
0
0
0
0
0
0
0
0
0
0
0
0
0
0
0
0
0
0
0
0
0
-0.72765
-0.68432
-0.71598
-0.6943
-0.64489
-0.74656
-0.6559
-0.69733
-0.6696
-0.63179
-0.71863
-0.6318
-0.6394
-0.70256
-0.69048
-0.62888
-0.62893
-0.64066
-0.70618
-0.66157
-0.72357
-0.75423
-0.66599
33.6603
-0.66554
-0.65863
-0.6638
-0.68729
-0.80323
-0.73906
-0.71816
-0.71811
-0.8085
-0.71561
-0.68658
-0.69806
-0.69806
-0.76611
-0.87311
-0.80006
-0.85399
-0.85391
-0.72188
-0.79575
-0.78116
0
0
0
0
0
0
0
0
0
0
0
0
0
0
0
0
0
-2.2925
0
0
0
0
0
0
0
0
0
0
0
0
0
0
0
0
0
0
0
0
0
0
0
0
0
0
0
0
0
0
0
0
0
0
0
0
0
0
0
0
0
0
0
0
0
0
0
0
0
0
0
0
0
0
0
-0.70422
-0.66132
-0.69172
-0.672
-0.62371
-0.72227
-0.63419
-0.67318
-0.64738
-0.61061
-0.69575
-0.61062
-0.61833
-0.67972
-0.66662
-0.6081
-0.60815
-0.61845
-0.69075
-0.63664
-0.68642
-0.73148
-0.61199
-0.66554
31.1685
-0.62884
-0.64105
-0.65074
-0.7836
-0.71616
-0.69512
-0.69506
-0.78344
-0.69288
-0.66379
-0.67578
-0.67577
-0.752
-0.81099
-0.77807
-0.83978
-0.83968
-0.70322
-0.77441
-0.75729
-0.8417
0
0
0
0
0
0
0
0
0
0
0
0
0
0
0
0
0
0
0
0
0
0
0
0
0
0
0
0
0
0
0
0
0
0
0
0
0
0
0
0
0
0
0
0
0
0
0
0
0
0
0
0
0
0
0
0
0
0
0
0
0
0
0
0
0
0
0
0
0
0
0
0
-0.69702
-0.65288
-0.68241
-0.66456
-0.61591
-0.71612
-0.6212
-0.66345
-0.6386
-0.60303
-0.68403
-0.60303
-0.60509
-0.6702
-0.65804
-0.60027
-0.60034
-0.61136
-0.68131
-0.62455
-0.68733
-0.72411
-0.62929
-0.65863
-0.62884
33.2753
-0.63186
-0.64822
-0.77957
-0.70376
-0.68386
-0.68381
-0.77718
-0.68127
-0.65383
-0.66498
-0.66498
-0.73088
-0.84052
-0.76424
-0.81343
-0.81334
-0.68765
-0.75561
-0.74591
0
0
0
0
0
0
0
0
0
0
0
0
0
0
0
0
0
0
0
0
0
0
0
0
0
0
0
0
0
0
-3.3288
0
0
0
0
0
0
0
0
0
0
0
0
0
0
0
0
0
0
0
0
0
0
0
0
0
0
0
0
0
0
0
0
0
0
0
0
0
0
0
0
0
0
-0.7081
-0.66501
-0.69556
-0.67562
-0.62666
-0.72605
-0.63727
-0.67666
-0.65059
-0.6133
-0.69938
-0.6133
-0.62121
-0.68318
-0.67028
-0.61078
-0.61084
-0.62048
-0.694
-0.63765
-0.68712
-0.73433
-0.6416
-0.6638
-0.64105
-0.63186
28.9754
-0.64592
-0.78273
-0.72319
-0.70066
-0.70059
-0.77237
-0.69784
-0.6693
-0.68054
-0.68054
-0.75707
-0.80421
-0.77741
-0.84305
-0.84293
0
0
-0.76142
0
0
0
0
0
0
0
0
0
0
0
0
0
0
0
0
0
0
0
0
0
0
0
0
0
0
0
0
0
0
0
0
0
0
0
0
0
0
0
0
0
0
0
0
0
0
0
0
0
0
0
0
0
0
0
0
0
0
0
0
0
0
0
0
0
0
0
0
0
0
0
0
0
-0.70532
-0.66263
-0.69004
-0.67341
-0.62116
-0.72731
-0.63729
-0.67526
-0.65066
-0.61241
-0.69974
-0.61242
-0.62103
-0.68537
-0.6698
-0.60977
-0.60983
-0.61979
-0.69447
-0.63931
-0.70446
-0.72687
-0.65111
-0.68729
-0.65074
-0.64822
-0.64592
32.8943
-0.78185
-0.70645
-0.69099
-0.69094
-0.76847
-0.68952
-0.66262
-0.67344
-0.67344
-0.73177
0
-0.77071
0
0
0
0
0
0
0
0
0
0
0
0
-0.77215
0
0
0
0
0
0
0
-1.6809
0
0
0
0
0
0
0
0
0
0
0
0
0
0
0
0
0
0
0
0
0
0
0
0
0
0
0
0
0
0
0
0
0
-4.7694
0
0
0
0
0
0
0
0
0
0
0
0
0
0
0
0
0
0
0
0
0
0
0
-0.85289
-0.80091
-0.83226
-0.8238
-0.76174
-0.87544
-0.77343
-0.81623
-0.78848
-0.74887
-0.83661
-0.74888
-0.75692
-0.8166
-0.81372
-0.7475
-0.74755
-0.75516
-0.82583
-0.77419
-0.82102
-0.85665
-0.78407
-0.80323
-0.7836
-0.77957
-0.78273
-0.78185
46.6694
-0.84988
-0.8291
-0.82905
-0.90078
-0.8274
-0.79686
-0.80863
-0.80863
0
0
0
0
0
0
0
0
0
0
0
0
0
0
0
0
0
0
0
0
0
0
0
0
0
0
0
0
0
-2.5275
0
0
0
0
0
0
0
0
0
0
0
0
0
0
0
0
0
0
0
0
0
0
0
0
0
0
0
0
0
0
0
0
0
0
-7.6009
0
0
0
0
0
0
0
0
0
0
0
0
-7.601
0
0
0
-0.77967
-0.73512
-0.76737
-0.7461
-0.69459
-0.79827
-0.70593
-0.74757
-0.72012
-0.68026
-0.77095
-0.68027
-0.68866
-0.75375
-0.74077
-0.67756
-0.67761
-0.6872
-0.76464
-0.70468
-0.76164
-0.80654
-0.71671
-0.73906
-0.71616
-0.70376
-0.72319
-0.70645
-0.84988
28.4261
-0.79887
-0.79879
-0.83519
-0.78745
-0.74728
-0.7599
-0.75989
-0.82737
0
-0.8669
0
0
0
0
0
0
0
0
0
0
0
0
0
0
0
0
0
0
0
0
0
0
0
0
0
0
0
0
0
0
0
0
0
0
0
0
0
0
0
0
0
0
0
0
0
0
0
0
0
0
0
0
0
0
0
0
0
0
0
0
0
0
0
0
0
0
0
0
0
0
0
0
0
0
0
0
0
0
-0.75797
-0.71394
-0.74577
-0.72482
-0.67397
-0.77644
-0.68517
-0.7263
-0.69917
-0.66
-0.74947
-0.66001
-0.66822
-0.73246
-0.71965
-0.65755
-0.65759
-0.66716
-0.74347
-0.68471
-0.73977
-0.78483
-0.69566
-0.71816
-0.69512
-0.68386
-0.70066
-0.69099
-0.8291
-0.79887
26.7551
-0.75663
-0.8225
-0.7527
-0.71598
-0.72935
-0.72936
-0.80776
0
0
0
0
0
0
0
0
0
0
0
0
0
0
0
0
0
0
0
0
0
0
0
0
0
0
0
0
0
0
0
0
0
0
0
0
0
0
0
0
0
0
0
0
0
0
0
0
0
0
0
0
0
0
0
0
0
0
0
0
0
0
0
0
0
0
0
0
0
0
0
0
0
0
0
0
0
0
0
0
-0.75792
-0.71389
-0.74571
-0.72478
-0.67392
-0.77639
-0.68511
-0.72625
-0.69913
-0.65996
-0.74942
-0.65996
-0.66818
-0.73241
-0.71961
-0.65749
-0.65754
-0.66712
-0.74343
-0.68466
-0.73972
-0.78477
-0.69559
-0.71811
-0.69506
-0.68381
-0.70059
-0.69094
-0.82905
-0.79879
-0.75663
26.7532
-0.82246
-0.75264
-0.71592
-0.72931
-0.72931
-0.80766
0
0
0
0
0
0
0
0
0
0
0
0
0
0
0
0
0
0
0
0
0
0
0
0
0
0
0
0
0
0
0
0
0
0
0
0
0
0
0
0
0
0
0
0
0
0
0
0
0
0
0
0
0
0
0
0
0
0
0
0
0
0
0
0
0
0
0
0
0
0
0
0
0
0
0
0
0
0
0
0
-0.84623
-0.79264
-0.82701
-0.80718
-0.75103
-0.8678
-0.76319
-0.80643
-0.77867
-0.73673
-0.82969
-0.73673
-0.7434
-0.81136
-0.79786
-0.7472
-0.74724
-0.75035
-0.8243
-0.76565
-0.82161
-0.85586
-0.78388
-0.8085
-0.78344
-0.77718
-0.77237
-0.76847
-0.90078
-0.83519
-0.8225
-0.82246
38.5652
-0.8187
0
0
0
0
0
0
0
0
0
0
0
0
0
0
0
0
0
0
0
0
0
0
0
0
0
0
0
0
0
0
0
0
0
0
0
0
0
0
-1.2404
0
0
0
-3.915
0
0
0
0
0
0
0
0
0
0
0
0
0
0
0
0
0
0
0
0
0
0
0
0
0
0
0
0
0
0
0
0
0
0
-7.1081
0
0
0
0
0
0
-0.7573
-0.71336
-0.74514
-0.72416
-0.67334
-0.77567
-0.6845
-0.72565
-0.69848
-0.65934
-0.74872
-0.65934
-0.66754
-0.73173
-0.71897
-0.65676
-0.65681
-0.66625
-0.74266
-0.68355
-0.73768
-0.78324
-0.69344
-0.71561
-0.69288
-0.68127
-0.69784
-0.68952
-0.8274
-0.78745
-0.7527
-0.75264
-0.8187
25.9084
-0.72018
-0.73428
-0.73428
0
0
0
0
0
0
0
0
0
0
0
0
0
0
0
0
0
0
0
0
0
0
0
0
0
0
0
0
0
0
0
0
0
0
0
0
0
0
0
0
0
0
0
0
0
0
0
0
0
0
0
0
0
0
0
0
0
0
0
0
0
0
0
0
0
0
0
0
0
0
0
0
0
0
0
0
0
0
0
0
0
-0.72598
-0.68316
-0.71417
-0.69359
-0.6437
-0.74389
-0.65468
-0.69507
-0.66829
-0.63009
-0.71786
-0.63009
-0.63805
-0.70112
-0.68867
-0.62814
-0.62819
-0.63704
-0.71179
-0.65382
-0.70695
-0.75226
-0.6643
-0.68658
-0.66379
-0.65383
-0.6693
-0.66262
-0.79686
-0.74728
-0.71598
-0.71592
0
-0.72018
23.9943
-0.6755
-0.67551
0
0
0
0
0
0
0
0
0
0
0
0
0
0
0
0
0
0
0
0
0
0
0
0
0
0
0
0
0
0
0
0
0
0
0
0
0
0
0
0
0
0
0
0
0
0
0
0
0
0
0
0
0
0
0
0
0
0
0
0
0
0
0
0
0
0
0
0
0
0
0
0
0
0
0
0
0
0
0
0
0
-0.73733
-0.69424
-0.72546
-0.70477
-0.65459
-0.75537
-0.66562
-0.70626
-0.67937
-0.64087
-0.72917
-0.64088
-0.64887
-0.71233
-0.69982
-0.63898
-0.63903
-0.64798
-0.72316
-0.66504
-0.71874
-0.7638
-0.6763
-0.69806
-0.67578
-0.66498
-0.68054
-0.67344
-0.80863
-0.7599
-0.72935
-0.72931
0
-0.73428
-0.6755
23.6977
0
0
0
0
0
0
0
0
0
0
0
0
0
0
0
0
0
0
0
0
0
0
0
0
0
0
0
0
0
0
0
0
0
0
0
0
0
0
0
0
0
0
0
0
0
0
0
0
0
0
0
0
0
0
0
0
0
0
0
0
0
0
0
0
0
0
0
0
0
0
0
0
0
0
0
0
0
0
0
0
0
0
-0.73734
-0.69423
-0.72546
-0.70477
-0.65459
-0.75538
-0.66563
-0.70627
-0.67937
-0.64088
-0.72917
-0.64088
-0.64888
-0.71234
-0.69982
-0.63898
-0.63904
-0.64798
-0.72315
-0.66505
-0.71874
-0.76379
-0.6763
-0.69806
-0.67577
-0.66498
-0.68054
-0.67344
-0.80863
-0.75989
-0.72936
-0.72931
0
-0.73428
-0.67551
0
23.6978
0
0
0
0
0
0
0
0
0
0
0
0
0
0
0
0
0
0
0
0
0
0
0
0
0
0
0
0
0
0
0
0
0
0
0
0
0
0
0
0
0
0
0
0
0
0
0
0
0
0
0
0
0
0
0
0
0
0
0
0
0
0
0
0
0
0
0
0
0
0
0
0
0
0
0
0
0
0
0
0
0
-0.80471
-0.75867
-0.79081
-0.77069
-0.71708
-0.8238
-0.72947
-0.77077
-0.74406
-0.70303
-0.79585
-0.70304
-0.712
-0.77853
-0.76493
-0.70254
-0.70259
-0.71091
-0.78792
-0.72739
-0.79077
-0.83964
-0.75267
-0.76611
-0.752
-0.73088
-0.75707
-0.73177
0
-0.82737
-0.80776
-0.80766
0
0
0
0
0
28.5123
0
0
0
0
0
0
0
0
0
0
0
0
0
0
0
0
0
0
0
0
0
0
0
0
0
0
0
0
0
0
0
0
0
0
0
0
-4.9499
0
0
0
0
0
0
0
0
0
0
0
0
0
0
0
0
0
0
0
0
0
0
0
0
0
0
0
0
0
0
0
0
0
0
0
0
0
0
0
0
0
0
0
-0.89521
-0.8415
-0.87252
-0.85776
-0.79864
-0.91556
-0.8119
-0.85121
-0.82603
-0.78403
-0.8767
-0.78403
-0.79284
-0.86098
-0.84552
-0.78248
-0.78254
-0.79221
-0.87166
-0.8127
-0.88383
-0.90182
-0.81123
-0.87311
-0.81099
-0.84052
-0.80421
0
0
0
0
0
0
0
0
0
0
0
33.7465
0
0
0
0
0
0
0
0
0
0
0
0
0
0
0
0
0
0
0
0
0
0
0
0
0
0
0
0
0
0
0
0
0
0
0
0
0
0
0
0
0
0
0
0
0
0
0
0
0
0
-4.8224
0
0
0
0
0
0
0
0
0
0
0
0
0
0
0
0
0
0
0
0
0
0
0
0
0
0
-6.3424
0
-0.84197
-0.79649
-0.83036
-0.80828
-0.75459
-0.86111
-0.76639
-0.81019
-0.78124
-0.73983
-0.83353
-0.73983
-0.74831
-0.81567
-0.80295
-0.73799
-0.73804
-0.74749
-0.82739
-0.76576
-0.82284
-0.86937
-0.77864
-0.80006
-0.77807
-0.76424
-0.77741
-0.77071
0
-0.8669
0
0
0
0
0
0
0
0
0
22.9757
0
0
0
0
0
0
0
0
0
0
0
0
0
0
0
0
0
0
0
0
0
0
0
0
0
0
0
0
0
0
0
0
0
0
0
0
0
0
0
0
0
0
0
0
0
0
0
0
0
0
0
0
0
0
0
0
0
0
0
0
0
0
0
0
0
0
0
0
0
0
0
0
0
0
0
0
0
0
-0.89788
-0.84667
-0.8795
-0.86208
-0.80595
-0.91862
-0.81744
-0.85784
-0.8316
-0.79072
-0.88185
-0.79073
-0.79862
-0.86535
-0.85184
-0.78887
-0.78893
-0.79858
-0.87559
-0.8171
-0.87747
-0.92496
-0.84046
-0.85399
-0.83978
-0.81343
-0.84305
0
0
0
0
0
0
0
0
0
0
0
0
0
29.0153
0
0
0
0
0
0
0
0
0
0
0
0
0
0
0
0
0
0
0
0
0
0
0
0
0
0
0
0
0
0
0
0
0
0
0
0
0
0
0
0
0
0
0
0
0
0
0
0
0
0
0
0
0
0
0
0
0
0
0
-6.2564
0
0
0
0
0
0
0
0
0
0
0
0
0
0
0
0
0
-0.89778
-0.84658
-0.87941
-0.86198
-0.80585
-0.91853
-0.81735
-0.85774
-0.8315
-0.79063
-0.88176
-0.79064
-0.79853
-0.86525
-0.85175
-0.78878
-0.78884
-0.79849
-0.8755
-0.81701
-0.87738
-0.92486
-0.84036
-0.85391
-0.83968
-0.81334
-0.84293
0
0
0
0
0
0
0
0
0
0
0
0
0
0
29.0123
0
0
0
0
0
0
0
0
0
0
0
0
0
0
0
0
0
0
0
0
0
0
0
0
0
0
0
0
0
0
0
0
0
0
0
0
0
0
0
0
0
0
0
0
0
0
0
0
0
0
0
0
0
0
0
0
0
0
0
0
0
0
0
0
0
0
0
0
0
0
-6.2559
0
0
0
0
0
-0.76161
-0.71867
-0.74994
-0.73094
-0.68044
-0.78192
-0.69188
-0.73171
-0.70613
-0.66684
-0.75404
-0.66684
-0.6706
-0.73674
-0.72218
-0.6611
-0.66117
-0.6707
-0.74652
-0.6894
-0.74552
-0.78097
-0.70376
-0.72188
-0.70322
-0.68765
0
0
0
0
0
0
0
0
0
0
0
0
0
0
0
0
21.4641
0
0
0
0
0
0
0
0
0
0
0
0
0
0
0
0
0
0
0
0
0
0
0
0
0
0
0
0
0
0
0
0
0
0
0
0
0
0
0
0
0
0
0
0
0
0
0
0
0
-2.9217
0
0
0
0
0
0
0
0
0
0
0
0
0
0
0
0
0
0
0
0
0
0
0
0
0
-0.83701
-0.78824
-0.82218
-0.80299
-0.74883
-0.85693
-0.75905
-0.80151
-0.77293
-0.73415
-0.82237
-0.73414
-0.74105
-0.80644
-0.79327
-0.7322
-0.73225
-0.74154
-0.81626
-0.75831
-0.81804
-0.86491
-0.77502
-0.79575
-0.77441
-0.75561
0
0
0
0
0
0
0
0
0
0
0
0
0
0
0
0
0
25.8322
0
0
0
0
0
0
0
0
0
0
0
0
0
0
0
0
0
0
0
0
0
0
0
0
0
0
0
0
0
0
0
0
0
0
0
0
0
0
0
0
0
0
0
0
0
0
0
0
0
0
0
-5.4468
0
0
0
0
0
0
0
0
0
0
0
0
0
0
0
0
0
0
0
0
0
0
-0.81945
-0.7749
-0.80808
-0.78606
-0.73359
-0.83803
-0.74493
-0.78817
-0.75944
-0.71912
-0.81127
-0.71912
-0.72734
-0.79351
-0.78116
-0.71695
-0.71701
-0.72619
-0.80526
-0.74471
-0.80225
-0.8485
-0.75784
-0.78116
-0.75729
-0.74591
-0.76142
0
0
0
0
0
0
0
0
0
0
0
0
0
0
0
0
0
20.7687
0
0
0
0
0
0
0
0
0
0
0
0
0
0
0
0
0
0
0
0
0
0
0
0
0
0
0
0
0
0
0
0
0
0
0
0
0
0
0
0
0
0
0
0
0
0
0
0
0
0
0
0
0
0
0
0
0
0
0
0
0
0
0
0
0
0
0
0
0
0
0
0
0
-0.90741
-0.85844
-0.89466
-0.87385
-0.81923
-0.92738
-0.83293
-0.87652
-0.84794
-0.80442
-0.90055
-0.80443
-0.81445
-0.88157
-0.86641
-0.803
-0.80307
-0.81225
-0.89303
-0.83225
-0.89061
0
-0.8423
0
-0.8417
0
0
0
0
0
0
0
0
0
0
0
0
0
0
0
0
0
0
0
0
24.7567
0
0
0
0
0
0
0
0
0
0
0
0
0
0
0
0
0
0
0
0
0
0
0
0
0
0
0
0
0
0
0
0
0
0
0
0
0
0
-5.1283
0
0
0
0
0
0
0
0
0
0
0
0
0
0
0
0
0
0
0
0
0
0
0
0
0
0
0
0
0
0
0
0
0
-0.96657
-0.91451
-0.94957
-0.93095
-0.87289
-0.98783
-0.88577
-0.92804
-0.9012
-0.85772
-0.95275
-0.85772
-0.86655
-0.93548
-0.92119
-0.85716
-0.85721
-0.86778
-0.94596
-0.88731
0
0
0
0
0
0
0
0
0
0
0
0
0
0
0
0
0
0
0
0
0
0
0
0
0
0
27.806
0
0
0
0
0
0
0
0
0
0
0
0
0
0
0
0
0
0
0
0
0
0
0
0
0
0
0
-4.4681
0
0
0
0
0
0
0
0
0
0
0
0
0
0
0
0
0
0
0
0
0
0
0
0
0
0
0
0
0
0
-5.1938
0
0
0
0
0
0
0
0
0
0
0
0
-0.85288
-0.80542
-0.84157
-0.82019
-0.7667
-0.8717
-0.76993
-0.82265
-0.77737
-0.75178
-0.85034
-0.75178
-0.75129
-0.82749
-0.81184
-0.74976
-0.74982
-0.76075
-0.8396
-0.76873
-0.83946
0
0
0
0
0
0
0
0
0
0
0
0
0
0
0
0
0
0
0
0
0
0
0
0
0
0
19.2696
0
0
0
0
0
0
0
0
0
0
0
0
0
0
0
0
0
0
0
-2.4885
0
0
0
0
0
0
0
0
0
0
0
0
0
0
0
0
0
0
0
0
0
0
0
0
0
0
0
0
0
0
0
0
0
0
0
0
0
0
0
0
0
0
0
0
0
0
0
0
0
0
-0.86607
-0.81724
-0.85353
-0.83309
-0.77849
-0.88613
-0.78886
-0.83284
-0.80349
-0.7633
-0.8523
-0.76331
-0.77045
-0.8361
-0.82301
-0.76182
-0.76189
-0.77271
-0.84792
-0.79271
0
0
0
0
0
0
0
0
0
0
0
0
0
0
0
0
0
0
0
0
0
0
0
0
0
0
0
0
21.162
0
0
0
0
0
0
0
0
0
0
0
0
0
0
0
0
0
0
0
0
0
0
0
0
0
0
0
0
0
0
0
0
0
0
0
0
0
0
0
0
0
0
0
0
0
0
0
0
0
0
-4.9568
0
0
0
0
0
0
0
0
0
0
0
0
0
0
0
0
0
0
-0.95532
-0.90894
-0.94488
-0.92134
-0.86569
-0.97481
-0.87847
-0.92414
-0.89353
-0.8501
-0.94783
-0.85011
-0.85946
-0.92855
-0.91631
-0.84769
-0.84776
-0.85852
-0.94268
-0.87826
-0.93868
0
0
0
0
0
0
0
0
0
0
0
0
0
0
0
0
0
0
0
0
0
0
0
0
0
0
0
0
18.9331
0
0
0
0
0
0
0
0
0
0
0
0
0
0
0
0
0
0
0
0
0
0
0
0
0
0
0
0
0
0
0
0
0
0
0
0
0
0
0
0
0
0
0
0
0
0
0
0
0
0
0
0
0
0
0
0
0
0
0
0
0
0
0
0
0
0
0
0
-0.80181
-0.75523
-0.76298
-0.76634
-0.7152
-0.82934
-0.73127
-0.7465
-0.74425
-0.7066
-0.7803
-0.7066
-0.71415
-0.77694
-0.76892
-0.70562
-0.70568
0
0
0
0
0
0
0
0
0
0
0
0
0
0
0
0
0
0
0
0
0
0
0
0
0
0
0
0
0
0
0
0
0
22.4906
0
0
0
0
0
0
0
0
0
0
0
-2.1928
0
-2.9994
0
0
0
0
-2.0617
0
-2.519
0
0
0
0
0
0
0
0
0
0
0
0
0
0
0
0
0
0
0
0
0
0
0
0
0
0
0
0
0
0
0
0
0
0
0
0
0
0
0
0
0
0
0
0
0
0
-0.88378
-0.83563
-0.87303
-0.85155
-0.79636
-0.90334
-0.80688
-0.85198
-0.82036
-0.78105
-0.86974
-0.78106
-0.78838
-0.85395
-0.84089
-0.77901
-0.77908
-0.78971
-0.86609
0
0
0
0
0
0
0
0
0
0
0
0
0
0
0
0
0
0
0
0
0
0
0
0
0
0
0
0
0
0
0
0
20.3827
0
0
0
0
0
0
0
0
0
0
0
0
0
0
0
0
0
0
0
0
0
0
0
0
0
0
0
0
0
0
0
0
0
0
0
0
0
0
0
0
0
0
0
0
0
-4.6308
0
0
0
0
0
0
0
0
0
0
0
0
0
0
0
0
0
0
0
0
-0.84275
-0.80046
-0.84294
-0.80933
-0.75773
-0.8631
-0.76997
-0.82525
-0.78423
-0.7431
-0.83613
-0.74312
-0.75239
-0.81784
-0.80938
-0.74135
-0.74141
-0.75082
0
0
0
0
0
0
0
0
0
-0.77215
0
0
0
0
0
0
0
0
0
0
0
0
0
0
0
0
0
0
0
0
0
0
0
0
18.1221
0
0
0
0
0
0
0
0
0
0
0
0
0
0
0
-3.1187
0
0
0
0
0
0
0
0
0
0
0
0
0
0
0
0
0
0
0
0
0
0
0
0
0
0
0
0
0
0
0
0
0
0
0
0
0
0
0
0
0
0
0
0
0
0
0
0
0
-0.8472
-0.79976
-0.83074
-0.81389
-0.77154
-0.88065
-0.78428
-0.81937
-0.79861
-0.75745
-0.84692
-0.75747
-0.76676
-0.81971
-0.818
-0.75647
-0.75652
-0.76843
0
0
0
0
0
0
0
0
0
0
0
0
0
0
0
0
0
0
0
0
0
0
0
0
0
0
0
0
0
0
0
0
0
0
0
21.9339
0
0
0
0
0
0
0
0
0
0
0
0
0
0
0
0
-3.4093
0
0
0
0
0
0
0
0
0
0
0
0
0
0
0
0
0
0
0
0
0
0
0
0
0
0
0
0
0
0
0
0
0
-4.1308
0
0
0
0
0
0
0
0
0
0
0
0
0
-0.86576
-0.82075
-0.84964
-0.83188
-0.77998
-0.88767
-0.79307
-0.83111
-0.80752
-0.76536
-0.85995
-0.76537
-0.77524
-0.83982
-0.83015
-0.76418
-0.76425
0
0
0
0
0
0
0
0
0
0
0
0
0
0
0
0
0
0
0
0
0
0
0
0
0
0
0
0
0
0
0
0
0
0
0
0
0
18.4395
0
0
0
0
0
0
0
0
0
0
0
0
0
0
0
0
0
0
0
0
0
-3.4954
0
0
0
0
-1.1124
0
0
0
0
0
0
0
0
0
0
0
0
0
0
0
0
0
0
0
0
0
0
0
0
0
0
0
0
0
0
0
0
0
0
0
0
-0.99663
-0.95102
-0.98736
-0.96328
-0.90751
-1.0164
-0.92071
-0.9669
-0.9363
-0.89189
-0.99031
-0.8919
-0.90157
-0.97031
-0.95927
-0.8884
-0.88846
-0.89866
0
0
0
0
0
0
0
0
0
0
0
0
0
0
0
0
0
0
0
0
0
0
0
0
0
0
0
0
0
0
0
0
0
0
0
0
0
16.9268
0
0
0
0
0
0
0
0
0
0
0
0
0
0
0
0
0
0
0
0
0
0
0
0
0
0
0
0
0
0
0
0
0
0
0
0
0
0
0
0
0
0
0
0
0
0
0
0
0
0
0
0
0
0
0
0
0
0
0
0
0
0
-0.92019
-0.87092
-0.90959
-0.88858
-0.83368
-0.9399
-0.84679
-0.88955
-0.84582
-0.81784
-0.90778
-0.81786
-0.82809
-0.89269
-0.87709
-0.8154
-0.81546
0
0
0
0
0
0
0
0
0
0
0
0
0
0
0
0
0
0
0
0
0
0
0
0
0
0
0
0
0
0
0
0
0
0
0
0
0
0
0
17.6562
0
0
0
0
0
0
0
0
0
0
0
0
0
0
0
0
-2.9389
0
0
0
0
0
0
0
0
0
0
0
0
0
0
0
0
0
0
0
0
0
0
0
0
0
0
0
0
0
0
0
0
0
0
0
0
0
0
0
0
0
0
0
0
-1.0525
-1.0056
-1.0435
-1.0186
-0.96112
-1.0727
-0.9748
-1.0224
-0.99066
-0.94498
-1.0462
-0.94498
-0.95503
-1.0259
-1.0138
-0.94231
-0.94237
-0.9532
0
0
0
0
0
0
0
0
0
0
0
0
0
0
0
0
0
0
0
0
0
0
0
0
0
0
0
0
0
0
0
0
0
0
0
0
0
0
0
17.9106
0
0
0
0
0
0
0
0
0
0
0
0
0
0
0
0
0
0
0
0
0
0
0
0
0
0
0
0
0
0
0
0
0
0
0
0
0
0
0
0
0
0
0
0
0
0
0
0
0
0
0
0
0
0
0
0
0
0
0
0
-1.2706
-1.227
-1.2682
-1.2415
-1.1814
-1.2921
-1.1967
-1.2463
-1.2131
-1.1636
0
-1.1636
-1.1739
0
-1.2355
0
0
0
0
0
0
0
0
0
0
0
0
0
0
0
0
0
0
0
0
0
0
0
0
0
0
0
0
0
0
0
0
0
0
0
0
0
0
0
0
0
0
0
15.8734
0
0
0
0
0
0
0
0
0
0
0
0
0
0
0
0
0
0
0
0
0
0
0
0
0
0
0
0
0
0
0
0
0
0
0
0
0
0
0
0
0
0
0
0
0
0
0
0
0
0
0
0
0
0
0
0
0
0
0
-1.187
-1.1444
-1.1749
-1.1529
-1.0942
-1.2095
-1.1087
-1.1534
-1.1263
-1.0772
0
-1.0772
0
0
0
0
0
0
0
0
0
0
0
0
0
0
0
0
0
0
0
0
0
0
0
0
0
0
0
0
0
0
0
0
0
0
0
0
0
0
0
0
0
0
0
0
0
0
0
15.3477
0
0
0
0
0
0
0
0
0
0
0
0
0
0
0
0
0
0
0
0
0
0
0
0
0
0
0
0
-2.8419
0
0
0
0
0
0
0
0
0
0
0
0
0
0
0
0
0
0
0
0
0
0
0
0
0
0
0
0
0
-1.7791
-1.7705
-1.797
-1.7722
-1.7125
0
0
0
0
0
0
0
0
0
0
0
0
0
0
0
0
0
0
0
0
0
0
-1.6809
0
0
0
0
0
0
0
0
0
0
0
0
0
0
0
0
0
0
0
0
0
0
0
0
0
0
0
0
0
0
0
0
13.4016
0
0
0
0
0
0
0
0
0
0
-2.8895
0
0
0
0
0
0
0
0
0
0
0
0
0
0
0
0
0
0
0
0
0
0
0
0
0
0
0
0
0
0
0
0
0
0
0
0
0
0
0
0
0
0
0
0
0
0
-1.9372
-1.9247
-1.9524
-1.9255
0
0
0
0
0
0
0
0
0
-1.9261
0
0
0
0
0
0
0
0
0
0
0
0
0
0
0
0
0
0
0
0
0
0
0
0
0
0
0
0
0
0
0
0
0
0
0
0
0
0
0
0
0
0
0
0
0
0
0
12.7196
0
0
0
0
0
0
0
0
-3.0536
0
0
0
0
0
0
0
0
0
0
0
0
0
0
0
0
0
0
0
0
0
0
0
0
0
0
0
0
0
0
0
0
0
0
0
0
0
0
0
0
0
0
0
0
0
0
0
0
0
0
0
0
0
0
0
0
0
0
0
0
0
0
0
0
0
-2.3311
0
0
0
0
-2.2925
0
0
0
0
0
0
0
0
0
0
0
0
0
0
0
0
0
0
0
0
0
0
0
0
0
0
-2.1928
0
0
0
0
0
0
0
0
0
0
0
12.7149
0
0
0
0
0
-3.3477
0
0
0
0
0
0
0
0
0
0
0
0
0
0
0
0
0
0
0
0
0
-2.5509
0
0
0
0
0
0
0
0
0
0
0
0
0
0
0
0
0
0
0
0
0
0
0
0
0
0
0
0
0
0
0
0
0
-2.0982
0
0
0
0
0
-2.0706
0
0
0
0
0
0
-2.0712
0
0
0
0
0
0
0
0
0
0
0
0
0
0
0
0
0
0
0
0
0
0
0
0
0
0
0
0
0
0
0
0
0
0
0
0
0
0
0
0
0
0
0
12.01
0
0
0
-2.5167
0
0
0
0
0
0
0
-3.2532
0
0
0
0
0
0
0
0
0
0
0
0
0
0
0
0
0
0
0
0
0
0
0
0
0
0
0
0
0
0
0
0
0
0
0
0
0
0
0
0
0
0
0
0
0
0
0
0
0
0
0
0
0
0
0
0
0
0
0
0
0
0
0
0
0
0
0
0
0
0
0
0
0
0
0
0
0
0
0
0
0
0
0
0
0
0
0
0
0
0
0
0
-2.9994
0
0
0
0
0
0
0
0
0
0
0
0
0
15.8561
0
0
0
0
0
0
0
0
0
0
0
0
0
0
0
-4.2287
0
0
-4.456
0
0
-4.172
0
0
0
0
0
0
0
0
0
0
0
0
0
0
0
0
0
0
0
0
0
0
0
0
0
0
0
0
0
0
0
-2.5204
-2.5772
-2.5911
-2.5686
0
0
0
0
0
0
0
0
0
0
0
0
0
0
0
0
0
0
0
0
0
0
0
0
0
0
0
0
0
0
0
0
0
0
0
0
0
0
0
0
0
0
0
0
0
0
0
0
0
0
0
0
0
0
0
0
0
0
0
0
0
10.2572
0
0
0
0
0
0
0
0
0
0
0
0
0
0
0
0
0
0
0
0
0
0
0
0
0
0
0
0
0
0
0
0
0
0
0
0
0
0
0
0
0
0
0
0
0
0
0
0
0
0
0
0
0
0
0
0
0
0
0
0
0
0
0
0
0
0
0
0
0
0
0
0
0
-2.4022
0
0
0
0
0
0
-2.5275
0
0
0
0
0
0
0
0
0
0
0
0
0
0
0
0
0
0
0
0
0
0
0
0
0
0
0
0
0
0
0
0
0
0
0
0
0
13.621
0
-4.25
0
0
0
0
0
0
0
0
-4.4413
0
0
0
0
0
0
0
0
0
0
0
0
0
0
0
0
0
0
0
0
0
0
0
0
0
0
0
0
0
0
0
0
0
0
0
0
0
0
0
0
0
0
0
0
0
0
0
0
-2.6033
0
0
0
0
0
0
0
0
0
0
0
0
0
0
0
0
0
0
0
0
0
0
0
0
0
0
0
0
0
0
0
0
0
0
0
0
0
0
-2.4885
0
0
0
0
0
0
0
0
0
0
0
0
0
0
0
-2.5167
0
0
0
10.9914
0
0
0
0
0
-3.3828
0
0
0
0
0
0
0
0
0
0
0
0
0
0
0
0
0
0
0
0
0
0
0
0
0
0
0
0
0
0
0
0
0
0
0
0
0
0
0
0
0
0
0
0
0
0
0
0
0
0
0
0
0
0
0
0
0
0
0
0
0
0
0
0
0
0
0
0
0
0
0
0
0
0
0
0
0
0
0
0
0
0
0
0
0
0
0
0
0
0
0
0
0
0
0
0
-3.1187
0
0
0
0
0
0
0
0
0
-3.3477
0
0
0
-4.25
0
16.5668
0
0
0
0
0
0
0
0
0
0
0
0
0
0
0
0
0
0
0
0
0
0
0
0
0
0
0
-5.8504
0
0
0
0
0
0
0
0
0
0
0
0
0
0
0
0
0
0
0
0
0
0
0
0
0
0
0
0
0
0
0
-2.2155
0
0
0
0
0
0
0
0
0
0
0
0
0
0
0
0
0
0
0
0
0
0
0
0
0
0
0
0
0
0
0
0
0
0
0
0
0
0
0
-2.0617
0
0
0
0
0
0
0
0
0
0
0
0
0
0
0
0
0
0
10.4001
0
0
-3.0056
-3.1173
0
0
0
0
0
0
0
0
0
0
0
0
0
0
0
0
0
0
0
0
0
0
0
0
0
0
0
0
0
0
0
0
0
0
0
0
0
0
0
0
0
0
0
0
0
0
0
0
0
0
0
0
0
0
0
0
0
0
0
0
0
0
0
0
0
0
0
0
0
0
0
0
0
0
0
0
0
0
0
0
0
0
0
0
0
0
0
0
0
0
0
0
0
0
0
0
0
-3.4093
0
0
0
0
0
0
0
-3.0536
0
0
0
0
0
0
0
0
14.6161
0
0
0
0
0
0
0
-4.0726
-4.0806
0
0
0
0
0
0
0
0
0
0
0
0
0
0
0
0
0
0
0
0
0
0
0
0
0
0
0
0
0
0
0
0
0
0
0
0
0
0
0
0
0
0
0
0
0
0
0
0
0
0
0
0
0
0
0
0
0
0
0
0
0
0
0
0
0
0
0
0
0
0
0
0
0
0
0
0
0
0
0
0
0
0
0
0
0
0
0
0
-2.519
0
0
0
0
0
0
0
0
0
-2.8895
0
0
0
0
0
0
0
0
0
0
10.2352
0
0
0
0
0
0
0
0
0
0
0
0
0
0
0
0
0
0
0
0
0
0
0
0
0
0
-4.8267
0
0
0
0
0
0
0
0
0
0
0
0
0
0
0
0
0
0
0
0
0
0
0
0
0
0
0
0
0
0
0
0
0
0
0
0
0
0
0
0
0
0
0
0
0
0
0
0
0
0
0
-1.2404
0
0
0
0
0
0
0
0
0
0
0
0
0
0
0
0
0
0
0
0
0
0
0
0
0
0
0
0
0
0
0
0
0
0
0
0
-3.0056
0
0
8.1927
0
0
0
0
0
0
0
0
0
0
0
0
0
0
0
0
0
0
0
0
0
0
0
0
0
0
0
0
0
0
-3.9466
0
0
0
0
0
0
0
0
0
0
0
0
0
0
0
0
0
0
0
0
0
0
0
0
0
0
0
0
0
0
0
0
0
0
0
0
0
0
0
0
0
0
0
0
0
0
0
0
0
0
0
0
0
0
0
0
0
0
0
0
0
0
0
0
0
0
0
0
0
0
-2.9389
0
0
0
0
0
0
0
0
0
0
-3.3828
0
-3.1173
0
0
0
9.439
0
0
0
0
0
0
0
0
0
0
0
0
0
0
0
0
0
0
0
0
0
0
0
0
0
0
0
0
0
0
0
0
0
0
0
0
0
0
0
0
0
0
0
0
0
0
0
0
0
0
0
0
0
0
0
0
0
0
0
0
0
0
0
0
0
0
0
0
0
0
0
0
0
0
0
0
0
0
0
0
0
-4.9499
0
0
0
0
0
0
0
0
-4.4681
0
0
0
0
0
0
0
0
0
0
0
0
0
0
0
0
0
0
0
0
0
0
0
0
0
0
0
15.6313
0
0
0
0
0
0
0
0
0
0
0
0
0
0
0
0
0
0
0
0
0
0
0
0
0
0
0
0
0
0
0
0
0
0
0
0
0
0
0
0
0
0
-6.2134
0
0
0
0
0
0
0
0
0
0
0
0
0
0
0
0
0
0
0
0
0
0
0
0
0
-3.3288
0
0
0
0
0
0
0
0
0
0
0
0
0
0
0
0
0
0
0
0
0
0
0
0
0
0
0
0
0
0
0
0
0
0
0
0
0
-3.2532
0
0
0
0
0
0
0
0
0
0
0
7.2114
0
0
0
0
0
0
0
0
0
0
0
0
0
0
0
0
0
0
0
0
0
0
0
0
0
0
0
0
0
0
0
-0.62942
0
0
0
0
0
0
0
0
0
0
0
0
0
0
0
0
0
0
0
0
0
0
0
0
0
0
0
0
0
0
0
0
0
0
0
0
0
0
0
0
0
0
-3.915
0
0
0
0
0
0
0
0
0
0
0
0
0
0
0
0
0
0
0
0
0
-3.4954
0
0
0
0
0
0
0
0
0
0
0
0
0
0
0
0
0
0
0
0
0
12.3666
0
0
0
0
0
0
0
0
0
0
0
0
0
0
0
0
0
0
0
0
0
0
0
0
0
-4.9562
0
0
0
0
0
0
0
0
0
0
0
0
0
0
0
0
0
0
0
0
0
0
0
0
0
0
0
0
0
0
0
0
0
0
0
0
0
0
0
0
0
0
0
0
0
0
0
0
0
0
0
0
0
0
0
0
0
0
0
0
0
0
0
0
0
0
0
0
0
0
0
0
0
0
0
0
0
0
0
0
0
-4.4413
0
0
0
0
0
0
0
0
0
0
8.8949
0
0
0
0
0
-4.4536
0
0
0
0
0
0
0
0
0
0
0
0
0
0
0
0
0
0
0
0
0
0
0
0
0
0
0
0
0
0
0
0
0
0
0
0
0
0
0
0
0
0
0
0
0
0
0
0
0
0
0
0
0
0
0
0
0
0
0
0
0
0
0
0
0
0
0
0
0
0
0
0
0
0
0
0
0
0
0
0
0
0
0
0
0
0
0
0
0
0
0
0
0
0
0
0
0
0
0
0
0
0
0
0
-4.0726
0
0
0
0
0
0
0
8.2391
0
0
0
0
0
0
0
0
0
0
0
0
0
0
0
-4.1666
0
0
0
0
0
0
0
0
0
0
0
0
0
0
0
0
0
0
0
0
0
0
0
0
0
0
0
0
0
0
0
0
0
0
0
0
0
0
0
0
0
0
0
0
0
0
0
0
0
0
0
0
0
0
0
0
0
0
0
0
0
0
0
0
0
0
0
0
0
0
0
0
0
0
0
0
0
0
0
0
0
0
0
0
0
0
0
0
0
0
0
0
0
-4.0806
0
0
0
0
0
0
0
0
8.1602
0
0
0
0
0
0
0
0
0
-4.0795
0
0
0
0
0
0
0
0
0
0
0
0
0
0
0
0
0
0
0
0
0
0
0
0
0
0
0
0
0
0
0
0
0
0
0
-5.2782
0
0
0
0
0
0
0
0
0
0
0
0
0
0
0
0
0
0
0
0
0
0
0
0
0
0
0
0
0
0
0
0
0
0
0
0
0
0
0
0
0
0
0
0
0
0
0
0
0
0
0
0
0
0
0
0
-4.2287
0
0
0
0
0
0
0
0
0
0
0
0
0
0
0
9.5069
0
0
0
0
0
0
0
0
0
0
0
0
0
0
0
0
0
0
0
0
0
0
0
0
0
0
0
0
0
0
0
0
0
0
0
0
0
0
0
0
0
0
0
0
0
0
0
0
0
0
0
0
0
0
0
0
0
0
0
0
0
0
0
0
0
0
0
0
0
0
0
0
0
0
0
0
0
0
0
0
0
0
0
0
0
0
0
0
0
0
0
-1.1124
0
0
0
0
0
0
0
0
0
0
0
0
0
0
0
0
0
0
0
0
0
0
0
0
0
0
6.1229
0
0
0
0
0
-5.0104
0
0
0
0
0
0
0
0
0
0
0
0
0
0
0
0
0
0
0
0
0
0
0
0
0
0
0
0
0
0
0
0
0
0
0
0
0
0
0
0
0
0
0
0
0
0
0
0
0
0
0
0
0
0
0
0
0
0
0
0
0
0
0
0
0
0
0
0
0
0
0
0
0
0
0
0
0
0
0
0
0
0
0
0
0
0
0
0
0
0
0
0
0
0
0
0
0
0
0
0
0
0
0
0
0
0
0
0
0
0
0
0
9.1051
0
0
0
0
0
-4.6888
0
0
0
-4.4163
0
0
0
0
0
0
0
0
0
0
0
0
0
0
0
0
0
0
0
0
0
0
0
0
0
0
0
0
0
0
0
0
0
0
0
0
0
0
0
0
0
0
0
0
0
0
0
0
0
0
0
0
0
0
0
0
0
0
0
0
0
0
0
0
0
0
0
0
0
0
0
0
0
0
0
0
0
0
0
0
0
0
0
0
0
0
0
0
0
-4.456
0
0
0
0
0
0
0
0
0
0
0
0
-4.4536
0
0
0
0
0
8.9096
0
0
0
0
0
0
0
0
0
0
0
0
0
0
0
0
0
0
0
0
0
0
0
0
0
0
0
0
0
0
0
0
0
0
0
0
0
0
0
0
0
0
0
0
0
0
0
0
0
0
0
0
0
0
0
0
0
0
0
0
0
0
0
0
0
0
0
0
0
0
0
0
0
0
0
0
0
0
0
-5.1283
0
0
0
0
0
0
0
0
0
0
0
0
0
0
0
0
0
0
0
0
0
0
0
0
0
0
0
0
0
0
0
0
0
0
0
0
0
0
9.3339
0
0
0
0
0
0
-4.2056
0
0
0
0
0
0
0
0
0
0
0
0
0
0
0
0
0
0
0
0
0
0
0
0
0
0
0
0
0
0
0
0
0
0
0
0
0
0
0
0
0
0
0
0
0
0
0
-5.257
0
0
0
0
0
0
0
0
0
0
0
0
0
0
0
0
0
0
0
0
0
0
0
0
0
0
0
0
0
0
0
0
0
0
0
0
0
0
0
0
0
0
0
0
0
0
0
0
0
0
0
0
0
0
0
0
0
0
0
0
0
0
0
9.4782
0
0
0
0
0
-4.2211
0
0
0
0
0
0
0
0
0
0
0
0
0
0
0
0
0
0
0
0
0
0
0
0
0
0
0
0
-5.319
0
0
0
0
0
0
0
0
0
0
0
0
0
0
0
0
0
0
0
0
0
0
0
0
0
0
0
0
0
0
0
0
0
0
0
0
0
0
0
0
0
0
0
0
0
0
0
0
0
0
0
0
0
0
0
0
0
0
0
0
0
-4.172
0
0
0
0
0
0
0
0
0
0
0
0
0
0
0
0
0
0
0
0
0
9.491
0
0
0
0
0
0
0
0
0
0
0
0
0
0
0
0
0
0
0
0
0
0
0
0
0
0
0
0
0
0
0
0
0
0
0
0
0
0
0
0
0
0
0
0
0
0
0
0
0
0
0
0
0
0
0
0
0
0
0
0
0
0
0
0
0
0
0
0
0
0
0
0
0
0
0
0
0
0
0
0
0
0
0
0
0
0
0
0
0
0
0
0
0
0
0
0
0
0
0
0
0
0
0
0
0
0
0
0
0
0
0
0
-5.0104
0
0
0
0
0
9.7622
0
0
-4.7517
0
0
0
0
0
0
0
0
0
0
0
0
0
0
0
0
0
0
0
0
0
0
0
0
0
0
0
0
0
0
0
0
0
0
0
0
0
0
0
0
0
0
0
0
0
0
0
0
0
0
0
0
0
0
0
0
0
0
0
0
0
0
0
0
0
0
0
0
0
0
0
0
0
0
0
0
0
0
0
0
0
0
0
0
0
0
-2.8419
0
0
0
0
0
0
0
0
0
0
0
0
0
0
0
0
0
0
0
0
0
0
-4.6888
0
0
0
0
0
7.5307
0
0
0
0
0
0
0
0
0
0
0
0
0
0
0
0
0
0
0
0
0
0
0
0
0
0
0
0
0
0
0
0
0
0
0
0
0
0
0
0
0
0
0
0
0
0
0
0
0
0
0
0
0
0
0
0
0
0
0
0
0
0
0
0
0
0
0
-4.8224
0
0
0
0
0
0
0
0
0
0
0
0
0
0
0
0
0
0
0
0
0
0
0
0
0
0
0
0
0
0
0
0
0
0
0
0
0
0
0
0
-4.0795
0
0
0
0
0
0
0
0
0
8.9019
0
0
0
0
0
0
0
0
0
0
0
0
0
0
0
0
0
0
0
0
0
0
0
0
0
0
0
0
0
0
0
0
0
0
0
0
0
0
0
0
0
0
0
0
0
0
0
0
0
0
0
0
0
0
0
0
0
0
0
0
0
0
0
0
0
0
0
0
0
0
0
0
0
0
0
0
0
0
0
0
0
0
0
0
0
0
0
0
0
0
-2.5509
0
0
0
0
0
0
0
0
0
0
0
0
0
0
0
0
0
0
0
0
0
0
0
0
-4.7517
0
0
7.3026
0
0
0
0
0
0
0
0
0
0
0
0
0
0
0
0
0
0
0
0
0
0
0
0
0
0
0
0
0
0
0
0
0
0
0
0
0
0
0
0
0
0
0
0
0
0
0
0
0
0
0
0
0
0
0
0
0
0
0
0
0
0
0
0
0
0
0
0
0
0
0
0
0
0
0
0
0
0
0
0
0
0
0
0
0
0
0
0
0
0
0
0
0
0
0
0
0
0
0
0
0
0
0
0
0
0
0
0
0
0
0
-4.2056
-4.2211
0
0
0
0
0
8.4267
0
0
0
0
0
0
0
0
0
0
0
0
0
0
0
0
0
0
0
0
0
0
0
0
0
0
0
0
0
0
0
0
0
0
0
0
0
0
0
0
0
0
0
0
0
0
0
0
0
0
0
0
0
0
0
0
0
0
0
0
0
0
0
0
0
0
0
0
-2.9217
0
0
0
0
0
0
0
0
0
0
0
0
0
0
0
0
0
0
0
0
0
0
0
0
0
0
0
0
0
0
0
0
0
0
0
0
0
0
0
-4.4163
0
0
0
0
0
0
0
0
0
7.338
0
0
0
0
0
0
0
0
0
0
0
0
0
0
0
0
0
0
0
0
0
0
0
0
0
0
-5.1126
0
0
0
0
0
0
0
0
0
0
0
0
-5.0289
0
0
0
0
0
0
0
0
0
0
0
0
0
0
0
0
0
0
0
0
0
0
0
0
0
0
0
0
0
0
0
0
0
0
0
0
0
0
0
0
0
0
0
0
0
0
0
0
0
0
0
0
0
0
0
0
0
0
0
0
0
0
0
0
0
0
0
0
0
0
0
0
0
0
0
0
0
0
10.1415
0
0
0
0
0
0
0
0
0
0
0
0
0
0
0
0
0
0
0
0
0
0
0
0
0
0
0
0
0
0
0
0
0
0
0
0
0
0
0
0
0
0
0
0
0
0
0
0
0
0
0
-4.7694
0
0
0
0
0
0
0
0
0
0
0
0
0
0
0
0
0
0
0
0
0
0
0
0
0
0
0
0
0
0
0
0
0
0
0
0
0
0
0
0
0
0
0
0
0
0
0
0
0
0
-4.1666
0
0
0
0
0
0
0
0
0
0
0
0
0
0
0
8.936
0
0
0
0
0
0
0
0
0
0
0
0
0
0
0
0
0
0
0
0
0
0
0
0
0
0
0
0
0
0
0
0
0
0
0
0
0
0
0
0
0
0
0
0
0
0
0
0
0
0
0
0
0
0
0
0
0
0
0
0
0
0
0
0
0
0
-5.4468
0
0
0
0
0
0
0
0
0
0
0
0
0
0
0
0
0
0
0
0
0
0
0
0
0
0
0
0
0
0
0
0
0
0
0
0
0
0
0
0
0
0
0
0
0
0
0
0
0
0
0
5.4468
0
0
0
0
0
0
0
0
0
0
0
0
0
0
0
0
0
0
0
0
0
0
0
0
0
0
0
0
0
0
0
0
0
0
0
0
0
0
0
0
0
0
0
0
0
0
0
0
0
0
0
0
0
0
0
0
0
0
0
0
0
0
0
0
0
0
0
0
0
0
0
0
0
0
0
0
0
0
0
0
0
0
0
0
0
0
0
0
0
0
-5.8504
0
0
0
0
0
0
0
0
0
0
0
0
0
0
0
0
0
0
0
0
0
0
0
0
0
0
0
5.8504
0
0
0
0
0
0
0
0
0
0
0
0
0
0
0
0
0
0
0
0
0
0
0
0
0
0
0
0
0
0
0
0
0
0
0
0
0
0
0
0
0
0
0
0
0
0
0
0
0
0
0
0
0
0
0
0
0
0
0
0
0
0
0
0
0
0
0
0
0
0
0
0
-4.6308
0
0
0
0
0
0
0
0
0
0
0
0
0
0
0
0
0
0
0
0
0
0
0
0
0
0
0
0
0
0
0
0
0
0
0
0
0
0
0
0
0
0
0
0
0
4.6308
0
0
0
0
0
0
0
0
0
0
0
0
0
0
0
0
0
0
0
0
0
0
0
0
0
0
0
0
0
0
0
0
0
0
0
0
0
0
0
0
0
0
0
0
0
0
0
0
0
0
0
0
0
0
0
0
0
0
0
0
0
0
0
0
0
0
0
0
0
0
0
0
0
0
0
0
0
0
0
0
0
0
0
0
0
0
0
0
0
0
0
-4.8267
0
0
0
0
0
0
0
0
0
0
0
0
0
0
0
0
0
0
0
0
0
0
0
0
0
0
4.8267
0
0
0
0
0
0
0
0
0
0
0
0
0
0
0
0
0
0
0
0
0
0
0
0
0
0
0
0
0
0
0
0
0
0
0
0
0
0
0
0
0
0
0
0
0
0
0
0
0
0
0
0
0
0
0
0
0
0
0
0
0
0
0
0
0
0
0
-4.9568
0
0
0
0
0
0
0
0
0
0
0
0
0
0
0
0
0
0
0
0
0
0
0
0
0
0
0
0
0
0
0
0
0
0
0
0
0
0
0
0
0
0
0
0
0
0
0
0
0
0
4.9568
0
0
0
0
0
0
0
0
0
0
0
0
0
0
0
0
0
0
0
0
0
0
0
0
0
0
0
0
0
0
0
0
0
0
0
0
0
0
0
0
0
0
0
0
0
0
0
0
0
0
0
0
0
0
0
0
0
0
-6.2564
0
0
0
0
0
0
0
0
0
0
0
0
0
0
0
0
0
0
0
0
0
0
0
0
0
0
0
0
0
0
0
0
0
0
0
0
0
0
0
0
0
0
0
0
0
0
0
0
0
0
0
0
0
0
0
0
0
0
0
6.2564
0
0
0
0
0
0
0
0
0
0
0
0
0
0
0
0
0
0
0
0
0
0
0
0
0
0
0
0
0
0
0
0
0
0
0
0
0
0
0
0
0
0
0
0
0
-7.6009
0
0
0
0
0
0
0
0
0
0
0
0
0
0
0
0
0
0
0
0
0
0
0
0
0
0
0
0
0
0
0
0
0
0
0
0
0
0
0
0
0
0
0
0
0
0
0
0
0
0
0
0
0
0
0
0
0
0
0
0
0
0
0
0
0
0
0
0
0
0
0
0
7.6009
0
0
0
0
0
0
0
0
0
0
0
0
0
0
0
0
0
0
0
0
0
0
0
0
0
0
0
0
0
0
0
0
0
0
0
0
0
0
0
0
0
0
0
0
0
0
0
0
0
0
0
0
0
0
0
0
0
0
0
0
0
0
0
0
0
0
0
0
0
0
0
0
0
0
0
0
0
0
0
0
0
0
0
0
0
0
0
0
0
0
0
0
-4.9562
0
0
0
0
0
0
0
0
0
0
0
0
0
0
0
0
0
0
0
0
0
0
0
0
0
4.9562
0
0
0
0
0
0
0
0
0
0
0
0
0
0
0
0
0
0
0
0
0
0
0
0
0
0
0
0
0
0
0
0
0
0
0
0
0
0
0
0
0
0
0
0
0
0
0
0
0
0
0
0
0
0
0
0
0
0
0
0
0
0
0
0
0
0
0
0
0
0
0
0
0
0
0
0
0
0
0
0
0
0
0
0
0
0
0
-3.9466
0
0
0
0
0
0
0
0
0
0
0
0
0
0
0
0
0
0
0
0
0
0
0
0
0
0
0
0
0
0
3.9466
0
0
0
0
0
0
0
0
0
0
0
0
0
0
0
0
0
0
0
0
0
0
0
0
0
0
0
0
0
0
0
0
0
0
0
0
0
0
0
0
0
0
0
0
0
0
0
0
0
0
0
0
0
0
0
0
0
0
0
0
0
0
0
0
0
0
0
-4.1308
0
0
0
0
0
0
0
0
0
0
0
0
0
0
0
0
0
0
0
0
0
0
0
0
0
0
0
0
0
0
0
0
0
0
0
0
0
0
0
0
0
0
0
0
0
0
0
0
0
0
4.1308
0
0
0
0
0
0
0
0
0
0
0
0
0
0
0
0
0
0
0
0
0
0
0
0
0
0
0
0
0
0
0
0
0
0
0
0
0
0
0
0
0
0
0
0
0
0
0
0
0
0
0
0
0
0
0
0
0
0
0
-5.1938
0
0
0
0
0
0
0
0
0
0
0
0
0
0
0
0
0
0
0
0
0
0
0
0
0
0
0
0
0
0
0
0
0
0
0
0
0
0
0
0
0
0
0
0
0
0
0
0
0
0
0
0
0
0
0
0
0
0
5.1938
0
0
0
0
0
0
0
0
0
0
0
0
0
0
0
0
0
0
0
0
0
0
0
0
0
0
0
0
0
0
-7.5736
0
0
0
0
0
0
0
0
0
0
0
0
0
0
0
0
0
0
0
0
0
0
0
0
0
0
0
0
0
0
0
0
0
0
0
0
0
0
0
0
0
0
0
0
0
0
0
0
0
0
0
0
0
0
0
0
0
0
0
0
0
0
0
0
0
0
0
0
0
0
0
0
0
0
0
0
0
0
0
0
0
0
0
0
0
0
0
7.5736
0
0
0
0
0
0
0
0
0
0
0
0
0
0
0
0
0
0
0
0
0
0
0
0
0
0
0
0
0
0
0
0
0
0
0
0
0
0
0
0
0
0
0
0
0
0
0
0
0
0
0
0
0
0
0
0
0
0
0
0
0
0
0
0
0
0
0
0
0
0
0
0
0
0
0
0
0
0
0
0
0
0
0
0
0
0
-0.62942
0
0
0
0
0
0
0
0
0
0
0
0
0
0
0
0
0
0
0
0
0
0
0
0
0
0
0
0
0
0
0
0.62942
0
0
0
0
0
0
0
0
0
0
0
0
0
0
0
-8.8134
0
0
0
0
0
0
0
0
0
0
0
0
0
0
0
0
0
0
0
0
0
0
0
0
0
0
0
0
0
0
0
0
0
0
0
0
0
0
0
0
0
0
0
0
0
0
0
0
0
0
0
0
0
0
0
0
0
0
0
0
0
0
0
0
0
0
0
0
0
0
0
0
0
0
0
0
0
0
0
0
0
0
0
0
0
0
0
0
0
0
0
0
0
0
0
0
0
0
0
0
0
0
8.8134
0
0
0
0
0
0
0
0
0
0
0
0
0
0
0
0
0
0
0
0
0
0
0
0
0
0
0
0
0
0
-7.442
0
0
0
0
0
0
0
0
0
0
0
0
0
0
0
0
0
0
0
0
0
0
0
0
0
0
0
0
0
0
0
0
0
0
0
0
0
0
0
0
0
0
0
0
0
0
0
0
0
0
0
0
0
0
0
0
0
0
0
0
0
0
0
0
0
0
0
0
0
0
0
0
0
0
0
0
0
0
0
0
0
0
0
0
0
0
0
7.442
0
0
0
0
0
0
0
0
-8.5966
0
0
0
0
0
0
0
0
0
0
0
0
0
0
0
0
0
0
0
0
0
0
0
0
0
0
0
0
0
0
0
0
0
0
0
0
0
0
0
0
0
0
0
0
0
0
0
0
0
0
0
0
0
0
0
0
0
0
0
0
0
0
0
0
0
0
0
0
0
0
0
0
0
0
0
0
0
0
0
0
0
0
0
0
0
0
0
0
0
0
0
0
0
0
0
0
0
0
0
0
0
0
0
0
0
0
0
0
0
8.5966
0
0
0
0
0
0
0
0
0
0
0
0
0
0
0
0
0
0
0
0
0
0
0
0
0
0
0
0
0
0
0
0
0
0
0
0
0
0
0
-7.1081
0
0
0
0
0
0
0
0
0
0
0
0
0
0
0
0
0
0
0
0
0
0
0
0
0
0
0
0
0
0
0
0
0
0
0
0
0
0
0
0
0
0
0
0
0
0
0
0
0
0
0
0
0
0
0
0
0
0
0
0
0
0
0
0
0
0
0
0
0
0
0
0
0
0
0
0
0
0
7.1081
0
0
0
0
0
0
0
0
0
0
0
0
0
0
0
0
0
0
0
0
0
0
0
0
0
0
0
0
0
0
0
0
0
0
0
0
0
0
0
0
0
0
0
0
0
0
0
-6.2559
0
0
0
0
0
0
0
0
0
0
0
0
0
0
0
0
0
0
0
0
0
0
0
0
0
0
0
0
0
0
0
0
0
0
0
0
0
0
0
0
0
0
0
0
0
0
0
0
0
0
0
0
0
0
0
0
0
0
0
0
0
0
0
0
0
0
0
0
0
0
6.2559
0
0
0
0
0
0
0
0
0
0
0
0
0
0
0
-8.1904
0
0
0
0
0
0
0
0
0
0
0
0
0
0
0
0
0
0
0
0
0
0
0
0
0
0
0
0
0
0
0
0
0
0
0
0
0
0
0
0
0
0
0
0
0
0
0
0
0
0
0
0
0
0
0
0
0
0
0
0
0
0
0
0
0
0
0
0
0
0
0
0
0
0
0
0
0
0
0
0
0
0
0
0
0
0
0
0
0
0
0
0
0
0
0
0
0
0
0
0
0
0
8.1904
0
0
0
0
0
0
0
0
0
0
0
0
0
0
0
0
0
0
0
0
0
0
0
0
0
0
0
0
0
0
0
0
-7.601
0
0
0
0
0
0
0
0
0
0
0
0
0
0
0
0
0
0
0
0
0
0
0
0
0
0
0
0
0
0
0
0
0
0
0
0
0
0
0
0
0
0
0
0
0
0
0
0
0
0
0
0
0
0
0
0
0
0
0
0
0
0
0
0
0
0
0
0
0
0
0
0
0
0
0
0
0
0
0
0
0
0
0
0
0
7.601
0
0
0
0
0
0
0
0
0
0
0
0
0
0
0
0
-8.2735
0
0
0
0
0
0
0
0
0
0
0
0
0
0
0
0
0
0
0
0
0
0
0
0
0
0
0
0
0
0
0
0
0
0
0
0
0
0
0
0
0
0
0
0
0
0
0
0
0
0
0
0
0
0
0
0
0
0
0
0
0
0
0
0
0
0
0
0
0
0
0
0
0
0
0
0
0
0
0
0
0
0
0
0
0
0
0
0
0
0
0
0
0
0
0
0
0
0
0
0
0
8.2735
0
0
0
0
0
0
0
0
0
0
0
0
0
0
0
0
0
0
0
0
0
0
0
0
0
0
0
0
0
0
0
0
0
0
0
0
0
0
0
0
-6.3424
0
0
0
0
0
0
0
0
0
0
0
0
0
0
0
0
0
0
0
0
0
0
0
0
0
0
0
0
0
0
0
0
0
0
0
0
0
0
0
0
0
0
0
0
0
0
0
0
0
0
0
0
0
0
0
0
0
0
0
0
0
0
0
0
0
0
0
0
0
0
0
0
0
0
0
0
0
6.3424
0
0
0
0
0
0
0
0
0
0
0
0
0
0
0
0
0
0
0
0
0
0
0
0
0
0
0
0
0
0
0
0
0
0
0
0
0
0
0
0
0
0
0
0
0
0
0
0
0
0
0
0
0
0
0
0
0
0
0
0
0
0
0
0
0
0
0
0
0
0
0
0
0
0
0
-6.2134
0
0
0
0
0
0
0
0
0
0
0
0
0
0
0
0
0
0
0
0
0
0
0
0
0
0
0
0
0
0
0
0
0
0
0
0
0
0
0
0
0
0
6.2134
