63.1509
-0.94523
-0.9457
-0.9443
-0.94453
-0.94871
-0.94467
-0.94535
-0.94496
-0.9402
-0.94612
-0.9402
-0.94042
-0.94602
-0.94193
-0.94078
-0.94079
-0.94184
-0.94451
-0.94304
-0.94518
-0.94665
-0.94366
-0.94391
-0.94367
-0.9414
-0.94302
-0.94286
-0.95097
-0.94552
-0.9437
-0.9437
-0.94838
-0.94223
-0.94239
-0.94315
-0.94315
-0.94517
-0.95454
-0.94329
-0.95334
-0.95333
-0.94147
-0.9457
-0.94182
-0.94894
-0.95611
-0.95766
-0.95827
-0.93769
-0.94923
-0.94142
-0.93679
-0.94666
-0.95053
-0.9315
-0.94664
-0.9315
-0.95496
-0.94189
-1.0456
-1.0672
0
0
0
-1.2613
0
0
0
0
0
0
0
0
0
0
0
0
0
0
0
0
0
0
0
0
0
0
0
0
0
0
0
0
0
0
0
0
0
0
0
0
0
0
0
0
0
0
0
0
-4.0255
0
0
0
0
0
0
0
-0.94523
60.7746
-0.94404
-0.94264
-0.94292
-0.94668
-0.94302
-0.94376
-0.94328
-0.93858
-0.94417
-0.93858
-0.93877
-0.94405
-0.93965
-0.93917
-0.93918
-0.94024
-0.94306
-0.94139
-0.94356
-0.94542
-0.94208
-0.9423
-0.94207
-0.93986
-0.94142
-0.94132
-0.95011
-0.9439
-0.94208
-0.94209
-0.94714
-0.94062
-0.94076
-0.94152
-0.94152
-0.94345
-0.95336
-0.94163
-0.952
-0.95199
-0.9399
-0.94435
-0.94016
-0.94733
-0.9547
-0.95574
-0.95689
-0.93599
-0.94755
-0.94008
-0.93508
-0.94534
-0.94889
-0.92977
-0.94474
-0.92977
-0.9532
-0.94041
-1.0443
-1.0655
0
0
0
-1.2572
0
0
0
0
0
0
0
0
0
0
0
0
0
0
0
0
0
0
0
0
0
0
0
0
0
0
0
-1.7491
0
0
0
0
0
0
0
0
0
0
0
0
0
0
0
0
0
0
0
0
0
0
0
0
-0.9457
-0.94404
61.2601
-0.94302
-0.94331
-0.94717
-0.94345
-0.94455
-0.94373
-0.93898
-0.94472
-0.93899
-0.93919
-0.94452
-0.9408
-0.93958
-0.93958
-0.94066
-0.94355
-0.94181
-0.94396
-0.94561
-0.94247
-0.94272
-0.94246
-0.94025
-0.94182
-0.94167
-0.94991
-0.94429
-0.94249
-0.94248
-0.94744
-0.94101
-0.94115
-0.94192
-0.94192
-0.94383
-0.95352
-0.94207
-0.95225
-0.95226
-0.94028
-0.94463
-0.94059
-0.94769
-0.95504
-0.95633
-0.95731
-0.93645
-0.94767
-0.9405
-0.93584
-0.94569
-0.9492
-0.93023
-0.94554
-0.93023
-0.95369
-0.94071
-1.0446
-1.0655
0
0
0
-1.257
0
0
0
0
0
0
0
0
0
0
0
0
0
0
0
0
0
0
0
0
-2.2106
0
0
0
0
0
0
0
0
0
0
0
0
0
0
0
0
0
0
0
0
0
0
0
0
0
0
0
0
0
0
0
-0.9443
-0.94264
-0.94302
58.9642
-0.94194
-0.94581
-0.94205
-0.94279
-0.94235
-0.93758
-0.94343
-0.93757
-0.93779
-0.94322
-0.93941
-0.93819
-0.93819
-0.93926
-0.94214
-0.94042
-0.94257
-0.94441
-0.94108
-0.94129
-0.94108
-0.93887
-0.94042
-0.9403
-0.94889
-0.94289
-0.94108
-0.94109
-0.9461
-0.93961
-0.93976
-0.94052
-0.94051
-0.94247
-0.95221
-0.94065
-0.95088
-0.95088
-0.93891
-0.9433
-0.93918
-0.94637
-0.95369
-0.9549
-0.95586
-0.93501
-0.94679
-0.93908
-0.93412
-0.94435
-0.94791
-0.9288
-0.94413
-0.9288
-0.9522
-0.93932
-1.043
-1.0641
0
0
0
-1.2547
0
0
0
0
0
0
0
0
0
0
0
0
0
0
0
0
0
0
0
0
0
0
0
0
0
0
0
0
0
0
0
0
0
0
0
0
0
0
0
0
0
0
0
0
0
0
0
0
0
0
0
0
-0.94453
-0.94292
-0.94331
-0.94194
56.644
-0.94562
-0.942
-0.94273
-0.94231
-0.93742
-0.9432
-0.93742
-0.93773
-0.94315
-0.93935
-0.93814
-0.93815
-0.93924
-0.94201
-0.94039
-0.94255
-0.94429
-0.94106
-0.94127
-0.94106
-0.93886
-0.94041
-0.94028
-0.9487
-0.94289
-0.94108
-0.94108
-0.94598
-0.93961
-0.93976
-0.94052
-0.94051
-0.94245
-0.95204
-0.94065
-0.95076
-0.95075
-0.93891
-0.94318
-0.93918
-0.94637
-0.95359
-0.95486
-0.95578
-0.93503
-0.94675
-0.93901
-0.9341
-0.94451
-0.9479
-0.92882
-0.94413
-0.92883
-0.95225
-0.93939
-1.0433
0
0
0
0
0
0
0
0
0
0
0
0
0
0
0
0
0
0
0
0
0
0
0
0
0
0
0
0
0
0
0
0
0
0
0
0
0
0
0
0
0
0
0
0
0
0
0
0
0
0
0
0
0
0
0
0
0
-0.94871
-0.94668
-0.94717
-0.94581
-0.94562
59.7583
-0.94567
-0.94635
-0.94596
-0.94112
-0.94703
-0.94112
-0.94141
-0.94703
-0.9429
-0.94175
-0.94176
-0.94284
-0.94534
-0.94404
-0.94618
-0.94756
-0.94467
-0.94491
-0.94467
-0.94242
-0.94402
-0.94404
-0.95181
-0.94652
-0.94472
-0.94471
-0.9493
-0.94325
-0.94341
-0.94417
-0.94417
-0.94616
-0.95545
-0.94432
-0.95425
-0.95425
-0.9425
-0.94662
-0.94284
-0.94999
-0.95703
-0.95869
-0.95919
-0.93872
-0.95003
-0.94236
-0.9378
-0.94784
-0.95158
-0.93254
-0.94768
-0.93254
-0.9561
-0.94303
0
0
0
0
0
0
0
0
0
0
0
0
0
0
0
0
0
0
0
0
0
0
0
0
0
0
0
0
0
0
0
0
0
0
0
0
0
0
0
0
0
0
0
0
0
0
0
0
-3.9479
0
0
0
0
0
0
0
0
0
-0.94467
-0.94302
-0.94345
-0.94205
-0.942
-0.94567
56.6811
-0.94276
-0.9423
-0.93745
-0.9433
-0.93744
-0.93752
-0.9432
-0.93939
-0.93818
-0.93819
-0.93927
-0.94207
-0.9403
-0.94259
-0.94436
-0.94111
-0.94131
-0.94111
-0.9391
-0.94045
-0.94047
-0.94877
-0.94294
-0.94114
-0.94112
-0.94603
-0.93965
-0.93982
-0.94058
-0.94058
-0.94251
-0.95213
-0.9407
-0.95079
-0.95079
-0.93896
-0.94321
-0.93922
-0.94642
-0.95362
-0.95479
-0.95574
-0.93505
-0.94679
-0.939
-0.93416
-0.94457
-0.94798
-0.92885
-0.94434
-0.92885
-0.95227
-0.93943
0
0
0
-1.0776
0
0
0
0
0
0
0
0
0
0
0
0
0
0
0
0
0
0
0
0
0
0
0
0
0
0
0
0
0
0
0
0
0
0
0
0
0
0
0
0
0
0
0
0
0
0
0
0
0
0
0
0
0
0
-0.94535
-0.94376
-0.94455
-0.94279
-0.94273
-0.94635
-0.94276
57.847
-0.94305
-0.93821
-0.94393
-0.93819
-0.93849
-0.94387
-0.94008
-0.93886
-0.93887
-0.93995
-0.94276
-0.94112
-0.94327
-0.94485
-0.94178
-0.94205
-0.94178
-0.93957
-0.94113
-0.94111
-0.94904
-0.94362
-0.94181
-0.94181
-0.94667
-0.94033
-0.94049
-0.94124
-0.94125
-0.94314
-0.9527
-0.94139
-0.95147
-0.95146
-0.9396
-0.94385
-0.93992
-0.94705
-0.95426
-0.95565
-0.95652
-0.93579
-0.94681
-0.93976
-0.93519
-0.94518
-0.94857
-0.92958
-0.94487
-0.92959
-0.95305
-0.94009
0
0
0
0
0
0
0
0
0
0
0
0
0
0
0
0
0
0
0
0
-2.2041
0
0
0
0
0
0
0
0
0
0
0
0
0
0
0
0
0
0
0
0
0
0
0
0
0
0
0
0
0
0
0
0
0
0
0
0
0
-0.94496
-0.94328
-0.94373
-0.94235
-0.94231
-0.94596
-0.9423
-0.94305
56.8322
-0.93775
-0.94361
-0.93775
-0.93803
-0.94349
-0.93963
-0.93847
-0.93848
-0.93955
-0.94236
-0.94066
-0.94287
-0.9447
-0.9414
-0.94162
-0.9414
-0.93932
-0.94074
-0.94077
-0.94907
-0.94323
-0.94141
-0.94142
-0.94633
-0.93995
-0.9401
-0.94085
-0.94085
-0.94283
-0.95243
-0.94098
-0.95105
-0.95105
-0.93927
-0.94345
-0.9395
-0.94674
-0.95396
-0.9546
-0.95608
-0.93535
-0.94721
-0.93932
-0.93447
-0.94493
-0.94832
-0.92913
-0.94478
-0.92914
-0.95256
-0.93975
0
0
0
0
0
0
0
-1.2116
0
0
0
0
0
0
0
0
0
0
0
0
0
0
0
0
0
0
0
0
0
0
0
0
0
0
0
0
0
0
0
0
0
0
0
0
0
0
0
0
0
0
0
0
0
0
0
0
0
0
-0.9402
-0.93858
-0.93898
-0.93758
-0.93742
-0.94112
-0.93745
-0.93821
-0.93775
55.3391
-0.93875
-0.93289
-0.9332
-0.9387
-0.93481
-0.93372
-0.93373
-0.93476
-0.9374
-0.93588
-0.93805
-0.93969
-0.93657
-0.93676
-0.93656
-0.93436
-0.9359
-0.93588
-0.94408
-0.93837
-0.93657
-0.93658
-0.94144
-0.93512
-0.93525
-0.936
-0.936
-0.93793
-0.94746
-0.93613
-0.94618
-0.94618
-0.9344
-0.93865
-0.93467
-0.94183
-0.949
-0.95031
-0.95118
-0.93052
-0.94207
-0.93449
-0.92961
-0.93997
-0.9434
-0.92432
-0.9396
-0.92434
-0.94768
-0.93488
0
0
0
0
0
0
0
0
0
0
0
0
0
0
0
0
0
0
0
0
0
0
0
0
0
0
0
0
0
0
0
0
0
0
0
0
0
0
0
0
0
0
0
0
0
0
0
0
0
0
0
0
0
0
0
0
0
0
-0.94612
-0.94417
-0.94472
-0.94343
-0.9432
-0.94703
-0.9433
-0.94393
-0.94361
-0.93875
58.726
-0.93875
-0.93896
-0.94434
-0.94033
-0.93918
-0.93918
-0.94024
-0.94261
-0.94147
-0.94356
-0.94483
-0.94207
-0.94228
-0.94207
-0.93978
-0.94142
-0.94145
-0.94906
-0.94393
-0.94213
-0.94213
-0.94698
-0.94065
-0.9408
-0.94156
-0.94156
-0.94355
-0.95274
-0.94171
-0.95149
-0.95149
-0.93987
-0.94388
-0.94025
-0.94738
-0.95432
-0.9563
-0.95646
-0.93613
-0.94704
-0.93965
-0.93519
-0.94523
-0.94899
-0.92995
-0.94527
-0.92996
0
0
0
0
0
0
0
0
0
0
0
-1.0625
0
0
0
0
0
0
0
0
0
0
0
0
0
0
0
0
0
0
0
0
0
0
0
0
0
0
0
0
0
0
0
0
0
0
0
0
0
0
0
0
0
0
0
-3.8971
0
0
0
0
-0.9402
-0.93858
-0.93899
-0.93757
-0.93742
-0.94112
-0.93744
-0.93819
-0.93775
-0.93289
-0.93875
55.3391
-0.9332
-0.93869
-0.93481
-0.93373
-0.93372
-0.93475
-0.93739
-0.93589
-0.93804
-0.9397
-0.93657
-0.93676
-0.93656
-0.93436
-0.9359
-0.93587
-0.94409
-0.93837
-0.93657
-0.93656
-0.94143
-0.93511
-0.93525
-0.936
-0.93601
-0.93793
-0.94746
-0.93613
-0.94618
-0.94619
-0.9344
-0.93865
-0.93467
-0.94183
-0.949
-0.9503
-0.95118
-0.93052
-0.94207
-0.9345
-0.92962
-0.93998
-0.9434
-0.92433
-0.93961
-0.92434
-0.94769
-0.93489
0
0
0
0
0
0
0
0
0
0
0
0
0
0
0
0
0
0
0
0
0
0
0
0
0
0
0
0
0
0
0
0
0
0
0
0
0
0
0
0
0
0
0
0
0
0
0
0
0
0
0
0
0
0
0
0
0
0
-0.94042
-0.93877
-0.93919
-0.93779
-0.93773
-0.94141
-0.93752
-0.93849
-0.93803
-0.9332
-0.93896
-0.9332
55.4868
-0.93887
-0.93495
-0.93388
-0.93388
-0.9349
-0.93755
-0.93591
-0.93819
-0.93986
-0.93672
-0.93691
-0.93672
-0.9347
-0.93606
-0.93604
-0.94425
-0.93852
-0.93672
-0.93672
-0.94157
-0.93526
-0.93541
-0.93617
-0.93618
-0.93809
-0.94765
-0.93629
-0.94632
-0.94632
-0.93453
-0.93878
-0.93482
-0.94198
-0.94913
-0.95031
-0.95128
-0.93066
-0.94235
-0.93457
-0.92977
-0.94014
-0.94356
-0.92448
-0.93992
-0.92447
-0.94785
0
0
0
0
-1.0728
0
0
0
0
0
0
0
0
0
0
0
0
0
0
0
0
0
0
0
0
0
0
0
0
0
0
0
0
0
0
0
0
0
0
0
0
0
0
0
0
0
0
0
0
0
0
0
0
0
0
0
0
0
0
-0.94602
-0.94405
-0.94452
-0.94322
-0.94315
-0.94703
-0.9432
-0.94387
-0.94349
-0.9387
-0.94434
-0.93869
-0.93887
58.7232
-0.94034
-0.93912
-0.93913
-0.94018
-0.94258
-0.94138
-0.94352
-0.94476
-0.94202
-0.94222
-0.94202
-0.93976
-0.94136
-0.94132
-0.94904
-0.94386
-0.94206
-0.94206
-0.94656
-0.94059
-0.94075
-0.94151
-0.94152
-0.94346
-0.9527
-0.94166
-0.95155
-0.95153
-0.93983
-0.94393
-0.94019
-0.94727
-0.95427
-0.95601
-0.9565
-0.93607
-0.94732
-0.93971
-0.93512
-0.94493
-0.94886
-0.92991
-0.94506
-0.92992
0
0
0
-1.0658
0
0
0
0
0
0
0
0
0
0
0
0
0
0
0
0
0
0
0
0
0
0
0
0
0
0
0
0
0
0
0
0
0
0
0
0
0
0
0
0
0
0
0
0
0
0
0
0
0
0
0
0
0
-3.8948
0
0
-0.94193
-0.93965
-0.9408
-0.93941
-0.93935
-0.9429
-0.93939
-0.94008
-0.93963
-0.93481
-0.94033
-0.93481
-0.93495
-0.94034
56.2461
-0.93545
-0.93545
-0.93652
-0.93913
-0.93765
-0.93983
-0.94153
-0.93836
-0.93854
-0.93836
-0.93614
-0.93769
-0.93768
-0.94613
-0.94014
-0.93835
-0.93835
-0.94328
-0.93689
-0.93703
-0.93778
-0.93779
-0.9397
-0.94942
-0.93791
-0.94811
-0.9481
-0.93616
-0.94049
-0.93644
-0.9436
-0.9508
-0.95194
-0.95301
-0.93227
-0.94361
-0.93626
-0.93137
-0.94177
-0.9452
-0.92608
-0.94098
-0.92609
-0.94952
0
0
0
0
0
0
0
0
0
0
0
0
0
0
0
0
0
0
0
0
0
0
0
0
0
0
0
0
0
0
0
0
0
0
-1.7408
0
0
0
0
0
0
0
0
0
0
0
0
0
0
0
0
0
0
0
0
0
0
0
0
-0.94078
-0.93917
-0.93958
-0.93819
-0.93814
-0.94175
-0.93818
-0.93886
-0.93847
-0.93372
-0.93918
-0.93373
-0.93388
-0.93912
-0.93545
53.4892
-0.93421
-0.93533
-0.93795
-0.93646
-0.93863
-0.94024
-0.93714
-0.93734
-0.93715
-0.93494
-0.93648
-0.93644
-0.94462
-0.93895
-0.93715
-0.93714
-0.942
-0.93569
-0.93583
-0.93658
-0.93659
-0.9385
-0.94801
-0.93671
-0.94674
-0.94674
-0.93495
-0.9392
-0.93525
-0.94241
-0.94956
-0.95088
-0.95174
-0.93107
-0.94265
-0.93506
-0.9302
-0.94054
-0.94399
-0.9249
-0.94019
-0.9249
0
0
0
0
0
0
0
0
0
0
0
0
0
0
0
0
0
0
0
0
0
0
0
0
0
0
0
0
0
0
0
0
0
0
0
0
0
0
0
0
0
0
0
0
0
0
0
0
0
0
0
0
0
0
0
0
0
0
0
0
-0.94079
-0.93918
-0.93958
-0.93819
-0.93815
-0.94176
-0.93819
-0.93887
-0.93848
-0.93373
-0.93918
-0.93372
-0.93388
-0.93913
-0.93545
-0.93421
53.4893
-0.93533
-0.93795
-0.93646
-0.93863
-0.94025
-0.93714
-0.93734
-0.93715
-0.93496
-0.93648
-0.93644
-0.94462
-0.93895
-0.93714
-0.93714
-0.942
-0.93568
-0.93582
-0.93658
-0.93659
-0.93849
-0.94801
-0.9367
-0.94674
-0.94674
-0.93495
-0.9392
-0.93524
-0.94242
-0.94955
-0.95088
-0.95174
-0.93108
-0.94265
-0.93506
-0.9302
-0.94054
-0.944
-0.92489
-0.94018
-0.9249
0
0
0
0
0
0
0
0
0
0
0
0
0
0
0
0
0
0
0
0
0
0
0
0
0
0
0
0
0
0
0
0
0
0
0
0
0
0
0
0
0
0
0
0
0
0
0
0
0
0
0
0
0
0
0
0
0
0
0
0
-0.94184
-0.94024
-0.94066
-0.93926
-0.93924
-0.94284
-0.93927
-0.93995
-0.93955
-0.93476
-0.94024
-0.93475
-0.9349
-0.94018
-0.93652
-0.93533
-0.93533
50.7187
-0.93913
-0.93751
-0.93969
-0.94126
-0.93822
-0.93843
-0.93822
-0.93604
-0.93753
-0.9375
-0.94566
-0.94
-0.93819
-0.9382
-0.94305
-0.93672
-0.93687
-0.93763
-0.93762
-0.93954
-0.94908
-0.93774
-0.9478
-0.9478
-0.93601
-0.94027
-0.93627
-0.94348
-0.95061
-0.95191
-0.95277
-0.93212
0
-0.93609
-0.93121
-0.94155
0
-0.92609
0
-0.9261
0
0
0
0
0
0
0
0
0
0
0
0
0
0
0
0
0
0
0
0
0
0
0
0
0
0
0
0
0
0
0
0
0
0
0
0
0
0
0
0
0
0
0
0
0
0
0
0
0
0
0
0
0
0
0
0
0
0
0
0
-0.94451
-0.94306
-0.94355
-0.94214
-0.94201
-0.94534
-0.94207
-0.94276
-0.94236
-0.9374
-0.94261
-0.93739
-0.93755
-0.94258
-0.93913
-0.93795
-0.93795
-0.93913
51.8397
-0.94025
-0.94244
-0.94348
-0.94095
-0.94099
-0.94095
-0.93867
-0.94027
-0.94019
-0.94801
-0.94277
-0.94096
-0.94096
-0.9454
-0.93948
-0.93964
-0.94041
-0.9404
-0.94225
-0.95163
-0.94054
-0.95049
-0.95049
-0.93867
-0.94289
-0.93908
-0.94609
-0.95299
-0.95489
-0.95533
-0.93505
0
-0.93857
0
0
0
0
0
0
0
0
0
0
-1.1396
0
0
0
0
0
0
0
0
0
0
0
0
0
0
0
0
0
0
0
0
0
0
0
0
0
0
0
0
0
0
0
0
0
0
0
0
0
0
0
0
0
0
0
-3.5754
0
0
0
0
0
0
0
0
0
0
0
-0.94304
-0.94139
-0.94181
-0.94042
-0.94039
-0.94404
-0.9403
-0.94112
-0.94066
-0.93588
-0.94147
-0.93589
-0.93591
-0.94138
-0.93765
-0.93646
-0.93646
-0.93751
-0.94025
47.1896
-0.94094
-0.94312
-0.9395
-0.9397
-0.9395
-0.93749
-0.93873
-0.93868
-0.94682
-0.9412
-0.9394
-0.9394
-0.94419
-0.93792
-0.93806
-0.93882
-0.93883
-0.94073
-0.9503
-0.93894
-0.94897
-0.94897
-0.93721
-0.94144
-0.93747
-0.94473
-0.95179
-0.95301
-0.95394
-0.93345
0
0
0
0
0
0
0
0
0
0
0
0
0
-1.0743
0
0
0
0
0
0
0
0
0
0
0
0
0
0
0
0
0
0
0
0
0
0
0
0
0
0
0
0
0
0
0
0
0
0
0
0
0
0
0
0
0
0
0
0
0
0
0
0
0
0
0
0
0
0
-0.94518
-0.94356
-0.94396
-0.94257
-0.94255
-0.94618
-0.94259
-0.94327
-0.94287
-0.93805
-0.94356
-0.93804
-0.93819
-0.94352
-0.93983
-0.93863
-0.93863
-0.93969
-0.94244
-0.94094
44.3119
-0.94486
-0.94186
-0.94214
-0.94187
-0.9396
-0.94092
-0.94096
-0.94931
-0.94344
-0.94163
-0.94163
-0.94652
-0.94014
-0.94027
-0.94103
-0.94103
-0.94303
-0.95258
-0.94115
-0.95129
-0.95128
-0.93947
-0.94375
-0.93969
-0.94698
0
-0.95542
0
-0.93578
0
0
0
0
0
0
0
0
0
0
0
0
0
0
0
0
0
0
0
0
0
0
0
0
0
0
0
0
0
0
0
0
0
0
0
0
0
0
0
0
0
0
0
0
0
0
0
0
0
0
0
0
0
0
0
0
0
0
0
0
0
0
0
0
0
0
0
0
-0.94665
-0.94542
-0.94561
-0.94441
-0.94429
-0.94756
-0.94436
-0.94485
-0.9447
-0.93969
-0.94483
-0.9397
-0.93986
-0.94476
-0.94153
-0.94024
-0.94025
-0.94126
-0.94348
-0.94312
-0.94486
47.8738
-0.94335
-0.94346
-0.94336
-0.94097
-0.94255
-0.94224
-0.95004
-0.94505
-0.94324
-0.94324
-0.9475
-0.94177
-0.94191
-0.94268
-0.94267
-0.94432
-0.95372
-0.94282
-0.95293
-0.95293
-0.94077
-0.94531
-0.94136
0
0
0
0
0
0
0
0
0
0
0
0
0
0
0
0
0
0
0
0
0
-1.3019
0
0
0
0
0
0
0
0
0
0
0
0
0
0
0
0
0
0
-1.5775
0
0
0
0
0
0
0
0
0
0
0
0
0
0
0
0
0
0
0
0
0
0
0
-3.4548
0
0
0
0
0
0
0
0
-0.94366
-0.94208
-0.94247
-0.94108
-0.94106
-0.94467
-0.94111
-0.94178
-0.9414
-0.93657
-0.94207
-0.93657
-0.93672
-0.94202
-0.93836
-0.93714
-0.93714
-0.93822
-0.94095
-0.9395
-0.94186
-0.94335
42.351
-0.93999
-0.93914
-0.93715
-0.93906
-0.93913
-0.94959
-0.94176
-0.93997
-0.93997
-0.94474
-0.93849
-0.9386
-0.93936
-0.93937
-0.9415
-0.95098
-0.93959
-0.94969
-0.94969
-0.93788
-0.94218
-0.93811
-0.94533
0
0
0
0
0
0
0
0
0
0
0
0
0
0
0
0
0
0
0
0
0
0
0
0
0
0
0
0
0
0
0
0
0
0
0
0
0
0
0
0
0
0
0
0
0
0
0
0
0
0
0
0
0
0
0
0
0
0
0
0
0
0
0
0
0
0
0
0
0
0
0
0
-0.94391
-0.9423
-0.94272
-0.94129
-0.94127
-0.94491
-0.94131
-0.94205
-0.94162
-0.93676
-0.94228
-0.93676
-0.93691
-0.94222
-0.93854
-0.93734
-0.93734
-0.93843
-0.94099
-0.9397
-0.94214
-0.94346
-0.93999
42.5503
-0.93999
-0.93722
-0.93923
-0.93925
-0.94984
-0.94194
-0.94016
-0.94016
-0.94484
-0.93867
-0.93878
-0.93954
-0.93954
-0.94162
-0.95106
-0.93978
-0.94986
-0.94987
-0.938
-0.94236
-0.9383
0
0
0
0
0
0
0
0
0
0
0
0
0
0
0
0
0
-1.1361
0
0
0
0
0
0
0
0
0
0
0
0
0
0
0
0
0
0
0
0
0
0
0
0
0
0
0
0
0
0
0
0
0
0
0
0
0
0
0
0
0
0
0
0
0
0
0
0
0
0
0
0
0
0
0
-0.94367
-0.94207
-0.94246
-0.94108
-0.94106
-0.94467
-0.94111
-0.94178
-0.9414
-0.93656
-0.94207
-0.93656
-0.93672
-0.94202
-0.93836
-0.93715
-0.93715
-0.93822
-0.94095
-0.9395
-0.94187
-0.94336
-0.93914
-0.93999
42.351
-0.93715
-0.93905
-0.93913
-0.94959
-0.94176
-0.93997
-0.93997
-0.94473
-0.93849
-0.9386
-0.93937
-0.93936
-0.94151
-0.95097
-0.93959
-0.94969
-0.94969
-0.93788
-0.94217
-0.93811
-0.94532
0
0
0
0
0
0
0
0
0
0
0
0
0
0
0
0
0
0
0
0
0
0
0
0
0
0
0
0
0
0
0
0
0
0
0
0
0
0
0
0
0
0
0
0
0
0
0
0
0
0
0
0
0
0
0
0
0
0
0
0
0
0
0
0
0
0
0
0
0
0
0
0
-0.9414
-0.93986
-0.94025
-0.93887
-0.93886
-0.94242
-0.9391
-0.93957
-0.93932
-0.93436
-0.93978
-0.93436
-0.9347
-0.93976
-0.93614
-0.93494
-0.93496
-0.93604
-0.93867
-0.93749
-0.9396
-0.94097
-0.93715
-0.93722
-0.93715
41.821
-0.9368
-0.9366
-0.94707
-0.93945
-0.93768
-0.93768
-0.94211
-0.93618
-0.93629
-0.93704
-0.93705
-0.93913
-0.94846
-0.93728
-0.94721
-0.94721
-0.93549
-0.93974
-0.93579
0
0
0
0
0
0
0
0
0
0
0
0
0
0
0
0
0
0
0
0
0
0
0
0
0
0
0
0
0
0
-0.51379
0
0
0
0
0
0
0
0
0
0
0
0
0
0
0
0
0
0
0
0
0
0
0
0
0
0
0
0
0
0
0
0
0
0
0
0
0
0
0
0
0
0
-0.94302
-0.94142
-0.94182
-0.94042
-0.94041
-0.94402
-0.94045
-0.94113
-0.94074
-0.9359
-0.94142
-0.9359
-0.93606
-0.94136
-0.93769
-0.93648
-0.93648
-0.93753
-0.94027
-0.93873
-0.94092
-0.94255
-0.93906
-0.93923
-0.93905
-0.9368
39.498
-0.93955
-0.94654
-0.94132
-0.93949
-0.93949
-0.94397
-0.93793
-0.93797
-0.93874
-0.93873
-0.9407
-0.95023
-0.93891
-0.94897
-0.94896
0
0
-0.93761
0
0
0
0
0
0
0
0
0
0
0
0
0
0
0
0
0
0
0
0
0
0
0
0
0
0
0
0
0
0
0
0
0
0
0
0
0
0
0
0
0
0
0
0
0
0
0
0
0
0
0
0
0
0
0
0
0
0
0
0
0
0
0
0
0
0
0
0
0
0
0
0
0
-0.94286
-0.94132
-0.94167
-0.9403
-0.94028
-0.94404
-0.94047
-0.94111
-0.94077
-0.93588
-0.94145
-0.93587
-0.93604
-0.94132
-0.93768
-0.93644
-0.93644
-0.9375
-0.94019
-0.93868
-0.94096
-0.94224
-0.93913
-0.93925
-0.93913
-0.9366
-0.93955
39.5553
-0.94567
-0.94126
-0.9394
-0.93938
-0.94326
-0.93775
-0.93771
-0.93847
-0.93847
-0.94024
0
-0.93875
0
0
0
0
0
0
0
0
0
0
0
0
-0.93239
0
0
0
0
0
0
0
-1.039
0
0
0
0
0
0
0
0
0
0
0
0
0
0
0
0
0
0
0
0
0
0
0
0
0
0
0
0
0
0
0
0
0
-1.8765
0
0
0
0
0
0
0
0
0
0
0
0
0
0
0
0
0
0
0
0
0
0
0
-0.95097
-0.95011
-0.94991
-0.94889
-0.9487
-0.95181
-0.94877
-0.94904
-0.94907
-0.94408
-0.94906
-0.94409
-0.94425
-0.94904
-0.94613
-0.94462
-0.94462
-0.94566
-0.94801
-0.94682
-0.94931
-0.95004
-0.94959
-0.94984
-0.94959
-0.94707
-0.94654
-0.94567
42.5122
-0.94902
-0.94729
-0.94728
-0.95184
-0.94553
-0.94565
-0.94641
-0.94642
0
0
0
0
0
0
0
0
0
0
0
0
0
0
0
0
0
0
0
0
0
0
0
0
0
0
0
0
0
-1.3064
0
0
0
0
0
0
0
0
0
0
0
0
0
0
0
0
0
0
0
0
0
0
0
0
0
0
0
0
0
0
0
0
0
0
-3.5425
0
0
0
0
0
0
0
0
0
0
0
0
-3.5425
0
0
0
-0.94552
-0.9439
-0.94429
-0.94289
-0.94289
-0.94652
-0.94294
-0.94362
-0.94323
-0.93837
-0.94393
-0.93837
-0.93852
-0.94386
-0.94014
-0.93895
-0.93895
-0.94
-0.94277
-0.9412
-0.94344
-0.94505
-0.94176
-0.94194
-0.94176
-0.93945
-0.94132
-0.94126
-0.94902
35.808
-0.94222
-0.94221
-0.94821
-0.94038
-0.94077
-0.94153
-0.94153
-0.9435
0
-0.9418
0
0
0
0
0
0
0
0
0
0
0
0
0
0
0
0
0
0
0
0
0
0
0
0
0
0
0
0
0
0
0
0
0
0
0
0
0
0
0
0
0
0
0
0
0
0
0
0
0
0
0
0
0
0
0
0
0
0
0
0
0
0
0
0
0
0
0
0
0
0
0
0
0
0
0
0
0
0
-0.9437
-0.94208
-0.94249
-0.94108
-0.94108
-0.94472
-0.94114
-0.94181
-0.94141
-0.93657
-0.94213
-0.93657
-0.93672
-0.94206
-0.93835
-0.93715
-0.93714
-0.93819
-0.94096
-0.9394
-0.94163
-0.94324
-0.93997
-0.94016
-0.93997
-0.93768
-0.93949
-0.9394
-0.94729
-0.94222
34.7981
-0.93958
-0.94645
-0.93767
-0.93863
-0.93937
-0.93937
-0.94125
0
0
0
0
0
0
0
0
0
0
0
0
0
0
0
0
0
0
0
0
0
0
0
0
0
0
0
0
0
0
0
0
0
0
0
0
0
0
0
0
0
0
0
0
0
0
0
0
0
0
0
0
0
0
0
0
0
0
0
0
0
0
0
0
0
0
0
0
0
0
0
0
0
0
0
0
0
0
0
0
-0.9437
-0.94209
-0.94248
-0.94109
-0.94108
-0.94471
-0.94112
-0.94181
-0.94142
-0.93658
-0.94213
-0.93656
-0.93672
-0.94206
-0.93835
-0.93714
-0.93714
-0.9382
-0.94096
-0.9394
-0.94163
-0.94324
-0.93997
-0.94016
-0.93997
-0.93768
-0.93949
-0.93938
-0.94728
-0.94221
-0.93958
34.7981
-0.94646
-0.93766
-0.93862
-0.93937
-0.93938
-0.94125
0
0
0
0
0
0
0
0
0
0
0
0
0
0
0
0
0
0
0
0
0
0
0
0
0
0
0
0
0
0
0
0
0
0
0
0
0
0
0
0
0
0
0
0
0
0
0
0
0
0
0
0
0
0
0
0
0
0
0
0
0
0
0
0
0
0
0
0
0
0
0
0
0
0
0
0
0
0
0
0
-0.94838
-0.94714
-0.94744
-0.9461
-0.94598
-0.9493
-0.94603
-0.94667
-0.94633
-0.94144
-0.94698
-0.94143
-0.94157
-0.94656
-0.94328
-0.942
-0.942
-0.94305
-0.9454
-0.94419
-0.94652
-0.9475
-0.94474
-0.94484
-0.94473
-0.94211
-0.94397
-0.94326
-0.95184
-0.94821
-0.94645
-0.94646
36.6195
-0.94372
0
0
0
0
0
0
0
0
0
0
0
0
0
0
0
0
0
0
0
0
0
0
0
0
0
0
0
0
0
0
0
0
0
0
0
0
0
0
-0.56229
0
0
0
-1.5125
0
0
0
0
0
0
0
0
0
0
0
0
0
0
0
0
0
0
0
0
0
0
0
0
0
0
0
0
0
0
0
0
0
0
-3.3491
0
0
0
0
0
0
-0.94223
-0.94062
-0.94101
-0.93961
-0.93961
-0.94325
-0.93965
-0.94033
-0.93995
-0.93512
-0.94065
-0.93511
-0.93526
-0.94059
-0.93689
-0.93569
-0.93568
-0.93672
-0.93948
-0.93792
-0.94014
-0.94177
-0.93849
-0.93867
-0.93849
-0.93618
-0.93793
-0.93775
-0.94553
-0.94038
-0.93767
-0.93766
-0.94372
33.8016
-0.93679
-0.93752
-0.93752
0
0
0
0
0
0
0
0
0
0
0
0
0
0
0
0
0
0
0
0
0
0
0
0
0
0
0
0
0
0
0
0
0
0
0
0
0
0
0
0
0
0
0
0
0
0
0
0
0
0
0
0
0
0
0
0
0
0
0
0
0
0
0
0
0
0
0
0
0
0
0
0
0
0
0
0
0
0
0
0
0
-0.94239
-0.94076
-0.94115
-0.93976
-0.93976
-0.94341
-0.93982
-0.94049
-0.9401
-0.93525
-0.9408
-0.93525
-0.93541
-0.94075
-0.93703
-0.93583
-0.93582
-0.93687
-0.93964
-0.93806
-0.94027
-0.94191
-0.9386
-0.93878
-0.9386
-0.93629
-0.93797
-0.93771
-0.94565
-0.94077
-0.93863
-0.93862
0
-0.93679
32.8638
-0.93742
-0.93742
0
0
0
0
0
0
0
0
0
0
0
0
0
0
0
0
0
0
0
0
0
0
0
0
0
0
0
0
0
0
0
0
0
0
0
0
0
0
0
0
0
0
0
0
0
0
0
0
0
0
0
0
0
0
0
0
0
0
0
0
0
0
0
0
0
0
0
0
0
0
0
0
0
0
0
0
0
0
0
0
0
-0.94315
-0.94152
-0.94192
-0.94052
-0.94052
-0.94417
-0.94058
-0.94124
-0.94085
-0.936
-0.94156
-0.936
-0.93617
-0.94151
-0.93778
-0.93658
-0.93658
-0.93763
-0.94041
-0.93882
-0.94103
-0.94268
-0.93936
-0.93954
-0.93937
-0.93704
-0.93874
-0.93847
-0.94641
-0.94153
-0.93937
-0.93937
0
-0.93752
-0.93742
31.9514
0
0
0
0
0
0
0
0
0
0
0
0
0
0
0
0
0
0
0
0
0
0
0
0
0
0
0
0
0
0
0
0
0
0
0
0
0
0
0
0
0
0
0
0
0
0
0
0
0
0
0
0
0
0
0
0
0
0
0
0
0
0
0
0
0
0
0
0
0
0
0
0
0
0
0
0
0
0
0
0
0
0
-0.94315
-0.94152
-0.94192
-0.94051
-0.94051
-0.94417
-0.94058
-0.94125
-0.94085
-0.936
-0.94156
-0.93601
-0.93618
-0.94152
-0.93779
-0.93659
-0.93659
-0.93762
-0.9404
-0.93883
-0.94103
-0.94267
-0.93937
-0.93954
-0.93936
-0.93705
-0.93873
-0.93847
-0.94642
-0.94153
-0.93937
-0.93938
0
-0.93752
-0.93742
0
31.9514
0
0
0
0
0
0
0
0
0
0
0
0
0
0
0
0
0
0
0
0
0
0
0
0
0
0
0
0
0
0
0
0
0
0
0
0
0
0
0
0
0
0
0
0
0
0
0
0
0
0
0
0
0
0
0
0
0
0
0
0
0
0
0
0
0
0
0
0
0
0
0
0
0
0
0
0
0
0
0
0
0
-0.94517
-0.94345
-0.94383
-0.94247
-0.94245
-0.94616
-0.94251
-0.94314
-0.94283
-0.93793
-0.94355
-0.93793
-0.93809
-0.94346
-0.9397
-0.9385
-0.93849
-0.93954
-0.94225
-0.94073
-0.94303
-0.94432
-0.9415
-0.94162
-0.94151
-0.93913
-0.9407
-0.94024
0
-0.9435
-0.94125
-0.94125
0
0
0
0
0
30.8922
0
0
0
0
0
0
0
0
0
0
0
0
0
0
0
0
0
0
0
0
0
0
0
0
0
0
0
0
0
0
0
0
0
0
0
0
-1.702
0
0
0
0
0
0
0
0
0
0
0
0
0
0
0
0
0
0
0
0
0
0
0
0
0
0
0
0
0
0
0
0
0
0
0
0
0
0
0
0
0
0
0
-0.95454
-0.95336
-0.95352
-0.95221
-0.95204
-0.95545
-0.95213
-0.9527
-0.95243
-0.94746
-0.95274
-0.94746
-0.94765
-0.9527
-0.94942
-0.94801
-0.94801
-0.94908
-0.95163
-0.9503
-0.95258
-0.95372
-0.95098
-0.95106
-0.95097
-0.94846
-0.95023
0
0
0
0
0
0
0
0
0
0
0
30.7488
0
0
0
0
0
0
0
0
0
0
0
0
0
0
0
0
0
0
0
0
0
0
0
0
0
0
0
0
0
0
0
0
0
0
0
0
0
0
0
0
0
0
0
0
0
0
0
0
0
0
-1.8811
0
0
0
0
0
0
0
0
0
0
0
0
0
0
0
0
0
0
0
0
0
0
0
0
0
0
-3.1868
0
-0.94329
-0.94163
-0.94207
-0.94065
-0.94065
-0.94432
-0.9407
-0.94139
-0.94098
-0.93613
-0.94171
-0.93613
-0.93629
-0.94166
-0.93791
-0.93671
-0.9367
-0.93774
-0.94054
-0.93894
-0.94115
-0.94282
-0.93959
-0.93978
-0.93959
-0.93728
-0.93891
-0.93875
0
-0.9418
0
0
0
0
0
0
0
0
0
27.2558
0
0
0
0
0
0
0
0
0
0
0
0
0
0
0
0
0
0
0
0
0
0
0
0
0
0
0
0
0
0
0
0
0
0
0
0
0
0
0
0
0
0
0
0
0
0
0
0
0
0
0
0
0
0
0
0
0
0
0
0
0
0
0
0
0
0
0
0
0
0
0
0
0
0
0
0
0
0
-0.95334
-0.952
-0.95225
-0.95088
-0.95076
-0.95425
-0.95079
-0.95147
-0.95105
-0.94618
-0.95149
-0.94618
-0.94632
-0.95155
-0.94811
-0.94674
-0.94674
-0.9478
-0.95049
-0.94897
-0.95129
-0.95293
-0.94969
-0.94986
-0.94969
-0.94721
-0.94897
0
0
0
0
0
0
0
0
0
0
0
0
0
28.7455
0
0
0
0
0
0
0
0
0
0
0
0
0
0
0
0
0
0
0
0
0
0
0
0
0
0
0
0
0
0
0
0
0
0
0
0
0
0
0
0
0
0
0
0
0
0
0
0
0
0
0
0
0
0
0
0
0
0
0
-3.0985
0
0
0
0
0
0
0
0
0
0
0
0
0
0
0
0
0
-0.95333
-0.95199
-0.95226
-0.95088
-0.95075
-0.95425
-0.95079
-0.95146
-0.95105
-0.94618
-0.95149
-0.94619
-0.94632
-0.95153
-0.9481
-0.94674
-0.94674
-0.9478
-0.95049
-0.94897
-0.95128
-0.95293
-0.94969
-0.94987
-0.94969
-0.94721
-0.94896
0
0
0
0
0
0
0
0
0
0
0
0
0
0
28.7454
0
0
0
0
0
0
0
0
0
0
0
0
0
0
0
0
0
0
0
0
0
0
0
0
0
0
0
0
0
0
0
0
0
0
0
0
0
0
0
0
0
0
0
0
0
0
0
0
0
0
0
0
0
0
0
0
0
0
0
0
0
0
0
0
0
0
0
0
0
0
-3.0985
0
0
0
0
0
-0.94147
-0.9399
-0.94028
-0.93891
-0.93891
-0.9425
-0.93896
-0.9396
-0.93927
-0.9344
-0.93987
-0.9344
-0.93453
-0.93983
-0.93616
-0.93495
-0.93495
-0.93601
-0.93867
-0.93721
-0.93947
-0.94077
-0.93788
-0.938
-0.93788
-0.93549
0
0
0
0
0
0
0
0
0
0
0
0
0
0
0
0
25.5294
0
0
0
0
0
0
0
0
0
0
0
0
0
0
0
0
0
0
0
0
0
0
0
0
0
0
0
0
0
0
0
0
0
0
0
0
0
0
0
0
0
0
0
0
0
0
0
0
0
-1.1391
0
0
0
0
0
0
0
0
0
0
0
0
0
0
0
0
0
0
0
0
0
0
0
0
0
-0.9457
-0.94435
-0.94463
-0.9433
-0.94318
-0.94662
-0.94321
-0.94385
-0.94345
-0.93865
-0.94388
-0.93865
-0.93878
-0.94393
-0.94049
-0.9392
-0.9392
-0.94027
-0.94289
-0.94144
-0.94375
-0.94531
-0.94218
-0.94236
-0.94217
-0.93974
0
0
0
0
0
0
0
0
0
0
0
0
0
0
0
0
0
27.4087
0
0
0
0
0
0
0
0
0
0
0
0
0
0
0
0
0
0
0
0
0
0
0
0
0
0
0
0
0
0
0
0
0
0
0
0
0
0
0
0
0
0
0
0
0
0
0
0
0
0
0
-2.9076
0
0
0
0
0
0
0
0
0
0
0
0
0
0
0
0
0
0
0
0
0
0
-0.94182
-0.94016
-0.94059
-0.93918
-0.93918
-0.94284
-0.93922
-0.93992
-0.9395
-0.93467
-0.94025
-0.93467
-0.93482
-0.94019
-0.93644
-0.93525
-0.93524
-0.93627
-0.93908
-0.93747
-0.93969
-0.94136
-0.93811
-0.9383
-0.93811
-0.93579
-0.93761
0
0
0
0
0
0
0
0
0
0
0
0
0
0
0
0
0
25.3358
0
0
0
0
0
0
0
0
0
0
0
0
0
0
0
0
0
0
0
0
0
0
0
0
0
0
0
0
0
0
0
0
0
0
0
0
0
0
0
0
0
0
0
0
0
0
0
0
0
0
0
0
0
0
0
0
0
0
0
0
0
0
0
0
0
0
0
0
0
0
0
0
0
-0.94894
-0.94733
-0.94769
-0.94637
-0.94637
-0.94999
-0.94642
-0.94705
-0.94674
-0.94183
-0.94738
-0.94183
-0.94198
-0.94727
-0.9436
-0.94241
-0.94242
-0.94348
-0.94609
-0.94473
-0.94698
0
-0.94533
0
-0.94532
0
0
0
0
0
0
0
0
0
0
0
0
0
0
0
0
0
0
0
0
23.3018
0
0
0
0
0
0
0
0
0
0
0
0
0
0
0
0
0
0
0
0
0
0
0
0
0
0
0
0
0
0
0
0
0
0
0
0
0
0
-1.5542
0
0
0
0
0
0
0
0
0
0
0
0
0
0
0
0
0
0
0
0
0
0
0
0
0
0
0
0
0
0
0
0
0
-0.95611
-0.9547
-0.95504
-0.95369
-0.95359
-0.95703
-0.95362
-0.95426
-0.95396
-0.949
-0.95432
-0.949
-0.94913
-0.95427
-0.9508
-0.94956
-0.94955
-0.95061
-0.95299
-0.95179
0
0
0
0
0
0
0
0
0
0
0
0
0
0
0
0
0
0
0
0
0
0
0
0
0
0
23.1499
0
0
0
0
0
0
0
0
0
0
0
0
0
0
0
0
0
0
0
0
0
0
0
0
0
0
0
-1.6918
0
0
0
0
0
0
0
0
0
0
0
0
0
0
0
0
0
0
0
0
0
0
0
0
0
0
0
0
0
0
-2.4051
0
0
0
0
0
0
0
0
0
0
0
0
-0.95766
-0.95574
-0.95633
-0.9549
-0.95486
-0.95869
-0.95479
-0.95565
-0.9546
-0.95031
-0.9563
-0.9503
-0.95031
-0.95601
-0.95194
-0.95088
-0.95088
-0.95191
-0.95489
-0.95301
-0.95542
0
0
0
0
0
0
0
0
0
0
0
0
0
0
0
0
0
0
0
0
0
0
0
0
0
0
21.2366
0
0
0
0
0
0
0
0
0
0
0
0
0
0
0
0
0
0
0
-1.2012
0
0
0
0
0
0
0
0
0
0
0
0
0
0
0
0
0
0
0
0
0
0
0
0
0
0
0
0
0
0
0
0
0
0
0
0
0
0
0
0
0
0
0
0
0
0
0
0
0
0
-0.95827
-0.95689
-0.95731
-0.95586
-0.95578
-0.95919
-0.95574
-0.95652
-0.95608
-0.95118
-0.95646
-0.95118
-0.95128
-0.9565
-0.95301
-0.95174
-0.95174
-0.95277
-0.95533
-0.95394
0
0
0
0
0
0
0
0
0
0
0
0
0
0
0
0
0
0
0
0
0
0
0
0
0
0
0
0
21.4799
0
0
0
0
0
0
0
0
0
0
0
0
0
0
0
0
0
0
0
0
0
0
0
0
0
0
0
0
0
0
0
0
0
0
0
0
0
0
0
0
0
0
0
0
0
0
0
0
0
0
-2.3831
0
0
0
0
0
0
0
0
0
0
0
0
0
0
0
0
0
0
-0.93769
-0.93599
-0.93645
-0.93501
-0.93503
-0.93872
-0.93505
-0.93579
-0.93535
-0.93052
-0.93613
-0.93052
-0.93066
-0.93607
-0.93227
-0.93107
-0.93108
-0.93212
-0.93505
-0.93345
-0.93578
0
0
0
0
0
0
0
0
0
0
0
0
0
0
0
0
0
0
0
0
0
0
0
0
0
0
0
0
19.6198
0
0
0
0
0
0
0
0
0
0
0
0
0
0
0
0
0
0
0
0
0
0
0
0
0
0
0
0
0
0
0
0
0
0
0
0
0
0
0
0
0
0
0
0
0
0
0
0
0
0
0
0
0
0
0
0
0
0
0
0
0
0
0
0
0
0
0
0
-0.94923
-0.94755
-0.94767
-0.94679
-0.94675
-0.95003
-0.94679
-0.94681
-0.94721
-0.94207
-0.94704
-0.94207
-0.94235
-0.94732
-0.94361
-0.94265
-0.94265
0
0
0
0
0
0
0
0
0
0
0
0
0
0
0
0
0
0
0
0
0
0
0
0
0
0
0
0
0
0
0
0
0
20.4564
0
0
0
0
0
0
0
0
0
0
0
-1.1278
0
-1.385
0
0
0
0
-1.0543
0
-0.81078
0
0
0
0
0
0
0
0
0
0
0
0
0
0
0
0
0
0
0
0
0
0
0
0
0
0
0
0
0
0
0
0
0
0
0
0
0
0
0
0
0
0
0
0
0
0
-0.94142
-0.94008
-0.9405
-0.93908
-0.93901
-0.94236
-0.939
-0.93976
-0.93932
-0.93449
-0.93965
-0.9345
-0.93457
-0.93971
-0.93626
-0.93506
-0.93506
-0.93609
-0.93857
0
0
0
0
0
0
0
0
0
0
0
0
0
0
0
0
0
0
0
0
0
0
0
0
0
0
0
0
0
0
0
0
19.8714
0
0
0
0
0
0
0
0
0
0
0
0
0
0
0
0
0
0
0
0
0
0
0
0
0
0
0
0
0
0
0
0
0
0
0
0
0
0
0
0
0
0
0
0
0
-2.0469
0
0
0
0
0
0
0
0
0
0
0
0
0
0
0
0
0
0
0
0
-0.93679
-0.93508
-0.93584
-0.93412
-0.9341
-0.9378
-0.93416
-0.93519
-0.93447
-0.92961
-0.93519
-0.92962
-0.92977
-0.93512
-0.93137
-0.9302
-0.9302
-0.93121
0
0
0
0
0
0
0
0
0
-0.93239
0
0
0
0
0
0
0
0
0
0
0
0
0
0
0
0
0
0
0
0
0
0
0
0
19.0963
0
0
0
0
0
0
0
0
0
0
0
0
0
0
0
-1.3641
0
0
0
0
0
0
0
0
0
0
0
0
0
0
0
0
0
0
0
0
0
0
0
0
0
0
0
0
0
0
0
0
0
0
0
0
0
0
0
0
0
0
0
0
0
0
0
0
0
-0.94666
-0.94534
-0.94569
-0.94435
-0.94451
-0.94784
-0.94457
-0.94518
-0.94493
-0.93997
-0.94523
-0.93998
-0.94014
-0.94493
-0.94177
-0.94054
-0.94054
-0.94155
0
0
0
0
0
0
0
0
0
0
0
0
0
0
0
0
0
0
0
0
0
0
0
0
0
0
0
0
0
0
0
0
0
0
0
20.294
0
0
0
0
0
0
0
0
0
0
0
0
0
0
0
0
-1.3883
0
0
0
0
0
0
0
0
0
0
0
0
0
0
0
0
0
0
0
0
0
0
0
0
0
0
0
0
0
0
0
0
0
-1.9219
0
0
0
0
0
0
0
0
0
0
0
0
0
-0.95053
-0.94889
-0.9492
-0.94791
-0.9479
-0.95158
-0.94798
-0.94857
-0.94832
-0.9434
-0.94899
-0.9434
-0.94356
-0.94886
-0.9452
-0.94399
-0.944
0
0
0
0
0
0
0
0
0
0
0
0
0
0
0
0
0
0
0
0
0
0
0
0
0
0
0
0
0
0
0
0
0
0
0
0
0
18.1145
0
0
0
0
0
0
0
0
0
0
0
0
0
0
0
0
0
0
0
0
0
-1.4753
0
0
0
0
-0.53695
0
0
0
0
0
0
0
0
0
0
0
0
0
0
0
0
0
0
0
0
0
0
0
0
0
0
0
0
0
0
0
0
0
0
0
0
-0.9315
-0.92977
-0.93023
-0.9288
-0.92882
-0.93254
-0.92885
-0.92958
-0.92913
-0.92432
-0.92995
-0.92433
-0.92448
-0.92991
-0.92608
-0.9249
-0.92489
-0.92609
0
0
0
0
0
0
0
0
0
0
0
0
0
0
0
0
0
0
0
0
0
0
0
0
0
0
0
0
0
0
0
0
0
0
0
0
0
16.7042
0
0
0
0
0
0
0
0
0
0
0
0
0
0
0
0
0
0
0
0
0
0
0
0
0
0
0
0
0
0
0
0
0
0
0
0
0
0
0
0
0
0
0
0
0
0
0
0
0
0
0
0
0
0
0
0
0
0
0
0
0
0
-0.94664
-0.94474
-0.94554
-0.94413
-0.94413
-0.94768
-0.94434
-0.94487
-0.94478
-0.9396
-0.94527
-0.93961
-0.93992
-0.94506
-0.94098
-0.94019
-0.94018
0
0
0
0
0
0
0
0
0
0
0
0
0
0
0
0
0
0
0
0
0
0
0
0
0
0
0
0
0
0
0
0
0
0
0
0
0
0
0
17.177
0
0
0
0
0
0
0
0
0
0
0
0
0
0
0
0
-1.1394
0
0
0
0
0
0
0
0
0
0
0
0
0
0
0
0
0
0
0
0
0
0
0
0
0
0
0
0
0
0
0
0
0
0
0
0
0
0
0
0
0
0
0
0
-0.9315
-0.92977
-0.93023
-0.9288
-0.92883
-0.93254
-0.92885
-0.92959
-0.92914
-0.92434
-0.92996
-0.92434
-0.92447
-0.92992
-0.92609
-0.9249
-0.9249
-0.9261
0
0
0
0
0
0
0
0
0
0
0
0
0
0
0
0
0
0
0
0
0
0
0
0
0
0
0
0
0
0
0
0
0
0
0
0
0
0
0
16.7043
0
0
0
0
0
0
0
0
0
0
0
0
0
0
0
0
0
0
0
0
0
0
0
0
0
0
0
0
0
0
0
0
0
0
0
0
0
0
0
0
0
0
0
0
0
0
0
0
0
0
0
0
0
0
0
0
0
0
0
0
-0.95496
-0.9532
-0.95369
-0.9522
-0.95225
-0.9561
-0.95227
-0.95305
-0.95256
-0.94768
0
-0.94769
-0.94785
0
-0.94952
0
0
0
0
0
0
0
0
0
0
0
0
0
0
0
0
0
0
0
0
0
0
0
0
0
0
0
0
0
0
0
0
0
0
0
0
0
0
0
0
0
0
0
12.373
0
0
0
0
0
0
0
0
0
0
0
0
0
0
0
0
0
0
0
0
0
0
0
0
0
0
0
0
0
0
0
0
0
0
0
0
0
0
0
0
0
0
0
0
0
0
0
0
0
0
0
0
0
0
0
0
0
0
0
-0.94189
-0.94041
-0.94071
-0.93932
-0.93939
-0.94303
-0.93943
-0.94009
-0.93975
-0.93488
0
-0.93489
0
0
0
0
0
0
0
0
0
0
0
0
0
0
0
0
0
0
0
0
0
0
0
0
0
0
0
0
0
0
0
0
0
0
0
0
0
0
0
0
0
0
0
0
0
0
0
11.4402
0
0
0
0
0
0
0
0
0
0
0
0
0
0
0
0
0
0
0
0
0
0
0
0
0
0
0
0
-1.1064
0
0
0
0
0
0
0
0
0
0
0
0
0
0
0
0
0
0
0
0
0
0
0
0
0
0
0
0
0
-1.0456
-1.0443
-1.0446
-1.043
-1.0433
0
0
0
0
0
0
0
0
0
0
0
0
0
0
0
0
0
0
0
0
0
0
-1.039
0
0
0
0
0
0
0
0
0
0
0
0
0
0
0
0
0
0
0
0
0
0
0
0
0
0
0
0
0
0
0
0
7.2504
0
0
0
0
0
0
0
0
0
0
-0.99054
0
0
0
0
0
0
0
0
0
0
0
0
0
0
0
0
0
0
0
0
0
0
0
0
0
0
0
0
0
0
0
0
0
0
0
0
0
0
0
0
0
0
0
0
0
0
-1.0672
-1.0655
-1.0655
-1.0641
0
0
0
0
0
0
0
0
0
-1.0658
0
0
0
0
0
0
0
0
0
0
0
0
0
0
0
0
0
0
0
0
0
0
0
0
0
0
0
0
0
0
0
0
0
0
0
0
0
0
0
0
0
0
0
0
0
0
0
6.6662
0
0
0
0
0
0
0
0
-1.3381
0
0
0
0
0
0
0
0
0
0
0
0
0
0
0
0
0
0
0
0
0
0
0
0
0
0
0
0
0
0
0
0
0
0
0
0
0
0
0
0
0
0
0
0
0
0
0
0
0
0
0
0
0
0
0
0
0
0
0
0
0
0
0
0
0
-1.1396
0
0
0
0
-1.1361
0
0
0
0
0
0
0
0
0
0
0
0
0
0
0
0
0
0
0
0
0
0
0
0
0
0
-1.1278
0
0
0
0
0
0
0
0
0
0
0
5.6731
0
0
0
0
0
-1.3913
0
0
0
0
0
0
0
0
0
0
0
0
0
0
0
0
0
0
0
0
0
-0.87835
0
0
0
0
0
0
0
0
0
0
0
0
0
0
0
0
0
0
0
0
0
0
0
0
0
0
0
0
0
0
0
0
0
-1.0776
0
0
0
0
0
-1.0728
0
0
0
0
0
0
-1.0743
0
0
0
0
0
0
0
0
0
0
0
0
0
0
0
0
0
0
0
0
0
0
0
0
0
0
0
0
0
0
0
0
0
0
0
0
0
0
0
0
0
0
0
5.4589
0
0
0
-1.216
0
0
0
0
0
0
0
-1.0182
0
0
0
0
0
0
0
0
0
0
0
0
0
0
0
0
0
0
0
0
0
0
0
0
0
0
0
0
0
0
0
0
0
0
0
0
0
0
0
0
0
0
0
0
0
0
0
0
0
0
0
0
0
0
0
0
0
0
0
0
0
0
0
0
0
0
0
0
0
0
0
0
0
0
0
0
0
0
0
0
0
0
0
0
0
0
0
0
0
0
0
0
-1.385
0
0
0
0
0
0
0
0
0
0
0
0
0
7.034
0
0
0
0
0
0
0
0
0
0
0
0
0
0
0
-1.8449
0
0
-1.9603
0
0
-1.8439
0
0
0
0
0
0
0
0
0
0
0
0
0
0
0
0
0
0
0
0
0
0
0
0
0
0
0
0
0
0
0
-1.2613
-1.2572
-1.257
-1.2547
0
0
0
0
0
0
0
0
0
0
0
0
0
0
0
0
0
0
0
0
0
0
0
0
0
0
0
0
0
0
0
0
0
0
0
0
0
0
0
0
0
0
0
0
0
0
0
0
0
0
0
0
0
0
0
0
0
0
0
0
0
5.0301
0
0
0
0
0
0
0
0
0
0
0
0
0
0
0
0
0
0
0
0
0
0
0
0
0
0
0
0
0
0
0
0
0
0
0
0
0
0
0
0
0
0
0
0
0
0
0
0
0
0
0
0
0
0
0
0
0
0
0
0
0
0
0
0
0
0
0
0
0
0
0
0
0
-1.3019
0
0
0
0
0
0
-1.3064
0
0
0
0
0
0
0
0
0
0
0
0
0
0
0
0
0
0
0
0
0
0
0
0
0
0
0
0
0
0
0
0
0
0
0
0
0
5.9355
0
-1.5105
0
0
0
0
0
0
0
0
-1.8168
0
0
0
0
0
0
0
0
0
0
0
0
0
0
0
0
0
0
0
0
0
0
0
0
0
0
0
0
0
0
0
0
0
0
0
0
0
0
0
0
0
0
0
0
0
0
0
0
-1.2116
0
0
0
0
0
0
0
0
0
0
0
0
0
0
0
0
0
0
0
0
0
0
0
0
0
0
0
0
0
0
0
0
0
0
0
0
0
0
-1.2012
0
0
0
0
0
0
0
0
0
0
0
0
0
0
0
-1.216
0
0
0
5.1946
0
0
0
0
0
-1.5657
0
0
0
0
0
0
0
0
0
0
0
0
0
0
0
0
0
0
0
0
0
0
0
0
0
0
0
0
0
0
0
0
0
0
0
0
0
0
0
0
0
0
0
0
0
0
0
0
0
0
0
0
0
0
0
0
0
0
0
0
0
0
0
0
0
0
0
0
0
0
0
0
0
0
0
0
0
0
0
0
0
0
0
0
0
0
0
0
0
0
0
0
0
0
0
0
-1.3641
0
0
0
0
0
0
0
0
0
-1.3913
0
0
0
-1.5105
0
6.4483
0
0
0
0
0
0
0
0
0
0
0
0
0
0
0
0
0
0
0
0
0
0
0
0
0
0
0
-2.1825
0
0
0
0
0
0
0
0
0
0
0
0
0
0
0
0
0
0
0
0
0
0
0
0
0
0
0
0
0
0
0
-1.0625
0
0
0
0
0
0
0
0
0
0
0
0
0
0
0
0
0
0
0
0
0
0
0
0
0
0
0
0
0
0
0
0
0
0
0
0
0
0
0
-1.0543
0
0
0
0
0
0
0
0
0
0
0
0
0
0
0
0
0
0
4.6264
0
0
-1.2181
-1.2915
0
0
0
0
0
0
0
0
0
0
0
0
0
0
0
0
0
0
0
0
0
0
0
0
0
0
0
0
0
0
0
0
0
0
0
0
0
0
0
0
0
0
0
0
0
0
0
0
0
0
0
0
0
0
0
0
0
0
0
0
0
0
0
0
0
0
0
0
0
0
0
0
0
0
0
0
0
0
0
0
0
0
0
0
0
0
0
0
0
0
0
0
0
0
0
0
0
-1.3883
0
0
0
0
0
0
0
-1.3381
0
0
0
0
0
0
0
0
6.3718
0
0
0
0
0
0
0
-1.8249
-1.8205
0
0
0
0
0
0
0
0
0
0
0
0
0
0
0
0
0
0
0
0
0
0
0
0
0
0
0
0
0
0
0
0
0
0
0
0
0
0
0
0
0
0
0
0
0
0
0
0
0
0
0
0
0
0
0
0
0
0
0
0
0
0
0
0
0
0
0
0
0
0
0
0
0
0
0
0
0
0
0
0
0
0
0
0
0
0
0
0
-0.81078
0
0
0
0
0
0
0
0
0
-0.99054
0
0
0
0
0
0
0
0
0
0
2.6355
0
0
0
0
0
0
0
0
0
0
0
0
0
0
0
0
0
0
0
0
0
0
0
0
0
0
-0.83419
0
0
0
0
0
0
0
0
0
0
0
0
0
0
0
0
0
0
0
0
0
0
0
0
0
0
0
0
0
0
0
0
0
0
0
0
0
0
0
0
0
0
0
0
0
0
0
0
0
0
0
-0.56229
0
0
0
0
0
0
0
0
0
0
0
0
0
0
0
0
0
0
0
0
0
0
0
0
0
0
0
0
0
0
0
0
0
0
0
0
-1.2181
0
0
2.3614
0
0
0
0
0
0
0
0
0
0
0
0
0
0
0
0
0
0
0
0
0
0
0
0
0
0
0
0
0
0
-0.58098
0
0
0
0
0
0
0
0
0
0
0
0
0
0
0
0
0
0
0
0
0
0
0
0
0
0
0
0
0
0
0
0
0
0
0
0
0
0
0
0
0
0
0
0
0
0
0
0
0
0
0
0
0
0
0
0
0
0
0
0
0
0
0
0
0
0
0
0
0
0
-1.1394
0
0
0
0
0
0
0
0
0
0
-1.5657
0
-1.2915
0
0
0
3.9966
0
0
0
0
0
0
0
0
0
0
0
0
0
0
0
0
0
0
0
0
0
0
0
0
0
0
0
0
0
0
0
0
0
0
0
0
0
0
0
0
0
0
0
0
0
0
0
0
0
0
0
0
0
0
0
0
0
0
0
0
0
0
0
0
0
0
0
0
0
0
0
0
0
0
0
0
0
0
0
0
0
-1.702
0
0
0
0
0
0
0
0
-1.6918
0
0
0
0
0
0
0
0
0
0
0
0
0
0
0
0
0
0
0
0
0
0
0
0
0
0
0
5.8138
0
0
0
0
0
0
0
0
0
0
0
0
0
0
0
0
0
0
0
0
0
0
0
0
0
0
0
0
0
0
0
0
0
0
0
0
0
0
0
0
0
0
-2.42
0
0
0
0
0
0
0
0
0
0
0
0
0
0
0
0
0
0
0
0
0
0
0
0
0
-0.51379
0
0
0
0
0
0
0
0
0
0
0
0
0
0
0
0
0
0
0
0
0
0
0
0
0
0
0
0
0
0
0
0
0
0
0
0
0
-1.0182
0
0
0
0
0
0
0
0
0
0
0
1.8377
0
0
0
0
0
0
0
0
0
0
0
0
0
0
0
0
0
0
0
0
0
0
0
0
0
0
0
0
0
0
0
-0.30577
0
0
0
0
0
0
0
0
0
0
0
0
0
0
0
0
0
0
0
0
0
0
0
0
0
0
0
0
0
0
0
0
0
0
0
0
0
0
0
0
0
0
-1.5125
0
0
0
0
0
0
0
0
0
0
0
0
0
0
0
0
0
0
0
0
0
-1.4753
0
0
0
0
0
0
0
0
0
0
0
0
0
0
0
0
0
0
0
0
0
5.0374
0
0
0
0
0
0
0
0
0
0
0
0
0
0
0
0
0
0
0
0
0
0
0
0
0
-2.0496
0
0
0
0
0
0
0
0
0
0
0
0
0
0
0
0
0
0
0
0
0
0
0
0
0
0
0
0
0
0
0
0
0
0
0
0
0
0
0
0
0
0
0
0
0
0
0
0
0
0
0
0
0
0
0
0
0
0
0
0
0
0
0
0
0
0
0
0
0
0
0
0
0
0
0
0
0
0
0
0
0
-1.8168
0
0
0
0
0
0
0
0
0
0
3.757
0
0
0
0
0
-1.9402
0
0
0
0
0
0
0
0
0
0
0
0
0
0
0
0
0
0
0
0
0
0
0
0
0
0
0
0
0
0
0
0
0
0
0
0
0
0
0
0
0
0
0
0
0
0
0
0
0
0
0
0
0
0
0
0
0
0
0
0
0
0
0
0
0
0
0
0
0
0
0
0
0
0
0
0
0
0
0
0
0
0
0
0
0
0
0
0
0
0
0
0
0
0
0
0
0
0
0
0
0
0
0
0
-1.8249
0
0
0
0
0
0
0
3.6482
0
0
0
0
0
0
0
0
0
0
0
0
0
0
0
-1.8234
0
0
0
0
0
0
0
0
0
0
0
0
0
0
0
0
0
0
0
0
0
0
0
0
0
0
0
0
0
0
0
0
0
0
0
0
0
0
0
0
0
0
0
0
0
0
0
0
0
0
0
0
0
0
0
0
0
0
0
0
0
0
0
0
0
0
0
0
0
0
0
0
0
0
0
0
0
0
0
0
0
0
0
0
0
0
0
0
0
0
0
0
0
-1.8205
0
0
0
0
0
0
0
0
3.6577
0
0
0
0
0
0
0
0
0
-1.8372
0
0
0
0
0
0
0
0
0
0
0
0
0
0
0
0
0
0
0
0
0
0
0
0
0
0
0
0
0
0
0
0
0
0
0
-2.2041
0
0
0
0
0
0
0
0
0
0
0
0
0
0
0
0
0
0
0
0
0
0
0
0
0
0
0
0
0
0
0
0
0
0
0
0
0
0
0
0
0
0
0
0
0
0
0
0
0
0
0
0
0
0
0
0
-1.8449
0
0
0
0
0
0
0
0
0
0
0
0
0
0
0
4.0489
0
0
0
0
0
0
0
0
0
0
0
0
0
0
0
0
0
0
0
0
0
0
0
0
0
0
0
0
0
0
0
0
0
0
0
0
0
0
0
0
0
0
0
0
0
0
0
0
0
0
0
0
0
0
0
0
0
0
0
0
0
0
0
0
0
0
0
0
0
0
0
0
0
0
0
0
0
0
0
0
0
0
0
0
0
0
0
0
0
0
0
-0.53695
0
0
0
0
0
0
0
0
0
0
0
0
0
0
0
0
0
0
0
0
0
0
0
0
0
0
2.2402
0
0
0
0
0
-1.7033
0
0
0
0
0
0
0
0
0
0
0
0
0
0
0
0
0
0
0
0
0
0
0
0
0
0
0
0
0
0
0
0
0
0
0
0
0
0
0
0
0
0
0
0
0
0
0
0
0
0
0
0
0
0
0
0
0
0
0
0
0
0
0
0
0
0
0
0
0
0
0
0
0
0
0
0
0
0
0
0
0
0
0
0
0
0
0
0
0
0
0
0
0
0
0
0
0
0
0
0
0
0
0
0
0
0
0
0
0
0
0
0
3.3792
0
0
0
0
0
-1.6921
0
0
0
-1.687
0
0
0
0
0
0
0
0
0
0
0
0
0
0
0
0
0
0
0
0
0
0
0
0
0
0
0
0
0
0
0
0
0
0
0
0
0
0
0
0
0
0
0
0
0
0
0
0
0
0
0
0
0
0
0
0
0
0
0
0
0
0
0
0
0
0
0
0
0
0
0
0
0
0
0
0
0
0
0
0
0
0
0
0
0
0
0
0
0
-1.9603
0
0
0
0
0
0
0
0
0
0
0
0
-1.9402
0
0
0
0
0
3.9004
0
0
0
0
0
0
0
0
0
0
0
0
0
0
0
0
0
0
0
0
0
0
0
0
0
0
0
0
0
0
0
0
0
0
0
0
0
0
0
0
0
0
0
0
0
0
0
0
0
0
0
0
0
0
0
0
0
0
0
0
0
0
0
0
0
0
0
0
0
0
0
0
0
0
0
0
0
0
0
-1.5542
0
0
0
0
0
0
0
0
0
0
0
0
0
0
0
0
0
0
0
0
0
0
0
0
0
0
0
0
0
0
0
0
0
0
0
0
0
0
3.4696
0
0
0
0
0
0
-1.9153
0
0
0
0
0
0
0
0
0
0
0
0
0
0
0
0
0
0
0
0
0
0
0
0
0
0
0
0
0
0
0
0
0
0
0
0
0
0
0
0
0
0
0
0
0
0
0
-1.5775
0
0
0
0
0
0
0
0
0
0
0
0
0
0
0
0
0
0
0
0
0
0
0
0
0
0
0
0
0
0
0
0
0
0
0
0
0
0
0
0
0
0
0
0
0
0
0
0
0
0
0
0
0
0
0
0
0
0
0
0
0
0
0
3.4844
0
0
0
0
0
-1.9068
0
0
0
0
0
0
0
0
0
0
0
0
0
0
0
0
0
0
0
0
0
0
0
0
0
0
0
0
-2.2106
0
0
0
0
0
0
0
0
0
0
0
0
0
0
0
0
0
0
0
0
0
0
0
0
0
0
0
0
0
0
0
0
0
0
0
0
0
0
0
0
0
0
0
0
0
0
0
0
0
0
0
0
0
0
0
0
0
0
0
0
0
-1.8439
0
0
0
0
0
0
0
0
0
0
0
0
0
0
0
0
0
0
0
0
0
4.0545
0
0
0
0
0
0
0
0
0
0
0
0
0
0
0
0
0
0
0
0
0
0
0
0
0
0
0
0
0
0
0
0
0
0
0
0
0
0
0
0
0
0
0
0
0
0
0
0
0
0
0
0
0
0
0
0
0
0
0
0
0
0
0
0
0
0
0
0
0
0
0
0
0
0
0
0
0
0
0
0
0
0
0
0
0
0
0
0
0
0
0
0
0
0
0
0
0
0
0
0
0
0
0
0
0
0
0
0
0
0
0
0
-1.7033
0
0
0
0
0
3.6052
0
0
-1.902
0
0
0
0
0
0
0
0
0
0
0
0
0
0
0
0
0
0
0
0
0
0
0
0
0
0
0
0
0
0
0
0
0
0
0
0
0
0
0
0
0
0
0
0
0
0
0
0
0
0
0
0
0
0
0
0
0
0
0
0
0
0
0
0
0
0
0
0
0
0
0
0
0
0
0
0
0
0
0
0
0
0
0
0
0
0
-1.1064
0
0
0
0
0
0
0
0
0
0
0
0
0
0
0
0
0
0
0
0
0
0
-1.6921
0
0
0
0
0
2.7986
0
0
0
0
0
0
0
0
0
0
0
0
0
0
0
0
0
0
0
0
0
0
0
0
0
0
0
0
0
0
0
0
0
0
0
0
0
0
0
0
0
0
0
0
0
0
0
0
0
0
0
0
0
0
0
0
0
0
0
0
0
0
0
0
0
0
0
-1.8811
0
0
0
0
0
0
0
0
0
0
0
0
0
0
0
0
0
0
0
0
0
0
0
0
0
0
0
0
0
0
0
0
0
0
0
0
0
0
0
0
-1.8372
0
0
0
0
0
0
0
0
0
3.7183
0
0
0
0
0
0
0
0
0
0
0
0
0
0
0
0
0
0
0
0
0
0
0
0
0
0
0
0
0
0
0
0
0
0
0
0
0
0
0
0
0
0
0
0
0
0
0
0
0
0
0
0
0
0
0
0
0
0
0
0
0
0
0
0
0
0
0
0
0
0
0
0
0
0
0
0
0
0
0
0
0
0
0
0
0
0
0
0
0
0
-0.87835
0
0
0
0
0
0
0
0
0
0
0
0
0
0
0
0
0
0
0
0
0
0
0
0
-1.902
0
0
2.7803
0
0
0
0
0
0
0
0
0
0
0
0
0
0
0
0
0
0
0
0
0
0
0
0
0
0
0
0
0
0
0
0
0
0
0
0
0
0
0
0
0
0
0
0
0
0
0
0
0
0
0
0
0
0
0
0
0
0
0
0
0
0
0
0
0
0
0
0
0
0
0
0
0
0
0
0
0
0
0
0
0
0
0
0
0
0
0
0
0
0
0
0
0
0
0
0
0
0
0
0
0
0
0
0
0
0
0
0
0
0
0
-1.9153
-1.9068
0
0
0
0
0
3.8222
0
0
0
0
0
0
0
0
0
0
0
0
0
0
0
0
0
0
0
0
0
0
0
0
0
0
0
0
0
0
0
0
0
0
0
0
0
0
0
0
0
0
0
0
0
0
0
0
0
0
0
0
0
0
0
0
0
0
0
0
0
0
0
0
0
0
0
0
-1.1391
0
0
0
0
0
0
0
0
0
0
0
0
0
0
0
0
0
0
0
0
0
0
0
0
0
0
0
0
0
0
0
0
0
0
0
0
0
0
0
-1.687
0
0
0
0
0
0
0
0
0
2.8262
0
0
0
0
0
0
0
0
0
0
0
0
0
0
0
0
0
0
0
0
0
0
0
0
0
0
-1.7491
0
0
0
0
0
0
0
0
0
0
0
0
-1.7408
0
0
0
0
0
0
0
0
0
0
0
0
0
0
0
0
0
0
0
0
0
0
0
0
0
0
0
0
0
0
0
0
0
0
0
0
0
0
0
0
0
0
0
0
0
0
0
0
0
0
0
0
0
0
0
0
0
0
0
0
0
0
0
0
0
0
0
0
0
0
0
0
0
0
0
0
0
0
3.4899
0
0
0
0
0
0
0
0
0
0
0
0
0
0
0
0
0
0
0
0
0
0
0
0
0
0
0
0
0
0
0
0
0
0
0
0
0
0
0
0
0
0
0
0
0
0
0
0
0
0
0
-1.8765
0
0
0
0
0
0
0
0
0
0
0
0
0
0
0
0
0
0
0
0
0
0
0
0
0
0
0
0
0
0
0
0
0
0
0
0
0
0
0
0
0
0
0
0
0
0
0
0
0
0
-1.8234
0
0
0
0
0
0
0
0
0
0
0
0
0
0
0
3.6998
0
0
0
0
0
0
0
0
0
0
0
0
0
0
0
0
0
0
0
0
0
0
0
0
0
0
0
0
0
0
0
0
0
0
0
0
0
0
0
0
0
0
0
0
0
0
0
0
0
0
0
0
0
0
0
0
0
0
0
0
0
0
0
0
0
0
-2.9076
0
0
0
0
0
0
0
0
0
0
0
0
0
0
0
0
0
0
0
0
0
0
0
0
0
0
0
0
0
0
0
0
0
0
0
0
0
0
0
0
0
0
0
0
0
0
0
0
0
0
0
2.9076
0
0
0
0
0
0
0
0
0
0
0
0
0
0
0
0
0
0
0
0
0
0
0
0
0
0
0
0
0
0
0
0
0
0
0
0
0
0
0
0
0
0
0
0
0
0
0
0
0
0
0
0
0
0
0
0
0
0
0
0
0
0
0
0
0
0
0
0
0
0
0
0
0
0
0
0
0
0
0
0
0
0
0
0
0
0
0
0
0
0
-2.1825
0
0
0
0
0
0
0
0
0
0
0
0
0
0
0
0
0
0
0
0
0
0
0
0
0
0
0
2.1825
0
0
0
0
0
0
0
0
0
0
0
0
0
0
0
0
0
0
0
0
0
0
0
0
0
0
0
0
0
0
0
0
0
0
0
0
0
0
0
0
0
0
0
0
0
0
0
0
0
0
0
0
0
0
0
0
0
0
0
0
0
0
0
0
0
0
0
0
0
0
0
0
-2.0469
0
0
0
0
0
0
0
0
0
0
0
0
0
0
0
0
0
0
0
0
0
0
0
0
0
0
0
0
0
0
0
0
0
0
0
0
0
0
0
0
0
0
0
0
0
2.0469
0
0
0
0
0
0
0
0
0
0
0
0
0
0
0
0
0
0
0
0
0
0
0
0
0
0
0
0
0
0
0
0
0
0
0
0
0
0
0
0
0
0
0
0
0
0
0
0
0
0
0
0
0
0
0
0
0
0
0
0
0
0
0
0
0
0
0
0
0
0
0
0
0
0
0
0
0
0
0
0
0
0
0
0
0
0
0
0
0
0
0
-0.83419
0
0
0
0
0
0
0
0
0
0
0
0
0
0
0
0
0
0
0
0
0
0
0
0
0
0
0.83419
0
0
0
0
0
0
0
0
0
0
0
0
0
0
0
0
0
0
0
0
0
0
0
0
0
0
0
0
0
0
0
0
0
0
0
0
0
0
0
0
0
0
0
0
0
0
0
0
0
0
0
0
0
0
0
0
0
0
0
0
0
0
0
0
0
0
0
-2.3831
0
0
0
0
0
0
0
0
0
0
0
0
0
0
0
0
0
0
0
0
0
0
0
0
0
0
0
0
0
0
0
0
0
0
0
0
0
0
0
0
0
0
0
0
0
0
0
0
0
0
2.3831
0
0
0
0
0
0
0
0
0
0
0
0
0
0
0
0
0
0
0
0
0
0
0
0
0
0
0
0
0
0
0
0
0
0
0
0
0
0
0
0
0
0
0
0
0
0
0
0
0
0
0
0
0
0
0
0
0
0
-3.0985
0
0
0
0
0
0
0
0
0
0
0
0
0
0
0
0
0
0
0
0
0
0
0
0
0
0
0
0
0
0
0
0
0
0
0
0
0
0
0
0
0
0
0
0
0
0
0
0
0
0
0
0
0
0
0
0
0
0
0
3.0985
0
0
0
0
0
0
0
0
0
0
0
0
0
0
0
0
0
0
0
0
0
0
0
0
0
0
0
0
0
0
0
0
0
0
0
0
0
0
0
0
0
0
0
0
0
-3.5425
0
0
0
0
0
0
0
0
0
0
0
0
0
0
0
0
0
0
0
0
0
0
0
0
0
0
0
0
0
0
0
0
0
0
0
0
0
0
0
0
0
0
0
0
0
0
0
0
0
0
0
0
0
0
0
0
0
0
0
0
0
0
0
0
0
0
0
0
0
0
0
0
3.5425
0
0
0
0
0
0
0
0
0
0
0
0
0
0
0
0
0
0
0
0
0
0
0
0
0
0
0
0
0
0
0
0
0
0
0
0
0
0
0
0
0
0
0
0
0
0
0
0
0
0
0
0
0
0
0
0
0
0
0
0
0
0
0
0
0
0
0
0
0
0
0
0
0
0
0
0
0
0
0
0
0
0
0
0
0
0
0
0
0
0
0
0
-2.0496
0
0
0
0
0
0
0
0
0
0
0
0
0
0
0
0
0
0
0
0
0
0
0
0
0
2.0496
0
0
0
0
0
0
0
0
0
0
0
0
0
0
0
0
0
0
0
0
0
0
0
0
0
0
0
0
0
0
0
0
0
0
0
0
0
0
0
0
0
0
0
0
0
0
0
0
0
0
0
0
0
0
0
0
0
0
0
0
0
0
0
0
0
0
0
0
0
0
0
0
0
0
0
0
0
0
0
0
0
0
0
0
0
0
0
-0.58098
0
0
0
0
0
0
0
0
0
0
0
0
0
0
0
0
0
0
0
0
0
0
0
0
0
0
0
0
0
0
0.58098
0
0
0
0
0
0
0
0
0
0
0
0
0
0
0
0
0
0
0
0
0
0
0
0
0
0
0
0
0
0
0
0
0
0
0
0
0
0
0
0
0
0
0
0
0
0
0
0
0
0
0
0
0
0
0
0
0
0
0
0
0
0
0
0
0
0
0
-1.9219
0
0
0
0
0
0
0
0
0
0
0
0
0
0
0
0
0
0
0
0
0
0
0
0
0
0
0
0
0
0
0
0
0
0
0
0
0
0
0
0
0
0
0
0
0
0
0
0
0
0
1.9219
0
0
0
0
0
0
0
0
0
0
0
0
0
0
0
0
0
0
0
0
0
0
0
0
0
0
0
0
0
0
0
0
0
0
0
0
0
0
0
0
0
0
0
0
0
0
0
0
0
0
0
0
0
0
0
0
0
0
0
-2.4051
0
0
0
0
0
0
0
0
0
0
0
0
0
0
0
0
0
0
0
0
0
0
0
0
0
0
0
0
0
0
0
0
0
0
0
0
0
0
0
0
0
0
0
0
0
0
0
0
0
0
0
0
0
0
0
0
0
0
2.4051
0
0
0
0
0
0
0
0
0
0
0
0
0
0
0
0
0
0
0
0
0
0
0
0
0
0
0
0
0
0
-3.5754
0
0
0
0
0
0
0
0
0
0
0
0
0
0
0
0
0
0
0
0
0
0
0
0
0
0
0
0
0
0
0
0
0
0
0
0
0
0
0
0
0
0
0
0
0
0
0
0
0
0
0
0
0
0
0
0
0
0
0
0
0
0
0
0
0
0
0
0
0
0
0
0
0
0
0
0
0
0
0
0
0
0
0
0
0
0
0
3.5754
0
0
0
0
0
0
0
0
0
0
0
0
0
0
0
0
0
0
0
0
0
0
0
0
0
0
0
0
0
0
0
0
0
0
0
0
0
0
0
0
0
0
0
0
0
0
0
0
0
0
0
0
0
0
0
0
0
0
0
0
0
0
0
0
0
0
0
0
0
0
0
0
0
0
0
0
0
0
0
0
0
0
0
0
0
0
-0.30577
0
0
0
0
0
0
0
0
0
0
0
0
0
0
0
0
0
0
0
0
0
0
0
0
0
0
0
0
0
0
0
0.30577
0
0
0
0
0
0
0
0
0
0
0
0
0
0
0
-3.9479
0
0
0
0
0
0
0
0
0
0
0
0
0
0
0
0
0
0
0
0
0
0
0
0
0
0
0
0
0
0
0
0
0
0
0
0
0
0
0
0
0
0
0
0
0
0
0
0
0
0
0
0
0
0
0
0
0
0
0
0
0
0
0
0
0
0
0
0
0
0
0
0
0
0
0
0
0
0
0
0
0
0
0
0
0
0
0
0
0
0
0
0
0
0
0
0
0
0
0
0
0
0
3.9479
0
0
0
0
0
0
0
0
0
0
0
0
0
0
0
0
0
0
0
0
0
0
0
0
0
0
0
0
0
0
-3.4548
0
0
0
0
0
0
0
0
0
0
0
0
0
0
0
0
0
0
0
0
0
0
0
0
0
0
0
0
0
0
0
0
0
0
0
0
0
0
0
0
0
0
0
0
0
0
0
0
0
0
0
0
0
0
0
0
0
0
0
0
0
0
0
0
0
0
0
0
0
0
0
0
0
0
0
0
0
0
0
0
0
0
0
0
0
0
0
3.4548
0
0
0
0
0
0
0
0
-4.0255
0
0
0
0
0
0
0
0
0
0
0
0
0
0
0
0
0
0
0
0
0
0
0
0
0
0
0
0
0
0
0
0
0
0
0
0
0
0
0
0
0
0
0
0
0
0
0
0
0
0
0
0
0
0
0
0
0
0
0
0
0
0
0
0
0
0
0
0
0
0
0
0
0
0
0
0
0
0
0
0
0
0
0
0
0
0
0
0
0
0
0
0
0
0
0
0
0
0
0
0
0
0
0
0
0
0
0
0
0
4.0255
0
0
0
0
0
0
0
0
0
0
0
0
0
0
0
0
0
0
0
0
0
0
0
0
0
0
0
0
0
0
0
0
0
0
0
0
0
0
0
-3.3491
0
0
0
0
0
0
0
0
0
0
0
0
0
0
0
0
0
0
0
0
0
0
0
0
0
0
0
0
0
0
0
0
0
0
0
0
0
0
0
0
0
0
0
0
0
0
0
0
0
0
0
0
0
0
0
0
0
0
0
0
0
0
0
0
0
0
0
0
0
0
0
0
0
0
0
0
0
0
3.3491
0
0
0
0
0
0
0
0
0
0
0
0
0
0
0
0
0
0
0
0
0
0
0
0
0
0
0
0
0
0
0
0
0
0
0
0
0
0
0
0
0
0
0
0
0
0
0
-3.0985
0
0
0
0
0
0
0
0
0
0
0
0
0
0
0
0
0
0
0
0
0
0
0
0
0
0
0
0
0
0
0
0
0
0
0
0
0
0
0
0
0
0
0
0
0
0
0
0
0
0
0
0
0
0
0
0
0
0
0
0
0
0
0
0
0
0
0
0
0
0
3.0985
0
0
0
0
0
0
0
0
0
0
0
0
0
0
0
-3.8971
0
0
0
0
0
0
0
0
0
0
0
0
0
0
0
0
0
0
0
0
0
0
0
0
0
0
0
0
0
0
0
0
0
0
0
0
0
0
0
0
0
0
0
0
0
0
0
0
0
0
0
0
0
0
0
0
0
0
0
0
0
0
0
0
0
0
0
0
0
0
0
0
0
0
0
0
0
0
0
0
0
0
0
0
0
0
0
0
0
0
0
0
0
0
0
0
0
0
0
0
0
0
3.8971
0
0
0
0
0
0
0
0
0
0
0
0
0
0
0
0
0
0
0
0
0
0
0
0
0
0
0
0
0
0
0
0
-3.5425
0
0
0
0
0
0
0
0
0
0
0
0
0
0
0
0
0
0
0
0
0
0
0
0
0
0
0
0
0
0
0
0
0
0
0
0
0
0
0
0
0
0
0
0
0
0
0
0
0
0
0
0
0
0
0
0
0
0
0
0
0
0
0
0
0
0
0
0
0
0
0
0
0
0
0
0
0
0
0
0
0
0
0
0
0
3.5425
0
0
0
0
0
0
0
0
0
0
0
0
0
0
0
0
-3.8948
0
0
0
0
0
0
0
0
0
0
0
0
0
0
0
0
0
0
0
0
0
0
0
0
0
0
0
0
0
0
0
0
0
0
0
0
0
0
0
0
0
0
0
0
0
0
0
0
0
0
0
0
0
0
0
0
0
0
0
0
0
0
0
0
0
0
0
0
0
0
0
0
0
0
0
0
0
0
0
0
0
0
0
0
0
0
0
0
0
0
0
0
0
0
0
0
0
0
0
0
0
3.8948
0
0
0
0
0
0
0
0
0
0
0
0
0
0
0
0
0
0
0
0
0
0
0
0
0
0
0
0
0
0
0
0
0
0
0
0
0
0
0
0
-3.1868
0
0
0
0
0
0
0
0
0
0
0
0
0
0
0
0
0
0
0
0
0
0
0
0
0
0
0
0
0
0
0
0
0
0
0
0
0
0
0
0
0
0
0
0
0
0
0
0
0
0
0
0
0
0
0
0
0
0
0
0
0
0
0
0
0
0
0
0
0
0
0
0
0
0
0
0
0
3.1868
0
0
0
0
0
0
0
0
0
0
0
0
0
0
0
0
0
0
0
0
0
0
0
0
0
0
0
0
0
0
0
0
0
0
0
0
0
0
0
0
0
0
0
0
0
0
0
0
0
0
0
0
0
0
0
0
0
0
0
0
0
0
0
0
0
0
0
0
0
0
0
0
0
0
0
-2.42
0
0
0
0
0
0
0
0
0
0
0
0
0
0
0
0
0
0
0
0
0
0
0
0
0
0
0
0
0
0
0
0
0
0
0
0
0
0
0
0
0
0
2.42
