62.3303
-0.81388
-0.82741
-0.80466
-0.80066
-0.86703
-0.81043
-0.81896
-0.81866
-0.78102
-0.84514
-0.78102
-0.79301
-0.84052
-0.81892
-0.77896
-0.77896
-0.78555
-0.83227
-0.8004
-0.83349
-0.84279
-0.79249
-0.82927
-0.79244
-0.80282
-0.79471
-0.79667
-0.88302
-0.84268
-0.82478
-0.82477
-0.88438
-0.83052
-0.81565
-0.81502
-0.81502
-0.84716
-0.91855
-0.87676
-0.87649
-0.87646
-0.85908
-0.84668
-0.8339
-0.87739
-0.93196
-0.88645
-0.88381
-0.86655
-0.85864
-0.87569
-0.82199
-0.85941
-0.84117
-0.88067
-0.88602
-0.94531
-1.1427
-1.0352
-1.6011
-1.6498
0
0
0
-2.1508
0
0
0
0
0
0
0
0
0
0
0
0
0
0
0
0
0
0
0
0
0
0
0
0
0
0
0
0
0
0
0
0
0
0
0
0
0
0
0
0
0
0
0
0
-6.9826
0
0
0
0
0
0
0
-0.81388
58.2374
-0.80713
-0.78827
-0.78265
-0.82955
-0.79188
-0.79949
-0.80008
-0.76266
-0.81856
-0.76266
-0.77443
-0.81262
-0.78668
-0.76049
-0.7605
-0.76707
-0.81002
-0.78164
-0.8147
-0.82103
-0.77398
-0.81057
-0.77393
-0.78363
-0.77618
-0.77823
-0.86146
-0.82397
-0.80623
-0.80621
-0.86205
-0.81194
-0.79727
-0.79664
-0.79664
-0.82804
-0.8962
-0.85814
-0.85601
-0.85598
-0.84056
-0.82683
-0.81558
-0.85881
-0.91126
-0.86774
-0.86418
-0.84854
-0.83878
-0.85661
-0.80459
-0.84036
-0.82292
-0.86307
-0.86703
-0.92732
-1.1264
-1.02
-1.5978
-1.6463
0
0
0
-2.1756
0
0
0
0
0
0
0
0
0
0
0
0
0
0
0
0
0
0
0
0
0
0
0
0
0
0
0
-4.0178
0
0
0
0
0
0
0
0
0
0
0
0
0
0
0
0
0
0
0
0
0
0
0
0
-0.82741
-0.80713
59.133
-0.79816
-0.79337
-0.84351
-0.80293
-0.81036
-0.81135
-0.77354
-0.83111
-0.77354
-0.78545
-0.82481
-0.81394
-0.77145
-0.77145
-0.77831
-0.8228
-0.79282
-0.82606
-0.83192
-0.78509
-0.82227
-0.78503
-0.79472
-0.78732
-0.78799
-0.87038
-0.83544
-0.81758
-0.81756
-0.87336
-0.82333
-0.8086
-0.80796
-0.80796
-0.83915
-0.90567
-0.8699
-0.86717
-0.86715
-0.85178
-0.83842
-0.82719
-0.86949
-0.92273
-0.88023
-0.8767
-0.86044
-0.83964
-0.86962
-0.82254
-0.85082
-0.83221
-0.87501
-0.87998
-0.93957
-1.1397
-1.0293
-1.6039
-1.6527
0
0
0
-2.1781
0
0
0
0
0
0
0
0
0
0
0
0
0
0
0
0
0
0
0
0
-4.2278
0
0
0
0
0
0
0
0
0
0
0
0
0
0
0
0
0
0
0
0
0
0
0
0
0
0
0
0
0
0
0
-0.80466
-0.78827
-0.79816
53.5733
-0.77204
-0.81988
-0.78182
-0.78826
-0.79021
-0.7521
-0.80822
-0.75211
-0.76411
-0.80255
-0.79233
-0.75015
-0.75015
-0.75673
-0.80039
-0.77142
-0.80431
-0.81132
-0.7637
-0.79982
-0.76365
-0.77363
-0.76582
-0.76761
-0.85177
-0.81335
-0.79566
-0.79566
-0.85193
-0.80136
-0.78672
-0.78608
-0.78607
-0.81744
-0.88606
-0.84739
-0.84619
-0.84616
-0.83012
-0.81718
-0.8049
-0.84842
-0.90138
-0.85774
-0.85463
-0.83769
-0.82808
-0.84718
-0.79313
-0.83046
-0.81209
-0.85206
-0.85781
-0.91629
-1.1147
-1.0064
-1.5792
-1.6283
0
0
0
-2.1503
0
0
0
0
0
0
0
0
0
0
0
0
0
0
0
0
0
0
0
0
0
0
0
0
0
0
0
0
0
0
0
0
0
0
0
0
0
0
0
0
0
0
0
0
0
0
0
0
0
0
0
0
-0.80066
-0.78265
-0.79337
-0.77204
49.2409
-0.80902
-0.76906
-0.77948
-0.77886
-0.74181
-0.79772
-0.74181
-0.75372
-0.79367
-0.78237
-0.74057
-0.74058
-0.74722
-0.79086
-0.76184
-0.79476
-0.80323
-0.7543
-0.79035
-0.75424
-0.76407
-0.7563
-0.75692
-0.84148
-0.80371
-0.7861
-0.78608
-0.84164
-0.79178
-0.77718
-0.77654
-0.77654
-0.80761
-0.87444
-0.83766
-0.83606
-0.83603
-0.82078
-0.80725
-0.79538
-0.83932
-0.89116
-0.84809
-0.8447
-0.82821
-0.81976
-0.83719
-0.78415
-0.82589
-0.80359
-0.8427
-0.84803
-0.90678
-1.1047
-0.99701
-1.5719
0
0
0
0
0
0
0
0
0
0
0
0
0
0
0
0
0
0
0
0
0
0
0
0
0
0
0
0
0
0
0
0
0
0
0
0
0
0
0
0
0
0
0
0
0
0
0
0
0
0
0
0
0
0
0
0
0
-0.86703
-0.82955
-0.84351
-0.81988
-0.80902
57.4465
-0.81688
-0.82473
-0.82513
-0.78707
-0.85083
-0.78708
-0.79923
-0.84792
-0.82543
-0.78507
-0.78508
-0.79167
-0.83772
-0.8065
-0.83974
-0.8491
-0.79866
-0.83563
-0.79861
-0.80892
-0.80075
-0.80467
-0.88867
-0.84888
-0.83097
-0.83096
-0.89033
-0.83669
-0.82178
-0.82115
-0.82116
-0.85357
-0.92357
-0.88307
-0.88225
-0.88223
-0.86579
-0.85251
-0.84003
-0.88449
-0.93833
-0.89272
-0.88967
-0.87271
-0.86737
-0.8814
-0.82899
-0.87123
-0.84862
-0.88696
-0.89183
-0.95186
-1.1498
-1.0427
0
0
0
0
0
0
0
0
0
0
0
0
0
0
0
0
0
0
0
0
0
0
0
0
0
0
0
0
0
0
0
0
0
0
0
0
0
0
0
0
0
0
0
0
0
0
0
0
-7.0988
0
0
0
0
0
0
0
0
0
-0.81043
-0.79188
-0.80293
-0.78182
-0.76906
-0.81688
49.9625
-0.78771
-0.7867
-0.74922
-0.80532
-0.74921
-0.75824
-0.80131
-0.79054
-0.74812
-0.74812
-0.75491
-0.79884
-0.76734
-0.80277
-0.8121
-0.76229
-0.79842
-0.76225
-0.77087
-0.76427
-0.76774
-0.85048
-0.81189
-0.79424
-0.79421
-0.85011
-0.79991
-0.7853
-0.78466
-0.78467
-0.81658
-0.88315
-0.84599
-0.84406
-0.84404
-0.82911
-0.81457
-0.80347
-0.84824
-0.89977
-0.85342
-0.85176
-0.83638
-0.82853
-0.84444
-0.79291
-0.83432
-0.81202
-0.85102
-0.85604
-0.91532
-1.1138
-1.0063
0
0
0
-1.8226
0
0
0
0
0
0
0
0
0
0
0
0
0
0
0
0
0
0
0
0
0
0
0
0
0
0
0
0
0
0
0
0
0
0
0
0
0
0
0
0
0
0
0
0
0
0
0
0
0
0
0
0
0
0
-0.81896
-0.79949
-0.81036
-0.78826
-0.77948
-0.82473
-0.78771
52.7547
-0.79634
-0.75764
-0.81238
-0.75763
-0.76972
-0.80833
-0.79833
-0.75572
-0.75573
-0.76254
-0.80626
-0.7769
-0.81007
-0.81591
-0.76938
-0.80639
-0.76932
-0.77877
-0.77141
-0.77386
-0.85309
-0.81925
-0.80153
-0.80151
-0.85658
-0.80723
-0.7926
-0.79196
-0.79197
-0.8231
-0.88785
-0.85358
-0.8503
-0.85027
-0.83591
-0.8219
-0.81103
-0.85394
-0.90606
-0.86403
-0.85995
-0.84412
-0.82461
-0.85286
-0.80788
-0.83875
-0.81702
-0.85869
-0.86335
-0.92309
-1.1221
-1.0126
0
0
0
0
0
0
0
0
0
0
0
0
0
0
0
0
0
0
0
0
-4.1943
0
0
0
0
0
0
0
0
0
0
0
0
0
0
0
0
0
0
0
0
0
0
0
0
0
0
0
0
0
0
0
0
0
0
0
0
0
-0.81866
-0.80008
-0.81135
-0.79021
-0.77886
-0.82513
-0.7867
-0.79634
50.8122
-0.75772
-0.81412
-0.75772
-0.76912
-0.80951
-0.79912
-0.7565
-0.75651
-0.76341
-0.80723
-0.77705
-0.81144
-0.82022
-0.77092
-0.8072
-0.77087
-0.78029
-0.77288
-0.7765
-0.85925
-0.82072
-0.803
-0.80299
-0.85957
-0.80869
-0.79401
-0.79338
-0.79338
-0.82556
-0.89197
-0.85491
-0.85261
-0.85258
-0.83799
-0.82322
-0.81225
-0.85723
-0.90894
-0.85705
-0.86064
-0.84517
-0.83794
-0.85288
-0.80159
-0.84314
-0.82129
-0.85994
-0.86098
-0.92443
-1.1234
-1.0157
0
0
0
0
0
0
0
-2.1702
0
0
0
0
0
0
0
0
0
0
0
0
0
0
0
0
0
0
0
0
0
0
0
0
0
0
0
0
0
0
0
0
0
0
0
0
0
0
0
0
0
0
0
0
0
0
0
0
0
0
-0.78102
-0.76266
-0.77354
-0.7521
-0.74181
-0.78707
-0.74922
-0.75764
-0.75772
46.4085
-0.77617
-0.71479
-0.73237
-0.77217
-0.76057
-0.72037
-0.72038
-0.7264
-0.76917
-0.74064
-0.77336
-0.78124
-0.73328
-0.76887
-0.73322
-0.74284
-0.73505
-0.73786
-0.81772
-0.78184
-0.76446
-0.76445
-0.81897
-0.77009
-0.7556
-0.75494
-0.75494
-0.78596
-0.8516
-0.81549
-0.81364
-0.81361
-0.79881
-0.78519
-0.77348
-0.81724
-0.86885
-0.8257
-0.82218
-0.80602
-0.79869
-0.81483
-0.76286
-0.80391
-0.78189
-0.82035
-0.82542
-0.88411
-1.0805
-0.97371
0
0
0
0
0
0
0
0
0
0
0
0
0
0
0
0
0
0
0
0
0
0
0
0
0
0
0
0
0
0
0
0
0
0
0
0
0
0
0
0
0
0
0
0
0
0
0
0
0
0
0
0
0
0
0
0
0
0
-0.84514
-0.81856
-0.83111
-0.80822
-0.79772
-0.85083
-0.80532
-0.81238
-0.81412
-0.77617
55.927
-0.77617
-0.78743
-0.82678
-0.81434
-0.77279
-0.77279
-0.77943
-0.82178
-0.79392
-0.82732
-0.8331
-0.78636
-0.82291
-0.7863
-0.79483
-0.78844
-0.79214
-0.87203
-0.83651
-0.8187
-0.81868
-0.87498
-0.82441
-0.80967
-0.80903
-0.80903
-0.84097
-0.90726
-0.87086
-0.86718
-0.86716
-0.85235
-0.83796
-0.82806
-0.87255
-0.92348
-0.88305
-0.87506
-0.86118
-0.84646
-0.86712
-0.81741
-0.85714
-0.83648
-0.87589
-0.88016
-0.94075
0
0
0
0
0
0
0
0
0
0
0
-1.8441
0
0
0
0
0
0
0
0
0
0
0
0
0
0
0
0
0
0
0
0
0
0
0
0
0
0
0
0
0
0
0
0
0
0
0
0
0
0
0
0
0
0
0
-6.6649
0
0
0
0
-0.78102
-0.76266
-0.77354
-0.75211
-0.74181
-0.78708
-0.74921
-0.75763
-0.75772
-0.71479
-0.77617
46.4085
-0.73236
-0.77216
-0.76057
-0.72037
-0.72038
-0.7264
-0.76916
-0.74065
-0.77336
-0.78124
-0.73328
-0.76887
-0.73322
-0.74284
-0.73505
-0.73786
-0.81773
-0.78185
-0.76446
-0.76445
-0.81896
-0.77008
-0.7556
-0.75494
-0.75494
-0.78596
-0.85159
-0.81548
-0.81364
-0.81362
-0.79881
-0.78518
-0.77348
-0.81724
-0.86885
-0.8257
-0.82218
-0.80603
-0.79869
-0.81484
-0.76287
-0.80392
-0.78189
-0.82036
-0.82544
-0.88411
-1.0805
-0.97371
0
0
0
0
0
0
0
0
0
0
0
0
0
0
0
0
0
0
0
0
0
0
0
0
0
0
0
0
0
0
0
0
0
0
0
0
0
0
0
0
0
0
0
0
0
0
0
0
0
0
0
0
0
0
0
0
0
0
-0.79301
-0.77443
-0.78545
-0.76411
-0.75372
-0.79923
-0.75824
-0.76972
-0.76912
-0.73237
-0.78743
-0.73236
47.9
-0.78349
-0.77211
-0.73108
-0.73108
-0.73755
-0.78036
-0.74982
-0.78485
-0.79324
-0.74465
-0.78038
-0.7446
-0.75306
-0.74654
-0.74986
-0.83023
-0.79369
-0.77618
-0.77618
-0.83107
-0.78183
-0.76731
-0.76666
-0.76667
-0.79811
-0.86399
-0.8275
-0.82536
-0.82534
-0.80943
-0.79617
-0.78528
-0.82978
-0.88065
-0.83468
-0.83307
-0.81804
-0.81017
-0.82587
-0.77488
-0.81609
-0.79394
-0.83273
-0.83748
-0.8967
-1.0943
0
0
0
0
-1.7987
0
0
0
0
0
0
0
0
0
0
0
0
0
0
0
0
0
0
0
0
0
0
0
0
0
0
0
0
0
0
0
0
0
0
0
0
0
0
0
0
0
0
0
0
0
0
0
0
0
0
0
0
0
0
-0.84052
-0.81262
-0.82481
-0.80255
-0.79367
-0.84792
-0.80131
-0.80833
-0.80951
-0.77217
-0.82678
-0.77216
-0.78349
55.5211
-0.81032
-0.76882
-0.76882
-0.77533
-0.81819
-0.78997
-0.82315
-0.82887
-0.78232
-0.81887
-0.78228
-0.79179
-0.78439
-0.7889
-0.86832
-0.83227
-0.81448
-0.81447
-0.87024
-0.8202
-0.80549
-0.80484
-0.80485
-0.83667
-0.90453
-0.86654
-0.86384
-0.8638
-0.84802
-0.83462
-0.82371
-0.86757
-0.91988
-0.87668
-0.87205
-0.85667
-0.84834
-0.86423
-0.81263
-0.8488
-0.83151
-0.87116
-0.87542
-0.93593
0
0
0
-1.6483
0
0
0
0
0
0
0
0
0
0
0
0
0
0
0
0
0
0
0
0
0
0
0
0
0
0
0
0
0
0
0
0
0
0
0
0
0
0
0
0
0
0
0
0
0
0
0
0
0
0
0
0
0
-6.6871
0
0
-0.81892
-0.78668
-0.81394
-0.79233
-0.78237
-0.82543
-0.79054
-0.79833
-0.79912
-0.76057
-0.81434
-0.76057
-0.77211
-0.81032
51.6803
-0.75843
-0.75843
-0.76515
-0.80806
-0.77981
-0.81308
-0.82043
-0.77239
-0.8091
-0.77233
-0.78187
-0.77441
-0.77788
-0.85964
-0.82224
-0.80453
-0.80452
-0.86008
-0.81024
-0.7956
-0.79496
-0.79495
-0.82656
-0.893
-0.85651
-0.85374
-0.85371
-0.83812
-0.82475
-0.81391
-0.85805
-0.9096
-0.86604
-0.86203
-0.84696
-0.83962
-0.85435
-0.80403
-0.84386
-0.82276
-0.86173
-0.86485
-0.92619
-1.1252
0
0
0
0
0
0
0
0
0
0
0
0
0
0
0
0
0
0
0
0
0
0
0
0
0
0
0
0
0
0
0
0
0
0
-3.971
0
0
0
0
0
0
0
0
0
0
0
0
0
0
0
0
0
0
0
0
0
0
0
0
-0.77896
-0.76049
-0.77145
-0.75015
-0.74057
-0.78507
-0.74812
-0.75572
-0.7565
-0.72037
-0.77279
-0.72037
-0.73108
-0.76882
-0.75843
44.1867
-0.70897
-0.72267
-0.7661
-0.73702
-0.77
-0.77754
-0.73001
-0.76534
-0.72995
-0.73946
-0.73167
-0.73439
-0.81925
-0.77835
-0.76104
-0.76101
-0.81439
-0.76666
-0.75213
-0.75148
-0.75148
-0.7825
-0.84788
-0.81213
-0.81024
-0.81022
-0.79414
-0.78186
-0.77009
-0.81401
-0.86537
-0.82233
-0.81895
-0.80261
-0.79569
-0.8115
-0.7596
-0.80108
-0.77894
-0.81685
-0.82207
-0.88087
0
0
0
0
0
0
0
0
0
0
0
0
0
0
0
0
0
0
0
0
0
0
0
0
0
0
0
0
0
0
0
0
0
0
0
0
0
0
0
0
0
0
0
0
0
0
0
0
0
0
0
0
0
0
0
0
0
0
0
0
-0.77896
-0.7605
-0.77145
-0.75015
-0.74058
-0.78508
-0.74812
-0.75573
-0.75651
-0.72038
-0.77279
-0.72038
-0.73108
-0.76882
-0.75843
-0.70897
44.1869
-0.72268
-0.7661
-0.73703
-0.77
-0.77754
-0.73001
-0.76534
-0.72996
-0.73948
-0.73167
-0.73439
-0.81925
-0.77835
-0.76103
-0.76101
-0.81439
-0.76666
-0.75212
-0.75148
-0.75149
-0.7825
-0.84788
-0.81212
-0.81025
-0.81022
-0.79415
-0.78185
-0.7701
-0.81402
-0.86537
-0.82233
-0.81896
-0.80261
-0.79569
-0.8115
-0.75959
-0.80107
-0.77895
-0.81685
-0.82207
-0.88087
0
0
0
0
0
0
0
0
0
0
0
0
0
0
0
0
0
0
0
0
0
0
0
0
0
0
0
0
0
0
0
0
0
0
0
0
0
0
0
0
0
0
0
0
0
0
0
0
0
0
0
0
0
0
0
0
0
0
0
0
-0.78555
-0.76707
-0.77831
-0.75673
-0.74722
-0.79167
-0.75491
-0.76254
-0.76341
-0.7264
-0.77943
-0.7264
-0.73755
-0.77533
-0.76515
-0.72267
-0.72268
42.1377
-0.77094
-0.74393
-0.77735
-0.78245
-0.7368
-0.77243
-0.73674
-0.74637
-0.73807
-0.74097
-0.82293
-0.7848
-0.76744
-0.76744
-0.82109
-0.77309
-0.75842
-0.75778
-0.75778
-0.78849
-0.85432
-0.81851
-0.81674
-0.81671
-0.80046
-0.78831
-0.77639
-0.82041
-0.87194
-0.82887
-0.82533
-0.80943
0
-0.81793
-0.76604
-0.80789
0
-0.8231
0
-0.88703
0
0
0
0
0
0
0
0
0
0
0
0
0
0
0
0
0
0
0
0
0
0
0
0
0
0
0
0
0
0
0
0
0
0
0
0
0
0
0
0
0
0
0
0
0
0
0
0
0
0
0
0
0
0
0
0
0
0
0
0
-0.83227
-0.81002
-0.8228
-0.80039
-0.79086
-0.83772
-0.79884
-0.80626
-0.80723
-0.76917
-0.82178
-0.76916
-0.78036
-0.81819
-0.80806
-0.7661
-0.7661
-0.77094
48.95
-0.78437
-0.81813
-0.82546
-0.77731
-0.81018
-0.77726
-0.78661
-0.779
-0.78232
-0.86117
-0.82663
-0.80896
-0.80895
-0.8646
-0.81472
-0.79993
-0.79929
-0.79929
-0.82994
-0.89738
-0.86098
-0.85748
-0.85745
-0.8423
-0.8284
-0.81856
-0.86252
-0.91262
-0.87082
-0.86494
-0.8521
0
-0.85815
0
0
0
0
0
0
0
0
0
0
-1.9434
0
0
0
0
0
0
0
0
0
0
0
0
0
0
0
0
0
0
0
0
0
0
0
0
0
0
0
0
0
0
0
0
0
0
0
0
0
0
0
0
0
0
0
-6.0926
0
0
0
0
0
0
0
0
0
0
0
-0.8004
-0.78164
-0.79282
-0.77142
-0.76184
-0.8065
-0.76734
-0.7769
-0.77705
-0.74064
-0.79392
-0.74065
-0.74982
-0.78997
-0.77981
-0.73702
-0.73703
-0.74393
-0.78437
40.5118
-0.79374
-0.79572
-0.75163
-0.78785
-0.75157
-0.75998
-0.75214
-0.75594
-0.83652
-0.79917
-0.78176
-0.78175
-0.83484
-0.78746
-0.77259
-0.77199
-0.772
-0.80252
-0.86891
-0.83315
-0.83133
-0.83129
-0.81493
-0.80203
-0.79119
-0.83559
-0.88613
-0.84007
-0.83837
-0.82404
0
0
0
0
0
0
0
0
0
0
0
0
0
-1.7926
0
0
0
0
0
0
0
0
0
0
0
0
0
0
0
0
0
0
0
0
0
0
0
0
0
0
0
0
0
0
0
0
0
0
0
0
0
0
0
0
0
0
0
0
0
0
0
0
0
0
0
0
0
0
-0.83349
-0.8147
-0.82606
-0.80431
-0.79476
-0.83974
-0.80277
-0.81007
-0.81144
-0.77336
-0.82732
-0.77336
-0.78485
-0.82315
-0.81308
-0.77
-0.77
-0.77735
-0.81813
-0.79374
38.583
-0.82784
-0.78403
-0.82162
-0.78398
-0.79445
-0.78443
-0.79245
-0.86543
-0.83364
-0.81606
-0.81605
-0.88216
-0.82148
-0.80724
-0.80673
-0.80673
-0.84109
-0.90708
-0.86863
-0.8681
-0.86807
-0.85025
-0.8384
-0.8267
-0.87041
0
-0.87958
0
-0.85868
0
0
0
0
0
0
0
0
0
0
0
0
0
0
0
0
0
0
0
0
0
0
0
0
0
0
0
0
0
0
0
0
0
0
0
0
0
0
0
0
0
0
0
0
0
0
0
0
0
0
0
0
0
0
0
0
0
0
0
0
0
0
0
0
0
0
0
0
-0.84279
-0.82103
-0.83192
-0.81132
-0.80323
-0.8491
-0.8121
-0.81591
-0.82022
-0.78124
-0.8331
-0.78124
-0.79324
-0.82887
-0.82043
-0.77754
-0.77754
-0.78245
-0.82546
-0.79572
-0.82784
47.9691
-0.78713
-0.82268
-0.78708
-0.7969
-0.78828
-0.78553
-0.86481
-0.83587
-0.81828
-0.81826
-0.86892
-0.82377
-0.809
-0.80837
-0.80837
-0.84159
-0.89788
-0.87029
-0.86941
-0.86937
-0.84842
-0.84005
-0.82847
0
0
0
0
0
0
0
0
0
0
0
0
0
0
0
0
0
0
0
0
0
-1.9689
0
0
0
0
0
0
0
0
0
0
0
0
0
0
0
0
0
0
-3.8952
0
0
0
0
0
0
0
0
0
0
0
0
0
0
0
0
0
0
0
0
0
0
0
-5.9841
0
0
0
0
0
0
0
0
-0.79249
-0.77398
-0.78509
-0.7637
-0.7543
-0.79866
-0.76229
-0.76938
-0.77092
-0.73328
-0.78636
-0.73328
-0.74465
-0.78232
-0.77239
-0.73001
-0.73001
-0.7368
-0.77731
-0.75163
-0.78403
-0.78713
34.9603
-0.78026
-0.71433
-0.74491
-0.7393
-0.75502
-0.83092
-0.78768
-0.77134
-0.77132
-0.84262
-0.7767
-0.7636
-0.76307
-0.76308
-0.79674
-0.85777
-0.82431
-0.82387
-0.82384
-0.80597
-0.79455
-0.78336
-0.82575
0
0
0
0
0
0
0
0
0
0
0
0
0
0
0
0
0
0
0
0
0
0
0
0
0
0
0
0
0
0
0
0
0
0
0
0
0
0
0
0
0
0
0
0
0
0
0
0
0
0
0
0
0
0
0
0
0
0
0
0
0
0
0
0
0
0
0
0
0
0
0
0
-0.82927
-0.81057
-0.82227
-0.79982
-0.79035
-0.83563
-0.79842
-0.80639
-0.8072
-0.76887
-0.82291
-0.76887
-0.78038
-0.81887
-0.8091
-0.76534
-0.76534
-0.77243
-0.81018
-0.78785
-0.82162
-0.82268
-0.78026
37.7054
-0.78021
-0.78776
-0.77848
-0.78713
-0.86273
-0.82802
-0.81077
-0.81076
-0.87838
-0.8162
-0.80223
-0.80174
-0.80175
-0.83552
-0.89993
-0.8637
-0.86321
-0.86319
-0.84413
-0.83364
-0.82199
0
0
0
0
0
0
0
0
0
0
0
0
0
0
0
0
0
-1.9393
0
0
0
0
0
0
0
0
0
0
0
0
0
0
0
0
0
0
0
0
0
0
0
0
0
0
0
0
0
0
0
0
0
0
0
0
0
0
0
0
0
0
0
0
0
0
0
0
0
0
0
0
0
0
0
-0.79244
-0.77393
-0.78503
-0.76365
-0.75424
-0.79861
-0.76225
-0.76932
-0.77087
-0.73322
-0.7863
-0.73322
-0.7446
-0.78228
-0.77233
-0.72995
-0.72996
-0.73674
-0.77726
-0.75157
-0.78398
-0.78708
-0.71433
-0.78021
34.9578
-0.74484
-0.73924
-0.75495
-0.83087
-0.78762
-0.77128
-0.77127
-0.84256
-0.77665
-0.76355
-0.76302
-0.76301
-0.79668
-0.85769
-0.82425
-0.82381
-0.82378
-0.80591
-0.79449
-0.7833
-0.8257
0
0
0
0
0
0
0
0
0
0
0
0
0
0
0
0
0
0
0
0
0
0
0
0
0
0
0
0
0
0
0
0
0
0
0
0
0
0
0
0
0
0
0
0
0
0
0
0
0
0
0
0
0
0
0
0
0
0
0
0
0
0
0
0
0
0
0
0
0
0
0
0
-0.80282
-0.78363
-0.79472
-0.77363
-0.76407
-0.80892
-0.77087
-0.77877
-0.78029
-0.74284
-0.79483
-0.74284
-0.75306
-0.79179
-0.78187
-0.73946
-0.73948
-0.74637
-0.78661
-0.75998
-0.79445
-0.7969
-0.74491
-0.78776
-0.74484
36.8425
-0.75027
-0.75534
-0.84078
-0.79858
-0.78189
-0.78189
-0.85056
-0.78733
-0.77382
-0.77329
-0.77329
-0.80775
-0.86905
-0.83491
-0.83328
-0.83325
-0.81517
-0.80238
-0.79334
0
0
0
0
0
0
0
0
0
0
0
0
0
0
0
0
0
0
0
0
0
0
0
0
0
0
0
0
0
0
-2.2806
0
0
0
0
0
0
0
0
0
0
0
0
0
0
0
0
0
0
0
0
0
0
0
0
0
0
0
0
0
0
0
0
0
0
0
0
0
0
0
0
0
0
-0.79471
-0.77618
-0.78732
-0.76582
-0.7563
-0.80075
-0.76427
-0.77141
-0.77288
-0.73505
-0.78844
-0.73505
-0.74654
-0.78439
-0.77441
-0.73167
-0.73167
-0.73807
-0.779
-0.75214
-0.78443
-0.78828
-0.7393
-0.77848
-0.73924
-0.75027
32.6096
-0.74709
-0.82829
-0.7922
-0.77537
-0.77536
-0.8285
-0.78026
-0.76496
-0.76455
-0.76455
-0.79901
-0.85436
-0.82693
-0.82824
-0.82821
0
0
-0.78563
0
0
0
0
0
0
0
0
0
0
0
0
0
0
0
0
0
0
0
0
0
0
0
0
0
0
0
0
0
0
0
0
0
0
0
0
0
0
0
0
0
0
0
0
0
0
0
0
0
0
0
0
0
0
0
0
0
0
0
0
0
0
0
0
0
0
0
0
0
0
0
0
0
-0.79667
-0.77823
-0.78799
-0.76761
-0.75692
-0.80467
-0.76774
-0.77386
-0.7765
-0.73786
-0.79214
-0.73786
-0.74986
-0.7889
-0.77788
-0.73439
-0.73439
-0.74097
-0.78232
-0.75594
-0.79245
-0.78553
-0.75502
-0.78713
-0.75495
-0.75534
-0.74709
35.4257
-0.83237
-0.78693
-0.77315
-0.77313
-0.82794
-0.77871
-0.76592
-0.7653
-0.7653
-0.79328
0
-0.8264
0
0
0
0
0
0
0
0
0
0
0
0
-0.77163
0
0
0
0
0
0
0
-1.5277
0
0
0
0
0
0
0
0
0
0
0
0
0
0
0
0
0
0
0
0
0
0
0
0
0
0
0
0
0
0
0
0
0
-3.7177
0
0
0
0
0
0
0
0
0
0
0
0
0
0
0
0
0
0
0
0
0
0
0
-0.88302
-0.86146
-0.87038
-0.85177
-0.84148
-0.88867
-0.85048
-0.85309
-0.85925
-0.81772
-0.87203
-0.81773
-0.83023
-0.86832
-0.85964
-0.81925
-0.81925
-0.82293
-0.86117
-0.83652
-0.86543
-0.86481
-0.83092
-0.86273
-0.83087
-0.84078
-0.82829
-0.83237
44.3894
-0.87248
-0.85621
-0.85619
-0.91139
-0.86145
-0.84762
-0.84706
-0.84706
0
0
0
0
0
0
0
0
0
0
0
0
0
0
0
0
0
0
0
0
0
0
0
0
0
0
0
0
0
-2.0646
0
0
0
0
0
0
0
0
0
0
0
0
0
0
0
0
0
0
0
0
0
0
0
0
0
0
0
0
0
0
0
0
0
0
-5.8424
0
0
0
0
0
0
0
0
0
0
0
0
-5.8424
0
0
0
-0.84268
-0.82397
-0.83544
-0.81335
-0.80371
-0.84888
-0.81189
-0.81925
-0.82072
-0.78184
-0.83651
-0.78185
-0.79369
-0.83227
-0.82224
-0.77835
-0.77835
-0.7848
-0.82663
-0.79917
-0.83364
-0.83587
-0.78768
-0.82802
-0.78762
-0.79858
-0.7922
-0.78693
-0.87248
31.1449
-0.8391
-0.83907
-0.86587
-0.8405
-0.82085
-0.82122
-0.82122
-0.85351
0
-0.88499
0
0
0
0
0
0
0
0
0
0
0
0
0
0
0
0
0
0
0
0
0
0
0
0
0
0
0
0
0
0
0
0
0
0
0
0
0
0
0
0
0
0
0
0
0
0
0
0
0
0
0
0
0
0
0
0
0
0
0
0
0
0
0
0
0
0
0
0
0
0
0
0
0
0
0
0
0
0
-0.82478
-0.80623
-0.81758
-0.79566
-0.7861
-0.83097
-0.79424
-0.80153
-0.803
-0.76446
-0.8187
-0.76446
-0.77618
-0.81448
-0.80453
-0.76104
-0.76103
-0.76744
-0.80896
-0.78176
-0.81606
-0.81828
-0.77134
-0.81077
-0.77128
-0.78189
-0.77537
-0.77315
-0.85621
-0.8391
29.5878
-0.80459
-0.85707
-0.8105
-0.79656
-0.79723
-0.79724
-0.828
0
0
0
0
0
0
0
0
0
0
0
0
0
0
0
0
0
0
0
0
0
0
0
0
0
0
0
0
0
0
0
0
0
0
0
0
0
0
0
0
0
0
0
0
0
0
0
0
0
0
0
0
0
0
0
0
0
0
0
0
0
0
0
0
0
0
0
0
0
0
0
0
0
0
0
0
0
0
0
0
-0.82477
-0.80621
-0.81756
-0.79566
-0.78608
-0.83096
-0.79421
-0.80151
-0.80299
-0.76445
-0.81868
-0.76445
-0.77618
-0.81447
-0.80452
-0.76101
-0.76101
-0.76744
-0.80895
-0.78175
-0.81605
-0.81826
-0.77132
-0.81076
-0.77127
-0.78189
-0.77536
-0.77313
-0.85619
-0.83907
-0.80459
29.5872
-0.85707
-0.81047
-0.79654
-0.79722
-0.79723
-0.82796
0
0
0
0
0
0
0
0
0
0
0
0
0
0
0
0
0
0
0
0
0
0
0
0
0
0
0
0
0
0
0
0
0
0
0
0
0
0
0
0
0
0
0
0
0
0
0
0
0
0
0
0
0
0
0
0
0
0
0
0
0
0
0
0
0
0
0
0
0
0
0
0
0
0
0
0
0
0
0
0
-0.88438
-0.86205
-0.87336
-0.85193
-0.84164
-0.89033
-0.85011
-0.85658
-0.85957
-0.81897
-0.87498
-0.81896
-0.83107
-0.87024
-0.86008
-0.81439
-0.81439
-0.82109
-0.8646
-0.83484
-0.88216
-0.86892
-0.84262
-0.87838
-0.84256
-0.85056
-0.8285
-0.82794
-0.91139
-0.86587
-0.85707
-0.85707
38.2575
-0.86012
0
0
0
0
0
0
0
0
0
0
0
0
0
0
0
0
0
0
0
0
0
0
0
0
0
0
0
0
0
0
0
0
0
0
0
0
0
0
-1.0001
0
0
0
-3.2193
0
0
0
0
0
0
0
0
0
0
0
0
0
0
0
0
0
0
0
0
0
0
0
0
0
0
0
0
0
0
0
0
0
0
-5.8714
0
0
0
0
0
0
-0.83052
-0.81194
-0.82333
-0.80136
-0.79178
-0.83669
-0.79991
-0.80723
-0.80869
-0.77009
-0.82441
-0.77008
-0.78183
-0.8202
-0.81024
-0.76666
-0.76666
-0.77309
-0.81472
-0.78746
-0.82148
-0.82377
-0.7767
-0.8162
-0.77665
-0.78733
-0.78026
-0.77871
-0.86145
-0.8405
-0.8105
-0.81047
-0.86012
28.9636
-0.80667
-0.80793
-0.80793
0
0
0
0
0
0
0
0
0
0
0
0
0
0
0
0
0
0
0
0
0
0
0
0
0
0
0
0
0
0
0
0
0
0
0
0
0
0
0
0
0
0
0
0
0
0
0
0
0
0
0
0
0
0
0
0
0
0
0
0
0
0
0
0
0
0
0
0
0
0
0
0
0
0
0
0
0
0
0
0
0
-0.81565
-0.79727
-0.8086
-0.78672
-0.77718
-0.82178
-0.7853
-0.7926
-0.79401
-0.7556
-0.80967
-0.7556
-0.76731
-0.80549
-0.7956
-0.75213
-0.75212
-0.75842
-0.79993
-0.77259
-0.80724
-0.809
-0.7636
-0.80223
-0.76355
-0.77382
-0.76496
-0.76592
-0.84762
-0.82085
-0.79656
-0.79654
0
-0.80667
27.5852
-0.78155
-0.78156
0
0
0
0
0
0
0
0
0
0
0
0
0
0
0
0
0
0
0
0
0
0
0
0
0
0
0
0
0
0
0
0
0
0
0
0
0
0
0
0
0
0
0
0
0
0
0
0
0
0
0
0
0
0
0
0
0
0
0
0
0
0
0
0
0
0
0
0
0
0
0
0
0
0
0
0
0
0
0
0
0
-0.81502
-0.79664
-0.80796
-0.78608
-0.77654
-0.82115
-0.78466
-0.79196
-0.79338
-0.75494
-0.80903
-0.75494
-0.76666
-0.80484
-0.79496
-0.75148
-0.75148
-0.75778
-0.79929
-0.77199
-0.80673
-0.80837
-0.76307
-0.80174
-0.76302
-0.77329
-0.76455
-0.7653
-0.84706
-0.82122
-0.79723
-0.79722
0
-0.80793
-0.78155
26.7891
0
0
0
0
0
0
0
0
0
0
0
0
0
0
0
0
0
0
0
0
0
0
0
0
0
0
0
0
0
0
0
0
0
0
0
0
0
0
0
0
0
0
0
0
0
0
0
0
0
0
0
0
0
0
0
0
0
0
0
0
0
0
0
0
0
0
0
0
0
0
0
0
0
0
0
0
0
0
0
0
0
0
-0.81502
-0.79664
-0.80796
-0.78607
-0.77654
-0.82116
-0.78467
-0.79197
-0.79338
-0.75494
-0.80903
-0.75494
-0.76667
-0.80485
-0.79495
-0.75148
-0.75149
-0.75778
-0.79929
-0.772
-0.80673
-0.80837
-0.76308
-0.80175
-0.76301
-0.77329
-0.76455
-0.7653
-0.84706
-0.82122
-0.79724
-0.79723
0
-0.80793
-0.78156
0
26.7891
0
0
0
0
0
0
0
0
0
0
0
0
0
0
0
0
0
0
0
0
0
0
0
0
0
0
0
0
0
0
0
0
0
0
0
0
0
0
0
0
0
0
0
0
0
0
0
0
0
0
0
0
0
0
0
0
0
0
0
0
0
0
0
0
0
0
0
0
0
0
0
0
0
0
0
0
0
0
0
0
0
-0.84716
-0.82804
-0.83915
-0.81744
-0.80761
-0.85357
-0.81658
-0.8231
-0.82556
-0.78596
-0.84097
-0.78596
-0.79811
-0.83667
-0.82656
-0.7825
-0.7825
-0.78849
-0.82994
-0.80252
-0.84109
-0.84159
-0.79674
-0.83552
-0.79668
-0.80775
-0.79901
-0.79328
0
-0.85351
-0.828
-0.82796
0
0
0
0
0
29.3086
0
0
0
0
0
0
0
0
0
0
0
0
0
0
0
0
0
0
0
0
0
0
0
0
0
0
0
0
0
0
0
0
0
0
0
0
-3.9691
0
0
0
0
0
0
0
0
0
0
0
0
0
0
0
0
0
0
0
0
0
0
0
0
0
0
0
0
0
0
0
0
0
0
0
0
0
0
0
0
0
0
0
-0.91855
-0.8962
-0.90567
-0.88606
-0.87444
-0.92357
-0.88315
-0.88785
-0.89197
-0.8516
-0.90726
-0.85159
-0.86399
-0.90453
-0.893
-0.84788
-0.84788
-0.85432
-0.89738
-0.86891
-0.90708
-0.89788
-0.85777
-0.89993
-0.85769
-0.86905
-0.85436
0
0
0
0
0
0
0
0
0
0
0
33.0107
0
0
0
0
0
0
0
0
0
0
0
0
0
0
0
0
0
0
0
0
0
0
0
0
0
0
0
0
0
0
0
0
0
0
0
0
0
0
0
0
0
0
0
0
0
0
0
0
0
0
-3.7783
0
0
0
0
0
0
0
0
0
0
0
0
0
0
0
0
0
0
0
0
0
0
0
0
0
0
-5.4329
0
-0.87676
-0.85814
-0.8699
-0.84739
-0.83766
-0.88307
-0.84599
-0.85358
-0.85491
-0.81549
-0.87086
-0.81548
-0.8275
-0.86654
-0.85651
-0.81213
-0.81212
-0.81851
-0.86098
-0.83315
-0.86863
-0.87029
-0.82431
-0.8637
-0.82425
-0.83491
-0.82693
-0.8264
0
-0.88499
0
0
0
0
0
0
0
0
0
24.5411
0
0
0
0
0
0
0
0
0
0
0
0
0
0
0
0
0
0
0
0
0
0
0
0
0
0
0
0
0
0
0
0
0
0
0
0
0
0
0
0
0
0
0
0
0
0
0
0
0
0
0
0
0
0
0
0
0
0
0
0
0
0
0
0
0
0
0
0
0
0
0
0
0
0
0
0
0
0
-0.87649
-0.85601
-0.86717
-0.84619
-0.83606
-0.88225
-0.84406
-0.8503
-0.85261
-0.81364
-0.86718
-0.81364
-0.82536
-0.86384
-0.85374
-0.81024
-0.81025
-0.81674
-0.85748
-0.83133
-0.8681
-0.86941
-0.82387
-0.86321
-0.82381
-0.83328
-0.82824
0
0
0
0
0
0
0
0
0
0
0
0
0
27.6244
0
0
0
0
0
0
0
0
0
0
0
0
0
0
0
0
0
0
0
0
0
0
0
0
0
0
0
0
0
0
0
0
0
0
0
0
0
0
0
0
0
0
0
0
0
0
0
0
0
0
0
0
0
0
0
0
0
0
0
-4.8399
0
0
0
0
0
0
0
0
0
0
0
0
0
0
0
0
0
-0.87646
-0.85598
-0.86715
-0.84616
-0.83603
-0.88223
-0.84404
-0.85027
-0.85258
-0.81361
-0.86716
-0.81362
-0.82534
-0.8638
-0.85371
-0.81022
-0.81022
-0.81671
-0.85745
-0.83129
-0.86807
-0.86937
-0.82384
-0.86319
-0.82378
-0.83325
-0.82821
0
0
0
0
0
0
0
0
0
0
0
0
0
0
27.6235
0
0
0
0
0
0
0
0
0
0
0
0
0
0
0
0
0
0
0
0
0
0
0
0
0
0
0
0
0
0
0
0
0
0
0
0
0
0
0
0
0
0
0
0
0
0
0
0
0
0
0
0
0
0
0
0
0
0
0
0
0
0
0
0
0
0
0
0
0
0
-4.8398
0
0
0
0
0
-0.85908
-0.84056
-0.85178
-0.83012
-0.82078
-0.86579
-0.82911
-0.83591
-0.83799
-0.79881
-0.85235
-0.79881
-0.80943
-0.84802
-0.83812
-0.79414
-0.79415
-0.80046
-0.8423
-0.81493
-0.85025
-0.84842
-0.80597
-0.84413
-0.80591
-0.81517
0
0
0
0
0
0
0
0
0
0
0
0
0
0
0
0
23.9969
0
0
0
0
0
0
0
0
0
0
0
0
0
0
0
0
0
0
0
0
0
0
0
0
0
0
0
0
0
0
0
0
0
0
0
0
0
0
0
0
0
0
0
0
0
0
0
0
0
-2.4644
0
0
0
0
0
0
0
0
0
0
0
0
0
0
0
0
0
0
0
0
0
0
0
0
0
-0.84668
-0.82683
-0.83842
-0.81718
-0.80725
-0.85251
-0.81457
-0.8219
-0.82322
-0.78519
-0.83796
-0.78518
-0.79617
-0.83462
-0.82475
-0.78186
-0.78185
-0.78831
-0.8284
-0.80203
-0.8384
-0.84005
-0.79455
-0.83364
-0.79449
-0.80238
0
0
0
0
0
0
0
0
0
0
0
0
0
0
0
0
0
25.54
0
0
0
0
0
0
0
0
0
0
0
0
0
0
0
0
0
0
0
0
0
0
0
0
0
0
0
0
0
0
0
0
0
0
0
0
0
0
0
0
0
0
0
0
0
0
0
0
0
0
0
-4.3416
0
0
0
0
0
0
0
0
0
0
0
0
0
0
0
0
0
0
0
0
0
0
-0.8339
-0.81558
-0.82719
-0.8049
-0.79538
-0.84003
-0.80347
-0.81103
-0.81225
-0.77348
-0.82806
-0.77348
-0.78528
-0.82371
-0.81391
-0.77009
-0.7701
-0.77639
-0.81856
-0.79119
-0.8267
-0.82847
-0.78336
-0.82199
-0.7833
-0.79334
-0.78563
0
0
0
0
0
0
0
0
0
0
0
0
0
0
0
0
0
21.6908
0
0
0
0
0
0
0
0
0
0
0
0
0
0
0
0
0
0
0
0
0
0
0
0
0
0
0
0
0
0
0
0
0
0
0
0
0
0
0
0
0
0
0
0
0
0
0
0
0
0
0
0
0
0
0
0
0
0
0
0
0
0
0
0
0
0
0
0
0
0
0
0
0
-0.87739
-0.85881
-0.86949
-0.84842
-0.83932
-0.88449
-0.84824
-0.85394
-0.85723
-0.81724
-0.87255
-0.81724
-0.82978
-0.86757
-0.85805
-0.81401
-0.81402
-0.82041
-0.86252
-0.83559
-0.87041
0
-0.82575
0
-0.8257
0
0
0
0
0
0
0
0
0
0
0
0
0
0
0
0
0
0
0
0
23.1905
0
0
0
0
0
0
0
0
0
0
0
0
0
0
0
0
0
0
0
0
0
0
0
0
0
0
0
0
0
0
0
0
0
0
0
0
0
0
-3.7224
0
0
0
0
0
0
0
0
0
0
0
0
0
0
0
0
0
0
0
0
0
0
0
0
0
0
0
0
0
0
0
0
0
-0.93196
-0.91126
-0.92273
-0.90138
-0.89116
-0.93833
-0.89977
-0.90606
-0.90894
-0.86885
-0.92348
-0.86885
-0.88065
-0.91988
-0.9096
-0.86537
-0.86537
-0.87194
-0.91262
-0.88613
0
0
0
0
0
0
0
0
0
0
0
0
0
0
0
0
0
0
0
0
0
0
0
0
0
0
25.7175
0
0
0
0
0
0
0
0
0
0
0
0
0
0
0
0
0
0
0
0
0
0
0
0
0
0
0
-3.6702
0
0
0
0
0
0
0
0
0
0
0
0
0
0
0
0
0
0
0
0
0
0
0
0
0
0
0
0
0
0
-4.0629
0
0
0
0
0
0
0
0
0
0
0
0
-0.88645
-0.86774
-0.88023
-0.85774
-0.84809
-0.89272
-0.85342
-0.86403
-0.85705
-0.8257
-0.88305
-0.8257
-0.83468
-0.87668
-0.86604
-0.82233
-0.82233
-0.82887
-0.87082
-0.84007
-0.87958
0
0
0
0
0
0
0
0
0
0
0
0
0
0
0
0
0
0
0
0
0
0
0
0
0
0
20.0458
0
0
0
0
0
0
0
0
0
0
0
0
0
0
0
0
0
0
0
-2.0625
0
0
0
0
0
0
0
0
0
0
0
0
0
0
0
0
0
0
0
0
0
0
0
0
0
0
0
0
0
0
0
0
0
0
0
0
0
0
0
0
0
0
0
0
0
0
0
0
0
0
-0.88381
-0.86418
-0.8767
-0.85463
-0.8447
-0.88967
-0.85176
-0.85995
-0.86064
-0.82218
-0.87506
-0.82218
-0.83307
-0.87205
-0.86203
-0.81895
-0.81896
-0.82533
-0.86494
-0.83837
0
0
0
0
0
0
0
0
0
0
0
0
0
0
0
0
0
0
0
0
0
0
0
0
0
0
0
0
20.8938
0
0
0
0
0
0
0
0
0
0
0
0
0
0
0
0
0
0
0
0
0
0
0
0
0
0
0
0
0
0
0
0
0
0
0
0
0
0
0
0
0
0
0
0
0
0
0
0
0
0
-3.8546
0
0
0
0
0
0
0
0
0
0
0
0
0
0
0
0
0
0
-0.86655
-0.84854
-0.86044
-0.83769
-0.82821
-0.87271
-0.83638
-0.84412
-0.84517
-0.80602
-0.86118
-0.80603
-0.81804
-0.85667
-0.84696
-0.80261
-0.80261
-0.80943
-0.8521
-0.82404
-0.85868
0
0
0
0
0
0
0
0
0
0
0
0
0
0
0
0
0
0
0
0
0
0
0
0
0
0
0
0
17.5842
0
0
0
0
0
0
0
0
0
0
0
0
0
0
0
0
0
0
0
0
0
0
0
0
0
0
0
0
0
0
0
0
0
0
0
0
0
0
0
0
0
0
0
0
0
0
0
0
0
0
0
0
0
0
0
0
0
0
0
0
0
0
0
0
0
0
0
0
-0.85864
-0.83878
-0.83964
-0.82808
-0.81976
-0.86737
-0.82853
-0.82461
-0.83794
-0.79869
-0.84646
-0.79869
-0.81017
-0.84834
-0.83962
-0.79569
-0.79569
0
0
0
0
0
0
0
0
0
0
0
0
0
0
0
0
0
0
0
0
0
0
0
0
0
0
0
0
0
0
0
0
0
22.0832
0
0
0
0
0
0
0
0
0
0
0
-1.8809
0
-2.4004
0
0
0
0
-1.7322
0
-1.9931
0
0
0
0
0
0
0
0
0
0
0
0
0
0
0
0
0
0
0
0
0
0
0
0
0
0
0
0
0
0
0
0
0
0
0
0
0
0
0
0
0
0
0
0
0
0
-0.87569
-0.85661
-0.86962
-0.84718
-0.83719
-0.8814
-0.84444
-0.85286
-0.85288
-0.81483
-0.86712
-0.81484
-0.82587
-0.86423
-0.85435
-0.8115
-0.8115
-0.81793
-0.85815
0
0
0
0
0
0
0
0
0
0
0
0
0
0
0
0
0
0
0
0
0
0
0
0
0
0
0
0
0
0
0
0
19.5498
0
0
0
0
0
0
0
0
0
0
0
0
0
0
0
0
0
0
0
0
0
0
0
0
0
0
0
0
0
0
0
0
0
0
0
0
0
0
0
0
0
0
0
0
0
-3.4916
0
0
0
0
0
0
0
0
0
0
0
0
0
0
0
0
0
0
0
0
-0.82199
-0.80459
-0.82254
-0.79313
-0.78415
-0.82899
-0.79291
-0.80788
-0.80159
-0.76286
-0.81741
-0.76287
-0.77488
-0.81263
-0.80403
-0.7596
-0.75959
-0.76604
0
0
0
0
0
0
0
0
0
-0.77163
0
0
0
0
0
0
0
0
0
0
0
0
0
0
0
0
0
0
0
0
0
0
0
0
17.572
0
0
0
0
0
0
0
0
0
0
0
0
0
0
0
-2.5227
0
0
0
0
0
0
0
0
0
0
0
0
0
0
0
0
0
0
0
0
0
0
0
0
0
0
0
0
0
0
0
0
0
0
0
0
0
0
0
0
0
0
0
0
0
0
0
0
0
-0.85941
-0.84036
-0.85082
-0.83046
-0.82589
-0.87123
-0.83432
-0.83875
-0.84314
-0.80391
-0.85714
-0.80392
-0.81609
-0.8488
-0.84386
-0.80108
-0.80107
-0.80789
0
0
0
0
0
0
0
0
0
0
0
0
0
0
0
0
0
0
0
0
0
0
0
0
0
0
0
0
0
0
0
0
0
0
0
21.0645
0
0
0
0
0
0
0
0
0
0
0
0
0
0
0
0
-2.793
0
0
0
0
0
0
0
0
0
0
0
0
0
0
0
0
0
0
0
0
0
0
0
0
0
0
0
0
0
0
0
0
0
-3.2934
0
0
0
0
0
0
0
0
0
0
0
0
0
-0.84117
-0.82292
-0.83221
-0.81209
-0.80359
-0.84862
-0.81202
-0.81702
-0.82129
-0.78189
-0.83648
-0.78189
-0.79394
-0.83151
-0.82276
-0.77894
-0.77895
0
0
0
0
0
0
0
0
0
0
0
0
0
0
0
0
0
0
0
0
0
0
0
0
0
0
0
0
0
0
0
0
0
0
0
0
0
17.5696
0
0
0
0
0
0
0
0
0
0
0
0
0
0
0
0
0
0
0
0
0
-2.836
0
0
0
0
-0.91632
0
0
0
0
0
0
0
0
0
0
0
0
0
0
0
0
0
0
0
0
0
0
0
0
0
0
0
0
0
0
0
0
0
0
0
0
-0.88067
-0.86307
-0.87501
-0.85206
-0.8427
-0.88696
-0.85102
-0.85869
-0.85994
-0.82035
-0.87589
-0.82036
-0.83273
-0.87116
-0.86173
-0.81685
-0.81685
-0.8231
0
0
0
0
0
0
0
0
0
0
0
0
0
0
0
0
0
0
0
0
0
0
0
0
0
0
0
0
0
0
0
0
0
0
0
0
0
15.3091
0
0
0
0
0
0
0
0
0
0
0
0
0
0
0
0
0
0
0
0
0
0
0
0
0
0
0
0
0
0
0
0
0
0
0
0
0
0
0
0
0
0
0
0
0
0
0
0
0
0
0
0
0
0
0
0
0
0
0
0
0
0
-0.88602
-0.86703
-0.87998
-0.85781
-0.84803
-0.89183
-0.85604
-0.86335
-0.86098
-0.82542
-0.88016
-0.82544
-0.83748
-0.87542
-0.86485
-0.82207
-0.82207
0
0
0
0
0
0
0
0
0
0
0
0
0
0
0
0
0
0
0
0
0
0
0
0
0
0
0
0
0
0
0
0
0
0
0
0
0
0
0
16.7105
0
0
0
0
0
0
0
0
0
0
0
0
0
0
0
0
-2.1465
0
0
0
0
0
0
0
0
0
0
0
0
0
0
0
0
0
0
0
0
0
0
0
0
0
0
0
0
0
0
0
0
0
0
0
0
0
0
0
0
0
0
0
0
-0.94531
-0.92732
-0.93957
-0.91629
-0.90678
-0.95186
-0.91532
-0.92309
-0.92443
-0.88411
-0.94075
-0.88411
-0.8967
-0.93593
-0.92619
-0.88087
-0.88087
-0.88703
0
0
0
0
0
0
0
0
0
0
0
0
0
0
0
0
0
0
0
0
0
0
0
0
0
0
0
0
0
0
0
0
0
0
0
0
0
0
0
16.4665
0
0
0
0
0
0
0
0
0
0
0
0
0
0
0
0
0
0
0
0
0
0
0
0
0
0
0
0
0
0
0
0
0
0
0
0
0
0
0
0
0
0
0
0
0
0
0
0
0
0
0
0
0
0
0
0
0
0
0
0
-1.1427
-1.1264
-1.1397
-1.1147
-1.1047
-1.1498
-1.1138
-1.1221
-1.1234
-1.0805
0
-1.0805
-1.0943
0
-1.1252
0
0
0
0
0
0
0
0
0
0
0
0
0
0
0
0
0
0
0
0
0
0
0
0
0
0
0
0
0
0
0
0
0
0
0
0
0
0
0
0
0
0
0
14.5177
0
0
0
0
0
0
0
0
0
0
0
0
0
0
0
0
0
0
0
0
0
0
0
0
0
0
0
0
0
0
0
0
0
0
0
0
0
0
0
0
0
0
0
0
0
0
0
0
0
0
0
0
0
0
0
0
0
0
0
-1.0352
-1.02
-1.0293
-1.0064
-0.99701
-1.0427
-1.0063
-1.0126
-1.0157
-0.97371
0
-0.97371
0
0
0
0
0
0
0
0
0
0
0
0
0
0
0
0
0
0
0
0
0
0
0
0
0
0
0
0
0
0
0
0
0
0
0
0
0
0
0
0
0
0
0
0
0
0
0
13.3081
0
0
0
0
0
0
0
0
0
0
0
0
0
0
0
0
0
0
0
0
0
0
0
0
0
0
0
0
-2.1955
0
0
0
0
0
0
0
0
0
0
0
0
0
0
0
0
0
0
0
0
0
0
0
0
0
0
0
0
0
-1.6011
-1.5978
-1.6039
-1.5792
-1.5719
0
0
0
0
0
0
0
0
0
0
0
0
0
0
0
0
0
0
0
0
0
0
-1.5277
0
0
0
0
0
0
0
0
0
0
0
0
0
0
0
0
0
0
0
0
0
0
0
0
0
0
0
0
0
0
0
0
12.0051
0
0
0
0
0
0
0
0
0
0
-2.5235
0
0
0
0
0
0
0
0
0
0
0
0
0
0
0
0
0
0
0
0
0
0
0
0
0
0
0
0
0
0
0
0
0
0
0
0
0
0
0
0
0
0
0
0
0
0
-1.6498
-1.6463
-1.6527
-1.6283
0
0
0
0
0
0
0
0
0
-1.6483
0
0
0
0
0
0
0
0
0
0
0
0
0
0
0
0
0
0
0
0
0
0
0
0
0
0
0
0
0
0
0
0
0
0
0
0
0
0
0
0
0
0
0
0
0
0
0
10.699
0
0
0
0
0
0
0
0
-2.4736
0
0
0
0
0
0
0
0
0
0
0
0
0
0
0
0
0
0
0
0
0
0
0
0
0
0
0
0
0
0
0
0
0
0
0
0
0
0
0
0
0
0
0
0
0
0
0
0
0
0
0
0
0
0
0
0
0
0
0
0
0
0
0
0
0
-1.9434
0
0
0
0
-1.9393
0
0
0
0
0
0
0
0
0
0
0
0
0
0
0
0
0
0
0
0
0
0
0
0
0
0
-1.8809
0
0
0
0
0
0
0
0
0
0
0
10.4643
0
0
0
0
0
-2.6708
0
0
0
0
0
0
0
0
0
0
0
0
0
0
0
0
0
0
0
0
0
-2.03
0
0
0
0
0
0
0
0
0
0
0
0
0
0
0
0
0
0
0
0
0
0
0
0
0
0
0
0
0
0
0
0
0
-1.8226
0
0
0
0
0
-1.7987
0
0
0
0
0
0
-1.7926
0
0
0
0
0
0
0
0
0
0
0
0
0
0
0
0
0
0
0
0
0
0
0
0
0
0
0
0
0
0
0
0
0
0
0
0
0
0
0
0
0
0
0
10.4113
0
0
0
-2.2235
0
0
0
0
0
0
0
-2.7738
0
0
0
0
0
0
0
0
0
0
0
0
0
0
0
0
0
0
0
0
0
0
0
0
0
0
0
0
0
0
0
0
0
0
0
0
0
0
0
0
0
0
0
0
0
0
0
0
0
0
0
0
0
0
0
0
0
0
0
0
0
0
0
0
0
0
0
0
0
0
0
0
0
0
0
0
0
0
0
0
0
0
0
0
0
0
0
0
0
0
0
0
-2.4004
0
0
0
0
0
0
0
0
0
0
0
0
0
12.7132
0
0
0
0
0
0
0
0
0
0
0
0
0
0
0
-3.4192
0
0
-3.4966
0
0
-3.397
0
0
0
0
0
0
0
0
0
0
0
0
0
0
0
0
0
0
0
0
0
0
0
0
0
0
0
0
0
0
0
-2.1508
-2.1756
-2.1781
-2.1503
0
0
0
0
0
0
0
0
0
0
0
0
0
0
0
0
0
0
0
0
0
0
0
0
0
0
0
0
0
0
0
0
0
0
0
0
0
0
0
0
0
0
0
0
0
0
0
0
0
0
0
0
0
0
0
0
0
0
0
0
0
8.6548
0
0
0
0
0
0
0
0
0
0
0
0
0
0
0
0
0
0
0
0
0
0
0
0
0
0
0
0
0
0
0
0
0
0
0
0
0
0
0
0
0
0
0
0
0
0
0
0
0
0
0
0
0
0
0
0
0
0
0
0
0
0
0
0
0
0
0
0
0
0
0
0
0
-1.9689
0
0
0
0
0
0
-2.0646
0
0
0
0
0
0
0
0
0
0
0
0
0
0
0
0
0
0
0
0
0
0
0
0
0
0
0
0
0
0
0
0
0
0
0
0
0
10.9586
0
-3.328
0
0
0
0
0
0
0
0
-3.597
0
0
0
0
0
0
0
0
0
0
0
0
0
0
0
0
0
0
0
0
0
0
0
0
0
0
0
0
0
0
0
0
0
0
0
0
0
0
0
0
0
0
0
0
0
0
0
0
-2.1702
0
0
0
0
0
0
0
0
0
0
0
0
0
0
0
0
0
0
0
0
0
0
0
0
0
0
0
0
0
0
0
0
0
0
0
0
0
0
-2.0625
0
0
0
0
0
0
0
0
0
0
0
0
0
0
0
-2.2235
0
0
0
9.3275
0
0
0
0
0
-2.8713
0
0
0
0
0
0
0
0
0
0
0
0
0
0
0
0
0
0
0
0
0
0
0
0
0
0
0
0
0
0
0
0
0
0
0
0
0
0
0
0
0
0
0
0
0
0
0
0
0
0
0
0
0
0
0
0
0
0
0
0
0
0
0
0
0
0
0
0
0
0
0
0
0
0
0
0
0
0
0
0
0
0
0
0
0
0
0
0
0
0
0
0
0
0
0
0
-2.5227
0
0
0
0
0
0
0
0
0
-2.6708
0
0
0
-3.328
0
13.2095
0
0
0
0
0
0
0
0
0
0
0
0
0
0
0
0
0
0
0
0
0
0
0
0
0
0
0
-4.688
0
0
0
0
0
0
0
0
0
0
0
0
0
0
0
0
0
0
0
0
0
0
0
0
0
0
0
0
0
0
0
-1.8441
0
0
0
0
0
0
0
0
0
0
0
0
0
0
0
0
0
0
0
0
0
0
0
0
0
0
0
0
0
0
0
0
0
0
0
0
0
0
0
-1.7322
0
0
0
0
0
0
0
0
0
0
0
0
0
0
0
0
0
0
8.9228
0
0
-2.5532
-2.7933
0
0
0
0
0
0
0
0
0
0
0
0
0
0
0
0
0
0
0
0
0
0
0
0
0
0
0
0
0
0
0
0
0
0
0
0
0
0
0
0
0
0
0
0
0
0
0
0
0
0
0
0
0
0
0
0
0
0
0
0
0
0
0
0
0
0
0
0
0
0
0
0
0
0
0
0
0
0
0
0
0
0
0
0
0
0
0
0
0
0
0
0
0
0
0
0
0
-2.793
0
0
0
0
0
0
0
-2.4736
0
0
0
0
0
0
0
0
11.6092
0
0
0
0
0
0
0
-3.1666
-3.1761
0
0
0
0
0
0
0
0
0
0
0
0
0
0
0
0
0
0
0
0
0
0
0
0
0
0
0
0
0
0
0
0
0
0
0
0
0
0
0
0
0
0
0
0
0
0
0
0
0
0
0
0
0
0
0
0
0
0
0
0
0
0
0
0
0
0
0
0
0
0
0
0
0
0
0
0
0
0
0
0
0
0
0
0
0
0
0
0
-1.9931
0
0
0
0
0
0
0
0
0
-2.5235
0
0
0
0
0
0
0
0
0
0
8.2343
0
0
0
0
0
0
0
0
0
0
0
0
0
0
0
0
0
0
0
0
0
0
0
0
0
0
-3.7178
0
0
0
0
0
0
0
0
0
0
0
0
0
0
0
0
0
0
0
0
0
0
0
0
0
0
0
0
0
0
0
0
0
0
0
0
0
0
0
0
0
0
0
0
0
0
0
0
0
0
0
-1.0001
0
0
0
0
0
0
0
0
0
0
0
0
0
0
0
0
0
0
0
0
0
0
0
0
0
0
0
0
0
0
0
0
0
0
0
0
-2.5532
0
0
6.6135
0
0
0
0
0
0
0
0
0
0
0
0
0
0
0
0
0
0
0
0
0
0
0
0
0
0
0
0
0
0
-3.0603
0
0
0
0
0
0
0
0
0
0
0
0
0
0
0
0
0
0
0
0
0
0
0
0
0
0
0
0
0
0
0
0
0
0
0
0
0
0
0
0
0
0
0
0
0
0
0
0
0
0
0
0
0
0
0
0
0
0
0
0
0
0
0
0
0
0
0
0
0
0
-2.1465
0
0
0
0
0
0
0
0
0
0
-2.8713
0
-2.7933
0
0
0
7.8111
0
0
0
0
0
0
0
0
0
0
0
0
0
0
0
0
0
0
0
0
0
0
0
0
0
0
0
0
0
0
0
0
0
0
0
0
0
0
0
0
0
0
0
0
0
0
0
0
0
0
0
0
0
0
0
0
0
0
0
0
0
0
0
0
0
0
0
0
0
0
0
0
0
0
0
0
0
0
0
0
0
-3.9691
0
0
0
0
0
0
0
0
-3.6702
0
0
0
0
0
0
0
0
0
0
0
0
0
0
0
0
0
0
0
0
0
0
0
0
0
0
0
12.7343
0
0
0
0
0
0
0
0
0
0
0
0
0
0
0
0
0
0
0
0
0
0
0
0
0
0
0
0
0
0
0
0
0
0
0
0
0
0
0
0
0
0
-5.095
0
0
0
0
0
0
0
0
0
0
0
0
0
0
0
0
0
0
0
0
0
0
0
0
0
-2.2806
0
0
0
0
0
0
0
0
0
0
0
0
0
0
0
0
0
0
0
0
0
0
0
0
0
0
0
0
0
0
0
0
0
0
0
0
0
-2.7738
0
0
0
0
0
0
0
0
0
0
0
5.5562
0
0
0
0
0
0
0
0
0
0
0
0
0
0
0
0
0
0
0
0
0
0
0
0
0
0
0
0
0
0
0
-0.50175
0
0
0
0
0
0
0
0
0
0
0
0
0
0
0
0
0
0
0
0
0
0
0
0
0
0
0
0
0
0
0
0
0
0
0
0
0
0
0
0
0
0
-3.2193
0
0
0
0
0
0
0
0
0
0
0
0
0
0
0
0
0
0
0
0
0
-2.836
0
0
0
0
0
0
0
0
0
0
0
0
0
0
0
0
0
0
0
0
0
10.1882
0
0
0
0
0
0
0
0
0
0
0
0
0
0
0
0
0
0
0
0
0
0
0
0
0
-4.133
0
0
0
0
0
0
0
0
0
0
0
0
0
0
0
0
0
0
0
0
0
0
0
0
0
0
0
0
0
0
0
0
0
0
0
0
0
0
0
0
0
0
0
0
0
0
0
0
0
0
0
0
0
0
0
0
0
0
0
0
0
0
0
0
0
0
0
0
0
0
0
0
0
0
0
0
0
0
0
0
0
-3.597
0
0
0
0
0
0
0
0
0
0
7.3011
0
0
0
0
0
-3.704
0
0
0
0
0
0
0
0
0
0
0
0
0
0
0
0
0
0
0
0
0
0
0
0
0
0
0
0
0
0
0
0
0
0
0
0
0
0
0
0
0
0
0
0
0
0
0
0
0
0
0
0
0
0
0
0
0
0
0
0
0
0
0
0
0
0
0
0
0
0
0
0
0
0
0
0
0
0
0
0
0
0
0
0
0
0
0
0
0
0
0
0
0
0
0
0
0
0
0
0
0
0
0
0
-3.1666
0
0
0
0
0
0
0
6.6712
0
0
0
0
0
0
0
0
0
0
0
0
0
0
0
-3.5047
0
0
0
0
0
0
0
0
0
0
0
0
0
0
0
0
0
0
0
0
0
0
0
0
0
0
0
0
0
0
0
0
0
0
0
0
0
0
0
0
0
0
0
0
0
0
0
0
0
0
0
0
0
0
0
0
0
0
0
0
0
0
0
0
0
0
0
0
0
0
0
0
0
0
0
0
0
0
0
0
0
0
0
0
0
0
0
0
0
0
0
0
0
-3.1761
0
0
0
0
0
0
0
0
6.6584
0
0
0
0
0
0
0
0
0
-3.4824
0
0
0
0
0
0
0
0
0
0
0
0
0
0
0
0
0
0
0
0
0
0
0
0
0
0
0
0
0
0
0
0
0
0
0
-4.1943
0
0
0
0
0
0
0
0
0
0
0
0
0
0
0
0
0
0
0
0
0
0
0
0
0
0
0
0
0
0
0
0
0
0
0
0
0
0
0
0
0
0
0
0
0
0
0
0
0
0
0
0
0
0
0
0
-3.4192
0
0
0
0
0
0
0
0
0
0
0
0
0
0
0
7.6135
0
0
0
0
0
0
0
0
0
0
0
0
0
0
0
0
0
0
0
0
0
0
0
0
0
0
0
0
0
0
0
0
0
0
0
0
0
0
0
0
0
0
0
0
0
0
0
0
0
0
0
0
0
0
0
0
0
0
0
0
0
0
0
0
0
0
0
0
0
0
0
0
0
0
0
0
0
0
0
0
0
0
0
0
0
0
0
0
0
0
0
-0.91632
0
0
0
0
0
0
0
0
0
0
0
0
0
0
0
0
0
0
0
0
0
0
0
0
0
0
4.824
0
0
0
0
0
-3.9076
0
0
0
0
0
0
0
0
0
0
0
0
0
0
0
0
0
0
0
0
0
0
0
0
0
0
0
0
0
0
0
0
0
0
0
0
0
0
0
0
0
0
0
0
0
0
0
0
0
0
0
0
0
0
0
0
0
0
0
0
0
0
0
0
0
0
0
0
0
0
0
0
0
0
0
0
0
0
0
0
0
0
0
0
0
0
0
0
0
0
0
0
0
0
0
0
0
0
0
0
0
0
0
0
0
0
0
0
0
0
0
0
7.0828
0
0
0
0
0
-3.6274
0
0
0
-3.4554
0
0
0
0
0
0
0
0
0
0
0
0
0
0
0
0
0
0
0
0
0
0
0
0
0
0
0
0
0
0
0
0
0
0
0
0
0
0
0
0
0
0
0
0
0
0
0
0
0
0
0
0
0
0
0
0
0
0
0
0
0
0
0
0
0
0
0
0
0
0
0
0
0
0
0
0
0
0
0
0
0
0
0
0
0
0
0
0
0
-3.4966
0
0
0
0
0
0
0
0
0
0
0
0
-3.704
0
0
0
0
0
7.2006
0
0
0
0
0
0
0
0
0
0
0
0
0
0
0
0
0
0
0
0
0
0
0
0
0
0
0
0
0
0
0
0
0
0
0
0
0
0
0
0
0
0
0
0
0
0
0
0
0
0
0
0
0
0
0
0
0
0
0
0
0
0
0
0
0
0
0
0
0
0
0
0
0
0
0
0
0
0
0
-3.7224
0
0
0
0
0
0
0
0
0
0
0
0
0
0
0
0
0
0
0
0
0
0
0
0
0
0
0
0
0
0
0
0
0
0
0
0
0
0
7.4569
0
0
0
0
0
0
-3.7345
0
0
0
0
0
0
0
0
0
0
0
0
0
0
0
0
0
0
0
0
0
0
0
0
0
0
0
0
0
0
0
0
0
0
0
0
0
0
0
0
0
0
0
0
0
0
0
-3.8952
0
0
0
0
0
0
0
0
0
0
0
0
0
0
0
0
0
0
0
0
0
0
0
0
0
0
0
0
0
0
0
0
0
0
0
0
0
0
0
0
0
0
0
0
0
0
0
0
0
0
0
0
0
0
0
0
0
0
0
0
0
0
0
7.5903
0
0
0
0
0
-3.6951
0
0
0
0
0
0
0
0
0
0
0
0
0
0
0
0
0
0
0
0
0
0
0
0
0
0
0
0
-4.2278
0
0
0
0
0
0
0
0
0
0
0
0
0
0
0
0
0
0
0
0
0
0
0
0
0
0
0
0
0
0
0
0
0
0
0
0
0
0
0
0
0
0
0
0
0
0
0
0
0
0
0
0
0
0
0
0
0
0
0
0
0
-3.397
0
0
0
0
0
0
0
0
0
0
0
0
0
0
0
0
0
0
0
0
0
7.6247
0
0
0
0
0
0
0
0
0
0
0
0
0
0
0
0
0
0
0
0
0
0
0
0
0
0
0
0
0
0
0
0
0
0
0
0
0
0
0
0
0
0
0
0
0
0
0
0
0
0
0
0
0
0
0
0
0
0
0
0
0
0
0
0
0
0
0
0
0
0
0
0
0
0
0
0
0
0
0
0
0
0
0
0
0
0
0
0
0
0
0
0
0
0
0
0
0
0
0
0
0
0
0
0
0
0
0
0
0
0
0
0
-3.9076
0
0
0
0
0
7.6514
0
0
-3.7437
0
0
0
0
0
0
0
0
0
0
0
0
0
0
0
0
0
0
0
0
0
0
0
0
0
0
0
0
0
0
0
0
0
0
0
0
0
0
0
0
0
0
0
0
0
0
0
0
0
0
0
0
0
0
0
0
0
0
0
0
0
0
0
0
0
0
0
0
0
0
0
0
0
0
0
0
0
0
0
0
0
0
0
0
0
0
-2.1955
0
0
0
0
0
0
0
0
0
0
0
0
0
0
0
0
0
0
0
0
0
0
-3.6274
0
0
0
0
0
5.8228
0
0
0
0
0
0
0
0
0
0
0
0
0
0
0
0
0
0
0
0
0
0
0
0
0
0
0
0
0
0
0
0
0
0
0
0
0
0
0
0
0
0
0
0
0
0
0
0
0
0
0
0
0
0
0
0
0
0
0
0
0
0
0
0
0
0
0
-3.7783
0
0
0
0
0
0
0
0
0
0
0
0
0
0
0
0
0
0
0
0
0
0
0
0
0
0
0
0
0
0
0
0
0
0
0
0
0
0
0
0
-3.4824
0
0
0
0
0
0
0
0
0
7.2607
0
0
0
0
0
0
0
0
0
0
0
0
0
0
0
0
0
0
0
0
0
0
0
0
0
0
0
0
0
0
0
0
0
0
0
0
0
0
0
0
0
0
0
0
0
0
0
0
0
0
0
0
0
0
0
0
0
0
0
0
0
0
0
0
0
0
0
0
0
0
0
0
0
0
0
0
0
0
0
0
0
0
0
0
0
0
0
0
0
0
-2.03
0
0
0
0
0
0
0
0
0
0
0
0
0
0
0
0
0
0
0
0
0
0
0
0
-3.7437
0
0
5.7737
0
0
0
0
0
0
0
0
0
0
0
0
0
0
0
0
0
0
0
0
0
0
0
0
0
0
0
0
0
0
0
0
0
0
0
0
0
0
0
0
0
0
0
0
0
0
0
0
0
0
0
0
0
0
0
0
0
0
0
0
0
0
0
0
0
0
0
0
0
0
0
0
0
0
0
0
0
0
0
0
0
0
0
0
0
0
0
0
0
0
0
0
0
0
0
0
0
0
0
0
0
0
0
0
0
0
0
0
0
0
0
-3.7345
-3.6951
0
0
0
0
0
7.4296
0
0
0
0
0
0
0
0
0
0
0
0
0
0
0
0
0
0
0
0
0
0
0
0
0
0
0
0
0
0
0
0
0
0
0
0
0
0
0
0
0
0
0
0
0
0
0
0
0
0
0
0
0
0
0
0
0
0
0
0
0
0
0
0
0
0
0
0
-2.4644
0
0
0
0
0
0
0
0
0
0
0
0
0
0
0
0
0
0
0
0
0
0
0
0
0
0
0
0
0
0
0
0
0
0
0
0
0
0
0
-3.4554
0
0
0
0
0
0
0
0
0
5.9199
0
0
0
0
0
0
0
0
0
0
0
0
0
0
0
0
0
0
0
0
0
0
0
0
0
0
-4.0178
0
0
0
0
0
0
0
0
0
0
0
0
-3.971
0
0
0
0
0
0
0
0
0
0
0
0
0
0
0
0
0
0
0
0
0
0
0
0
0
0
0
0
0
0
0
0
0
0
0
0
0
0
0
0
0
0
0
0
0
0
0
0
0
0
0
0
0
0
0
0
0
0
0
0
0
0
0
0
0
0
0
0
0
0
0
0
0
0
0
0
0
0
7.9888
0
0
0
0
0
0
0
0
0
0
0
0
0
0
0
0
0
0
0
0
0
0
0
0
0
0
0
0
0
0
0
0
0
0
0
0
0
0
0
0
0
0
0
0
0
0
0
0
0
0
0
-3.7177
0
0
0
0
0
0
0
0
0
0
0
0
0
0
0
0
0
0
0
0
0
0
0
0
0
0
0
0
0
0
0
0
0
0
0
0
0
0
0
0
0
0
0
0
0
0
0
0
0
0
-3.5047
0
0
0
0
0
0
0
0
0
0
0
0
0
0
0
7.2224
0
0
0
0
0
0
0
0
0
0
0
0
0
0
0
0
0
0
0
0
0
0
0
0
0
0
0
0
0
0
0
0
0
0
0
0
0
0
0
0
0
0
0
0
0
0
0
0
0
0
0
0
0
0
0
0
0
0
0
0
0
0
0
0
0
0
-4.3416
0
0
0
0
0
0
0
0
0
0
0
0
0
0
0
0
0
0
0
0
0
0
0
0
0
0
0
0
0
0
0
0
0
0
0
0
0
0
0
0
0
0
0
0
0
0
0
0
0
0
0
4.3416
0
0
0
0
0
0
0
0
0
0
0
0
0
0
0
0
0
0
0
0
0
0
0
0
0
0
0
0
0
0
0
0
0
0
0
0
0
0
0
0
0
0
0
0
0
0
0
0
0
0
0
0
0
0
0
0
0
0
0
0
0
0
0
0
0
0
0
0
0
0
0
0
0
0
0
0
0
0
0
0
0
0
0
0
0
0
0
0
0
0
-4.688
0
0
0
0
0
0
0
0
0
0
0
0
0
0
0
0
0
0
0
0
0
0
0
0
0
0
0
4.688
0
0
0
0
0
0
0
0
0
0
0
0
0
0
0
0
0
0
0
0
0
0
0
0
0
0
0
0
0
0
0
0
0
0
0
0
0
0
0
0
0
0
0
0
0
0
0
0
0
0
0
0
0
0
0
0
0
0
0
0
0
0
0
0
0
0
0
0
0
0
0
0
-3.4916
0
0
0
0
0
0
0
0
0
0
0
0
0
0
0
0
0
0
0
0
0
0
0
0
0
0
0
0
0
0
0
0
0
0
0
0
0
0
0
0
0
0
0
0
0
3.4916
0
0
0
0
0
0
0
0
0
0
0
0
0
0
0
0
0
0
0
0
0
0
0
0
0
0
0
0
0
0
0
0
0
0
0
0
0
0
0
0
0
0
0
0
0
0
0
0
0
0
0
0
0
0
0
0
0
0
0
0
0
0
0
0
0
0
0
0
0
0
0
0
0
0
0
0
0
0
0
0
0
0
0
0
0
0
0
0
0
0
0
-3.7178
0
0
0
0
0
0
0
0
0
0
0
0
0
0
0
0
0
0
0
0
0
0
0
0
0
0
3.7178
0
0
0
0
0
0
0
0
0
0
0
0
0
0
0
0
0
0
0
0
0
0
0
0
0
0
0
0
0
0
0
0
0
0
0
0
0
0
0
0
0
0
0
0
0
0
0
0
0
0
0
0
0
0
0
0
0
0
0
0
0
0
0
0
0
0
0
-3.8546
0
0
0
0
0
0
0
0
0
0
0
0
0
0
0
0
0
0
0
0
0
0
0
0
0
0
0
0
0
0
0
0
0
0
0
0
0
0
0
0
0
0
0
0
0
0
0
0
0
0
3.8546
0
0
0
0
0
0
0
0
0
0
0
0
0
0
0
0
0
0
0
0
0
0
0
0
0
0
0
0
0
0
0
0
0
0
0
0
0
0
0
0
0
0
0
0
0
0
0
0
0
0
0
0
0
0
0
0
0
0
-4.8399
0
0
0
0
0
0
0
0
0
0
0
0
0
0
0
0
0
0
0
0
0
0
0
0
0
0
0
0
0
0
0
0
0
0
0
0
0
0
0
0
0
0
0
0
0
0
0
0
0
0
0
0
0
0
0
0
0
0
0
4.8399
0
0
0
0
0
0
0
0
0
0
0
0
0
0
0
0
0
0
0
0
0
0
0
0
0
0
0
0
0
0
0
0
0
0
0
0
0
0
0
0
0
0
0
0
0
-5.8424
0
0
0
0
0
0
0
0
0
0
0
0
0
0
0
0
0
0
0
0
0
0
0
0
0
0
0
0
0
0
0
0
0
0
0
0
0
0
0
0
0
0
0
0
0
0
0
0
0
0
0
0
0
0
0
0
0
0
0
0
0
0
0
0
0
0
0
0
0
0
0
0
5.8424
0
0
0
0
0
0
0
0
0
0
0
0
0
0
0
0
0
0
0
0
0
0
0
0
0
0
0
0
0
0
0
0
0
0
0
0
0
0
0
0
0
0
0
0
0
0
0
0
0
0
0
0
0
0
0
0
0
0
0
0
0
0
0
0
0
0
0
0
0
0
0
0
0
0
0
0
0
0
0
0
0
0
0
0
0
0
0
0
0
0
0
0
-4.133
0
0
0
0
0
0
0
0
0
0
0
0
0
0
0
0
0
0
0
0
0
0
0
0
0
4.133
0
0
0
0
0
0
0
0
0
0
0
0
0
0
0
0
0
0
0
0
0
0
0
0
0
0
0
0
0
0
0
0
0
0
0
0
0
0
0
0
0
0
0
0
0
0
0
0
0
0
0
0
0
0
0
0
0
0
0
0
0
0
0
0
0
0
0
0
0
0
0
0
0
0
0
0
0
0
0
0
0
0
0
0
0
0
0
-3.0603
0
0
0
0
0
0
0
0
0
0
0
0
0
0
0
0
0
0
0
0
0
0
0
0
0
0
0
0
0
0
3.0603
0
0
0
0
0
0
0
0
0
0
0
0
0
0
0
0
0
0
0
0
0
0
0
0
0
0
0
0
0
0
0
0
0
0
0
0
0
0
0
0
0
0
0
0
0
0
0
0
0
0
0
0
0
0
0
0
0
0
0
0
0
0
0
0
0
0
0
-3.2934
0
0
0
0
0
0
0
0
0
0
0
0
0
0
0
0
0
0
0
0
0
0
0
0
0
0
0
0
0
0
0
0
0
0
0
0
0
0
0
0
0
0
0
0
0
0
0
0
0
0
3.2934
0
0
0
0
0
0
0
0
0
0
0
0
0
0
0
0
0
0
0
0
0
0
0
0
0
0
0
0
0
0
0
0
0
0
0
0
0
0
0
0
0
0
0
0
0
0
0
0
0
0
0
0
0
0
0
0
0
0
0
-4.0629
0
0
0
0
0
0
0
0
0
0
0
0
0
0
0
0
0
0
0
0
0
0
0
0
0
0
0
0
0
0
0
0
0
0
0
0
0
0
0
0
0
0
0
0
0
0
0
0
0
0
0
0
0
0
0
0
0
0
4.0629
0
0
0
0
0
0
0
0
0
0
0
0
0
0
0
0
0
0
0
0
0
0
0
0
0
0
0
0
0
0
-6.0926
0
0
0
0
0
0
0
0
0
0
0
0
0
0
0
0
0
0
0
0
0
0
0
0
0
0
0
0
0
0
0
0
0
0
0
0
0
0
0
0
0
0
0
0
0
0
0
0
0
0
0
0
0
0
0
0
0
0
0
0
0
0
0
0
0
0
0
0
0
0
0
0
0
0
0
0
0
0
0
0
0
0
0
0
0
0
0
6.0926
0
0
0
0
0
0
0
0
0
0
0
0
0
0
0
0
0
0
0
0
0
0
0
0
0
0
0
0
0
0
0
0
0
0
0
0
0
0
0
0
0
0
0
0
0
0
0
0
0
0
0
0
0
0
0
0
0
0
0
0
0
0
0
0
0
0
0
0
0
0
0
0
0
0
0
0
0
0
0
0
0
0
0
0
0
0
-0.50175
0
0
0
0
0
0
0
0
0
0
0
0
0
0
0
0
0
0
0
0
0
0
0
0
0
0
0
0
0
0
0
0.50175
0
0
0
0
0
0
0
0
0
0
0
0
0
0
0
-7.0988
0
0
0
0
0
0
0
0
0
0
0
0
0
0
0
0
0
0
0
0
0
0
0
0
0
0
0
0
0
0
0
0
0
0
0
0
0
0
0
0
0
0
0
0
0
0
0
0
0
0
0
0
0
0
0
0
0
0
0
0
0
0
0
0
0
0
0
0
0
0
0
0
0
0
0
0
0
0
0
0
0
0
0
0
0
0
0
0
0
0
0
0
0
0
0
0
0
0
0
0
0
0
7.0988
0
0
0
0
0
0
0
0
0
0
0
0
0
0
0
0
0
0
0
0
0
0
0
0
0
0
0
0
0
0
-5.9841
0
0
0
0
0
0
0
0
0
0
0
0
0
0
0
0
0
0
0
0
0
0
0
0
0
0
0
0
0
0
0
0
0
0
0
0
0
0
0
0
0
0
0
0
0
0
0
0
0
0
0
0
0
0
0
0
0
0
0
0
0
0
0
0
0
0
0
0
0
0
0
0
0
0
0
0
0
0
0
0
0
0
0
0
0
0
0
5.9841
0
0
0
0
0
0
0
0
-6.9826
0
0
0
0
0
0
0
0
0
0
0
0
0
0
0
0
0
0
0
0
0
0
0
0
0
0
0
0
0
0
0
0
0
0
0
0
0
0
0
0
0
0
0
0
0
0
0
0
0
0
0
0
0
0
0
0
0
0
0
0
0
0
0
0
0
0
0
0
0
0
0
0
0
0
0
0
0
0
0
0
0
0
0
0
0
0
0
0
0
0
0
0
0
0
0
0
0
0
0
0
0
0
0
0
0
0
0
0
0
6.9826
0
0
0
0
0
0
0
0
0
0
0
0
0
0
0
0
0
0
0
0
0
0
0
0
0
0
0
0
0
0
0
0
0
0
0
0
0
0
0
-5.8714
0
0
0
0
0
0
0
0
0
0
0
0
0
0
0
0
0
0
0
0
0
0
0
0
0
0
0
0
0
0
0
0
0
0
0
0
0
0
0
0
0
0
0
0
0
0
0
0
0
0
0
0
0
0
0
0
0
0
0
0
0
0
0
0
0
0
0
0
0
0
0
0
0
0
0
0
0
0
5.8714
0
0
0
0
0
0
0
0
0
0
0
0
0
0
0
0
0
0
0
0
0
0
0
0
0
0
0
0
0
0
0
0
0
0
0
0
0
0
0
0
0
0
0
0
0
0
0
-4.8398
0
0
0
0
0
0
0
0
0
0
0
0
0
0
0
0
0
0
0
0
0
0
0
0
0
0
0
0
0
0
0
0
0
0
0
0
0
0
0
0
0
0
0
0
0
0
0
0
0
0
0
0
0
0
0
0
0
0
0
0
0
0
0
0
0
0
0
0
0
0
4.8398
0
0
0
0
0
0
0
0
0
0
0
0
0
0
0
-6.6649
0
0
0
0
0
0
0
0
0
0
0
0
0
0
0
0
0
0
0
0
0
0
0
0
0
0
0
0
0
0
0
0
0
0
0
0
0
0
0
0
0
0
0
0
0
0
0
0
0
0
0
0
0
0
0
0
0
0
0
0
0
0
0
0
0
0
0
0
0
0
0
0
0
0
0
0
0
0
0
0
0
0
0
0
0
0
0
0
0
0
0
0
0
0
0
0
0
0
0
0
0
0
6.6649
0
0
0
0
0
0
0
0
0
0
0
0
0
0
0
0
0
0
0
0
0
0
0
0
0
0
0
0
0
0
0
0
-5.8424
0
0
0
0
0
0
0
0
0
0
0
0
0
0
0
0
0
0
0
0
0
0
0
0
0
0
0
0
0
0
0
0
0
0
0
0
0
0
0
0
0
0
0
0
0
0
0
0
0
0
0
0
0
0
0
0
0
0
0
0
0
0
0
0
0
0
0
0
0
0
0
0
0
0
0
0
0
0
0
0
0
0
0
0
0
5.8424
0
0
0
0
0
0
0
0
0
0
0
0
0
0
0
0
-6.6871
0
0
0
0
0
0
0
0
0
0
0
0
0
0
0
0
0
0
0
0
0
0
0
0
0
0
0
0
0
0
0
0
0
0
0
0
0
0
0
0
0
0
0
0
0
0
0
0
0
0
0
0
0
0
0
0
0
0
0
0
0
0
0
0
0
0
0
0
0
0
0
0
0
0
0
0
0
0
0
0
0
0
0
0
0
0
0
0
0
0
0
0
0
0
0
0
0
0
0
0
0
6.6871
0
0
0
0
0
0
0
0
0
0
0
0
0
0
0
0
0
0
0
0
0
0
0
0
0
0
0
0
0
0
0
0
0
0
0
0
0
0
0
0
-5.4329
0
0
0
0
0
0
0
0
0
0
0
0
0
0
0
0
0
0
0
0
0
0
0
0
0
0
0
0
0
0
0
0
0
0
0
0
0
0
0
0
0
0
0
0
0
0
0
0
0
0
0
0
0
0
0
0
0
0
0
0
0
0
0
0
0
0
0
0
0
0
0
0
0
0
0
0
0
5.4329
0
0
0
0
0
0
0
0
0
0
0
0
0
0
0
0
0
0
0
0
0
0
0
0
0
0
0
0
0
0
0
0
0
0
0
0
0
0
0
0
0
0
0
0
0
0
0
0
0
0
0
0
0
0
0
0
0
0
0
0
0
0
0
0
0
0
0
0
0
0
0
0
0
0
0
-5.095
0
0
0
0
0
0
0
0
0
0
0
0
0
0
0
0
0
0
0
0
0
0
0
0
0
0
0
0
0
0
0
0
0
0
0
0
0
0
0
0
0
0
5.095
