62.3324
-0.81175
-0.82581
-0.80281
-0.79821
-0.8665
-0.80865
-0.81722
-0.81701
-0.77884
-0.84377
-0.77884
-0.79044
-0.83903
-0.81707
-0.77637
-0.77638
-0.78336
-0.83122
-0.7985
-0.83174
-0.84164
-0.79011
-0.8273
-0.79006
-0.8007
-0.79289
-0.79532
-0.88209
-0.84111
-0.82369
-0.82368
-0.8841
-0.82989
-0.81372
-0.8128
-0.81281
-0.84664
-0.91829
-0.87754
-0.87669
-0.87665
-0.8588
-0.84438
-0.83203
-0.87671
-0.93235
-0.88654
-0.88255
-0.86881
-0.85638
-0.87537
-0.82123
-0.86057
-0.84149
-0.88207
-0.88752
-0.94709
-1.1447
-1.0383
-1.6064
-1.6561
0
0
0
-2.1601
0
0
0
0
0
0
0
0
0
0
0
0
0
0
0
0
0
0
0
0
0
0
0
0
0
0
0
0
0
0
0
0
0
0
0
0
0
0
0
0
0
0
0
0
-7.0217
0
0
0
0
0
0
0
-0.81175
58.1951
-0.80497
-0.78605
-0.77974
-0.82777
-0.78963
-0.79724
-0.79795
-0.76002
-0.81648
-0.76002
-0.77139
-0.81035
-0.78414
-0.75744
-0.75745
-0.76441
-0.80836
-0.77925
-0.81245
-0.81927
-0.77114
-0.80812
-0.77108
-0.781
-0.77388
-0.7764
-0.85994
-0.82192
-0.80466
-0.80464
-0.86114
-0.81082
-0.79487
-0.79396
-0.79396
-0.82702
-0.89532
-0.85842
-0.85564
-0.8556
-0.8398
-0.824
-0.81324
-0.85763
-0.91108
-0.86734
-0.86238
-0.85032
-0.836
-0.85575
-0.8034
-0.84098
-0.82276
-0.86403
-0.868
-0.92862
-1.128
-1.0227
-1.6031
-1.6526
0
0
0
-2.1858
0
0
0
0
0
0
0
0
0
0
0
0
0
0
0
0
0
0
0
0
0
0
0
0
0
0
0
-4.0419
0
0
0
0
0
0
0
0
0
0
0
0
0
0
0
0
0
0
0
0
0
0
0
0
-0.82581
-0.80497
59.1161
-0.79629
-0.79085
-0.84226
-0.80107
-0.80849
-0.80962
-0.77128
-0.8295
-0.77129
-0.7828
-0.82299
-0.81215
-0.76878
-0.76879
-0.77605
-0.8216
-0.79083
-0.82422
-0.83057
-0.78264
-0.82023
-0.78258
-0.79249
-0.78542
-0.78654
-0.86928
-0.83379
-0.81642
-0.8164
-0.87286
-0.82262
-0.8066
-0.80569
-0.80569
-0.83854
-0.90524
-0.87061
-0.86722
-0.86719
-0.85142
-0.83601
-0.82526
-0.86875
-0.92299
-0.88028
-0.87535
-0.86265
-0.83709
-0.86923
-0.82181
-0.85185
-0.83243
-0.8764
-0.88143
-0.94132
-1.1418
-1.0324
-1.6096
-1.6594
0
0
0
-2.1885
0
0
0
0
0
0
0
0
0
0
0
0
0
0
0
0
0
0
0
0
-4.252
0
0
0
0
0
0
0
0
0
0
0
0
0
0
0
0
0
0
0
0
0
0
0
0
0
0
0
0
0
0
0
-0.80281
-0.78605
-0.79629
53.5197
-0.7693
-0.81834
-0.77978
-0.78616
-0.7883
-0.74966
-0.80634
-0.74966
-0.76125
-0.80051
-0.79034
-0.7473
-0.74729
-0.75426
-0.79898
-0.76924
-0.80227
-0.80983
-0.76106
-0.79757
-0.761
-0.77122
-0.76372
-0.76598
-0.85054
-0.8115
-0.7943
-0.79429
-0.85126
-0.80044
-0.78453
-0.7836
-0.7836
-0.81663
-0.88544
-0.84787
-0.84606
-0.84602
-0.82957
-0.81459
-0.80276
-0.84747
-0.90145
-0.85756
-0.85308
-0.83966
-0.8255
-0.84657
-0.7921
-0.8313
-0.81212
-0.8532
-0.85903
-0.91779
-1.1164
-1.0093
-1.5845
-1.6348
0
0
0
-2.1604
0
0
0
0
0
0
0
0
0
0
0
0
0
0
0
0
0
0
0
0
0
0
0
0
0
0
0
0
0
0
0
0
0
0
0
0
0
0
0
0
0
0
0
0
0
0
0
0
0
0
0
0
-0.79821
-0.77974
-0.79085
-0.7693
49.1266
-0.80672
-0.76604
-0.77669
-0.77612
-0.73867
-0.79511
-0.73867
-0.75005
-0.79091
-0.77964
-0.73699
-0.737
-0.74403
-0.78873
-0.75892
-0.79199
-0.80114
-0.75093
-0.78736
-0.75087
-0.76093
-0.75347
-0.75452
-0.83943
-0.80111
-0.78398
-0.78396
-0.84017
-0.79011
-0.77424
-0.77333
-0.77332
-0.80603
-0.87299
-0.83736
-0.83515
-0.83512
-0.81947
-0.80392
-0.79249
-0.83762
-0.89044
-0.84714
-0.84239
-0.82942
-0.81646
-0.83581
-0.78239
-0.82608
-0.80288
-0.84307
-0.8485
-0.90751
-1.1057
-0.99904
-1.5764
0
0
0
0
0
0
0
0
0
0
0
0
0
0
0
0
0
0
0
0
0
0
0
0
0
0
0
0
0
0
0
0
0
0
0
0
0
0
0
0
0
0
0
0
0
0
0
0
0
0
0
0
0
0
0
0
0
-0.8665
-0.82777
-0.84226
-0.81834
-0.80672
57.4399
-0.81522
-0.82309
-0.82359
-0.785
-0.84964
-0.78501
-0.79676
-0.84663
-0.8237
-0.78258
-0.7826
-0.78957
-0.8368
-0.80469
-0.83809
-0.8481
-0.79639
-0.83377
-0.79633
-0.80692
-0.79902
-0.80345
-0.88789
-0.84741
-0.82998
-0.82997
-0.8902
-0.83616
-0.81994
-0.81903
-0.81904
-0.85315
-0.92343
-0.88395
-0.88257
-0.88255
-0.86563
-0.85033
-0.83825
-0.88392
-0.93885
-0.8929
-0.88852
-0.87507
-0.8653
-0.88118
-0.82832
-0.87264
-0.84907
-0.88846
-0.89344
-0.95374
-1.1519
-1.0459
0
0
0
0
0
0
0
0
0
0
0
0
0
0
0
0
0
0
0
0
0
0
0
0
0
0
0
0
0
0
0
0
0
0
0
0
0
0
0
0
0
0
0
0
0
0
0
0
-7.1427
0
0
0
0
0
0
0
0
0
-0.80865
-0.78963
-0.80107
-0.77978
-0.76604
-0.81522
49.8889
-0.78558
-0.78469
-0.74663
-0.80334
-0.74662
-0.75505
-0.79918
-0.78848
-0.74513
-0.74513
-0.75232
-0.79736
-0.76499
-0.80061
-0.81071
-0.75954
-0.79606
-0.75949
-0.7683
-0.76206
-0.76601
-0.84921
-0.80992
-0.79275
-0.79273
-0.84931
-0.79887
-0.78299
-0.78208
-0.78208
-0.81565
-0.88239
-0.84635
-0.84382
-0.84379
-0.82845
-0.81186
-0.80122
-0.84721
-0.89972
-0.85306
-0.85009
-0.83825
-0.8259
-0.8437
-0.79178
-0.83517
-0.81197
-0.85206
-0.85712
-0.91672
-1.1155
-1.009
0
0
0
-1.8305
0
0
0
0
0
0
0
0
0
0
0
0
0
0
0
0
0
0
0
0
0
0
0
0
0
0
0
0
0
0
0
0
0
0
0
0
0
0
0
0
0
0
0
0
0
0
0
0
0
0
0
0
0
0
-0.81722
-0.79724
-0.80849
-0.78616
-0.77669
-0.82309
-0.78558
52.6968
-0.79435
-0.7551
-0.8104
-0.75509
-0.76675
-0.8062
-0.79624
-0.75276
-0.75277
-0.75998
-0.80474
-0.77461
-0.80793
-0.81426
-0.76663
-0.80405
-0.76658
-0.77624
-0.7692
-0.77212
-0.85167
-0.8173
-0.80005
-0.80004
-0.85575
-0.8062
-0.7903
-0.78938
-0.78939
-0.82216
-0.88707
-0.85396
-0.85002
-0.84998
-0.83524
-0.81918
-0.80878
-0.8529
-0.90599
-0.86375
-0.85828
-0.846
-0.8218
-0.85215
-0.80684
-0.83954
-0.81693
-0.85975
-0.86448
-0.9245
-1.1238
-1.0154
0
0
0
0
0
0
0
0
0
0
0
0
0
0
0
0
0
0
0
0
-4.2178
0
0
0
0
0
0
0
0
0
0
0
0
0
0
0
0
0
0
0
0
0
0
0
0
0
0
0
0
0
0
0
0
0
0
0
0
0
-0.81701
-0.79795
-0.80962
-0.7883
-0.77612
-0.82359
-0.78469
-0.79435
50.7504
-0.75528
-0.81228
-0.75528
-0.7662
-0.80751
-0.7972
-0.75365
-0.75366
-0.76096
-0.80585
-0.77486
-0.80943
-0.81885
-0.7683
-0.80498
-0.76825
-0.77788
-0.77081
-0.7749
-0.85812
-0.8189
-0.80166
-0.80165
-0.85891
-0.8078
-0.79184
-0.79093
-0.79093
-0.82478
-0.89136
-0.85543
-0.85251
-0.85248
-0.83748
-0.82064
-0.81013
-0.85635
-0.90904
-0.85676
-0.8591
-0.84719
-0.83541
-0.85226
-0.80061
-0.84413
-0.82138
-0.86114
-0.8621
-0.92599
-1.1252
-1.0186
0
0
0
0
0
0
0
-2.1818
0
0
0
0
0
0
0
0
0
0
0
0
0
0
0
0
0
0
0
0
0
0
0
0
0
0
0
0
0
0
0
0
0
0
0
0
0
0
0
0
0
0
0
0
0
0
0
0
0
0
-0.77884
-0.76002
-0.77128
-0.74966
-0.73867
-0.785
-0.74663
-0.7551
-0.75528
46.3039
-0.7738
-0.71175
-0.72919
-0.76965
-0.75809
-0.71699
-0.717
-0.72344
-0.76723
-0.73796
-0.77082
-0.77919
-0.73016
-0.76612
-0.7301
-0.73994
-0.73246
-0.73572
-0.81612
-0.77948
-0.76258
-0.76257
-0.81772
-0.76865
-0.7529
-0.75196
-0.75197
-0.78462
-0.8504
-0.81543
-0.81297
-0.81294
-0.79775
-0.78211
-0.77084
-0.81578
-0.86837
-0.82498
-0.8201
-0.80745
-0.79568
-0.81369
-0.76133
-0.80432
-0.78141
-0.82095
-0.8261
-0.88505
-1.0816
-0.97596
0
0
0
0
0
0
0
0
0
0
0
0
0
0
0
0
0
0
0
0
0
0
0
0
0
0
0
0
0
0
0
0
0
0
0
0
0
0
0
0
0
0
0
0
0
0
0
0
0
0
0
0
0
0
0
0
0
0
-0.84377
-0.81648
-0.8295
-0.80634
-0.79511
-0.84964
-0.80334
-0.8104
-0.81228
-0.7738
55.8934
-0.7738
-0.78464
-0.82474
-0.81236
-0.76998
-0.76999
-0.77702
-0.82039
-0.79178
-0.82533
-0.83164
-0.78377
-0.82071
-0.78371
-0.79243
-0.78639
-0.79057
-0.87081
-0.83472
-0.81739
-0.81738
-0.87437
-0.82356
-0.80752
-0.80661
-0.80661
-0.84022
-0.90666
-0.87141
-0.86709
-0.86707
-0.85183
-0.83539
-0.82597
-0.87168
-0.92358
-0.88296
-0.87352
-0.86323
-0.84383
-0.86652
-0.81644
-0.85814
-0.83661
-0.87711
-0.8814
-0.94233
0
0
0
0
0
0
0
0
0
0
0
-1.8526
0
0
0
0
0
0
0
0
0
0
0
0
0
0
0
0
0
0
0
0
0
0
0
0
0
0
0
0
0
0
0
0
0
0
0
0
0
0
0
0
0
0
0
-6.6989
0
0
0
0
-0.77884
-0.76002
-0.77129
-0.74966
-0.73867
-0.78501
-0.74662
-0.75509
-0.75528
-0.71175
-0.7738
46.3039
-0.72918
-0.76965
-0.75808
-0.71699
-0.717
-0.72344
-0.76723
-0.73796
-0.77081
-0.77919
-0.73016
-0.76612
-0.7301
-0.73993
-0.73246
-0.73573
-0.81613
-0.77949
-0.76258
-0.76257
-0.81772
-0.76865
-0.7529
-0.75197
-0.75197
-0.78462
-0.8504
-0.81542
-0.81297
-0.81295
-0.79774
-0.7821
-0.77084
-0.81579
-0.86836
-0.82498
-0.82011
-0.80746
-0.79567
-0.81369
-0.76134
-0.80433
-0.78141
-0.82095
-0.82612
-0.88505
-1.0816
-0.97596
0
0
0
0
0
0
0
0
0
0
0
0
0
0
0
0
0
0
0
0
0
0
0
0
0
0
0
0
0
0
0
0
0
0
0
0
0
0
0
0
0
0
0
0
0
0
0
0
0
0
0
0
0
0
0
0
0
0
-0.79044
-0.77139
-0.7828
-0.76125
-0.75005
-0.79676
-0.75505
-0.76675
-0.7662
-0.72919
-0.78464
-0.72918
47.7763
-0.78056
-0.76917
-0.72738
-0.72738
-0.73423
-0.778
-0.74672
-0.78191
-0.79082
-0.74114
-0.77723
-0.74109
-0.7497
-0.74356
-0.74733
-0.82797
-0.79092
-0.77391
-0.7739
-0.8294
-0.78
-0.76421
-0.76329
-0.7633
-0.79636
-0.86236
-0.82703
-0.82428
-0.82425
-0.8079
-0.79265
-0.78222
-0.82792
-0.87974
-0.83347
-0.83056
-0.81906
-0.80673
-0.8243
-0.77295
-0.8161
-0.79308
-0.83292
-0.83771
-0.89723
-1.095
0
0
0
0
-1.8056
0
0
0
0
0
0
0
0
0
0
0
0
0
0
0
0
0
0
0
0
0
0
0
0
0
0
0
0
0
0
0
0
0
0
0
0
0
0
0
0
0
0
0
0
0
0
0
0
0
0
0
0
0
0
-0.83903
-0.81035
-0.82299
-0.80051
-0.79091
-0.84663
-0.79918
-0.8062
-0.80751
-0.76965
-0.82474
-0.76965
-0.78056
55.4787
-0.80818
-0.76587
-0.76587
-0.77277
-0.81665
-0.78768
-0.82101
-0.82723
-0.77958
-0.81652
-0.77953
-0.78926
-0.78219
-0.7872
-0.86689
-0.83031
-0.81301
-0.813
-0.86946
-0.81918
-0.80318
-0.80226
-0.80227
-0.83575
-0.90378
-0.86692
-0.86358
-0.86354
-0.84734
-0.83191
-0.82146
-0.86652
-0.91983
-0.8764
-0.87036
-0.85855
-0.84569
-0.86348
-0.81151
-0.84954
-0.83145
-0.8722
-0.87654
-0.93733
0
0
0
-1.6546
0
0
0
0
0
0
0
0
0
0
0
0
0
0
0
0
0
0
0
0
0
0
0
0
0
0
0
0
0
0
0
0
0
0
0
0
0
0
0
0
0
0
0
0
0
0
0
0
0
0
0
0
0
-6.7234
0
0
-0.81707
-0.78414
-0.81215
-0.79034
-0.77964
-0.8237
-0.78848
-0.79624
-0.7972
-0.75809
-0.81236
-0.75808
-0.76917
-0.80818
51.6217
-0.75551
-0.75551
-0.76262
-0.80654
-0.77755
-0.81098
-0.81886
-0.76968
-0.8068
-0.76963
-0.77938
-0.77225
-0.7762
-0.85829
-0.82033
-0.80311
-0.80309
-0.8593
-0.80927
-0.79334
-0.79242
-0.79242
-0.82568
-0.89224
-0.85694
-0.8535
-0.85347
-0.83747
-0.82206
-0.81172
-0.85704
-0.90956
-0.86578
-0.86037
-0.8489
-0.83705
-0.85364
-0.80299
-0.84474
-0.82278
-0.86285
-0.86597
-0.92766
-1.127
0
0
0
0
0
0
0
0
0
0
0
0
0
0
0
0
0
0
0
0
0
0
0
0
0
0
0
0
0
0
0
0
0
0
-3.9944
0
0
0
0
0
0
0
0
0
0
0
0
0
0
0
0
0
0
0
0
0
0
0
0
-0.77637
-0.75744
-0.76878
-0.7473
-0.73699
-0.78258
-0.74513
-0.75276
-0.75365
-0.71699
-0.76998
-0.71699
-0.72738
-0.76587
-0.75551
44.0543
-0.70503
-0.71933
-0.76372
-0.73394
-0.76705
-0.77506
-0.72649
-0.76217
-0.72643
-0.73615
-0.72867
-0.73183
-0.81706
-0.77555
-0.75874
-0.75871
-0.81267
-0.7648
-0.74901
-0.74808
-0.74809
-0.78072
-0.84622
-0.81162
-0.80913
-0.80911
-0.79259
-0.77835
-0.76701
-0.81212
-0.86444
-0.82116
-0.81644
-0.8036
-0.79225
-0.80991
-0.75764
-0.80104
-0.77804
-0.817
-0.8223
-0.88136
0
0
0
0
0
0
0
0
0
0
0
0
0
0
0
0
0
0
0
0
0
0
0
0
0
0
0
0
0
0
0
0
0
0
0
0
0
0
0
0
0
0
0
0
0
0
0
0
0
0
0
0
0
0
0
0
0
0
0
0
-0.77638
-0.75745
-0.76879
-0.74729
-0.737
-0.7826
-0.74513
-0.75277
-0.75366
-0.717
-0.76999
-0.717
-0.72738
-0.76587
-0.75551
-0.70503
44.0545
-0.71934
-0.76372
-0.73395
-0.76705
-0.77506
-0.72649
-0.76217
-0.72643
-0.73616
-0.72867
-0.73184
-0.81707
-0.77556
-0.75872
-0.75871
-0.81267
-0.7648
-0.749
-0.74808
-0.74809
-0.78072
-0.84622
-0.81161
-0.80914
-0.80911
-0.79259
-0.77834
-0.76701
-0.81212
-0.86443
-0.82116
-0.81645
-0.8036
-0.79225
-0.80992
-0.75764
-0.80104
-0.77805
-0.81699
-0.8223
-0.88135
0
0
0
0
0
0
0
0
0
0
0
0
0
0
0
0
0
0
0
0
0
0
0
0
0
0
0
0
0
0
0
0
0
0
0
0
0
0
0
0
0
0
0
0
0
0
0
0
0
0
0
0
0
0
0
0
0
0
0
0
-0.78336
-0.76441
-0.77605
-0.75426
-0.74403
-0.78957
-0.75232
-0.75998
-0.76096
-0.72344
-0.77702
-0.72344
-0.73423
-0.77277
-0.76262
-0.71933
-0.71934
42.0305
-0.76893
-0.74125
-0.7748
-0.78034
-0.73366
-0.76966
-0.73359
-0.74344
-0.73544
-0.7388
-0.82107
-0.7824
-0.76552
-0.76552
-0.81975
-0.77162
-0.75567
-0.75476
-0.75476
-0.78709
-0.85308
-0.81839
-0.81603
-0.816
-0.79929
-0.7852
-0.77368
-0.81891
-0.87143
-0.82812
-0.82323
-0.81083
0
-0.81675
-0.76445
-0.8083
0
-0.82365
0
-0.88793
0
0
0
0
0
0
0
0
0
0
0
0
0
0
0
0
0
0
0
0
0
0
0
0
0
0
0
0
0
0
0
0
0
0
0
0
0
0
0
0
0
0
0
0
0
0
0
0
0
0
0
0
0
0
0
0
0
0
0
0
-0.83122
-0.80836
-0.8216
-0.79898
-0.78873
-0.8368
-0.79736
-0.80474
-0.80585
-0.76723
-0.82039
-0.76723
-0.778
-0.81665
-0.80654
-0.76372
-0.76372
-0.76893
48.9358
-0.78262
-0.81653
-0.8247
-0.77512
-0.8083
-0.77505
-0.78463
-0.77734
-0.78114
-0.86029
-0.82522
-0.80803
-0.80803
-0.8644
-0.81425
-0.79817
-0.79725
-0.79725
-0.82956
-0.89719
-0.86191
-0.85776
-0.85774
-0.84216
-0.82625
-0.81685
-0.86205
-0.91313
-0.8711
-0.86381
-0.85456
0
-0.85797
0
0
0
0
0
0
0
0
0
0
-1.953
0
0
0
0
0
0
0
0
0
0
0
0
0
0
0
0
0
0
0
0
0
0
0
0
0
0
0
0
0
0
0
0
0
0
0
0
0
0
0
0
0
0
0
-6.1264
0
0
0
0
0
0
0
0
0
0
0
-0.7985
-0.77925
-0.79083
-0.76924
-0.75892
-0.80469
-0.76499
-0.77461
-0.77486
-0.73796
-0.79178
-0.73796
-0.74672
-0.78768
-0.77755
-0.73394
-0.73395
-0.74125
-0.78262
40.426
-0.79148
-0.79386
-0.74876
-0.78537
-0.7487
-0.75725
-0.74978
-0.75403
-0.83492
-0.79703
-0.78012
-0.7801
-0.83376
-0.78626
-0.77011
-0.76923
-0.76924
-0.80138
-0.86798
-0.83331
-0.83093
-0.83089
-0.81404
-0.7992
-0.78876
-0.83439
-0.88592
-0.8395
-0.83653
-0.82572
0
0
0
0
0
0
0
0
0
0
0
0
0
-1.8001
0
0
0
0
0
0
0
0
0
0
0
0
0
0
0
0
0
0
0
0
0
0
0
0
0
0
0
0
0
0
0
0
0
0
0
0
0
0
0
0
0
0
0
0
0
0
0
0
0
0
0
0
0
0
-0.83174
-0.81245
-0.82422
-0.80227
-0.79199
-0.83809
-0.80061
-0.80793
-0.80943
-0.77082
-0.82533
-0.77081
-0.78191
-0.82101
-0.81098
-0.76705
-0.76705
-0.7748
-0.81653
-0.79148
38.4988
-0.82611
-0.78129
-0.81929
-0.78123
-0.79184
-0.78219
-0.79063
-0.86394
-0.83167
-0.81458
-0.81457
-0.88137
-0.82042
-0.80488
-0.80409
-0.80409
-0.84023
-0.90635
-0.86897
-0.86786
-0.86783
-0.84953
-0.83574
-0.82443
-0.86935
0
-0.87929
0
-0.86055
0
0
0
0
0
0
0
0
0
0
0
0
0
0
0
0
0
0
0
0
0
0
0
0
0
0
0
0
0
0
0
0
0
0
0
0
0
0
0
0
0
0
0
0
0
0
0
0
0
0
0
0
0
0
0
0
0
0
0
0
0
0
0
0
0
0
0
0
-0.84164
-0.81927
-0.83057
-0.80983
-0.80114
-0.8481
-0.81071
-0.81426
-0.81885
-0.77919
-0.83164
-0.77919
-0.79082
-0.82723
-0.81886
-0.77506
-0.77506
-0.78034
-0.8247
-0.79386
-0.82611
47.9764
-0.78478
-0.82071
-0.78473
-0.79478
-0.78648
-0.78408
-0.86358
-0.8343
-0.81721
-0.8172
-0.86844
-0.82314
-0.80707
-0.80616
-0.80616
-0.84117
-0.89731
-0.87104
-0.8696
-0.86956
-0.84799
-0.8378
-0.82661
0
0
0
0
0
0
0
0
0
0
0
0
0
0
0
0
0
0
0
0
0
-1.9779
0
0
0
0
0
0
0
0
0
0
0
0
0
0
0
0
0
0
-3.926
0
0
0
0
0
0
0
0
0
0
0
0
0
0
0
0
0
0
0
0
0
0
0
-6.0162
0
0
0
0
0
0
0
0
-0.79011
-0.77114
-0.78264
-0.76106
-0.75093
-0.79639
-0.75954
-0.76663
-0.7683
-0.73016
-0.78377
-0.73016
-0.74114
-0.77958
-0.76968
-0.72649
-0.72649
-0.73366
-0.77512
-0.74876
-0.78129
-0.78478
34.8461
-0.77728
-0.70989
-0.74192
-0.73634
-0.75315
-0.82883
-0.78496
-0.76914
-0.76912
-0.8413
-0.77491
-0.76054
-0.75974
-0.75975
-0.79513
-0.85625
-0.82388
-0.82296
-0.82293
-0.80455
-0.79126
-0.78042
-0.82403
0
0
0
0
0
0
0
0
0
0
0
0
0
0
0
0
0
0
0
0
0
0
0
0
0
0
0
0
0
0
0
0
0
0
0
0
0
0
0
0
0
0
0
0
0
0
0
0
0
0
0
0
0
0
0
0
0
0
0
0
0
0
0
0
0
0
0
0
0
0
0
0
-0.8273
-0.80812
-0.82023
-0.79757
-0.78736
-0.83377
-0.79606
-0.80405
-0.80498
-0.76612
-0.82071
-0.76612
-0.77723
-0.81652
-0.8068
-0.76217
-0.76217
-0.76966
-0.8083
-0.78537
-0.81929
-0.82071
-0.77728
37.6191
-0.77723
-0.7848
-0.77599
-0.78494
-0.86102
-0.82577
-0.80903
-0.80902
-0.87752
-0.81488
-0.79963
-0.79886
-0.79887
-0.8344
-0.89887
-0.86376
-0.86272
-0.8627
-0.84306
-0.83075
-0.81945
0
0
0
0
0
0
0
0
0
0
0
0
0
0
0
0
0
-1.9479
0
0
0
0
0
0
0
0
0
0
0
0
0
0
0
0
0
0
0
0
0
0
0
0
0
0
0
0
0
0
0
0
0
0
0
0
0
0
0
0
0
0
0
0
0
0
0
0
0
0
0
0
0
0
0
-0.79006
-0.77108
-0.78258
-0.761
-0.75087
-0.79633
-0.75949
-0.76658
-0.76825
-0.7301
-0.78371
-0.7301
-0.74109
-0.77953
-0.76963
-0.72643
-0.72643
-0.73359
-0.77505
-0.7487
-0.78123
-0.78473
-0.70989
-0.77723
34.8434
-0.74185
-0.73629
-0.75308
-0.82877
-0.7849
-0.76907
-0.76907
-0.84123
-0.77485
-0.76049
-0.75968
-0.75967
-0.79507
-0.85616
-0.82382
-0.82289
-0.82286
-0.80448
-0.7912
-0.78035
-0.82397
0
0
0
0
0
0
0
0
0
0
0
0
0
0
0
0
0
0
0
0
0
0
0
0
0
0
0
0
0
0
0
0
0
0
0
0
0
0
0
0
0
0
0
0
0
0
0
0
0
0
0
0
0
0
0
0
0
0
0
0
0
0
0
0
0
0
0
0
0
0
0
0
-0.8007
-0.781
-0.79249
-0.77122
-0.76093
-0.80692
-0.7683
-0.77624
-0.77788
-0.73994
-0.79243
-0.73993
-0.7497
-0.78926
-0.77938
-0.73615
-0.73616
-0.74344
-0.78463
-0.75725
-0.79184
-0.79478
-0.74192
-0.7848
-0.74185
36.7615
-0.74766
-0.75277
-0.83898
-0.79616
-0.77999
-0.77998
-0.8495
-0.78584
-0.77106
-0.77025
-0.77025
-0.80645
-0.86771
-0.83477
-0.83258
-0.83255
-0.8139
-0.79928
-0.79062
0
0
0
0
0
0
0
0
0
0
0
0
0
0
0
0
0
0
0
0
0
0
0
0
0
0
0
0
0
0
-2.302
0
0
0
0
0
0
0
0
0
0
0
0
0
0
0
0
0
0
0
0
0
0
0
0
0
0
0
0
0
0
0
0
0
0
0
0
0
0
0
0
0
0
-0.79289
-0.77388
-0.78542
-0.76372
-0.75347
-0.79902
-0.76206
-0.7692
-0.77081
-0.73246
-0.78639
-0.73246
-0.74356
-0.78219
-0.77225
-0.72867
-0.72867
-0.73544
-0.77734
-0.74978
-0.78219
-0.78648
-0.73634
-0.77599
-0.73629
-0.74766
32.5249
-0.74531
-0.82672
-0.79012
-0.77385
-0.77383
-0.82762
-0.77911
-0.7625
-0.76182
-0.76182
-0.79804
-0.85324
-0.82707
-0.82801
-0.82798
0
0
-0.78327
0
0
0
0
0
0
0
0
0
0
0
0
0
0
0
0
0
0
0
0
0
0
0
0
0
0
0
0
0
0
0
0
0
0
0
0
0
0
0
0
0
0
0
0
0
0
0
0
0
0
0
0
0
0
0
0
0
0
0
0
0
0
0
0
0
0
0
0
0
0
0
0
0
-0.79532
-0.7764
-0.78654
-0.76598
-0.75452
-0.80345
-0.76601
-0.77212
-0.7749
-0.73572
-0.79057
-0.73573
-0.74733
-0.7872
-0.7762
-0.73183
-0.73184
-0.7388
-0.78114
-0.75403
-0.79063
-0.78408
-0.75315
-0.78494
-0.75308
-0.75277
-0.74531
35.392
-0.83125
-0.78531
-0.77203
-0.772
-0.82741
-0.77804
-0.76405
-0.76316
-0.76316
-0.79267
0
-0.82711
0
0
0
0
0
0
0
0
0
0
0
0
-0.77083
0
0
0
0
0
0
0
-1.5329
0
0
0
0
0
0
0
0
0
0
0
0
0
0
0
0
0
0
0
0
0
0
0
0
0
0
0
0
0
0
0
0
0
-3.7424
0
0
0
0
0
0
0
0
0
0
0
0
0
0
0
0
0
0
0
0
0
0
0
-0.88209
-0.85994
-0.86928
-0.85054
-0.83943
-0.88789
-0.84921
-0.85167
-0.85812
-0.81612
-0.87081
-0.81613
-0.82797
-0.86689
-0.85829
-0.81706
-0.81707
-0.82107
-0.86029
-0.83492
-0.86394
-0.86358
-0.82883
-0.86102
-0.82877
-0.83898
-0.82672
-0.83125
44.4182
-0.87115
-0.85533
-0.85531
-0.9109
-0.861
-0.84592
-0.84507
-0.84508
0
0
0
0
0
0
0
0
0
0
0
0
0
0
0
0
0
0
0
0
0
0
0
0
0
0
0
0
0
-2.0749
0
0
0
0
0
0
0
0
0
0
0
0
0
0
0
0
0
0
0
0
0
0
0
0
0
0
0
0
0
0
0
0
0
0
-5.8778
0
0
0
0
0
0
0
0
0
0
0
0
-5.8778
0
0
0
-0.84111
-0.82192
-0.83379
-0.8115
-0.80111
-0.84741
-0.80992
-0.8173
-0.8189
-0.77948
-0.83472
-0.77949
-0.79092
-0.83031
-0.82033
-0.77555
-0.77556
-0.7824
-0.82522
-0.79703
-0.83167
-0.8343
-0.78496
-0.82577
-0.7849
-0.79616
-0.79012
-0.78531
-0.87115
31.0736
-0.83784
-0.83781
-0.86521
-0.83965
-0.81884
-0.81893
-0.81893
-0.85252
0
-0.88556
0
0
0
0
0
0
0
0
0
0
0
0
0
0
0
0
0
0
0
0
0
0
0
0
0
0
0
0
0
0
0
0
0
0
0
0
0
0
0
0
0
0
0
0
0
0
0
0
0
0
0
0
0
0
0
0
0
0
0
0
0
0
0
0
0
0
0
0
0
0
0
0
0
0
0
0
0
0
-0.82369
-0.80466
-0.81642
-0.7943
-0.78398
-0.82998
-0.79275
-0.80005
-0.80166
-0.76258
-0.81739
-0.76258
-0.77391
-0.81301
-0.80311
-0.75874
-0.75872
-0.76552
-0.80803
-0.78012
-0.81458
-0.81721
-0.76914
-0.80903
-0.76907
-0.77999
-0.77385
-0.77203
-0.85533
-0.83784
29.5336
-0.80351
-0.85682
-0.81028
-0.79505
-0.79543
-0.79544
-0.82776
0
0
0
0
0
0
0
0
0
0
0
0
0
0
0
0
0
0
0
0
0
0
0
0
0
0
0
0
0
0
0
0
0
0
0
0
0
0
0
0
0
0
0
0
0
0
0
0
0
0
0
0
0
0
0
0
0
0
0
0
0
0
0
0
0
0
0
0
0
0
0
0
0
0
0
0
0
0
0
0
-0.82368
-0.80464
-0.8164
-0.79429
-0.78396
-0.82997
-0.79273
-0.80004
-0.80165
-0.76257
-0.81738
-0.76257
-0.7739
-0.813
-0.80309
-0.75871
-0.75871
-0.76552
-0.80803
-0.7801
-0.81457
-0.8172
-0.76912
-0.80902
-0.76907
-0.77998
-0.77383
-0.772
-0.85531
-0.83781
-0.80351
29.533
-0.85681
-0.81025
-0.79503
-0.79542
-0.79543
-0.82773
0
0
0
0
0
0
0
0
0
0
0
0
0
0
0
0
0
0
0
0
0
0
0
0
0
0
0
0
0
0
0
0
0
0
0
0
0
0
0
0
0
0
0
0
0
0
0
0
0
0
0
0
0
0
0
0
0
0
0
0
0
0
0
0
0
0
0
0
0
0
0
0
0
0
0
0
0
0
0
0
-0.8841
-0.86114
-0.87286
-0.85126
-0.84017
-0.8902
-0.84931
-0.85575
-0.85891
-0.81772
-0.87437
-0.81772
-0.8294
-0.86946
-0.8593
-0.81267
-0.81267
-0.81975
-0.8644
-0.83376
-0.88137
-0.86844
-0.8413
-0.87752
-0.84123
-0.8495
-0.82762
-0.82741
-0.9109
-0.86521
-0.85682
-0.85681
38.2795
-0.86028
0
0
0
0
0
0
0
0
0
0
0
0
0
0
0
0
0
0
0
0
0
0
0
0
0
0
0
0
0
0
0
0
0
0
0
0
0
0
-1.0051
0
0
0
-3.2336
0
0
0
0
0
0
0
0
0
0
0
0
0
0
0
0
0
0
0
0
0
0
0
0
0
0
0
0
0
0
0
0
0
0
-5.9015
0
0
0
0
0
0
-0.82989
-0.81082
-0.82262
-0.80044
-0.79011
-0.83616
-0.79887
-0.8062
-0.8078
-0.76865
-0.82356
-0.76865
-0.78
-0.81918
-0.80927
-0.7648
-0.7648
-0.77162
-0.81425
-0.78626
-0.82042
-0.82314
-0.77491
-0.81488
-0.77485
-0.78584
-0.77911
-0.77804
-0.861
-0.83965
-0.81028
-0.81025
-0.86028
28.9258
-0.80576
-0.80673
-0.80673
0
0
0
0
0
0
0
0
0
0
0
0
0
0
0
0
0
0
0
0
0
0
0
0
0
0
0
0
0
0
0
0
0
0
0
0
0
0
0
0
0
0
0
0
0
0
0
0
0
0
0
0
0
0
0
0
0
0
0
0
0
0
0
0
0
0
0
0
0
0
0
0
0
0
0
0
0
0
0
0
0
-0.81372
-0.79487
-0.8066
-0.78453
-0.77424
-0.81994
-0.78299
-0.7903
-0.79184
-0.7529
-0.80752
-0.7529
-0.76421
-0.80318
-0.79334
-0.74901
-0.749
-0.75567
-0.79817
-0.77011
-0.80488
-0.80707
-0.76054
-0.79963
-0.76049
-0.77106
-0.7625
-0.76405
-0.84592
-0.81884
-0.79505
-0.79503
0
-0.80576
27.502
-0.77806
-0.77807
0
0
0
0
0
0
0
0
0
0
0
0
0
0
0
0
0
0
0
0
0
0
0
0
0
0
0
0
0
0
0
0
0
0
0
0
0
0
0
0
0
0
0
0
0
0
0
0
0
0
0
0
0
0
0
0
0
0
0
0
0
0
0
0
0
0
0
0
0
0
0
0
0
0
0
0
0
0
0
0
0
-0.8128
-0.79396
-0.80569
-0.7836
-0.77333
-0.81903
-0.78208
-0.78938
-0.79093
-0.75196
-0.80661
-0.75197
-0.76329
-0.80226
-0.79242
-0.74808
-0.74808
-0.75476
-0.79725
-0.76923
-0.80409
-0.80616
-0.75974
-0.79886
-0.75968
-0.77025
-0.76182
-0.76316
-0.84507
-0.81893
-0.79543
-0.79542
0
-0.80673
-0.77806
26.7001
0
0
0
0
0
0
0
0
0
0
0
0
0
0
0
0
0
0
0
0
0
0
0
0
0
0
0
0
0
0
0
0
0
0
0
0
0
0
0
0
0
0
0
0
0
0
0
0
0
0
0
0
0
0
0
0
0
0
0
0
0
0
0
0
0
0
0
0
0
0
0
0
0
0
0
0
0
0
0
0
0
0
-0.81281
-0.79396
-0.80569
-0.7836
-0.77332
-0.81904
-0.78208
-0.78939
-0.79093
-0.75197
-0.80661
-0.75197
-0.7633
-0.80227
-0.79242
-0.74809
-0.74809
-0.75476
-0.79725
-0.76924
-0.80409
-0.80616
-0.75975
-0.79887
-0.75967
-0.77025
-0.76182
-0.76316
-0.84508
-0.81893
-0.79544
-0.79543
0
-0.80673
-0.77807
0
26.7002
0
0
0
0
0
0
0
0
0
0
0
0
0
0
0
0
0
0
0
0
0
0
0
0
0
0
0
0
0
0
0
0
0
0
0
0
0
0
0
0
0
0
0
0
0
0
0
0
0
0
0
0
0
0
0
0
0
0
0
0
0
0
0
0
0
0
0
0
0
0
0
0
0
0
0
0
0
0
0
0
0
-0.84664
-0.82702
-0.83854
-0.81663
-0.80603
-0.85315
-0.81565
-0.82216
-0.82478
-0.78462
-0.84022
-0.78462
-0.79636
-0.83575
-0.82568
-0.78072
-0.78072
-0.78709
-0.82956
-0.80138
-0.84023
-0.84117
-0.79513
-0.8344
-0.79507
-0.80645
-0.79804
-0.79267
0
-0.85252
-0.82776
-0.82773
0
0
0
0
0
29.3024
0
0
0
0
0
0
0
0
0
0
0
0
0
0
0
0
0
0
0
0
0
0
0
0
0
0
0
0
0
0
0
0
0
0
0
0
-3.994
0
0
0
0
0
0
0
0
0
0
0
0
0
0
0
0
0
0
0
0
0
0
0
0
0
0
0
0
0
0
0
0
0
0
0
0
0
0
0
0
0
0
0
-0.91829
-0.89532
-0.90524
-0.88544
-0.87299
-0.92343
-0.88239
-0.88707
-0.89136
-0.8504
-0.90666
-0.8504
-0.86236
-0.90378
-0.89224
-0.84622
-0.84622
-0.85308
-0.89719
-0.86798
-0.90635
-0.89731
-0.85625
-0.89887
-0.85616
-0.86771
-0.85324
0
0
0
0
0
0
0
0
0
0
0
33.0304
0
0
0
0
0
0
0
0
0
0
0
0
0
0
0
0
0
0
0
0
0
0
0
0
0
0
0
0
0
0
0
0
0
0
0
0
0
0
0
0
0
0
0
0
0
0
0
0
0
0
-3.8023
0
0
0
0
0
0
0
0
0
0
0
0
0
0
0
0
0
0
0
0
0
0
0
0
0
0
-5.4542
0
-0.87754
-0.85842
-0.87061
-0.84787
-0.83736
-0.88395
-0.84635
-0.85396
-0.85543
-0.81543
-0.87141
-0.81542
-0.82703
-0.86692
-0.85694
-0.81162
-0.81161
-0.81839
-0.86191
-0.83331
-0.86897
-0.87104
-0.82388
-0.86376
-0.82382
-0.83477
-0.82707
-0.82711
0
-0.88556
0
0
0
0
0
0
0
0
0
24.5474
0
0
0
0
0
0
0
0
0
0
0
0
0
0
0
0
0
0
0
0
0
0
0
0
0
0
0
0
0
0
0
0
0
0
0
0
0
0
0
0
0
0
0
0
0
0
0
0
0
0
0
0
0
0
0
0
0
0
0
0
0
0
0
0
0
0
0
0
0
0
0
0
0
0
0
0
0
0
-0.87669
-0.85564
-0.86722
-0.84606
-0.83515
-0.88257
-0.84382
-0.85002
-0.85251
-0.81297
-0.86709
-0.81297
-0.82428
-0.86358
-0.8535
-0.80913
-0.80914
-0.81603
-0.85776
-0.83093
-0.86786
-0.8696
-0.82296
-0.86272
-0.82289
-0.83258
-0.82801
0
0
0
0
0
0
0
0
0
0
0
0
0
27.6456
0
0
0
0
0
0
0
0
0
0
0
0
0
0
0
0
0
0
0
0
0
0
0
0
0
0
0
0
0
0
0
0
0
0
0
0
0
0
0
0
0
0
0
0
0
0
0
0
0
0
0
0
0
0
0
0
0
0
0
-4.8719
0
0
0
0
0
0
0
0
0
0
0
0
0
0
0
0
0
-0.87665
-0.8556
-0.86719
-0.84602
-0.83512
-0.88255
-0.84379
-0.84998
-0.85248
-0.81294
-0.86707
-0.81295
-0.82425
-0.86354
-0.85347
-0.80911
-0.80911
-0.816
-0.85774
-0.83089
-0.86783
-0.86956
-0.82293
-0.8627
-0.82286
-0.83255
-0.82798
0
0
0
0
0
0
0
0
0
0
0
0
0
0
27.6447
0
0
0
0
0
0
0
0
0
0
0
0
0
0
0
0
0
0
0
0
0
0
0
0
0
0
0
0
0
0
0
0
0
0
0
0
0
0
0
0
0
0
0
0
0
0
0
0
0
0
0
0
0
0
0
0
0
0
0
0
0
0
0
0
0
0
0
0
0
0
-4.8718
0
0
0
0
0
-0.8588
-0.8398
-0.85142
-0.82957
-0.81947
-0.86563
-0.82845
-0.83524
-0.83748
-0.79775
-0.85183
-0.79774
-0.8079
-0.84734
-0.83747
-0.79259
-0.79259
-0.79929
-0.84216
-0.81404
-0.84953
-0.84799
-0.80455
-0.84306
-0.80448
-0.8139
0
0
0
0
0
0
0
0
0
0
0
0
0
0
0
0
23.988
0
0
0
0
0
0
0
0
0
0
0
0
0
0
0
0
0
0
0
0
0
0
0
0
0
0
0
0
0
0
0
0
0
0
0
0
0
0
0
0
0
0
0
0
0
0
0
0
0
-2.478
0
0
0
0
0
0
0
0
0
0
0
0
0
0
0
0
0
0
0
0
0
0
0
0
0
-0.84438
-0.824
-0.83601
-0.81459
-0.80392
-0.85033
-0.81186
-0.81918
-0.82064
-0.78211
-0.83539
-0.7821
-0.79265
-0.83191
-0.82206
-0.77835
-0.77834
-0.7852
-0.82625
-0.7992
-0.83574
-0.8378
-0.79126
-0.83075
-0.7912
-0.79928
0
0
0
0
0
0
0
0
0
0
0
0
0
0
0
0
0
25.4901
0
0
0
0
0
0
0
0
0
0
0
0
0
0
0
0
0
0
0
0
0
0
0
0
0
0
0
0
0
0
0
0
0
0
0
0
0
0
0
0
0
0
0
0
0
0
0
0
0
0
0
-4.3655
0
0
0
0
0
0
0
0
0
0
0
0
0
0
0
0
0
0
0
0
0
0
-0.83203
-0.81324
-0.82526
-0.80276
-0.79249
-0.83825
-0.80122
-0.80878
-0.81013
-0.77084
-0.82597
-0.77084
-0.78222
-0.82146
-0.81172
-0.76701
-0.76701
-0.77368
-0.81685
-0.78876
-0.82443
-0.82661
-0.78042
-0.81945
-0.78035
-0.79062
-0.78327
0
0
0
0
0
0
0
0
0
0
0
0
0
0
0
0
0
21.6257
0
0
0
0
0
0
0
0
0
0
0
0
0
0
0
0
0
0
0
0
0
0
0
0
0
0
0
0
0
0
0
0
0
0
0
0
0
0
0
0
0
0
0
0
0
0
0
0
0
0
0
0
0
0
0
0
0
0
0
0
0
0
0
0
0
0
0
0
0
0
0
0
0
-0.87671
-0.85763
-0.86875
-0.84747
-0.83762
-0.88392
-0.84721
-0.8529
-0.85635
-0.81578
-0.87168
-0.81579
-0.82792
-0.86652
-0.85704
-0.81212
-0.81212
-0.81891
-0.86205
-0.83439
-0.86935
0
-0.82403
0
-0.82397
0
0
0
0
0
0
0
0
0
0
0
0
0
0
0
0
0
0
0
0
23.1924
0
0
0
0
0
0
0
0
0
0
0
0
0
0
0
0
0
0
0
0
0
0
0
0
0
0
0
0
0
0
0
0
0
0
0
0
0
0
-3.7522
0
0
0
0
0
0
0
0
0
0
0
0
0
0
0
0
0
0
0
0
0
0
0
0
0
0
0
0
0
0
0
0
0
-0.93235
-0.91108
-0.92299
-0.90145
-0.89044
-0.93885
-0.89972
-0.90599
-0.90904
-0.86837
-0.92358
-0.86836
-0.87974
-0.91983
-0.90956
-0.86444
-0.86443
-0.87143
-0.91313
-0.88592
0
0
0
0
0
0
0
0
0
0
0
0
0
0
0
0
0
0
0
0
0
0
0
0
0
0
25.7589
0
0
0
0
0
0
0
0
0
0
0
0
0
0
0
0
0
0
0
0
0
0
0
0
0
0
0
-3.6897
0
0
0
0
0
0
0
0
0
0
0
0
0
0
0
0
0
0
0
0
0
0
0
0
0
0
0
0
0
0
-4.0885
0
0
0
0
0
0
0
0
0
0
0
0
-0.88654
-0.86734
-0.88028
-0.85756
-0.84714
-0.8929
-0.85306
-0.86375
-0.85676
-0.82498
-0.88296
-0.82498
-0.83347
-0.8764
-0.86578
-0.82116
-0.82116
-0.82812
-0.8711
-0.8395
-0.87929
0
0
0
0
0
0
0
0
0
0
0
0
0
0
0
0
0
0
0
0
0
0
0
0
0
0
20.048
0
0
0
0
0
0
0
0
0
0
0
0
0
0
0
0
0
0
0
-2.0738
0
0
0
0
0
0
0
0
0
0
0
0
0
0
0
0
0
0
0
0
0
0
0
0
0
0
0
0
0
0
0
0
0
0
0
0
0
0
0
0
0
0
0
0
0
0
0
0
0
0
-0.88255
-0.86238
-0.87535
-0.85308
-0.84239
-0.88852
-0.85009
-0.85828
-0.8591
-0.8201
-0.87352
-0.82011
-0.83056
-0.87036
-0.86037
-0.81644
-0.81645
-0.82323
-0.86381
-0.83653
0
0
0
0
0
0
0
0
0
0
0
0
0
0
0
0
0
0
0
0
0
0
0
0
0
0
0
0
20.8788
0
0
0
0
0
0
0
0
0
0
0
0
0
0
0
0
0
0
0
0
0
0
0
0
0
0
0
0
0
0
0
0
0
0
0
0
0
0
0
0
0
0
0
0
0
0
0
0
0
0
-3.8756
0
0
0
0
0
0
0
0
0
0
0
0
0
0
0
0
0
0
-0.86881
-0.85032
-0.86265
-0.83966
-0.82942
-0.87507
-0.83825
-0.846
-0.84719
-0.80745
-0.86323
-0.80746
-0.81906
-0.85855
-0.8489
-0.8036
-0.8036
-0.81083
-0.85456
-0.82572
-0.86055
0
0
0
0
0
0
0
0
0
0
0
0
0
0
0
0
0
0
0
0
0
0
0
0
0
0
0
0
17.6209
0
0
0
0
0
0
0
0
0
0
0
0
0
0
0
0
0
0
0
0
0
0
0
0
0
0
0
0
0
0
0
0
0
0
0
0
0
0
0
0
0
0
0
0
0
0
0
0
0
0
0
0
0
0
0
0
0
0
0
0
0
0
0
0
0
0
0
0
-0.85638
-0.836
-0.83709
-0.8255
-0.81646
-0.8653
-0.8259
-0.8218
-0.83541
-0.79568
-0.84383
-0.79567
-0.80673
-0.84569
-0.83705
-0.79225
-0.79225
0
0
0
0
0
0
0
0
0
0
0
0
0
0
0
0
0
0
0
0
0
0
0
0
0
0
0
0
0
0
0
0
0
22.0678
0
0
0
0
0
0
0
0
0
0
0
-1.887
0
-2.4113
0
0
0
0
-1.738
0
-2.0025
0
0
0
0
0
0
0
0
0
0
0
0
0
0
0
0
0
0
0
0
0
0
0
0
0
0
0
0
0
0
0
0
0
0
0
0
0
0
0
0
0
0
0
0
0
0
-0.87537
-0.85575
-0.86923
-0.84657
-0.83581
-0.88118
-0.8437
-0.85215
-0.85226
-0.81369
-0.86652
-0.81369
-0.8243
-0.86348
-0.85364
-0.80991
-0.80992
-0.81675
-0.85797
0
0
0
0
0
0
0
0
0
0
0
0
0
0
0
0
0
0
0
0
0
0
0
0
0
0
0
0
0
0
0
0
19.5552
0
0
0
0
0
0
0
0
0
0
0
0
0
0
0
0
0
0
0
0
0
0
0
0
0
0
0
0
0
0
0
0
0
0
0
0
0
0
0
0
0
0
0
0
0
-3.5133
0
0
0
0
0
0
0
0
0
0
0
0
0
0
0
0
0
0
0
0
-0.82123
-0.8034
-0.82181
-0.7921
-0.78239
-0.82832
-0.79178
-0.80684
-0.80061
-0.76133
-0.81644
-0.76134
-0.77295
-0.81151
-0.80299
-0.75764
-0.75764
-0.76445
0
0
0
0
0
0
0
0
0
-0.77083
0
0
0
0
0
0
0
0
0
0
0
0
0
0
0
0
0
0
0
0
0
0
0
0
17.5569
0
0
0
0
0
0
0
0
0
0
0
0
0
0
0
-2.5313
0
0
0
0
0
0
0
0
0
0
0
0
0
0
0
0
0
0
0
0
0
0
0
0
0
0
0
0
0
0
0
0
0
0
0
0
0
0
0
0
0
0
0
0
0
0
0
0
0
-0.86057
-0.84098
-0.85185
-0.8313
-0.82608
-0.87264
-0.83517
-0.83954
-0.84413
-0.80432
-0.85814
-0.80433
-0.8161
-0.84954
-0.84474
-0.80104
-0.80104
-0.8083
0
0
0
0
0
0
0
0
0
0
0
0
0
0
0
0
0
0
0
0
0
0
0
0
0
0
0
0
0
0
0
0
0
0
0
21.1134
0
0
0
0
0
0
0
0
0
0
0
0
0
0
0
0
-2.811
0
0
0
0
0
0
0
0
0
0
0
0
0
0
0
0
0
0
0
0
0
0
0
0
0
0
0
0
0
0
0
0
0
-3.3126
0
0
0
0
0
0
0
0
0
0
0
0
0
-0.84149
-0.82276
-0.83243
-0.81212
-0.80288
-0.84907
-0.81197
-0.81693
-0.82138
-0.78141
-0.83661
-0.78141
-0.79308
-0.83145
-0.82278
-0.77804
-0.77805
0
0
0
0
0
0
0
0
0
0
0
0
0
0
0
0
0
0
0
0
0
0
0
0
0
0
0
0
0
0
0
0
0
0
0
0
0
17.583
0
0
0
0
0
0
0
0
0
0
0
0
0
0
0
0
0
0
0
0
0
-2.8491
0
0
0
0
-0.91998
0
0
0
0
0
0
0
0
0
0
0
0
0
0
0
0
0
0
0
0
0
0
0
0
0
0
0
0
0
0
0
0
0
0
0
0
-0.88207
-0.86403
-0.8764
-0.8532
-0.84307
-0.88846
-0.85206
-0.85975
-0.86114
-0.82095
-0.87711
-0.82095
-0.83292
-0.8722
-0.86285
-0.817
-0.81699
-0.82365
0
0
0
0
0
0
0
0
0
0
0
0
0
0
0
0
0
0
0
0
0
0
0
0
0
0
0
0
0
0
0
0
0
0
0
0
0
15.3248
0
0
0
0
0
0
0
0
0
0
0
0
0
0
0
0
0
0
0
0
0
0
0
0
0
0
0
0
0
0
0
0
0
0
0
0
0
0
0
0
0
0
0
0
0
0
0
0
0
0
0
0
0
0
0
0
0
0
0
0
0
0
-0.88752
-0.868
-0.88143
-0.85903
-0.8485
-0.89344
-0.85712
-0.86448
-0.8621
-0.8261
-0.8814
-0.82612
-0.83771
-0.87654
-0.86597
-0.8223
-0.8223
0
0
0
0
0
0
0
0
0
0
0
0
0
0
0
0
0
0
0
0
0
0
0
0
0
0
0
0
0
0
0
0
0
0
0
0
0
0
0
16.7447
0
0
0
0
0
0
0
0
0
0
0
0
0
0
0
0
-2.1646
0
0
0
0
0
0
0
0
0
0
0
0
0
0
0
0
0
0
0
0
0
0
0
0
0
0
0
0
0
0
0
0
0
0
0
0
0
0
0
0
0
0
0
0
-0.94709
-0.92862
-0.94132
-0.91779
-0.90751
-0.95374
-0.91672
-0.9245
-0.92599
-0.88505
-0.94233
-0.88505
-0.89723
-0.93733
-0.92766
-0.88136
-0.88135
-0.88793
0
0
0
0
0
0
0
0
0
0
0
0
0
0
0
0
0
0
0
0
0
0
0
0
0
0
0
0
0
0
0
0
0
0
0
0
0
0
0
16.4886
0
0
0
0
0
0
0
0
0
0
0
0
0
0
0
0
0
0
0
0
0
0
0
0
0
0
0
0
0
0
0
0
0
0
0
0
0
0
0
0
0
0
0
0
0
0
0
0
0
0
0
0
0
0
0
0
0
0
0
0
-1.1447
-1.128
-1.1418
-1.1164
-1.1057
-1.1519
-1.1155
-1.1238
-1.1252
-1.0816
0
-1.0816
-1.095
0
-1.127
0
0
0
0
0
0
0
0
0
0
0
0
0
0
0
0
0
0
0
0
0
0
0
0
0
0
0
0
0
0
0
0
0
0
0
0
0
0
0
0
0
0
0
14.5382
0
0
0
0
0
0
0
0
0
0
0
0
0
0
0
0
0
0
0
0
0
0
0
0
0
0
0
0
0
0
0
0
0
0
0
0
0
0
0
0
0
0
0
0
0
0
0
0
0
0
0
0
0
0
0
0
0
0
0
-1.0383
-1.0227
-1.0324
-1.0093
-0.99904
-1.0459
-1.009
-1.0154
-1.0186
-0.97596
0
-0.97596
0
0
0
0
0
0
0
0
0
0
0
0
0
0
0
0
0
0
0
0
0
0
0
0
0
0
0
0
0
0
0
0
0
0
0
0
0
0
0
0
0
0
0
0
0
0
0
13.3495
0
0
0
0
0
0
0
0
0
0
0
0
0
0
0
0
0
0
0
0
0
0
0
0
0
0
0
0
-2.2071
0
0
0
0
0
0
0
0
0
0
0
0
0
0
0
0
0
0
0
0
0
0
0
0
0
0
0
0
0
-1.6064
-1.6031
-1.6096
-1.5845
-1.5764
0
0
0
0
0
0
0
0
0
0
0
0
0
0
0
0
0
0
0
0
0
0
-1.5329
0
0
0
0
0
0
0
0
0
0
0
0
0
0
0
0
0
0
0
0
0
0
0
0
0
0
0
0
0
0
0
0
12.0484
0
0
0
0
0
0
0
0
0
0
-2.5354
0
0
0
0
0
0
0
0
0
0
0
0
0
0
0
0
0
0
0
0
0
0
0
0
0
0
0
0
0
0
0
0
0
0
0
0
0
0
0
0
0
0
0
0
0
0
-1.6561
-1.6526
-1.6594
-1.6348
0
0
0
0
0
0
0
0
0
-1.6546
0
0
0
0
0
0
0
0
0
0
0
0
0
0
0
0
0
0
0
0
0
0
0
0
0
0
0
0
0
0
0
0
0
0
0
0
0
0
0
0
0
0
0
0
0
0
0
10.7437
0
0
0
0
0
0
0
0
-2.4862
0
0
0
0
0
0
0
0
0
0
0
0
0
0
0
0
0
0
0
0
0
0
0
0
0
0
0
0
0
0
0
0
0
0
0
0
0
0
0
0
0
0
0
0
0
0
0
0
0
0
0
0
0
0
0
0
0
0
0
0
0
0
0
0
0
-1.953
0
0
0
0
-1.9479
0
0
0
0
0
0
0
0
0
0
0
0
0
0
0
0
0
0
0
0
0
0
0
0
0
0
-1.887
0
0
0
0
0
0
0
0
0
0
0
10.5159
0
0
0
0
0
-2.6856
0
0
0
0
0
0
0
0
0
0
0
0
0
0
0
0
0
0
0
0
0
-2.0423
0
0
0
0
0
0
0
0
0
0
0
0
0
0
0
0
0
0
0
0
0
0
0
0
0
0
0
0
0
0
0
0
0
-1.8305
0
0
0
0
0
-1.8056
0
0
0
0
0
0
-1.8001
0
0
0
0
0
0
0
0
0
0
0
0
0
0
0
0
0
0
0
0
0
0
0
0
0
0
0
0
0
0
0
0
0
0
0
0
0
0
0
0
0
0
0
10.4555
0
0
0
-2.2326
0
0
0
0
0
0
0
-2.7866
0
0
0
0
0
0
0
0
0
0
0
0
0
0
0
0
0
0
0
0
0
0
0
0
0
0
0
0
0
0
0
0
0
0
0
0
0
0
0
0
0
0
0
0
0
0
0
0
0
0
0
0
0
0
0
0
0
0
0
0
0
0
0
0
0
0
0
0
0
0
0
0
0
0
0
0
0
0
0
0
0
0
0
0
0
0
0
0
0
0
0
0
-2.4113
0
0
0
0
0
0
0
0
0
0
0
0
0
12.7853
0
0
0
0
0
0
0
0
0
0
0
0
0
0
0
-3.4392
0
0
-3.5182
0
0
-3.4165
0
0
0
0
0
0
0
0
0
0
0
0
0
0
0
0
0
0
0
0
0
0
0
0
0
0
0
0
0
0
0
-2.1601
-2.1858
-2.1885
-2.1604
0
0
0
0
0
0
0
0
0
0
0
0
0
0
0
0
0
0
0
0
0
0
0
0
0
0
0
0
0
0
0
0
0
0
0
0
0
0
0
0
0
0
0
0
0
0
0
0
0
0
0
0
0
0
0
0
0
0
0
0
0
8.6948
0
0
0
0
0
0
0
0
0
0
0
0
0
0
0
0
0
0
0
0
0
0
0
0
0
0
0
0
0
0
0
0
0
0
0
0
0
0
0
0
0
0
0
0
0
0
0
0
0
0
0
0
0
0
0
0
0
0
0
0
0
0
0
0
0
0
0
0
0
0
0
0
0
-1.9779
0
0
0
0
0
0
-2.0749
0
0
0
0
0
0
0
0
0
0
0
0
0
0
0
0
0
0
0
0
0
0
0
0
0
0
0
0
0
0
0
0
0
0
0
0
0
11.017
0
-3.3475
0
0
0
0
0
0
0
0
-3.6167
0
0
0
0
0
0
0
0
0
0
0
0
0
0
0
0
0
0
0
0
0
0
0
0
0
0
0
0
0
0
0
0
0
0
0
0
0
0
0
0
0
0
0
0
0
0
0
0
-2.1818
0
0
0
0
0
0
0
0
0
0
0
0
0
0
0
0
0
0
0
0
0
0
0
0
0
0
0
0
0
0
0
0
0
0
0
0
0
0
-2.0738
0
0
0
0
0
0
0
0
0
0
0
0
0
0
0
-2.2326
0
0
0
9.3718
0
0
0
0
0
-2.8836
0
0
0
0
0
0
0
0
0
0
0
0
0
0
0
0
0
0
0
0
0
0
0
0
0
0
0
0
0
0
0
0
0
0
0
0
0
0
0
0
0
0
0
0
0
0
0
0
0
0
0
0
0
0
0
0
0
0
0
0
0
0
0
0
0
0
0
0
0
0
0
0
0
0
0
0
0
0
0
0
0
0
0
0
0
0
0
0
0
0
0
0
0
0
0
0
-2.5313
0
0
0
0
0
0
0
0
0
-2.6856
0
0
0
-3.3475
0
13.2784
0
0
0
0
0
0
0
0
0
0
0
0
0
0
0
0
0
0
0
0
0
0
0
0
0
0
0
-4.714
0
0
0
0
0
0
0
0
0
0
0
0
0
0
0
0
0
0
0
0
0
0
0
0
0
0
0
0
0
0
0
-1.8526
0
0
0
0
0
0
0
0
0
0
0
0
0
0
0
0
0
0
0
0
0
0
0
0
0
0
0
0
0
0
0
0
0
0
0
0
0
0
0
-1.738
0
0
0
0
0
0
0
0
0
0
0
0
0
0
0
0
0
0
8.9582
0
0
-2.5647
-2.8029
0
0
0
0
0
0
0
0
0
0
0
0
0
0
0
0
0
0
0
0
0
0
0
0
0
0
0
0
0
0
0
0
0
0
0
0
0
0
0
0
0
0
0
0
0
0
0
0
0
0
0
0
0
0
0
0
0
0
0
0
0
0
0
0
0
0
0
0
0
0
0
0
0
0
0
0
0
0
0
0
0
0
0
0
0
0
0
0
0
0
0
0
0
0
0
0
0
-2.811
0
0
0
0
0
0
0
-2.4862
0
0
0
0
0
0
0
0
11.6843
0
0
0
0
0
0
0
-3.1887
-3.1984
0
0
0
0
0
0
0
0
0
0
0
0
0
0
0
0
0
0
0
0
0
0
0
0
0
0
0
0
0
0
0
0
0
0
0
0
0
0
0
0
0
0
0
0
0
0
0
0
0
0
0
0
0
0
0
0
0
0
0
0
0
0
0
0
0
0
0
0
0
0
0
0
0
0
0
0
0
0
0
0
0
0
0
0
0
0
0
0
-2.0025
0
0
0
0
0
0
0
0
0
-2.5354
0
0
0
0
0
0
0
0
0
0
8.2826
0
0
0
0
0
0
0
0
0
0
0
0
0
0
0
0
0
0
0
0
0
0
0
0
0
0
-3.7447
0
0
0
0
0
0
0
0
0
0
0
0
0
0
0
0
0
0
0
0
0
0
0
0
0
0
0
0
0
0
0
0
0
0
0
0
0
0
0
0
0
0
0
0
0
0
0
0
0
0
0
-1.0051
0
0
0
0
0
0
0
0
0
0
0
0
0
0
0
0
0
0
0
0
0
0
0
0
0
0
0
0
0
0
0
0
0
0
0
0
-2.5647
0
0
6.6504
0
0
0
0
0
0
0
0
0
0
0
0
0
0
0
0
0
0
0
0
0
0
0
0
0
0
0
0
0
0
-3.0807
0
0
0
0
0
0
0
0
0
0
0
0
0
0
0
0
0
0
0
0
0
0
0
0
0
0
0
0
0
0
0
0
0
0
0
0
0
0
0
0
0
0
0
0
0
0
0
0
0
0
0
0
0
0
0
0
0
0
0
0
0
0
0
0
0
0
0
0
0
0
-2.1646
0
0
0
0
0
0
0
0
0
0
-2.8836
0
-2.8029
0
0
0
7.8511
0
0
0
0
0
0
0
0
0
0
0
0
0
0
0
0
0
0
0
0
0
0
0
0
0
0
0
0
0
0
0
0
0
0
0
0
0
0
0
0
0
0
0
0
0
0
0
0
0
0
0
0
0
0
0
0
0
0
0
0
0
0
0
0
0
0
0
0
0
0
0
0
0
0
0
0
0
0
0
0
0
-3.994
0
0
0
0
0
0
0
0
-3.6897
0
0
0
0
0
0
0
0
0
0
0
0
0
0
0
0
0
0
0
0
0
0
0
0
0
0
0
12.8057
0
0
0
0
0
0
0
0
0
0
0
0
0
0
0
0
0
0
0
0
0
0
0
0
0
0
0
0
0
0
0
0
0
0
0
0
0
0
0
0
0
0
-5.122
0
0
0
0
0
0
0
0
0
0
0
0
0
0
0
0
0
0
0
0
0
0
0
0
0
-2.302
0
0
0
0
0
0
0
0
0
0
0
0
0
0
0
0
0
0
0
0
0
0
0
0
0
0
0
0
0
0
0
0
0
0
0
0
0
-2.7866
0
0
0
0
0
0
0
0
0
0
0
5.5931
0
0
0
0
0
0
0
0
0
0
0
0
0
0
0
0
0
0
0
0
0
0
0
0
0
0
0
0
0
0
0
-0.5045
0
0
0
0
0
0
0
0
0
0
0
0
0
0
0
0
0
0
0
0
0
0
0
0
0
0
0
0
0
0
0
0
0
0
0
0
0
0
0
0
0
0
-3.2336
0
0
0
0
0
0
0
0
0
0
0
0
0
0
0
0
0
0
0
0
0
-2.8491
0
0
0
0
0
0
0
0
0
0
0
0
0
0
0
0
0
0
0
0
0
10.2308
0
0
0
0
0
0
0
0
0
0
0
0
0
0
0
0
0
0
0
0
0
0
0
0
0
-4.1481
0
0
0
0
0
0
0
0
0
0
0
0
0
0
0
0
0
0
0
0
0
0
0
0
0
0
0
0
0
0
0
0
0
0
0
0
0
0
0
0
0
0
0
0
0
0
0
0
0
0
0
0
0
0
0
0
0
0
0
0
0
0
0
0
0
0
0
0
0
0
0
0
0
0
0
0
0
0
0
0
0
-3.6167
0
0
0
0
0
0
0
0
0
0
7.3389
0
0
0
0
0
-3.7222
0
0
0
0
0
0
0
0
0
0
0
0
0
0
0
0
0
0
0
0
0
0
0
0
0
0
0
0
0
0
0
0
0
0
0
0
0
0
0
0
0
0
0
0
0
0
0
0
0
0
0
0
0
0
0
0
0
0
0
0
0
0
0
0
0
0
0
0
0
0
0
0
0
0
0
0
0
0
0
0
0
0
0
0
0
0
0
0
0
0
0
0
0
0
0
0
0
0
0
0
0
0
0
0
-3.1887
0
0
0
0
0
0
0
6.7098
0
0
0
0
0
0
0
0
0
0
0
0
0
0
0
-3.521
0
0
0
0
0
0
0
0
0
0
0
0
0
0
0
0
0
0
0
0
0
0
0
0
0
0
0
0
0
0
0
0
0
0
0
0
0
0
0
0
0
0
0
0
0
0
0
0
0
0
0
0
0
0
0
0
0
0
0
0
0
0
0
0
0
0
0
0
0
0
0
0
0
0
0
0
0
0
0
0
0
0
0
0
0
0
0
0
0
0
0
0
0
-3.1984
0
0
0
0
0
0
0
0
6.6963
0
0
0
0
0
0
0
0
0
-3.4979
0
0
0
0
0
0
0
0
0
0
0
0
0
0
0
0
0
0
0
0
0
0
0
0
0
0
0
0
0
0
0
0
0
0
0
-4.2178
0
0
0
0
0
0
0
0
0
0
0
0
0
0
0
0
0
0
0
0
0
0
0
0
0
0
0
0
0
0
0
0
0
0
0
0
0
0
0
0
0
0
0
0
0
0
0
0
0
0
0
0
0
0
0
0
-3.4392
0
0
0
0
0
0
0
0
0
0
0
0
0
0
0
7.657
0
0
0
0
0
0
0
0
0
0
0
0
0
0
0
0
0
0
0
0
0
0
0
0
0
0
0
0
0
0
0
0
0
0
0
0
0
0
0
0
0
0
0
0
0
0
0
0
0
0
0
0
0
0
0
0
0
0
0
0
0
0
0
0
0
0
0
0
0
0
0
0
0
0
0
0
0
0
0
0
0
0
0
0
0
0
0
0
0
0
0
-0.91998
0
0
0
0
0
0
0
0
0
0
0
0
0
0
0
0
0
0
0
0
0
0
0
0
0
0
4.8543
0
0
0
0
0
-3.9343
0
0
0
0
0
0
0
0
0
0
0
0
0
0
0
0
0
0
0
0
0
0
0
0
0
0
0
0
0
0
0
0
0
0
0
0
0
0
0
0
0
0
0
0
0
0
0
0
0
0
0
0
0
0
0
0
0
0
0
0
0
0
0
0
0
0
0
0
0
0
0
0
0
0
0
0
0
0
0
0
0
0
0
0
0
0
0
0
0
0
0
0
0
0
0
0
0
0
0
0
0
0
0
0
0
0
0
0
0
0
0
0
7.1292
0
0
0
0
0
-3.652
0
0
0
-3.4772
0
0
0
0
0
0
0
0
0
0
0
0
0
0
0
0
0
0
0
0
0
0
0
0
0
0
0
0
0
0
0
0
0
0
0
0
0
0
0
0
0
0
0
0
0
0
0
0
0
0
0
0
0
0
0
0
0
0
0
0
0
0
0
0
0
0
0
0
0
0
0
0
0
0
0
0
0
0
0
0
0
0
0
0
0
0
0
0
0
-3.5182
0
0
0
0
0
0
0
0
0
0
0
0
-3.7222
0
0
0
0
0
7.2404
0
0
0
0
0
0
0
0
0
0
0
0
0
0
0
0
0
0
0
0
0
0
0
0
0
0
0
0
0
0
0
0
0
0
0
0
0
0
0
0
0
0
0
0
0
0
0
0
0
0
0
0
0
0
0
0
0
0
0
0
0
0
0
0
0
0
0
0
0
0
0
0
0
0
0
0
0
0
0
-3.7522
0
0
0
0
0
0
0
0
0
0
0
0
0
0
0
0
0
0
0
0
0
0
0
0
0
0
0
0
0
0
0
0
0
0
0
0
0
0
7.4994
0
0
0
0
0
0
-3.7471
0
0
0
0
0
0
0
0
0
0
0
0
0
0
0
0
0
0
0
0
0
0
0
0
0
0
0
0
0
0
0
0
0
0
0
0
0
0
0
0
0
0
0
0
0
0
0
-3.926
0
0
0
0
0
0
0
0
0
0
0
0
0
0
0
0
0
0
0
0
0
0
0
0
0
0
0
0
0
0
0
0
0
0
0
0
0
0
0
0
0
0
0
0
0
0
0
0
0
0
0
0
0
0
0
0
0
0
0
0
0
0
0
7.6351
0
0
0
0
0
-3.7091
0
0
0
0
0
0
0
0
0
0
0
0
0
0
0
0
0
0
0
0
0
0
0
0
0
0
0
0
-4.252
0
0
0
0
0
0
0
0
0
0
0
0
0
0
0
0
0
0
0
0
0
0
0
0
0
0
0
0
0
0
0
0
0
0
0
0
0
0
0
0
0
0
0
0
0
0
0
0
0
0
0
0
0
0
0
0
0
0
0
0
0
-3.4165
0
0
0
0
0
0
0
0
0
0
0
0
0
0
0
0
0
0
0
0
0
7.6685
0
0
0
0
0
0
0
0
0
0
0
0
0
0
0
0
0
0
0
0
0
0
0
0
0
0
0
0
0
0
0
0
0
0
0
0
0
0
0
0
0
0
0
0
0
0
0
0
0
0
0
0
0
0
0
0
0
0
0
0
0
0
0
0
0
0
0
0
0
0
0
0
0
0
0
0
0
0
0
0
0
0
0
0
0
0
0
0
0
0
0
0
0
0
0
0
0
0
0
0
0
0
0
0
0
0
0
0
0
0
0
0
-3.9343
0
0
0
0
0
7.7016
0
0
-3.7673
0
0
0
0
0
0
0
0
0
0
0
0
0
0
0
0
0
0
0
0
0
0
0
0
0
0
0
0
0
0
0
0
0
0
0
0
0
0
0
0
0
0
0
0
0
0
0
0
0
0
0
0
0
0
0
0
0
0
0
0
0
0
0
0
0
0
0
0
0
0
0
0
0
0
0
0
0
0
0
0
0
0
0
0
0
0
-2.2071
0
0
0
0
0
0
0
0
0
0
0
0
0
0
0
0
0
0
0
0
0
0
-3.652
0
0
0
0
0
5.8591
0
0
0
0
0
0
0
0
0
0
0
0
0
0
0
0
0
0
0
0
0
0
0
0
0
0
0
0
0
0
0
0
0
0
0
0
0
0
0
0
0
0
0
0
0
0
0
0
0
0
0
0
0
0
0
0
0
0
0
0
0
0
0
0
0
0
0
-3.8023
0
0
0
0
0
0
0
0
0
0
0
0
0
0
0
0
0
0
0
0
0
0
0
0
0
0
0
0
0
0
0
0
0
0
0
0
0
0
0
0
-3.4979
0
0
0
0
0
0
0
0
0
7.3001
0
0
0
0
0
0
0
0
0
0
0
0
0
0
0
0
0
0
0
0
0
0
0
0
0
0
0
0
0
0
0
0
0
0
0
0
0
0
0
0
0
0
0
0
0
0
0
0
0
0
0
0
0
0
0
0
0
0
0
0
0
0
0
0
0
0
0
0
0
0
0
0
0
0
0
0
0
0
0
0
0
0
0
0
0
0
0
0
0
0
-2.0423
0
0
0
0
0
0
0
0
0
0
0
0
0
0
0
0
0
0
0
0
0
0
0
0
-3.7673
0
0
5.8096
0
0
0
0
0
0
0
0
0
0
0
0
0
0
0
0
0
0
0
0
0
0
0
0
0
0
0
0
0
0
0
0
0
0
0
0
0
0
0
0
0
0
0
0
0
0
0
0
0
0
0
0
0
0
0
0
0
0
0
0
0
0
0
0
0
0
0
0
0
0
0
0
0
0
0
0
0
0
0
0
0
0
0
0
0
0
0
0
0
0
0
0
0
0
0
0
0
0
0
0
0
0
0
0
0
0
0
0
0
0
0
-3.7471
-3.7091
0
0
0
0
0
7.4563
0
0
0
0
0
0
0
0
0
0
0
0
0
0
0
0
0
0
0
0
0
0
0
0
0
0
0
0
0
0
0
0
0
0
0
0
0
0
0
0
0
0
0
0
0
0
0
0
0
0
0
0
0
0
0
0
0
0
0
0
0
0
0
0
0
0
0
0
-2.478
0
0
0
0
0
0
0
0
0
0
0
0
0
0
0
0
0
0
0
0
0
0
0
0
0
0
0
0
0
0
0
0
0
0
0
0
0
0
0
-3.4772
0
0
0
0
0
0
0
0
0
5.9552
0
0
0
0
0
0
0
0
0
0
0
0
0
0
0
0
0
0
0
0
0
0
0
0
0
0
-4.0419
0
0
0
0
0
0
0
0
0
0
0
0
-3.9944
0
0
0
0
0
0
0
0
0
0
0
0
0
0
0
0
0
0
0
0
0
0
0
0
0
0
0
0
0
0
0
0
0
0
0
0
0
0
0
0
0
0
0
0
0
0
0
0
0
0
0
0
0
0
0
0
0
0
0
0
0
0
0
0
0
0
0
0
0
0
0
0
0
0
0
0
0
0
8.0363
0
0
0
0
0
0
0
0
0
0
0
0
0
0
0
0
0
0
0
0
0
0
0
0
0
0
0
0
0
0
0
0
0
0
0
0
0
0
0
0
0
0
0
0
0
0
0
0
0
0
0
-3.7424
0
0
0
0
0
0
0
0
0
0
0
0
0
0
0
0
0
0
0
0
0
0
0
0
0
0
0
0
0
0
0
0
0
0
0
0
0
0
0
0
0
0
0
0
0
0
0
0
0
0
-3.521
0
0
0
0
0
0
0
0
0
0
0
0
0
0
0
7.2635
0
0
0
0
0
0
0
0
0
0
0
0
0
0
0
0
0
0
0
0
0
0
0
0
0
0
0
0
0
0
0
0
0
0
0
0
0
0
0
0
0
0
0
0
0
0
0
0
0
0
0
0
0
0
0
0
0
0
0
0
0
0
0
0
0
0
-4.3655
0
0
0
0
0
0
0
0
0
0
0
0
0
0
0
0
0
0
0
0
0
0
0
0
0
0
0
0
0
0
0
0
0
0
0
0
0
0
0
0
0
0
0
0
0
0
0
0
0
0
0
4.3655
0
0
0
0
0
0
0
0
0
0
0
0
0
0
0
0
0
0
0
0
0
0
0
0
0
0
0
0
0
0
0
0
0
0
0
0
0
0
0
0
0
0
0
0
0
0
0
0
0
0
0
0
0
0
0
0
0
0
0
0
0
0
0
0
0
0
0
0
0
0
0
0
0
0
0
0
0
0
0
0
0
0
0
0
0
0
0
0
0
0
-4.714
0
0
0
0
0
0
0
0
0
0
0
0
0
0
0
0
0
0
0
0
0
0
0
0
0
0
0
4.714
0
0
0
0
0
0
0
0
0
0
0
0
0
0
0
0
0
0
0
0
0
0
0
0
0
0
0
0
0
0
0
0
0
0
0
0
0
0
0
0
0
0
0
0
0
0
0
0
0
0
0
0
0
0
0
0
0
0
0
0
0
0
0
0
0
0
0
0
0
0
0
0
-3.5133
0
0
0
0
0
0
0
0
0
0
0
0
0
0
0
0
0
0
0
0
0
0
0
0
0
0
0
0
0
0
0
0
0
0
0
0
0
0
0
0
0
0
0
0
0
3.5133
0
0
0
0
0
0
0
0
0
0
0
0
0
0
0
0
0
0
0
0
0
0
0
0
0
0
0
0
0
0
0
0
0
0
0
0
0
0
0
0
0
0
0
0
0
0
0
0
0
0
0
0
0
0
0
0
0
0
0
0
0
0
0
0
0
0
0
0
0
0
0
0
0
0
0
0
0
0
0
0
0
0
0
0
0
0
0
0
0
0
0
-3.7447
0
0
0
0
0
0
0
0
0
0
0
0
0
0
0
0
0
0
0
0
0
0
0
0
0
0
3.7447
0
0
0
0
0
0
0
0
0
0
0
0
0
0
0
0
0
0
0
0
0
0
0
0
0
0
0
0
0
0
0
0
0
0
0
0
0
0
0
0
0
0
0
0
0
0
0
0
0
0
0
0
0
0
0
0
0
0
0
0
0
0
0
0
0
0
0
-3.8756
0
0
0
0
0
0
0
0
0
0
0
0
0
0
0
0
0
0
0
0
0
0
0
0
0
0
0
0
0
0
0
0
0
0
0
0
0
0
0
0
0
0
0
0
0
0
0
0
0
0
3.8756
0
0
0
0
0
0
0
0
0
0
0
0
0
0
0
0
0
0
0
0
0
0
0
0
0
0
0
0
0
0
0
0
0
0
0
0
0
0
0
0
0
0
0
0
0
0
0
0
0
0
0
0
0
0
0
0
0
0
-4.8719
0
0
0
0
0
0
0
0
0
0
0
0
0
0
0
0
0
0
0
0
0
0
0
0
0
0
0
0
0
0
0
0
0
0
0
0
0
0
0
0
0
0
0
0
0
0
0
0
0
0
0
0
0
0
0
0
0
0
0
4.8719
0
0
0
0
0
0
0
0
0
0
0
0
0
0
0
0
0
0
0
0
0
0
0
0
0
0
0
0
0
0
0
0
0
0
0
0
0
0
0
0
0
0
0
0
0
-5.8778
0
0
0
0
0
0
0
0
0
0
0
0
0
0
0
0
0
0
0
0
0
0
0
0
0
0
0
0
0
0
0
0
0
0
0
0
0
0
0
0
0
0
0
0
0
0
0
0
0
0
0
0
0
0
0
0
0
0
0
0
0
0
0
0
0
0
0
0
0
0
0
0
5.8778
0
0
0
0
0
0
0
0
0
0
0
0
0
0
0
0
0
0
0
0
0
0
0
0
0
0
0
0
0
0
0
0
0
0
0
0
0
0
0
0
0
0
0
0
0
0
0
0
0
0
0
0
0
0
0
0
0
0
0
0
0
0
0
0
0
0
0
0
0
0
0
0
0
0
0
0
0
0
0
0
0
0
0
0
0
0
0
0
0
0
0
0
-4.1481
0
0
0
0
0
0
0
0
0
0
0
0
0
0
0
0
0
0
0
0
0
0
0
0
0
4.1481
0
0
0
0
0
0
0
0
0
0
0
0
0
0
0
0
0
0
0
0
0
0
0
0
0
0
0
0
0
0
0
0
0
0
0
0
0
0
0
0
0
0
0
0
0
0
0
0
0
0
0
0
0
0
0
0
0
0
0
0
0
0
0
0
0
0
0
0
0
0
0
0
0
0
0
0
0
0
0
0
0
0
0
0
0
0
0
-3.0807
0
0
0
0
0
0
0
0
0
0
0
0
0
0
0
0
0
0
0
0
0
0
0
0
0
0
0
0
0
0
3.0807
0
0
0
0
0
0
0
0
0
0
0
0
0
0
0
0
0
0
0
0
0
0
0
0
0
0
0
0
0
0
0
0
0
0
0
0
0
0
0
0
0
0
0
0
0
0
0
0
0
0
0
0
0
0
0
0
0
0
0
0
0
0
0
0
0
0
0
-3.3126
0
0
0
0
0
0
0
0
0
0
0
0
0
0
0
0
0
0
0
0
0
0
0
0
0
0
0
0
0
0
0
0
0
0
0
0
0
0
0
0
0
0
0
0
0
0
0
0
0
0
3.3126
0
0
0
0
0
0
0
0
0
0
0
0
0
0
0
0
0
0
0
0
0
0
0
0
0
0
0
0
0
0
0
0
0
0
0
0
0
0
0
0
0
0
0
0
0
0
0
0
0
0
0
0
0
0
0
0
0
0
0
-4.0885
0
0
0
0
0
0
0
0
0
0
0
0
0
0
0
0
0
0
0
0
0
0
0
0
0
0
0
0
0
0
0
0
0
0
0
0
0
0
0
0
0
0
0
0
0
0
0
0
0
0
0
0
0
0
0
0
0
0
4.0885
0
0
0
0
0
0
0
0
0
0
0
0
0
0
0
0
0
0
0
0
0
0
0
0
0
0
0
0
0
0
-6.1264
0
0
0
0
0
0
0
0
0
0
0
0
0
0
0
0
0
0
0
0
0
0
0
0
0
0
0
0
0
0
0
0
0
0
0
0
0
0
0
0
0
0
0
0
0
0
0
0
0
0
0
0
0
0
0
0
0
0
0
0
0
0
0
0
0
0
0
0
0
0
0
0
0
0
0
0
0
0
0
0
0
0
0
0
0
0
0
6.1264
0
0
0
0
0
0
0
0
0
0
0
0
0
0
0
0
0
0
0
0
0
0
0
0
0
0
0
0
0
0
0
0
0
0
0
0
0
0
0
0
0
0
0
0
0
0
0
0
0
0
0
0
0
0
0
0
0
0
0
0
0
0
0
0
0
0
0
0
0
0
0
0
0
0
0
0
0
0
0
0
0
0
0
0
0
0
-0.5045
0
0
0
0
0
0
0
0
0
0
0
0
0
0
0
0
0
0
0
0
0
0
0
0
0
0
0
0
0
0
0
0.5045
0
0
0
0
0
0
0
0
0
0
0
0
0
0
0
-7.1427
0
0
0
0
0
0
0
0
0
0
0
0
0
0
0
0
0
0
0
0
0
0
0
0
0
0
0
0
0
0
0
0
0
0
0
0
0
0
0
0
0
0
0
0
0
0
0
0
0
0
0
0
0
0
0
0
0
0
0
0
0
0
0
0
0
0
0
0
0
0
0
0
0
0
0
0
0
0
0
0
0
0
0
0
0
0
0
0
0
0
0
0
0
0
0
0
0
0
0
0
0
0
7.1427
0
0
0
0
0
0
0
0
0
0
0
0
0
0
0
0
0
0
0
0
0
0
0
0
0
0
0
0
0
0
-6.0162
0
0
0
0
0
0
0
0
0
0
0
0
0
0
0
0
0
0
0
0
0
0
0
0
0
0
0
0
0
0
0
0
0
0
0
0
0
0
0
0
0
0
0
0
0
0
0
0
0
0
0
0
0
0
0
0
0
0
0
0
0
0
0
0
0
0
0
0
0
0
0
0
0
0
0
0
0
0
0
0
0
0
0
0
0
0
0
6.0162
0
0
0
0
0
0
0
0
-7.0217
0
0
0
0
0
0
0
0
0
0
0
0
0
0
0
0
0
0
0
0
0
0
0
0
0
0
0
0
0
0
0
0
0
0
0
0
0
0
0
0
0
0
0
0
0
0
0
0
0
0
0
0
0
0
0
0
0
0
0
0
0
0
0
0
0
0
0
0
0
0
0
0
0
0
0
0
0
0
0
0
0
0
0
0
0
0
0
0
0
0
0
0
0
0
0
0
0
0
0
0
0
0
0
0
0
0
0
0
0
7.0217
0
0
0
0
0
0
0
0
0
0
0
0
0
0
0
0
0
0
0
0
0
0
0
0
0
0
0
0
0
0
0
0
0
0
0
0
0
0
0
-5.9015
0
0
0
0
0
0
0
0
0
0
0
0
0
0
0
0
0
0
0
0
0
0
0
0
0
0
0
0
0
0
0
0
0
0
0
0
0
0
0
0
0
0
0
0
0
0
0
0
0
0
0
0
0
0
0
0
0
0
0
0
0
0
0
0
0
0
0
0
0
0
0
0
0
0
0
0
0
0
5.9015
0
0
0
0
0
0
0
0
0
0
0
0
0
0
0
0
0
0
0
0
0
0
0
0
0
0
0
0
0
0
0
0
0
0
0
0
0
0
0
0
0
0
0
0
0
0
0
-4.8718
0
0
0
0
0
0
0
0
0
0
0
0
0
0
0
0
0
0
0
0
0
0
0
0
0
0
0
0
0
0
0
0
0
0
0
0
0
0
0
0
0
0
0
0
0
0
0
0
0
0
0
0
0
0
0
0
0
0
0
0
0
0
0
0
0
0
0
0
0
0
4.8718
0
0
0
0
0
0
0
0
0
0
0
0
0
0
0
-6.6989
0
0
0
0
0
0
0
0
0
0
0
0
0
0
0
0
0
0
0
0
0
0
0
0
0
0
0
0
0
0
0
0
0
0
0
0
0
0
0
0
0
0
0
0
0
0
0
0
0
0
0
0
0
0
0
0
0
0
0
0
0
0
0
0
0
0
0
0
0
0
0
0
0
0
0
0
0
0
0
0
0
0
0
0
0
0
0
0
0
0
0
0
0
0
0
0
0
0
0
0
0
0
6.6989
0
0
0
0
0
0
0
0
0
0
0
0
0
0
0
0
0
0
0
0
0
0
0
0
0
0
0
0
0
0
0
0
-5.8778
0
0
0
0
0
0
0
0
0
0
0
0
0
0
0
0
0
0
0
0
0
0
0
0
0
0
0
0
0
0
0
0
0
0
0
0
0
0
0
0
0
0
0
0
0
0
0
0
0
0
0
0
0
0
0
0
0
0
0
0
0
0
0
0
0
0
0
0
0
0
0
0
0
0
0
0
0
0
0
0
0
0
0
0
0
5.8778
0
0
0
0
0
0
0
0
0
0
0
0
0
0
0
0
-6.7234
0
0
0
0
0
0
0
0
0
0
0
0
0
0
0
0
0
0
0
0
0
0
0
0
0
0
0
0
0
0
0
0
0
0
0
0
0
0
0
0
0
0
0
0
0
0
0
0
0
0
0
0
0
0
0
0
0
0
0
0
0
0
0
0
0
0
0
0
0
0
0
0
0
0
0
0
0
0
0
0
0
0
0
0
0
0
0
0
0
0
0
0
0
0
0
0
0
0
0
0
0
6.7234
0
0
0
0
0
0
0
0
0
0
0
0
0
0
0
0
0
0
0
0
0
0
0
0
0
0
0
0
0
0
0
0
0
0
0
0
0
0
0
0
-5.4542
0
0
0
0
0
0
0
0
0
0
0
0
0
0
0
0
0
0
0
0
0
0
0
0
0
0
0
0
0
0
0
0
0
0
0
0
0
0
0
0
0
0
0
0
0
0
0
0
0
0
0
0
0
0
0
0
0
0
0
0
0
0
0
0
0
0
0
0
0
0
0
0
0
0
0
0
0
5.4542
0
0
0
0
0
0
0
0
0
0
0
0
0
0
0
0
0
0
0
0
0
0
0
0
0
0
0
0
0
0
0
0
0
0
0
0
0
0
0
0
0
0
0
0
0
0
0
0
0
0
0
0
0
0
0
0
0
0
0
0
0
0
0
0
0
0
0
0
0
0
0
0
0
0
0
-5.122
0
0
0
0
0
0
0
0
0
0
0
0
0
0
0
0
0
0
0
0
0
0
0
0
0
0
0
0
0
0
0
0
0
0
0
0
0
0
0
0
0
0
5.122
