63.0775
-0.93656
-0.93722
-0.93486
-0.93512
-0.94182
-0.93538
-0.93631
-0.9359
-0.92952
-0.93905
-0.92953
-0.93004
-0.93883
-0.93275
-0.9307
-0.9307
-0.93168
-0.93483
-0.93306
-0.937
-0.9388
-0.93424
-0.93545
-0.93424
-0.93008
-0.93295
-0.93343
-0.94689
-0.9371
-0.93471
-0.93471
-0.94243
-0.93279
-0.9321
-0.93459
-0.93459
-0.93545
-0.94909
-0.93308
-0.94514
-0.94513
-0.93412
-0.93491
-0.93169
-0.9398
-0.95205
-0.95259
-0.95867
-0.92633
-0.94509
-0.93408
-0.925
-0.93903
-0.94001
-0.91786
-0.94296
-0.91787
-0.95437
-0.93331
-1.1051
-1.1239
0
0
0
-1.3064
0
0
0
0
0
0
0
0
0
0
0
0
0
0
0
0
0
0
0
0
0
0
0
0
0
0
0
0
0
0
0
0
0
0
0
0
0
0
0
0
0
0
0
0
-4.2945
0
0
0
0
0
0
0
-0.93656
60.5181
-0.9347
-0.93233
-0.93262
-0.93847
-0.93287
-0.93384
-0.93336
-0.92702
-0.93587
-0.92702
-0.92752
-0.93559
-0.92921
-0.9282
-0.92821
-0.9292
-0.93239
-0.93055
-0.9345
-0.93659
-0.93178
-0.93294
-0.93177
-0.92767
-0.93048
-0.93097
-0.94493
-0.93461
-0.93223
-0.93223
-0.94023
-0.93031
-0.92959
-0.93209
-0.93209
-0.93287
-0.9469
-0.93055
-0.94287
-0.94286
-0.93167
-0.93268
-0.92917
-0.93727
-0.94973
-0.94984
-0.95637
-0.92379
-0.94232
-0.93184
-0.92242
-0.93682
-0.9375
-0.91531
-0.94032
-0.91532
-0.95186
-0.9311
-1.1021
-1.1218
0
0
0
-1.3028
0
0
0
0
0
0
0
0
0
0
0
0
0
0
0
0
0
0
0
0
0
0
0
0
0
0
0
-1.8896
0
0
0
0
0
0
0
0
0
0
0
0
0
0
0
0
0
0
0
0
0
0
0
0
-0.93722
-0.9347
60.9846
-0.93296
-0.93328
-0.93926
-0.93355
-0.93541
-0.93406
-0.92769
-0.93673
-0.9277
-0.92821
-0.93638
-0.93097
-0.92888
-0.92888
-0.92988
-0.93327
-0.93122
-0.93515
-0.9369
-0.93242
-0.93361
-0.93241
-0.92832
-0.93112
-0.93154
-0.94453
-0.93525
-0.93288
-0.93287
-0.94079
-0.93095
-0.93025
-0.93275
-0.93275
-0.9335
-0.94722
-0.93126
-0.94333
-0.94333
-0.93232
-0.93325
-0.92988
-0.9379
-0.95038
-0.9507
-0.95718
-0.92454
-0.94289
-0.93261
-0.92368
-0.93741
-0.93799
-0.91606
-0.94135
-0.91606
-0.95264
-0.93166
-1.1028
-1.1216
0
0
0
-1.3021
0
0
0
0
0
0
0
0
0
0
0
0
0
0
0
0
0
0
0
0
-2.3162
0
0
0
0
0
0
0
0
0
0
0
0
0
0
0
0
0
0
0
0
0
0
0
0
0
0
0
0
0
0
0
-0.93486
-0.93233
-0.93296
58.5226
-0.93093
-0.93695
-0.93118
-0.93215
-0.9317
-0.92531
-0.93457
-0.9253
-0.92582
-0.93417
-0.92861
-0.92652
-0.92651
-0.92751
-0.93088
-0.92886
-0.9328
-0.93493
-0.93007
-0.93122
-0.93007
-0.92598
-0.92877
-0.92924
-0.94301
-0.93288
-0.93051
-0.93051
-0.93853
-0.92859
-0.92789
-0.93037
-0.93037
-0.93116
-0.94505
-0.92886
-0.94107
-0.94107
-0.92997
-0.93099
-0.92747
-0.93561
-0.94802
-0.94824
-0.95466
-0.92209
-0.9408
-0.93016
-0.92071
-0.93512
-0.93577
-0.91361
-0.93893
-0.91361
-0.95007
-0.92921
-1.0999
-1.1193
0
0
0
-1.2983
0
0
0
0
0
0
0
0
0
0
0
0
0
0
0
0
0
0
0
0
0
0
0
0
0
0
0
0
0
0
0
0
0
0
0
0
0
0
0
0
0
0
0
0
0
0
0
0
0
0
0
0
-0.93512
-0.93262
-0.93328
-0.93093
56.0971
-0.93655
-0.93095
-0.93198
-0.9315
-0.92497
-0.93403
-0.92497
-0.92561
-0.9339
-0.9284
-0.92634
-0.92635
-0.92738
-0.93065
-0.92871
-0.93268
-0.93471
-0.92995
-0.93109
-0.92995
-0.92586
-0.92865
-0.9291
-0.94265
-0.93278
-0.93041
-0.93041
-0.93828
-0.92849
-0.92778
-0.93027
-0.93027
-0.93106
-0.94474
-0.92876
-0.94082
-0.94081
-0.92988
-0.93077
-0.92737
-0.93553
-0.94782
-0.94809
-0.95445
-0.92202
-0.94064
-0.92996
-0.9206
-0.93543
-0.93569
-0.91354
-0.93882
-0.91355
-0.95004
-0.9292
-1.1
0
0
0
0
0
0
0
0
0
0
0
0
0
0
0
0
0
0
0
0
0
0
0
0
0
0
0
0
0
0
0
0
0
0
0
0
0
0
0
0
0
0
0
0
0
0
0
0
0
0
0
0
0
0
0
0
0
-0.94182
-0.93847
-0.93926
-0.93695
-0.93655
59.5224
-0.93665
-0.93754
-0.93715
-0.9307
-0.94013
-0.93071
-0.93129
-0.94009
-0.9339
-0.93192
-0.93193
-0.93293
-0.93587
-0.93432
-0.93826
-0.93993
-0.93551
-0.93672
-0.93552
-0.93136
-0.93422
-0.93494
-0.94787
-0.93838
-0.936
-0.936
-0.94354
-0.93407
-0.93339
-0.93588
-0.93588
-0.93673
-0.95018
-0.93438
-0.94626
-0.94627
-0.93543
-0.93608
-0.93298
-0.94113
-0.95323
-0.95388
-0.95984
-0.92763
-0.94619
-0.93526
-0.92631
-0.94074
-0.94137
-0.91917
-0.94425
-0.91918
-0.95584
-0.93478
0
0
0
0
0
0
0
0
0
0
0
0
0
0
0
0
0
0
0
0
0
0
0
0
0
0
0
0
0
0
0
0
0
0
0
0
0
0
0
0
0
0
0
0
0
0
0
0
-4.1996
0
0
0
0
0
0
0
0
0
-0.93538
-0.93287
-0.93355
-0.93118
-0.93095
-0.93665
56.1783
-0.93208
-0.93156
-0.92508
-0.9342
-0.92508
-0.92533
-0.93402
-0.92852
-0.92646
-0.92646
-0.92748
-0.93079
-0.92858
-0.93279
-0.93487
-0.93006
-0.93121
-0.93007
-0.92611
-0.92876
-0.92947
-0.94279
-0.9329
-0.93053
-0.93052
-0.93837
-0.92859
-0.92791
-0.93039
-0.9304
-0.93121
-0.94492
-0.92888
-0.9409
-0.9409
-0.92999
-0.93088
-0.92748
-0.93567
-0.94797
-0.94804
-0.95448
-0.92209
-0.94103
-0.92997
-0.92077
-0.9356
-0.93586
-0.91363
-0.93911
-0.91364
-0.95012
-0.92933
0
0
0
-1.1739
0
0
0
0
0
0
0
0
0
0
0
0
0
0
0
0
0
0
0
0
0
0
0
0
0
0
0
0
0
0
0
0
0
0
0
0
0
0
0
0
0
0
0
0
0
0
0
0
0
0
0
0
0
0
-0.93631
-0.93384
-0.93541
-0.93215
-0.93198
-0.93754
-0.93208
57.3626
-0.93259
-0.92612
-0.935
-0.92611
-0.9267
-0.93487
-0.92944
-0.92737
-0.92738
-0.92839
-0.93169
-0.92973
-0.93367
-0.93531
-0.93094
-0.93215
-0.93094
-0.92685
-0.92964
-0.93026
-0.94276
-0.93379
-0.93142
-0.93141
-0.93919
-0.92949
-0.92879
-0.93128
-0.93128
-0.93202
-0.94555
-0.92981
-0.94171
-0.9417
-0.93086
-0.9317
-0.92841
-0.93646
-0.9488
-0.94919
-0.95558
-0.92309
-0.94142
-0.93107
-0.92227
-0.93637
-0.93658
-0.91463
-0.93987
-0.91464
-0.9512
-0.93027
0
0
0
0
0
0
0
0
0
0
0
0
0
0
0
0
0
0
0
0
-2.3056
0
0
0
0
0
0
0
0
0
0
0
0
0
0
0
0
0
0
0
0
0
0
0
0
0
0
0
0
0
0
0
0
0
0
0
0
0
-0.9359
-0.93336
-0.93406
-0.9317
-0.9315
-0.93715
-0.93156
-0.93259
56.2959
-0.9256
-0.93471
-0.9256
-0.9262
-0.9345
-0.929
-0.92696
-0.92697
-0.92798
-0.93131
-0.92927
-0.93329
-0.93543
-0.93058
-0.93174
-0.93058
-0.92658
-0.92928
-0.93002
-0.94329
-0.93342
-0.93104
-0.93105
-0.93883
-0.92913
-0.92842
-0.93091
-0.93091
-0.93177
-0.94543
-0.9294
-0.94135
-0.94135
-0.93054
-0.93133
-0.928
-0.93622
-0.94854
-0.94791
-0.95504
-0.92263
-0.94163
-0.93046
-0.92131
-0.93612
-0.93644
-0.91415
-0.93987
-0.91416
-0.95066
-0.92988
0
0
0
0
0
0
0
-1.2612
0
0
0
0
0
0
0
0
0
0
0
0
0
0
0
0
0
0
0
0
0
0
0
0
0
0
0
0
0
0
0
0
0
0
0
0
0
0
0
0
0
0
0
0
0
0
0
0
0
0
-0.92952
-0.92702
-0.92769
-0.92531
-0.92497
-0.9307
-0.92508
-0.92612
-0.9256
54.6584
-0.92828
-0.91914
-0.91976
-0.92815
-0.92254
-0.92065
-0.92067
-0.92159
-0.92467
-0.92288
-0.92684
-0.92872
-0.92413
-0.92524
-0.92413
-0.92004
-0.92281
-0.92345
-0.93661
-0.92691
-0.92456
-0.92456
-0.93235
-0.92266
-0.92195
-0.92442
-0.92442
-0.92519
-0.93877
-0.92291
-0.93488
-0.93487
-0.92403
-0.92492
-0.92153
-0.92963
-0.94184
-0.94213
-0.94845
-0.91618
-0.93478
-0.9241
-0.91481
-0.92953
-0.92983
-0.90774
-0.93292
-0.90775
-0.94406
-0.92334
0
0
0
0
0
0
0
0
0
0
0
0
0
0
0
0
0
0
0
0
0
0
0
0
0
0
0
0
0
0
0
0
0
0
0
0
0
0
0
0
0
0
0
0
0
0
0
0
0
0
0
0
0
0
0
0
0
0
-0.93905
-0.93587
-0.93673
-0.93457
-0.93403
-0.94013
-0.9342
-0.935
-0.93471
-0.92828
58.5588
-0.92828
-0.92878
-0.93724
-0.93121
-0.92927
-0.92927
-0.93027
-0.93298
-0.93169
-0.93558
-0.93708
-0.93285
-0.93401
-0.93284
-0.92865
-0.93154
-0.93228
-0.94487
-0.93572
-0.93334
-0.93334
-0.94104
-0.93141
-0.93071
-0.93321
-0.93321
-0.93407
-0.94732
-0.93172
-0.94337
-0.94337
-0.93274
-0.93328
-0.93033
-0.93844
-0.95044
-0.95145
-0.95697
-0.925
-0.94269
-0.93227
-0.92366
-0.93793
-0.93871
-0.91656
-0.94171
-0.91658
0
0
0
0
0
0
0
0
0
0
0
-1.1636
0
0
0
0
0
0
0
0
0
0
0
0
0
0
0
0
0
0
0
0
0
0
0
0
0
0
0
0
0
0
0
0
0
0
0
0
0
0
0
0
0
0
0
-4.1134
0
0
0
0
-0.92953
-0.92702
-0.9277
-0.9253
-0.92497
-0.93071
-0.92508
-0.92611
-0.9256
-0.91914
-0.92828
54.6584
-0.91976
-0.92815
-0.92254
-0.92066
-0.92066
-0.92159
-0.92466
-0.92289
-0.92683
-0.92872
-0.92413
-0.92525
-0.92413
-0.92004
-0.92281
-0.92344
-0.93663
-0.92692
-0.92456
-0.92455
-0.93234
-0.92265
-0.92195
-0.92442
-0.92443
-0.92519
-0.93877
-0.9229
-0.93487
-0.93488
-0.92402
-0.92492
-0.92153
-0.92963
-0.94184
-0.94213
-0.94845
-0.91618
-0.93478
-0.9241
-0.91482
-0.92954
-0.92983
-0.90774
-0.93293
-0.90775
-0.94406
-0.92334
0
0
0
0
0
0
0
0
0
0
0
0
0
0
0
0
0
0
0
0
0
0
0
0
0
0
0
0
0
0
0
0
0
0
0
0
0
0
0
0
0
0
0
0
0
0
0
0
0
0
0
0
0
0
0
0
0
0
-0.93004
-0.92752
-0.92821
-0.92582
-0.92561
-0.93129
-0.92533
-0.9267
-0.9262
-0.91976
-0.92878
-0.91976
54.9288
-0.92861
-0.92297
-0.9211
-0.9211
-0.92202
-0.92511
-0.92308
-0.92727
-0.92919
-0.92457
-0.92569
-0.92457
-0.92062
-0.92326
-0.92393
-0.93706
-0.92736
-0.925
-0.925
-0.93274
-0.92309
-0.92239
-0.92487
-0.92488
-0.92568
-0.93927
-0.92335
-0.93527
-0.93527
-0.92444
-0.92532
-0.92196
-0.9301
-0.94231
-0.94241
-0.94883
-0.91661
-0.93543
-0.92442
-0.91528
-0.93003
-0.93031
-0.90819
-0.93355
-0.90819
-0.94457
0
0
0
0
-1.1676
0
0
0
0
0
0
0
0
0
0
0
0
0
0
0
0
0
0
0
0
0
0
0
0
0
0
0
0
0
0
0
0
0
0
0
0
0
0
0
0
0
0
0
0
0
0
0
0
0
0
0
0
0
0
-0.93883
-0.93559
-0.93638
-0.93417
-0.9339
-0.94009
-0.93402
-0.93487
-0.9345
-0.92815
-0.93724
-0.92815
-0.92861
58.5062
-0.93114
-0.92914
-0.92915
-0.93013
-0.93288
-0.93152
-0.93545
-0.9369
-0.93272
-0.93388
-0.93272
-0.92856
-0.93141
-0.93208
-0.94485
-0.93557
-0.9332
-0.93319
-0.94059
-0.93127
-0.93058
-0.93308
-0.93308
-0.93388
-0.94723
-0.93158
-0.94338
-0.94337
-0.93261
-0.93323
-0.93019
-0.93823
-0.95028
-0.95104
-0.95696
-0.92487
-0.94322
-0.93246
-0.92349
-0.93741
-0.93851
-0.91645
-0.94147
-0.91646
0
0
0
-1.1229
0
0
0
0
0
0
0
0
0
0
0
0
0
0
0
0
0
0
0
0
0
0
0
0
0
0
0
0
0
0
0
0
0
0
0
0
0
0
0
0
0
0
0
0
0
0
0
0
0
0
0
0
0
-4.1094
0
0
-0.93275
-0.92921
-0.93097
-0.92861
-0.9284
-0.9339
-0.92852
-0.92944
-0.929
-0.92254
-0.93121
-0.92254
-0.92297
-0.93114
55.7962
-0.92379
-0.92379
-0.92478
-0.92774
-0.92611
-0.93007
-0.93196
-0.92737
-0.92849
-0.92736
-0.92326
-0.92605
-0.92672
-0.94013
-0.93016
-0.9278
-0.9278
-0.93561
-0.92589
-0.92518
-0.92766
-0.92767
-0.92844
-0.94219
-0.92615
-0.93822
-0.93821
-0.92725
-0.92813
-0.92476
-0.93285
-0.9451
-0.9453
-0.95172
-0.9194
-0.93783
-0.92729
-0.91805
-0.93278
-0.93312
-0.91096
-0.93583
-0.91098
-0.9475
0
0
0
0
0
0
0
0
0
0
0
0
0
0
0
0
0
0
0
0
0
0
0
0
0
0
0
0
0
0
0
0
0
0
-1.8775
0
0
0
0
0
0
0
0
0
0
0
0
0
0
0
0
0
0
0
0
0
0
0
0
-0.9307
-0.9282
-0.92888
-0.92652
-0.92634
-0.93192
-0.92646
-0.92737
-0.92696
-0.92065
-0.92927
-0.92066
-0.9211
-0.92914
-0.92379
52.8565
-0.92164
-0.92273
-0.92581
-0.92404
-0.928
-0.92984
-0.92529
-0.92641
-0.92529
-0.92121
-0.92397
-0.92459
-0.93772
-0.92808
-0.92572
-0.92571
-0.93349
-0.92381
-0.92311
-0.92558
-0.92559
-0.92634
-0.9399
-0.92407
-0.93601
-0.93601
-0.92515
-0.92606
-0.92268
-0.93079
-0.94298
-0.9433
-0.9496
-0.91731
-0.93593
-0.92524
-0.91597
-0.93069
-0.931
-0.90888
-0.93409
-0.90889
0
0
0
0
0
0
0
0
0
0
0
0
0
0
0
0
0
0
0
0
0
0
0
0
0
0
0
0
0
0
0
0
0
0
0
0
0
0
0
0
0
0
0
0
0
0
0
0
0
0
0
0
0
0
0
0
0
0
0
0
-0.9307
-0.92821
-0.92888
-0.92651
-0.92635
-0.93193
-0.92646
-0.92738
-0.92697
-0.92067
-0.92927
-0.92066
-0.9211
-0.92915
-0.92379
-0.92164
52.8565
-0.92273
-0.92581
-0.92404
-0.928
-0.92985
-0.92529
-0.92641
-0.9253
-0.92121
-0.92397
-0.92459
-0.93772
-0.92808
-0.92572
-0.92571
-0.93349
-0.92381
-0.9231
-0.92558
-0.92559
-0.92633
-0.9399
-0.92406
-0.93601
-0.93601
-0.92516
-0.92605
-0.92268
-0.9308
-0.94297
-0.9433
-0.9496
-0.91732
-0.93593
-0.92524
-0.91597
-0.93068
-0.93101
-0.90888
-0.93408
-0.90888
0
0
0
0
0
0
0
0
0
0
0
0
0
0
0
0
0
0
0
0
0
0
0
0
0
0
0
0
0
0
0
0
0
0
0
0
0
0
0
0
0
0
0
0
0
0
0
0
0
0
0
0
0
0
0
0
0
0
0
0
-0.93168
-0.9292
-0.92988
-0.92751
-0.92738
-0.93293
-0.92748
-0.92839
-0.92798
-0.92159
-0.93027
-0.92159
-0.92202
-0.93013
-0.92478
-0.92273
-0.92273
50.1069
-0.92684
-0.92499
-0.92898
-0.93071
-0.92628
-0.92741
-0.92628
-0.92219
-0.92492
-0.92555
-0.93863
-0.92903
-0.92667
-0.92667
-0.93448
-0.92475
-0.92405
-0.92652
-0.92652
-0.92727
-0.94087
-0.925
-0.93697
-0.93697
-0.92611
-0.92703
-0.92361
-0.93177
-0.94392
-0.94421
-0.95051
-0.91825
0
-0.92618
-0.91687
-0.9316
0
-0.90999
0
-0.91
0
0
0
0
0
0
0
0
0
0
0
0
0
0
0
0
0
0
0
0
0
0
0
0
0
0
0
0
0
0
0
0
0
0
0
0
0
0
0
0
0
0
0
0
0
0
0
0
0
0
0
0
0
0
0
0
0
0
0
0
-0.93483
-0.93239
-0.93327
-0.93088
-0.93065
-0.93587
-0.93079
-0.93169
-0.93131
-0.92467
-0.93298
-0.92466
-0.92511
-0.93288
-0.92774
-0.92581
-0.92581
-0.92684
51.3938
-0.92817
-0.93217
-0.93346
-0.92945
-0.93033
-0.92945
-0.92527
-0.92811
-0.92868
-0.94185
-0.93224
-0.92987
-0.92987
-0.93741
-0.92794
-0.92724
-0.92973
-0.92972
-0.9304
-0.94409
-0.92821
-0.94019
-0.94019
-0.9292
-0.92997
-0.92682
-0.93475
-0.94674
-0.94763
-0.95349
-0.9216
0
-0.92913
0
0
0
0
0
0
0
0
0
0
-1.1924
0
0
0
0
0
0
0
0
0
0
0
0
0
0
0
0
0
0
0
0
0
0
0
0
0
0
0
0
0
0
0
0
0
0
0
0
0
0
0
0
0
0
0
-3.6099
0
0
0
0
0
0
0
0
0
0
0
-0.93306
-0.93055
-0.93122
-0.92886
-0.92871
-0.93432
-0.92858
-0.92973
-0.92927
-0.92288
-0.93169
-0.92289
-0.92308
-0.93152
-0.92611
-0.92404
-0.92404
-0.92499
-0.92817
46.7464
-0.93047
-0.93304
-0.92778
-0.92891
-0.92778
-0.92379
-0.9263
-0.92691
-0.93974
-0.93041
-0.92805
-0.92805
-0.93573
-0.92612
-0.9254
-0.92789
-0.9279
-0.92863
-0.94226
-0.92636
-0.93825
-0.93825
-0.92747
-0.92831
-0.92496
-0.93322
-0.94527
-0.94548
-0.95178
-0.91978
0
0
0
0
0
0
0
0
0
0
0
0
0
-1.1684
0
0
0
0
0
0
0
0
0
0
0
0
0
0
0
0
0
0
0
0
0
0
0
0
0
0
0
0
0
0
0
0
0
0
0
0
0
0
0
0
0
0
0
0
0
0
0
0
0
0
0
0
0
0
-0.937
-0.9345
-0.93515
-0.9328
-0.93268
-0.93826
-0.93279
-0.93367
-0.93329
-0.92684
-0.93558
-0.92683
-0.92727
-0.93545
-0.93007
-0.928
-0.928
-0.92898
-0.93217
-0.93047
43.8691
-0.93638
-0.93204
-0.93332
-0.93204
-0.92779
-0.93033
-0.93112
-0.94436
-0.93453
-0.93216
-0.93216
-0.94007
-0.93021
-0.92948
-0.93198
-0.93198
-0.93288
-0.94649
-0.93044
-0.94255
-0.94255
-0.93163
-0.93254
-0.92905
-0.93733
0
-0.94986
0
-0.92399
0
0
0
0
0
0
0
0
0
0
0
0
0
0
0
0
0
0
0
0
0
0
0
0
0
0
0
0
0
0
0
0
0
0
0
0
0
0
0
0
0
0
0
0
0
0
0
0
0
0
0
0
0
0
0
0
0
0
0
0
0
0
0
0
0
0
0
0
-0.9388
-0.93659
-0.9369
-0.93493
-0.93471
-0.93993
-0.93487
-0.93531
-0.93543
-0.92872
-0.93708
-0.92872
-0.92919
-0.9369
-0.93196
-0.92984
-0.92985
-0.93071
-0.93346
-0.93304
-0.93638
47.6688
-0.9337
-0.93475
-0.9337
-0.9294
-0.9322
-0.93239
-0.94587
-0.93635
-0.93398
-0.93398
-0.94142
-0.93205
-0.93133
-0.93383
-0.93383
-0.93426
-0.94789
-0.9323
-0.94462
-0.94461
-0.93313
-0.9343
-0.93092
0
0
0
0
0
0
0
0
0
0
0
0
0
0
0
0
0
0
0
0
0
-1.3402
0
0
0
0
0
0
0
0
0
0
0
0
0
0
0
0
0
0
-1.6366
0
0
0
0
0
0
0
0
0
0
0
0
0
0
0
0
0
0
0
0
0
0
0
-3.5578
0
0
0
0
0
0
0
0
-0.93424
-0.93178
-0.93242
-0.93007
-0.92995
-0.93551
-0.93006
-0.93094
-0.93058
-0.92413
-0.93285
-0.92413
-0.92457
-0.93272
-0.92737
-0.92529
-0.92529
-0.92628
-0.92945
-0.92778
-0.93204
-0.9337
41.8684
-0.92996
-0.92769
-0.92362
-0.92702
-0.92772
-0.94445
-0.93144
-0.92911
-0.92911
-0.93672
-0.92718
-0.92641
-0.9289
-0.9289
-0.93002
-0.94348
-0.92756
-0.93958
-0.93958
-0.92869
-0.92961
-0.92613
-0.93432
0
0
0
0
0
0
0
0
0
0
0
0
0
0
0
0
0
0
0
0
0
0
0
0
0
0
0
0
0
0
0
0
0
0
0
0
0
0
0
0
0
0
0
0
0
0
0
0
0
0
0
0
0
0
0
0
0
0
0
0
0
0
0
0
0
0
0
0
0
0
0
0
-0.93545
-0.93294
-0.93361
-0.93122
-0.93109
-0.93672
-0.93121
-0.93215
-0.93174
-0.92524
-0.93401
-0.92525
-0.92569
-0.93388
-0.92849
-0.92641
-0.92641
-0.92741
-0.93033
-0.92891
-0.93332
-0.93475
-0.92996
42.174
-0.92997
-0.92479
-0.92818
-0.92891
-0.94552
-0.93262
-0.93031
-0.93031
-0.9379
-0.92836
-0.9276
-0.93009
-0.93009
-0.93113
-0.9446
-0.92874
-0.94079
-0.9408
-0.92983
-0.93081
-0.92731
0
0
0
0
0
0
0
0
0
0
0
0
0
0
0
0
0
-1.1892
0
0
0
0
0
0
0
0
0
0
0
0
0
0
0
0
0
0
0
0
0
0
0
0
0
0
0
0
0
0
0
0
0
0
0
0
0
0
0
0
0
0
0
0
0
0
0
0
0
0
0
0
0
0
0
-0.93424
-0.93177
-0.93241
-0.93007
-0.92995
-0.93552
-0.93007
-0.93094
-0.93058
-0.92413
-0.93284
-0.92413
-0.92457
-0.93272
-0.92736
-0.92529
-0.9253
-0.92628
-0.92945
-0.92778
-0.93204
-0.9337
-0.92769
-0.92997
41.8683
-0.92362
-0.92701
-0.92772
-0.94445
-0.93143
-0.92911
-0.92912
-0.93672
-0.92718
-0.92641
-0.9289
-0.92889
-0.93002
-0.94348
-0.92755
-0.93958
-0.93958
-0.92869
-0.9296
-0.92613
-0.93431
0
0
0
0
0
0
0
0
0
0
0
0
0
0
0
0
0
0
0
0
0
0
0
0
0
0
0
0
0
0
0
0
0
0
0
0
0
0
0
0
0
0
0
0
0
0
0
0
0
0
0
0
0
0
0
0
0
0
0
0
0
0
0
0
0
0
0
0
0
0
0
0
-0.93008
-0.92767
-0.92832
-0.92598
-0.92586
-0.93136
-0.92611
-0.92685
-0.92658
-0.92004
-0.92865
-0.92004
-0.92062
-0.92856
-0.92326
-0.92121
-0.92121
-0.92219
-0.92527
-0.92379
-0.92779
-0.9294
-0.92362
-0.92479
-0.92362
41.5412
-0.92281
-0.92288
-0.94026
-0.9271
-0.92481
-0.92481
-0.93185
-0.92286
-0.92205
-0.92453
-0.92453
-0.92567
-0.93886
-0.92323
-0.93499
-0.93499
-0.92427
-0.92512
-0.92177
0
0
0
0
0
0
0
0
0
0
0
0
0
0
0
0
0
0
0
0
0
0
0
0
0
0
0
0
0
0
-0.79094
0
0
0
0
0
0
0
0
0
0
0
0
0
0
0
0
0
0
0
0
0
0
0
0
0
0
0
0
0
0
0
0
0
0
0
0
0
0
0
0
0
0
-0.93295
-0.93048
-0.93112
-0.92877
-0.92865
-0.93422
-0.92876
-0.92964
-0.92928
-0.92281
-0.93154
-0.92281
-0.92326
-0.93141
-0.92605
-0.92397
-0.92397
-0.92492
-0.92811
-0.9263
-0.93033
-0.9322
-0.92702
-0.92818
-0.92701
-0.92281
39.02
-0.92816
-0.94
-0.93035
-0.92801
-0.92801
-0.93488
-0.92595
-0.92504
-0.92753
-0.92752
-0.92845
-0.94204
-0.92615
-0.9382
-0.93819
0
0
-0.92499
0
0
0
0
0
0
0
0
0
0
0
0
0
0
0
0
0
0
0
0
0
0
0
0
0
0
0
0
0
0
0
0
0
0
0
0
0
0
0
0
0
0
0
0
0
0
0
0
0
0
0
0
0
0
0
0
0
0
0
0
0
0
0
0
0
0
0
0
0
0
0
0
0
-0.93343
-0.93097
-0.93154
-0.92924
-0.9291
-0.93494
-0.92947
-0.93026
-0.93002
-0.92345
-0.93228
-0.92344
-0.92393
-0.93208
-0.92672
-0.92459
-0.92459
-0.92555
-0.92868
-0.92691
-0.93112
-0.93239
-0.92772
-0.92891
-0.92772
-0.92288
-0.92816
39.329
-0.93952
-0.93103
-0.92868
-0.92867
-0.93485
-0.92654
-0.92553
-0.92802
-0.92802
-0.92864
0
-0.92674
0
0
0
0
0
0
0
0
0
0
0
0
-0.91872
0
0
0
0
0
0
0
-1.0937
0
0
0
0
0
0
0
0
0
0
0
0
0
0
0
0
0
0
0
0
0
0
0
0
0
0
0
0
0
0
0
0
0
-2.0202
0
0
0
0
0
0
0
0
0
0
0
0
0
0
0
0
0
0
0
0
0
0
0
-0.94689
-0.94493
-0.94453
-0.94301
-0.94265
-0.94787
-0.94279
-0.94276
-0.94329
-0.93661
-0.94487
-0.93663
-0.93706
-0.94485
-0.94013
-0.93772
-0.93772
-0.93863
-0.94185
-0.93974
-0.94436
-0.94587
-0.94445
-0.94552
-0.94445
-0.94026
-0.94
-0.93952
42.6759
-0.94373
-0.94152
-0.94152
-0.94974
-0.93929
-0.93846
-0.94097
-0.94097
0
0
0
0
0
0
0
0
0
0
0
0
0
0
0
0
0
0
0
0
0
0
0
0
0
0
0
0
0
-1.3539
0
0
0
0
0
0
0
0
0
0
0
0
0
0
0
0
0
0
0
0
0
0
0
0
0
0
0
0
0
0
0
0
0
0
-3.7034
0
0
0
0
0
0
0
0
0
0
0
0
-3.7034
0
0
0
-0.9371
-0.93461
-0.93525
-0.93288
-0.93278
-0.93838
-0.9329
-0.93379
-0.93342
-0.92691
-0.93572
-0.92692
-0.92736
-0.93557
-0.93016
-0.92808
-0.92808
-0.92903
-0.93224
-0.93041
-0.93453
-0.93635
-0.93144
-0.93262
-0.93143
-0.9271
-0.93035
-0.93103
-0.94373
35.4364
-0.93306
-0.93306
-0.94132
-0.93041
-0.92971
-0.93223
-0.93222
-0.93318
0
-0.93102
0
0
0
0
0
0
0
0
0
0
0
0
0
0
0
0
0
0
0
0
0
0
0
0
0
0
0
0
0
0
0
0
0
0
0
0
0
0
0
0
0
0
0
0
0
0
0
0
0
0
0
0
0
0
0
0
0
0
0
0
0
0
0
0
0
0
0
0
0
0
0
0
0
0
0
0
0
0
-0.93471
-0.93223
-0.93288
-0.93051
-0.93041
-0.936
-0.93053
-0.93142
-0.93104
-0.92456
-0.93334
-0.92456
-0.925
-0.9332
-0.9278
-0.92572
-0.92572
-0.92667
-0.92987
-0.92805
-0.93216
-0.93398
-0.92911
-0.93031
-0.92911
-0.92481
-0.92801
-0.92868
-0.94152
-0.93306
34.4165
-0.92962
-0.93967
-0.92648
-0.92686
-0.92936
-0.92936
-0.93014
0
0
0
0
0
0
0
0
0
0
0
0
0
0
0
0
0
0
0
0
0
0
0
0
0
0
0
0
0
0
0
0
0
0
0
0
0
0
0
0
0
0
0
0
0
0
0
0
0
0
0
0
0
0
0
0
0
0
0
0
0
0
0
0
0
0
0
0
0
0
0
0
0
0
0
0
0
0
0
0
-0.93471
-0.93223
-0.93287
-0.93051
-0.93041
-0.936
-0.93052
-0.93141
-0.93105
-0.92456
-0.93334
-0.92455
-0.925
-0.93319
-0.9278
-0.92571
-0.92571
-0.92667
-0.92987
-0.92805
-0.93216
-0.93398
-0.92911
-0.93031
-0.92912
-0.92481
-0.92801
-0.92867
-0.94152
-0.93306
-0.92962
34.4164
-0.93967
-0.92648
-0.92686
-0.92936
-0.92937
-0.93014
0
0
0
0
0
0
0
0
0
0
0
0
0
0
0
0
0
0
0
0
0
0
0
0
0
0
0
0
0
0
0
0
0
0
0
0
0
0
0
0
0
0
0
0
0
0
0
0
0
0
0
0
0
0
0
0
0
0
0
0
0
0
0
0
0
0
0
0
0
0
0
0
0
0
0
0
0
0
0
0
-0.94243
-0.94023
-0.94079
-0.93853
-0.93828
-0.94354
-0.93837
-0.93919
-0.93883
-0.93235
-0.94104
-0.93234
-0.93274
-0.94059
-0.93561
-0.93349
-0.93349
-0.93448
-0.93741
-0.93573
-0.94007
-0.94142
-0.93672
-0.9379
-0.93672
-0.93185
-0.93488
-0.93485
-0.94974
-0.94132
-0.93967
-0.93967
36.8608
-0.93627
0
0
0
0
0
0
0
0
0
0
0
0
0
0
0
0
0
0
0
0
0
0
0
0
0
0
0
0
0
0
0
0
0
0
0
0
0
0
-0.74862
0
0
0
-1.6292
0
0
0
0
0
0
0
0
0
0
0
0
0
0
0
0
0
0
0
0
0
0
0
0
0
0
0
0
0
0
0
0
0
0
-3.5324
0
0
0
0
0
0
-0.93279
-0.93031
-0.93095
-0.92859
-0.92849
-0.93407
-0.92859
-0.92949
-0.92913
-0.92266
-0.93141
-0.92265
-0.92309
-0.93127
-0.92589
-0.92381
-0.92381
-0.92475
-0.92794
-0.92612
-0.93021
-0.93205
-0.92718
-0.92836
-0.92718
-0.92286
-0.92595
-0.92654
-0.93929
-0.93041
-0.92648
-0.92648
-0.93627
33.4146
-0.92479
-0.92734
-0.92735
0
0
0
0
0
0
0
0
0
0
0
0
0
0
0
0
0
0
0
0
0
0
0
0
0
0
0
0
0
0
0
0
0
0
0
0
0
0
0
0
0
0
0
0
0
0
0
0
0
0
0
0
0
0
0
0
0
0
0
0
0
0
0
0
0
0
0
0
0
0
0
0
0
0
0
0
0
0
0
0
0
-0.9321
-0.92959
-0.93025
-0.92789
-0.92778
-0.93339
-0.92791
-0.92879
-0.92842
-0.92195
-0.93071
-0.92195
-0.92239
-0.93058
-0.92518
-0.92311
-0.9231
-0.92405
-0.92724
-0.9254
-0.92948
-0.93133
-0.92641
-0.9276
-0.92641
-0.92205
-0.92504
-0.92553
-0.93846
-0.92971
-0.92686
-0.92686
0
-0.92479
32.4538
-0.92569
-0.9257
0
0
0
0
0
0
0
0
0
0
0
0
0
0
0
0
0
0
0
0
0
0
0
0
0
0
0
0
0
0
0
0
0
0
0
0
0
0
0
0
0
0
0
0
0
0
0
0
0
0
0
0
0
0
0
0
0
0
0
0
0
0
0
0
0
0
0
0
0
0
0
0
0
0
0
0
0
0
0
0
0
-0.93459
-0.93209
-0.93275
-0.93037
-0.93027
-0.93588
-0.93039
-0.93128
-0.93091
-0.92442
-0.93321
-0.92442
-0.92487
-0.93308
-0.92766
-0.92558
-0.92558
-0.92652
-0.92973
-0.92789
-0.93198
-0.93383
-0.9289
-0.93009
-0.9289
-0.92453
-0.92753
-0.92802
-0.94097
-0.93223
-0.92936
-0.92936
0
-0.92734
-0.92569
31.6102
0
0
0
0
0
0
0
0
0
0
0
0
0
0
0
0
0
0
0
0
0
0
0
0
0
0
0
0
0
0
0
0
0
0
0
0
0
0
0
0
0
0
0
0
0
0
0
0
0
0
0
0
0
0
0
0
0
0
0
0
0
0
0
0
0
0
0
0
0
0
0
0
0
0
0
0
0
0
0
0
0
0
-0.93459
-0.93209
-0.93275
-0.93037
-0.93027
-0.93588
-0.9304
-0.93128
-0.93091
-0.92442
-0.93321
-0.92443
-0.92488
-0.93308
-0.92767
-0.92559
-0.92559
-0.92652
-0.92972
-0.9279
-0.93198
-0.93383
-0.9289
-0.93009
-0.92889
-0.92453
-0.92752
-0.92802
-0.94097
-0.93222
-0.92936
-0.92937
0
-0.92735
-0.9257
0
31.6103
0
0
0
0
0
0
0
0
0
0
0
0
0
0
0
0
0
0
0
0
0
0
0
0
0
0
0
0
0
0
0
0
0
0
0
0
0
0
0
0
0
0
0
0
0
0
0
0
0
0
0
0
0
0
0
0
0
0
0
0
0
0
0
0
0
0
0
0
0
0
0
0
0
0
0
0
0
0
0
0
0
-0.93545
-0.93287
-0.9335
-0.93116
-0.93106
-0.93673
-0.93121
-0.93202
-0.93177
-0.92519
-0.93407
-0.92519
-0.92568
-0.93388
-0.92844
-0.92634
-0.92633
-0.92727
-0.9304
-0.92863
-0.93288
-0.93426
-0.93002
-0.93113
-0.93002
-0.92567
-0.92845
-0.92864
0
-0.93318
-0.93014
-0.93014
0
0
0
0
0
30.7792
0
0
0
0
0
0
0
0
0
0
0
0
0
0
0
0
0
0
0
0
0
0
0
0
0
0
0
0
0
0
0
0
0
0
0
0
-1.9374
0
0
0
0
0
0
0
0
0
0
0
0
0
0
0
0
0
0
0
0
0
0
0
0
0
0
0
0
0
0
0
0
0
0
0
0
0
0
0
0
0
0
0
-0.94909
-0.9469
-0.94722
-0.94505
-0.94474
-0.95018
-0.94492
-0.94555
-0.94543
-0.93877
-0.94732
-0.93877
-0.93927
-0.94723
-0.94219
-0.9399
-0.9399
-0.94087
-0.94409
-0.94226
-0.94649
-0.94789
-0.94348
-0.9446
-0.94348
-0.93886
-0.94204
0
0
0
0
0
0
0
0
0
0
0
30.8919
0
0
0
0
0
0
0
0
0
0
0
0
0
0
0
0
0
0
0
0
0
0
0
0
0
0
0
0
0
0
0
0
0
0
0
0
0
0
0
0
0
0
0
0
0
0
0
0
0
0
-2.0264
0
0
0
0
0
0
0
0
0
0
0
0
0
0
0
0
0
0
0
0
0
0
0
0
0
0
-3.379
0
-0.93308
-0.93055
-0.93126
-0.92886
-0.92876
-0.93438
-0.92888
-0.92981
-0.9294
-0.92291
-0.93172
-0.9229
-0.92335
-0.93158
-0.92615
-0.92407
-0.92406
-0.925
-0.92821
-0.92636
-0.93044
-0.9323
-0.92756
-0.92874
-0.92755
-0.92323
-0.92615
-0.92674
0
-0.93102
0
0
0
0
0
0
0
0
0
26.915
0
0
0
0
0
0
0
0
0
0
0
0
0
0
0
0
0
0
0
0
0
0
0
0
0
0
0
0
0
0
0
0
0
0
0
0
0
0
0
0
0
0
0
0
0
0
0
0
0
0
0
0
0
0
0
0
0
0
0
0
0
0
0
0
0
0
0
0
0
0
0
0
0
0
0
0
0
0
-0.94514
-0.94287
-0.94333
-0.94107
-0.94082
-0.94626
-0.9409
-0.94171
-0.94135
-0.93488
-0.94337
-0.93487
-0.93527
-0.94338
-0.93822
-0.93601
-0.93601
-0.93697
-0.94019
-0.93825
-0.94255
-0.94462
-0.93958
-0.94079
-0.93958
-0.93499
-0.9382
0
0
0
0
0
0
0
0
0
0
0
0
0
28.4796
0
0
0
0
0
0
0
0
0
0
0
0
0
0
0
0
0
0
0
0
0
0
0
0
0
0
0
0
0
0
0
0
0
0
0
0
0
0
0
0
0
0
0
0
0
0
0
0
0
0
0
0
0
0
0
0
0
0
0
-3.0984
0
0
0
0
0
0
0
0
0
0
0
0
0
0
0
0
0
-0.94513
-0.94286
-0.94333
-0.94107
-0.94081
-0.94627
-0.9409
-0.9417
-0.94135
-0.93487
-0.94337
-0.93488
-0.93527
-0.94337
-0.93821
-0.93601
-0.93601
-0.93697
-0.94019
-0.93825
-0.94255
-0.94461
-0.93958
-0.9408
-0.93958
-0.93499
-0.93819
0
0
0
0
0
0
0
0
0
0
0
0
0
0
28.4796
0
0
0
0
0
0
0
0
0
0
0
0
0
0
0
0
0
0
0
0
0
0
0
0
0
0
0
0
0
0
0
0
0
0
0
0
0
0
0
0
0
0
0
0
0
0
0
0
0
0
0
0
0
0
0
0
0
0
0
0
0
0
0
0
0
0
0
0
0
0
-3.0984
0
0
0
0
0
-0.93412
-0.93167
-0.93232
-0.92997
-0.92988
-0.93543
-0.92999
-0.93086
-0.93054
-0.92403
-0.93274
-0.92402
-0.92444
-0.93261
-0.92725
-0.92515
-0.92516
-0.92611
-0.9292
-0.92747
-0.93163
-0.93313
-0.92869
-0.92983
-0.92869
-0.92427
0
0
0
0
0
0
0
0
0
0
0
0
0
0
0
0
25.4609
0
0
0
0
0
0
0
0
0
0
0
0
0
0
0
0
0
0
0
0
0
0
0
0
0
0
0
0
0
0
0
0
0
0
0
0
0
0
0
0
0
0
0
0
0
0
0
0
0
-1.3017
0
0
0
0
0
0
0
0
0
0
0
0
0
0
0
0
0
0
0
0
0
0
0
0
0
-0.93491
-0.93268
-0.93325
-0.93099
-0.93077
-0.93608
-0.93088
-0.9317
-0.93133
-0.92492
-0.93328
-0.92492
-0.92532
-0.93323
-0.92813
-0.92606
-0.92605
-0.92703
-0.92997
-0.92831
-0.93254
-0.9343
-0.92961
-0.93081
-0.9296
-0.92512
0
0
0
0
0
0
0
0
0
0
0
0
0
0
0
0
0
26.8566
0
0
0
0
0
0
0
0
0
0
0
0
0
0
0
0
0
0
0
0
0
0
0
0
0
0
0
0
0
0
0
0
0
0
0
0
0
0
0
0
0
0
0
0
0
0
0
0
0
0
0
-2.6748
0
0
0
0
0
0
0
0
0
0
0
0
0
0
0
0
0
0
0
0
0
0
-0.93169
-0.92917
-0.92988
-0.92747
-0.92737
-0.93298
-0.92748
-0.92841
-0.928
-0.92153
-0.93033
-0.92153
-0.92196
-0.93019
-0.92476
-0.92268
-0.92268
-0.92361
-0.92682
-0.92496
-0.92905
-0.93092
-0.92613
-0.92731
-0.92613
-0.92177
-0.92499
0
0
0
0
0
0
0
0
0
0
0
0
0
0
0
0
0
25.0198
0
0
0
0
0
0
0
0
0
0
0
0
0
0
0
0
0
0
0
0
0
0
0
0
0
0
0
0
0
0
0
0
0
0
0
0
0
0
0
0
0
0
0
0
0
0
0
0
0
0
0
0
0
0
0
0
0
0
0
0
0
0
0
0
0
0
0
0
0
0
0
0
0
-0.9398
-0.93727
-0.9379
-0.93561
-0.93553
-0.94113
-0.93567
-0.93646
-0.93622
-0.92963
-0.93844
-0.92963
-0.9301
-0.93823
-0.93285
-0.93079
-0.9308
-0.93177
-0.93475
-0.93322
-0.93733
0
-0.93432
0
-0.93431
0
0
0
0
0
0
0
0
0
0
0
0
0
0
0
0
0
0
0
0
23.1062
0
0
0
0
0
0
0
0
0
0
0
0
0
0
0
0
0
0
0
0
0
0
0
0
0
0
0
0
0
0
0
0
0
0
0
0
0
0
-1.6045
0
0
0
0
0
0
0
0
0
0
0
0
0
0
0
0
0
0
0
0
0
0
0
0
0
0
0
0
0
0
0
0
0
-0.95205
-0.94973
-0.95038
-0.94802
-0.94782
-0.95323
-0.94797
-0.9488
-0.94854
-0.94184
-0.95044
-0.94184
-0.94231
-0.95028
-0.9451
-0.94298
-0.94297
-0.94392
-0.94674
-0.94527
0
0
0
0
0
0
0
0
0
0
0
0
0
0
0
0
0
0
0
0
0
0
0
0
0
0
23.3041
0
0
0
0
0
0
0
0
0
0
0
0
0
0
0
0
0
0
0
0
0
0
0
0
0
0
0
-1.9109
0
0
0
0
0
0
0
0
0
0
0
0
0
0
0
0
0
0
0
0
0
0
0
0
0
0
0
0
0
0
-2.4531
0
0
0
0
0
0
0
0
0
0
0
0
-0.95259
-0.94984
-0.9507
-0.94824
-0.94809
-0.95388
-0.94804
-0.94919
-0.94791
-0.94213
-0.95145
-0.94213
-0.94241
-0.95104
-0.9453
-0.9433
-0.9433
-0.94421
-0.94763
-0.94548
-0.94986
0
0
0
0
0
0
0
0
0
0
0
0
0
0
0
0
0
0
0
0
0
0
0
0
0
0
21.1454
0
0
0
0
0
0
0
0
0
0
0
0
0
0
0
0
0
0
0
-1.2487
0
0
0
0
0
0
0
0
0
0
0
0
0
0
0
0
0
0
0
0
0
0
0
0
0
0
0
0
0
0
0
0
0
0
0
0
0
0
0
0
0
0
0
0
0
0
0
0
0
0
-0.95867
-0.95637
-0.95718
-0.95466
-0.95445
-0.95984
-0.95448
-0.95558
-0.95504
-0.94845
-0.95697
-0.94845
-0.94883
-0.95696
-0.95172
-0.9496
-0.9496
-0.95051
-0.95349
-0.95178
0
0
0
0
0
0
0
0
0
0
0
0
0
0
0
0
0
0
0
0
0
0
0
0
0
0
0
0
21.5352
0
0
0
0
0
0
0
0
0
0
0
0
0
0
0
0
0
0
0
0
0
0
0
0
0
0
0
0
0
0
0
0
0
0
0
0
0
0
0
0
0
0
0
0
0
0
0
0
0
0
-2.4626
0
0
0
0
0
0
0
0
0
0
0
0
0
0
0
0
0
0
-0.92633
-0.92379
-0.92454
-0.92209
-0.92202
-0.92763
-0.92209
-0.92309
-0.92263
-0.91618
-0.925
-0.91618
-0.91661
-0.92487
-0.9194
-0.91731
-0.91732
-0.91825
-0.9216
-0.91978
-0.92399
0
0
0
0
0
0
0
0
0
0
0
0
0
0
0
0
0
0
0
0
0
0
0
0
0
0
0
0
19.3507
0
0
0
0
0
0
0
0
0
0
0
0
0
0
0
0
0
0
0
0
0
0
0
0
0
0
0
0
0
0
0
0
0
0
0
0
0
0
0
0
0
0
0
0
0
0
0
0
0
0
0
0
0
0
0
0
0
0
0
0
0
0
0
0
0
0
0
0
-0.94509
-0.94232
-0.94289
-0.9408
-0.94064
-0.94619
-0.94103
-0.94142
-0.94163
-0.93478
-0.94269
-0.93478
-0.93543
-0.94322
-0.93783
-0.93593
-0.93593
0
0
0
0
0
0
0
0
0
0
0
0
0
0
0
0
0
0
0
0
0
0
0
0
0
0
0
0
0
0
0
0
0
20.9238
0
0
0
0
0
0
0
0
0
0
0
-1.1847
0
-1.4087
0
0
0
0
-1.1489
0
-1.199
0
0
0
0
0
0
0
0
0
0
0
0
0
0
0
0
0
0
0
0
0
0
0
0
0
0
0
0
0
0
0
0
0
0
0
0
0
0
0
0
0
0
0
0
0
0
-0.93408
-0.93184
-0.93261
-0.93016
-0.92996
-0.93526
-0.92997
-0.93107
-0.93046
-0.9241
-0.93227
-0.9241
-0.92442
-0.93246
-0.92729
-0.92524
-0.92524
-0.92618
-0.92913
0
0
0
0
0
0
0
0
0
0
0
0
0
0
0
0
0
0
0
0
0
0
0
0
0
0
0
0
0
0
0
0
19.795
0
0
0
0
0
0
0
0
0
0
0
0
0
0
0
0
0
0
0
0
0
0
0
0
0
0
0
0
0
0
0
0
0
0
0
0
0
0
0
0
0
0
0
0
0
-2.1392
0
0
0
0
0
0
0
0
0
0
0
0
0
0
0
0
0
0
0
0
-0.925
-0.92242
-0.92368
-0.92071
-0.9206
-0.92631
-0.92077
-0.92227
-0.92131
-0.91481
-0.92366
-0.91482
-0.91528
-0.92349
-0.91805
-0.91597
-0.91597
-0.91687
0
0
0
0
0
0
0
0
0
-0.91872
0
0
0
0
0
0
0
0
0
0
0
0
0
0
0
0
0
0
0
0
0
0
0
0
18.9549
0
0
0
0
0
0
0
0
0
0
0
0
0
0
0
-1.4742
0
0
0
0
0
0
0
0
0
0
0
0
0
0
0
0
0
0
0
0
0
0
0
0
0
0
0
0
0
0
0
0
0
0
0
0
0
0
0
0
0
0
0
0
0
0
0
0
0
-0.93903
-0.93682
-0.93741
-0.93512
-0.93543
-0.94074
-0.9356
-0.93637
-0.93612
-0.92953
-0.93793
-0.92954
-0.93003
-0.93741
-0.93278
-0.93069
-0.93068
-0.9316
0
0
0
0
0
0
0
0
0
0
0
0
0
0
0
0
0
0
0
0
0
0
0
0
0
0
0
0
0
0
0
0
0
0
0
20.1446
0
0
0
0
0
0
0
0
0
0
0
0
0
0
0
0
-1.5277
0
0
0
0
0
0
0
0
0
0
0
0
0
0
0
0
0
0
0
0
0
0
0
0
0
0
0
0
0
0
0
0
0
-1.7941
0
0
0
0
0
0
0
0
0
0
0
0
0
-0.94001
-0.9375
-0.93799
-0.93577
-0.93569
-0.94137
-0.93586
-0.93658
-0.93644
-0.92983
-0.93871
-0.92983
-0.93031
-0.93851
-0.93312
-0.931
-0.93101
0
0
0
0
0
0
0
0
0
0
0
0
0
0
0
0
0
0
0
0
0
0
0
0
0
0
0
0
0
0
0
0
0
0
0
0
0
18.1627
0
0
0
0
0
0
0
0
0
0
0
0
0
0
0
0
0
0
0
0
0
-1.5672
0
0
0
0
-0.69599
0
0
0
0
0
0
0
0
0
0
0
0
0
0
0
0
0
0
0
0
0
0
0
0
0
0
0
0
0
0
0
0
0
0
0
0
-0.91786
-0.91531
-0.91606
-0.91361
-0.91354
-0.91917
-0.91363
-0.91463
-0.91415
-0.90774
-0.91656
-0.90774
-0.90819
-0.91645
-0.91096
-0.90888
-0.90888
-0.90999
0
0
0
0
0
0
0
0
0
0
0
0
0
0
0
0
0
0
0
0
0
0
0
0
0
0
0
0
0
0
0
0
0
0
0
0
0
16.4334
0
0
0
0
0
0
0
0
0
0
0
0
0
0
0
0
0
0
0
0
0
0
0
0
0
0
0
0
0
0
0
0
0
0
0
0
0
0
0
0
0
0
0
0
0
0
0
0
0
0
0
0
0
0
0
0
0
0
0
0
0
0
-0.94296
-0.94032
-0.94135
-0.93893
-0.93882
-0.94425
-0.93911
-0.93987
-0.93987
-0.93292
-0.94171
-0.93293
-0.93355
-0.94147
-0.93583
-0.93409
-0.93408
0
0
0
0
0
0
0
0
0
0
0
0
0
0
0
0
0
0
0
0
0
0
0
0
0
0
0
0
0
0
0
0
0
0
0
0
0
0
0
17.1315
0
0
0
0
0
0
0
0
0
0
0
0
0
0
0
0
-1.1794
0
0
0
0
0
0
0
0
0
0
0
0
0
0
0
0
0
0
0
0
0
0
0
0
0
0
0
0
0
0
0
0
0
0
0
0
0
0
0
0
0
0
0
0
-0.91787
-0.91532
-0.91606
-0.91361
-0.91355
-0.91918
-0.91364
-0.91464
-0.91416
-0.90775
-0.91658
-0.90775
-0.90819
-0.91646
-0.91098
-0.90889
-0.90888
-0.91
0
0
0
0
0
0
0
0
0
0
0
0
0
0
0
0
0
0
0
0
0
0
0
0
0
0
0
0
0
0
0
0
0
0
0
0
0
0
0
16.4335
0
0
0
0
0
0
0
0
0
0
0
0
0
0
0
0
0
0
0
0
0
0
0
0
0
0
0
0
0
0
0
0
0
0
0
0
0
0
0
0
0
0
0
0
0
0
0
0
0
0
0
0
0
0
0
0
0
0
0
0
-0.95437
-0.95186
-0.95264
-0.95007
-0.95004
-0.95584
-0.95012
-0.9512
-0.95066
-0.94406
0
-0.94406
-0.94457
0
-0.9475
0
0
0
0
0
0
0
0
0
0
0
0
0
0
0
0
0
0
0
0
0
0
0
0
0
0
0
0
0
0
0
0
0
0
0
0
0
0
0
0
0
0
0
12.347
0
0
0
0
0
0
0
0
0
0
0
0
0
0
0
0
0
0
0
0
0
0
0
0
0
0
0
0
0
0
0
0
0
0
0
0
0
0
0
0
0
0
0
0
0
0
0
0
0
0
0
0
0
0
0
0
0
0
0
-0.93331
-0.9311
-0.93166
-0.92921
-0.9292
-0.93478
-0.92933
-0.93027
-0.92988
-0.92334
0
-0.92334
0
0
0
0
0
0
0
0
0
0
0
0
0
0
0
0
0
0
0
0
0
0
0
0
0
0
0
0
0
0
0
0
0
0
0
0
0
0
0
0
0
0
0
0
0
0
0
11.4714
0
0
0
0
0
0
0
0
0
0
0
0
0
0
0
0
0
0
0
0
0
0
0
0
0
0
0
0
-1.246
0
0
0
0
0
0
0
0
0
0
0
0
0
0
0
0
0
0
0
0
0
0
0
0
0
0
0
0
0
-1.1051
-1.1021
-1.1028
-1.0999
-1.1
0
0
0
0
0
0
0
0
0
0
0
0
0
0
0
0
0
0
0
0
0
0
-1.0937
0
0
0
0
0
0
0
0
0
0
0
0
0
0
0
0
0
0
0
0
0
0
0
0
0
0
0
0
0
0
0
0
7.9176
0
0
0
0
0
0
0
0
0
0
-1.314
0
0
0
0
0
0
0
0
0
0
0
0
0
0
0
0
0
0
0
0
0
0
0
0
0
0
0
0
0
0
0
0
0
0
0
0
0
0
0
0
0
0
0
0
0
0
-1.1239
-1.1218
-1.1216
-1.1193
0
0
0
0
0
0
0
0
0
-1.1229
0
0
0
0
0
0
0
0
0
0
0
0
0
0
0
0
0
0
0
0
0
0
0
0
0
0
0
0
0
0
0
0
0
0
0
0
0
0
0
0
0
0
0
0
0
0
0
7.0284
0
0
0
0
0
0
0
0
-1.419
0
0
0
0
0
0
0
0
0
0
0
0
0
0
0
0
0
0
0
0
0
0
0
0
0
0
0
0
0
0
0
0
0
0
0
0
0
0
0
0
0
0
0
0
0
0
0
0
0
0
0
0
0
0
0
0
0
0
0
0
0
0
0
0
0
-1.1924
0
0
0
0
-1.1892
0
0
0
0
0
0
0
0
0
0
0
0
0
0
0
0
0
0
0
0
0
0
0
0
0
0
-1.1847
0
0
0
0
0
0
0
0
0
0
0
6.0911
0
0
0
0
0
-1.4845
0
0
0
0
0
0
0
0
0
0
0
0
0
0
0
0
0
0
0
0
0
-1.0403
0
0
0
0
0
0
0
0
0
0
0
0
0
0
0
0
0
0
0
0
0
0
0
0
0
0
0
0
0
0
0
0
0
-1.1739
0
0
0
0
0
-1.1676
0
0
0
0
0
0
-1.1684
0
0
0
0
0
0
0
0
0
0
0
0
0
0
0
0
0
0
0
0
0
0
0
0
0
0
0
0
0
0
0
0
0
0
0
0
0
0
0
0
0
0
0
6.1669
0
0
0
-1.3546
0
0
0
0
0
0
0
-1.3024
0
0
0
0
0
0
0
0
0
0
0
0
0
0
0
0
0
0
0
0
0
0
0
0
0
0
0
0
0
0
0
0
0
0
0
0
0
0
0
0
0
0
0
0
0
0
0
0
0
0
0
0
0
0
0
0
0
0
0
0
0
0
0
0
0
0
0
0
0
0
0
0
0
0
0
0
0
0
0
0
0
0
0
0
0
0
0
0
0
0
0
0
-1.4087
0
0
0
0
0
0
0
0
0
0
0
0
0
7.5634
0
0
0
0
0
0
0
0
0
0
0
0
0
0
0
-2.0737
0
0
-2.009
0
0
-2.072
0
0
0
0
0
0
0
0
0
0
0
0
0
0
0
0
0
0
0
0
0
0
0
0
0
0
0
0
0
0
0
-1.3064
-1.3028
-1.3021
-1.2983
0
0
0
0
0
0
0
0
0
0
0
0
0
0
0
0
0
0
0
0
0
0
0
0
0
0
0
0
0
0
0
0
0
0
0
0
0
0
0
0
0
0
0
0
0
0
0
0
0
0
0
0
0
0
0
0
0
0
0
0
0
5.2096
0
0
0
0
0
0
0
0
0
0
0
0
0
0
0
0
0
0
0
0
0
0
0
0
0
0
0
0
0
0
0
0
0
0
0
0
0
0
0
0
0
0
0
0
0
0
0
0
0
0
0
0
0
0
0
0
0
0
0
0
0
0
0
0
0
0
0
0
0
0
0
0
0
-1.3402
0
0
0
0
0
0
-1.3539
0
0
0
0
0
0
0
0
0
0
0
0
0
0
0
0
0
0
0
0
0
0
0
0
0
0
0
0
0
0
0
0
0
0
0
0
0
6.3579
0
-1.6639
0
0
0
0
0
0
0
0
-1.9999
0
0
0
0
0
0
0
0
0
0
0
0
0
0
0
0
0
0
0
0
0
0
0
0
0
0
0
0
0
0
0
0
0
0
0
0
0
0
0
0
0
0
0
0
0
0
0
0
-1.2612
0
0
0
0
0
0
0
0
0
0
0
0
0
0
0
0
0
0
0
0
0
0
0
0
0
0
0
0
0
0
0
0
0
0
0
0
0
0
-1.2487
0
0
0
0
0
0
0
0
0
0
0
0
0
0
0
-1.3546
0
0
0
5.6114
0
0
0
0
0
-1.7469
0
0
0
0
0
0
0
0
0
0
0
0
0
0
0
0
0
0
0
0
0
0
0
0
0
0
0
0
0
0
0
0
0
0
0
0
0
0
0
0
0
0
0
0
0
0
0
0
0
0
0
0
0
0
0
0
0
0
0
0
0
0
0
0
0
0
0
0
0
0
0
0
0
0
0
0
0
0
0
0
0
0
0
0
0
0
0
0
0
0
0
0
0
0
0
0
-1.4742
0
0
0
0
0
0
0
0
0
-1.4845
0
0
0
-1.6639
0
7.0703
0
0
0
0
0
0
0
0
0
0
0
0
0
0
0
0
0
0
0
0
0
0
0
0
0
0
0
-2.4477
0
0
0
0
0
0
0
0
0
0
0
0
0
0
0
0
0
0
0
0
0
0
0
0
0
0
0
0
0
0
0
-1.1636
0
0
0
0
0
0
0
0
0
0
0
0
0
0
0
0
0
0
0
0
0
0
0
0
0
0
0
0
0
0
0
0
0
0
0
0
0
0
0
-1.1489
0
0
0
0
0
0
0
0
0
0
0
0
0
0
0
0
0
0
5.0776
0
0
-1.3709
-1.3942
0
0
0
0
0
0
0
0
0
0
0
0
0
0
0
0
0
0
0
0
0
0
0
0
0
0
0
0
0
0
0
0
0
0
0
0
0
0
0
0
0
0
0
0
0
0
0
0
0
0
0
0
0
0
0
0
0
0
0
0
0
0
0
0
0
0
0
0
0
0
0
0
0
0
0
0
0
0
0
0
0
0
0
0
0
0
0
0
0
0
0
0
0
0
0
0
0
-1.5277
0
0
0
0
0
0
0
-1.419
0
0
0
0
0
0
0
0
6.6047
0
0
0
0
0
0
0
-1.8303
-1.8278
0
0
0
0
0
0
0
0
0
0
0
0
0
0
0
0
0
0
0
0
0
0
0
0
0
0
0
0
0
0
0
0
0
0
0
0
0
0
0
0
0
0
0
0
0
0
0
0
0
0
0
0
0
0
0
0
0
0
0
0
0
0
0
0
0
0
0
0
0
0
0
0
0
0
0
0
0
0
0
0
0
0
0
0
0
0
0
0
-1.199
0
0
0
0
0
0
0
0
0
-1.314
0
0
0
0
0
0
0
0
0
0
4.2426
0
0
0
0
0
0
0
0
0
0
0
0
0
0
0
0
0
0
0
0
0
0
0
0
0
0
-1.7297
0
0
0
0
0
0
0
0
0
0
0
0
0
0
0
0
0
0
0
0
0
0
0
0
0
0
0
0
0
0
0
0
0
0
0
0
0
0
0
0
0
0
0
0
0
0
0
0
0
0
0
-0.74862
0
0
0
0
0
0
0
0
0
0
0
0
0
0
0
0
0
0
0
0
0
0
0
0
0
0
0
0
0
0
0
0
0
0
0
0
-1.3709
0
0
2.9352
0
0
0
0
0
0
0
0
0
0
0
0
0
0
0
0
0
0
0
0
0
0
0
0
0
0
0
0
0
0
-0.81571
0
0
0
0
0
0
0
0
0
0
0
0
0
0
0
0
0
0
0
0
0
0
0
0
0
0
0
0
0
0
0
0
0
0
0
0
0
0
0
0
0
0
0
0
0
0
0
0
0
0
0
0
0
0
0
0
0
0
0
0
0
0
0
0
0
0
0
0
0
0
-1.1794
0
0
0
0
0
0
0
0
0
0
-1.7469
0
-1.3942
0
0
0
4.3205
0
0
0
0
0
0
0
0
0
0
0
0
0
0
0
0
0
0
0
0
0
0
0
0
0
0
0
0
0
0
0
0
0
0
0
0
0
0
0
0
0
0
0
0
0
0
0
0
0
0
0
0
0
0
0
0
0
0
0
0
0
0
0
0
0
0
0
0
0
0
0
0
0
0
0
0
0
0
0
0
0
-1.9374
0
0
0
0
0
0
0
0
-1.9109
0
0
0
0
0
0
0
0
0
0
0
0
0
0
0
0
0
0
0
0
0
0
0
0
0
0
0
6.5423
0
0
0
0
0
0
0
0
0
0
0
0
0
0
0
0
0
0
0
0
0
0
0
0
0
0
0
0
0
0
0
0
0
0
0
0
0
0
0
0
0
0
-2.694
0
0
0
0
0
0
0
0
0
0
0
0
0
0
0
0
0
0
0
0
0
0
0
0
0
-0.79094
0
0
0
0
0
0
0
0
0
0
0
0
0
0
0
0
0
0
0
0
0
0
0
0
0
0
0
0
0
0
0
0
0
0
0
0
0
-1.3024
0
0
0
0
0
0
0
0
0
0
0
2.4665
0
0
0
0
0
0
0
0
0
0
0
0
0
0
0
0
0
0
0
0
0
0
0
0
0
0
0
0
0
0
0
-0.37322
0
0
0
0
0
0
0
0
0
0
0
0
0
0
0
0
0
0
0
0
0
0
0
0
0
0
0
0
0
0
0
0
0
0
0
0
0
0
0
0
0
0
-1.6292
0
0
0
0
0
0
0
0
0
0
0
0
0
0
0
0
0
0
0
0
0
-1.5672
0
0
0
0
0
0
0
0
0
0
0
0
0
0
0
0
0
0
0
0
0
5.4492
0
0
0
0
0
0
0
0
0
0
0
0
0
0
0
0
0
0
0
0
0
0
0
0
0
-2.2528
0
0
0
0
0
0
0
0
0
0
0
0
0
0
0
0
0
0
0
0
0
0
0
0
0
0
0
0
0
0
0
0
0
0
0
0
0
0
0
0
0
0
0
0
0
0
0
0
0
0
0
0
0
0
0
0
0
0
0
0
0
0
0
0
0
0
0
0
0
0
0
0
0
0
0
0
0
0
0
0
0
-1.9999
0
0
0
0
0
0
0
0
0
0
4.0613
0
0
0
0
0
-2.0614
0
0
0
0
0
0
0
0
0
0
0
0
0
0
0
0
0
0
0
0
0
0
0
0
0
0
0
0
0
0
0
0
0
0
0
0
0
0
0
0
0
0
0
0
0
0
0
0
0
0
0
0
0
0
0
0
0
0
0
0
0
0
0
0
0
0
0
0
0
0
0
0
0
0
0
0
0
0
0
0
0
0
0
0
0
0
0
0
0
0
0
0
0
0
0
0
0
0
0
0
0
0
0
0
-1.8303
0
0
0
0
0
0
0
3.8114
0
0
0
0
0
0
0
0
0
0
0
0
0
0
0
-1.9811
0
0
0
0
0
0
0
0
0
0
0
0
0
0
0
0
0
0
0
0
0
0
0
0
0
0
0
0
0
0
0
0
0
0
0
0
0
0
0
0
0
0
0
0
0
0
0
0
0
0
0
0
0
0
0
0
0
0
0
0
0
0
0
0
0
0
0
0
0
0
0
0
0
0
0
0
0
0
0
0
0
0
0
0
0
0
0
0
0
0
0
0
0
-1.8278
0
0
0
0
0
0
0
0
3.8154
0
0
0
0
0
0
0
0
0
-1.9876
0
0
0
0
0
0
0
0
0
0
0
0
0
0
0
0
0
0
0
0
0
0
0
0
0
0
0
0
0
0
0
0
0
0
0
-2.3056
0
0
0
0
0
0
0
0
0
0
0
0
0
0
0
0
0
0
0
0
0
0
0
0
0
0
0
0
0
0
0
0
0
0
0
0
0
0
0
0
0
0
0
0
0
0
0
0
0
0
0
0
0
0
0
0
-2.0737
0
0
0
0
0
0
0
0
0
0
0
0
0
0
0
4.3793
0
0
0
0
0
0
0
0
0
0
0
0
0
0
0
0
0
0
0
0
0
0
0
0
0
0
0
0
0
0
0
0
0
0
0
0
0
0
0
0
0
0
0
0
0
0
0
0
0
0
0
0
0
0
0
0
0
0
0
0
0
0
0
0
0
0
0
0
0
0
0
0
0
0
0
0
0
0
0
0
0
0
0
0
0
0
0
0
0
0
0
-0.69599
0
0
0
0
0
0
0
0
0
0
0
0
0
0
0
0
0
0
0
0
0
0
0
0
0
0
2.3809
0
0
0
0
0
-1.6849
0
0
0
0
0
0
0
0
0
0
0
0
0
0
0
0
0
0
0
0
0
0
0
0
0
0
0
0
0
0
0
0
0
0
0
0
0
0
0
0
0
0
0
0
0
0
0
0
0
0
0
0
0
0
0
0
0
0
0
0
0
0
0
0
0
0
0
0
0
0
0
0
0
0
0
0
0
0
0
0
0
0
0
0
0
0
0
0
0
0
0
0
0
0
0
0
0
0
0
0
0
0
0
0
0
0
0
0
0
0
0
0
3.4757
0
0
0
0
0
-1.7437
0
0
0
-1.7319
0
0
0
0
0
0
0
0
0
0
0
0
0
0
0
0
0
0
0
0
0
0
0
0
0
0
0
0
0
0
0
0
0
0
0
0
0
0
0
0
0
0
0
0
0
0
0
0
0
0
0
0
0
0
0
0
0
0
0
0
0
0
0
0
0
0
0
0
0
0
0
0
0
0
0
0
0
0
0
0
0
0
0
0
0
0
0
0
0
-2.009
0
0
0
0
0
0
0
0
0
0
0
0
-2.0614
0
0
0
0
0
4.0704
0
0
0
0
0
0
0
0
0
0
0
0
0
0
0
0
0
0
0
0
0
0
0
0
0
0
0
0
0
0
0
0
0
0
0
0
0
0
0
0
0
0
0
0
0
0
0
0
0
0
0
0
0
0
0
0
0
0
0
0
0
0
0
0
0
0
0
0
0
0
0
0
0
0
0
0
0
0
0
-1.6045
0
0
0
0
0
0
0
0
0
0
0
0
0
0
0
0
0
0
0
0
0
0
0
0
0
0
0
0
0
0
0
0
0
0
0
0
0
0
3.6519
0
0
0
0
0
0
-2.0474
0
0
0
0
0
0
0
0
0
0
0
0
0
0
0
0
0
0
0
0
0
0
0
0
0
0
0
0
0
0
0
0
0
0
0
0
0
0
0
0
0
0
0
0
0
0
0
-1.6366
0
0
0
0
0
0
0
0
0
0
0
0
0
0
0
0
0
0
0
0
0
0
0
0
0
0
0
0
0
0
0
0
0
0
0
0
0
0
0
0
0
0
0
0
0
0
0
0
0
0
0
0
0
0
0
0
0
0
0
0
0
0
0
3.6741
0
0
0
0
0
-2.0375
0
0
0
0
0
0
0
0
0
0
0
0
0
0
0
0
0
0
0
0
0
0
0
0
0
0
0
0
-2.3162
0
0
0
0
0
0
0
0
0
0
0
0
0
0
0
0
0
0
0
0
0
0
0
0
0
0
0
0
0
0
0
0
0
0
0
0
0
0
0
0
0
0
0
0
0
0
0
0
0
0
0
0
0
0
0
0
0
0
0
0
0
-2.072
0
0
0
0
0
0
0
0
0
0
0
0
0
0
0
0
0
0
0
0
0
4.3882
0
0
0
0
0
0
0
0
0
0
0
0
0
0
0
0
0
0
0
0
0
0
0
0
0
0
0
0
0
0
0
0
0
0
0
0
0
0
0
0
0
0
0
0
0
0
0
0
0
0
0
0
0
0
0
0
0
0
0
0
0
0
0
0
0
0
0
0
0
0
0
0
0
0
0
0
0
0
0
0
0
0
0
0
0
0
0
0
0
0
0
0
0
0
0
0
0
0
0
0
0
0
0
0
0
0
0
0
0
0
0
0
-1.6849
0
0
0
0
0
3.586
0
0
-1.9011
0
0
0
0
0
0
0
0
0
0
0
0
0
0
0
0
0
0
0
0
0
0
0
0
0
0
0
0
0
0
0
0
0
0
0
0
0
0
0
0
0
0
0
0
0
0
0
0
0
0
0
0
0
0
0
0
0
0
0
0
0
0
0
0
0
0
0
0
0
0
0
0
0
0
0
0
0
0
0
0
0
0
0
0
0
0
-1.246
0
0
0
0
0
0
0
0
0
0
0
0
0
0
0
0
0
0
0
0
0
0
-1.7437
0
0
0
0
0
2.9897
0
0
0
0
0
0
0
0
0
0
0
0
0
0
0
0
0
0
0
0
0
0
0
0
0
0
0
0
0
0
0
0
0
0
0
0
0
0
0
0
0
0
0
0
0
0
0
0
0
0
0
0
0
0
0
0
0
0
0
0
0
0
0
0
0
0
0
-2.0264
0
0
0
0
0
0
0
0
0
0
0
0
0
0
0
0
0
0
0
0
0
0
0
0
0
0
0
0
0
0
0
0
0
0
0
0
0
0
0
0
-1.9876
0
0
0
0
0
0
0
0
0
4.014
0
0
0
0
0
0
0
0
0
0
0
0
0
0
0
0
0
0
0
0
0
0
0
0
0
0
0
0
0
0
0
0
0
0
0
0
0
0
0
0
0
0
0
0
0
0
0
0
0
0
0
0
0
0
0
0
0
0
0
0
0
0
0
0
0
0
0
0
0
0
0
0
0
0
0
0
0
0
0
0
0
0
0
0
0
0
0
0
0
0
-1.0403
0
0
0
0
0
0
0
0
0
0
0
0
0
0
0
0
0
0
0
0
0
0
0
0
-1.9011
0
0
2.9414
0
0
0
0
0
0
0
0
0
0
0
0
0
0
0
0
0
0
0
0
0
0
0
0
0
0
0
0
0
0
0
0
0
0
0
0
0
0
0
0
0
0
0
0
0
0
0
0
0
0
0
0
0
0
0
0
0
0
0
0
0
0
0
0
0
0
0
0
0
0
0
0
0
0
0
0
0
0
0
0
0
0
0
0
0
0
0
0
0
0
0
0
0
0
0
0
0
0
0
0
0
0
0
0
0
0
0
0
0
0
0
-2.0474
-2.0375
0
0
0
0
0
4.0849
0
0
0
0
0
0
0
0
0
0
0
0
0
0
0
0
0
0
0
0
0
0
0
0
0
0
0
0
0
0
0
0
0
0
0
0
0
0
0
0
0
0
0
0
0
0
0
0
0
0
0
0
0
0
0
0
0
0
0
0
0
0
0
0
0
0
0
0
-1.3017
0
0
0
0
0
0
0
0
0
0
0
0
0
0
0
0
0
0
0
0
0
0
0
0
0
0
0
0
0
0
0
0
0
0
0
0
0
0
0
-1.7319
0
0
0
0
0
0
0
0
0
3.0336
0
0
0
0
0
0
0
0
0
0
0
0
0
0
0
0
0
0
0
0
0
0
0
0
0
0
-1.8896
0
0
0
0
0
0
0
0
0
0
0
0
-1.8775
0
0
0
0
0
0
0
0
0
0
0
0
0
0
0
0
0
0
0
0
0
0
0
0
0
0
0
0
0
0
0
0
0
0
0
0
0
0
0
0
0
0
0
0
0
0
0
0
0
0
0
0
0
0
0
0
0
0
0
0
0
0
0
0
0
0
0
0
0
0
0
0
0
0
0
0
0
0
3.7671
0
0
0
0
0
0
0
0
0
0
0
0
0
0
0
0
0
0
0
0
0
0
0
0
0
0
0
0
0
0
0
0
0
0
0
0
0
0
0
0
0
0
0
0
0
0
0
0
0
0
0
-2.0202
0
0
0
0
0
0
0
0
0
0
0
0
0
0
0
0
0
0
0
0
0
0
0
0
0
0
0
0
0
0
0
0
0
0
0
0
0
0
0
0
0
0
0
0
0
0
0
0
0
0
-1.9811
0
0
0
0
0
0
0
0
0
0
0
0
0
0
0
4.0013
0
0
0
0
0
0
0
0
0
0
0
0
0
0
0
0
0
0
0
0
0
0
0
0
0
0
0
0
0
0
0
0
0
0
0
0
0
0
0
0
0
0
0
0
0
0
0
0
0
0
0
0
0
0
0
0
0
0
0
0
0
0
0
0
0
0
-2.6748
0
0
0
0
0
0
0
0
0
0
0
0
0
0
0
0
0
0
0
0
0
0
0
0
0
0
0
0
0
0
0
0
0
0
0
0
0
0
0
0
0
0
0
0
0
0
0
0
0
0
0
2.6748
0
0
0
0
0
0
0
0
0
0
0
0
0
0
0
0
0
0
0
0
0
0
0
0
0
0
0
0
0
0
0
0
0
0
0
0
0
0
0
0
0
0
0
0
0
0
0
0
0
0
0
0
0
0
0
0
0
0
0
0
0
0
0
0
0
0
0
0
0
0
0
0
0
0
0
0
0
0
0
0
0
0
0
0
0
0
0
0
0
0
-2.4477
0
0
0
0
0
0
0
0
0
0
0
0
0
0
0
0
0
0
0
0
0
0
0
0
0
0
0
2.4477
0
0
0
0
0
0
0
0
0
0
0
0
0
0
0
0
0
0
0
0
0
0
0
0
0
0
0
0
0
0
0
0
0
0
0
0
0
0
0
0
0
0
0
0
0
0
0
0
0
0
0
0
0
0
0
0
0
0
0
0
0
0
0
0
0
0
0
0
0
0
0
0
-2.1392
0
0
0
0
0
0
0
0
0
0
0
0
0
0
0
0
0
0
0
0
0
0
0
0
0
0
0
0
0
0
0
0
0
0
0
0
0
0
0
0
0
0
0
0
0
2.1392
0
0
0
0
0
0
0
0
0
0
0
0
0
0
0
0
0
0
0
0
0
0
0
0
0
0
0
0
0
0
0
0
0
0
0
0
0
0
0
0
0
0
0
0
0
0
0
0
0
0
0
0
0
0
0
0
0
0
0
0
0
0
0
0
0
0
0
0
0
0
0
0
0
0
0
0
0
0
0
0
0
0
0
0
0
0
0
0
0
0
0
-1.7297
0
0
0
0
0
0
0
0
0
0
0
0
0
0
0
0
0
0
0
0
0
0
0
0
0
0
1.7297
0
0
0
0
0
0
0
0
0
0
0
0
0
0
0
0
0
0
0
0
0
0
0
0
0
0
0
0
0
0
0
0
0
0
0
0
0
0
0
0
0
0
0
0
0
0
0
0
0
0
0
0
0
0
0
0
0
0
0
0
0
0
0
0
0
0
0
-2.4626
0
0
0
0
0
0
0
0
0
0
0
0
0
0
0
0
0
0
0
0
0
0
0
0
0
0
0
0
0
0
0
0
0
0
0
0
0
0
0
0
0
0
0
0
0
0
0
0
0
0
2.4626
0
0
0
0
0
0
0
0
0
0
0
0
0
0
0
0
0
0
0
0
0
0
0
0
0
0
0
0
0
0
0
0
0
0
0
0
0
0
0
0
0
0
0
0
0
0
0
0
0
0
0
0
0
0
0
0
0
0
-3.0984
0
0
0
0
0
0
0
0
0
0
0
0
0
0
0
0
0
0
0
0
0
0
0
0
0
0
0
0
0
0
0
0
0
0
0
0
0
0
0
0
0
0
0
0
0
0
0
0
0
0
0
0
0
0
0
0
0
0
0
3.0984
0
0
0
0
0
0
0
0
0
0
0
0
0
0
0
0
0
0
0
0
0
0
0
0
0
0
0
0
0
0
0
0
0
0
0
0
0
0
0
0
0
0
0
0
0
-3.7034
0
0
0
0
0
0
0
0
0
0
0
0
0
0
0
0
0
0
0
0
0
0
0
0
0
0
0
0
0
0
0
0
0
0
0
0
0
0
0
0
0
0
0
0
0
0
0
0
0
0
0
0
0
0
0
0
0
0
0
0
0
0
0
0
0
0
0
0
0
0
0
0
3.7034
0
0
0
0
0
0
0
0
0
0
0
0
0
0
0
0
0
0
0
0
0
0
0
0
0
0
0
0
0
0
0
0
0
0
0
0
0
0
0
0
0
0
0
0
0
0
0
0
0
0
0
0
0
0
0
0
0
0
0
0
0
0
0
0
0
0
0
0
0
0
0
0
0
0
0
0
0
0
0
0
0
0
0
0
0
0
0
0
0
0
0
0
-2.2528
0
0
0
0
0
0
0
0
0
0
0
0
0
0
0
0
0
0
0
0
0
0
0
0
0
2.2528
0
0
0
0
0
0
0
0
0
0
0
0
0
0
0
0
0
0
0
0
0
0
0
0
0
0
0
0
0
0
0
0
0
0
0
0
0
0
0
0
0
0
0
0
0
0
0
0
0
0
0
0
0
0
0
0
0
0
0
0
0
0
0
0
0
0
0
0
0
0
0
0
0
0
0
0
0
0
0
0
0
0
0
0
0
0
0
-0.81571
0
0
0
0
0
0
0
0
0
0
0
0
0
0
0
0
0
0
0
0
0
0
0
0
0
0
0
0
0
0
0.81571
0
0
0
0
0
0
0
0
0
0
0
0
0
0
0
0
0
0
0
0
0
0
0
0
0
0
0
0
0
0
0
0
0
0
0
0
0
0
0
0
0
0
0
0
0
0
0
0
0
0
0
0
0
0
0
0
0
0
0
0
0
0
0
0
0
0
0
-1.7941
0
0
0
0
0
0
0
0
0
0
0
0
0
0
0
0
0
0
0
0
0
0
0
0
0
0
0
0
0
0
0
0
0
0
0
0
0
0
0
0
0
0
0
0
0
0
0
0
0
0
1.7941
0
0
0
0
0
0
0
0
0
0
0
0
0
0
0
0
0
0
0
0
0
0
0
0
0
0
0
0
0
0
0
0
0
0
0
0
0
0
0
0
0
0
0
0
0
0
0
0
0
0
0
0
0
0
0
0
0
0
0
-2.4531
0
0
0
0
0
0
0
0
0
0
0
0
0
0
0
0
0
0
0
0
0
0
0
0
0
0
0
0
0
0
0
0
0
0
0
0
0
0
0
0
0
0
0
0
0
0
0
0
0
0
0
0
0
0
0
0
0
0
2.4531
0
0
0
0
0
0
0
0
0
0
0
0
0
0
0
0
0
0
0
0
0
0
0
0
0
0
0
0
0
0
-3.6099
0
0
0
0
0
0
0
0
0
0
0
0
0
0
0
0
0
0
0
0
0
0
0
0
0
0
0
0
0
0
0
0
0
0
0
0
0
0
0
0
0
0
0
0
0
0
0
0
0
0
0
0
0
0
0
0
0
0
0
0
0
0
0
0
0
0
0
0
0
0
0
0
0
0
0
0
0
0
0
0
0
0
0
0
0
0
0
3.6099
0
0
0
0
0
0
0
0
0
0
0
0
0
0
0
0
0
0
0
0
0
0
0
0
0
0
0
0
0
0
0
0
0
0
0
0
0
0
0
0
0
0
0
0
0
0
0
0
0
0
0
0
0
0
0
0
0
0
0
0
0
0
0
0
0
0
0
0
0
0
0
0
0
0
0
0
0
0
0
0
0
0
0
0
0
0
-0.37322
0
0
0
0
0
0
0
0
0
0
0
0
0
0
0
0
0
0
0
0
0
0
0
0
0
0
0
0
0
0
0
0.37322
0
0
0
0
0
0
0
0
0
0
0
0
0
0
0
-4.1996
0
0
0
0
0
0
0
0
0
0
0
0
0
0
0
0
0
0
0
0
0
0
0
0
0
0
0
0
0
0
0
0
0
0
0
0
0
0
0
0
0
0
0
0
0
0
0
0
0
0
0
0
0
0
0
0
0
0
0
0
0
0
0
0
0
0
0
0
0
0
0
0
0
0
0
0
0
0
0
0
0
0
0
0
0
0
0
0
0
0
0
0
0
0
0
0
0
0
0
0
0
0
4.1996
0
0
0
0
0
0
0
0
0
0
0
0
0
0
0
0
0
0
0
0
0
0
0
0
0
0
0
0
0
0
-3.5578
0
0
0
0
0
0
0
0
0
0
0
0
0
0
0
0
0
0
0
0
0
0
0
0
0
0
0
0
0
0
0
0
0
0
0
0
0
0
0
0
0
0
0
0
0
0
0
0
0
0
0
0
0
0
0
0
0
0
0
0
0
0
0
0
0
0
0
0
0
0
0
0
0
0
0
0
0
0
0
0
0
0
0
0
0
0
0
3.5578
0
0
0
0
0
0
0
0
-4.2945
0
0
0
0
0
0
0
0
0
0
0
0
0
0
0
0
0
0
0
0
0
0
0
0
0
0
0
0
0
0
0
0
0
0
0
0
0
0
0
0
0
0
0
0
0
0
0
0
0
0
0
0
0
0
0
0
0
0
0
0
0
0
0
0
0
0
0
0
0
0
0
0
0
0
0
0
0
0
0
0
0
0
0
0
0
0
0
0
0
0
0
0
0
0
0
0
0
0
0
0
0
0
0
0
0
0
0
0
0
4.2945
0
0
0
0
0
0
0
0
0
0
0
0
0
0
0
0
0
0
0
0
0
0
0
0
0
0
0
0
0
0
0
0
0
0
0
0
0
0
0
-3.5324
0
0
0
0
0
0
0
0
0
0
0
0
0
0
0
0
0
0
0
0
0
0
0
0
0
0
0
0
0
0
0
0
0
0
0
0
0
0
0
0
0
0
0
0
0
0
0
0
0
0
0
0
0
0
0
0
0
0
0
0
0
0
0
0
0
0
0
0
0
0
0
0
0
0
0
0
0
0
3.5324
0
0
0
0
0
0
0
0
0
0
0
0
0
0
0
0
0
0
0
0
0
0
0
0
0
0
0
0
0
0
0
0
0
0
0
0
0
0
0
0
0
0
0
0
0
0
0
-3.0984
0
0
0
0
0
0
0
0
0
0
0
0
0
0
0
0
0
0
0
0
0
0
0
0
0
0
0
0
0
0
0
0
0
0
0
0
0
0
0
0
0
0
0
0
0
0
0
0
0
0
0
0
0
0
0
0
0
0
0
0
0
0
0
0
0
0
0
0
0
0
3.0984
0
0
0
0
0
0
0
0
0
0
0
0
0
0
0
-4.1134
0
0
0
0
0
0
0
0
0
0
0
0
0
0
0
0
0
0
0
0
0
0
0
0
0
0
0
0
0
0
0
0
0
0
0
0
0
0
0
0
0
0
0
0
0
0
0
0
0
0
0
0
0
0
0
0
0
0
0
0
0
0
0
0
0
0
0
0
0
0
0
0
0
0
0
0
0
0
0
0
0
0
0
0
0
0
0
0
0
0
0
0
0
0
0
0
0
0
0
0
0
0
4.1134
0
0
0
0
0
0
0
0
0
0
0
0
0
0
0
0
0
0
0
0
0
0
0
0
0
0
0
0
0
0
0
0
-3.7034
0
0
0
0
0
0
0
0
0
0
0
0
0
0
0
0
0
0
0
0
0
0
0
0
0
0
0
0
0
0
0
0
0
0
0
0
0
0
0
0
0
0
0
0
0
0
0
0
0
0
0
0
0
0
0
0
0
0
0
0
0
0
0
0
0
0
0
0
0
0
0
0
0
0
0
0
0
0
0
0
0
0
0
0
0
3.7034
0
0
0
0
0
0
0
0
0
0
0
0
0
0
0
0
-4.1094
0
0
0
0
0
0
0
0
0
0
0
0
0
0
0
0
0
0
0
0
0
0
0
0
0
0
0
0
0
0
0
0
0
0
0
0
0
0
0
0
0
0
0
0
0
0
0
0
0
0
0
0
0
0
0
0
0
0
0
0
0
0
0
0
0
0
0
0
0
0
0
0
0
0
0
0
0
0
0
0
0
0
0
0
0
0
0
0
0
0
0
0
0
0
0
0
0
0
0
0
0
4.1094
0
0
0
0
0
0
0
0
0
0
0
0
0
0
0
0
0
0
0
0
0
0
0
0
0
0
0
0
0
0
0
0
0
0
0
0
0
0
0
0
-3.379
0
0
0
0
0
0
0
0
0
0
0
0
0
0
0
0
0
0
0
0
0
0
0
0
0
0
0
0
0
0
0
0
0
0
0
0
0
0
0
0
0
0
0
0
0
0
0
0
0
0
0
0
0
0
0
0
0
0
0
0
0
0
0
0
0
0
0
0
0
0
0
0
0
0
0
0
0
3.379
0
0
0
0
0
0
0
0
0
0
0
0
0
0
0
0
0
0
0
0
0
0
0
0
0
0
0
0
0
0
0
0
0
0
0
0
0
0
0
0
0
0
0
0
0
0
0
0
0
0
0
0
0
0
0
0
0
0
0
0
0
0
0
0
0
0
0
0
0
0
0
0
0
0
0
-2.694
0
0
0
0
0
0
0
0
0
0
0
0
0
0
0
0
0
0
0
0
0
0
0
0
0
0
0
0
0
0
0
0
0
0
0
0
0
0
0
0
0
0
2.694
