62.3462
-0.77918
-0.80289
-0.77703
-0.76095
-0.86095
-0.777
-0.79283
-0.79334
-0.74437
-0.8229
-0.74437
-0.75838
-0.81603
-0.79159
-0.74348
-0.74349
-0.75416
-0.81685
-0.77009
-0.80753
-0.82851
-0.75829
-0.79949
-0.7582
-0.7714
-0.76795
-0.77721
-0.87105
-0.82191
-0.81114
-0.81113
-0.87647
-0.81685
-0.78387
-0.78203
-0.78203
-0.83511
-0.91166
-0.885
-0.8819
-0.88184
-0.84506
-0.83071
-0.82095
-0.88167
-0.93418
-0.87135
-0.89073
-0.90223
-0.82481
-0.85681
-0.83193
-0.85286
-0.84886
-0.90229
-0.90658
-0.96925
-1.1933
-1.0836
-1.6738
-1.7436
0
0
0
-2.2799
0
0
0
0
0
0
0
0
0
0
0
0
0
0
0
0
0
0
0
0
0
0
0
0
0
0
0
0
0
0
0
0
0
0
0
0
0
0
0
0
0
0
0
0
-7.5313
0
0
0
0
0
0
0
-0.77918
57.4915
-0.77173
-0.75338
-0.73439
-0.80182
-0.74951
-0.76385
-0.76566
-0.71733
-0.78436
-0.71733
-0.73089
-0.77521
-0.74703
-0.71625
-0.71626
-0.72685
-0.78378
-0.74226
-0.77958
-0.79584
-0.73092
-0.77177
-0.73083
-0.74289
-0.74048
-0.74977
-0.83875
-0.79406
-0.78345
-0.78343
-0.8429
-0.78911
-0.75666
-0.75484
-0.75484
-0.80652
-0.87817
-0.85693
-0.85087
-0.85082
-0.81728
-0.80084
-0.79362
-0.85343
-0.90283
-0.84309
-0.86088
-0.87483
-0.79539
-0.82794
-0.80593
-0.82395
-0.82143
-0.87569
-0.87739
-0.9419
-1.1681
-1.0596
-1.6685
-1.7375
0
0
0
-2.316
0
0
0
0
0
0
0
0
0
0
0
0
0
0
0
0
0
0
0
0
0
0
0
0
0
0
0
-4.365
0
0
0
0
0
0
0
0
0
0
0
0
0
0
0
0
0
0
0
0
0
0
0
0
-0.80289
-0.77173
58.8983
-0.77024
-0.75275
-0.82596
-0.76842
-0.78216
-0.78505
-0.73593
-0.80617
-0.73593
-0.74971
-0.79625
-0.78748
-0.73498
-0.73499
-0.74598
-0.80576
-0.76141
-0.79914
-0.81498
-0.74995
-0.79168
-0.74986
-0.76188
-0.7596
-0.76721
-0.85624
-0.81379
-0.80305
-0.80302
-0.86281
-0.80877
-0.77605
-0.77421
-0.77421
-0.82596
-0.89657
-0.87737
-0.87061
-0.87056
-0.83675
-0.82103
-0.81356
-0.87311
-0.92322
-0.8645
-0.88253
-0.89563
-0.80188
-0.85011
-0.83279
-0.84273
-0.83857
-0.8964
-0.89988
-0.96319
-1.1911
-1.077
-1.6823
-1.7519
0
0
0
-2.3237
0
0
0
0
0
0
0
0
0
0
0
0
0
0
0
0
0
0
0
0
-4.5751
0
0
0
0
0
0
0
0
0
0
0
0
0
0
0
0
0
0
0
0
0
0
0
0
0
0
0
0
0
0
0
-0.77703
-0.75338
-0.77024
52.8369
-0.72858
-0.79873
-0.74492
-0.75714
-0.76182
-0.71212
-0.78004
-0.71213
-0.7259
-0.7716
-0.76339
-0.71134
-0.71134
-0.722
-0.78067
-0.73773
-0.77487
-0.79281
-0.72624
-0.76655
-0.72615
-0.73873
-0.73568
-0.7448
-0.83639
-0.78909
-0.77849
-0.77849
-0.83921
-0.78416
-0.7517
-0.74986
-0.74986
-0.8017
-0.87476
-0.85188
-0.84749
-0.84744
-0.81275
-0.79751
-0.7885
-0.84925
-0.89955
-0.83932
-0.85776
-0.86959
-0.7905
-0.82501
-0.7995
-0.8202
-0.81603
-0.8702
-0.8748
-0.9366
-1.1623
-1.0512
-1.654
-1.7235
0
0
0
-2.2923
0
0
0
0
0
0
0
0
0
0
0
0
0
0
0
0
0
0
0
0
0
0
0
0
0
0
0
0
0
0
0
0
0
0
0
0
0
0
0
0
0
0
0
0
0
0
0
0
0
0
0
0
-0.76095
-0.73439
-0.75275
-0.72858
47.4322
-0.77319
-0.71604
-0.73514
-0.73426
-0.68952
-0.75563
-0.68952
-0.70267
-0.74893
-0.73913
-0.68884
-0.68885
-0.69931
-0.75675
-0.71462
-0.75149
-0.7718
-0.70336
-0.74323
-0.70327
-0.71551
-0.71251
-0.71973
-0.80936
-0.76534
-0.75486
-0.75485
-0.81388
-0.76049
-0.72832
-0.72651
-0.7265
-0.77732
-0.84757
-0.82746
-0.82254
-0.82249
-0.78917
-0.77323
-0.76481
-0.82566
-0.87426
-0.81519
-0.83307
-0.84545
-0.76832
-0.8006
-0.7764
-0.80289
-0.79332
-0.84615
-0.85039
-0.91217
-1.1367
-1.0266
-1.6304
0
0
0
0
0
0
0
0
0
0
0
0
0
0
0
0
0
0
0
0
0
0
0
0
0
0
0
0
0
0
0
0
0
0
0
0
0
0
0
0
0
0
0
0
0
0
0
0
0
0
0
0
0
0
0
0
0
-0.86095
-0.80182
-0.82596
-0.79873
-0.77319
57.4498
-0.78677
-0.80177
-0.80325
-0.75363
-0.8335
-0.75364
-0.76779
-0.82863
-0.80137
-0.75278
-0.7528
-0.76347
-0.82638
-0.77942
-0.81705
-0.83906
-0.76764
-0.80916
-0.76755
-0.781
-0.77715
-0.78886
-0.88108
-0.83135
-0.82056
-0.82055
-0.88665
-0.82628
-0.79311
-0.79127
-0.79128
-0.84481
-0.92056
-0.89463
-0.89156
-0.89152
-0.85531
-0.84023
-0.83021
-0.89207
-0.94442
-0.88072
-0.90026
-0.91166
-0.83844
-0.86603
-0.84217
-0.87046
-0.85991
-0.91158
-0.91578
-0.97903
-1.2036
-1.0949
0
0
0
0
0
0
0
0
0
0
0
0
0
0
0
0
0
0
0
0
0
0
0
0
0
0
0
0
0
0
0
0
0
0
0
0
0
0
0
0
0
0
0
0
0
0
0
0
-7.7146
0
0
0
0
0
0
0
0
0
-0.777
-0.74951
-0.76842
-0.74492
-0.71604
-0.78677
48.5239
-0.74927
-0.7476
-0.70117
-0.76877
-0.70117
-0.71067
-0.76212
-0.75328
-0.70114
-0.70115
-0.71196
-0.77088
-0.7247
-0.76487
-0.78847
-0.71661
-0.75669
-0.71653
-0.72673
-0.72579
-0.73656
-0.82593
-0.77905
-0.76853
-0.7685
-0.82813
-0.77416
-0.74185
-0.74002
-0.74002
-0.79204
-0.8624
-0.84162
-0.83643
-0.83638
-0.80323
-0.78605
-0.77844
-0.84069
-0.88891
-0.82522
-0.8458
-0.85966
-0.78312
-0.8134
-0.79085
-0.81728
-0.80769
-0.86045
-0.86396
-0.92687
-1.1525
-1.0424
0
0
0
-1.9235
0
0
0
0
0
0
0
0
0
0
0
0
0
0
0
0
0
0
0
0
0
0
0
0
0
0
0
0
0
0
0
0
0
0
0
0
0
0
0
0
0
0
0
0
0
0
0
0
0
0
0
0
0
0
-0.79283
-0.76385
-0.78216
-0.75714
-0.73514
-0.80177
-0.74927
51.9505
-0.7668
-0.71617
-0.78257
-0.71616
-0.72984
-0.77578
-0.76795
-0.71533
-0.71535
-0.72623
-0.78505
-0.74142
-0.77898
-0.79472
-0.73028
-0.77167
-0.73018
-0.7418
-0.7396
-0.74934
-0.83458
-0.79333
-0.78272
-0.7827
-0.8415
-0.7884
-0.75593
-0.75409
-0.7541
-0.80543
-0.87419
-0.85651
-0.84913
-0.84908
-0.81673
-0.80018
-0.79308
-0.85344
-0.90187
-0.84406
-0.86117
-0.8747
-0.78328
-0.82897
-0.8138
-0.82753
-0.81907
-0.87541
-0.87879
-0.942
-1.1685
-1.0557
0
0
0
0
0
0
0
0
0
0
0
0
0
0
0
0
0
0
0
0
-4.5331
0
0
0
0
0
0
0
0
0
0
0
0
0
0
0
0
0
0
0
0
0
0
0
0
0
0
0
0
0
0
0
0
0
0
0
0
0
-0.79334
-0.76566
-0.78505
-0.76182
-0.73426
-0.80325
-0.7476
-0.7668
49.9171
-0.7171
-0.78585
-0.7171
-0.7294
-0.77851
-0.77104
-0.71715
-0.71716
-0.72829
-0.78774
-0.74251
-0.78175
-0.80377
-0.73326
-0.77375
-0.73317
-0.74474
-0.74253
-0.75362
-0.84496
-0.79633
-0.78572
-0.78571
-0.84665
-0.7914
-0.75884
-0.757
-0.75701
-0.8097
-0.8801
-0.85938
-0.85379
-0.85374
-0.82073
-0.8032
-0.79579
-0.85844
-0.90702
-0.8359
-0.86325
-0.87722
-0.80061
-0.82993
-0.80804
-0.83466
-0.82558
-0.87823
-0.87542
-0.94502
-1.1715
-1.0613
0
0
0
0
0
0
0
-2.3286
0
0
0
0
0
0
0
0
0
0
0
0
0
0
0
0
0
0
0
0
0
0
0
0
0
0
0
0
0
0
0
0
0
0
0
0
0
0
0
0
0
0
0
0
0
0
0
0
0
0
-0.74437
-0.71733
-0.73593
-0.71212
-0.68952
-0.75363
-0.70117
-0.71617
-0.7171
44.6819
-0.73665
-0.661
-0.68481
-0.73
-0.72024
-0.67042
-0.67043
-0.68052
-0.73777
-0.69553
-0.73217
-0.75094
-0.68466
-0.72391
-0.68457
-0.69644
-0.6935
-0.70328
-0.79429
-0.74564
-0.73539
-0.73538
-0.79287
-0.74096
-0.70904
-0.70721
-0.70721
-0.75801
-0.82713
-0.80748
-0.80235
-0.8023
-0.76962
-0.75354
-0.74522
-0.80581
-0.85407
-0.79505
-0.81262
-0.82522
-0.75044
-0.78048
-0.75714
-0.78323
-0.77373
-0.82578
-0.82971
-0.89143
-1.1142
-1.0052
0
0
0
0
0
0
0
0
0
0
0
0
0
0
0
0
0
0
0
0
0
0
0
0
0
0
0
0
0
0
0
0
0
0
0
0
0
0
0
0
0
0
0
0
0
0
0
0
0
0
0
0
0
0
0
0
0
0
-0.8229
-0.78436
-0.80617
-0.78004
-0.75563
-0.8335
-0.76877
-0.78257
-0.78585
-0.73665
55.3612
-0.73665
-0.74948
-0.79454
-0.78477
-0.73396
-0.73397
-0.7447
-0.80156
-0.76004
-0.79789
-0.81421
-0.74879
-0.78959
-0.7487
-0.75917
-0.75823
-0.7695
-0.8558
-0.81227
-0.80159
-0.80158
-0.86227
-0.80728
-0.77455
-0.7727
-0.77271
-0.82533
-0.8953
-0.87552
-0.86819
-0.86815
-0.8347
-0.81777
-0.81169
-0.87368
-0.92143
-0.8649
-0.87756
-0.89348
-0.80718
-0.84403
-0.8239
-0.8483
-0.84108
-0.89413
-0.89608
-0.9614
0
0
0
0
0
0
0
0
0
0
0
-1.9691
0
0
0
0
0
0
0
0
0
0
0
0
0
0
0
0
0
0
0
0
0
0
0
0
0
0
0
0
0
0
0
0
0
0
0
0
0
0
0
0
0
0
0
-7.1054
0
0
0
0
-0.74437
-0.71733
-0.73593
-0.71213
-0.68952
-0.75364
-0.70117
-0.71616
-0.7171
-0.661
-0.73665
44.682
-0.6848
-0.73
-0.72024
-0.67042
-0.67043
-0.68051
-0.73776
-0.69554
-0.73217
-0.75094
-0.68466
-0.72392
-0.68457
-0.69644
-0.6935
-0.70328
-0.7943
-0.74564
-0.73539
-0.73538
-0.79287
-0.74096
-0.70904
-0.70721
-0.70722
-0.75801
-0.82713
-0.80748
-0.80235
-0.80231
-0.76962
-0.75353
-0.74522
-0.80582
-0.85407
-0.79505
-0.81262
-0.82523
-0.75044
-0.78049
-0.75715
-0.78323
-0.77373
-0.82578
-0.82972
-0.89143
-1.1141
-1.0052
0
0
0
0
0
0
0
0
0
0
0
0
0
0
0
0
0
0
0
0
0
0
0
0
0
0
0
0
0
0
0
0
0
0
0
0
0
0
0
0
0
0
0
0
0
0
0
0
0
0
0
0
0
0
0
0
0
0
-0.75838
-0.73089
-0.74971
-0.7259
-0.70267
-0.76779
-0.71067
-0.72984
-0.7294
-0.68481
-0.74948
-0.6848
46.3486
-0.74294
-0.73312
-0.68351
-0.68352
-0.69381
-0.7501
-0.70628
-0.74583
-0.76454
-0.698
-0.73752
-0.69791
-0.70784
-0.707
-0.71759
-0.80391
-0.75961
-0.74923
-0.74922
-0.80762
-0.75482
-0.72274
-0.72092
-0.72093
-0.77229
-0.84176
-0.8216
-0.81622
-0.81619
-0.7816
-0.76638
-0.75895
-0.8207
-0.86821
-0.80494
-0.82545
-0.83955
-0.76357
-0.79341
-0.77134
-0.79761
-0.78819
-0.8404
-0.84366
-0.90637
-1.1305
0
0
0
0
-1.8968
0
0
0
0
0
0
0
0
0
0
0
0
0
0
0
0
0
0
0
0
0
0
0
0
0
0
0
0
0
0
0
0
0
0
0
0
0
0
0
0
0
0
0
0
0
0
0
0
0
0
0
0
0
0
-0.81603
-0.77521
-0.79625
-0.7716
-0.74893
-0.82863
-0.76212
-0.77578
-0.77851
-0.73
-0.79454
-0.73
-0.74294
54.8008
-0.77801
-0.72736
-0.72736
-0.73787
-0.79508
-0.75339
-0.79085
-0.807
-0.74198
-0.78276
-0.7419
-0.75373
-0.75138
-0.76376
-0.84849
-0.80509
-0.79445
-0.79443
-0.85458
-0.80012
-0.76748
-0.76563
-0.76564
-0.81809
-0.88995
-0.86815
-0.86187
-0.86182
-0.82742
-0.81168
-0.80436
-0.86555
-0.91494
-0.85537
-0.87178
-0.88581
-0.80837
-0.83853
-0.81625
-0.83565
-0.8328
-0.88625
-0.88941
-0.95327
0
0
0
-1.7399
0
0
0
0
0
0
0
0
0
0
0
0
0
0
0
0
0
0
0
0
0
0
0
0
0
0
0
0
0
0
0
0
0
0
0
0
0
0
0
0
0
0
0
0
0
0
0
0
0
0
0
0
0
-7.1647
0
0
-0.79159
-0.74703
-0.78748
-0.76339
-0.73913
-0.80137
-0.75328
-0.76795
-0.77104
-0.72024
-0.78477
-0.72024
-0.73312
-0.77801
50.8863
-0.71898
-0.71899
-0.72977
-0.78704
-0.74529
-0.78295
-0.80104
-0.73425
-0.77536
-0.73416
-0.74601
-0.74361
-0.75444
-0.8426
-0.79738
-0.7868
-0.78679
-0.8461
-0.79249
-0.76
-0.75816
-0.75816
-0.81013
-0.87989
-0.86051
-0.85367
-0.85363
-0.81962
-0.80378
-0.79705
-0.85813
-0.90649
-0.84657
-0.86377
-0.87864
-0.80252
-0.83075
-0.81071
-0.8344
-0.82685
-0.87962
-0.88041
-0.94626
-1.1727
0
0
0
0
0
0
0
0
0
0
0
0
0
0
0
0
0
0
0
0
0
0
0
0
0
0
0
0
0
0
0
0
0
0
-4.3112
0
0
0
0
0
0
0
0
0
0
0
0
0
0
0
0
0
0
0
0
0
0
0
0
-0.74348
-0.71625
-0.73498
-0.71134
-0.68884
-0.75278
-0.70114
-0.71533
-0.71715
-0.67042
-0.73396
-0.67042
-0.68351
-0.72736
-0.71898
42.4456
-0.65557
-0.67812
-0.73494
-0.69332
-0.73006
-0.74734
-0.68254
-0.72163
-0.68245
-0.69424
-0.69119
-0.70106
-0.79174
-0.74325
-0.73306
-0.73303
-0.79014
-0.73862
-0.70666
-0.70483
-0.70483
-0.7557
-0.82463
-0.80502
-0.8
-0.79996
-0.76535
-0.75128
-0.74272
-0.8037
-0.85207
-0.79269
-0.81039
-0.82273
-0.74879
-0.7783
-0.75487
-0.78153
-0.772
-0.82291
-0.8273
-0.88907
0
0
0
0
0
0
0
0
0
0
0
0
0
0
0
0
0
0
0
0
0
0
0
0
0
0
0
0
0
0
0
0
0
0
0
0
0
0
0
0
0
0
0
0
0
0
0
0
0
0
0
0
0
0
0
0
0
0
0
0
-0.74349
-0.71626
-0.73499
-0.71134
-0.68885
-0.7528
-0.70115
-0.71535
-0.71716
-0.67043
-0.73397
-0.67043
-0.68352
-0.72736
-0.71899
-0.65557
42.4459
-0.67813
-0.73494
-0.69333
-0.73006
-0.74735
-0.68255
-0.72163
-0.68245
-0.69426
-0.6912
-0.70107
-0.79174
-0.74326
-0.73305
-0.73303
-0.79014
-0.73862
-0.70665
-0.70483
-0.70484
-0.7557
-0.82463
-0.80502
-0.80001
-0.79997
-0.76536
-0.75128
-0.74273
-0.80371
-0.85207
-0.79269
-0.8104
-0.82274
-0.74879
-0.77831
-0.75487
-0.78153
-0.77202
-0.82291
-0.82731
-0.88907
0
0
0
0
0
0
0
0
0
0
0
0
0
0
0
0
0
0
0
0
0
0
0
0
0
0
0
0
0
0
0
0
0
0
0
0
0
0
0
0
0
0
0
0
0
0
0
0
0
0
0
0
0
0
0
0
0
0
0
0
-0.75416
-0.72685
-0.74598
-0.722
-0.69931
-0.76347
-0.71196
-0.72623
-0.72829
-0.68052
-0.7447
-0.68051
-0.69381
-0.73787
-0.72977
-0.67812
-0.67813
40.6629
-0.74373
-0.7044
-0.74129
-0.75616
-0.69304
-0.73264
-0.69294
-0.70486
-0.70128
-0.71145
-0.79932
-0.75356
-0.74333
-0.74333
-0.80108
-0.74896
-0.71673
-0.7149
-0.7149
-0.76551
-0.83539
-0.81541
-0.8106
-0.81055
-0.77567
-0.76173
-0.75281
-0.81401
-0.86296
-0.80369
-0.82105
-0.83392
0
-0.78912
-0.76514
-0.793
0
-0.83331
0
-0.89949
0
0
0
0
0
0
0
0
0
0
0
0
0
0
0
0
0
0
0
0
0
0
0
0
0
0
0
0
0
0
0
0
0
0
0
0
0
0
0
0
0
0
0
0
0
0
0
0
0
0
0
0
0
0
0
0
0
0
0
0
-0.81685
-0.78378
-0.80576
-0.78067
-0.75675
-0.82638
-0.77088
-0.78505
-0.78774
-0.73777
-0.80156
-0.73776
-0.7501
-0.79508
-0.78704
-0.73494
-0.73494
-0.74373
48.8001
-0.75777
-0.79593
-0.82018
-0.74695
-0.78287
-0.74686
-0.75864
-0.75596
-0.76706
-0.85183
-0.80964
-0.7991
-0.79909
-0.85981
-0.80489
-0.77203
-0.77018
-0.77017
-0.82141
-0.89351
-0.87299
-0.86574
-0.8657
-0.83192
-0.81569
-0.80942
-0.87083
-0.91842
-0.86023
-0.87542
-0.89213
0
-0.84326
0
0
0
0
0
0
0
0
0
0
-2.0837
0
0
0
0
0
0
0
0
0
0
0
0
0
0
0
0
0
0
0
0
0
0
0
0
0
0
0
0
0
0
0
0
0
0
0
0
0
0
0
0
0
0
0
-6.574
0
0
0
0
0
0
0
0
0
0
0
-0.77009
-0.74226
-0.76141
-0.73773
-0.71462
-0.77942
-0.7247
-0.74142
-0.74251
-0.69553
-0.76004
-0.69554
-0.70628
-0.75339
-0.74529
-0.69332
-0.69333
-0.7044
-0.75777
39.1922
-0.75767
-0.77012
-0.70827
-0.7481
-0.70818
-0.71747
-0.71572
-0.72674
-0.81401
-0.76844
-0.75823
-0.75821
-0.81779
-0.76398
-0.73158
-0.72976
-0.72976
-0.78003
-0.85113
-0.83094
-0.82618
-0.82613
-0.79104
-0.77622
-0.76856
-0.83012
-0.87787
-0.81393
-0.8346
-0.84944
0
0
0
0
0
0
0
0
0
0
0
0
0
-1.8929
0
0
0
0
0
0
0
0
0
0
0
0
0
0
0
0
0
0
0
0
0
0
0
0
0
0
0
0
0
0
0
0
0
0
0
0
0
0
0
0
0
0
0
0
0
0
0
0
0
0
0
0
0
0
-0.80753
-0.77958
-0.79914
-0.77487
-0.75149
-0.81705
-0.76487
-0.77898
-0.78175
-0.73217
-0.79789
-0.73217
-0.74583
-0.79085
-0.78295
-0.73006
-0.73006
-0.74129
-0.79593
-0.75767
37.3851
-0.80604
-0.74519
-0.78821
-0.74509
-0.75747
-0.75238
-0.76932
-0.84612
-0.80815
-0.79776
-0.79776
-0.86379
-0.80261
-0.76998
-0.76818
-0.76818
-0.82526
-0.89617
-0.87131
-0.86831
-0.86827
-0.83137
-0.81765
-0.80889
-0.86995
0
-0.8599
0
-0.8896
0
0
0
0
0
0
0
0
0
0
0
0
0
0
0
0
0
0
0
0
0
0
0
0
0
0
0
0
0
0
0
0
0
0
0
0
0
0
0
0
0
0
0
0
0
0
0
0
0
0
0
0
0
0
0
0
0
0
0
0
0
0
0
0
0
0
0
0
-0.82851
-0.79584
-0.81498
-0.79281
-0.7718
-0.83906
-0.78847
-0.79472
-0.80377
-0.75094
-0.81421
-0.75094
-0.76454
-0.807
-0.80104
-0.74734
-0.74735
-0.75616
-0.82018
-0.77012
-0.80604
48.239
-0.757
-0.79666
-0.75691
-0.7694
-0.76548
-0.76886
-0.85224
-0.81908
-0.80875
-0.80873
-0.86215
-0.81391
-0.7811
-0.77921
-0.77922
-0.83507
-0.89109
-0.88191
-0.87859
-0.87853
-0.83622
-0.82837
-0.81961
0
0
0
0
0
0
0
0
0
0
0
0
0
0
0
0
0
0
0
0
0
-2.1054
0
0
0
0
0
0
0
0
0
0
0
0
0
0
0
0
0
0
-4.3382
0
0
0
0
0
0
0
0
0
0
0
0
0
0
0
0
0
0
0
0
0
0
0
-6.4615
0
0
0
0
0
0
0
0
-0.75829
-0.73092
-0.74995
-0.72624
-0.70336
-0.76764
-0.71661
-0.73028
-0.73326
-0.68466
-0.74879
-0.68466
-0.698
-0.74198
-0.73425
-0.68254
-0.68255
-0.69304
-0.74695
-0.70827
-0.74519
-0.757
33.37
-0.73743
-0.66129
-0.70217
-0.69686
-0.72523
-0.8037
-0.75201
-0.74316
-0.74315
-0.81968
-0.74753
-0.7172
-0.71536
-0.71537
-0.77056
-0.83823
-0.81644
-0.81361
-0.81356
-0.77743
-0.76429
-0.75612
-0.81516
0
0
0
0
0
0
0
0
0
0
0
0
0
0
0
0
0
0
0
0
0
0
0
0
0
0
0
0
0
0
0
0
0
0
0
0
0
0
0
0
0
0
0
0
0
0
0
0
0
0
0
0
0
0
0
0
0
0
0
0
0
0
0
0
0
0
0
0
0
0
0
0
-0.79949
-0.77177
-0.79168
-0.76655
-0.74323
-0.80916
-0.75669
-0.77167
-0.77375
-0.72391
-0.78959
-0.72392
-0.73752
-0.78276
-0.77536
-0.72163
-0.72163
-0.73264
-0.78287
-0.7481
-0.78821
-0.79666
-0.73743
36.4377
-0.73734
-0.74465
-0.74191
-0.7577
-0.8394
-0.79773
-0.7879
-0.78789
-0.85891
-0.79274
-0.76088
-0.75907
-0.75908
-0.81493
-0.88342
-0.8611
-0.85851
-0.85847
-0.81911
-0.80842
-0.79956
0
0
0
0
0
0
0
0
0
0
0
0
0
0
0
0
0
-2.0628
0
0
0
0
0
0
0
0
0
0
0
0
0
0
0
0
0
0
0
0
0
0
0
0
0
0
0
0
0
0
0
0
0
0
0
0
0
0
0
0
0
0
0
0
0
0
0
0
0
0
0
0
0
0
0
-0.7582
-0.73083
-0.74986
-0.72615
-0.70327
-0.76755
-0.71653
-0.73018
-0.73317
-0.68457
-0.7487
-0.68457
-0.69791
-0.7419
-0.73416
-0.68245
-0.68245
-0.69294
-0.74686
-0.70818
-0.74509
-0.75691
-0.66129
-0.73734
33.3657
-0.70205
-0.69677
-0.72513
-0.80361
-0.75191
-0.74306
-0.74305
-0.81958
-0.74743
-0.71711
-0.71527
-0.71526
-0.77046
-0.8381
-0.81634
-0.8135
-0.81345
-0.77732
-0.76419
-0.75601
-0.81506
0
0
0
0
0
0
0
0
0
0
0
0
0
0
0
0
0
0
0
0
0
0
0
0
0
0
0
0
0
0
0
0
0
0
0
0
0
0
0
0
0
0
0
0
0
0
0
0
0
0
0
0
0
0
0
0
0
0
0
0
0
0
0
0
0
0
0
0
0
0
0
0
-0.7714
-0.74289
-0.76188
-0.73873
-0.71551
-0.781
-0.72673
-0.7418
-0.74474
-0.69644
-0.75917
-0.69644
-0.70784
-0.75373
-0.74601
-0.69424
-0.69426
-0.70486
-0.75864
-0.71747
-0.75747
-0.7694
-0.70217
-0.74465
-0.70205
35.6834
-0.71251
-0.72133
-0.81695
-0.76636
-0.75712
-0.75711
-0.82959
-0.76189
-0.73085
-0.72902
-0.72902
-0.78523
-0.84918
-0.83
-0.82606
-0.82601
-0.78804
-0.77479
-0.76892
0
0
0
0
0
0
0
0
0
0
0
0
0
0
0
0
0
0
0
0
0
0
0
0
0
0
0
0
0
0
-2.5939
0
0
0
0
0
0
0
0
0
0
0
0
0
0
0
0
0
0
0
0
0
0
0
0
0
0
0
0
0
0
0
0
0
0
0
0
0
0
0
0
0
0
-0.76795
-0.74048
-0.7596
-0.73568
-0.71251
-0.77715
-0.72579
-0.7396
-0.74253
-0.6935
-0.75823
-0.6935
-0.707
-0.75138
-0.74361
-0.69119
-0.6912
-0.70128
-0.75596
-0.71572
-0.75238
-0.76548
-0.69686
-0.74191
-0.69677
-0.71251
31.3971
-0.7217
-0.80807
-0.76595
-0.75696
-0.75695
-0.81188
-0.76064
-0.72764
-0.72562
-0.72562
-0.78298
-0.83271
-0.82612
-0.82883
-0.82879
0
0
-0.76693
0
0
0
0
0
0
0
0
0
0
0
0
0
0
0
0
0
0
0
0
0
0
0
0
0
0
0
0
0
0
0
0
0
0
0
0
0
0
0
0
0
0
0
0
0
0
0
0
0
0
0
0
0
0
0
0
0
0
0
0
0
0
0
0
0
0
0
0
0
0
0
0
0
-0.77721
-0.74977
-0.76721
-0.7448
-0.71973
-0.78886
-0.73656
-0.74934
-0.75362
-0.70328
-0.7695
-0.70328
-0.71759
-0.76376
-0.75444
-0.70106
-0.70107
-0.71145
-0.76706
-0.72674
-0.76932
-0.76886
-0.72523
-0.7577
-0.72513
-0.72133
-0.7217
34.9592
-0.81892
-0.76767
-0.76139
-0.76137
-0.81693
-0.7668
-0.73606
-0.7342
-0.7342
-0.78271
0
-0.83426
0
0
0
0
0
0
0
0
0
0
0
0
-0.78168
0
0
0
0
0
0
0
-1.6008
0
0
0
0
0
0
0
0
0
0
0
0
0
0
0
0
0
0
0
0
0
0
0
0
0
0
0
0
0
0
0
0
0
-4.0666
0
0
0
0
0
0
0
0
0
0
0
0
0
0
0
0
0
0
0
0
0
0
0
-0.87105
-0.83875
-0.85624
-0.83639
-0.80936
-0.88108
-0.82593
-0.83458
-0.84496
-0.79429
-0.8558
-0.7943
-0.80391
-0.84849
-0.8426
-0.79174
-0.79174
-0.79932
-0.85183
-0.81401
-0.84612
-0.85224
-0.8037
-0.8394
-0.80361
-0.81695
-0.80807
-0.81892
45.0299
-0.85811
-0.84877
-0.84875
-0.90403
-0.85377
-0.82186
-0.82005
-0.82005
0
0
0
0
0
0
0
0
0
0
0
0
0
0
0
0
0
0
0
0
0
0
0
0
0
0
0
0
0
-2.2165
0
0
0
0
0
0
0
0
0
0
0
0
0
0
0
0
0
0
0
0
0
0
0
0
0
0
0
0
0
0
0
0
0
0
-6.4313
0
0
0
0
0
0
0
0
0
0
0
0
-6.4313
0
0
0
-0.82191
-0.79406
-0.81379
-0.78909
-0.76534
-0.83135
-0.77905
-0.79333
-0.79633
-0.74564
-0.81227
-0.74564
-0.75961
-0.80509
-0.79738
-0.74325
-0.74326
-0.75356
-0.80964
-0.76844
-0.80815
-0.81908
-0.75201
-0.79773
-0.75191
-0.76636
-0.76595
-0.76767
-0.85811
30.1966
-0.82804
-0.82801
-0.85572
-0.82928
-0.78952
-0.78842
-0.78842
-0.84241
0
-0.89181
0
0
0
0
0
0
0
0
0
0
0
0
0
0
0
0
0
0
0
0
0
0
0
0
0
0
0
0
0
0
0
0
0
0
0
0
0
0
0
0
0
0
0
0
0
0
0
0
0
0
0
0
0
0
0
0
0
0
0
0
0
0
0
0
0
0
0
0
0
0
0
0
0
0
0
0
0
0
-0.81114
-0.78345
-0.80305
-0.77849
-0.75486
-0.82056
-0.76853
-0.78272
-0.78572
-0.73539
-0.80159
-0.73539
-0.74923
-0.79445
-0.7868
-0.73306
-0.73305
-0.74333
-0.7991
-0.75823
-0.79776
-0.80875
-0.74316
-0.7879
-0.74306
-0.75712
-0.75696
-0.76139
-0.84877
-0.82804
28.8996
-0.8086
-0.85404
-0.80926
-0.77049
-0.76932
-0.76933
-0.82755
0
0
0
0
0
0
0
0
0
0
0
0
0
0
0
0
0
0
0
0
0
0
0
0
0
0
0
0
0
0
0
0
0
0
0
0
0
0
0
0
0
0
0
0
0
0
0
0
0
0
0
0
0
0
0
0
0
0
0
0
0
0
0
0
0
0
0
0
0
0
0
0
0
0
0
0
0
0
0
0
-0.81113
-0.78343
-0.80302
-0.77849
-0.75485
-0.82055
-0.7685
-0.7827
-0.78571
-0.73538
-0.80158
-0.73538
-0.74922
-0.79443
-0.78679
-0.73303
-0.73303
-0.74333
-0.79909
-0.75821
-0.79776
-0.80873
-0.74315
-0.78789
-0.74305
-0.75711
-0.75695
-0.76137
-0.84875
-0.82801
-0.8086
28.8991
-0.85403
-0.80924
-0.77047
-0.76931
-0.76932
-0.82752
0
0
0
0
0
0
0
0
0
0
0
0
0
0
0
0
0
0
0
0
0
0
0
0
0
0
0
0
0
0
0
0
0
0
0
0
0
0
0
0
0
0
0
0
0
0
0
0
0
0
0
0
0
0
0
0
0
0
0
0
0
0
0
0
0
0
0
0
0
0
0
0
0
0
0
0
0
0
0
0
-0.87647
-0.8429
-0.86281
-0.83921
-0.81388
-0.88665
-0.82813
-0.8415
-0.84665
-0.79287
-0.86227
-0.79287
-0.80762
-0.85458
-0.8461
-0.79014
-0.79014
-0.80108
-0.85981
-0.81779
-0.86379
-0.86215
-0.81968
-0.85891
-0.81958
-0.82959
-0.81188
-0.81693
-0.90403
-0.85572
-0.85404
-0.85403
38.426
-0.85646
0
0
0
0
0
0
0
0
0
0
0
0
0
0
0
0
0
0
0
0
0
0
0
0
0
0
0
0
0
0
0
0
0
0
0
0
0
0
-1.0715
0
0
0
-3.4088
0
0
0
0
0
0
0
0
0
0
0
0
0
0
0
0
0
0
0
0
0
0
0
0
0
0
0
0
0
0
0
0
0
0
-6.2855
0
0
0
0
0
0
-0.81685
-0.78911
-0.80877
-0.78416
-0.76049
-0.82628
-0.77416
-0.7884
-0.7914
-0.74096
-0.80728
-0.74096
-0.75482
-0.80012
-0.79249
-0.73862
-0.73862
-0.74896
-0.80489
-0.76398
-0.80261
-0.81391
-0.74753
-0.79274
-0.74743
-0.76189
-0.76064
-0.7668
-0.85377
-0.82928
-0.80926
-0.80924
-0.85646
28.269
-0.78237
-0.78189
-0.78189
0
0
0
0
0
0
0
0
0
0
0
0
0
0
0
0
0
0
0
0
0
0
0
0
0
0
0
0
0
0
0
0
0
0
0
0
0
0
0
0
0
0
0
0
0
0
0
0
0
0
0
0
0
0
0
0
0
0
0
0
0
0
0
0
0
0
0
0
0
0
0
0
0
0
0
0
0
0
0
0
0
-0.78387
-0.75666
-0.77605
-0.7517
-0.72832
-0.79311
-0.74185
-0.75593
-0.75884
-0.70904
-0.77455
-0.70904
-0.72274
-0.76748
-0.76
-0.70666
-0.70665
-0.71673
-0.77203
-0.73158
-0.76998
-0.7811
-0.7172
-0.76088
-0.71711
-0.73085
-0.72764
-0.73606
-0.82186
-0.78952
-0.77049
-0.77047
0
-0.78237
26.2545
-0.7281
-0.72811
0
0
0
0
0
0
0
0
0
0
0
0
0
0
0
0
0
0
0
0
0
0
0
0
0
0
0
0
0
0
0
0
0
0
0
0
0
0
0
0
0
0
0
0
0
0
0
0
0
0
0
0
0
0
0
0
0
0
0
0
0
0
0
0
0
0
0
0
0
0
0
0
0
0
0
0
0
0
0
0
0
-0.78203
-0.75484
-0.77421
-0.74986
-0.72651
-0.79127
-0.74002
-0.75409
-0.757
-0.70721
-0.7727
-0.70721
-0.72092
-0.76563
-0.75816
-0.70483
-0.70483
-0.7149
-0.77018
-0.72976
-0.76818
-0.77921
-0.71536
-0.75907
-0.71527
-0.72902
-0.72562
-0.7342
-0.82005
-0.78842
-0.76932
-0.76931
0
-0.78189
-0.7281
25.4692
0
0
0
0
0
0
0
0
0
0
0
0
0
0
0
0
0
0
0
0
0
0
0
0
0
0
0
0
0
0
0
0
0
0
0
0
0
0
0
0
0
0
0
0
0
0
0
0
0
0
0
0
0
0
0
0
0
0
0
0
0
0
0
0
0
0
0
0
0
0
0
0
0
0
0
0
0
0
0
0
0
0
-0.78203
-0.75484
-0.77421
-0.74986
-0.7265
-0.79128
-0.74002
-0.7541
-0.75701
-0.70721
-0.77271
-0.70722
-0.72093
-0.76564
-0.75816
-0.70483
-0.70484
-0.7149
-0.77017
-0.72976
-0.76818
-0.77922
-0.71537
-0.75908
-0.71526
-0.72902
-0.72562
-0.7342
-0.82005
-0.78842
-0.76933
-0.76932
0
-0.78189
-0.72811
0
25.4693
0
0
0
0
0
0
0
0
0
0
0
0
0
0
0
0
0
0
0
0
0
0
0
0
0
0
0
0
0
0
0
0
0
0
0
0
0
0
0
0
0
0
0
0
0
0
0
0
0
0
0
0
0
0
0
0
0
0
0
0
0
0
0
0
0
0
0
0
0
0
0
0
0
0
0
0
0
0
0
0
0
-0.83511
-0.80652
-0.82596
-0.8017
-0.77732
-0.84481
-0.79204
-0.80543
-0.8097
-0.75801
-0.82533
-0.75801
-0.77229
-0.81809
-0.81013
-0.7557
-0.7557
-0.76551
-0.82141
-0.78003
-0.82526
-0.83507
-0.77056
-0.81493
-0.77046
-0.78523
-0.78298
-0.78271
0
-0.84241
-0.82755
-0.82752
0
0
0
0
0
29.095
0
0
0
0
0
0
0
0
0
0
0
0
0
0
0
0
0
0
0
0
0
0
0
0
0
0
0
0
0
0
0
0
0
0
0
0
-4.3115
0
0
0
0
0
0
0
0
0
0
0
0
0
0
0
0
0
0
0
0
0
0
0
0
0
0
0
0
0
0
0
0
0
0
0
0
0
0
0
0
0
0
0
-0.91166
-0.87817
-0.89657
-0.87476
-0.84757
-0.92056
-0.8624
-0.87419
-0.8801
-0.82713
-0.8953
-0.82713
-0.84176
-0.88995
-0.87989
-0.82463
-0.82463
-0.83539
-0.89351
-0.85113
-0.89617
-0.89109
-0.83823
-0.88342
-0.8381
-0.84918
-0.83271
0
0
0
0
0
0
0
0
0
0
0
33.2152
0
0
0
0
0
0
0
0
0
0
0
0
0
0
0
0
0
0
0
0
0
0
0
0
0
0
0
0
0
0
0
0
0
0
0
0
0
0
0
0
0
0
0
0
0
0
0
0
0
0
-4.1136
0
0
0
0
0
0
0
0
0
0
0
0
0
0
0
0
0
0
0
0
0
0
0
0
0
0
-5.7363
0
-0.885
-0.85693
-0.87737
-0.85188
-0.82746
-0.89463
-0.84162
-0.85651
-0.85938
-0.80748
-0.87552
-0.80748
-0.8216
-0.86815
-0.86051
-0.80502
-0.80502
-0.81541
-0.87299
-0.83094
-0.87131
-0.88191
-0.81644
-0.8611
-0.81634
-0.83
-0.82612
-0.83426
0
-0.89181
0
0
0
0
0
0
0
0
0
24.5502
0
0
0
0
0
0
0
0
0
0
0
0
0
0
0
0
0
0
0
0
0
0
0
0
0
0
0
0
0
0
0
0
0
0
0
0
0
0
0
0
0
0
0
0
0
0
0
0
0
0
0
0
0
0
0
0
0
0
0
0
0
0
0
0
0
0
0
0
0
0
0
0
0
0
0
0
0
0
-0.8819
-0.85087
-0.87061
-0.84749
-0.82254
-0.89156
-0.83643
-0.84913
-0.85379
-0.80235
-0.86819
-0.80235
-0.81622
-0.86187
-0.85367
-0.8
-0.80001
-0.8106
-0.86574
-0.82618
-0.86831
-0.87859
-0.81361
-0.85851
-0.8135
-0.82606
-0.82883
0
0
0
0
0
0
0
0
0
0
0
0
0
27.9933
0
0
0
0
0
0
0
0
0
0
0
0
0
0
0
0
0
0
0
0
0
0
0
0
0
0
0
0
0
0
0
0
0
0
0
0
0
0
0
0
0
0
0
0
0
0
0
0
0
0
0
0
0
0
0
0
0
0
0
-5.2944
0
0
0
0
0
0
0
0
0
0
0
0
0
0
0
0
0
-0.88184
-0.85082
-0.87056
-0.84744
-0.82249
-0.89152
-0.83638
-0.84908
-0.85374
-0.8023
-0.86815
-0.80231
-0.81619
-0.86182
-0.85363
-0.79996
-0.79997
-0.81055
-0.8657
-0.82613
-0.86827
-0.87853
-0.81356
-0.85847
-0.81345
-0.82601
-0.82879
0
0
0
0
0
0
0
0
0
0
0
0
0
0
27.9919
0
0
0
0
0
0
0
0
0
0
0
0
0
0
0
0
0
0
0
0
0
0
0
0
0
0
0
0
0
0
0
0
0
0
0
0
0
0
0
0
0
0
0
0
0
0
0
0
0
0
0
0
0
0
0
0
0
0
0
0
0
0
0
0
0
0
0
0
0
0
-5.2943
0
0
0
0
0
-0.84506
-0.81728
-0.83675
-0.81275
-0.78917
-0.85531
-0.80323
-0.81673
-0.82073
-0.76962
-0.8347
-0.76962
-0.7816
-0.82742
-0.81962
-0.76535
-0.76536
-0.77567
-0.83192
-0.79104
-0.83137
-0.83622
-0.77743
-0.81911
-0.77732
-0.78804
0
0
0
0
0
0
0
0
0
0
0
0
0
0
0
0
23.5907
0
0
0
0
0
0
0
0
0
0
0
0
0
0
0
0
0
0
0
0
0
0
0
0
0
0
0
0
0
0
0
0
0
0
0
0
0
0
0
0
0
0
0
0
0
0
0
0
0
-2.6323
0
0
0
0
0
0
0
0
0
0
0
0
0
0
0
0
0
0
0
0
0
0
0
0
0
-0.83071
-0.80084
-0.82103
-0.79751
-0.77323
-0.84023
-0.78605
-0.80018
-0.8032
-0.75354
-0.81777
-0.75353
-0.76638
-0.81168
-0.80378
-0.75128
-0.75128
-0.76173
-0.81569
-0.77622
-0.81765
-0.82837
-0.76429
-0.80842
-0.76419
-0.77479
0
0
0
0
0
0
0
0
0
0
0
0
0
0
0
0
0
25.2881
0
0
0
0
0
0
0
0
0
0
0
0
0
0
0
0
0
0
0
0
0
0
0
0
0
0
0
0
0
0
0
0
0
0
0
0
0
0
0
0
0
0
0
0
0
0
0
0
0
0
0
-4.7146
0
0
0
0
0
0
0
0
0
0
0
0
0
0
0
0
0
0
0
0
0
0
-0.82095
-0.79362
-0.81356
-0.7885
-0.76481
-0.83021
-0.77844
-0.79308
-0.79579
-0.74522
-0.81169
-0.74522
-0.75895
-0.80436
-0.79705
-0.74272
-0.74273
-0.75281
-0.80942
-0.76856
-0.80889
-0.81961
-0.75612
-0.79956
-0.75601
-0.76892
-0.76693
0
0
0
0
0
0
0
0
0
0
0
0
0
0
0
0
0
21.1337
0
0
0
0
0
0
0
0
0
0
0
0
0
0
0
0
0
0
0
0
0
0
0
0
0
0
0
0
0
0
0
0
0
0
0
0
0
0
0
0
0
0
0
0
0
0
0
0
0
0
0
0
0
0
0
0
0
0
0
0
0
0
0
0
0
0
0
0
0
0
0
0
0
-0.88167
-0.85343
-0.87311
-0.84925
-0.82566
-0.89207
-0.84069
-0.85344
-0.85844
-0.80581
-0.87368
-0.80582
-0.8207
-0.86555
-0.85813
-0.8037
-0.80371
-0.81401
-0.87083
-0.83012
-0.86995
0
-0.81516
0
-0.81506
0
0
0
0
0
0
0
0
0
0
0
0
0
0
0
0
0
0
0
0
23.5545
0
0
0
0
0
0
0
0
0
0
0
0
0
0
0
0
0
0
0
0
0
0
0
0
0
0
0
0
0
0
0
0
0
0
0
0
0
0
-4.1746
0
0
0
0
0
0
0
0
0
0
0
0
0
0
0
0
0
0
0
0
0
0
0
0
0
0
0
0
0
0
0
0
0
-0.93418
-0.90283
-0.92322
-0.89955
-0.87426
-0.94442
-0.88891
-0.90187
-0.90702
-0.85407
-0.92143
-0.85407
-0.86821
-0.91494
-0.90649
-0.85207
-0.85207
-0.86296
-0.91842
-0.87787
0
0
0
0
0
0
0
0
0
0
0
0
0
0
0
0
0
0
0
0
0
0
0
0
0
0
26.2185
0
0
0
0
0
0
0
0
0
0
0
0
0
0
0
0
0
0
0
0
0
0
0
0
0
0
0
-3.9344
0
0
0
0
0
0
0
0
0
0
0
0
0
0
0
0
0
0
0
0
0
0
0
0
0
0
0
0
0
0
-4.4252
0
0
0
0
0
0
0
0
0
0
0
0
-0.87135
-0.84309
-0.8645
-0.83932
-0.81519
-0.88072
-0.82522
-0.84406
-0.8359
-0.79505
-0.8649
-0.79505
-0.80494
-0.85537
-0.84657
-0.79269
-0.79269
-0.80369
-0.86023
-0.81393
-0.8599
0
0
0
0
0
0
0
0
0
0
0
0
0
0
0
0
0
0
0
0
0
0
0
0
0
0
19.6972
0
0
0
0
0
0
0
0
0
0
0
0
0
0
0
0
0
0
0
-2.1929
0
0
0
0
0
0
0
0
0
0
0
0
0
0
0
0
0
0
0
0
0
0
0
0
0
0
0
0
0
0
0
0
0
0
0
0
0
0
0
0
0
0
0
0
0
0
0
0
0
0
-0.89073
-0.86088
-0.88253
-0.85776
-0.83307
-0.90026
-0.8458
-0.86117
-0.86325
-0.81262
-0.87756
-0.81262
-0.82545
-0.87178
-0.86377
-0.81039
-0.8104
-0.82105
-0.87542
-0.8346
0
0
0
0
0
0
0
0
0
0
0
0
0
0
0
0
0
0
0
0
0
0
0
0
0
0
0
0
21.1943
0
0
0
0
0
0
0
0
0
0
0
0
0
0
0
0
0
0
0
0
0
0
0
0
0
0
0
0
0
0
0
0
0
0
0
0
0
0
0
0
0
0
0
0
0
0
0
0
0
0
-4.1832
0
0
0
0
0
0
0
0
0
0
0
0
0
0
0
0
0
0
-0.90223
-0.87483
-0.89563
-0.86959
-0.84545
-0.91166
-0.85966
-0.8747
-0.87722
-0.82522
-0.89348
-0.82523
-0.83955
-0.88581
-0.87864
-0.82273
-0.82274
-0.83392
-0.89213
-0.84944
-0.8896
0
0
0
0
0
0
0
0
0
0
0
0
0
0
0
0
0
0
0
0
0
0
0
0
0
0
0
0
18.1695
0
0
0
0
0
0
0
0
0
0
0
0
0
0
0
0
0
0
0
0
0
0
0
0
0
0
0
0
0
0
0
0
0
0
0
0
0
0
0
0
0
0
0
0
0
0
0
0
0
0
0
0
0
0
0
0
0
0
0
0
0
0
0
0
0
0
0
0
-0.82481
-0.79539
-0.80188
-0.7905
-0.76832
-0.83844
-0.78312
-0.78328
-0.80061
-0.75044
-0.80718
-0.75044
-0.76357
-0.80837
-0.80252
-0.74879
-0.74879
0
0
0
0
0
0
0
0
0
0
0
0
0
0
0
0
0
0
0
0
0
0
0
0
0
0
0
0
0
0
0
0
0
21.8275
0
0
0
0
0
0
0
0
0
0
0
-1.9651
0
-2.5559
0
0
0
0
-1.8162
0
-2.124
0
0
0
0
0
0
0
0
0
0
0
0
0
0
0
0
0
0
0
0
0
0
0
0
0
0
0
0
0
0
0
0
0
0
0
0
0
0
0
0
0
0
0
0
0
0
-0.85681
-0.82794
-0.85011
-0.82501
-0.8006
-0.86603
-0.8134
-0.82897
-0.82993
-0.78048
-0.84403
-0.78049
-0.79341
-0.83853
-0.83075
-0.7783
-0.77831
-0.78912
-0.84326
0
0
0
0
0
0
0
0
0
0
0
0
0
0
0
0
0
0
0
0
0
0
0
0
0
0
0
0
0
0
0
0
19.3746
0
0
0
0
0
0
0
0
0
0
0
0
0
0
0
0
0
0
0
0
0
0
0
0
0
0
0
0
0
0
0
0
0
0
0
0
0
0
0
0
0
0
0
0
0
-3.8192
0
0
0
0
0
0
0
0
0
0
0
0
0
0
0
0
0
0
0
0
-0.83193
-0.80593
-0.83279
-0.7995
-0.7764
-0.84217
-0.79085
-0.8138
-0.80804
-0.75714
-0.8239
-0.75715
-0.77134
-0.81625
-0.81071
-0.75487
-0.75487
-0.76514
0
0
0
0
0
0
0
0
0
-0.78168
0
0
0
0
0
0
0
0
0
0
0
0
0
0
0
0
0
0
0
0
0
0
0
0
17.782
0
0
0
0
0
0
0
0
0
0
0
0
0
0
0
-2.6876
0
0
0
0
0
0
0
0
0
0
0
0
0
0
0
0
0
0
0
0
0
0
0
0
0
0
0
0
0
0
0
0
0
0
0
0
0
0
0
0
0
0
0
0
0
0
0
0
0
-0.85286
-0.82395
-0.84273
-0.8202
-0.80289
-0.87046
-0.81728
-0.82753
-0.83466
-0.78323
-0.8483
-0.78323
-0.79761
-0.83565
-0.8344
-0.78153
-0.78153
-0.793
0
0
0
0
0
0
0
0
0
0
0
0
0
0
0
0
0
0
0
0
0
0
0
0
0
0
0
0
0
0
0
0
0
0
0
21.3028
0
0
0
0
0
0
0
0
0
0
0
0
0
0
0
0
-3.0004
0
0
0
0
0
0
0
0
0
0
0
0
0
0
0
0
0
0
0
0
0
0
0
0
0
0
0
0
0
0
0
0
0
-3.5713
0
0
0
0
0
0
0
0
0
0
0
0
0
-0.84886
-0.82143
-0.83857
-0.81603
-0.79332
-0.85991
-0.80769
-0.81907
-0.82558
-0.77373
-0.84108
-0.77373
-0.78819
-0.8328
-0.82685
-0.772
-0.77202
0
0
0
0
0
0
0
0
0
0
0
0
0
0
0
0
0
0
0
0
0
0
0
0
0
0
0
0
0
0
0
0
0
0
0
0
0
17.8189
0
0
0
0
0
0
0
0
0
0
0
0
0
0
0
0
0
0
0
0
0
-3.0295
0
0
0
0
-0.97848
0
0
0
0
0
0
0
0
0
0
0
0
0
0
0
0
0
0
0
0
0
0
0
0
0
0
0
0
0
0
0
0
0
0
0
0
-0.90229
-0.87569
-0.8964
-0.8702
-0.84615
-0.91158
-0.86045
-0.87541
-0.87823
-0.82578
-0.89413
-0.82578
-0.8404
-0.88625
-0.87962
-0.82291
-0.82291
-0.83331
0
0
0
0
0
0
0
0
0
0
0
0
0
0
0
0
0
0
0
0
0
0
0
0
0
0
0
0
0
0
0
0
0
0
0
0
0
15.5475
0
0
0
0
0
0
0
0
0
0
0
0
0
0
0
0
0
0
0
0
0
0
0
0
0
0
0
0
0
0
0
0
0
0
0
0
0
0
0
0
0
0
0
0
0
0
0
0
0
0
0
0
0
0
0
0
0
0
0
0
0
0
-0.90658
-0.87739
-0.89988
-0.8748
-0.85039
-0.91578
-0.86396
-0.87879
-0.87542
-0.82971
-0.89608
-0.82972
-0.84366
-0.88941
-0.88041
-0.8273
-0.82731
0
0
0
0
0
0
0
0
0
0
0
0
0
0
0
0
0
0
0
0
0
0
0
0
0
0
0
0
0
0
0
0
0
0
0
0
0
0
0
17.1765
0
0
0
0
0
0
0
0
0
0
0
0
0
0
0
0
-2.4099
0
0
0
0
0
0
0
0
0
0
0
0
0
0
0
0
0
0
0
0
0
0
0
0
0
0
0
0
0
0
0
0
0
0
0
0
0
0
0
0
0
0
0
0
-0.96925
-0.9419
-0.96319
-0.9366
-0.91217
-0.97903
-0.92687
-0.942
-0.94502
-0.89143
-0.9614
-0.89143
-0.90637
-0.95327
-0.94626
-0.88907
-0.88907
-0.89949
0
0
0
0
0
0
0
0
0
0
0
0
0
0
0
0
0
0
0
0
0
0
0
0
0
0
0
0
0
0
0
0
0
0
0
0
0
0
0
16.7438
0
0
0
0
0
0
0
0
0
0
0
0
0
0
0
0
0
0
0
0
0
0
0
0
0
0
0
0
0
0
0
0
0
0
0
0
0
0
0
0
0
0
0
0
0
0
0
0
0
0
0
0
0
0
0
0
0
0
0
0
-1.1933
-1.1681
-1.1911
-1.1623
-1.1367
-1.2036
-1.1525
-1.1685
-1.1715
-1.1142
0
-1.1141
-1.1305
0
-1.1727
0
0
0
0
0
0
0
0
0
0
0
0
0
0
0
0
0
0
0
0
0
0
0
0
0
0
0
0
0
0
0
0
0
0
0
0
0
0
0
0
0
0
0
15.079
0
0
0
0
0
0
0
0
0
0
0
0
0
0
0
0
0
0
0
0
0
0
0
0
0
0
0
0
0
0
0
0
0
0
0
0
0
0
0
0
0
0
0
0
0
0
0
0
0
0
0
0
0
0
0
0
0
0
0
-1.0836
-1.0596
-1.077
-1.0512
-1.0266
-1.0949
-1.0424
-1.0557
-1.0613
-1.0052
0
-1.0052
0
0
0
0
0
0
0
0
0
0
0
0
0
0
0
0
0
0
0
0
0
0
0
0
0
0
0
0
0
0
0
0
0
0
0
0
0
0
0
0
0
0
0
0
0
0
0
13.9242
0
0
0
0
0
0
0
0
0
0
0
0
0
0
0
0
0
0
0
0
0
0
0
0
0
0
0
0
-2.3615
0
0
0
0
0
0
0
0
0
0
0
0
0
0
0
0
0
0
0
0
0
0
0
0
0
0
0
0
0
-1.6738
-1.6685
-1.6823
-1.654
-1.6304
0
0
0
0
0
0
0
0
0
0
0
0
0
0
0
0
0
0
0
0
0
0
-1.6008
0
0
0
0
0
0
0
0
0
0
0
0
0
0
0
0
0
0
0
0
0
0
0
0
0
0
0
0
0
0
0
0
12.5965
0
0
0
0
0
0
0
0
0
0
-2.6866
0
0
0
0
0
0
0
0
0
0
0
0
0
0
0
0
0
0
0
0
0
0
0
0
0
0
0
0
0
0
0
0
0
0
0
0
0
0
0
0
0
0
0
0
0
0
-1.7436
-1.7375
-1.7519
-1.7235
0
0
0
0
0
0
0
0
0
-1.7399
0
0
0
0
0
0
0
0
0
0
0
0
0
0
0
0
0
0
0
0
0
0
0
0
0
0
0
0
0
0
0
0
0
0
0
0
0
0
0
0
0
0
0
0
0
0
0
11.3438
0
0
0
0
0
0
0
0
-2.6474
0
0
0
0
0
0
0
0
0
0
0
0
0
0
0
0
0
0
0
0
0
0
0
0
0
0
0
0
0
0
0
0
0
0
0
0
0
0
0
0
0
0
0
0
0
0
0
0
0
0
0
0
0
0
0
0
0
0
0
0
0
0
0
0
0
-2.0837
0
0
0
0
-2.0628
0
0
0
0
0
0
0
0
0
0
0
0
0
0
0
0
0
0
0
0
0
0
0
0
0
0
-1.9651
0
0
0
0
0
0
0
0
0
0
0
11.2081
0
0
0
0
0
-2.8923
0
0
0
0
0
0
0
0
0
0
0
0
0
0
0
0
0
0
0
0
0
-2.2043
0
0
0
0
0
0
0
0
0
0
0
0
0
0
0
0
0
0
0
0
0
0
0
0
0
0
0
0
0
0
0
0
0
-1.9235
0
0
0
0
0
-1.8968
0
0
0
0
0
0
-1.8929
0
0
0
0
0
0
0
0
0
0
0
0
0
0
0
0
0
0
0
0
0
0
0
0
0
0
0
0
0
0
0
0
0
0
0
0
0
0
0
0
0
0
0
10.9937
0
0
0
-2.3344
0
0
0
0
0
0
0
-2.9461
0
0
0
0
0
0
0
0
0
0
0
0
0
0
0
0
0
0
0
0
0
0
0
0
0
0
0
0
0
0
0
0
0
0
0
0
0
0
0
0
0
0
0
0
0
0
0
0
0
0
0
0
0
0
0
0
0
0
0
0
0
0
0
0
0
0
0
0
0
0
0
0
0
0
0
0
0
0
0
0
0
0
0
0
0
0
0
0
0
0
0
0
-2.5559
0
0
0
0
0
0
0
0
0
0
0
0
0
13.7409
0
0
0
0
0
0
0
0
0
0
0
0
0
0
0
-3.7004
0
0
-3.8145
0
0
-3.6702
0
0
0
0
0
0
0
0
0
0
0
0
0
0
0
0
0
0
0
0
0
0
0
0
0
0
0
0
0
0
0
-2.2799
-2.316
-2.3237
-2.2923
0
0
0
0
0
0
0
0
0
0
0
0
0
0
0
0
0
0
0
0
0
0
0
0
0
0
0
0
0
0
0
0
0
0
0
0
0
0
0
0
0
0
0
0
0
0
0
0
0
0
0
0
0
0
0
0
0
0
0
0
0
9.2118
0
0
0
0
0
0
0
0
0
0
0
0
0
0
0
0
0
0
0
0
0
0
0
0
0
0
0
0
0
0
0
0
0
0
0
0
0
0
0
0
0
0
0
0
0
0
0
0
0
0
0
0
0
0
0
0
0
0
0
0
0
0
0
0
0
0
0
0
0
0
0
0
0
-2.1054
0
0
0
0
0
0
-2.2165
0
0
0
0
0
0
0
0
0
0
0
0
0
0
0
0
0
0
0
0
0
0
0
0
0
0
0
0
0
0
0
0
0
0
0
0
0
11.8208
0
-3.6279
0
0
0
0
0
0
0
0
-3.8709
0
0
0
0
0
0
0
0
0
0
0
0
0
0
0
0
0
0
0
0
0
0
0
0
0
0
0
0
0
0
0
0
0
0
0
0
0
0
0
0
0
0
0
0
0
0
0
0
-2.3286
0
0
0
0
0
0
0
0
0
0
0
0
0
0
0
0
0
0
0
0
0
0
0
0
0
0
0
0
0
0
0
0
0
0
0
0
0
0
-2.1929
0
0
0
0
0
0
0
0
0
0
0
0
0
0
0
-2.3344
0
0
0
9.8892
0
0
0
0
0
-3.0333
0
0
0
0
0
0
0
0
0
0
0
0
0
0
0
0
0
0
0
0
0
0
0
0
0
0
0
0
0
0
0
0
0
0
0
0
0
0
0
0
0
0
0
0
0
0
0
0
0
0
0
0
0
0
0
0
0
0
0
0
0
0
0
0
0
0
0
0
0
0
0
0
0
0
0
0
0
0
0
0
0
0
0
0
0
0
0
0
0
0
0
0
0
0
0
0
-2.6876
0
0
0
0
0
0
0
0
0
-2.8923
0
0
0
-3.6279
0
14.2743
0
0
0
0
0
0
0
0
0
0
0
0
0
0
0
0
0
0
0
0
0
0
0
0
0
0
0
-5.0665
0
0
0
0
0
0
0
0
0
0
0
0
0
0
0
0
0
0
0
0
0
0
0
0
0
0
0
0
0
0
0
-1.9691
0
0
0
0
0
0
0
0
0
0
0
0
0
0
0
0
0
0
0
0
0
0
0
0
0
0
0
0
0
0
0
0
0
0
0
0
0
0
0
-1.8162
0
0
0
0
0
0
0
0
0
0
0
0
0
0
0
0
0
0
9.4321
0
0
-2.7241
-2.9227
0
0
0
0
0
0
0
0
0
0
0
0
0
0
0
0
0
0
0
0
0
0
0
0
0
0
0
0
0
0
0
0
0
0
0
0
0
0
0
0
0
0
0
0
0
0
0
0
0
0
0
0
0
0
0
0
0
0
0
0
0
0
0
0
0
0
0
0
0
0
0
0
0
0
0
0
0
0
0
0
0
0
0
0
0
0
0
0
0
0
0
0
0
0
0
0
0
-3.0004
0
0
0
0
0
0
0
-2.6474
0
0
0
0
0
0
0
0
12.572
0
0
0
0
0
0
0
-3.4565
-3.4677
0
0
0
0
0
0
0
0
0
0
0
0
0
0
0
0
0
0
0
0
0
0
0
0
0
0
0
0
0
0
0
0
0
0
0
0
0
0
0
0
0
0
0
0
0
0
0
0
0
0
0
0
0
0
0
0
0
0
0
0
0
0
0
0
0
0
0
0
0
0
0
0
0
0
0
0
0
0
0
0
0
0
0
0
0
0
0
0
-2.124
0
0
0
0
0
0
0
0
0
-2.6866
0
0
0
0
0
0
0
0
0
0
8.9057
0
0
0
0
0
0
0
0
0
0
0
0
0
0
0
0
0
0
0
0
0
0
0
0
0
0
-4.0951
0
0
0
0
0
0
0
0
0
0
0
0
0
0
0
0
0
0
0
0
0
0
0
0
0
0
0
0
0
0
0
0
0
0
0
0
0
0
0
0
0
0
0
0
0
0
0
0
0
0
0
-1.0715
0
0
0
0
0
0
0
0
0
0
0
0
0
0
0
0
0
0
0
0
0
0
0
0
0
0
0
0
0
0
0
0
0
0
0
0
-2.7241
0
0
7.1415
0
0
0
0
0
0
0
0
0
0
0
0
0
0
0
0
0
0
0
0
0
0
0
0
0
0
0
0
0
0
-3.3459
0
0
0
0
0
0
0
0
0
0
0
0
0
0
0
0
0
0
0
0
0
0
0
0
0
0
0
0
0
0
0
0
0
0
0
0
0
0
0
0
0
0
0
0
0
0
0
0
0
0
0
0
0
0
0
0
0
0
0
0
0
0
0
0
0
0
0
0
0
0
-2.4099
0
0
0
0
0
0
0
0
0
0
-3.0333
0
-2.9227
0
0
0
8.3659
0
0
0
0
0
0
0
0
0
0
0
0
0
0
0
0
0
0
0
0
0
0
0
0
0
0
0
0
0
0
0
0
0
0
0
0
0
0
0
0
0
0
0
0
0
0
0
0
0
0
0
0
0
0
0
0
0
0
0
0
0
0
0
0
0
0
0
0
0
0
0
0
0
0
0
0
0
0
0
0
0
-4.3115
0
0
0
0
0
0
0
0
-3.9344
0
0
0
0
0
0
0
0
0
0
0
0
0
0
0
0
0
0
0
0
0
0
0
0
0
0
0
13.712
0
0
0
0
0
0
0
0
0
0
0
0
0
0
0
0
0
0
0
0
0
0
0
0
0
0
0
0
0
0
0
0
0
0
0
0
0
0
0
0
0
0
-5.4661
0
0
0
0
0
0
0
0
0
0
0
0
0
0
0
0
0
0
0
0
0
0
0
0
0
-2.5939
0
0
0
0
0
0
0
0
0
0
0
0
0
0
0
0
0
0
0
0
0
0
0
0
0
0
0
0
0
0
0
0
0
0
0
0
0
-2.9461
0
0
0
0
0
0
0
0
0
0
0
6.0828
0
0
0
0
0
0
0
0
0
0
0
0
0
0
0
0
0
0
0
0
0
0
0
0
0
0
0
0
0
0
0
-0.54286
0
0
0
0
0
0
0
0
0
0
0
0
0
0
0
0
0
0
0
0
0
0
0
0
0
0
0
0
0
0
0
0
0
0
0
0
0
0
0
0
0
0
-3.4088
0
0
0
0
0
0
0
0
0
0
0
0
0
0
0
0
0
0
0
0
0
-3.0295
0
0
0
0
0
0
0
0
0
0
0
0
0
0
0
0
0
0
0
0
0
10.7634
0
0
0
0
0
0
0
0
0
0
0
0
0
0
0
0
0
0
0
0
0
0
0
0
0
-4.3251
0
0
0
0
0
0
0
0
0
0
0
0
0
0
0
0
0
0
0
0
0
0
0
0
0
0
0
0
0
0
0
0
0
0
0
0
0
0
0
0
0
0
0
0
0
0
0
0
0
0
0
0
0
0
0
0
0
0
0
0
0
0
0
0
0
0
0
0
0
0
0
0
0
0
0
0
0
0
0
0
0
-3.8709
0
0
0
0
0
0
0
0
0
0
7.8214
0
0
0
0
0
-3.9505
0
0
0
0
0
0
0
0
0
0
0
0
0
0
0
0
0
0
0
0
0
0
0
0
0
0
0
0
0
0
0
0
0
0
0
0
0
0
0
0
0
0
0
0
0
0
0
0
0
0
0
0
0
0
0
0
0
0
0
0
0
0
0
0
0
0
0
0
0
0
0
0
0
0
0
0
0
0
0
0
0
0
0
0
0
0
0
0
0
0
0
0
0
0
0
0
0
0
0
0
0
0
0
0
-3.4565
0
0
0
0
0
0
0
7.1891
0
0
0
0
0
0
0
0
0
0
0
0
0
0
0
-3.7326
0
0
0
0
0
0
0
0
0
0
0
0
0
0
0
0
0
0
0
0
0
0
0
0
0
0
0
0
0
0
0
0
0
0
0
0
0
0
0
0
0
0
0
0
0
0
0
0
0
0
0
0
0
0
0
0
0
0
0
0
0
0
0
0
0
0
0
0
0
0
0
0
0
0
0
0
0
0
0
0
0
0
0
0
0
0
0
0
0
0
0
0
0
-3.4677
0
0
0
0
0
0
0
0
7.1637
0
0
0
0
0
0
0
0
0
-3.696
0
0
0
0
0
0
0
0
0
0
0
0
0
0
0
0
0
0
0
0
0
0
0
0
0
0
0
0
0
0
0
0
0
0
0
-4.5331
0
0
0
0
0
0
0
0
0
0
0
0
0
0
0
0
0
0
0
0
0
0
0
0
0
0
0
0
0
0
0
0
0
0
0
0
0
0
0
0
0
0
0
0
0
0
0
0
0
0
0
0
0
0
0
0
-3.7004
0
0
0
0
0
0
0
0
0
0
0
0
0
0
0
8.2335
0
0
0
0
0
0
0
0
0
0
0
0
0
0
0
0
0
0
0
0
0
0
0
0
0
0
0
0
0
0
0
0
0
0
0
0
0
0
0
0
0
0
0
0
0
0
0
0
0
0
0
0
0
0
0
0
0
0
0
0
0
0
0
0
0
0
0
0
0
0
0
0
0
0
0
0
0
0
0
0
0
0
0
0
0
0
0
0
0
0
0
-0.97848
0
0
0
0
0
0
0
0
0
0
0
0
0
0
0
0
0
0
0
0
0
0
0
0
0
0
5.249
0
0
0
0
0
-4.2705
0
0
0
0
0
0
0
0
0
0
0
0
0
0
0
0
0
0
0
0
0
0
0
0
0
0
0
0
0
0
0
0
0
0
0
0
0
0
0
0
0
0
0
0
0
0
0
0
0
0
0
0
0
0
0
0
0
0
0
0
0
0
0
0
0
0
0
0
0
0
0
0
0
0
0
0
0
0
0
0
0
0
0
0
0
0
0
0
0
0
0
0
0
0
0
0
0
0
0
0
0
0
0
0
0
0
0
0
0
0
0
0
7.7775
0
0
0
0
0
-3.991
0
0
0
-3.7864
0
0
0
0
0
0
0
0
0
0
0
0
0
0
0
0
0
0
0
0
0
0
0
0
0
0
0
0
0
0
0
0
0
0
0
0
0
0
0
0
0
0
0
0
0
0
0
0
0
0
0
0
0
0
0
0
0
0
0
0
0
0
0
0
0
0
0
0
0
0
0
0
0
0
0
0
0
0
0
0
0
0
0
0
0
0
0
0
0
-3.8145
0
0
0
0
0
0
0
0
0
0
0
0
-3.9505
0
0
0
0
0
7.7649
0
0
0
0
0
0
0
0
0
0
0
0
0
0
0
0
0
0
0
0
0
0
0
0
0
0
0
0
0
0
0
0
0
0
0
0
0
0
0
0
0
0
0
0
0
0
0
0
0
0
0
0
0
0
0
0
0
0
0
0
0
0
0
0
0
0
0
0
0
0
0
0
0
0
0
0
0
0
0
-4.1746
0
0
0
0
0
0
0
0
0
0
0
0
0
0
0
0
0
0
0
0
0
0
0
0
0
0
0
0
0
0
0
0
0
0
0
0
0
0
8.0781
0
0
0
0
0
0
-3.9036
0
0
0
0
0
0
0
0
0
0
0
0
0
0
0
0
0
0
0
0
0
0
0
0
0
0
0
0
0
0
0
0
0
0
0
0
0
0
0
0
0
0
0
0
0
0
0
-4.3382
0
0
0
0
0
0
0
0
0
0
0
0
0
0
0
0
0
0
0
0
0
0
0
0
0
0
0
0
0
0
0
0
0
0
0
0
0
0
0
0
0
0
0
0
0
0
0
0
0
0
0
0
0
0
0
0
0
0
0
0
0
0
0
8.2254
0
0
0
0
0
-3.8872
0
0
0
0
0
0
0
0
0
0
0
0
0
0
0
0
0
0
0
0
0
0
0
0
0
0
0
0
-4.5751
0
0
0
0
0
0
0
0
0
0
0
0
0
0
0
0
0
0
0
0
0
0
0
0
0
0
0
0
0
0
0
0
0
0
0
0
0
0
0
0
0
0
0
0
0
0
0
0
0
0
0
0
0
0
0
0
0
0
0
0
0
-3.6702
0
0
0
0
0
0
0
0
0
0
0
0
0
0
0
0
0
0
0
0
0
8.2453
0
0
0
0
0
0
0
0
0
0
0
0
0
0
0
0
0
0
0
0
0
0
0
0
0
0
0
0
0
0
0
0
0
0
0
0
0
0
0
0
0
0
0
0
0
0
0
0
0
0
0
0
0
0
0
0
0
0
0
0
0
0
0
0
0
0
0
0
0
0
0
0
0
0
0
0
0
0
0
0
0
0
0
0
0
0
0
0
0
0
0
0
0
0
0
0
0
0
0
0
0
0
0
0
0
0
0
0
0
0
0
0
-4.2705
0
0
0
0
0
8.3319
0
0
-4.0614
0
0
0
0
0
0
0
0
0
0
0
0
0
0
0
0
0
0
0
0
0
0
0
0
0
0
0
0
0
0
0
0
0
0
0
0
0
0
0
0
0
0
0
0
0
0
0
0
0
0
0
0
0
0
0
0
0
0
0
0
0
0
0
0
0
0
0
0
0
0
0
0
0
0
0
0
0
0
0
0
0
0
0
0
0
0
-2.3615
0
0
0
0
0
0
0
0
0
0
0
0
0
0
0
0
0
0
0
0
0
0
-3.991
0
0
0
0
0
6.3526
0
0
0
0
0
0
0
0
0
0
0
0
0
0
0
0
0
0
0
0
0
0
0
0
0
0
0
0
0
0
0
0
0
0
0
0
0
0
0
0
0
0
0
0
0
0
0
0
0
0
0
0
0
0
0
0
0
0
0
0
0
0
0
0
0
0
0
-4.1136
0
0
0
0
0
0
0
0
0
0
0
0
0
0
0
0
0
0
0
0
0
0
0
0
0
0
0
0
0
0
0
0
0
0
0
0
0
0
0
0
-3.696
0
0
0
0
0
0
0
0
0
7.8096
0
0
0
0
0
0
0
0
0
0
0
0
0
0
0
0
0
0
0
0
0
0
0
0
0
0
0
0
0
0
0
0
0
0
0
0
0
0
0
0
0
0
0
0
0
0
0
0
0
0
0
0
0
0
0
0
0
0
0
0
0
0
0
0
0
0
0
0
0
0
0
0
0
0
0
0
0
0
0
0
0
0
0
0
0
0
0
0
0
0
-2.2043
0
0
0
0
0
0
0
0
0
0
0
0
0
0
0
0
0
0
0
0
0
0
0
0
-4.0614
0
0
6.2657
0
0
0
0
0
0
0
0
0
0
0
0
0
0
0
0
0
0
0
0
0
0
0
0
0
0
0
0
0
0
0
0
0
0
0
0
0
0
0
0
0
0
0
0
0
0
0
0
0
0
0
0
0
0
0
0
0
0
0
0
0
0
0
0
0
0
0
0
0
0
0
0
0
0
0
0
0
0
0
0
0
0
0
0
0
0
0
0
0
0
0
0
0
0
0
0
0
0
0
0
0
0
0
0
0
0
0
0
0
0
0
-3.9036
-3.8872
0
0
0
0
0
7.7907
0
0
0
0
0
0
0
0
0
0
0
0
0
0
0
0
0
0
0
0
0
0
0
0
0
0
0
0
0
0
0
0
0
0
0
0
0
0
0
0
0
0
0
0
0
0
0
0
0
0
0
0
0
0
0
0
0
0
0
0
0
0
0
0
0
0
0
0
-2.6323
0
0
0
0
0
0
0
0
0
0
0
0
0
0
0
0
0
0
0
0
0
0
0
0
0
0
0
0
0
0
0
0
0
0
0
0
0
0
0
-3.7864
0
0
0
0
0
0
0
0
0
6.4187
0
0
0
0
0
0
0
0
0
0
0
0
0
0
0
0
0
0
0
0
0
0
0
0
0
0
-4.365
0
0
0
0
0
0
0
0
0
0
0
0
-4.3112
0
0
0
0
0
0
0
0
0
0
0
0
0
0
0
0
0
0
0
0
0
0
0
0
0
0
0
0
0
0
0
0
0
0
0
0
0
0
0
0
0
0
0
0
0
0
0
0
0
0
0
0
0
0
0
0
0
0
0
0
0
0
0
0
0
0
0
0
0
0
0
0
0
0
0
0
0
0
8.6762
0
0
0
0
0
0
0
0
0
0
0
0
0
0
0
0
0
0
0
0
0
0
0
0
0
0
0
0
0
0
0
0
0
0
0
0
0
0
0
0
0
0
0
0
0
0
0
0
0
0
0
-4.0666
0
0
0
0
0
0
0
0
0
0
0
0
0
0
0
0
0
0
0
0
0
0
0
0
0
0
0
0
0
0
0
0
0
0
0
0
0
0
0
0
0
0
0
0
0
0
0
0
0
0
-3.7326
0
0
0
0
0
0
0
0
0
0
0
0
0
0
0
7.7992
0
0
0
0
0
0
0
0
0
0
0
0
0
0
0
0
0
0
0
0
0
0
0
0
0
0
0
0
0
0
0
0
0
0
0
0
0
0
0
0
0
0
0
0
0
0
0
0
0
0
0
0
0
0
0
0
0
0
0
0
0
0
0
0
0
0
-4.7146
0
0
0
0
0
0
0
0
0
0
0
0
0
0
0
0
0
0
0
0
0
0
0
0
0
0
0
0
0
0
0
0
0
0
0
0
0
0
0
0
0
0
0
0
0
0
0
0
0
0
0
4.7146
0
0
0
0
0
0
0
0
0
0
0
0
0
0
0
0
0
0
0
0
0
0
0
0
0
0
0
0
0
0
0
0
0
0
0
0
0
0
0
0
0
0
0
0
0
0
0
0
0
0
0
0
0
0
0
0
0
0
0
0
0
0
0
0
0
0
0
0
0
0
0
0
0
0
0
0
0
0
0
0
0
0
0
0
0
0
0
0
0
0
-5.0665
0
0
0
0
0
0
0
0
0
0
0
0
0
0
0
0
0
0
0
0
0
0
0
0
0
0
0
5.0665
0
0
0
0
0
0
0
0
0
0
0
0
0
0
0
0
0
0
0
0
0
0
0
0
0
0
0
0
0
0
0
0
0
0
0
0
0
0
0
0
0
0
0
0
0
0
0
0
0
0
0
0
0
0
0
0
0
0
0
0
0
0
0
0
0
0
0
0
0
0
0
0
-3.8192
0
0
0
0
0
0
0
0
0
0
0
0
0
0
0
0
0
0
0
0
0
0
0
0
0
0
0
0
0
0
0
0
0
0
0
0
0
0
0
0
0
0
0
0
0
3.8192
0
0
0
0
0
0
0
0
0
0
0
0
0
0
0
0
0
0
0
0
0
0
0
0
0
0
0
0
0
0
0
0
0
0
0
0
0
0
0
0
0
0
0
0
0
0
0
0
0
0
0
0
0
0
0
0
0
0
0
0
0
0
0
0
0
0
0
0
0
0
0
0
0
0
0
0
0
0
0
0
0
0
0
0
0
0
0
0
0
0
0
-4.0951
0
0
0
0
0
0
0
0
0
0
0
0
0
0
0
0
0
0
0
0
0
0
0
0
0
0
4.0951
0
0
0
0
0
0
0
0
0
0
0
0
0
0
0
0
0
0
0
0
0
0
0
0
0
0
0
0
0
0
0
0
0
0
0
0
0
0
0
0
0
0
0
0
0
0
0
0
0
0
0
0
0
0
0
0
0
0
0
0
0
0
0
0
0
0
0
-4.1832
0
0
0
0
0
0
0
0
0
0
0
0
0
0
0
0
0
0
0
0
0
0
0
0
0
0
0
0
0
0
0
0
0
0
0
0
0
0
0
0
0
0
0
0
0
0
0
0
0
0
4.1832
0
0
0
0
0
0
0
0
0
0
0
0
0
0
0
0
0
0
0
0
0
0
0
0
0
0
0
0
0
0
0
0
0
0
0
0
0
0
0
0
0
0
0
0
0
0
0
0
0
0
0
0
0
0
0
0
0
0
-5.2944
0
0
0
0
0
0
0
0
0
0
0
0
0
0
0
0
0
0
0
0
0
0
0
0
0
0
0
0
0
0
0
0
0
0
0
0
0
0
0
0
0
0
0
0
0
0
0
0
0
0
0
0
0
0
0
0
0
0
0
5.2944
0
0
0
0
0
0
0
0
0
0
0
0
0
0
0
0
0
0
0
0
0
0
0
0
0
0
0
0
0
0
0
0
0
0
0
0
0
0
0
0
0
0
0
0
0
-6.4313
0
0
0
0
0
0
0
0
0
0
0
0
0
0
0
0
0
0
0
0
0
0
0
0
0
0
0
0
0
0
0
0
0
0
0
0
0
0
0
0
0
0
0
0
0
0
0
0
0
0
0
0
0
0
0
0
0
0
0
0
0
0
0
0
0
0
0
0
0
0
0
0
6.4313
0
0
0
0
0
0
0
0
0
0
0
0
0
0
0
0
0
0
0
0
0
0
0
0
0
0
0
0
0
0
0
0
0
0
0
0
0
0
0
0
0
0
0
0
0
0
0
0
0
0
0
0
0
0
0
0
0
0
0
0
0
0
0
0
0
0
0
0
0
0
0
0
0
0
0
0
0
0
0
0
0
0
0
0
0
0
0
0
0
0
0
0
-4.3251
0
0
0
0
0
0
0
0
0
0
0
0
0
0
0
0
0
0
0
0
0
0
0
0
0
4.3251
0
0
0
0
0
0
0
0
0
0
0
0
0
0
0
0
0
0
0
0
0
0
0
0
0
0
0
0
0
0
0
0
0
0
0
0
0
0
0
0
0
0
0
0
0
0
0
0
0
0
0
0
0
0
0
0
0
0
0
0
0
0
0
0
0
0
0
0
0
0
0
0
0
0
0
0
0
0
0
0
0
0
0
0
0
0
0
-3.3459
0
0
0
0
0
0
0
0
0
0
0
0
0
0
0
0
0
0
0
0
0
0
0
0
0
0
0
0
0
0
3.3459
0
0
0
0
0
0
0
0
0
0
0
0
0
0
0
0
0
0
0
0
0
0
0
0
0
0
0
0
0
0
0
0
0
0
0
0
0
0
0
0
0
0
0
0
0
0
0
0
0
0
0
0
0
0
0
0
0
0
0
0
0
0
0
0
0
0
0
-3.5713
0
0
0
0
0
0
0
0
0
0
0
0
0
0
0
0
0
0
0
0
0
0
0
0
0
0
0
0
0
0
0
0
0
0
0
0
0
0
0
0
0
0
0
0
0
0
0
0
0
0
3.5713
0
0
0
0
0
0
0
0
0
0
0
0
0
0
0
0
0
0
0
0
0
0
0
0
0
0
0
0
0
0
0
0
0
0
0
0
0
0
0
0
0
0
0
0
0
0
0
0
0
0
0
0
0
0
0
0
0
0
0
-4.4252
0
0
0
0
0
0
0
0
0
0
0
0
0
0
0
0
0
0
0
0
0
0
0
0
0
0
0
0
0
0
0
0
0
0
0
0
0
0
0
0
0
0
0
0
0
0
0
0
0
0
0
0
0
0
0
0
0
0
4.4252
0
0
0
0
0
0
0
0
0
0
0
0
0
0
0
0
0
0
0
0
0
0
0
0
0
0
0
0
0
0
-6.574
0
0
0
0
0
0
0
0
0
0
0
0
0
0
0
0
0
0
0
0
0
0
0
0
0
0
0
0
0
0
0
0
0
0
0
0
0
0
0
0
0
0
0
0
0
0
0
0
0
0
0
0
0
0
0
0
0
0
0
0
0
0
0
0
0
0
0
0
0
0
0
0
0
0
0
0
0
0
0
0
0
0
0
0
0
0
0
6.574
0
0
0
0
0
0
0
0
0
0
0
0
0
0
0
0
0
0
0
0
0
0
0
0
0
0
0
0
0
0
0
0
0
0
0
0
0
0
0
0
0
0
0
0
0
0
0
0
0
0
0
0
0
0
0
0
0
0
0
0
0
0
0
0
0
0
0
0
0
0
0
0
0
0
0
0
0
0
0
0
0
0
0
0
0
0
-0.54286
0
0
0
0
0
0
0
0
0
0
0
0
0
0
0
0
0
0
0
0
0
0
0
0
0
0
0
0
0
0
0
0.54286
0
0
0
0
0
0
0
0
0
0
0
0
0
0
0
-7.7146
0
0
0
0
0
0
0
0
0
0
0
0
0
0
0
0
0
0
0
0
0
0
0
0
0
0
0
0
0
0
0
0
0
0
0
0
0
0
0
0
0
0
0
0
0
0
0
0
0
0
0
0
0
0
0
0
0
0
0
0
0
0
0
0
0
0
0
0
0
0
0
0
0
0
0
0
0
0
0
0
0
0
0
0
0
0
0
0
0
0
0
0
0
0
0
0
0
0
0
0
0
0
7.7146
0
0
0
0
0
0
0
0
0
0
0
0
0
0
0
0
0
0
0
0
0
0
0
0
0
0
0
0
0
0
-6.4615
0
0
0
0
0
0
0
0
0
0
0
0
0
0
0
0
0
0
0
0
0
0
0
0
0
0
0
0
0
0
0
0
0
0
0
0
0
0
0
0
0
0
0
0
0
0
0
0
0
0
0
0
0
0
0
0
0
0
0
0
0
0
0
0
0
0
0
0
0
0
0
0
0
0
0
0
0
0
0
0
0
0
0
0
0
0
0
6.4615
0
0
0
0
0
0
0
0
-7.5313
0
0
0
0
0
0
0
0
0
0
0
0
0
0
0
0
0
0
0
0
0
0
0
0
0
0
0
0
0
0
0
0
0
0
0
0
0
0
0
0
0
0
0
0
0
0
0
0
0
0
0
0
0
0
0
0
0
0
0
0
0
0
0
0
0
0
0
0
0
0
0
0
0
0
0
0
0
0
0
0
0
0
0
0
0
0
0
0
0
0
0
0
0
0
0
0
0
0
0
0
0
0
0
0
0
0
0
0
0
7.5313
0
0
0
0
0
0
0
0
0
0
0
0
0
0
0
0
0
0
0
0
0
0
0
0
0
0
0
0
0
0
0
0
0
0
0
0
0
0
0
-6.2855
0
0
0
0
0
0
0
0
0
0
0
0
0
0
0
0
0
0
0
0
0
0
0
0
0
0
0
0
0
0
0
0
0
0
0
0
0
0
0
0
0
0
0
0
0
0
0
0
0
0
0
0
0
0
0
0
0
0
0
0
0
0
0
0
0
0
0
0
0
0
0
0
0
0
0
0
0
0
6.2855
0
0
0
0
0
0
0
0
0
0
0
0
0
0
0
0
0
0
0
0
0
0
0
0
0
0
0
0
0
0
0
0
0
0
0
0
0
0
0
0
0
0
0
0
0
0
0
-5.2943
0
0
0
0
0
0
0
0
0
0
0
0
0
0
0
0
0
0
0
0
0
0
0
0
0
0
0
0
0
0
0
0
0
0
0
0
0
0
0
0
0
0
0
0
0
0
0
0
0
0
0
0
0
0
0
0
0
0
0
0
0
0
0
0
0
0
0
0
0
0
5.2943
0
0
0
0
0
0
0
0
0
0
0
0
0
0
0
-7.1054
0
0
0
0
0
0
0
0
0
0
0
0
0
0
0
0
0
0
0
0
0
0
0
0
0
0
0
0
0
0
0
0
0
0
0
0
0
0
0
0
0
0
0
0
0
0
0
0
0
0
0
0
0
0
0
0
0
0
0
0
0
0
0
0
0
0
0
0
0
0
0
0
0
0
0
0
0
0
0
0
0
0
0
0
0
0
0
0
0
0
0
0
0
0
0
0
0
0
0
0
0
0
7.1054
0
0
0
0
0
0
0
0
0
0
0
0
0
0
0
0
0
0
0
0
0
0
0
0
0
0
0
0
0
0
0
0
-6.4313
0
0
0
0
0
0
0
0
0
0
0
0
0
0
0
0
0
0
0
0
0
0
0
0
0
0
0
0
0
0
0
0
0
0
0
0
0
0
0
0
0
0
0
0
0
0
0
0
0
0
0
0
0
0
0
0
0
0
0
0
0
0
0
0
0
0
0
0
0
0
0
0
0
0
0
0
0
0
0
0
0
0
0
0
0
6.4313
0
0
0
0
0
0
0
0
0
0
0
0
0
0
0
0
-7.1647
0
0
0
0
0
0
0
0
0
0
0
0
0
0
0
0
0
0
0
0
0
0
0
0
0
0
0
0
0
0
0
0
0
0
0
0
0
0
0
0
0
0
0
0
0
0
0
0
0
0
0
0
0
0
0
0
0
0
0
0
0
0
0
0
0
0
0
0
0
0
0
0
0
0
0
0
0
0
0
0
0
0
0
0
0
0
0
0
0
0
0
0
0
0
0
0
0
0
0
0
0
7.1647
0
0
0
0
0
0
0
0
0
0
0
0
0
0
0
0
0
0
0
0
0
0
0
0
0
0
0
0
0
0
0
0
0
0
0
0
0
0
0
0
-5.7363
0
0
0
0
0
0
0
0
0
0
0
0
0
0
0
0
0
0
0
0
0
0
0
0
0
0
0
0
0
0
0
0
0
0
0
0
0
0
0
0
0
0
0
0
0
0
0
0
0
0
0
0
0
0
0
0
0
0
0
0
0
0
0
0
0
0
0
0
0
0
0
0
0
0
0
0
0
5.7363
0
0
0
0
0
0
0
0
0
0
0
0
0
0
0
0
0
0
0
0
0
0
0
0
0
0
0
0
0
0
0
0
0
0
0
0
0
0
0
0
0
0
0
0
0
0
0
0
0
0
0
0
0
0
0
0
0
0
0
0
0
0
0
0
0
0
0
0
0
0
0
0
0
0
0
-5.4661
0
0
0
0
0
0
0
0
0
0
0
0
0
0
0
0
0
0
0
0
0
0
0
0
0
0
0
0
0
0
0
0
0
0
0
0
0
0
0
0
0
0
5.4661
