62.194
-0.7381
-0.77264
-0.74601
-0.71857
-0.84626
-0.73463
-0.76354
-0.75102
-0.70436
-0.79774
-0.70437
-0.71591
-0.78604
-0.76121
-0.70757
-0.70759
-0.71619
-0.79438
-0.73086
-0.77918
-0.81701
-0.72557
-0.76729
-0.72531
-0.7384
-0.74446
-0.74579
-0.85997
-0.80302
-0.79067
-0.79065
-0.86246
-0.77814
-0.75253
-0.76223
-0.76224
-0.8184
-0.90293
-0.86749
-0.8913
-0.89123
-0.8053
-0.8283
-0.81099
-0.89548
-0.94318
-0.84943
-0.8859
-0.93886
-0.8135
-0.86652
-0.8481
-0.8333
-0.8559
-0.94758
-0.90767
-1.0171
-1.2507
-1.1327
-1.7314
-1.8387
0
0
0
-2.4034
0
0
0
0
0
0
0
0
0
0
0
0
0
0
0
0
0
0
0
0
0
0
0
0
0
0
0
0
0
0
0
0
0
0
0
0
0
0
0
0
0
0
0
0
-8.0167
0
0
0
0
0
0
0
-0.7381
56.6274
-0.73012
-0.7153
-0.68359
-0.76825
-0.69829
-0.72511
-0.71428
-0.66877
-0.74745
-0.66877
-0.67967
-0.73276
-0.7031
-0.67167
-0.67169
-0.68013
-0.75044
-0.69402
-0.74191
-0.77307
-0.68933
-0.73049
-0.68907
-0.70069
-0.70791
-0.70935
-0.81665
-0.7657
-0.75361
-0.75359
-0.81772
-0.74126
-0.71638
-0.72594
-0.72593
-0.78003
-0.85811
-0.82964
-0.8492
-0.84913
-0.76836
-0.78799
-0.7742
-0.85642
-0.90059
-0.81092
-0.84544
-0.90112
-0.77433
-0.82715
-0.81286
-0.79432
-0.81878
-0.91082
-0.86759
-0.97926
-1.2152
-1.0988
-1.7224
-1.8279
0
0
0
-2.4468
0
0
0
0
0
0
0
0
0
0
0
0
0
0
0
0
0
0
0
0
0
0
0
0
0
0
0
-4.7199
0
0
0
0
0
0
0
0
0
0
0
0
0
0
0
0
0
0
0
0
0
0
0
0
-0.77264
-0.73012
58.5878
-0.73926
-0.70992
-0.80367
-0.72534
-0.75102
-0.74206
-0.6954
-0.77905
-0.69541
-0.70658
-0.76315
-0.75823
-0.69855
-0.69857
-0.70761
-0.78236
-0.72159
-0.77036
-0.8014
-0.71684
-0.75923
-0.71658
-0.72799
-0.7357
-0.7349
-0.84376
-0.79455
-0.78223
-0.7822
-0.8476
-0.76977
-0.74444
-0.75412
-0.75412
-0.80864
-0.88622
-0.85968
-0.87846
-0.87839
-0.7967
-0.81774
-0.80342
-0.88674
-0.93105
-0.8421
-0.87723
-0.93216
-0.78513
-0.85955
-0.84962
-0.82203
-0.84461
-0.94187
-0.90027
-1.0114
-1.2498
-1.1257
-1.7451
-1.8517
0
0
0
-2.4607
0
0
0
0
0
0
0
0
0
0
0
0
0
0
0
0
0
0
0
0
-4.9253
0
0
0
0
0
0
0
0
0
0
0
0
0
0
0
0
0
0
0
0
0
0
0
0
0
0
0
0
0
0
0
-0.74601
-0.7153
-0.73926
52.1634
-0.68515
-0.77534
-0.70119
-0.72491
-0.71799
-0.67134
-0.75237
-0.67135
-0.68251
-0.7393
-0.734
-0.6748
-0.67481
-0.68344
-0.75703
-0.69789
-0.74574
-0.78022
-0.69293
-0.73357
-0.69267
-0.70515
-0.71148
-0.7129
-0.82575
-0.7693
-0.75719
-0.75718
-0.82376
-0.74481
-0.71975
-0.72932
-0.72932
-0.78408
-0.86483
-0.8335
-0.8556
-0.85553
-0.77279
-0.79408
-0.77765
-0.86203
-0.90737
-0.81664
-0.85211
-0.90494
-0.77804
-0.83389
-0.81453
-0.79993
-0.82202
-0.91433
-0.87525
-0.98325
-1.2194
-1.0991
-1.716
-1.8217
0
0
0
-2.4298
0
0
0
0
0
0
0
0
0
0
0
0
0
0
0
0
0
0
0
0
0
0
0
0
0
0
0
0
0
0
0
0
0
0
0
0
0
0
0
0
0
0
0
0
0
0
0
0
0
0
0
0
-0.71857
-0.68359
-0.70992
-0.68515
45.7258
-0.73576
-0.6619
-0.69112
-0.67888
-0.63709
-0.71457
-0.63709
-0.64685
-0.70335
-0.69608
-0.64047
-0.64049
-0.64859
-0.71895
-0.66214
-0.7092
-0.74535
-0.65739
-0.69714
-0.65714
-0.66908
-0.67538
-0.67419
-0.78535
-0.73192
-0.72009
-0.72006
-0.78343
-0.70787
-0.68329
-0.6927
-0.6927
-0.74564
-0.82241
-0.79493
-0.81591
-0.81584
-0.73591
-0.75567
-0.74026
-0.82376
-0.86686
-0.77861
-0.81298
-0.86593
-0.74206
-0.79505
-0.77759
-0.77066
-0.78542
-0.87559
-0.8365
-0.94344
-1.1776
-1.0588
-1.6755
0
0
0
0
0
0
0
0
0
0
0
0
0
0
0
0
0
0
0
0
0
0
0
0
0
0
0
0
0
0
0
0
0
0
0
0
0
0
0
0
0
0
0
0
0
0
0
0
0
0
0
0
0
0
0
0
0
-0.84626
-0.76825
-0.80367
-0.77534
-0.73576
57.3382
-0.74872
-0.77698
-0.76531
-0.71786
-0.81404
-0.71787
-0.7296
-0.80505
-0.77551
-0.7212
-0.72123
-0.7298
-0.80925
-0.74451
-0.79322
-0.83297
-0.7392
-0.78153
-0.73894
-0.75274
-0.75804
-0.76248
-0.87597
-0.81696
-0.80459
-0.80457
-0.87828
-0.79195
-0.76605
-0.77581
-0.77582
-0.83267
-0.91731
-0.88176
-0.90632
-0.90625
-0.82037
-0.84285
-0.8247
-0.91047
-0.9587
-0.86327
-0.90054
-0.95309
-0.83355
-0.8807
-0.86313
-0.85816
-0.87208
-0.96177
-0.92172
-1.0318
-1.266
-1.1494
0
0
0
0
0
0
0
0
0
0
0
0
0
0
0
0
0
0
0
0
0
0
0
0
0
0
0
0
0
0
0
0
0
0
0
0
0
0
0
0
0
0
0
0
0
0
0
0
-8.2262
0
0
0
0
0
0
0
0
0
-0.73463
-0.69829
-0.72534
-0.70119
-0.6619
-0.74872
46.8275
-0.70414
-0.69039
-0.64822
-0.72692
-0.64822
-0.65424
-0.71572
-0.7089
-0.65216
-0.65218
-0.66062
-0.73166
-0.67092
-0.72209
-0.76161
-0.67001
-0.71014
-0.66977
-0.67846
-0.6881
-0.69132
-0.79898
-0.7452
-0.73329
-0.73326
-0.7975
-0.721
-0.69626
-0.70573
-0.70573
-0.75987
-0.83701
-0.80862
-0.82942
-0.82936
-0.74934
-0.76796
-0.75336
-0.83877
-0.88127
-0.78645
-0.82514
-0.88008
-0.75722
-0.80734
-0.79165
-0.78477
-0.79965
-0.88989
-0.85005
-0.95823
-1.1938
-1.0747
0
0
0
-2.0107
0
0
0
0
0
0
0
0
0
0
0
0
0
0
0
0
0
0
0
0
0
0
0
0
0
0
0
0
0
0
0
0
0
0
0
0
0
0
0
0
0
0
0
0
0
0
0
0
0
0
0
0
0
0
-0.76354
-0.72511
-0.75102
-0.72491
-0.69112
-0.77698
-0.70414
51.2488
-0.72175
-0.67419
-0.75339
-0.67418
-0.68505
-0.74201
-0.73794
-0.67756
-0.67758
-0.6865
-0.76045
-0.70011
-0.74863
-0.77942
-0.69571
-0.73777
-0.69545
-0.70639
-0.71415
-0.71621
-0.8211
-0.77232
-0.76022
-0.76019
-0.82456
-0.74782
-0.72279
-0.73237
-0.73238
-0.7862
-0.86206
-0.83697
-0.8548
-0.85473
-0.77531
-0.79494
-0.78114
-0.86542
-0.90742
-0.8202
-0.85389
-0.90905
-0.76517
-0.83634
-0.82878
-0.80652
-0.82338
-0.91893
-0.87728
-0.98803
-1.225
-1.1021
0
0
0
0
0
0
0
0
0
0
0
0
0
0
0
0
0
0
0
0
-4.8801
0
0
0
0
0
0
0
0
0
0
0
0
0
0
0
0
0
0
0
0
0
0
0
0
0
0
0
0
0
0
0
0
0
0
0
0
0
-0.75102
-0.71428
-0.74206
-0.71799
-0.67888
-0.76531
-0.69039
-0.72175
48.2745
-0.66368
-0.74428
-0.66368
-0.67258
-0.73219
-0.72624
-0.66777
-0.66779
-0.6767
-0.74892
-0.68862
-0.73903
-0.78079
-0.68661
-0.72726
-0.68635
-0.69748
-0.70489
-0.70826
-0.81759
-0.76269
-0.75067
-0.75065
-0.81634
-0.7383
-0.71329
-0.72283
-0.72283
-0.77773
-0.85464
-0.82669
-0.847
-0.84693
-0.76693
-0.78523
-0.771
-0.85699
-0.89986
-0.7964
-0.84286
-0.89828
-0.77466
-0.82411
-0.80916
-0.80233
-0.81789
-0.90845
-0.85802
-0.97716
-1.2136
-1.0948
0
0
0
0
0
0
0
-2.4638
0
0
0
0
0
0
0
0
0
0
0
0
0
0
0
0
0
0
0
0
0
0
0
0
0
0
0
0
0
0
0
0
0
0
0
0
0
0
0
0
0
0
0
0
0
0
0
0
0
0
-0.70436
-0.66877
-0.6954
-0.67134
-0.63709
-0.71786
-0.64822
-0.67419
-0.66368
43.0352
-0.69733
-0.60469
-0.63219
-0.6862
-0.67918
-0.62465
-0.62468
-0.63206
-0.70146
-0.64522
-0.69204
-0.72552
-0.64078
-0.6801
-0.64053
-0.65227
-0.65841
-0.66061
-0.76936
-0.71413
-0.70258
-0.70256
-0.7649
-0.6904
-0.6661
-0.67541
-0.67542
-0.72813
-0.80395
-0.77671
-0.79739
-0.79733
-0.71845
-0.73772
-0.72245
-0.80557
-0.84836
-0.76035
-0.79422
-0.84714
-0.72733
-0.77654
-0.75976
-0.75304
-0.7675
-0.85673
-0.8173
-0.92411
-1.1565
-1.0389
0
0
0
0
0
0
0
0
0
0
0
0
0
0
0
0
0
0
0
0
0
0
0
0
0
0
0
0
0
0
0
0
0
0
0
0
0
0
0
0
0
0
0
0
0
0
0
0
0
0
0
0
0
0
0
0
0
0
-0.79774
-0.74745
-0.77905
-0.75237
-0.71457
-0.81404
-0.72692
-0.75339
-0.74428
-0.69733
54.9567
-0.69733
-0.7074
-0.7629
-0.75589
-0.69835
-0.69837
-0.70704
-0.77792
-0.72089
-0.76973
-0.80145
-0.71623
-0.75748
-0.71596
-0.72565
-0.73489
-0.73863
-0.84413
-0.79348
-0.78128
-0.78126
-0.84726
-0.76875
-0.74343
-0.7531
-0.7531
-0.8088
-0.88521
-0.85812
-0.87655
-0.87649
-0.79515
-0.81455
-0.80189
-0.88769
-0.92984
-0.84399
-0.87199
-0.93029
-0.7939
-0.85298
-0.84018
-0.8303
-0.84866
-0.93985
-0.89579
-1.0096
0
0
0
0
0
0
0
0
0
0
0
-2.0978
0
0
0
0
0
0
0
0
0
0
0
0
0
0
0
0
0
0
0
0
0
0
0
0
0
0
0
0
0
0
0
0
0
0
0
0
0
0
0
0
0
0
0
-7.588
0
0
0
0
-0.70437
-0.66877
-0.69541
-0.67135
-0.63709
-0.71787
-0.64822
-0.67418
-0.66368
-0.60469
-0.69733
43.0353
-0.63218
-0.68619
-0.67918
-0.62466
-0.62468
-0.63206
-0.70146
-0.64523
-0.69204
-0.72552
-0.64079
-0.6801
-0.64053
-0.65227
-0.65841
-0.66061
-0.76937
-0.71414
-0.70258
-0.70256
-0.7649
-0.6904
-0.6661
-0.67542
-0.67542
-0.72814
-0.80395
-0.77671
-0.7974
-0.79734
-0.71844
-0.73771
-0.72245
-0.80558
-0.84836
-0.76035
-0.79422
-0.84715
-0.72733
-0.77655
-0.75977
-0.75305
-0.7675
-0.85674
-0.81732
-0.92412
-1.1565
-1.0389
0
0
0
0
0
0
0
0
0
0
0
0
0
0
0
0
0
0
0
0
0
0
0
0
0
0
0
0
0
0
0
0
0
0
0
0
0
0
0
0
0
0
0
0
0
0
0
0
0
0
0
0
0
0
0
0
0
0
-0.71591
-0.67967
-0.70658
-0.68251
-0.64685
-0.7296
-0.65424
-0.68505
-0.67258
-0.63219
-0.7074
-0.63218
44.5965
-0.69638
-0.689
-0.63477
-0.63478
-0.6425
-0.71117
-0.65238
-0.7027
-0.73718
-0.65123
-0.69064
-0.65098
-0.65931
-0.66906
-0.67203
-0.77921
-0.72525
-0.71356
-0.71354
-0.77578
-0.70133
-0.67685
-0.68622
-0.68623
-0.73976
-0.8156
-0.788
-0.8084
-0.80835
-0.72658
-0.74767
-0.73336
-0.81798
-0.85982
-0.76557
-0.80407
-0.85894
-0.73728
-0.78661
-0.77145
-0.76475
-0.77947
-0.8688
-0.82904
-0.93652
-1.1698
0
0
0
0
-1.9819
0
0
0
0
0
0
0
0
0
0
0
0
0
0
0
0
0
0
0
0
0
0
0
0
0
0
0
0
0
0
0
0
0
0
0
0
0
0
0
0
0
0
0
0
0
0
0
0
0
0
0
0
0
0
-0.78604
-0.73276
-0.76315
-0.7393
-0.70335
-0.80505
-0.71572
-0.74201
-0.73219
-0.6862
-0.7629
-0.68619
-0.69638
54.0882
-0.74444
-0.68726
-0.68729
-0.69559
-0.76654
-0.70959
-0.75782
-0.78912
-0.70475
-0.74591
-0.7045
-0.71585
-0.72326
-0.72846
-0.83086
-0.78128
-0.76915
-0.76913
-0.83429
-0.75666
-0.73149
-0.7411
-0.74111
-0.79655
-0.87504
-0.84556
-0.8652
-0.86512
-0.78287
-0.80358
-0.78945
-0.87426
-0.91821
-0.82851
-0.86121
-0.91701
-0.79257
-0.84256
-0.82735
-0.81108
-0.83473
-0.92615
-0.88504
-0.99565
0
0
0
-1.8316
0
0
0
0
0
0
0
0
0
0
0
0
0
0
0
0
0
0
0
0
0
0
0
0
0
0
0
0
0
0
0
0
0
0
0
0
0
0
0
0
0
0
0
0
0
0
0
0
0
0
0
0
0
-7.6522
0
0
-0.76121
-0.7031
-0.75823
-0.734
-0.69608
-0.77551
-0.7089
-0.73794
-0.72624
-0.67918
-0.75589
-0.67918
-0.689
-0.74444
50.1885
-0.68203
-0.68205
-0.69074
-0.76257
-0.70474
-0.75336
-0.78818
-0.70042
-0.74228
-0.70016
-0.71171
-0.719
-0.72221
-0.83088
-0.77725
-0.76518
-0.76516
-0.82956
-0.75275
-0.72774
-0.73734
-0.73733
-0.79209
-0.86836
-0.84183
-0.86055
-0.86048
-0.7785
-0.79916
-0.78603
-0.86994
-0.91319
-0.82293
-0.8569
-0.91395
-0.79129
-0.83836
-0.82661
-0.81542
-0.83325
-0.92418
-0.87931
-0.99296
-1.2293
0
0
0
0
0
0
0
0
0
0
0
0
0
0
0
0
0
0
0
0
0
0
0
0
0
0
0
0
0
0
0
0
0
0
-4.6623
0
0
0
0
0
0
0
0
0
0
0
0
0
0
0
0
0
0
0
0
0
0
0
0
-0.70757
-0.67167
-0.69855
-0.6748
-0.64047
-0.7212
-0.65216
-0.67756
-0.66777
-0.62465
-0.69835
-0.62466
-0.63477
-0.68726
-0.68203
40.9377
-0.60647
-0.63263
-0.70241
-0.64621
-0.69345
-0.72554
-0.64206
-0.6814
-0.6418
-0.65359
-0.65964
-0.66212
-0.77027
-0.71538
-0.70392
-0.70389
-0.76773
-0.69166
-0.66733
-0.67666
-0.67667
-0.73022
-0.80581
-0.77812
-0.79908
-0.79902
-0.71726
-0.73931
-0.72363
-0.80752
-0.85111
-0.76183
-0.79593
-0.84843
-0.72973
-0.77822
-0.76133
-0.7555
-0.76973
-0.85732
-0.81875
-0.9255
0
0
0
0
0
0
0
0
0
0
0
0
0
0
0
0
0
0
0
0
0
0
0
0
0
0
0
0
0
0
0
0
0
0
0
0
0
0
0
0
0
0
0
0
0
0
0
0
0
0
0
0
0
0
0
0
0
0
0
0
-0.70759
-0.67169
-0.69857
-0.67481
-0.64049
-0.72123
-0.65218
-0.67758
-0.66779
-0.62468
-0.69837
-0.62468
-0.63478
-0.68729
-0.68205
-0.60647
40.9385
-0.63265
-0.70242
-0.64623
-0.69346
-0.72555
-0.64207
-0.68142
-0.64182
-0.65361
-0.65966
-0.66213
-0.77028
-0.7154
-0.70392
-0.7039
-0.76775
-0.69167
-0.66733
-0.67668
-0.67669
-0.73024
-0.80582
-0.77812
-0.79909
-0.79903
-0.71727
-0.73932
-0.72364
-0.80754
-0.85112
-0.76184
-0.79595
-0.84844
-0.72974
-0.77824
-0.76134
-0.75551
-0.76975
-0.85733
-0.81877
-0.92551
0
0
0
0
0
0
0
0
0
0
0
0
0
0
0
0
0
0
0
0
0
0
0
0
0
0
0
0
0
0
0
0
0
0
0
0
0
0
0
0
0
0
0
0
0
0
0
0
0
0
0
0
0
0
0
0
0
0
0
0
-0.71619
-0.68013
-0.70761
-0.68344
-0.64859
-0.7298
-0.66062
-0.6865
-0.6767
-0.63206
-0.70704
-0.63206
-0.6425
-0.69559
-0.69074
-0.63263
-0.63265
39.0661
-0.70913
-0.65372
-0.70199
-0.7324
-0.64986
-0.68969
-0.6496
-0.66148
-0.66718
-0.66942
-0.77643
-0.72295
-0.71157
-0.71156
-0.77994
-0.69929
-0.67498
-0.68435
-0.68435
-0.73747
-0.81394
-0.78603
-0.80722
-0.80715
-0.72513
-0.74723
-0.73131
-0.81512
-0.85943
-0.77068
-0.80424
-0.8573
0
-0.78666
-0.76868
-0.76468
0
-0.8653
0
-0.93374
0
0
0
0
0
0
0
0
0
0
0
0
0
0
0
0
0
0
0
0
0
0
0
0
0
0
0
0
0
0
0
0
0
0
0
0
0
0
0
0
0
0
0
0
0
0
0
0
0
0
0
0
0
0
0
0
0
0
0
0
-0.79438
-0.75044
-0.78236
-0.75703
-0.71895
-0.80925
-0.73166
-0.76045
-0.74892
-0.70146
-0.77792
-0.70146
-0.71117
-0.76654
-0.76257
-0.70241
-0.70242
-0.70913
48.4477
-0.72097
-0.77031
-0.81795
-0.71682
-0.75202
-0.71656
-0.72803
-0.73517
-0.73895
-0.8412
-0.79328
-0.7813
-0.78129
-0.84748
-0.7688
-0.74338
-0.75303
-0.75302
-0.80721
-0.88661
-0.85806
-0.87656
-0.8765
-0.79468
-0.81482
-0.80206
-0.88675
-0.9297
-0.84141
-0.87323
-0.93159
0
-0.85535
0
0
0
0
0
0
0
0
0
0
-2.2134
0
0
0
0
0
0
0
0
0
0
0
0
0
0
0
0
0
0
0
0
0
0
0
0
0
0
0
0
0
0
0
0
0
0
0
0
0
0
0
0
0
0
0
-7.0517
0
0
0
0
0
0
0
0
0
0
0
-0.73086
-0.69402
-0.72159
-0.69789
-0.66214
-0.74451
-0.67092
-0.70011
-0.68862
-0.64522
-0.72089
-0.64523
-0.65238
-0.70959
-0.70474
-0.64621
-0.64623
-0.65372
-0.72097
37.5475
-0.71825
-0.74427
-0.66321
-0.70418
-0.66296
-0.67117
-0.67987
-0.68277
-0.79004
-0.73572
-0.72448
-0.72446
-0.79195
-0.71208
-0.68752
-0.69696
-0.69696
-0.74949
-0.82736
-0.79934
-0.8207
-0.82063
-0.73858
-0.75945
-0.74494
-0.82913
-0.87268
-0.77682
-0.81654
-0.87106
0
0
0
0
0
0
0
0
0
0
0
0
0
-1.9781
0
0
0
0
0
0
0
0
0
0
0
0
0
0
0
0
0
0
0
0
0
0
0
0
0
0
0
0
0
0
0
0
0
0
0
0
0
0
0
0
0
0
0
0
0
0
0
0
0
0
0
0
0
0
-0.77918
-0.74191
-0.77036
-0.74574
-0.7092
-0.79322
-0.72209
-0.74863
-0.73903
-0.69204
-0.76973
-0.69204
-0.7027
-0.75782
-0.75336
-0.69345
-0.69346
-0.70199
-0.77031
-0.71825
36.2022
-0.79089
-0.70946
-0.75613
-0.70919
-0.72328
-0.72677
-0.74038
-0.83167
-0.78779
-0.77556
-0.77555
-0.84288
-0.76175
-0.73661
-0.74635
-0.74635
-0.8081
-0.89038
-0.85172
-0.87616
-0.87609
-0.79095
-0.81354
-0.79701
-0.88153
0
-0.83715
0
-0.92441
0
0
0
0
0
0
0
0
0
0
0
0
0
0
0
0
0
0
0
0
0
0
0
0
0
0
0
0
0
0
0
0
0
0
0
0
0
0
0
0
0
0
0
0
0
0
0
0
0
0
0
0
0
0
0
0
0
0
0
0
0
0
0
0
0
0
0
0
-0.81701
-0.77307
-0.8014
-0.78022
-0.74535
-0.83297
-0.76161
-0.77942
-0.78079
-0.72552
-0.80145
-0.72552
-0.73718
-0.78912
-0.78818
-0.72554
-0.72555
-0.7324
-0.81795
-0.74427
-0.79089
48.7387
-0.73666
-0.7772
-0.7364
-0.74911
-0.75465
-0.74997
-0.84982
-0.81296
-0.80095
-0.80092
-0.85809
-0.78755
-0.7623
-0.77208
-0.77207
-0.83339
-0.89303
-0.87723
-0.90098
-0.9009
-0.80817
-0.83904
-0.82251
0
0
0
0
0
0
0
0
0
0
0
0
0
0
0
0
0
0
0
0
0
-2.246
0
0
0
0
0
0
0
0
0
0
0
0
0
0
0
0
0
0
-4.7795
0
0
0
0
0
0
0
0
0
0
0
0
0
0
0
0
0
0
0
0
0
0
0
-6.9418
0
0
0
0
0
0
0
0
-0.72557
-0.68933
-0.71684
-0.69293
-0.65739
-0.7392
-0.67001
-0.69571
-0.68661
-0.64078
-0.71623
-0.64079
-0.65123
-0.70475
-0.70042
-0.64206
-0.64207
-0.64986
-0.71682
-0.66321
-0.70946
-0.73666
31.9613
-0.69714
-0.6229
-0.66193
-0.66924
-0.68661
-0.78421
-0.72666
-0.71594
-0.71592
-0.79589
-0.70169
-0.6794
-0.6889
-0.6889
-0.74891
-0.81898
-0.79149
-0.81602
-0.81596
-0.7331
-0.75503
-0.73877
-0.8198
0
0
0
0
0
0
0
0
0
0
0
0
0
0
0
0
0
0
0
0
0
0
0
0
0
0
0
0
0
0
0
0
0
0
0
0
0
0
0
0
0
0
0
0
0
0
0
0
0
0
0
0
0
0
0
0
0
0
0
0
0
0
0
0
0
0
0
0
0
0
0
0
-0.76729
-0.73049
-0.75923
-0.73357
-0.69714
-0.78153
-0.71014
-0.73777
-0.72726
-0.6801
-0.75748
-0.6801
-0.69064
-0.74591
-0.74228
-0.6814
-0.68142
-0.68969
-0.75202
-0.70418
-0.75613
-0.7772
-0.69714
35.1656
-0.6969
-0.70434
-0.71187
-0.72438
-0.82048
-0.77247
-0.76103
-0.76101
-0.83513
-0.74711
-0.72298
-0.73274
-0.73274
-0.79269
-0.87338
-0.83625
-0.86143
-0.86138
-0.77358
-0.79977
-0.78297
0
0
0
0
0
0
0
0
0
0
0
0
0
0
0
0
0
-2.1809
0
0
0
0
0
0
0
0
0
0
0
0
0
0
0
0
0
0
0
0
0
0
0
0
0
0
0
0
0
0
0
0
0
0
0
0
0
0
0
0
0
0
0
0
0
0
0
0
0
0
0
0
0
0
0
-0.72531
-0.68907
-0.71658
-0.69267
-0.65714
-0.73894
-0.66977
-0.69545
-0.68635
-0.64053
-0.71596
-0.64053
-0.65098
-0.7045
-0.70016
-0.6418
-0.64182
-0.6496
-0.71656
-0.66296
-0.70919
-0.7364
-0.6229
-0.6969
31.9494
-0.66167
-0.66896
-0.68637
-0.78396
-0.72637
-0.71565
-0.71563
-0.79565
-0.70139
-0.67913
-0.68862
-0.68861
-0.74856
-0.81883
-0.79119
-0.81566
-0.8156
-0.7328
-0.75472
-0.73848
-0.81949
0
0
0
0
0
0
0
0
0
0
0
0
0
0
0
0
0
0
0
0
0
0
0
0
0
0
0
0
0
0
0
0
0
0
0
0
0
0
0
0
0
0
0
0
0
0
0
0
0
0
0
0
0
0
0
0
0
0
0
0
0
0
0
0
0
0
0
0
0
0
0
0
-0.7384
-0.70069
-0.72799
-0.70515
-0.66908
-0.75274
-0.67846
-0.70639
-0.69748
-0.65227
-0.72565
-0.65227
-0.65931
-0.71585
-0.71171
-0.65359
-0.65361
-0.66148
-0.72803
-0.67117
-0.72328
-0.74911
-0.66193
-0.70434
-0.66167
34.5962
-0.68194
-0.68727
-0.79851
-0.7398
-0.72902
-0.729
-0.80553
-0.71521
-0.69215
-0.70173
-0.70173
-0.7615
-0.83695
-0.80367
-0.82691
-0.82684
-0.74168
-0.7644
-0.751
0
0
0
0
0
0
0
0
0
0
0
0
0
0
0
0
0
0
0
0
0
0
0
0
0
0
0
0
0
0
-2.9397
0
0
0
0
0
0
0
0
0
0
0
0
0
0
0
0
0
0
0
0
0
0
0
0
0
0
0
0
0
0
0
0
0
0
0
0
0
0
0
0
0
0
-0.74446
-0.70791
-0.7357
-0.71148
-0.67538
-0.75804
-0.6881
-0.71415
-0.70489
-0.65841
-0.73489
-0.65841
-0.66906
-0.72326
-0.719
-0.65964
-0.65966
-0.66718
-0.73517
-0.67987
-0.72677
-0.75465
-0.66924
-0.71187
-0.66896
-0.68194
30.4306
-0.6927
-0.79782
-0.74949
-0.73947
-0.73944
-0.79761
-0.72375
-0.69989
-0.70927
-0.70927
-0.77349
-0.82127
-0.80941
-0.84522
-0.84516
0
0
-0.75926
0
0
0
0
0
0
0
0
0
0
0
0
0
0
0
0
0
0
0
0
0
0
0
0
0
0
0
0
0
0
0
0
0
0
0
0
0
0
0
0
0
0
0
0
0
0
0
0
0
0
0
0
0
0
0
0
0
0
0
0
0
0
0
0
0
0
0
0
0
0
0
0
0
-0.74579
-0.70935
-0.7349
-0.7129
-0.67419
-0.76248
-0.69132
-0.71621
-0.70826
-0.66061
-0.73863
-0.66061
-0.67203
-0.72846
-0.72221
-0.66212
-0.66213
-0.66942
-0.73895
-0.68277
-0.74038
-0.74997
-0.68661
-0.72438
-0.68637
-0.68727
-0.6927
34.0776
-0.80082
-0.74195
-0.73537
-0.73535
-0.79621
-0.72213
-0.69939
-0.7088
-0.7088
-0.75991
0
-0.80915
0
0
0
0
0
0
0
0
0
0
0
0
-0.79001
0
0
0
0
0
0
0
-1.6488
0
0
0
0
0
0
0
0
0
0
0
0
0
0
0
0
0
0
0
0
0
0
0
0
0
0
0
0
0
0
0
0
0
-4.3998
0
0
0
0
0
0
0
0
0
0
0
0
0
0
0
0
0
0
0
0
0
0
0
-0.85997
-0.81665
-0.84376
-0.82575
-0.78535
-0.87597
-0.79898
-0.8211
-0.81759
-0.76936
-0.84413
-0.76937
-0.77921
-0.83086
-0.83088
-0.77027
-0.77028
-0.77643
-0.8412
-0.79004
-0.83167
-0.84982
-0.78421
-0.82048
-0.78396
-0.79851
-0.79782
-0.80082
45.8575
-0.85246
-0.84152
-0.84149
-0.8999
-0.82799
-0.80324
-0.81317
-0.81317
0
0
0
0
0
0
0
0
0
0
0
0
0
0
0
0
0
0
0
0
0
0
0
0
0
0
0
0
0
-2.3659
0
0
0
0
0
0
0
0
0
0
0
0
0
0
0
0
0
0
0
0
0
0
0
0
0
0
0
0
0
0
0
0
0
0
-7.0571
0
0
0
0
0
0
0
0
0
0
0
0
-7.0571
0
0
0
-0.80302
-0.7657
-0.79455
-0.7693
-0.73192
-0.81696
-0.7452
-0.77232
-0.76269
-0.71413
-0.79348
-0.71414
-0.72525
-0.78128
-0.77725
-0.71538
-0.7154
-0.72295
-0.79328
-0.73572
-0.78779
-0.81296
-0.72666
-0.77247
-0.72637
-0.7398
-0.74949
-0.74195
-0.85246
29.3837
-0.82355
-0.82351
-0.84691
-0.79891
-0.76536
-0.77591
-0.77591
-0.83074
0
-0.88302
0
0
0
0
0
0
0
0
0
0
0
0
0
0
0
0
0
0
0
0
0
0
0
0
0
0
0
0
0
0
0
0
0
0
0
0
0
0
0
0
0
0
0
0
0
0
0
0
0
0
0
0
0
0
0
0
0
0
0
0
0
0
0
0
0
0
0
0
0
0
0
0
0
0
0
0
0
0
-0.79067
-0.75361
-0.78223
-0.75719
-0.72009
-0.80459
-0.73329
-0.76022
-0.75067
-0.70258
-0.78128
-0.70258
-0.71356
-0.76915
-0.76518
-0.70392
-0.70392
-0.71157
-0.7813
-0.72448
-0.77556
-0.80095
-0.71594
-0.76103
-0.71565
-0.72902
-0.73947
-0.73537
-0.84152
-0.82355
28.0483
-0.80732
-0.84403
-0.77301
-0.74315
-0.75361
-0.75362
-0.82339
0
0
0
0
0
0
0
0
0
0
0
0
0
0
0
0
0
0
0
0
0
0
0
0
0
0
0
0
0
0
0
0
0
0
0
0
0
0
0
0
0
0
0
0
0
0
0
0
0
0
0
0
0
0
0
0
0
0
0
0
0
0
0
0
0
0
0
0
0
0
0
0
0
0
0
0
0
0
0
0
-0.79065
-0.75359
-0.7822
-0.75718
-0.72006
-0.80457
-0.73326
-0.76019
-0.75065
-0.70256
-0.78126
-0.70256
-0.71354
-0.76913
-0.76516
-0.70389
-0.7039
-0.71156
-0.78129
-0.72446
-0.77555
-0.80092
-0.71592
-0.76101
-0.71563
-0.729
-0.73944
-0.73535
-0.84149
-0.82351
-0.80732
28.0474
-0.84401
-0.77297
-0.74312
-0.75359
-0.7536
-0.82335
0
0
0
0
0
0
0
0
0
0
0
0
0
0
0
0
0
0
0
0
0
0
0
0
0
0
0
0
0
0
0
0
0
0
0
0
0
0
0
0
0
0
0
0
0
0
0
0
0
0
0
0
0
0
0
0
0
0
0
0
0
0
0
0
0
0
0
0
0
0
0
0
0
0
0
0
0
0
0
0
-0.86246
-0.81772
-0.8476
-0.82376
-0.78343
-0.87828
-0.7975
-0.82456
-0.81634
-0.7649
-0.84726
-0.7649
-0.77578
-0.83429
-0.82956
-0.76773
-0.76775
-0.77994
-0.84748
-0.79195
-0.84288
-0.85809
-0.79589
-0.83513
-0.79565
-0.80553
-0.79761
-0.79621
-0.8999
-0.84691
-0.84403
-0.84401
38.4654
-0.8283
0
0
0
0
0
0
0
0
0
0
0
0
0
0
0
0
0
0
0
0
0
0
0
0
0
0
0
0
0
0
0
0
0
0
0
0
0
0
-1.1445
0
0
0
-3.6381
0
0
0
0
0
0
0
0
0
0
0
0
0
0
0
0
0
0
0
0
0
0
0
0
0
0
0
0
0
0
0
0
0
0
-6.6695
0
0
0
0
0
0
-0.77814
-0.74126
-0.76977
-0.74481
-0.70787
-0.79195
-0.721
-0.74782
-0.7383
-0.6904
-0.76875
-0.6904
-0.70133
-0.75666
-0.75275
-0.69166
-0.69167
-0.69929
-0.7688
-0.71208
-0.76175
-0.78755
-0.70169
-0.74711
-0.70139
-0.71521
-0.72375
-0.72213
-0.82799
-0.79891
-0.77301
-0.77297
-0.8283
26.7553
-0.73564
-0.74658
-0.74658
0
0
0
0
0
0
0
0
0
0
0
0
0
0
0
0
0
0
0
0
0
0
0
0
0
0
0
0
0
0
0
0
0
0
0
0
0
0
0
0
0
0
0
0
0
0
0
0
0
0
0
0
0
0
0
0
0
0
0
0
0
0
0
0
0
0
0
0
0
0
0
0
0
0
0
0
0
0
0
0
0
-0.75253
-0.71638
-0.74444
-0.71975
-0.68329
-0.76605
-0.69626
-0.72279
-0.71329
-0.6661
-0.74343
-0.6661
-0.67685
-0.73149
-0.72774
-0.66733
-0.66733
-0.67498
-0.74338
-0.68752
-0.73661
-0.7623
-0.6794
-0.72298
-0.67913
-0.69215
-0.69989
-0.69939
-0.80324
-0.76536
-0.74315
-0.74312
0
-0.73564
25.0282
-0.6994
-0.69941
0
0
0
0
0
0
0
0
0
0
0
0
0
0
0
0
0
0
0
0
0
0
0
0
0
0
0
0
0
0
0
0
0
0
0
0
0
0
0
0
0
0
0
0
0
0
0
0
0
0
0
0
0
0
0
0
0
0
0
0
0
0
0
0
0
0
0
0
0
0
0
0
0
0
0
0
0
0
0
0
0
-0.76223
-0.72594
-0.75412
-0.72932
-0.6927
-0.77581
-0.70573
-0.73237
-0.72283
-0.67541
-0.7531
-0.67542
-0.68622
-0.7411
-0.73734
-0.67666
-0.67668
-0.68435
-0.75303
-0.69696
-0.74635
-0.77208
-0.6889
-0.73274
-0.68862
-0.70173
-0.70927
-0.7088
-0.81317
-0.77591
-0.75361
-0.75359
0
-0.74658
-0.6994
24.6481
0
0
0
0
0
0
0
0
0
0
0
0
0
0
0
0
0
0
0
0
0
0
0
0
0
0
0
0
0
0
0
0
0
0
0
0
0
0
0
0
0
0
0
0
0
0
0
0
0
0
0
0
0
0
0
0
0
0
0
0
0
0
0
0
0
0
0
0
0
0
0
0
0
0
0
0
0
0
0
0
0
0
-0.76224
-0.72593
-0.75412
-0.72932
-0.6927
-0.77582
-0.70573
-0.73238
-0.72283
-0.67542
-0.7531
-0.67542
-0.68623
-0.74111
-0.73733
-0.67667
-0.67669
-0.68435
-0.75302
-0.69696
-0.74635
-0.77207
-0.6889
-0.73274
-0.68861
-0.70173
-0.70927
-0.7088
-0.81317
-0.77591
-0.75362
-0.7536
0
-0.74658
-0.69941
0
24.6482
0
0
0
0
0
0
0
0
0
0
0
0
0
0
0
0
0
0
0
0
0
0
0
0
0
0
0
0
0
0
0
0
0
0
0
0
0
0
0
0
0
0
0
0
0
0
0
0
0
0
0
0
0
0
0
0
0
0
0
0
0
0
0
0
0
0
0
0
0
0
0
0
0
0
0
0
0
0
0
0
0
-0.8184
-0.78003
-0.80864
-0.78408
-0.74564
-0.83267
-0.75987
-0.7862
-0.77773
-0.72813
-0.8088
-0.72814
-0.73976
-0.79655
-0.79209
-0.73022
-0.73024
-0.73747
-0.80721
-0.74949
-0.8081
-0.83339
-0.74891
-0.79269
-0.74856
-0.7615
-0.77349
-0.75991
0
-0.83074
-0.82339
-0.82335
0
0
0
0
0
28.7611
0
0
0
0
0
0
0
0
0
0
0
0
0
0
0
0
0
0
0
0
0
0
0
0
0
0
0
0
0
0
0
0
0
0
0
0
-4.6157
0
0
0
0
0
0
0
0
0
0
0
0
0
0
0
0
0
0
0
0
0
0
0
0
0
0
0
0
0
0
0
0
0
0
0
0
0
0
0
0
0
0
0
-0.90293
-0.85811
-0.88622
-0.86483
-0.82241
-0.91731
-0.83701
-0.86206
-0.85464
-0.80395
-0.88521
-0.80395
-0.8156
-0.87504
-0.86836
-0.80581
-0.80582
-0.81394
-0.88661
-0.82736
-0.89038
-0.89303
-0.81898
-0.87338
-0.81883
-0.83695
-0.82127
0
0
0
0
0
0
0
0
0
0
0
33.4211
0
0
0
0
0
0
0
0
0
0
0
0
0
0
0
0
0
0
0
0
0
0
0
0
0
0
0
0
0
0
0
0
0
0
0
0
0
0
0
0
0
0
0
0
0
0
0
0
0
0
-4.4471
0
0
0
0
0
0
0
0
0
0
0
0
0
0
0
0
0
0
0
0
0
0
0
0
0
0
-6.0241
0
-0.86749
-0.82964
-0.85968
-0.8335
-0.79493
-0.88176
-0.80862
-0.83697
-0.82669
-0.77671
-0.85812
-0.77671
-0.788
-0.84556
-0.84183
-0.77812
-0.77812
-0.78603
-0.85806
-0.79934
-0.85172
-0.87723
-0.79149
-0.83625
-0.79119
-0.80367
-0.80941
-0.80915
0
-0.88302
0
0
0
0
0
0
0
0
0
23.879
0
0
0
0
0
0
0
0
0
0
0
0
0
0
0
0
0
0
0
0
0
0
0
0
0
0
0
0
0
0
0
0
0
0
0
0
0
0
0
0
0
0
0
0
0
0
0
0
0
0
0
0
0
0
0
0
0
0
0
0
0
0
0
0
0
0
0
0
0
0
0
0
0
0
0
0
0
0
-0.8913
-0.8492
-0.87846
-0.8556
-0.81591
-0.90632
-0.82942
-0.8548
-0.847
-0.79739
-0.87655
-0.7974
-0.8084
-0.8652
-0.86055
-0.79908
-0.79909
-0.80722
-0.87656
-0.8207
-0.87616
-0.90098
-0.81602
-0.86143
-0.81566
-0.82691
-0.84522
0
0
0
0
0
0
0
0
0
0
0
0
0
28.5242
0
0
0
0
0
0
0
0
0
0
0
0
0
0
0
0
0
0
0
0
0
0
0
0
0
0
0
0
0
0
0
0
0
0
0
0
0
0
0
0
0
0
0
0
0
0
0
0
0
0
0
0
0
0
0
0
0
0
0
-5.7457
0
0
0
0
0
0
0
0
0
0
0
0
0
0
0
0
0
-0.89123
-0.84913
-0.87839
-0.85553
-0.81584
-0.90625
-0.82936
-0.85473
-0.84693
-0.79733
-0.87649
-0.79734
-0.80835
-0.86512
-0.86048
-0.79902
-0.79903
-0.80715
-0.8765
-0.82063
-0.87609
-0.9009
-0.81596
-0.86138
-0.8156
-0.82684
-0.84516
0
0
0
0
0
0
0
0
0
0
0
0
0
0
28.5222
0
0
0
0
0
0
0
0
0
0
0
0
0
0
0
0
0
0
0
0
0
0
0
0
0
0
0
0
0
0
0
0
0
0
0
0
0
0
0
0
0
0
0
0
0
0
0
0
0
0
0
0
0
0
0
0
0
0
0
0
0
0
0
0
0
0
0
0
0
0
-5.7455
0
0
0
0
0
-0.8053
-0.76836
-0.7967
-0.77279
-0.73591
-0.82037
-0.74934
-0.77531
-0.76693
-0.71845
-0.79515
-0.71844
-0.72658
-0.78287
-0.7785
-0.71726
-0.71727
-0.72513
-0.79468
-0.73858
-0.79095
-0.80817
-0.7331
-0.77358
-0.7328
-0.74168
0
0
0
0
0
0
0
0
0
0
0
0
0
0
0
0
22.5644
0
0
0
0
0
0
0
0
0
0
0
0
0
0
0
0
0
0
0
0
0
0
0
0
0
0
0
0
0
0
0
0
0
0
0
0
0
0
0
0
0
0
0
0
0
0
0
0
0
-2.7802
0
0
0
0
0
0
0
0
0
0
0
0
0
0
0
0
0
0
0
0
0
0
0
0
0
-0.8283
-0.78799
-0.81774
-0.79408
-0.75567
-0.84285
-0.76796
-0.79494
-0.78523
-0.73772
-0.81455
-0.73771
-0.74767
-0.80358
-0.79916
-0.73931
-0.73932
-0.74723
-0.81482
-0.75945
-0.81354
-0.83904
-0.75503
-0.79977
-0.75472
-0.7644
0
0
0
0
0
0
0
0
0
0
0
0
0
0
0
0
0
25.4269
0
0
0
0
0
0
0
0
0
0
0
0
0
0
0
0
0
0
0
0
0
0
0
0
0
0
0
0
0
0
0
0
0
0
0
0
0
0
0
0
0
0
0
0
0
0
0
0
0
0
0
-5.0851
0
0
0
0
0
0
0
0
0
0
0
0
0
0
0
0
0
0
0
0
0
0
-0.81099
-0.7742
-0.80342
-0.77765
-0.74026
-0.8247
-0.75336
-0.78114
-0.771
-0.72245
-0.80189
-0.72245
-0.73336
-0.78945
-0.78603
-0.72363
-0.72364
-0.73131
-0.80206
-0.74494
-0.79701
-0.82251
-0.73877
-0.78297
-0.73848
-0.751
-0.75926
0
0
0
0
0
0
0
0
0
0
0
0
0
0
0
0
0
20.7079
0
0
0
0
0
0
0
0
0
0
0
0
0
0
0
0
0
0
0
0
0
0
0
0
0
0
0
0
0
0
0
0
0
0
0
0
0
0
0
0
0
0
0
0
0
0
0
0
0
0
0
0
0
0
0
0
0
0
0
0
0
0
0
0
0
0
0
0
0
0
0
0
0
-0.89548
-0.85642
-0.88674
-0.86203
-0.82376
-0.91047
-0.83877
-0.86542
-0.85699
-0.80557
-0.88769
-0.80558
-0.81798
-0.87426
-0.86994
-0.80752
-0.80754
-0.81512
-0.88675
-0.82913
-0.88153
0
-0.8198
0
-0.81949
0
0
0
0
0
0
0
0
0
0
0
0
0
0
0
0
0
0
0
0
24.1635
0
0
0
0
0
0
0
0
0
0
0
0
0
0
0
0
0
0
0
0
0
0
0
0
0
0
0
0
0
0
0
0
0
0
0
0
0
0
-4.6395
0
0
0
0
0
0
0
0
0
0
0
0
0
0
0
0
0
0
0
0
0
0
0
0
0
0
0
0
0
0
0
0
0
-0.94318
-0.90059
-0.93105
-0.90737
-0.86686
-0.9587
-0.88127
-0.90742
-0.89986
-0.84836
-0.92984
-0.84836
-0.85982
-0.91821
-0.91319
-0.85111
-0.85112
-0.85943
-0.9297
-0.87268
0
0
0
0
0
0
0
0
0
0
0
0
0
0
0
0
0
0
0
0
0
0
0
0
0
0
26.8486
0
0
0
0
0
0
0
0
0
0
0
0
0
0
0
0
0
0
0
0
0
0
0
0
0
0
0
-4.1816
0
0
0
0
0
0
0
0
0
0
0
0
0
0
0
0
0
0
0
0
0
0
0
0
0
0
0
0
0
0
-4.789
0
0
0
0
0
0
0
0
0
0
0
0
-0.84943
-0.81092
-0.8421
-0.81664
-0.77861
-0.86327
-0.78645
-0.8202
-0.7964
-0.76035
-0.84399
-0.76035
-0.76557
-0.82851
-0.82293
-0.76183
-0.76184
-0.77068
-0.84141
-0.77682
-0.83715
0
0
0
0
0
0
0
0
0
0
0
0
0
0
0
0
0
0
0
0
0
0
0
0
0
0
19.2067
0
0
0
0
0
0
0
0
0
0
0
0
0
0
0
0
0
0
0
-2.3112
0
0
0
0
0
0
0
0
0
0
0
0
0
0
0
0
0
0
0
0
0
0
0
0
0
0
0
0
0
0
0
0
0
0
0
0
0
0
0
0
0
0
0
0
0
0
0
0
0
0
-0.8859
-0.84544
-0.87723
-0.85211
-0.81298
-0.90054
-0.82514
-0.85389
-0.84286
-0.79422
-0.87199
-0.79422
-0.80407
-0.86121
-0.8569
-0.79593
-0.79595
-0.80424
-0.87323
-0.81654
0
0
0
0
0
0
0
0
0
0
0
0
0
0
0
0
0
0
0
0
0
0
0
0
0
0
0
0
21.2842
0
0
0
0
0
0
0
0
0
0
0
0
0
0
0
0
0
0
0
0
0
0
0
0
0
0
0
0
0
0
0
0
0
0
0
0
0
0
0
0
0
0
0
0
0
0
0
0
0
0
-4.5196
0
0
0
0
0
0
0
0
0
0
0
0
0
0
0
0
0
0
-0.93886
-0.90112
-0.93216
-0.90494
-0.86593
-0.95309
-0.88008
-0.90905
-0.89828
-0.84714
-0.93029
-0.84715
-0.85894
-0.91701
-0.91395
-0.84843
-0.84844
-0.8573
-0.93159
-0.87106
-0.92441
0
0
0
0
0
0
0
0
0
0
0
0
0
0
0
0
0
0
0
0
0
0
0
0
0
0
0
0
18.7792
0
0
0
0
0
0
0
0
0
0
0
0
0
0
0
0
0
0
0
0
0
0
0
0
0
0
0
0
0
0
0
0
0
0
0
0
0
0
0
0
0
0
0
0
0
0
0
0
0
0
0
0
0
0
0
0
0
0
0
0
0
0
0
0
0
0
0
0
-0.8135
-0.77433
-0.78513
-0.77804
-0.74206
-0.83355
-0.75722
-0.76517
-0.77466
-0.72733
-0.7939
-0.72733
-0.73728
-0.79257
-0.79129
-0.72973
-0.72974
0
0
0
0
0
0
0
0
0
0
0
0
0
0
0
0
0
0
0
0
0
0
0
0
0
0
0
0
0
0
0
0
0
22.1232
0
0
0
0
0
0
0
0
0
0
0
-2.0779
0
-2.7614
0
0
0
0
-1.9388
0
-2.2922
0
0
0
0
0
0
0
0
0
0
0
0
0
0
0
0
0
0
0
0
0
0
0
0
0
0
0
0
0
0
0
0
0
0
0
0
0
0
0
0
0
0
0
0
0
0
-0.86652
-0.82715
-0.85955
-0.83389
-0.79505
-0.8807
-0.80734
-0.83634
-0.82411
-0.77654
-0.85298
-0.77655
-0.78661
-0.84256
-0.83836
-0.77822
-0.77824
-0.78666
-0.85535
0
0
0
0
0
0
0
0
0
0
0
0
0
0
0
0
0
0
0
0
0
0
0
0
0
0
0
0
0
0
0
0
19.8286
0
0
0
0
0
0
0
0
0
0
0
0
0
0
0
0
0
0
0
0
0
0
0
0
0
0
0
0
0
0
0
0
0
0
0
0
0
0
0
0
0
0
0
0
0
-4.2258
0
0
0
0
0
0
0
0
0
0
0
0
0
0
0
0
0
0
0
0
-0.8481
-0.81286
-0.84962
-0.81453
-0.77759
-0.86313
-0.79165
-0.82878
-0.80916
-0.75976
-0.84018
-0.75977
-0.77145
-0.82735
-0.82661
-0.76133
-0.76134
-0.76868
0
0
0
0
0
0
0
0
0
-0.79001
0
0
0
0
0
0
0
0
0
0
0
0
0
0
0
0
0
0
0
0
0
0
0
0
18.1654
0
0
0
0
0
0
0
0
0
0
0
0
0
0
0
-2.9035
0
0
0
0
0
0
0
0
0
0
0
0
0
0
0
0
0
0
0
0
0
0
0
0
0
0
0
0
0
0
0
0
0
0
0
0
0
0
0
0
0
0
0
0
0
0
0
0
0
-0.8333
-0.79432
-0.82203
-0.79993
-0.77066
-0.85816
-0.78477
-0.80652
-0.80233
-0.75304
-0.8303
-0.75305
-0.76475
-0.81108
-0.81542
-0.7555
-0.75551
-0.76468
0
0
0
0
0
0
0
0
0
0
0
0
0
0
0
0
0
0
0
0
0
0
0
0
0
0
0
0
0
0
0
0
0
0
0
21.2931
0
0
0
0
0
0
0
0
0
0
0
0
0
0
0
0
-3.1652
0
0
0
0
0
0
0
0
0
0
0
0
0
0
0
0
0
0
0
0
0
0
0
0
0
0
0
0
0
0
0
0
0
-3.8525
0
0
0
0
0
0
0
0
0
0
0
0
0
-0.8559
-0.81878
-0.84461
-0.82202
-0.78542
-0.87208
-0.79965
-0.82338
-0.81789
-0.7675
-0.84866
-0.7675
-0.77947
-0.83473
-0.83325
-0.76973
-0.76975
0
0
0
0
0
0
0
0
0
0
0
0
0
0
0
0
0
0
0
0
0
0
0
0
0
0
0
0
0
0
0
0
0
0
0
0
0
18.092
0
0
0
0
0
0
0
0
0
0
0
0
0
0
0
0
0
0
0
0
0
-3.2417
0
0
0
0
-1.04
0
0
0
0
0
0
0
0
0
0
0
0
0
0
0
0
0
0
0
0
0
0
0
0
0
0
0
0
0
0
0
0
0
0
0
0
-0.94758
-0.91082
-0.94187
-0.91433
-0.87559
-0.96177
-0.88989
-0.91893
-0.90845
-0.85673
-0.93985
-0.85674
-0.8688
-0.92615
-0.92418
-0.85732
-0.85733
-0.8653
0
0
0
0
0
0
0
0
0
0
0
0
0
0
0
0
0
0
0
0
0
0
0
0
0
0
0
0
0
0
0
0
0
0
0
0
0
16.2216
0
0
0
0
0
0
0
0
0
0
0
0
0
0
0
0
0
0
0
0
0
0
0
0
0
0
0
0
0
0
0
0
0
0
0
0
0
0
0
0
0
0
0
0
0
0
0
0
0
0
0
0
0
0
0
0
0
0
0
0
0
0
-0.90767
-0.86759
-0.90027
-0.87525
-0.8365
-0.92172
-0.85005
-0.87728
-0.85802
-0.8173
-0.89579
-0.81732
-0.82904
-0.88504
-0.87931
-0.81875
-0.81877
0
0
0
0
0
0
0
0
0
0
0
0
0
0
0
0
0
0
0
0
0
0
0
0
0
0
0
0
0
0
0
0
0
0
0
0
0
0
0
17.3072
0
0
0
0
0
0
0
0
0
0
0
0
0
0
0
0
-2.6515
0
0
0
0
0
0
0
0
0
0
0
0
0
0
0
0
0
0
0
0
0
0
0
0
0
0
0
0
0
0
0
0
0
0
0
0
0
0
0
0
0
0
0
0
-1.0171
-0.97926
-1.0114
-0.98325
-0.94344
-1.0318
-0.95823
-0.98803
-0.97716
-0.92411
-1.0096
-0.92412
-0.93652
-0.99565
-0.99296
-0.9255
-0.92551
-0.93374
0
0
0
0
0
0
0
0
0
0
0
0
0
0
0
0
0
0
0
0
0
0
0
0
0
0
0
0
0
0
0
0
0
0
0
0
0
0
0
17.4575
0
0
0
0
0
0
0
0
0
0
0
0
0
0
0
0
0
0
0
0
0
0
0
0
0
0
0
0
0
0
0
0
0
0
0
0
0
0
0
0
0
0
0
0
0
0
0
0
0
0
0
0
0
0
0
0
0
0
0
0
-1.2507
-1.2152
-1.2498
-1.2194
-1.1776
-1.266
-1.1938
-1.225
-1.2136
-1.1565
0
-1.1565
-1.1698
0
-1.2293
0
0
0
0
0
0
0
0
0
0
0
0
0
0
0
0
0
0
0
0
0
0
0
0
0
0
0
0
0
0
0
0
0
0
0
0
0
0
0
0
0
0
0
15.7232
0
0
0
0
0
0
0
0
0
0
0
0
0
0
0
0
0
0
0
0
0
0
0
0
0
0
0
0
0
0
0
0
0
0
0
0
0
0
0
0
0
0
0
0
0
0
0
0
0
0
0
0
0
0
0
0
0
0
0
-1.1327
-1.0988
-1.1257
-1.0991
-1.0588
-1.1494
-1.0747
-1.1021
-1.0948
-1.0389
0
-1.0389
0
0
0
0
0
0
0
0
0
0
0
0
0
0
0
0
0
0
0
0
0
0
0
0
0
0
0
0
0
0
0
0
0
0
0
0
0
0
0
0
0
0
0
0
0
0
0
14.5922
0
0
0
0
0
0
0
0
0
0
0
0
0
0
0
0
0
0
0
0
0
0
0
0
0
0
0
0
-2.5782
0
0
0
0
0
0
0
0
0
0
0
0
0
0
0
0
0
0
0
0
0
0
0
0
0
0
0
0
0
-1.7314
-1.7224
-1.7451
-1.716
-1.6755
0
0
0
0
0
0
0
0
0
0
0
0
0
0
0
0
0
0
0
0
0
0
-1.6488
0
0
0
0
0
0
0
0
0
0
0
0
0
0
0
0
0
0
0
0
0
0
0
0
0
0
0
0
0
0
0
0
13.0514
0
0
0
0
0
0
0
0
0
0
-2.8121
0
0
0
0
0
0
0
0
0
0
0
0
0
0
0
0
0
0
0
0
0
0
0
0
0
0
0
0
0
0
0
0
0
0
0
0
0
0
0
0
0
0
0
0
0
0
-1.8387
-1.8279
-1.8517
-1.8217
0
0
0
0
0
0
0
0
0
-1.8316
0
0
0
0
0
0
0
0
0
0
0
0
0
0
0
0
0
0
0
0
0
0
0
0
0
0
0
0
0
0
0
0
0
0
0
0
0
0
0
0
0
0
0
0
0
0
0
12.0024
0
0
0
0
0
0
0
0
-2.8307
0
0
0
0
0
0
0
0
0
0
0
0
0
0
0
0
0
0
0
0
0
0
0
0
0
0
0
0
0
0
0
0
0
0
0
0
0
0
0
0
0
0
0
0
0
0
0
0
0
0
0
0
0
0
0
0
0
0
0
0
0
0
0
0
0
-2.2134
0
0
0
0
-2.1809
0
0
0
0
0
0
0
0
0
0
0
0
0
0
0
0
0
0
0
0
0
0
0
0
0
0
-2.0779
0
0
0
0
0
0
0
0
0
0
0
11.9717
0
0
0
0
0
-3.1238
0
0
0
0
0
0
0
0
0
0
0
0
0
0
0
0
0
0
0
0
0
-2.3756
0
0
0
0
0
0
0
0
0
0
0
0
0
0
0
0
0
0
0
0
0
0
0
0
0
0
0
0
0
0
0
0
0
-2.0107
0
0
0
0
0
-1.9819
0
0
0
0
0
0
-1.9781
0
0
0
0
0
0
0
0
0
0
0
0
0
0
0
0
0
0
0
0
0
0
0
0
0
0
0
0
0
0
0
0
0
0
0
0
0
0
0
0
0
0
0
11.4938
0
0
0
-2.421
0
0
0
0
0
0
0
-3.1022
0
0
0
0
0
0
0
0
0
0
0
0
0
0
0
0
0
0
0
0
0
0
0
0
0
0
0
0
0
0
0
0
0
0
0
0
0
0
0
0
0
0
0
0
0
0
0
0
0
0
0
0
0
0
0
0
0
0
0
0
0
0
0
0
0
0
0
0
0
0
0
0
0
0
0
0
0
0
0
0
0
0
0
0
0
0
0
0
0
0
0
0
-2.7614
0
0
0
0
0
0
0
0
0
0
0
0
0
14.7096
0
0
0
0
0
0
0
0
0
0
0
0
0
0
0
-3.9457
0
0
-4.0986
0
0
-3.904
0
0
0
0
0
0
0
0
0
0
0
0
0
0
0
0
0
0
0
0
0
0
0
0
0
0
0
0
0
0
0
-2.4034
-2.4468
-2.4607
-2.4298
0
0
0
0
0
0
0
0
0
0
0
0
0
0
0
0
0
0
0
0
0
0
0
0
0
0
0
0
0
0
0
0
0
0
0
0
0
0
0
0
0
0
0
0
0
0
0
0
0
0
0
0
0
0
0
0
0
0
0
0
0
9.7407
0
0
0
0
0
0
0
0
0
0
0
0
0
0
0
0
0
0
0
0
0
0
0
0
0
0
0
0
0
0
0
0
0
0
0
0
0
0
0
0
0
0
0
0
0
0
0
0
0
0
0
0
0
0
0
0
0
0
0
0
0
0
0
0
0
0
0
0
0
0
0
0
0
-2.246
0
0
0
0
0
0
-2.3659
0
0
0
0
0
0
0
0
0
0
0
0
0
0
0
0
0
0
0
0
0
0
0
0
0
0
0
0
0
0
0
0
0
0
0
0
0
12.6889
0
-3.9334
0
0
0
0
0
0
0
0
-4.1435
0
0
0
0
0
0
0
0
0
0
0
0
0
0
0
0
0
0
0
0
0
0
0
0
0
0
0
0
0
0
0
0
0
0
0
0
0
0
0
0
0
0
0
0
0
0
0
0
-2.4638
0
0
0
0
0
0
0
0
0
0
0
0
0
0
0
0
0
0
0
0
0
0
0
0
0
0
0
0
0
0
0
0
0
0
0
0
0
0
-2.3112
0
0
0
0
0
0
0
0
0
0
0
0
0
0
0
-2.421
0
0
0
10.3812
0
0
0
0
0
-3.1852
0
0
0
0
0
0
0
0
0
0
0
0
0
0
0
0
0
0
0
0
0
0
0
0
0
0
0
0
0
0
0
0
0
0
0
0
0
0
0
0
0
0
0
0
0
0
0
0
0
0
0
0
0
0
0
0
0
0
0
0
0
0
0
0
0
0
0
0
0
0
0
0
0
0
0
0
0
0
0
0
0
0
0
0
0
0
0
0
0
0
0
0
0
0
0
0
-2.9035
0
0
0
0
0
0
0
0
0
-3.1238
0
0
0
-3.9334
0
15.4077
0
0
0
0
0
0
0
0
0
0
0
0
0
0
0
0
0
0
0
0
0
0
0
0
0
0
0
-5.4469
0
0
0
0
0
0
0
0
0
0
0
0
0
0
0
0
0
0
0
0
0
0
0
0
0
0
0
0
0
0
0
-2.0978
0
0
0
0
0
0
0
0
0
0
0
0
0
0
0
0
0
0
0
0
0
0
0
0
0
0
0
0
0
0
0
0
0
0
0
0
0
0
0
-1.9388
0
0
0
0
0
0
0
0
0
0
0
0
0
0
0
0
0
0
9.9571
0
0
-2.8883
-3.0322
0
0
0
0
0
0
0
0
0
0
0
0
0
0
0
0
0
0
0
0
0
0
0
0
0
0
0
0
0
0
0
0
0
0
0
0
0
0
0
0
0
0
0
0
0
0
0
0
0
0
0
0
0
0
0
0
0
0
0
0
0
0
0
0
0
0
0
0
0
0
0
0
0
0
0
0
0
0
0
0
0
0
0
0
0
0
0
0
0
0
0
0
0
0
0
0
0
-3.1652
0
0
0
0
0
0
0
-2.8307
0
0
0
0
0
0
0
0
13.4687
0
0
0
0
0
0
0
-3.7307
-3.7421
0
0
0
0
0
0
0
0
0
0
0
0
0
0
0
0
0
0
0
0
0
0
0
0
0
0
0
0
0
0
0
0
0
0
0
0
0
0
0
0
0
0
0
0
0
0
0
0
0
0
0
0
0
0
0
0
0
0
0
0
0
0
0
0
0
0
0
0
0
0
0
0
0
0
0
0
0
0
0
0
0
0
0
0
0
0
0
0
-2.2922
0
0
0
0
0
0
0
0
0
-2.8121
0
0
0
0
0
0
0
0
0
0
9.551
0
0
0
0
0
0
0
0
0
0
0
0
0
0
0
0
0
0
0
0
0
0
0
0
0
0
-4.4467
0
0
0
0
0
0
0
0
0
0
0
0
0
0
0
0
0
0
0
0
0
0
0
0
0
0
0
0
0
0
0
0
0
0
0
0
0
0
0
0
0
0
0
0
0
0
0
0
0
0
0
-1.1445
0
0
0
0
0
0
0
0
0
0
0
0
0
0
0
0
0
0
0
0
0
0
0
0
0
0
0
0
0
0
0
0
0
0
0
0
-2.8883
0
0
7.6695
0
0
0
0
0
0
0
0
0
0
0
0
0
0
0
0
0
0
0
0
0
0
0
0
0
0
0
0
0
0
-3.6368
0
0
0
0
0
0
0
0
0
0
0
0
0
0
0
0
0
0
0
0
0
0
0
0
0
0
0
0
0
0
0
0
0
0
0
0
0
0
0
0
0
0
0
0
0
0
0
0
0
0
0
0
0
0
0
0
0
0
0
0
0
0
0
0
0
0
0
0
0
0
-2.6515
0
0
0
0
0
0
0
0
0
0
-3.1852
0
-3.0322
0
0
0
8.8689
0
0
0
0
0
0
0
0
0
0
0
0
0
0
0
0
0
0
0
0
0
0
0
0
0
0
0
0
0
0
0
0
0
0
0
0
0
0
0
0
0
0
0
0
0
0
0
0
0
0
0
0
0
0
0
0
0
0
0
0
0
0
0
0
0
0
0
0
0
0
0
0
0
0
0
0
0
0
0
0
0
-4.6157
0
0
0
0
0
0
0
0
-4.1816
0
0
0
0
0
0
0
0
0
0
0
0
0
0
0
0
0
0
0
0
0
0
0
0
0
0
0
14.6019
0
0
0
0
0
0
0
0
0
0
0
0
0
0
0
0
0
0
0
0
0
0
0
0
0
0
0
0
0
0
0
0
0
0
0
0
0
0
0
0
0
0
-5.8046
0
0
0
0
0
0
0
0
0
0
0
0
0
0
0
0
0
0
0
0
0
0
0
0
0
-2.9397
0
0
0
0
0
0
0
0
0
0
0
0
0
0
0
0
0
0
0
0
0
0
0
0
0
0
0
0
0
0
0
0
0
0
0
0
0
-3.1022
0
0
0
0
0
0
0
0
0
0
0
6.628
0
0
0
0
0
0
0
0
0
0
0
0
0
0
0
0
0
0
0
0
0
0
0
0
0
0
0
0
0
0
0
-0.58618
0
0
0
0
0
0
0
0
0
0
0
0
0
0
0
0
0
0
0
0
0
0
0
0
0
0
0
0
0
0
0
0
0
0
0
0
0
0
0
0
0
0
-3.6381
0
0
0
0
0
0
0
0
0
0
0
0
0
0
0
0
0
0
0
0
0
-3.2417
0
0
0
0
0
0
0
0
0
0
0
0
0
0
0
0
0
0
0
0
0
11.4868
0
0
0
0
0
0
0
0
0
0
0
0
0
0
0
0
0
0
0
0
0
0
0
0
0
-4.607
0
0
0
0
0
0
0
0
0
0
0
0
0
0
0
0
0
0
0
0
0
0
0
0
0
0
0
0
0
0
0
0
0
0
0
0
0
0
0
0
0
0
0
0
0
0
0
0
0
0
0
0
0
0
0
0
0
0
0
0
0
0
0
0
0
0
0
0
0
0
0
0
0
0
0
0
0
0
0
0
0
-4.1435
0
0
0
0
0
0
0
0
0
0
8.3246
0
0
0
0
0
-4.1811
0
0
0
0
0
0
0
0
0
0
0
0
0
0
0
0
0
0
0
0
0
0
0
0
0
0
0
0
0
0
0
0
0
0
0
0
0
0
0
0
0
0
0
0
0
0
0
0
0
0
0
0
0
0
0
0
0
0
0
0
0
0
0
0
0
0
0
0
0
0
0
0
0
0
0
0
0
0
0
0
0
0
0
0
0
0
0
0
0
0
0
0
0
0
0
0
0
0
0
0
0
0
0
0
-3.7307
0
0
0
0
0
0
0
7.6753
0
0
0
0
0
0
0
0
0
0
0
0
0
0
0
-3.9446
0
0
0
0
0
0
0
0
0
0
0
0
0
0
0
0
0
0
0
0
0
0
0
0
0
0
0
0
0
0
0
0
0
0
0
0
0
0
0
0
0
0
0
0
0
0
0
0
0
0
0
0
0
0
0
0
0
0
0
0
0
0
0
0
0
0
0
0
0
0
0
0
0
0
0
0
0
0
0
0
0
0
0
0
0
0
0
0
0
0
0
0
0
-3.7421
0
0
0
0
0
0
0
0
7.6294
0
0
0
0
0
0
0
0
0
-3.8873
0
0
0
0
0
0
0
0
0
0
0
0
0
0
0
0
0
0
0
0
0
0
0
0
0
0
0
0
0
0
0
0
0
0
0
-4.8801
0
0
0
0
0
0
0
0
0
0
0
0
0
0
0
0
0
0
0
0
0
0
0
0
0
0
0
0
0
0
0
0
0
0
0
0
0
0
0
0
0
0
0
0
0
0
0
0
0
0
0
0
0
0
0
0
-3.9457
0
0
0
0
0
0
0
0
0
0
0
0
0
0
0
8.8258
0
0
0
0
0
0
0
0
0
0
0
0
0
0
0
0
0
0
0
0
0
0
0
0
0
0
0
0
0
0
0
0
0
0
0
0
0
0
0
0
0
0
0
0
0
0
0
0
0
0
0
0
0
0
0
0
0
0
0
0
0
0
0
0
0
0
0
0
0
0
0
0
0
0
0
0
0
0
0
0
0
0
0
0
0
0
0
0
0
0
0
-1.04
0
0
0
0
0
0
0
0
0
0
0
0
0
0
0
0
0
0
0
0
0
0
0
0
0
0
5.6701
0
0
0
0
0
-4.6302
0
0
0
0
0
0
0
0
0
0
0
0
0
0
0
0
0
0
0
0
0
0
0
0
0
0
0
0
0
0
0
0
0
0
0
0
0
0
0
0
0
0
0
0
0
0
0
0
0
0
0
0
0
0
0
0
0
0
0
0
0
0
0
0
0
0
0
0
0
0
0
0
0
0
0
0
0
0
0
0
0
0
0
0
0
0
0
0
0
0
0
0
0
0
0
0
0
0
0
0
0
0
0
0
0
0
0
0
0
0
0
0
8.4202
0
0
0
0
0
-4.3296
0
0
0
-4.0906
0
0
0
0
0
0
0
0
0
0
0
0
0
0
0
0
0
0
0
0
0
0
0
0
0
0
0
0
0
0
0
0
0
0
0
0
0
0
0
0
0
0
0
0
0
0
0
0
0
0
0
0
0
0
0
0
0
0
0
0
0
0
0
0
0
0
0
0
0
0
0
0
0
0
0
0
0
0
0
0
0
0
0
0
0
0
0
0
0
-4.0986
0
0
0
0
0
0
0
0
0
0
0
0
-4.1811
0
0
0
0
0
8.2797
0
0
0
0
0
0
0
0
0
0
0
0
0
0
0
0
0
0
0
0
0
0
0
0
0
0
0
0
0
0
0
0
0
0
0
0
0
0
0
0
0
0
0
0
0
0
0
0
0
0
0
0
0
0
0
0
0
0
0
0
0
0
0
0
0
0
0
0
0
0
0
0
0
0
0
0
0
0
0
-4.6395
0
0
0
0
0
0
0
0
0
0
0
0
0
0
0
0
0
0
0
0
0
0
0
0
0
0
0
0
0
0
0
0
0
0
0
0
0
0
8.6725
0
0
0
0
0
0
-4.0329
0
0
0
0
0
0
0
0
0
0
0
0
0
0
0
0
0
0
0
0
0
0
0
0
0
0
0
0
0
0
0
0
0
0
0
0
0
0
0
0
0
0
0
0
0
0
0
-4.7795
0
0
0
0
0
0
0
0
0
0
0
0
0
0
0
0
0
0
0
0
0
0
0
0
0
0
0
0
0
0
0
0
0
0
0
0
0
0
0
0
0
0
0
0
0
0
0
0
0
0
0
0
0
0
0
0
0
0
0
0
0
0
0
8.8077
0
0
0
0
0
-4.0282
0
0
0
0
0
0
0
0
0
0
0
0
0
0
0
0
0
0
0
0
0
0
0
0
0
0
0
0
-4.9253
0
0
0
0
0
0
0
0
0
0
0
0
0
0
0
0
0
0
0
0
0
0
0
0
0
0
0
0
0
0
0
0
0
0
0
0
0
0
0
0
0
0
0
0
0
0
0
0
0
0
0
0
0
0
0
0
0
0
0
0
0
-3.904
0
0
0
0
0
0
0
0
0
0
0
0
0
0
0
0
0
0
0
0
0
8.8294
0
0
0
0
0
0
0
0
0
0
0
0
0
0
0
0
0
0
0
0
0
0
0
0
0
0
0
0
0
0
0
0
0
0
0
0
0
0
0
0
0
0
0
0
0
0
0
0
0
0
0
0
0
0
0
0
0
0
0
0
0
0
0
0
0
0
0
0
0
0
0
0
0
0
0
0
0
0
0
0
0
0
0
0
0
0
0
0
0
0
0
0
0
0
0
0
0
0
0
0
0
0
0
0
0
0
0
0
0
0
0
0
-4.6302
0
0
0
0
0
9.021
0
0
-4.3909
0
0
0
0
0
0
0
0
0
0
0
0
0
0
0
0
0
0
0
0
0
0
0
0
0
0
0
0
0
0
0
0
0
0
0
0
0
0
0
0
0
0
0
0
0
0
0
0
0
0
0
0
0
0
0
0
0
0
0
0
0
0
0
0
0
0
0
0
0
0
0
0
0
0
0
0
0
0
0
0
0
0
0
0
0
0
-2.5782
0
0
0
0
0
0
0
0
0
0
0
0
0
0
0
0
0
0
0
0
0
0
-4.3296
0
0
0
0
0
6.9079
0
0
0
0
0
0
0
0
0
0
0
0
0
0
0
0
0
0
0
0
0
0
0
0
0
0
0
0
0
0
0
0
0
0
0
0
0
0
0
0
0
0
0
0
0
0
0
0
0
0
0
0
0
0
0
0
0
0
0
0
0
0
0
0
0
0
0
-4.4471
0
0
0
0
0
0
0
0
0
0
0
0
0
0
0
0
0
0
0
0
0
0
0
0
0
0
0
0
0
0
0
0
0
0
0
0
0
0
0
0
-3.8873
0
0
0
0
0
0
0
0
0
8.3343
0
0
0
0
0
0
0
0
0
0
0
0
0
0
0
0
0
0
0
0
0
0
0
0
0
0
0
0
0
0
0
0
0
0
0
0
0
0
0
0
0
0
0
0
0
0
0
0
0
0
0
0
0
0
0
0
0
0
0
0
0
0
0
0
0
0
0
0
0
0
0
0
0
0
0
0
0
0
0
0
0
0
0
0
0
0
0
0
0
0
-2.3756
0
0
0
0
0
0
0
0
0
0
0
0
0
0
0
0
0
0
0
0
0
0
0
0
-4.3909
0
0
6.7665
0
0
0
0
0
0
0
0
0
0
0
0
0
0
0
0
0
0
0
0
0
0
0
0
0
0
0
0
0
0
0
0
0
0
0
0
0
0
0
0
0
0
0
0
0
0
0
0
0
0
0
0
0
0
0
0
0
0
0
0
0
0
0
0
0
0
0
0
0
0
0
0
0
0
0
0
0
0
0
0
0
0
0
0
0
0
0
0
0
0
0
0
0
0
0
0
0
0
0
0
0
0
0
0
0
0
0
0
0
0
0
-4.0329
-4.0282
0
0
0
0
0
8.0611
0
0
0
0
0
0
0
0
0
0
0
0
0
0
0
0
0
0
0
0
0
0
0
0
0
0
0
0
0
0
0
0
0
0
0
0
0
0
0
0
0
0
0
0
0
0
0
0
0
0
0
0
0
0
0
0
0
0
0
0
0
0
0
0
0
0
0
0
-2.7802
0
0
0
0
0
0
0
0
0
0
0
0
0
0
0
0
0
0
0
0
0
0
0
0
0
0
0
0
0
0
0
0
0
0
0
0
0
0
0
-4.0906
0
0
0
0
0
0
0
0
0
6.8708
0
0
0
0
0
0
0
0
0
0
0
0
0
0
0
0
0
0
0
0
0
0
0
0
0
0
-4.7199
0
0
0
0
0
0
0
0
0
0
0
0
-4.6623
0
0
0
0
0
0
0
0
0
0
0
0
0
0
0
0
0
0
0
0
0
0
0
0
0
0
0
0
0
0
0
0
0
0
0
0
0
0
0
0
0
0
0
0
0
0
0
0
0
0
0
0
0
0
0
0
0
0
0
0
0
0
0
0
0
0
0
0
0
0
0
0
0
0
0
0
0
0
9.3822
0
0
0
0
0
0
0
0
0
0
0
0
0
0
0
0
0
0
0
0
0
0
0
0
0
0
0
0
0
0
0
0
0
0
0
0
0
0
0
0
0
0
0
0
0
0
0
0
0
0
0
-4.3998
0
0
0
0
0
0
0
0
0
0
0
0
0
0
0
0
0
0
0
0
0
0
0
0
0
0
0
0
0
0
0
0
0
0
0
0
0
0
0
0
0
0
0
0
0
0
0
0
0
0
-3.9446
0
0
0
0
0
0
0
0
0
0
0
0
0
0
0
8.3444
0
0
0
0
0
0
0
0
0
0
0
0
0
0
0
0
0
0
0
0
0
0
0
0
0
0
0
0
0
0
0
0
0
0
0
0
0
0
0
0
0
0
0
0
0
0
0
0
0
0
0
0
0
0
0
0
0
0
0
0
0
0
0
0
0
0
-5.0851
0
0
0
0
0
0
0
0
0
0
0
0
0
0
0
0
0
0
0
0
0
0
0
0
0
0
0
0
0
0
0
0
0
0
0
0
0
0
0
0
0
0
0
0
0
0
0
0
0
0
0
5.0851
0
0
0
0
0
0
0
0
0
0
0
0
0
0
0
0
0
0
0
0
0
0
0
0
0
0
0
0
0
0
0
0
0
0
0
0
0
0
0
0
0
0
0
0
0
0
0
0
0
0
0
0
0
0
0
0
0
0
0
0
0
0
0
0
0
0
0
0
0
0
0
0
0
0
0
0
0
0
0
0
0
0
0
0
0
0
0
0
0
0
-5.4469
0
0
0
0
0
0
0
0
0
0
0
0
0
0
0
0
0
0
0
0
0
0
0
0
0
0
0
5.4469
0
0
0
0
0
0
0
0
0
0
0
0
0
0
0
0
0
0
0
0
0
0
0
0
0
0
0
0
0
0
0
0
0
0
0
0
0
0
0
0
0
0
0
0
0
0
0
0
0
0
0
0
0
0
0
0
0
0
0
0
0
0
0
0
0
0
0
0
0
0
0
0
-4.2258
0
0
0
0
0
0
0
0
0
0
0
0
0
0
0
0
0
0
0
0
0
0
0
0
0
0
0
0
0
0
0
0
0
0
0
0
0
0
0
0
0
0
0
0
0
4.2258
0
0
0
0
0
0
0
0
0
0
0
0
0
0
0
0
0
0
0
0
0
0
0
0
0
0
0
0
0
0
0
0
0
0
0
0
0
0
0
0
0
0
0
0
0
0
0
0
0
0
0
0
0
0
0
0
0
0
0
0
0
0
0
0
0
0
0
0
0
0
0
0
0
0
0
0
0
0
0
0
0
0
0
0
0
0
0
0
0
0
0
-4.4467
0
0
0
0
0
0
0
0
0
0
0
0
0
0
0
0
0
0
0
0
0
0
0
0
0
0
4.4467
0
0
0
0
0
0
0
0
0
0
0
0
0
0
0
0
0
0
0
0
0
0
0
0
0
0
0
0
0
0
0
0
0
0
0
0
0
0
0
0
0
0
0
0
0
0
0
0
0
0
0
0
0
0
0
0
0
0
0
0
0
0
0
0
0
0
0
-4.5196
0
0
0
0
0
0
0
0
0
0
0
0
0
0
0
0
0
0
0
0
0
0
0
0
0
0
0
0
0
0
0
0
0
0
0
0
0
0
0
0
0
0
0
0
0
0
0
0
0
0
4.5196
0
0
0
0
0
0
0
0
0
0
0
0
0
0
0
0
0
0
0
0
0
0
0
0
0
0
0
0
0
0
0
0
0
0
0
0
0
0
0
0
0
0
0
0
0
0
0
0
0
0
0
0
0
0
0
0
0
0
-5.7457
0
0
0
0
0
0
0
0
0
0
0
0
0
0
0
0
0
0
0
0
0
0
0
0
0
0
0
0
0
0
0
0
0
0
0
0
0
0
0
0
0
0
0
0
0
0
0
0
0
0
0
0
0
0
0
0
0
0
0
5.7457
0
0
0
0
0
0
0
0
0
0
0
0
0
0
0
0
0
0
0
0
0
0
0
0
0
0
0
0
0
0
0
0
0
0
0
0
0
0
0
0
0
0
0
0
0
-7.0571
0
0
0
0
0
0
0
0
0
0
0
0
0
0
0
0
0
0
0
0
0
0
0
0
0
0
0
0
0
0
0
0
0
0
0
0
0
0
0
0
0
0
0
0
0
0
0
0
0
0
0
0
0
0
0
0
0
0
0
0
0
0
0
0
0
0
0
0
0
0
0
0
7.0571
0
0
0
0
0
0
0
0
0
0
0
0
0
0
0
0
0
0
0
0
0
0
0
0
0
0
0
0
0
0
0
0
0
0
0
0
0
0
0
0
0
0
0
0
0
0
0
0
0
0
0
0
0
0
0
0
0
0
0
0
0
0
0
0
0
0
0
0
0
0
0
0
0
0
0
0
0
0
0
0
0
0
0
0
0
0
0
0
0
0
0
0
-4.607
0
0
0
0
0
0
0
0
0
0
0
0
0
0
0
0
0
0
0
0
0
0
0
0
0
4.607
0
0
0
0
0
0
0
0
0
0
0
0
0
0
0
0
0
0
0
0
0
0
0
0
0
0
0
0
0
0
0
0
0
0
0
0
0
0
0
0
0
0
0
0
0
0
0
0
0
0
0
0
0
0
0
0
0
0
0
0
0
0
0
0
0
0
0
0
0
0
0
0
0
0
0
0
0
0
0
0
0
0
0
0
0
0
0
-3.6368
0
0
0
0
0
0
0
0
0
0
0
0
0
0
0
0
0
0
0
0
0
0
0
0
0
0
0
0
0
0
3.6368
0
0
0
0
0
0
0
0
0
0
0
0
0
0
0
0
0
0
0
0
0
0
0
0
0
0
0
0
0
0
0
0
0
0
0
0
0
0
0
0
0
0
0
0
0
0
0
0
0
0
0
0
0
0
0
0
0
0
0
0
0
0
0
0
0
0
0
-3.8525
0
0
0
0
0
0
0
0
0
0
0
0
0
0
0
0
0
0
0
0
0
0
0
0
0
0
0
0
0
0
0
0
0
0
0
0
0
0
0
0
0
0
0
0
0
0
0
0
0
0
3.8525
0
0
0
0
0
0
0
0
0
0
0
0
0
0
0
0
0
0
0
0
0
0
0
0
0
0
0
0
0
0
0
0
0
0
0
0
0
0
0
0
0
0
0
0
0
0
0
0
0
0
0
0
0
0
0
0
0
0
0
-4.789
0
0
0
0
0
0
0
0
0
0
0
0
0
0
0
0
0
0
0
0
0
0
0
0
0
0
0
0
0
0
0
0
0
0
0
0
0
0
0
0
0
0
0
0
0
0
0
0
0
0
0
0
0
0
0
0
0
0
4.789
0
0
0
0
0
0
0
0
0
0
0
0
0
0
0
0
0
0
0
0
0
0
0
0
0
0
0
0
0
0
-7.0517
0
0
0
0
0
0
0
0
0
0
0
0
0
0
0
0
0
0
0
0
0
0
0
0
0
0
0
0
0
0
0
0
0
0
0
0
0
0
0
0
0
0
0
0
0
0
0
0
0
0
0
0
0
0
0
0
0
0
0
0
0
0
0
0
0
0
0
0
0
0
0
0
0
0
0
0
0
0
0
0
0
0
0
0
0
0
0
7.0517
0
0
0
0
0
0
0
0
0
0
0
0
0
0
0
0
0
0
0
0
0
0
0
0
0
0
0
0
0
0
0
0
0
0
0
0
0
0
0
0
0
0
0
0
0
0
0
0
0
0
0
0
0
0
0
0
0
0
0
0
0
0
0
0
0
0
0
0
0
0
0
0
0
0
0
0
0
0
0
0
0
0
0
0
0
0
-0.58618
0
0
0
0
0
0
0
0
0
0
0
0
0
0
0
0
0
0
0
0
0
0
0
0
0
0
0
0
0
0
0
0.58618
0
0
0
0
0
0
0
0
0
0
0
0
0
0
0
-8.2262
0
0
0
0
0
0
0
0
0
0
0
0
0
0
0
0
0
0
0
0
0
0
0
0
0
0
0
0
0
0
0
0
0
0
0
0
0
0
0
0
0
0
0
0
0
0
0
0
0
0
0
0
0
0
0
0
0
0
0
0
0
0
0
0
0
0
0
0
0
0
0
0
0
0
0
0
0
0
0
0
0
0
0
0
0
0
0
0
0
0
0
0
0
0
0
0
0
0
0
0
0
0
8.2262
0
0
0
0
0
0
0
0
0
0
0
0
0
0
0
0
0
0
0
0
0
0
0
0
0
0
0
0
0
0
-6.9418
0
0
0
0
0
0
0
0
0
0
0
0
0
0
0
0
0
0
0
0
0
0
0
0
0
0
0
0
0
0
0
0
0
0
0
0
0
0
0
0
0
0
0
0
0
0
0
0
0
0
0
0
0
0
0
0
0
0
0
0
0
0
0
0
0
0
0
0
0
0
0
0
0
0
0
0
0
0
0
0
0
0
0
0
0
0
0
6.9418
0
0
0
0
0
0
0
0
-8.0167
0
0
0
0
0
0
0
0
0
0
0
0
0
0
0
0
0
0
0
0
0
0
0
0
0
0
0
0
0
0
0
0
0
0
0
0
0
0
0
0
0
0
0
0
0
0
0
0
0
0
0
0
0
0
0
0
0
0
0
0
0
0
0
0
0
0
0
0
0
0
0
0
0
0
0
0
0
0
0
0
0
0
0
0
0
0
0
0
0
0
0
0
0
0
0
0
0
0
0
0
0
0
0
0
0
0
0
0
0
8.0167
0
0
0
0
0
0
0
0
0
0
0
0
0
0
0
0
0
0
0
0
0
0
0
0
0
0
0
0
0
0
0
0
0
0
0
0
0
0
0
-6.6695
0
0
0
0
0
0
0
0
0
0
0
0
0
0
0
0
0
0
0
0
0
0
0
0
0
0
0
0
0
0
0
0
0
0
0
0
0
0
0
0
0
0
0
0
0
0
0
0
0
0
0
0
0
0
0
0
0
0
0
0
0
0
0
0
0
0
0
0
0
0
0
0
0
0
0
0
0
0
6.6695
0
0
0
0
0
0
0
0
0
0
0
0
0
0
0
0
0
0
0
0
0
0
0
0
0
0
0
0
0
0
0
0
0
0
0
0
0
0
0
0
0
0
0
0
0
0
0
-5.7455
0
0
0
0
0
0
0
0
0
0
0
0
0
0
0
0
0
0
0
0
0
0
0
0
0
0
0
0
0
0
0
0
0
0
0
0
0
0
0
0
0
0
0
0
0
0
0
0
0
0
0
0
0
0
0
0
0
0
0
0
0
0
0
0
0
0
0
0
0
0
5.7455
0
0
0
0
0
0
0
0
0
0
0
0
0
0
0
-7.588
0
0
0
0
0
0
0
0
0
0
0
0
0
0
0
0
0
0
0
0
0
0
0
0
0
0
0
0
0
0
0
0
0
0
0
0
0
0
0
0
0
0
0
0
0
0
0
0
0
0
0
0
0
0
0
0
0
0
0
0
0
0
0
0
0
0
0
0
0
0
0
0
0
0
0
0
0
0
0
0
0
0
0
0
0
0
0
0
0
0
0
0
0
0
0
0
0
0
0
0
0
0
7.588
0
0
0
0
0
0
0
0
0
0
0
0
0
0
0
0
0
0
0
0
0
0
0
0
0
0
0
0
0
0
0
0
-7.0571
0
0
0
0
0
0
0
0
0
0
0
0
0
0
0
0
0
0
0
0
0
0
0
0
0
0
0
0
0
0
0
0
0
0
0
0
0
0
0
0
0
0
0
0
0
0
0
0
0
0
0
0
0
0
0
0
0
0
0
0
0
0
0
0
0
0
0
0
0
0
0
0
0
0
0
0
0
0
0
0
0
0
0
0
0
7.0571
0
0
0
0
0
0
0
0
0
0
0
0
0
0
0
0
-7.6522
0
0
0
0
0
0
0
0
0
0
0
0
0
0
0
0
0
0
0
0
0
0
0
0
0
0
0
0
0
0
0
0
0
0
0
0
0
0
0
0
0
0
0
0
0
0
0
0
0
0
0
0
0
0
0
0
0
0
0
0
0
0
0
0
0
0
0
0
0
0
0
0
0
0
0
0
0
0
0
0
0
0
0
0
0
0
0
0
0
0
0
0
0
0
0
0
0
0
0
0
0
7.6522
0
0
0
0
0
0
0
0
0
0
0
0
0
0
0
0
0
0
0
0
0
0
0
0
0
0
0
0
0
0
0
0
0
0
0
0
0
0
0
0
-6.0241
0
0
0
0
0
0
0
0
0
0
0
0
0
0
0
0
0
0
0
0
0
0
0
0
0
0
0
0
0
0
0
0
0
0
0
0
0
0
0
0
0
0
0
0
0
0
0
0
0
0
0
0
0
0
0
0
0
0
0
0
0
0
0
0
0
0
0
0
0
0
0
0
0
0
0
0
0
6.0241
0
0
0
0
0
0
0
0
0
0
0
0
0
0
0
0
0
0
0
0
0
0
0
0
0
0
0
0
0
0
0
0
0
0
0
0
0
0
0
0
0
0
0
0
0
0
0
0
0
0
0
0
0
0
0
0
0
0
0
0
0
0
0
0
0
0
0
0
0
0
0
0
0
0
0
-5.8046
0
0
0
0
0
0
0
0
0
0
0
0
0
0
0
0
0
0
0
0
0
0
0
0
0
0
0
0
0
0
0
0
0
0
0
0
0
0
0
0
0
0
5.8046
