62.1576
-0.73086
-0.76671
-0.74034
-0.71066
-0.84253
-0.72662
-0.75831
-0.7426
-0.69727
-0.79326
-0.69728
-0.70845
-0.78074
-0.75502
-0.70112
-0.70114
-0.70801
-0.78924
-0.72439
-0.77374
-0.81485
-0.72118
-0.76129
-0.72088
-0.73229
-0.73996
-0.73937
-0.85831
-0.79845
-0.78635
-0.78632
-0.85966
-0.77269
-0.74826
-0.75875
-0.75875
-0.81507
-0.90097
-0.86338
-0.89287
-0.89279
-0.79928
-0.82968
-0.80916
-0.89679
-0.94436
-0.85037
-0.88119
-0.94299
-0.81223
-0.87224
-0.84714
-0.83444
-0.85743
-0.95598
-0.90599
-1.0257
-1.2577
-1.1425
-1.7389
-1.8551
0
0
0
-2.4244
0
0
0
0
0
0
0
0
0
0
0
0
0
0
0
0
0
0
0
0
0
0
0
0
0
0
0
0
0
0
0
0
0
0
0
0
0
0
0
0
0
0
0
0
-8.1033
0
0
0
0
0
0
0
-0.73086
56.4892
-0.72272
-0.70879
-0.67461
-0.76212
-0.68914
-0.71866
-0.70469
-0.66059
-0.74123
-0.66059
-0.67108
-0.72547
-0.69464
-0.66411
-0.66412
-0.67084
-0.74382
-0.68637
-0.73524
-0.76933
-0.68377
-0.72331
-0.68347
-0.69339
-0.70222
-0.70178
-0.81348
-0.75987
-0.74804
-0.74801
-0.81339
-0.7346
-0.71093
-0.72124
-0.72123
-0.77537
-0.8546
-0.82421
-0.84921
-0.84914
-0.76118
-0.78791
-0.77109
-0.85613
-0.90018
-0.81036
-0.8393
-0.90379
-0.77174
-0.83134
-0.81068
-0.79401
-0.81897
-0.91775
-0.8644
-0.98628
-1.2208
-1.1072
-1.7298
-1.8438
0
0
0
-2.4694
0
0
0
0
0
0
0
0
0
0
0
0
0
0
0
0
0
0
0
0
0
0
0
0
0
0
0
-4.7827
0
0
0
0
0
0
0
0
0
0
0
0
0
0
0
0
0
0
0
0
0
0
0
0
-0.76671
-0.72272
58.5153
-0.73348
-0.7018
-0.79894
-0.71707
-0.74528
-0.73339
-0.68809
-0.77392
-0.6881
-0.69887
-0.75694
-0.75208
-0.69189
-0.69191
-0.69924
-0.77687
-0.71487
-0.7647
-0.79876
-0.71224
-0.75305
-0.71194
-0.72159
-0.73099
-0.72818
-0.84175
-0.78977
-0.77771
-0.77767
-0.84452
-0.76413
-0.73998
-0.75043
-0.75043
-0.80505
-0.88378
-0.85538
-0.87959
-0.87952
-0.79052
-0.81883
-0.80142
-0.88785
-0.93188
-0.84279
-0.87233
-0.93612
-0.78269
-0.86506
-0.84885
-0.82277
-0.84582
-0.95015
-0.8984
-1.0199
-1.257
-1.1352
-1.7536
-1.8687
0
0
0
-2.4839
0
0
0
0
0
0
0
0
0
0
0
0
0
0
0
0
0
0
0
0
-4.9882
0
0
0
0
0
0
0
0
0
0
0
0
0
0
0
0
0
0
0
0
0
0
0
0
0
0
0
0
0
0
0
-0.74034
-0.70879
-0.73348
52.0486
-0.67724
-0.77084
-0.69313
-0.71933
-0.70943
-0.66432
-0.74757
-0.66432
-0.67508
-0.73374
-0.72813
-0.66846
-0.66847
-0.67537
-0.75186
-0.69152
-0.74037
-0.77827
-0.68865
-0.72766
-0.68835
-0.69917
-0.70709
-0.70663
-0.82459
-0.7648
-0.75295
-0.75293
-0.82096
-0.73945
-0.71558
-0.72592
-0.72592
-0.78082
-0.86296
-0.82946
-0.85717
-0.85709
-0.767
-0.79549
-0.77588
-0.86336
-0.9086
-0.81762
-0.84755
-0.90908
-0.77677
-0.83965
-0.81362
-0.80109
-0.82359
-0.92274
-0.87374
-0.99179
-1.2267
-1.1089
-1.7247
-1.8388
0
0
0
-2.4536
0
0
0
0
0
0
0
0
0
0
0
0
0
0
0
0
0
0
0
0
0
0
0
0
0
0
0
0
0
0
0
0
0
0
0
0
0
0
0
0
0
0
0
0
0
0
0
0
0
0
0
0
-0.71066
-0.67461
-0.7018
-0.67724
45.4148
-0.72853
-0.65169
-0.68321
-0.66829
-0.628
-0.70711
-0.628
-0.6372
-0.69512
-0.68758
-0.63199
-0.63201
-0.63827
-0.71103
-0.6534
-0.70135
-0.74044
-0.65071
-0.68876
-0.65041
-0.66069
-0.66853
-0.66537
-0.78098
-0.72481
-0.71326
-0.71323
-0.77776
-0.69996
-0.6766
-0.68675
-0.68675
-0.73963
-0.81759
-0.78814
-0.81456
-0.81449
-0.72754
-0.75426
-0.73582
-0.8222
-0.86509
-0.77681
-0.80565
-0.86711
-0.73805
-0.79787
-0.77403
-0.76947
-0.78424
-0.88104
-0.83219
-0.94887
-1.1818
-1.0654
-1.6809
0
0
0
0
0
0
0
0
0
0
0
0
0
0
0
0
0
0
0
0
0
0
0
0
0
0
0
0
0
0
0
0
0
0
0
0
0
0
0
0
0
0
0
0
0
0
0
0
0
0
0
0
0
0
0
0
0
-0.84253
-0.76212
-0.79894
-0.77084
-0.72853
57.298
-0.74128
-0.77238
-0.75747
-0.71134
-0.81023
-0.71135
-0.72271
-0.80055
-0.76997
-0.71534
-0.71537
-0.72219
-0.80481
-0.73862
-0.78839
-0.83154
-0.73539
-0.77616
-0.73509
-0.74727
-0.75414
-0.75678
-0.87516
-0.81301
-0.80088
-0.80086
-0.87626
-0.78709
-0.76237
-0.77292
-0.77293
-0.82997
-0.91614
-0.87829
-0.90865
-0.90858
-0.81504
-0.84493
-0.8235
-0.91244
-0.96063
-0.86485
-0.89654
-0.95791
-0.83328
-0.88712
-0.86288
-0.86049
-0.87437
-0.97092
-0.92076
-1.0411
-1.2739
-1.16
0
0
0
0
0
0
0
0
0
0
0
0
0
0
0
0
0
0
0
0
0
0
0
0
0
0
0
0
0
0
0
0
0
0
0
0
0
0
0
0
0
0
0
0
0
0
0
0
-8.313
0
0
0
0
0
0
0
0
0
-0.72662
-0.68914
-0.71707
-0.69313
-0.65169
-0.74128
46.5141
-0.69594
-0.67952
-0.63884
-0.71923
-0.63884
-0.64429
-0.70725
-0.70011
-0.6434
-0.64342
-0.65003
-0.72347
-0.66183
-0.71399
-0.7565
-0.66308
-0.70153
-0.66279
-0.66954
-0.68101
-0.68241
-0.79449
-0.73787
-0.72624
-0.72621
-0.7916
-0.71286
-0.68935
-0.69955
-0.69956
-0.75366
-0.83203
-0.80162
-0.82787
-0.8278
-0.74076
-0.76634
-0.74871
-0.83709
-0.87933
-0.78407
-0.81758
-0.88113
-0.75333
-0.80997
-0.78788
-0.78344
-0.79835
-0.89525
-0.84565
-0.96359
-1.1979
-1.0812
0
0
0
-2.0259
0
0
0
0
0
0
0
0
0
0
0
0
0
0
0
0
0
0
0
0
0
0
0
0
0
0
0
0
0
0
0
0
0
0
0
0
0
0
0
0
0
0
0
0
0
0
0
0
0
0
0
0
0
0
-0.75831
-0.71866
-0.74528
-0.71933
-0.68321
-0.77238
-0.69594
51.1408
-0.71306
-0.66707
-0.74839
-0.66707
-0.67749
-0.73625
-0.73204
-0.67112
-0.67114
-0.67834
-0.75517
-0.6936
-0.74317
-0.77715
-0.69131
-0.73181
-0.69101
-0.7002
-0.70964
-0.70986
-0.81959
-0.76772
-0.75587
-0.75584
-0.82168
-0.74236
-0.71851
-0.72886
-0.72887
-0.78277
-0.85985
-0.83283
-0.85603
-0.85596
-0.76938
-0.79614
-0.7793
-0.86677
-0.90838
-0.8211
-0.84918
-0.91311
-0.76301
-0.84193
-0.82827
-0.80774
-0.82477
-0.92737
-0.87562
-0.99661
-1.2323
-1.1117
0
0
0
0
0
0
0
0
0
0
0
0
0
0
0
0
0
0
0
0
-4.9433
0
0
0
0
0
0
0
0
0
0
0
0
0
0
0
0
0
0
0
0
0
0
0
0
0
0
0
0
0
0
0
0
0
0
0
0
0
-0.7426
-0.70469
-0.73339
-0.70943
-0.66829
-0.75747
-0.67952
-0.71306
47.9469
-0.65388
-0.73622
-0.65388
-0.66222
-0.72332
-0.71683
-0.65858
-0.6586
-0.66571
-0.74023
-0.67913
-0.73058
-0.77538
-0.67929
-0.71828
-0.67899
-0.68843
-0.69743
-0.69896
-0.81253
-0.755
-0.74326
-0.74324
-0.81013
-0.72979
-0.706
-0.71629
-0.71629
-0.77117
-0.84927
-0.81934
-0.8451
-0.84503
-0.75799
-0.78326
-0.766
-0.85499
-0.89761
-0.79376
-0.83497
-0.89902
-0.77029
-0.82641
-0.80505
-0.80067
-0.81623
-0.91353
-0.85255
-0.98222
-1.2174
-1.1011
0
0
0
0
0
0
0
-2.4871
0
0
0
0
0
0
0
0
0
0
0
0
0
0
0
0
0
0
0
0
0
0
0
0
0
0
0
0
0
0
0
0
0
0
0
0
0
0
0
0
0
0
0
0
0
0
0
0
0
0
-0.69727
-0.66059
-0.68809
-0.66432
-0.628
-0.71134
-0.63884
-0.66707
-0.65388
42.7605
-0.69058
-0.59501
-0.62354
-0.67869
-0.67148
-0.61699
-0.61701
-0.62243
-0.69425
-0.63721
-0.68493
-0.72125
-0.63481
-0.6725
-0.63451
-0.64466
-0.65229
-0.65269
-0.76553
-0.70774
-0.69647
-0.69645
-0.76011
-0.68321
-0.66014
-0.67019
-0.67019
-0.72284
-0.79991
-0.77063
-0.79675
-0.79668
-0.71084
-0.737
-0.71871
-0.80473
-0.84732
-0.75924
-0.78762
-0.84898
-0.72436
-0.78002
-0.75686
-0.75258
-0.76701
-0.86287
-0.81368
-0.93022
-1.1613
-1.0461
0
0
0
0
0
0
0
0
0
0
0
0
0
0
0
0
0
0
0
0
0
0
0
0
0
0
0
0
0
0
0
0
0
0
0
0
0
0
0
0
0
0
0
0
0
0
0
0
0
0
0
0
0
0
0
0
0
0
-0.79326
-0.74123
-0.77392
-0.74757
-0.70711
-0.81023
-0.71923
-0.74839
-0.73622
-0.69058
54.9004
-0.69058
-0.70023
-0.75724
-0.75021
-0.69218
-0.6922
-0.69911
-0.77267
-0.71465
-0.76453
-0.79919
-0.71207
-0.75171
-0.71176
-0.71963
-0.73063
-0.73254
-0.84251
-0.78914
-0.7772
-0.77717
-0.84442
-0.76352
-0.73941
-0.74985
-0.74985
-0.80569
-0.88322
-0.85424
-0.87807
-0.87801
-0.78947
-0.81593
-0.80031
-0.88927
-0.93111
-0.84542
-0.86739
-0.93468
-0.79244
-0.85871
-0.83951
-0.83198
-0.85052
-0.94858
-0.89418
-1.0184
0
0
0
0
0
0
0
0
0
0
0
-2.119
0
0
0
0
0
0
0
0
0
0
0
0
0
0
0
0
0
0
0
0
0
0
0
0
0
0
0
0
0
0
0
0
0
0
0
0
0
0
0
0
0
0
0
-7.6822
0
0
0
0
-0.69728
-0.66059
-0.6881
-0.66432
-0.628
-0.71135
-0.63884
-0.66707
-0.65388
-0.59501
-0.69058
42.7607
-0.62353
-0.67868
-0.67148
-0.61699
-0.61701
-0.62243
-0.69425
-0.63721
-0.68493
-0.72125
-0.63481
-0.6725
-0.63452
-0.64466
-0.65229
-0.65269
-0.76554
-0.70775
-0.69648
-0.69645
-0.76011
-0.68321
-0.66014
-0.67019
-0.67019
-0.72284
-0.7999
-0.77063
-0.79675
-0.79669
-0.71084
-0.73699
-0.71871
-0.80473
-0.84732
-0.75924
-0.78763
-0.849
-0.72436
-0.78003
-0.75688
-0.75259
-0.76701
-0.86288
-0.8137
-0.93022
-1.1613
-1.0461
0
0
0
0
0
0
0
0
0
0
0
0
0
0
0
0
0
0
0
0
0
0
0
0
0
0
0
0
0
0
0
0
0
0
0
0
0
0
0
0
0
0
0
0
0
0
0
0
0
0
0
0
0
0
0
0
0
0
-0.70845
-0.67108
-0.69887
-0.67508
-0.6372
-0.72271
-0.64429
-0.67749
-0.66222
-0.62354
-0.70023
-0.62353
44.307
-0.68844
-0.68082
-0.62668
-0.6267
-0.6325
-0.70353
-0.64386
-0.69516
-0.73257
-0.64485
-0.6826
-0.64455
-0.65096
-0.66252
-0.66369
-0.7752
-0.71845
-0.70704
-0.70702
-0.77036
-0.69372
-0.67047
-0.68058
-0.68058
-0.73408
-0.81111
-0.7815
-0.80731
-0.80725
-0.71833
-0.74652
-0.72921
-0.81678
-0.85839
-0.76365
-0.79703
-0.86042
-0.73392
-0.78967
-0.76819
-0.76392
-0.77864
-0.87458
-0.82514
-0.94228
-1.1741
0
0
0
0
-1.9974
0
0
0
0
0
0
0
0
0
0
0
0
0
0
0
0
0
0
0
0
0
0
0
0
0
0
0
0
0
0
0
0
0
0
0
0
0
0
0
0
0
0
0
0
0
0
0
0
0
0
0
0
0
0
-0.78074
-0.72547
-0.75694
-0.73374
-0.69512
-0.80055
-0.70725
-0.73625
-0.72332
-0.67869
-0.75724
-0.67868
-0.68844
53.9793
-0.73797
-0.68033
-0.68035
-0.6869
-0.76045
-0.70254
-0.75179
-0.78593
-0.6998
-0.73934
-0.6995
-0.7091
-0.71819
-0.72162
-0.82815
-0.77608
-0.76421
-0.76418
-0.83051
-0.7506
-0.72663
-0.73701
-0.73701
-0.79258
-0.87216
-0.84078
-0.86584
-0.86576
-0.77632
-0.8041
-0.78698
-0.8749
-0.91855
-0.82877
-0.85572
-0.9204
-0.79071
-0.84739
-0.82577
-0.81145
-0.83557
-0.93384
-0.88266
-1.0034
0
0
0
-1.8474
0
0
0
0
0
0
0
0
0
0
0
0
0
0
0
0
0
0
0
0
0
0
0
0
0
0
0
0
0
0
0
0
0
0
0
0
0
0
0
0
0
0
0
0
0
0
0
0
0
0
0
0
0
-7.7476
0
0
-0.75502
-0.69464
-0.75208
-0.72813
-0.68758
-0.76997
-0.70011
-0.73204
-0.71683
-0.67148
-0.75021
-0.67148
-0.68082
-0.73797
50.0308
-0.67499
-0.675
-0.68193
-0.75636
-0.69759
-0.74724
-0.78581
-0.69539
-0.73569
-0.69508
-0.70495
-0.71387
-0.71522
-0.82876
-0.77199
-0.7602
-0.76017
-0.82584
-0.74664
-0.72284
-0.7332
-0.7332
-0.78805
-0.86548
-0.83702
-0.86118
-0.86112
-0.77178
-0.79965
-0.78354
-0.87035
-0.91351
-0.82302
-0.85141
-0.91734
-0.78966
-0.84317
-0.8252
-0.81623
-0.83419
-0.93193
-0.87682
-1.0007
-1.2357
0
0
0
0
0
0
0
0
0
0
0
0
0
0
0
0
0
0
0
0
0
0
0
0
0
0
0
0
0
0
0
0
0
0
-4.7234
0
0
0
0
0
0
0
0
0
0
0
0
0
0
0
0
0
0
0
0
0
0
0
0
-0.70112
-0.66411
-0.69189
-0.66846
-0.63199
-0.71534
-0.6434
-0.67112
-0.65858
-0.61699
-0.69218
-0.61699
-0.62668
-0.68033
-0.67499
40.6842
-0.59833
-0.62312
-0.69582
-0.63855
-0.68679
-0.72186
-0.63656
-0.67429
-0.63626
-0.64646
-0.65403
-0.65472
-0.76704
-0.70951
-0.69835
-0.69832
-0.76433
-0.68497
-0.66192
-0.67199
-0.672
-0.72563
-0.8025
-0.77263
-0.79907
-0.79901
-0.71004
-0.73916
-0.72045
-0.80731
-0.85085
-0.76131
-0.78999
-0.85087
-0.72736
-0.78226
-0.75905
-0.75566
-0.76984
-0.864
-0.81573
-0.93217
0
0
0
0
0
0
0
0
0
0
0
0
0
0
0
0
0
0
0
0
0
0
0
0
0
0
0
0
0
0
0
0
0
0
0
0
0
0
0
0
0
0
0
0
0
0
0
0
0
0
0
0
0
0
0
0
0
0
0
0
-0.70114
-0.66412
-0.69191
-0.66847
-0.63201
-0.71537
-0.64342
-0.67114
-0.6586
-0.61701
-0.6922
-0.61701
-0.6267
-0.68035
-0.675
-0.59833
40.6852
-0.62313
-0.69583
-0.63857
-0.6868
-0.72187
-0.63657
-0.67431
-0.63627
-0.64648
-0.65405
-0.65473
-0.76705
-0.70953
-0.69835
-0.69833
-0.76435
-0.68499
-0.66193
-0.67201
-0.67202
-0.72565
-0.80251
-0.77264
-0.79909
-0.79902
-0.71006
-0.73917
-0.72047
-0.80733
-0.85086
-0.76132
-0.79001
-0.85088
-0.72738
-0.78229
-0.75906
-0.75567
-0.76986
-0.86402
-0.81575
-0.93218
0
0
0
0
0
0
0
0
0
0
0
0
0
0
0
0
0
0
0
0
0
0
0
0
0
0
0
0
0
0
0
0
0
0
0
0
0
0
0
0
0
0
0
0
0
0
0
0
0
0
0
0
0
0
0
0
0
0
0
0
-0.70801
-0.67084
-0.69924
-0.67537
-0.63827
-0.72219
-0.65003
-0.67834
-0.66571
-0.62243
-0.69911
-0.62243
-0.6325
-0.6869
-0.68193
-0.62312
-0.62313
38.722
-0.70074
-0.64453
-0.69377
-0.72697
-0.64269
-0.68096
-0.64239
-0.65274
-0.65988
-0.66014
-0.77158
-0.71524
-0.70418
-0.70417
-0.77445
-0.69077
-0.66777
-0.67786
-0.67786
-0.73093
-0.8085
-0.77866
-0.80525
-0.80518
-0.71608
-0.74514
-0.72628
-0.81297
-0.85724
-0.76824
-0.79646
-0.85782
0
-0.7888
-0.76452
-0.76304
0
-0.87011
0
-0.93859
0
0
0
0
0
0
0
0
0
0
0
0
0
0
0
0
0
0
0
0
0
0
0
0
0
0
0
0
0
0
0
0
0
0
0
0
0
0
0
0
0
0
0
0
0
0
0
0
0
0
0
0
0
0
0
0
0
0
0
0
-0.78924
-0.74382
-0.77687
-0.75186
-0.71103
-0.80481
-0.72347
-0.75517
-0.74023
-0.69425
-0.77267
-0.69425
-0.70353
-0.76045
-0.75636
-0.69582
-0.69583
-0.70074
48.3336
-0.71412
-0.76453
-0.8159
-0.7121
-0.74548
-0.7118
-0.72152
-0.73036
-0.73232
-0.83844
-0.78832
-0.77661
-0.7766
-0.84409
-0.76295
-0.73875
-0.74917
-0.74917
-0.80344
-0.88407
-0.85354
-0.87747
-0.8774
-0.78829
-0.81552
-0.79985
-0.88761
-0.9304
-0.84192
-0.86809
-0.93531
0
-0.86045
0
0
0
0
0
0
0
0
0
0
-2.2329
0
0
0
0
0
0
0
0
0
0
0
0
0
0
0
0
0
0
0
0
0
0
0
0
0
0
0
0
0
0
0
0
0
0
0
0
0
0
0
0
0
0
0
-7.1346
0
0
0
0
0
0
0
0
0
0
0
-0.72439
-0.68637
-0.71487
-0.69152
-0.6534
-0.73862
-0.66183
-0.6936
-0.67913
-0.63721
-0.71465
-0.63721
-0.64386
-0.70254
-0.69759
-0.63855
-0.63857
-0.64453
-0.71412
37.2919
-0.71203
-0.74036
-0.65758
-0.69738
-0.65728
-0.66389
-0.67416
-0.67527
-0.78682
-0.72961
-0.71869
-0.71867
-0.78732
-0.70509
-0.6818
-0.69198
-0.69198
-0.74447
-0.82394
-0.79356
-0.82045
-0.82038
-0.73116
-0.75894
-0.7415
-0.82875
-0.87249
-0.77558
-0.81071
-0.87334
0
0
0
0
0
0
0
0
0
0
0
0
0
-1.9941
0
0
0
0
0
0
0
0
0
0
0
0
0
0
0
0
0
0
0
0
0
0
0
0
0
0
0
0
0
0
0
0
0
0
0
0
0
0
0
0
0
0
0
0
0
0
0
0
0
0
0
0
0
0
-0.77374
-0.73524
-0.7647
-0.74037
-0.70135
-0.78839
-0.71399
-0.74317
-0.73058
-0.68493
-0.76453
-0.68493
-0.69516
-0.75179
-0.74724
-0.68679
-0.6868
-0.69377
-0.76453
-0.71203
35.9874
-0.78806
-0.70446
-0.75058
-0.70414
-0.71741
-0.72173
-0.73438
-0.82943
-0.78283
-0.77082
-0.7708
-0.83907
-0.75582
-0.73194
-0.74246
-0.74246
-0.8044
-0.88938
-0.84713
-0.87708
-0.87701
-0.78459
-0.81438
-0.79474
-0.88244
0
-0.83773
0
-0.9281
0
0
0
0
0
0
0
0
0
0
0
0
0
0
0
0
0
0
0
0
0
0
0
0
0
0
0
0
0
0
0
0
0
0
0
0
0
0
0
0
0
0
0
0
0
0
0
0
0
0
0
0
0
0
0
0
0
0
0
0
0
0
0
0
0
0
0
0
-0.81485
-0.76933
-0.79876
-0.77827
-0.74044
-0.83154
-0.7565
-0.77715
-0.77538
-0.72125
-0.79919
-0.72125
-0.73257
-0.78593
-0.78581
-0.72186
-0.72187
-0.72697
-0.8159
-0.74036
-0.78806
48.8263
-0.73468
-0.77374
-0.73438
-0.74551
-0.75263
-0.74612
-0.8501
-0.81093
-0.79915
-0.79912
-0.85733
-0.78456
-0.76053
-0.77111
-0.77111
-0.83304
-0.89344
-0.87574
-0.90512
-0.90504
-0.80456
-0.84298
-0.82329
0
0
0
0
0
0
0
0
0
0
0
0
0
0
0
0
0
0
0
0
0
-2.2696
0
0
0
0
0
0
0
0
0
0
0
0
0
0
0
0
0
0
-4.8562
0
0
0
0
0
0
0
0
0
0
0
0
0
0
0
0
0
0
0
0
0
0
0
-7.023
0
0
0
0
0
0
0
0
-0.72118
-0.68377
-0.71224
-0.68865
-0.65071
-0.73539
-0.66308
-0.69131
-0.67929
-0.63481
-0.71207
-0.63481
-0.64485
-0.6998
-0.69539
-0.63656
-0.63657
-0.64269
-0.7121
-0.65758
-0.70446
-0.73468
31.7869
-0.69118
-0.6185
-0.65588
-0.66604
-0.68021
-0.78269
-0.72317
-0.71258
-0.71255
-0.79276
-0.69711
-0.676
-0.68629
-0.68629
-0.74716
-0.81551
-0.78826
-0.81895
-0.81888
-0.72823
-0.75726
-0.73763
-0.82182
0
0
0
0
0
0
0
0
0
0
0
0
0
0
0
0
0
0
0
0
0
0
0
0
0
0
0
0
0
0
0
0
0
0
0
0
0
0
0
0
0
0
0
0
0
0
0
0
0
0
0
0
0
0
0
0
0
0
0
0
0
0
0
0
0
0
0
0
0
0
0
0
-0.76129
-0.72331
-0.75305
-0.72766
-0.68876
-0.77616
-0.70153
-0.73181
-0.71828
-0.6725
-0.75171
-0.6725
-0.6826
-0.73934
-0.73569
-0.67429
-0.67431
-0.68096
-0.74548
-0.69738
-0.75058
-0.77374
-0.69118
34.9373
-0.69089
-0.69746
-0.70604
-0.71804
-0.81753
-0.76677
-0.75556
-0.75553
-0.83078
-0.74037
-0.71756
-0.72812
-0.72812
-0.78808
-0.87266
-0.83089
-0.86158
-0.86152
-0.76655
-0.79974
-0.77998
0
0
0
0
0
0
0
0
0
0
0
0
0
0
0
0
0
-2.1995
0
0
0
0
0
0
0
0
0
0
0
0
0
0
0
0
0
0
0
0
0
0
0
0
0
0
0
0
0
0
0
0
0
0
0
0
0
0
0
0
0
0
0
0
0
0
0
0
0
0
0
0
0
0
0
-0.72088
-0.68347
-0.71194
-0.68835
-0.65041
-0.73509
-0.66279
-0.69101
-0.67899
-0.63451
-0.71176
-0.63452
-0.64455
-0.6995
-0.69508
-0.63626
-0.63627
-0.64239
-0.7118
-0.65728
-0.70414
-0.73438
-0.6185
-0.69089
31.773
-0.65558
-0.66572
-0.67994
-0.7824
-0.72282
-0.71224
-0.71222
-0.79248
-0.69676
-0.67568
-0.68596
-0.68595
-0.74675
-0.81534
-0.78791
-0.81852
-0.81845
-0.72788
-0.75689
-0.73729
-0.82145
0
0
0
0
0
0
0
0
0
0
0
0
0
0
0
0
0
0
0
0
0
0
0
0
0
0
0
0
0
0
0
0
0
0
0
0
0
0
0
0
0
0
0
0
0
0
0
0
0
0
0
0
0
0
0
0
0
0
0
0
0
0
0
0
0
0
0
0
0
0
0
0
-0.73229
-0.69339
-0.72159
-0.69917
-0.66069
-0.74727
-0.66954
-0.7002
-0.68843
-0.64466
-0.71963
-0.64466
-0.65096
-0.7091
-0.70495
-0.64646
-0.64648
-0.65274
-0.72152
-0.66389
-0.71741
-0.74551
-0.65588
-0.69746
-0.65558
34.4061
-0.67597
-0.68098
-0.79559
-0.73389
-0.72336
-0.72334
-0.80111
-0.70832
-0.68663
-0.69698
-0.69699
-0.75657
-0.83639
-0.79804
-0.82655
-0.82648
-0.73449
-0.76397
-0.74775
0
0
0
0
0
0
0
0
0
0
0
0
0
0
0
0
0
0
0
0
0
0
0
0
0
0
0
0
0
0
-3.0033
0
0
0
0
0
0
0
0
0
0
0
0
0
0
0
0
0
0
0
0
0
0
0
0
0
0
0
0
0
0
0
0
0
0
0
0
0
0
0
0
0
0
-0.73996
-0.70222
-0.73099
-0.70709
-0.66853
-0.75414
-0.68101
-0.70964
-0.69743
-0.65229
-0.73063
-0.65229
-0.66252
-0.71819
-0.71387
-0.65403
-0.65405
-0.65988
-0.73036
-0.67416
-0.72173
-0.75263
-0.66604
-0.70604
-0.66572
-0.67597
30.2529
-0.6867
-0.79629
-0.74521
-0.73561
-0.73558
-0.79473
-0.71831
-0.69628
-0.70648
-0.70648
-0.77151
-0.81894
-0.80558
-0.84801
-0.84796
0
0
-0.75776
0
0
0
0
0
0
0
0
0
0
0
0
0
0
0
0
0
0
0
0
0
0
0
0
0
0
0
0
0
0
0
0
0
0
0
0
0
0
0
0
0
0
0
0
0
0
0
0
0
0
0
0
0
0
0
0
0
0
0
0
0
0
0
0
0
0
0
0
0
0
0
0
0
-0.73937
-0.70178
-0.72818
-0.70663
-0.66537
-0.75678
-0.68241
-0.70986
-0.69896
-0.65269
-0.73254
-0.65269
-0.66369
-0.72162
-0.71522
-0.65472
-0.65473
-0.66014
-0.73232
-0.67527
-0.73438
-0.74612
-0.68021
-0.71804
-0.67994
-0.68098
-0.6867
33.8896
-0.79738
-0.73559
-0.72932
-0.7293
-0.7917
-0.71497
-0.69365
-0.70383
-0.70383
-0.75493
0
-0.80319
0
0
0
0
0
0
0
0
0
0
0
0
-0.78716
0
0
0
0
0
0
0
-1.654
0
0
0
0
0
0
0
0
0
0
0
0
0
0
0
0
0
0
0
0
0
0
0
0
0
0
0
0
0
0
0
0
0
-4.4594
0
0
0
0
0
0
0
0
0
0
0
0
0
0
0
0
0
0
0
0
0
0
0
-0.85831
-0.81348
-0.84175
-0.82459
-0.78098
-0.87516
-0.79449
-0.81959
-0.81253
-0.76553
-0.84251
-0.76554
-0.7752
-0.82815
-0.82876
-0.76704
-0.76705
-0.77158
-0.83844
-0.78682
-0.82943
-0.8501
-0.78269
-0.81753
-0.7824
-0.79559
-0.79629
-0.79738
45.9894
-0.85084
-0.84011
-0.84008
-0.89959
-0.82538
-0.80183
-0.81259
-0.81259
0
0
0
0
0
0
0
0
0
0
0
0
0
0
0
0
0
0
0
0
0
0
0
0
0
0
0
0
0
-2.3909
0
0
0
0
0
0
0
0
0
0
0
0
0
0
0
0
0
0
0
0
0
0
0
0
0
0
0
0
0
0
0
0
0
0
-7.1533
0
0
0
0
0
0
0
0
0
0
0
0
-7.1533
0
0
0
-0.79845
-0.75987
-0.78977
-0.7648
-0.72481
-0.81301
-0.73787
-0.76772
-0.755
-0.70774
-0.78914
-0.70775
-0.71845
-0.77608
-0.77199
-0.70951
-0.70953
-0.71524
-0.78832
-0.72961
-0.78283
-0.81093
-0.72317
-0.76677
-0.72282
-0.73389
-0.74521
-0.73559
-0.85084
29.1994
-0.82
-0.81997
-0.84411
-0.79365
-0.76164
-0.77308
-0.77308
-0.82766
0
-0.87949
0
0
0
0
0
0
0
0
0
0
0
0
0
0
0
0
0
0
0
0
0
0
0
0
0
0
0
0
0
0
0
0
0
0
0
0
0
0
0
0
0
0
0
0
0
0
0
0
0
0
0
0
0
0
0
0
0
0
0
0
0
0
0
0
0
0
0
0
0
0
0
0
0
0
0
0
0
0
-0.78635
-0.74804
-0.77771
-0.75295
-0.71326
-0.80088
-0.72624
-0.75587
-0.74326
-0.69647
-0.7772
-0.69648
-0.70704
-0.76421
-0.7602
-0.69835
-0.69835
-0.70418
-0.77661
-0.71869
-0.77082
-0.79915
-0.71258
-0.75556
-0.71224
-0.72336
-0.73561
-0.72932
-0.84011
-0.82
27.8771
-0.80451
-0.84143
-0.76721
-0.73971
-0.75113
-0.75114
-0.82084
0
0
0
0
0
0
0
0
0
0
0
0
0
0
0
0
0
0
0
0
0
0
0
0
0
0
0
0
0
0
0
0
0
0
0
0
0
0
0
0
0
0
0
0
0
0
0
0
0
0
0
0
0
0
0
0
0
0
0
0
0
0
0
0
0
0
0
0
0
0
0
0
0
0
0
0
0
0
0
0
-0.78632
-0.74801
-0.77767
-0.75293
-0.71323
-0.80086
-0.72621
-0.75584
-0.74324
-0.69645
-0.77717
-0.69645
-0.70702
-0.76418
-0.76017
-0.69832
-0.69833
-0.70417
-0.7766
-0.71867
-0.7708
-0.79912
-0.71255
-0.75553
-0.71222
-0.72334
-0.73558
-0.7293
-0.84008
-0.81997
-0.80451
27.8761
-0.84141
-0.76716
-0.73967
-0.75111
-0.75111
-0.8208
0
0
0
0
0
0
0
0
0
0
0
0
0
0
0
0
0
0
0
0
0
0
0
0
0
0
0
0
0
0
0
0
0
0
0
0
0
0
0
0
0
0
0
0
0
0
0
0
0
0
0
0
0
0
0
0
0
0
0
0
0
0
0
0
0
0
0
0
0
0
0
0
0
0
0
0
0
0
0
0
-0.85966
-0.81339
-0.84452
-0.82096
-0.77776
-0.87626
-0.7916
-0.82168
-0.81013
-0.76011
-0.84442
-0.76011
-0.77036
-0.83051
-0.82584
-0.76433
-0.76435
-0.77445
-0.84409
-0.78732
-0.83907
-0.85733
-0.79276
-0.83078
-0.79248
-0.80111
-0.79473
-0.7917
-0.89959
-0.84411
-0.84143
-0.84141
38.4695
-0.82443
0
0
0
0
0
0
0
0
0
0
0
0
0
0
0
0
0
0
0
0
0
0
0
0
0
0
0
0
0
0
0
0
0
0
0
0
0
0
-1.1576
0
0
0
-3.6817
0
0
0
0
0
0
0
0
0
0
0
0
0
0
0
0
0
0
0
0
0
0
0
0
0
0
0
0
0
0
0
0
0
0
-6.7374
0
0
0
0
0
0
-0.77269
-0.7346
-0.76413
-0.73945
-0.69996
-0.78709
-0.71286
-0.74236
-0.72979
-0.68321
-0.76352
-0.68321
-0.69372
-0.7506
-0.74664
-0.68497
-0.68499
-0.69077
-0.76295
-0.70509
-0.75582
-0.78456
-0.69711
-0.74037
-0.69676
-0.70832
-0.71831
-0.71497
-0.82538
-0.79365
-0.76721
-0.76716
-0.82443
26.5448
-0.73138
-0.74339
-0.74339
0
0
0
0
0
0
0
0
0
0
0
0
0
0
0
0
0
0
0
0
0
0
0
0
0
0
0
0
0
0
0
0
0
0
0
0
0
0
0
0
0
0
0
0
0
0
0
0
0
0
0
0
0
0
0
0
0
0
0
0
0
0
0
0
0
0
0
0
0
0
0
0
0
0
0
0
0
0
0
0
0
-0.74826
-0.71093
-0.73998
-0.71558
-0.6766
-0.76237
-0.68935
-0.71851
-0.706
-0.66014
-0.73941
-0.66014
-0.67047
-0.72663
-0.72284
-0.66192
-0.66193
-0.66777
-0.73875
-0.6818
-0.73194
-0.76053
-0.676
-0.71756
-0.67568
-0.68663
-0.69628
-0.69365
-0.80183
-0.76164
-0.73971
-0.73967
0
-0.73138
24.8643
-0.69622
-0.69623
0
0
0
0
0
0
0
0
0
0
0
0
0
0
0
0
0
0
0
0
0
0
0
0
0
0
0
0
0
0
0
0
0
0
0
0
0
0
0
0
0
0
0
0
0
0
0
0
0
0
0
0
0
0
0
0
0
0
0
0
0
0
0
0
0
0
0
0
0
0
0
0
0
0
0
0
0
0
0
0
0
-0.75875
-0.72124
-0.75043
-0.72592
-0.68675
-0.77292
-0.69955
-0.72886
-0.71629
-0.67019
-0.74985
-0.67019
-0.68058
-0.73701
-0.7332
-0.67199
-0.67201
-0.67786
-0.74917
-0.69198
-0.74246
-0.77111
-0.68629
-0.72812
-0.68596
-0.69698
-0.70648
-0.70383
-0.81259
-0.77308
-0.75113
-0.75111
0
-0.74339
-0.69622
24.5135
0
0
0
0
0
0
0
0
0
0
0
0
0
0
0
0
0
0
0
0
0
0
0
0
0
0
0
0
0
0
0
0
0
0
0
0
0
0
0
0
0
0
0
0
0
0
0
0
0
0
0
0
0
0
0
0
0
0
0
0
0
0
0
0
0
0
0
0
0
0
0
0
0
0
0
0
0
0
0
0
0
0
-0.75875
-0.72123
-0.75043
-0.72592
-0.68675
-0.77293
-0.69956
-0.72887
-0.71629
-0.67019
-0.74985
-0.67019
-0.68058
-0.73701
-0.7332
-0.672
-0.67202
-0.67786
-0.74917
-0.69198
-0.74246
-0.77111
-0.68629
-0.72812
-0.68595
-0.69699
-0.70648
-0.70383
-0.81259
-0.77308
-0.75114
-0.75111
0
-0.74339
-0.69623
0
24.5136
0
0
0
0
0
0
0
0
0
0
0
0
0
0
0
0
0
0
0
0
0
0
0
0
0
0
0
0
0
0
0
0
0
0
0
0
0
0
0
0
0
0
0
0
0
0
0
0
0
0
0
0
0
0
0
0
0
0
0
0
0
0
0
0
0
0
0
0
0
0
0
0
0
0
0
0
0
0
0
0
0
-0.81507
-0.77537
-0.80505
-0.78082
-0.73963
-0.82997
-0.75366
-0.78277
-0.77117
-0.72284
-0.80569
-0.72284
-0.73408
-0.79258
-0.78805
-0.72563
-0.72565
-0.73093
-0.80344
-0.74447
-0.8044
-0.83304
-0.74716
-0.78808
-0.74675
-0.75657
-0.77151
-0.75493
0
-0.82766
-0.82084
-0.8208
0
0
0
0
0
28.6892
0
0
0
0
0
0
0
0
0
0
0
0
0
0
0
0
0
0
0
0
0
0
0
0
0
0
0
0
0
0
0
0
0
0
0
0
-4.6677
0
0
0
0
0
0
0
0
0
0
0
0
0
0
0
0
0
0
0
0
0
0
0
0
0
0
0
0
0
0
0
0
0
0
0
0
0
0
0
0
0
0
0
-0.90097
-0.8546
-0.88378
-0.86296
-0.81759
-0.91614
-0.83203
-0.85985
-0.84927
-0.79991
-0.88322
-0.7999
-0.81111
-0.87216
-0.86548
-0.8025
-0.80251
-0.8085
-0.88407
-0.82394
-0.88938
-0.89344
-0.81551
-0.87266
-0.81534
-0.83639
-0.81894
0
0
0
0
0
0
0
0
0
0
0
33.4505
0
0
0
0
0
0
0
0
0
0
0
0
0
0
0
0
0
0
0
0
0
0
0
0
0
0
0
0
0
0
0
0
0
0
0
0
0
0
0
0
0
0
0
0
0
0
0
0
0
0
-4.5061
0
0
0
0
0
0
0
0
0
0
0
0
0
0
0
0
0
0
0
0
0
0
0
0
0
0
-6.0723
0
-0.86338
-0.82421
-0.85538
-0.82946
-0.78814
-0.87829
-0.80162
-0.83283
-0.81934
-0.77063
-0.85424
-0.77063
-0.7815
-0.84078
-0.83702
-0.77263
-0.77264
-0.77866
-0.85354
-0.79356
-0.84713
-0.87574
-0.78826
-0.83089
-0.78791
-0.79804
-0.80558
-0.80319
0
-0.87949
0
0
0
0
0
0
0
0
0
23.7347
0
0
0
0
0
0
0
0
0
0
0
0
0
0
0
0
0
0
0
0
0
0
0
0
0
0
0
0
0
0
0
0
0
0
0
0
0
0
0
0
0
0
0
0
0
0
0
0
0
0
0
0
0
0
0
0
0
0
0
0
0
0
0
0
0
0
0
0
0
0
0
0
0
0
0
0
0
0
-0.89287
-0.84921
-0.87959
-0.85717
-0.81456
-0.90865
-0.82787
-0.85603
-0.8451
-0.79675
-0.87807
-0.79675
-0.80731
-0.86584
-0.86118
-0.79907
-0.79909
-0.80525
-0.87747
-0.82045
-0.87708
-0.90512
-0.81895
-0.86158
-0.81852
-0.82655
-0.84801
0
0
0
0
0
0
0
0
0
0
0
0
0
28.6189
0
0
0
0
0
0
0
0
0
0
0
0
0
0
0
0
0
0
0
0
0
0
0
0
0
0
0
0
0
0
0
0
0
0
0
0
0
0
0
0
0
0
0
0
0
0
0
0
0
0
0
0
0
0
0
0
0
0
0
-5.8248
0
0
0
0
0
0
0
0
0
0
0
0
0
0
0
0
0
-0.89279
-0.84914
-0.87952
-0.85709
-0.81449
-0.90858
-0.8278
-0.85596
-0.84503
-0.79668
-0.87801
-0.79669
-0.80725
-0.86576
-0.86112
-0.79901
-0.79902
-0.80518
-0.8774
-0.82038
-0.87701
-0.90504
-0.81888
-0.86152
-0.81845
-0.82648
-0.84796
0
0
0
0
0
0
0
0
0
0
0
0
0
0
28.6168
0
0
0
0
0
0
0
0
0
0
0
0
0
0
0
0
0
0
0
0
0
0
0
0
0
0
0
0
0
0
0
0
0
0
0
0
0
0
0
0
0
0
0
0
0
0
0
0
0
0
0
0
0
0
0
0
0
0
0
0
0
0
0
0
0
0
0
0
0
0
-5.8246
0
0
0
0
0
-0.79928
-0.76118
-0.79052
-0.767
-0.72754
-0.81504
-0.74076
-0.76938
-0.75799
-0.71084
-0.78947
-0.71084
-0.71833
-0.77632
-0.77178
-0.71004
-0.71006
-0.71608
-0.78829
-0.73116
-0.78459
-0.80456
-0.72823
-0.76655
-0.72788
-0.73449
0
0
0
0
0
0
0
0
0
0
0
0
0
0
0
0
22.4148
0
0
0
0
0
0
0
0
0
0
0
0
0
0
0
0
0
0
0
0
0
0
0
0
0
0
0
0
0
0
0
0
0
0
0
0
0
0
0
0
0
0
0
0
0
0
0
0
0
-2.8067
0
0
0
0
0
0
0
0
0
0
0
0
0
0
0
0
0
0
0
0
0
0
0
0
0
-0.82968
-0.78791
-0.81883
-0.79549
-0.75426
-0.84493
-0.76634
-0.79614
-0.78326
-0.737
-0.81593
-0.73699
-0.74652
-0.8041
-0.79965
-0.73916
-0.73917
-0.74514
-0.81552
-0.75894
-0.81438
-0.84298
-0.75726
-0.79974
-0.75689
-0.76397
0
0
0
0
0
0
0
0
0
0
0
0
0
0
0
0
0
25.4993
0
0
0
0
0
0
0
0
0
0
0
0
0
0
0
0
0
0
0
0
0
0
0
0
0
0
0
0
0
0
0
0
0
0
0
0
0
0
0
0
0
0
0
0
0
0
0
0
0
0
0
-5.1492
0
0
0
0
0
0
0
0
0
0
0
0
0
0
0
0
0
0
0
0
0
0
-0.80916
-0.77109
-0.80142
-0.77588
-0.73582
-0.8235
-0.74871
-0.7793
-0.766
-0.71871
-0.80031
-0.71871
-0.72921
-0.78698
-0.78354
-0.72045
-0.72047
-0.72628
-0.79985
-0.7415
-0.79474
-0.82329
-0.73763
-0.77998
-0.73729
-0.74775
-0.75776
0
0
0
0
0
0
0
0
0
0
0
0
0
0
0
0
0
20.6353
0
0
0
0
0
0
0
0
0
0
0
0
0
0
0
0
0
0
0
0
0
0
0
0
0
0
0
0
0
0
0
0
0
0
0
0
0
0
0
0
0
0
0
0
0
0
0
0
0
0
0
0
0
0
0
0
0
0
0
0
0
0
0
0
0
0
0
0
0
0
0
0
0
-0.89679
-0.85613
-0.88785
-0.86336
-0.8222
-0.91244
-0.83709
-0.86677
-0.85499
-0.80473
-0.88927
-0.80473
-0.81678
-0.8749
-0.87035
-0.80731
-0.80733
-0.81297
-0.88761
-0.82875
-0.88244
0
-0.82182
0
-0.82145
0
0
0
0
0
0
0
0
0
0
0
0
0
0
0
0
0
0
0
0
24.2459
0
0
0
0
0
0
0
0
0
0
0
0
0
0
0
0
0
0
0
0
0
0
0
0
0
0
0
0
0
0
0
0
0
0
0
0
0
0
-4.7179
0
0
0
0
0
0
0
0
0
0
0
0
0
0
0
0
0
0
0
0
0
0
0
0
0
0
0
0
0
0
0
0
0
-0.94436
-0.90018
-0.93188
-0.9086
-0.86509
-0.96063
-0.87933
-0.90838
-0.89761
-0.84732
-0.93111
-0.84732
-0.85839
-0.91855
-0.91351
-0.85085
-0.85086
-0.85724
-0.9304
-0.87249
0
0
0
0
0
0
0
0
0
0
0
0
0
0
0
0
0
0
0
0
0
0
0
0
0
0
26.9487
0
0
0
0
0
0
0
0
0
0
0
0
0
0
0
0
0
0
0
0
0
0
0
0
0
0
0
-4.2232
0
0
0
0
0
0
0
0
0
0
0
0
0
0
0
0
0
0
0
0
0
0
0
0
0
0
0
0
0
0
-4.8514
0
0
0
0
0
0
0
0
0
0
0
0
-0.85037
-0.81036
-0.84279
-0.81762
-0.77681
-0.86485
-0.78407
-0.8211
-0.79376
-0.75924
-0.84542
-0.75924
-0.76365
-0.82877
-0.82302
-0.76131
-0.76132
-0.76824
-0.84192
-0.77558
-0.83773
0
0
0
0
0
0
0
0
0
0
0
0
0
0
0
0
0
0
0
0
0
0
0
0
0
0
19.228
0
0
0
0
0
0
0
0
0
0
0
0
0
0
0
0
0
0
0
-2.3409
0
0
0
0
0
0
0
0
0
0
0
0
0
0
0
0
0
0
0
0
0
0
0
0
0
0
0
0
0
0
0
0
0
0
0
0
0
0
0
0
0
0
0
0
0
0
0
0
0
0
-0.88119
-0.8393
-0.87233
-0.84755
-0.80565
-0.89654
-0.81758
-0.84918
-0.83497
-0.78762
-0.86739
-0.78763
-0.79703
-0.85572
-0.85141
-0.78999
-0.79001
-0.79646
-0.86809
-0.81071
0
0
0
0
0
0
0
0
0
0
0
0
0
0
0
0
0
0
0
0
0
0
0
0
0
0
0
0
21.2267
0
0
0
0
0
0
0
0
0
0
0
0
0
0
0
0
0
0
0
0
0
0
0
0
0
0
0
0
0
0
0
0
0
0
0
0
0
0
0
0
0
0
0
0
0
0
0
0
0
0
-4.5804
0
0
0
0
0
0
0
0
0
0
0
0
0
0
0
0
0
0
-0.94299
-0.90379
-0.93612
-0.90908
-0.86711
-0.95791
-0.88113
-0.91311
-0.89902
-0.84898
-0.93468
-0.849
-0.86042
-0.9204
-0.91734
-0.85087
-0.85088
-0.85782
-0.93531
-0.87334
-0.9281
0
0
0
0
0
0
0
0
0
0
0
0
0
0
0
0
0
0
0
0
0
0
0
0
0
0
0
0
18.8374
0
0
0
0
0
0
0
0
0
0
0
0
0
0
0
0
0
0
0
0
0
0
0
0
0
0
0
0
0
0
0
0
0
0
0
0
0
0
0
0
0
0
0
0
0
0
0
0
0
0
0
0
0
0
0
0
0
0
0
0
0
0
0
0
0
0
0
0
-0.81223
-0.77174
-0.78269
-0.77677
-0.73805
-0.83328
-0.75333
-0.76301
-0.77029
-0.72436
-0.79244
-0.72436
-0.73392
-0.79071
-0.78966
-0.72736
-0.72738
0
0
0
0
0
0
0
0
0
0
0
0
0
0
0
0
0
0
0
0
0
0
0
0
0
0
0
0
0
0
0
0
0
22.1961
0
0
0
0
0
0
0
0
0
0
0
-2.0982
0
-2.8002
0
0
0
0
-1.961
0
-2.3252
0
0
0
0
0
0
0
0
0
0
0
0
0
0
0
0
0
0
0
0
0
0
0
0
0
0
0
0
0
0
0
0
0
0
0
0
0
0
0
0
0
0
0
0
0
0
-0.87224
-0.83134
-0.86506
-0.83965
-0.79787
-0.88712
-0.80997
-0.84193
-0.82641
-0.78002
-0.85871
-0.78003
-0.78967
-0.84739
-0.84317
-0.78226
-0.78229
-0.7888
-0.86045
0
0
0
0
0
0
0
0
0
0
0
0
0
0
0
0
0
0
0
0
0
0
0
0
0
0
0
0
0
0
0
0
19.9809
0
0
0
0
0
0
0
0
0
0
0
0
0
0
0
0
0
0
0
0
0
0
0
0
0
0
0
0
0
0
0
0
0
0
0
0
0
0
0
0
0
0
0
0
0
-4.2965
0
0
0
0
0
0
0
0
0
0
0
0
0
0
0
0
0
0
0
0
-0.84714
-0.81068
-0.84885
-0.81362
-0.77403
-0.86288
-0.78788
-0.82827
-0.80505
-0.75686
-0.83951
-0.75688
-0.76819
-0.82577
-0.8252
-0.75905
-0.75906
-0.76452
0
0
0
0
0
0
0
0
0
-0.78716
0
0
0
0
0
0
0
0
0
0
0
0
0
0
0
0
0
0
0
0
0
0
0
0
18.1486
0
0
0
0
0
0
0
0
0
0
0
0
0
0
0
-2.9281
0
0
0
0
0
0
0
0
0
0
0
0
0
0
0
0
0
0
0
0
0
0
0
0
0
0
0
0
0
0
0
0
0
0
0
0
0
0
0
0
0
0
0
0
0
0
0
0
0
-0.83444
-0.79401
-0.82277
-0.80109
-0.76947
-0.86049
-0.78344
-0.80774
-0.80067
-0.75258
-0.83198
-0.75259
-0.76392
-0.81145
-0.81623
-0.75566
-0.75567
-0.76304
0
0
0
0
0
0
0
0
0
0
0
0
0
0
0
0
0
0
0
0
0
0
0
0
0
0
0
0
0
0
0
0
0
0
0
21.3791
0
0
0
0
0
0
0
0
0
0
0
0
0
0
0
0
-3.2037
0
0
0
0
0
0
0
0
0
0
0
0
0
0
0
0
0
0
0
0
0
0
0
0
0
0
0
0
0
0
0
0
0
-3.8982
0
0
0
0
0
0
0
0
0
0
0
0
0
-0.85743
-0.81897
-0.84582
-0.82359
-0.78424
-0.87437
-0.79835
-0.82477
-0.81623
-0.76701
-0.85052
-0.76701
-0.77864
-0.83557
-0.83419
-0.76984
-0.76986
0
0
0
0
0
0
0
0
0
0
0
0
0
0
0
0
0
0
0
0
0
0
0
0
0
0
0
0
0
0
0
0
0
0
0
0
0
18.15
0
0
0
0
0
0
0
0
0
0
0
0
0
0
0
0
0
0
0
0
0
-3.2817
0
0
0
0
-1.052
0
0
0
0
0
0
0
0
0
0
0
0
0
0
0
0
0
0
0
0
0
0
0
0
0
0
0
0
0
0
0
0
0
0
0
0
-0.95598
-0.91775
-0.95015
-0.92274
-0.88104
-0.97092
-0.89525
-0.92737
-0.91353
-0.86287
-0.94858
-0.86288
-0.87458
-0.93384
-0.93193
-0.864
-0.86402
-0.87011
0
0
0
0
0
0
0
0
0
0
0
0
0
0
0
0
0
0
0
0
0
0
0
0
0
0
0
0
0
0
0
0
0
0
0
0
0
16.3475
0
0
0
0
0
0
0
0
0
0
0
0
0
0
0
0
0
0
0
0
0
0
0
0
0
0
0
0
0
0
0
0
0
0
0
0
0
0
0
0
0
0
0
0
0
0
0
0
0
0
0
0
0
0
0
0
0
0
0
0
0
0
-0.90599
-0.8644
-0.8984
-0.87374
-0.83219
-0.92076
-0.84565
-0.87562
-0.85255
-0.81368
-0.89418
-0.8137
-0.82514
-0.88266
-0.87682
-0.81573
-0.81575
0
0
0
0
0
0
0
0
0
0
0
0
0
0
0
0
0
0
0
0
0
0
0
0
0
0
0
0
0
0
0
0
0
0
0
0
0
0
0
17.2972
0
0
0
0
0
0
0
0
0
0
0
0
0
0
0
0
-2.6902
0
0
0
0
0
0
0
0
0
0
0
0
0
0
0
0
0
0
0
0
0
0
0
0
0
0
0
0
0
0
0
0
0
0
0
0
0
0
0
0
0
0
0
0
-1.0257
-0.98628
-1.0199
-0.99179
-0.94887
-1.0411
-0.96359
-0.99661
-0.98222
-0.93022
-1.0184
-0.93022
-0.94228
-1.0034
-1.0007
-0.93217
-0.93218
-0.93859
0
0
0
0
0
0
0
0
0
0
0
0
0
0
0
0
0
0
0
0
0
0
0
0
0
0
0
0
0
0
0
0
0
0
0
0
0
0
0
17.5843
0
0
0
0
0
0
0
0
0
0
0
0
0
0
0
0
0
0
0
0
0
0
0
0
0
0
0
0
0
0
0
0
0
0
0
0
0
0
0
0
0
0
0
0
0
0
0
0
0
0
0
0
0
0
0
0
0
0
0
0
-1.2577
-1.2208
-1.257
-1.2267
-1.1818
-1.2739
-1.1979
-1.2323
-1.2174
-1.1613
0
-1.1613
-1.1741
0
-1.2357
0
0
0
0
0
0
0
0
0
0
0
0
0
0
0
0
0
0
0
0
0
0
0
0
0
0
0
0
0
0
0
0
0
0
0
0
0
0
0
0
0
0
0
15.7978
0
0
0
0
0
0
0
0
0
0
0
0
0
0
0
0
0
0
0
0
0
0
0
0
0
0
0
0
0
0
0
0
0
0
0
0
0
0
0
0
0
0
0
0
0
0
0
0
0
0
0
0
0
0
0
0
0
0
0
-1.1425
-1.1072
-1.1352
-1.1089
-1.0654
-1.16
-1.0812
-1.1117
-1.1011
-1.0461
0
-1.0461
0
0
0
0
0
0
0
0
0
0
0
0
0
0
0
0
0
0
0
0
0
0
0
0
0
0
0
0
0
0
0
0
0
0
0
0
0
0
0
0
0
0
0
0
0
0
0
14.7283
0
0
0
0
0
0
0
0
0
0
0
0
0
0
0
0
0
0
0
0
0
0
0
0
0
0
0
0
-2.6227
0
0
0
0
0
0
0
0
0
0
0
0
0
0
0
0
0
0
0
0
0
0
0
0
0
0
0
0
0
-1.7389
-1.7298
-1.7536
-1.7247
-1.6809
0
0
0
0
0
0
0
0
0
0
0
0
0
0
0
0
0
0
0
0
0
0
-1.654
0
0
0
0
0
0
0
0
0
0
0
0
0
0
0
0
0
0
0
0
0
0
0
0
0
0
0
0
0
0
0
0
13.1079
0
0
0
0
0
0
0
0
0
0
-2.826
0
0
0
0
0
0
0
0
0
0
0
0
0
0
0
0
0
0
0
0
0
0
0
0
0
0
0
0
0
0
0
0
0
0
0
0
0
0
0
0
0
0
0
0
0
0
-1.8551
-1.8438
-1.8687
-1.8388
0
0
0
0
0
0
0
0
0
-1.8474
0
0
0
0
0
0
0
0
0
0
0
0
0
0
0
0
0
0
0
0
0
0
0
0
0
0
0
0
0
0
0
0
0
0
0
0
0
0
0
0
0
0
0
0
0
0
0
12.1169
0
0
0
0
0
0
0
0
-2.863
0
0
0
0
0
0
0
0
0
0
0
0
0
0
0
0
0
0
0
0
0
0
0
0
0
0
0
0
0
0
0
0
0
0
0
0
0
0
0
0
0
0
0
0
0
0
0
0
0
0
0
0
0
0
0
0
0
0
0
0
0
0
0
0
0
-2.2329
0
0
0
0
-2.1995
0
0
0
0
0
0
0
0
0
0
0
0
0
0
0
0
0
0
0
0
0
0
0
0
0
0
-2.0982
0
0
0
0
0
0
0
0
0
0
0
12.0888
0
0
0
0
0
-3.1548
0
0
0
0
0
0
0
0
0
0
0
0
0
0
0
0
0
0
0
0
0
-2.4034
0
0
0
0
0
0
0
0
0
0
0
0
0
0
0
0
0
0
0
0
0
0
0
0
0
0
0
0
0
0
0
0
0
-2.0259
0
0
0
0
0
-1.9974
0
0
0
0
0
0
-1.9941
0
0
0
0
0
0
0
0
0
0
0
0
0
0
0
0
0
0
0
0
0
0
0
0
0
0
0
0
0
0
0
0
0
0
0
0
0
0
0
0
0
0
0
11.5874
0
0
0
-2.4399
0
0
0
0
0
0
0
-3.1301
0
0
0
0
0
0
0
0
0
0
0
0
0
0
0
0
0
0
0
0
0
0
0
0
0
0
0
0
0
0
0
0
0
0
0
0
0
0
0
0
0
0
0
0
0
0
0
0
0
0
0
0
0
0
0
0
0
0
0
0
0
0
0
0
0
0
0
0
0
0
0
0
0
0
0
0
0
0
0
0
0
0
0
0
0
0
0
0
0
0
0
0
-2.8002
0
0
0
0
0
0
0
0
0
0
0
0
0
14.8957
0
0
0
0
0
0
0
0
0
0
0
0
0
0
0
-3.9924
0
0
-4.1547
0
0
-3.9485
0
0
0
0
0
0
0
0
0
0
0
0
0
0
0
0
0
0
0
0
0
0
0
0
0
0
0
0
0
0
0
-2.4244
-2.4694
-2.4839
-2.4536
0
0
0
0
0
0
0
0
0
0
0
0
0
0
0
0
0
0
0
0
0
0
0
0
0
0
0
0
0
0
0
0
0
0
0
0
0
0
0
0
0
0
0
0
0
0
0
0
0
0
0
0
0
0
0
0
0
0
0
0
0
9.8314
0
0
0
0
0
0
0
0
0
0
0
0
0
0
0
0
0
0
0
0
0
0
0
0
0
0
0
0
0
0
0
0
0
0
0
0
0
0
0
0
0
0
0
0
0
0
0
0
0
0
0
0
0
0
0
0
0
0
0
0
0
0
0
0
0
0
0
0
0
0
0
0
0
-2.2696
0
0
0
0
0
0
-2.3909
0
0
0
0
0
0
0
0
0
0
0
0
0
0
0
0
0
0
0
0
0
0
0
0
0
0
0
0
0
0
0
0
0
0
0
0
0
12.8258
0
-3.9758
0
0
0
0
0
0
0
0
-4.1896
0
0
0
0
0
0
0
0
0
0
0
0
0
0
0
0
0
0
0
0
0
0
0
0
0
0
0
0
0
0
0
0
0
0
0
0
0
0
0
0
0
0
0
0
0
0
0
0
-2.4871
0
0
0
0
0
0
0
0
0
0
0
0
0
0
0
0
0
0
0
0
0
0
0
0
0
0
0
0
0
0
0
0
0
0
0
0
0
0
-2.3409
0
0
0
0
0
0
0
0
0
0
0
0
0
0
0
-2.4399
0
0
0
10.4836
0
0
0
0
0
-3.2157
0
0
0
0
0
0
0
0
0
0
0
0
0
0
0
0
0
0
0
0
0
0
0
0
0
0
0
0
0
0
0
0
0
0
0
0
0
0
0
0
0
0
0
0
0
0
0
0
0
0
0
0
0
0
0
0
0
0
0
0
0
0
0
0
0
0
0
0
0
0
0
0
0
0
0
0
0
0
0
0
0
0
0
0
0
0
0
0
0
0
0
0
0
0
0
0
-2.9281
0
0
0
0
0
0
0
0
0
-3.1548
0
0
0
-3.9758
0
15.5635
0
0
0
0
0
0
0
0
0
0
0
0
0
0
0
0
0
0
0
0
0
0
0
0
0
0
0
-5.5049
0
0
0
0
0
0
0
0
0
0
0
0
0
0
0
0
0
0
0
0
0
0
0
0
0
0
0
0
0
0
0
-2.119
0
0
0
0
0
0
0
0
0
0
0
0
0
0
0
0
0
0
0
0
0
0
0
0
0
0
0
0
0
0
0
0
0
0
0
0
0
0
0
-1.961
0
0
0
0
0
0
0
0
0
0
0
0
0
0
0
0
0
0
10.0415
0
0
-2.9124
-3.0491
0
0
0
0
0
0
0
0
0
0
0
0
0
0
0
0
0
0
0
0
0
0
0
0
0
0
0
0
0
0
0
0
0
0
0
0
0
0
0
0
0
0
0
0
0
0
0
0
0
0
0
0
0
0
0
0
0
0
0
0
0
0
0
0
0
0
0
0
0
0
0
0
0
0
0
0
0
0
0
0
0
0
0
0
0
0
0
0
0
0
0
0
0
0
0
0
0
-3.2037
0
0
0
0
0
0
0
-2.863
0
0
0
0
0
0
0
0
13.6408
0
0
0
0
0
0
0
-3.7815
-3.7925
0
0
0
0
0
0
0
0
0
0
0
0
0
0
0
0
0
0
0
0
0
0
0
0
0
0
0
0
0
0
0
0
0
0
0
0
0
0
0
0
0
0
0
0
0
0
0
0
0
0
0
0
0
0
0
0
0
0
0
0
0
0
0
0
0
0
0
0
0
0
0
0
0
0
0
0
0
0
0
0
0
0
0
0
0
0
0
0
-2.3252
0
0
0
0
0
0
0
0
0
-2.826
0
0
0
0
0
0
0
0
0
0
9.6573
0
0
0
0
0
0
0
0
0
0
0
0
0
0
0
0
0
0
0
0
0
0
0
0
0
0
-4.5061
0
0
0
0
0
0
0
0
0
0
0
0
0
0
0
0
0
0
0
0
0
0
0
0
0
0
0
0
0
0
0
0
0
0
0
0
0
0
0
0
0
0
0
0
0
0
0
0
0
0
0
-1.1576
0
0
0
0
0
0
0
0
0
0
0
0
0
0
0
0
0
0
0
0
0
0
0
0
0
0
0
0
0
0
0
0
0
0
0
0
-2.9124
0
0
7.7581
0
0
0
0
0
0
0
0
0
0
0
0
0
0
0
0
0
0
0
0
0
0
0
0
0
0
0
0
0
0
-3.6882
0
0
0
0
0
0
0
0
0
0
0
0
0
0
0
0
0
0
0
0
0
0
0
0
0
0
0
0
0
0
0
0
0
0
0
0
0
0
0
0
0
0
0
0
0
0
0
0
0
0
0
0
0
0
0
0
0
0
0
0
0
0
0
0
0
0
0
0
0
0
-2.6902
0
0
0
0
0
0
0
0
0
0
-3.2157
0
-3.0491
0
0
0
8.9551
0
0
0
0
0
0
0
0
0
0
0
0
0
0
0
0
0
0
0
0
0
0
0
0
0
0
0
0
0
0
0
0
0
0
0
0
0
0
0
0
0
0
0
0
0
0
0
0
0
0
0
0
0
0
0
0
0
0
0
0
0
0
0
0
0
0
0
0
0
0
0
0
0
0
0
0
0
0
0
0
0
-4.6677
0
0
0
0
0
0
0
0
-4.2232
0
0
0
0
0
0
0
0
0
0
0
0
0
0
0
0
0
0
0
0
0
0
0
0
0
0
0
14.7554
0
0
0
0
0
0
0
0
0
0
0
0
0
0
0
0
0
0
0
0
0
0
0
0
0
0
0
0
0
0
0
0
0
0
0
0
0
0
0
0
0
0
-5.8645
0
0
0
0
0
0
0
0
0
0
0
0
0
0
0
0
0
0
0
0
0
0
0
0
0
-3.0033
0
0
0
0
0
0
0
0
0
0
0
0
0
0
0
0
0
0
0
0
0
0
0
0
0
0
0
0
0
0
0
0
0
0
0
0
0
-3.1301
0
0
0
0
0
0
0
0
0
0
0
6.7267
0
0
0
0
0
0
0
0
0
0
0
0
0
0
0
0
0
0
0
0
0
0
0
0
0
0
0
0
0
0
0
-0.59336
0
0
0
0
0
0
0
0
0
0
0
0
0
0
0
0
0
0
0
0
0
0
0
0
0
0
0
0
0
0
0
0
0
0
0
0
0
0
0
0
0
0
-3.6817
0
0
0
0
0
0
0
0
0
0
0
0
0
0
0
0
0
0
0
0
0
-3.2817
0
0
0
0
0
0
0
0
0
0
0
0
0
0
0
0
0
0
0
0
0
11.6256
0
0
0
0
0
0
0
0
0
0
0
0
0
0
0
0
0
0
0
0
0
0
0
0
0
-4.6623
0
0
0
0
0
0
0
0
0
0
0
0
0
0
0
0
0
0
0
0
0
0
0
0
0
0
0
0
0
0
0
0
0
0
0
0
0
0
0
0
0
0
0
0
0
0
0
0
0
0
0
0
0
0
0
0
0
0
0
0
0
0
0
0
0
0
0
0
0
0
0
0
0
0
0
0
0
0
0
0
0
-4.1896
0
0
0
0
0
0
0
0
0
0
8.4125
0
0
0
0
0
-4.2229
0
0
0
0
0
0
0
0
0
0
0
0
0
0
0
0
0
0
0
0
0
0
0
0
0
0
0
0
0
0
0
0
0
0
0
0
0
0
0
0
0
0
0
0
0
0
0
0
0
0
0
0
0
0
0
0
0
0
0
0
0
0
0
0
0
0
0
0
0
0
0
0
0
0
0
0
0
0
0
0
0
0
0
0
0
0
0
0
0
0
0
0
0
0
0
0
0
0
0
0
0
0
0
0
-3.7815
0
0
0
0
0
0
0
7.7627
0
0
0
0
0
0
0
0
0
0
0
0
0
0
0
-3.9812
0
0
0
0
0
0
0
0
0
0
0
0
0
0
0
0
0
0
0
0
0
0
0
0
0
0
0
0
0
0
0
0
0
0
0
0
0
0
0
0
0
0
0
0
0
0
0
0
0
0
0
0
0
0
0
0
0
0
0
0
0
0
0
0
0
0
0
0
0
0
0
0
0
0
0
0
0
0
0
0
0
0
0
0
0
0
0
0
0
0
0
0
0
-3.7925
0
0
0
0
0
0
0
0
7.7121
0
0
0
0
0
0
0
0
0
-3.9196
0
0
0
0
0
0
0
0
0
0
0
0
0
0
0
0
0
0
0
0
0
0
0
0
0
0
0
0
0
0
0
0
0
0
0
-4.9433
0
0
0
0
0
0
0
0
0
0
0
0
0
0
0
0
0
0
0
0
0
0
0
0
0
0
0
0
0
0
0
0
0
0
0
0
0
0
0
0
0
0
0
0
0
0
0
0
0
0
0
0
0
0
0
0
-3.9924
0
0
0
0
0
0
0
0
0
0
0
0
0
0
0
8.9357
0
0
0
0
0
0
0
0
0
0
0
0
0
0
0
0
0
0
0
0
0
0
0
0
0
0
0
0
0
0
0
0
0
0
0
0
0
0
0
0
0
0
0
0
0
0
0
0
0
0
0
0
0
0
0
0
0
0
0
0
0
0
0
0
0
0
0
0
0
0
0
0
0
0
0
0
0
0
0
0
0
0
0
0
0
0
0
0
0
0
0
-1.052
0
0
0
0
0
0
0
0
0
0
0
0
0
0
0
0
0
0
0
0
0
0
0
0
0
0
5.7426
0
0
0
0
0
-4.6906
0
0
0
0
0
0
0
0
0
0
0
0
0
0
0
0
0
0
0
0
0
0
0
0
0
0
0
0
0
0
0
0
0
0
0
0
0
0
0
0
0
0
0
0
0
0
0
0
0
0
0
0
0
0
0
0
0
0
0
0
0
0
0
0
0
0
0
0
0
0
0
0
0
0
0
0
0
0
0
0
0
0
0
0
0
0
0
0
0
0
0
0
0
0
0
0
0
0
0
0
0
0
0
0
0
0
0
0
0
0
0
0
8.5287
0
0
0
0
0
-4.3873
0
0
0
-4.1414
0
0
0
0
0
0
0
0
0
0
0
0
0
0
0
0
0
0
0
0
0
0
0
0
0
0
0
0
0
0
0
0
0
0
0
0
0
0
0
0
0
0
0
0
0
0
0
0
0
0
0
0
0
0
0
0
0
0
0
0
0
0
0
0
0
0
0
0
0
0
0
0
0
0
0
0
0
0
0
0
0
0
0
0
0
0
0
0
0
-4.1547
0
0
0
0
0
0
0
0
0
0
0
0
-4.2229
0
0
0
0
0
8.3776
0
0
0
0
0
0
0
0
0
0
0
0
0
0
0
0
0
0
0
0
0
0
0
0
0
0
0
0
0
0
0
0
0
0
0
0
0
0
0
0
0
0
0
0
0
0
0
0
0
0
0
0
0
0
0
0
0
0
0
0
0
0
0
0
0
0
0
0
0
0
0
0
0
0
0
0
0
0
0
-4.7179
0
0
0
0
0
0
0
0
0
0
0
0
0
0
0
0
0
0
0
0
0
0
0
0
0
0
0
0
0
0
0
0
0
0
0
0
0
0
8.7758
0
0
0
0
0
0
-4.0579
0
0
0
0
0
0
0
0
0
0
0
0
0
0
0
0
0
0
0
0
0
0
0
0
0
0
0
0
0
0
0
0
0
0
0
0
0
0
0
0
0
0
0
0
0
0
0
-4.8562
0
0
0
0
0
0
0
0
0
0
0
0
0
0
0
0
0
0
0
0
0
0
0
0
0
0
0
0
0
0
0
0
0
0
0
0
0
0
0
0
0
0
0
0
0
0
0
0
0
0
0
0
0
0
0
0
0
0
0
0
0
0
0
8.9121
0
0
0
0
0
-4.0559
0
0
0
0
0
0
0
0
0
0
0
0
0
0
0
0
0
0
0
0
0
0
0
0
0
0
0
0
-4.9882
0
0
0
0
0
0
0
0
0
0
0
0
0
0
0
0
0
0
0
0
0
0
0
0
0
0
0
0
0
0
0
0
0
0
0
0
0
0
0
0
0
0
0
0
0
0
0
0
0
0
0
0
0
0
0
0
0
0
0
0
0
-3.9485
0
0
0
0
0
0
0
0
0
0
0
0
0
0
0
0
0
0
0
0
0
8.9367
0
0
0
0
0
0
0
0
0
0
0
0
0
0
0
0
0
0
0
0
0
0
0
0
0
0
0
0
0
0
0
0
0
0
0
0
0
0
0
0
0
0
0
0
0
0
0
0
0
0
0
0
0
0
0
0
0
0
0
0
0
0
0
0
0
0
0
0
0
0
0
0
0
0
0
0
0
0
0
0
0
0
0
0
0
0
0
0
0
0
0
0
0
0
0
0
0
0
0
0
0
0
0
0
0
0
0
0
0
0
0
0
-4.6906
0
0
0
0
0
9.138
0
0
-4.4474
0
0
0
0
0
0
0
0
0
0
0
0
0
0
0
0
0
0
0
0
0
0
0
0
0
0
0
0
0
0
0
0
0
0
0
0
0
0
0
0
0
0
0
0
0
0
0
0
0
0
0
0
0
0
0
0
0
0
0
0
0
0
0
0
0
0
0
0
0
0
0
0
0
0
0
0
0
0
0
0
0
0
0
0
0
0
-2.6227
0
0
0
0
0
0
0
0
0
0
0
0
0
0
0
0
0
0
0
0
0
0
-4.3873
0
0
0
0
0
7.0101
0
0
0
0
0
0
0
0
0
0
0
0
0
0
0
0
0
0
0
0
0
0
0
0
0
0
0
0
0
0
0
0
0
0
0
0
0
0
0
0
0
0
0
0
0
0
0
0
0
0
0
0
0
0
0
0
0
0
0
0
0
0
0
0
0
0
0
-4.5061
0
0
0
0
0
0
0
0
0
0
0
0
0
0
0
0
0
0
0
0
0
0
0
0
0
0
0
0
0
0
0
0
0
0
0
0
0
0
0
0
-3.9196
0
0
0
0
0
0
0
0
0
8.4257
0
0
0
0
0
0
0
0
0
0
0
0
0
0
0
0
0
0
0
0
0
0
0
0
0
0
0
0
0
0
0
0
0
0
0
0
0
0
0
0
0
0
0
0
0
0
0
0
0
0
0
0
0
0
0
0
0
0
0
0
0
0
0
0
0
0
0
0
0
0
0
0
0
0
0
0
0
0
0
0
0
0
0
0
0
0
0
0
0
0
-2.4034
0
0
0
0
0
0
0
0
0
0
0
0
0
0
0
0
0
0
0
0
0
0
0
0
-4.4474
0
0
6.8508
0
0
0
0
0
0
0
0
0
0
0
0
0
0
0
0
0
0
0
0
0
0
0
0
0
0
0
0
0
0
0
0
0
0
0
0
0
0
0
0
0
0
0
0
0
0
0
0
0
0
0
0
0
0
0
0
0
0
0
0
0
0
0
0
0
0
0
0
0
0
0
0
0
0
0
0
0
0
0
0
0
0
0
0
0
0
0
0
0
0
0
0
0
0
0
0
0
0
0
0
0
0
0
0
0
0
0
0
0
0
0
-4.0579
-4.0559
0
0
0
0
0
8.1138
0
0
0
0
0
0
0
0
0
0
0
0
0
0
0
0
0
0
0
0
0
0
0
0
0
0
0
0
0
0
0
0
0
0
0
0
0
0
0
0
0
0
0
0
0
0
0
0
0
0
0
0
0
0
0
0
0
0
0
0
0
0
0
0
0
0
0
0
-2.8067
0
0
0
0
0
0
0
0
0
0
0
0
0
0
0
0
0
0
0
0
0
0
0
0
0
0
0
0
0
0
0
0
0
0
0
0
0
0
0
-4.1414
0
0
0
0
0
0
0
0
0
6.948
0
0
0
0
0
0
0
0
0
0
0
0
0
0
0
0
0
0
0
0
0
0
0
0
0
0
-4.7827
0
0
0
0
0
0
0
0
0
0
0
0
-4.7234
0
0
0
0
0
0
0
0
0
0
0
0
0
0
0
0
0
0
0
0
0
0
0
0
0
0
0
0
0
0
0
0
0
0
0
0
0
0
0
0
0
0
0
0
0
0
0
0
0
0
0
0
0
0
0
0
0
0
0
0
0
0
0
0
0
0
0
0
0
0
0
0
0
0
0
0
0
0
9.5061
0
0
0
0
0
0
0
0
0
0
0
0
0
0
0
0
0
0
0
0
0
0
0
0
0
0
0
0
0
0
0
0
0
0
0
0
0
0
0
0
0
0
0
0
0
0
0
0
0
0
0
-4.4594
0
0
0
0
0
0
0
0
0
0
0
0
0
0
0
0
0
0
0
0
0
0
0
0
0
0
0
0
0
0
0
0
0
0
0
0
0
0
0
0
0
0
0
0
0
0
0
0
0
0
-3.9812
0
0
0
0
0
0
0
0
0
0
0
0
0
0
0
8.4405
0
0
0
0
0
0
0
0
0
0
0
0
0
0
0
0
0
0
0
0
0
0
0
0
0
0
0
0
0
0
0
0
0
0
0
0
0
0
0
0
0
0
0
0
0
0
0
0
0
0
0
0
0
0
0
0
0
0
0
0
0
0
0
0
0
0
-5.1492
0
0
0
0
0
0
0
0
0
0
0
0
0
0
0
0
0
0
0
0
0
0
0
0
0
0
0
0
0
0
0
0
0
0
0
0
0
0
0
0
0
0
0
0
0
0
0
0
0
0
0
5.1492
0
0
0
0
0
0
0
0
0
0
0
0
0
0
0
0
0
0
0
0
0
0
0
0
0
0
0
0
0
0
0
0
0
0
0
0
0
0
0
0
0
0
0
0
0
0
0
0
0
0
0
0
0
0
0
0
0
0
0
0
0
0
0
0
0
0
0
0
0
0
0
0
0
0
0
0
0
0
0
0
0
0
0
0
0
0
0
0
0
0
-5.5049
0
0
0
0
0
0
0
0
0
0
0
0
0
0
0
0
0
0
0
0
0
0
0
0
0
0
0
5.5049
0
0
0
0
0
0
0
0
0
0
0
0
0
0
0
0
0
0
0
0
0
0
0
0
0
0
0
0
0
0
0
0
0
0
0
0
0
0
0
0
0
0
0
0
0
0
0
0
0
0
0
0
0
0
0
0
0
0
0
0
0
0
0
0
0
0
0
0
0
0
0
0
-4.2965
0
0
0
0
0
0
0
0
0
0
0
0
0
0
0
0
0
0
0
0
0
0
0
0
0
0
0
0
0
0
0
0
0
0
0
0
0
0
0
0
0
0
0
0
0
4.2965
0
0
0
0
0
0
0
0
0
0
0
0
0
0
0
0
0
0
0
0
0
0
0
0
0
0
0
0
0
0
0
0
0
0
0
0
0
0
0
0
0
0
0
0
0
0
0
0
0
0
0
0
0
0
0
0
0
0
0
0
0
0
0
0
0
0
0
0
0
0
0
0
0
0
0
0
0
0
0
0
0
0
0
0
0
0
0
0
0
0
0
-4.5061
0
0
0
0
0
0
0
0
0
0
0
0
0
0
0
0
0
0
0
0
0
0
0
0
0
0
4.5061
0
0
0
0
0
0
0
0
0
0
0
0
0
0
0
0
0
0
0
0
0
0
0
0
0
0
0
0
0
0
0
0
0
0
0
0
0
0
0
0
0
0
0
0
0
0
0
0
0
0
0
0
0
0
0
0
0
0
0
0
0
0
0
0
0
0
0
-4.5804
0
0
0
0
0
0
0
0
0
0
0
0
0
0
0
0
0
0
0
0
0
0
0
0
0
0
0
0
0
0
0
0
0
0
0
0
0
0
0
0
0
0
0
0
0
0
0
0
0
0
4.5804
0
0
0
0
0
0
0
0
0
0
0
0
0
0
0
0
0
0
0
0
0
0
0
0
0
0
0
0
0
0
0
0
0
0
0
0
0
0
0
0
0
0
0
0
0
0
0
0
0
0
0
0
0
0
0
0
0
0
-5.8248
0
0
0
0
0
0
0
0
0
0
0
0
0
0
0
0
0
0
0
0
0
0
0
0
0
0
0
0
0
0
0
0
0
0
0
0
0
0
0
0
0
0
0
0
0
0
0
0
0
0
0
0
0
0
0
0
0
0
0
5.8248
0
0
0
0
0
0
0
0
0
0
0
0
0
0
0
0
0
0
0
0
0
0
0
0
0
0
0
0
0
0
0
0
0
0
0
0
0
0
0
0
0
0
0
0
0
-7.1533
0
0
0
0
0
0
0
0
0
0
0
0
0
0
0
0
0
0
0
0
0
0
0
0
0
0
0
0
0
0
0
0
0
0
0
0
0
0
0
0
0
0
0
0
0
0
0
0
0
0
0
0
0
0
0
0
0
0
0
0
0
0
0
0
0
0
0
0
0
0
0
0
7.1533
0
0
0
0
0
0
0
0
0
0
0
0
0
0
0
0
0
0
0
0
0
0
0
0
0
0
0
0
0
0
0
0
0
0
0
0
0
0
0
0
0
0
0
0
0
0
0
0
0
0
0
0
0
0
0
0
0
0
0
0
0
0
0
0
0
0
0
0
0
0
0
0
0
0
0
0
0
0
0
0
0
0
0
0
0
0
0
0
0
0
0
0
-4.6623
0
0
0
0
0
0
0
0
0
0
0
0
0
0
0
0
0
0
0
0
0
0
0
0
0
4.6623
0
0
0
0
0
0
0
0
0
0
0
0
0
0
0
0
0
0
0
0
0
0
0
0
0
0
0
0
0
0
0
0
0
0
0
0
0
0
0
0
0
0
0
0
0
0
0
0
0
0
0
0
0
0
0
0
0
0
0
0
0
0
0
0
0
0
0
0
0
0
0
0
0
0
0
0
0
0
0
0
0
0
0
0
0
0
0
-3.6882
0
0
0
0
0
0
0
0
0
0
0
0
0
0
0
0
0
0
0
0
0
0
0
0
0
0
0
0
0
0
3.6882
0
0
0
0
0
0
0
0
0
0
0
0
0
0
0
0
0
0
0
0
0
0
0
0
0
0
0
0
0
0
0
0
0
0
0
0
0
0
0
0
0
0
0
0
0
0
0
0
0
0
0
0
0
0
0
0
0
0
0
0
0
0
0
0
0
0
0
-3.8982
0
0
0
0
0
0
0
0
0
0
0
0
0
0
0
0
0
0
0
0
0
0
0
0
0
0
0
0
0
0
0
0
0
0
0
0
0
0
0
0
0
0
0
0
0
0
0
0
0
0
3.8982
0
0
0
0
0
0
0
0
0
0
0
0
0
0
0
0
0
0
0
0
0
0
0
0
0
0
0
0
0
0
0
0
0
0
0
0
0
0
0
0
0
0
0
0
0
0
0
0
0
0
0
0
0
0
0
0
0
0
0
-4.8514
0
0
0
0
0
0
0
0
0
0
0
0
0
0
0
0
0
0
0
0
0
0
0
0
0
0
0
0
0
0
0
0
0
0
0
0
0
0
0
0
0
0
0
0
0
0
0
0
0
0
0
0
0
0
0
0
0
0
4.8514
0
0
0
0
0
0
0
0
0
0
0
0
0
0
0
0
0
0
0
0
0
0
0
0
0
0
0
0
0
0
-7.1346
0
0
0
0
0
0
0
0
0
0
0
0
0
0
0
0
0
0
0
0
0
0
0
0
0
0
0
0
0
0
0
0
0
0
0
0
0
0
0
0
0
0
0
0
0
0
0
0
0
0
0
0
0
0
0
0
0
0
0
0
0
0
0
0
0
0
0
0
0
0
0
0
0
0
0
0
0
0
0
0
0
0
0
0
0
0
0
7.1346
0
0
0
0
0
0
0
0
0
0
0
0
0
0
0
0
0
0
0
0
0
0
0
0
0
0
0
0
0
0
0
0
0
0
0
0
0
0
0
0
0
0
0
0
0
0
0
0
0
0
0
0
0
0
0
0
0
0
0
0
0
0
0
0
0
0
0
0
0
0
0
0
0
0
0
0
0
0
0
0
0
0
0
0
0
0
-0.59336
0
0
0
0
0
0
0
0
0
0
0
0
0
0
0
0
0
0
0
0
0
0
0
0
0
0
0
0
0
0
0
0.59336
0
0
0
0
0
0
0
0
0
0
0
0
0
0
0
-8.313
0
0
0
0
0
0
0
0
0
0
0
0
0
0
0
0
0
0
0
0
0
0
0
0
0
0
0
0
0
0
0
0
0
0
0
0
0
0
0
0
0
0
0
0
0
0
0
0
0
0
0
0
0
0
0
0
0
0
0
0
0
0
0
0
0
0
0
0
0
0
0
0
0
0
0
0
0
0
0
0
0
0
0
0
0
0
0
0
0
0
0
0
0
0
0
0
0
0
0
0
0
0
8.313
0
0
0
0
0
0
0
0
0
0
0
0
0
0
0
0
0
0
0
0
0
0
0
0
0
0
0
0
0
0
-7.023
0
0
0
0
0
0
0
0
0
0
0
0
0
0
0
0
0
0
0
0
0
0
0
0
0
0
0
0
0
0
0
0
0
0
0
0
0
0
0
0
0
0
0
0
0
0
0
0
0
0
0
0
0
0
0
0
0
0
0
0
0
0
0
0
0
0
0
0
0
0
0
0
0
0
0
0
0
0
0
0
0
0
0
0
0
0
0
7.023
0
0
0
0
0
0
0
0
-8.1033
0
0
0
0
0
0
0
0
0
0
0
0
0
0
0
0
0
0
0
0
0
0
0
0
0
0
0
0
0
0
0
0
0
0
0
0
0
0
0
0
0
0
0
0
0
0
0
0
0
0
0
0
0
0
0
0
0
0
0
0
0
0
0
0
0
0
0
0
0
0
0
0
0
0
0
0
0
0
0
0
0
0
0
0
0
0
0
0
0
0
0
0
0
0
0
0
0
0
0
0
0
0
0
0
0
0
0
0
0
8.1033
0
0
0
0
0
0
0
0
0
0
0
0
0
0
0
0
0
0
0
0
0
0
0
0
0
0
0
0
0
0
0
0
0
0
0
0
0
0
0
-6.7374
0
0
0
0
0
0
0
0
0
0
0
0
0
0
0
0
0
0
0
0
0
0
0
0
0
0
0
0
0
0
0
0
0
0
0
0
0
0
0
0
0
0
0
0
0
0
0
0
0
0
0
0
0
0
0
0
0
0
0
0
0
0
0
0
0
0
0
0
0
0
0
0
0
0
0
0
0
0
6.7374
0
0
0
0
0
0
0
0
0
0
0
0
0
0
0
0
0
0
0
0
0
0
0
0
0
0
0
0
0
0
0
0
0
0
0
0
0
0
0
0
0
0
0
0
0
0
0
-5.8246
0
0
0
0
0
0
0
0
0
0
0
0
0
0
0
0
0
0
0
0
0
0
0
0
0
0
0
0
0
0
0
0
0
0
0
0
0
0
0
0
0
0
0
0
0
0
0
0
0
0
0
0
0
0
0
0
0
0
0
0
0
0
0
0
0
0
0
0
0
0
5.8246
0
0
0
0
0
0
0
0
0
0
0
0
0
0
0
-7.6822
0
0
0
0
0
0
0
0
0
0
0
0
0
0
0
0
0
0
0
0
0
0
0
0
0
0
0
0
0
0
0
0
0
0
0
0
0
0
0
0
0
0
0
0
0
0
0
0
0
0
0
0
0
0
0
0
0
0
0
0
0
0
0
0
0
0
0
0
0
0
0
0
0
0
0
0
0
0
0
0
0
0
0
0
0
0
0
0
0
0
0
0
0
0
0
0
0
0
0
0
0
0
7.6822
0
0
0
0
0
0
0
0
0
0
0
0
0
0
0
0
0
0
0
0
0
0
0
0
0
0
0
0
0
0
0
0
-7.1533
0
0
0
0
0
0
0
0
0
0
0
0
0
0
0
0
0
0
0
0
0
0
0
0
0
0
0
0
0
0
0
0
0
0
0
0
0
0
0
0
0
0
0
0
0
0
0
0
0
0
0
0
0
0
0
0
0
0
0
0
0
0
0
0
0
0
0
0
0
0
0
0
0
0
0
0
0
0
0
0
0
0
0
0
0
7.1533
0
0
0
0
0
0
0
0
0
0
0
0
0
0
0
0
-7.7476
0
0
0
0
0
0
0
0
0
0
0
0
0
0
0
0
0
0
0
0
0
0
0
0
0
0
0
0
0
0
0
0
0
0
0
0
0
0
0
0
0
0
0
0
0
0
0
0
0
0
0
0
0
0
0
0
0
0
0
0
0
0
0
0
0
0
0
0
0
0
0
0
0
0
0
0
0
0
0
0
0
0
0
0
0
0
0
0
0
0
0
0
0
0
0
0
0
0
0
0
0
7.7476
0
0
0
0
0
0
0
0
0
0
0
0
0
0
0
0
0
0
0
0
0
0
0
0
0
0
0
0
0
0
0
0
0
0
0
0
0
0
0
0
-6.0723
0
0
0
0
0
0
0
0
0
0
0
0
0
0
0
0
0
0
0
0
0
0
0
0
0
0
0
0
0
0
0
0
0
0
0
0
0
0
0
0
0
0
0
0
0
0
0
0
0
0
0
0
0
0
0
0
0
0
0
0
0
0
0
0
0
0
0
0
0
0
0
0
0
0
0
0
0
6.0723
0
0
0
0
0
0
0
0
0
0
0
0
0
0
0
0
0
0
0
0
0
0
0
0
0
0
0
0
0
0
0
0
0
0
0
0
0
0
0
0
0
0
0
0
0
0
0
0
0
0
0
0
0
0
0
0
0
0
0
0
0
0
0
0
0
0
0
0
0
0
0
0
0
0
0
-5.8645
0
0
0
0
0
0
0
0
0
0
0
0
0
0
0
0
0
0
0
0
0
0
0
0
0
0
0
0
0
0
0
0
0
0
0
0
0
0
0
0
0
0
5.8645
