62.092
-0.71737
-0.75524
-0.72972
-0.69622
-0.83565
-0.71173
-0.74863
-0.72661
-0.68411
-0.78482
-0.68412
-0.69459
-0.77091
-0.74174
-0.68858
-0.6886
-0.69382
-0.77891
-0.71269
-0.76339
-0.81122
-0.71439
-0.74975
-0.71402
-0.72046
-0.7306
-0.72699
-0.85575
-0.78898
-0.77634
-0.7763
-0.85364
-0.76623
-0.74217
-0.7509
-0.7509
-0.81019
-0.89777
-0.85503
-0.89577
-0.89569
-0.78994
-0.83272
-0.80783
-0.89866
-0.94854
-0.85233
-0.86895
-0.94512
-0.81068
-0.88193
-0.84312
-0.83946
-0.86
-0.97133
-0.90734
-1.0404
-1.2673
-1.1616
-1.7525
-1.8858
0
0
0
-2.4627
0
0
0
0
0
0
0
0
0
0
0
0
0
0
0
0
0
0
0
0
0
0
0
0
0
0
0
0
0
0
0
0
0
0
0
0
0
0
0
0
0
0
0
0
-8.2732
0
0
0
0
0
0
0
-0.71737
56.2342
-0.70875
-0.69685
-0.65834
-0.75082
-0.67228
-0.70689
-0.68666
-0.64554
-0.72963
-0.64555
-0.65528
-0.71184
-0.67686
-0.64966
-0.64968
-0.65474
-0.7309
-0.67263
-0.72272
-0.76286
-0.67491
-0.70972
-0.67454
-0.67952
-0.69079
-0.68743
-0.80828
-0.7482
-0.73587
-0.73582
-0.80467
-0.72596
-0.70274
-0.71128
-0.71127
-0.76814
-0.84867
-0.81352
-0.84932
-0.84925
-0.74986
-0.78835
-0.76744
-0.85504
-0.90153
-0.80961
-0.82458
-0.90332
-0.76786
-0.83831
-0.80452
-0.79643
-0.81914
-0.93043
-0.86299
-0.99827
-1.2279
-1.1237
-1.7432
-1.8738
0
0
0
-2.5112
0
0
0
0
0
0
0
0
0
0
0
0
0
0
0
0
0
0
0
0
0
0
0
0
0
0
0
-4.9011
0
0
0
0
0
0
0
0
0
0
0
0
0
0
0
0
0
0
0
0
0
0
0
0
-0.75524
-0.70875
58.357
-0.72243
-0.6867
-0.78977
-0.7014
-0.73424
-0.71662
-0.67423
-0.76385
-0.67424
-0.68426
-0.74492
-0.73856
-0.67865
-0.67868
-0.68438
-0.76551
-0.70241
-0.75362
-0.79391
-0.70474
-0.74086
-0.70436
-0.70892
-0.72091
-0.71494
-0.83824
-0.7796
-0.767
-0.76694
-0.83767
-0.75696
-0.73319
-0.74188
-0.74189
-0.79936
-0.87931
-0.84635
-0.88131
-0.88124
-0.78063
-0.82102
-0.79941
-0.88898
-0.93508
-0.84397
-0.85945
-0.93758
-0.77856
-0.87406
-0.84504
-0.8267
-0.84743
-0.96491
-0.89915
-1.0342
-1.2666
-1.1533
-1.7687
-1.9003
0
0
0
-2.5263
0
0
0
0
0
0
0
0
0
0
0
0
0
0
0
0
0
0
0
0
-5.1076
0
0
0
0
0
0
0
0
0
0
0
0
0
0
0
0
0
0
0
0
0
0
0
0
0
0
0
0
0
0
0
-0.72972
-0.69685
-0.72243
51.8328
-0.66284
-0.76255
-0.67817
-0.70896
-0.69324
-0.65133
-0.73858
-0.65134
-0.66131
-0.72346
-0.71531
-0.65618
-0.6562
-0.66143
-0.74142
-0.68005
-0.73021
-0.77527
-0.68208
-0.71634
-0.68171
-0.68767
-0.69797
-0.69463
-0.82328
-0.75551
-0.74315
-0.74312
-0.81502
-0.73315
-0.70969
-0.71827
-0.71828
-0.7761
-0.86004
-0.82131
-0.86015
-0.86006
-0.75821
-0.79867
-0.77468
-0.86531
-0.91297
-0.81971
-0.83573
-0.91131
-0.77525
-0.84949
-0.80976
-0.80618
-0.82626
-0.93816
-0.87545
-1.0066
-1.2369
-1.128
-1.7407
-1.871
0
0
0
-2.498
0
0
0
0
0
0
0
0
0
0
0
0
0
0
0
0
0
0
0
0
0
0
0
0
0
0
0
0
0
0
0
0
0
0
0
0
0
0
0
0
0
0
0
0
0
0
0
0
0
0
0
0
-0.69622
-0.65834
-0.6867
-0.66284
44.8511
-0.71537
-0.63327
-0.66886
-0.64863
-0.61156
-0.69339
-0.61156
-0.61961
-0.68009
-0.67052
-0.61615
-0.61618
-0.62049
-0.69588
-0.63787
-0.6869
-0.73198
-0.63999
-0.67321
-0.63963
-0.64507
-0.6552
-0.64896
-0.77348
-0.71102
-0.69901
-0.69897
-0.76684
-0.68919
-0.66633
-0.67472
-0.67472
-0.73008
-0.80942
-0.77516
-0.81235
-0.81227
-0.71427
-0.75245
-0.7299
-0.81905
-0.86406
-0.774
-0.78903
-0.86415
-0.73168
-0.80248
-0.76555
-0.77042
-0.78209
-0.89115
-0.82887
-0.95812
-1.1862
-1.0787
-1.6909
0
0
0
0
0
0
0
0
0
0
0
0
0
0
0
0
0
0
0
0
0
0
0
0
0
0
0
0
0
0
0
0
0
0
0
0
0
0
0
0
0
0
0
0
0
0
0
0
0
0
0
0
0
0
0
0
0
-0.83565
-0.75082
-0.78977
-0.76255
-0.71537
57.2289
-0.72747
-0.7639
-0.74255
-0.69925
-0.80305
-0.69926
-0.70993
-0.79219
-0.75792
-0.70391
-0.70394
-0.70906
-0.79577
-0.72803
-0.77921
-0.8293
-0.7297
-0.76581
-0.72933
-0.73665
-0.74591
-0.74577
-0.87425
-0.8047
-0.79202
-0.79198
-0.87172
-0.78177
-0.75739
-0.76618
-0.76619
-0.82628
-0.91446
-0.87116
-0.91301
-0.91294
-0.80705
-0.84933
-0.82336
-0.91557
-0.96628
-0.86806
-0.88565
-0.96135
-0.83369
-0.89817
-0.86021
-0.86782
-0.8784
-0.98769
-0.92354
-1.0573
-1.285
-1.1805
0
0
0
0
0
0
0
0
0
0
0
0
0
0
0
0
0
0
0
0
0
0
0
0
0
0
0
0
0
0
0
0
0
0
0
0
0
0
0
0
0
0
0
0
0
0
0
0
-8.4838
0
0
0
0
0
0
0
0
0
-0.71173
-0.67228
-0.7014
-0.67817
-0.63327
-0.72747
45.9305
-0.68077
-0.65894
-0.62163
-0.70482
-0.62163
-0.626
-0.69148
-0.68225
-0.6268
-0.62683
-0.63151
-0.70753
-0.64541
-0.69883
-0.74741
-0.65164
-0.68528
-0.65128
-0.65263
-0.66698
-0.6656
-0.78641
-0.7234
-0.7113
-0.71125
-0.77998
-0.70141
-0.6784
-0.68684
-0.68684
-0.74348
-0.82332
-0.78799
-0.82496
-0.82489
-0.72681
-0.76385
-0.74216
-0.83344
-0.87773
-0.77985
-0.80027
-0.87764
-0.74709
-0.81395
-0.77876
-0.78387
-0.79573
-0.90493
-0.842
-0.97243
-1.202
-1.094
0
0
0
-2.0539
0
0
0
0
0
0
0
0
0
0
0
0
0
0
0
0
0
0
0
0
0
0
0
0
0
0
0
0
0
0
0
0
0
0
0
0
0
0
0
0
0
0
0
0
0
0
0
0
0
0
0
0
0
0
-0.74863
-0.70689
-0.73424
-0.70896
-0.66886
-0.7639
-0.68077
50.9434
-0.69667
-0.65396
-0.73902
-0.65396
-0.66352
-0.72558
-0.71902
-0.65872
-0.65875
-0.66428
-0.74452
-0.68191
-0.73286
-0.77359
-0.68457
-0.72046
-0.6842
-0.68832
-0.70035
-0.69777
-0.8178
-0.75829
-0.74592
-0.74588
-0.81567
-0.73592
-0.71248
-0.72107
-0.72108
-0.77779
-0.85624
-0.82456
-0.85838
-0.8583
-0.76039
-0.79897
-0.77802
-0.86884
-0.91225
-0.82312
-0.83713
-0.91527
-0.75989
-0.85151
-0.82544
-0.81294
-0.82718
-0.94286
-0.87724
-1.0116
-1.2427
-1.1304
0
0
0
0
0
0
0
0
0
0
0
0
0
0
0
0
0
0
0
0
-5.064
0
0
0
0
0
0
0
0
0
0
0
0
0
0
0
0
0
0
0
0
0
0
0
0
0
0
0
0
0
0
0
0
0
0
0
0
0
-0.72661
-0.68666
-0.71662
-0.69324
-0.64863
-0.74255
-0.65894
-0.69667
47.3143
-0.63547
-0.72081
-0.63547
-0.64271
-0.70647
-0.69762
-0.64076
-0.64079
-0.64606
-0.72326
-0.66155
-0.71434
-0.76544
-0.66676
-0.70093
-0.66639
-0.67091
-0.68229
-0.68101
-0.80378
-0.73945
-0.72724
-0.7272
-0.79737
-0.71726
-0.69397
-0.70248
-0.70248
-0.75994
-0.83943
-0.80468
-0.84111
-0.84104
-0.743
-0.77971
-0.75841
-0.85032
-0.895
-0.78867
-0.81666
-0.89452
-0.76269
-0.82935
-0.79491
-0.80009
-0.81247
-0.92227
-0.84636
-0.99009
-1.2204
-1.1131
0
0
0
0
0
0
0
-2.5299
0
0
0
0
0
0
0
0
0
0
0
0
0
0
0
0
0
0
0
0
0
0
0
0
0
0
0
0
0
0
0
0
0
0
0
0
0
0
0
0
0
0
0
0
0
0
0
0
0
0
-0.68411
-0.64554
-0.67423
-0.65133
-0.61156
-0.69925
-0.62163
-0.65396
-0.63547
42.2495
-0.67792
-0.5772
-0.6077
-0.66474
-0.65567
-0.60251
-0.60254
-0.60567
-0.68021
-0.62278
-0.67157
-0.71377
-0.62516
-0.65812
-0.62479
-0.63021
-0.64006
-0.63772
-0.75893
-0.695
-0.68329
-0.68325
-0.7506
-0.67348
-0.65094
-0.65923
-0.65924
-0.71433
-0.79289
-0.75871
-0.79554
-0.79547
-0.69871
-0.73617
-0.71383
-0.80261
-0.84734
-0.75741
-0.77211
-0.84701
-0.71977
-0.78555
-0.74939
-0.75458
-0.76585
-0.87396
-0.8114
-0.94043
-1.1667
-1.0603
0
0
0
0
0
0
0
0
0
0
0
0
0
0
0
0
0
0
0
0
0
0
0
0
0
0
0
0
0
0
0
0
0
0
0
0
0
0
0
0
0
0
0
0
0
0
0
0
0
0
0
0
0
0
0
0
0
0
-0.78482
-0.72963
-0.76385
-0.73858
-0.69339
-0.80305
-0.70482
-0.73902
-0.72081
-0.67792
54.7876
-0.67792
-0.68681
-0.74619
-0.73778
-0.68005
-0.68008
-0.68528
-0.7619
-0.70328
-0.7545
-0.79512
-0.70557
-0.74044
-0.70519
-0.70779
-0.72157
-0.72065
-0.83983
-0.77995
-0.76749
-0.76744
-0.83813
-0.75733
-0.73363
-0.74231
-0.74231
-0.80107
-0.87982
-0.8462
-0.88067
-0.88061
-0.78078
-0.81879
-0.79928
-0.89149
-0.93529
-0.8482
-0.85526
-0.93715
-0.79039
-0.86825
-0.83597
-0.83785
-0.85356
-0.96441
-0.89547
-1.0336
0
0
0
0
0
0
0
0
0
0
0
-2.1568
0
0
0
0
0
0
0
0
0
0
0
0
0
0
0
0
0
0
0
0
0
0
0
0
0
0
0
0
0
0
0
0
0
0
0
0
0
0
0
0
0
0
0
-7.8622
0
0
0
0
-0.68412
-0.64555
-0.67424
-0.65134
-0.61156
-0.69926
-0.62163
-0.65396
-0.63547
-0.5772
-0.67792
42.2497
-0.60769
-0.66473
-0.65567
-0.60251
-0.60254
-0.60567
-0.68021
-0.62278
-0.67157
-0.71377
-0.62516
-0.65813
-0.6248
-0.63021
-0.64006
-0.63772
-0.75894
-0.69501
-0.68329
-0.68325
-0.75059
-0.67348
-0.65094
-0.65924
-0.65924
-0.71433
-0.79289
-0.75871
-0.79554
-0.79548
-0.6987
-0.73616
-0.71382
-0.80261
-0.84734
-0.75741
-0.77212
-0.84702
-0.71977
-0.78556
-0.7494
-0.75459
-0.76586
-0.87397
-0.81141
-0.94043
-1.1667
-1.0603
0
0
0
0
0
0
0
0
0
0
0
0
0
0
0
0
0
0
0
0
0
0
0
0
0
0
0
0
0
0
0
0
0
0
0
0
0
0
0
0
0
0
0
0
0
0
0
0
0
0
0
0
0
0
0
0
0
0
-0.69459
-0.65528
-0.68426
-0.66131
-0.61961
-0.70993
-0.626
-0.66352
-0.64271
-0.6077
-0.68681
-0.60769
43.7663
-0.67366
-0.66409
-0.61139
-0.61141
-0.61505
-0.68862
-0.62849
-0.68099
-0.72443
-0.63442
-0.66738
-0.63406
-0.6351
-0.64951
-0.64792
-0.76817
-0.70494
-0.69308
-0.69304
-0.75961
-0.68322
-0.66049
-0.66883
-0.66883
-0.72486
-0.80329
-0.76879
-0.80523
-0.80517
-0.70494
-0.74487
-0.72355
-0.81399
-0.85767
-0.76026
-0.78072
-0.85775
-0.72865
-0.79443
-0.76003
-0.76525
-0.77689
-0.885
-0.82236
-0.95184
-1.1786
0
0
0
0
-2.026
0
0
0
0
0
0
0
0
0
0
0
0
0
0
0
0
0
0
0
0
0
0
0
0
0
0
0
0
0
0
0
0
0
0
0
0
0
0
0
0
0
0
0
0
0
0
0
0
0
0
0
0
0
0
-0.77091
-0.71184
-0.74492
-0.72346
-0.68009
-0.79219
-0.69148
-0.72558
-0.70647
-0.66474
-0.74619
-0.66473
-0.67366
53.7772
-0.72417
-0.6669
-0.66693
-0.67173
-0.74823
-0.68974
-0.74029
-0.78017
-0.69189
-0.72668
-0.69153
-0.69599
-0.70771
-0.70844
-0.82348
-0.76539
-0.75301
-0.75296
-0.82258
-0.74292
-0.71937
-0.72799
-0.728
-0.78643
-0.86713
-0.83114
-0.86688
-0.8668
-0.76607
-0.80543
-0.78438
-0.87544
-0.92104
-0.82939
-0.84202
-0.9211
-0.78798
-0.85531
-0.82057
-0.81491
-0.83675
-0.94778
-0.88262
-1.0167
0
0
0
-1.8769
0
0
0
0
0
0
0
0
0
0
0
0
0
0
0
0
0
0
0
0
0
0
0
0
0
0
0
0
0
0
0
0
0
0
0
0
0
0
0
0
0
0
0
0
0
0
0
0
0
0
0
0
0
-7.9321
0
0
-0.74174
-0.67686
-0.73856
-0.71531
-0.67052
-0.75792
-0.68225
-0.71902
-0.69762
-0.65567
-0.73778
-0.65567
-0.66409
-0.72417
49.6308
-0.65982
-0.65984
-0.665
-0.74195
-0.683
-0.73395
-0.78032
-0.68573
-0.72139
-0.68536
-0.69029
-0.70167
-0.70013
-0.82345
-0.75954
-0.74725
-0.7472
-0.8163
-0.73721
-0.71386
-0.72246
-0.72245
-0.78006
-0.85874
-0.82561
-0.86051
-0.86044
-0.75943
-0.79926
-0.77919
-0.86867
-0.91423
-0.8216
-0.83603
-0.91628
-0.78576
-0.84937
-0.81862
-0.81884
-0.83386
-0.94417
-0.87482
-1.0122
-1.2421
0
0
0
0
0
0
0
0
0
0
0
0
0
0
0
0
0
0
0
0
0
0
0
0
0
0
0
0
0
0
0
0
0
0
-4.8356
0
0
0
0
0
0
0
0
0
0
0
0
0
0
0
0
0
0
0
0
0
0
0
0
-0.68858
-0.64966
-0.67865
-0.65618
-0.61615
-0.70391
-0.6268
-0.65872
-0.64076
-0.60251
-0.68005
-0.60251
-0.61139
-0.6669
-0.65982
40.1826
-0.58242
-0.60582
-0.68241
-0.62399
-0.67346
-0.71501
-0.62712
-0.66008
-0.62676
-0.63219
-0.64208
-0.63996
-0.76112
-0.69707
-0.68548
-0.68543
-0.75836
-0.67553
-0.65318
-0.6615
-0.66151
-0.71784
-0.7962
-0.76123
-0.79841
-0.79834
-0.69799
-0.73879
-0.71603
-0.80576
-0.85159
-0.75995
-0.77509
-0.84935
-0.72323
-0.78818
-0.75212
-0.75815
-0.76919
-0.87548
-0.81386
-0.94276
0
0
0
0
0
0
0
0
0
0
0
0
0
0
0
0
0
0
0
0
0
0
0
0
0
0
0
0
0
0
0
0
0
0
0
0
0
0
0
0
0
0
0
0
0
0
0
0
0
0
0
0
0
0
0
0
0
0
0
0
-0.6886
-0.64968
-0.67868
-0.6562
-0.61618
-0.70394
-0.62683
-0.65875
-0.64079
-0.60254
-0.68008
-0.60254
-0.61141
-0.66693
-0.65984
-0.58242
40.1839
-0.60584
-0.68243
-0.62401
-0.67349
-0.71503
-0.62714
-0.6601
-0.62678
-0.63222
-0.6421
-0.63998
-0.76113
-0.69709
-0.68549
-0.68545
-0.75838
-0.67555
-0.65319
-0.66152
-0.66153
-0.71786
-0.79622
-0.76124
-0.79844
-0.79837
-0.69801
-0.73881
-0.71606
-0.80579
-0.8516
-0.75997
-0.77512
-0.84938
-0.72325
-0.78821
-0.75214
-0.75816
-0.76922
-0.8755
-0.81388
-0.94279
0
0
0
0
0
0
0
0
0
0
0
0
0
0
0
0
0
0
0
0
0
0
0
0
0
0
0
0
0
0
0
0
0
0
0
0
0
0
0
0
0
0
0
0
0
0
0
0
0
0
0
0
0
0
0
0
0
0
0
0
-0.69382
-0.65474
-0.68438
-0.66143
-0.62049
-0.70906
-0.63151
-0.66428
-0.64606
-0.60567
-0.68528
-0.60567
-0.61505
-0.67173
-0.665
-0.60582
-0.60584
38.1339
-0.68542
-0.6292
-0.67959
-0.71824
-0.63195
-0.66577
-0.63158
-0.63743
-0.64654
-0.64397
-0.76393
-0.70119
-0.68971
-0.68968
-0.76319
-0.67966
-0.65719
-0.66553
-0.66553
-0.72109
-0.80009
-0.76538
-0.80265
-0.80257
-0.70226
-0.74285
-0.72004
-0.80957
-0.85629
-0.7651
-0.78001
-0.85449
0
-0.79296
-0.75592
-0.76398
0
-0.87987
0
-0.94762
0
0
0
0
0
0
0
0
0
0
0
0
0
0
0
0
0
0
0
0
0
0
0
0
0
0
0
0
0
0
0
0
0
0
0
0
0
0
0
0
0
0
0
0
0
0
0
0
0
0
0
0
0
0
0
0
0
0
0
0
-0.77891
-0.7309
-0.76551
-0.74142
-0.69588
-0.79577
-0.70753
-0.74452
-0.72326
-0.68021
-0.7619
-0.68021
-0.68862
-0.74823
-0.74195
-0.68241
-0.68243
-0.68542
48.077
-0.70097
-0.75276
-0.81146
-0.70396
-0.73216
-0.70358
-0.70819
-0.71966
-0.7188
-0.83249
-0.77734
-0.76513
-0.7651
-0.83624
-0.75494
-0.73118
-0.73984
-0.73984
-0.7969
-0.87885
-0.84362
-0.87825
-0.87819
-0.77752
-0.81647
-0.79698
-0.88789
-0.93274
-0.84229
-0.85434
-0.93589
0
-0.86812
0
0
0
0
0
0
0
0
0
0
-2.2689
0
0
0
0
0
0
0
0
0
0
0
0
0
0
0
0
0
0
0
0
0
0
0
0
0
0
0
0
0
0
0
0
0
0
0
0
0
0
0
0
0
0
0
-7.2913
0
0
0
0
0
0
0
0
0
0
0
-0.71269
-0.67263
-0.70241
-0.68005
-0.63787
-0.72803
-0.64541
-0.68191
-0.66155
-0.62278
-0.70328
-0.62278
-0.62849
-0.68974
-0.683
-0.62399
-0.62401
-0.6292
-0.70097
36.8295
-0.70062
-0.73383
-0.64897
-0.68495
-0.64859
-0.6505
-0.66298
-0.66161
-0.78158
-0.71772
-0.70639
-0.70634
-0.77784
-0.69604
-0.67324
-0.68168
-0.68168
-0.73671
-0.8185
-0.78247
-0.82024
-0.82016
-0.71963
-0.75883
-0.73741
-0.82799
-0.87447
-0.77385
-0.79737
-0.87255
0
0
0
0
0
0
0
0
0
0
0
0
0
-2.0239
0
0
0
0
0
0
0
0
0
0
0
0
0
0
0
0
0
0
0
0
0
0
0
0
0
0
0
0
0
0
0
0
0
0
0
0
0
0
0
0
0
0
0
0
0
0
0
0
0
0
0
0
0
0
-0.76339
-0.72272
-0.75362
-0.73021
-0.6869
-0.77921
-0.69883
-0.73286
-0.71434
-0.67157
-0.7545
-0.67157
-0.68099
-0.74029
-0.73395
-0.67346
-0.67349
-0.67959
-0.75276
-0.70062
35.5747
-0.78297
-0.69658
-0.74046
-0.6962
-0.70659
-0.71112
-0.72289
-0.82564
-0.77233
-0.75983
-0.75979
-0.83093
-0.74834
-0.72477
-0.73357
-0.73357
-0.79831
-0.88762
-0.83757
-0.87823
-0.87816
-0.77421
-0.81615
-0.79227
-0.88349
0
-0.83894
0
-0.92934
0
0
0
0
0
0
0
0
0
0
0
0
0
0
0
0
0
0
0
0
0
0
0
0
0
0
0
0
0
0
0
0
0
0
0
0
0
0
0
0
0
0
0
0
0
0
0
0
0
0
0
0
0
0
0
0
0
0
0
0
0
0
0
0
0
0
0
0
-0.81122
-0.76286
-0.79391
-0.77527
-0.73198
-0.8293
-0.74741
-0.77359
-0.76544
-0.71377
-0.79512
-0.71377
-0.72443
-0.78017
-0.78032
-0.71501
-0.71503
-0.71824
-0.81146
-0.73383
-0.78297
49.0152
-0.73283
-0.76738
-0.73246
-0.73878
-0.74829
-0.73902
-0.85169
-0.80664
-0.79429
-0.79424
-0.85572
-0.78323
-0.75958
-0.7684
-0.76839
-0.83418
-0.89524
-0.87281
-0.91332
-0.91323
-0.80016
-0.85131
-0.82731
0
0
0
0
0
0
0
0
0
0
0
0
0
0
0
0
0
0
0
0
0
-2.3151
0
0
0
0
0
0
0
0
0
0
0
0
0
0
0
0
0
0
-5.0011
0
0
0
0
0
0
0
0
0
0
0
0
0
0
0
0
0
0
0
0
0
0
0
-7.1754
0
0
0
0
0
0
0
0
-0.71439
-0.67491
-0.70474
-0.68208
-0.63999
-0.7297
-0.65164
-0.68457
-0.66676
-0.62516
-0.70557
-0.62516
-0.63442
-0.69189
-0.68573
-0.62712
-0.62714
-0.63195
-0.70396
-0.64897
-0.69658
-0.73283
31.5278
-0.68121
-0.61374
-0.64563
-0.65973
-0.6689
-0.78171
-0.7172
-0.70607
-0.70601
-0.78727
-0.69405
-0.67286
-0.68152
-0.68152
-0.74676
-0.81108
-0.78314
-0.8263
-0.82622
-0.72225
-0.76354
-0.73903
-0.8268
0
0
0
0
0
0
0
0
0
0
0
0
0
0
0
0
0
0
0
0
0
0
0
0
0
0
0
0
0
0
0
0
0
0
0
0
0
0
0
0
0
0
0
0
0
0
0
0
0
0
0
0
0
0
0
0
0
0
0
0
0
0
0
0
0
0
0
0
0
0
0
0
-0.74975
-0.70972
-0.74086
-0.71634
-0.67321
-0.76581
-0.68528
-0.72046
-0.70093
-0.65812
-0.74044
-0.65813
-0.66738
-0.72668
-0.72139
-0.66008
-0.6601
-0.66577
-0.73216
-0.68495
-0.74046
-0.76738
-0.68121
34.5005
-0.68085
-0.68456
-0.69363
-0.70611
-0.81225
-0.75471
-0.74306
-0.74301
-0.82152
-0.73128
-0.70892
-0.71769
-0.71769
-0.77991
-0.8725
-0.81978
-0.86091
-0.86085
-0.75483
-0.79958
-0.77603
0
0
0
0
0
0
0
0
0
0
0
0
0
0
0
0
0
-2.2342
0
0
0
0
0
0
0
0
0
0
0
0
0
0
0
0
0
0
0
0
0
0
0
0
0
0
0
0
0
0
0
0
0
0
0
0
0
0
0
0
0
0
0
0
0
0
0
0
0
0
0
0
0
0
0
-0.71402
-0.67454
-0.70436
-0.68171
-0.63963
-0.72933
-0.65128
-0.6842
-0.66639
-0.62479
-0.70519
-0.6248
-0.63406
-0.69153
-0.68536
-0.62676
-0.62678
-0.63158
-0.70358
-0.64859
-0.6962
-0.73246
-0.61374
-0.68085
31.5106
-0.64526
-0.65933
-0.66859
-0.78135
-0.71678
-0.70564
-0.7056
-0.78693
-0.69361
-0.67246
-0.68111
-0.6811
-0.74624
-0.81088
-0.7827
-0.82576
-0.82569
-0.72182
-0.76307
-0.7386
-0.82634
0
0
0
0
0
0
0
0
0
0
0
0
0
0
0
0
0
0
0
0
0
0
0
0
0
0
0
0
0
0
0
0
0
0
0
0
0
0
0
0
0
0
0
0
0
0
0
0
0
0
0
0
0
0
0
0
0
0
0
0
0
0
0
0
0
0
0
0
0
0
0
0
-0.72046
-0.67952
-0.70892
-0.68767
-0.64507
-0.73665
-0.65263
-0.68832
-0.67091
-0.63021
-0.70779
-0.63021
-0.6351
-0.69599
-0.69029
-0.63219
-0.63222
-0.63743
-0.70819
-0.6505
-0.70659
-0.73878
-0.64563
-0.68456
-0.64526
34.0369
-0.66315
-0.66894
-0.79015
-0.72134
-0.71043
-0.71039
-0.79162
-0.69876
-0.67767
-0.68621
-0.68621
-0.74757
-0.83716
-0.78627
-0.82456
-0.82449
-0.72228
-0.76279
-0.74317
0
0
0
0
0
0
0
0
0
0
0
0
0
0
0
0
0
0
0
0
0
0
0
0
0
0
0
0
0
0
-3.1226
0
0
0
0
0
0
0
0
0
0
0
0
0
0
0
0
0
0
0
0
0
0
0
0
0
0
0
0
0
0
0
0
0
0
0
0
0
0
0
0
0
0
-0.7306
-0.69079
-0.72091
-0.69797
-0.6552
-0.74591
-0.66698
-0.70035
-0.68229
-0.64006
-0.72157
-0.64006
-0.64951
-0.70771
-0.70167
-0.64208
-0.6421
-0.64654
-0.71966
-0.66298
-0.71112
-0.74829
-0.65973
-0.69363
-0.65933
-0.66315
29.8785
-0.67402
-0.79294
-0.73526
-0.7258
-0.72573
-0.78742
-0.71162
-0.69048
-0.69889
-0.6989
-0.7675
-0.81421
-0.79701
-0.85128
-0.85123
0
0
-0.75608
0
0
0
0
0
0
0
0
0
0
0
0
0
0
0
0
0
0
0
0
0
0
0
0
0
0
0
0
0
0
0
0
0
0
0
0
0
0
0
0
0
0
0
0
0
0
0
0
0
0
0
0
0
0
0
0
0
0
0
0
0
0
0
0
0
0
0
0
0
0
0
0
0
-0.72699
-0.68743
-0.71494
-0.69463
-0.64896
-0.74577
-0.6656
-0.69777
-0.68101
-0.63772
-0.72065
-0.63772
-0.64792
-0.70844
-0.70013
-0.63996
-0.63998
-0.64397
-0.7188
-0.66161
-0.72289
-0.73902
-0.6689
-0.70611
-0.66859
-0.66894
-0.67402
33.5205
-0.79106
-0.72247
-0.71561
-0.71556
-0.78177
-0.70488
-0.68435
-0.69272
-0.69272
-0.746
0
-0.79091
0
0
0
0
0
0
0
0
0
0
0
0
-0.77925
0
0
0
0
0
0
0
-1.6627
0
0
0
0
0
0
0
0
0
0
0
0
0
0
0
0
0
0
0
0
0
0
0
0
0
0
0
0
0
0
0
0
0
-4.5721
0
0
0
0
0
0
0
0
0
0
0
0
0
0
0
0
0
0
0
0
0
0
0
-0.85575
-0.80828
-0.83824
-0.82328
-0.77348
-0.87425
-0.78641
-0.8178
-0.80378
-0.75893
-0.83983
-0.75894
-0.76817
-0.82348
-0.82345
-0.76112
-0.76113
-0.76393
-0.83249
-0.78158
-0.82564
-0.85169
-0.78171
-0.81225
-0.78135
-0.79015
-0.79294
-0.79106
46.2311
-0.84729
-0.8359
-0.83586
-0.89873
-0.82468
-0.80159
-0.81057
-0.81057
0
0
0
0
0
0
0
0
0
0
0
0
0
0
0
0
0
0
0
0
0
0
0
0
0
0
0
0
0
-2.4383
0
0
0
0
0
0
0
0
0
0
0
0
0
0
0
0
0
0
0
0
0
0
0
0
0
0
0
0
0
0
0
0
0
0
-7.3233
0
0
0
0
0
0
0
0
0
0
0
0
-7.3233
0
0
0
-0.78898
-0.7482
-0.7796
-0.75551
-0.71102
-0.8047
-0.7234
-0.75829
-0.73945
-0.695
-0.77995
-0.69501
-0.70494
-0.76539
-0.75954
-0.69707
-0.69709
-0.70119
-0.77734
-0.71772
-0.77233
-0.80664
-0.7172
-0.75471
-0.71678
-0.72134
-0.73526
-0.72247
-0.84729
28.8167
-0.80925
-0.80919
-0.83692
-0.7871
-0.75572
-0.76537
-0.76537
-0.82329
0
-0.87106
0
0
0
0
0
0
0
0
0
0
0
0
0
0
0
0
0
0
0
0
0
0
0
0
0
0
0
0
0
0
0
0
0
0
0
0
0
0
0
0
0
0
0
0
0
0
0
0
0
0
0
0
0
0
0
0
0
0
0
0
0
0
0
0
0
0
0
0
0
0
0
0
0
0
0
0
0
0
-0.77634
-0.73587
-0.767
-0.74315
-0.69901
-0.79202
-0.7113
-0.74592
-0.72724
-0.68329
-0.76749
-0.68329
-0.69308
-0.75301
-0.74725
-0.68548
-0.68549
-0.68971
-0.76513
-0.70639
-0.75983
-0.79429
-0.70607
-0.74306
-0.70564
-0.71043
-0.7258
-0.71561
-0.8359
-0.80925
27.4814
-0.78889
-0.83353
-0.76029
-0.73358
-0.74326
-0.74327
-0.81525
0
0
0
0
0
0
0
0
0
0
0
0
0
0
0
0
0
0
0
0
0
0
0
0
0
0
0
0
0
0
0
0
0
0
0
0
0
0
0
0
0
0
0
0
0
0
0
0
0
0
0
0
0
0
0
0
0
0
0
0
0
0
0
0
0
0
0
0
0
0
0
0
0
0
0
0
0
0
0
0
-0.7763
-0.73582
-0.76694
-0.74312
-0.69897
-0.79198
-0.71125
-0.74588
-0.7272
-0.68325
-0.76744
-0.68325
-0.69304
-0.75296
-0.7472
-0.68543
-0.68545
-0.68968
-0.7651
-0.70634
-0.75979
-0.79424
-0.70601
-0.74301
-0.7056
-0.71039
-0.72573
-0.71556
-0.83586
-0.80919
-0.78889
27.4798
-0.83349
-0.76023
-0.73353
-0.74322
-0.74322
-0.81518
0
0
0
0
0
0
0
0
0
0
0
0
0
0
0
0
0
0
0
0
0
0
0
0
0
0
0
0
0
0
0
0
0
0
0
0
0
0
0
0
0
0
0
0
0
0
0
0
0
0
0
0
0
0
0
0
0
0
0
0
0
0
0
0
0
0
0
0
0
0
0
0
0
0
0
0
0
0
0
0
-0.85364
-0.80467
-0.83767
-0.81502
-0.76684
-0.87172
-0.77998
-0.81567
-0.79737
-0.7506
-0.83813
-0.75059
-0.75961
-0.82258
-0.8163
-0.75836
-0.75838
-0.76319
-0.83624
-0.77784
-0.83093
-0.85572
-0.78727
-0.82152
-0.78693
-0.79162
-0.78742
-0.78177
-0.89873
-0.83692
-0.83353
-0.83349
38.4535
-0.82001
0
0
0
0
0
0
0
0
0
0
0
0
0
0
0
0
0
0
0
0
0
0
0
0
0
0
0
0
0
0
0
0
0
0
0
0
0
0
-1.1839
0
0
0
-3.7629
0
0
0
0
0
0
0
0
0
0
0
0
0
0
0
0
0
0
0
0
0
0
0
0
0
0
0
0
0
0
0
0
0
0
-6.8665
0
0
0
0
0
0
-0.76623
-0.72596
-0.75696
-0.73315
-0.68919
-0.78177
-0.70141
-0.73592
-0.71726
-0.67348
-0.75733
-0.67348
-0.68322
-0.74292
-0.73721
-0.67553
-0.67555
-0.67966
-0.75494
-0.69604
-0.74834
-0.78323
-0.69405
-0.73128
-0.69361
-0.69876
-0.71162
-0.70488
-0.82468
-0.7871
-0.76029
-0.76023
-0.82001
26.2836
-0.72919
-0.73956
-0.73956
0
0
0
0
0
0
0
0
0
0
0
0
0
0
0
0
0
0
0
0
0
0
0
0
0
0
0
0
0
0
0
0
0
0
0
0
0
0
0
0
0
0
0
0
0
0
0
0
0
0
0
0
0
0
0
0
0
0
0
0
0
0
0
0
0
0
0
0
0
0
0
0
0
0
0
0
0
0
0
0
0
-0.74217
-0.70274
-0.73319
-0.70969
-0.66633
-0.75739
-0.6784
-0.71248
-0.69397
-0.65094
-0.73363
-0.65094
-0.66049
-0.71937
-0.71386
-0.65318
-0.65319
-0.65719
-0.73118
-0.67324
-0.72477
-0.75958
-0.67286
-0.70892
-0.67246
-0.67767
-0.69048
-0.68435
-0.80159
-0.75572
-0.73358
-0.73353
0
-0.72919
24.6235
-0.69259
-0.6926
0
0
0
0
0
0
0
0
0
0
0
0
0
0
0
0
0
0
0
0
0
0
0
0
0
0
0
0
0
0
0
0
0
0
0
0
0
0
0
0
0
0
0
0
0
0
0
0
0
0
0
0
0
0
0
0
0
0
0
0
0
0
0
0
0
0
0
0
0
0
0
0
0
0
0
0
0
0
0
0
0
-0.7509
-0.71128
-0.74188
-0.71827
-0.67472
-0.76618
-0.68684
-0.72107
-0.70248
-0.65923
-0.74231
-0.65924
-0.66883
-0.72799
-0.72246
-0.6615
-0.66152
-0.66553
-0.73984
-0.68168
-0.73357
-0.7684
-0.68152
-0.71769
-0.68111
-0.68621
-0.69889
-0.69272
-0.81057
-0.76537
-0.74326
-0.74322
0
-0.73956
-0.69259
24.2185
0
0
0
0
0
0
0
0
0
0
0
0
0
0
0
0
0
0
0
0
0
0
0
0
0
0
0
0
0
0
0
0
0
0
0
0
0
0
0
0
0
0
0
0
0
0
0
0
0
0
0
0
0
0
0
0
0
0
0
0
0
0
0
0
0
0
0
0
0
0
0
0
0
0
0
0
0
0
0
0
0
0
-0.7509
-0.71127
-0.74189
-0.71828
-0.67472
-0.76619
-0.68684
-0.72108
-0.70248
-0.65924
-0.74231
-0.65924
-0.66883
-0.728
-0.72245
-0.66151
-0.66153
-0.66553
-0.73984
-0.68168
-0.73357
-0.76839
-0.68152
-0.71769
-0.6811
-0.68621
-0.6989
-0.69272
-0.81057
-0.76537
-0.74327
-0.74322
0
-0.73956
-0.6926
0
24.2185
0
0
0
0
0
0
0
0
0
0
0
0
0
0
0
0
0
0
0
0
0
0
0
0
0
0
0
0
0
0
0
0
0
0
0
0
0
0
0
0
0
0
0
0
0
0
0
0
0
0
0
0
0
0
0
0
0
0
0
0
0
0
0
0
0
0
0
0
0
0
0
0
0
0
0
0
0
0
0
0
0
-0.81019
-0.76814
-0.79936
-0.7761
-0.73008
-0.82628
-0.74348
-0.77779
-0.75994
-0.71433
-0.80107
-0.71433
-0.72486
-0.78643
-0.78006
-0.71784
-0.71786
-0.72109
-0.7969
-0.73671
-0.79831
-0.83418
-0.74676
-0.77991
-0.74624
-0.74757
-0.7675
-0.746
0
-0.82329
-0.81525
-0.81518
0
0
0
0
0
28.5923
0
0
0
0
0
0
0
0
0
0
0
0
0
0
0
0
0
0
0
0
0
0
0
0
0
0
0
0
0
0
0
0
0
0
0
0
-4.7693
0
0
0
0
0
0
0
0
0
0
0
0
0
0
0
0
0
0
0
0
0
0
0
0
0
0
0
0
0
0
0
0
0
0
0
0
0
0
0
0
0
0
0
-0.89777
-0.84867
-0.87931
-0.86004
-0.80942
-0.91446
-0.82332
-0.85624
-0.83943
-0.79289
-0.87982
-0.79289
-0.80329
-0.86713
-0.85874
-0.7962
-0.79622
-0.80009
-0.87885
-0.8185
-0.88762
-0.89524
-0.81108
-0.8725
-0.81088
-0.83716
-0.81421
0
0
0
0
0
0
0
0
0
0
0
33.525
0
0
0
0
0
0
0
0
0
0
0
0
0
0
0
0
0
0
0
0
0
0
0
0
0
0
0
0
0
0
0
0
0
0
0
0
0
0
0
0
0
0
0
0
0
0
0
0
0
0
-4.6184
0
0
0
0
0
0
0
0
0
0
0
0
0
0
0
0
0
0
0
0
0
0
0
0
0
0
-6.1647
0
-0.85503
-0.81352
-0.84635
-0.82131
-0.77516
-0.87116
-0.78799
-0.82456
-0.80468
-0.75871
-0.8462
-0.75871
-0.76879
-0.83114
-0.82561
-0.76123
-0.76124
-0.76538
-0.84362
-0.78247
-0.83757
-0.87281
-0.78314
-0.81978
-0.7827
-0.78627
-0.79701
-0.79091
0
-0.87106
0
0
0
0
0
0
0
0
0
23.4441
0
0
0
0
0
0
0
0
0
0
0
0
0
0
0
0
0
0
0
0
0
0
0
0
0
0
0
0
0
0
0
0
0
0
0
0
0
0
0
0
0
0
0
0
0
0
0
0
0
0
0
0
0
0
0
0
0
0
0
0
0
0
0
0
0
0
0
0
0
0
0
0
0
0
0
0
0
0
-0.89577
-0.84932
-0.88131
-0.86015
-0.81235
-0.91301
-0.82496
-0.85838
-0.84111
-0.79554
-0.88067
-0.79554
-0.80523
-0.86688
-0.86051
-0.79841
-0.79844
-0.80265
-0.87825
-0.82024
-0.87823
-0.91332
-0.8263
-0.86091
-0.82576
-0.82456
-0.85128
0
0
0
0
0
0
0
0
0
0
0
0
0
28.7949
0
0
0
0
0
0
0
0
0
0
0
0
0
0
0
0
0
0
0
0
0
0
0
0
0
0
0
0
0
0
0
0
0
0
0
0
0
0
0
0
0
0
0
0
0
0
0
0
0
0
0
0
0
0
0
0
0
0
0
-5.9758
0
0
0
0
0
0
0
0
0
0
0
0
0
0
0
0
0
-0.89569
-0.84925
-0.88124
-0.86006
-0.81227
-0.91294
-0.82489
-0.8583
-0.84104
-0.79547
-0.88061
-0.79548
-0.80517
-0.8668
-0.86044
-0.79834
-0.79837
-0.80257
-0.87819
-0.82016
-0.87816
-0.91323
-0.82622
-0.86085
-0.82569
-0.82449
-0.85123
0
0
0
0
0
0
0
0
0
0
0
0
0
0
28.7926
0
0
0
0
0
0
0
0
0
0
0
0
0
0
0
0
0
0
0
0
0
0
0
0
0
0
0
0
0
0
0
0
0
0
0
0
0
0
0
0
0
0
0
0
0
0
0
0
0
0
0
0
0
0
0
0
0
0
0
0
0
0
0
0
0
0
0
0
0
0
-5.9755
0
0
0
0
0
-0.78994
-0.74986
-0.78063
-0.75821
-0.71427
-0.80705
-0.72681
-0.76039
-0.743
-0.69871
-0.78078
-0.6987
-0.70494
-0.76607
-0.75943
-0.69799
-0.69801
-0.70226
-0.77752
-0.71963
-0.77421
-0.80016
-0.72225
-0.75483
-0.72182
-0.72228
0
0
0
0
0
0
0
0
0
0
0
0
0
0
0
0
22.1833
0
0
0
0
0
0
0
0
0
0
0
0
0
0
0
0
0
0
0
0
0
0
0
0
0
0
0
0
0
0
0
0
0
0
0
0
0
0
0
0
0
0
0
0
0
0
0
0
0
-2.8536
0
0
0
0
0
0
0
0
0
0
0
0
0
0
0
0
0
0
0
0
0
0
0
0
0
-0.83272
-0.78835
-0.82102
-0.79867
-0.75245
-0.84933
-0.76385
-0.79897
-0.77971
-0.73617
-0.81879
-0.73616
-0.74487
-0.80543
-0.79926
-0.73879
-0.73881
-0.74285
-0.81647
-0.75883
-0.81615
-0.85131
-0.76354
-0.79958
-0.76307
-0.76279
0
0
0
0
0
0
0
0
0
0
0
0
0
0
0
0
0
25.6439
0
0
0
0
0
0
0
0
0
0
0
0
0
0
0
0
0
0
0
0
0
0
0
0
0
0
0
0
0
0
0
0
0
0
0
0
0
0
0
0
0
0
0
0
0
0
0
0
0
0
0
-5.266
0
0
0
0
0
0
0
0
0
0
0
0
0
0
0
0
0
0
0
0
0
0
-0.80783
-0.76744
-0.79941
-0.77468
-0.7299
-0.82336
-0.74216
-0.77802
-0.75841
-0.71383
-0.79928
-0.71382
-0.72355
-0.78438
-0.77919
-0.71603
-0.71606
-0.72004
-0.79698
-0.73741
-0.79227
-0.82731
-0.73903
-0.77603
-0.7386
-0.74317
-0.75608
0
0
0
0
0
0
0
0
0
0
0
0
0
0
0
0
0
20.5543
0
0
0
0
0
0
0
0
0
0
0
0
0
0
0
0
0
0
0
0
0
0
0
0
0
0
0
0
0
0
0
0
0
0
0
0
0
0
0
0
0
0
0
0
0
0
0
0
0
0
0
0
0
0
0
0
0
0
0
0
0
0
0
0
0
0
0
0
0
0
0
0
0
-0.89866
-0.85504
-0.88898
-0.86531
-0.81905
-0.91557
-0.83344
-0.86884
-0.85032
-0.80261
-0.89149
-0.80261
-0.81399
-0.87544
-0.86867
-0.80576
-0.80579
-0.80957
-0.88789
-0.82799
-0.88349
0
-0.8268
0
-0.82634
0
0
0
0
0
0
0
0
0
0
0
0
0
0
0
0
0
0
0
0
24.3866
0
0
0
0
0
0
0
0
0
0
0
0
0
0
0
0
0
0
0
0
0
0
0
0
0
0
0
0
0
0
0
0
0
0
0
0
0
0
-4.863
0
0
0
0
0
0
0
0
0
0
0
0
0
0
0
0
0
0
0
0
0
0
0
0
0
0
0
0
0
0
0
0
0
-0.94854
-0.90153
-0.93508
-0.91297
-0.86406
-0.96628
-0.87773
-0.91225
-0.895
-0.84734
-0.93529
-0.84734
-0.85767
-0.92104
-0.91423
-0.85159
-0.8516
-0.85629
-0.93274
-0.87447
0
0
0
0
0
0
0
0
0
0
0
0
0
0
0
0
0
0
0
0
0
0
0
0
0
0
27.1782
0
0
0
0
0
0
0
0
0
0
0
0
0
0
0
0
0
0
0
0
0
0
0
0
0
0
0
-4.3054
0
0
0
0
0
0
0
0
0
0
0
0
0
0
0
0
0
0
0
0
0
0
0
0
0
0
0
0
0
0
-4.9697
0
0
0
0
0
0
0
0
0
0
0
0
-0.85233
-0.80961
-0.84397
-0.81971
-0.774
-0.86806
-0.77985
-0.82312
-0.78867
-0.75741
-0.8482
-0.75741
-0.76026
-0.82939
-0.8216
-0.75995
-0.75997
-0.7651
-0.84229
-0.77385
-0.83894
0
0
0
0
0
0
0
0
0
0
0
0
0
0
0
0
0
0
0
0
0
0
0
0
0
0
19.27
0
0
0
0
0
0
0
0
0
0
0
0
0
0
0
0
0
0
0
-2.3963
0
0
0
0
0
0
0
0
0
0
0
0
0
0
0
0
0
0
0
0
0
0
0
0
0
0
0
0
0
0
0
0
0
0
0
0
0
0
0
0
0
0
0
0
0
0
0
0
0
0
-0.86895
-0.82458
-0.85945
-0.83573
-0.78903
-0.88565
-0.80027
-0.83713
-0.81666
-0.77211
-0.85526
-0.77212
-0.78072
-0.84202
-0.83603
-0.77509
-0.77512
-0.78001
-0.85434
-0.79737
0
0
0
0
0
0
0
0
0
0
0
0
0
0
0
0
0
0
0
0
0
0
0
0
0
0
0
0
21.0547
0
0
0
0
0
0
0
0
0
0
0
0
0
0
0
0
0
0
0
0
0
0
0
0
0
0
0
0
0
0
0
0
0
0
0
0
0
0
0
0
0
0
0
0
0
0
0
0
0
0
-4.697
0
0
0
0
0
0
0
0
0
0
0
0
0
0
0
0
0
0
-0.94512
-0.90332
-0.93758
-0.91131
-0.86415
-0.96135
-0.87764
-0.91527
-0.89452
-0.84701
-0.93715
-0.84702
-0.85775
-0.9211
-0.91628
-0.84935
-0.84938
-0.85449
-0.93589
-0.87255
-0.92934
0
0
0
0
0
0
0
0
0
0
0
0
0
0
0
0
0
0
0
0
0
0
0
0
0
0
0
0
18.8276
0
0
0
0
0
0
0
0
0
0
0
0
0
0
0
0
0
0
0
0
0
0
0
0
0
0
0
0
0
0
0
0
0
0
0
0
0
0
0
0
0
0
0
0
0
0
0
0
0
0
0
0
0
0
0
0
0
0
0
0
0
0
0
0
0
0
0
0
-0.81068
-0.76786
-0.77856
-0.77525
-0.73168
-0.83369
-0.74709
-0.75989
-0.76269
-0.71977
-0.79039
-0.71977
-0.72865
-0.78798
-0.78576
-0.72323
-0.72325
0
0
0
0
0
0
0
0
0
0
0
0
0
0
0
0
0
0
0
0
0
0
0
0
0
0
0
0
0
0
0
0
0
22.3555
0
0
0
0
0
0
0
0
0
0
0
-2.1373
0
-2.8761
0
0
0
0
-2.0026
0
-2.3934
0
0
0
0
0
0
0
0
0
0
0
0
0
0
0
0
0
0
0
0
0
0
0
0
0
0
0
0
0
0
0
0
0
0
0
0
0
0
0
0
0
0
0
0
0
0
-0.88193
-0.83831
-0.87406
-0.84949
-0.80248
-0.89817
-0.81395
-0.85151
-0.82935
-0.78555
-0.86825
-0.78556
-0.79443
-0.85531
-0.84937
-0.78818
-0.78821
-0.79296
-0.86812
0
0
0
0
0
0
0
0
0
0
0
0
0
0
0
0
0
0
0
0
0
0
0
0
0
0
0
0
0
0
0
0
20.2362
0
0
0
0
0
0
0
0
0
0
0
0
0
0
0
0
0
0
0
0
0
0
0
0
0
0
0
0
0
0
0
0
0
0
0
0
0
0
0
0
0
0
0
0
0
-4.421
0
0
0
0
0
0
0
0
0
0
0
0
0
0
0
0
0
0
0
0
-0.84312
-0.80452
-0.84504
-0.80976
-0.76555
-0.86021
-0.77876
-0.82544
-0.79491
-0.74939
-0.83597
-0.7494
-0.76003
-0.82057
-0.81862
-0.75212
-0.75214
-0.75592
0
0
0
0
0
0
0
0
0
-0.77925
0
0
0
0
0
0
0
0
0
0
0
0
0
0
0
0
0
0
0
0
0
0
0
0
18.0834
0
0
0
0
0
0
0
0
0
0
0
0
0
0
0
-2.9827
0
0
0
0
0
0
0
0
0
0
0
0
0
0
0
0
0
0
0
0
0
0
0
0
0
0
0
0
0
0
0
0
0
0
0
0
0
0
0
0
0
0
0
0
0
0
0
0
0
-0.83946
-0.79643
-0.8267
-0.80618
-0.77042
-0.86782
-0.78387
-0.81294
-0.80009
-0.75458
-0.83785
-0.75459
-0.76525
-0.81491
-0.81884
-0.75815
-0.75816
-0.76398
0
0
0
0
0
0
0
0
0
0
0
0
0
0
0
0
0
0
0
0
0
0
0
0
0
0
0
0
0
0
0
0
0
0
0
21.5889
0
0
0
0
0
0
0
0
0
0
0
0
0
0
0
0
-3.2815
0
0
0
0
0
0
0
0
0
0
0
0
0
0
0
0
0
0
0
0
0
0
0
0
0
0
0
0
0
0
0
0
0
-3.9773
0
0
0
0
0
0
0
0
0
0
0
0
0
-0.86
-0.81914
-0.84743
-0.82626
-0.78209
-0.8784
-0.79573
-0.82718
-0.81247
-0.76585
-0.85356
-0.76586
-0.77689
-0.83675
-0.83386
-0.76919
-0.76922
0
0
0
0
0
0
0
0
0
0
0
0
0
0
0
0
0
0
0
0
0
0
0
0
0
0
0
0
0
0
0
0
0
0
0
0
0
18.2506
0
0
0
0
0
0
0
0
0
0
0
0
0
0
0
0
0
0
0
0
0
-3.3563
0
0
0
0
-1.0745
0
0
0
0
0
0
0
0
0
0
0
0
0
0
0
0
0
0
0
0
0
0
0
0
0
0
0
0
0
0
0
0
0
0
0
0
-0.97133
-0.93043
-0.96491
-0.93816
-0.89115
-0.98769
-0.90493
-0.94286
-0.92227
-0.87396
-0.96441
-0.87397
-0.885
-0.94778
-0.94417
-0.87548
-0.8755
-0.87987
0
0
0
0
0
0
0
0
0
0
0
0
0
0
0
0
0
0
0
0
0
0
0
0
0
0
0
0
0
0
0
0
0
0
0
0
0
16.5739
0
0
0
0
0
0
0
0
0
0
0
0
0
0
0
0
0
0
0
0
0
0
0
0
0
0
0
0
0
0
0
0
0
0
0
0
0
0
0
0
0
0
0
0
0
0
0
0
0
0
0
0
0
0
0
0
0
0
0
0
0
0
-0.90734
-0.86299
-0.89915
-0.87545
-0.82887
-0.92354
-0.842
-0.87724
-0.84636
-0.8114
-0.89547
-0.81141
-0.82236
-0.88262
-0.87482
-0.81386
-0.81388
0
0
0
0
0
0
0
0
0
0
0
0
0
0
0
0
0
0
0
0
0
0
0
0
0
0
0
0
0
0
0
0
0
0
0
0
0
0
0
17.3603
0
0
0
0
0
0
0
0
0
0
0
0
0
0
0
0
-2.7715
0
0
0
0
0
0
0
0
0
0
0
0
0
0
0
0
0
0
0
0
0
0
0
0
0
0
0
0
0
0
0
0
0
0
0
0
0
0
0
0
0
0
0
0
-1.0404
-0.99827
-1.0342
-1.0066
-0.95812
-1.0573
-0.97243
-1.0116
-0.99009
-0.94043
-1.0336
-0.94043
-0.95184
-1.0167
-1.0122
-0.94276
-0.94279
-0.94762
0
0
0
0
0
0
0
0
0
0
0
0
0
0
0
0
0
0
0
0
0
0
0
0
0
0
0
0
0
0
0
0
0
0
0
0
0
0
0
17.7973
0
0
0
0
0
0
0
0
0
0
0
0
0
0
0
0
0
0
0
0
0
0
0
0
0
0
0
0
0
0
0
0
0
0
0
0
0
0
0
0
0
0
0
0
0
0
0
0
0
0
0
0
0
0
0
0
0
0
0
0
-1.2673
-1.2279
-1.2666
-1.2369
-1.1862
-1.285
-1.202
-1.2427
-1.2204
-1.1667
0
-1.1667
-1.1786
0
-1.2421
0
0
0
0
0
0
0
0
0
0
0
0
0
0
0
0
0
0
0
0
0
0
0
0
0
0
0
0
0
0
0
0
0
0
0
0
0
0
0
0
0
0
0
15.8892
0
0
0
0
0
0
0
0
0
0
0
0
0
0
0
0
0
0
0
0
0
0
0
0
0
0
0
0
0
0
0
0
0
0
0
0
0
0
0
0
0
0
0
0
0
0
0
0
0
0
0
0
0
0
0
0
0
0
0
-1.1616
-1.1237
-1.1533
-1.128
-1.0787
-1.1805
-1.094
-1.1304
-1.1131
-1.0603
0
-1.0603
0
0
0
0
0
0
0
0
0
0
0
0
0
0
0
0
0
0
0
0
0
0
0
0
0
0
0
0
0
0
0
0
0
0
0
0
0
0
0
0
0
0
0
0
0
0
0
14.9897
0
0
0
0
0
0
0
0
0
0
0
0
0
0
0
0
0
0
0
0
0
0
0
0
0
0
0
0
-2.7057
0
0
0
0
0
0
0
0
0
0
0
0
0
0
0
0
0
0
0
0
0
0
0
0
0
0
0
0
0
-1.7525
-1.7432
-1.7687
-1.7407
-1.6909
0
0
0
0
0
0
0
0
0
0
0
0
0
0
0
0
0
0
0
0
0
0
-1.6627
0
0
0
0
0
0
0
0
0
0
0
0
0
0
0
0
0
0
0
0
0
0
0
0
0
0
0
0
0
0
0
0
13.2069
0
0
0
0
0
0
0
0
0
0
-2.8482
0
0
0
0
0
0
0
0
0
0
0
0
0
0
0
0
0
0
0
0
0
0
0
0
0
0
0
0
0
0
0
0
0
0
0
0
0
0
0
0
0
0
0
0
0
0
-1.8858
-1.8738
-1.9003
-1.871
0
0
0
0
0
0
0
0
0
-1.8769
0
0
0
0
0
0
0
0
0
0
0
0
0
0
0
0
0
0
0
0
0
0
0
0
0
0
0
0
0
0
0
0
0
0
0
0
0
0
0
0
0
0
0
0
0
0
0
12.3377
0
0
0
0
0
0
0
0
-2.9299
0
0
0
0
0
0
0
0
0
0
0
0
0
0
0
0
0
0
0
0
0
0
0
0
0
0
0
0
0
0
0
0
0
0
0
0
0
0
0
0
0
0
0
0
0
0
0
0
0
0
0
0
0
0
0
0
0
0
0
0
0
0
0
0
0
-2.2689
0
0
0
0
-2.2342
0
0
0
0
0
0
0
0
0
0
0
0
0
0
0
0
0
0
0
0
0
0
0
0
0
0
-2.1373
0
0
0
0
0
0
0
0
0
0
0
12.3123
0
0
0
0
0
-3.2163
0
0
0
0
0
0
0
0
0
0
0
0
0
0
0
0
0
0
0
0
0
-2.4557
0
0
0
0
0
0
0
0
0
0
0
0
0
0
0
0
0
0
0
0
0
0
0
0
0
0
0
0
0
0
0
0
0
-2.0539
0
0
0
0
0
-2.026
0
0
0
0
0
0
-2.0239
0
0
0
0
0
0
0
0
0
0
0
0
0
0
0
0
0
0
0
0
0
0
0
0
0
0
0
0
0
0
0
0
0
0
0
0
0
0
0
0
0
0
0
11.7588
0
0
0
-2.4746
0
0
0
0
0
0
0
-3.1803
0
0
0
0
0
0
0
0
0
0
0
0
0
0
0
0
0
0
0
0
0
0
0
0
0
0
0
0
0
0
0
0
0
0
0
0
0
0
0
0
0
0
0
0
0
0
0
0
0
0
0
0
0
0
0
0
0
0
0
0
0
0
0
0
0
0
0
0
0
0
0
0
0
0
0
0
0
0
0
0
0
0
0
0
0
0
0
0
0
0
0
0
-2.8761
0
0
0
0
0
0
0
0
0
0
0
0
0
15.2628
0
0
0
0
0
0
0
0
0
0
0
0
0
0
0
-4.0835
0
0
-4.268
0
0
-4.0352
0
0
0
0
0
0
0
0
0
0
0
0
0
0
0
0
0
0
0
0
0
0
0
0
0
0
0
0
0
0
0
-2.4627
-2.5112
-2.5263
-2.498
0
0
0
0
0
0
0
0
0
0
0
0
0
0
0
0
0
0
0
0
0
0
0
0
0
0
0
0
0
0
0
0
0
0
0
0
0
0
0
0
0
0
0
0
0
0
0
0
0
0
0
0
0
0
0
0
0
0
0
0
0
9.9982
0
0
0
0
0
0
0
0
0
0
0
0
0
0
0
0
0
0
0
0
0
0
0
0
0
0
0
0
0
0
0
0
0
0
0
0
0
0
0
0
0
0
0
0
0
0
0
0
0
0
0
0
0
0
0
0
0
0
0
0
0
0
0
0
0
0
0
0
0
0
0
0
0
-2.3151
0
0
0
0
0
0
-2.4383
0
0
0
0
0
0
0
0
0
0
0
0
0
0
0
0
0
0
0
0
0
0
0
0
0
0
0
0
0
0
0
0
0
0
0
0
0
13.0901
0
-4.0606
0
0
0
0
0
0
0
0
-4.2762
0
0
0
0
0
0
0
0
0
0
0
0
0
0
0
0
0
0
0
0
0
0
0
0
0
0
0
0
0
0
0
0
0
0
0
0
0
0
0
0
0
0
0
0
0
0
0
0
-2.5299
0
0
0
0
0
0
0
0
0
0
0
0
0
0
0
0
0
0
0
0
0
0
0
0
0
0
0
0
0
0
0
0
0
0
0
0
0
0
-2.3963
0
0
0
0
0
0
0
0
0
0
0
0
0
0
0
-2.4746
0
0
0
10.6766
0
0
0
0
0
-3.2757
0
0
0
0
0
0
0
0
0
0
0
0
0
0
0
0
0
0
0
0
0
0
0
0
0
0
0
0
0
0
0
0
0
0
0
0
0
0
0
0
0
0
0
0
0
0
0
0
0
0
0
0
0
0
0
0
0
0
0
0
0
0
0
0
0
0
0
0
0
0
0
0
0
0
0
0
0
0
0
0
0
0
0
0
0
0
0
0
0
0
0
0
0
0
0
0
-2.9827
0
0
0
0
0
0
0
0
0
-3.2163
0
0
0
-4.0606
0
15.8789
0
0
0
0
0
0
0
0
0
0
0
0
0
0
0
0
0
0
0
0
0
0
0
0
0
0
0
-5.6194
0
0
0
0
0
0
0
0
0
0
0
0
0
0
0
0
0
0
0
0
0
0
0
0
0
0
0
0
0
0
0
-2.1568
0
0
0
0
0
0
0
0
0
0
0
0
0
0
0
0
0
0
0
0
0
0
0
0
0
0
0
0
0
0
0
0
0
0
0
0
0
0
0
-2.0026
0
0
0
0
0
0
0
0
0
0
0
0
0
0
0
0
0
0
10.1902
0
0
-2.9524
-3.0785
0
0
0
0
0
0
0
0
0
0
0
0
0
0
0
0
0
0
0
0
0
0
0
0
0
0
0
0
0
0
0
0
0
0
0
0
0
0
0
0
0
0
0
0
0
0
0
0
0
0
0
0
0
0
0
0
0
0
0
0
0
0
0
0
0
0
0
0
0
0
0
0
0
0
0
0
0
0
0
0
0
0
0
0
0
0
0
0
0
0
0
0
0
0
0
0
0
-3.2815
0
0
0
0
0
0
0
-2.9299
0
0
0
0
0
0
0
0
13.9921
0
0
0
0
0
0
0
-3.8854
-3.8952
0
0
0
0
0
0
0
0
0
0
0
0
0
0
0
0
0
0
0
0
0
0
0
0
0
0
0
0
0
0
0
0
0
0
0
0
0
0
0
0
0
0
0
0
0
0
0
0
0
0
0
0
0
0
0
0
0
0
0
0
0
0
0
0
0
0
0
0
0
0
0
0
0
0
0
0
0
0
0
0
0
0
0
0
0
0
0
0
-2.3934
0
0
0
0
0
0
0
0
0
-2.8482
0
0
0
0
0
0
0
0
0
0
9.8609
0
0
0
0
0
0
0
0
0
0
0
0
0
0
0
0
0
0
0
0
0
0
0
0
0
0
-4.6193
0
0
0
0
0
0
0
0
0
0
0
0
0
0
0
0
0
0
0
0
0
0
0
0
0
0
0
0
0
0
0
0
0
0
0
0
0
0
0
0
0
0
0
0
0
0
0
0
0
0
0
-1.1839
0
0
0
0
0
0
0
0
0
0
0
0
0
0
0
0
0
0
0
0
0
0
0
0
0
0
0
0
0
0
0
0
0
0
0
0
-2.9524
0
0
7.9199
0
0
0
0
0
0
0
0
0
0
0
0
0
0
0
0
0
0
0
0
0
0
0
0
0
0
0
0
0
0
-3.7836
0
0
0
0
0
0
0
0
0
0
0
0
0
0
0
0
0
0
0
0
0
0
0
0
0
0
0
0
0
0
0
0
0
0
0
0
0
0
0
0
0
0
0
0
0
0
0
0
0
0
0
0
0
0
0
0
0
0
0
0
0
0
0
0
0
0
0
0
0
0
-2.7715
0
0
0
0
0
0
0
0
0
0
-3.2757
0
-3.0785
0
0
0
9.1257
0
0
0
0
0
0
0
0
0
0
0
0
0
0
0
0
0
0
0
0
0
0
0
0
0
0
0
0
0
0
0
0
0
0
0
0
0
0
0
0
0
0
0
0
0
0
0
0
0
0
0
0
0
0
0
0
0
0
0
0
0
0
0
0
0
0
0
0
0
0
0
0
0
0
0
0
0
0
0
0
0
-4.7693
0
0
0
0
0
0
0
0
-4.3054
0
0
0
0
0
0
0
0
0
0
0
0
0
0
0
0
0
0
0
0
0
0
0
0
0
0
0
15.0577
0
0
0
0
0
0
0
0
0
0
0
0
0
0
0
0
0
0
0
0
0
0
0
0
0
0
0
0
0
0
0
0
0
0
0
0
0
0
0
0
0
0
-5.983
0
0
0
0
0
0
0
0
0
0
0
0
0
0
0
0
0
0
0
0
0
0
0
0
0
-3.1226
0
0
0
0
0
0
0
0
0
0
0
0
0
0
0
0
0
0
0
0
0
0
0
0
0
0
0
0
0
0
0
0
0
0
0
0
0
-3.1803
0
0
0
0
0
0
0
0
0
0
0
6.9094
0
0
0
0
0
0
0
0
0
0
0
0
0
0
0
0
0
0
0
0
0
0
0
0
0
0
0
0
0
0
0
-0.6065
0
0
0
0
0
0
0
0
0
0
0
0
0
0
0
0
0
0
0
0
0
0
0
0
0
0
0
0
0
0
0
0
0
0
0
0
0
0
0
0
0
0
-3.7629
0
0
0
0
0
0
0
0
0
0
0
0
0
0
0
0
0
0
0
0
0
-3.3563
0
0
0
0
0
0
0
0
0
0
0
0
0
0
0
0
0
0
0
0
0
11.8861
0
0
0
0
0
0
0
0
0
0
0
0
0
0
0
0
0
0
0
0
0
0
0
0
0
-4.767
0
0
0
0
0
0
0
0
0
0
0
0
0
0
0
0
0
0
0
0
0
0
0
0
0
0
0
0
0
0
0
0
0
0
0
0
0
0
0
0
0
0
0
0
0
0
0
0
0
0
0
0
0
0
0
0
0
0
0
0
0
0
0
0
0
0
0
0
0
0
0
0
0
0
0
0
0
0
0
0
0
-4.2762
0
0
0
0
0
0
0
0
0
0
8.58
0
0
0
0
0
-4.3038
0
0
0
0
0
0
0
0
0
0
0
0
0
0
0
0
0
0
0
0
0
0
0
0
0
0
0
0
0
0
0
0
0
0
0
0
0
0
0
0
0
0
0
0
0
0
0
0
0
0
0
0
0
0
0
0
0
0
0
0
0
0
0
0
0
0
0
0
0
0
0
0
0
0
0
0
0
0
0
0
0
0
0
0
0
0
0
0
0
0
0
0
0
0
0
0
0
0
0
0
0
0
0
0
-3.8854
0
0
0
0
0
0
0
7.935
0
0
0
0
0
0
0
0
0
0
0
0
0
0
0
-4.0496
0
0
0
0
0
0
0
0
0
0
0
0
0
0
0
0
0
0
0
0
0
0
0
0
0
0
0
0
0
0
0
0
0
0
0
0
0
0
0
0
0
0
0
0
0
0
0
0
0
0
0
0
0
0
0
0
0
0
0
0
0
0
0
0
0
0
0
0
0
0
0
0
0
0
0
0
0
0
0
0
0
0
0
0
0
0
0
0
0
0
0
0
0
-3.8952
0
0
0
0
0
0
0
0
7.8747
0
0
0
0
0
0
0
0
0
-3.9794
0
0
0
0
0
0
0
0
0
0
0
0
0
0
0
0
0
0
0
0
0
0
0
0
0
0
0
0
0
0
0
0
0
0
0
-5.064
0
0
0
0
0
0
0
0
0
0
0
0
0
0
0
0
0
0
0
0
0
0
0
0
0
0
0
0
0
0
0
0
0
0
0
0
0
0
0
0
0
0
0
0
0
0
0
0
0
0
0
0
0
0
0
0
-4.0835
0
0
0
0
0
0
0
0
0
0
0
0
0
0
0
9.1476
0
0
0
0
0
0
0
0
0
0
0
0
0
0
0
0
0
0
0
0
0
0
0
0
0
0
0
0
0
0
0
0
0
0
0
0
0
0
0
0
0
0
0
0
0
0
0
0
0
0
0
0
0
0
0
0
0
0
0
0
0
0
0
0
0
0
0
0
0
0
0
0
0
0
0
0
0
0
0
0
0
0
0
0
0
0
0
0
0
0
0
-1.0745
0
0
0
0
0
0
0
0
0
0
0
0
0
0
0
0
0
0
0
0
0
0
0
0
0
0
5.8776
0
0
0
0
0
-4.8031
0
0
0
0
0
0
0
0
0
0
0
0
0
0
0
0
0
0
0
0
0
0
0
0
0
0
0
0
0
0
0
0
0
0
0
0
0
0
0
0
0
0
0
0
0
0
0
0
0
0
0
0
0
0
0
0
0
0
0
0
0
0
0
0
0
0
0
0
0
0
0
0
0
0
0
0
0
0
0
0
0
0
0
0
0
0
0
0
0
0
0
0
0
0
0
0
0
0
0
0
0
0
0
0
0
0
0
0
0
0
0
0
8.7319
0
0
0
0
0
-4.4954
0
0
0
-4.2365
0
0
0
0
0
0
0
0
0
0
0
0
0
0
0
0
0
0
0
0
0
0
0
0
0
0
0
0
0
0
0
0
0
0
0
0
0
0
0
0
0
0
0
0
0
0
0
0
0
0
0
0
0
0
0
0
0
0
0
0
0
0
0
0
0
0
0
0
0
0
0
0
0
0
0
0
0
0
0
0
0
0
0
0
0
0
0
0
0
-4.268
0
0
0
0
0
0
0
0
0
0
0
0
-4.3038
0
0
0
0
0
8.5718
0
0
0
0
0
0
0
0
0
0
0
0
0
0
0
0
0
0
0
0
0
0
0
0
0
0
0
0
0
0
0
0
0
0
0
0
0
0
0
0
0
0
0
0
0
0
0
0
0
0
0
0
0
0
0
0
0
0
0
0
0
0
0
0
0
0
0
0
0
0
0
0
0
0
0
0
0
0
0
-4.863
0
0
0
0
0
0
0
0
0
0
0
0
0
0
0
0
0
0
0
0
0
0
0
0
0
0
0
0
0
0
0
0
0
0
0
0
0
0
8.9721
0
0
0
0
0
0
-4.1091
0
0
0
0
0
0
0
0
0
0
0
0
0
0
0
0
0
0
0
0
0
0
0
0
0
0
0
0
0
0
0
0
0
0
0
0
0
0
0
0
0
0
0
0
0
0
0
-5.0011
0
0
0
0
0
0
0
0
0
0
0
0
0
0
0
0
0
0
0
0
0
0
0
0
0
0
0
0
0
0
0
0
0
0
0
0
0
0
0
0
0
0
0
0
0
0
0
0
0
0
0
0
0
0
0
0
0
0
0
0
0
0
0
9.1149
0
0
0
0
0
-4.1138
0
0
0
0
0
0
0
0
0
0
0
0
0
0
0
0
0
0
0
0
0
0
0
0
0
0
0
0
-5.1076
0
0
0
0
0
0
0
0
0
0
0
0
0
0
0
0
0
0
0
0
0
0
0
0
0
0
0
0
0
0
0
0
0
0
0
0
0
0
0
0
0
0
0
0
0
0
0
0
0
0
0
0
0
0
0
0
0
0
0
0
0
-4.0352
0
0
0
0
0
0
0
0
0
0
0
0
0
0
0
0
0
0
0
0
0
9.1428
0
0
0
0
0
0
0
0
0
0
0
0
0
0
0
0
0
0
0
0
0
0
0
0
0
0
0
0
0
0
0
0
0
0
0
0
0
0
0
0
0
0
0
0
0
0
0
0
0
0
0
0
0
0
0
0
0
0
0
0
0
0
0
0
0
0
0
0
0
0
0
0
0
0
0
0
0
0
0
0
0
0
0
0
0
0
0
0
0
0
0
0
0
0
0
0
0
0
0
0
0
0
0
0
0
0
0
0
0
0
0
0
-4.8031
0
0
0
0
0
9.3559
0
0
-4.5528
0
0
0
0
0
0
0
0
0
0
0
0
0
0
0
0
0
0
0
0
0
0
0
0
0
0
0
0
0
0
0
0
0
0
0
0
0
0
0
0
0
0
0
0
0
0
0
0
0
0
0
0
0
0
0
0
0
0
0
0
0
0
0
0
0
0
0
0
0
0
0
0
0
0
0
0
0
0
0
0
0
0
0
0
0
0
-2.7057
0
0
0
0
0
0
0
0
0
0
0
0
0
0
0
0
0
0
0
0
0
0
-4.4954
0
0
0
0
0
7.2011
0
0
0
0
0
0
0
0
0
0
0
0
0
0
0
0
0
0
0
0
0
0
0
0
0
0
0
0
0
0
0
0
0
0
0
0
0
0
0
0
0
0
0
0
0
0
0
0
0
0
0
0
0
0
0
0
0
0
0
0
0
0
0
0
0
0
0
-4.6184
0
0
0
0
0
0
0
0
0
0
0
0
0
0
0
0
0
0
0
0
0
0
0
0
0
0
0
0
0
0
0
0
0
0
0
0
0
0
0
0
-3.9794
0
0
0
0
0
0
0
0
0
8.5978
0
0
0
0
0
0
0
0
0
0
0
0
0
0
0
0
0
0
0
0
0
0
0
0
0
0
0
0
0
0
0
0
0
0
0
0
0
0
0
0
0
0
0
0
0
0
0
0
0
0
0
0
0
0
0
0
0
0
0
0
0
0
0
0
0
0
0
0
0
0
0
0
0
0
0
0
0
0
0
0
0
0
0
0
0
0
0
0
0
0
-2.4557
0
0
0
0
0
0
0
0
0
0
0
0
0
0
0
0
0
0
0
0
0
0
0
0
-4.5528
0
0
7.0085
0
0
0
0
0
0
0
0
0
0
0
0
0
0
0
0
0
0
0
0
0
0
0
0
0
0
0
0
0
0
0
0
0
0
0
0
0
0
0
0
0
0
0
0
0
0
0
0
0
0
0
0
0
0
0
0
0
0
0
0
0
0
0
0
0
0
0
0
0
0
0
0
0
0
0
0
0
0
0
0
0
0
0
0
0
0
0
0
0
0
0
0
0
0
0
0
0
0
0
0
0
0
0
0
0
0
0
0
0
0
0
-4.1091
-4.1138
0
0
0
0
0
8.2229
0
0
0
0
0
0
0
0
0
0
0
0
0
0
0
0
0
0
0
0
0
0
0
0
0
0
0
0
0
0
0
0
0
0
0
0
0
0
0
0
0
0
0
0
0
0
0
0
0
0
0
0
0
0
0
0
0
0
0
0
0
0
0
0
0
0
0
0
-2.8536
0
0
0
0
0
0
0
0
0
0
0
0
0
0
0
0
0
0
0
0
0
0
0
0
0
0
0
0
0
0
0
0
0
0
0
0
0
0
0
-4.2365
0
0
0
0
0
0
0
0
0
7.0901
0
0
0
0
0
0
0
0
0
0
0
0
0
0
0
0
0
0
0
0
0
0
0
0
0
0
-4.9011
0
0
0
0
0
0
0
0
0
0
0
0
-4.8356
0
0
0
0
0
0
0
0
0
0
0
0
0
0
0
0
0
0
0
0
0
0
0
0
0
0
0
0
0
0
0
0
0
0
0
0
0
0
0
0
0
0
0
0
0
0
0
0
0
0
0
0
0
0
0
0
0
0
0
0
0
0
0
0
0
0
0
0
0
0
0
0
0
0
0
0
0
0
9.7367
0
0
0
0
0
0
0
0
0
0
0
0
0
0
0
0
0
0
0
0
0
0
0
0
0
0
0
0
0
0
0
0
0
0
0
0
0
0
0
0
0
0
0
0
0
0
0
0
0
0
0
-4.5721
0
0
0
0
0
0
0
0
0
0
0
0
0
0
0
0
0
0
0
0
0
0
0
0
0
0
0
0
0
0
0
0
0
0
0
0
0
0
0
0
0
0
0
0
0
0
0
0
0
0
-4.0496
0
0
0
0
0
0
0
0
0
0
0
0
0
0
0
8.6217
0
0
0
0
0
0
0
0
0
0
0
0
0
0
0
0
0
0
0
0
0
0
0
0
0
0
0
0
0
0
0
0
0
0
0
0
0
0
0
0
0
0
0
0
0
0
0
0
0
0
0
0
0
0
0
0
0
0
0
0
0
0
0
0
0
0
-5.266
0
0
0
0
0
0
0
0
0
0
0
0
0
0
0
0
0
0
0
0
0
0
0
0
0
0
0
0
0
0
0
0
0
0
0
0
0
0
0
0
0
0
0
0
0
0
0
0
0
0
0
5.266
0
0
0
0
0
0
0
0
0
0
0
0
0
0
0
0
0
0
0
0
0
0
0
0
0
0
0
0
0
0
0
0
0
0
0
0
0
0
0
0
0
0
0
0
0
0
0
0
0
0
0
0
0
0
0
0
0
0
0
0
0
0
0
0
0
0
0
0
0
0
0
0
0
0
0
0
0
0
0
0
0
0
0
0
0
0
0
0
0
0
-5.6194
0
0
0
0
0
0
0
0
0
0
0
0
0
0
0
0
0
0
0
0
0
0
0
0
0
0
0
5.6194
0
0
0
0
0
0
0
0
0
0
0
0
0
0
0
0
0
0
0
0
0
0
0
0
0
0
0
0
0
0
0
0
0
0
0
0
0
0
0
0
0
0
0
0
0
0
0
0
0
0
0
0
0
0
0
0
0
0
0
0
0
0
0
0
0
0
0
0
0
0
0
0
-4.421
0
0
0
0
0
0
0
0
0
0
0
0
0
0
0
0
0
0
0
0
0
0
0
0
0
0
0
0
0
0
0
0
0
0
0
0
0
0
0
0
0
0
0
0
0
4.421
0
0
0
0
0
0
0
0
0
0
0
0
0
0
0
0
0
0
0
0
0
0
0
0
0
0
0
0
0
0
0
0
0
0
0
0
0
0
0
0
0
0
0
0
0
0
0
0
0
0
0
0
0
0
0
0
0
0
0
0
0
0
0
0
0
0
0
0
0
0
0
0
0
0
0
0
0
0
0
0
0
0
0
0
0
0
0
0
0
0
0
-4.6193
0
0
0
0
0
0
0
0
0
0
0
0
0
0
0
0
0
0
0
0
0
0
0
0
0
0
4.6193
0
0
0
0
0
0
0
0
0
0
0
0
0
0
0
0
0
0
0
0
0
0
0
0
0
0
0
0
0
0
0
0
0
0
0
0
0
0
0
0
0
0
0
0
0
0
0
0
0
0
0
0
0
0
0
0
0
0
0
0
0
0
0
0
0
0
0
-4.697
0
0
0
0
0
0
0
0
0
0
0
0
0
0
0
0
0
0
0
0
0
0
0
0
0
0
0
0
0
0
0
0
0
0
0
0
0
0
0
0
0
0
0
0
0
0
0
0
0
0
4.697
0
0
0
0
0
0
0
0
0
0
0
0
0
0
0
0
0
0
0
0
0
0
0
0
0
0
0
0
0
0
0
0
0
0
0
0
0
0
0
0
0
0
0
0
0
0
0
0
0
0
0
0
0
0
0
0
0
0
-5.9758
0
0
0
0
0
0
0
0
0
0
0
0
0
0
0
0
0
0
0
0
0
0
0
0
0
0
0
0
0
0
0
0
0
0
0
0
0
0
0
0
0
0
0
0
0
0
0
0
0
0
0
0
0
0
0
0
0
0
0
5.9758
0
0
0
0
0
0
0
0
0
0
0
0
0
0
0
0
0
0
0
0
0
0
0
0
0
0
0
0
0
0
0
0
0
0
0
0
0
0
0
0
0
0
0
0
0
-7.3233
0
0
0
0
0
0
0
0
0
0
0
0
0
0
0
0
0
0
0
0
0
0
0
0
0
0
0
0
0
0
0
0
0
0
0
0
0
0
0
0
0
0
0
0
0
0
0
0
0
0
0
0
0
0
0
0
0
0
0
0
0
0
0
0
0
0
0
0
0
0
0
0
7.3233
0
0
0
0
0
0
0
0
0
0
0
0
0
0
0
0
0
0
0
0
0
0
0
0
0
0
0
0
0
0
0
0
0
0
0
0
0
0
0
0
0
0
0
0
0
0
0
0
0
0
0
0
0
0
0
0
0
0
0
0
0
0
0
0
0
0
0
0
0
0
0
0
0
0
0
0
0
0
0
0
0
0
0
0
0
0
0
0
0
0
0
0
-4.767
0
0
0
0
0
0
0
0
0
0
0
0
0
0
0
0
0
0
0
0
0
0
0
0
0
4.767
0
0
0
0
0
0
0
0
0
0
0
0
0
0
0
0
0
0
0
0
0
0
0
0
0
0
0
0
0
0
0
0
0
0
0
0
0
0
0
0
0
0
0
0
0
0
0
0
0
0
0
0
0
0
0
0
0
0
0
0
0
0
0
0
0
0
0
0
0
0
0
0
0
0
0
0
0
0
0
0
0
0
0
0
0
0
0
-3.7836
0
0
0
0
0
0
0
0
0
0
0
0
0
0
0
0
0
0
0
0
0
0
0
0
0
0
0
0
0
0
3.7836
0
0
0
0
0
0
0
0
0
0
0
0
0
0
0
0
0
0
0
0
0
0
0
0
0
0
0
0
0
0
0
0
0
0
0
0
0
0
0
0
0
0
0
0
0
0
0
0
0
0
0
0
0
0
0
0
0
0
0
0
0
0
0
0
0
0
0
-3.9773
0
0
0
0
0
0
0
0
0
0
0
0
0
0
0
0
0
0
0
0
0
0
0
0
0
0
0
0
0
0
0
0
0
0
0
0
0
0
0
0
0
0
0
0
0
0
0
0
0
0
3.9773
0
0
0
0
0
0
0
0
0
0
0
0
0
0
0
0
0
0
0
0
0
0
0
0
0
0
0
0
0
0
0
0
0
0
0
0
0
0
0
0
0
0
0
0
0
0
0
0
0
0
0
0
0
0
0
0
0
0
0
-4.9697
0
0
0
0
0
0
0
0
0
0
0
0
0
0
0
0
0
0
0
0
0
0
0
0
0
0
0
0
0
0
0
0
0
0
0
0
0
0
0
0
0
0
0
0
0
0
0
0
0
0
0
0
0
0
0
0
0
0
4.9697
0
0
0
0
0
0
0
0
0
0
0
0
0
0
0
0
0
0
0
0
0
0
0
0
0
0
0
0
0
0
-7.2913
0
0
0
0
0
0
0
0
0
0
0
0
0
0
0
0
0
0
0
0
0
0
0
0
0
0
0
0
0
0
0
0
0
0
0
0
0
0
0
0
0
0
0
0
0
0
0
0
0
0
0
0
0
0
0
0
0
0
0
0
0
0
0
0
0
0
0
0
0
0
0
0
0
0
0
0
0
0
0
0
0
0
0
0
0
0
0
7.2913
0
0
0
0
0
0
0
0
0
0
0
0
0
0
0
0
0
0
0
0
0
0
0
0
0
0
0
0
0
0
0
0
0
0
0
0
0
0
0
0
0
0
0
0
0
0
0
0
0
0
0
0
0
0
0
0
0
0
0
0
0
0
0
0
0
0
0
0
0
0
0
0
0
0
0
0
0
0
0
0
0
0
0
0
0
0
-0.6065
0
0
0
0
0
0
0
0
0
0
0
0
0
0
0
0
0
0
0
0
0
0
0
0
0
0
0
0
0
0
0
0.6065
0
0
0
0
0
0
0
0
0
0
0
0
0
0
0
-8.4838
0
0
0
0
0
0
0
0
0
0
0
0
0
0
0
0
0
0
0
0
0
0
0
0
0
0
0
0
0
0
0
0
0
0
0
0
0
0
0
0
0
0
0
0
0
0
0
0
0
0
0
0
0
0
0
0
0
0
0
0
0
0
0
0
0
0
0
0
0
0
0
0
0
0
0
0
0
0
0
0
0
0
0
0
0
0
0
0
0
0
0
0
0
0
0
0
0
0
0
0
0
0
8.4838
0
0
0
0
0
0
0
0
0
0
0
0
0
0
0
0
0
0
0
0
0
0
0
0
0
0
0
0
0
0
-7.1754
0
0
0
0
0
0
0
0
0
0
0
0
0
0
0
0
0
0
0
0
0
0
0
0
0
0
0
0
0
0
0
0
0
0
0
0
0
0
0
0
0
0
0
0
0
0
0
0
0
0
0
0
0
0
0
0
0
0
0
0
0
0
0
0
0
0
0
0
0
0
0
0
0
0
0
0
0
0
0
0
0
0
0
0
0
0
0
7.1754
0
0
0
0
0
0
0
0
-8.2732
0
0
0
0
0
0
0
0
0
0
0
0
0
0
0
0
0
0
0
0
0
0
0
0
0
0
0
0
0
0
0
0
0
0
0
0
0
0
0
0
0
0
0
0
0
0
0
0
0
0
0
0
0
0
0
0
0
0
0
0
0
0
0
0
0
0
0
0
0
0
0
0
0
0
0
0
0
0
0
0
0
0
0
0
0
0
0
0
0
0
0
0
0
0
0
0
0
0
0
0
0
0
0
0
0
0
0
0
0
8.2732
0
0
0
0
0
0
0
0
0
0
0
0
0
0
0
0
0
0
0
0
0
0
0
0
0
0
0
0
0
0
0
0
0
0
0
0
0
0
0
-6.8665
0
0
0
0
0
0
0
0
0
0
0
0
0
0
0
0
0
0
0
0
0
0
0
0
0
0
0
0
0
0
0
0
0
0
0
0
0
0
0
0
0
0
0
0
0
0
0
0
0
0
0
0
0
0
0
0
0
0
0
0
0
0
0
0
0
0
0
0
0
0
0
0
0
0
0
0
0
0
6.8665
0
0
0
0
0
0
0
0
0
0
0
0
0
0
0
0
0
0
0
0
0
0
0
0
0
0
0
0
0
0
0
0
0
0
0
0
0
0
0
0
0
0
0
0
0
0
0
-5.9755
0
0
0
0
0
0
0
0
0
0
0
0
0
0
0
0
0
0
0
0
0
0
0
0
0
0
0
0
0
0
0
0
0
0
0
0
0
0
0
0
0
0
0
0
0
0
0
0
0
0
0
0
0
0
0
0
0
0
0
0
0
0
0
0
0
0
0
0
0
0
5.9755
0
0
0
0
0
0
0
0
0
0
0
0
0
0
0
-7.8622
0
0
0
0
0
0
0
0
0
0
0
0
0
0
0
0
0
0
0
0
0
0
0
0
0
0
0
0
0
0
0
0
0
0
0
0
0
0
0
0
0
0
0
0
0
0
0
0
0
0
0
0
0
0
0
0
0
0
0
0
0
0
0
0
0
0
0
0
0
0
0
0
0
0
0
0
0
0
0
0
0
0
0
0
0
0
0
0
0
0
0
0
0
0
0
0
0
0
0
0
0
0
7.8622
0
0
0
0
0
0
0
0
0
0
0
0
0
0
0
0
0
0
0
0
0
0
0
0
0
0
0
0
0
0
0
0
-7.3233
0
0
0
0
0
0
0
0
0
0
0
0
0
0
0
0
0
0
0
0
0
0
0
0
0
0
0
0
0
0
0
0
0
0
0
0
0
0
0
0
0
0
0
0
0
0
0
0
0
0
0
0
0
0
0
0
0
0
0
0
0
0
0
0
0
0
0
0
0
0
0
0
0
0
0
0
0
0
0
0
0
0
0
0
0
7.3233
0
0
0
0
0
0
0
0
0
0
0
0
0
0
0
0
-7.9321
0
0
0
0
0
0
0
0
0
0
0
0
0
0
0
0
0
0
0
0
0
0
0
0
0
0
0
0
0
0
0
0
0
0
0
0
0
0
0
0
0
0
0
0
0
0
0
0
0
0
0
0
0
0
0
0
0
0
0
0
0
0
0
0
0
0
0
0
0
0
0
0
0
0
0
0
0
0
0
0
0
0
0
0
0
0
0
0
0
0
0
0
0
0
0
0
0
0
0
0
0
7.9321
0
0
0
0
0
0
0
0
0
0
0
0
0
0
0
0
0
0
0
0
0
0
0
0
0
0
0
0
0
0
0
0
0
0
0
0
0
0
0
0
-6.1647
0
0
0
0
0
0
0
0
0
0
0
0
0
0
0
0
0
0
0
0
0
0
0
0
0
0
0
0
0
0
0
0
0
0
0
0
0
0
0
0
0
0
0
0
0
0
0
0
0
0
0
0
0
0
0
0
0
0
0
0
0
0
0
0
0
0
0
0
0
0
0
0
0
0
0
0
0
6.1647
0
0
0
0
0
0
0
0
0
0
0
0
0
0
0
0
0
0
0
0
0
0
0
0
0
0
0
0
0
0
0
0
0
0
0
0
0
0
0
0
0
0
0
0
0
0
0
0
0
0
0
0
0
0
0
0
0
0
0
0
0
0
0
0
0
0
0
0
0
0
0
0
0
0
0
-5.983
0
0
0
0
0
0
0
0
0
0
0
0
0
0
0
0
0
0
0
0
0
0
0
0
0
0
0
0
0
0
0
0
0
0
0
0
0
0
0
0
0
0
5.983
