62.0619
-0.71106
-0.74963
-0.72472
-0.68953
-0.83254
-0.70486
-0.74403
-0.71901
-0.67799
-0.78083
-0.678
-0.68812
-0.76632
-0.73474
-0.68217
-0.6822
-0.6878
-0.77391
-0.70737
-0.75852
-0.80967
-0.71172
-0.74415
-0.71133
-0.71463
-0.72551
-0.72108
-0.85477
-0.78604
-0.7701
-0.77005
-0.85089
-0.76409
-0.73922
-0.74745
-0.74746
-0.80892
-0.89669
-0.85279
-0.89639
-0.89631
-0.78305
-0.83431
-0.81006
-0.90043
-0.95294
-0.85312
-0.86399
-0.94544
-0.80915
-0.88363
-0.84182
-0.84114
-0.86114
-0.97835
-0.90974
-1.0458
-1.2706
-1.1697
-1.759
-1.8998
0
0
0
-2.4795
0
0
0
0
0
0
0
0
0
0
0
0
0
0
0
0
0
0
0
0
0
0
0
0
0
0
0
0
0
0
0
0
0
0
0
0
0
0
0
0
0
0
0
0
-8.3565
0
0
0
0
0
0
0
-0.71106
56.115
-0.70209
-0.69131
-0.65085
-0.74562
-0.66453
-0.7014
-0.67814
-0.6386
-0.72418
-0.6386
-0.64795
-0.70542
-0.6676
-0.64242
-0.64244
-0.64787
-0.72476
-0.6664
-0.71688
-0.76004
-0.67132
-0.70322
-0.67092
-0.6728
-0.68478
-0.68066
-0.80612
-0.74425
-0.72868
-0.72863
-0.8007
-0.72283
-0.69884
-0.70689
-0.70688
-0.7658
-0.84635
-0.8102
-0.84868
-0.8486
-0.74215
-0.78875
-0.76858
-0.85541
-0.90459
-0.80915
-0.81849
-0.90246
-0.76529
-0.83879
-0.80223
-0.79694
-0.81919
-0.93622
-0.8641
-1.0023
-1.23
-1.1306
-1.7498
-1.8876
0
0
0
-2.5299
0
0
0
0
0
0
0
0
0
0
0
0
0
0
0
0
0
0
0
0
0
0
0
0
0
0
0
-4.957
0
0
0
0
0
0
0
0
0
0
0
0
0
0
0
0
0
0
0
0
0
0
0
0
-0.74963
-0.70209
58.2689
-0.71708
-0.67954
-0.78531
-0.69399
-0.72881
-0.70848
-0.66762
-0.75886
-0.66763
-0.67726
-0.73905
-0.73127
-0.67176
-0.67178
-0.67788
-0.75984
-0.69655
-0.74822
-0.7916
-0.70156
-0.73476
-0.70116
-0.70251
-0.71529
-0.70843
-0.83666
-0.77614
-0.76025
-0.76018
-0.83434
-0.7543
-0.72973
-0.73792
-0.73793
-0.79753
-0.8774
-0.8436
-0.88118
-0.8811
-0.77334
-0.82203
-0.80111
-0.8902
-0.93881
-0.8442
-0.85398
-0.9374
-0.77563
-0.87525
-0.84362
-0.82768
-0.84792
-0.97144
-0.90111
-1.0391
-1.2697
-1.1607
-1.7759
-1.9147
0
0
0
-2.5451
0
0
0
0
0
0
0
0
0
0
0
0
0
0
0
0
0
0
0
0
-5.1637
0
0
0
0
0
0
0
0
0
0
0
0
0
0
0
0
0
0
0
0
0
0
0
0
0
0
0
0
0
0
0
-0.72472
-0.69131
-0.71708
51.7294
-0.65617
-0.75873
-0.67124
-0.70395
-0.6855
-0.64528
-0.73433
-0.64529
-0.65486
-0.71867
-0.70842
-0.6499
-0.64992
-0.65552
-0.73634
-0.67482
-0.72542
-0.77417
-0.67952
-0.71084
-0.67912
-0.682
-0.69298
-0.68891
-0.82309
-0.75264
-0.73701
-0.73697
-0.81229
-0.73108
-0.70683
-0.71493
-0.71493
-0.77492
-0.85911
-0.81915
-0.86081
-0.86072
-0.75165
-0.80034
-0.77694
-0.86711
-0.91742
-0.82056
-0.83097
-0.9117
-0.77375
-0.8513
-0.80852
-0.80793
-0.82746
-0.94522
-0.878
-1.012
-1.2406
-1.1361
-1.7485
-1.8859
0
0
0
-2.518
0
0
0
0
0
0
0
0
0
0
0
0
0
0
0
0
0
0
0
0
0
0
0
0
0
0
0
0
0
0
0
0
0
0
0
0
0
0
0
0
0
0
0
0
0
0
0
0
0
0
0
0
-0.68953
-0.65085
-0.67954
-0.65617
44.5918
-0.70934
-0.6249
-0.66215
-0.63954
-0.60405
-0.68699
-0.60405
-0.61151
-0.67312
-0.66192
-0.60836
-0.6084
-0.61293
-0.6887
-0.63089
-0.68022
-0.72824
-0.63561
-0.66586
-0.63522
-0.63761
-0.64838
-0.64131
-0.77018
-0.70613
-0.69095
-0.69089
-0.76187
-0.68512
-0.66153
-0.66943
-0.66943
-0.72671
-0.8061
-0.77082
-0.81065
-0.81058
-0.70577
-0.75186
-0.73
-0.81852
-0.86598
-0.77264
-0.78211
-0.8622
-0.72801
-0.80196
-0.76222
-0.7703
-0.78111
-0.89577
-0.82912
-0.96097
-1.1873
-1.0842
-1.6959
0
0
0
0
0
0
0
0
0
0
0
0
0
0
0
0
0
0
0
0
0
0
0
0
0
0
0
0
0
0
0
0
0
0
0
0
0
0
0
0
0
0
0
0
0
0
0
0
0
0
0
0
0
0
0
0
0
-0.83254
-0.74562
-0.78531
-0.75873
-0.70934
57.2025
-0.72115
-0.75992
-0.7355
-0.69368
-0.79971
-0.69369
-0.70401
-0.78834
-0.75153
-0.69807
-0.6981
-0.70359
-0.79145
-0.72327
-0.77493
-0.82847
-0.72762
-0.76082
-0.72722
-0.73145
-0.74137
-0.74056
-0.87414
-0.80236
-0.78636
-0.78631
-0.86974
-0.78023
-0.75501
-0.76332
-0.76333
-0.82565
-0.91416
-0.86956
-0.91438
-0.91431
-0.80086
-0.85162
-0.82622
-0.91798
-0.97143
-0.8695
-0.88139
-0.96235
-0.83317
-0.90057
-0.8596
-0.87066
-0.8803
-0.99544
-0.92669
-1.0633
-1.2891
-1.1894
0
0
0
0
0
0
0
0
0
0
0
0
0
0
0
0
0
0
0
0
0
0
0
0
0
0
0
0
0
0
0
0
0
0
0
0
0
0
0
0
0
0
0
0
0
0
0
0
-8.568
0
0
0
0
0
0
0
0
0
-0.70486
-0.66453
-0.69399
-0.67124
-0.6249
-0.72115
45.6619
-0.67368
-0.64947
-0.61378
-0.69812
-0.61378
-0.6176
-0.68418
-0.67329
-0.61868
-0.61871
-0.62361
-0.69997
-0.63803
-0.69184
-0.74338
-0.64693
-0.67762
-0.64655
-0.64457
-0.65983
-0.65779
-0.78278
-0.71821
-0.70293
-0.70287
-0.77471
-0.69705
-0.67331
-0.68125
-0.68125
-0.73983
-0.81978
-0.78337
-0.82296
-0.82288
-0.71801
-0.76295
-0.74198
-0.8327
-0.87942
-0.77782
-0.79306
-0.87545
-0.74356
-0.81316
-0.77516
-0.78353
-0.79457
-0.90938
-0.84216
-0.97511
-1.2029
-1.0992
0
0
0
-2.0665
0
0
0
0
0
0
0
0
0
0
0
0
0
0
0
0
0
0
0
0
0
0
0
0
0
0
0
0
0
0
0
0
0
0
0
0
0
0
0
0
0
0
0
0
0
0
0
0
0
0
0
0
0
0
-0.74403
-0.7014
-0.72881
-0.70395
-0.66215
-0.75992
-0.67368
50.8464
-0.68877
-0.64781
-0.73454
-0.64781
-0.65693
-0.72054
-0.7119
-0.65233
-0.65237
-0.65826
-0.73926
-0.67653
-0.72795
-0.77222
-0.68188
-0.71489
-0.68148
-0.68241
-0.69523
-0.69195
-0.81737
-0.7553
-0.73967
-0.73962
-0.81284
-0.73374
-0.70949
-0.7176
-0.71761
-0.77642
-0.85488
-0.82229
-0.85867
-0.85858
-0.7537
-0.80042
-0.78019
-0.87065
-0.9164
-0.82389
-0.83219
-0.91558
-0.75761
-0.85314
-0.82462
-0.81463
-0.8282
-0.94987
-0.87974
-1.0169
-1.2464
-1.1382
0
0
0
0
0
0
0
0
0
0
0
0
0
0
0
0
0
0
0
0
-5.121
0
0
0
0
0
0
0
0
0
0
0
0
0
0
0
0
0
0
0
0
0
0
0
0
0
0
0
0
0
0
0
0
0
0
0
0
0
-0.71901
-0.67814
-0.70848
-0.6855
-0.63954
-0.7355
-0.64947
-0.68877
47.0109
-0.6269
-0.71343
-0.6269
-0.63358
-0.69845
-0.68778
-0.63189
-0.63192
-0.63746
-0.71495
-0.65343
-0.70666
-0.76078
-0.66135
-0.69257
-0.66096
-0.66241
-0.67443
-0.67247
-0.79953
-0.73357
-0.71815
-0.7181
-0.79136
-0.71221
-0.68816
-0.69619
-0.69619
-0.7556
-0.83515
-0.79937
-0.83838
-0.8383
-0.7335
-0.7781
-0.75758
-0.84889
-0.89601
-0.78603
-0.80879
-0.89164
-0.75828
-0.82784
-0.79063
-0.79906
-0.81054
-0.92605
-0.84504
-0.99208
-1.2206
-1.1177
0
0
0
0
0
0
0
-2.5495
0
0
0
0
0
0
0
0
0
0
0
0
0
0
0
0
0
0
0
0
0
0
0
0
0
0
0
0
0
0
0
0
0
0
0
0
0
0
0
0
0
0
0
0
0
0
0
0
0
0
-0.67799
-0.6386
-0.66762
-0.64528
-0.60405
-0.69368
-0.61378
-0.64781
-0.6269
42.0125
-0.67199
-0.56903
-0.60043
-0.65824
-0.64762
-0.59535
-0.59538
-0.59858
-0.67353
-0.61628
-0.66538
-0.71047
-0.62123
-0.65129
-0.62085
-0.62327
-0.63371
-0.63071
-0.75605
-0.69056
-0.6757
-0.67565
-0.74619
-0.66987
-0.64661
-0.65441
-0.65442
-0.71141
-0.79007
-0.75481
-0.79426
-0.79419
-0.69073
-0.736
-0.71435
-0.80252
-0.84968
-0.75648
-0.76567
-0.84547
-0.71695
-0.78544
-0.74649
-0.75493
-0.76531
-0.879
-0.81209
-0.94369
-1.1682
-1.0662
0
0
0
0
0
0
0
0
0
0
0
0
0
0
0
0
0
0
0
0
0
0
0
0
0
0
0
0
0
0
0
0
0
0
0
0
0
0
0
0
0
0
0
0
0
0
0
0
0
0
0
0
0
0
0
0
0
0
-0.78083
-0.72418
-0.75886
-0.73433
-0.68699
-0.79971
-0.69812
-0.73454
-0.71343
-0.67199
54.7321
-0.67199
-0.68049
-0.74081
-0.73112
-0.67379
-0.67382
-0.67938
-0.75663
-0.69806
-0.74972
-0.79328
-0.70299
-0.73491
-0.70259
-0.70189
-0.71655
-0.71494
-0.83875
-0.77709
-0.76134
-0.76129
-0.83516
-0.75527
-0.73077
-0.73896
-0.73896
-0.79987
-0.87859
-0.84404
-0.88106
-0.881
-0.77423
-0.82022
-0.8016
-0.89336
-0.93956
-0.84935
-0.85031
-0.9376
-0.78856
-0.86985
-0.83484
-0.83988
-0.85487
-0.97159
-0.89775
-1.039
0
0
0
0
0
0
0
0
0
0
0
-2.1733
0
0
0
0
0
0
0
0
0
0
0
0
0
0
0
0
0
0
0
0
0
0
0
0
0
0
0
0
0
0
0
0
0
0
0
0
0
0
0
0
0
0
0
-7.9481
0
0
0
0
-0.678
-0.6386
-0.66763
-0.64529
-0.60405
-0.69369
-0.61378
-0.64781
-0.6269
-0.56903
-0.67199
42.0126
-0.60042
-0.65824
-0.64763
-0.59535
-0.59538
-0.59858
-0.67353
-0.61628
-0.66538
-0.71047
-0.62124
-0.6513
-0.62085
-0.62327
-0.63371
-0.63072
-0.75606
-0.69057
-0.67571
-0.67565
-0.74619
-0.66987
-0.64661
-0.65442
-0.65442
-0.71141
-0.79006
-0.75481
-0.79427
-0.7942
-0.69073
-0.73599
-0.71435
-0.80253
-0.84968
-0.75647
-0.76568
-0.84548
-0.71695
-0.78545
-0.74651
-0.75493
-0.76531
-0.87901
-0.81211
-0.9437
-1.1682
-1.0662
0
0
0
0
0
0
0
0
0
0
0
0
0
0
0
0
0
0
0
0
0
0
0
0
0
0
0
0
0
0
0
0
0
0
0
0
0
0
0
0
0
0
0
0
0
0
0
0
0
0
0
0
0
0
0
0
0
0
-0.68812
-0.64795
-0.67726
-0.65486
-0.61151
-0.70401
-0.6176
-0.65693
-0.63358
-0.60043
-0.68049
-0.60042
43.5137
-0.66675
-0.65558
-0.60381
-0.60383
-0.6076
-0.68149
-0.62153
-0.6744
-0.72078
-0.6301
-0.66013
-0.62972
-0.62744
-0.64276
-0.64052
-0.76502
-0.7001
-0.68509
-0.68504
-0.75461
-0.67922
-0.65576
-0.66361
-0.66361
-0.72157
-0.80007
-0.76449
-0.80351
-0.80344
-0.69632
-0.74427
-0.72369
-0.81356
-0.85965
-0.75852
-0.77389
-0.85585
-0.72551
-0.79393
-0.75679
-0.76524
-0.77604
-0.8897
-0.82282
-0.95476
-1.1797
0
0
0
0
-2.0388
0
0
0
0
0
0
0
0
0
0
0
0
0
0
0
0
0
0
0
0
0
0
0
0
0
0
0
0
0
0
0
0
0
0
0
0
0
0
0
0
0
0
0
0
0
0
0
0
0
0
0
0
0
0
-0.76632
-0.70542
-0.73905
-0.71867
-0.67312
-0.78834
-0.68418
-0.72054
-0.69845
-0.65824
-0.74081
-0.65824
-0.66675
53.6833
-0.71691
-0.66008
-0.66011
-0.66524
-0.74232
-0.68389
-0.73487
-0.77754
-0.68869
-0.72054
-0.68831
-0.68954
-0.70207
-0.70214
-0.82148
-0.76184
-0.7462
-0.74615
-0.81888
-0.74018
-0.71586
-0.72398
-0.72399
-0.78453
-0.86513
-0.82826
-0.86658
-0.86649
-0.75885
-0.80617
-0.78596
-0.87655
-0.92454
-0.82953
-0.83634
-0.92073
-0.78588
-0.85617
-0.81868
-0.81584
-0.83721
-0.9541
-0.88432
-1.0213
0
0
0
-1.8903
0
0
0
0
0
0
0
0
0
0
0
0
0
0
0
0
0
0
0
0
0
0
0
0
0
0
0
0
0
0
0
0
0
0
0
0
0
0
0
0
0
0
0
0
0
0
0
0
0
0
0
0
0
-8.0209
0
0
-0.73474
-0.6676
-0.73127
-0.70842
-0.66192
-0.75153
-0.67329
-0.7119
-0.68778
-0.64762
-0.73112
-0.64763
-0.65558
-0.71691
49.3968
-0.65149
-0.65151
-0.65698
-0.73419
-0.67559
-0.72695
-0.77695
-0.68099
-0.71374
-0.68059
-0.68241
-0.6945
-0.69221
-0.82047
-0.75442
-0.73888
-0.73883
-0.81106
-0.73291
-0.7088
-0.7169
-0.7169
-0.77655
-0.85518
-0.82113
-0.85862
-0.85855
-0.75043
-0.79845
-0.77919
-0.8679
-0.91608
-0.81999
-0.82878
-0.91428
-0.78239
-0.84865
-0.81531
-0.81858
-0.83284
-0.94886
-0.87479
-1.0151
-1.2431
0
0
0
0
0
0
0
0
0
0
0
0
0
0
0
0
0
0
0
0
0
0
0
0
0
0
0
0
0
0
0
0
0
0
-4.8874
0
0
0
0
0
0
0
0
0
0
0
0
0
0
0
0
0
0
0
0
0
0
0
0
-0.68217
-0.64242
-0.67176
-0.6499
-0.60836
-0.69807
-0.61868
-0.65233
-0.63189
-0.59535
-0.67379
-0.59535
-0.60381
-0.66008
-0.65149
39.9181
-0.57379
-0.59792
-0.67548
-0.61677
-0.66661
-0.71147
-0.62269
-0.65265
-0.62231
-0.62469
-0.63523
-0.63239
-0.75805
-0.69211
-0.6774
-0.67734
-0.75577
-0.67143
-0.64848
-0.65633
-0.65633
-0.71465
-0.79301
-0.75696
-0.79673
-0.79666
-0.68945
-0.73822
-0.71618
-0.8053
-0.85353
-0.7586
-0.76829
-0.84738
-0.72
-0.78762
-0.74885
-0.75808
-0.76825
-0.88003
-0.81408
-0.94553
0
0
0
0
0
0
0
0
0
0
0
0
0
0
0
0
0
0
0
0
0
0
0
0
0
0
0
0
0
0
0
0
0
0
0
0
0
0
0
0
0
0
0
0
0
0
0
0
0
0
0
0
0
0
0
0
0
0
0
0
-0.6822
-0.64244
-0.67178
-0.64992
-0.6084
-0.6981
-0.61871
-0.65237
-0.63192
-0.59538
-0.67382
-0.59538
-0.60383
-0.66011
-0.65151
-0.57379
39.9196
-0.59795
-0.67551
-0.6168
-0.66663
-0.71149
-0.62272
-0.65267
-0.62233
-0.62472
-0.63526
-0.63242
-0.75807
-0.69214
-0.67741
-0.67736
-0.7558
-0.67146
-0.6485
-0.65635
-0.65636
-0.71468
-0.79304
-0.75698
-0.79676
-0.79669
-0.68948
-0.73825
-0.71621
-0.80533
-0.85355
-0.75862
-0.76833
-0.84741
-0.72003
-0.78765
-0.74887
-0.7581
-0.76829
-0.88006
-0.81411
-0.94556
0
0
0
0
0
0
0
0
0
0
0
0
0
0
0
0
0
0
0
0
0
0
0
0
0
0
0
0
0
0
0
0
0
0
0
0
0
0
0
0
0
0
0
0
0
0
0
0
0
0
0
0
0
0
0
0
0
0
0
0
-0.6878
-0.64787
-0.67788
-0.65552
-0.61293
-0.70359
-0.62361
-0.65826
-0.63746
-0.59858
-0.67938
-0.59858
-0.6076
-0.66524
-0.65698
-0.59792
-0.59795
37.8929
-0.67873
-0.62277
-0.67351
-0.71492
-0.62808
-0.65912
-0.62769
-0.63064
-0.64019
-0.63705
-0.76112
-0.69674
-0.68209
-0.68205
-0.75853
-0.67601
-0.65279
-0.66067
-0.66067
-0.71819
-0.79728
-0.76147
-0.80133
-0.80125
-0.69412
-0.74264
-0.72055
-0.80951
-0.85873
-0.7642
-0.77376
-0.85297
0
-0.79289
-0.75314
-0.76449
0
-0.8849
0
-0.95096
0
0
0
0
0
0
0
0
0
0
0
0
0
0
0
0
0
0
0
0
0
0
0
0
0
0
0
0
0
0
0
0
0
0
0
0
0
0
0
0
0
0
0
0
0
0
0
0
0
0
0
0
0
0
0
0
0
0
0
0
-0.77391
-0.72476
-0.75984
-0.73634
-0.6887
-0.79145
-0.69997
-0.73926
-0.71495
-0.67353
-0.75663
-0.67353
-0.68149
-0.74232
-0.73419
-0.67548
-0.67551
-0.67873
47.9507
-0.69482
-0.74707
-0.80919
-0.70052
-0.72558
-0.70012
-0.7015
-0.71377
-0.71223
-0.8298
-0.77354
-0.75806
-0.75801
-0.83247
-0.75194
-0.72739
-0.73557
-0.73557
-0.79471
-0.8766
-0.84053
-0.87767
-0.8776
-0.7699
-0.81691
-0.79834
-0.88874
-0.93596
-0.84219
-0.84854
-0.93537
0
-0.86877
0
0
0
0
0
0
0
0
0
0
-2.2855
0
0
0
0
0
0
0
0
0
0
0
0
0
0
0
0
0
0
0
0
0
0
0
0
0
0
0
0
0
0
0
0
0
0
0
0
0
0
0
0
0
0
0
-7.3657
0
0
0
0
0
0
0
0
0
0
0
-0.70737
-0.6664
-0.69655
-0.67482
-0.63089
-0.72327
-0.63803
-0.67653
-0.65343
-0.61628
-0.69806
-0.61628
-0.62153
-0.68389
-0.67559
-0.61677
-0.6168
-0.62277
-0.69482
36.625
-0.69529
-0.73109
-0.64568
-0.67913
-0.64528
-0.64413
-0.65715
-0.65544
-0.77945
-0.71381
-0.69929
-0.69924
-0.77364
-0.69292
-0.66932
-0.67731
-0.67732
-0.73432
-0.81653
-0.77915
-0.81947
-0.81939
-0.71211
-0.75915
-0.73848
-0.82868
-0.87764
-0.77311
-0.79221
-0.87176
0
0
0
0
0
0
0
0
0
0
0
0
0
-2.0375
0
0
0
0
0
0
0
0
0
0
0
0
0
0
0
0
0
0
0
0
0
0
0
0
0
0
0
0
0
0
0
0
0
0
0
0
0
0
0
0
0
0
0
0
0
0
0
0
0
0
0
0
0
0
-0.75852
-0.71688
-0.74822
-0.72542
-0.68022
-0.77493
-0.69184
-0.72795
-0.70666
-0.66538
-0.74972
-0.66538
-0.6744
-0.73487
-0.72695
-0.66661
-0.66663
-0.67351
-0.74707
-0.69529
35.382
-0.78072
-0.69358
-0.73589
-0.69317
-0.70157
-0.70543
-0.71756
-0.82408
-0.76888
-0.75309
-0.75304
-0.8273
-0.74568
-0.72125
-0.72961
-0.72961
-0.79636
-0.88683
-0.8347
-0.87792
-0.87785
-0.767
-0.81704
-0.79392
-0.88479
0
-0.83945
0
-0.92931
0
0
0
0
0
0
0
0
0
0
0
0
0
0
0
0
0
0
0
0
0
0
0
0
0
0
0
0
0
0
0
0
0
0
0
0
0
0
0
0
0
0
0
0
0
0
0
0
0
0
0
0
0
0
0
0
0
0
0
0
0
0
0
0
0
0
0
0
-0.80967
-0.76004
-0.7916
-0.77417
-0.72824
-0.82847
-0.74338
-0.77222
-0.76078
-0.71047
-0.79328
-0.71047
-0.72078
-0.77754
-0.77695
-0.71147
-0.71149
-0.71492
-0.80919
-0.73109
-0.78072
49.1136
-0.73268
-0.76436
-0.73228
-0.7355
-0.74568
-0.7358
-0.85297
-0.80632
-0.79063
-0.79056
-0.85527
-0.78369
-0.75921
-0.76753
-0.76753
-0.83596
-0.89675
-0.87332
-0.91664
-0.91655
-0.79586
-0.85557
-0.83226
0
0
0
0
0
0
0
0
0
0
0
0
0
0
0
0
0
0
0
0
0
-2.3375
0
0
0
0
0
0
0
0
0
0
0
0
0
0
0
0
0
0
-5.0693
0
0
0
0
0
0
0
0
0
0
0
0
0
0
0
0
0
0
0
0
0
0
0
-7.2469
0
0
0
0
0
0
0
0
-0.71172
-0.67132
-0.70156
-0.67952
-0.63561
-0.72762
-0.64693
-0.68188
-0.66135
-0.62123
-0.70299
-0.62124
-0.6301
-0.68869
-0.68099
-0.62269
-0.62272
-0.62808
-0.70052
-0.64568
-0.69358
-0.73268
31.4326
-0.67701
-0.61303
-0.6412
-0.65603
-0.66388
-0.78197
-0.71645
-0.70199
-0.70193
-0.78528
-0.69407
-0.67177
-0.68007
-0.68008
-0.74824
-0.81023
-0.78294
-0.82974
-0.82966
-0.71777
-0.7671
-0.74305
-0.83044
0
0
0
0
0
0
0
0
0
0
0
0
0
0
0
0
0
0
0
0
0
0
0
0
0
0
0
0
0
0
0
0
0
0
0
0
0
0
0
0
0
0
0
0
0
0
0
0
0
0
0
0
0
0
0
0
0
0
0
0
0
0
0
0
0
0
0
0
0
0
0
0
-0.74415
-0.70322
-0.73476
-0.71084
-0.66586
-0.76082
-0.67762
-0.71489
-0.69257
-0.65129
-0.73491
-0.6513
-0.66013
-0.72054
-0.71374
-0.65265
-0.65267
-0.65912
-0.72558
-0.67913
-0.73589
-0.76436
-0.67701
34.2886
-0.67664
-0.67832
-0.68678
-0.70062
-0.80982
-0.75032
-0.73541
-0.73536
-0.81719
-0.72768
-0.70453
-0.71281
-0.71281
-0.77671
-0.87285
-0.81598
-0.8594
-0.85933
-0.74685
-0.79934
-0.77678
0
0
0
0
0
0
0
0
0
0
0
0
0
0
0
0
0
-2.2501
0
0
0
0
0
0
0
0
0
0
0
0
0
0
0
0
0
0
0
0
0
0
0
0
0
0
0
0
0
0
0
0
0
0
0
0
0
0
0
0
0
0
0
0
0
0
0
0
0
0
0
0
0
0
0
-0.71133
-0.67092
-0.70116
-0.67912
-0.63522
-0.72722
-0.64655
-0.68148
-0.66096
-0.62085
-0.70259
-0.62085
-0.62972
-0.68831
-0.68059
-0.62231
-0.62233
-0.62769
-0.70012
-0.64528
-0.69317
-0.73228
-0.61303
-0.67664
31.4143
-0.64082
-0.65561
-0.66355
-0.78159
-0.71599
-0.70154
-0.70148
-0.78492
-0.69361
-0.67134
-0.67964
-0.67963
-0.74768
-0.81003
-0.78247
-0.82916
-0.82908
-0.71731
-0.76661
-0.7426
-0.82995
0
0
0
0
0
0
0
0
0
0
0
0
0
0
0
0
0
0
0
0
0
0
0
0
0
0
0
0
0
0
0
0
0
0
0
0
0
0
0
0
0
0
0
0
0
0
0
0
0
0
0
0
0
0
0
0
0
0
0
0
0
0
0
0
0
0
0
0
0
0
0
0
-0.71463
-0.6728
-0.70251
-0.682
-0.63761
-0.73145
-0.64457
-0.68241
-0.66241
-0.62327
-0.70189
-0.62327
-0.62744
-0.68954
-0.68241
-0.62469
-0.62472
-0.63064
-0.7015
-0.64413
-0.70157
-0.7355
-0.6412
-0.67832
-0.64082
33.8522
-0.65601
-0.66319
-0.7875
-0.71659
-0.70249
-0.70243
-0.78708
-0.69483
-0.67302
-0.68106
-0.68106
-0.74381
-0.83817
-0.78201
-0.8222
-0.82213
-0.71397
-0.76189
-0.74347
0
0
0
0
0
0
0
0
0
0
0
0
0
0
0
0
0
0
0
0
0
0
0
0
0
0
0
0
0
0
-3.178
0
0
0
0
0
0
0
0
0
0
0
0
0
0
0
0
0
0
0
0
0
0
0
0
0
0
0
0
0
0
0
0
0
0
0
0
0
0
0
0
0
0
-0.72551
-0.68478
-0.71529
-0.69298
-0.64838
-0.74137
-0.65983
-0.69523
-0.67443
-0.63371
-0.71655
-0.63371
-0.64276
-0.70207
-0.6945
-0.63523
-0.63526
-0.64019
-0.71377
-0.65715
-0.70543
-0.74568
-0.65603
-0.68678
-0.65561
-0.65601
29.6752
-0.66723
-0.79087
-0.73179
-0.71895
-0.71887
-0.78334
-0.7091
-0.68706
-0.69497
-0.69497
-0.76586
-0.81179
-0.79386
-0.85042
-0.85036
0
0
-0.75752
0
0
0
0
0
0
0
0
0
0
0
0
0
0
0
0
0
0
0
0
0
0
0
0
0
0
0
0
0
0
0
0
0
0
0
0
0
0
0
0
0
0
0
0
0
0
0
0
0
0
0
0
0
0
0
0
0
0
0
0
0
0
0
0
0
0
0
0
0
0
0
0
0
-0.72108
-0.68066
-0.70843
-0.68891
-0.64131
-0.74056
-0.65779
-0.69195
-0.67247
-0.63071
-0.71494
-0.63072
-0.64052
-0.70214
-0.69221
-0.63239
-0.63242
-0.63705
-0.71223
-0.65544
-0.71756
-0.7358
-0.66388
-0.70062
-0.66355
-0.66319
-0.66723
33.3458
-0.7882
-0.7176
-0.70757
-0.70751
-0.77705
-0.7009
-0.67975
-0.68758
-0.68758
-0.74232
0
-0.78652
0
0
0
0
0
0
0
0
0
0
0
0
-0.77596
0
0
0
0
0
0
0
-1.6667
0
0
0
0
0
0
0
0
0
0
0
0
0
0
0
0
0
0
0
0
0
0
0
0
0
0
0
0
0
0
0
0
0
-4.6248
0
0
0
0
0
0
0
0
0
0
0
0
0
0
0
0
0
0
0
0
0
0
0
-0.85477
-0.80612
-0.83666
-0.82309
-0.77018
-0.87414
-0.78278
-0.81737
-0.79953
-0.75605
-0.83875
-0.75606
-0.76502
-0.82148
-0.82047
-0.75805
-0.75807
-0.76112
-0.8298
-0.77945
-0.82408
-0.85297
-0.78197
-0.80982
-0.78159
-0.7875
-0.79087
-0.7882
46.3433
-0.8473
-0.8325
-0.83245
-0.89853
-0.82542
-0.80152
-0.81001
-0.81001
0
0
0
0
0
0
0
0
0
0
0
0
0
0
0
0
0
0
0
0
0
0
0
0
0
0
0
0
0
-2.4611
0
0
0
0
0
0
0
0
0
0
0
0
0
0
0
0
0
0
0
0
0
0
0
0
0
0
0
0
0
0
0
0
0
0
-7.3993
0
0
0
0
0
0
0
0
0
0
0
0
-7.3993
0
0
0
-0.78604
-0.74425
-0.77614
-0.75264
-0.70613
-0.80236
-0.71821
-0.7553
-0.73357
-0.69056
-0.77709
-0.69057
-0.7001
-0.76184
-0.75442
-0.69211
-0.69214
-0.69674
-0.77354
-0.71381
-0.76888
-0.80632
-0.71645
-0.75032
-0.71599
-0.71659
-0.73179
-0.7176
-0.8473
28.6957
-0.80465
-0.80458
-0.83505
-0.78686
-0.75442
-0.76355
-0.76354
-0.82385
0
-0.8704
0
0
0
0
0
0
0
0
0
0
0
0
0
0
0
0
0
0
0
0
0
0
0
0
0
0
0
0
0
0
0
0
0
0
0
0
0
0
0
0
0
0
0
0
0
0
0
0
0
0
0
0
0
0
0
0
0
0
0
0
0
0
0
0
0
0
0
0
0
0
0
0
0
0
0
0
0
0
-0.7701
-0.72868
-0.76025
-0.73701
-0.69095
-0.78636
-0.70293
-0.73967
-0.71815
-0.6757
-0.76134
-0.67571
-0.68509
-0.7462
-0.73888
-0.6774
-0.67741
-0.68209
-0.75806
-0.69929
-0.75309
-0.79063
-0.70199
-0.73541
-0.70154
-0.70249
-0.71895
-0.70757
-0.8325
-0.80465
27.2373
-0.77412
-0.82828
-0.75712
-0.72897
-0.73819
-0.73819
-0.81236
0
0
0
0
0
0
0
0
0
0
0
0
0
0
0
0
0
0
0
0
0
0
0
0
0
0
0
0
0
0
0
0
0
0
0
0
0
0
0
0
0
0
0
0
0
0
0
0
0
0
0
0
0
0
0
0
0
0
0
0
0
0
0
0
0
0
0
0
0
0
0
0
0
0
0
0
0
0
0
0
-0.77005
-0.72863
-0.76018
-0.73697
-0.69089
-0.78631
-0.70287
-0.73962
-0.7181
-0.67565
-0.76129
-0.67565
-0.68504
-0.74615
-0.73883
-0.67734
-0.67736
-0.68205
-0.75801
-0.69924
-0.75304
-0.79056
-0.70193
-0.73536
-0.70148
-0.70243
-0.71887
-0.70751
-0.83245
-0.80458
-0.77412
27.2353
-0.82824
-0.75705
-0.72891
-0.73813
-0.73813
-0.81227
0
0
0
0
0
0
0
0
0
0
0
0
0
0
0
0
0
0
0
0
0
0
0
0
0
0
0
0
0
0
0
0
0
0
0
0
0
0
0
0
0
0
0
0
0
0
0
0
0
0
0
0
0
0
0
0
0
0
0
0
0
0
0
0
0
0
0
0
0
0
0
0
0
0
0
0
0
0
0
0
-0.85089
-0.8007
-0.83434
-0.81229
-0.76187
-0.86974
-0.77471
-0.81284
-0.79136
-0.74619
-0.83516
-0.74619
-0.75461
-0.81888
-0.81106
-0.75577
-0.7558
-0.75853
-0.83247
-0.77364
-0.8273
-0.85527
-0.78528
-0.81719
-0.78492
-0.78708
-0.78334
-0.77705
-0.89853
-0.83505
-0.82828
-0.82824
38.4509
-0.81897
0
0
0
0
0
0
0
0
0
0
0
0
0
0
0
0
0
0
0
0
0
0
0
0
0
0
0
0
0
0
0
0
0
0
0
0
0
0
-1.1974
0
0
0
-3.8016
0
0
0
0
0
0
0
0
0
0
0
0
0
0
0
0
0
0
0
0
0
0
0
0
0
0
0
0
0
0
0
0
0
0
-6.9284
0
0
0
0
0
0
-0.76409
-0.72283
-0.7543
-0.73108
-0.68512
-0.78023
-0.69705
-0.73374
-0.71221
-0.66987
-0.75527
-0.66987
-0.67922
-0.74018
-0.73291
-0.67143
-0.67146
-0.67601
-0.75194
-0.69292
-0.74568
-0.78369
-0.69407
-0.72768
-0.69361
-0.69483
-0.7091
-0.7009
-0.82542
-0.78686
-0.75712
-0.75705
-0.81897
26.192
-0.72852
-0.73841
-0.73841
0
0
0
0
0
0
0
0
0
0
0
0
0
0
0
0
0
0
0
0
0
0
0
0
0
0
0
0
0
0
0
0
0
0
0
0
0
0
0
0
0
0
0
0
0
0
0
0
0
0
0
0
0
0
0
0
0
0
0
0
0
0
0
0
0
0
0
0
0
0
0
0
0
0
0
0
0
0
0
0
0
-0.73922
-0.69884
-0.72973
-0.70683
-0.66153
-0.75501
-0.67331
-0.70949
-0.68816
-0.64661
-0.73077
-0.64661
-0.65576
-0.71586
-0.7088
-0.64848
-0.6485
-0.65279
-0.72739
-0.66932
-0.72125
-0.75921
-0.67177
-0.70453
-0.67134
-0.67302
-0.68706
-0.67975
-0.80152
-0.75442
-0.72897
-0.72891
0
-0.72852
24.5049
-0.6908
-0.69081
0
0
0
0
0
0
0
0
0
0
0
0
0
0
0
0
0
0
0
0
0
0
0
0
0
0
0
0
0
0
0
0
0
0
0
0
0
0
0
0
0
0
0
0
0
0
0
0
0
0
0
0
0
0
0
0
0
0
0
0
0
0
0
0
0
0
0
0
0
0
0
0
0
0
0
0
0
0
0
0
0
-0.74745
-0.70689
-0.73792
-0.71493
-0.66943
-0.76332
-0.68125
-0.7176
-0.69619
-0.65441
-0.73896
-0.65442
-0.66361
-0.72398
-0.7169
-0.65633
-0.65635
-0.66067
-0.73557
-0.67731
-0.72961
-0.76753
-0.68007
-0.71281
-0.67964
-0.68106
-0.69497
-0.68758
-0.81001
-0.76355
-0.73819
-0.73813
0
-0.73841
-0.6908
24.0859
0
0
0
0
0
0
0
0
0
0
0
0
0
0
0
0
0
0
0
0
0
0
0
0
0
0
0
0
0
0
0
0
0
0
0
0
0
0
0
0
0
0
0
0
0
0
0
0
0
0
0
0
0
0
0
0
0
0
0
0
0
0
0
0
0
0
0
0
0
0
0
0
0
0
0
0
0
0
0
0
0
0
-0.74746
-0.70688
-0.73793
-0.71493
-0.66943
-0.76333
-0.68125
-0.71761
-0.69619
-0.65442
-0.73896
-0.65442
-0.66361
-0.72399
-0.7169
-0.65633
-0.65636
-0.66067
-0.73557
-0.67732
-0.72961
-0.76753
-0.68008
-0.71281
-0.67963
-0.68106
-0.69497
-0.68758
-0.81001
-0.76354
-0.73819
-0.73813
0
-0.73841
-0.69081
0
24.0859
0
0
0
0
0
0
0
0
0
0
0
0
0
0
0
0
0
0
0
0
0
0
0
0
0
0
0
0
0
0
0
0
0
0
0
0
0
0
0
0
0
0
0
0
0
0
0
0
0
0
0
0
0
0
0
0
0
0
0
0
0
0
0
0
0
0
0
0
0
0
0
0
0
0
0
0
0
0
0
0
0
-0.80892
-0.7658
-0.79753
-0.77492
-0.72671
-0.82565
-0.73983
-0.77642
-0.7556
-0.71141
-0.79987
-0.71141
-0.72157
-0.78453
-0.77655
-0.71465
-0.71468
-0.71819
-0.79471
-0.73432
-0.79636
-0.83596
-0.74824
-0.77671
-0.74768
-0.74381
-0.76586
-0.74232
0
-0.82385
-0.81236
-0.81227
0
0
0
0
0
28.5772
0
0
0
0
0
0
0
0
0
0
0
0
0
0
0
0
0
0
0
0
0
0
0
0
0
0
0
0
0
0
0
0
0
0
0
0
-4.8185
0
0
0
0
0
0
0
0
0
0
0
0
0
0
0
0
0
0
0
0
0
0
0
0
0
0
0
0
0
0
0
0
0
0
0
0
0
0
0
0
0
0
0
-0.89669
-0.84635
-0.8774
-0.85911
-0.8061
-0.91416
-0.81978
-0.85488
-0.83515
-0.79007
-0.87859
-0.79006
-0.80007
-0.86513
-0.85518
-0.79301
-0.79304
-0.79728
-0.8766
-0.81653
-0.88683
-0.89675
-0.81023
-0.87285
-0.81003
-0.83817
-0.81179
0
0
0
0
0
0
0
0
0
0
0
33.5734
0
0
0
0
0
0
0
0
0
0
0
0
0
0
0
0
0
0
0
0
0
0
0
0
0
0
0
0
0
0
0
0
0
0
0
0
0
0
0
0
0
0
0
0
0
0
0
0
0
0
-4.6718
0
0
0
0
0
0
0
0
0
0
0
0
0
0
0
0
0
0
0
0
0
0
0
0
0
0
-6.2097
0
-0.85279
-0.8102
-0.8436
-0.81915
-0.77082
-0.86956
-0.78337
-0.82229
-0.79937
-0.75481
-0.84404
-0.75481
-0.76449
-0.82826
-0.82113
-0.75696
-0.75698
-0.76147
-0.84053
-0.77915
-0.8347
-0.87332
-0.78294
-0.81598
-0.78247
-0.78201
-0.79386
-0.78652
0
-0.8704
0
0
0
0
0
0
0
0
0
23.356
0
0
0
0
0
0
0
0
0
0
0
0
0
0
0
0
0
0
0
0
0
0
0
0
0
0
0
0
0
0
0
0
0
0
0
0
0
0
0
0
0
0
0
0
0
0
0
0
0
0
0
0
0
0
0
0
0
0
0
0
0
0
0
0
0
0
0
0
0
0
0
0
0
0
0
0
0
0
-0.89639
-0.84868
-0.88118
-0.86081
-0.81065
-0.91438
-0.82296
-0.85867
-0.83838
-0.79426
-0.88106
-0.79427
-0.80351
-0.86658
-0.85862
-0.79673
-0.79676
-0.80133
-0.87767
-0.81947
-0.87792
-0.91664
-0.82974
-0.8594
-0.82916
-0.8222
-0.85042
0
0
0
0
0
0
0
0
0
0
0
0
0
28.8553
0
0
0
0
0
0
0
0
0
0
0
0
0
0
0
0
0
0
0
0
0
0
0
0
0
0
0
0
0
0
0
0
0
0
0
0
0
0
0
0
0
0
0
0
0
0
0
0
0
0
0
0
0
0
0
0
0
0
0
-6.0475
0
0
0
0
0
0
0
0
0
0
0
0
0
0
0
0
0
-0.89631
-0.8486
-0.8811
-0.86072
-0.81058
-0.91431
-0.82288
-0.85858
-0.8383
-0.79419
-0.881
-0.7942
-0.80344
-0.86649
-0.85855
-0.79666
-0.79669
-0.80125
-0.8776
-0.81939
-0.87785
-0.91655
-0.82966
-0.85933
-0.82908
-0.82213
-0.85036
0
0
0
0
0
0
0
0
0
0
0
0
0
0
28.8529
0
0
0
0
0
0
0
0
0
0
0
0
0
0
0
0
0
0
0
0
0
0
0
0
0
0
0
0
0
0
0
0
0
0
0
0
0
0
0
0
0
0
0
0
0
0
0
0
0
0
0
0
0
0
0
0
0
0
0
0
0
0
0
0
0
0
0
0
0
0
-6.0471
0
0
0
0
0
-0.78305
-0.74215
-0.77334
-0.75165
-0.70577
-0.80086
-0.71801
-0.7537
-0.7335
-0.69073
-0.77423
-0.69073
-0.69632
-0.75885
-0.75043
-0.68945
-0.68948
-0.69412
-0.7699
-0.71211
-0.767
-0.79586
-0.71777
-0.74685
-0.71731
-0.71397
0
0
0
0
0
0
0
0
0
0
0
0
0
0
0
0
22.0077
0
0
0
0
0
0
0
0
0
0
0
0
0
0
0
0
0
0
0
0
0
0
0
0
0
0
0
0
0
0
0
0
0
0
0
0
0
0
0
0
0
0
0
0
0
0
0
0
0
-2.8706
0
0
0
0
0
0
0
0
0
0
0
0
0
0
0
0
0
0
0
0
0
0
0
0
0
-0.83431
-0.78875
-0.82203
-0.80034
-0.75186
-0.85162
-0.76295
-0.80042
-0.7781
-0.736
-0.82022
-0.73599
-0.74427
-0.80617
-0.79845
-0.73822
-0.73825
-0.74264
-0.81691
-0.75915
-0.81704
-0.85557
-0.7671
-0.79934
-0.76661
-0.76189
0
0
0
0
0
0
0
0
0
0
0
0
0
0
0
0
0
25.7118
0
0
0
0
0
0
0
0
0
0
0
0
0
0
0
0
0
0
0
0
0
0
0
0
0
0
0
0
0
0
0
0
0
0
0
0
0
0
0
0
0
0
0
0
0
0
0
0
0
0
0
-5.3176
0
0
0
0
0
0
0
0
0
0
0
0
0
0
0
0
0
0
0
0
0
0
-0.81006
-0.76858
-0.80111
-0.77694
-0.73
-0.82622
-0.74198
-0.78019
-0.75758
-0.71435
-0.8016
-0.71435
-0.72369
-0.78596
-0.77919
-0.71618
-0.71621
-0.72055
-0.79834
-0.73848
-0.79392
-0.83226
-0.74305
-0.77678
-0.7426
-0.74347
-0.75752
0
0
0
0
0
0
0
0
0
0
0
0
0
0
0
0
0
20.5912
0
0
0
0
0
0
0
0
0
0
0
0
0
0
0
0
0
0
0
0
0
0
0
0
0
0
0
0
0
0
0
0
0
0
0
0
0
0
0
0
0
0
0
0
0
0
0
0
0
0
0
0
0
0
0
0
0
0
0
0
0
0
0
0
0
0
0
0
0
0
0
0
0
-0.90043
-0.85541
-0.8902
-0.86711
-0.81852
-0.91798
-0.8327
-0.87065
-0.84889
-0.80252
-0.89336
-0.80253
-0.81356
-0.87655
-0.8679
-0.8053
-0.80533
-0.80951
-0.88874
-0.82868
-0.88479
0
-0.83044
0
-0.82995
0
0
0
0
0
0
0
0
0
0
0
0
0
0
0
0
0
0
0
0
24.4735
0
0
0
0
0
0
0
0
0
0
0
0
0
0
0
0
0
0
0
0
0
0
0
0
0
0
0
0
0
0
0
0
0
0
0
0
0
0
-4.9324
0
0
0
0
0
0
0
0
0
0
0
0
0
0
0
0
0
0
0
0
0
0
0
0
0
0
0
0
0
0
0
0
0
-0.95294
-0.90459
-0.93881
-0.91742
-0.86598
-0.97143
-0.87942
-0.9164
-0.89601
-0.84968
-0.93956
-0.84968
-0.85965
-0.92454
-0.91608
-0.85353
-0.85355
-0.85873
-0.93596
-0.87764
0
0
0
0
0
0
0
0
0
0
0
0
0
0
0
0
0
0
0
0
0
0
0
0
0
0
27.3372
0
0
0
0
0
0
0
0
0
0
0
0
0
0
0
0
0
0
0
0
0
0
0
0
0
0
0
-4.3483
0
0
0
0
0
0
0
0
0
0
0
0
0
0
0
0
0
0
0
0
0
0
0
0
0
0
0
0
0
0
-5.0274
0
0
0
0
0
0
0
0
0
0
0
0
-0.85312
-0.80915
-0.8442
-0.82056
-0.77264
-0.8695
-0.77782
-0.82389
-0.78603
-0.75648
-0.84935
-0.75647
-0.75852
-0.82953
-0.81999
-0.7586
-0.75862
-0.7642
-0.84219
-0.77311
-0.83945
0
0
0
0
0
0
0
0
0
0
0
0
0
0
0
0
0
0
0
0
0
0
0
0
0
0
19.2852
0
0
0
0
0
0
0
0
0
0
0
0
0
0
0
0
0
0
0
-2.4218
0
0
0
0
0
0
0
0
0
0
0
0
0
0
0
0
0
0
0
0
0
0
0
0
0
0
0
0
0
0
0
0
0
0
0
0
0
0
0
0
0
0
0
0
0
0
0
0
0
0
-0.86399
-0.81849
-0.85398
-0.83097
-0.78211
-0.88139
-0.79306
-0.83219
-0.80879
-0.76567
-0.85031
-0.76568
-0.77389
-0.83634
-0.82878
-0.76829
-0.76833
-0.77376
-0.84854
-0.79221
0
0
0
0
0
0
0
0
0
0
0
0
0
0
0
0
0
0
0
0
0
0
0
0
0
0
0
0
20.9946
0
0
0
0
0
0
0
0
0
0
0
0
0
0
0
0
0
0
0
0
0
0
0
0
0
0
0
0
0
0
0
0
0
0
0
0
0
0
0
0
0
0
0
0
0
0
0
0
0
0
-4.7578
0
0
0
0
0
0
0
0
0
0
0
0
0
0
0
0
0
0
-0.94544
-0.90246
-0.9374
-0.9117
-0.8622
-0.96235
-0.87545
-0.91558
-0.89164
-0.84547
-0.9376
-0.84548
-0.85585
-0.92073
-0.91428
-0.84738
-0.84741
-0.85297
-0.93537
-0.87176
-0.92931
0
0
0
0
0
0
0
0
0
0
0
0
0
0
0
0
0
0
0
0
0
0
0
0
0
0
0
0
18.8078
0
0
0
0
0
0
0
0
0
0
0
0
0
0
0
0
0
0
0
0
0
0
0
0
0
0
0
0
0
0
0
0
0
0
0
0
0
0
0
0
0
0
0
0
0
0
0
0
0
0
0
0
0
0
0
0
0
0
0
0
0
0
0
0
0
0
0
0
-0.80915
-0.76529
-0.77563
-0.77375
-0.72801
-0.83317
-0.74356
-0.75761
-0.75828
-0.71695
-0.78856
-0.71695
-0.72551
-0.78588
-0.78239
-0.72
-0.72003
0
0
0
0
0
0
0
0
0
0
0
0
0
0
0
0
0
0
0
0
0
0
0
0
0
0
0
0
0
0
0
0
0
22.4107
0
0
0
0
0
0
0
0
0
0
0
-2.1537
0
-2.9098
0
0
0
0
-2.0202
0
-2.4262
0
0
0
0
0
0
0
0
0
0
0
0
0
0
0
0
0
0
0
0
0
0
0
0
0
0
0
0
0
0
0
0
0
0
0
0
0
0
0
0
0
0
0
0
0
0
-0.88363
-0.83879
-0.87525
-0.8513
-0.80196
-0.90057
-0.81316
-0.85314
-0.82784
-0.78544
-0.86985
-0.78545
-0.79393
-0.85617
-0.84865
-0.78762
-0.78765
-0.79289
-0.86877
0
0
0
0
0
0
0
0
0
0
0
0
0
0
0
0
0
0
0
0
0
0
0
0
0
0
0
0
0
0
0
0
20.2986
0
0
0
0
0
0
0
0
0
0
0
0
0
0
0
0
0
0
0
0
0
0
0
0
0
0
0
0
0
0
0
0
0
0
0
0
0
0
0
0
0
0
0
0
0
-4.4765
0
0
0
0
0
0
0
0
0
0
0
0
0
0
0
0
0
0
0
0
-0.84182
-0.80223
-0.84362
-0.80852
-0.76222
-0.8596
-0.77516
-0.82462
-0.79063
-0.74649
-0.83484
-0.74651
-0.75679
-0.81868
-0.81531
-0.74885
-0.74887
-0.75314
0
0
0
0
0
0
0
0
0
-0.77596
0
0
0
0
0
0
0
0
0
0
0
0
0
0
0
0
0
0
0
0
0
0
0
0
18.0702
0
0
0
0
0
0
0
0
0
0
0
0
0
0
0
-3.0163
0
0
0
0
0
0
0
0
0
0
0
0
0
0
0
0
0
0
0
0
0
0
0
0
0
0
0
0
0
0
0
0
0
0
0
0
0
0
0
0
0
0
0
0
0
0
0
0
0
-0.84114
-0.79694
-0.82768
-0.80793
-0.7703
-0.87066
-0.78353
-0.81463
-0.79906
-0.75493
-0.83988
-0.75493
-0.76524
-0.81584
-0.81858
-0.75808
-0.7581
-0.76449
0
0
0
0
0
0
0
0
0
0
0
0
0
0
0
0
0
0
0
0
0
0
0
0
0
0
0
0
0
0
0
0
0
0
0
21.6712
0
0
0
0
0
0
0
0
0
0
0
0
0
0
0
0
-3.3155
0
0
0
0
0
0
0
0
0
0
0
0
0
0
0
0
0
0
0
0
0
0
0
0
0
0
0
0
0
0
0
0
0
-4.0137
0
0
0
0
0
0
0
0
0
0
0
0
0
-0.86114
-0.81919
-0.84792
-0.82746
-0.78111
-0.8803
-0.79457
-0.8282
-0.81054
-0.76531
-0.85487
-0.76531
-0.77604
-0.83721
-0.83284
-0.76825
-0.76829
0
0
0
0
0
0
0
0
0
0
0
0
0
0
0
0
0
0
0
0
0
0
0
0
0
0
0
0
0
0
0
0
0
0
0
0
0
18.2948
0
0
0
0
0
0
0
0
0
0
0
0
0
0
0
0
0
0
0
0
0
-3.3914
0
0
0
0
-1.0848
0
0
0
0
0
0
0
0
0
0
0
0
0
0
0
0
0
0
0
0
0
0
0
0
0
0
0
0
0
0
0
0
0
0
0
0
-0.97835
-0.93622
-0.97144
-0.94522
-0.89577
-0.99544
-0.90938
-0.94987
-0.92605
-0.879
-0.97159
-0.87901
-0.8897
-0.9541
-0.94886
-0.88003
-0.88006
-0.8849
0
0
0
0
0
0
0
0
0
0
0
0
0
0
0
0
0
0
0
0
0
0
0
0
0
0
0
0
0
0
0
0
0
0
0
0
0
16.675
0
0
0
0
0
0
0
0
0
0
0
0
0
0
0
0
0
0
0
0
0
0
0
0
0
0
0
0
0
0
0
0
0
0
0
0
0
0
0
0
0
0
0
0
0
0
0
0
0
0
0
0
0
0
0
0
0
0
0
0
0
0
-0.90974
-0.8641
-0.90111
-0.878
-0.82912
-0.92669
-0.84216
-0.87974
-0.84504
-0.81209
-0.89775
-0.81211
-0.82282
-0.88432
-0.87479
-0.81408
-0.81411
0
0
0
0
0
0
0
0
0
0
0
0
0
0
0
0
0
0
0
0
0
0
0
0
0
0
0
0
0
0
0
0
0
0
0
0
0
0
0
17.421
0
0
0
0
0
0
0
0
0
0
0
0
0
0
0
0
-2.8132
0
0
0
0
0
0
0
0
0
0
0
0
0
0
0
0
0
0
0
0
0
0
0
0
0
0
0
0
0
0
0
0
0
0
0
0
0
0
0
0
0
0
0
0
-1.0458
-1.0023
-1.0391
-1.012
-0.96097
-1.0633
-0.97511
-1.0169
-0.99208
-0.94369
-1.039
-0.9437
-0.95476
-1.0213
-1.0151
-0.94553
-0.94556
-0.95096
0
0
0
0
0
0
0
0
0
0
0
0
0
0
0
0
0
0
0
0
0
0
0
0
0
0
0
0
0
0
0
0
0
0
0
0
0
0
0
17.8673
0
0
0
0
0
0
0
0
0
0
0
0
0
0
0
0
0
0
0
0
0
0
0
0
0
0
0
0
0
0
0
0
0
0
0
0
0
0
0
0
0
0
0
0
0
0
0
0
0
0
0
0
0
0
0
0
0
0
0
0
-1.2706
-1.23
-1.2697
-1.2406
-1.1873
-1.2891
-1.2029
-1.2464
-1.2206
-1.1682
0
-1.1682
-1.1797
0
-1.2431
0
0
0
0
0
0
0
0
0
0
0
0
0
0
0
0
0
0
0
0
0
0
0
0
0
0
0
0
0
0
0
0
0
0
0
0
0
0
0
0
0
0
0
15.9163
0
0
0
0
0
0
0
0
0
0
0
0
0
0
0
0
0
0
0
0
0
0
0
0
0
0
0
0
0
0
0
0
0
0
0
0
0
0
0
0
0
0
0
0
0
0
0
0
0
0
0
0
0
0
0
0
0
0
0
-1.1697
-1.1306
-1.1607
-1.1361
-1.0842
-1.1894
-1.0992
-1.1382
-1.1177
-1.0662
0
-1.0662
0
0
0
0
0
0
0
0
0
0
0
0
0
0
0
0
0
0
0
0
0
0
0
0
0
0
0
0
0
0
0
0
0
0
0
0
0
0
0
0
0
0
0
0
0
0
0
15.1012
0
0
0
0
0
0
0
0
0
0
0
0
0
0
0
0
0
0
0
0
0
0
0
0
0
0
0
0
-2.7429
0
0
0
0
0
0
0
0
0
0
0
0
0
0
0
0
0
0
0
0
0
0
0
0
0
0
0
0
0
-1.759
-1.7498
-1.7759
-1.7485
-1.6959
0
0
0
0
0
0
0
0
0
0
0
0
0
0
0
0
0
0
0
0
0
0
-1.6667
0
0
0
0
0
0
0
0
0
0
0
0
0
0
0
0
0
0
0
0
0
0
0
0
0
0
0
0
0
0
0
0
13.2535
0
0
0
0
0
0
0
0
0
0
-2.8577
0
0
0
0
0
0
0
0
0
0
0
0
0
0
0
0
0
0
0
0
0
0
0
0
0
0
0
0
0
0
0
0
0
0
0
0
0
0
0
0
0
0
0
0
0
0
-1.8998
-1.8876
-1.9147
-1.8859
0
0
0
0
0
0
0
0
0
-1.8903
0
0
0
0
0
0
0
0
0
0
0
0
0
0
0
0
0
0
0
0
0
0
0
0
0
0
0
0
0
0
0
0
0
0
0
0
0
0
0
0
0
0
0
0
0
0
0
12.4403
0
0
0
0
0
0
0
0
-2.962
0
0
0
0
0
0
0
0
0
0
0
0
0
0
0
0
0
0
0
0
0
0
0
0
0
0
0
0
0
0
0
0
0
0
0
0
0
0
0
0
0
0
0
0
0
0
0
0
0
0
0
0
0
0
0
0
0
0
0
0
0
0
0
0
0
-2.2855
0
0
0
0
-2.2501
0
0
0
0
0
0
0
0
0
0
0
0
0
0
0
0
0
0
0
0
0
0
0
0
0
0
-2.1537
0
0
0
0
0
0
0
0
0
0
0
12.4184
0
0
0
0
0
-3.2493
0
0
0
0
0
0
0
0
0
0
0
0
0
0
0
0
0
0
0
0
0
-2.4799
0
0
0
0
0
0
0
0
0
0
0
0
0
0
0
0
0
0
0
0
0
0
0
0
0
0
0
0
0
0
0
0
0
-2.0665
0
0
0
0
0
-2.0388
0
0
0
0
0
0
-2.0375
0
0
0
0
0
0
0
0
0
0
0
0
0
0
0
0
0
0
0
0
0
0
0
0
0
0
0
0
0
0
0
0
0
0
0
0
0
0
0
0
0
0
0
11.8342
0
0
0
-2.4893
0
0
0
0
0
0
0
-3.2021
0
0
0
0
0
0
0
0
0
0
0
0
0
0
0
0
0
0
0
0
0
0
0
0
0
0
0
0
0
0
0
0
0
0
0
0
0
0
0
0
0
0
0
0
0
0
0
0
0
0
0
0
0
0
0
0
0
0
0
0
0
0
0
0
0
0
0
0
0
0
0
0
0
0
0
0
0
0
0
0
0
0
0
0
0
0
0
0
0
0
0
0
-2.9098
0
0
0
0
0
0
0
0
0
0
0
0
0
15.4345
0
0
0
0
0
0
0
0
0
0
0
0
0
0
0
-4.1263
0
0
-4.3226
0
0
-4.0758
0
0
0
0
0
0
0
0
0
0
0
0
0
0
0
0
0
0
0
0
0
0
0
0
0
0
0
0
0
0
0
-2.4795
-2.5299
-2.5451
-2.518
0
0
0
0
0
0
0
0
0
0
0
0
0
0
0
0
0
0
0
0
0
0
0
0
0
0
0
0
0
0
0
0
0
0
0
0
0
0
0
0
0
0
0
0
0
0
0
0
0
0
0
0
0
0
0
0
0
0
0
0
0
10.0725
0
0
0
0
0
0
0
0
0
0
0
0
0
0
0
0
0
0
0
0
0
0
0
0
0
0
0
0
0
0
0
0
0
0
0
0
0
0
0
0
0
0
0
0
0
0
0
0
0
0
0
0
0
0
0
0
0
0
0
0
0
0
0
0
0
0
0
0
0
0
0
0
0
-2.3375
0
0
0
0
0
0
-2.4611
0
0
0
0
0
0
0
0
0
0
0
0
0
0
0
0
0
0
0
0
0
0
0
0
0
0
0
0
0
0
0
0
0
0
0
0
0
13.2238
0
-4.1074
0
0
0
0
0
0
0
0
-4.3178
0
0
0
0
0
0
0
0
0
0
0
0
0
0
0
0
0
0
0
0
0
0
0
0
0
0
0
0
0
0
0
0
0
0
0
0
0
0
0
0
0
0
0
0
0
0
0
0
-2.5495
0
0
0
0
0
0
0
0
0
0
0
0
0
0
0
0
0
0
0
0
0
0
0
0
0
0
0
0
0
0
0
0
0
0
0
0
0
0
-2.4218
0
0
0
0
0
0
0
0
0
0
0
0
0
0
0
-2.4893
0
0
0
10.7652
0
0
0
0
0
-3.3046
0
0
0
0
0
0
0
0
0
0
0
0
0
0
0
0
0
0
0
0
0
0
0
0
0
0
0
0
0
0
0
0
0
0
0
0
0
0
0
0
0
0
0
0
0
0
0
0
0
0
0
0
0
0
0
0
0
0
0
0
0
0
0
0
0
0
0
0
0
0
0
0
0
0
0
0
0
0
0
0
0
0
0
0
0
0
0
0
0
0
0
0
0
0
0
0
-3.0163
0
0
0
0
0
0
0
0
0
-3.2493
0
0
0
-4.1074
0
16.0516
0
0
0
0
0
0
0
0
0
0
0
0
0
0
0
0
0
0
0
0
0
0
0
0
0
0
0
-5.6786
0
0
0
0
0
0
0
0
0
0
0
0
0
0
0
0
0
0
0
0
0
0
0
0
0
0
0
0
0
0
0
-2.1733
0
0
0
0
0
0
0
0
0
0
0
0
0
0
0
0
0
0
0
0
0
0
0
0
0
0
0
0
0
0
0
0
0
0
0
0
0
0
0
-2.0202
0
0
0
0
0
0
0
0
0
0
0
0
0
0
0
0
0
0
10.2527
0
0
-2.9686
-3.0906
0
0
0
0
0
0
0
0
0
0
0
0
0
0
0
0
0
0
0
0
0
0
0
0
0
0
0
0
0
0
0
0
0
0
0
0
0
0
0
0
0
0
0
0
0
0
0
0
0
0
0
0
0
0
0
0
0
0
0
0
0
0
0
0
0
0
0
0
0
0
0
0
0
0
0
0
0
0
0
0
0
0
0
0
0
0
0
0
0
0
0
0
0
0
0
0
0
-3.3155
0
0
0
0
0
0
0
-2.962
0
0
0
0
0
0
0
0
14.1565
0
0
0
0
0
0
0
-3.9349
-3.9441
0
0
0
0
0
0
0
0
0
0
0
0
0
0
0
0
0
0
0
0
0
0
0
0
0
0
0
0
0
0
0
0
0
0
0
0
0
0
0
0
0
0
0
0
0
0
0
0
0
0
0
0
0
0
0
0
0
0
0
0
0
0
0
0
0
0
0
0
0
0
0
0
0
0
0
0
0
0
0
0
0
0
0
0
0
0
0
0
-2.4262
0
0
0
0
0
0
0
0
0
-2.8577
0
0
0
0
0
0
0
0
0
0
9.9572
0
0
0
0
0
0
0
0
0
0
0
0
0
0
0
0
0
0
0
0
0
0
0
0
0
0
-4.6733
0
0
0
0
0
0
0
0
0
0
0
0
0
0
0
0
0
0
0
0
0
0
0
0
0
0
0
0
0
0
0
0
0
0
0
0
0
0
0
0
0
0
0
0
0
0
0
0
0
0
0
-1.1974
0
0
0
0
0
0
0
0
0
0
0
0
0
0
0
0
0
0
0
0
0
0
0
0
0
0
0
0
0
0
0
0
0
0
0
0
-2.9686
0
0
7.9936
0
0
0
0
0
0
0
0
0
0
0
0
0
0
0
0
0
0
0
0
0
0
0
0
0
0
0
0
0
0
-3.8276
0
0
0
0
0
0
0
0
0
0
0
0
0
0
0
0
0
0
0
0
0
0
0
0
0
0
0
0
0
0
0
0
0
0
0
0
0
0
0
0
0
0
0
0
0
0
0
0
0
0
0
0
0
0
0
0
0
0
0
0
0
0
0
0
0
0
0
0
0
0
-2.8132
0
0
0
0
0
0
0
0
0
0
-3.3046
0
-3.0906
0
0
0
9.2084
0
0
0
0
0
0
0
0
0
0
0
0
0
0
0
0
0
0
0
0
0
0
0
0
0
0
0
0
0
0
0
0
0
0
0
0
0
0
0
0
0
0
0
0
0
0
0
0
0
0
0
0
0
0
0
0
0
0
0
0
0
0
0
0
0
0
0
0
0
0
0
0
0
0
0
0
0
0
0
0
0
-4.8185
0
0
0
0
0
0
0
0
-4.3483
0
0
0
0
0
0
0
0
0
0
0
0
0
0
0
0
0
0
0
0
0
0
0
0
0
0
0
15.2089
0
0
0
0
0
0
0
0
0
0
0
0
0
0
0
0
0
0
0
0
0
0
0
0
0
0
0
0
0
0
0
0
0
0
0
0
0
0
0
0
0
0
-6.0422
0
0
0
0
0
0
0
0
0
0
0
0
0
0
0
0
0
0
0
0
0
0
0
0
0
-3.178
0
0
0
0
0
0
0
0
0
0
0
0
0
0
0
0
0
0
0
0
0
0
0
0
0
0
0
0
0
0
0
0
0
0
0
0
0
-3.2021
0
0
0
0
0
0
0
0
0
0
0
6.9925
0
0
0
0
0
0
0
0
0
0
0
0
0
0
0
0
0
0
0
0
0
0
0
0
0
0
0
0
0
0
0
-0.61243
0
0
0
0
0
0
0
0
0
0
0
0
0
0
0
0
0
0
0
0
0
0
0
0
0
0
0
0
0
0
0
0
0
0
0
0
0
0
0
0
0
0
-3.8016
0
0
0
0
0
0
0
0
0
0
0
0
0
0
0
0
0
0
0
0
0
-3.3914
0
0
0
0
0
0
0
0
0
0
0
0
0
0
0
0
0
0
0
0
0
12.0099
0
0
0
0
0
0
0
0
0
0
0
0
0
0
0
0
0
0
0
0
0
0
0
0
0
-4.8169
0
0
0
0
0
0
0
0
0
0
0
0
0
0
0
0
0
0
0
0
0
0
0
0
0
0
0
0
0
0
0
0
0
0
0
0
0
0
0
0
0
0
0
0
0
0
0
0
0
0
0
0
0
0
0
0
0
0
0
0
0
0
0
0
0
0
0
0
0
0
0
0
0
0
0
0
0
0
0
0
0
-4.3178
0
0
0
0
0
0
0
0
0
0
8.6607
0
0
0
0
0
-4.3429
0
0
0
0
0
0
0
0
0
0
0
0
0
0
0
0
0
0
0
0
0
0
0
0
0
0
0
0
0
0
0
0
0
0
0
0
0
0
0
0
0
0
0
0
0
0
0
0
0
0
0
0
0
0
0
0
0
0
0
0
0
0
0
0
0
0
0
0
0
0
0
0
0
0
0
0
0
0
0
0
0
0
0
0
0
0
0
0
0
0
0
0
0
0
0
0
0
0
0
0
0
0
0
0
-3.9349
0
0
0
0
0
0
0
8.0159
0
0
0
0
0
0
0
0
0
0
0
0
0
0
0
-4.081
0
0
0
0
0
0
0
0
0
0
0
0
0
0
0
0
0
0
0
0
0
0
0
0
0
0
0
0
0
0
0
0
0
0
0
0
0
0
0
0
0
0
0
0
0
0
0
0
0
0
0
0
0
0
0
0
0
0
0
0
0
0
0
0
0
0
0
0
0
0
0
0
0
0
0
0
0
0
0
0
0
0
0
0
0
0
0
0
0
0
0
0
0
-3.9441
0
0
0
0
0
0
0
0
7.9508
0
0
0
0
0
0
0
0
0
-4.0067
0
0
0
0
0
0
0
0
0
0
0
0
0
0
0
0
0
0
0
0
0
0
0
0
0
0
0
0
0
0
0
0
0
0
0
-5.121
0
0
0
0
0
0
0
0
0
0
0
0
0
0
0
0
0
0
0
0
0
0
0
0
0
0
0
0
0
0
0
0
0
0
0
0
0
0
0
0
0
0
0
0
0
0
0
0
0
0
0
0
0
0
0
0
-4.1263
0
0
0
0
0
0
0
0
0
0
0
0
0
0
0
9.2473
0
0
0
0
0
0
0
0
0
0
0
0
0
0
0
0
0
0
0
0
0
0
0
0
0
0
0
0
0
0
0
0
0
0
0
0
0
0
0
0
0
0
0
0
0
0
0
0
0
0
0
0
0
0
0
0
0
0
0
0
0
0
0
0
0
0
0
0
0
0
0
0
0
0
0
0
0
0
0
0
0
0
0
0
0
0
0
0
0
0
0
-1.0848
0
0
0
0
0
0
0
0
0
0
0
0
0
0
0
0
0
0
0
0
0
0
0
0
0
0
5.9404
0
0
0
0
0
-4.8556
0
0
0
0
0
0
0
0
0
0
0
0
0
0
0
0
0
0
0
0
0
0
0
0
0
0
0
0
0
0
0
0
0
0
0
0
0
0
0
0
0
0
0
0
0
0
0
0
0
0
0
0
0
0
0
0
0
0
0
0
0
0
0
0
0
0
0
0
0
0
0
0
0
0
0
0
0
0
0
0
0
0
0
0
0
0
0
0
0
0
0
0
0
0
0
0
0
0
0
0
0
0
0
0
0
0
0
0
0
0
0
0
8.828
0
0
0
0
0
-4.5461
0
0
0
-4.282
0
0
0
0
0
0
0
0
0
0
0
0
0
0
0
0
0
0
0
0
0
0
0
0
0
0
0
0
0
0
0
0
0
0
0
0
0
0
0
0
0
0
0
0
0
0
0
0
0
0
0
0
0
0
0
0
0
0
0
0
0
0
0
0
0
0
0
0
0
0
0
0
0
0
0
0
0
0
0
0
0
0
0
0
0
0
0
0
0
-4.3226
0
0
0
0
0
0
0
0
0
0
0
0
-4.3429
0
0
0
0
0
8.6655
0
0
0
0
0
0
0
0
0
0
0
0
0
0
0
0
0
0
0
0
0
0
0
0
0
0
0
0
0
0
0
0
0
0
0
0
0
0
0
0
0
0
0
0
0
0
0
0
0
0
0
0
0
0
0
0
0
0
0
0
0
0
0
0
0
0
0
0
0
0
0
0
0
0
0
0
0
0
0
-4.9324
0
0
0
0
0
0
0
0
0
0
0
0
0
0
0
0
0
0
0
0
0
0
0
0
0
0
0
0
0
0
0
0
0
0
0
0
0
0
9.0668
0
0
0
0
0
0
-4.1344
0
0
0
0
0
0
0
0
0
0
0
0
0
0
0
0
0
0
0
0
0
0
0
0
0
0
0
0
0
0
0
0
0
0
0
0
0
0
0
0
0
0
0
0
0
0
0
-5.0693
0
0
0
0
0
0
0
0
0
0
0
0
0
0
0
0
0
0
0
0
0
0
0
0
0
0
0
0
0
0
0
0
0
0
0
0
0
0
0
0
0
0
0
0
0
0
0
0
0
0
0
0
0
0
0
0
0
0
0
0
0
0
0
9.2117
0
0
0
0
0
-4.1424
0
0
0
0
0
0
0
0
0
0
0
0
0
0
0
0
0
0
0
0
0
0
0
0
0
0
0
0
-5.1637
0
0
0
0
0
0
0
0
0
0
0
0
0
0
0
0
0
0
0
0
0
0
0
0
0
0
0
0
0
0
0
0
0
0
0
0
0
0
0
0
0
0
0
0
0
0
0
0
0
0
0
0
0
0
0
0
0
0
0
0
0
-4.0758
0
0
0
0
0
0
0
0
0
0
0
0
0
0
0
0
0
0
0
0
0
9.2395
0
0
0
0
0
0
0
0
0
0
0
0
0
0
0
0
0
0
0
0
0
0
0
0
0
0
0
0
0
0
0
0
0
0
0
0
0
0
0
0
0
0
0
0
0
0
0
0
0
0
0
0
0
0
0
0
0
0
0
0
0
0
0
0
0
0
0
0
0
0
0
0
0
0
0
0
0
0
0
0
0
0
0
0
0
0
0
0
0
0
0
0
0
0
0
0
0
0
0
0
0
0
0
0
0
0
0
0
0
0
0
0
-4.8556
0
0
0
0
0
9.4578
0
0
-4.6021
0
0
0
0
0
0
0
0
0
0
0
0
0
0
0
0
0
0
0
0
0
0
0
0
0
0
0
0
0
0
0
0
0
0
0
0
0
0
0
0
0
0
0
0
0
0
0
0
0
0
0
0
0
0
0
0
0
0
0
0
0
0
0
0
0
0
0
0
0
0
0
0
0
0
0
0
0
0
0
0
0
0
0
0
0
0
-2.7429
0
0
0
0
0
0
0
0
0
0
0
0
0
0
0
0
0
0
0
0
0
0
-4.5461
0
0
0
0
0
7.289
0
0
0
0
0
0
0
0
0
0
0
0
0
0
0
0
0
0
0
0
0
0
0
0
0
0
0
0
0
0
0
0
0
0
0
0
0
0
0
0
0
0
0
0
0
0
0
0
0
0
0
0
0
0
0
0
0
0
0
0
0
0
0
0
0
0
0
-4.6718
0
0
0
0
0
0
0
0
0
0
0
0
0
0
0
0
0
0
0
0
0
0
0
0
0
0
0
0
0
0
0
0
0
0
0
0
0
0
0
0
-4.0067
0
0
0
0
0
0
0
0
0
8.6785
0
0
0
0
0
0
0
0
0
0
0
0
0
0
0
0
0
0
0
0
0
0
0
0
0
0
0
0
0
0
0
0
0
0
0
0
0
0
0
0
0
0
0
0
0
0
0
0
0
0
0
0
0
0
0
0
0
0
0
0
0
0
0
0
0
0
0
0
0
0
0
0
0
0
0
0
0
0
0
0
0
0
0
0
0
0
0
0
0
0
-2.4799
0
0
0
0
0
0
0
0
0
0
0
0
0
0
0
0
0
0
0
0
0
0
0
0
-4.6021
0
0
7.0821
0
0
0
0
0
0
0
0
0
0
0
0
0
0
0
0
0
0
0
0
0
0
0
0
0
0
0
0
0
0
0
0
0
0
0
0
0
0
0
0
0
0
0
0
0
0
0
0
0
0
0
0
0
0
0
0
0
0
0
0
0
0
0
0
0
0
0
0
0
0
0
0
0
0
0
0
0
0
0
0
0
0
0
0
0
0
0
0
0
0
0
0
0
0
0
0
0
0
0
0
0
0
0
0
0
0
0
0
0
0
0
-4.1344
-4.1424
0
0
0
0
0
8.2768
0
0
0
0
0
0
0
0
0
0
0
0
0
0
0
0
0
0
0
0
0
0
0
0
0
0
0
0
0
0
0
0
0
0
0
0
0
0
0
0
0
0
0
0
0
0
0
0
0
0
0
0
0
0
0
0
0
0
0
0
0
0
0
0
0
0
0
0
-2.8706
0
0
0
0
0
0
0
0
0
0
0
0
0
0
0
0
0
0
0
0
0
0
0
0
0
0
0
0
0
0
0
0
0
0
0
0
0
0
0
-4.282
0
0
0
0
0
0
0
0
0
7.1525
0
0
0
0
0
0
0
0
0
0
0
0
0
0
0
0
0
0
0
0
0
0
0
0
0
0
-4.957
0
0
0
0
0
0
0
0
0
0
0
0
-4.8874
0
0
0
0
0
0
0
0
0
0
0
0
0
0
0
0
0
0
0
0
0
0
0
0
0
0
0
0
0
0
0
0
0
0
0
0
0
0
0
0
0
0
0
0
0
0
0
0
0
0
0
0
0
0
0
0
0
0
0
0
0
0
0
0
0
0
0
0
0
0
0
0
0
0
0
0
0
0
9.8445
0
0
0
0
0
0
0
0
0
0
0
0
0
0
0
0
0
0
0
0
0
0
0
0
0
0
0
0
0
0
0
0
0
0
0
0
0
0
0
0
0
0
0
0
0
0
0
0
0
0
0
-4.6248
0
0
0
0
0
0
0
0
0
0
0
0
0
0
0
0
0
0
0
0
0
0
0
0
0
0
0
0
0
0
0
0
0
0
0
0
0
0
0
0
0
0
0
0
0
0
0
0
0
0
-4.081
0
0
0
0
0
0
0
0
0
0
0
0
0
0
0
8.7058
0
0
0
0
0
0
0
0
0
0
0
0
0
0
0
0
0
0
0
0
0
0
0
0
0
0
0
0
0
0
0
0
0
0
0
0
0
0
0
0
0
0
0
0
0
0
0
0
0
0
0
0
0
0
0
0
0
0
0
0
0
0
0
0
0
0
-5.3176
0
0
0
0
0
0
0
0
0
0
0
0
0
0
0
0
0
0
0
0
0
0
0
0
0
0
0
0
0
0
0
0
0
0
0
0
0
0
0
0
0
0
0
0
0
0
0
0
0
0
0
5.3176
0
0
0
0
0
0
0
0
0
0
0
0
0
0
0
0
0
0
0
0
0
0
0
0
0
0
0
0
0
0
0
0
0
0
0
0
0
0
0
0
0
0
0
0
0
0
0
0
0
0
0
0
0
0
0
0
0
0
0
0
0
0
0
0
0
0
0
0
0
0
0
0
0
0
0
0
0
0
0
0
0
0
0
0
0
0
0
0
0
0
-5.6786
0
0
0
0
0
0
0
0
0
0
0
0
0
0
0
0
0
0
0
0
0
0
0
0
0
0
0
5.6786
0
0
0
0
0
0
0
0
0
0
0
0
0
0
0
0
0
0
0
0
0
0
0
0
0
0
0
0
0
0
0
0
0
0
0
0
0
0
0
0
0
0
0
0
0
0
0
0
0
0
0
0
0
0
0
0
0
0
0
0
0
0
0
0
0
0
0
0
0
0
0
0
-4.4765
0
0
0
0
0
0
0
0
0
0
0
0
0
0
0
0
0
0
0
0
0
0
0
0
0
0
0
0
0
0
0
0
0
0
0
0
0
0
0
0
0
0
0
0
0
4.4765
0
0
0
0
0
0
0
0
0
0
0
0
0
0
0
0
0
0
0
0
0
0
0
0
0
0
0
0
0
0
0
0
0
0
0
0
0
0
0
0
0
0
0
0
0
0
0
0
0
0
0
0
0
0
0
0
0
0
0
0
0
0
0
0
0
0
0
0
0
0
0
0
0
0
0
0
0
0
0
0
0
0
0
0
0
0
0
0
0
0
0
-4.6733
0
0
0
0
0
0
0
0
0
0
0
0
0
0
0
0
0
0
0
0
0
0
0
0
0
0
4.6733
0
0
0
0
0
0
0
0
0
0
0
0
0
0
0
0
0
0
0
0
0
0
0
0
0
0
0
0
0
0
0
0
0
0
0
0
0
0
0
0
0
0
0
0
0
0
0
0
0
0
0
0
0
0
0
0
0
0
0
0
0
0
0
0
0
0
0
-4.7578
0
0
0
0
0
0
0
0
0
0
0
0
0
0
0
0
0
0
0
0
0
0
0
0
0
0
0
0
0
0
0
0
0
0
0
0
0
0
0
0
0
0
0
0
0
0
0
0
0
0
4.7578
0
0
0
0
0
0
0
0
0
0
0
0
0
0
0
0
0
0
0
0
0
0
0
0
0
0
0
0
0
0
0
0
0
0
0
0
0
0
0
0
0
0
0
0
0
0
0
0
0
0
0
0
0
0
0
0
0
0
-6.0475
0
0
0
0
0
0
0
0
0
0
0
0
0
0
0
0
0
0
0
0
0
0
0
0
0
0
0
0
0
0
0
0
0
0
0
0
0
0
0
0
0
0
0
0
0
0
0
0
0
0
0
0
0
0
0
0
0
0
0
6.0475
0
0
0
0
0
0
0
0
0
0
0
0
0
0
0
0
0
0
0
0
0
0
0
0
0
0
0
0
0
0
0
0
0
0
0
0
0
0
0
0
0
0
0
0
0
-7.3993
0
0
0
0
0
0
0
0
0
0
0
0
0
0
0
0
0
0
0
0
0
0
0
0
0
0
0
0
0
0
0
0
0
0
0
0
0
0
0
0
0
0
0
0
0
0
0
0
0
0
0
0
0
0
0
0
0
0
0
0
0
0
0
0
0
0
0
0
0
0
0
0
7.3993
0
0
0
0
0
0
0
0
0
0
0
0
0
0
0
0
0
0
0
0
0
0
0
0
0
0
0
0
0
0
0
0
0
0
0
0
0
0
0
0
0
0
0
0
0
0
0
0
0
0
0
0
0
0
0
0
0
0
0
0
0
0
0
0
0
0
0
0
0
0
0
0
0
0
0
0
0
0
0
0
0
0
0
0
0
0
0
0
0
0
0
0
-4.8169
0
0
0
0
0
0
0
0
0
0
0
0
0
0
0
0
0
0
0
0
0
0
0
0
0
4.8169
0
0
0
0
0
0
0
0
0
0
0
0
0
0
0
0
0
0
0
0
0
0
0
0
0
0
0
0
0
0
0
0
0
0
0
0
0
0
0
0
0
0
0
0
0
0
0
0
0
0
0
0
0
0
0
0
0
0
0
0
0
0
0
0
0
0
0
0
0
0
0
0
0
0
0
0
0
0
0
0
0
0
0
0
0
0
0
-3.8276
0
0
0
0
0
0
0
0
0
0
0
0
0
0
0
0
0
0
0
0
0
0
0
0
0
0
0
0
0
0
3.8276
0
0
0
0
0
0
0
0
0
0
0
0
0
0
0
0
0
0
0
0
0
0
0
0
0
0
0
0
0
0
0
0
0
0
0
0
0
0
0
0
0
0
0
0
0
0
0
0
0
0
0
0
0
0
0
0
0
0
0
0
0
0
0
0
0
0
0
-4.0137
0
0
0
0
0
0
0
0
0
0
0
0
0
0
0
0
0
0
0
0
0
0
0
0
0
0
0
0
0
0
0
0
0
0
0
0
0
0
0
0
0
0
0
0
0
0
0
0
0
0
4.0137
0
0
0
0
0
0
0
0
0
0
0
0
0
0
0
0
0
0
0
0
0
0
0
0
0
0
0
0
0
0
0
0
0
0
0
0
0
0
0
0
0
0
0
0
0
0
0
0
0
0
0
0
0
0
0
0
0
0
0
-5.0274
0
0
0
0
0
0
0
0
0
0
0
0
0
0
0
0
0
0
0
0
0
0
0
0
0
0
0
0
0
0
0
0
0
0
0
0
0
0
0
0
0
0
0
0
0
0
0
0
0
0
0
0
0
0
0
0
0
0
5.0274
0
0
0
0
0
0
0
0
0
0
0
0
0
0
0
0
0
0
0
0
0
0
0
0
0
0
0
0
0
0
-7.3657
0
0
0
0
0
0
0
0
0
0
0
0
0
0
0
0
0
0
0
0
0
0
0
0
0
0
0
0
0
0
0
0
0
0
0
0
0
0
0
0
0
0
0
0
0
0
0
0
0
0
0
0
0
0
0
0
0
0
0
0
0
0
0
0
0
0
0
0
0
0
0
0
0
0
0
0
0
0
0
0
0
0
0
0
0
0
0
7.3657
0
0
0
0
0
0
0
0
0
0
0
0
0
0
0
0
0
0
0
0
0
0
0
0
0
0
0
0
0
0
0
0
0
0
0
0
0
0
0
0
0
0
0
0
0
0
0
0
0
0
0
0
0
0
0
0
0
0
0
0
0
0
0
0
0
0
0
0
0
0
0
0
0
0
0
0
0
0
0
0
0
0
0
0
0
0
-0.61243
0
0
0
0
0
0
0
0
0
0
0
0
0
0
0
0
0
0
0
0
0
0
0
0
0
0
0
0
0
0
0
0.61243
0
0
0
0
0
0
0
0
0
0
0
0
0
0
0
-8.568
0
0
0
0
0
0
0
0
0
0
0
0
0
0
0
0
0
0
0
0
0
0
0
0
0
0
0
0
0
0
0
0
0
0
0
0
0
0
0
0
0
0
0
0
0
0
0
0
0
0
0
0
0
0
0
0
0
0
0
0
0
0
0
0
0
0
0
0
0
0
0
0
0
0
0
0
0
0
0
0
0
0
0
0
0
0
0
0
0
0
0
0
0
0
0
0
0
0
0
0
0
0
8.568
0
0
0
0
0
0
0
0
0
0
0
0
0
0
0
0
0
0
0
0
0
0
0
0
0
0
0
0
0
0
-7.2469
0
0
0
0
0
0
0
0
0
0
0
0
0
0
0
0
0
0
0
0
0
0
0
0
0
0
0
0
0
0
0
0
0
0
0
0
0
0
0
0
0
0
0
0
0
0
0
0
0
0
0
0
0
0
0
0
0
0
0
0
0
0
0
0
0
0
0
0
0
0
0
0
0
0
0
0
0
0
0
0
0
0
0
0
0
0
0
7.2469
0
0
0
0
0
0
0
0
-8.3565
0
0
0
0
0
0
0
0
0
0
0
0
0
0
0
0
0
0
0
0
0
0
0
0
0
0
0
0
0
0
0
0
0
0
0
0
0
0
0
0
0
0
0
0
0
0
0
0
0
0
0
0
0
0
0
0
0
0
0
0
0
0
0
0
0
0
0
0
0
0
0
0
0
0
0
0
0
0
0
0
0
0
0
0
0
0
0
0
0
0
0
0
0
0
0
0
0
0
0
0
0
0
0
0
0
0
0
0
0
8.3565
0
0
0
0
0
0
0
0
0
0
0
0
0
0
0
0
0
0
0
0
0
0
0
0
0
0
0
0
0
0
0
0
0
0
0
0
0
0
0
-6.9284
0
0
0
0
0
0
0
0
0
0
0
0
0
0
0
0
0
0
0
0
0
0
0
0
0
0
0
0
0
0
0
0
0
0
0
0
0
0
0
0
0
0
0
0
0
0
0
0
0
0
0
0
0
0
0
0
0
0
0
0
0
0
0
0
0
0
0
0
0
0
0
0
0
0
0
0
0
0
6.9284
0
0
0
0
0
0
0
0
0
0
0
0
0
0
0
0
0
0
0
0
0
0
0
0
0
0
0
0
0
0
0
0
0
0
0
0
0
0
0
0
0
0
0
0
0
0
0
-6.0471
0
0
0
0
0
0
0
0
0
0
0
0
0
0
0
0
0
0
0
0
0
0
0
0
0
0
0
0
0
0
0
0
0
0
0
0
0
0
0
0
0
0
0
0
0
0
0
0
0
0
0
0
0
0
0
0
0
0
0
0
0
0
0
0
0
0
0
0
0
0
6.0471
0
0
0
0
0
0
0
0
0
0
0
0
0
0
0
-7.9481
0
0
0
0
0
0
0
0
0
0
0
0
0
0
0
0
0
0
0
0
0
0
0
0
0
0
0
0
0
0
0
0
0
0
0
0
0
0
0
0
0
0
0
0
0
0
0
0
0
0
0
0
0
0
0
0
0
0
0
0
0
0
0
0
0
0
0
0
0
0
0
0
0
0
0
0
0
0
0
0
0
0
0
0
0
0
0
0
0
0
0
0
0
0
0
0
0
0
0
0
0
0
7.9481
0
0
0
0
0
0
0
0
0
0
0
0
0
0
0
0
0
0
0
0
0
0
0
0
0
0
0
0
0
0
0
0
-7.3993
0
0
0
0
0
0
0
0
0
0
0
0
0
0
0
0
0
0
0
0
0
0
0
0
0
0
0
0
0
0
0
0
0
0
0
0
0
0
0
0
0
0
0
0
0
0
0
0
0
0
0
0
0
0
0
0
0
0
0
0
0
0
0
0
0
0
0
0
0
0
0
0
0
0
0
0
0
0
0
0
0
0
0
0
0
7.3993
0
0
0
0
0
0
0
0
0
0
0
0
0
0
0
0
-8.0209
0
0
0
0
0
0
0
0
0
0
0
0
0
0
0
0
0
0
0
0
0
0
0
0
0
0
0
0
0
0
0
0
0
0
0
0
0
0
0
0
0
0
0
0
0
0
0
0
0
0
0
0
0
0
0
0
0
0
0
0
0
0
0
0
0
0
0
0
0
0
0
0
0
0
0
0
0
0
0
0
0
0
0
0
0
0
0
0
0
0
0
0
0
0
0
0
0
0
0
0
0
8.0209
0
0
0
0
0
0
0
0
0
0
0
0
0
0
0
0
0
0
0
0
0
0
0
0
0
0
0
0
0
0
0
0
0
0
0
0
0
0
0
0
-6.2097
0
0
0
0
0
0
0
0
0
0
0
0
0
0
0
0
0
0
0
0
0
0
0
0
0
0
0
0
0
0
0
0
0
0
0
0
0
0
0
0
0
0
0
0
0
0
0
0
0
0
0
0
0
0
0
0
0
0
0
0
0
0
0
0
0
0
0
0
0
0
0
0
0
0
0
0
0
6.2097
0
0
0
0
0
0
0
0
0
0
0
0
0
0
0
0
0
0
0
0
0
0
0
0
0
0
0
0
0
0
0
0
0
0
0
0
0
0
0
0
0
0
0
0
0
0
0
0
0
0
0
0
0
0
0
0
0
0
0
0
0
0
0
0
0
0
0
0
0
0
0
0
0
0
0
-6.0422
0
0
0
0
0
0
0
0
0
0
0
0
0
0
0
0
0
0
0
0
0
0
0
0
0
0
0
0
0
0
0
0
0
0
0
0
0
0
0
0
0
0
6.0422
