77.7241
-0.8926
-0.8825
-0.87788
-0.87927
-0.88497
-0.859
-0.87264
-0.86314
-0.86138
-0.87085
-0.89139
-0.83213
-0.83206
-0.91118
-0.8874
-0.84365
-0.91114
-0.86883
-0.85217
-0.85219
-0.86635
-0.86095
-0.8434
-0.87384
-0.87365
-0.84823
-0.83815
-0.84076
-0.84331
-0.84947
-0.83718
-0.84949
-0.83558
-0.8566
-0.83557
-0.83619
-0.83662
-0.85602
-0.85102
-0.8337
-0.82836
-0.82193
-0.84743
-0.8179
-0.81792
-0.81536
-0.79642
-0.83032
-0.80484
-0.79781
-0.84252
-0.82939
-0.82877
-0.82921
-0.9132
-0.89442
-0.93466
-0.89152
-1.0041
-1.1082
-1.0633
-1.0997
-1.0694
-1.0924
-1.3851
-1.2791
-1.4765
-1.4634
-2.0012
0
-2.4874
0
0
0
-2.5607
0
0
0
0
0
0
0
0
0
0
0
0
0
0
0
0
0
0
0
0
0
0
0
0
0
0
0
0
0
0
0
0
0
0
0
0
0
0
-9.0991
0
0
0
0
0
0
0
0
0
0
-0.8926
75.484
-0.86844
-0.86411
-0.86892
-0.87276
-0.84723
-0.86074
-0.85128
-0.84956
-0.85864
-0.87902
-0.82006
-0.81999
-0.89845
-0.87503
-0.83155
-0.89843
-0.85625
-0.84001
-0.84004
-0.85569
-0.84844
-0.83133
-0.86145
-0.86125
-0.83597
-0.82605
-0.82986
-0.8311
-0.83731
-0.8158
-0.83731
-0.82351
-0.84396
-0.82352
-0.8241
-0.82653
-0.84362
-0.83887
-0.82439
-0.81637
-0.80953
-0.83931
-0.806
-0.80601
-0.80343
-0.78474
-0.81858
-0.79294
-0.78586
-0.82973
-0.81684
-0.81659
-0.81691
-0.89889
-0.88145
-0.92142
-0.87946
-0.9904
-1.0952
-1.0504
-1.0866
-1.0555
-1.0783
-1.3714
-1.2844
-1.4593
-1.4473
0
0
-2.4702
0
-3.2316
0
0
0
0
0
0
0
0
0
0
0
0
0
0
0
0
0
0
0
0
0
0
0
0
0
0
0
0
0
0
0
0
-9.026
0
0
0
0
0
0
0
0
0
0
0
0
0
0
0
0
0
0
-0.8825
-0.86844
71.1964
-0.85793
-0.86394
-0.86717
-0.84192
-0.85513
-0.84557
-0.84381
-0.85314
-0.87159
-0.81462
-0.81454
-0.89239
-0.86752
-0.82603
-0.89235
-0.85109
-0.83448
-0.83451
-0.84878
-0.84311
-0.82662
-0.85566
-0.85545
-0.83054
-0.82072
-0.82524
-0.82571
-0.83198
-0.81904
-0.83199
-0.81822
-0.83531
-0.81821
-0.81876
-0.81959
-0.83803
-0.83353
-0.81908
-0.81109
-0.80436
-0.83529
-0.80074
-0.80075
-0.79821
-0.77945
-0.81334
-0.7877
-0.78061
-0.82441
-0.80873
-0.8113
-0.81199
-0.89338
-0.87604
-0.91405
-0.87405
-0.9758
-1.0896
-1.0449
-1.0811
-1.0496
-1.0728
-1.3668
-1.2617
-1.4534
-1.4435
0
0
-2.4753
0
0
0
0
0
0
0
0
0
0
0
0
0
0
0
0
0
0
0
0
0
0
0
0
0
0
0
-8.3622
0
0
0
0
0
0
0
0
0
0
0
0
0
0
0
0
0
0
0
0
0
0
0
0
0
-0.87788
-0.86411
-0.85793
70.3313
-0.85684
-0.85718
-0.83567
-0.84536
-0.83578
-0.83389
-0.84317
-0.86171
-0.80477
-0.80469
-0.88081
-0.8575
-0.81608
-0.88077
-0.84128
-0.82449
-0.8245
-0.83862
-0.83329
-0.81674
-0.84467
-0.84448
-0.81985
-0.81051
-0.81512
-0.81551
-0.82194
-0.80966
-0.82193
-0.80832
-0.82664
-0.80832
-0.80885
-0.80981
-0.82501
-0.82353
-0.80929
-0.8012
-0.79583
-0.82584
-0.79092
-0.79091
-0.78808
-0.76975
-0.80319
-0.77793
-0.77085
-0.81389
-0.79921
-0.80145
-0.80237
-0.88042
-0.86801
-0.8997
-0.86187
-0.96894
-1.0788
-1.0342
-1.0703
-1.0376
-1.0618
-1.3556
-1.2521
-1.4478
-1.4316
0
0
0
0
0
0
0
0
-2.1015
0
0
0
0
0
0
0
0
0
0
0
0
0
0
0
0
0
0
0
0
0
0
0
0
0
0
0
0
0
0
0
0
0
0
0
0
0
0
0
0
-8.5332
0
0
0
0
0
0
-0.87927
-0.86892
-0.86394
-0.85684
65.1488
-0.87198
-0.84374
-0.85873
-0.84913
-0.84746
-0.85706
-0.87066
-0.81803
-0.81795
-0.89727
-0.86857
-0.82951
-0.89724
-0.85557
-0.83823
-0.83823
-0.85308
-0.84703
-0.83067
-0.8597
-0.8595
-0.83517
-0.82423
-0.82936
-0.83112
-0.83571
-0.82333
-0.83571
-0.82186
-0.84245
-0.82186
-0.82234
-0.82363
-0.84175
-0.83737
-0.8209
-0.81484
-0.809
-0.83969
-0.80431
-0.80431
-0.80174
-0.78311
-0.81808
-0.7913
-0.78411
-0.82971
-0.80507
-0.81496
-0.81573
-0.90142
-0.8815
-0.9175
-0.87922
-0.98529
-1.0941
-1.0492
-1.0856
-1.0543
-1.0805
-1.3742
-1.2712
-1.4667
-1.459
-2.0121
0
-2.4959
0
0
0
0
0
0
0
0
0
0
0
0
0
0
0
0
0
0
0
0
0
0
0
0
0
0
0
0
0
0
0
0
0
0
0
0
0
0
0
0
0
0
0
0
0
0
0
0
0
0
0
0
0
-0.88497
-0.87276
-0.86717
-0.85718
-0.87198
63.9674
-0.84792
-0.85927
-0.84966
-0.84806
-0.85767
-0.87176
-0.81858
-0.81851
-0.89892
-0.87012
-0.83045
-0.89888
-0.8567
-0.83926
-0.83928
-0.85395
-0.8483
-0.83169
-0.85921
-0.85901
-0.83492
-0.8247
-0.82979
-0.83041
-0.83673
-0.82425
-0.83674
-0.82283
-0.84281
-0.82284
-0.82327
-0.82449
-0.84251
-0.83833
-0.82401
-0.81574
-0.80936
-0.84082
-0.80522
-0.80521
-0.80202
-0.78435
-0.81819
-0.79221
-0.78499
-0.83169
-0.80638
-0.81583
-0.81687
-0.90148
-0.88454
-0.91934
-0.88127
-0.98578
-1.0959
-1.051
-1.0875
-1.0537
-1.0567
-1.3773
-1.2735
-1.4673
-1.4611
0
0
0
0
0
0
0
0
0
0
0
0
0
0
0
0
0
0
0
0
0
-3.2722
0
0
0
0
0
0
0
0
0
0
0
0
0
0
0
0
0
0
0
0
0
0
0
0
0
0
0
0
0
0
0
0
0
0
-0.859
-0.84723
-0.84192
-0.83567
-0.84374
-0.84792
61.644
-0.83863
-0.82814
-0.82628
-0.83553
-0.84815
-0.79686
-0.79678
-0.8787
-0.84647
-0.80814
-0.87866
-0.83392
-0.81677
-0.81679
-0.83053
-0.8254
-0.80927
-0.83772
-0.83753
-0.81342
-0.80283
-0.80789
-0.80951
-0.8142
-0.80181
-0.81419
-0.80041
-0.82042
-0.80041
-0.8008
-0.8021
-0.8198
-0.81569
-0.80146
-0.79336
-0.78741
-0.81805
-0.78293
-0.78294
-0.78042
-0.76204
-0.79664
-0.77002
-0.76289
-0.8081
-0.78346
-0.7934
-0.79394
-0.87872
-0.85962
-0.89511
-0.85749
-0.96227
-1.0705
-1.0259
-1.062
-1.0311
-1.057
-1.3499
-1.2469
-1.4407
-1.4341
0
0
-2.4665
0
0
0
0
0
0
0
0
0
0
0
0
0
0
0
0
0
0
0
0
0
0
0
0
0
0
0
0
0
0
0
0
0
0
0
0
0
0
0
0
0
0
0
0
0
0
0
0
0
0
0
0
0
-0.87264
-0.86074
-0.85513
-0.84536
-0.85873
-0.85927
-0.83863
59.8622
-0.83709
-0.83563
-0.84535
-0.85895
-0.80599
-0.80592
-0.8834
-0.85704
-0.81753
-0.88336
-0.84388
-0.82642
-0.82642
-0.8419
-0.83536
-0.81902
-0.84811
-0.84792
-0.82332
-0.81235
-0.81768
-0.82001
-0.82399
-0.81164
-0.82398
-0.81009
-0.83103
-0.81009
-0.81046
-0.81181
-0.83034
-0.82543
-0.81124
-0.803
-0.79698
-0.82798
-0.79244
-0.79246
-0.7898
-0.77174
-0.80588
-0.77953
-0.77235
-0.81809
-0.79343
-0.80302
-0.80457
-0.88987
-0.87108
-0.90612
-0.86803
-0.97279
-1.0814
-1.0366
-1.0728
-1.0417
-1.0679
-1.3614
-1.2581
-1.453
-1.4469
0
0
0
0
0
0
0
0
0
0
0
0
0
0
0
0
0
0
0
0
0
0
0
0
0
0
0
0
0
0
0
0
0
0
0
0
0
0
0
0
0
0
0
0
0
0
0
0
0
0
0
0
0
0
0
0
-0.86314
-0.85128
-0.84557
-0.83578
-0.84913
-0.84966
-0.82814
-0.83709
57.7254
-0.82551
-0.83393
-0.84829
-0.79546
-0.79538
-0.87352
-0.8465
-0.80708
-0.87347
-0.8335
-0.81605
-0.81606
-0.83492
-0.82491
-0.80863
-0.83764
-0.83745
-0.81281
-0.80197
-0.80729
-0.80985
-0.81362
-0.80126
-0.81363
-0.79975
-0.82053
-0.79975
-0.80002
-0.80138
-0.81986
-0.81488
-0.80077
-0.79259
-0.78663
-0.81733
-0.78207
-0.78207
-0.77945
-0.76142
-0.79533
-0.7692
-0.76206
-0.80731
-0.78388
-0.79261
-0.79415
-0.87916
-0.86023
-0.89491
-0.85718
-0.96183
-1.07
-1.0253
-1.0615
-1.0307
-1.0567
-1.3493
-1.2459
-1.4411
0
0
0
0
0
0
0
0
0
0
0
0
0
0
0
0
0
0
0
0
0
0
0
0
0
0
0
0
0
0
0
0
0
0
0
0
0
0
0
0
0
0
0
0
0
0
0
0
0
0
0
0
0
0
0
0
0
-0.86138
-0.84956
-0.84381
-0.83389
-0.84746
-0.84806
-0.82628
-0.83563
-0.82551
56.1263
-0.83223
-0.84544
-0.79214
-0.79205
-0.87075
-0.84371
-0.80429
-0.87072
-0.82993
-0.81351
-0.81353
-0.82969
-0.82237
-0.80611
-0.83623
-0.83602
-0.81069
-0.79941
-0.80475
-0.80841
-0.81117
-0.79878
-0.81117
-0.79726
-0.81934
-0.79725
-0.7975
-0.79883
-0.81714
-0.81234
-0.79825
-0.79011
-0.78393
-0.81466
-0.77954
-0.77955
-0.77689
-0.759
-0.79282
-0.76672
-0.75956
-0.80497
-0.78143
-0.79011
-0.79164
-0.8766
-0.85746
-0.89318
-0.85516
-0.9593
-1.0675
-1.0229
-1.0589
-1.0283
-1.0538
-1.3469
-1.2428
0
0
0
0
0
0
0
0
0
0
0
0
0
0
0
0
0
0
0
0
0
0
0
0
0
0
0
0
0
0
0
0
0
0
0
0
0
0
0
0
0
0
0
0
0
0
0
0
0
0
0
0
0
0
0
0
0
0
-0.87085
-0.85864
-0.85314
-0.84317
-0.85706
-0.85767
-0.83553
-0.84535
-0.83393
-0.83223
59.0932
-0.85459
-0.80174
-0.80168
-0.87913
-0.85227
-0.81345
-0.87909
-0.83918
-0.82239
-0.82242
-0.82516
-0.83086
-0.81517
-0.84415
-0.84396
-0.81939
-0.80809
-0.81354
-0.81624
-0.81998
-0.80769
-0.81998
-0.80608
-0.82685
-0.8061
-0.80641
-0.80831
-0.82604
-0.82132
-0.80716
-0.79896
-0.79324
-0.82293
-0.78842
-0.78842
-0.78548
-0.76756
-0.8018
-0.77551
-0.76837
-0.81388
-0.79067
-0.79901
-0.80031
-0.88682
-0.86672
-0.90242
-0.86368
-0.96882
-1.0772
-1.0325
-1.0688
-1.0382
-1.0644
-1.3565
0
0
0
0
0
0
0
0
0
0
0
0
0
0
0
-3.6467
0
0
0
0
0
0
0
0
0
0
0
0
0
0
0
0
0
0
0
0
0
0
0
0
0
0
0
0
0
0
0
0
0
0
0
0
0
0
0
0
0
0
0
-0.89139
-0.87902
-0.87159
-0.86171
-0.87066
-0.87176
-0.84815
-0.85895
-0.84829
-0.84544
-0.85459
60.2737
-0.81523
-0.81516
-0.89388
-0.86842
-0.82546
-0.89385
-0.85196
-0.83429
-0.83429
-0.85274
-0.8437
-0.82751
-0.85877
-0.85856
-0.83074
-0.82102
-0.82594
-0.82995
-0.83155
-0.82145
-0.83156
-0.8174
-0.84056
-0.81741
-0.81755
-0.82143
-0.84111
-0.83431
-0.82003
-0.81199
-0.80553
-0.83708
-0.80114
-0.80115
-0.79981
-0.78067
-0.81176
-0.7879
-0.78075
-0.82877
-0.74258
-0.81149
-0.81246
-0.90052
-0.88091
-0.92142
-0.87893
-0.99024
-1.09
-1.0451
-1.0816
-1.0571
-1.079
0
0
0
0
0
0
0
0
0
0
0
0
0
0
0
0
0
0
0
0
-5.3584
0
0
0
0
0
0
0
0
0
0
0
0
0
0
0
0
0
0
0
0
0
0
0
0
0
0
0
0
0
0
0
0
0
0
0
0
0
0
0
-0.83213
-0.82006
-0.81462
-0.80477
-0.81803
-0.81858
-0.79686
-0.80599
-0.79546
-0.79214
-0.80174
-0.81523
52.948
-0.75132
-0.84039
-0.8136
-0.77547
-0.84036
-0.79988
-0.78458
-0.78459
-0.802
-0.79274
-0.77719
-0.80654
-0.80633
-0.78161
-0.76994
-0.77514
-0.78017
-0.78185
-0.76917
-0.78185
-0.76789
-0.7884
-0.76789
-0.76782
-0.76975
-0.78649
-0.78231
-0.76834
-0.76055
-0.75428
-0.78413
-0.75002
-0.75003
-0.74717
-0.72959
-0.76303
-0.73741
-0.73038
-0.77482
-0.75153
-0.76046
-0.7616
-0.84459
-0.82627
-0.86134
-0.8245
-0.92712
-1.0347
-0.99064
-1.0263
-0.99567
-1.0211
-1.3115
0
0
0
0
0
0
0
0
0
0
0
0
0
0
0
0
0
0
0
0
0
0
0
0
0
0
0
0
0
0
0
0
0
0
0
0
0
0
0
0
0
0
0
0
0
0
0
0
0
0
0
0
0
0
0
0
0
0
0
-0.83206
-0.81999
-0.81454
-0.80469
-0.81795
-0.81851
-0.79678
-0.80592
-0.79538
-0.79205
-0.80168
-0.81516
-0.75132
52.943
-0.84033
-0.81353
-0.77541
-0.84028
-0.7998
-0.7845
-0.78452
-0.80194
-0.79267
-0.77712
-0.80646
-0.80627
-0.78153
-0.76986
-0.77506
-0.78011
-0.78177
-0.76909
-0.78178
-0.76781
-0.78833
-0.76781
-0.76775
-0.76966
-0.7864
-0.78223
-0.76825
-0.76046
-0.7542
-0.78404
-0.74995
-0.74995
-0.74708
-0.72953
-0.76295
-0.73734
-0.7303
-0.77473
-0.75145
-0.76039
-0.7615
-0.8445
-0.82619
-0.86125
-0.82441
-0.92704
-1.0346
-0.99055
-1.0262
-0.99559
-1.0211
-1.3115
0
0
0
0
0
0
0
0
0
0
0
0
0
0
0
0
0
0
0
0
0
0
0
0
0
0
0
0
0
0
0
0
0
0
0
0
0
0
0
0
0
0
0
0
0
0
0
0
0
0
0
0
0
0
0
0
0
0
0
-0.91118
-0.89845
-0.89239
-0.88081
-0.89727
-0.89892
-0.8787
-0.8834
-0.87352
-0.87075
-0.87913
-0.89388
-0.84039
-0.84033
62.1265
-0.89083
-0.85021
-0.92386
-0.87551
-0.85877
-0.85879
-0.87408
-0.86751
-0.85119
-0.8804
-0.8802
-0.85409
-0.84397
-0.84913
-0.85002
-0.85611
-0.84372
-0.85613
-0.84201
-0.86255
-0.842
-0.84244
-0.84495
-0.86194
-0.85751
-0.84308
-0.83479
-0.82775
-0.85907
-0.82414
-0.82413
-0.82112
-0.8031
-0.83682
-0.8111
-0.8038
-0.84784
-0.82938
-0.83489
-0.8355
-0.91833
-0.90108
-0.93788
-0.89901
-1.0086
-1.1159
-1.0709
-1.1074
0
0
0
0
0
0
0
0
0
0
0
0
0
0
0
0
0
0
0
0
0
0
0
0
0
0
0
0
0
0
0
0
0
0
0
0
0
0
0
0
0
-7.8737
0
0
0
0
0
0
0
0
0
0
0
0
0
0
0
0
0
0
0
0
-0.8874
-0.87503
-0.86752
-0.8575
-0.86857
-0.87012
-0.84647
-0.85704
-0.8465
-0.84371
-0.85227
-0.86842
-0.8136
-0.81353
-0.89083
57.7801
-0.82286
-0.89079
-0.84906
-0.83162
-0.83164
-0.85629
-0.84097
-0.82478
-0.85662
-0.85644
-0.83037
-0.81815
-0.82323
-0.82875
-0.82898
-0.81951
-0.82898
-0.81616
-0.83865
-0.81616
-0.81657
-0.81861
-0.83742
-0.83145
-0.81724
-0.80874
-0.80212
-0.83392
-0.79819
-0.7982
-0.79677
-0.77602
-0.80953
-0.78531
-0.77805
-0.82482
-0.80579
-0.80873
-0.80957
-0.89643
-0.87745
-0.86248
-0.87482
-0.98511
-1.0874
-1.0426
-1.079
0
0
0
0
0
0
0
0
0
0
0
0
0
0
0
0
0
0
0
0
0
0
0
0
-5.1493
0
0
0
0
0
0
0
0
0
0
0
0
0
0
0
0
0
0
0
0
0
0
0
0
0
0
0
0
0
0
0
0
0
0
0
0
0
-0.84365
-0.83155
-0.82603
-0.81608
-0.82951
-0.83045
-0.80814
-0.81753
-0.80708
-0.80429
-0.81345
-0.82546
-0.77547
-0.77541
-0.85021
-0.82286
51.2871
-0.85017
-0.80994
-0.79714
-0.79717
-0.80911
-0.80548
-0.78823
-0.81346
-0.81326
-0.78672
-0.78084
-0.78635
-0.78301
-0.79288
-0.78007
-0.79288
-0.77854
-0.79383
-0.77853
-0.77851
-0.78079
-0.7982
-0.79319
-0.77933
-0.77124
-0.76511
-0.79597
-0.76056
-0.76056
-0.75797
-0.74038
-0.77372
-0.74791
-0.74082
-0.78621
-0.76315
-0.77118
-0.77247
-0.85746
-0.83826
-0.8732
-0.83555
-0.93794
-1.046
-1.0018
-1.0376
-1.0072
0
0
0
0
0
0
0
0
0
0
0
0
0
0
0
0
0
0
0
0
0
0
0
0
0
0
0
0
0
0
0
0
0
0
0
0
0
0
0
0
0
0
0
0
0
0
0
0
0
0
0
0
0
0
0
0
0
0
0
0
0
-0.91114
-0.89843
-0.89235
-0.88077
-0.89724
-0.89888
-0.87866
-0.88336
-0.87347
-0.87072
-0.87909
-0.89385
-0.84036
-0.84028
-0.92386
-0.89079
-0.85017
62.1238
-0.87546
-0.85873
-0.85877
-0.87403
-0.86748
-0.85115
-0.88036
-0.88016
-0.85405
-0.84393
-0.8491
-0.84998
-0.85608
-0.84368
-0.85609
-0.84196
-0.86252
-0.84196
-0.84241
-0.8449
-0.8619
-0.85748
-0.84304
-0.83475
-0.82771
-0.85905
-0.82408
-0.82409
-0.82108
-0.80305
-0.83678
-0.81106
-0.80376
-0.84782
-0.82935
-0.83486
-0.83546
-0.91829
-0.90104
-0.93784
-0.89898
-1.0086
-1.1159
-1.0709
-1.1074
0
0
0
0
0
0
0
0
0
0
0
0
0
0
0
0
0
0
0
0
0
0
0
0
0
0
0
0
0
0
0
0
0
0
0
0
0
0
0
0
0
0
0
0
0
0
0
0
0
0
0
0
0
0
0
0
0
0
0
-7.8735
0
0
-0.86883
-0.85625
-0.85109
-0.84128
-0.85557
-0.8567
-0.83392
-0.84388
-0.8335
-0.82993
-0.83918
-0.85196
-0.79988
-0.7998
-0.87551
-0.84906
-0.80994
-0.87546
56.2773
-0.81909
-0.81911
-0.83554
-0.82481
-0.81134
-0.842
-0.84179
-0.81638
-0.80465
-0.81008
-0.81496
-0.81672
-0.80384
-0.81672
-0.8027
-0.82098
-0.80271
-0.80281
-0.80454
-0.82281
-0.81763
-0.80346
-0.79537
-0.78996
-0.80491
-0.78473
-0.78474
-0.78189
-0.76416
-0.79694
-0.77192
-0.76511
-0.81034
-0.78732
-0.79577
-0.79688
-0.88418
-0.86454
-0.89871
-0.86044
-0.96504
-1.0743
-1.0298
-1.0659
0
0
0
0
0
0
0
0
0
0
0
0
0
0
0
0
0
0
0
0
0
0
0
0
0
0
0
0
-4.4779
0
0
0
0
0
0
0
0
0
0
0
0
0
0
0
0
0
0
0
0
0
0
0
0
0
0
0
0
0
0
0
0
0
-0.85217
-0.84001
-0.83448
-0.82449
-0.83823
-0.83926
-0.81677
-0.82642
-0.81605
-0.81351
-0.82239
-0.83429
-0.78458
-0.7845
-0.85877
-0.83162
-0.79714
-0.85873
-0.81909
49.7306
-0.79379
-0.81665
-0.80954
-0.7946
-0.82171
-0.82153
-0.79908
-0.78746
-0.79162
-0.79124
-0.80038
-0.78729
-0.80037
-0.78598
-0.80519
-0.78599
-0.78625
-0.78889
-0.80711
-0.80116
-0.7874
-0.77908
-0.77307
-0.8048
-0.76822
-0.76823
-0.7659
-0.74835
-0.78177
-0.75563
-0.74847
-0.79487
-0.77178
-0.77905
-0.78077
-0.86783
-0.84767
-0.88351
-0.84439
-0.9463
-1.0548
-1.0104
0
0
0
0
0
0
0
0
0
0
0
0
0
0
0
0
0
0
0
0
0
0
0
0
0
0
0
0
0
0
0
0
0
0
0
0
0
0
0
0
0
0
0
0
0
0
0
0
0
0
0
0
0
0
0
0
0
0
0
0
0
0
0
-0.85219
-0.84004
-0.83451
-0.8245
-0.83823
-0.83928
-0.81679
-0.82642
-0.81606
-0.81353
-0.82242
-0.83429
-0.78459
-0.78452
-0.85879
-0.83164
-0.79717
-0.85877
-0.81911
-0.79379
49.7316
-0.81666
-0.80956
-0.79462
-0.82173
-0.82154
-0.7991
-0.78748
-0.79164
-0.79125
-0.80039
-0.78731
-0.80039
-0.78601
-0.80519
-0.78601
-0.78626
-0.7889
-0.80712
-0.80118
-0.78743
-0.7791
-0.77309
-0.80482
-0.76824
-0.76825
-0.76591
-0.74837
-0.78179
-0.75564
-0.74849
-0.79488
-0.77179
-0.77907
-0.78079
-0.86786
-0.84769
-0.88352
-0.84441
-0.94632
-1.0548
-1.0104
0
0
0
0
0
0
0
0
0
0
0
0
0
0
0
0
0
0
0
0
0
0
0
0
0
0
0
0
0
0
0
0
0
0
0
0
0
0
0
0
0
0
0
0
0
0
0
0
0
0
0
0
0
0
0
0
0
0
0
0
0
0
0
-0.86635
-0.85569
-0.84878
-0.83862
-0.85308
-0.85395
-0.83053
-0.8419
-0.83492
-0.82969
-0.82516
-0.85274
-0.802
-0.80194
-0.87408
-0.85629
-0.80911
-0.87403
-0.83554
-0.81665
-0.81666
57.9313
-0.82344
-0.80609
-0.83727
-0.83708
-0.81102
-0.79327
-0.80517
-0.80892
-0.81287
-0.79842
-0.81288
-0.79875
-0.81964
-0.79873
-0.79882
-0.79087
-0.80012
-0.81328
-0.79905
-0.79111
-0.78544
-0.81334
-0.78051
-0.78052
-0.76847
-0.76081
-0.79261
-0.76788
-0.76072
-0.80504
-0.78587
-0.79188
-0.79967
-0.87758
-0.85632
-0.89449
-0.85775
0
0
0
0
0
0
0
0
0
0
0
0
0
0
0
0
0
0
0
0
0
-3.0162
-3.6162
0
0
-3.8455
0
0
0
0
0
0
0
0
0
0
0
0
0
0
0
0
0
0
0
0
0
0
0
0
0
0
0
0
0
0
0
0
0
0
0
0
0
0
0
0
-0.86095
-0.84844
-0.84311
-0.83329
-0.84703
-0.8483
-0.8254
-0.83536
-0.82491
-0.82237
-0.83086
-0.8437
-0.79274
-0.79267
-0.86751
-0.84097
-0.80548
-0.86748
-0.82481
-0.80954
-0.80956
-0.82344
50.564
-0.80195
-0.82873
-0.82853
-0.80602
-0.79502
-0.79978
-0.79782
-0.80815
-0.79458
-0.80816
-0.79359
-0.80319
-0.79359
-0.79381
-0.79639
-0.81498
-0.80874
-0.79484
-0.78659
-0.78127
-0.8084
-0.77559
-0.77559
-0.77335
-0.75558
-0.78933
-0.76294
-0.75577
-0.80271
-0.78057
-0.7865
-0.78825
-0.87807
-0.85695
-0.89274
-0.85246
0
0
0
0
0
0
0
0
0
0
0
0
0
0
0
0
0
0
0
-3.3956
0
0
0
0
0
0
0
0
0
0
0
0
0
0
0
0
0
0
0
0
0
0
0
0
0
0
0
0
0
0
0
0
0
0
0
0
0
0
0
0
0
0
0
0
0
0
-0.8434
-0.83133
-0.82662
-0.81674
-0.83067
-0.83169
-0.80927
-0.81902
-0.80863
-0.80611
-0.81517
-0.82751
-0.77719
-0.77712
-0.85119
-0.82478
-0.78823
-0.85115
-0.81134
-0.7946
-0.79462
-0.80609
-0.80195
48.0033
-0.81283
-0.81262
-0.79025
-0.77554
-0.78457
-0.78316
-0.79334
-0.77437
-0.79335
-0.77769
-0.79679
-0.7777
-0.77755
-0.77788
-0.79788
-0.79227
-0.77839
-0.77043
-0.76429
-0.79319
-0.75931
-0.75931
-0.75682
-0.73965
-0.77246
-0.74685
-0.73974
-0.78597
-0.76399
-0.77025
-0.77164
-0.85829
-0.8383
-0.87406
-0.83566
0
0
0
0
0
0
0
0
0
0
0
0
0
0
0
0
0
0
0
0
-1.7625
0
0
0
0
0
0
0
0
0
0
0
0
0
0
0
0
0
0
0
0
0
0
0
0
0
0
0
0
0
0
0
0
0
0
0
0
0
0
0
0
0
0
0
0
0
-0.87384
-0.86145
-0.85566
-0.84467
-0.8597
-0.85921
-0.83772
-0.84811
-0.83764
-0.83623
-0.84415
-0.85877
-0.80654
-0.80646
-0.8804
-0.85662
-0.81346
-0.88036
-0.842
-0.82171
-0.82173
-0.83727
-0.82873
-0.81283
55.0244
-0.84079
-0.8141
-0.80496
-0.81014
-0.81037
-0.818
-0.80468
-0.818
-0.8036
-0.82164
-0.80359
-0.80346
-0.80544
-0.8211
-0.81807
-0.80374
-0.79597
-0.78867
-0.81895
-0.78524
-0.78525
-0.78153
-0.76446
-0.79753
-0.77238
-0.76518
-0.80776
-0.78891
-0.79588
-0.79568
-0.87581
-0.86044
-0.8957
-0.85918
0
0
0
0
0
0
0
0
0
0
0
0
0
0
0
0
0
0
0
0
0
0
0
0
0
0
0
0
0
0
0
0
0
0
0
0
0
0
0
0
0
0
0
0
-7.263
0
0
0
0
0
0
0
0
0
0
0
0
0
0
0
0
0
0
0
0
0
-0.87365
-0.86125
-0.85545
-0.84448
-0.8595
-0.85901
-0.83753
-0.84792
-0.83745
-0.83602
-0.84396
-0.85856
-0.80633
-0.80627
-0.8802
-0.85644
-0.81326
-0.88016
-0.84179
-0.82153
-0.82154
-0.83708
-0.82853
-0.81262
-0.84079
55.012
-0.81389
-0.80477
-0.80994
-0.81013
-0.8178
-0.80449
-0.81781
-0.80341
-0.82139
-0.80341
-0.80325
-0.80525
-0.82091
-0.81787
-0.80354
-0.79577
-0.78847
-0.81876
-0.78504
-0.78505
-0.78132
-0.76426
-0.79734
-0.77219
-0.76499
-0.80757
-0.78872
-0.79568
-0.79548
-0.87558
-0.86024
-0.89547
-0.85898
0
0
0
0
0
0
0
0
0
0
0
0
0
0
0
0
0
0
0
0
0
0
0
0
0
0
0
0
0
0
0
0
0
0
0
0
0
0
0
0
0
0
0
0
0
0
0
0
0
0
0
0
-7.2619
0
0
0
0
0
0
0
0
0
0
0
0
0
-0.84823
-0.83597
-0.83054
-0.81985
-0.83517
-0.83492
-0.81342
-0.82332
-0.81281
-0.81069
-0.81939
-0.83074
-0.78161
-0.78153
-0.85409
-0.83037
-0.78672
-0.85405
-0.81638
-0.79908
-0.7991
-0.81102
-0.80602
-0.79025
-0.8141
-0.81389
52.2494
-0.78216
-0.78756
-0.78296
-0.79532
-0.78266
-0.79532
-0.78148
-0.79423
-0.78147
-0.78181
-0.78264
-0.79894
-0.79647
-0.78233
-0.77411
-0.76769
-0.7963
-0.76324
-0.76326
-0.75999
-0.74306
-0.7621
-0.75172
-0.74448
-0.78742
-0.76388
-0.77479
-0.77568
-0.85429
-0.84058
0
0
0
0
0
0
0
0
0
0
0
0
0
0
0
0
0
0
0
-3.1538
0
0
0
0
0
0
0
0
0
0
0
0
0
0
0
-4.3944
0
0
0
0
0
0
0
0
0
0
0
0
0
0
0
0
0
0
0
0
0
0
0
0
0
0
0
0
0
0
0
0
-0.83815
-0.82605
-0.82072
-0.81051
-0.82423
-0.8247
-0.80283
-0.81235
-0.80197
-0.79941
-0.80809
-0.82102
-0.76994
-0.76986
-0.84397
-0.81815
-0.78084
-0.84393
-0.80465
-0.78746
-0.78748
-0.79327
-0.79502
-0.77554
-0.80496
-0.80477
-0.78216
47.9074
-0.77684
-0.77258
-0.78762
-0.76974
-0.78763
-0.77083
-0.79065
-0.77082
-0.76997
-0.77212
-0.78031
-0.78436
-0.77045
-0.76282
-0.75689
-0.78676
-0.75135
-0.75136
-0.73721
-0.73327
-0.76492
-0.73961
-0.73236
-0.7782
-0.75737
-0.76312
-0.76344
-0.84979
-0.82808
-0.86667
0
0
0
0
0
0
0
0
0
0
0
0
0
0
0
0
-2.9282
0
0
0
0
0
0
0
0
0
0
0
0
0
0
0
0
0
0
0
0
0
0
0
0
0
0
0
0
0
0
0
0
0
0
0
0
0
0
0
0
0
0
0
0
0
0
0
0
0
0
-0.84076
-0.82986
-0.82524
-0.81512
-0.82936
-0.82979
-0.80789
-0.81768
-0.80729
-0.80475
-0.81354
-0.82594
-0.77514
-0.77506
-0.84913
-0.82323
-0.78635
-0.8491
-0.81008
-0.79162
-0.79164
-0.80517
-0.79978
-0.78457
-0.81014
-0.80994
-0.78756
-0.77684
49.031
-0.77905
-0.79214
-0.77592
-0.79215
-0.77633
-0.79478
-0.77633
-0.77571
-0.77716
-0.79439
-0.7903
-0.77627
-0.76849
-0.76229
-0.78731
-0.75741
-0.75743
-0.75458
-0.73765
-0.77032
-0.74493
-0.73781
-0.78317
-0.76132
-0.76856
-0.76926
-0.85398
-0.8357
-0.87123
0
0
0
0
0
0
0
0
0
0
0
0
0
0
0
0
0
0
0
0
0
0
0
0
0
0
0
0
0
0
0
0
0
0
0
0
0
-3.7365
0
0
0
0
0
0
0
0
0
0
0
0
0
0
0
0
0
0
0
0
0
0
0
0
0
0
0
0
0
-0.84331
-0.8311
-0.82571
-0.81551
-0.83112
-0.83041
-0.80951
-0.82001
-0.80985
-0.80841
-0.81624
-0.82995
-0.78017
-0.78011
-0.85002
-0.82875
-0.78301
-0.84998
-0.81496
-0.79124
-0.79125
-0.80892
-0.79782
-0.78316
-0.81037
-0.81013
-0.78296
-0.77258
-0.77905
53.8754
-0.78885
-0.77566
-0.78886
-0.77533
-0.78306
-0.77533
-0.77536
-0.77674
-0.79233
-0.78992
-0.77541
-0.76774
-0.76188
-0.7898
-0.75735
-0.75735
-0.7495
-0.7344
-0.7686
-0.74483
-0.73773
-0.77888
-0.7592
-0.76806
-0.75683
-0.8459
-0.82135
0
0
0
0
0
0
0
0
0
0
0
0
0
0
0
-3.072
0
0
0
0
0
0
0
0
0
0
0
0
0
0
0
0
0
0
0
0
0
0
0
0
0
0
0
0
0
0
0
0
0
0
-6.4215
0
0
0
0
0
0
0
0
0
0
0
0
0
0
0
0
0
-0.84947
-0.83731
-0.83198
-0.82194
-0.83571
-0.83673
-0.8142
-0.82399
-0.81362
-0.81117
-0.81998
-0.83155
-0.78185
-0.78177
-0.85611
-0.82898
-0.79288
-0.85608
-0.81672
-0.80038
-0.80039
-0.81287
-0.80815
-0.79334
-0.818
-0.8178
-0.79532
-0.78762
-0.79214
-0.78885
45.6853
-0.78761
-0.78731
-0.77963
-0.80116
-0.77963
-0.78073
-0.78386
-0.8035
-0.79583
-0.7822
-0.77423
-0.76805
-0.80203
-0.76267
-0.76267
-0.76078
-0.74353
-0.77678
-0.75044
-0.74328
-0.7913
-0.76839
-0.77427
-0.77615
-0.86604
-0.84388
-0.88243
0
0
0
0
0
0
0
0
0
0
0
0
0
0
0
0
0
0
0
0
0
0
0
0
0
0
0
0
0
0
0
0
0
0
0
0
0
0
0
0
0
0
0
0
0
0
0
0
0
0
0
0
0
0
0
0
0
0
0
0
0
0
0
0
0
0
0
-0.83718
-0.8158
-0.81904
-0.80966
-0.82333
-0.82425
-0.80181
-0.81164
-0.80126
-0.79878
-0.80769
-0.82145
-0.76917
-0.76909
-0.84372
-0.81951
-0.78007
-0.84368
-0.80384
-0.78729
-0.78731
-0.79842
-0.79458
-0.77437
-0.80468
-0.80449
-0.78266
-0.76974
-0.77592
-0.77566
-0.78761
47.227
-0.78762
-0.77119
-0.7895
-0.77118
-0.77074
-0.76949
-0.7877
-0.78523
-0.77111
-0.76254
-0.75693
-0.78453
-0.75168
-0.75169
-0.74951
-0.73073
-0.76567
-0.73942
-0.73216
-0.77778
-0.75808
-0.76244
-0.76345
-0.84573
-0.8291
0
0
0
0
0
0
0
0
0
0
0
0
0
0
0
0
-3.1181
0
0
0
0
0
0
0
0
0
0
0
0
0
0
0
0
0
0
0
0
0
0
0
0
0
0
0
0
0
0
0
0
0
0
0
0
0
0
0
0
0
0
0
0
0
0
0
0
0
0
0
-0.84949
-0.83731
-0.83199
-0.82193
-0.83571
-0.83674
-0.81419
-0.82398
-0.81363
-0.81117
-0.81998
-0.83156
-0.78185
-0.78178
-0.85613
-0.82898
-0.79288
-0.85609
-0.81672
-0.80037
-0.80039
-0.81288
-0.80816
-0.79335
-0.818
-0.81781
-0.79532
-0.78763
-0.79215
-0.78886
-0.78731
-0.78762
45.6856
-0.77963
-0.80116
-0.77963
-0.78074
-0.78386
-0.80351
-0.79584
-0.78222
-0.77424
-0.76805
-0.80205
-0.76267
-0.76267
-0.76079
-0.74354
-0.77679
-0.75046
-0.74329
-0.7913
-0.7684
-0.77427
-0.77616
-0.86606
-0.84389
-0.88244
0
0
0
0
0
0
0
0
0
0
0
0
0
0
0
0
0
0
0
0
0
0
0
0
0
0
0
0
0
0
0
0
0
0
0
0
0
0
0
0
0
0
0
0
0
0
0
0
0
0
0
0
0
0
0
0
0
0
0
0
0
0
0
0
0
0
0
-0.83558
-0.82351
-0.81822
-0.80832
-0.82186
-0.82283
-0.80041
-0.81009
-0.79975
-0.79726
-0.80608
-0.8174
-0.76789
-0.76781
-0.84201
-0.81616
-0.77854
-0.84196
-0.8027
-0.78598
-0.78601
-0.79875
-0.79359
-0.77769
-0.8036
-0.80341
-0.78148
-0.77083
-0.77633
-0.77533
-0.77963
-0.77119
-0.77963
44.04
-0.78806
-0.76679
-0.76777
-0.77104
-0.79011
-0.78321
-0.76947
-0.76019
-0.75505
-0.78919
-0.7491
-0.74911
-0.74734
-0.72896
-0.76349
-0.73734
-0.73028
-0.77809
-0.75503
-0.76079
-0.76298
-0.84451
-0.83033
0
0
0
0
0
0
0
0
0
0
0
0
0
0
0
0
0
0
0
0
0
0
0
0
0
0
0
0
0
0
0
0
0
0
0
0
0
0
0
0
0
0
0
0
0
0
0
0
0
0
0
0
0
0
0
0
0
0
0
0
0
0
0
0
0
0
0
0
-0.8566
-0.84396
-0.83531
-0.82664
-0.84245
-0.84281
-0.82042
-0.83103
-0.82053
-0.81934
-0.82685
-0.84056
-0.7884
-0.78833
-0.86255
-0.83865
-0.79383
-0.86252
-0.82098
-0.80519
-0.80519
-0.81964
-0.80319
-0.79679
-0.82164
-0.82139
-0.79423
-0.79065
-0.79478
-0.78306
-0.80116
-0.7895
-0.80116
-0.78806
54.1797
-0.78806
-0.7882
-0.78894
-0.8066
-0.80295
-0.78818
-0.78062
-0.77444
-0.79853
-0.77032
-0.77034
-0.76745
-0.7489
-0.76709
-0.75782
-0.75114
-0.79295
-0.77299
-0.78149
0
0
0
0
0
0
0
0
0
0
0
0
0
0
0
0
0
0
0
0
0
0
-3.1433
0
-3.3673
0
0
0
0
0
0
0
0
0
0
0
0
0
0
0
0
0
0
0
-5.0947
0
0
0
0
0
0
0
0
0
0
0
0
0
0
0
0
0
0
0
0
0
0
0
0
0
0
-0.83557
-0.82352
-0.81821
-0.80832
-0.82186
-0.82284
-0.80041
-0.81009
-0.79975
-0.79725
-0.8061
-0.81741
-0.76789
-0.76781
-0.842
-0.81616
-0.77853
-0.84196
-0.80271
-0.78599
-0.78601
-0.79873
-0.79359
-0.7777
-0.80359
-0.80341
-0.78147
-0.77082
-0.77633
-0.77533
-0.77963
-0.77118
-0.77963
-0.76679
-0.78806
44.04
-0.76775
-0.77104
-0.79011
-0.78322
-0.76947
-0.76019
-0.75504
-0.7892
-0.74909
-0.74911
-0.74734
-0.72896
-0.76349
-0.73734
-0.7303
-0.77809
-0.75504
-0.76079
-0.76298
-0.84451
-0.83035
0
0
0
0
0
0
0
0
0
0
0
0
0
0
0
0
0
0
0
0
0
0
0
0
0
0
0
0
0
0
0
0
0
0
0
0
0
0
0
0
0
0
0
0
0
0
0
0
0
0
0
0
0
0
0
0
0
0
0
0
0
0
0
0
0
0
0
0
-0.83619
-0.8241
-0.81876
-0.80885
-0.82234
-0.82327
-0.8008
-0.81046
-0.80002
-0.7975
-0.80641
-0.81755
-0.76782
-0.76775
-0.84244
-0.81657
-0.77851
-0.84241
-0.80281
-0.78625
-0.78626
-0.79882
-0.79381
-0.77755
-0.80346
-0.80325
-0.78181
-0.76997
-0.77571
-0.77536
-0.78073
-0.77074
-0.78074
-0.76777
-0.7882
-0.76775
42.4019
-0.77084
-0.7898
-0.78818
-0.77198
-0.76241
-0.75729
-0.78332
-0.75299
-0.753
-0.75047
-0.73101
-0.7659
-0.73897
-0.7315
-0.77752
-0.75651
-0.76229
-0.76516
0
0
0
0
0
0
0
0
0
0
0
0
0
0
0
0
0
0
0
0
0
0
0
0
0
0
0
0
0
0
0
0
0
0
0
0
0
0
0
0
0
0
0
0
0
0
0
0
0
0
0
0
0
0
0
0
0
0
0
0
0
0
0
0
0
0
0
0
0
0
-0.83662
-0.82653
-0.81959
-0.80981
-0.82363
-0.82449
-0.8021
-0.81181
-0.80138
-0.79883
-0.80831
-0.82143
-0.76975
-0.76966
-0.84495
-0.81861
-0.78079
-0.8449
-0.80454
-0.78889
-0.7889
-0.79087
-0.79639
-0.77788
-0.80544
-0.80525
-0.78264
-0.77212
-0.77716
-0.77674
-0.78386
-0.76949
-0.78386
-0.77104
-0.78894
-0.77104
-0.77084
43.9001
-0.7918
-0.78995
-0.77263
-0.76604
-0.75864
-0.78435
-0.75479
-0.75479
-0.75104
-0.7321
-0.76522
-0.7403
-0.73398
-0.77984
0
-0.76465
0
0
0
0
0
0
0
0
0
0
0
0
0
0
0
0
0
0
0
0
0
0
0
0
0
0
-2.9409
0
0
0
0
0
0
0
0
0
0
0
0
0
0
0
0
0
0
0
0
0
0
0
0
0
0
0
0
0
0
0
0
0
0
0
0
0
0
0
0
0
0
0
0
-0.85602
-0.84362
-0.83803
-0.82501
-0.84175
-0.84251
-0.8198
-0.83034
-0.81986
-0.81714
-0.82604
-0.84111
-0.78649
-0.7864
-0.86194
-0.83742
-0.7982
-0.8619
-0.82281
-0.80711
-0.80712
-0.80012
-0.81498
-0.79788
-0.8211
-0.82091
-0.79894
-0.78031
-0.79439
-0.79233
-0.8035
-0.7877
-0.80351
-0.79011
-0.8066
-0.79011
-0.7898
-0.7918
46.9134
-0.80554
-0.79096
-0.78292
-0.77715
-0.81098
-0.77213
-0.77214
-0.75881
-0.75217
-0.78541
-0.75864
-0.75229
-0.79736
0
0
0
0
0
0
0
0
0
0
0
0
0
0
0
0
0
0
0
0
0
0
0
0
0
-2.0759
0
0
0
0
0
0
-3.7663
0
0
0
0
0
0
0
0
0
0
0
0
0
0
0
0
0
0
0
0
0
0
0
0
0
0
0
0
0
0
0
0
0
0
0
0
0
0
0
0
-0.85102
-0.83887
-0.83353
-0.82353
-0.83737
-0.83833
-0.81569
-0.82543
-0.81488
-0.81234
-0.82132
-0.83431
-0.78231
-0.78223
-0.85751
-0.83145
-0.79319
-0.85748
-0.81763
-0.80116
-0.80118
-0.81328
-0.80874
-0.79227
-0.81807
-0.81787
-0.79647
-0.78436
-0.7903
-0.78992
-0.79583
-0.78523
-0.79584
-0.78321
-0.80295
-0.78322
-0.78818
-0.78995
-0.80554
41.6827
-0.79423
-0.77845
-0.77562
-0.79824
-0.76864
-0.76866
-0.76858
-0.74932
-0.78462
-0.75541
-0.74859
-0.80082
0
-0.77959
0
0
0
0
0
0
0
0
0
0
0
0
0
0
0
0
0
0
0
0
0
0
0
0
0
0
0
0
0
0
0
0
0
0
0
0
0
0
0
0
0
0
0
0
0
0
0
0
0
0
0
0
0
0
0
0
0
0
0
0
0
0
0
0
0
0
0
0
0
0
0
-0.8337
-0.82439
-0.81908
-0.80929
-0.8209
-0.82401
-0.80146
-0.81124
-0.80077
-0.79825
-0.80716
-0.82003
-0.76834
-0.76825
-0.84308
-0.81724
-0.77933
-0.84304
-0.80346
-0.7874
-0.78743
-0.79905
-0.79484
-0.77839
-0.80374
-0.80354
-0.78233
-0.77045
-0.77627
-0.77541
-0.7822
-0.77111
-0.78222
-0.76947
-0.78818
-0.76947
-0.77198
-0.77263
-0.79096
-0.79423
41.3229
-0.76204
-0.75847
-0.79055
-0.75824
-0.75825
-0.75202
-0.73448
-0.76603
-0.73991
-0.73425
0
0
0
0
0
0
0
0
0
0
0
0
0
0
0
0
0
0
-1.9243
0
0
0
0
0
0
0
0
0
0
0
0
0
0
0
0
0
0
0
0
0
0
0
0
0
0
0
0
0
0
0
0
0
0
0
0
0
0
0
0
0
0
0
0
0
0
0
0
0
0
0
0
0
0
0
-0.82836
-0.81637
-0.81109
-0.8012
-0.81484
-0.81574
-0.79336
-0.803
-0.79259
-0.79011
-0.79896
-0.81199
-0.76055
-0.76046
-0.83479
-0.80874
-0.77124
-0.83475
-0.79537
-0.77908
-0.7791
-0.79111
-0.78659
-0.77043
-0.79597
-0.79577
-0.77411
-0.76282
-0.76849
-0.76774
-0.77423
-0.76254
-0.77424
-0.76019
-0.78062
-0.76019
-0.76241
-0.76604
-0.78292
-0.77845
-0.76204
39.7545
-0.74664
-0.78195
-0.74769
-0.74771
-0.74077
-0.71946
-0.75639
-0.72898
-0.7238
-0.78251
0
0
0
0
0
0
0
0
0
0
0
0
0
0
0
0
0
0
0
0
0
0
0
0
0
0
0
0
0
0
0
0
0
0
0
0
0
0
0
0
0
0
0
0
0
0
0
0
0
0
0
0
0
0
0
0
0
0
0
0
0
0
0
0
0
0
0
0
0
0
0
0
0
-0.82193
-0.80953
-0.80436
-0.79583
-0.809
-0.80936
-0.78741
-0.79698
-0.78663
-0.78393
-0.79324
-0.80553
-0.75428
-0.7542
-0.82775
-0.80212
-0.76511
-0.82771
-0.78996
-0.77307
-0.77309
-0.78544
-0.78127
-0.76429
-0.78867
-0.78847
-0.76769
-0.75689
-0.76229
-0.76188
-0.76805
-0.75693
-0.76805
-0.75505
-0.77444
-0.75504
-0.75729
-0.75864
-0.77715
-0.77562
-0.75847
-0.74664
40.7719
-0.78017
-0.74591
-0.74592
-0.73248
-0.71523
-0.74436
-0.72263
-0.71799
0
0
0
0
0
0
0
0
0
0
0
0
0
0
0
0
0
0
0
0
0
0
0
0
0
0
0
0
0
0
0
0
0
0
0
0
0
0
0
0
0
0
-2.0879
0
0
0
0
0
0
0
0
0
0
0
0
0
0
0
0
0
0
0
0
0
0
0
0
0
0
0
0
0
0
0
-0.84743
-0.83931
-0.83529
-0.82584
-0.83969
-0.84082
-0.81805
-0.82798
-0.81733
-0.81466
-0.82293
-0.83708
-0.78413
-0.78404
-0.85907
-0.83392
-0.79597
-0.85905
-0.80491
-0.8048
-0.80482
-0.81334
-0.8084
-0.79319
-0.81895
-0.81876
-0.7963
-0.78676
-0.78731
-0.7898
-0.80203
-0.78453
-0.80205
-0.78919
-0.79853
-0.7892
-0.78332
-0.78435
-0.81098
-0.79824
-0.79055
-0.78195
-0.78017
45.5632
-0.77277
-0.77277
-0.76642
0
-0.77879
-0.75425
0
0
0
0
0
0
0
0
0
0
0
0
0
0
0
0
0
0
0
0
0
0
0
0
0
-2.4698
0
0
0
0
0
0
0
0
0
0
0
0
-4.4435
0
0
0
0
0
0
0
0
0
0
0
0
0
0
0
0
0
0
0
0
0
0
0
0
0
0
0
0
0
0
0
0
0
0
0
0
-0.8179
-0.806
-0.80074
-0.79092
-0.80431
-0.80522
-0.78293
-0.79244
-0.78207
-0.77954
-0.78842
-0.80114
-0.75002
-0.74995
-0.82414
-0.79819
-0.76056
-0.82408
-0.78473
-0.76822
-0.76824
-0.78051
-0.77559
-0.75931
-0.78524
-0.78504
-0.76324
-0.75135
-0.75741
-0.75735
-0.76267
-0.75168
-0.76267
-0.7491
-0.77032
-0.74909
-0.75299
-0.75479
-0.77213
-0.76864
-0.75824
-0.74769
-0.74591
-0.77277
38.4977
-0.73347
-0.73981
-0.71667
-0.75914
-0.71986
-0.71522
0
0
0
0
0
0
0
0
0
0
0
0
0
0
0
0
0
0
0
0
0
0
0
0
0
0
0
0
0
0
0
0
0
0
0
0
0
0
0
0
0
0
0
0
0
0
0
0
0
0
0
0
0
0
0
0
0
0
0
0
0
0
0
0
0
0
0
0
0
0
0
0
0
0
-0.81792
-0.80601
-0.80075
-0.79091
-0.80431
-0.80521
-0.78294
-0.79246
-0.78207
-0.77955
-0.78842
-0.80115
-0.75003
-0.74995
-0.82413
-0.7982
-0.76056
-0.82409
-0.78474
-0.76823
-0.76825
-0.78052
-0.77559
-0.75931
-0.78525
-0.78505
-0.76326
-0.75136
-0.75743
-0.75735
-0.76267
-0.75169
-0.76267
-0.74911
-0.77034
-0.74911
-0.753
-0.75479
-0.77214
-0.76866
-0.75825
-0.74771
-0.74592
-0.77277
-0.73347
38.498
-0.73982
-0.71668
-0.75915
-0.71986
-0.71522
0
0
0
0
0
0
0
0
0
0
0
0
0
0
0
0
0
0
0
0
0
0
0
0
0
0
0
0
0
0
0
0
0
0
0
0
0
0
0
0
0
0
0
0
0
0
0
0
0
0
0
0
0
0
0
0
0
0
0
0
0
0
0
0
0
0
0
0
0
0
0
0
0
0
-0.81536
-0.80343
-0.79821
-0.78808
-0.80174
-0.80202
-0.78042
-0.7898
-0.77945
-0.77689
-0.78548
-0.79981
-0.74717
-0.74708
-0.82112
-0.79677
-0.75797
-0.82108
-0.78189
-0.7659
-0.76591
-0.76847
-0.77335
-0.75682
-0.78153
-0.78132
-0.75999
-0.73721
-0.75458
-0.7495
-0.76078
-0.74951
-0.76079
-0.74734
-0.76745
-0.74734
-0.75047
-0.75104
-0.75881
-0.76858
-0.75202
-0.74077
-0.73248
-0.76642
-0.73981
-0.73982
38.2657
0
0
0
0
0
0
0
0
0
0
0
0
0
0
0
0
0
0
0
0
0
0
0
0
0
0
0
-2.8439
0
0
0
0
0
0
0
0
0
0
0
0
0
0
0
0
0
0
0
0
0
0
0
0
0
0
0
0
0
0
0
0
0
0
0
0
0
0
0
0
0
0
0
0
0
0
0
0
0
0
-0.79642
-0.78474
-0.77945
-0.76975
-0.78311
-0.78435
-0.76204
-0.77174
-0.76142
-0.759
-0.76756
-0.78067
-0.72959
-0.72953
-0.8031
-0.77602
-0.74038
-0.80305
-0.76416
-0.74835
-0.74837
-0.76081
-0.75558
-0.73965
-0.76446
-0.76426
-0.74306
-0.73327
-0.73765
-0.7344
-0.74353
-0.73073
-0.74354
-0.72896
-0.7489
-0.72896
-0.73101
-0.7321
-0.75217
-0.74932
-0.73448
-0.71946
-0.71523
0
-0.71667
-0.71668
0
37.0951
0
0
0
0
0
0
0
0
0
-0.83519
0
0
0
0
0
0
0
0
0
0
0
0
-2.3922
0
0
0
0
0
0
0
0
0
0
0
0
0
0
0
0
0
0
0
0
0
0
0
0
0
0
0
0
0
0
0
0
0
0
0
0
0
0
0
0
0
0
0
0
0
0
0
0
0
0
0
0
0
0
-0.83032
-0.81858
-0.81334
-0.80319
-0.81808
-0.81819
-0.79664
-0.80588
-0.79533
-0.79282
-0.8018
-0.81176
-0.76303
-0.76295
-0.83682
-0.80953
-0.77372
-0.83678
-0.79694
-0.78177
-0.78179
-0.79261
-0.78933
-0.77246
-0.79753
-0.79734
-0.7621
-0.76492
-0.77032
-0.7686
-0.77678
-0.76567
-0.77679
-0.76349
-0.76709
-0.76349
-0.7659
-0.76522
-0.78541
-0.78462
-0.76603
-0.75639
-0.74436
-0.77879
-0.75914
-0.75915
0
0
39.2028
0
0
0
0
0
0
0
0
0
0
0
0
0
0
0
0
0
0
0
0
0
0
0
0
0
0
0
-3.06
0
0
0
0
0
0
0
0
0
0
0
0
0
0
0
0
0
0
0
0
0
0
0
0
0
0
0
0
0
0
0
0
0
0
0
0
0
0
0
0
0
0
0
0
0
0
0
0
-0.80484
-0.79294
-0.7877
-0.77793
-0.7913
-0.79221
-0.77002
-0.77953
-0.7692
-0.76672
-0.77551
-0.7879
-0.73741
-0.73734
-0.8111
-0.78531
-0.74791
-0.81106
-0.77192
-0.75563
-0.75564
-0.76788
-0.76294
-0.74685
-0.77238
-0.77219
-0.75172
-0.73961
-0.74493
-0.74483
-0.75044
-0.73942
-0.75046
-0.73734
-0.75782
-0.73734
-0.73897
-0.7403
-0.75864
-0.75541
-0.73991
-0.72898
-0.72263
-0.75425
-0.71986
-0.71986
0
0
0
34.9641
0
0
0
0
0
0
0
0
0
0
0
0
0
0
0
0
0
0
0
0
0
0
0
0
0
0
0
0
0
0
0
0
0
0
0
0
0
0
0
0
0
0
0
0
0
0
0
0
0
0
0
0
0
0
0
0
0
0
0
0
0
0
0
0
0
0
0
0
0
0
0
0
0
0
0
-0.79781
-0.78586
-0.78061
-0.77085
-0.78411
-0.78499
-0.76289
-0.77235
-0.76206
-0.75956
-0.76837
-0.78075
-0.73038
-0.7303
-0.8038
-0.77805
-0.74082
-0.80376
-0.76511
-0.74847
-0.74849
-0.76072
-0.75577
-0.73974
-0.76518
-0.76499
-0.74448
-0.73236
-0.73781
-0.73773
-0.74328
-0.73216
-0.74329
-0.73028
-0.75114
-0.7303
-0.7315
-0.73398
-0.75229
-0.74859
-0.73425
-0.7238
-0.71799
0
-0.71522
-0.71522
0
0
0
0
33.9014
0
0
0
0
0
0
0
0
0
0
0
0
0
0
0
0
0
0
0
0
0
0
0
0
0
0
0
0
0
0
0
0
0
0
0
0
0
0
0
0
0
0
0
0
0
0
0
0
0
0
0
0
0
0
0
0
0
0
0
0
0
0
0
0
0
0
0
0
0
0
0
0
0
0
-0.84252
-0.82973
-0.82441
-0.81389
-0.82971
-0.83169
-0.8081
-0.81809
-0.80731
-0.80497
-0.81388
-0.82877
-0.77482
-0.77473
-0.84784
-0.82482
-0.78621
-0.84782
-0.81034
-0.79487
-0.79488
-0.80504
-0.80271
-0.78597
-0.80776
-0.80757
-0.78742
-0.7782
-0.78317
-0.77888
-0.7913
-0.77778
-0.7913
-0.77809
-0.79295
-0.77809
-0.77752
-0.77984
-0.79736
-0.80082
0
-0.78251
0
0
0
0
0
0
0
0
0
38.6654
0
0
0
0
0
0
0
0
0
0
0
0
0
0
0
0
0
0
0
0
0
0
0
0
0
0
0
0
0
0
0
0
0
0
0
0
0
0
0
0
0
0
0
0
0
0
0
0
0
0
0
0
0
0
0
0
0
-5.7718
0
0
0
0
0
0
0
0
0
0
0
0
0
0
0
-0.82939
-0.81684
-0.80873
-0.79921
-0.80507
-0.80638
-0.78346
-0.79343
-0.78388
-0.78143
-0.79067
-0.74258
-0.75153
-0.75145
-0.82938
-0.80579
-0.76315
-0.82935
-0.78732
-0.77178
-0.77179
-0.78587
-0.78057
-0.76399
-0.78891
-0.78872
-0.76388
-0.75737
-0.76132
-0.7592
-0.76839
-0.75808
-0.7684
-0.75503
-0.77299
-0.75504
-0.75651
0
0
0
0
0
0
0
0
0
0
0
0
0
0
0
37.0152
0
0
0
0
0
0
0
0
0
0
0
0
0
0
0
0
0
0
0
0
0
0
0
0
0
0
0
0
0
0
0
0
-4.8589
0
0
0
0
0
0
0
0
0
0
0
-3.2694
0
0
0
0
0
0
0
0
0
0
0
0
0
0
0
0
0
0
0
0
0
0
0
0
0
0
0
-0.82877
-0.81659
-0.8113
-0.80145
-0.81496
-0.81583
-0.7934
-0.80302
-0.79261
-0.79011
-0.79901
-0.81149
-0.76046
-0.76039
-0.83489
-0.80873
-0.77118
-0.83486
-0.79577
-0.77905
-0.77907
-0.79188
-0.7865
-0.77025
-0.79588
-0.79568
-0.77479
-0.76312
-0.76856
-0.76806
-0.77427
-0.76244
-0.77427
-0.76079
-0.78149
-0.76079
-0.76229
-0.76465
0
-0.77959
0
0
0
0
0
0
0
0
0
0
0
0
0
30.7382
0
0
0
0
0
0
0
0
0
0
0
0
0
0
0
0
0
0
0
0
0
0
0
0
0
0
0
0
0
0
0
0
0
0
0
0
0
0
0
0
0
0
0
0
0
0
0
0
0
0
0
0
0
0
0
0
0
0
0
0
0
0
0
0
0
0
0
0
0
0
0
-0.82921
-0.81691
-0.81199
-0.80237
-0.81573
-0.81687
-0.79394
-0.80457
-0.79415
-0.79164
-0.80031
-0.81246
-0.7616
-0.7615
-0.8355
-0.80957
-0.77247
-0.83546
-0.79688
-0.78077
-0.78079
-0.79967
-0.78825
-0.77164
-0.79568
-0.79548
-0.77568
-0.76344
-0.76926
-0.75683
-0.77615
-0.76345
-0.77616
-0.76298
0
-0.76298
-0.76516
0
0
0
0
0
0
0
0
0
0
0
0
0
0
0
0
0
33.1165
0
0
0
0
0
0
0
0
0
0
0
0
0
0
0
0
0
0
0
0
0
0
0
0
0
0
0
-3.9819
-0.68709
0
0
0
0
0
0
0
0
0
0
0
0
0
0
0
0
0
0
0
0
0
0
0
0
0
0
0
0
0
0
0
0
0
0
0
0
0
0
0
0
0
-0.9132
-0.89889
-0.89338
-0.88042
-0.90142
-0.90148
-0.87872
-0.88987
-0.87916
-0.8766
-0.88682
-0.90052
-0.84459
-0.8445
-0.91833
-0.89643
-0.85746
-0.91829
-0.88418
-0.86783
-0.86786
-0.87758
-0.87807
-0.85829
-0.87581
-0.87558
-0.85429
-0.84979
-0.85398
-0.8459
-0.86604
-0.84573
-0.86606
-0.84451
0
-0.84451
0
0
0
0
0
0
0
0
0
0
0
0
0
0
0
0
0
0
0
44.525
0
0
0
0
0
0
0
0
0
0
0
0
0
0
0
0
0
0
0
0
0
-2.1299
0
0
0
0
0
0
0
0
0
0
0
0
0
0
0
0
0
0
0
0
0
0
0
0
-5.8795
0
0
0
0
0
0
0
0
0
0
-5.8795
0
0
0
0
0
0
0
0
0
0
0
-0.89442
-0.88145
-0.87604
-0.86801
-0.8815
-0.88454
-0.85962
-0.87108
-0.86023
-0.85746
-0.86672
-0.88091
-0.82627
-0.82619
-0.90108
-0.87745
-0.83826
-0.90104
-0.86454
-0.84767
-0.84769
-0.85632
-0.85695
-0.8383
-0.86044
-0.86024
-0.84058
-0.82808
-0.8357
-0.82135
-0.84388
-0.8291
-0.84389
-0.83033
0
-0.83035
0
0
0
0
0
0
0
0
0
0
0
0
0
0
0
0
0
0
0
0
40.456
0
0
0
0
0
0
0
0
0
0
0
0
0
0
0
0
0
0
0
0
0
0
0
0
0
0
0
0
0
0
0
0
-4.8927
0
0
0
0
0
0
0
0
0
0
0
0
0
0
0
0
0
0
0
0
0
0
0
0
0
0
0
-5.5756
0
0
0
0
0
0
0
-0.93466
-0.92142
-0.91405
-0.8997
-0.9175
-0.91934
-0.89511
-0.90612
-0.89491
-0.89318
-0.90242
-0.92142
-0.86134
-0.86125
-0.93788
-0.86248
-0.8732
-0.93784
-0.89871
-0.88351
-0.88352
-0.89449
-0.89274
-0.87406
-0.8957
-0.89547
0
-0.86667
-0.87123
0
-0.88243
0
-0.88244
0
0
0
0
0
0
0
0
0
0
0
0
0
0
-0.83519
0
0
0
0
0
0
0
0
0
43.4288
0
0
0
0
0
0
0
0
0
0
0
0
0
0
0
0
0
0
0
0
0
0
0
0
0
0
0
0
0
-4.9672
0
0
0
0
0
0
0
0
0
0
0
0
0
0
0
0
0
-5.3758
0
0
0
0
-5.3758
0
0
0
0
0
0
0
0
0
0
0
0
0
0
-0.89152
-0.87946
-0.87405
-0.86187
-0.87922
-0.88127
-0.85749
-0.86803
-0.85718
-0.85516
-0.86368
-0.87893
-0.8245
-0.82441
-0.89901
-0.87482
-0.83555
-0.89898
-0.86044
-0.84439
-0.84441
-0.85775
-0.85246
-0.83566
-0.85918
-0.85898
0
0
0
0
0
0
0
0
0
0
0
0
0
0
0
0
0
0
0
0
0
0
0
0
0
0
0
0
0
0
0
0
29.8322
0
0
0
0
0
0
0
0
0
0
0
-2.3728
0
0
0
0
0
0
0
0
0
0
0
0
0
0
0
0
0
0
0
0
0
0
0
0
0
0
0
0
0
0
-5.041
0
0
0
0
0
0
0
0
0
0
0
0
0
0
0
0
0
0
0
0
0
0
0
-1.0041
-0.9904
-0.9758
-0.96894
-0.98529
-0.98578
-0.96227
-0.97279
-0.96183
-0.9593
-0.96882
-0.99024
-0.92712
-0.92704
-1.0086
-0.98511
-0.93794
-1.0086
-0.96504
-0.9463
-0.94632
0
0
0
0
0
0
0
0
0
0
0
0
0
0
0
0
0
0
0
0
0
0
0
0
0
0
0
0
0
0
0
0
0
0
0
0
0
0
24.7046
0
0
0
0
0
0
0
0
0
0
0
0
0
0
0
0
0
0
0
0
0
0
0
0
0
0
0
0
0
0
0
0
0
0
0
0
0
0
-4.3269
0
0
0
0
0
0
0
0
0
0
0
0
0
0
0
0
0
0
0
0
0
0
0
0
0
0
-1.1082
-1.0952
-1.0896
-1.0788
-1.0941
-1.0959
-1.0705
-1.0814
-1.07
-1.0675
-1.0772
-1.09
-1.0347
-1.0346
-1.1159
-1.0874
-1.046
-1.1159
-1.0743
-1.0548
-1.0548
0
0
0
0
0
0
0
0
0
0
0
0
0
0
0
0
0
0
0
0
0
0
0
0
0
0
0
0
0
0
0
0
0
0
0
0
0
0
0
22.6368
0
0
0
0
0
0
0
0
0
0
0
0
0
0
0
0
0
0
0
0
0
0
0
0
0
0
0
0
0
0
0
0
0
0
0
0
0
0
0
0
0
0
0
0
0
0
0
0
0
0
0
0
0
0
0
0
0
0
0
0
0
0
0
0
-1.0633
-1.0504
-1.0449
-1.0342
-1.0492
-1.051
-1.0259
-1.0366
-1.0253
-1.0229
-1.0325
-1.0451
-0.99064
-0.99055
-1.0709
-1.0426
-1.0018
-1.0709
-1.0298
-1.0104
-1.0104
0
0
0
0
0
0
0
0
0
0
0
0
0
0
0
0
0
0
0
0
0
0
0
0
0
0
0
0
0
0
0
0
0
0
0
0
0
0
0
0
21.699
0
0
0
0
0
0
0
0
0
0
0
0
0
0
0
0
0
0
0
0
0
0
0
0
0
0
0
0
0
0
0
0
0
0
0
0
0
0
0
0
0
0
0
0
0
0
0
0
0
0
0
0
0
0
0
0
0
0
0
0
0
0
0
-1.0997
-1.0866
-1.0811
-1.0703
-1.0856
-1.0875
-1.062
-1.0728
-1.0615
-1.0589
-1.0688
-1.0816
-1.0263
-1.0262
-1.1074
-1.079
-1.0376
-1.1074
-1.0659
0
0
0
0
0
0
0
0
0
0
0
0
0
0
0
0
0
0
0
0
0
0
0
0
0
0
0
0
0
0
0
0
0
0
0
0
0
0
0
0
0
0
0
20.3662
0
0
0
0
0
0
0
0
0
0
0
0
0
0
0
0
0
0
0
0
0
0
0
0
0
0
0
0
0
0
0
0
0
0
0
0
0
0
0
0
0
0
0
0
0
0
0
0
0
0
0
0
0
0
0
0
0
0
0
0
0
0
-1.0694
-1.0555
-1.0496
-1.0376
-1.0543
-1.0537
-1.0311
-1.0417
-1.0307
-1.0283
-1.0382
-1.0571
-0.99567
-0.99559
0
0
-1.0072
0
0
0
0
0
0
0
0
0
0
0
0
0
0
0
0
0
0
0
0
0
0
0
0
0
0
0
0
0
0
0
0
0
0
0
0
0
0
0
0
0
0
0
0
0
0
19.1439
0
0
0
0
0
0
0
0
0
0
0
0
0
0
0
0
0
0
0
0
0
0
0
0
0
0
0
0
-3.5981
0
0
0
0
0
0
0
0
0
0
0
0
0
0
0
0
0
0
0
0
0
0
0
0
0
0
0
0
0
0
0
0
-1.0924
-1.0783
-1.0728
-1.0618
-1.0805
-1.0567
-1.057
-1.0679
-1.0567
-1.0538
-1.0644
-1.079
-1.0211
-1.0211
0
0
0
0
0
0
0
0
0
0
0
0
0
0
0
0
0
0
0
0
0
0
0
0
0
0
0
0
0
0
0
0
0
0
0
0
0
0
0
0
0
0
0
0
0
0
0
0
0
0
17.7966
0
0
0
0
0
0
0
0
0
0
0
0
0
0
0
0
0
0
0
0
0
0
0
0
0
-2.933
0
0
0
0
0
0
0
0
0
0
0
0
0
0
0
0
0
0
0
0
0
0
0
0
0
0
0
0
0
0
0
0
0
0
-1.3851
-1.3714
-1.3668
-1.3556
-1.3742
-1.3773
-1.3499
-1.3614
-1.3493
-1.3469
-1.3565
0
-1.3115
-1.3115
0
0
0
0
0
0
0
0
0
0
0
0
0
0
0
0
0
0
0
0
0
0
0
0
0
0
0
0
0
0
0
0
0
0
0
0
0
0
0
0
0
0
0
0
0
0
0
0
0
0
0
17.6172
0
0
0
0
0
0
0
0
0
0
0
0
0
0
0
0
0
0
0
0
0
0
0
0
0
0
0
0
0
0
0
0
0
0
0
0
0
0
0
0
0
0
0
0
0
0
0
0
0
0
0
0
0
0
0
0
0
0
0
-1.2791
-1.2844
-1.2617
-1.2521
-1.2712
-1.2735
-1.2469
-1.2581
-1.2459
-1.2428
0
0
0
0
0
0
0
0
0
0
0
0
0
0
0
0
0
0
0
0
0
0
0
0
0
0
0
0
0
0
0
0
0
0
0
0
0
0
0
0
0
0
0
0
0
0
0
0
0
0
0
0
0
0
0
0
15.2401
0
0
0
0
0
0
0
0
0
0
0
0
0
-2.6244
0
0
0
0
0
0
0
0
0
0
0
0
0
0
0
0
0
0
0
0
0
0
0
0
0
0
0
0
0
0
0
0
0
0
0
0
0
0
0
0
0
0
0
0
-1.4765
-1.4593
-1.4534
-1.4478
-1.4667
-1.4673
-1.4407
-1.453
-1.4411
0
0
0
0
0
0
0
0
0
0
0
0
0
0
0
0
0
0
0
0
0
0
0
0
0
0
0
0
0
0
0
0
0
0
0
0
0
0
0
0
0
0
0
0
0
0
0
0
0
0
0
0
0
0
0
0
0
0
17.9537
0
0
0
0
0
0
0
0
0
0
0
0
0
0
0
0
0
0
0
0
0
0
0
0
0
0
0
0
0
0
0
0
0
0
0
0
0
0
0
0
0
0
0
0
0
0
0
0
-4.8478
0
0
0
0
0
0
0
0
-1.4634
-1.4473
-1.4435
-1.4316
-1.459
-1.4611
-1.4341
-1.4469
0
0
0
0
0
0
0
0
0
0
0
0
0
0
0
0
0
0
0
0
0
0
0
0
0
0
0
0
0
0
0
0
0
0
0
0
0
0
0
0
0
0
0
0
0
0
0
0
0
0
0
0
0
0
0
0
0
0
0
0
14.7432
0
0
0
0
0
0
0
0
0
0
0
0
0
0
0
0
0
0
0
0
0
0
0
0
0
0
0
0
-3.1562
0
0
0
0
0
0
0
0
0
0
0
0
0
0
0
0
0
0
0
0
0
0
0
0
0
0
0
-2.0012
0
0
0
-2.0121
0
0
0
0
0
0
0
0
0
0
0
0
0
0
0
0
0
0
0
0
0
0
0
0
0
0
0
0
0
0
0
0
0
0
0
-1.9243
0
0
0
0
0
0
0
0
0
0
0
0
0
0
0
0
0
0
0
0
0
0
0
0
0
0
0
0
13.4637
0
0
0
0
0
0
0
0
0
0
0
0
0
-2.8228
0
0
0
0
0
0
0
0
0
0
0
0
0
0
0
0
0
0
0
0
0
0
0
0
0
0
0
0
0
0
0
0
0
0
0
0
0
0
0
-4.7033
0
0
0
0
0
0
0
0
0
0
0
0
0
0
0
0
0
0
0
0
0
0
0
0
0
0
0
0
0
0
0
0
0
0
0
0
0
0
0
0
0
0
0
0
0
0
0
0
-2.3922
0
0
0
0
0
0
0
0
0
0
-2.3728
0
0
0
0
0
0
0
0
0
0
0
17.7849
0
0
0
0
0
0
0
0
0
0
0
-3.917
0
0
0
0
0
0
0
0
0
0
0
0
0
0
0
0
0
0
0
0
0
0
0
0
0
0
0
0
0
0
0
0
-4.5514
0
0
0
0
0
-4.5514
0
0
0
-2.4874
-2.4702
-2.4753
0
-2.4959
0
-2.4665
0
0
0
0
0
0
0
0
0
0
0
0
0
0
0
0
0
0
0
0
0
0
0
0
0
0
0
0
0
0
0
0
0
0
0
0
0
0
0
0
0
0
0
0
0
0
0
0
0
0
0
0
0
0
0
0
0
0
0
0
0
0
0
0
12.3953
0
0
0
0
0
0
0
0
0
0
0
0
0
0
0
0
0
0
0
0
0
0
0
0
0
0
0
0
0
0
0
0
0
0
0
0
0
0
0
0
0
0
0
0
0
0
0
0
0
0
0
0
0
0
0
0
0
0
0
0
0
0
0
0
0
0
0
0
0
0
0
0
0
0
0
0
0
0
0
0
0
0
-3.072
0
0
0
0
0
0
0
0
0
0
0
0
0
0
0
0
0
0
0
0
0
0
0
0
0
0
0
0
0
0
0
0
0
0
0
0
0
0
0
0
0
0
14.3918
0
-3.4606
0
0
0
0
0
0
0
-3.498
0
0
0
0
0
0
0
0
0
0
0
0
0
-4.3611
0
0
0
0
0
0
0
0
0
0
0
0
0
0
0
0
0
0
0
0
0
0
0
0
0
0
0
0
0
-3.2316
0
0
0
0
0
0
0
0
0
0
0
0
0
0
0
0
0
0
0
0
0
0
0
0
0
0
0
0
0
-3.1181
0
0
0
0
0
0
0
0
0
0
0
0
0
0
0
0
0
0
0
0
0
0
0
0
0
0
0
0
0
0
0
0
0
0
0
0
0
0
0
0
0
10.0815
0
0
0
0
0
-3.0774
0
0
0
0
0
0
0
0
0
0
0
0
0
0
0
0
0
0
0
0
0
0
0
0
0
0
0
0
0
0
0
0
0
0
0
0
0
0
0
-0.65447
0
0
0
0
0
0
0
0
0
0
0
0
0
0
0
0
0
0
0
0
0
0
0
0
0
0
0
0
0
0
0
0
-2.9282
0
0
0
0
0
0
0
0
0
0
0
0
0
0
0
0
0
0
-2.8439
0
0
0
0
0
0
0
0
0
0
0
0
0
0
0
0
0
0
0
0
0
0
0
0
0
-3.4606
0
12.3126
0
0
0
0
0
0
0
0
0
-3.0799
0
0
0
0
0
0
0
0
0
0
0
0
0
0
0
0
0
0
0
0
0
0
0
0
0
0
0
0
0
0
0
0
0
0
0
0
0
0
0
0
-2.5607
0
0
0
0
0
0
0
0
0
0
0
0
0
0
0
0
0
0
0
0
0
0
0
0
0
0
0
0
0
0
0
0
0
0
0
0
0
0
0
0
0
0
-2.4698
0
0
0
0
0
0
0
0
0
0
0
0
0
0
0
0
0
0
0
0
0
0
0
0
0
0
0
0
0
0
0
12.2947
0
0
0
0
0
0
0
0
0
0
0
0
0
0
0
0
0
0
0
-3.1877
0
0
0
0
0
0
0
0
0
0
0
0
0
0
0
0
0
0
0
0
0
0
0
0
0
0
0
0
-4.0765
0
0
0
0
0
0
0
0
0
0
0
0
0
0
0
0
0
0
0
0
0
0
0
0
0
0
-3.1538
0
0
0
0
0
0
0
-3.1433
0
0
0
0
0
0
0
0
0
0
0
0
0
-3.06
0
0
0
0
0
0
0
0
0
0
0
0
0
0
0
0
0
0
0
0
0
0
0
0
0
0
0
10.9984
0
0
0
0
0
0
0
0
0
0
0
0
0
0
0
0
0
0
0
0
0
0
0
0
0
0
0
0
0
0
0
-1.6414
0
0
0
0
0
0
0
0
0
0
0
0
0
0
0
0
0
0
0
-2.1015
0
0
0
0
0
0
0
0
0
0
0
0
0
0
0
0
0
0
0
0
0
0
0
0
0
0
0
0
0
0
0
0
0
0
-2.0759
0
0
0
0
0
0
0
0
0
0
0
0
0
0
0
0
-2.1299
0
0
0
0
0
0
0
0
0
0
0
0
0
0
0
0
0
0
0
0
0
10.0227
0
0
0
0
0
0
0
0
0
0
0
0
0
0
0
-3.7154
0
0
0
0
0
0
0
0
0
0
0
0
0
0
0
0
0
0
0
0
0
0
0
0
0
0
0
0
0
0
0
0
0
0
0
0
0
0
0
0
0
0
0
0
0
0
0
0
0
0
0
0
0
-3.3956
0
0
0
0
0
0
0
0
0
0
0
-3.3673
0
0
0
0
0
0
0
0
0
0
0
0
0
0
0
0
0
0
0
0
0
0
0
0
0
0
0
0
0
0
0
0
0
0
0
0
0
0
0
0
0
0
0
13.6649
0
0
0
0
0
0
0
-3.4628
0
0
0
0
0
0
0
-3.4391
0
0
0
0
0
0
0
0
0
0
0
0
0
0
0
0
0
0
0
0
0
0
0
0
0
0
0
0
0
0
0
0
0
0
0
0
0
0
0
0
0
0
0
0
0
0
0
0
0
0
0
0
0
-1.7625
0
0
0
0
0
0
0
0
0
0
0
0
0
0
0
0
0
0
0
0
0
0
0
0
0
0
0
0
0
0
0
0
0
0
0
0
0
0
0
0
0
0
0
0
0
0
0
0
0
-3.0774
0
0
0
0
0
11.9889
-2.6323
0
0
0
0
0
0
0
0
0
0
0
0
0
0
0
0
0
0
0
0
0
0
0
0
0
0
0
0
0
0
0
-4.5167
0
0
0
0
0
0
0
0
0
0
0
0
0
0
0
0
0
0
0
0
0
0
0
0
0
0
0
0
0
0
0
0
0
-3.0162
0
0
0
0
0
0
0
0
0
0
0
0
0
0
0
-2.9409
0
0
0
0
0
0
0
0
0
0
0
0
0
0
0
0
0
0
0
0
0
0
0
0
0
0
0
0
-2.6244
0
0
0
0
0
0
0
0
0
0
0
0
-2.6323
11.2139
0
0
0
0
0
0
0
0
0
0
0
0
0
0
0
0
0
0
0
0
0
0
0
0
0
0
0
0
0
0
0
0
0
0
0
0
0
0
0
0
0
0
0
0
0
0
0
0
0
0
0
0
0
0
-3.6467
0
0
0
0
0
0
0
0
0
0
-3.6162
0
0
0
0
0
0
0
0
0
0
0
0
0
0
0
0
0
0
0
0
0
0
0
0
0
0
0
0
0
0
0
0
0
0
0
0
0
0
0
0
0
0
0
0
0
0
0
0
0
0
0
0
0
0
0
0
0
0
0
12.1132
0
0
0
0
0
0
0
0
0
0
0
0
0
0
0
0
0
0
-4.8503
0
0
0
0
0
0
0
0
0
0
0
0
0
0
0
0
0
0
0
0
0
0
0
0
0
0
0
0
0
0
0
0
0
0
0
0
0
0
0
0
0
0
0
0
0
0
0
0
0
0
0
0
0
0
0
0
0
0
0
0
0
0
0
0
0
0
0
0
0
0
0
0
0
0
0
0
0
0
-3.9819
0
0
0
0
0
0
0
0
0
0
0
0
0
0
0
-3.917
0
-3.498
0
0
0
0
0
0
0
0
0
11.3969
0
0
0
0
0
0
0
0
0
0
0
0
0
0
0
0
0
0
0
0
0
0
0
0
0
0
0
0
0
0
0
0
0
0
0
0
0
0
0
0
0
0
0
0
0
0
0
0
0
0
0
0
0
0
0
0
0
0
0
0
0
0
0
0
0
0
0
0
0
0
0
0
0
0
0
0
0
0
0
0
0
0
0
0
0
0
0
0
0
0
0
0
0
0
0
0
-0.68709
0
0
0
0
0
0
0
0
0
0
0
0
0
0
-2.8228
0
0
0
0
0
0
0
0
0
0
0
0
0
8.0886
0
0
0
0
0
0
0
0
0
0
0
0
0
0
0
0
0
0
0
0
0
0
0
0
0
0
0
0
0
0
0
0
0
0
0
0
-4.5787
0
0
0
0
0
0
0
0
0
0
0
0
0
0
0
0
0
0
0
0
0
0
0
0
0
-3.8455
0
0
0
0
0
0
0
0
0
0
0
0
0
0
0
0
-3.7663
0
0
0
0
0
0
0
0
0
0
0
0
0
0
0
0
0
0
0
0
0
0
0
0
0
0
0
0
0
0
0
0
0
0
0
-3.0799
0
0
0
0
0
0
0
0
0
10.6917
0
0
0
0
0
0
0
0
0
0
0
0
0
0
0
0
0
0
0
0
0
0
0
0
0
0
0
0
0
0
0
0
0
0
0
0
0
0
0
0
0
0
0
0
0
0
0
0
0
0
0
-5.3584
0
0
0
0
0
0
0
0
0
0
0
0
0
0
0
0
0
0
0
0
0
0
0
0
0
0
0
0
0
0
0
0
0
0
0
0
0
0
0
0
-4.8589
0
0
0
0
0
0
0
0
0
0
0
0
0
0
0
0
0
0
0
0
0
0
0
0
0
0
0
0
0
0
0
0
10.2173
0
0
0
0
0
0
0
0
0
0
0
0
0
0
0
0
0
0
0
0
0
0
0
0
0
0
0
0
0
0
0
0
0
0
0
0
0
0
0
0
0
0
0
0
0
0
0
0
0
0
0
0
0
0
0
0
0
0
0
0
0
0
0
0
0
0
0
0
0
0
0
0
0
0
0
0
0
0
0
0
0
0
0
0
0
0
0
0
0
0
0
0
0
0
0
0
0
0
0
0
0
0
0
0
0
0
0
0
0
0
0
0
0
0
0
0
0
-3.4628
0
0
0
0
0
0
0
8.1117
0
-4.6489
0
0
0
0
0
0
0
0
0
0
0
0
0
0
0
0
0
0
0
0
0
0
0
0
0
0
0
0
0
0
0
0
0
0
0
0
0
0
0
0
0
0
0
0
0
0
0
0
0
0
0
-5.1493
0
0
0
0
0
0
0
0
0
0
0
0
0
0
0
0
0
0
0
0
0
0
0
0
0
0
0
0
0
0
0
0
0
0
0
0
0
0
0
0
0
-4.9672
0
0
0
0
0
0
0
0
0
0
0
0
0
0
0
0
0
0
0
0
0
0
0
0
0
0
0
0
0
10.1166
0
0
0
0
0
0
0
0
0
0
0
0
0
0
0
0
0
0
0
0
0
0
0
0
0
0
0
0
0
0
0
0
0
0
0
0
0
0
0
0
0
0
0
0
0
0
0
0
0
0
0
0
0
0
0
0
0
0
0
0
0
0
0
0
0
0
0
0
0
0
0
0
0
0
0
0
0
0
0
0
-4.4435
0
0
0
0
0
0
0
0
0
0
0
0
0
0
0
0
0
0
0
0
0
0
0
0
0
0
0
0
0
0
0
0
0
0
0
0
0
0
0
0
0
0
-4.6489
0
9.0923
0
0
0
0
0
0
0
0
0
0
0
0
0
0
0
0
0
0
0
0
0
0
0
0
0
0
0
0
0
0
0
0
0
0
0
0
0
0
0
0
0
0
0
0
0
0
0
0
0
0
0
0
0
0
0
0
0
0
0
0
0
0
0
0
0
0
0
0
0
0
0
0
0
0
0
0
0
0
0
0
0
0
0
0
0
0
0
0
0
0
0
0
-4.8927
0
0
0
0
0
0
0
0
0
0
0
0
0
0
0
0
0
0
0
0
0
0
0
0
0
0
0
0
0
0
0
0
9.0902
0
0
0
0
0
0
-4.1975
0
0
0
0
0
0
0
0
0
0
0
0
0
0
0
0
0
0
0
0
0
0
0
0
0
0
0
0
0
0
0
0
0
-3.2722
0
0
0
0
0
0
0
0
0
0
0
0
0
0
0
0
0
0
0
0
0
0
0
0
0
0
0
0
0
0
0
0
0
0
0
0
0
0
0
0
0
0
0
0
0
0
0
0
0
0
0
0
0
0
0
0
0
0
-2.933
0
0
0
0
0
0
0
0
0
0
0
0
0
0
0
0
0
0
0
0
0
0
0
0
0
6.2052
0
0
0
0
0
0
0
0
0
0
0
0
0
0
0
0
0
0
0
0
0
0
0
0
0
0
0
0
0
0
0
0
0
0
0
0
0
0
0
0
0
0
0
0
0
0
0
0
0
0
0
0
-4.4779
0
0
0
0
0
0
0
0
0
0
0
0
0
0
0
0
0
0
0
0
0
0
0
0
0
0
0
0
0
0
0
0
0
0
0
0
0
0
0
0
0
0
0
0
0
0
0
0
0
0
0
0
0
0
0
0
0
0
0
0
0
0
0
0
0
0
0
0
0
0
0
0
9.0981
0
0
-4.6202
0
0
0
0
0
0
0
0
0
0
0
0
0
0
0
0
0
0
0
0
0
0
0
0
0
0
0
0
0
0
0
0
0
0
0
0
0
0
0
0
0
0
0
0
0
0
0
0
0
0
0
0
0
0
0
0
-4.3944
0
0
0
0
0
0
0
0
0
0
0
0
0
0
0
0
0
0
0
0
0
0
0
0
0
0
0
0
0
0
0
0
0
0
0
0
-3.5981
0
0
0
0
0
0
0
0
0
0
0
0
0
0
0
0
0
0
0
0
0
0
0
0
0
0
0
0
7.9924
0
0
0
0
0
0
0
0
0
0
0
0
0
0
0
0
0
0
0
0
0
0
0
0
0
0
0
0
0
0
0
0
0
0
0
0
0
0
0
0
0
0
0
0
0
0
0
0
0
0
0
0
0
0
0
0
0
0
0
0
0
0
0
0
0
0
0
0
0
0
0
0
0
0
-2.0879
0
0
0
0
0
0
0
0
0
0
0
0
0
0
0
0
0
0
0
0
0
0
0
0
0
0
0
0
0
0
0
0
0
0
-3.7154
0
0
0
0
0
0
0
0
0
0
0
0
0
0
0
5.8033
0
0
0
0
0
0
0
0
0
0
0
0
0
0
0
0
0
0
0
0
0
0
0
0
0
0
0
0
0
0
0
0
0
0
0
0
0
0
0
0
0
0
0
0
0
0
0
0
0
0
0
0
0
0
0
0
0
0
0
0
0
0
0
0
0
0
0
0
0
0
0
0
0
0
0
0
0
0
0
0
0
0
0
0
0
0
0
0
0
0
0
0
0
0
0
0
0
0
0
0
0
0
0
0
0
0
0
0
0
-3.4391
0
0
0
0
0
0
0
0
0
0
0
0
-4.6202
0
0
8.0593
0
0
0
0
0
0
0
0
0
0
0
0
0
0
0
0
0
0
0
0
0
0
0
0
0
0
0
0
0
0
0
0
0
0
0
0
0
0
0
0
0
0
0
0
0
0
0
0
0
0
0
0
0
0
0
0
0
0
-3.7365
0
0
0
0
0
0
0
0
0
0
0
0
0
0
0
0
0
0
0
0
0
0
0
0
0
0
0
0
0
0
0
0
0
0
0
0
0
0
0
0
0
0
0
0
0
0
-3.1877
0
0
0
0
0
0
0
0
0
0
0
0
0
0
0
0
0
0
0
6.9242
0
0
0
0
0
0
0
0
0
0
0
0
0
0
0
0
0
0
0
0
0
0
0
0
0
0
0
0
0
0
0
0
0
0
0
0
0
0
0
0
0
0
0
0
0
0
0
0
0
0
0
0
0
0
0
0
0
0
0
0
0
0
0
0
0
0
0
0
0
0
0
0
0
0
0
0
0
0
0
0
0
0
0
0
0
0
0
0
0
0
0
0
0
0
0
0
0
0
0
0
0
-4.3611
0
0
0
0
0
0
0
0
0
0
0
0
0
0
0
0
-4.1975
0
0
0
0
0
0
8.5586
0
0
0
0
0
0
0
0
0
0
0
0
0
0
0
0
0
0
0
0
0
0
0
0
0
0
0
0
0
0
0
0
0
0
0
0
0
0
0
0
0
0
0
0
0
0
0
0
0
0
0
0
0
0
0
0
0
0
0
0
0
0
0
0
0
0
0
0
0
0
0
0
0
0
0
0
0
0
0
0
-3.2694
0
0
0
0
0
0
0
0
0
0
0
0
0
0
0
-3.1562
0
0
0
0
0
0
0
0
0
0
0
0
0
0
0
0
0
0
0
0
0
0
0
0
0
0
0
0
6.4256
0
0
0
0
0
0
0
0
0
0
0
0
0
0
0
0
0
0
0
0
0
0
0
0
0
0
0
0
0
0
0
0
0
0
0
0
0
0
0
0
0
0
0
0
0
0
0
0
0
0
0
0
0
0
0
0
0
0
0
0
0
-5.0947
0
0
0
0
0
0
0
0
0
0
0
0
0
0
0
0
0
0
0
0
0
0
0
0
-4.3269
0
0
0
0
0
0
0
0
0
0
0
0
0
0
0
0
0
0
0
0
0
0
0
0
0
0
0
0
0
0
0
0
0
0
0
0
0
0
9.4216
0
0
0
0
0
0
0
0
0
0
0
0
0
0
0
0
0
0
0
0
0
0
0
0
0
0
0
0
-8.3622
0
0
0
0
0
0
0
0
0
0
0
0
0
0
0
0
0
0
0
0
0
0
0
0
0
0
0
0
0
0
0
0
0
0
0
0
0
0
0
0
0
0
0
0
0
0
0
0
0
0
0
0
0
0
0
0
0
0
0
0
0
0
0
0
0
0
0
0
0
0
0
0
0
0
0
0
0
0
0
0
0
0
0
0
0
0
0
0
0
0
0
0
0
0
0
0
8.3622
0
0
0
0
0
0
0
0
0
0
0
0
0
0
0
0
0
0
0
0
0
0
0
0
0
0
0
0
0
0
0
0
0
0
0
0
0
0
0
0
0
0
0
0
0
0
0
0
0
0
0
0
0
0
0
0
0
0
0
0
0
0
0
0
0
0
0
0
0
0
0
0
0
0
0
0
0
0
0
0
0
0
0
0
0
0
0
0
0
0
0
0
0
0
0
0
0
0
0
0
0
0
0
0
0
0
-4.8503
0
0
0
0
0
0
0
0
0
0
0
0
0
0
0
0
0
0
4.8503
0
0
0
0
0
0
0
0
0
0
0
0
0
0
0
0
0
0
0
0
0
0
0
0
0
0
0
0
0
0
0
0
0
0
0
0
0
0
0
0
0
0
0
0
0
0
0
0
0
0
0
0
0
0
0
0
0
0
0
0
0
0
0
0
0
0
0
0
0
0
0
0
0
0
0
0
0
0
0
0
0
0
-5.041
0
0
0
0
0
0
0
0
0
0
0
0
0
0
0
0
0
0
0
0
0
0
0
0
0
0
0
0
0
0
0
0
0
0
0
0
0
0
0
0
0
0
5.041
0
0
0
0
0
0
0
0
0
0
0
0
0
0
0
0
0
0
0
0
0
0
0
0
0
0
0
0
0
0
0
0
0
0
0
0
0
0
0
0
0
0
0
0
0
0
0
0
0
0
0
0
0
0
0
0
0
0
0
0
0
0
0
0
0
0
0
0
0
0
0
0
0
0
0
0
0
0
-5.8795
0
0
0
0
0
0
0
0
0
0
0
0
0
0
0
0
0
0
0
0
0
0
0
0
0
0
0
0
0
0
0
0
0
0
0
0
0
0
0
0
0
0
0
0
0
0
5.8795
0
0
0
0
0
0
0
0
0
0
0
0
0
0
0
0
0
0
0
0
0
0
0
0
0
0
0
0
0
0
0
0
0
0
0
0
0
0
0
0
0
0
0
0
0
0
-7.263
0
0
0
0
0
0
0
0
0
0
0
0
0
0
0
0
0
0
0
0
0
0
0
0
0
0
0
0
0
0
0
0
0
0
0
0
0
0
0
0
0
0
0
0
0
0
0
0
0
0
0
0
0
0
0
0
0
0
0
0
0
0
0
0
0
0
0
0
0
0
0
0
0
0
0
0
0
0
7.263
0
0
0
0
0
0
0
0
0
0
0
0
0
0
0
0
0
0
0
0
0
0
0
0
0
0
0
0
0
0
0
0
0
0
0
-7.8737
0
0
0
0
0
0
0
0
0
0
0
0
0
0
0
0
0
0
0
0
0
0
0
0
0
0
0
0
0
0
0
0
0
0
0
0
0
0
0
0
0
0
0
0
0
0
0
0
0
0
0
0
0
0
0
0
0
0
0
0
0
0
0
0
0
0
0
0
0
0
0
0
0
0
0
0
0
0
0
0
0
0
0
0
0
0
0
0
0
7.8737
0
0
0
0
0
0
0
0
0
0
0
0
0
0
0
0
0
0
0
0
0
0
0
0
0
0
0
0
0
0
0
0
0
0
0
0
0
0
0
0
0
0
0
0
0
0
0
0
0
0
0
0
0
0
0
0
0
0
0
0
0
0
0
0
0
0
0
0
0
0
0
0
0
0
0
0
0
-5.3758
0
0
0
0
0
0
0
0
0
0
0
0
0
0
0
0
0
0
0
0
0
0
0
0
0
0
0
0
0
0
0
0
0
0
0
0
0
0
0
0
0
0
0
0
0
0
0
5.3758
0
0
0
0
0
0
0
0
0
0
0
0
0
0
0
0
0
0
0
0
-9.026
0
0
0
0
0
0
0
0
0
0
0
0
0
0
0
0
0
0
0
0
0
0
0
0
0
0
0
0
0
0
0
0
0
0
0
0
0
0
0
0
0
0
0
0
0
0
0
0
0
0
0
0
0
0
0
0
0
0
0
0
0
0
0
0
0
0
0
0
0
0
0
0
0
0
0
0
0
0
0
0
0
0
0
0
0
0
0
0
0
0
0
0
0
0
0
0
0
0
0
0
0
0
0
0
9.026
0
0
0
0
0
0
0
0
0
0
0
0
0
0
0
0
0
0
0
0
0
0
0
0
0
0
0
0
0
0
0
0
0
0
0
0
0
0
0
0
0
0
0
0
0
0
0
-6.4215
0
0
0
0
0
0
0
0
0
0
0
0
0
0
0
0
0
0
0
0
0
0
0
0
0
0
0
0
0
0
0
0
0
0
0
0
0
0
0
0
0
0
0
0
0
0
0
0
0
0
0
0
0
0
0
0
0
0
0
0
0
0
0
0
0
0
0
0
0
0
0
0
0
0
0
0
0
6.4215
0
0
0
0
0
0
0
0
0
0
0
0
0
0
0
0
0
0
0
0
0
0
0
0
0
0
0
0
0
0
0
0
0
0
0
0
0
0
0
0
0
0
0
0
0
0
0
0
0
0
0
0
0
0
0
0
0
0
0
0
0
0
0
0
0
0
0
0
0
0
0
0
0
0
0
0
0
0
0
0
0
0
0
0
0
0
0
0
0
0
0
0
0
-1.6414
0
0
0
0
0
0
0
0
0
0
0
0
0
0
0
0
0
0
0
0
0
0
0
0
0
0
0
0
0
0
0
1.6414
0
0
0
0
0
0
0
0
0
0
0
0
0
0
0
0
0
0
0
0
0
0
0
0
0
0
0
0
0
0
0
0
0
0
0
0
0
0
0
0
0
0
0
0
0
0
0
0
0
0
0
0
0
0
0
0
0
0
0
0
0
0
0
0
0
0
0
-5.7718
0
0
0
0
0
0
0
0
0
0
0
0
0
0
0
0
0
0
0
0
0
0
0
0
0
0
0
0
0
0
0
0
0
0
0
0
0
0
0
0
0
0
0
0
0
0
0
0
0
0
0
0
0
0
0
0
0
5.7718
0
0
0
0
0
0
0
0
0
0
0
0
0
0
0
0
0
0
0
0
0
0
0
0
0
0
0
0
0
0
0
0
0
0
0
0
0
0
0
0
0
0
0
0
0
0
0
0
0
0
0
0
0
0
0
0
0
0
0
0
0
0
0
0
0
0
0
0
0
0
0
0
-5.3758
0
0
0
0
0
0
0
0
0
0
0
0
0
0
0
0
0
0
0
0
0
0
0
0
0
0
0
0
0
0
0
0
0
0
0
0
0
0
0
0
0
0
0
0
0
0
0
0
0
0
0
0
5.3758
0
0
0
0
0
0
0
0
0
0
0
0
0
0
0
0
0
0
0
0
0
0
0
0
0
0
0
0
0
0
0
0
0
0
0
0
0
0
0
-7.2619
0
0
0
0
0
0
0
0
0
0
0
0
0
0
0
0
0
0
0
0
0
0
0
0
0
0
0
0
0
0
0
0
0
0
0
0
0
0
0
0
0
0
0
0
0
0
0
0
0
0
0
0
0
0
0
0
0
0
0
0
0
0
0
0
0
0
0
0
0
0
0
0
0
0
0
0
0
0
0
0
0
0
0
0
0
7.2619
0
0
0
0
0
0
0
0
0
0
0
0
0
0
0
0
0
0
0
0
0
0
0
0
0
0
0
0
0
0
0
0
0
0
0
0
0
0
0
0
0
0
0
0
0
0
0
0
0
0
0
0
0
0
0
0
0
0
0
0
0
0
0
0
0
0
0
0
0
0
0
0
0
0
0
0
0
0
0
0
0
0
0
0
0
0
0
0
0
0
0
0
-4.5167
0
0
0
0
0
0
0
0
0
0
0
0
0
0
0
0
0
0
0
0
0
0
0
0
0
0
0
0
0
0
0
0
4.5167
0
0
0
0
0
0
0
0
0
0
0
0
0
0
0
0
0
0
0
0
0
0
0
0
0
0
0
0
0
0
0
0
0
0
0
0
0
0
0
0
0
0
0
0
0
0
0
0
0
0
0
0
0
0
0
0
0
0
0
0
0
0
0
0
0
0
0
-5.8795
0
0
0
0
0
0
0
0
0
0
0
0
0
0
0
0
0
0
0
0
0
0
0
0
0
0
0
0
0
0
0
0
0
0
0
0
0
0
0
0
0
0
0
0
0
0
0
0
0
0
0
0
0
0
0
0
0
5.8795
0
0
0
0
0
0
0
0
0
0
0
-9.0991
0
0
0
0
0
0
0
0
0
0
0
0
0
0
0
0
0
0
0
0
0
0
0
0
0
0
0
0
0
0
0
0
0
0
0
0
0
0
0
0
0
0
0
0
0
0
0
0
0
0
0
0
0
0
0
0
0
0
0
0
0
0
0
0
0
0
0
0
0
0
0
0
0
0
0
0
0
0
0
0
0
0
0
0
0
0
0
0
0
0
0
0
0
0
0
0
0
0
0
0
0
0
0
0
0
0
0
0
0
0
0
0
0
9.0991
0
0
0
0
0
0
0
0
0
0
0
0
0
0
0
0
0
0
0
0
0
0
0
0
0
0
0
0
0
0
0
0
0
0
0
0
0
0
0
0
0
0
0
0
0
0
0
0
0
0
0
0
0
0
0
0
0
0
0
0
0
0
0
0
0
0
0
0
0
0
0
0
0
0
0
0
0
0
0
0
-4.5514
0
0
0
0
0
0
0
0
0
0
0
0
0
0
0
0
0
0
0
0
0
0
0
0
0
0
0
0
0
0
0
0
0
0
0
0
0
0
0
0
0
0
0
0
4.5514
0
0
0
0
0
0
0
0
0
0
0
0
0
0
0
0
0
0
0
0
0
0
0
0
0
0
0
0
0
0
0
0
0
0
0
0
0
0
0
0
0
0
0
0
0
0
0
0
0
0
0
0
0
0
0
0
0
0
0
0
0
0
0
0
0
0
0
0
0
0
0
0
0
0
0
0
-4.8478
0
0
0
0
0
0
0
0
0
0
0
0
0
0
0
0
0
0
0
0
0
0
0
0
0
0
0
0
0
0
0
0
0
0
0
0
0
0
0
0
0
0
0
0
0
0
0
0
4.8478
0
0
0
0
0
0
0
0
0
0
0
0
0
0
0
0
0
0
0
0
0
0
0
0
0
0
0
0
0
0
0
0
0
0
0
0
0
0
0
0
0
0
0
0
0
0
0
0
0
0
0
0
0
0
0
0
0
0
0
0
0
0
0
0
-5.5756
0
0
0
0
0
0
0
0
0
0
0
0
0
0
0
0
0
0
0
0
0
0
0
0
0
0
0
0
0
0
0
0
0
0
0
0
0
0
0
0
0
0
0
0
0
0
0
0
0
0
0
0
0
0
0
0
0
0
0
0
5.5756
0
0
0
0
0
0
0
0
0
0
-8.5332
0
0
0
0
0
0
0
0
0
0
0
0
0
0
0
0
0
0
0
0
0
0
0
0
0
0
0
0
0
0
0
0
0
0
0
0
0
0
0
0
0
0
0
0
0
0
0
0
0
0
0
0
0
0
0
0
0
0
0
0
0
0
0
0
0
0
0
0
0
0
0
0
0
0
0
0
0
0
0
0
0
0
0
0
0
0
0
0
0
0
0
0
0
0
0
0
0
0
0
0
0
0
0
0
0
0
0
0
0
0
0
0
0
0
8.5332
0
0
0
0
0
0
0
0
0
0
0
0
0
0
0
0
0
0
0
0
0
0
0
0
0
0
0
0
0
0
0
0
0
0
0
0
0
0
0
0
0
0
0
0
0
0
0
0
0
0
0
0
0
0
0
0
0
0
0
0
0
0
0
0
0
0
0
0
0
0
0
0
0
0
0
0
0
0
0
-0.65447
0
0
0
0
0
0
0
0
0
0
0
0
0
0
0
0
0
0
0
0
0
0
0
0
0
0
0
0
0
0
0
0
0
0
0
0
0
0
0
0
0
0
0
0
0
0.65447
0
0
0
0
0
0
0
0
0
0
0
0
0
0
0
0
0
0
0
0
0
0
0
0
0
0
0
0
0
0
0
0
0
0
0
0
0
0
0
0
0
0
0
0
0
0
0
0
0
0
0
0
0
0
0
0
0
0
0
0
0
0
0
0
0
0
0
0
0
0
0
0
0
0
0
0
0
0
0
0
0
0
0
0
0
0
0
0
-4.5787
0
0
0
0
0
0
0
0
0
0
0
0
0
0
0
0
0
0
0
0
0
0
0
0
0
0
0
0
0
0
0
0
0
0
0
0
4.5787
0
0
0
0
0
0
0
0
0
0
0
0
0
0
0
0
0
0
0
0
0
0
0
0
0
0
0
0
0
0
0
0
0
0
0
0
0
0
0
0
0
0
0
0
0
0
0
0
0
0
0
0
0
0
0
0
0
0
0
0
0
0
0
0
0
0
0
0
0
0
0
0
0
0
-4.5514
0
0
0
0
0
0
0
0
0
0
0
0
0
0
0
0
0
0
0
0
0
0
0
0
0
0
0
0
0
0
0
0
0
0
0
0
0
0
0
0
0
0
0
0
0
0
0
0
0
0
4.5514
0
0
0
0
0
0
0
0
0
0
0
0
0
0
0
0
0
0
0
0
-7.8735
0
0
0
0
0
0
0
0
0
0
0
0
0
0
0
0
0
0
0
0
0
0
0
0
0
0
0
0
0
0
0
0
0
0
0
0
0
0
0
0
0
0
0
0
0
0
0
0
0
0
0
0
0
0
0
0
0
0
0
0
0
0
0
0
0
0
0
0
0
0
0
0
0
0
0
0
0
0
0
0
0
0
0
0
0
0
0
0
0
0
0
0
0
0
0
0
0
0
0
0
0
0
0
0
7.8735
0
0
0
0
0
0
0
0
0
0
0
0
0
0
0
0
0
0
0
0
0
0
0
0
0
0
0
0
0
0
0
0
0
0
0
0
0
0
0
0
0
0
0
0
0
0
0
0
0
0
0
0
0
0
0
0
0
0
0
0
0
0
0
0
0
0
0
0
0
0
0
-4.7033
0
0
0
0
0
0
0
0
0
0
0
0
0
0
0
0
0
0
0
0
0
0
0
0
0
0
0
0
0
0
0
0
0
0
0
0
0
0
0
0
0
0
0
0
0
0
0
0
0
0
0
0
0
4.7033
0
0
0
0
0
0
0
0
0
0
0
0
0
0
0
0
0
0
0
0
0
0
0
0
0
0
0
0
0
0
0
0
0
0
0
0
0
0
0
0
0
0
0
0
0
0
0
0
0
0
0
0
0
0
0
0
0
0
0
0
0
0
0
0
0
0
0
0
0
0
0
0
0
0
0
0
-4.0765
0
0
0
0
0
0
0
0
0
0
0
0
0
0
0
0
0
0
0
0
0
0
0
0
0
0
0
0
0
0
0
0
0
0
0
0
0
0
0
0
0
0
0
0
0
0
0
0
4.0765
