77.7844
-0.89155
-0.88179
-0.8765
-0.87824
-0.88395
-0.85714
-0.8714
-0.8613
-0.85928
-0.86974
-0.89063
-0.83039
-0.8303
-0.91059
-0.88642
-0.84229
-0.91055
-0.86799
-0.85087
-0.85089
-0.86553
-0.85987
-0.84207
-0.87293
-0.87271
-0.84672
-0.83711
-0.8394
-0.84152
-0.84772
-0.83555
-0.84774
-0.83387
-0.85538
-0.83386
-0.83398
-0.83549
-0.8546
-0.84959
-0.83222
-0.82584
-0.82018
-0.84626
-0.81534
-0.81535
-0.81228
-0.79203
-0.828
-0.8029
-0.79593
-0.8412
-0.82625
-0.82475
-0.82634
-0.91334
-0.89431
-0.93488
-0.89334
-1.0075
-1.1146
-1.0687
-1.1047
-1.0751
-1.092
-1.3926
-1.2836
-1.4837
-1.4707
-2.0095
0
-2.5041
0
0
0
-2.569
0
0
0
0
0
0
0
0
0
0
0
0
0
0
0
0
0
0
0
0
0
0
0
0
0
0
0
0
0
0
0
0
0
0
0
0
0
0
-9.1603
0
0
0
0
0
0
0
0
0
0
-0.89155
75.5244
-0.86737
-0.86236
-0.86761
-0.87143
-0.84509
-0.8592
-0.84915
-0.84717
-0.85723
-0.87796
-0.81803
-0.81794
-0.89753
-0.87376
-0.8299
-0.89751
-0.85509
-0.83841
-0.83844
-0.85453
-0.84703
-0.82969
-0.86022
-0.86
-0.83414
-0.82472
-0.8282
-0.82898
-0.83526
-0.81346
-0.83526
-0.8215
-0.84244
-0.82151
-0.82159
-0.82506
-0.8419
-0.83713
-0.82266
-0.81357
-0.80747
-0.83785
-0.80315
-0.80316
-0.80008
-0.78007
-0.81599
-0.79072
-0.7837
-0.82809
-0.81341
-0.81228
-0.81375
-0.89865
-0.88101
-0.92132
-0.88094
-0.99347
-1.1012
-1.0555
-1.0913
-1.0607
-1.0775
-1.3786
-1.2886
-1.4661
-1.4543
0
0
-2.4866
0
-3.2585
0
0
0
0
0
0
0
0
0
0
0
0
0
0
0
0
0
0
0
0
0
0
0
0
0
0
0
0
0
0
0
0
-9.0788
0
0
0
0
0
0
0
0
0
0
0
0
0
0
0
0
0
0
-0.88179
-0.86737
71.2491
-0.85665
-0.86313
-0.86632
-0.84025
-0.85407
-0.84391
-0.8419
-0.85222
-0.87099
-0.81306
-0.81298
-0.892
-0.8667
-0.82486
-0.89195
-0.85043
-0.83336
-0.83339
-0.84817
-0.84219
-0.82552
-0.85493
-0.8547
-0.82922
-0.81989
-0.8241
-0.82409
-0.83042
-0.8176
-0.83043
-0.81669
-0.83415
-0.81669
-0.81674
-0.81868
-0.83682
-0.83229
-0.81784
-0.80878
-0.80279
-0.83439
-0.79838
-0.79838
-0.79536
-0.77526
-0.81124
-0.78596
-0.77894
-0.82326
-0.80577
-0.80748
-0.80933
-0.89364
-0.87609
-0.91441
-0.87602
-0.97901
-1.0961
-1.0504
-1.0862
-1.0554
-1.0725
-1.3745
-1.2665
-1.4607
-1.451
0
0
-2.4921
0
0
0
0
0
0
0
0
0
0
0
0
0
0
0
0
0
0
0
0
0
0
0
0
0
0
0
-8.4208
0
0
0
0
0
0
0
0
0
0
0
0
0
0
0
0
0
0
0
0
0
0
0
0
0
-0.8765
-0.86236
-0.85665
70.3215
-0.85531
-0.85554
-0.83331
-0.84352
-0.83334
-0.83119
-0.84145
-0.8603
-0.80243
-0.80234
-0.87952
-0.85585
-0.81411
-0.87949
-0.83981
-0.82257
-0.82259
-0.83718
-0.83157
-0.81485
-0.84311
-0.84288
-0.8177
-0.80886
-0.81319
-0.81309
-0.81958
-0.80742
-0.81958
-0.80602
-0.82469
-0.80601
-0.80605
-0.8081
-0.82291
-0.82149
-0.80726
-0.7981
-0.79351
-0.82415
-0.78777
-0.78777
-0.78442
-0.7648
-0.80029
-0.77541
-0.7684
-0.81193
-0.79546
-0.79685
-0.79893
-0.87984
-0.86731
-0.89903
-0.86297
-0.97136
-1.0844
-1.0389
-1.0746
-1.0424
-1.0606
-1.3624
-1.256
-1.4542
-1.4381
0
0
0
0
0
0
0
0
-2.113
0
0
0
0
0
0
0
0
0
0
0
0
0
0
0
0
0
0
0
0
0
0
0
0
0
0
0
0
0
0
0
0
0
0
0
0
0
0
0
0
-8.5888
0
0
0
0
0
0
-0.87824
-0.86761
-0.86313
-0.85531
65.1357
-0.87088
-0.84174
-0.85741
-0.84722
-0.84528
-0.85589
-0.86976
-0.81621
-0.81612
-0.8966
-0.86741
-0.82808
-0.89657
-0.85468
-0.83685
-0.83686
-0.85217
-0.84584
-0.82932
-0.8587
-0.85847
-0.83359
-0.8231
-0.82797
-0.82926
-0.83391
-0.82162
-0.83391
-0.82008
-0.84102
-0.82009
-0.82008
-0.82245
-0.84024
-0.83588
-0.81938
-0.81227
-0.8072
-0.83857
-0.80169
-0.8017
-0.79858
-0.77865
-0.81577
-0.78932
-0.78217
-0.82832
-0.80178
-0.81089
-0.81276
-0.90151
-0.88134
-0.91755
-0.88096
-0.98814
-1.1005
-1.0546
-1.0906
-1.0597
-1.0801
-1.3818
-1.2758
-1.474
-1.4665
-2.0209
0
-2.5132
0
0
0
0
0
0
0
0
0
0
0
0
0
0
0
0
0
0
0
0
0
0
0
0
0
0
0
0
0
0
0
0
0
0
0
0
0
0
0
0
0
0
0
0
0
0
0
0
0
0
0
0
0
-0.88395
-0.87143
-0.86632
-0.85554
-0.87088
63.9537
-0.84593
-0.85785
-0.84764
-0.84578
-0.85638
-0.87076
-0.81665
-0.81657
-0.89818
-0.8689
-0.82893
-0.89814
-0.85572
-0.83779
-0.83782
-0.85294
-0.84703
-0.83025
-0.85806
-0.85784
-0.83321
-0.82347
-0.8283
-0.82839
-0.83484
-0.82245
-0.83485
-0.82097
-0.84127
-0.82097
-0.82091
-0.82322
-0.8409
-0.83674
-0.82243
-0.81308
-0.80746
-0.83959
-0.80251
-0.8025
-0.79874
-0.77981
-0.81576
-0.79013
-0.78296
-0.83023
-0.80295
-0.81166
-0.81383
-0.90145
-0.88434
-0.91934
-0.88294
-0.98854
-1.1022
-1.0563
-1.0924
-1.059
-1.0552
-1.3849
-1.2782
-1.4744
-1.4683
0
0
0
0
0
0
0
0
0
0
0
0
0
0
0
0
0
0
0
0
0
-3.3048
0
0
0
0
0
0
0
0
0
0
0
0
0
0
0
0
0
0
0
0
0
0
0
0
0
0
0
0
0
0
0
0
0
0
-0.85714
-0.84509
-0.84025
-0.83331
-0.84174
-0.84593
61.5647
-0.8366
-0.82545
-0.82331
-0.83356
-0.84641
-0.79425
-0.79416
-0.87709
-0.84448
-0.80591
-0.87704
-0.83222
-0.81459
-0.81462
-0.82876
-0.8234
-0.80711
-0.83589
-0.83567
-0.81102
-0.8009
-0.8057
-0.80684
-0.8116
-0.7993
-0.81159
-0.79783
-0.81817
-0.79783
-0.79773
-0.80011
-0.81746
-0.81339
-0.79917
-0.79
-0.78481
-0.8161
-0.77952
-0.77953
-0.77648
-0.75682
-0.79354
-0.76725
-0.76018
-0.80591
-0.77939
-0.78854
-0.79018
-0.87793
-0.85862
-0.89429
-0.85837
-0.9642
-1.0759
-1.0303
-1.066
-1.0355
-1.0556
-1.3565
-1.2505
-1.4469
-1.4406
0
0
-2.4826
0
0
0
0
0
0
0
0
0
0
0
0
0
0
0
0
0
0
0
0
0
0
0
0
0
0
0
0
0
0
0
0
0
0
0
0
0
0
0
0
0
0
0
0
0
0
0
0
0
0
0
0
0
-0.8714
-0.8592
-0.85407
-0.84352
-0.85741
-0.85785
-0.8366
59.8021
-0.83481
-0.83312
-0.84386
-0.85774
-0.80386
-0.80377
-0.88231
-0.8556
-0.81578
-0.88226
-0.84269
-0.82473
-0.82474
-0.8407
-0.83386
-0.81736
-0.84681
-0.84659
-0.82141
-0.81091
-0.81599
-0.81785
-0.82188
-0.80962
-0.82188
-0.80801
-0.82933
-0.80801
-0.80789
-0.81031
-0.82852
-0.82362
-0.80944
-0.80012
-0.79487
-0.82653
-0.78951
-0.78953
-0.78632
-0.76699
-0.80325
-0.77723
-0.77012
-0.8164
-0.78987
-0.79864
-0.80133
-0.88965
-0.87064
-0.90587
-0.86945
-0.97527
-1.0874
-1.0416
-1.0774
-1.0467
-1.0671
-1.3686
-1.2624
-1.4599
-1.454
0
0
0
0
0
0
0
0
0
0
0
0
0
0
0
0
0
0
0
0
0
0
0
0
0
0
0
0
0
0
0
0
0
0
0
0
0
0
0
0
0
0
0
0
0
0
0
0
0
0
0
0
0
0
0
0
-0.8613
-0.84915
-0.84391
-0.83334
-0.84722
-0.84764
-0.82545
-0.83481
57.6174
-0.8224
-0.83177
-0.84645
-0.79274
-0.79266
-0.87183
-0.84441
-0.80474
-0.87178
-0.83177
-0.81377
-0.81378
-0.83321
-0.8228
-0.80637
-0.83572
-0.83549
-0.81028
-0.79993
-0.805
-0.80707
-0.81092
-0.79864
-0.81093
-0.79706
-0.81822
-0.79706
-0.79684
-0.79928
-0.81743
-0.81246
-0.79836
-0.78912
-0.78392
-0.81526
-0.77854
-0.77854
-0.77538
-0.7561
-0.79209
-0.76632
-0.75924
-0.80498
-0.77973
-0.78764
-0.79031
-0.87828
-0.85914
-0.89399
-0.85796
-0.96364
-1.0753
-1.0297
-1.0654
-1.0351
-1.0553
-1.3558
-1.2494
-1.4472
0
0
0
0
0
0
0
0
0
0
0
0
0
0
0
0
0
0
0
0
0
0
0
0
0
0
0
0
0
0
0
0
0
0
0
0
0
0
0
0
0
0
0
0
0
0
0
0
0
0
0
0
0
0
0
0
0
-0.85928
-0.84717
-0.8419
-0.83119
-0.84528
-0.84578
-0.82331
-0.83312
-0.8224
55.9938
-0.82981
-0.84333
-0.78917
-0.78908
-0.86878
-0.84135
-0.80168
-0.86874
-0.82763
-0.81097
-0.81098
-0.82763
-0.81998
-0.80358
-0.83406
-0.83382
-0.80786
-0.7971
-0.80218
-0.80532
-0.8082
-0.79587
-0.80821
-0.7943
-0.81688
-0.7943
-0.79405
-0.79645
-0.81441
-0.80965
-0.79556
-0.78636
-0.78094
-0.8123
-0.77574
-0.77575
-0.77254
-0.7534
-0.78931
-0.76356
-0.75646
-0.80237
-0.777
-0.78486
-0.78753
-0.87542
-0.85607
-0.89199
-0.85565
-0.96083
-1.0724
-1.0269
-1.0626
-1.0324
-1.0521
-1.3531
-1.246
0
0
0
0
0
0
0
0
0
0
0
0
0
0
0
0
0
0
0
0
0
0
0
0
0
0
0
0
0
0
0
0
0
0
0
0
0
0
0
0
0
0
0
0
0
0
0
0
0
0
0
0
0
0
0
0
0
0
-0.86974
-0.85723
-0.85222
-0.84145
-0.85589
-0.85638
-0.83356
-0.84386
-0.83177
-0.82981
59.0471
-0.85346
-0.7997
-0.79962
-0.87811
-0.85089
-0.81179
-0.87806
-0.83807
-0.8208
-0.82083
-0.82375
-0.82943
-0.81362
-0.84295
-0.84273
-0.81757
-0.80673
-0.81194
-0.81419
-0.81797
-0.80577
-0.81797
-0.80409
-0.82524
-0.8041
-0.80392
-0.80692
-0.82429
-0.8196
-0.80545
-0.79617
-0.79122
-0.82154
-0.78558
-0.78558
-0.78209
-0.7629
-0.79926
-0.77331
-0.76623
-0.81226
-0.78721
-0.79472
-0.79715
-0.88671
-0.86638
-0.90229
-0.86518
-0.97138
-1.0832
-1.0376
-1.0735
-1.0433
-1.0637
-1.3638
0
0
0
0
0
0
0
0
0
0
0
0
0
0
0
-3.6733
0
0
0
0
0
0
0
0
0
0
0
0
0
0
0
0
0
0
0
0
0
0
0
0
0
0
0
0
0
0
0
0
0
0
0
0
0
0
0
0
0
0
0
-0.89063
-0.87796
-0.87099
-0.8603
-0.86976
-0.87076
-0.84641
-0.85774
-0.84645
-0.84333
-0.85346
60.2506
-0.81343
-0.81335
-0.89314
-0.86753
-0.82403
-0.8931
-0.85108
-0.83291
-0.83292
-0.85197
-0.84255
-0.82618
-0.85784
-0.8576
-0.82913
-0.81991
-0.82457
-0.82811
-0.82975
-0.81977
-0.82976
-0.8156
-0.83919
-0.8156
-0.81526
-0.82036
-0.8397
-0.83285
-0.81857
-0.80947
-0.80375
-0.83597
-0.79856
-0.79857
-0.7967
-0.77629
-0.80938
-0.78591
-0.77883
-0.82745
-0.73775
-0.80743
-0.80951
-0.90067
-0.88083
-0.92184
-0.88076
-0.99326
-1.0963
-1.0505
-1.0866
-1.0627
-1.0786
0
0
0
0
0
0
0
0
0
0
0
0
0
0
0
0
0
0
0
0
-5.3994
0
0
0
0
0
0
0
0
0
0
0
0
0
0
0
0
0
0
0
0
0
0
0
0
0
0
0
0
0
0
0
0
0
0
0
0
0
0
0
-0.83039
-0.81803
-0.81306
-0.80243
-0.81621
-0.81665
-0.79425
-0.80386
-0.79274
-0.78917
-0.7997
-0.81343
52.8351
-0.74831
-0.83874
-0.81154
-0.77325
-0.8387
-0.79806
-0.78243
-0.78245
-0.80023
-0.79072
-0.77507
-0.8046
-0.80436
-0.77957
-0.76802
-0.77297
-0.77736
-0.77928
-0.76667
-0.77928
-0.76532
-0.78577
-0.76531
-0.76476
-0.76778
-0.78416
-0.78
-0.76604
-0.75719
-0.75167
-0.78217
-0.74661
-0.74662
-0.74323
-0.72442
-0.75992
-0.73464
-0.72769
-0.77261
-0.74752
-0.75561
-0.75787
-0.84377
-0.82523
-0.86055
-0.82534
-0.92892
-1.04
-0.99496
-1.0302
-1
-1.0197
-1.318
0
0
0
0
0
0
0
0
0
0
0
0
0
0
0
0
0
0
0
0
0
0
0
0
0
0
0
0
0
0
0
0
0
0
0
0
0
0
0
0
0
0
0
0
0
0
0
0
0
0
0
0
0
0
0
0
0
0
0
-0.8303
-0.81794
-0.81298
-0.80234
-0.81612
-0.81657
-0.79416
-0.80377
-0.79266
-0.78908
-0.79962
-0.81335
-0.74831
52.8295
-0.83867
-0.81146
-0.77318
-0.83862
-0.79797
-0.78235
-0.78237
-0.80016
-0.79064
-0.77499
-0.80451
-0.80429
-0.77949
-0.76793
-0.77289
-0.77728
-0.7792
-0.76659
-0.77921
-0.76523
-0.78569
-0.76523
-0.76468
-0.76769
-0.78407
-0.77991
-0.76594
-0.7571
-0.75159
-0.78207
-0.74653
-0.74653
-0.74313
-0.72434
-0.75983
-0.73457
-0.7276
-0.77252
-0.74744
-0.75553
-0.75777
-0.84367
-0.82514
-0.86045
-0.82524
-0.92883
-1.0399
-0.99487
-1.0301
-0.99991
-1.0196
-1.3179
0
0
0
0
0
0
0
0
0
0
0
0
0
0
0
0
0
0
0
0
0
0
0
0
0
0
0
0
0
0
0
0
0
0
0
0
0
0
0
0
0
0
0
0
0
0
0
0
0
0
0
0
0
0
0
0
0
0
0
-0.91059
-0.89753
-0.892
-0.87952
-0.8966
-0.89818
-0.87709
-0.88231
-0.87183
-0.86878
-0.87811
-0.89314
-0.83874
-0.83867
62.1138
-0.88991
-0.84892
-0.9233
-0.87475
-0.85755
-0.85757
-0.87332
-0.86648
-0.84999
-0.8795
-0.87927
-0.85242
-0.84296
-0.84786
-0.84822
-0.85446
-0.84216
-0.85447
-0.84036
-0.8613
-0.84036
-0.8403
-0.84396
-0.86055
-0.85615
-0.84172
-0.83235
-0.82604
-0.85803
-0.82163
-0.82162
-0.81804
-0.79874
-0.83456
-0.80923
-0.80199
-0.84651
-0.82624
-0.83093
-0.83264
-0.91845
-0.90104
-0.93813
-0.90087
-1.0119
-1.1224
-1.0765
-1.1126
0
0
0
0
0
0
0
0
0
0
0
0
0
0
0
0
0
0
0
0
0
0
0
0
0
0
0
0
0
0
0
0
0
0
0
0
0
0
0
0
0
-7.9225
0
0
0
0
0
0
0
0
0
0
0
0
0
0
0
0
0
0
0
0
-0.88642
-0.87376
-0.8667
-0.85585
-0.86741
-0.8689
-0.84448
-0.8556
-0.84441
-0.84135
-0.85089
-0.86753
-0.81154
-0.81146
-0.88991
57.7354
-0.82118
-0.88986
-0.84792
-0.82998
-0.83
-0.85544
-0.83956
-0.82319
-0.85546
-0.85525
-0.82856
-0.81678
-0.8216
-0.82668
-0.82692
-0.81766
-0.82692
-0.81414
-0.8371
-0.81414
-0.81406
-0.81724
-0.83573
-0.82971
-0.8155
-0.80593
-0.80004
-0.83251
-0.79531
-0.79532
-0.79342
-0.77129
-0.80687
-0.78307
-0.77588
-0.82323
-0.8027
-0.8044
-0.80635
-0.8963
-0.87713
-0.86096
-0.87636
-0.9879
-1.0934
-1.0476
-1.0836
0
0
0
0
0
0
0
0
0
0
0
0
0
0
0
0
0
0
0
0
0
0
0
0
-5.189
0
0
0
0
0
0
0
0
0
0
0
0
0
0
0
0
0
0
0
0
0
0
0
0
0
0
0
0
0
0
0
0
0
0
0
0
0
-0.84229
-0.8299
-0.82486
-0.81411
-0.82808
-0.82893
-0.80591
-0.81578
-0.80474
-0.80168
-0.81179
-0.82403
-0.77325
-0.77318
-0.84892
-0.82118
51.192
-0.84887
-0.8085
-0.7954
-0.79542
-0.80771
-0.80388
-0.78647
-0.81192
-0.81169
-0.78463
-0.77929
-0.78454
-0.78064
-0.79069
-0.77791
-0.79069
-0.77631
-0.79169
-0.77629
-0.7758
-0.77918
-0.79622
-0.79122
-0.77737
-0.76822
-0.76284
-0.79437
-0.75747
-0.75747
-0.75435
-0.73551
-0.77093
-0.74547
-0.73845
-0.78435
-0.7595
-0.76666
-0.76908
-0.85705
-0.8376
-0.87279
-0.83676
-0.94012
-1.0517
-1.0065
-1.042
-1.0119
0
0
0
0
0
0
0
0
0
0
0
0
0
0
0
0
0
0
0
0
0
0
0
0
0
0
0
0
0
0
0
0
0
0
0
0
0
0
0
0
0
0
0
0
0
0
0
0
0
0
0
0
0
0
0
0
0
0
0
0
0
-0.91055
-0.89751
-0.89195
-0.87949
-0.89657
-0.89814
-0.87704
-0.88226
-0.87178
-0.86874
-0.87806
-0.8931
-0.8387
-0.83862
-0.9233
-0.88986
-0.84887
62.111
-0.87469
-0.85751
-0.85754
-0.87327
-0.86644
-0.84995
-0.87945
-0.87923
-0.85238
-0.84292
-0.84782
-0.84818
-0.85442
-0.84212
-0.85443
-0.84031
-0.86127
-0.84031
-0.84027
-0.84391
-0.8605
-0.85612
-0.84167
-0.83231
-0.826
-0.858
-0.82157
-0.82158
-0.81799
-0.79869
-0.83452
-0.80919
-0.80194
-0.84648
-0.8262
-0.83089
-0.83261
-0.91841
-0.90099
-0.93809
-0.90083
-1.0118
-1.1224
-1.0764
-1.1125
0
0
0
0
0
0
0
0
0
0
0
0
0
0
0
0
0
0
0
0
0
0
0
0
0
0
0
0
0
0
0
0
0
0
0
0
0
0
0
0
0
0
0
0
0
0
0
0
0
0
0
0
0
0
0
0
0
0
0
-7.9222
0
0
-0.86799
-0.85509
-0.85043
-0.83981
-0.85468
-0.85572
-0.83222
-0.84269
-0.83177
-0.82763
-0.83807
-0.85108
-0.79806
-0.79797
-0.87475
-0.84792
-0.8085
-0.87469
56.2441
-0.81772
-0.81774
-0.83462
-0.82349
-0.80999
-0.84108
-0.84084
-0.81477
-0.80352
-0.8087
-0.81314
-0.81495
-0.80214
-0.81496
-0.80094
-0.81968
-0.80094
-0.80056
-0.80337
-0.82132
-0.81614
-0.80197
-0.79282
-0.78817
-0.80346
-0.78211
-0.78212
-0.77872
-0.75973
-0.79452
-0.76994
-0.76321
-0.80895
-0.78409
-0.79171
-0.79398
-0.88435
-0.86448
-0.8988
-0.86217
-0.9679
-1.0806
-1.0351
-1.0709
0
0
0
0
0
0
0
0
0
0
0
0
0
0
0
0
0
0
0
0
0
0
0
0
0
0
0
0
-4.5146
0
0
0
0
0
0
0
0
0
0
0
0
0
0
0
0
0
0
0
0
0
0
0
0
0
0
0
0
0
0
0
0
0
-0.85087
-0.83841
-0.83336
-0.82257
-0.83685
-0.83779
-0.81459
-0.82473
-0.81377
-0.81097
-0.8208
-0.83291
-0.78243
-0.78235
-0.85755
-0.82998
-0.7954
-0.85751
-0.81772
49.6284
-0.79163
-0.81529
-0.80806
-0.79281
-0.82022
-0.82
-0.79706
-0.78589
-0.78956
-0.78892
-0.79822
-0.78513
-0.79821
-0.78375
-0.80305
-0.78376
-0.78356
-0.78732
-0.80523
-0.79921
-0.78547
-0.77608
-0.77082
-0.80327
-0.76514
-0.76515
-0.76229
-0.74347
-0.779
-0.75321
-0.74611
-0.79305
-0.76819
-0.77454
-0.77742
-0.86759
-0.84709
-0.88326
-0.84563
-0.94852
-1.0605
-1.0151
0
0
0
0
0
0
0
0
0
0
0
0
0
0
0
0
0
0
0
0
0
0
0
0
0
0
0
0
0
0
0
0
0
0
0
0
0
0
0
0
0
0
0
0
0
0
0
0
0
0
0
0
0
0
0
0
0
0
0
0
0
0
0
-0.85089
-0.83844
-0.83339
-0.82259
-0.83686
-0.83782
-0.81462
-0.82474
-0.81378
-0.81098
-0.82083
-0.83292
-0.78245
-0.78237
-0.85757
-0.83
-0.79542
-0.85754
-0.81774
-0.79163
49.6295
-0.8153
-0.80808
-0.79284
-0.82023
-0.82002
-0.79708
-0.78591
-0.78958
-0.78894
-0.79823
-0.78515
-0.79823
-0.78378
-0.80305
-0.78378
-0.78357
-0.78733
-0.80524
-0.79923
-0.78549
-0.7761
-0.77084
-0.8033
-0.76517
-0.76517
-0.76231
-0.74349
-0.77903
-0.75323
-0.74613
-0.79307
-0.7682
-0.77456
-0.77744
-0.86761
-0.84711
-0.88328
-0.84565
-0.94854
-1.0605
-1.0151
0
0
0
0
0
0
0
0
0
0
0
0
0
0
0
0
0
0
0
0
0
0
0
0
0
0
0
0
0
0
0
0
0
0
0
0
0
0
0
0
0
0
0
0
0
0
0
0
0
0
0
0
0
0
0
0
0
0
0
0
0
0
0
-0.86553
-0.85453
-0.84817
-0.83718
-0.85217
-0.85294
-0.82876
-0.8407
-0.83321
-0.82763
-0.82375
-0.85197
-0.80023
-0.80016
-0.87332
-0.85544
-0.80771
-0.87327
-0.83462
-0.81529
-0.8153
57.9238
-0.82224
-0.80469
-0.83627
-0.83605
-0.80939
-0.79186
-0.80371
-0.80702
-0.81107
-0.79661
-0.81109
-0.79693
-0.81836
-0.79692
-0.79653
-0.78945
-0.79796
-0.81173
-0.79752
-0.7885
-0.78361
-0.81207
-0.77784
-0.77785
-0.76497
-0.75636
-0.7902
-0.76586
-0.75875
-0.8036
-0.78279
-0.7878
-0.79691
-0.87766
-0.85618
-0.89464
-0.85949
0
0
0
0
0
0
0
0
0
0
0
0
0
0
0
0
0
0
0
0
0
-3.0371
-3.6425
0
0
-3.8819
0
0
0
0
0
0
0
0
0
0
0
0
0
0
0
0
0
0
0
0
0
0
0
0
0
0
0
0
0
0
0
0
0
0
0
0
0
0
0
0
-0.85987
-0.84703
-0.84219
-0.83157
-0.84584
-0.84703
-0.8234
-0.83386
-0.8228
-0.81998
-0.82943
-0.84255
-0.79072
-0.79064
-0.86648
-0.83956
-0.80388
-0.86644
-0.82349
-0.80806
-0.80808
-0.82224
50.4819
-0.80036
-0.82739
-0.82715
-0.80414
-0.79366
-0.7981
-0.79562
-0.80617
-0.79259
-0.80618
-0.79152
-0.8012
-0.79152
-0.79127
-0.79497
-0.81322
-0.80694
-0.79304
-0.78373
-0.77918
-0.80681
-0.77265
-0.77265
-0.76988
-0.75083
-0.78676
-0.76066
-0.75354
-0.80105
-0.77716
-0.78211
-0.78503
-0.87801
-0.85657
-0.89265
-0.85389
0
0
0
0
0
0
0
0
0
0
0
0
0
0
0
0
0
0
0
-3.4185
0
0
0
0
0
0
0
0
0
0
0
0
0
0
0
0
0
0
0
0
0
0
0
0
0
0
0
0
0
0
0
0
0
0
0
0
0
0
0
0
0
0
0
0
0
0
-0.84207
-0.82969
-0.82552
-0.81485
-0.82932
-0.83025
-0.80711
-0.81736
-0.80637
-0.80358
-0.81362
-0.82618
-0.77507
-0.77499
-0.84999
-0.82319
-0.78647
-0.84995
-0.80999
-0.79281
-0.79284
-0.80469
-0.80036
47.9016
-0.81133
-0.81109
-0.78822
-0.77385
-0.78281
-0.78085
-0.79128
-0.77196
-0.79129
-0.77543
-0.79478
-0.77544
-0.77485
-0.77625
-0.79605
-0.79031
-0.77642
-0.7674
-0.76201
-0.79151
-0.75619
-0.75619
-0.75318
-0.73475
-0.76965
-0.74441
-0.73736
-0.78414
-0.76045
-0.7657
-0.76827
-0.85808
-0.83769
-0.87383
-0.8369
0
0
0
0
0
0
0
0
0
0
0
0
0
0
0
0
0
0
0
0
-1.7754
0
0
0
0
0
0
0
0
0
0
0
0
0
0
0
0
0
0
0
0
0
0
0
0
0
0
0
0
0
0
0
0
0
0
0
0
0
0
0
0
0
0
0
0
0
-0.87293
-0.86022
-0.85493
-0.84311
-0.8587
-0.85806
-0.83589
-0.84681
-0.83572
-0.83406
-0.84295
-0.85784
-0.8046
-0.80451
-0.8795
-0.85546
-0.81192
-0.87945
-0.84108
-0.82022
-0.82023
-0.83627
-0.82739
-0.81133
54.9788
-0.83957
-0.81241
-0.80365
-0.80852
-0.80808
-0.81607
-0.8028
-0.81607
-0.80164
-0.82009
-0.80163
-0.801
-0.80411
-0.81935
-0.81637
-0.80204
-0.79321
-0.78663
-0.81755
-0.78241
-0.78242
-0.77814
-0.75982
-0.79497
-0.7702
-0.76307
-0.80609
-0.78546
-0.7916
-0.79253
-0.87552
-0.86001
-0.89552
-0.86064
0
0
0
0
0
0
0
0
0
0
0
0
0
0
0
0
0
0
0
0
0
0
0
0
0
0
0
0
0
0
0
0
0
0
0
0
0
0
0
0
0
0
0
0
-7.3164
0
0
0
0
0
0
0
0
0
0
0
0
0
0
0
0
0
0
0
0
0
-0.87271
-0.86
-0.8547
-0.84288
-0.85847
-0.85784
-0.83567
-0.84659
-0.83549
-0.83382
-0.84273
-0.8576
-0.80436
-0.80429
-0.87927
-0.85525
-0.81169
-0.87923
-0.84084
-0.82
-0.82002
-0.83605
-0.82715
-0.81109
-0.83957
54.9645
-0.81217
-0.80343
-0.80829
-0.80781
-0.81583
-0.80257
-0.81584
-0.80141
-0.81979
-0.80141
-0.80077
-0.80388
-0.81912
-0.81614
-0.80181
-0.79297
-0.78641
-0.81733
-0.78218
-0.78219
-0.77791
-0.7596
-0.79475
-0.76998
-0.76284
-0.80587
-0.78524
-0.79137
-0.7923
-0.87525
-0.85977
-0.89526
-0.86041
0
0
0
0
0
0
0
0
0
0
0
0
0
0
0
0
0
0
0
0
0
0
0
0
0
0
0
0
0
0
0
0
0
0
0
0
0
0
0
0
0
0
0
0
0
0
0
0
0
0
0
0
-7.3153
0
0
0
0
0
0
0
0
0
0
0
0
0
-0.84672
-0.83414
-0.82922
-0.8177
-0.83359
-0.83321
-0.81102
-0.82141
-0.81028
-0.80786
-0.81757
-0.82913
-0.77957
-0.77949
-0.85242
-0.82856
-0.78463
-0.85238
-0.81477
-0.79706
-0.79708
-0.80939
-0.80414
-0.78822
-0.81241
-0.81217
52.1832
-0.78028
-0.78545
-0.78037
-0.79288
-0.78031
-0.79288
-0.779
-0.79177
-0.779
-0.77885
-0.78071
-0.7966
-0.79423
-0.7801
-0.77084
-0.76516
-0.79426
-0.7599
-0.75992
-0.75609
-0.73798
-0.75863
-0.74906
-0.74188
-0.78527
-0.75992
-0.77006
-0.77206
-0.8535
-0.83973
0
0
0
0
0
0
0
0
0
0
0
0
0
0
0
0
0
0
0
-3.1775
0
0
0
0
0
0
0
0
0
0
0
0
0
0
0
-4.4349
0
0
0
0
0
0
0
0
0
0
0
0
0
0
0
0
0
0
0
0
0
0
0
0
0
0
0
0
0
0
0
0
-0.83711
-0.82472
-0.81989
-0.80886
-0.8231
-0.82347
-0.8009
-0.81091
-0.79993
-0.7971
-0.80673
-0.81991
-0.76802
-0.76793
-0.84296
-0.81678
-0.77929
-0.84292
-0.80352
-0.78589
-0.78591
-0.79186
-0.79366
-0.77385
-0.80365
-0.80343
-0.78028
47.8304
-0.77538
-0.77035
-0.78577
-0.7676
-0.78578
-0.76876
-0.78885
-0.76875
-0.76747
-0.77074
-0.7784
-0.78258
-0.76865
-0.75998
-0.7548
-0.78538
-0.74842
-0.74842
-0.73328
-0.72861
-0.76233
-0.73738
-0.73017
-0.77658
-0.75408
-0.75882
-0.76021
-0.84981
-0.82763
-0.86668
0
0
0
0
0
0
0
0
0
0
0
0
0
0
0
0
-2.9561
0
0
0
0
0
0
0
0
0
0
0
0
0
0
0
0
0
0
0
0
0
0
0
0
0
0
0
0
0
0
0
0
0
0
0
0
0
0
0
0
0
0
0
0
0
0
0
0
0
0
-0.8394
-0.8282
-0.8241
-0.81319
-0.82797
-0.8283
-0.8057
-0.81599
-0.805
-0.80218
-0.81194
-0.82457
-0.77297
-0.77289
-0.84786
-0.8216
-0.78454
-0.84782
-0.8087
-0.78956
-0.78958
-0.80371
-0.7981
-0.78281
-0.80852
-0.80829
-0.78545
-0.77538
48.9519
-0.77667
-0.79003
-0.77368
-0.79005
-0.77406
-0.79272
-0.77406
-0.77296
-0.77549
-0.79237
-0.78828
-0.77425
-0.76542
-0.75996
-0.78552
-0.75425
-0.75427
-0.7509
-0.7327
-0.76747
-0.74244
-0.73538
-0.78127
-0.7577
-0.76399
-0.76586
-0.85356
-0.83501
-0.87087
0
0
0
0
0
0
0
0
0
0
0
0
0
0
0
0
0
0
0
0
0
0
0
0
0
0
0
0
0
0
0
0
0
0
0
0
0
-3.7764
0
0
0
0
0
0
0
0
0
0
0
0
0
0
0
0
0
0
0
0
0
0
0
0
0
0
0
0
0
-0.84152
-0.82898
-0.82409
-0.81309
-0.82926
-0.82839
-0.80684
-0.81785
-0.80707
-0.80532
-0.81419
-0.82811
-0.77736
-0.77728
-0.84822
-0.82668
-0.78064
-0.84818
-0.81314
-0.78892
-0.78894
-0.80702
-0.79562
-0.78085
-0.80808
-0.80781
-0.78037
-0.77035
-0.77667
53.7871
-0.7861
-0.77302
-0.78611
-0.77259
-0.77991
-0.77258
-0.77213
-0.77461
-0.78977
-0.78743
-0.77293
-0.76421
-0.75913
-0.78763
-0.75376
-0.75377
-0.74528
-0.72899
-0.76526
-0.7419
-0.73485
-0.77647
-0.75496
-0.76305
-0.75265
-0.84484
-0.81986
0
0
0
0
0
0
0
0
0
0
0
0
0
0
0
-3.0972
0
0
0
0
0
0
0
0
0
0
0
0
0
0
0
0
0
0
0
0
0
0
0
0
0
0
0
0
0
0
0
0
0
0
-6.4552
0
0
0
0
0
0
0
0
0
0
0
0
0
0
0
0
0
-0.84772
-0.83526
-0.83042
-0.81958
-0.83391
-0.83484
-0.8116
-0.82188
-0.81092
-0.8082
-0.81797
-0.82975
-0.77928
-0.7792
-0.85446
-0.82692
-0.79069
-0.85442
-0.81495
-0.79822
-0.79823
-0.81107
-0.80617
-0.79128
-0.81607
-0.81583
-0.79288
-0.78577
-0.79003
-0.7861
45.5427
-0.7853
-0.78332
-0.77656
-0.79872
-0.77655
-0.77752
-0.78175
-0.80104
-0.79332
-0.77967
-0.77067
-0.76521
-0.80028
-0.759
-0.75899
-0.75659
-0.73805
-0.77343
-0.74747
-0.74038
-0.78897
-0.76435
-0.76921
-0.77229
-0.86587
-0.84268
-0.88191
0
0
0
0
0
0
0
0
0
0
0
0
0
0
0
0
0
0
0
0
0
0
0
0
0
0
0
0
0
0
0
0
0
0
0
0
0
0
0
0
0
0
0
0
0
0
0
0
0
0
0
0
0
0
0
0
0
0
0
0
0
0
0
0
0
0
0
-0.83555
-0.81346
-0.8176
-0.80742
-0.82162
-0.82245
-0.7993
-0.80962
-0.79864
-0.79587
-0.80577
-0.81977
-0.76667
-0.76659
-0.84216
-0.81766
-0.77791
-0.84212
-0.80214
-0.78513
-0.78515
-0.79661
-0.79259
-0.77196
-0.8028
-0.80257
-0.78031
-0.7676
-0.77368
-0.77302
-0.7853
47.1179
-0.78531
-0.76853
-0.78722
-0.76853
-0.76767
-0.76737
-0.78543
-0.7829
-0.7688
-0.75917
-0.75433
-0.78239
-0.74822
-0.74824
-0.74559
-0.72551
-0.76259
-0.73664
-0.72942
-0.77563
-0.75422
-0.75758
-0.75976
-0.84519
-0.82818
0
0
0
0
0
0
0
0
0
0
0
0
0
0
0
0
-3.1445
0
0
0
0
0
0
0
0
0
0
0
0
0
0
0
0
0
0
0
0
0
0
0
0
0
0
0
0
0
0
0
0
0
0
0
0
0
0
0
0
0
0
0
0
0
0
0
0
0
0
0
-0.84774
-0.83526
-0.83043
-0.81958
-0.83391
-0.83485
-0.81159
-0.82188
-0.81093
-0.80821
-0.81797
-0.82976
-0.77928
-0.77921
-0.85447
-0.82692
-0.79069
-0.85443
-0.81496
-0.79821
-0.79823
-0.81109
-0.80618
-0.79129
-0.81607
-0.81584
-0.79288
-0.78578
-0.79005
-0.78611
-0.78332
-0.78531
45.5431
-0.77656
-0.79872
-0.77656
-0.77754
-0.78176
-0.80105
-0.79333
-0.77968
-0.77068
-0.76521
-0.8003
-0.759
-0.759
-0.7566
-0.73806
-0.77344
-0.74748
-0.74038
-0.78897
-0.76436
-0.76921
-0.77231
-0.86589
-0.84269
-0.88193
0
0
0
0
0
0
0
0
0
0
0
0
0
0
0
0
0
0
0
0
0
0
0
0
0
0
0
0
0
0
0
0
0
0
0
0
0
0
0
0
0
0
0
0
0
0
0
0
0
0
0
0
0
0
0
0
0
0
0
0
0
0
0
0
0
0
0
-0.83387
-0.8215
-0.81669
-0.80602
-0.82008
-0.82097
-0.79783
-0.80801
-0.79706
-0.7943
-0.80409
-0.8156
-0.76532
-0.76523
-0.84036
-0.81414
-0.77631
-0.84031
-0.80094
-0.78375
-0.78378
-0.79693
-0.79152
-0.77543
-0.80164
-0.80141
-0.779
-0.76876
-0.77406
-0.77259
-0.77656
-0.76853
-0.77656
43.9008
-0.78569
-0.76516
-0.76451
-0.76954
-0.78774
-0.78075
-0.76703
-0.75671
-0.75233
-0.78727
-0.74551
-0.74551
-0.74329
-0.72358
-0.7603
-0.73445
-0.72745
-0.7759
-0.75118
-0.75581
-0.75926
-0.84319
-0.82953
0
0
0
0
0
0
0
0
0
0
0
0
0
0
0
0
0
0
0
0
0
0
0
0
0
0
0
0
0
0
0
0
0
0
0
0
0
0
0
0
0
0
0
0
0
0
0
0
0
0
0
0
0
0
0
0
0
0
0
0
0
0
0
0
0
0
0
0
-0.85538
-0.84244
-0.83415
-0.82469
-0.84102
-0.84127
-0.81817
-0.82933
-0.81822
-0.81688
-0.82524
-0.83919
-0.78577
-0.78569
-0.8613
-0.8371
-0.79169
-0.86127
-0.81968
-0.80305
-0.80305
-0.81836
-0.8012
-0.79478
-0.82009
-0.81979
-0.79177
-0.78885
-0.79272
-0.77991
-0.79872
-0.78722
-0.79872
-0.78569
54.162
-0.78569
-0.78535
-0.7872
-0.80451
-0.80085
-0.78608
-0.77748
-0.77205
-0.7965
-0.76711
-0.76713
-0.76376
-0.74392
-0.76371
-0.75527
-0.7487
-0.79095
-0.76922
-0.77688
0
0
0
0
0
0
0
0
0
0
0
0
0
0
0
0
0
0
0
0
0
0
-3.1665
0
-3.3894
0
0
0
0
0
0
0
0
0
0
0
0
0
0
0
0
0
0
0
-5.1514
0
0
0
0
0
0
0
0
0
0
0
0
0
0
0
0
0
0
0
0
0
0
0
0
0
0
-0.83386
-0.82151
-0.81669
-0.80601
-0.82009
-0.82097
-0.79783
-0.80801
-0.79706
-0.7943
-0.8041
-0.8156
-0.76531
-0.76523
-0.84036
-0.81414
-0.77629
-0.84031
-0.80094
-0.78376
-0.78378
-0.79692
-0.79152
-0.77544
-0.80163
-0.80141
-0.779
-0.76875
-0.77406
-0.77258
-0.77655
-0.76853
-0.77656
-0.76516
-0.78569
43.9008
-0.7645
-0.76954
-0.78774
-0.78076
-0.76703
-0.75671
-0.75232
-0.78727
-0.7455
-0.74551
-0.74329
-0.72359
-0.7603
-0.73445
-0.72746
-0.7759
-0.75119
-0.75581
-0.75926
-0.84319
-0.82955
0
0
0
0
0
0
0
0
0
0
0
0
0
0
0
0
0
0
0
0
0
0
0
0
0
0
0
0
0
0
0
0
0
0
0
0
0
0
0
0
0
0
0
0
0
0
0
0
0
0
0
0
0
0
0
0
0
0
0
0
0
0
0
0
0
0
0
0
-0.83398
-0.82159
-0.81674
-0.80605
-0.82008
-0.82091
-0.79773
-0.80789
-0.79684
-0.79405
-0.80392
-0.81526
-0.76476
-0.76468
-0.8403
-0.81406
-0.7758
-0.84027
-0.80056
-0.78356
-0.78357
-0.79653
-0.79127
-0.77485
-0.801
-0.80077
-0.77885
-0.76747
-0.77296
-0.77213
-0.77752
-0.76767
-0.77754
-0.76451
-0.78535
-0.7645
42.2375
-0.76838
-0.78692
-0.7854
-0.76887
-0.75842
-0.75402
-0.78094
-0.74888
-0.7489
-0.7459
-0.7251
-0.76217
-0.73555
-0.72814
-0.77469
-0.75202
-0.75678
-0.76089
0
0
0
0
0
0
0
0
0
0
0
0
0
0
0
0
0
0
0
0
0
0
0
0
0
0
0
0
0
0
0
0
0
0
0
0
0
0
0
0
0
0
0
0
0
0
0
0
0
0
0
0
0
0
0
0
0
0
0
0
0
0
0
0
0
0
0
0
0
0
-0.83549
-0.82506
-0.81868
-0.8081
-0.82245
-0.82322
-0.80011
-0.81031
-0.79928
-0.79645
-0.80692
-0.82036
-0.76778
-0.76769
-0.84396
-0.81724
-0.77918
-0.84391
-0.80337
-0.78732
-0.78733
-0.78945
-0.79497
-0.77625
-0.80411
-0.80388
-0.78071
-0.77074
-0.77549
-0.77461
-0.78175
-0.76737
-0.78176
-0.76954
-0.7872
-0.76954
-0.76838
43.8218
-0.79002
-0.78822
-0.77079
-0.76324
-0.75655
-0.78304
-0.75188
-0.75188
-0.74763
-0.72741
-0.76259
-0.73798
-0.73183
-0.7782
0
-0.76032
0
0
0
0
0
0
0
0
0
0
0
0
0
0
0
0
0
0
0
0
0
0
0
0
0
0
-2.9603
0
0
0
0
0
0
0
0
0
0
0
0
0
0
0
0
0
0
0
0
0
0
0
0
0
0
0
0
0
0
0
0
0
0
0
0
0
0
0
0
0
0
0
0
-0.8546
-0.8419
-0.83682
-0.82291
-0.84024
-0.8409
-0.81746
-0.82852
-0.81743
-0.81441
-0.82429
-0.8397
-0.78416
-0.78407
-0.86055
-0.83573
-0.79622
-0.8605
-0.82132
-0.80523
-0.80524
-0.79796
-0.81322
-0.79605
-0.81935
-0.81912
-0.7966
-0.7784
-0.79237
-0.78977
-0.80104
-0.78543
-0.80105
-0.78774
-0.80451
-0.78774
-0.78692
-0.79002
46.8459
-0.80345
-0.78885
-0.77979
-0.77475
-0.809
-0.76891
-0.76892
-0.7547
-0.74713
-0.78251
-0.75602
-0.7498
-0.79532
0
0
0
0
0
0
0
0
0
0
0
0
0
0
0
0
0
0
0
0
0
0
0
0
0
-2.0871
0
0
0
0
0
0
-3.8001
0
0
0
0
0
0
0
0
0
0
0
0
0
0
0
0
0
0
0
0
0
0
0
0
0
0
0
0
0
0
0
0
0
0
0
0
0
0
0
0
-0.84959
-0.83713
-0.83229
-0.82149
-0.83588
-0.83674
-0.81339
-0.82362
-0.81246
-0.80965
-0.8196
-0.83285
-0.78
-0.77991
-0.85615
-0.82971
-0.79122
-0.85612
-0.81614
-0.79921
-0.79923
-0.81173
-0.80694
-0.79031
-0.81637
-0.81614
-0.79423
-0.78258
-0.78828
-0.78743
-0.79332
-0.7829
-0.79333
-0.78075
-0.80085
-0.78076
-0.7854
-0.78822
-0.80345
41.5684
-0.79228
-0.7753
-0.77342
-0.79648
-0.76543
-0.76544
-0.765
-0.74436
-0.78201
-0.75281
-0.74617
-0.79932
0
-0.775
0
0
0
0
0
0
0
0
0
0
0
0
0
0
0
0
0
0
0
0
0
0
0
0
0
0
0
0
0
0
0
0
0
0
0
0
0
0
0
0
0
0
0
0
0
0
0
0
0
0
0
0
0
0
0
0
0
0
0
0
0
0
0
0
0
0
0
0
0
0
0
-0.83222
-0.82266
-0.81784
-0.80726
-0.81938
-0.82243
-0.79917
-0.80944
-0.79836
-0.79556
-0.80545
-0.81857
-0.76604
-0.76594
-0.84172
-0.8155
-0.77737
-0.84167
-0.80197
-0.78547
-0.78549
-0.79752
-0.79304
-0.77642
-0.80204
-0.80181
-0.7801
-0.76865
-0.77425
-0.77293
-0.77967
-0.7688
-0.77968
-0.76703
-0.78608
-0.76703
-0.76887
-0.77079
-0.78885
-0.79228
41.2237
-0.75899
-0.75651
-0.78874
-0.75537
-0.75538
-0.74869
-0.72977
-0.76353
-0.73744
-0.73195
0
0
0
0
0
0
0
0
0
0
0
0
0
0
0
0
0
0
-1.9319
0
0
0
0
0
0
0
0
0
0
0
0
0
0
0
0
0
0
0
0
0
0
0
0
0
0
0
0
0
0
0
0
0
0
0
0
0
0
0
0
0
0
0
0
0
0
0
0
0
0
0
0
0
0
0
-0.82584
-0.81357
-0.80878
-0.7981
-0.81227
-0.81308
-0.79
-0.80012
-0.78912
-0.78636
-0.79617
-0.80947
-0.75719
-0.7571
-0.83235
-0.80593
-0.76822
-0.83231
-0.79282
-0.77608
-0.7761
-0.7885
-0.78373
-0.7674
-0.79321
-0.79297
-0.77084
-0.75998
-0.76542
-0.76421
-0.77067
-0.75917
-0.77068
-0.75671
-0.77748
-0.75671
-0.75842
-0.76324
-0.77979
-0.7753
-0.75899
39.5907
-0.74321
-0.77917
-0.7433
-0.74331
-0.73594
-0.71329
-0.75251
-0.72528
-0.72033
-0.77989
0
0
0
0
0
0
0
0
0
0
0
0
0
0
0
0
0
0
0
0
0
0
0
0
0
0
0
0
0
0
0
0
0
0
0
0
0
0
0
0
0
0
0
0
0
0
0
0
0
0
0
0
0
0
0
0
0
0
0
0
0
0
0
0
0
0
0
0
0
0
0
0
0
-0.82018
-0.80747
-0.80279
-0.79351
-0.8072
-0.80746
-0.78481
-0.79487
-0.78392
-0.78094
-0.79122
-0.80375
-0.75167
-0.75159
-0.82604
-0.80004
-0.76284
-0.826
-0.78817
-0.77082
-0.77084
-0.78361
-0.77918
-0.76201
-0.78663
-0.78641
-0.76516
-0.7548
-0.75996
-0.75913
-0.76521
-0.75433
-0.76521
-0.75233
-0.77205
-0.75232
-0.75402
-0.75655
-0.77475
-0.77342
-0.75651
-0.74321
40.6677
-0.77816
-0.7427
-0.74271
-0.72873
-0.71014
-0.74133
-0.71979
-0.71534
0
0
0
0
0
0
0
0
0
0
0
0
0
0
0
0
0
0
0
0
0
0
0
0
0
0
0
0
0
0
0
0
0
0
0
0
0
0
0
0
0
0
-2.1059
0
0
0
0
0
0
0
0
0
0
0
0
0
0
0
0
0
0
0
0
0
0
0
0
0
0
0
0
0
0
0
-0.84626
-0.83785
-0.83439
-0.82415
-0.83857
-0.83959
-0.8161
-0.82653
-0.81526
-0.8123
-0.82154
-0.83597
-0.78217
-0.78207
-0.85803
-0.83251
-0.79437
-0.858
-0.80346
-0.80327
-0.8033
-0.81207
-0.80681
-0.79151
-0.81755
-0.81733
-0.79426
-0.78538
-0.78552
-0.78763
-0.80028
-0.78239
-0.8003
-0.78727
-0.7965
-0.78727
-0.78094
-0.78304
-0.809
-0.79648
-0.78874
-0.77917
-0.77816
45.5213
-0.77001
-0.77002
-0.7632
0
-0.77622
-0.75192
0
0
0
0
0
0
0
0
0
0
0
0
0
0
0
0
0
0
0
0
0
0
0
0
0
-2.4773
0
0
0
0
0
0
0
0
0
0
0
0
-4.4794
0
0
0
0
0
0
0
0
0
0
0
0
0
0
0
0
0
0
0
0
0
0
0
0
0
0
0
0
0
0
0
0
0
0
0
0
-0.81534
-0.80315
-0.79838
-0.78777
-0.80169
-0.80251
-0.77952
-0.78951
-0.77854
-0.77574
-0.78558
-0.79856
-0.74661
-0.74653
-0.82163
-0.79531
-0.75747
-0.82157
-0.78211
-0.76514
-0.76517
-0.77784
-0.77265
-0.75619
-0.78241
-0.78218
-0.7599
-0.74842
-0.75425
-0.75376
-0.759
-0.74822
-0.759
-0.74551
-0.76711
-0.7455
-0.74888
-0.75188
-0.76891
-0.76543
-0.75537
-0.7433
-0.7427
-0.77001
38.3357
-0.72994
-0.73539
-0.7107
-0.75561
-0.71611
-0.71176
0
0
0
0
0
0
0
0
0
0
0
0
0
0
0
0
0
0
0
0
0
0
0
0
0
0
0
0
0
0
0
0
0
0
0
0
0
0
0
0
0
0
0
0
0
0
0
0
0
0
0
0
0
0
0
0
0
0
0
0
0
0
0
0
0
0
0
0
0
0
0
0
0
0
-0.81535
-0.80316
-0.79838
-0.78777
-0.8017
-0.8025
-0.77953
-0.78953
-0.77854
-0.77575
-0.78558
-0.79857
-0.74662
-0.74653
-0.82162
-0.79532
-0.75747
-0.82158
-0.78212
-0.76515
-0.76517
-0.77785
-0.77265
-0.75619
-0.78242
-0.78219
-0.75992
-0.74842
-0.75427
-0.75377
-0.75899
-0.74824
-0.759
-0.74551
-0.76713
-0.74551
-0.7489
-0.75188
-0.76892
-0.76544
-0.75538
-0.74331
-0.74271
-0.77002
-0.72994
38.3361
-0.7354
-0.71071
-0.75562
-0.71612
-0.71176
0
0
0
0
0
0
0
0
0
0
0
0
0
0
0
0
0
0
0
0
0
0
0
0
0
0
0
0
0
0
0
0
0
0
0
0
0
0
0
0
0
0
0
0
0
0
0
0
0
0
0
0
0
0
0
0
0
0
0
0
0
0
0
0
0
0
0
0
0
0
0
0
0
0
-0.81228
-0.80008
-0.79536
-0.78442
-0.79858
-0.79874
-0.77648
-0.78632
-0.77538
-0.77254
-0.78209
-0.7967
-0.74323
-0.74313
-0.81804
-0.79342
-0.75435
-0.81799
-0.77872
-0.76229
-0.76231
-0.76497
-0.76988
-0.75318
-0.77814
-0.77791
-0.75609
-0.73328
-0.7509
-0.74528
-0.75659
-0.74559
-0.7566
-0.74329
-0.76376
-0.74329
-0.7459
-0.74763
-0.7547
-0.765
-0.74869
-0.73594
-0.72873
-0.7632
-0.73539
-0.7354
38.119
0
0
0
0
0
0
0
0
0
0
0
0
0
0
0
0
0
0
0
0
0
0
0
0
0
0
0
-2.8672
0
0
0
0
0
0
0
0
0
0
0
0
0
0
0
0
0
0
0
0
0
0
0
0
0
0
0
0
0
0
0
0
0
0
0
0
0
0
0
0
0
0
0
0
0
0
0
0
0
0
-0.79203
-0.78007
-0.77526
-0.7648
-0.77865
-0.77981
-0.75682
-0.76699
-0.7561
-0.7534
-0.7629
-0.77629
-0.72442
-0.72434
-0.79874
-0.77129
-0.73551
-0.79869
-0.75973
-0.74347
-0.74349
-0.75636
-0.75083
-0.73475
-0.75982
-0.7596
-0.73798
-0.72861
-0.7327
-0.72899
-0.73805
-0.72551
-0.73806
-0.72358
-0.74392
-0.72359
-0.7251
-0.72741
-0.74713
-0.74436
-0.72977
-0.71329
-0.71014
0
-0.7107
-0.71071
0
36.8844
0
0
0
0
0
0
0
0
0
-0.83149
0
0
0
0
0
0
0
0
0
0
0
0
-2.4091
0
0
0
0
0
0
0
0
0
0
0
0
0
0
0
0
0
0
0
0
0
0
0
0
0
0
0
0
0
0
0
0
0
0
0
0
0
0
0
0
0
0
0
0
0
0
0
0
0
0
0
0
0
0
-0.828
-0.81599
-0.81124
-0.80029
-0.81577
-0.81576
-0.79354
-0.80325
-0.79209
-0.78931
-0.79926
-0.80938
-0.75992
-0.75983
-0.83456
-0.80687
-0.77093
-0.83452
-0.79452
-0.779
-0.77903
-0.7902
-0.78676
-0.76965
-0.79497
-0.79475
-0.75863
-0.76233
-0.76747
-0.76526
-0.77343
-0.76259
-0.77344
-0.7603
-0.76371
-0.7603
-0.76217
-0.76259
-0.78251
-0.78201
-0.76353
-0.75251
-0.74133
-0.77622
-0.75561
-0.75562
0
0
39.092
0
0
0
0
0
0
0
0
0
0
0
0
0
0
0
0
0
0
0
0
0
0
0
0
0
0
0
-3.081
0
0
0
0
0
0
0
0
0
0
0
0
0
0
0
0
0
0
0
0
0
0
0
0
0
0
0
0
0
0
0
0
0
0
0
0
0
0
0
0
0
0
0
0
0
0
0
0
-0.8029
-0.79072
-0.78596
-0.77541
-0.78932
-0.79013
-0.76725
-0.77723
-0.76632
-0.76356
-0.77331
-0.78591
-0.73464
-0.73457
-0.80923
-0.78307
-0.74547
-0.80919
-0.76994
-0.75321
-0.75323
-0.76586
-0.76066
-0.74441
-0.7702
-0.76998
-0.74906
-0.73738
-0.74244
-0.7419
-0.74747
-0.73664
-0.74748
-0.73445
-0.75527
-0.73445
-0.73555
-0.73798
-0.75602
-0.75281
-0.73744
-0.72528
-0.71979
-0.75192
-0.71611
-0.71612
0
0
0
34.8472
0
0
0
0
0
0
0
0
0
0
0
0
0
0
0
0
0
0
0
0
0
0
0
0
0
0
0
0
0
0
0
0
0
0
0
0
0
0
0
0
0
0
0
0
0
0
0
0
0
0
0
0
0
0
0
0
0
0
0
0
0
0
0
0
0
0
0
0
0
0
0
0
0
0
0
-0.79593
-0.7837
-0.77894
-0.7684
-0.78217
-0.78296
-0.76018
-0.77012
-0.75924
-0.75646
-0.76623
-0.77883
-0.72769
-0.7276
-0.80199
-0.77588
-0.73845
-0.80194
-0.76321
-0.74611
-0.74613
-0.75875
-0.75354
-0.73736
-0.76307
-0.76284
-0.74188
-0.73017
-0.73538
-0.73485
-0.74038
-0.72942
-0.74038
-0.72745
-0.7487
-0.72746
-0.72814
-0.73183
-0.7498
-0.74617
-0.73195
-0.72033
-0.71534
0
-0.71176
-0.71176
0
0
0
0
33.7908
0
0
0
0
0
0
0
0
0
0
0
0
0
0
0
0
0
0
0
0
0
0
0
0
0
0
0
0
0
0
0
0
0
0
0
0
0
0
0
0
0
0
0
0
0
0
0
0
0
0
0
0
0
0
0
0
0
0
0
0
0
0
0
0
0
0
0
0
0
0
0
0
0
0
-0.8412
-0.82809
-0.82326
-0.81193
-0.82832
-0.83023
-0.80591
-0.8164
-0.80498
-0.80237
-0.81226
-0.82745
-0.77261
-0.77252
-0.84651
-0.82323
-0.78435
-0.84648
-0.80895
-0.79305
-0.79307
-0.8036
-0.80105
-0.78414
-0.80609
-0.80587
-0.78527
-0.77658
-0.78127
-0.77647
-0.78897
-0.77563
-0.78897
-0.7759
-0.79095
-0.7759
-0.77469
-0.7782
-0.79532
-0.79932
0
-0.77989
0
0
0
0
0
0
0
0
0
38.6353
0
0
0
0
0
0
0
0
0
0
0
0
0
0
0
0
0
0
0
0
0
0
0
0
0
0
0
0
0
0
0
0
0
0
0
0
0
0
0
0
0
0
0
0
0
0
0
0
0
0
0
0
0
0
0
0
0
-5.8181
0
0
0
0
0
0
0
0
0
0
0
0
0
0
0
-0.82625
-0.81341
-0.80577
-0.79546
-0.80178
-0.80295
-0.77939
-0.78987
-0.77973
-0.777
-0.78721
-0.73775
-0.74752
-0.74744
-0.82624
-0.8027
-0.7595
-0.8262
-0.78409
-0.76819
-0.7682
-0.78279
-0.77716
-0.76045
-0.78546
-0.78524
-0.75992
-0.75408
-0.7577
-0.75496
-0.76435
-0.75422
-0.76436
-0.75118
-0.76922
-0.75119
-0.75202
0
0
0
0
0
0
0
0
0
0
0
0
0
0
0
36.9334
0
0
0
0
0
0
0
0
0
0
0
0
0
0
0
0
0
0
0
0
0
0
0
0
0
0
0
0
0
0
0
0
-4.8879
0
0
0
0
0
0
0
0
0
0
0
-3.2945
0
0
0
0
0
0
0
0
0
0
0
0
0
0
0
0
0
0
0
0
0
0
0
0
0
0
0
-0.82475
-0.81228
-0.80748
-0.79685
-0.81089
-0.81166
-0.78854
-0.79864
-0.78764
-0.78486
-0.79472
-0.80743
-0.75561
-0.75553
-0.83093
-0.8044
-0.76666
-0.83089
-0.79171
-0.77454
-0.77456
-0.7878
-0.78211
-0.7657
-0.7916
-0.79137
-0.77006
-0.75882
-0.76399
-0.76305
-0.76921
-0.75758
-0.76921
-0.75581
-0.77688
-0.75581
-0.75678
-0.76032
0
-0.775
0
0
0
0
0
0
0
0
0
0
0
0
0
30.5617
0
0
0
0
0
0
0
0
0
0
0
0
0
0
0
0
0
0
0
0
0
0
0
0
0
0
0
0
0
0
0
0
0
0
0
0
0
0
0
0
0
0
0
0
0
0
0
0
0
0
0
0
0
0
0
0
0
0
0
0
0
0
0
0
0
0
0
0
0
0
0
-0.82634
-0.81375
-0.80933
-0.79893
-0.81276
-0.81383
-0.79018
-0.80133
-0.79031
-0.78753
-0.79715
-0.80951
-0.75787
-0.75777
-0.83264
-0.80635
-0.76908
-0.83261
-0.79398
-0.77742
-0.77744
-0.79691
-0.78503
-0.76827
-0.79253
-0.7923
-0.77206
-0.76021
-0.76586
-0.75265
-0.77229
-0.75976
-0.77231
-0.75926
0
-0.75926
-0.76089
0
0
0
0
0
0
0
0
0
0
0
0
0
0
0
0
0
33.0301
0
0
0
0
0
0
0
0
0
0
0
0
0
0
0
0
0
0
0
0
0
0
0
0
0
0
0
-4.009
-0.6955
0
0
0
0
0
0
0
0
0
0
0
0
0
0
0
0
0
0
0
0
0
0
0
0
0
0
0
0
0
0
0
0
0
0
0
0
0
0
0
0
0
-0.91334
-0.89865
-0.89364
-0.87984
-0.90151
-0.90145
-0.87793
-0.88965
-0.87828
-0.87542
-0.88671
-0.90067
-0.84377
-0.84367
-0.91845
-0.8963
-0.85705
-0.91841
-0.88435
-0.86759
-0.86761
-0.87766
-0.87801
-0.85808
-0.87552
-0.87525
-0.8535
-0.84981
-0.85356
-0.84484
-0.86587
-0.84519
-0.86589
-0.84319
0
-0.84319
0
0
0
0
0
0
0
0
0
0
0
0
0
0
0
0
0
0
0
44.6022
0
0
0
0
0
0
0
0
0
0
0
0
0
0
0
0
0
0
0
0
0
-2.1442
0
0
0
0
0
0
0
0
0
0
0
0
0
0
0
0
0
0
0
0
0
0
0
0
-5.9171
0
0
0
0
0
0
0
0
0
0
-5.9171
0
0
0
0
0
0
0
0
0
0
0
-0.89431
-0.88101
-0.87609
-0.86731
-0.88134
-0.88434
-0.85862
-0.87064
-0.85914
-0.85607
-0.86638
-0.88083
-0.82523
-0.82514
-0.90104
-0.87713
-0.8376
-0.90099
-0.86448
-0.84709
-0.84711
-0.85618
-0.85657
-0.83769
-0.86001
-0.85977
-0.83973
-0.82763
-0.83501
-0.81986
-0.84268
-0.82818
-0.84269
-0.82953
0
-0.82955
0
0
0
0
0
0
0
0
0
0
0
0
0
0
0
0
0
0
0
0
40.5149
0
0
0
0
0
0
0
0
0
0
0
0
0
0
0
0
0
0
0
0
0
0
0
0
0
0
0
0
0
0
0
0
-4.9323
0
0
0
0
0
0
0
0
0
0
0
0
0
0
0
0
0
0
0
0
0
0
0
0
0
0
0
-5.6156
0
0
0
0
0
0
0
-0.93488
-0.92132
-0.91441
-0.89903
-0.91755
-0.91934
-0.89429
-0.90587
-0.89399
-0.89199
-0.90229
-0.92184
-0.86055
-0.86045
-0.93813
-0.86096
-0.87279
-0.93809
-0.8988
-0.88326
-0.88328
-0.89464
-0.89265
-0.87383
-0.89552
-0.89526
0
-0.86668
-0.87087
0
-0.88191
0
-0.88193
0
0
0
0
0
0
0
0
0
0
0
0
0
0
-0.83149
0
0
0
0
0
0
0
0
0
43.5249
0
0
0
0
0
0
0
0
0
0
0
0
0
0
0
0
0
0
0
0
0
0
0
0
0
0
0
0
0
-5.0043
0
0
0
0
0
0
0
0
0
0
0
0
0
0
0
0
0
-5.4114
0
0
0
0
-5.4114
0
0
0
0
0
0
0
0
0
0
0
0
0
0
-0.89334
-0.88094
-0.87602
-0.86297
-0.88096
-0.88294
-0.85837
-0.86945
-0.85796
-0.85565
-0.86518
-0.88076
-0.82534
-0.82524
-0.90087
-0.87636
-0.83676
-0.90083
-0.86217
-0.84563
-0.84565
-0.85949
-0.85389
-0.8369
-0.86064
-0.86041
0
0
0
0
0
0
0
0
0
0
0
0
0
0
0
0
0
0
0
0
0
0
0
0
0
0
0
0
0
0
0
0
29.9447
0
0
0
0
0
0
0
0
0
0
0
-2.3954
0
0
0
0
0
0
0
0
0
0
0
0
0
0
0
0
0
0
0
0
0
0
0
0
0
0
0
0
0
0
-5.0945
0
0
0
0
0
0
0
0
0
0
0
0
0
0
0
0
0
0
0
0
0
0
0
-1.0075
-0.99347
-0.97901
-0.97136
-0.98814
-0.98854
-0.9642
-0.97527
-0.96364
-0.96083
-0.97138
-0.99326
-0.92892
-0.92883
-1.0119
-0.9879
-0.94012
-1.0118
-0.9679
-0.94852
-0.94854
0
0
0
0
0
0
0
0
0
0
0
0
0
0
0
0
0
0
0
0
0
0
0
0
0
0
0
0
0
0
0
0
0
0
0
0
0
0
24.7988
0
0
0
0
0
0
0
0
0
0
0
0
0
0
0
0
0
0
0
0
0
0
0
0
0
0
0
0
0
0
0
0
0
0
0
0
0
0
-4.3677
0
0
0
0
0
0
0
0
0
0
0
0
0
0
0
0
0
0
0
0
0
0
0
0
0
0
-1.1146
-1.1012
-1.0961
-1.0844
-1.1005
-1.1022
-1.0759
-1.0874
-1.0753
-1.0724
-1.0832
-1.0963
-1.04
-1.0399
-1.1224
-1.0934
-1.0517
-1.1224
-1.0806
-1.0605
-1.0605
0
0
0
0
0
0
0
0
0
0
0
0
0
0
0
0
0
0
0
0
0
0
0
0
0
0
0
0
0
0
0
0
0
0
0
0
0
0
0
22.7609
0
0
0
0
0
0
0
0
0
0
0
0
0
0
0
0
0
0
0
0
0
0
0
0
0
0
0
0
0
0
0
0
0
0
0
0
0
0
0
0
0
0
0
0
0
0
0
0
0
0
0
0
0
0
0
0
0
0
0
0
0
0
0
0
-1.0687
-1.0555
-1.0504
-1.0389
-1.0546
-1.0563
-1.0303
-1.0416
-1.0297
-1.0269
-1.0376
-1.0505
-0.99496
-0.99487
-1.0765
-1.0476
-1.0065
-1.0764
-1.0351
-1.0151
-1.0151
0
0
0
0
0
0
0
0
0
0
0
0
0
0
0
0
0
0
0
0
0
0
0
0
0
0
0
0
0
0
0
0
0
0
0
0
0
0
0
0
21.8034
0
0
0
0
0
0
0
0
0
0
0
0
0
0
0
0
0
0
0
0
0
0
0
0
0
0
0
0
0
0
0
0
0
0
0
0
0
0
0
0
0
0
0
0
0
0
0
0
0
0
0
0
0
0
0
0
0
0
0
0
0
0
0
-1.1047
-1.0913
-1.0862
-1.0746
-1.0906
-1.0924
-1.066
-1.0774
-1.0654
-1.0626
-1.0735
-1.0866
-1.0302
-1.0301
-1.1126
-1.0836
-1.042
-1.1125
-1.0709
0
0
0
0
0
0
0
0
0
0
0
0
0
0
0
0
0
0
0
0
0
0
0
0
0
0
0
0
0
0
0
0
0
0
0
0
0
0
0
0
0
0
0
20.4529
0
0
0
0
0
0
0
0
0
0
0
0
0
0
0
0
0
0
0
0
0
0
0
0
0
0
0
0
0
0
0
0
0
0
0
0
0
0
0
0
0
0
0
0
0
0
0
0
0
0
0
0
0
0
0
0
0
0
0
0
0
0
-1.0751
-1.0607
-1.0554
-1.0424
-1.0597
-1.059
-1.0355
-1.0467
-1.0351
-1.0324
-1.0433
-1.0627
-1
-0.99991
0
0
-1.0119
0
0
0
0
0
0
0
0
0
0
0
0
0
0
0
0
0
0
0
0
0
0
0
0
0
0
0
0
0
0
0
0
0
0
0
0
0
0
0
0
0
0
0
0
0
0
19.249
0
0
0
0
0
0
0
0
0
0
0
0
0
0
0
0
0
0
0
0
0
0
0
0
0
0
0
0
-3.6291
0
0
0
0
0
0
0
0
0
0
0
0
0
0
0
0
0
0
0
0
0
0
0
0
0
0
0
0
0
0
0
0
-1.092
-1.0775
-1.0725
-1.0606
-1.0801
-1.0552
-1.0556
-1.0671
-1.0553
-1.0521
-1.0637
-1.0786
-1.0197
-1.0196
0
0
0
0
0
0
0
0
0
0
0
0
0
0
0
0
0
0
0
0
0
0
0
0
0
0
0
0
0
0
0
0
0
0
0
0
0
0
0
0
0
0
0
0
0
0
0
0
0
0
17.8021
0
0
0
0
0
0
0
0
0
0
0
0
0
0
0
0
0
0
0
0
0
0
0
0
0
-2.9525
0
0
0
0
0
0
0
0
0
0
0
0
0
0
0
0
0
0
0
0
0
0
0
0
0
0
0
0
0
0
0
0
0
0
-1.3926
-1.3786
-1.3745
-1.3624
-1.3818
-1.3849
-1.3565
-1.3686
-1.3558
-1.3531
-1.3638
0
-1.318
-1.3179
0
0
0
0
0
0
0
0
0
0
0
0
0
0
0
0
0
0
0
0
0
0
0
0
0
0
0
0
0
0
0
0
0
0
0
0
0
0
0
0
0
0
0
0
0
0
0
0
0
0
0
17.7085
0
0
0
0
0
0
0
0
0
0
0
0
0
0
0
0
0
0
0
0
0
0
0
0
0
0
0
0
0
0
0
0
0
0
0
0
0
0
0
0
0
0
0
0
0
0
0
0
0
0
0
0
0
0
0
0
0
0
0
-1.2836
-1.2886
-1.2665
-1.256
-1.2758
-1.2782
-1.2505
-1.2624
-1.2494
-1.246
0
0
0
0
0
0
0
0
0
0
0
0
0
0
0
0
0
0
0
0
0
0
0
0
0
0
0
0
0
0
0
0
0
0
0
0
0
0
0
0
0
0
0
0
0
0
0
0
0
0
0
0
0
0
0
0
15.2966
0
0
0
0
0
0
0
0
0
0
0
0
0
-2.6396
0
0
0
0
0
0
0
0
0
0
0
0
0
0
0
0
0
0
0
0
0
0
0
0
0
0
0
0
0
0
0
0
0
0
0
0
0
0
0
0
0
0
0
0
-1.4837
-1.4661
-1.4607
-1.4542
-1.474
-1.4744
-1.4469
-1.4599
-1.4472
0
0
0
0
0
0
0
0
0
0
0
0
0
0
0
0
0
0
0
0
0
0
0
0
0
0
0
0
0
0
0
0
0
0
0
0
0
0
0
0
0
0
0
0
0
0
0
0
0
0
0
0
0
0
0
0
0
0
18.0479
0
0
0
0
0
0
0
0
0
0
0
0
0
0
0
0
0
0
0
0
0
0
0
0
0
0
0
0
0
0
0
0
0
0
0
0
0
0
0
0
0
0
0
0
0
0
0
0
-4.8807
0
0
0
0
0
0
0
0
-1.4707
-1.4543
-1.451
-1.4381
-1.4665
-1.4683
-1.4406
-1.454
0
0
0
0
0
0
0
0
0
0
0
0
0
0
0
0
0
0
0
0
0
0
0
0
0
0
0
0
0
0
0
0
0
0
0
0
0
0
0
0
0
0
0
0
0
0
0
0
0
0
0
0
0
0
0
0
0
0
0
0
14.8251
0
0
0
0
0
0
0
0
0
0
0
0
0
0
0
0
0
0
0
0
0
0
0
0
0
0
0
0
-3.1817
0
0
0
0
0
0
0
0
0
0
0
0
0
0
0
0
0
0
0
0
0
0
0
0
0
0
0
-2.0095
0
0
0
-2.0209
0
0
0
0
0
0
0
0
0
0
0
0
0
0
0
0
0
0
0
0
0
0
0
0
0
0
0
0
0
0
0
0
0
0
0
-1.9319
0
0
0
0
0
0
0
0
0
0
0
0
0
0
0
0
0
0
0
0
0
0
0
0
0
0
0
0
13.5384
0
0
0
0
0
0
0
0
0
0
0
0
0
-2.8449
0
0
0
0
0
0
0
0
0
0
0
0
0
0
0
0
0
0
0
0
0
0
0
0
0
0
0
0
0
0
0
0
0
0
0
0
0
0
0
-4.7312
0
0
0
0
0
0
0
0
0
0
0
0
0
0
0
0
0
0
0
0
0
0
0
0
0
0
0
0
0
0
0
0
0
0
0
0
0
0
0
0
0
0
0
0
0
0
0
0
-2.4091
0
0
0
0
0
0
0
0
0
0
-2.3954
0
0
0
0
0
0
0
0
0
0
0
17.9227
0
0
0
0
0
0
0
0
0
0
0
-3.9547
0
0
0
0
0
0
0
0
0
0
0
0
0
0
0
0
0
0
0
0
0
0
0
0
0
0
0
0
0
0
0
0
-4.5817
0
0
0
0
0
-4.5817
0
0
0
-2.5041
-2.4866
-2.4921
0
-2.5132
0
-2.4826
0
0
0
0
0
0
0
0
0
0
0
0
0
0
0
0
0
0
0
0
0
0
0
0
0
0
0
0
0
0
0
0
0
0
0
0
0
0
0
0
0
0
0
0
0
0
0
0
0
0
0
0
0
0
0
0
0
0
0
0
0
0
0
0
12.4786
0
0
0
0
0
0
0
0
0
0
0
0
0
0
0
0
0
0
0
0
0
0
0
0
0
0
0
0
0
0
0
0
0
0
0
0
0
0
0
0
0
0
0
0
0
0
0
0
0
0
0
0
0
0
0
0
0
0
0
0
0
0
0
0
0
0
0
0
0
0
0
0
0
0
0
0
0
0
0
0
0
0
-3.0972
0
0
0
0
0
0
0
0
0
0
0
0
0
0
0
0
0
0
0
0
0
0
0
0
0
0
0
0
0
0
0
0
0
0
0
0
0
0
0
0
0
0
14.5095
0
-3.4893
0
0
0
0
0
0
0
-3.5227
0
0
0
0
0
0
0
0
0
0
0
0
0
-4.4003
0
0
0
0
0
0
0
0
0
0
0
0
0
0
0
0
0
0
0
0
0
0
0
0
0
0
0
0
0
-3.2585
0
0
0
0
0
0
0
0
0
0
0
0
0
0
0
0
0
0
0
0
0
0
0
0
0
0
0
0
0
-3.1445
0
0
0
0
0
0
0
0
0
0
0
0
0
0
0
0
0
0
0
0
0
0
0
0
0
0
0
0
0
0
0
0
0
0
0
0
0
0
0
0
0
10.158
0
0
0
0
0
-3.0951
0
0
0
0
0
0
0
0
0
0
0
0
0
0
0
0
0
0
0
0
0
0
0
0
0
0
0
0
0
0
0
0
0
0
0
0
0
0
0
-0.66003
0
0
0
0
0
0
0
0
0
0
0
0
0
0
0
0
0
0
0
0
0
0
0
0
0
0
0
0
0
0
0
0
-2.9561
0
0
0
0
0
0
0
0
0
0
0
0
0
0
0
0
0
0
-2.8672
0
0
0
0
0
0
0
0
0
0
0
0
0
0
0
0
0
0
0
0
0
0
0
0
0
-3.4893
0
12.4087
0
0
0
0
0
0
0
0
0
-3.096
0
0
0
0
0
0
0
0
0
0
0
0
0
0
0
0
0
0
0
0
0
0
0
0
0
0
0
0
0
0
0
0
0
0
0
0
0
0
0
0
-2.569
0
0
0
0
0
0
0
0
0
0
0
0
0
0
0
0
0
0
0
0
0
0
0
0
0
0
0
0
0
0
0
0
0
0
0
0
0
0
0
0
0
0
-2.4773
0
0
0
0
0
0
0
0
0
0
0
0
0
0
0
0
0
0
0
0
0
0
0
0
0
0
0
0
0
0
0
12.3554
0
0
0
0
0
0
0
0
0
0
0
0
0
0
0
0
0
0
0
-3.2084
0
0
0
0
0
0
0
0
0
0
0
0
0
0
0
0
0
0
0
0
0
0
0
0
0
0
0
0
-4.1007
0
0
0
0
0
0
0
0
0
0
0
0
0
0
0
0
0
0
0
0
0
0
0
0
0
0
-3.1775
0
0
0
0
0
0
0
-3.1665
0
0
0
0
0
0
0
0
0
0
0
0
0
-3.081
0
0
0
0
0
0
0
0
0
0
0
0
0
0
0
0
0
0
0
0
0
0
0
0
0
0
0
11.0779
0
0
0
0
0
0
0
0
0
0
0
0
0
0
0
0
0
0
0
0
0
0
0
0
0
0
0
0
0
0
0
-1.6528
0
0
0
0
0
0
0
0
0
0
0
0
0
0
0
0
0
0
0
-2.113
0
0
0
0
0
0
0
0
0
0
0
0
0
0
0
0
0
0
0
0
0
0
0
0
0
0
0
0
0
0
0
0
0
0
-2.0871
0
0
0
0
0
0
0
0
0
0
0
0
0
0
0
0
-2.1442
0
0
0
0
0
0
0
0
0
0
0
0
0
0
0
0
0
0
0
0
0
10.0868
0
0
0
0
0
0
0
0
0
0
0
0
0
0
0
-3.7425
0
0
0
0
0
0
0
0
0
0
0
0
0
0
0
0
0
0
0
0
0
0
0
0
0
0
0
0
0
0
0
0
0
0
0
0
0
0
0
0
0
0
0
0
0
0
0
0
0
0
0
0
0
-3.4185
0
0
0
0
0
0
0
0
0
0
0
-3.3894
0
0
0
0
0
0
0
0
0
0
0
0
0
0
0
0
0
0
0
0
0
0
0
0
0
0
0
0
0
0
0
0
0
0
0
0
0
0
0
0
0
0
0
13.7554
0
0
0
0
0
0
0
-3.4859
0
0
0
0
0
0
0
-3.4616
0
0
0
0
0
0
0
0
0
0
0
0
0
0
0
0
0
0
0
0
0
0
0
0
0
0
0
0
0
0
0
0
0
0
0
0
0
0
0
0
0
0
0
0
0
0
0
0
0
0
0
0
0
-1.7754
0
0
0
0
0
0
0
0
0
0
0
0
0
0
0
0
0
0
0
0
0
0
0
0
0
0
0
0
0
0
0
0
0
0
0
0
0
0
0
0
0
0
0
0
0
0
0
0
0
-3.0951
0
0
0
0
0
12.0857
-2.651
0
0
0
0
0
0
0
0
0
0
0
0
0
0
0
0
0
0
0
0
0
0
0
0
0
0
0
0
0
0
0
-4.5642
0
0
0
0
0
0
0
0
0
0
0
0
0
0
0
0
0
0
0
0
0
0
0
0
0
0
0
0
0
0
0
0
0
-3.0371
0
0
0
0
0
0
0
0
0
0
0
0
0
0
0
-2.9603
0
0
0
0
0
0
0
0
0
0
0
0
0
0
0
0
0
0
0
0
0
0
0
0
0
0
0
0
-2.6396
0
0
0
0
0
0
0
0
0
0
0
0
-2.651
11.288
0
0
0
0
0
0
0
0
0
0
0
0
0
0
0
0
0
0
0
0
0
0
0
0
0
0
0
0
0
0
0
0
0
0
0
0
0
0
0
0
0
0
0
0
0
0
0
0
0
0
0
0
0
0
-3.6733
0
0
0
0
0
0
0
0
0
0
-3.6425
0
0
0
0
0
0
0
0
0
0
0
0
0
0
0
0
0
0
0
0
0
0
0
0
0
0
0
0
0
0
0
0
0
0
0
0
0
0
0
0
0
0
0
0
0
0
0
0
0
0
0
0
0
0
0
0
0
0
0
12.1955
0
0
0
0
0
0
0
0
0
0
0
0
0
0
0
0
0
0
-4.8797
0
0
0
0
0
0
0
0
0
0
0
0
0
0
0
0
0
0
0
0
0
0
0
0
0
0
0
0
0
0
0
0
0
0
0
0
0
0
0
0
0
0
0
0
0
0
0
0
0
0
0
0
0
0
0
0
0
0
0
0
0
0
0
0
0
0
0
0
0
0
0
0
0
0
0
0
0
0
-4.009
0
0
0
0
0
0
0
0
0
0
0
0
0
0
0
-3.9547
0
-3.5227
0
0
0
0
0
0
0
0
0
11.4864
0
0
0
0
0
0
0
0
0
0
0
0
0
0
0
0
0
0
0
0
0
0
0
0
0
0
0
0
0
0
0
0
0
0
0
0
0
0
0
0
0
0
0
0
0
0
0
0
0
0
0
0
0
0
0
0
0
0
0
0
0
0
0
0
0
0
0
0
0
0
0
0
0
0
0
0
0
0
0
0
0
0
0
0
0
0
0
0
0
0
0
0
0
0
0
0
-0.6955
0
0
0
0
0
0
0
0
0
0
0
0
0
0
-2.8449
0
0
0
0
0
0
0
0
0
0
0
0
0
8.1592
0
0
0
0
0
0
0
0
0
0
0
0
0
0
0
0
0
0
0
0
0
0
0
0
0
0
0
0
0
0
0
0
0
0
0
0
-4.6188
0
0
0
0
0
0
0
0
0
0
0
0
0
0
0
0
0
0
0
0
0
0
0
0
0
-3.8819
0
0
0
0
0
0
0
0
0
0
0
0
0
0
0
0
-3.8001
0
0
0
0
0
0
0
0
0
0
0
0
0
0
0
0
0
0
0
0
0
0
0
0
0
0
0
0
0
0
0
0
0
0
0
-3.096
0
0
0
0
0
0
0
0
0
10.778
0
0
0
0
0
0
0
0
0
0
0
0
0
0
0
0
0
0
0
0
0
0
0
0
0
0
0
0
0
0
0
0
0
0
0
0
0
0
0
0
0
0
0
0
0
0
0
0
0
0
0
-5.3994
0
0
0
0
0
0
0
0
0
0
0
0
0
0
0
0
0
0
0
0
0
0
0
0
0
0
0
0
0
0
0
0
0
0
0
0
0
0
0
0
-4.8879
0
0
0
0
0
0
0
0
0
0
0
0
0
0
0
0
0
0
0
0
0
0
0
0
0
0
0
0
0
0
0
0
10.2873
0
0
0
0
0
0
0
0
0
0
0
0
0
0
0
0
0
0
0
0
0
0
0
0
0
0
0
0
0
0
0
0
0
0
0
0
0
0
0
0
0
0
0
0
0
0
0
0
0
0
0
0
0
0
0
0
0
0
0
0
0
0
0
0
0
0
0
0
0
0
0
0
0
0
0
0
0
0
0
0
0
0
0
0
0
0
0
0
0
0
0
0
0
0
0
0
0
0
0
0
0
0
0
0
0
0
0
0
0
0
0
0
0
0
0
0
0
-3.4859
0
0
0
0
0
0
0
8.1603
0
-4.6744
0
0
0
0
0
0
0
0
0
0
0
0
0
0
0
0
0
0
0
0
0
0
0
0
0
0
0
0
0
0
0
0
0
0
0
0
0
0
0
0
0
0
0
0
0
0
0
0
0
0
0
-5.189
0
0
0
0
0
0
0
0
0
0
0
0
0
0
0
0
0
0
0
0
0
0
0
0
0
0
0
0
0
0
0
0
0
0
0
0
0
0
0
0
0
-5.0043
0
0
0
0
0
0
0
0
0
0
0
0
0
0
0
0
0
0
0
0
0
0
0
0
0
0
0
0
0
10.1932
0
0
0
0
0
0
0
0
0
0
0
0
0
0
0
0
0
0
0
0
0
0
0
0
0
0
0
0
0
0
0
0
0
0
0
0
0
0
0
0
0
0
0
0
0
0
0
0
0
0
0
0
0
0
0
0
0
0
0
0
0
0
0
0
0
0
0
0
0
0
0
0
0
0
0
0
0
0
0
0
-4.4794
0
0
0
0
0
0
0
0
0
0
0
0
0
0
0
0
0
0
0
0
0
0
0
0
0
0
0
0
0
0
0
0
0
0
0
0
0
0
0
0
0
0
-4.6744
0
9.1538
0
0
0
0
0
0
0
0
0
0
0
0
0
0
0
0
0
0
0
0
0
0
0
0
0
0
0
0
0
0
0
0
0
0
0
0
0
0
0
0
0
0
0
0
0
0
0
0
0
0
0
0
0
0
0
0
0
0
0
0
0
0
0
0
0
0
0
0
0
0
0
0
0
0
0
0
0
0
0
0
0
0
0
0
0
0
0
0
0
0
0
0
-4.9323
0
0
0
0
0
0
0
0
0
0
0
0
0
0
0
0
0
0
0
0
0
0
0
0
0
0
0
0
0
0
0
0
9.1552
0
0
0
0
0
0
-4.2229
0
0
0
0
0
0
0
0
0
0
0
0
0
0
0
0
0
0
0
0
0
0
0
0
0
0
0
0
0
0
0
0
0
-3.3048
0
0
0
0
0
0
0
0
0
0
0
0
0
0
0
0
0
0
0
0
0
0
0
0
0
0
0
0
0
0
0
0
0
0
0
0
0
0
0
0
0
0
0
0
0
0
0
0
0
0
0
0
0
0
0
0
0
0
-2.9525
0
0
0
0
0
0
0
0
0
0
0
0
0
0
0
0
0
0
0
0
0
0
0
0
0
6.2573
0
0
0
0
0
0
0
0
0
0
0
0
0
0
0
0
0
0
0
0
0
0
0
0
0
0
0
0
0
0
0
0
0
0
0
0
0
0
0
0
0
0
0
0
0
0
0
0
0
0
0
0
-4.5146
0
0
0
0
0
0
0
0
0
0
0
0
0
0
0
0
0
0
0
0
0
0
0
0
0
0
0
0
0
0
0
0
0
0
0
0
0
0
0
0
0
0
0
0
0
0
0
0
0
0
0
0
0
0
0
0
0
0
0
0
0
0
0
0
0
0
0
0
0
0
0
0
9.1602
0
0
-4.6456
0
0
0
0
0
0
0
0
0
0
0
0
0
0
0
0
0
0
0
0
0
0
0
0
0
0
0
0
0
0
0
0
0
0
0
0
0
0
0
0
0
0
0
0
0
0
0
0
0
0
0
0
0
0
0
0
-4.4349
0
0
0
0
0
0
0
0
0
0
0
0
0
0
0
0
0
0
0
0
0
0
0
0
0
0
0
0
0
0
0
0
0
0
0
0
-3.6291
0
0
0
0
0
0
0
0
0
0
0
0
0
0
0
0
0
0
0
0
0
0
0
0
0
0
0
0
8.064
0
0
0
0
0
0
0
0
0
0
0
0
0
0
0
0
0
0
0
0
0
0
0
0
0
0
0
0
0
0
0
0
0
0
0
0
0
0
0
0
0
0
0
0
0
0
0
0
0
0
0
0
0
0
0
0
0
0
0
0
0
0
0
0
0
0
0
0
0
0
0
0
0
0
-2.1059
0
0
0
0
0
0
0
0
0
0
0
0
0
0
0
0
0
0
0
0
0
0
0
0
0
0
0
0
0
0
0
0
0
0
-3.7425
0
0
0
0
0
0
0
0
0
0
0
0
0
0
0
5.8484
0
0
0
0
0
0
0
0
0
0
0
0
0
0
0
0
0
0
0
0
0
0
0
0
0
0
0
0
0
0
0
0
0
0
0
0
0
0
0
0
0
0
0
0
0
0
0
0
0
0
0
0
0
0
0
0
0
0
0
0
0
0
0
0
0
0
0
0
0
0
0
0
0
0
0
0
0
0
0
0
0
0
0
0
0
0
0
0
0
0
0
0
0
0
0
0
0
0
0
0
0
0
0
0
0
0
0
0
0
-3.4616
0
0
0
0
0
0
0
0
0
0
0
0
-4.6456
0
0
8.1072
0
0
0
0
0
0
0
0
0
0
0
0
0
0
0
0
0
0
0
0
0
0
0
0
0
0
0
0
0
0
0
0
0
0
0
0
0
0
0
0
0
0
0
0
0
0
0
0
0
0
0
0
0
0
0
0
0
0
-3.7764
0
0
0
0
0
0
0
0
0
0
0
0
0
0
0
0
0
0
0
0
0
0
0
0
0
0
0
0
0
0
0
0
0
0
0
0
0
0
0
0
0
0
0
0
0
0
-3.2084
0
0
0
0
0
0
0
0
0
0
0
0
0
0
0
0
0
0
0
6.9848
0
0
0
0
0
0
0
0
0
0
0
0
0
0
0
0
0
0
0
0
0
0
0
0
0
0
0
0
0
0
0
0
0
0
0
0
0
0
0
0
0
0
0
0
0
0
0
0
0
0
0
0
0
0
0
0
0
0
0
0
0
0
0
0
0
0
0
0
0
0
0
0
0
0
0
0
0
0
0
0
0
0
0
0
0
0
0
0
0
0
0
0
0
0
0
0
0
0
0
0
0
-4.4003
0
0
0
0
0
0
0
0
0
0
0
0
0
0
0
0
-4.2229
0
0
0
0
0
0
8.6232
0
0
0
0
0
0
0
0
0
0
0
0
0
0
0
0
0
0
0
0
0
0
0
0
0
0
0
0
0
0
0
0
0
0
0
0
0
0
0
0
0
0
0
0
0
0
0
0
0
0
0
0
0
0
0
0
0
0
0
0
0
0
0
0
0
0
0
0
0
0
0
0
0
0
0
0
0
0
0
0
-3.2945
0
0
0
0
0
0
0
0
0
0
0
0
0
0
0
-3.1817
0
0
0
0
0
0
0
0
0
0
0
0
0
0
0
0
0
0
0
0
0
0
0
0
0
0
0
0
6.4762
0
0
0
0
0
0
0
0
0
0
0
0
0
0
0
0
0
0
0
0
0
0
0
0
0
0
0
0
0
0
0
0
0
0
0
0
0
0
0
0
0
0
0
0
0
0
0
0
0
0
0
0
0
0
0
0
0
0
0
0
0
-5.1514
0
0
0
0
0
0
0
0
0
0
0
0
0
0
0
0
0
0
0
0
0
0
0
0
-4.3677
0
0
0
0
0
0
0
0
0
0
0
0
0
0
0
0
0
0
0
0
0
0
0
0
0
0
0
0
0
0
0
0
0
0
0
0
0
0
9.5191
0
0
0
0
0
0
0
0
0
0
0
0
0
0
0
0
0
0
0
0
0
0
0
0
0
0
0
0
-8.4208
0
0
0
0
0
0
0
0
0
0
0
0
0
0
0
0
0
0
0
0
0
0
0
0
0
0
0
0
0
0
0
0
0
0
0
0
0
0
0
0
0
0
0
0
0
0
0
0
0
0
0
0
0
0
0
0
0
0
0
0
0
0
0
0
0
0
0
0
0
0
0
0
0
0
0
0
0
0
0
0
0
0
0
0
0
0
0
0
0
0
0
0
0
0
0
0
8.4208
0
0
0
0
0
0
0
0
0
0
0
0
0
0
0
0
0
0
0
0
0
0
0
0
0
0
0
0
0
0
0
0
0
0
0
0
0
0
0
0
0
0
0
0
0
0
0
0
0
0
0
0
0
0
0
0
0
0
0
0
0
0
0
0
0
0
0
0
0
0
0
0
0
0
0
0
0
0
0
0
0
0
0
0
0
0
0
0
0
0
0
0
0
0
0
0
0
0
0
0
0
0
0
0
0
0
-4.8797
0
0
0
0
0
0
0
0
0
0
0
0
0
0
0
0
0
0
4.8797
0
0
0
0
0
0
0
0
0
0
0
0
0
0
0
0
0
0
0
0
0
0
0
0
0
0
0
0
0
0
0
0
0
0
0
0
0
0
0
0
0
0
0
0
0
0
0
0
0
0
0
0
0
0
0
0
0
0
0
0
0
0
0
0
0
0
0
0
0
0
0
0
0
0
0
0
0
0
0
0
0
0
-5.0945
0
0
0
0
0
0
0
0
0
0
0
0
0
0
0
0
0
0
0
0
0
0
0
0
0
0
0
0
0
0
0
0
0
0
0
0
0
0
0
0
0
0
5.0945
0
0
0
0
0
0
0
0
0
0
0
0
0
0
0
0
0
0
0
0
0
0
0
0
0
0
0
0
0
0
0
0
0
0
0
0
0
0
0
0
0
0
0
0
0
0
0
0
0
0
0
0
0
0
0
0
0
0
0
0
0
0
0
0
0
0
0
0
0
0
0
0
0
0
0
0
0
0
-5.9171
0
0
0
0
0
0
0
0
0
0
0
0
0
0
0
0
0
0
0
0
0
0
0
0
0
0
0
0
0
0
0
0
0
0
0
0
0
0
0
0
0
0
0
0
0
0
5.9171
0
0
0
0
0
0
0
0
0
0
0
0
0
0
0
0
0
0
0
0
0
0
0
0
0
0
0
0
0
0
0
0
0
0
0
0
0
0
0
0
0
0
0
0
0
0
-7.3164
0
0
0
0
0
0
0
0
0
0
0
0
0
0
0
0
0
0
0
0
0
0
0
0
0
0
0
0
0
0
0
0
0
0
0
0
0
0
0
0
0
0
0
0
0
0
0
0
0
0
0
0
0
0
0
0
0
0
0
0
0
0
0
0
0
0
0
0
0
0
0
0
0
0
0
0
0
0
7.3164
0
0
0
0
0
0
0
0
0
0
0
0
0
0
0
0
0
0
0
0
0
0
0
0
0
0
0
0
0
0
0
0
0
0
0
-7.9225
0
0
0
0
0
0
0
0
0
0
0
0
0
0
0
0
0
0
0
0
0
0
0
0
0
0
0
0
0
0
0
0
0
0
0
0
0
0
0
0
0
0
0
0
0
0
0
0
0
0
0
0
0
0
0
0
0
0
0
0
0
0
0
0
0
0
0
0
0
0
0
0
0
0
0
0
0
0
0
0
0
0
0
0
0
0
0
0
0
7.9225
0
0
0
0
0
0
0
0
0
0
0
0
0
0
0
0
0
0
0
0
0
0
0
0
0
0
0
0
0
0
0
0
0
0
0
0
0
0
0
0
0
0
0
0
0
0
0
0
0
0
0
0
0
0
0
0
0
0
0
0
0
0
0
0
0
0
0
0
0
0
0
0
0
0
0
0
0
-5.4114
0
0
0
0
0
0
0
0
0
0
0
0
0
0
0
0
0
0
0
0
0
0
0
0
0
0
0
0
0
0
0
0
0
0
0
0
0
0
0
0
0
0
0
0
0
0
0
5.4114
0
0
0
0
0
0
0
0
0
0
0
0
0
0
0
0
0
0
0
0
-9.0788
0
0
0
0
0
0
0
0
0
0
0
0
0
0
0
0
0
0
0
0
0
0
0
0
0
0
0
0
0
0
0
0
0
0
0
0
0
0
0
0
0
0
0
0
0
0
0
0
0
0
0
0
0
0
0
0
0
0
0
0
0
0
0
0
0
0
0
0
0
0
0
0
0
0
0
0
0
0
0
0
0
0
0
0
0
0
0
0
0
0
0
0
0
0
0
0
0
0
0
0
0
0
0
0
9.0788
0
0
0
0
0
0
0
0
0
0
0
0
0
0
0
0
0
0
0
0
0
0
0
0
0
0
0
0
0
0
0
0
0
0
0
0
0
0
0
0
0
0
0
0
0
0
0
-6.4552
0
0
0
0
0
0
0
0
0
0
0
0
0
0
0
0
0
0
0
0
0
0
0
0
0
0
0
0
0
0
0
0
0
0
0
0
0
0
0
0
0
0
0
0
0
0
0
0
0
0
0
0
0
0
0
0
0
0
0
0
0
0
0
0
0
0
0
0
0
0
0
0
0
0
0
0
0
6.4552
0
0
0
0
0
0
0
0
0
0
0
0
0
0
0
0
0
0
0
0
0
0
0
0
0
0
0
0
0
0
0
0
0
0
0
0
0
0
0
0
0
0
0
0
0
0
0
0
0
0
0
0
0
0
0
0
0
0
0
0
0
0
0
0
0
0
0
0
0
0
0
0
0
0
0
0
0
0
0
0
0
0
0
0
0
0
0
0
0
0
0
0
0
-1.6528
0
0
0
0
0
0
0
0
0
0
0
0
0
0
0
0
0
0
0
0
0
0
0
0
0
0
0
0
0
0
0
1.6528
0
0
0
0
0
0
0
0
0
0
0
0
0
0
0
0
0
0
0
0
0
0
0
0
0
0
0
0
0
0
0
0
0
0
0
0
0
0
0
0
0
0
0
0
0
0
0
0
0
0
0
0
0
0
0
0
0
0
0
0
0
0
0
0
0
0
0
-5.8181
0
0
0
0
0
0
0
0
0
0
0
0
0
0
0
0
0
0
0
0
0
0
0
0
0
0
0
0
0
0
0
0
0
0
0
0
0
0
0
0
0
0
0
0
0
0
0
0
0
0
0
0
0
0
0
0
0
5.8181
0
0
0
0
0
0
0
0
0
0
0
0
0
0
0
0
0
0
0
0
0
0
0
0
0
0
0
0
0
0
0
0
0
0
0
0
0
0
0
0
0
0
0
0
0
0
0
0
0
0
0
0
0
0
0
0
0
0
0
0
0
0
0
0
0
0
0
0
0
0
0
0
-5.4114
0
0
0
0
0
0
0
0
0
0
0
0
0
0
0
0
0
0
0
0
0
0
0
0
0
0
0
0
0
0
0
0
0
0
0
0
0
0
0
0
0
0
0
0
0
0
0
0
0
0
0
0
5.4114
0
0
0
0
0
0
0
0
0
0
0
0
0
0
0
0
0
0
0
0
0
0
0
0
0
0
0
0
0
0
0
0
0
0
0
0
0
0
0
-7.3153
0
0
0
0
0
0
0
0
0
0
0
0
0
0
0
0
0
0
0
0
0
0
0
0
0
0
0
0
0
0
0
0
0
0
0
0
0
0
0
0
0
0
0
0
0
0
0
0
0
0
0
0
0
0
0
0
0
0
0
0
0
0
0
0
0
0
0
0
0
0
0
0
0
0
0
0
0
0
0
0
0
0
0
0
0
7.3153
0
0
0
0
0
0
0
0
0
0
0
0
0
0
0
0
0
0
0
0
0
0
0
0
0
0
0
0
0
0
0
0
0
0
0
0
0
0
0
0
0
0
0
0
0
0
0
0
0
0
0
0
0
0
0
0
0
0
0
0
0
0
0
0
0
0
0
0
0
0
0
0
0
0
0
0
0
0
0
0
0
0
0
0
0
0
0
0
0
0
0
0
-4.5642
0
0
0
0
0
0
0
0
0
0
0
0
0
0
0
0
0
0
0
0
0
0
0
0
0
0
0
0
0
0
0
0
4.5642
0
0
0
0
0
0
0
0
0
0
0
0
0
0
0
0
0
0
0
0
0
0
0
0
0
0
0
0
0
0
0
0
0
0
0
0
0
0
0
0
0
0
0
0
0
0
0
0
0
0
0
0
0
0
0
0
0
0
0
0
0
0
0
0
0
0
0
-5.9171
0
0
0
0
0
0
0
0
0
0
0
0
0
0
0
0
0
0
0
0
0
0
0
0
0
0
0
0
0
0
0
0
0
0
0
0
0
0
0
0
0
0
0
0
0
0
0
0
0
0
0
0
0
0
0
0
0
5.9171
0
0
0
0
0
0
0
0
0
0
0
-9.1603
0
0
0
0
0
0
0
0
0
0
0
0
0
0
0
0
0
0
0
0
0
0
0
0
0
0
0
0
0
0
0
0
0
0
0
0
0
0
0
0
0
0
0
0
0
0
0
0
0
0
0
0
0
0
0
0
0
0
0
0
0
0
0
0
0
0
0
0
0
0
0
0
0
0
0
0
0
0
0
0
0
0
0
0
0
0
0
0
0
0
0
0
0
0
0
0
0
0
0
0
0
0
0
0
0
0
0
0
0
0
0
0
0
9.1603
0
0
0
0
0
0
0
0
0
0
0
0
0
0
0
0
0
0
0
0
0
0
0
0
0
0
0
0
0
0
0
0
0
0
0
0
0
0
0
0
0
0
0
0
0
0
0
0
0
0
0
0
0
0
0
0
0
0
0
0
0
0
0
0
0
0
0
0
0
0
0
0
0
0
0
0
0
0
0
0
-4.5817
0
0
0
0
0
0
0
0
0
0
0
0
0
0
0
0
0
0
0
0
0
0
0
0
0
0
0
0
0
0
0
0
0
0
0
0
0
0
0
0
0
0
0
0
4.5817
0
0
0
0
0
0
0
0
0
0
0
0
0
0
0
0
0
0
0
0
0
0
0
0
0
0
0
0
0
0
0
0
0
0
0
0
0
0
0
0
0
0
0
0
0
0
0
0
0
0
0
0
0
0
0
0
0
0
0
0
0
0
0
0
0
0
0
0
0
0
0
0
0
0
0
0
-4.8807
0
0
0
0
0
0
0
0
0
0
0
0
0
0
0
0
0
0
0
0
0
0
0
0
0
0
0
0
0
0
0
0
0
0
0
0
0
0
0
0
0
0
0
0
0
0
0
0
4.8807
0
0
0
0
0
0
0
0
0
0
0
0
0
0
0
0
0
0
0
0
0
0
0
0
0
0
0
0
0
0
0
0
0
0
0
0
0
0
0
0
0
0
0
0
0
0
0
0
0
0
0
0
0
0
0
0
0
0
0
0
0
0
0
0
-5.6156
0
0
0
0
0
0
0
0
0
0
0
0
0
0
0
0
0
0
0
0
0
0
0
0
0
0
0
0
0
0
0
0
0
0
0
0
0
0
0
0
0
0
0
0
0
0
0
0
0
0
0
0
0
0
0
0
0
0
0
0
5.6156
0
0
0
0
0
0
0
0
0
0
-8.5888
0
0
0
0
0
0
0
0
0
0
0
0
0
0
0
0
0
0
0
0
0
0
0
0
0
0
0
0
0
0
0
0
0
0
0
0
0
0
0
0
0
0
0
0
0
0
0
0
0
0
0
0
0
0
0
0
0
0
0
0
0
0
0
0
0
0
0
0
0
0
0
0
0
0
0
0
0
0
0
0
0
0
0
0
0
0
0
0
0
0
0
0
0
0
0
0
0
0
0
0
0
0
0
0
0
0
0
0
0
0
0
0
0
0
8.5888
0
0
0
0
0
0
0
0
0
0
0
0
0
0
0
0
0
0
0
0
0
0
0
0
0
0
0
0
0
0
0
0
0
0
0
0
0
0
0
0
0
0
0
0
0
0
0
0
0
0
0
0
0
0
0
0
0
0
0
0
0
0
0
0
0
0
0
0
0
0
0
0
0
0
0
0
0
0
0
-0.66003
0
0
0
0
0
0
0
0
0
0
0
0
0
0
0
0
0
0
0
0
0
0
0
0
0
0
0
0
0
0
0
0
0
0
0
0
0
0
0
0
0
0
0
0
0
0.66003
0
0
0
0
0
0
0
0
0
0
0
0
0
0
0
0
0
0
0
0
0
0
0
0
0
0
0
0
0
0
0
0
0
0
0
0
0
0
0
0
0
0
0
0
0
0
0
0
0
0
0
0
0
0
0
0
0
0
0
0
0
0
0
0
0
0
0
0
0
0
0
0
0
0
0
0
0
0
0
0
0
0
0
0
0
0
0
0
-4.6188
0
0
0
0
0
0
0
0
0
0
0
0
0
0
0
0
0
0
0
0
0
0
0
0
0
0
0
0
0
0
0
0
0
0
0
0
4.6188
0
0
0
0
0
0
0
0
0
0
0
0
0
0
0
0
0
0
0
0
0
0
0
0
0
0
0
0
0
0
0
0
0
0
0
0
0
0
0
0
0
0
0
0
0
0
0
0
0
0
0
0
0
0
0
0
0
0
0
0
0
0
0
0
0
0
0
0
0
0
0
0
0
0
-4.5817
0
0
0
0
0
0
0
0
0
0
0
0
0
0
0
0
0
0
0
0
0
0
0
0
0
0
0
0
0
0
0
0
0
0
0
0
0
0
0
0
0
0
0
0
0
0
0
0
0
0
4.5817
0
0
0
0
0
0
0
0
0
0
0
0
0
0
0
0
0
0
0
0
-7.9222
0
0
0
0
0
0
0
0
0
0
0
0
0
0
0
0
0
0
0
0
0
0
0
0
0
0
0
0
0
0
0
0
0
0
0
0
0
0
0
0
0
0
0
0
0
0
0
0
0
0
0
0
0
0
0
0
0
0
0
0
0
0
0
0
0
0
0
0
0
0
0
0
0
0
0
0
0
0
0
0
0
0
0
0
0
0
0
0
0
0
0
0
0
0
0
0
0
0
0
0
0
0
0
0
7.9222
0
0
0
0
0
0
0
0
0
0
0
0
0
0
0
0
0
0
0
0
0
0
0
0
0
0
0
0
0
0
0
0
0
0
0
0
0
0
0
0
0
0
0
0
0
0
0
0
0
0
0
0
0
0
0
0
0
0
0
0
0
0
0
0
0
0
0
0
0
0
0
-4.7312
0
0
0
0
0
0
0
0
0
0
0
0
0
0
0
0
0
0
0
0
0
0
0
0
0
0
0
0
0
0
0
0
0
0
0
0
0
0
0
0
0
0
0
0
0
0
0
0
0
0
0
0
0
4.7312
0
0
0
0
0
0
0
0
0
0
0
0
0
0
0
0
0
0
0
0
0
0
0
0
0
0
0
0
0
0
0
0
0
0
0
0
0
0
0
0
0
0
0
0
0
0
0
0
0
0
0
0
0
0
0
0
0
0
0
0
0
0
0
0
0
0
0
0
0
0
0
0
0
0
0
0
-4.1007
0
0
0
0
0
0
0
0
0
0
0
0
0
0
0
0
0
0
0
0
0
0
0
0
0
0
0
0
0
0
0
0
0
0
0
0
0
0
0
0
0
0
0
0
0
0
0
0
4.1007
