77.8043
-0.89121
-0.88156
-0.87604
-0.87789
-0.88361
-0.85655
-0.87099
-0.86071
-0.85855
-0.86938
-0.89037
-0.82982
-0.82973
-0.91039
-0.88609
-0.84185
-0.91034
-0.86771
-0.85044
-0.85046
-0.86525
-0.85951
-0.84164
-0.87266
-0.87242
-0.84625
-0.83677
-0.83896
-0.84092
-0.84709
-0.83501
-0.84711
-0.83327
-0.85497
-0.83327
-0.83333
-0.83513
-0.85413
-0.84915
-0.83175
-0.825
-0.81957
-0.84589
-0.81449
-0.81451
-0.81126
-0.79056
-0.82724
-0.80227
-0.79531
-0.84082
-0.82525
-0.82319
-0.82541
-0.91342
-0.89426
-0.93494
-0.89411
-1.0086
-1.1168
-1.0705
-1.1064
-1.077
-1.0922
-1.3951
-1.2851
-1.4861
-1.4731
-2.0122
0
-2.5095
0
0
0
-2.5716
0
0
0
0
0
0
0
0
0
0
0
0
0
0
0
0
0
0
0
0
0
0
0
0
0
0
0
0
0
0
0
0
0
0
0
0
0
0
-9.1805
0
0
0
0
0
0
0
0
0
0
-0.89121
75.538
-0.86702
-0.86179
-0.86719
-0.87099
-0.8444
-0.85869
-0.84846
-0.84634
-0.85677
-0.87761
-0.81736
-0.81727
-0.89722
-0.87334
-0.82936
-0.89719
-0.85471
-0.83789
-0.83792
-0.85415
-0.84657
-0.82914
-0.85984
-0.8596
-0.83356
-0.82429
-0.82765
-0.82829
-0.83453
-0.8127
-0.83453
-0.82081
-0.84193
-0.82082
-0.82084
-0.82459
-0.84134
-0.83661
-0.82211
-0.81263
-0.80677
-0.83739
-0.80221
-0.80222
-0.79897
-0.7785
-0.81515
-0.78999
-0.78298
-0.8276
-0.81232
-0.81063
-0.81272
-0.8986
-0.88084
-0.92127
-0.88161
-0.99449
-1.1032
-1.0572
-1.0929
-1.0625
-1.0777
-1.3809
-1.2899
-1.4683
-1.4565
0
0
-2.4919
0
-3.2672
0
0
0
0
0
0
0
0
0
0
0
0
0
0
0
0
0
0
0
0
0
0
0
0
0
0
0
0
0
0
0
0
-9.0961
0
0
0
0
0
0
0
0
0
0
0
0
0
0
0
0
0
0
-0.88156
-0.86702
71.2673
-0.85623
-0.86286
-0.86605
-0.83972
-0.85373
-0.84338
-0.84123
-0.85192
-0.87079
-0.81256
-0.81247
-0.89186
-0.86643
-0.82448
-0.89181
-0.85022
-0.833
-0.83303
-0.84798
-0.84189
-0.82517
-0.85472
-0.85447
-0.82882
-0.81963
-0.82374
-0.82356
-0.82986
-0.81713
-0.82987
-0.81617
-0.83376
-0.81616
-0.81616
-0.81839
-0.83643
-0.83192
-0.81746
-0.80801
-0.80225
-0.83411
-0.7976
-0.7976
-0.79442
-0.77386
-0.81056
-0.7854
-0.77838
-0.82294
-0.80483
-0.806
-0.80847
-0.89376
-0.87609
-0.91452
-0.87684
-0.98009
-1.0983
-1.0523
-1.088
-1.0573
-1.0728
-1.377
-1.268
-1.463
-1.4534
0
0
-2.4977
0
0
0
0
0
0
0
0
0
0
0
0
0
0
0
0
0
0
0
0
0
0
0
0
0
0
0
-8.4403
0
0
0
0
0
0
0
0
0
0
0
0
0
0
0
0
0
0
0
0
0
0
0
0
0
-0.87604
-0.86179
-0.85623
70.3189
-0.85481
-0.855
-0.83255
-0.84292
-0.83255
-0.83026
-0.84089
-0.85983
-0.80167
-0.80157
-0.87909
-0.85531
-0.81347
-0.87906
-0.83934
-0.82195
-0.82196
-0.83671
-0.83101
-0.81423
-0.84261
-0.84238
-0.81702
-0.80832
-0.81256
-0.81229
-0.81875
-0.80669
-0.81875
-0.80523
-0.82405
-0.80523
-0.8052
-0.80755
-0.82223
-0.82086
-0.80661
-0.79706
-0.79272
-0.82361
-0.78674
-0.78674
-0.78321
-0.76315
-0.79934
-0.7746
-0.76759
-0.81133
-0.79426
-0.79511
-0.79781
-0.87968
-0.86706
-0.8988
-0.86351
-0.97217
-1.0863
-1.0404
-1.076
-1.0441
-1.0607
-1.3646
-1.2573
-1.4563
-1.4403
0
0
0
0
0
0
0
0
-2.1167
0
0
0
0
0
0
0
0
0
0
0
0
0
0
0
0
0
0
0
0
0
0
0
0
0
0
0
0
0
0
0
0
0
0
0
0
0
0
0
0
-8.6072
0
0
0
0
0
0
-0.87789
-0.86719
-0.86286
-0.85481
65.1318
-0.87051
-0.84111
-0.85698
-0.8466
-0.84452
-0.8555
-0.86946
-0.81562
-0.81553
-0.89638
-0.86703
-0.82761
-0.89634
-0.8544
-0.83641
-0.83642
-0.85187
-0.84545
-0.82888
-0.85839
-0.85815
-0.83309
-0.82274
-0.82753
-0.82865
-0.83327
-0.82106
-0.83327
-0.81947
-0.84054
-0.81947
-0.8194
-0.82207
-0.83974
-0.83543
-0.8189
-0.81141
-0.80658
-0.83822
-0.80083
-0.80083
-0.79753
-0.77716
-0.81501
-0.78867
-0.78153
-0.82792
-0.80074
-0.80932
-0.81179
-0.90157
-0.88126
-0.91755
-0.88171
-0.98908
-1.1026
-1.0564
-1.0923
-1.0616
-1.0803
-1.3843
-1.2773
-1.4763
-1.4689
-2.0237
0
-2.5189
0
0
0
0
0
0
0
0
0
0
0
0
0
0
0
0
0
0
0
0
0
0
0
0
0
0
0
0
0
0
0
0
0
0
0
0
0
0
0
0
0
0
0
0
0
0
0
0
0
0
0
0
0
-0.88361
-0.87099
-0.86605
-0.855
-0.87051
63.9494
-0.84529
-0.85739
-0.84698
-0.84498
-0.85596
-0.87042
-0.81603
-0.81594
-0.89793
-0.8685
-0.82843
-0.89789
-0.8554
-0.83732
-0.83734
-0.8526
-0.84661
-0.82978
-0.85771
-0.85747
-0.83266
-0.82307
-0.82782
-0.82772
-0.83416
-0.82185
-0.83418
-0.82032
-0.84076
-0.82033
-0.82021
-0.82281
-0.84036
-0.83626
-0.82193
-0.81219
-0.8068
-0.8392
-0.80161
-0.8016
-0.79765
-0.77829
-0.81496
-0.78945
-0.78229
-0.8298
-0.80185
-0.81006
-0.81283
-0.90147
-0.88425
-0.91933
-0.88365
-0.98945
-1.1042
-1.058
-1.094
-1.0609
-1.0552
-1.3874
-1.2797
-1.4767
-1.4706
0
0
0
0
0
0
0
0
0
0
0
0
0
0
0
0
0
0
0
0
0
-3.3155
0
0
0
0
0
0
0
0
0
0
0
0
0
0
0
0
0
0
0
0
0
0
0
0
0
0
0
0
0
0
0
0
0
0
-0.85655
-0.8444
-0.83972
-0.83255
-0.84111
-0.84529
61.5403
-0.83596
-0.82458
-0.8223
-0.83293
-0.84586
-0.79342
-0.79333
-0.87656
-0.84385
-0.8052
-0.87652
-0.83169
-0.8139
-0.81392
-0.8282
-0.82275
-0.80643
-0.83532
-0.83509
-0.81028
-0.80029
-0.80501
-0.80598
-0.81071
-0.79849
-0.8107
-0.79698
-0.81744
-0.79698
-0.79682
-0.79949
-0.81671
-0.81269
-0.79845
-0.7889
-0.78395
-0.8155
-0.77841
-0.77842
-0.77519
-0.7551
-0.79255
-0.76636
-0.7593
-0.80526
-0.77811
-0.78672
-0.78897
-0.87772
-0.85829
-0.89403
-0.85886
-0.96486
-1.0777
-1.0318
-1.0674
-1.0371
-1.0556
-1.3587
-1.2516
-1.4489
-1.4427
0
0
-2.4879
0
0
0
0
0
0
0
0
0
0
0
0
0
0
0
0
0
0
0
0
0
0
0
0
0
0
0
0
0
0
0
0
0
0
0
0
0
0
0
0
0
0
0
0
0
0
0
0
0
0
0
0
0
-0.87099
-0.85869
-0.85373
-0.84292
-0.85698
-0.85739
-0.83596
59.7829
-0.83407
-0.83225
-0.84337
-0.85735
-0.80316
-0.80308
-0.88194
-0.85512
-0.81521
-0.88189
-0.84231
-0.82419
-0.82419
-0.8403
-0.83337
-0.81682
-0.84641
-0.84617
-0.82081
-0.81045
-0.81544
-0.81714
-0.82114
-0.80896
-0.82114
-0.80729
-0.82876
-0.80729
-0.80711
-0.80984
-0.82792
-0.82307
-0.80887
-0.79916
-0.79415
-0.82608
-0.78855
-0.78857
-0.78518
-0.76541
-0.80239
-0.77649
-0.76938
-0.8159
-0.78873
-0.79697
-0.80027
-0.8896
-0.87048
-0.90579
-0.8701
-0.9761
-1.0893
-1.0432
-1.079
-1.0484
-1.0673
-1.371
-1.2638
-1.4621
-1.4563
0
0
0
0
0
0
0
0
0
0
0
0
0
0
0
0
0
0
0
0
0
0
0
0
0
0
0
0
0
0
0
0
0
0
0
0
0
0
0
0
0
0
0
0
0
0
0
0
0
0
0
0
0
0
0
0
-0.86071
-0.84846
-0.84338
-0.83255
-0.8466
-0.84698
-0.82458
-0.83407
57.5828
-0.82133
-0.83107
-0.84586
-0.79187
-0.79178
-0.87127
-0.84373
-0.80398
-0.87122
-0.83122
-0.81303
-0.81305
-0.83264
-0.82211
-0.80564
-0.83512
-0.83488
-0.80947
-0.79927
-0.80426
-0.80616
-0.80999
-0.79778
-0.81
-0.79616
-0.81746
-0.79616
-0.79588
-0.79861
-0.81663
-0.81171
-0.79759
-0.78797
-0.783
-0.8146
-0.77739
-0.77739
-0.77404
-0.75433
-0.79104
-0.76538
-0.75831
-0.80427
-0.77841
-0.78577
-0.78906
-0.87802
-0.85877
-0.89369
-0.85839
-0.96425
-1.0771
-1.0311
-1.0667
-1.0366
-1.0552
-1.358
-1.2506
-1.4492
0
0
0
0
0
0
0
0
0
0
0
0
0
0
0
0
0
0
0
0
0
0
0
0
0
0
0
0
0
0
0
0
0
0
0
0
0
0
0
0
0
0
0
0
0
0
0
0
0
0
0
0
0
0
0
0
0
-0.85855
-0.84634
-0.84123
-0.83026
-0.84452
-0.84498
-0.8223
-0.83225
-0.82133
55.9476
-0.82896
-0.84258
-0.78816
-0.78806
-0.86808
-0.84053
-0.80078
-0.86804
-0.82683
-0.81009
-0.8101
-0.82691
-0.81915
-0.80271
-0.83331
-0.83306
-0.8069
-0.79629
-0.8013
-0.80424
-0.80713
-0.79487
-0.80714
-0.79325
-0.81601
-0.79325
-0.79294
-0.79563
-0.81347
-0.80875
-0.79465
-0.78506
-0.77988
-0.81149
-0.77444
-0.77445
-0.77106
-0.75149
-0.78811
-0.76249
-0.75539
-0.80151
-0.77554
-0.78285
-0.78614
-0.87502
-0.85555
-0.89154
-0.85594
-0.96128
-1.074
-1.0282
-1.0638
-1.0337
-1.0519
-1.3551
-1.2469
0
0
0
0
0
0
0
0
0
0
0
0
0
0
0
0
0
0
0
0
0
0
0
0
0
0
0
0
0
0
0
0
0
0
0
0
0
0
0
0
0
0
0
0
0
0
0
0
0
0
0
0
0
0
0
0
0
0
-0.86938
-0.85677
-0.85192
-0.84089
-0.8555
-0.85596
-0.83293
-0.84337
-0.83107
-0.82896
59.0322
-0.85308
-0.79903
-0.79895
-0.87776
-0.85043
-0.81124
-0.87771
-0.83771
-0.82027
-0.8203
-0.82328
-0.82896
-0.81311
-0.84257
-0.84234
-0.817
-0.80629
-0.81141
-0.81352
-0.81725
-0.80514
-0.81725
-0.8034
-0.8247
-0.80341
-0.80318
-0.80648
-0.82371
-0.81907
-0.80491
-0.79523
-0.79052
-0.8211
-0.78464
-0.78464
-0.78097
-0.76134
-0.79843
-0.77259
-0.76551
-0.81177
-0.78611
-0.79308
-0.79612
-0.8867
-0.86624
-0.90223
-0.86584
-0.97223
-1.0852
-1.0393
-1.0751
-1.0451
-1.0639
-1.3662
0
0
0
0
0
0
0
0
0
0
0
0
0
0
0
-3.682
0
0
0
0
0
0
0
0
0
0
0
0
0
0
0
0
0
0
0
0
0
0
0
0
0
0
0
0
0
0
0
0
0
0
0
0
0
0
0
0
0
0
0
-0.89037
-0.87761
-0.87079
-0.85983
-0.86946
-0.87042
-0.84586
-0.85735
-0.84586
-0.84258
-0.85308
60.2432
-0.81284
-0.81276
-0.89289
-0.86724
-0.82356
-0.89285
-0.85079
-0.83246
-0.83247
-0.8517
-0.84216
-0.82574
-0.85754
-0.85729
-0.82861
-0.81955
-0.82412
-0.82751
-0.8291
-0.81921
-0.82911
-0.81497
-0.83872
-0.81498
-0.81458
-0.82002
-0.83923
-0.83241
-0.8181
-0.80862
-0.80314
-0.83561
-0.79771
-0.79771
-0.79568
-0.77482
-0.8086
-0.78526
-0.77818
-0.82706
-0.73619
-0.80586
-0.80854
-0.90075
-0.88078
-0.92197
-0.88152
-0.99425
-1.0984
-1.0522
-1.0883
-1.0646
-1.0789
0
0
0
0
0
0
0
0
0
0
0
0
0
0
0
0
0
0
0
0
-5.4128
0
0
0
0
0
0
0
0
0
0
0
0
0
0
0
0
0
0
0
0
0
0
0
0
0
0
0
0
0
0
0
0
0
0
0
0
0
0
0
-0.82982
-0.81736
-0.81256
-0.80167
-0.81562
-0.81603
-0.79342
-0.80316
-0.79187
-0.78816
-0.79903
-0.81284
52.7989
-0.74731
-0.83819
-0.81087
-0.77253
-0.83815
-0.79748
-0.78174
-0.78176
-0.79965
-0.79006
-0.77438
-0.80399
-0.80374
-0.77894
-0.76741
-0.77228
-0.77643
-0.7784
-0.76586
-0.7784
-0.76445
-0.7849
-0.76445
-0.76384
-0.76716
-0.7834
-0.77928
-0.7653
-0.75608
-0.75079
-0.78155
-0.74549
-0.7455
-0.74193
-0.7227
-0.75891
-0.73375
-0.7268
-0.77194
-0.74625
-0.75379
-0.75666
-0.84354
-0.82488
-0.86029
-0.8258
-0.92952
-1.0417
-0.99637
-1.0315
-1.0015
-1.0197
-1.3201
0
0
0
0
0
0
0
0
0
0
0
0
0
0
0
0
0
0
0
0
0
0
0
0
0
0
0
0
0
0
0
0
0
0
0
0
0
0
0
0
0
0
0
0
0
0
0
0
0
0
0
0
0
0
0
0
0
0
0
-0.82973
-0.81727
-0.81247
-0.80157
-0.81553
-0.81594
-0.79333
-0.80308
-0.79178
-0.78806
-0.79895
-0.81276
-0.74731
52.7931
-0.83812
-0.81079
-0.77246
-0.83807
-0.79739
-0.78166
-0.78167
-0.79957
-0.78997
-0.7743
-0.8039
-0.80366
-0.77885
-0.76731
-0.77219
-0.77636
-0.77831
-0.76577
-0.77832
-0.76436
-0.78482
-0.76436
-0.76375
-0.76706
-0.7833
-0.77919
-0.76521
-0.75598
-0.75071
-0.78145
-0.74541
-0.74541
-0.74183
-0.72262
-0.75881
-0.73367
-0.72671
-0.77184
-0.74615
-0.75371
-0.75655
-0.84343
-0.82479
-0.86019
-0.82569
-0.92943
-1.0416
-0.99627
-1.0314
-1.0014
-1.0196
-1.32
0
0
0
0
0
0
0
0
0
0
0
0
0
0
0
0
0
0
0
0
0
0
0
0
0
0
0
0
0
0
0
0
0
0
0
0
0
0
0
0
0
0
0
0
0
0
0
0
0
0
0
0
0
0
0
0
0
0
0
-0.91039
-0.89722
-0.89186
-0.87909
-0.89638
-0.89793
-0.87656
-0.88194
-0.87127
-0.86808
-0.87776
-0.89289
-0.83819
-0.83812
62.1089
-0.88959
-0.84849
-0.92309
-0.87449
-0.85714
-0.85716
-0.87306
-0.86613
-0.84959
-0.87921
-0.87897
-0.85189
-0.84262
-0.84743
-0.84762
-0.85385
-0.84164
-0.85386
-0.83978
-0.86087
-0.83977
-0.83966
-0.84363
-0.86007
-0.85574
-0.84128
-0.83151
-0.82543
-0.85769
-0.82079
-0.82079
-0.81701
-0.79727
-0.83382
-0.80861
-0.80138
-0.84611
-0.82522
-0.82938
-0.8317
-0.91851
-0.90099
-0.9382
-0.90164
-1.0129
-1.1246
-1.0783
-1.1143
0
0
0
0
0
0
0
0
0
0
0
0
0
0
0
0
0
0
0
0
0
0
0
0
0
0
0
0
0
0
0
0
0
0
0
0
0
0
0
0
0
-7.9384
0
0
0
0
0
0
0
0
0
0
0
0
0
0
0
0
0
0
0
0
-0.88609
-0.87334
-0.86643
-0.85531
-0.86703
-0.8685
-0.84385
-0.85512
-0.84373
-0.84053
-0.85043
-0.86724
-0.81087
-0.81079
-0.88959
57.7205
-0.82062
-0.88955
-0.84755
-0.82945
-0.82946
-0.85515
-0.83909
-0.82267
-0.85509
-0.85487
-0.82799
-0.81634
-0.82107
-0.826
-0.82618
-0.81705
-0.82618
-0.81345
-0.83657
-0.81345
-0.8133
-0.81679
-0.83516
-0.82917
-0.81494
-0.80498
-0.79932
-0.83206
-0.79436
-0.79437
-0.7923
-0.76971
-0.806
-0.78234
-0.77515
-0.82275
-0.80172
-0.80274
-0.8053
-0.89628
-0.877
-0.86044
-0.87703
-0.98881
-1.0954
-1.0493
-1.0851
0
0
0
0
0
0
0
0
0
0
0
0
0
0
0
0
0
0
0
0
0
0
0
0
-5.202
0
0
0
0
0
0
0
0
0
0
0
0
0
0
0
0
0
0
0
0
0
0
0
0
0
0
0
0
0
0
0
0
0
0
0
0
0
-0.84185
-0.82936
-0.82448
-0.81347
-0.82761
-0.82843
-0.8052
-0.81521
-0.80398
-0.80078
-0.81124
-0.82356
-0.77253
-0.77246
-0.84849
-0.82062
51.1609
-0.84844
-0.80804
-0.79484
-0.79486
-0.80725
-0.80335
-0.7859
-0.81143
-0.81119
-0.78396
-0.77879
-0.78395
-0.77987
-0.78992
-0.77721
-0.78992
-0.77554
-0.79098
-0.77553
-0.77498
-0.77866
-0.79557
-0.79061
-0.77674
-0.76721
-0.76207
-0.79386
-0.75645
-0.75646
-0.75315
-0.73388
-0.77002
-0.74467
-0.73766
-0.78379
-0.75833
-0.76494
-0.76797
-0.85694
-0.83737
-0.87265
-0.83732
-0.94084
-1.0535
-1.008
-1.0434
-1.0136
0
0
0
0
0
0
0
0
0
0
0
0
0
0
0
0
0
0
0
0
0
0
0
0
0
0
0
0
0
0
0
0
0
0
0
0
0
0
0
0
0
0
0
0
0
0
0
0
0
0
0
0
0
0
0
0
0
0
0
0
0
-0.91034
-0.89719
-0.89181
-0.87906
-0.89634
-0.89789
-0.87652
-0.88189
-0.87122
-0.86804
-0.87771
-0.89285
-0.83815
-0.83807
-0.92309
-0.88955
-0.84844
62.106
-0.87444
-0.8571
-0.85713
-0.87301
-0.86609
-0.84955
-0.87916
-0.87892
-0.85184
-0.84258
-0.8474
-0.84758
-0.85381
-0.8416
-0.85382
-0.83973
-0.86084
-0.83973
-0.83963
-0.84359
-0.86003
-0.8557
-0.84123
-0.83147
-0.8254
-0.85766
-0.82073
-0.82074
-0.81696
-0.79722
-0.83377
-0.80857
-0.80133
-0.84608
-0.82518
-0.82934
-0.83167
-0.91847
-0.90094
-0.93815
-0.9016
-1.0129
-1.1245
-1.0782
-1.1142
0
0
0
0
0
0
0
0
0
0
0
0
0
0
0
0
0
0
0
0
0
0
0
0
0
0
0
0
0
0
0
0
0
0
0
0
0
0
0
0
0
0
0
0
0
0
0
0
0
0
0
0
0
0
0
0
0
0
0
-7.9381
0
0
-0.86771
-0.85471
-0.85022
-0.83934
-0.8544
-0.8554
-0.83169
-0.84231
-0.83122
-0.82683
-0.83771
-0.85079
-0.79748
-0.79739
-0.87449
-0.84755
-0.80804
-0.87444
56.2337
-0.81728
-0.8173
-0.83432
-0.82306
-0.80956
-0.8408
-0.84055
-0.81427
-0.80316
-0.80826
-0.81255
-0.81432
-0.80159
-0.81433
-0.80033
-0.81925
-0.80034
-0.7999
-0.80301
-0.82083
-0.8157
-0.80151
-0.79196
-0.78756
-0.80301
-0.78125
-0.78126
-0.77767
-0.75825
-0.79374
-0.76931
-0.76258
-0.80854
-0.78307
-0.79015
-0.79304
-0.88444
-0.86445
-0.89883
-0.86291
-0.96885
-1.0827
-1.0369
-1.0725
0
0
0
0
0
0
0
0
0
0
0
0
0
0
0
0
0
0
0
0
0
0
0
0
0
0
0
0
-4.5267
0
0
0
0
0
0
0
0
0
0
0
0
0
0
0
0
0
0
0
0
0
0
0
0
0
0
0
0
0
0
0
0
0
-0.85044
-0.83789
-0.833
-0.82195
-0.83641
-0.83732
-0.8139
-0.82419
-0.81303
-0.81009
-0.82027
-0.83246
-0.78174
-0.78166
-0.85714
-0.82945
-0.79484
-0.8571
-0.81728
49.595
-0.79092
-0.81485
-0.80757
-0.79223
-0.81975
-0.81952
-0.79642
-0.78539
-0.78889
-0.78816
-0.79746
-0.78442
-0.79746
-0.78298
-0.80233
-0.783
-0.78275
-0.78682
-0.80462
-0.79862
-0.78485
-0.77508
-0.77006
-0.80279
-0.76413
-0.76414
-0.7611
-0.74185
-0.7781
-0.75243
-0.74533
-0.79251
-0.76705
-0.77282
-0.77633
-0.86755
-0.84688
-0.88319
-0.8462
-0.94926
-1.0624
-1.0167
0
0
0
0
0
0
0
0
0
0
0
0
0
0
0
0
0
0
0
0
0
0
0
0
0
0
0
0
0
0
0
0
0
0
0
0
0
0
0
0
0
0
0
0
0
0
0
0
0
0
0
0
0
0
0
0
0
0
0
0
0
0
0
-0.85046
-0.83792
-0.83303
-0.82196
-0.83642
-0.83734
-0.81392
-0.82419
-0.81305
-0.8101
-0.8203
-0.83247
-0.78176
-0.78167
-0.85716
-0.82946
-0.79486
-0.85713
-0.8173
-0.79092
49.5961
-0.81486
-0.8076
-0.79226
-0.81976
-0.81954
-0.79644
-0.78541
-0.78891
-0.78818
-0.79747
-0.78445
-0.79747
-0.78301
-0.80234
-0.78302
-0.78277
-0.78683
-0.80463
-0.79864
-0.78488
-0.7751
-0.77007
-0.80281
-0.76416
-0.76416
-0.76112
-0.74187
-0.77813
-0.75244
-0.74535
-0.79253
-0.76705
-0.77284
-0.77635
-0.86757
-0.84691
-0.8832
-0.84623
-0.94928
-1.0624
-1.0167
0
0
0
0
0
0
0
0
0
0
0
0
0
0
0
0
0
0
0
0
0
0
0
0
0
0
0
0
0
0
0
0
0
0
0
0
0
0
0
0
0
0
0
0
0
0
0
0
0
0
0
0
0
0
0
0
0
0
0
0
0
0
0
-0.86525
-0.85415
-0.84798
-0.83671
-0.85187
-0.8526
-0.8282
-0.8403
-0.83264
-0.82691
-0.82328
-0.8517
-0.79965
-0.79957
-0.87306
-0.85515
-0.80725
-0.87301
-0.83432
-0.81485
-0.81486
57.9211
-0.82185
-0.80423
-0.83596
-0.83573
-0.80888
-0.7914
-0.80324
-0.80639
-0.81043
-0.79601
-0.81044
-0.7963
-0.81793
-0.79629
-0.79584
-0.78899
-0.79725
-0.81126
-0.79703
-0.78762
-0.78298
-0.81166
-0.77695
-0.77696
-0.7638
-0.75488
-0.78941
-0.7652
-0.7581
-0.80318
-0.78181
-0.78622
-0.796
-0.87771
-0.85612
-0.89468
-0.86023
0
0
0
0
0
0
0
0
0
0
0
0
0
0
0
0
0
0
0
0
0
-3.044
-3.6511
0
0
-3.8938
0
0
0
0
0
0
0
0
0
0
0
0
0
0
0
0
0
0
0
0
0
0
0
0
0
0
0
0
0
0
0
0
0
0
0
0
0
0
0
0
-0.85951
-0.84657
-0.84189
-0.83101
-0.84545
-0.84661
-0.82275
-0.83337
-0.82211
-0.81915
-0.82896
-0.84216
-0.79006
-0.78997
-0.86613
-0.83909
-0.80335
-0.86609
-0.82306
-0.80757
-0.8076
-0.82185
50.4546
-0.79984
-0.82696
-0.82671
-0.80355
-0.79322
-0.79756
-0.79489
-0.80547
-0.79193
-0.80548
-0.79081
-0.80054
-0.79081
-0.7905
-0.79452
-0.81263
-0.80639
-0.79247
-0.78277
-0.77846
-0.8063
-0.77167
-0.77168
-0.76873
-0.74924
-0.78591
-0.75991
-0.7528
-0.80055
-0.77607
-0.78043
-0.78398
-0.87802
-0.85642
-0.89261
-0.85452
0
0
0
0
0
0
0
0
0
0
0
0
0
0
0
0
0
0
0
-3.4259
0
0
0
0
0
0
0
0
0
0
0
0
0
0
0
0
0
0
0
0
0
0
0
0
0
0
0
0
0
0
0
0
0
0
0
0
0
0
0
0
0
0
0
0
0
0
-0.84164
-0.82914
-0.82517
-0.81423
-0.82888
-0.82978
-0.80643
-0.81682
-0.80564
-0.80271
-0.81311
-0.82574
-0.77438
-0.7743
-0.84959
-0.82267
-0.7859
-0.84955
-0.80956
-0.79223
-0.79226
-0.80423
-0.79984
47.8686
-0.81085
-0.8106
-0.78758
-0.7733
-0.78224
-0.78008
-0.79055
-0.77117
-0.79057
-0.77466
-0.79411
-0.77467
-0.77403
-0.77572
-0.79544
-0.7897
-0.77579
-0.76639
-0.76123
-0.79097
-0.75517
-0.75516
-0.75198
-0.73311
-0.76873
-0.74362
-0.73657
-0.78359
-0.75931
-0.76397
-0.76717
-0.85804
-0.83747
-0.87376
-0.83747
0
0
0
0
0
0
0
0
0
0
0
0
0
0
0
0
0
0
0
0
-1.78
0
0
0
0
0
0
0
0
0
0
0
0
0
0
0
0
0
0
0
0
0
0
0
0
0
0
0
0
0
0
0
0
0
0
0
0
0
0
0
0
0
0
0
0
0
-0.87266
-0.85984
-0.85472
-0.84261
-0.85839
-0.85771
-0.83532
-0.84641
-0.83512
-0.83331
-0.84257
-0.85754
-0.80399
-0.8039
-0.87921
-0.85509
-0.81143
-0.87916
-0.8408
-0.81975
-0.81976
-0.83596
-0.82696
-0.81085
54.9649
-0.83921
-0.81189
-0.80324
-0.80801
-0.80735
-0.8154
-0.80219
-0.8154
-0.80098
-0.8196
-0.80097
-0.80028
-0.80369
-0.81879
-0.81586
-0.80152
-0.7923
-0.78595
-0.81712
-0.7815
-0.78151
-0.77704
-0.75829
-0.79415
-0.76951
-0.76238
-0.8056
-0.78438
-0.78998
-0.79153
-0.87547
-0.85986
-0.89548
-0.86131
0
0
0
0
0
0
0
0
0
0
0
0
0
0
0
0
0
0
0
0
0
0
0
0
0
0
0
0
0
0
0
0
0
0
0
0
0
0
0
0
0
0
0
0
-7.3341
0
0
0
0
0
0
0
0
0
0
0
0
0
0
0
0
0
0
0
0
0
-0.87242
-0.8596
-0.85447
-0.84238
-0.85815
-0.85747
-0.83509
-0.84617
-0.83488
-0.83306
-0.84234
-0.85729
-0.80374
-0.80366
-0.87897
-0.85487
-0.81119
-0.87892
-0.84055
-0.81952
-0.81954
-0.83573
-0.82671
-0.8106
-0.83921
54.9499
-0.81164
-0.80301
-0.80777
-0.80707
-0.81515
-0.80195
-0.81516
-0.80075
-0.81929
-0.80075
-0.80004
-0.80346
-0.81855
-0.81562
-0.80127
-0.79205
-0.78571
-0.81689
-0.78126
-0.78126
-0.7768
-0.75806
-0.79392
-0.76928
-0.76214
-0.80537
-0.78414
-0.78973
-0.79128
-0.87519
-0.85961
-0.8952
-0.86106
0
0
0
0
0
0
0
0
0
0
0
0
0
0
0
0
0
0
0
0
0
0
0
0
0
0
0
0
0
0
0
0
0
0
0
0
0
0
0
0
0
0
0
0
0
0
0
0
0
0
0
0
-7.3329
0
0
0
0
0
0
0
0
0
0
0
0
0
-0.84625
-0.83356
-0.82882
-0.81702
-0.83309
-0.83266
-0.81028
-0.82081
-0.80947
-0.8069
-0.817
-0.82861
-0.77894
-0.77885
-0.85189
-0.82799
-0.78396
-0.85184
-0.81427
-0.79642
-0.79644
-0.80888
-0.80355
-0.78758
-0.81189
-0.81164
52.1626
-0.77969
-0.78479
-0.77954
-0.79205
-0.77957
-0.79205
-0.77819
-0.79096
-0.77818
-0.77797
-0.78012
-0.79585
-0.79356
-0.77941
-0.76977
-0.76433
-0.79363
-0.75882
-0.75884
-0.75483
-0.73631
-0.75751
-0.74822
-0.74104
-0.78464
-0.75867
-0.76829
-0.7709
-0.8533
-0.83945
0
0
0
0
0
0
0
0
0
0
0
0
0
0
0
0
0
0
0
-3.1853
0
0
0
0
0
0
0
0
0
0
0
0
0
0
0
-4.4482
0
0
0
0
0
0
0
0
0
0
0
0
0
0
0
0
0
0
0
0
0
0
0
0
0
0
0
0
0
0
0
0
-0.83677
-0.82429
-0.81963
-0.80832
-0.82274
-0.82307
-0.80029
-0.81045
-0.79927
-0.79629
-0.80629
-0.81955
-0.76741
-0.76731
-0.84262
-0.81634
-0.77879
-0.84258
-0.80316
-0.78539
-0.78541
-0.7914
-0.79322
-0.7733
-0.80324
-0.80301
-0.77969
47.8051
-0.77491
-0.76962
-0.78511
-0.7669
-0.78513
-0.76805
-0.78825
-0.76804
-0.76672
-0.7703
-0.77777
-0.78203
-0.76808
-0.75904
-0.75409
-0.78494
-0.74745
-0.74746
-0.73198
-0.72706
-0.76149
-0.73666
-0.72944
-0.7761
-0.75303
-0.75717
-0.75917
-0.84985
-0.82747
-0.86668
0
0
0
0
0
0
0
0
0
0
0
0
0
0
0
0
-2.9653
0
0
0
0
0
0
0
0
0
0
0
0
0
0
0
0
0
0
0
0
0
0
0
0
0
0
0
0
0
0
0
0
0
0
0
0
0
0
0
0
0
0
0
0
0
0
0
0
0
0
-0.83896
-0.82765
-0.82374
-0.81256
-0.82753
-0.82782
-0.80501
-0.81544
-0.80426
-0.8013
-0.81141
-0.82412
-0.77228
-0.77219
-0.84743
-0.82107
-0.78395
-0.8474
-0.80826
-0.78889
-0.78891
-0.80324
-0.79756
-0.78224
-0.80801
-0.80777
-0.78479
-0.77491
48.9259
-0.77591
-0.78929
-0.77295
-0.78931
-0.77329
-0.79203
-0.77329
-0.77214
-0.77496
-0.79171
-0.78766
-0.77361
-0.7644
-0.75918
-0.78495
-0.75322
-0.75324
-0.74969
-0.73106
-0.76654
-0.74164
-0.73458
-0.78071
-0.75655
-0.76226
-0.76476
-0.85346
-0.83476
-0.87076
0
0
0
0
0
0
0
0
0
0
0
0
0
0
0
0
0
0
0
0
0
0
0
0
0
0
0
0
0
0
0
0
0
0
0
0
0
-3.7893
0
0
0
0
0
0
0
0
0
0
0
0
0
0
0
0
0
0
0
0
0
0
0
0
0
0
0
0
0
-0.84092
-0.82829
-0.82356
-0.81229
-0.82865
-0.82772
-0.80598
-0.81714
-0.80616
-0.80424
-0.81352
-0.82751
-0.77643
-0.77636
-0.84762
-0.826
-0.77987
-0.84758
-0.81255
-0.78816
-0.78818
-0.80639
-0.79489
-0.78008
-0.80735
-0.80707
-0.77954
-0.76962
-0.77591
53.7582
-0.78515
-0.77215
-0.78516
-0.77166
-0.77886
-0.77165
-0.77114
-0.77391
-0.78893
-0.78665
-0.77214
-0.76304
-0.75819
-0.78693
-0.75258
-0.75258
-0.74389
-0.72719
-0.76417
-0.74094
-0.73389
-0.77572
-0.75359
-0.76117
-0.75129
-0.84451
-0.81935
0
0
0
0
0
0
0
0
0
0
0
0
0
0
0
-3.1054
0
0
0
0
0
0
0
0
0
0
0
0
0
0
0
0
0
0
0
0
0
0
0
0
0
0
0
0
0
0
0
0
0
0
-6.4668
0
0
0
0
0
0
0
0
0
0
0
0
0
0
0
0
0
-0.84709
-0.83453
-0.82986
-0.81875
-0.83327
-0.83416
-0.81071
-0.82114
-0.80999
-0.80713
-0.81725
-0.8291
-0.7784
-0.77831
-0.85385
-0.82618
-0.78992
-0.85381
-0.81432
-0.79746
-0.79747
-0.81043
-0.80547
-0.79055
-0.8154
-0.81515
-0.79205
-0.78511
-0.78929
-0.78515
45.4926
-0.78449
-0.78183
-0.77545
-0.79784
-0.77545
-0.77648
-0.78102
-0.80018
-0.79248
-0.77879
-0.76943
-0.76419
-0.79967
-0.75773
-0.75773
-0.75515
-0.73617
-0.77228
-0.74644
-0.73935
-0.78819
-0.763
-0.76725
-0.77098
-0.8658
-0.8422
-0.88169
0
0
0
0
0
0
0
0
0
0
0
0
0
0
0
0
0
0
0
0
0
0
0
0
0
0
0
0
0
0
0
0
0
0
0
0
0
0
0
0
0
0
0
0
0
0
0
0
0
0
0
0
0
0
0
0
0
0
0
0
0
0
0
0
0
0
0
-0.83501
-0.8127
-0.81713
-0.80669
-0.82106
-0.82185
-0.79849
-0.80896
-0.79778
-0.79487
-0.80514
-0.81921
-0.76586
-0.76577
-0.84164
-0.81705
-0.77721
-0.8416
-0.80159
-0.78442
-0.78445
-0.79601
-0.79193
-0.77117
-0.80219
-0.80195
-0.77957
-0.7669
-0.77295
-0.77215
-0.78449
47.0818
-0.7845
-0.76763
-0.78646
-0.76763
-0.76673
-0.76667
-0.78469
-0.78216
-0.76806
-0.75805
-0.75344
-0.7817
-0.74708
-0.7471
-0.74429
-0.72377
-0.76159
-0.73573
-0.72851
-0.77497
-0.75298
-0.75574
-0.75855
-0.84505
-0.82785
0
0
0
0
0
0
0
0
0
0
0
0
0
0
0
0
-3.1531
0
0
0
0
0
0
0
0
0
0
0
0
0
0
0
0
0
0
0
0
0
0
0
0
0
0
0
0
0
0
0
0
0
0
0
0
0
0
0
0
0
0
0
0
0
0
0
0
0
0
0
-0.84711
-0.83453
-0.82987
-0.81875
-0.83327
-0.83418
-0.8107
-0.82114
-0.81
-0.80714
-0.81725
-0.82911
-0.7784
-0.77832
-0.85386
-0.82618
-0.78992
-0.85382
-0.81433
-0.79746
-0.79747
-0.81044
-0.80548
-0.79057
-0.8154
-0.81516
-0.79205
-0.78513
-0.78931
-0.78516
-0.78183
-0.7845
45.493
-0.77546
-0.79785
-0.77546
-0.7765
-0.78103
-0.80019
-0.79248
-0.7788
-0.76943
-0.76419
-0.79969
-0.75773
-0.75773
-0.75516
-0.73617
-0.77229
-0.74645
-0.73936
-0.78819
-0.763
-0.76725
-0.771
-0.86582
-0.84221
-0.8817
0
0
0
0
0
0
0
0
0
0
0
0
0
0
0
0
0
0
0
0
0
0
0
0
0
0
0
0
0
0
0
0
0
0
0
0
0
0
0
0
0
0
0
0
0
0
0
0
0
0
0
0
0
0
0
0
0
0
0
0
0
0
0
0
0
0
0
-0.83327
-0.82081
-0.81617
-0.80523
-0.81947
-0.82032
-0.79698
-0.80729
-0.79616
-0.79325
-0.8034
-0.81497
-0.76445
-0.76436
-0.83978
-0.81345
-0.77554
-0.83973
-0.80033
-0.78298
-0.78301
-0.7963
-0.79081
-0.77466
-0.80098
-0.80075
-0.77819
-0.76805
-0.77329
-0.77166
-0.77545
-0.76763
-0.77546
43.8532
-0.78487
-0.76453
-0.76348
-0.76905
-0.78694
-0.77995
-0.76622
-0.75552
-0.75138
-0.78661
-0.74429
-0.7443
-0.74192
-0.72176
-0.75923
-0.73348
-0.72647
-0.7752
-0.74992
-0.75391
-0.75802
-0.84277
-0.82923
0
0
0
0
0
0
0
0
0
0
0
0
0
0
0
0
0
0
0
0
0
0
0
0
0
0
0
0
0
0
0
0
0
0
0
0
0
0
0
0
0
0
0
0
0
0
0
0
0
0
0
0
0
0
0
0
0
0
0
0
0
0
0
0
0
0
0
0
-0.85497
-0.84193
-0.83376
-0.82405
-0.84054
-0.84076
-0.81744
-0.82876
-0.81746
-0.81601
-0.8247
-0.83872
-0.7849
-0.78482
-0.86087
-0.83657
-0.79098
-0.86084
-0.81925
-0.80233
-0.80234
-0.81793
-0.80054
-0.79411
-0.8196
-0.81929
-0.79096
-0.78825
-0.79203
-0.77886
-0.79784
-0.78646
-0.79785
-0.78487
54.1551
-0.78487
-0.78447
-0.78662
-0.8038
-0.80018
-0.78539
-0.77641
-0.77123
-0.79582
-0.76603
-0.76605
-0.76253
-0.74225
-0.76259
-0.75443
-0.74787
-0.79032
-0.768
-0.77511
0
0
0
0
0
0
0
0
0
0
0
0
0
0
0
0
0
0
0
0
0
0
-3.1741
0
-3.3965
0
0
0
0
0
0
0
0
0
0
0
0
0
0
0
0
0
0
0
-5.1699
0
0
0
0
0
0
0
0
0
0
0
0
0
0
0
0
0
0
0
0
0
0
0
0
0
0
-0.83327
-0.82082
-0.81616
-0.80523
-0.81947
-0.82033
-0.79698
-0.80729
-0.79616
-0.79325
-0.80341
-0.81498
-0.76445
-0.76436
-0.83977
-0.81345
-0.77553
-0.83973
-0.80034
-0.783
-0.78302
-0.79629
-0.79081
-0.77467
-0.80097
-0.80075
-0.77818
-0.76804
-0.77329
-0.77165
-0.77545
-0.76763
-0.77546
-0.76453
-0.78487
43.8532
-0.76347
-0.76905
-0.78694
-0.77995
-0.76622
-0.75552
-0.75137
-0.78661
-0.74428
-0.7443
-0.74192
-0.72177
-0.75923
-0.73348
-0.72648
-0.7752
-0.74993
-0.75391
-0.75802
-0.84277
-0.82925
0
0
0
0
0
0
0
0
0
0
0
0
0
0
0
0
0
0
0
0
0
0
0
0
0
0
0
0
0
0
0
0
0
0
0
0
0
0
0
0
0
0
0
0
0
0
0
0
0
0
0
0
0
0
0
0
0
0
0
0
0
0
0
0
0
0
0
0
-0.83333
-0.82084
-0.81616
-0.8052
-0.8194
-0.82021
-0.79682
-0.80711
-0.79588
-0.79294
-0.80318
-0.81458
-0.76384
-0.76375
-0.83966
-0.8133
-0.77498
-0.83963
-0.7999
-0.78275
-0.78277
-0.79584
-0.7905
-0.77403
-0.80028
-0.80004
-0.77797
-0.76672
-0.77214
-0.77114
-0.77648
-0.76673
-0.7765
-0.76348
-0.78447
-0.76347
42.1872
-0.76766
-0.78604
-0.78462
-0.76795
-0.75716
-0.75301
-0.78023
-0.74761
-0.74762
-0.74448
-0.72321
-0.76104
-0.73451
-0.7271
-0.77391
-0.75068
-0.75482
-0.75958
0
0
0
0
0
0
0
0
0
0
0
0
0
0
0
0
0
0
0
0
0
0
0
0
0
0
0
0
0
0
0
0
0
0
0
0
0
0
0
0
0
0
0
0
0
0
0
0
0
0
0
0
0
0
0
0
0
0
0
0
0
0
0
0
0
0
0
0
0
0
-0.83513
-0.82459
-0.81839
-0.80755
-0.82207
-0.82281
-0.79949
-0.80984
-0.79861
-0.79563
-0.80648
-0.82002
-0.76716
-0.76706
-0.84363
-0.81679
-0.77866
-0.84359
-0.80301
-0.78682
-0.78683
-0.78899
-0.79452
-0.77572
-0.80369
-0.80346
-0.78012
-0.7703
-0.77496
-0.77391
-0.78102
-0.76667
-0.78103
-0.76905
-0.78662
-0.76905
-0.76766
43.7963
-0.78944
-0.78771
-0.77019
-0.7623
-0.75583
-0.78265
-0.75092
-0.75093
-0.74651
-0.72585
-0.76173
-0.73723
-0.73113
-0.77771
0
-0.75867
0
0
0
0
0
0
0
0
0
0
0
0
0
0
0
0
0
0
0
0
0
0
0
0
0
0
-2.9666
0
0
0
0
0
0
0
0
0
0
0
0
0
0
0
0
0
0
0
0
0
0
0
0
0
0
0
0
0
0
0
0
0
0
0
0
0
0
0
0
0
0
0
0
-0.85413
-0.84134
-0.83643
-0.82223
-0.83974
-0.84036
-0.81671
-0.82792
-0.81663
-0.81347
-0.82371
-0.83923
-0.7834
-0.7833
-0.86007
-0.83516
-0.79557
-0.86003
-0.82083
-0.80462
-0.80463
-0.79725
-0.81263
-0.79544
-0.81879
-0.81855
-0.79585
-0.77777
-0.79171
-0.78893
-0.80018
-0.78469
-0.80019
-0.78694
-0.8038
-0.78694
-0.78604
-0.78944
46.8236
-0.80281
-0.78817
-0.77874
-0.77393
-0.80835
-0.76784
-0.76785
-0.75333
-0.74545
-0.78156
-0.75516
-0.74897
-0.79469
0
0
0
0
0
0
0
0
0
0
0
0
0
0
0
0
0
0
0
0
0
0
0
0
0
-2.0908
0
0
0
0
0
0
-3.8112
0
0
0
0
0
0
0
0
0
0
0
0
0
0
0
0
0
0
0
0
0
0
0
0
0
0
0
0
0
0
0
0
0
0
0
0
0
0
0
0
-0.84915
-0.83661
-0.83192
-0.82086
-0.83543
-0.83626
-0.81269
-0.82307
-0.81171
-0.80875
-0.81907
-0.83241
-0.77928
-0.77919
-0.85574
-0.82917
-0.79061
-0.8557
-0.8157
-0.79862
-0.79864
-0.81126
-0.80639
-0.7897
-0.81586
-0.81562
-0.79356
-0.78203
-0.78766
-0.78665
-0.79248
-0.78216
-0.79248
-0.77995
-0.80018
-0.77995
-0.78462
-0.78771
-0.80281
41.5326
-0.79171
-0.77427
-0.77272
-0.79596
-0.76441
-0.76442
-0.76386
-0.74274
-0.7812
-0.75201
-0.74541
-0.79895
0
-0.77329
0
0
0
0
0
0
0
0
0
0
0
0
0
0
0
0
0
0
0
0
0
0
0
0
0
0
0
0
0
0
0
0
0
0
0
0
0
0
0
0
0
0
0
0
0
0
0
0
0
0
0
0
0
0
0
0
0
0
0
0
0
0
0
0
0
0
0
0
0
0
0
-0.83175
-0.82211
-0.81746
-0.80661
-0.8189
-0.82193
-0.79845
-0.80887
-0.79759
-0.79465
-0.80491
-0.8181
-0.7653
-0.76521
-0.84128
-0.81494
-0.77674
-0.84123
-0.80151
-0.78485
-0.78488
-0.79703
-0.79247
-0.77579
-0.80152
-0.80127
-0.77941
-0.76808
-0.77361
-0.77214
-0.77879
-0.76806
-0.7788
-0.76622
-0.78539
-0.76622
-0.76795
-0.77019
-0.78817
-0.79171
41.1918
-0.75799
-0.75586
-0.78818
-0.75444
-0.75444
-0.74761
-0.72821
-0.76272
-0.73666
-0.7312
0
0
0
0
0
0
0
0
0
0
0
0
0
0
0
0
0
0
-1.9344
0
0
0
0
0
0
0
0
0
0
0
0
0
0
0
0
0
0
0
0
0
0
0
0
0
0
0
0
0
0
0
0
0
0
0
0
0
0
0
0
0
0
0
0
0
0
0
0
0
0
0
0
0
0
0
-0.825
-0.81263
-0.80801
-0.79706
-0.81141
-0.81219
-0.7889
-0.79916
-0.78797
-0.78506
-0.79523
-0.80862
-0.75608
-0.75598
-0.83151
-0.80498
-0.76721
-0.83147
-0.79196
-0.77508
-0.7751
-0.78762
-0.78277
-0.76639
-0.7923
-0.79205
-0.76977
-0.75904
-0.7644
-0.76304
-0.76943
-0.75805
-0.76943
-0.75552
-0.77641
-0.75552
-0.75716
-0.7623
-0.77874
-0.77427
-0.75799
39.5358
-0.74203
-0.77825
-0.74183
-0.74185
-0.73433
-0.71122
-0.75122
-0.72405
-0.71917
-0.77905
0
0
0
0
0
0
0
0
0
0
0
0
0
0
0
0
0
0
0
0
0
0
0
0
0
0
0
0
0
0
0
0
0
0
0
0
0
0
0
0
0
0
0
0
0
0
0
0
0
0
0
0
0
0
0
0
0
0
0
0
0
0
0
0
0
0
0
0
0
0
0
0
0
-0.81957
-0.80677
-0.80225
-0.79272
-0.80658
-0.8068
-0.78395
-0.79415
-0.783
-0.77988
-0.79052
-0.80314
-0.75079
-0.75071
-0.82543
-0.79932
-0.76207
-0.8254
-0.78756
-0.77006
-0.77007
-0.78298
-0.77846
-0.76123
-0.78595
-0.78571
-0.76433
-0.75409
-0.75918
-0.75819
-0.76419
-0.75344
-0.76419
-0.75138
-0.77123
-0.75137
-0.75301
-0.75583
-0.77393
-0.77272
-0.75586
-0.74203
40.632
-0.77749
-0.74162
-0.74162
-0.72744
-0.7084
-0.74026
-0.71882
-0.71442
0
0
0
0
0
0
0
0
0
0
0
0
0
0
0
0
0
0
0
0
0
0
0
0
0
0
0
0
0
0
0
0
0
0
0
0
0
0
0
0
0
0
-2.1119
0
0
0
0
0
0
0
0
0
0
0
0
0
0
0
0
0
0
0
0
0
0
0
0
0
0
0
0
0
0
0
-0.84589
-0.83739
-0.83411
-0.82361
-0.83822
-0.8392
-0.8155
-0.82608
-0.8146
-0.81149
-0.8211
-0.83561
-0.78155
-0.78145
-0.85769
-0.83206
-0.79386
-0.85766
-0.80301
-0.80279
-0.80281
-0.81166
-0.8063
-0.79097
-0.81712
-0.81689
-0.79363
-0.78494
-0.78495
-0.78693
-0.79967
-0.7817
-0.79969
-0.78661
-0.79582
-0.78661
-0.78023
-0.78265
-0.80835
-0.79596
-0.78818
-0.77825
-0.77749
45.508
-0.76912
-0.76912
-0.76216
0
-0.77539
-0.75117
0
0
0
0
0
0
0
0
0
0
0
0
0
0
0
0
0
0
0
0
0
0
0
0
0
-2.4796
0
0
0
0
0
0
0
0
0
0
0
0
-4.4912
0
0
0
0
0
0
0
0
0
0
0
0
0
0
0
0
0
0
0
0
0
0
0
0
0
0
0
0
0
0
0
0
0
0
0
0
-0.81449
-0.80221
-0.7976
-0.78674
-0.80083
-0.80161
-0.77841
-0.78855
-0.77739
-0.77444
-0.78464
-0.79771
-0.74549
-0.74541
-0.82079
-0.79436
-0.75645
-0.82073
-0.78125
-0.76413
-0.76416
-0.77695
-0.77167
-0.75517
-0.7815
-0.78126
-0.75882
-0.74745
-0.75322
-0.75258
-0.75773
-0.74708
-0.75773
-0.74429
-0.76603
-0.74428
-0.74761
-0.75092
-0.76784
-0.76441
-0.75444
-0.74183
-0.74162
-0.76912
38.2823
-0.72877
-0.73393
-0.7087
-0.75446
-0.71489
-0.71062
0
0
0
0
0
0
0
0
0
0
0
0
0
0
0
0
0
0
0
0
0
0
0
0
0
0
0
0
0
0
0
0
0
0
0
0
0
0
0
0
0
0
0
0
0
0
0
0
0
0
0
0
0
0
0
0
0
0
0
0
0
0
0
0
0
0
0
0
0
0
0
0
0
0
-0.81451
-0.80222
-0.7976
-0.78674
-0.80083
-0.8016
-0.77842
-0.78857
-0.77739
-0.77445
-0.78464
-0.79771
-0.7455
-0.74541
-0.82079
-0.79437
-0.75646
-0.82074
-0.78126
-0.76414
-0.76416
-0.77696
-0.77168
-0.75516
-0.78151
-0.78126
-0.75884
-0.74746
-0.75324
-0.75258
-0.75773
-0.7471
-0.75773
-0.7443
-0.76605
-0.7443
-0.74762
-0.75093
-0.76785
-0.76442
-0.75444
-0.74185
-0.74162
-0.76912
-0.72877
38.2827
-0.73394
-0.70872
-0.75447
-0.71489
-0.71062
0
0
0
0
0
0
0
0
0
0
0
0
0
0
0
0
0
0
0
0
0
0
0
0
0
0
0
0
0
0
0
0
0
0
0
0
0
0
0
0
0
0
0
0
0
0
0
0
0
0
0
0
0
0
0
0
0
0
0
0
0
0
0
0
0
0
0
0
0
0
0
0
0
0
-0.81126
-0.79897
-0.79442
-0.78321
-0.79753
-0.79765
-0.77519
-0.78518
-0.77404
-0.77106
-0.78097
-0.79568
-0.74193
-0.74183
-0.81701
-0.7923
-0.75315
-0.81696
-0.77767
-0.7611
-0.76112
-0.7638
-0.76873
-0.75198
-0.77704
-0.7768
-0.75483
-0.73198
-0.74969
-0.74389
-0.75515
-0.74429
-0.75516
-0.74192
-0.76253
-0.74192
-0.74448
-0.74651
-0.75333
-0.76386
-0.74761
-0.73433
-0.72744
-0.76216
-0.73393
-0.73394
38.0705
0
0
0
0
0
0
0
0
0
0
0
0
0
0
0
0
0
0
0
0
0
0
0
0
0
0
0
-2.8749
0
0
0
0
0
0
0
0
0
0
0
0
0
0
0
0
0
0
0
0
0
0
0
0
0
0
0
0
0
0
0
0
0
0
0
0
0
0
0
0
0
0
0
0
0
0
0
0
0
0
-0.79056
-0.7785
-0.77386
-0.76315
-0.77716
-0.77829
-0.7551
-0.76541
-0.75433
-0.75149
-0.76134
-0.77482
-0.7227
-0.72262
-0.79727
-0.76971
-0.73388
-0.79722
-0.75825
-0.74185
-0.74187
-0.75488
-0.74924
-0.73311
-0.75829
-0.75806
-0.73631
-0.72706
-0.73106
-0.72719
-0.73617
-0.72377
-0.73617
-0.72176
-0.74225
-0.72177
-0.72321
-0.72585
-0.74545
-0.74274
-0.72821
-0.71122
-0.7084
0
-0.7087
-0.70872
0
36.8137
0
0
0
0
0
0
0
0
0
-0.83024
0
0
0
0
0
0
0
0
0
0
0
0
-2.4145
0
0
0
0
0
0
0
0
0
0
0
0
0
0
0
0
0
0
0
0
0
0
0
0
0
0
0
0
0
0
0
0
0
0
0
0
0
0
0
0
0
0
0
0
0
0
0
0
0
0
0
0
0
0
-0.82724
-0.81515
-0.81056
-0.79934
-0.81501
-0.81496
-0.79255
-0.80239
-0.79104
-0.78811
-0.79843
-0.8086
-0.75891
-0.75881
-0.83382
-0.806
-0.77002
-0.83377
-0.79374
-0.7781
-0.77813
-0.78941
-0.78591
-0.76873
-0.79415
-0.79392
-0.75751
-0.76149
-0.76654
-0.76417
-0.77228
-0.76159
-0.77229
-0.75923
-0.76259
-0.75923
-0.76104
-0.76173
-0.78156
-0.7812
-0.76272
-0.75122
-0.74026
-0.77539
-0.75446
-0.75447
0
0
39.0556
0
0
0
0
0
0
0
0
0
0
0
0
0
0
0
0
0
0
0
0
0
0
0
0
0
0
0
-3.0879
0
0
0
0
0
0
0
0
0
0
0
0
0
0
0
0
0
0
0
0
0
0
0
0
0
0
0
0
0
0
0
0
0
0
0
0
0
0
0
0
0
0
0
0
0
0
0
0
-0.80227
-0.78999
-0.7854
-0.7746
-0.78867
-0.78945
-0.76636
-0.77649
-0.76538
-0.76249
-0.77259
-0.78526
-0.73375
-0.73367
-0.80861
-0.78234
-0.74467
-0.80857
-0.76931
-0.75243
-0.75244
-0.7652
-0.75991
-0.74362
-0.76951
-0.76928
-0.74822
-0.73666
-0.74164
-0.74094
-0.74644
-0.73573
-0.74645
-0.73348
-0.75443
-0.73348
-0.73451
-0.73723
-0.75516
-0.75201
-0.73666
-0.72405
-0.71882
-0.75117
-0.71489
-0.71489
0
0
0
34.8091
0
0
0
0
0
0
0
0
0
0
0
0
0
0
0
0
0
0
0
0
0
0
0
0
0
0
0
0
0
0
0
0
0
0
0
0
0
0
0
0
0
0
0
0
0
0
0
0
0
0
0
0
0
0
0
0
0
0
0
0
0
0
0
0
0
0
0
0
0
0
0
0
0
0
0
-0.79531
-0.78298
-0.77838
-0.76759
-0.78153
-0.78229
-0.7593
-0.76938
-0.75831
-0.75539
-0.76551
-0.77818
-0.7268
-0.72671
-0.80138
-0.77515
-0.73766
-0.80133
-0.76258
-0.74533
-0.74535
-0.7581
-0.7528
-0.73657
-0.76238
-0.76214
-0.74104
-0.72944
-0.73458
-0.73389
-0.73935
-0.72851
-0.73936
-0.72647
-0.74787
-0.72648
-0.7271
-0.73113
-0.74897
-0.74541
-0.7312
-0.71917
-0.71442
0
-0.71062
-0.71062
0
0
0
0
33.7541
0
0
0
0
0
0
0
0
0
0
0
0
0
0
0
0
0
0
0
0
0
0
0
0
0
0
0
0
0
0
0
0
0
0
0
0
0
0
0
0
0
0
0
0
0
0
0
0
0
0
0
0
0
0
0
0
0
0
0
0
0
0
0
0
0
0
0
0
0
0
0
0
0
0
-0.84082
-0.8276
-0.82294
-0.81133
-0.82792
-0.8298
-0.80526
-0.8159
-0.80427
-0.80151
-0.81177
-0.82706
-0.77194
-0.77184
-0.84611
-0.82275
-0.78379
-0.84608
-0.80854
-0.79251
-0.79253
-0.80318
-0.80055
-0.78359
-0.8056
-0.80537
-0.78464
-0.7761
-0.78071
-0.77572
-0.78819
-0.77497
-0.78819
-0.7752
-0.79032
-0.7752
-0.77391
-0.77771
-0.79469
-0.79895
0
-0.77905
0
0
0
0
0
0
0
0
0
38.6276
0
0
0
0
0
0
0
0
0
0
0
0
0
0
0
0
0
0
0
0
0
0
0
0
0
0
0
0
0
0
0
0
0
0
0
0
0
0
0
0
0
0
0
0
0
0
0
0
0
0
0
0
0
0
0
0
0
-5.8335
0
0
0
0
0
0
0
0
0
0
0
0
0
0
0
-0.82525
-0.81232
-0.80483
-0.79426
-0.80074
-0.80185
-0.77811
-0.78873
-0.77841
-0.77554
-0.78611
-0.73619
-0.74625
-0.74615
-0.82522
-0.80172
-0.75833
-0.82518
-0.78307
-0.76705
-0.76705
-0.78181
-0.77607
-0.75931
-0.78438
-0.78414
-0.75867
-0.75303
-0.75655
-0.75359
-0.763
-0.75298
-0.763
-0.74992
-0.768
-0.74993
-0.75068
0
0
0
0
0
0
0
0
0
0
0
0
0
0
0
36.9074
0
0
0
0
0
0
0
0
0
0
0
0
0
0
0
0
0
0
0
0
0
0
0
0
0
0
0
0
0
0
0
0
-4.8974
0
0
0
0
0
0
0
0
0
0
0
-3.3026
0
0
0
0
0
0
0
0
0
0
0
0
0
0
0
0
0
0
0
0
0
0
0
0
0
0
0
-0.82319
-0.81063
-0.806
-0.79511
-0.80932
-0.81006
-0.78672
-0.79697
-0.78577
-0.78285
-0.79308
-0.80586
-0.75379
-0.75371
-0.82938
-0.80274
-0.76494
-0.82934
-0.79015
-0.77282
-0.77284
-0.78622
-0.78043
-0.76397
-0.78998
-0.78973
-0.76829
-0.75717
-0.76226
-0.76117
-0.76725
-0.75574
-0.76725
-0.75391
-0.77511
-0.75391
-0.75482
-0.75867
0
-0.77329
0
0
0
0
0
0
0
0
0
0
0
0
0
30.4945
0
0
0
0
0
0
0
0
0
0
0
0
0
0
0
0
0
0
0
0
0
0
0
0
0
0
0
0
0
0
0
0
0
0
0
0
0
0
0
0
0
0
0
0
0
0
0
0
0
0
0
0
0
0
0
0
0
0
0
0
0
0
0
0
0
0
0
0
0
0
0
-0.82541
-0.81272
-0.80847
-0.79781
-0.81179
-0.81283
-0.78897
-0.80027
-0.78906
-0.78614
-0.79612
-0.80854
-0.75666
-0.75655
-0.8317
-0.8053
-0.76797
-0.83167
-0.79304
-0.77633
-0.77635
-0.796
-0.78398
-0.76717
-0.79153
-0.79128
-0.7709
-0.75917
-0.76476
-0.75129
-0.77098
-0.75855
-0.771
-0.75802
0
-0.75802
-0.75958
0
0
0
0
0
0
0
0
0
0
0
0
0
0
0
0
0
33.0021
0
0
0
0
0
0
0
0
0
0
0
0
0
0
0
0
0
0
0
0
0
0
0
0
0
0
0
-4.0178
-0.69834
0
0
0
0
0
0
0
0
0
0
0
0
0
0
0
0
0
0
0
0
0
0
0
0
0
0
0
0
0
0
0
0
0
0
0
0
0
0
0
0
0
-0.91342
-0.8986
-0.89376
-0.87968
-0.90157
-0.90147
-0.87772
-0.8896
-0.87802
-0.87502
-0.8867
-0.90075
-0.84354
-0.84343
-0.91851
-0.89628
-0.85694
-0.91847
-0.88444
-0.86755
-0.86757
-0.87771
-0.87802
-0.85804
-0.87547
-0.87519
-0.8533
-0.84985
-0.85346
-0.84451
-0.8658
-0.84505
-0.86582
-0.84277
0
-0.84277
0
0
0
0
0
0
0
0
0
0
0
0
0
0
0
0
0
0
0
44.6284
0
0
0
0
0
0
0
0
0
0
0
0
0
0
0
0
0
0
0
0
0
-2.1489
0
0
0
0
0
0
0
0
0
0
0
0
0
0
0
0
0
0
0
0
0
0
0
0
-5.9293
0
0
0
0
0
0
0
0
0
0
-5.9293
0
0
0
0
0
0
0
0
0
0
0
-0.89426
-0.88084
-0.87609
-0.86706
-0.88126
-0.88425
-0.85829
-0.87048
-0.85877
-0.85555
-0.86624
-0.88078
-0.82488
-0.82479
-0.90099
-0.877
-0.83737
-0.90094
-0.86445
-0.84688
-0.84691
-0.85612
-0.85642
-0.83747
-0.85986
-0.85961
-0.83945
-0.82747
-0.83476
-0.81935
-0.8422
-0.82785
-0.84221
-0.82923
0
-0.82925
0
0
0
0
0
0
0
0
0
0
0
0
0
0
0
0
0
0
0
0
40.5333
0
0
0
0
0
0
0
0
0
0
0
0
0
0
0
0
0
0
0
0
0
0
0
0
0
0
0
0
0
0
0
0
-4.9452
0
0
0
0
0
0
0
0
0
0
0
0
0
0
0
0
0
0
0
0
0
0
0
0
0
0
0
-5.6288
0
0
0
0
0
0
0
-0.93494
-0.92127
-0.91452
-0.8988
-0.91755
-0.91933
-0.89403
-0.90579
-0.89369
-0.89154
-0.90223
-0.92197
-0.86029
-0.86019
-0.9382
-0.86044
-0.87265
-0.93815
-0.89883
-0.88319
-0.8832
-0.89468
-0.89261
-0.87376
-0.89548
-0.8952
0
-0.86668
-0.87076
0
-0.88169
0
-0.8817
0
0
0
0
0
0
0
0
0
0
0
0
0
0
-0.83024
0
0
0
0
0
0
0
0
0
43.556
0
0
0
0
0
0
0
0
0
0
0
0
0
0
0
0
0
0
0
0
0
0
0
0
0
0
0
0
0
-5.0165
0
0
0
0
0
0
0
0
0
0
0
0
0
0
0
0
0
-5.423
0
0
0
0
-5.423
0
0
0
0
0
0
0
0
0
0
0
0
0
0
-0.89411
-0.88161
-0.87684
-0.86351
-0.88171
-0.88365
-0.85886
-0.8701
-0.85839
-0.85594
-0.86584
-0.88152
-0.8258
-0.82569
-0.90164
-0.87703
-0.83732
-0.9016
-0.86291
-0.8462
-0.84623
-0.86023
-0.85452
-0.83747
-0.86131
-0.86106
0
0
0
0
0
0
0
0
0
0
0
0
0
0
0
0
0
0
0
0
0
0
0
0
0
0
0
0
0
0
0
0
29.9861
0
0
0
0
0
0
0
0
0
0
0
-2.4031
0
0
0
0
0
0
0
0
0
0
0
0
0
0
0
0
0
0
0
0
0
0
0
0
0
0
0
0
0
0
-5.1119
0
0
0
0
0
0
0
0
0
0
0
0
0
0
0
0
0
0
0
0
0
0
0
-1.0086
-0.99449
-0.98009
-0.97217
-0.98908
-0.98945
-0.96486
-0.9761
-0.96425
-0.96128
-0.97223
-0.99425
-0.92952
-0.92943
-1.0129
-0.98881
-0.94084
-1.0129
-0.96885
-0.94926
-0.94928
0
0
0
0
0
0
0
0
0
0
0
0
0
0
0
0
0
0
0
0
0
0
0
0
0
0
0
0
0
0
0
0
0
0
0
0
0
0
24.8297
0
0
0
0
0
0
0
0
0
0
0
0
0
0
0
0
0
0
0
0
0
0
0
0
0
0
0
0
0
0
0
0
0
0
0
0
0
0
-4.3811
0
0
0
0
0
0
0
0
0
0
0
0
0
0
0
0
0
0
0
0
0
0
0
0
0
0
-1.1168
-1.1032
-1.0983
-1.0863
-1.1026
-1.1042
-1.0777
-1.0893
-1.0771
-1.074
-1.0852
-1.0984
-1.0417
-1.0416
-1.1246
-1.0954
-1.0535
-1.1245
-1.0827
-1.0624
-1.0624
0
0
0
0
0
0
0
0
0
0
0
0
0
0
0
0
0
0
0
0
0
0
0
0
0
0
0
0
0
0
0
0
0
0
0
0
0
0
0
22.8018
0
0
0
0
0
0
0
0
0
0
0
0
0
0
0
0
0
0
0
0
0
0
0
0
0
0
0
0
0
0
0
0
0
0
0
0
0
0
0
0
0
0
0
0
0
0
0
0
0
0
0
0
0
0
0
0
0
0
0
0
0
0
0
0
-1.0705
-1.0572
-1.0523
-1.0404
-1.0564
-1.058
-1.0318
-1.0432
-1.0311
-1.0282
-1.0393
-1.0522
-0.99637
-0.99627
-1.0783
-1.0493
-1.008
-1.0782
-1.0369
-1.0167
-1.0167
0
0
0
0
0
0
0
0
0
0
0
0
0
0
0
0
0
0
0
0
0
0
0
0
0
0
0
0
0
0
0
0
0
0
0
0
0
0
0
0
21.8373
0
0
0
0
0
0
0
0
0
0
0
0
0
0
0
0
0
0
0
0
0
0
0
0
0
0
0
0
0
0
0
0
0
0
0
0
0
0
0
0
0
0
0
0
0
0
0
0
0
0
0
0
0
0
0
0
0
0
0
0
0
0
0
-1.1064
-1.0929
-1.088
-1.076
-1.0923
-1.094
-1.0674
-1.079
-1.0667
-1.0638
-1.0751
-1.0883
-1.0315
-1.0314
-1.1143
-1.0851
-1.0434
-1.1142
-1.0725
0
0
0
0
0
0
0
0
0
0
0
0
0
0
0
0
0
0
0
0
0
0
0
0
0
0
0
0
0
0
0
0
0
0
0
0
0
0
0
0
0
0
0
20.4825
0
0
0
0
0
0
0
0
0
0
0
0
0
0
0
0
0
0
0
0
0
0
0
0
0
0
0
0
0
0
0
0
0
0
0
0
0
0
0
0
0
0
0
0
0
0
0
0
0
0
0
0
0
0
0
0
0
0
0
0
0
0
-1.077
-1.0625
-1.0573
-1.0441
-1.0616
-1.0609
-1.0371
-1.0484
-1.0366
-1.0337
-1.0451
-1.0646
-1.0015
-1.0014
0
0
-1.0136
0
0
0
0
0
0
0
0
0
0
0
0
0
0
0
0
0
0
0
0
0
0
0
0
0
0
0
0
0
0
0
0
0
0
0
0
0
0
0
0
0
0
0
0
0
0
19.2846
0
0
0
0
0
0
0
0
0
0
0
0
0
0
0
0
0
0
0
0
0
0
0
0
0
0
0
0
-3.6393
0
0
0
0
0
0
0
0
0
0
0
0
0
0
0
0
0
0
0
0
0
0
0
0
0
0
0
0
0
0
0
0
-1.0922
-1.0777
-1.0728
-1.0607
-1.0803
-1.0552
-1.0556
-1.0673
-1.0552
-1.0519
-1.0639
-1.0789
-1.0197
-1.0196
0
0
0
0
0
0
0
0
0
0
0
0
0
0
0
0
0
0
0
0
0
0
0
0
0
0
0
0
0
0
0
0
0
0
0
0
0
0
0
0
0
0
0
0
0
0
0
0
0
0
17.8103
0
0
0
0
0
0
0
0
0
0
0
0
0
0
0
0
0
0
0
0
0
0
0
0
0
-2.9596
0
0
0
0
0
0
0
0
0
0
0
0
0
0
0
0
0
0
0
0
0
0
0
0
0
0
0
0
0
0
0
0
0
0
-1.3951
-1.3809
-1.377
-1.3646
-1.3843
-1.3874
-1.3587
-1.371
-1.358
-1.3551
-1.3662
0
-1.3201
-1.32
0
0
0
0
0
0
0
0
0
0
0
0
0
0
0
0
0
0
0
0
0
0
0
0
0
0
0
0
0
0
0
0
0
0
0
0
0
0
0
0
0
0
0
0
0
0
0
0
0
0
0
17.7384
0
0
0
0
0
0
0
0
0
0
0
0
0
0
0
0
0
0
0
0
0
0
0
0
0
0
0
0
0
0
0
0
0
0
0
0
0
0
0
0
0
0
0
0
0
0
0
0
0
0
0
0
0
0
0
0
0
0
0
-1.2851
-1.2899
-1.268
-1.2573
-1.2773
-1.2797
-1.2516
-1.2638
-1.2506
-1.2469
0
0
0
0
0
0
0
0
0
0
0
0
0
0
0
0
0
0
0
0
0
0
0
0
0
0
0
0
0
0
0
0
0
0
0
0
0
0
0
0
0
0
0
0
0
0
0
0
0
0
0
0
0
0
0
0
15.3148
0
0
0
0
0
0
0
0
0
0
0
0
0
-2.6446
0
0
0
0
0
0
0
0
0
0
0
0
0
0
0
0
0
0
0
0
0
0
0
0
0
0
0
0
0
0
0
0
0
0
0
0
0
0
0
0
0
0
0
0
-1.4861
-1.4683
-1.463
-1.4563
-1.4763
-1.4767
-1.4489
-1.4621
-1.4492
0
0
0
0
0
0
0
0
0
0
0
0
0
0
0
0
0
0
0
0
0
0
0
0
0
0
0
0
0
0
0
0
0
0
0
0
0
0
0
0
0
0
0
0
0
0
0
0
0
0
0
0
0
0
0
0
0
0
18.0784
0
0
0
0
0
0
0
0
0
0
0
0
0
0
0
0
0
0
0
0
0
0
0
0
0
0
0
0
0
0
0
0
0
0
0
0
0
0
0
0
0
0
0
0
0
0
0
0
-4.8915
0
0
0
0
0
0
0
0
-1.4731
-1.4565
-1.4534
-1.4403
-1.4689
-1.4706
-1.4427
-1.4563
0
0
0
0
0
0
0
0
0
0
0
0
0
0
0
0
0
0
0
0
0
0
0
0
0
0
0
0
0
0
0
0
0
0
0
0
0
0
0
0
0
0
0
0
0
0
0
0
0
0
0
0
0
0
0
0
0
0
0
0
14.8519
0
0
0
0
0
0
0
0
0
0
0
0
0
0
0
0
0
0
0
0
0
0
0
0
0
0
0
0
-3.1901
0
0
0
0
0
0
0
0
0
0
0
0
0
0
0
0
0
0
0
0
0
0
0
0
0
0
0
-2.0122
0
0
0
-2.0237
0
0
0
0
0
0
0
0
0
0
0
0
0
0
0
0
0
0
0
0
0
0
0
0
0
0
0
0
0
0
0
0
0
0
0
-1.9344
0
0
0
0
0
0
0
0
0
0
0
0
0
0
0
0
0
0
0
0
0
0
0
0
0
0
0
0
13.5627
0
0
0
0
0
0
0
0
0
0
0
0
0
-2.8521
0
0
0
0
0
0
0
0
0
0
0
0
0
0
0
0
0
0
0
0
0
0
0
0
0
0
0
0
0
0
0
0
0
0
0
0
0
0
0
-4.7403
0
0
0
0
0
0
0
0
0
0
0
0
0
0
0
0
0
0
0
0
0
0
0
0
0
0
0
0
0
0
0
0
0
0
0
0
0
0
0
0
0
0
0
0
0
0
0
0
-2.4145
0
0
0
0
0
0
0
0
0
0
-2.4031
0
0
0
0
0
0
0
0
0
0
0
17.9676
0
0
0
0
0
0
0
0
0
0
0
-3.967
0
0
0
0
0
0
0
0
0
0
0
0
0
0
0
0
0
0
0
0
0
0
0
0
0
0
0
0
0
0
0
0
-4.5915
0
0
0
0
0
-4.5915
0
0
0
-2.5095
-2.4919
-2.4977
0
-2.5189
0
-2.4879
0
0
0
0
0
0
0
0
0
0
0
0
0
0
0
0
0
0
0
0
0
0
0
0
0
0
0
0
0
0
0
0
0
0
0
0
0
0
0
0
0
0
0
0
0
0
0
0
0
0
0
0
0
0
0
0
0
0
0
0
0
0
0
0
12.5059
0
0
0
0
0
0
0
0
0
0
0
0
0
0
0
0
0
0
0
0
0
0
0
0
0
0
0
0
0
0
0
0
0
0
0
0
0
0
0
0
0
0
0
0
0
0
0
0
0
0
0
0
0
0
0
0
0
0
0
0
0
0
0
0
0
0
0
0
0
0
0
0
0
0
0
0
0
0
0
0
0
0
-3.1054
0
0
0
0
0
0
0
0
0
0
0
0
0
0
0
0
0
0
0
0
0
0
0
0
0
0
0
0
0
0
0
0
0
0
0
0
0
0
0
0
0
0
14.5475
0
-3.4985
0
0
0
0
0
0
0
-3.5307
0
0
0
0
0
0
0
0
0
0
0
0
0
-4.413
0
0
0
0
0
0
0
0
0
0
0
0
0
0
0
0
0
0
0
0
0
0
0
0
0
0
0
0
0
-3.2672
0
0
0
0
0
0
0
0
0
0
0
0
0
0
0
0
0
0
0
0
0
0
0
0
0
0
0
0
0
-3.1531
0
0
0
0
0
0
0
0
0
0
0
0
0
0
0
0
0
0
0
0
0
0
0
0
0
0
0
0
0
0
0
0
0
0
0
0
0
0
0
0
0
10.1832
0
0
0
0
0
-3.1011
0
0
0
0
0
0
0
0
0
0
0
0
0
0
0
0
0
0
0
0
0
0
0
0
0
0
0
0
0
0
0
0
0
0
0
0
0
0
0
-0.66187
0
0
0
0
0
0
0
0
0
0
0
0
0
0
0
0
0
0
0
0
0
0
0
0
0
0
0
0
0
0
0
0
-2.9653
0
0
0
0
0
0
0
0
0
0
0
0
0
0
0
0
0
0
-2.8749
0
0
0
0
0
0
0
0
0
0
0
0
0
0
0
0
0
0
0
0
0
0
0
0
0
-3.4985
0
12.4399
0
0
0
0
0
0
0
0
0
-3.1011
0
0
0
0
0
0
0
0
0
0
0
0
0
0
0
0
0
0
0
0
0
0
0
0
0
0
0
0
0
0
0
0
0
0
0
0
0
0
0
0
-2.5716
0
0
0
0
0
0
0
0
0
0
0
0
0
0
0
0
0
0
0
0
0
0
0
0
0
0
0
0
0
0
0
0
0
0
0
0
0
0
0
0
0
0
-2.4796
0
0
0
0
0
0
0
0
0
0
0
0
0
0
0
0
0
0
0
0
0
0
0
0
0
0
0
0
0
0
0
12.3748
0
0
0
0
0
0
0
0
0
0
0
0
0
0
0
0
0
0
0
-3.2151
0
0
0
0
0
0
0
0
0
0
0
0
0
0
0
0
0
0
0
0
0
0
0
0
0
0
0
0
-4.1085
0
0
0
0
0
0
0
0
0
0
0
0
0
0
0
0
0
0
0
0
0
0
0
0
0
0
-3.1853
0
0
0
0
0
0
0
-3.1741
0
0
0
0
0
0
0
0
0
0
0
0
0
-3.0879
0
0
0
0
0
0
0
0
0
0
0
0
0
0
0
0
0
0
0
0
0
0
0
0
0
0
0
11.1039
0
0
0
0
0
0
0
0
0
0
0
0
0
0
0
0
0
0
0
0
0
0
0
0
0
0
0
0
0
0
0
-1.6566
0
0
0
0
0
0
0
0
0
0
0
0
0
0
0
0
0
0
0
-2.1167
0
0
0
0
0
0
0
0
0
0
0
0
0
0
0
0
0
0
0
0
0
0
0
0
0
0
0
0
0
0
0
0
0
0
-2.0908
0
0
0
0
0
0
0
0
0
0
0
0
0
0
0
0
-2.1489
0
0
0
0
0
0
0
0
0
0
0
0
0
0
0
0
0
0
0
0
0
10.1078
0
0
0
0
0
0
0
0
0
0
0
0
0
0
0
-3.7513
0
0
0
0
0
0
0
0
0
0
0
0
0
0
0
0
0
0
0
0
0
0
0
0
0
0
0
0
0
0
0
0
0
0
0
0
0
0
0
0
0
0
0
0
0
0
0
0
0
0
0
0
0
-3.4259
0
0
0
0
0
0
0
0
0
0
0
-3.3965
0
0
0
0
0
0
0
0
0
0
0
0
0
0
0
0
0
0
0
0
0
0
0
0
0
0
0
0
0
0
0
0
0
0
0
0
0
0
0
0
0
0
0
13.7848
0
0
0
0
0
0
0
-3.4934
0
0
0
0
0
0
0
-3.469
0
0
0
0
0
0
0
0
0
0
0
0
0
0
0
0
0
0
0
0
0
0
0
0
0
0
0
0
0
0
0
0
0
0
0
0
0
0
0
0
0
0
0
0
0
0
0
0
0
0
0
0
0
-1.78
0
0
0
0
0
0
0
0
0
0
0
0
0
0
0
0
0
0
0
0
0
0
0
0
0
0
0
0
0
0
0
0
0
0
0
0
0
0
0
0
0
0
0
0
0
0
0
0
0
-3.1011
0
0
0
0
0
12.1182
-2.6574
0
0
0
0
0
0
0
0
0
0
0
0
0
0
0
0
0
0
0
0
0
0
0
0
0
0
0
0
0
0
0
-4.5798
0
0
0
0
0
0
0
0
0
0
0
0
0
0
0
0
0
0
0
0
0
0
0
0
0
0
0
0
0
0
0
0
0
-3.044
0
0
0
0
0
0
0
0
0
0
0
0
0
0
0
-2.9666
0
0
0
0
0
0
0
0
0
0
0
0
0
0
0
0
0
0
0
0
0
0
0
0
0
0
0
0
-2.6446
0
0
0
0
0
0
0
0
0
0
0
0
-2.6574
11.3125
0
0
0
0
0
0
0
0
0
0
0
0
0
0
0
0
0
0
0
0
0
0
0
0
0
0
0
0
0
0
0
0
0
0
0
0
0
0
0
0
0
0
0
0
0
0
0
0
0
0
0
0
0
0
-3.682
0
0
0
0
0
0
0
0
0
0
-3.6511
0
0
0
0
0
0
0
0
0
0
0
0
0
0
0
0
0
0
0
0
0
0
0
0
0
0
0
0
0
0
0
0
0
0
0
0
0
0
0
0
0
0
0
0
0
0
0
0
0
0
0
0
0
0
0
0
0
0
0
12.2224
0
0
0
0
0
0
0
0
0
0
0
0
0
0
0
0
0
0
-4.8893
0
0
0
0
0
0
0
0
0
0
0
0
0
0
0
0
0
0
0
0
0
0
0
0
0
0
0
0
0
0
0
0
0
0
0
0
0
0
0
0
0
0
0
0
0
0
0
0
0
0
0
0
0
0
0
0
0
0
0
0
0
0
0
0
0
0
0
0
0
0
0
0
0
0
0
0
0
0
-4.0178
0
0
0
0
0
0
0
0
0
0
0
0
0
0
0
-3.967
0
-3.5307
0
0
0
0
0
0
0
0
0
11.5154
0
0
0
0
0
0
0
0
0
0
0
0
0
0
0
0
0
0
0
0
0
0
0
0
0
0
0
0
0
0
0
0
0
0
0
0
0
0
0
0
0
0
0
0
0
0
0
0
0
0
0
0
0
0
0
0
0
0
0
0
0
0
0
0
0
0
0
0
0
0
0
0
0
0
0
0
0
0
0
0
0
0
0
0
0
0
0
0
0
0
0
0
0
0
0
0
-0.69834
0
0
0
0
0
0
0
0
0
0
0
0
0
0
-2.8521
0
0
0
0
0
0
0
0
0
0
0
0
0
8.1826
0
0
0
0
0
0
0
0
0
0
0
0
0
0
0
0
0
0
0
0
0
0
0
0
0
0
0
0
0
0
0
0
0
0
0
0
-4.6322
0
0
0
0
0
0
0
0
0
0
0
0
0
0
0
0
0
0
0
0
0
0
0
0
0
-3.8938
0
0
0
0
0
0
0
0
0
0
0
0
0
0
0
0
-3.8112
0
0
0
0
0
0
0
0
0
0
0
0
0
0
0
0
0
0
0
0
0
0
0
0
0
0
0
0
0
0
0
0
0
0
0
-3.1011
0
0
0
0
0
0
0
0
0
10.8062
0
0
0
0
0
0
0
0
0
0
0
0
0
0
0
0
0
0
0
0
0
0
0
0
0
0
0
0
0
0
0
0
0
0
0
0
0
0
0
0
0
0
0
0
0
0
0
0
0
0
0
-5.4128
0
0
0
0
0
0
0
0
0
0
0
0
0
0
0
0
0
0
0
0
0
0
0
0
0
0
0
0
0
0
0
0
0
0
0
0
0
0
0
0
-4.8974
0
0
0
0
0
0
0
0
0
0
0
0
0
0
0
0
0
0
0
0
0
0
0
0
0
0
0
0
0
0
0
0
10.3103
0
0
0
0
0
0
0
0
0
0
0
0
0
0
0
0
0
0
0
0
0
0
0
0
0
0
0
0
0
0
0
0
0
0
0
0
0
0
0
0
0
0
0
0
0
0
0
0
0
0
0
0
0
0
0
0
0
0
0
0
0
0
0
0
0
0
0
0
0
0
0
0
0
0
0
0
0
0
0
0
0
0
0
0
0
0
0
0
0
0
0
0
0
0
0
0
0
0
0
0
0
0
0
0
0
0
0
0
0
0
0
0
0
0
0
0
0
-3.4934
0
0
0
0
0
0
0
8.1761
0
-4.6827
0
0
0
0
0
0
0
0
0
0
0
0
0
0
0
0
0
0
0
0
0
0
0
0
0
0
0
0
0
0
0
0
0
0
0
0
0
0
0
0
0
0
0
0
0
0
0
0
0
0
0
-5.202
0
0
0
0
0
0
0
0
0
0
0
0
0
0
0
0
0
0
0
0
0
0
0
0
0
0
0
0
0
0
0
0
0
0
0
0
0
0
0
0
0
-5.0165
0
0
0
0
0
0
0
0
0
0
0
0
0
0
0
0
0
0
0
0
0
0
0
0
0
0
0
0
0
10.2185
0
0
0
0
0
0
0
0
0
0
0
0
0
0
0
0
0
0
0
0
0
0
0
0
0
0
0
0
0
0
0
0
0
0
0
0
0
0
0
0
0
0
0
0
0
0
0
0
0
0
0
0
0
0
0
0
0
0
0
0
0
0
0
0
0
0
0
0
0
0
0
0
0
0
0
0
0
0
0
0
-4.4912
0
0
0
0
0
0
0
0
0
0
0
0
0
0
0
0
0
0
0
0
0
0
0
0
0
0
0
0
0
0
0
0
0
0
0
0
0
0
0
0
0
0
-4.6827
0
9.1739
0
0
0
0
0
0
0
0
0
0
0
0
0
0
0
0
0
0
0
0
0
0
0
0
0
0
0
0
0
0
0
0
0
0
0
0
0
0
0
0
0
0
0
0
0
0
0
0
0
0
0
0
0
0
0
0
0
0
0
0
0
0
0
0
0
0
0
0
0
0
0
0
0
0
0
0
0
0
0
0
0
0
0
0
0
0
0
0
0
0
0
0
-4.9452
0
0
0
0
0
0
0
0
0
0
0
0
0
0
0
0
0
0
0
0
0
0
0
0
0
0
0
0
0
0
0
0
9.1764
0
0
0
0
0
0
-4.2311
0
0
0
0
0
0
0
0
0
0
0
0
0
0
0
0
0
0
0
0
0
0
0
0
0
0
0
0
0
0
0
0
0
-3.3155
0
0
0
0
0
0
0
0
0
0
0
0
0
0
0
0
0
0
0
0
0
0
0
0
0
0
0
0
0
0
0
0
0
0
0
0
0
0
0
0
0
0
0
0
0
0
0
0
0
0
0
0
0
0
0
0
0
0
-2.9596
0
0
0
0
0
0
0
0
0
0
0
0
0
0
0
0
0
0
0
0
0
0
0
0
0
6.2751
0
0
0
0
0
0
0
0
0
0
0
0
0
0
0
0
0
0
0
0
0
0
0
0
0
0
0
0
0
0
0
0
0
0
0
0
0
0
0
0
0
0
0
0
0
0
0
0
0
0
0
0
-4.5267
0
0
0
0
0
0
0
0
0
0
0
0
0
0
0
0
0
0
0
0
0
0
0
0
0
0
0
0
0
0
0
0
0
0
0
0
0
0
0
0
0
0
0
0
0
0
0
0
0
0
0
0
0
0
0
0
0
0
0
0
0
0
0
0
0
0
0
0
0
0
0
0
9.1805
0
0
-4.6538
0
0
0
0
0
0
0
0
0
0
0
0
0
0
0
0
0
0
0
0
0
0
0
0
0
0
0
0
0
0
0
0
0
0
0
0
0
0
0
0
0
0
0
0
0
0
0
0
0
0
0
0
0
0
0
0
-4.4482
0
0
0
0
0
0
0
0
0
0
0
0
0
0
0
0
0
0
0
0
0
0
0
0
0
0
0
0
0
0
0
0
0
0
0
0
-3.6393
0
0
0
0
0
0
0
0
0
0
0
0
0
0
0
0
0
0
0
0
0
0
0
0
0
0
0
0
8.0876
0
0
0
0
0
0
0
0
0
0
0
0
0
0
0
0
0
0
0
0
0
0
0
0
0
0
0
0
0
0
0
0
0
0
0
0
0
0
0
0
0
0
0
0
0
0
0
0
0
0
0
0
0
0
0
0
0
0
0
0
0
0
0
0
0
0
0
0
0
0
0
0
0
0
-2.1119
0
0
0
0
0
0
0
0
0
0
0
0
0
0
0
0
0
0
0
0
0
0
0
0
0
0
0
0
0
0
0
0
0
0
-3.7513
0
0
0
0
0
0
0
0
0
0
0
0
0
0
0
5.8632
0
0
0
0
0
0
0
0
0
0
0
0
0
0
0
0
0
0
0
0
0
0
0
0
0
0
0
0
0
0
0
0
0
0
0
0
0
0
0
0
0
0
0
0
0
0
0
0
0
0
0
0
0
0
0
0
0
0
0
0
0
0
0
0
0
0
0
0
0
0
0
0
0
0
0
0
0
0
0
0
0
0
0
0
0
0
0
0
0
0
0
0
0
0
0
0
0
0
0
0
0
0
0
0
0
0
0
0
0
-3.469
0
0
0
0
0
0
0
0
0
0
0
0
-4.6538
0
0
8.1228
0
0
0
0
0
0
0
0
0
0
0
0
0
0
0
0
0
0
0
0
0
0
0
0
0
0
0
0
0
0
0
0
0
0
0
0
0
0
0
0
0
0
0
0
0
0
0
0
0
0
0
0
0
0
0
0
0
0
-3.7893
0
0
0
0
0
0
0
0
0
0
0
0
0
0
0
0
0
0
0
0
0
0
0
0
0
0
0
0
0
0
0
0
0
0
0
0
0
0
0
0
0
0
0
0
0
0
-3.2151
0
0
0
0
0
0
0
0
0
0
0
0
0
0
0
0
0
0
0
7.0043
0
0
0
0
0
0
0
0
0
0
0
0
0
0
0
0
0
0
0
0
0
0
0
0
0
0
0
0
0
0
0
0
0
0
0
0
0
0
0
0
0
0
0
0
0
0
0
0
0
0
0
0
0
0
0
0
0
0
0
0
0
0
0
0
0
0
0
0
0
0
0
0
0
0
0
0
0
0
0
0
0
0
0
0
0
0
0
0
0
0
0
0
0
0
0
0
0
0
0
0
0
-4.413
0
0
0
0
0
0
0
0
0
0
0
0
0
0
0
0
-4.2311
0
0
0
0
0
0
8.6441
0
0
0
0
0
0
0
0
0
0
0
0
0
0
0
0
0
0
0
0
0
0
0
0
0
0
0
0
0
0
0
0
0
0
0
0
0
0
0
0
0
0
0
0
0
0
0
0
0
0
0
0
0
0
0
0
0
0
0
0
0
0
0
0
0
0
0
0
0
0
0
0
0
0
0
0
0
0
0
0
-3.3026
0
0
0
0
0
0
0
0
0
0
0
0
0
0
0
-3.1901
0
0
0
0
0
0
0
0
0
0
0
0
0
0
0
0
0
0
0
0
0
0
0
0
0
0
0
0
6.4927
0
0
0
0
0
0
0
0
0
0
0
0
0
0
0
0
0
0
0
0
0
0
0
0
0
0
0
0
0
0
0
0
0
0
0
0
0
0
0
0
0
0
0
0
0
0
0
0
0
0
0
0
0
0
0
0
0
0
0
0
0
-5.1699
0
0
0
0
0
0
0
0
0
0
0
0
0
0
0
0
0
0
0
0
0
0
0
0
-4.3811
0
0
0
0
0
0
0
0
0
0
0
0
0
0
0
0
0
0
0
0
0
0
0
0
0
0
0
0
0
0
0
0
0
0
0
0
0
0
9.551
0
0
0
0
0
0
0
0
0
0
0
0
0
0
0
0
0
0
0
0
0
0
0
0
0
0
0
0
-8.4403
0
0
0
0
0
0
0
0
0
0
0
0
0
0
0
0
0
0
0
0
0
0
0
0
0
0
0
0
0
0
0
0
0
0
0
0
0
0
0
0
0
0
0
0
0
0
0
0
0
0
0
0
0
0
0
0
0
0
0
0
0
0
0
0
0
0
0
0
0
0
0
0
0
0
0
0
0
0
0
0
0
0
0
0
0
0
0
0
0
0
0
0
0
0
0
0
8.4403
0
0
0
0
0
0
0
0
0
0
0
0
0
0
0
0
0
0
0
0
0
0
0
0
0
0
0
0
0
0
0
0
0
0
0
0
0
0
0
0
0
0
0
0
0
0
0
0
0
0
0
0
0
0
0
0
0
0
0
0
0
0
0
0
0
0
0
0
0
0
0
0
0
0
0
0
0
0
0
0
0
0
0
0
0
0
0
0
0
0
0
0
0
0
0
0
0
0
0
0
0
0
0
0
0
0
-4.8893
0
0
0
0
0
0
0
0
0
0
0
0
0
0
0
0
0
0
4.8893
0
0
0
0
0
0
0
0
0
0
0
0
0
0
0
0
0
0
0
0
0
0
0
0
0
0
0
0
0
0
0
0
0
0
0
0
0
0
0
0
0
0
0
0
0
0
0
0
0
0
0
0
0
0
0
0
0
0
0
0
0
0
0
0
0
0
0
0
0
0
0
0
0
0
0
0
0
0
0
0
0
0
-5.1119
0
0
0
0
0
0
0
0
0
0
0
0
0
0
0
0
0
0
0
0
0
0
0
0
0
0
0
0
0
0
0
0
0
0
0
0
0
0
0
0
0
0
5.1119
0
0
0
0
0
0
0
0
0
0
0
0
0
0
0
0
0
0
0
0
0
0
0
0
0
0
0
0
0
0
0
0
0
0
0
0
0
0
0
0
0
0
0
0
0
0
0
0
0
0
0
0
0
0
0
0
0
0
0
0
0
0
0
0
0
0
0
0
0
0
0
0
0
0
0
0
0
0
-5.9293
0
0
0
0
0
0
0
0
0
0
0
0
0
0
0
0
0
0
0
0
0
0
0
0
0
0
0
0
0
0
0
0
0
0
0
0
0
0
0
0
0
0
0
0
0
0
5.9293
0
0
0
0
0
0
0
0
0
0
0
0
0
0
0
0
0
0
0
0
0
0
0
0
0
0
0
0
0
0
0
0
0
0
0
0
0
0
0
0
0
0
0
0
0
0
-7.3341
0
0
0
0
0
0
0
0
0
0
0
0
0
0
0
0
0
0
0
0
0
0
0
0
0
0
0
0
0
0
0
0
0
0
0
0
0
0
0
0
0
0
0
0
0
0
0
0
0
0
0
0
0
0
0
0
0
0
0
0
0
0
0
0
0
0
0
0
0
0
0
0
0
0
0
0
0
0
7.3341
0
0
0
0
0
0
0
0
0
0
0
0
0
0
0
0
0
0
0
0
0
0
0
0
0
0
0
0
0
0
0
0
0
0
0
-7.9384
0
0
0
0
0
0
0
0
0
0
0
0
0
0
0
0
0
0
0
0
0
0
0
0
0
0
0
0
0
0
0
0
0
0
0
0
0
0
0
0
0
0
0
0
0
0
0
0
0
0
0
0
0
0
0
0
0
0
0
0
0
0
0
0
0
0
0
0
0
0
0
0
0
0
0
0
0
0
0
0
0
0
0
0
0
0
0
0
0
7.9384
0
0
0
0
0
0
0
0
0
0
0
0
0
0
0
0
0
0
0
0
0
0
0
0
0
0
0
0
0
0
0
0
0
0
0
0
0
0
0
0
0
0
0
0
0
0
0
0
0
0
0
0
0
0
0
0
0
0
0
0
0
0
0
0
0
0
0
0
0
0
0
0
0
0
0
0
0
-5.423
0
0
0
0
0
0
0
0
0
0
0
0
0
0
0
0
0
0
0
0
0
0
0
0
0
0
0
0
0
0
0
0
0
0
0
0
0
0
0
0
0
0
0
0
0
0
0
5.423
0
0
0
0
0
0
0
0
0
0
0
0
0
0
0
0
0
0
0
0
-9.0961
0
0
0
0
0
0
0
0
0
0
0
0
0
0
0
0
0
0
0
0
0
0
0
0
0
0
0
0
0
0
0
0
0
0
0
0
0
0
0
0
0
0
0
0
0
0
0
0
0
0
0
0
0
0
0
0
0
0
0
0
0
0
0
0
0
0
0
0
0
0
0
0
0
0
0
0
0
0
0
0
0
0
0
0
0
0
0
0
0
0
0
0
0
0
0
0
0
0
0
0
0
0
0
0
9.0961
0
0
0
0
0
0
0
0
0
0
0
0
0
0
0
0
0
0
0
0
0
0
0
0
0
0
0
0
0
0
0
0
0
0
0
0
0
0
0
0
0
0
0
0
0
0
0
-6.4668
0
0
0
0
0
0
0
0
0
0
0
0
0
0
0
0
0
0
0
0
0
0
0
0
0
0
0
0
0
0
0
0
0
0
0
0
0
0
0
0
0
0
0
0
0
0
0
0
0
0
0
0
0
0
0
0
0
0
0
0
0
0
0
0
0
0
0
0
0
0
0
0
0
0
0
0
0
6.4668
0
0
0
0
0
0
0
0
0
0
0
0
0
0
0
0
0
0
0
0
0
0
0
0
0
0
0
0
0
0
0
0
0
0
0
0
0
0
0
0
0
0
0
0
0
0
0
0
0
0
0
0
0
0
0
0
0
0
0
0
0
0
0
0
0
0
0
0
0
0
0
0
0
0
0
0
0
0
0
0
0
0
0
0
0
0
0
0
0
0
0
0
0
-1.6566
0
0
0
0
0
0
0
0
0
0
0
0
0
0
0
0
0
0
0
0
0
0
0
0
0
0
0
0
0
0
0
1.6566
0
0
0
0
0
0
0
0
0
0
0
0
0
0
0
0
0
0
0
0
0
0
0
0
0
0
0
0
0
0
0
0
0
0
0
0
0
0
0
0
0
0
0
0
0
0
0
0
0
0
0
0
0
0
0
0
0
0
0
0
0
0
0
0
0
0
0
-5.8335
0
0
0
0
0
0
0
0
0
0
0
0
0
0
0
0
0
0
0
0
0
0
0
0
0
0
0
0
0
0
0
0
0
0
0
0
0
0
0
0
0
0
0
0
0
0
0
0
0
0
0
0
0
0
0
0
0
5.8335
0
0
0
0
0
0
0
0
0
0
0
0
0
0
0
0
0
0
0
0
0
0
0
0
0
0
0
0
0
0
0
0
0
0
0
0
0
0
0
0
0
0
0
0
0
0
0
0
0
0
0
0
0
0
0
0
0
0
0
0
0
0
0
0
0
0
0
0
0
0
0
0
-5.423
0
0
0
0
0
0
0
0
0
0
0
0
0
0
0
0
0
0
0
0
0
0
0
0
0
0
0
0
0
0
0
0
0
0
0
0
0
0
0
0
0
0
0
0
0
0
0
0
0
0
0
0
5.423
0
0
0
0
0
0
0
0
0
0
0
0
0
0
0
0
0
0
0
0
0
0
0
0
0
0
0
0
0
0
0
0
0
0
0
0
0
0
0
-7.3329
0
0
0
0
0
0
0
0
0
0
0
0
0
0
0
0
0
0
0
0
0
0
0
0
0
0
0
0
0
0
0
0
0
0
0
0
0
0
0
0
0
0
0
0
0
0
0
0
0
0
0
0
0
0
0
0
0
0
0
0
0
0
0
0
0
0
0
0
0
0
0
0
0
0
0
0
0
0
0
0
0
0
0
0
0
7.3329
0
0
0
0
0
0
0
0
0
0
0
0
0
0
0
0
0
0
0
0
0
0
0
0
0
0
0
0
0
0
0
0
0
0
0
0
0
0
0
0
0
0
0
0
0
0
0
0
0
0
0
0
0
0
0
0
0
0
0
0
0
0
0
0
0
0
0
0
0
0
0
0
0
0
0
0
0
0
0
0
0
0
0
0
0
0
0
0
0
0
0
0
-4.5798
0
0
0
0
0
0
0
0
0
0
0
0
0
0
0
0
0
0
0
0
0
0
0
0
0
0
0
0
0
0
0
0
4.5798
0
0
0
0
0
0
0
0
0
0
0
0
0
0
0
0
0
0
0
0
0
0
0
0
0
0
0
0
0
0
0
0
0
0
0
0
0
0
0
0
0
0
0
0
0
0
0
0
0
0
0
0
0
0
0
0
0
0
0
0
0
0
0
0
0
0
0
-5.9293
0
0
0
0
0
0
0
0
0
0
0
0
0
0
0
0
0
0
0
0
0
0
0
0
0
0
0
0
0
0
0
0
0
0
0
0
0
0
0
0
0
0
0
0
0
0
0
0
0
0
0
0
0
0
0
0
0
5.9293
0
0
0
0
0
0
0
0
0
0
0
-9.1805
0
0
0
0
0
0
0
0
0
0
0
0
0
0
0
0
0
0
0
0
0
0
0
0
0
0
0
0
0
0
0
0
0
0
0
0
0
0
0
0
0
0
0
0
0
0
0
0
0
0
0
0
0
0
0
0
0
0
0
0
0
0
0
0
0
0
0
0
0
0
0
0
0
0
0
0
0
0
0
0
0
0
0
0
0
0
0
0
0
0
0
0
0
0
0
0
0
0
0
0
0
0
0
0
0
0
0
0
0
0
0
0
0
9.1805
0
0
0
0
0
0
0
0
0
0
0
0
0
0
0
0
0
0
0
0
0
0
0
0
0
0
0
0
0
0
0
0
0
0
0
0
0
0
0
0
0
0
0
0
0
0
0
0
0
0
0
0
0
0
0
0
0
0
0
0
0
0
0
0
0
0
0
0
0
0
0
0
0
0
0
0
0
0
0
0
-4.5915
0
0
0
0
0
0
0
0
0
0
0
0
0
0
0
0
0
0
0
0
0
0
0
0
0
0
0
0
0
0
0
0
0
0
0
0
0
0
0
0
0
0
0
0
4.5915
0
0
0
0
0
0
0
0
0
0
0
0
0
0
0
0
0
0
0
0
0
0
0
0
0
0
0
0
0
0
0
0
0
0
0
0
0
0
0
0
0
0
0
0
0
0
0
0
0
0
0
0
0
0
0
0
0
0
0
0
0
0
0
0
0
0
0
0
0
0
0
0
0
0
0
0
-4.8915
0
0
0
0
0
0
0
0
0
0
0
0
0
0
0
0
0
0
0
0
0
0
0
0
0
0
0
0
0
0
0
0
0
0
0
0
0
0
0
0
0
0
0
0
0
0
0
0
4.8915
0
0
0
0
0
0
0
0
0
0
0
0
0
0
0
0
0
0
0
0
0
0
0
0
0
0
0
0
0
0
0
0
0
0
0
0
0
0
0
0
0
0
0
0
0
0
0
0
0
0
0
0
0
0
0
0
0
0
0
0
0
0
0
0
-5.6288
0
0
0
0
0
0
0
0
0
0
0
0
0
0
0
0
0
0
0
0
0
0
0
0
0
0
0
0
0
0
0
0
0
0
0
0
0
0
0
0
0
0
0
0
0
0
0
0
0
0
0
0
0
0
0
0
0
0
0
0
5.6288
0
0
0
0
0
0
0
0
0
0
-8.6072
0
0
0
0
0
0
0
0
0
0
0
0
0
0
0
0
0
0
0
0
0
0
0
0
0
0
0
0
0
0
0
0
0
0
0
0
0
0
0
0
0
0
0
0
0
0
0
0
0
0
0
0
0
0
0
0
0
0
0
0
0
0
0
0
0
0
0
0
0
0
0
0
0
0
0
0
0
0
0
0
0
0
0
0
0
0
0
0
0
0
0
0
0
0
0
0
0
0
0
0
0
0
0
0
0
0
0
0
0
0
0
0
0
0
8.6072
0
0
0
0
0
0
0
0
0
0
0
0
0
0
0
0
0
0
0
0
0
0
0
0
0
0
0
0
0
0
0
0
0
0
0
0
0
0
0
0
0
0
0
0
0
0
0
0
0
0
0
0
0
0
0
0
0
0
0
0
0
0
0
0
0
0
0
0
0
0
0
0
0
0
0
0
0
0
0
-0.66187
0
0
0
0
0
0
0
0
0
0
0
0
0
0
0
0
0
0
0
0
0
0
0
0
0
0
0
0
0
0
0
0
0
0
0
0
0
0
0
0
0
0
0
0
0
0.66187
0
0
0
0
0
0
0
0
0
0
0
0
0
0
0
0
0
0
0
0
0
0
0
0
0
0
0
0
0
0
0
0
0
0
0
0
0
0
0
0
0
0
0
0
0
0
0
0
0
0
0
0
0
0
0
0
0
0
0
0
0
0
0
0
0
0
0
0
0
0
0
0
0
0
0
0
0
0
0
0
0
0
0
0
0
0
0
0
-4.6322
0
0
0
0
0
0
0
0
0
0
0
0
0
0
0
0
0
0
0
0
0
0
0
0
0
0
0
0
0
0
0
0
0
0
0
0
4.6322
0
0
0
0
0
0
0
0
0
0
0
0
0
0
0
0
0
0
0
0
0
0
0
0
0
0
0
0
0
0
0
0
0
0
0
0
0
0
0
0
0
0
0
0
0
0
0
0
0
0
0
0
0
0
0
0
0
0
0
0
0
0
0
0
0
0
0
0
0
0
0
0
0
0
-4.5915
0
0
0
0
0
0
0
0
0
0
0
0
0
0
0
0
0
0
0
0
0
0
0
0
0
0
0
0
0
0
0
0
0
0
0
0
0
0
0
0
0
0
0
0
0
0
0
0
0
0
4.5915
0
0
0
0
0
0
0
0
0
0
0
0
0
0
0
0
0
0
0
0
-7.9381
0
0
0
0
0
0
0
0
0
0
0
0
0
0
0
0
0
0
0
0
0
0
0
0
0
0
0
0
0
0
0
0
0
0
0
0
0
0
0
0
0
0
0
0
0
0
0
0
0
0
0
0
0
0
0
0
0
0
0
0
0
0
0
0
0
0
0
0
0
0
0
0
0
0
0
0
0
0
0
0
0
0
0
0
0
0
0
0
0
0
0
0
0
0
0
0
0
0
0
0
0
0
0
0
7.9381
0
0
0
0
0
0
0
0
0
0
0
0
0
0
0
0
0
0
0
0
0
0
0
0
0
0
0
0
0
0
0
0
0
0
0
0
0
0
0
0
0
0
0
0
0
0
0
0
0
0
0
0
0
0
0
0
0
0
0
0
0
0
0
0
0
0
0
0
0
0
0
-4.7403
0
0
0
0
0
0
0
0
0
0
0
0
0
0
0
0
0
0
0
0
0
0
0
0
0
0
0
0
0
0
0
0
0
0
0
0
0
0
0
0
0
0
0
0
0
0
0
0
0
0
0
0
0
4.7403
0
0
0
0
0
0
0
0
0
0
0
0
0
0
0
0
0
0
0
0
0
0
0
0
0
0
0
0
0
0
0
0
0
0
0
0
0
0
0
0
0
0
0
0
0
0
0
0
0
0
0
0
0
0
0
0
0
0
0
0
0
0
0
0
0
0
0
0
0
0
0
0
0
0
0
0
-4.1085
0
0
0
0
0
0
0
0
0
0
0
0
0
0
0
0
0
0
0
0
0
0
0
0
0
0
0
0
0
0
0
0
0
0
0
0
0
0
0
0
0
0
0
0
0
0
0
0
4.1085
