77.9209
-0.88919
-0.88024
-0.8734
-0.87588
-0.88161
-0.85321
-0.86863
-0.85732
-0.85366
-0.86718
-0.8888
-0.82649
-0.82639
-0.9091
-0.88414
-0.83927
-0.90905
-0.86613
-0.84799
-0.84801
-0.86356
-0.85737
-0.83907
-0.87127
-0.87095
-0.84371
-0.83481
-0.8365
-0.83743
-0.84279
-0.83186
-0.84281
-0.82927
-0.85245
-0.82927
-0.83004
-0.83308
-0.85134
-0.84687
-0.82908
-0.82013
-0.81554
-0.84383
-0.80941
-0.80943
-0.8052
-0.78166
-0.82279
-0.79864
-0.79154
-0.83923
-0.81977
-0.81412
-0.82013
-0.9144
-0.89388
-0.93558
-0.89794
-1.0153
-1.1291
-1.0805
-1.1166
-1.0889
-1.0972
-1.4096
-1.2934
-1.4994
-1.487
-2.0274
0
-2.5413
0
0
0
-2.5842
0
0
0
0
0
0
0
0
0
0
0
0
0
0
0
0
0
0
0
0
0
0
0
0
0
0
0
0
0
0
0
0
0
0
0
0
0
0
-9.2984
0
0
0
0
0
0
0
0
0
0
-0.88919
75.6215
-0.86505
-0.85847
-0.86468
-0.8684
-0.84053
-0.85578
-0.84453
-0.84091
-0.85402
-0.87551
-0.81351
-0.8134
-0.89533
-0.87086
-0.82623
-0.89529
-0.85254
-0.83489
-0.83492
-0.85185
-0.84385
-0.82599
-0.85787
-0.85755
-0.83045
-0.82181
-0.82458
-0.8242
-0.82968
-0.80819
-0.82968
-0.81627
-0.83885
-0.81628
-0.81702
-0.82191
-0.83801
-0.83377
-0.81899
-0.80724
-0.80219
-0.83478
-0.79662
-0.79663
-0.79242
-0.7691
-0.8102
-0.78584
-0.7787
-0.82542
-0.80632
-0.80104
-0.8069
-0.89889
-0.87986
-0.92133
-0.88482
-1.0005
-1.115
-1.0666
-1.1026
-1.0737
-1.082
-1.3948
-1.2974
-1.4808
-1.4696
0
0
-2.5231
0
-3.3181
0
0
0
0
0
0
0
0
0
0
0
0
0
0
0
0
0
0
0
0
0
0
0
0
0
0
0
0
0
0
0
0
-9.1981
0
0
0
0
0
0
0
0
0
0
0
0
0
0
0
0
0
0
-0.88024
-0.86505
71.3813
-0.85385
-0.86136
-0.86446
-0.83681
-0.8518
-0.84043
-0.83677
-0.85016
-0.86964
-0.80968
-0.80957
-0.891
-0.86487
-0.82233
-0.89095
-0.84907
-0.83098
-0.83101
-0.84682
-0.84017
-0.82315
-0.85375
-0.85341
-0.82672
-0.81816
-0.82175
-0.82047
-0.82602
-0.81443
-0.82603
-0.81262
-0.83146
-0.81262
-0.81333
-0.81687
-0.83411
-0.83009
-0.81533
-0.80361
-0.79866
-0.83263
-0.79299
-0.793
-0.78888
-0.76545
-0.8066
-0.78223
-0.77508
-0.82175
-0.79978
-0.79739
-0.80365
-0.89506
-0.8761
-0.91551
-0.88104
-0.98647
-1.111
-1.0626
-1.0986
-1.0695
-1.0781
-1.392
-1.2769
-1.4765
-1.4675
0
0
-2.5299
0
0
0
0
0
0
0
0
0
0
0
0
0
0
0
0
0
0
0
0
0
0
0
0
0
0
0
-8.5555
0
0
0
0
0
0
0
0
0
0
0
0
0
0
0
0
0
0
0
0
0
0
0
0
0
-0.8734
-0.85847
-0.85385
70.3091
-0.85188
-0.85183
-0.82829
-0.83944
-0.82805
-0.82425
-0.83753
-0.85705
-0.79724
-0.79712
-0.8765
-0.85211
-0.80975
-0.87645
-0.83659
-0.81834
-0.81836
-0.83389
-0.8277
-0.81064
-0.83998
-0.83966
-0.81328
-0.80523
-0.80898
-0.80762
-0.81333
-0.80244
-0.81333
-0.80013
-0.82017
-0.80012
-0.8008
-0.80444
-0.81817
-0.81744
-0.80292
-0.79112
-0.78764
-0.82056
-0.78059
-0.78059
-0.77609
-0.75323
-0.7938
-0.76989
-0.76276
-0.80854
-0.78766
-0.78498
-0.79147
-0.87931
-0.86558
-0.89773
-0.866
-0.97696
-1.0973
-1.0491
-1.0849
-1.0544
-1.0642
-1.3778
-1.2644
-1.4681
-1.4526
0
0
0
0
0
0
0
0
-2.1387
0
0
0
0
0
0
0
0
0
0
0
0
0
0
0
0
0
0
0
0
0
0
0
0
0
0
0
0
0
0
0
0
0
0
0
0
0
0
0
0
-8.7163
0
0
0
0
0
0
-0.87588
-0.86468
-0.86136
-0.85188
65.1118
-0.86835
-0.83754
-0.85449
-0.84308
-0.83949
-0.85319
-0.86768
-0.81217
-0.81206
-0.89497
-0.86476
-0.82491
-0.89493
-0.85276
-0.83384
-0.83385
-0.85005
-0.84316
-0.82631
-0.85683
-0.85651
-0.83041
-0.82064
-0.825
-0.82504
-0.8289
-0.81778
-0.8289
-0.81538
-0.83762
-0.81538
-0.81603
-0.81996
-0.83677
-0.83306
-0.81619
-0.80648
-0.80247
-0.83625
-0.79567
-0.79567
-0.79132
-0.76817
-0.81059
-0.78496
-0.77768
-0.82621
-0.79503
-0.80017
-0.80631
-0.90246
-0.88081
-0.91789
-0.8854
-0.99464
-1.1149
-1.0663
-1.1025
-1.0731
-1.0853
-1.3991
-1.2858
-1.4897
-1.4831
-2.0401
0
-2.552
0
0
0
0
0
0
0
0
0
0
0
0
0
0
0
0
0
0
0
0
0
0
0
0
0
0
0
0
0
0
0
0
0
0
0
0
0
0
0
0
0
0
0
0
0
0
0
0
0
0
0
0
0
-0.88161
-0.8684
-0.86446
-0.85183
-0.86835
63.9257
-0.84169
-0.85466
-0.84322
-0.8397
-0.85339
-0.86839
-0.81234
-0.81223
-0.89635
-0.86606
-0.8255
-0.8963
-0.85353
-0.83452
-0.83455
-0.85054
-0.84411
-0.82698
-0.85582
-0.8555
-0.82969
-0.82071
-0.82505
-0.8237
-0.82957
-0.81835
-0.82958
-0.816
-0.83758
-0.81601
-0.8166
-0.82049
-0.83716
-0.83365
-0.81903
-0.80702
-0.80243
-0.83698
-0.79621
-0.79621
-0.79117
-0.76908
-0.81025
-0.78551
-0.77821
-0.82789
-0.79581
-0.80067
-0.80717
-0.90211
-0.88368
-0.91954
-0.88715
-0.99479
-1.1163
-1.0678
-1.104
-1.0721
-1.0582
-1.402
-1.2882
-1.4898
-1.4842
0
0
0
0
0
0
0
0
0
0
0
0
0
0
0
0
0
0
0
0
0
-3.3778
0
0
0
0
0
0
0
0
0
0
0
0
0
0
0
0
0
0
0
0
0
0
0
0
0
0
0
0
0
0
0
0
0
0
-0.85321
-0.84053
-0.83681
-0.82829
-0.83754
-0.84169
61.4111
-0.83234
-0.81981
-0.81597
-0.82934
-0.84273
-0.78871
-0.7886
-0.87353
-0.84024
-0.8012
-0.87348
-0.82874
-0.81003
-0.81006
-0.82501
-0.81914
-0.80256
-0.83243
-0.83212
-0.80629
-0.79691
-0.80119
-0.80108
-0.80505
-0.79391
-0.80505
-0.7916
-0.81323
-0.7916
-0.79215
-0.79608
-0.81242
-0.809
-0.79449
-0.78269
-0.77857
-0.81222
-0.772
-0.77201
-0.76775
-0.74491
-0.78687
-0.76139
-0.7542
-0.80225
-0.77115
-0.77633
-0.78224
-0.8772
-0.85649
-0.89298
-0.86116
-0.96891
-1.0884
-1.0402
-1.0761
-1.047
-1.0589
-1.3718
-1.2585
-1.4606
-1.4551
0
0
-2.5189
0
0
0
0
0
0
0
0
0
0
0
0
0
0
0
0
0
0
0
0
0
0
0
0
0
0
0
0
0
0
0
0
0
0
0
0
0
0
0
0
0
0
0
0
0
0
0
0
0
0
0
0
0
-0.86863
-0.85578
-0.8518
-0.83944
-0.85449
-0.85466
-0.83234
59.676
-0.82992
-0.82656
-0.84048
-0.85502
-0.79915
-0.79904
-0.87972
-0.85233
-0.81193
-0.87966
-0.84012
-0.82105
-0.82106
-0.838
-0.83052
-0.8137
-0.84431
-0.844
-0.81754
-0.80778
-0.81237
-0.81302
-0.81623
-0.80513
-0.81623
-0.80265
-0.82538
-0.80264
-0.80318
-0.80717
-0.82443
-0.82012
-0.80565
-0.79367
-0.78948
-0.82353
-0.78283
-0.78285
-0.77841
-0.75591
-0.79739
-0.77222
-0.76498
-0.81365
-0.78252
-0.78727
-0.79433
-0.88994
-0.86956
-0.9056
-0.87323
-0.98099
-1.101
-1.0525
-1.0885
-1.0593
-1.0715
-1.3851
-1.2718
-1.4748
-1.4698
0
0
0
0
0
0
0
0
0
0
0
0
0
0
0
0
0
0
0
0
0
0
0
0
0
0
0
0
0
0
0
0
0
0
0
0
0
0
0
0
0
0
0
0
0
0
0
0
0
0
0
0
0
0
0
0
-0.85732
-0.84453
-0.84043
-0.82805
-0.84308
-0.84322
-0.81981
-0.82992
57.392
-0.81449
-0.82708
-0.84243
-0.78685
-0.78674
-0.86802
-0.83982
-0.79968
-0.86797
-0.82816
-0.80887
-0.80889
-0.82931
-0.8182
-0.80149
-0.83198
-0.83166
-0.80512
-0.79558
-0.80015
-0.80099
-0.80405
-0.79291
-0.80407
-0.79048
-0.8131
-0.79048
-0.79091
-0.7949
-0.81207
-0.80771
-0.79332
-0.78145
-0.77731
-0.81098
-0.77065
-0.77066
-0.76627
-0.74384
-0.78501
-0.76011
-0.75291
-0.80089
-0.77119
-0.77506
-0.7821
-0.87721
-0.85673
-0.89234
-0.86039
-0.96799
-1.0875
-1.0392
-1.0751
-1.0463
-1.0584
-1.3709
-1.2572
-1.4606
0
0
0
0
0
0
0
0
0
0
0
0
0
0
0
0
0
0
0
0
0
0
0
0
0
0
0
0
0
0
0
0
0
0
0
0
0
0
0
0
0
0
0
0
0
0
0
0
0
0
0
0
0
0
0
0
0
-0.85366
-0.84091
-0.83677
-0.82425
-0.83949
-0.8397
-0.81597
-0.82656
-0.81449
55.6439
-0.82336
-0.83757
-0.78178
-0.78166
-0.86329
-0.83508
-0.79502
-0.86325
-0.82155
-0.80445
-0.80447
-0.82206
-0.8137
-0.79705
-0.8286
-0.82826
-0.80091
-0.79109
-0.79566
-0.79734
-0.7997
-0.78847
-0.79971
-0.78605
-0.81025
-0.78605
-0.78645
-0.79039
-0.80732
-0.8032
-0.78884
-0.77703
-0.77265
-0.80628
-0.76618
-0.7662
-0.76177
-0.7395
-0.78054
-0.7557
-0.74848
-0.79659
-0.7668
-0.77062
-0.77765
-0.87255
-0.85187
-0.88858
-0.85636
-0.96336
-1.0827
-1.0346
-1.0704
-1.0417
-1.0533
-1.3662
-1.2518
0
0
0
0
0
0
0
0
0
0
0
0
0
0
0
0
0
0
0
0
0
0
0
0
0
0
0
0
0
0
0
0
0
0
0
0
0
0
0
0
0
0
0
0
0
0
0
0
0
0
0
0
0
0
0
0
0
0
-0.86718
-0.85402
-0.85016
-0.83753
-0.85319
-0.85339
-0.82934
-0.84048
-0.82708
-0.82336
58.946
-0.85078
-0.79509
-0.79499
-0.87559
-0.84769
-0.80804
-0.87553
-0.83557
-0.81721
-0.81725
-0.82039
-0.82613
-0.81009
-0.84057
-0.84025
-0.81381
-0.80371
-0.8084
-0.80949
-0.81241
-0.80141
-0.81242
-0.79883
-0.82139
-0.79884
-0.79931
-0.80392
-0.82023
-0.81619
-0.80175
-0.78982
-0.78594
-0.81855
-0.779
-0.779
-0.77429
-0.75192
-0.79351
-0.7684
-0.76119
-0.80953
-0.78002
-0.78345
-0.79025
-0.88715
-0.8654
-0.90215
-0.86901
-0.97716
-1.0969
-1.0486
-1.0846
-1.056
-1.0683
-1.3802
0
0
0
0
0
0
0
0
0
0
0
0
0
0
0
-3.7326
0
0
0
0
0
0
0
0
0
0
0
0
0
0
0
0
0
0
0
0
0
0
0
0
0
0
0
0
0
0
0
0
0
0
0
0
0
0
0
0
0
0
0
-0.8888
-0.87551
-0.86964
-0.85705
-0.86768
-0.86839
-0.84273
-0.85502
-0.84243
-0.83757
-0.85078
60.2009
-0.80938
-0.80927
-0.89124
-0.86545
-0.82078
-0.89119
-0.84909
-0.82982
-0.82983
-0.85007
-0.83986
-0.82315
-0.85603
-0.8557
-0.82581
-0.81742
-0.82156
-0.82388
-0.82467
-0.81591
-0.82468
-0.81077
-0.83586
-0.81077
-0.81107
-0.81808
-0.8364
-0.83003
-0.81543
-0.80371
-0.79901
-0.83361
-0.79257
-0.79257
-0.78952
-0.76591
-0.80398
-0.78149
-0.77429
-0.82539
-0.72742
-0.79669
-0.80304
-0.9017
-0.88043
-0.923
-0.88532
-0.99999
-1.1106
-1.0621
-1.0984
-1.0763
-1.0838
0
0
0
0
0
0
0
0
0
0
0
0
0
0
0
0
0
0
0
0
-5.4913
0
0
0
0
0
0
0
0
0
0
0
0
0
0
0
0
0
0
0
0
0
0
0
0
0
0
0
0
0
0
0
0
0
0
0
0
0
0
0
-0.82649
-0.81351
-0.80968
-0.79724
-0.81217
-0.81234
-0.78871
-0.79915
-0.78685
-0.78178
-0.79509
-0.80938
52.5922
-0.74141
-0.83492
-0.80693
-0.76835
-0.83487
-0.79409
-0.77775
-0.77778
-0.7962
-0.7862
-0.7704
-0.80065
-0.80032
-0.77552
-0.76386
-0.76832
-0.77102
-0.77263
-0.76115
-0.77264
-0.75889
-0.77966
-0.75889
-0.75899
-0.76362
-0.77896
-0.77537
-0.76114
-0.7497
-0.74522
-0.77806
-0.73889
-0.73891
-0.73431
-0.7124
-0.75302
-0.72862
-0.72154
-0.76868
-0.73922
-0.74325
-0.7498
-0.84273
-0.82283
-0.8591
-0.82781
-0.93308
-1.0519
-1.0043
-1.0397
-1.011
-1.0227
-1.3326
0
0
0
0
0
0
0
0
0
0
0
0
0
0
0
0
0
0
0
0
0
0
0
0
0
0
0
0
0
0
0
0
0
0
0
0
0
0
0
0
0
0
0
0
0
0
0
0
0
0
0
0
0
0
0
0
0
0
0
-0.82639
-0.8134
-0.80957
-0.79712
-0.81206
-0.81223
-0.7886
-0.79904
-0.78674
-0.78166
-0.79499
-0.80927
-0.74141
52.5851
-0.83482
-0.80682
-0.76826
-0.83476
-0.79397
-0.77765
-0.77767
-0.79611
-0.78609
-0.7703
-0.80054
-0.80022
-0.77541
-0.76374
-0.76821
-0.77092
-0.77252
-0.76104
-0.77254
-0.75878
-0.77956
-0.75878
-0.75888
-0.7635
-0.77883
-0.77525
-0.76102
-0.74958
-0.74511
-0.77793
-0.73879
-0.73879
-0.73419
-0.71231
-0.7529
-0.72852
-0.72143
-0.76856
-0.7391
-0.74315
-0.74968
-0.8426
-0.82272
-0.85897
-0.82768
-0.93296
-1.0518
-1.0042
-1.0396
-1.0108
-1.0226
-1.3325
0
0
0
0
0
0
0
0
0
0
0
0
0
0
0
0
0
0
0
0
0
0
0
0
0
0
0
0
0
0
0
0
0
0
0
0
0
0
0
0
0
0
0
0
0
0
0
0
0
0
0
0
0
0
0
0
0
0
0
-0.9091
-0.89533
-0.891
-0.8765
-0.89497
-0.89635
-0.87353
-0.87972
-0.86802
-0.86329
-0.87559
-0.89124
-0.83492
-0.83482
62.0737
-0.88762
-0.8459
-0.92169
-0.87292
-0.85471
-0.85473
-0.87139
-0.86399
-0.84716
-0.8777
-0.87737
-0.84885
-0.84061
-0.84496
-0.84401
-0.84959
-0.83852
-0.84961
-0.83577
-0.85816
-0.83577
-0.83638
-0.84175
-0.8572
-0.85345
-0.83871
-0.82665
-0.82134
-0.85574
-0.8157
-0.81569
-0.81083
-0.78831
-0.82935
-0.80498
-0.7976
-0.84433
-0.8196
-0.82027
-0.82633
-0.91933
-0.90062
-0.93878
-0.90539
-1.0191
-1.1371
-1.0885
-1.1247
0
0
0
0
0
0
0
0
0
0
0
0
0
0
0
0
0
0
0
0
0
0
0
0
0
0
0
0
0
0
0
0
0
0
0
0
0
0
0
0
0
-8.0307
0
0
0
0
0
0
0
0
0
0
0
0
0
0
0
0
0
0
0
0
-0.88414
-0.87086
-0.86487
-0.85211
-0.86476
-0.86606
-0.84024
-0.85233
-0.83982
-0.83508
-0.84769
-0.86545
-0.80693
-0.80682
-0.88762
57.631
-0.81737
-0.88756
-0.84537
-0.8263
-0.82632
-0.85328
-0.83629
-0.81957
-0.85317
-0.85288
-0.82481
-0.81372
-0.81802
-0.82195
-0.82123
-0.81344
-0.82124
-0.80886
-0.83342
-0.80886
-0.80939
-0.81422
-0.83178
-0.82623
-0.81174
-0.7995
-0.79462
-0.82949
-0.78865
-0.78866
-0.78568
-0.76012
-0.80084
-0.77809
-0.77076
-0.82059
-0.79638
-0.79304
-0.79929
-0.89667
-0.87618
-0.85766
-0.8803
-0.99417
-1.1069
-1.0585
-1.0946
0
0
0
0
0
0
0
0
0
0
0
0
0
0
0
0
0
0
0
0
0
0
0
0
-5.2786
0
0
0
0
0
0
0
0
0
0
0
0
0
0
0
0
0
0
0
0
0
0
0
0
0
0
0
0
0
0
0
0
0
0
0
0
0
-0.83927
-0.82623
-0.82233
-0.80975
-0.82491
-0.8255
-0.8012
-0.81193
-0.79968
-0.79502
-0.80804
-0.82078
-0.76835
-0.76826
-0.8459
-0.81737
50.9813
-0.84584
-0.80535
-0.79162
-0.79165
-0.80451
-0.80026
-0.78258
-0.80884
-0.80852
-0.78041
-0.77592
-0.78067
-0.77533
-0.78483
-0.77312
-0.78484
-0.7706
-0.78669
-0.77058
-0.77075
-0.77578
-0.79176
-0.78732
-0.7732
-0.76144
-0.7571
-0.79102
-0.75044
-0.75044
-0.74611
-0.72414
-0.76471
-0.74014
-0.73299
-0.78116
-0.75195
-0.75497
-0.76174
-0.85686
-0.83602
-0.87215
-0.84
-0.94512
-1.0645
-1.0167
-1.0524
-1.0238
0
0
0
0
0
0
0
0
0
0
0
0
0
0
0
0
0
0
0
0
0
0
0
0
0
0
0
0
0
0
0
0
0
0
0
0
0
0
0
0
0
0
0
0
0
0
0
0
0
0
0
0
0
0
0
0
0
0
0
0
0
-0.90905
-0.89529
-0.89095
-0.87645
-0.89493
-0.8963
-0.87348
-0.87966
-0.86797
-0.86325
-0.87553
-0.89119
-0.83487
-0.83476
-0.92169
-0.88756
-0.84584
62.0703
-0.87286
-0.85466
-0.85469
-0.87133
-0.86394
-0.84711
-0.87764
-0.87732
-0.8488
-0.84056
-0.84492
-0.84397
-0.84955
-0.83847
-0.84956
-0.83572
-0.85812
-0.83572
-0.83634
-0.8417
-0.85715
-0.85341
-0.83865
-0.8266
-0.8213
-0.8557
-0.81562
-0.81564
-0.81077
-0.78826
-0.8293
-0.80493
-0.79755
-0.8443
-0.81955
-0.82022
-0.82628
-0.91927
-0.90056
-0.93872
-0.90535
-1.019
-1.137
-1.0884
-1.1246
0
0
0
0
0
0
0
0
0
0
0
0
0
0
0
0
0
0
0
0
0
0
0
0
0
0
0
0
0
0
0
0
0
0
0
0
0
0
0
0
0
0
0
0
0
0
0
0
0
0
0
0
0
0
0
0
0
0
0
-8.0304
0
0
-0.86613
-0.85254
-0.84907
-0.83659
-0.85276
-0.85353
-0.82874
-0.84012
-0.82816
-0.82155
-0.83557
-0.84909
-0.79409
-0.79397
-0.87292
-0.84537
-0.80535
-0.87286
56.1732
-0.81476
-0.81479
-0.8325
-0.82053
-0.80704
-0.83946
-0.83912
-0.81155
-0.8011
-0.80579
-0.80905
-0.81006
-0.79838
-0.81007
-0.7963
-0.81672
-0.7963
-0.79658
-0.80099
-0.81796
-0.81335
-0.79889
-0.78709
-0.78353
-0.80051
-0.77614
-0.77615
-0.7715
-0.74935
-0.78913
-0.76567
-0.75882
-0.80684
-0.7775
-0.78109
-0.78776
-0.88553
-0.86427
-0.89929
-0.86662
-0.9745
-1.095
-1.0469
-1.0827
0
0
0
0
0
0
0
0
0
0
0
0
0
0
0
0
0
0
0
0
0
0
0
0
0
0
0
0
-4.5976
0
0
0
0
0
0
0
0
0
0
0
0
0
0
0
0
0
0
0
0
0
0
0
0
0
0
0
0
0
0
0
0
0
-0.84799
-0.83489
-0.83098
-0.81834
-0.83384
-0.83452
-0.81003
-0.82105
-0.80887
-0.80445
-0.81721
-0.82982
-0.77775
-0.77765
-0.85471
-0.8263
-0.79162
-0.85466
-0.81476
49.4015
-0.78682
-0.81223
-0.80481
-0.78888
-0.81728
-0.81697
-0.79301
-0.7825
-0.78508
-0.78373
-0.79245
-0.78033
-0.79244
-0.77806
-0.79806
-0.77807
-0.7786
-0.78406
-0.80103
-0.79541
-0.7814
-0.76937
-0.76516
-0.80014
-0.75816
-0.75817
-0.75412
-0.73211
-0.77286
-0.74795
-0.74072
-0.79001
-0.76081
-0.7629
-0.7702
-0.86786
-0.84574
-0.88308
-0.84897
-0.95364
-1.0734
-1.0255
0
0
0
0
0
0
0
0
0
0
0
0
0
0
0
0
0
0
0
0
0
0
0
0
0
0
0
0
0
0
0
0
0
0
0
0
0
0
0
0
0
0
0
0
0
0
0
0
0
0
0
0
0
0
0
0
0
0
0
0
0
0
0
-0.84801
-0.83492
-0.83101
-0.81836
-0.83385
-0.83455
-0.81006
-0.82106
-0.80889
-0.80447
-0.81725
-0.82983
-0.77778
-0.77767
-0.85473
-0.82632
-0.79165
-0.85469
-0.81479
-0.78682
49.4028
-0.81224
-0.80484
-0.78891
-0.8173
-0.817
-0.79303
-0.78252
-0.7851
-0.78375
-0.79246
-0.78036
-0.79246
-0.77809
-0.79806
-0.77809
-0.77862
-0.78408
-0.80105
-0.79543
-0.78142
-0.76939
-0.76517
-0.80017
-0.75819
-0.7582
-0.75414
-0.73214
-0.77288
-0.74797
-0.74075
-0.79003
-0.76082
-0.76292
-0.77022
-0.86788
-0.84577
-0.8831
-0.84899
-0.95367
-1.0734
-1.0255
0
0
0
0
0
0
0
0
0
0
0
0
0
0
0
0
0
0
0
0
0
0
0
0
0
0
0
0
0
0
0
0
0
0
0
0
0
0
0
0
0
0
0
0
0
0
0
0
0
0
0
0
0
0
0
0
0
0
0
0
0
0
0
-0.86356
-0.85185
-0.84682
-0.83389
-0.85005
-0.85054
-0.82501
-0.838
-0.82931
-0.82206
-0.82039
-0.85007
-0.7962
-0.79611
-0.87139
-0.85328
-0.80451
-0.87133
-0.8325
-0.81223
-0.81224
57.9011
-0.81946
-0.80148
-0.83434
-0.83403
-0.80603
-0.78863
-0.8005
-0.80262
-0.80598
-0.79246
-0.80599
-0.79204
-0.81529
-0.79203
-0.79232
-0.78635
-0.79292
-0.80868
-0.7942
-0.78253
-0.77875
-0.80933
-0.77162
-0.77164
-0.75682
-0.74584
-0.78471
-0.76135
-0.75411
-0.80128
-0.77641
-0.77697
-0.79084
-0.8785
-0.85569
-0.89511
-0.86383
0
0
0
0
0
0
0
0
0
0
0
0
0
0
0
0
0
0
0
0
0
-3.0843
-3.7011
0
0
-3.9637
0
0
0
0
0
0
0
0
0
0
0
0
0
0
0
0
0
0
0
0
0
0
0
0
0
0
0
0
0
0
0
0
0
0
0
0
0
0
0
0
-0.85737
-0.84385
-0.84017
-0.8277
-0.84316
-0.84411
-0.81914
-0.83052
-0.8182
-0.8137
-0.82613
-0.83986
-0.7862
-0.78609
-0.86399
-0.83629
-0.80026
-0.86394
-0.82053
-0.80481
-0.80484
-0.81946
50.293
-0.79681
-0.82471
-0.82438
-0.80034
-0.79067
-0.79451
-0.79059
-0.80073
-0.7881
-0.80074
-0.78611
-0.79654
-0.78611
-0.78655
-0.79197
-0.80914
-0.80337
-0.78919
-0.77725
-0.77378
-0.80336
-0.76588
-0.76588
-0.76193
-0.73968
-0.78097
-0.75561
-0.74836
-0.79825
-0.77009
-0.77065
-0.77801
-0.87852
-0.85555
-0.89268
-0.85756
0
0
0
0
0
0
0
0
0
0
0
0
0
0
0
0
0
0
0
-3.4682
0
0
0
0
0
0
0
0
0
0
0
0
0
0
0
0
0
0
0
0
0
0
0
0
0
0
0
0
0
0
0
0
0
0
0
0
0
0
0
0
0
0
0
0
0
0
-0.83907
-0.82599
-0.82315
-0.81064
-0.82631
-0.82698
-0.80256
-0.8137
-0.80149
-0.79705
-0.81009
-0.82315
-0.7704
-0.7703
-0.84716
-0.81957
-0.78258
-0.84711
-0.80704
-0.78888
-0.78891
-0.80148
-0.79681
47.6788
-0.80832
-0.808
-0.78408
-0.77018
-0.77898
-0.77562
-0.78566
-0.76653
-0.78568
-0.76961
-0.79006
-0.76962
-0.7698
-0.7728
-0.79188
-0.78637
-0.77221
-0.76059
-0.75623
-0.78797
-0.74907
-0.74907
-0.74488
-0.72328
-0.76336
-0.73904
-0.73186
-0.78099
-0.75312
-0.75393
-0.76094
-0.85832
-0.83623
-0.87364
-0.84016
0
0
0
0
0
0
0
0
0
0
0
0
0
0
0
0
0
0
0
0
-1.8103
0
0
0
0
0
0
0
0
0
0
0
0
0
0
0
0
0
0
0
0
0
0
0
0
0
0
0
0
0
0
0
0
0
0
0
0
0
0
0
0
0
0
0
0
0
-0.87127
-0.85787
-0.85375
-0.83998
-0.85683
-0.85582
-0.83243
-0.84431
-0.83198
-0.8286
-0.84057
-0.85603
-0.80065
-0.80054
-0.8777
-0.85317
-0.80884
-0.87764
-0.83946
-0.81728
-0.8173
-0.83434
-0.82471
-0.80832
54.8984
-0.83757
-0.80932
-0.80113
-0.80535
-0.80334
-0.8111
-0.79893
-0.81111
-0.79686
-0.81712
-0.79685
-0.79688
-0.80166
-0.81573
-0.81342
-0.7988
-0.78733
-0.78174
-0.81498
-0.77628
-0.7763
-0.77077
-0.7493
-0.7896
-0.76577
-0.7585
-0.80366
-0.77867
-0.78077
-0.78608
-0.87598
-0.85926
-0.89576
-0.8648
0
0
0
0
0
0
0
0
0
0
0
0
0
0
0
0
0
0
0
0
0
0
0
0
0
0
0
0
0
0
0
0
0
0
0
0
0
0
0
0
0
0
0
0
-7.4383
0
0
0
0
0
0
0
0
0
0
0
0
0
0
0
0
0
0
0
0
0
-0.87095
-0.85755
-0.85341
-0.83966
-0.85651
-0.8555
-0.83212
-0.844
-0.83166
-0.82826
-0.84025
-0.8557
-0.80032
-0.80022
-0.87737
-0.85288
-0.80852
-0.87732
-0.83912
-0.81697
-0.817
-0.83403
-0.82438
-0.808
-0.83757
54.8784
-0.80898
-0.80082
-0.80503
-0.80296
-0.81077
-0.7986
-0.81079
-0.79654
-0.81669
-0.79654
-0.79655
-0.80134
-0.8154
-0.81309
-0.79847
-0.787
-0.78141
-0.81466
-0.77596
-0.77597
-0.77044
-0.74899
-0.78929
-0.76546
-0.75819
-0.80335
-0.77834
-0.78044
-0.78575
-0.87561
-0.85892
-0.89539
-0.86447
0
0
0
0
0
0
0
0
0
0
0
0
0
0
0
0
0
0
0
0
0
0
0
0
0
0
0
0
0
0
0
0
0
0
0
0
0
0
0
0
0
0
0
0
0
0
0
0
0
0
0
0
-7.437
0
0
0
0
0
0
0
0
0
0
0
0
0
-0.84371
-0.83045
-0.82672
-0.81328
-0.83041
-0.82969
-0.80629
-0.81754
-0.80512
-0.80091
-0.81381
-0.82581
-0.77552
-0.77541
-0.84885
-0.82481
-0.78041
-0.8488
-0.81155
-0.79301
-0.79303
-0.80603
-0.80034
-0.78408
-0.80932
-0.80898
52.0559
-0.77653
-0.78125
-0.77487
-0.78685
-0.77544
-0.78685
-0.77319
-0.78632
-0.77319
-0.77361
-0.77696
-0.79173
-0.79012
-0.77572
-0.76388
-0.75923
-0.79033
-0.75266
-0.75268
-0.74761
-0.72649
-0.7512
-0.7436
-0.73626
-0.78182
-0.75205
-0.75826
-0.76459
-0.85291
-0.83809
0
0
0
0
0
0
0
0
0
0
0
0
0
0
0
0
0
0
0
-3.2307
0
0
0
0
0
0
0
0
0
0
0
0
0
0
0
-4.527
0
0
0
0
0
0
0
0
0
0
0
0
0
0
0
0
0
0
0
0
0
0
0
0
0
0
0
0
0
0
0
0
-0.83481
-0.82181
-0.81816
-0.80523
-0.82064
-0.82071
-0.79691
-0.80778
-0.79558
-0.79109
-0.80371
-0.81742
-0.76386
-0.76374
-0.84061
-0.81372
-0.77592
-0.84056
-0.8011
-0.7825
-0.78252
-0.78863
-0.79067
-0.77018
-0.80113
-0.80082
-0.77653
47.6597
-0.7723
-0.76535
-0.78065
-0.76286
-0.78067
-0.76342
-0.78467
-0.76341
-0.76291
-0.76795
-0.77407
-0.77911
-0.76489
-0.75367
-0.74953
-0.78256
-0.74175
-0.74176
-0.72433
-0.71774
-0.75658
-0.73252
-0.72514
-0.77395
-0.74736
-0.74763
-0.75326
-0.85061
-0.82663
-0.86708
0
0
0
0
0
0
0
0
0
0
0
0
0
0
0
0
-3.019
0
0
0
0
0
0
0
0
0
0
0
0
0
0
0
0
0
0
0
0
0
0
0
0
0
0
0
0
0
0
0
0
0
0
0
0
0
0
0
0
0
0
0
0
0
0
0
0
0
0
-0.8365
-0.82458
-0.82175
-0.80898
-0.825
-0.82505
-0.80119
-0.81237
-0.80015
-0.79566
-0.8084
-0.82156
-0.76832
-0.76821
-0.84496
-0.81802
-0.78067
-0.84492
-0.80579
-0.78508
-0.7851
-0.8005
-0.79451
-0.77898
-0.80535
-0.80503
-0.78125
-0.7723
48.7763
-0.77148
-0.78443
-0.76877
-0.78445
-0.76835
-0.78798
-0.76835
-0.76795
-0.77208
-0.78793
-0.78438
-0.77007
-0.75865
-0.75421
-0.78191
-0.74717
-0.74719
-0.74265
-0.72125
-0.76122
-0.7371
-0.72989
-0.77812
-0.75032
-0.75229
-0.75861
-0.85349
-0.83349
-0.87051
0
0
0
0
0
0
0
0
0
0
0
0
0
0
0
0
0
0
0
0
0
0
0
0
0
0
0
0
0
0
0
0
0
0
0
0
0
-3.8618
0
0
0
0
0
0
0
0
0
0
0
0
0
0
0
0
0
0
0
0
0
0
0
0
0
0
0
0
0
-0.83743
-0.8242
-0.82047
-0.80762
-0.82504
-0.8237
-0.80108
-0.81302
-0.80099
-0.79734
-0.80949
-0.82388
-0.77102
-0.77092
-0.84401
-0.82195
-0.77533
-0.84397
-0.80905
-0.78373
-0.78375
-0.80262
-0.79059
-0.77562
-0.80334
-0.80296
-0.77487
-0.76535
-0.77148
53.5901
-0.77894
-0.76704
-0.77896
-0.76572
-0.77256
-0.76571
-0.76586
-0.76993
-0.78395
-0.78232
-0.76755
-0.75624
-0.75224
-0.78294
-0.74556
-0.74557
-0.73562
-0.71633
-0.75777
-0.7354
-0.72819
-0.77193
-0.74592
-0.75022
-0.74345
-0.84306
-0.81626
0
0
0
0
0
0
0
0
0
0
0
0
0
0
0
-3.1522
0
0
0
0
0
0
0
0
0
0
0
0
0
0
0
0
0
0
0
0
0
0
0
0
0
0
0
0
0
0
0
0
0
0
-6.5379
0
0
0
0
0
0
0
0
0
0
0
0
0
0
0
0
0
-0.84279
-0.82968
-0.82602
-0.81333
-0.8289
-0.82957
-0.80505
-0.81623
-0.80405
-0.7997
-0.81241
-0.82467
-0.77263
-0.77252
-0.84959
-0.82123
-0.78483
-0.84955
-0.81006
-0.79245
-0.79246
-0.80598
-0.80073
-0.78566
-0.8111
-0.81077
-0.78685
-0.78065
-0.78443
-0.77894
45.165
-0.77913
-0.77146
-0.76785
-0.79205
-0.76785
-0.77034
-0.7764
-0.79454
-0.78715
-0.77317
-0.76168
-0.75715
-0.79557
-0.74963
-0.74963
-0.74607
-0.72428
-0.76492
-0.7399
-0.73269
-0.78363
-0.75491
-0.75526
-0.76291
-0.86522
-0.83883
-0.88
0
0
0
0
0
0
0
0
0
0
0
0
0
0
0
0
0
0
0
0
0
0
0
0
0
0
0
0
0
0
0
0
0
0
0
0
0
0
0
0
0
0
0
0
0
0
0
0
0
0
0
0
0
0
0
0
0
0
0
0
0
0
0
0
0
0
0
-0.83186
-0.80819
-0.81443
-0.80244
-0.81778
-0.81835
-0.79391
-0.80513
-0.79291
-0.78847
-0.80141
-0.81591
-0.76115
-0.76104
-0.83852
-0.81344
-0.77312
-0.83847
-0.79838
-0.78033
-0.78036
-0.79246
-0.7881
-0.76653
-0.79893
-0.7986
-0.77544
-0.76286
-0.76877
-0.76704
-0.77913
46.871
-0.77914
-0.76201
-0.7819
-0.762
-0.7618
-0.76268
-0.78036
-0.77815
-0.76383
-0.75158
-0.74782
-0.77786
-0.74033
-0.74035
-0.73666
-0.71331
-0.75569
-0.73048
-0.7231
-0.77175
-0.74614
-0.74506
-0.7517
-0.84461
-0.82597
0
0
0
0
0
0
0
0
0
0
0
0
0
0
0
0
-3.2032
0
0
0
0
0
0
0
0
0
0
0
0
0
0
0
0
0
0
0
0
0
0
0
0
0
0
0
0
0
0
0
0
0
0
0
0
0
0
0
0
0
0
0
0
0
0
0
0
0
0
0
-0.84281
-0.82968
-0.82603
-0.81333
-0.8289
-0.82958
-0.80505
-0.81623
-0.80407
-0.79971
-0.81242
-0.82468
-0.77264
-0.77254
-0.84961
-0.82124
-0.78484
-0.84956
-0.81007
-0.79244
-0.79246
-0.80599
-0.80074
-0.78568
-0.81111
-0.81079
-0.78685
-0.78067
-0.78445
-0.77896
-0.77146
-0.77914
45.1657
-0.76786
-0.79206
-0.76785
-0.77036
-0.7764
-0.79455
-0.78716
-0.77318
-0.76169
-0.75716
-0.79559
-0.74963
-0.74964
-0.74609
-0.72429
-0.76494
-0.73992
-0.7327
-0.78363
-0.75492
-0.75526
-0.76293
-0.86524
-0.83884
-0.88002
0
0
0
0
0
0
0
0
0
0
0
0
0
0
0
0
0
0
0
0
0
0
0
0
0
0
0
0
0
0
0
0
0
0
0
0
0
0
0
0
0
0
0
0
0
0
0
0
0
0
0
0
0
0
0
0
0
0
0
0
0
0
0
0
0
0
0
-0.82927
-0.81627
-0.81262
-0.80013
-0.81538
-0.816
-0.7916
-0.80265
-0.79048
-0.78605
-0.79883
-0.81077
-0.75889
-0.75878
-0.83577
-0.80886
-0.7706
-0.83572
-0.7963
-0.77806
-0.77809
-0.79204
-0.78611
-0.76961
-0.79686
-0.79654
-0.77319
-0.76342
-0.76835
-0.76572
-0.76785
-0.76201
-0.76786
43.5467
-0.77944
-0.75915
-0.75752
-0.76588
-0.78164
-0.77497
-0.76105
-0.74818
-0.74484
-0.78233
-0.7366
-0.73661
-0.73336
-0.71039
-0.75243
-0.72735
-0.72018
-0.77118
-0.74246
-0.74233
-0.75045
-0.84061
-0.82702
0
0
0
0
0
0
0
0
0
0
0
0
0
0
0
0
0
0
0
0
0
0
0
0
0
0
0
0
0
0
0
0
0
0
0
0
0
0
0
0
0
0
0
0
0
0
0
0
0
0
0
0
0
0
0
0
0
0
0
0
0
0
0
0
0
0
0
0
-0.85245
-0.83885
-0.83146
-0.82017
-0.83762
-0.83758
-0.81323
-0.82538
-0.8131
-0.81025
-0.82139
-0.83586
-0.77966
-0.77956
-0.85816
-0.83342
-0.78669
-0.85812
-0.81672
-0.79806
-0.79806
-0.81529
-0.79654
-0.79006
-0.81712
-0.81669
-0.78632
-0.78467
-0.78798
-0.77256
-0.79205
-0.7819
-0.79206
-0.77944
54.1054
-0.77944
-0.77976
-0.78324
-0.79951
-0.79644
-0.78132
-0.77013
-0.7658
-0.79181
-0.75952
-0.75954
-0.75512
-0.73206
-0.75588
-0.74944
-0.74285
-0.78719
-0.76112
-0.76471
0
0
0
0
0
0
0
0
0
0
0
0
0
0
0
0
0
0
0
0
0
0
-3.2179
0
-3.4369
0
0
0
0
0
0
0
0
0
0
0
0
0
0
0
0
0
0
0
-5.2773
0
0
0
0
0
0
0
0
0
0
0
0
0
0
0
0
0
0
0
0
0
0
0
0
0
0
-0.82927
-0.81628
-0.81262
-0.80012
-0.81538
-0.81601
-0.7916
-0.80264
-0.79048
-0.78605
-0.79884
-0.81077
-0.75889
-0.75878
-0.83577
-0.80886
-0.77058
-0.83572
-0.7963
-0.77807
-0.77809
-0.79203
-0.78611
-0.76962
-0.79685
-0.79654
-0.77319
-0.76341
-0.76835
-0.76571
-0.76785
-0.762
-0.76785
-0.75915
-0.77944
43.5466
-0.75751
-0.76588
-0.78164
-0.77497
-0.76106
-0.74818
-0.74483
-0.78233
-0.73659
-0.73661
-0.73336
-0.71039
-0.75243
-0.72735
-0.72019
-0.77117
-0.74247
-0.74233
-0.75045
-0.84061
-0.82704
0
0
0
0
0
0
0
0
0
0
0
0
0
0
0
0
0
0
0
0
0
0
0
0
0
0
0
0
0
0
0
0
0
0
0
0
0
0
0
0
0
0
0
0
0
0
0
0
0
0
0
0
0
0
0
0
0
0
0
0
0
0
0
0
0
0
0
0
-0.83004
-0.81702
-0.81333
-0.8008
-0.81603
-0.8166
-0.79215
-0.80318
-0.79091
-0.78645
-0.79931
-0.81107
-0.75899
-0.75888
-0.83638
-0.80939
-0.77075
-0.83634
-0.79658
-0.7786
-0.77862
-0.79232
-0.78655
-0.7698
-0.79688
-0.79655
-0.77361
-0.76291
-0.76795
-0.76586
-0.77034
-0.7618
-0.77036
-0.75752
-0.77976
-0.75751
41.9233
-0.76403
-0.78142
-0.78108
-0.76337
-0.75038
-0.74731
-0.7767
-0.74063
-0.74065
-0.73678
-0.71252
-0.75517
-0.72911
-0.72153
-0.77084
-0.74398
-0.74396
-0.75275
0
0
0
0
0
0
0
0
0
0
0
0
0
0
0
0
0
0
0
0
0
0
0
0
0
0
0
0
0
0
0
0
0
0
0
0
0
0
0
0
0
0
0
0
0
0
0
0
0
0
0
0
0
0
0
0
0
0
0
0
0
0
0
0
0
0
0
0
0
0
-0.83308
-0.82191
-0.81687
-0.80444
-0.81996
-0.82049
-0.79608
-0.80717
-0.7949
-0.79039
-0.80392
-0.81808
-0.76362
-0.7635
-0.84175
-0.81422
-0.77578
-0.8417
-0.80099
-0.78406
-0.78408
-0.78635
-0.79197
-0.7728
-0.80166
-0.80134
-0.77696
-0.76795
-0.77208
-0.76993
-0.7764
-0.76268
-0.7764
-0.76588
-0.78324
-0.76588
-0.76403
43.6518
-0.78614
-0.785
-0.76682
-0.75697
-0.75123
-0.78075
-0.7453
-0.74531
-0.73989
-0.71643
-0.75671
-0.73296
-0.72698
-0.77544
0
-0.74911
0
0
0
0
0
0
0
0
0
0
0
0
0
0
0
0
0
0
0
0
0
0
0
0
0
0
-3.0042
0
0
0
0
0
0
0
0
0
0
0
0
0
0
0
0
0
0
0
0
0
0
0
0
0
0
0
0
0
0
0
0
0
0
0
0
0
0
0
0
0
0
0
0
-0.85134
-0.83801
-0.83411
-0.81817
-0.83677
-0.83716
-0.81242
-0.82443
-0.81207
-0.80732
-0.82023
-0.8364
-0.77896
-0.77883
-0.8572
-0.83178
-0.79176
-0.85715
-0.81796
-0.80103
-0.80105
-0.79292
-0.80914
-0.79188
-0.81573
-0.8154
-0.79173
-0.77407
-0.78793
-0.78395
-0.79454
-0.78036
-0.79455
-0.78164
-0.79951
-0.78164
-0.78142
-0.78614
46.6891
-0.79924
-0.78423
-0.77263
-0.76862
-0.80442
-0.76147
-0.76148
-0.74519
-0.73526
-0.77595
-0.75018
-0.74399
-0.79157
0
0
0
0
0
0
0
0
0
0
0
0
0
0
0
0
0
0
0
0
0
0
0
0
0
-2.1121
0
0
0
0
0
0
-3.8761
0
0
0
0
0
0
0
0
0
0
0
0
0
0
0
0
0
0
0
0
0
0
0
0
0
0
0
0
0
0
0
0
0
0
0
0
0
0
0
0
-0.84687
-0.83377
-0.83009
-0.81744
-0.83306
-0.83365
-0.809
-0.82012
-0.80771
-0.8032
-0.81619
-0.83003
-0.77537
-0.77525
-0.85345
-0.82623
-0.78732
-0.85341
-0.81335
-0.79541
-0.79543
-0.80868
-0.80337
-0.78637
-0.81342
-0.81309
-0.79012
-0.77911
-0.78438
-0.78232
-0.78715
-0.77815
-0.78716
-0.77497
-0.79644
-0.77497
-0.78108
-0.785
-0.79924
41.3356
-0.78889
-0.76853
-0.76854
-0.79323
-0.7586
-0.75862
-0.75745
-0.73329
-0.77685
-0.74766
-0.74117
-0.7978
0
-0.76362
0
0
0
0
0
0
0
0
0
0
0
0
0
0
0
0
0
0
0
0
0
0
0
0
0
0
0
0
0
0
0
0
0
0
0
0
0
0
0
0
0
0
0
0
0
0
0
0
0
0
0
0
0
0
0
0
0
0
0
0
0
0
0
0
0
0
0
0
0
0
0
-0.82908
-0.81899
-0.81533
-0.80292
-0.81619
-0.81903
-0.79449
-0.80565
-0.79332
-0.78884
-0.80175
-0.81543
-0.76114
-0.76102
-0.83871
-0.81174
-0.7732
-0.83865
-0.79889
-0.7814
-0.78142
-0.7942
-0.78919
-0.77221
-0.7988
-0.79847
-0.77572
-0.76489
-0.77007
-0.76755
-0.77317
-0.76383
-0.77318
-0.76105
-0.78132
-0.76106
-0.76337
-0.76682
-0.78423
-0.78889
41.008
-0.75236
-0.75177
-0.78509
-0.74895
-0.74896
-0.74117
-0.71881
-0.75795
-0.73221
-0.72684
0
0
0
0
0
0
0
0
0
0
0
0
0
0
0
0
0
0
-1.9487
0
0
0
0
0
0
0
0
0
0
0
0
0
0
0
0
0
0
0
0
0
0
0
0
0
0
0
0
0
0
0
0
0
0
0
0
0
0
0
0
0
0
0
0
0
0
0
0
0
0
0
0
0
0
0
-0.82013
-0.80724
-0.80361
-0.79112
-0.80648
-0.80702
-0.78269
-0.79367
-0.78145
-0.77703
-0.78982
-0.80371
-0.7497
-0.74958
-0.82665
-0.7995
-0.76144
-0.8266
-0.78709
-0.76937
-0.76939
-0.78253
-0.77725
-0.76059
-0.78733
-0.787
-0.76388
-0.75367
-0.75865
-0.75624
-0.76168
-0.75158
-0.76169
-0.74818
-0.77013
-0.74818
-0.75038
-0.75697
-0.77263
-0.76853
-0.75236
39.2189
-0.73478
-0.77313
-0.73326
-0.73328
-0.72496
-0.69886
-0.74381
-0.71704
-0.7124
-0.77464
0
0
0
0
0
0
0
0
0
0
0
0
0
0
0
0
0
0
0
0
0
0
0
0
0
0
0
0
0
0
0
0
0
0
0
0
0
0
0
0
0
0
0
0
0
0
0
0
0
0
0
0
0
0
0
0
0
0
0
0
0
0
0
0
0
0
0
0
0
0
0
0
0
-0.81554
-0.80219
-0.79866
-0.78764
-0.80247
-0.80243
-0.77857
-0.78948
-0.77731
-0.77265
-0.78594
-0.79901
-0.74522
-0.74511
-0.82134
-0.79462
-0.7571
-0.8213
-0.78353
-0.76516
-0.76517
-0.77875
-0.77378
-0.75623
-0.78174
-0.78141
-0.75923
-0.74953
-0.75421
-0.75224
-0.75715
-0.74782
-0.75716
-0.74484
-0.7658
-0.74483
-0.74731
-0.75123
-0.76862
-0.76854
-0.75177
-0.73478
40.3972
-0.77324
-0.73465
-0.73466
-0.71902
-0.69724
-0.73307
-0.71267
-0.70844
0
0
0
0
0
0
0
0
0
0
0
0
0
0
0
0
0
0
0
0
0
0
0
0
0
0
0
0
0
0
0
0
0
0
0
0
0
0
0
0
0
0
-2.1468
0
0
0
0
0
0
0
0
0
0
0
0
0
0
0
0
0
0
0
0
0
0
0
0
0
0
0
0
0
0
0
-0.84383
-0.83478
-0.83263
-0.82056
-0.83625
-0.83698
-0.81222
-0.82353
-0.81098
-0.80628
-0.81855
-0.83361
-0.77806
-0.77793
-0.85574
-0.82949
-0.79102
-0.8557
-0.80051
-0.80014
-0.80017
-0.80933
-0.80336
-0.78797
-0.81498
-0.81466
-0.79033
-0.78256
-0.78191
-0.78294
-0.79557
-0.77786
-0.79559
-0.78233
-0.79181
-0.78233
-0.7767
-0.78075
-0.80442
-0.79323
-0.78509
-0.77313
-0.77324
45.4324
-0.76389
-0.7639
-0.75605
0
-0.7706
-0.74696
0
0
0
0
0
0
0
0
0
0
0
0
0
0
0
0
0
0
0
0
0
0
0
0
0
-2.4912
0
0
0
0
0
0
0
0
0
0
0
0
-4.5606
0
0
0
0
0
0
0
0
0
0
0
0
0
0
0
0
0
0
0
0
0
0
0
0
0
0
0
0
0
0
0
0
0
0
0
0
-0.80941
-0.79662
-0.79299
-0.78059
-0.79567
-0.79621
-0.772
-0.78283
-0.77065
-0.76618
-0.779
-0.79257
-0.73889
-0.73879
-0.8157
-0.78865
-0.75044
-0.81562
-0.77614
-0.75816
-0.75819
-0.77162
-0.76588
-0.74907
-0.77628
-0.77596
-0.75266
-0.74175
-0.74717
-0.74556
-0.74963
-0.74033
-0.74963
-0.7366
-0.75952
-0.73659
-0.74063
-0.7453
-0.76147
-0.7586
-0.74895
-0.73326
-0.73465
-0.76389
37.9625
-0.7213
-0.72511
-0.69656
-0.74768
-0.70773
-0.70378
0
0
0
0
0
0
0
0
0
0
0
0
0
0
0
0
0
0
0
0
0
0
0
0
0
0
0
0
0
0
0
0
0
0
0
0
0
0
0
0
0
0
0
0
0
0
0
0
0
0
0
0
0
0
0
0
0
0
0
0
0
0
0
0
0
0
0
0
0
0
0
0
0
0
-0.80943
-0.79663
-0.793
-0.78059
-0.79567
-0.79621
-0.77201
-0.78285
-0.77066
-0.7662
-0.779
-0.79257
-0.73891
-0.73879
-0.81569
-0.78866
-0.75044
-0.81564
-0.77615
-0.75817
-0.7582
-0.77164
-0.76588
-0.74907
-0.7763
-0.77597
-0.75268
-0.74176
-0.74719
-0.74557
-0.74963
-0.74035
-0.74964
-0.73661
-0.75954
-0.73661
-0.74065
-0.74531
-0.76148
-0.75862
-0.74896
-0.73328
-0.73466
-0.7639
-0.7213
37.963
-0.72513
-0.69658
-0.74769
-0.70773
-0.70379
0
0
0
0
0
0
0
0
0
0
0
0
0
0
0
0
0
0
0
0
0
0
0
0
0
0
0
0
0
0
0
0
0
0
0
0
0
0
0
0
0
0
0
0
0
0
0
0
0
0
0
0
0
0
0
0
0
0
0
0
0
0
0
0
0
0
0
0
0
0
0
0
0
0
-0.8052
-0.79242
-0.78888
-0.77609
-0.79132
-0.79117
-0.76775
-0.77841
-0.76627
-0.76177
-0.77429
-0.78952
-0.73431
-0.73419
-0.81083
-0.78568
-0.74611
-0.81077
-0.7715
-0.75412
-0.75414
-0.75682
-0.76193
-0.74488
-0.77077
-0.77044
-0.74761
-0.72433
-0.74265
-0.73562
-0.74607
-0.73666
-0.74609
-0.73336
-0.75512
-0.73336
-0.73678
-0.73989
-0.74519
-0.75745
-0.74117
-0.72496
-0.71902
-0.75605
-0.72511
-0.72513
37.7805
0
0
0
0
0
0
0
0
0
0
0
0
0
0
0
0
0
0
0
0
0
0
0
0
0
0
0
-2.9193
0
0
0
0
0
0
0
0
0
0
0
0
0
0
0
0
0
0
0
0
0
0
0
0
0
0
0
0
0
0
0
0
0
0
0
0
0
0
0
0
0
0
0
0
0
0
0
0
0
0
-0.78166
-0.7691
-0.76545
-0.75323
-0.76817
-0.76908
-0.74491
-0.75591
-0.74384
-0.7395
-0.75192
-0.76591
-0.7124
-0.71231
-0.78831
-0.76012
-0.72414
-0.78826
-0.74935
-0.73211
-0.73214
-0.74584
-0.73968
-0.72328
-0.7493
-0.74899
-0.72649
-0.71774
-0.72125
-0.71633
-0.72428
-0.71331
-0.72429
-0.71039
-0.73206
-0.71039
-0.71252
-0.71643
-0.73526
-0.73329
-0.71881
-0.69886
-0.69724
0
-0.69656
-0.69658
0
36.3851
0
0
0
0
0
0
0
0
0
-0.823
0
0
0
0
0
0
0
0
0
0
0
0
-2.4451
0
0
0
0
0
0
0
0
0
0
0
0
0
0
0
0
0
0
0
0
0
0
0
0
0
0
0
0
0
0
0
0
0
0
0
0
0
0
0
0
0
0
0
0
0
0
0
0
0
0
0
0
0
0
-0.82279
-0.8102
-0.8066
-0.7938
-0.81059
-0.81025
-0.78687
-0.79739
-0.78501
-0.78054
-0.79351
-0.80398
-0.75302
-0.7529
-0.82935
-0.80084
-0.76471
-0.8293
-0.78913
-0.77286
-0.77288
-0.78471
-0.78097
-0.76336
-0.7896
-0.78929
-0.7512
-0.75658
-0.76122
-0.75777
-0.76492
-0.75569
-0.76494
-0.75243
-0.75588
-0.75243
-0.75517
-0.75671
-0.77595
-0.77685
-0.75795
-0.74381
-0.73307
-0.7706
-0.74768
-0.74769
0
0
38.8404
0
0
0
0
0
0
0
0
0
0
0
0
0
0
0
0
0
0
0
0
0
0
0
0
0
0
0
-3.1274
0
0
0
0
0
0
0
0
0
0
0
0
0
0
0
0
0
0
0
0
0
0
0
0
0
0
0
0
0
0
0
0
0
0
0
0
0
0
0
0
0
0
0
0
0
0
0
0
-0.79864
-0.78584
-0.78223
-0.76989
-0.78496
-0.78551
-0.76139
-0.77222
-0.76011
-0.7557
-0.7684
-0.78149
-0.72862
-0.72852
-0.80498
-0.77809
-0.74014
-0.80493
-0.76567
-0.74795
-0.74797
-0.76135
-0.75561
-0.73904
-0.76577
-0.76546
-0.7436
-0.73252
-0.7371
-0.7354
-0.7399
-0.73048
-0.73992
-0.72735
-0.74944
-0.72735
-0.72911
-0.73296
-0.75018
-0.74766
-0.73221
-0.71704
-0.71267
-0.74696
-0.70773
-0.70773
0
0
0
34.5877
0
0
0
0
0
0
0
0
0
0
0
0
0
0
0
0
0
0
0
0
0
0
0
0
0
0
0
0
0
0
0
0
0
0
0
0
0
0
0
0
0
0
0
0
0
0
0
0
0
0
0
0
0
0
0
0
0
0
0
0
0
0
0
0
0
0
0
0
0
0
0
0
0
0
0
-0.79154
-0.7787
-0.77508
-0.76276
-0.77768
-0.77821
-0.7542
-0.76498
-0.75291
-0.74848
-0.76119
-0.77429
-0.72154
-0.72143
-0.7976
-0.77076
-0.73299
-0.79755
-0.75882
-0.74072
-0.74075
-0.75411
-0.74836
-0.73186
-0.7585
-0.75819
-0.73626
-0.72514
-0.72989
-0.72819
-0.73269
-0.7231
-0.7327
-0.72018
-0.74285
-0.72019
-0.72153
-0.72698
-0.74399
-0.74117
-0.72684
-0.7124
-0.70844
0
-0.70378
-0.70379
0
0
0
0
33.5333
0
0
0
0
0
0
0
0
0
0
0
0
0
0
0
0
0
0
0
0
0
0
0
0
0
0
0
0
0
0
0
0
0
0
0
0
0
0
0
0
0
0
0
0
0
0
0
0
0
0
0
0
0
0
0
0
0
0
0
0
0
0
0
0
0
0
0
0
0
0
0
0
0
0
-0.83923
-0.82542
-0.82175
-0.80854
-0.82621
-0.82789
-0.80225
-0.81365
-0.80089
-0.79659
-0.80953
-0.82539
-0.76868
-0.76856
-0.84433
-0.82059
-0.78116
-0.8443
-0.80684
-0.79001
-0.79003
-0.80128
-0.79825
-0.78099
-0.80366
-0.80335
-0.78182
-0.77395
-0.77812
-0.77193
-0.78363
-0.77175
-0.78363
-0.77118
-0.78719
-0.77117
-0.77084
-0.77544
-0.79157
-0.7978
0
-0.77464
0
0
0
0
0
0
0
0
0
38.6098
0
0
0
0
0
0
0
0
0
0
0
0
0
0
0
0
0
0
0
0
0
0
0
0
0
0
0
0
0
0
0
0
0
0
0
0
0
0
0
0
0
0
0
0
0
0
0
0
0
0
0
0
0
0
0
0
0
-5.9258
0
0
0
0
0
0
0
0
0
0
0
0
0
0
0
-0.81977
-0.80632
-0.79978
-0.78766
-0.79503
-0.79581
-0.77115
-0.78252
-0.77119
-0.7668
-0.78002
-0.72742
-0.73922
-0.7391
-0.8196
-0.79638
-0.75195
-0.81955
-0.7775
-0.76081
-0.76082
-0.77641
-0.77009
-0.75312
-0.77867
-0.77834
-0.75205
-0.74736
-0.75032
-0.74592
-0.75491
-0.74614
-0.75492
-0.74246
-0.76112
-0.74247
-0.74398
0
0
0
0
0
0
0
0
0
0
0
0
0
0
0
36.7696
0
0
0
0
0
0
0
0
0
0
0
0
0
0
0
0
0
0
0
0
0
0
0
0
0
0
0
0
0
0
0
0
-4.9533
0
0
0
0
0
0
0
0
0
0
0
-3.3496
0
0
0
0
0
0
0
0
0
0
0
0
0
0
0
0
0
0
0
0
0
0
0
0
0
0
0
-0.81412
-0.80104
-0.79739
-0.78498
-0.80017
-0.80067
-0.77633
-0.78727
-0.77506
-0.77062
-0.78345
-0.79669
-0.74325
-0.74315
-0.82027
-0.79304
-0.75497
-0.82022
-0.78109
-0.7629
-0.76292
-0.77697
-0.77065
-0.75393
-0.78077
-0.78044
-0.75826
-0.74763
-0.75229
-0.75022
-0.75526
-0.74506
-0.75526
-0.74233
-0.76471
-0.74233
-0.74396
-0.74911
0
-0.76362
0
0
0
0
0
0
0
0
0
0
0
0
0
30.1024
0
0
0
0
0
0
0
0
0
0
0
0
0
0
0
0
0
0
0
0
0
0
0
0
0
0
0
0
0
0
0
0
0
0
0
0
0
0
0
0
0
0
0
0
0
0
0
0
0
0
0
0
0
0
0
0
0
0
0
0
0
0
0
0
0
0
0
0
0
0
0
-0.82013
-0.8069
-0.80365
-0.79147
-0.80631
-0.80717
-0.78224
-0.79433
-0.7821
-0.77765
-0.79025
-0.80304
-0.7498
-0.74968
-0.82633
-0.79929
-0.76174
-0.82628
-0.78776
-0.7702
-0.77022
-0.79084
-0.77801
-0.76094
-0.78608
-0.78575
-0.76459
-0.75326
-0.75861
-0.74345
-0.76291
-0.7517
-0.76293
-0.75045
0
-0.75045
-0.75275
0
0
0
0
0
0
0
0
0
0
0
0
0
0
0
0
0
32.8441
0
0
0
0
0
0
0
0
0
0
0
0
0
0
0
0
0
0
0
0
0
0
0
0
0
0
0
-4.0691
-0.71577
0
0
0
0
0
0
0
0
0
0
0
0
0
0
0
0
0
0
0
0
0
0
0
0
0
0
0
0
0
0
0
0
0
0
0
0
0
0
0
0
0
-0.9144
-0.89889
-0.89506
-0.87931
-0.90246
-0.90211
-0.8772
-0.88994
-0.87721
-0.87255
-0.88715
-0.9017
-0.84273
-0.8426
-0.91933
-0.89667
-0.85686
-0.91927
-0.88553
-0.86786
-0.86788
-0.8785
-0.87852
-0.85832
-0.87598
-0.87561
-0.85291
-0.85061
-0.85349
-0.84306
-0.86522
-0.84461
-0.86524
-0.84061
0
-0.84061
0
0
0
0
0
0
0
0
0
0
0
0
0
0
0
0
0
0
0
44.7995
0
0
0
0
0
0
0
0
0
0
0
0
0
0
0
0
0
0
0
0
0
-2.1772
0
0
0
0
0
0
0
0
0
0
0
0
0
0
0
0
0
0
0
0
0
0
0
0
-6.0011
0
0
0
0
0
0
0
0
0
0
-6.0011
0
0
0
0
0
0
0
0
0
0
0
-0.89388
-0.87986
-0.8761
-0.86558
-0.88081
-0.88368
-0.85649
-0.86956
-0.85673
-0.85187
-0.8654
-0.88043
-0.82283
-0.82272
-0.90062
-0.87618
-0.83602
-0.90056
-0.86427
-0.84574
-0.84577
-0.85569
-0.85555
-0.83623
-0.85926
-0.85892
-0.83809
-0.82663
-0.83349
-0.81626
-0.83883
-0.82597
-0.83884
-0.82702
0
-0.82704
0
0
0
0
0
0
0
0
0
0
0
0
0
0
0
0
0
0
0
0
40.6403
0
0
0
0
0
0
0
0
0
0
0
0
0
0
0
0
0
0
0
0
0
0
0
0
0
0
0
0
0
0
0
0
-5.0209
0
0
0
0
0
0
0
0
0
0
0
0
0
0
0
0
0
0
0
0
0
0
0
0
0
0
0
-5.7065
0
0
0
0
0
0
0
-0.93558
-0.92133
-0.91551
-0.89773
-0.91789
-0.91954
-0.89298
-0.9056
-0.89234
-0.88858
-0.90215
-0.923
-0.8591
-0.85897
-0.93878
-0.85766
-0.87215
-0.93872
-0.89929
-0.88308
-0.8831
-0.89511
-0.89268
-0.87364
-0.89576
-0.89539
0
-0.86708
-0.87051
0
-0.88
0
-0.88002
0
0
0
0
0
0
0
0
0
0
0
0
0
0
-0.823
0
0
0
0
0
0
0
0
0
43.7442
0
0
0
0
0
0
0
0
0
0
0
0
0
0
0
0
0
0
0
0
0
0
0
0
0
0
0
0
0
-5.0885
0
0
0
0
0
0
0
0
0
0
0
0
0
0
0
0
0
-5.4897
0
0
0
0
-5.4897
0
0
0
0
0
0
0
0
0
0
0
0
0
0
-0.89794
-0.88482
-0.88104
-0.866
-0.8854
-0.88715
-0.86116
-0.87323
-0.86039
-0.85636
-0.86901
-0.88532
-0.82781
-0.82768
-0.90539
-0.8803
-0.84
-0.90535
-0.86662
-0.84897
-0.84899
-0.86383
-0.85756
-0.84016
-0.8648
-0.86447
0
0
0
0
0
0
0
0
0
0
0
0
0
0
0
0
0
0
0
0
0
0
0
0
0
0
0
0
0
0
0
0
30.2056
0
0
0
0
0
0
0
0
0
0
0
-2.4465
0
0
0
0
0
0
0
0
0
0
0
0
0
0
0
0
0
0
0
0
0
0
0
0
0
0
0
0
0
0
-5.2094
0
0
0
0
0
0
0
0
0
0
0
0
0
0
0
0
0
0
0
0
0
0
0
-1.0153
-1.0005
-0.98647
-0.97696
-0.99464
-0.99479
-0.96891
-0.98099
-0.96799
-0.96336
-0.97716
-0.99999
-0.93308
-0.93296
-1.0191
-0.99417
-0.94512
-1.019
-0.9745
-0.95364
-0.95367
0
0
0
0
0
0
0
0
0
0
0
0
0
0
0
0
0
0
0
0
0
0
0
0
0
0
0
0
0
0
0
0
0
0
0
0
0
0
25.0107
0
0
0
0
0
0
0
0
0
0
0
0
0
0
0
0
0
0
0
0
0
0
0
0
0
0
0
0
0
0
0
0
0
0
0
0
0
0
-4.4584
0
0
0
0
0
0
0
0
0
0
0
0
0
0
0
0
0
0
0
0
0
0
0
0
0
0
-1.1291
-1.115
-1.111
-1.0973
-1.1149
-1.1163
-1.0884
-1.101
-1.0875
-1.0827
-1.0969
-1.1106
-1.0519
-1.0518
-1.1371
-1.1069
-1.0645
-1.137
-1.095
-1.0734
-1.0734
0
0
0
0
0
0
0
0
0
0
0
0
0
0
0
0
0
0
0
0
0
0
0
0
0
0
0
0
0
0
0
0
0
0
0
0
0
0
0
23.0416
0
0
0
0
0
0
0
0
0
0
0
0
0
0
0
0
0
0
0
0
0
0
0
0
0
0
0
0
0
0
0
0
0
0
0
0
0
0
0
0
0
0
0
0
0
0
0
0
0
0
0
0
0
0
0
0
0
0
0
0
0
0
0
0
-1.0805
-1.0666
-1.0626
-1.0491
-1.0663
-1.0678
-1.0402
-1.0525
-1.0392
-1.0346
-1.0486
-1.0621
-1.0043
-1.0042
-1.0885
-1.0585
-1.0167
-1.0884
-1.0469
-1.0255
-1.0255
0
0
0
0
0
0
0
0
0
0
0
0
0
0
0
0
0
0
0
0
0
0
0
0
0
0
0
0
0
0
0
0
0
0
0
0
0
0
0
0
22.0285
0
0
0
0
0
0
0
0
0
0
0
0
0
0
0
0
0
0
0
0
0
0
0
0
0
0
0
0
0
0
0
0
0
0
0
0
0
0
0
0
0
0
0
0
0
0
0
0
0
0
0
0
0
0
0
0
0
0
0
0
0
0
0
-1.1166
-1.1026
-1.0986
-1.0849
-1.1025
-1.104
-1.0761
-1.0885
-1.0751
-1.0704
-1.0846
-1.0984
-1.0397
-1.0396
-1.1247
-1.0946
-1.0524
-1.1246
-1.0827
0
0
0
0
0
0
0
0
0
0
0
0
0
0
0
0
0
0
0
0
0
0
0
0
0
0
0
0
0
0
0
0
0
0
0
0
0
0
0
0
0
0
0
20.6605
0
0
0
0
0
0
0
0
0
0
0
0
0
0
0
0
0
0
0
0
0
0
0
0
0
0
0
0
0
0
0
0
0
0
0
0
0
0
0
0
0
0
0
0
0
0
0
0
0
0
0
0
0
0
0
0
0
0
0
0
0
0
-1.0889
-1.0737
-1.0695
-1.0544
-1.0731
-1.0721
-1.047
-1.0593
-1.0463
-1.0417
-1.056
-1.0763
-1.011
-1.0108
0
0
-1.0238
0
0
0
0
0
0
0
0
0
0
0
0
0
0
0
0
0
0
0
0
0
0
0
0
0
0
0
0
0
0
0
0
0
0
0
0
0
0
0
0
0
0
0
0
0
0
19.5049
0
0
0
0
0
0
0
0
0
0
0
0
0
0
0
0
0
0
0
0
0
0
0
0
0
0
0
0
-3.7009
0
0
0
0
0
0
0
0
0
0
0
0
0
0
0
0
0
0
0
0
0
0
0
0
0
0
0
0
0
0
0
0
-1.0972
-1.082
-1.0781
-1.0642
-1.0853
-1.0582
-1.0589
-1.0715
-1.0584
-1.0533
-1.0683
-1.0838
-1.0227
-1.0226
0
0
0
0
0
0
0
0
0
0
0
0
0
0
0
0
0
0
0
0
0
0
0
0
0
0
0
0
0
0
0
0
0
0
0
0
0
0
0
0
0
0
0
0
0
0
0
0
0
0
17.9105
0
0
0
0
0
0
0
0
0
0
0
0
0
0
0
0
0
0
0
0
0
0
0
0
0
-3.006
0
0
0
0
0
0
0
0
0
0
0
0
0
0
0
0
0
0
0
0
0
0
0
0
0
0
0
0
0
0
0
0
0
0
-1.4096
-1.3948
-1.392
-1.3778
-1.3991
-1.402
-1.3718
-1.3851
-1.3709
-1.3662
-1.3802
0
-1.3326
-1.3325
0
0
0
0
0
0
0
0
0
0
0
0
0
0
0
0
0
0
0
0
0
0
0
0
0
0
0
0
0
0
0
0
0
0
0
0
0
0
0
0
0
0
0
0
0
0
0
0
0
0
0
17.9147
0
0
0
0
0
0
0
0
0
0
0
0
0
0
0
0
0
0
0
0
0
0
0
0
0
0
0
0
0
0
0
0
0
0
0
0
0
0
0
0
0
0
0
0
0
0
0
0
0
0
0
0
0
0
0
0
0
0
0
-1.2934
-1.2974
-1.2769
-1.2644
-1.2858
-1.2882
-1.2585
-1.2718
-1.2572
-1.2518
0
0
0
0
0
0
0
0
0
0
0
0
0
0
0
0
0
0
0
0
0
0
0
0
0
0
0
0
0
0
0
0
0
0
0
0
0
0
0
0
0
0
0
0
0
0
0
0
0
0
0
0
0
0
0
0
15.4181
0
0
0
0
0
0
0
0
0
0
0
0
0
-2.6725
0
0
0
0
0
0
0
0
0
0
0
0
0
0
0
0
0
0
0
0
0
0
0
0
0
0
0
0
0
0
0
0
0
0
0
0
0
0
0
0
0
0
0
0
-1.4994
-1.4808
-1.4765
-1.4681
-1.4897
-1.4898
-1.4606
-1.4748
-1.4606
0
0
0
0
0
0
0
0
0
0
0
0
0
0
0
0
0
0
0
0
0
0
0
0
0
0
0
0
0
0
0
0
0
0
0
0
0
0
0
0
0
0
0
0
0
0
0
0
0
0
0
0
0
0
0
0
0
0
18.2557
0
0
0
0
0
0
0
0
0
0
0
0
0
0
0
0
0
0
0
0
0
0
0
0
0
0
0
0
0
0
0
0
0
0
0
0
0
0
0
0
0
0
0
0
0
0
0
0
-4.9554
0
0
0
0
0
0
0
0
-1.487
-1.4696
-1.4675
-1.4526
-1.4831
-1.4842
-1.4551
-1.4698
0
0
0
0
0
0
0
0
0
0
0
0
0
0
0
0
0
0
0
0
0
0
0
0
0
0
0
0
0
0
0
0
0
0
0
0
0
0
0
0
0
0
0
0
0
0
0
0
0
0
0
0
0
0
0
0
0
0
0
0
15.007
0
0
0
0
0
0
0
0
0
0
0
0
0
0
0
0
0
0
0
0
0
0
0
0
0
0
0
0
-3.2382
0
0
0
0
0
0
0
0
0
0
0
0
0
0
0
0
0
0
0
0
0
0
0
0
0
0
0
-2.0274
0
0
0
-2.0401
0
0
0
0
0
0
0
0
0
0
0
0
0
0
0
0
0
0
0
0
0
0
0
0
0
0
0
0
0
0
0
0
0
0
0
-1.9487
0
0
0
0
0
0
0
0
0
0
0
0
0
0
0
0
0
0
0
0
0
0
0
0
0
0
0
0
13.7028
0
0
0
0
0
0
0
0
0
0
0
0
0
-2.8934
0
0
0
0
0
0
0
0
0
0
0
0
0
0
0
0
0
0
0
0
0
0
0
0
0
0
0
0
0
0
0
0
0
0
0
0
0
0
0
-4.7933
0
0
0
0
0
0
0
0
0
0
0
0
0
0
0
0
0
0
0
0
0
0
0
0
0
0
0
0
0
0
0
0
0
0
0
0
0
0
0
0
0
0
0
0
0
0
0
0
-2.4451
0
0
0
0
0
0
0
0
0
0
-2.4465
0
0
0
0
0
0
0
0
0
0
0
18.2253
0
0
0
0
0
0
0
0
0
0
0
-4.0375
0
0
0
0
0
0
0
0
0
0
0
0
0
0
0
0
0
0
0
0
0
0
0
0
0
0
0
0
0
0
0
0
-4.6481
0
0
0
0
0
-4.6481
0
0
0
-2.5413
-2.5231
-2.5299
0
-2.552
0
-2.5189
0
0
0
0
0
0
0
0
0
0
0
0
0
0
0
0
0
0
0
0
0
0
0
0
0
0
0
0
0
0
0
0
0
0
0
0
0
0
0
0
0
0
0
0
0
0
0
0
0
0
0
0
0
0
0
0
0
0
0
0
0
0
0
0
12.6653
0
0
0
0
0
0
0
0
0
0
0
0
0
0
0
0
0
0
0
0
0
0
0
0
0
0
0
0
0
0
0
0
0
0
0
0
0
0
0
0
0
0
0
0
0
0
0
0
0
0
0
0
0
0
0
0
0
0
0
0
0
0
0
0
0
0
0
0
0
0
0
0
0
0
0
0
0
0
0
0
0
0
-3.1522
0
0
0
0
0
0
0
0
0
0
0
0
0
0
0
0
0
0
0
0
0
0
0
0
0
0
0
0
0
0
0
0
0
0
0
0
0
0
0
0
0
0
14.7622
0
-3.5494
0
0
0
0
0
0
0
-3.5756
0
0
0
0
0
0
0
0
0
0
0
0
0
-4.485
0
0
0
0
0
0
0
0
0
0
0
0
0
0
0
0
0
0
0
0
0
0
0
0
0
0
0
0
0
-3.3181
0
0
0
0
0
0
0
0
0
0
0
0
0
0
0
0
0
0
0
0
0
0
0
0
0
0
0
0
0
-3.2032
0
0
0
0
0
0
0
0
0
0
0
0
0
0
0
0
0
0
0
0
0
0
0
0
0
0
0
0
0
0
0
0
0
0
0
0
0
0
0
0
0
10.3319
0
0
0
0
0
-3.1378
0
0
0
0
0
0
0
0
0
0
0
0
0
0
0
0
0
0
0
0
0
0
0
0
0
0
0
0
0
0
0
0
0
0
0
0
0
0
0
-0.67276
0
0
0
0
0
0
0
0
0
0
0
0
0
0
0
0
0
0
0
0
0
0
0
0
0
0
0
0
0
0
0
0
-3.019
0
0
0
0
0
0
0
0
0
0
0
0
0
0
0
0
0
0
-2.9193
0
0
0
0
0
0
0
0
0
0
0
0
0
0
0
0
0
0
0
0
0
0
0
0
0
-3.5494
0
12.617
0
0
0
0
0
0
0
0
0
-3.1293
0
0
0
0
0
0
0
0
0
0
0
0
0
0
0
0
0
0
0
0
0
0
0
0
0
0
0
0
0
0
0
0
0
0
0
0
0
0
0
0
-2.5842
0
0
0
0
0
0
0
0
0
0
0
0
0
0
0
0
0
0
0
0
0
0
0
0
0
0
0
0
0
0
0
0
0
0
0
0
0
0
0
0
0
0
-2.4912
0
0
0
0
0
0
0
0
0
0
0
0
0
0
0
0
0
0
0
0
0
0
0
0
0
0
0
0
0
0
0
12.4819
0
0
0
0
0
0
0
0
0
0
0
0
0
0
0
0
0
0
0
-3.2544
0
0
0
0
0
0
0
0
0
0
0
0
0
0
0
0
0
0
0
0
0
0
0
0
0
0
0
0
-4.1521
0
0
0
0
0
0
0
0
0
0
0
0
0
0
0
0
0
0
0
0
0
0
0
0
0
0
-3.2307
0
0
0
0
0
0
0
-3.2179
0
0
0
0
0
0
0
0
0
0
0
0
0
-3.1274
0
0
0
0
0
0
0
0
0
0
0
0
0
0
0
0
0
0
0
0
0
0
0
0
0
0
0
11.2545
0
0
0
0
0
0
0
0
0
0
0
0
0
0
0
0
0
0
0
0
0
0
0
0
0
0
0
0
0
0
0
-1.6784
0
0
0
0
0
0
0
0
0
0
0
0
0
0
0
0
0
0
0
-2.1387
0
0
0
0
0
0
0
0
0
0
0
0
0
0
0
0
0
0
0
0
0
0
0
0
0
0
0
0
0
0
0
0
0
0
-2.1121
0
0
0
0
0
0
0
0
0
0
0
0
0
0
0
0
-2.1772
0
0
0
0
0
0
0
0
0
0
0
0
0
0
0
0
0
0
0
0
0
10.2305
0
0
0
0
0
0
0
0
0
0
0
0
0
0
0
-3.8024
0
0
0
0
0
0
0
0
0
0
0
0
0
0
0
0
0
0
0
0
0
0
0
0
0
0
0
0
0
0
0
0
0
0
0
0
0
0
0
0
0
0
0
0
0
0
0
0
0
0
0
0
0
-3.4682
0
0
0
0
0
0
0
0
0
0
0
-3.4369
0
0
0
0
0
0
0
0
0
0
0
0
0
0
0
0
0
0
0
0
0
0
0
0
0
0
0
0
0
0
0
0
0
0
0
0
0
0
0
0
0
0
0
13.9541
0
0
0
0
0
0
0
-3.5373
0
0
0
0
0
0
0
-3.5118
0
0
0
0
0
0
0
0
0
0
0
0
0
0
0
0
0
0
0
0
0
0
0
0
0
0
0
0
0
0
0
0
0
0
0
0
0
0
0
0
0
0
0
0
0
0
0
0
0
0
0
0
0
-1.8103
0
0
0
0
0
0
0
0
0
0
0
0
0
0
0
0
0
0
0
0
0
0
0
0
0
0
0
0
0
0
0
0
0
0
0
0
0
0
0
0
0
0
0
0
0
0
0
0
0
-3.1378
0
0
0
0
0
12.317
-2.6964
0
0
0
0
0
0
0
0
0
0
0
0
0
0
0
0
0
0
0
0
0
0
0
0
0
0
0
0
0
0
0
-4.6725
0
0
0
0
0
0
0
0
0
0
0
0
0
0
0
0
0
0
0
0
0
0
0
0
0
0
0
0
0
0
0
0
0
-3.0843
0
0
0
0
0
0
0
0
0
0
0
0
0
0
0
-3.0042
0
0
0
0
0
0
0
0
0
0
0
0
0
0
0
0
0
0
0
0
0
0
0
0
0
0
0
0
-2.6725
0
0
0
0
0
0
0
0
0
0
0
0
-2.6964
11.4574
0
0
0
0
0
0
0
0
0
0
0
0
0
0
0
0
0
0
0
0
0
0
0
0
0
0
0
0
0
0
0
0
0
0
0
0
0
0
0
0
0
0
0
0
0
0
0
0
0
0
0
0
0
0
-3.7326
0
0
0
0
0
0
0
0
0
0
-3.7011
0
0
0
0
0
0
0
0
0
0
0
0
0
0
0
0
0
0
0
0
0
0
0
0
0
0
0
0
0
0
0
0
0
0
0
0
0
0
0
0
0
0
0
0
0
0
0
0
0
0
0
0
0
0
0
0
0
0
0
12.3781
0
0
0
0
0
0
0
0
0
0
0
0
0
0
0
0
0
0
-4.9445
0
0
0
0
0
0
0
0
0
0
0
0
0
0
0
0
0
0
0
0
0
0
0
0
0
0
0
0
0
0
0
0
0
0
0
0
0
0
0
0
0
0
0
0
0
0
0
0
0
0
0
0
0
0
0
0
0
0
0
0
0
0
0
0
0
0
0
0
0
0
0
0
0
0
0
0
0
0
-4.0691
0
0
0
0
0
0
0
0
0
0
0
0
0
0
0
-4.0375
0
-3.5756
0
0
0
0
0
0
0
0
0
11.6821
0
0
0
0
0
0
0
0
0
0
0
0
0
0
0
0
0
0
0
0
0
0
0
0
0
0
0
0
0
0
0
0
0
0
0
0
0
0
0
0
0
0
0
0
0
0
0
0
0
0
0
0
0
0
0
0
0
0
0
0
0
0
0
0
0
0
0
0
0
0
0
0
0
0
0
0
0
0
0
0
0
0
0
0
0
0
0
0
0
0
0
0
0
0
0
0
-0.71577
0
0
0
0
0
0
0
0
0
0
0
0
0
0
-2.8934
0
0
0
0
0
0
0
0
0
0
0
0
0
8.3221
0
0
0
0
0
0
0
0
0
0
0
0
0
0
0
0
0
0
0
0
0
0
0
0
0
0
0
0
0
0
0
0
0
0
0
0
-4.713
0
0
0
0
0
0
0
0
0
0
0
0
0
0
0
0
0
0
0
0
0
0
0
0
0
-3.9637
0
0
0
0
0
0
0
0
0
0
0
0
0
0
0
0
-3.8761
0
0
0
0
0
0
0
0
0
0
0
0
0
0
0
0
0
0
0
0
0
0
0
0
0
0
0
0
0
0
0
0
0
0
0
-3.1293
0
0
0
0
0
0
0
0
0
10.9691
0
0
0
0
0
0
0
0
0
0
0
0
0
0
0
0
0
0
0
0
0
0
0
0
0
0
0
0
0
0
0
0
0
0
0
0
0
0
0
0
0
0
0
0
0
0
0
0
0
0
0
-5.4913
0
0
0
0
0
0
0
0
0
0
0
0
0
0
0
0
0
0
0
0
0
0
0
0
0
0
0
0
0
0
0
0
0
0
0
0
0
0
0
0
-4.9533
0
0
0
0
0
0
0
0
0
0
0
0
0
0
0
0
0
0
0
0
0
0
0
0
0
0
0
0
0
0
0
0
10.4446
0
0
0
0
0
0
0
0
0
0
0
0
0
0
0
0
0
0
0
0
0
0
0
0
0
0
0
0
0
0
0
0
0
0
0
0
0
0
0
0
0
0
0
0
0
0
0
0
0
0
0
0
0
0
0
0
0
0
0
0
0
0
0
0
0
0
0
0
0
0
0
0
0
0
0
0
0
0
0
0
0
0
0
0
0
0
0
0
0
0
0
0
0
0
0
0
0
0
0
0
0
0
0
0
0
0
0
0
0
0
0
0
0
0
0
0
0
-3.5373
0
0
0
0
0
0
0
8.2672
0
-4.7299
0
0
0
0
0
0
0
0
0
0
0
0
0
0
0
0
0
0
0
0
0
0
0
0
0
0
0
0
0
0
0
0
0
0
0
0
0
0
0
0
0
0
0
0
0
0
0
0
0
0
0
-5.2786
0
0
0
0
0
0
0
0
0
0
0
0
0
0
0
0
0
0
0
0
0
0
0
0
0
0
0
0
0
0
0
0
0
0
0
0
0
0
0
0
0
-5.0885
0
0
0
0
0
0
0
0
0
0
0
0
0
0
0
0
0
0
0
0
0
0
0
0
0
0
0
0
0
10.3671
0
0
0
0
0
0
0
0
0
0
0
0
0
0
0
0
0
0
0
0
0
0
0
0
0
0
0
0
0
0
0
0
0
0
0
0
0
0
0
0
0
0
0
0
0
0
0
0
0
0
0
0
0
0
0
0
0
0
0
0
0
0
0
0
0
0
0
0
0
0
0
0
0
0
0
0
0
0
0
0
-4.5606
0
0
0
0
0
0
0
0
0
0
0
0
0
0
0
0
0
0
0
0
0
0
0
0
0
0
0
0
0
0
0
0
0
0
0
0
0
0
0
0
0
0
-4.7299
0
9.2905
0
0
0
0
0
0
0
0
0
0
0
0
0
0
0
0
0
0
0
0
0
0
0
0
0
0
0
0
0
0
0
0
0
0
0
0
0
0
0
0
0
0
0
0
0
0
0
0
0
0
0
0
0
0
0
0
0
0
0
0
0
0
0
0
0
0
0
0
0
0
0
0
0
0
0
0
0
0
0
0
0
0
0
0
0
0
0
0
0
0
0
0
-5.0209
0
0
0
0
0
0
0
0
0
0
0
0
0
0
0
0
0
0
0
0
0
0
0
0
0
0
0
0
0
0
0
0
9.2997
0
0
0
0
0
0
-4.2789
0
0
0
0
0
0
0
0
0
0
0
0
0
0
0
0
0
0
0
0
0
0
0
0
0
0
0
0
0
0
0
0
0
-3.3778
0
0
0
0
0
0
0
0
0
0
0
0
0
0
0
0
0
0
0
0
0
0
0
0
0
0
0
0
0
0
0
0
0
0
0
0
0
0
0
0
0
0
0
0
0
0
0
0
0
0
0
0
0
0
0
0
0
0
-3.006
0
0
0
0
0
0
0
0
0
0
0
0
0
0
0
0
0
0
0
0
0
0
0
0
0
6.3838
0
0
0
0
0
0
0
0
0
0
0
0
0
0
0
0
0
0
0
0
0
0
0
0
0
0
0
0
0
0
0
0
0
0
0
0
0
0
0
0
0
0
0
0
0
0
0
0
0
0
0
0
-4.5976
0
0
0
0
0
0
0
0
0
0
0
0
0
0
0
0
0
0
0
0
0
0
0
0
0
0
0
0
0
0
0
0
0
0
0
0
0
0
0
0
0
0
0
0
0
0
0
0
0
0
0
0
0
0
0
0
0
0
0
0
0
0
0
0
0
0
0
0
0
0
0
0
9.2986
0
0
-4.7009
0
0
0
0
0
0
0
0
0
0
0
0
0
0
0
0
0
0
0
0
0
0
0
0
0
0
0
0
0
0
0
0
0
0
0
0
0
0
0
0
0
0
0
0
0
0
0
0
0
0
0
0
0
0
0
0
-4.527
0
0
0
0
0
0
0
0
0
0
0
0
0
0
0
0
0
0
0
0
0
0
0
0
0
0
0
0
0
0
0
0
0
0
0
0
-3.7009
0
0
0
0
0
0
0
0
0
0
0
0
0
0
0
0
0
0
0
0
0
0
0
0
0
0
0
0
8.2279
0
0
0
0
0
0
0
0
0
0
0
0
0
0
0
0
0
0
0
0
0
0
0
0
0
0
0
0
0
0
0
0
0
0
0
0
0
0
0
0
0
0
0
0
0
0
0
0
0
0
0
0
0
0
0
0
0
0
0
0
0
0
0
0
0
0
0
0
0
0
0
0
0
0
-2.1468
0
0
0
0
0
0
0
0
0
0
0
0
0
0
0
0
0
0
0
0
0
0
0
0
0
0
0
0
0
0
0
0
0
0
-3.8024
0
0
0
0
0
0
0
0
0
0
0
0
0
0
0
5.9491
0
0
0
0
0
0
0
0
0
0
0
0
0
0
0
0
0
0
0
0
0
0
0
0
0
0
0
0
0
0
0
0
0
0
0
0
0
0
0
0
0
0
0
0
0
0
0
0
0
0
0
0
0
0
0
0
0
0
0
0
0
0
0
0
0
0
0
0
0
0
0
0
0
0
0
0
0
0
0
0
0
0
0
0
0
0
0
0
0
0
0
0
0
0
0
0
0
0
0
0
0
0
0
0
0
0
0
0
0
-3.5118
0
0
0
0
0
0
0
0
0
0
0
0
-4.7009
0
0
8.2127
0
0
0
0
0
0
0
0
0
0
0
0
0
0
0
0
0
0
0
0
0
0
0
0
0
0
0
0
0
0
0
0
0
0
0
0
0
0
0
0
0
0
0
0
0
0
0
0
0
0
0
0
0
0
0
0
0
0
-3.8618
0
0
0
0
0
0
0
0
0
0
0
0
0
0
0
0
0
0
0
0
0
0
0
0
0
0
0
0
0
0
0
0
0
0
0
0
0
0
0
0
0
0
0
0
0
0
-3.2544
0
0
0
0
0
0
0
0
0
0
0
0
0
0
0
0
0
0
0
7.1162
0
0
0
0
0
0
0
0
0
0
0
0
0
0
0
0
0
0
0
0
0
0
0
0
0
0
0
0
0
0
0
0
0
0
0
0
0
0
0
0
0
0
0
0
0
0
0
0
0
0
0
0
0
0
0
0
0
0
0
0
0
0
0
0
0
0
0
0
0
0
0
0
0
0
0
0
0
0
0
0
0
0
0
0
0
0
0
0
0
0
0
0
0
0
0
0
0
0
0
0
0
-4.485
0
0
0
0
0
0
0
0
0
0
0
0
0
0
0
0
-4.2789
0
0
0
0
0
0
8.7639
0
0
0
0
0
0
0
0
0
0
0
0
0
0
0
0
0
0
0
0
0
0
0
0
0
0
0
0
0
0
0
0
0
0
0
0
0
0
0
0
0
0
0
0
0
0
0
0
0
0
0
0
0
0
0
0
0
0
0
0
0
0
0
0
0
0
0
0
0
0
0
0
0
0
0
0
0
0
0
0
-3.3496
0
0
0
0
0
0
0
0
0
0
0
0
0
0
0
-3.2382
0
0
0
0
0
0
0
0
0
0
0
0
0
0
0
0
0
0
0
0
0
0
0
0
0
0
0
0
6.5878
0
0
0
0
0
0
0
0
0
0
0
0
0
0
0
0
0
0
0
0
0
0
0
0
0
0
0
0
0
0
0
0
0
0
0
0
0
0
0
0
0
0
0
0
0
0
0
0
0
0
0
0
0
0
0
0
0
0
0
0
0
-5.2773
0
0
0
0
0
0
0
0
0
0
0
0
0
0
0
0
0
0
0
0
0
0
0
0
-4.4584
0
0
0
0
0
0
0
0
0
0
0
0
0
0
0
0
0
0
0
0
0
0
0
0
0
0
0
0
0
0
0
0
0
0
0
0
0
0
9.7357
0
0
0
0
0
0
0
0
0
0
0
0
0
0
0
0
0
0
0
0
0
0
0
0
0
0
0
0
-8.5555
0
0
0
0
0
0
0
0
0
0
0
0
0
0
0
0
0
0
0
0
0
0
0
0
0
0
0
0
0
0
0
0
0
0
0
0
0
0
0
0
0
0
0
0
0
0
0
0
0
0
0
0
0
0
0
0
0
0
0
0
0
0
0
0
0
0
0
0
0
0
0
0
0
0
0
0
0
0
0
0
0
0
0
0
0
0
0
0
0
0
0
0
0
0
0
0
8.5555
0
0
0
0
0
0
0
0
0
0
0
0
0
0
0
0
0
0
0
0
0
0
0
0
0
0
0
0
0
0
0
0
0
0
0
0
0
0
0
0
0
0
0
0
0
0
0
0
0
0
0
0
0
0
0
0
0
0
0
0
0
0
0
0
0
0
0
0
0
0
0
0
0
0
0
0
0
0
0
0
0
0
0
0
0
0
0
0
0
0
0
0
0
0
0
0
0
0
0
0
0
0
0
0
0
0
-4.9445
0
0
0
0
0
0
0
0
0
0
0
0
0
0
0
0
0
0
4.9445
0
0
0
0
0
0
0
0
0
0
0
0
0
0
0
0
0
0
0
0
0
0
0
0
0
0
0
0
0
0
0
0
0
0
0
0
0
0
0
0
0
0
0
0
0
0
0
0
0
0
0
0
0
0
0
0
0
0
0
0
0
0
0
0
0
0
0
0
0
0
0
0
0
0
0
0
0
0
0
0
0
0
-5.2094
0
0
0
0
0
0
0
0
0
0
0
0
0
0
0
0
0
0
0
0
0
0
0
0
0
0
0
0
0
0
0
0
0
0
0
0
0
0
0
0
0
0
5.2094
0
0
0
0
0
0
0
0
0
0
0
0
0
0
0
0
0
0
0
0
0
0
0
0
0
0
0
0
0
0
0
0
0
0
0
0
0
0
0
0
0
0
0
0
0
0
0
0
0
0
0
0
0
0
0
0
0
0
0
0
0
0
0
0
0
0
0
0
0
0
0
0
0
0
0
0
0
0
-6.0011
0
0
0
0
0
0
0
0
0
0
0
0
0
0
0
0
0
0
0
0
0
0
0
0
0
0
0
0
0
0
0
0
0
0
0
0
0
0
0
0
0
0
0
0
0
0
6.0011
0
0
0
0
0
0
0
0
0
0
0
0
0
0
0
0
0
0
0
0
0
0
0
0
0
0
0
0
0
0
0
0
0
0
0
0
0
0
0
0
0
0
0
0
0
0
-7.4383
0
0
0
0
0
0
0
0
0
0
0
0
0
0
0
0
0
0
0
0
0
0
0
0
0
0
0
0
0
0
0
0
0
0
0
0
0
0
0
0
0
0
0
0
0
0
0
0
0
0
0
0
0
0
0
0
0
0
0
0
0
0
0
0
0
0
0
0
0
0
0
0
0
0
0
0
0
0
7.4383
0
0
0
0
0
0
0
0
0
0
0
0
0
0
0
0
0
0
0
0
0
0
0
0
0
0
0
0
0
0
0
0
0
0
0
-8.0307
0
0
0
0
0
0
0
0
0
0
0
0
0
0
0
0
0
0
0
0
0
0
0
0
0
0
0
0
0
0
0
0
0
0
0
0
0
0
0
0
0
0
0
0
0
0
0
0
0
0
0
0
0
0
0
0
0
0
0
0
0
0
0
0
0
0
0
0
0
0
0
0
0
0
0
0
0
0
0
0
0
0
0
0
0
0
0
0
0
8.0307
0
0
0
0
0
0
0
0
0
0
0
0
0
0
0
0
0
0
0
0
0
0
0
0
0
0
0
0
0
0
0
0
0
0
0
0
0
0
0
0
0
0
0
0
0
0
0
0
0
0
0
0
0
0
0
0
0
0
0
0
0
0
0
0
0
0
0
0
0
0
0
0
0
0
0
0
0
-5.4897
0
0
0
0
0
0
0
0
0
0
0
0
0
0
0
0
0
0
0
0
0
0
0
0
0
0
0
0
0
0
0
0
0
0
0
0
0
0
0
0
0
0
0
0
0
0
0
5.4897
0
0
0
0
0
0
0
0
0
0
0
0
0
0
0
0
0
0
0
0
-9.1981
0
0
0
0
0
0
0
0
0
0
0
0
0
0
0
0
0
0
0
0
0
0
0
0
0
0
0
0
0
0
0
0
0
0
0
0
0
0
0
0
0
0
0
0
0
0
0
0
0
0
0
0
0
0
0
0
0
0
0
0
0
0
0
0
0
0
0
0
0
0
0
0
0
0
0
0
0
0
0
0
0
0
0
0
0
0
0
0
0
0
0
0
0
0
0
0
0
0
0
0
0
0
0
0
9.1981
0
0
0
0
0
0
0
0
0
0
0
0
0
0
0
0
0
0
0
0
0
0
0
0
0
0
0
0
0
0
0
0
0
0
0
0
0
0
0
0
0
0
0
0
0
0
0
-6.5379
0
0
0
0
0
0
0
0
0
0
0
0
0
0
0
0
0
0
0
0
0
0
0
0
0
0
0
0
0
0
0
0
0
0
0
0
0
0
0
0
0
0
0
0
0
0
0
0
0
0
0
0
0
0
0
0
0
0
0
0
0
0
0
0
0
0
0
0
0
0
0
0
0
0
0
0
0
6.5379
0
0
0
0
0
0
0
0
0
0
0
0
0
0
0
0
0
0
0
0
0
0
0
0
0
0
0
0
0
0
0
0
0
0
0
0
0
0
0
0
0
0
0
0
0
0
0
0
0
0
0
0
0
0
0
0
0
0
0
0
0
0
0
0
0
0
0
0
0
0
0
0
0
0
0
0
0
0
0
0
0
0
0
0
0
0
0
0
0
0
0
0
0
-1.6784
0
0
0
0
0
0
0
0
0
0
0
0
0
0
0
0
0
0
0
0
0
0
0
0
0
0
0
0
0
0
0
1.6784
0
0
0
0
0
0
0
0
0
0
0
0
0
0
0
0
0
0
0
0
0
0
0
0
0
0
0
0
0
0
0
0
0
0
0
0
0
0
0
0
0
0
0
0
0
0
0
0
0
0
0
0
0
0
0
0
0
0
0
0
0
0
0
0
0
0
0
-5.9258
0
0
0
0
0
0
0
0
0
0
0
0
0
0
0
0
0
0
0
0
0
0
0
0
0
0
0
0
0
0
0
0
0
0
0
0
0
0
0
0
0
0
0
0
0
0
0
0
0
0
0
0
0
0
0
0
0
5.9258
0
0
0
0
0
0
0
0
0
0
0
0
0
0
0
0
0
0
0
0
0
0
0
0
0
0
0
0
0
0
0
0
0
0
0
0
0
0
0
0
0
0
0
0
0
0
0
0
0
0
0
0
0
0
0
0
0
0
0
0
0
0
0
0
0
0
0
0
0
0
0
0
-5.4897
0
0
0
0
0
0
0
0
0
0
0
0
0
0
0
0
0
0
0
0
0
0
0
0
0
0
0
0
0
0
0
0
0
0
0
0
0
0
0
0
0
0
0
0
0
0
0
0
0
0
0
0
5.4897
0
0
0
0
0
0
0
0
0
0
0
0
0
0
0
0
0
0
0
0
0
0
0
0
0
0
0
0
0
0
0
0
0
0
0
0
0
0
0
-7.437
0
0
0
0
0
0
0
0
0
0
0
0
0
0
0
0
0
0
0
0
0
0
0
0
0
0
0
0
0
0
0
0
0
0
0
0
0
0
0
0
0
0
0
0
0
0
0
0
0
0
0
0
0
0
0
0
0
0
0
0
0
0
0
0
0
0
0
0
0
0
0
0
0
0
0
0
0
0
0
0
0
0
0
0
0
7.437
0
0
0
0
0
0
0
0
0
0
0
0
0
0
0
0
0
0
0
0
0
0
0
0
0
0
0
0
0
0
0
0
0
0
0
0
0
0
0
0
0
0
0
0
0
0
0
0
0
0
0
0
0
0
0
0
0
0
0
0
0
0
0
0
0
0
0
0
0
0
0
0
0
0
0
0
0
0
0
0
0
0
0
0
0
0
0
0
0
0
0
0
-4.6725
0
0
0
0
0
0
0
0
0
0
0
0
0
0
0
0
0
0
0
0
0
0
0
0
0
0
0
0
0
0
0
0
4.6725
0
0
0
0
0
0
0
0
0
0
0
0
0
0
0
0
0
0
0
0
0
0
0
0
0
0
0
0
0
0
0
0
0
0
0
0
0
0
0
0
0
0
0
0
0
0
0
0
0
0
0
0
0
0
0
0
0
0
0
0
0
0
0
0
0
0
0
-6.0011
0
0
0
0
0
0
0
0
0
0
0
0
0
0
0
0
0
0
0
0
0
0
0
0
0
0
0
0
0
0
0
0
0
0
0
0
0
0
0
0
0
0
0
0
0
0
0
0
0
0
0
0
0
0
0
0
0
6.0011
0
0
0
0
0
0
0
0
0
0
0
-9.2984
0
0
0
0
0
0
0
0
0
0
0
0
0
0
0
0
0
0
0
0
0
0
0
0
0
0
0
0
0
0
0
0
0
0
0
0
0
0
0
0
0
0
0
0
0
0
0
0
0
0
0
0
0
0
0
0
0
0
0
0
0
0
0
0
0
0
0
0
0
0
0
0
0
0
0
0
0
0
0
0
0
0
0
0
0
0
0
0
0
0
0
0
0
0
0
0
0
0
0
0
0
0
0
0
0
0
0
0
0
0
0
0
0
9.2984
0
0
0
0
0
0
0
0
0
0
0
0
0
0
0
0
0
0
0
0
0
0
0
0
0
0
0
0
0
0
0
0
0
0
0
0
0
0
0
0
0
0
0
0
0
0
0
0
0
0
0
0
0
0
0
0
0
0
0
0
0
0
0
0
0
0
0
0
0
0
0
0
0
0
0
0
0
0
0
0
-4.6481
0
0
0
0
0
0
0
0
0
0
0
0
0
0
0
0
0
0
0
0
0
0
0
0
0
0
0
0
0
0
0
0
0
0
0
0
0
0
0
0
0
0
0
0
4.6481
0
0
0
0
0
0
0
0
0
0
0
0
0
0
0
0
0
0
0
0
0
0
0
0
0
0
0
0
0
0
0
0
0
0
0
0
0
0
0
0
0
0
0
0
0
0
0
0
0
0
0
0
0
0
0
0
0
0
0
0
0
0
0
0
0
0
0
0
0
0
0
0
0
0
0
0
-4.9554
0
0
0
0
0
0
0
0
0
0
0
0
0
0
0
0
0
0
0
0
0
0
0
0
0
0
0
0
0
0
0
0
0
0
0
0
0
0
0
0
0
0
0
0
0
0
0
0
4.9554
0
0
0
0
0
0
0
0
0
0
0
0
0
0
0
0
0
0
0
0
0
0
0
0
0
0
0
0
0
0
0
0
0
0
0
0
0
0
0
0
0
0
0
0
0
0
0
0
0
0
0
0
0
0
0
0
0
0
0
0
0
0
0
0
-5.7065
0
0
0
0
0
0
0
0
0
0
0
0
0
0
0
0
0
0
0
0
0
0
0
0
0
0
0
0
0
0
0
0
0
0
0
0
0
0
0
0
0
0
0
0
0
0
0
0
0
0
0
0
0
0
0
0
0
0
0
0
5.7065
0
0
0
0
0
0
0
0
0
0
-8.7163
0
0
0
0
0
0
0
0
0
0
0
0
0
0
0
0
0
0
0
0
0
0
0
0
0
0
0
0
0
0
0
0
0
0
0
0
0
0
0
0
0
0
0
0
0
0
0
0
0
0
0
0
0
0
0
0
0
0
0
0
0
0
0
0
0
0
0
0
0
0
0
0
0
0
0
0
0
0
0
0
0
0
0
0
0
0
0
0
0
0
0
0
0
0
0
0
0
0
0
0
0
0
0
0
0
0
0
0
0
0
0
0
0
0
8.7163
0
0
0
0
0
0
0
0
0
0
0
0
0
0
0
0
0
0
0
0
0
0
0
0
0
0
0
0
0
0
0
0
0
0
0
0
0
0
0
0
0
0
0
0
0
0
0
0
0
0
0
0
0
0
0
0
0
0
0
0
0
0
0
0
0
0
0
0
0
0
0
0
0
0
0
0
0
0
0
-0.67276
0
0
0
0
0
0
0
0
0
0
0
0
0
0
0
0
0
0
0
0
0
0
0
0
0
0
0
0
0
0
0
0
0
0
0
0
0
0
0
0
0
0
0
0
0
0.67276
0
0
0
0
0
0
0
0
0
0
0
0
0
0
0
0
0
0
0
0
0
0
0
0
0
0
0
0
0
0
0
0
0
0
0
0
0
0
0
0
0
0
0
0
0
0
0
0
0
0
0
0
0
0
0
0
0
0
0
0
0
0
0
0
0
0
0
0
0
0
0
0
0
0
0
0
0
0
0
0
0
0
0
0
0
0
0
0
-4.713
0
0
0
0
0
0
0
0
0
0
0
0
0
0
0
0
0
0
0
0
0
0
0
0
0
0
0
0
0
0
0
0
0
0
0
0
4.713
0
0
0
0
0
0
0
0
0
0
0
0
0
0
0
0
0
0
0
0
0
0
0
0
0
0
0
0
0
0
0
0
0
0
0
0
0
0
0
0
0
0
0
0
0
0
0
0
0
0
0
0
0
0
0
0
0
0
0
0
0
0
0
0
0
0
0
0
0
0
0
0
0
0
-4.6481
0
0
0
0
0
0
0
0
0
0
0
0
0
0
0
0
0
0
0
0
0
0
0
0
0
0
0
0
0
0
0
0
0
0
0
0
0
0
0
0
0
0
0
0
0
0
0
0
0
0
4.6481
0
0
0
0
0
0
0
0
0
0
0
0
0
0
0
0
0
0
0
0
-8.0304
0
0
0
0
0
0
0
0
0
0
0
0
0
0
0
0
0
0
0
0
0
0
0
0
0
0
0
0
0
0
0
0
0
0
0
0
0
0
0
0
0
0
0
0
0
0
0
0
0
0
0
0
0
0
0
0
0
0
0
0
0
0
0
0
0
0
0
0
0
0
0
0
0
0
0
0
0
0
0
0
0
0
0
0
0
0
0
0
0
0
0
0
0
0
0
0
0
0
0
0
0
0
0
0
8.0304
0
0
0
0
0
0
0
0
0
0
0
0
0
0
0
0
0
0
0
0
0
0
0
0
0
0
0
0
0
0
0
0
0
0
0
0
0
0
0
0
0
0
0
0
0
0
0
0
0
0
0
0
0
0
0
0
0
0
0
0
0
0
0
0
0
0
0
0
0
0
0
-4.7933
0
0
0
0
0
0
0
0
0
0
0
0
0
0
0
0
0
0
0
0
0
0
0
0
0
0
0
0
0
0
0
0
0
0
0
0
0
0
0
0
0
0
0
0
0
0
0
0
0
0
0
0
0
4.7933
0
0
0
0
0
0
0
0
0
0
0
0
0
0
0
0
0
0
0
0
0
0
0
0
0
0
0
0
0
0
0
0
0
0
0
0
0
0
0
0
0
0
0
0
0
0
0
0
0
0
0
0
0
0
0
0
0
0
0
0
0
0
0
0
0
0
0
0
0
0
0
0
0
0
0
0
-4.1521
0
0
0
0
0
0
0
0
0
0
0
0
0
0
0
0
0
0
0
0
0
0
0
0
0
0
0
0
0
0
0
0
0
0
0
0
0
0
0
0
0
0
0
0
0
0
0
0
4.1521
