78.0652
-0.88664
-0.87863
-0.8701
-0.8733
-0.879
-0.84924
-0.86569
-0.85336
-0.84606
-0.8643
-0.88667
-0.82218
-0.82204
-0.90728
-0.88157
-0.83608
-0.90722
-0.86392
-0.84496
-0.84498
-0.86124
-0.85469
-0.83577
-0.87019
-0.86975
-0.8412
-0.83237
-0.83368
-0.83297
-0.83656
-0.82791
-0.83659
-0.82232
-0.84919
-0.82231
-0.82657
-0.83069
-0.84764
-0.84421
-0.82549
-0.81463
-0.80882
-0.84105
-0.80249
-0.80252
-0.79739
-0.77
-0.81707
-0.79422
-0.78634
-0.83894
-0.8138
-0.80504
-0.81433
-0.91716
-0.89424
-0.93788
-0.89924
-1.0238
-1.1448
-1.0922
-1.1291
-1.1064
-1.1084
-1.4287
-1.3035
-1.5161
-1.5044
-2.0461
0
-2.5812
0
0
0
-2.5919
0
0
0
0
0
0
0
0
0
0
0
0
0
0
0
0
0
0
0
0
0
0
0
0
0
0
0
0
0
0
0
0
0
0
0
0
0
0
-9.4489
0
0
0
0
0
0
0
0
0
0
-0.88664
75.7351
-0.86267
-0.85438
-0.86153
-0.86511
-0.83594
-0.85218
-0.83991
-0.83267
-0.85049
-0.87276
-0.80857
-0.80842
-0.89278
-0.86766
-0.8224
-0.89274
-0.84964
-0.8312
-0.83124
-0.84879
-0.84046
-0.82197
-0.8561
-0.85565
-0.82724
-0.81874
-0.82097
-0.81904
-0.82281
-0.80252
-0.82282
-0.80868
-0.83492
-0.80869
-0.8129
-0.81874
-0.83365
-0.83046
-0.81487
-0.80111
-0.79483
-0.8313
-0.78909
-0.78911
-0.78404
-0.75685
-0.8039
-0.7808
-0.7729
-0.82441
-0.79973
-0.79135
-0.80046
-0.90083
-0.8795
-0.92292
-0.88537
-1.0083
-1.1299
-1.0775
-1.1142
-1.0902
-1.0923
-1.4131
-1.3066
-1.4965
-1.4861
0
0
-2.5623
0
-3.3817
0
0
0
0
0
0
0
0
0
0
0
0
0
0
0
0
0
0
0
0
0
0
0
0
0
0
0
0
0
0
0
0
-9.3289
0
0
0
0
0
0
0
0
0
0
0
0
0
0
0
0
0
0
-0.87863
-0.86267
71.539
-0.85094
-0.8595
-0.86246
-0.83347
-0.84948
-0.8371
-0.82981
-0.84791
-0.86814
-0.806
-0.80585
-0.88979
-0.86287
-0.81976
-0.88972
-0.84749
-0.82858
-0.82861
-0.84526
-0.83806
-0.82063
-0.85327
-0.85281
-0.82482
-0.81638
-0.81954
-0.8166
-0.82045
-0.81115
-0.82046
-0.80632
-0.82854
-0.80631
-0.81051
-0.81523
-0.83108
-0.82807
-0.81251
-0.79878
-0.79258
-0.83061
-0.78675
-0.78676
-0.7818
-0.75447
-0.80159
-0.77847
-0.77055
-0.82203
-0.79445
-0.78898
-0.7985
-0.89829
-0.87703
-0.91832
-0.88287
-0.99482
-1.1272
-1.0748
-1.1116
-1.0873
-1.0897
-1.4116
-1.288
-1.4935
-1.4852
0
0
-2.5704
0
0
0
0
0
0
0
0
0
0
0
0
0
0
0
0
0
0
0
0
0
0
0
0
0
0
0
-8.705
0
0
0
0
0
0
0
0
0
0
0
0
0
0
0
0
0
0
0
0
0
0
0
0
0
-0.8701
-0.85438
-0.85094
70.3098
-0.84822
-0.84784
-0.82324
-0.83515
-0.82275
-0.81531
-0.83327
-0.85349
-0.7916
-0.79144
-0.87308
-0.84803
-0.8052
-0.87302
-0.83299
-0.81393
-0.81396
-0.83023
-0.8236
-0.80612
-0.8374
-0.83695
-0.80929
-0.80141
-0.80476
-0.80174
-0.80577
-0.79719
-0.80577
-0.79187
-0.81525
-0.79186
-0.796
-0.80079
-0.81292
-0.81342
-0.79812
-0.78432
-0.7797
-0.81655
-0.7724
-0.77241
-0.76702
-0.74037
-0.78679
-0.76419
-0.7563
-0.80677
-0.78037
-0.77463
-0.78438
-0.88044
-0.86461
-0.89787
-0.86569
-0.98324
-1.1112
-1.059
-1.0956
-1.0699
-1.0736
-1.3951
-1.2733
-1.4831
-1.4679
0
0
0
0
0
0
0
0
-2.1664
0
0
0
0
0
0
0
0
0
0
0
0
0
0
0
0
0
0
0
0
0
0
0
0
0
0
0
0
0
0
0
0
0
0
0
0
0
0
0
0
-8.8582
0
0
0
0
0
0
-0.8733
-0.86153
-0.8595
-0.84822
65.0912
-0.86554
-0.83333
-0.85141
-0.83896
-0.83169
-0.85017
-0.86532
-0.80771
-0.80756
-0.89304
-0.8618
-0.82157
-0.89299
-0.85051
-0.83068
-0.8307
-0.8476
-0.84026
-0.82303
-0.85555
-0.8551
-0.82768
-0.81802
-0.82207
-0.82043
-0.82258
-0.81369
-0.82258
-0.80832
-0.83381
-0.80833
-0.81246
-0.81751
-0.83285
-0.83029
-0.81257
-0.80089
-0.79569
-0.83358
-0.78866
-0.78867
-0.78335
-0.75641
-0.80492
-0.78045
-0.7724
-0.82578
-0.78883
-0.791
-0.80027
-0.9051
-0.88111
-0.91978
-0.88655
-1.0018
-1.1305
-1.0779
-1.1149
-1.09
-1.0964
-1.4185
-1.2965
-1.5065
-1.5008
-2.0601
0
-2.5936
0
0
0
0
0
0
0
0
0
0
0
0
0
0
0
0
0
0
0
0
0
0
0
0
0
0
0
0
0
0
0
0
0
0
0
0
0
0
0
0
0
0
0
0
0
0
0
0
0
0
0
0
0
-0.879
-0.86511
-0.86246
-0.84784
-0.86554
63.8984
-0.8374
-0.85124
-0.83877
-0.83154
-0.85
-0.86568
-0.80752
-0.80737
-0.89416
-0.86284
-0.82183
-0.8941
-0.85093
-0.83104
-0.83107
-0.84774
-0.8409
-0.82338
-0.85407
-0.85362
-0.82653
-0.81771
-0.82176
-0.81843
-0.82291
-0.81394
-0.82293
-0.8086
-0.83341
-0.80861
-0.81268
-0.81773
-0.8329
-0.83054
-0.81512
-0.80109
-0.79527
-0.83394
-0.78886
-0.78887
-0.7828
-0.75698
-0.80416
-0.78066
-0.77259
-0.82713
-0.7891
-0.79116
-0.80085
-0.90438
-0.88377
-0.92122
-0.88799
-1.0016
-1.1317
-1.0791
-1.1162
-1.0887
-1.067
-1.4212
-1.2988
-1.5063
-1.501
0
0
0
0
0
0
0
0
0
0
0
0
0
0
0
0
0
0
0
0
0
-3.4572
0
0
0
0
0
0
0
0
0
0
0
0
0
0
0
0
0
0
0
0
0
0
0
0
0
0
0
0
0
0
0
0
0
0
-0.84924
-0.83594
-0.83347
-0.82324
-0.83333
-0.8374
61.2726
-0.82811
-0.81439
-0.8068
-0.82499
-0.83899
-0.78294
-0.78279
-0.86977
-0.83588
-0.79651
-0.86971
-0.82513
-0.80551
-0.80555
-0.82115
-0.81486
-0.79793
-0.82977
-0.82933
-0.8022
-0.79295
-0.79691
-0.79516
-0.7974
-0.78848
-0.79741
-0.78323
-0.80811
-0.78323
-0.78723
-0.79228
-0.80712
-0.80486
-0.78958
-0.77579
-0.77049
-0.80817
-0.7637
-0.76371
-0.75851
-0.73193
-0.77991
-0.75558
-0.74764
-0.80044
-0.76367
-0.76587
-0.77491
-0.87833
-0.85538
-0.8934
-0.86087
-0.9744
-1.1023
-1.0501
-1.0868
-1.0622
-1.0684
-1.3894
-1.2673
-1.4755
-1.4709
0
0
-2.5582
0
0
0
0
0
0
0
0
0
0
0
0
0
0
0
0
0
0
0
0
0
0
0
0
0
0
0
0
0
0
0
0
0
0
0
0
0
0
0
0
0
0
0
0
0
0
0
0
0
0
0
0
0
-0.86569
-0.85218
-0.84948
-0.83515
-0.85141
-0.85124
-0.82811
59.551
-0.82511
-0.81793
-0.83674
-0.85207
-0.79403
-0.79388
-0.8768
-0.84877
-0.80794
-0.87673
-0.83725
-0.81725
-0.81726
-0.83508
-0.82698
-0.80979
-0.84244
-0.842
-0.81413
-0.80452
-0.80881
-0.80783
-0.80929
-0.80042
-0.80929
-0.79496
-0.8211
-0.79495
-0.79896
-0.8041
-0.81991
-0.81669
-0.80144
-0.78745
-0.78206
-0.8202
-0.77519
-0.77522
-0.76981
-0.74357
-0.79107
-0.76709
-0.75907
-0.81258
-0.77576
-0.77747
-0.78777
-0.89194
-0.86935
-0.9069
-0.87374
-0.98733
-1.1158
-1.0634
-1.1002
-1.0754
-1.0819
-1.4038
-1.2817
-1.4908
-1.4867
0
0
0
0
0
0
0
0
0
0
0
0
0
0
0
0
0
0
0
0
0
0
0
0
0
0
0
0
0
0
0
0
0
0
0
0
0
0
0
0
0
0
0
0
0
0
0
0
0
0
0
0
0
0
0
0
-0.85336
-0.83991
-0.8371
-0.82275
-0.83896
-0.83877
-0.81439
-0.82511
57.1787
-0.80445
-0.82236
-0.83836
-0.78071
-0.78056
-0.86408
-0.83514
-0.79464
-0.86401
-0.82447
-0.80403
-0.80405
-0.82513
-0.81359
-0.79655
-0.82911
-0.82866
-0.8006
-0.79128
-0.79554
-0.7948
-0.79608
-0.78715
-0.79609
-0.78176
-0.808
-0.78176
-0.78565
-0.79077
-0.80648
-0.80322
-0.78807
-0.77421
-0.76888
-0.80656
-0.762
-0.76202
-0.75667
-0.73054
-0.77765
-0.75396
-0.746
-0.79867
-0.76343
-0.76426
-0.77453
-0.87802
-0.85538
-0.89245
-0.85977
-0.97312
-1.101
-1.0488
-1.0855
-1.0611
-1.0676
-1.3882
-1.2658
-1.4753
0
0
0
0
0
0
0
0
0
0
0
0
0
0
0
0
0
0
0
0
0
0
0
0
0
0
0
0
0
0
0
0
0
0
0
0
0
0
0
0
0
0
0
0
0
0
0
0
0
0
0
0
0
0
0
0
0
-0.84606
-0.83267
-0.82981
-0.81531
-0.83169
-0.83154
-0.8068
-0.81793
-0.80445
55.1741
-0.8147
-0.82972
-0.77246
-0.77229
-0.85566
-0.82667
-0.78656
-0.8556
-0.81324
-0.79611
-0.79613
-0.8144
-0.80547
-0.78855
-0.82185
-0.82137
-0.79249
-0.78321
-0.78746
-0.78707
-0.78816
-0.7791
-0.78817
-0.77375
-0.80131
-0.77375
-0.77757
-0.78261
-0.798
-0.79506
-0.77995
-0.76619
-0.76061
-0.79812
-0.75395
-0.75397
-0.74859
-0.72267
-0.76955
-0.74599
-0.73802
-0.79069
-0.75542
-0.75623
-0.76645
-0.8694
-0.84667
-0.88473
-0.85197
-0.96456
-1.0922
-1.0402
-1.0768
-1.0525
-1.0586
-1.3792
-1.2562
0
0
0
0
0
0
0
0
0
0
0
0
0
0
0
0
0
0
0
0
0
0
0
0
0
0
0
0
0
0
0
0
0
0
0
0
0
0
0
0
0
0
0
0
0
0
0
0
0
0
0
0
0
0
0
0
0
0
-0.8643
-0.85049
-0.84791
-0.83327
-0.85017
-0.85
-0.82499
-0.83674
-0.82236
-0.8147
58.8374
-0.84769
-0.78993
-0.78978
-0.87258
-0.84409
-0.80398
-0.87251
-0.83263
-0.81336
-0.8134
-0.81639
-0.82248
-0.80617
-0.83866
-0.83821
-0.81034
-0.8004
-0.80477
-0.8043
-0.80542
-0.79668
-0.80543
-0.79109
-0.81703
-0.7911
-0.79504
-0.80084
-0.81558
-0.8127
-0.7975
-0.78355
-0.7785
-0.81505
-0.77132
-0.77133
-0.76565
-0.73954
-0.78714
-0.76322
-0.75525
-0.80832
-0.77326
-0.77362
-0.78363
-0.88913
-0.86514
-0.90342
-0.86944
-0.98339
-1.1116
-1.0594
-1.0962
-1.072
-1.0787
-1.3986
0
0
0
0
0
0
0
0
0
0
0
0
0
0
0
-3.7962
0
0
0
0
0
0
0
0
0
0
0
0
0
0
0
0
0
0
0
0
0
0
0
0
0
0
0
0
0
0
0
0
0
0
0
0
0
0
0
0
0
0
0
-0.88667
-0.87276
-0.86814
-0.85349
-0.86532
-0.86568
-0.83899
-0.85207
-0.83836
-0.82972
-0.84769
60.147
-0.8048
-0.80467
-0.88887
-0.86307
-0.81727
-0.88881
-0.84667
-0.82649
-0.8265
-0.84778
-0.83688
-0.81975
-0.85472
-0.85427
-0.82281
-0.81467
-0.81849
-0.81915
-0.81816
-0.8117
-0.81818
-0.80347
-0.832
-0.80348
-0.80723
-0.81577
-0.83256
-0.82716
-0.81179
-0.79805
-0.79212
-0.83078
-0.78554
-0.78555
-0.78155
-0.75416
-0.79799
-0.77685
-0.76888
-0.82486
-0.71722
-0.78742
-0.7969
-0.90428
-0.8808
-0.92568
-0.88652
-1.0071
-1.126
-1.0735
-1.1106
-1.0933
-1.0948
0
0
0
0
0
0
0
0
0
0
0
0
0
0
0
0
0
0
0
0
-5.5904
0
0
0
0
0
0
0
0
0
0
0
0
0
0
0
0
0
0
0
0
0
0
0
0
0
0
0
0
0
0
0
0
0
0
0
0
0
0
0
-0.82218
-0.80857
-0.806
-0.7916
-0.80771
-0.80752
-0.78294
-0.79403
-0.78071
-0.77246
-0.78993
-0.8048
52.3309
-0.73342
-0.83051
-0.80175
-0.76306
-0.83045
-0.78953
-0.77274
-0.77277
-0.79159
-0.78122
-0.76527
-0.79701
-0.79654
-0.77183
-0.75935
-0.76352
-0.76402
-0.76443
-0.75519
-0.76443
-0.74992
-0.77278
-0.74991
-0.75345
-0.75929
-0.77308
-0.77057
-0.75563
-0.74221
-0.73656
-0.77337
-0.73001
-0.73003
-0.72451
-0.69897
-0.74543
-0.72225
-0.71442
-0.76616
-0.73128
-0.73225
-0.74194
-0.84304
-0.82105
-0.8589
-0.82681
-0.93752
-1.0647
-1.0132
-1.0494
-1.025
-1.0312
-1.3489
0
0
0
0
0
0
0
0
0
0
0
0
0
0
0
0
0
0
0
0
0
0
0
0
0
0
0
0
0
0
0
0
0
0
0
0
0
0
0
0
0
0
0
0
0
0
0
0
0
0
0
0
0
0
0
0
0
0
0
-0.82204
-0.80842
-0.80585
-0.79144
-0.80756
-0.80737
-0.78279
-0.79388
-0.78056
-0.77229
-0.78978
-0.80467
-0.73342
52.3212
-0.83037
-0.80161
-0.76294
-0.8303
-0.78937
-0.7726
-0.77263
-0.79146
-0.78108
-0.76513
-0.79686
-0.79641
-0.77168
-0.7592
-0.76337
-0.7639
-0.76428
-0.75504
-0.7643
-0.74976
-0.77265
-0.74977
-0.75331
-0.75913
-0.77291
-0.77041
-0.75546
-0.74206
-0.73641
-0.7732
-0.72987
-0.72987
-0.72435
-0.69883
-0.74527
-0.72211
-0.71427
-0.766
-0.73112
-0.73211
-0.74178
-0.84285
-0.82089
-0.85872
-0.82664
-0.93736
-1.0645
-1.0131
-1.0492
-1.0249
-1.031
-1.3488
0
0
0
0
0
0
0
0
0
0
0
0
0
0
0
0
0
0
0
0
0
0
0
0
0
0
0
0
0
0
0
0
0
0
0
0
0
0
0
0
0
0
0
0
0
0
0
0
0
0
0
0
0
0
0
0
0
0
0
-0.90728
-0.89278
-0.88979
-0.87308
-0.89304
-0.89416
-0.86977
-0.8768
-0.86408
-0.85566
-0.87258
-0.88887
-0.83051
-0.83037
62.0156
-0.88486
-0.84253
-0.91956
-0.87059
-0.85155
-0.85157
-0.86898
-0.86111
-0.84388
-0.87633
-0.87587
-0.84542
-0.83794
-0.84192
-0.83929
-0.84323
-0.83447
-0.84325
-0.82863
-0.85447
-0.82862
-0.83275
-0.83943
-0.85326
-0.85064
-0.83508
-0.82098
-0.81439
-0.85289
-0.80859
-0.80859
-0.80274
-0.7764
-0.82344
-0.80039
-0.79223
-0.84364
-0.81332
-0.81099
-0.82027
-0.92168
-0.90084
-0.94081
-0.90644
-1.0268
-1.1527
-1.1001
-1.137
0
0
0
0
0
0
0
0
0
0
0
0
0
0
0
0
0
0
0
0
0
0
0
0
0
0
0
0
0
0
0
0
0
0
0
0
0
0
0
0
0
-8.1462
0
0
0
0
0
0
0
0
0
0
0
0
0
0
0
0
0
0
0
0
-0.88157
-0.86766
-0.86287
-0.84803
-0.8618
-0.86284
-0.83588
-0.84877
-0.83514
-0.82667
-0.84409
-0.86307
-0.80175
-0.80161
-0.88486
57.5113
-0.81324
-0.88479
-0.84236
-0.82232
-0.82234
-0.85054
-0.83267
-0.81555
-0.85135
-0.85093
-0.82134
-0.81036
-0.81433
-0.81671
-0.81411
-0.80883
-0.81411
-0.80113
-0.8293
-0.80112
-0.80505
-0.81108
-0.82726
-0.82265
-0.80738
-0.79313
-0.78697
-0.82597
-0.78085
-0.78087
-0.77708
-0.74748
-0.79412
-0.77278
-0.76468
-0.81945
-0.79064
-0.78306
-0.79245
-0.89852
-0.87585
-0.85548
-0.88084
-1.0009
-1.1215
-1.0691
-1.1058
0
0
0
0
0
0
0
0
0
0
0
0
0
0
0
0
0
0
0
0
0
0
0
0
-5.3763
0
0
0
0
0
0
0
0
0
0
0
0
0
0
0
0
0
0
0
0
0
0
0
0
0
0
0
0
0
0
0
0
0
0
0
0
0
-0.83608
-0.8224
-0.81976
-0.8052
-0.82157
-0.82183
-0.79651
-0.80794
-0.79464
-0.78656
-0.80398
-0.81727
-0.76306
-0.76294
-0.84253
-0.81324
50.7604
-0.84246
-0.80187
-0.78779
-0.78783
-0.80099
-0.79642
-0.77849
-0.80632
-0.80587
-0.77678
-0.77245
-0.77695
-0.76965
-0.77761
-0.76814
-0.77762
-0.76254
-0.78119
-0.76253
-0.76617
-0.77245
-0.78685
-0.78349
-0.76864
-0.75489
-0.74936
-0.78733
-0.74246
-0.74248
-0.7372
-0.71154
-0.75803
-0.73469
-0.72678
-0.77962
-0.74501
-0.74486
-0.75484
-0.85826
-0.83534
-0.87302
-0.84003
-0.95066
-1.0784
-1.0268
-1.0632
-1.039
0
0
0
0
0
0
0
0
0
0
0
0
0
0
0
0
0
0
0
0
0
0
0
0
0
0
0
0
0
0
0
0
0
0
0
0
0
0
0
0
0
0
0
0
0
0
0
0
0
0
0
0
0
0
0
0
0
0
0
0
0
-0.90722
-0.89274
-0.88972
-0.87302
-0.89299
-0.8941
-0.86971
-0.87673
-0.86401
-0.8556
-0.87251
-0.88881
-0.83045
-0.8303
-0.91956
-0.88479
-0.84246
62.0113
-0.87051
-0.85149
-0.85153
-0.86891
-0.86105
-0.84382
-0.87626
-0.87581
-0.84536
-0.83788
-0.84186
-0.83923
-0.84317
-0.8344
-0.84319
-0.82856
-0.85441
-0.82856
-0.8327
-0.83937
-0.85319
-0.85058
-0.83502
-0.82092
-0.81434
-0.85284
-0.80851
-0.80853
-0.80266
-0.77634
-0.82338
-0.80033
-0.79216
-0.84358
-0.81325
-0.81094
-0.82021
-0.92162
-0.90077
-0.94074
-0.90638
-1.0268
-1.1527
-1.1001
-1.137
0
0
0
0
0
0
0
0
0
0
0
0
0
0
0
0
0
0
0
0
0
0
0
0
0
0
0
0
0
0
0
0
0
0
0
0
0
0
0
0
0
0
0
0
0
0
0
0
0
0
0
0
0
0
0
0
0
0
0
-8.1458
0
0
-0.86392
-0.84964
-0.84749
-0.83299
-0.85051
-0.85093
-0.82513
-0.83725
-0.82447
-0.81324
-0.83263
-0.84667
-0.78953
-0.78937
-0.87059
-0.84236
-0.80187
-0.87051
56.0849
-0.8115
-0.81153
-0.82988
-0.81711
-0.80366
-0.83828
-0.8378
-0.80852
-0.79835
-0.80274
-0.80441
-0.80366
-0.79421
-0.80367
-0.78913
-0.81325
-0.78913
-0.79289
-0.79847
-0.81397
-0.81045
-0.79522
-0.7814
-0.77669
-0.79706
-0.76903
-0.76905
-0.76341
-0.73753
-0.78302
-0.76108
-0.75347
-0.8062
-0.77131
-0.77184
-0.78179
-0.88817
-0.86478
-0.9011
-0.86765
-0.98156
-1.1104
-1.0583
-1.0948
0
0
0
0
0
0
0
0
0
0
0
0
0
0
0
0
0
0
0
0
0
0
0
0
0
0
0
0
-4.6884
0
0
0
0
0
0
0
0
0
0
0
0
0
0
0
0
0
0
0
0
0
0
0
0
0
0
0
0
0
0
0
0
0
-0.84496
-0.8312
-0.82858
-0.81393
-0.83068
-0.83104
-0.80551
-0.81725
-0.80403
-0.79611
-0.81336
-0.82649
-0.77274
-0.7726
-0.85155
-0.82232
-0.78779
-0.85149
-0.8115
49.1613
-0.78175
-0.80885
-0.80154
-0.78472
-0.81494
-0.81451
-0.78953
-0.77899
-0.78058
-0.7782
-0.78519
-0.77535
-0.7852
-0.76998
-0.79256
-0.76999
-0.77411
-0.7809
-0.79643
-0.79167
-0.77696
-0.76291
-0.75751
-0.79673
-0.75024
-0.75025
-0.74529
-0.71954
-0.76627
-0.74257
-0.73457
-0.78865
-0.75408
-0.75286
-0.76345
-0.86981
-0.84539
-0.88449
-0.84912
-0.95932
-1.0875
-1.0357
0
0
0
0
0
0
0
0
0
0
0
0
0
0
0
0
0
0
0
0
0
0
0
0
0
0
0
0
0
0
0
0
0
0
0
0
0
0
0
0
0
0
0
0
0
0
0
0
0
0
0
0
0
0
0
0
0
0
0
0
0
0
0
-0.84498
-0.83124
-0.82861
-0.81396
-0.8307
-0.83107
-0.80555
-0.81726
-0.80405
-0.79613
-0.8134
-0.8265
-0.77277
-0.77263
-0.85157
-0.82234
-0.78783
-0.85153
-0.81153
-0.78175
49.1629
-0.80887
-0.80157
-0.78475
-0.81496
-0.81453
-0.78956
-0.77901
-0.7806
-0.77822
-0.78521
-0.77538
-0.78522
-0.77002
-0.79256
-0.77002
-0.77413
-0.78093
-0.79645
-0.7917
-0.77699
-0.76293
-0.75753
-0.79676
-0.75027
-0.75028
-0.74532
-0.71956
-0.7663
-0.7426
-0.7346
-0.78867
-0.7541
-0.75288
-0.76348
-0.86985
-0.84542
-0.88452
-0.84915
-0.95935
-1.0875
-1.0357
0
0
0
0
0
0
0
0
0
0
0
0
0
0
0
0
0
0
0
0
0
0
0
0
0
0
0
0
0
0
0
0
0
0
0
0
0
0
0
0
0
0
0
0
0
0
0
0
0
0
0
0
0
0
0
0
0
0
0
0
0
0
0
-0.86124
-0.84879
-0.84526
-0.83023
-0.8476
-0.84774
-0.82115
-0.83508
-0.82513
-0.8144
-0.81639
-0.84778
-0.79159
-0.79146
-0.86898
-0.85054
-0.80099
-0.86891
-0.82988
-0.80885
-0.80887
57.8666
-0.8163
-0.79781
-0.83284
-0.8324
-0.80295
-0.78497
-0.79713
-0.79769
-0.79935
-0.78789
-0.79937
-0.78461
-0.81175
-0.7846
-0.78839
-0.78306
-0.78705
-0.80551
-0.79028
-0.77659
-0.77168
-0.80602
-0.76426
-0.76428
-0.74767
-0.73387
-0.77857
-0.75652
-0.7485
-0.80043
-0.77045
-0.76753
-0.78501
-0.88081
-0.85594
-0.89693
-0.86478
0
0
0
0
0
0
0
0
0
0
0
0
0
0
0
0
0
0
0
0
0
-3.136
-3.7638
0
0
-4.0522
0
0
0
0
0
0
0
0
0
0
0
0
0
0
0
0
0
0
0
0
0
0
0
0
0
0
0
0
0
0
0
0
0
0
0
0
0
0
0
0
-0.85469
-0.84046
-0.83806
-0.8236
-0.84026
-0.8409
-0.81486
-0.82698
-0.81359
-0.80547
-0.82248
-0.83688
-0.78122
-0.78108
-0.86111
-0.83267
-0.79642
-0.86105
-0.81711
-0.80154
-0.80157
-0.8163
50.087
-0.79302
-0.82258
-0.82212
-0.7971
-0.78758
-0.79106
-0.78515
-0.79378
-0.78337
-0.7938
-0.77826
-0.7914
-0.77826
-0.78222
-0.78901
-0.80455
-0.7998
-0.78491
-0.77094
-0.76632
-0.79939
-0.7581
-0.75811
-0.75324
-0.72723
-0.77473
-0.75037
-0.74234
-0.79706
-0.76361
-0.76072
-0.77138
-0.88054
-0.85544
-0.89416
-0.85803
0
0
0
0
0
0
0
0
0
0
0
0
0
0
0
0
0
0
0
-3.519
0
0
0
0
0
0
0
0
0
0
0
0
0
0
0
0
0
0
0
0
0
0
0
0
0
0
0
0
0
0
0
0
0
0
0
0
0
0
0
0
0
0
0
0
0
0
-0.83577
-0.82197
-0.82063
-0.80612
-0.82303
-0.82338
-0.79793
-0.80979
-0.79655
-0.78855
-0.80617
-0.81975
-0.76527
-0.76513
-0.84388
-0.81555
-0.77849
-0.84382
-0.80366
-0.78472
-0.78475
-0.79781
-0.79302
47.4492
-0.80579
-0.80534
-0.78038
-0.76638
-0.77505
-0.76994
-0.77816
-0.76073
-0.77818
-0.76121
-0.78475
-0.76122
-0.76506
-0.7693
-0.78719
-0.78237
-0.76752
-0.75389
-0.74836
-0.78403
-0.74089
-0.7409
-0.73582
-0.71047
-0.7565
-0.73343
-0.72547
-0.7794
-0.74635
-0.74363
-0.75395
-0.8601
-0.83575
-0.87491
-0.84015
0
0
0
0
0
0
0
0
0
0
0
0
0
0
0
0
0
0
0
0
-1.8609
0
0
0
0
0
0
0
0
0
0
0
0
0
0
0
0
0
0
0
0
0
0
0
0
0
0
0
0
0
0
0
0
0
0
0
0
0
0
0
0
0
0
0
0
0
-0.87019
-0.8561
-0.85327
-0.8374
-0.85555
-0.85407
-0.82977
-0.84244
-0.82911
-0.82185
-0.83866
-0.85472
-0.79701
-0.79686
-0.87633
-0.85135
-0.80632
-0.87626
-0.83828
-0.81494
-0.81496
-0.83284
-0.82258
-0.80579
54.857
-0.83693
-0.80741
-0.7992
-0.80289
-0.79906
-0.80549
-0.79555
-0.8055
-0.79042
-0.81504
-0.79042
-0.79393
-0.8
-0.81239
-0.81124
-0.79586
-0.78239
-0.77551
-0.81276
-0.7699
-0.76991
-0.76342
-0.73823
-0.78449
-0.76192
-0.75386
-0.80358
-0.77312
-0.77221
-0.78078
-0.87884
-0.86014
-0.89831
-0.86648
0
0
0
0
0
0
0
0
0
0
0
0
0
0
0
0
0
0
0
0
0
0
0
0
0
0
0
0
0
0
0
0
0
0
0
0
0
0
0
0
0
0
0
0
-7.5731
0
0
0
0
0
0
0
0
0
0
0
0
0
0
0
0
0
0
0
0
0
-0.86975
-0.85565
-0.85281
-0.83695
-0.8551
-0.85362
-0.82933
-0.842
-0.82866
-0.82137
-0.83821
-0.85427
-0.79654
-0.79641
-0.87587
-0.85093
-0.80587
-0.87581
-0.8378
-0.81451
-0.81453
-0.8324
-0.82212
-0.80534
-0.83693
54.8292
-0.80693
-0.79876
-0.80244
-0.79853
-0.80503
-0.7951
-0.80506
-0.78998
-0.81443
-0.78998
-0.79347
-0.79955
-0.81193
-0.81078
-0.79541
-0.78193
-0.77506
-0.81231
-0.76945
-0.76946
-0.76296
-0.73779
-0.78404
-0.76148
-0.75342
-0.80313
-0.77267
-0.77176
-0.78032
-0.87832
-0.85966
-0.89779
-0.86601
0
0
0
0
0
0
0
0
0
0
0
0
0
0
0
0
0
0
0
0
0
0
0
0
0
0
0
0
0
0
0
0
0
0
0
0
0
0
0
0
0
0
0
0
0
0
0
0
0
0
0
0
-7.5715
0
0
0
0
0
0
0
0
0
0
0
0
0
-0.8412
-0.82724
-0.82482
-0.80929
-0.82768
-0.82653
-0.8022
-0.81413
-0.8006
-0.79249
-0.81034
-0.82281
-0.77183
-0.77168
-0.84542
-0.82134
-0.77678
-0.84536
-0.80852
-0.78953
-0.78956
-0.80295
-0.7971
-0.78038
-0.80741
-0.80693
51.9641
-0.77333
-0.77779
-0.76949
-0.78015
-0.77096
-0.78016
-0.76577
-0.78084
-0.76576
-0.76948
-0.77389
-0.78716
-0.78672
-0.77159
-0.7578
-0.75199
-0.78676
-0.74511
-0.74514
-0.73909
-0.71443
-0.74379
-0.73864
-0.7305
-0.78064
-0.7454
-0.74866
-0.75818
-0.85464
-0.83795
0
0
0
0
0
0
0
0
0
0
0
0
0
0
0
0
0
0
0
-3.2875
0
0
0
0
0
0
0
0
0
0
0
0
0
0
0
-4.6307
0
0
0
0
0
0
0
0
0
0
0
0
0
0
0
0
0
0
0
0
0
0
0
0
0
0
0
0
0
0
0
0
-0.83237
-0.81874
-0.81638
-0.80141
-0.81802
-0.81771
-0.79295
-0.80452
-0.79128
-0.78321
-0.8004
-0.81467
-0.75935
-0.7592
-0.83794
-0.81036
-0.77245
-0.83788
-0.79835
-0.77899
-0.77901
-0.78497
-0.78758
-0.76638
-0.7992
-0.79876
-0.77333
47.4814
-0.7693
-0.75995
-0.77374
-0.75797
-0.77376
-0.75561
-0.78001
-0.7556
-0.75876
-0.76526
-0.76923
-0.77567
-0.7608
-0.74759
-0.74234
-0.77949
-0.73416
-0.73418
-0.71457
-0.70574
-0.75039
-0.72756
-0.71934
-0.77297
-0.74134
-0.73802
-0.74669
-0.85305
-0.82674
-0.86904
0
0
0
0
0
0
0
0
0
0
0
0
0
0
0
0
-3.0872
0
0
0
0
0
0
0
0
0
0
0
0
0
0
0
0
0
0
0
0
0
0
0
0
0
0
0
0
0
0
0
0
0
0
0
0
0
0
0
0
0
0
0
0
0
0
0
0
0
0
-0.83368
-0.82097
-0.81954
-0.80476
-0.82207
-0.82176
-0.79691
-0.80881
-0.79554
-0.78746
-0.80477
-0.81849
-0.76352
-0.76337
-0.84192
-0.81433
-0.77695
-0.84186
-0.80274
-0.78058
-0.7806
-0.79713
-0.79106
-0.77505
-0.80289
-0.80244
-0.77779
-0.7693
48.5994
-0.76616
-0.77741
-0.76385
-0.77743
-0.76041
-0.78293
-0.76042
-0.76359
-0.76897
-0.78331
-0.78074
-0.76575
-0.75231
-0.74669
-0.77831
-0.73936
-0.73939
-0.73395
-0.70881
-0.75474
-0.73185
-0.72382
-0.77683
-0.7438
-0.74235
-0.75199
-0.85527
-0.83323
-0.87194
0
0
0
0
0
0
0
0
0
0
0
0
0
0
0
0
0
0
0
0
0
0
0
0
0
0
0
0
0
0
0
0
0
0
0
0
0
-3.9475
0
0
0
0
0
0
0
0
0
0
0
0
0
0
0
0
0
0
0
0
0
0
0
0
0
0
0
0
0
-0.83297
-0.81904
-0.8166
-0.80174
-0.82043
-0.81843
-0.79516
-0.80783
-0.7948
-0.78707
-0.8043
-0.81915
-0.76402
-0.7639
-0.83929
-0.81671
-0.76965
-0.83923
-0.80441
-0.7782
-0.77822
-0.79769
-0.78515
-0.76994
-0.79906
-0.79853
-0.76949
-0.75995
-0.76616
53.3819
-0.77028
-0.76061
-0.7703
-0.75639
-0.76459
-0.75638
-0.75985
-0.76507
-0.77749
-0.77706
-0.76154
-0.7483
-0.74315
-0.77773
-0.73622
-0.73623
-0.72503
-0.7022
-0.74959
-0.72856
-0.72055
-0.76867
-0.73709
-0.73873
-0.73435
-0.84254
-0.81305
0
0
0
0
0
0
0
0
0
0
0
0
0
0
0
-3.2101
0
0
0
0
0
0
0
0
0
0
0
0
0
0
0
0
0
0
0
0
0
0
0
0
0
0
0
0
0
0
0
0
0
0
-6.6331
0
0
0
0
0
0
0
0
0
0
0
0
0
0
0
0
0
-0.83656
-0.82281
-0.82045
-0.80577
-0.82258
-0.82291
-0.7974
-0.80929
-0.79608
-0.78816
-0.80542
-0.81816
-0.76443
-0.76428
-0.84323
-0.81411
-0.77761
-0.84317
-0.80366
-0.78519
-0.78521
-0.79935
-0.79378
-0.77816
-0.80549
-0.80503
-0.78015
-0.77374
-0.77741
-0.77028
44.7105
-0.77124
-0.7585
-0.75571
-0.78384
-0.7557
-0.76249
-0.77039
-0.78647
-0.77998
-0.76536
-0.75191
-0.74614
-0.78884
-0.73831
-0.73832
-0.73391
-0.70833
-0.755
-0.7312
-0.72316
-0.77889
-0.74519
-0.74182
-0.75292
-0.86409
-0.8353
-0.87763
0
0
0
0
0
0
0
0
0
0
0
0
0
0
0
0
0
0
0
0
0
0
0
0
0
0
0
0
0
0
0
0
0
0
0
0
0
0
0
0
0
0
0
0
0
0
0
0
0
0
0
0
0
0
0
0
0
0
0
0
0
0
0
0
0
0
0
-0.82791
-0.80252
-0.81115
-0.79719
-0.81369
-0.81394
-0.78848
-0.80042
-0.78715
-0.7791
-0.79668
-0.8117
-0.75519
-0.75504
-0.83447
-0.80883
-0.76814
-0.8344
-0.79421
-0.77535
-0.77538
-0.78789
-0.78337
-0.76073
-0.79555
-0.7951
-0.77096
-0.75797
-0.76385
-0.76061
-0.77124
46.6089
-0.77126
-0.75327
-0.77603
-0.75327
-0.75628
-0.75778
-0.77499
-0.77332
-0.75835
-0.74413
-0.73921
-0.77325
-0.7314
-0.73142
-0.72695
-0.69974
-0.7482
-0.72407
-0.7159
-0.76936
-0.73857
-0.734
-0.74392
-0.84514
-0.82447
0
0
0
0
0
0
0
0
0
0
0
0
0
0
0
0
-3.2664
0
0
0
0
0
0
0
0
0
0
0
0
0
0
0
0
0
0
0
0
0
0
0
0
0
0
0
0
0
0
0
0
0
0
0
0
0
0
0
0
0
0
0
0
0
0
0
0
0
0
0
-0.83659
-0.82282
-0.82046
-0.80577
-0.82258
-0.82293
-0.79741
-0.80929
-0.79609
-0.78817
-0.80543
-0.81818
-0.76443
-0.7643
-0.84325
-0.81411
-0.77762
-0.84319
-0.80367
-0.7852
-0.78522
-0.79937
-0.7938
-0.77818
-0.8055
-0.80506
-0.78016
-0.77376
-0.77743
-0.7703
-0.7585
-0.77126
44.7113
-0.75572
-0.78385
-0.75571
-0.76252
-0.7704
-0.78648
-0.77999
-0.76538
-0.75192
-0.74615
-0.78887
-0.73832
-0.73833
-0.73393
-0.70834
-0.75502
-0.73122
-0.72317
-0.7789
-0.7452
-0.74183
-0.75293
-0.86411
-0.83531
-0.87765
0
0
0
0
0
0
0
0
0
0
0
0
0
0
0
0
0
0
0
0
0
0
0
0
0
0
0
0
0
0
0
0
0
0
0
0
0
0
0
0
0
0
0
0
0
0
0
0
0
0
0
0
0
0
0
0
0
0
0
0
0
0
0
0
0
0
0
-0.82232
-0.80868
-0.80632
-0.79187
-0.80832
-0.8086
-0.78323
-0.79496
-0.78176
-0.77375
-0.79109
-0.80347
-0.74992
-0.74976
-0.82863
-0.80113
-0.76254
-0.82856
-0.78913
-0.76998
-0.77002
-0.78461
-0.77826
-0.76121
-0.79042
-0.78998
-0.76577
-0.75561
-0.76041
-0.75639
-0.75571
-0.75327
-0.75572
43.0565
-0.77057
-0.74675
-0.74889
-0.76004
-0.77289
-0.767
-0.7525
-0.73777
-0.7332
-0.77474
-0.72462
-0.72463
-0.7206
-0.69391
-0.7419
-0.71797
-0.70998
-0.76573
-0.73219
-0.72823
-0.73984
-0.83818
-0.82296
0
0
0
0
0
0
0
0
0
0
0
0
0
0
0
0
0
0
0
0
0
0
0
0
0
0
0
0
0
0
0
0
0
0
0
0
0
0
0
0
0
0
0
0
0
0
0
0
0
0
0
0
0
0
0
0
0
0
0
0
0
0
0
0
0
0
0
0
-0.84919
-0.83492
-0.82854
-0.81525
-0.83381
-0.83341
-0.80811
-0.8211
-0.808
-0.80131
-0.81703
-0.832
-0.77278
-0.77265
-0.85447
-0.8293
-0.78119
-0.85441
-0.81325
-0.79256
-0.79256
-0.81175
-0.7914
-0.78475
-0.81504
-0.81443
-0.78084
-0.78001
-0.78293
-0.76459
-0.78384
-0.77603
-0.78385
-0.77057
54.0293
-0.77058
-0.77435
-0.77901
-0.79375
-0.79179
-0.77581
-0.76269
-0.75727
-0.78628
-0.75067
-0.75069
-0.74549
-0.71868
-0.74714
-0.74315
-0.73594
-0.78474
-0.75321
-0.75379
0
0
0
0
0
0
0
0
0
0
0
0
0
0
0
0
0
0
0
0
0
0
-3.2714
0
-3.4851
0
0
0
0
0
0
0
0
0
0
0
0
0
0
0
0
0
0
0
-5.4119
0
0
0
0
0
0
0
0
0
0
0
0
0
0
0
0
0
0
0
0
0
0
0
0
0
0
-0.82231
-0.80869
-0.80631
-0.79186
-0.80833
-0.80861
-0.78323
-0.79495
-0.78176
-0.77375
-0.7911
-0.80348
-0.74991
-0.74977
-0.82862
-0.80112
-0.76253
-0.82856
-0.78913
-0.76999
-0.77002
-0.7846
-0.77826
-0.76122
-0.79042
-0.78998
-0.76576
-0.7556
-0.76042
-0.75638
-0.7557
-0.75327
-0.75571
-0.74675
-0.77058
43.0565
-0.74887
-0.76005
-0.77289
-0.767
-0.75251
-0.73776
-0.73319
-0.77474
-0.72461
-0.72463
-0.7206
-0.69392
-0.7419
-0.71797
-0.70999
-0.76573
-0.7322
-0.72823
-0.73983
-0.83818
-0.82298
0
0
0
0
0
0
0
0
0
0
0
0
0
0
0
0
0
0
0
0
0
0
0
0
0
0
0
0
0
0
0
0
0
0
0
0
0
0
0
0
0
0
0
0
0
0
0
0
0
0
0
0
0
0
0
0
0
0
0
0
0
0
0
0
0
0
0
0
-0.82657
-0.8129
-0.81051
-0.796
-0.81246
-0.81268
-0.78723
-0.79896
-0.78565
-0.77757
-0.79504
-0.80723
-0.75345
-0.75331
-0.83275
-0.80505
-0.76617
-0.8327
-0.79289
-0.77411
-0.77413
-0.78839
-0.78222
-0.76506
-0.79393
-0.79347
-0.76948
-0.75876
-0.76359
-0.75985
-0.76249
-0.75628
-0.76252
-0.74889
-0.77435
-0.74887
41.6279
-0.76037
-0.77608
-0.77796
-0.75823
-0.74319
-0.73947
-0.77257
-0.73213
-0.73215
-0.72779
-0.69944
-0.7486
-0.72325
-0.71481
-0.7697
-0.73753
-0.73336
-0.74579
0
0
0
0
0
0
0
0
0
0
0
0
0
0
0
0
0
0
0
0
0
0
0
0
0
0
0
0
0
0
0
0
0
0
0
0
0
0
0
0
0
0
0
0
0
0
0
0
0
0
0
0
0
0
0
0
0
0
0
0
0
0
0
0
0
0
0
0
0
0
-0.83069
-0.81874
-0.81523
-0.80079
-0.81751
-0.81773
-0.79228
-0.8041
-0.79077
-0.78261
-0.80084
-0.81577
-0.75929
-0.75913
-0.83943
-0.81108
-0.77245
-0.83937
-0.79847
-0.7809
-0.78093
-0.78306
-0.78901
-0.7693
-0.8
-0.79955
-0.77389
-0.76526
-0.76897
-0.76507
-0.77039
-0.75778
-0.7704
-0.76004
-0.77901
-0.76005
-0.76037
43.4794
-0.78199
-0.78207
-0.7626
-0.75109
-0.74414
-0.7783
-0.73805
-0.73806
-0.73171
-0.70431
-0.75052
-0.728
-0.7216
-0.7743
0
-0.73962
0
0
0
0
0
0
0
0
0
0
0
0
0
0
0
0
0
0
0
0
0
0
0
0
0
0
-3.0527
0
0
0
0
0
0
0
0
0
0
0
0
0
0
0
0
0
0
0
0
0
0
0
0
0
0
0
0
0
0
0
0
0
0
0
0
0
0
0
0
0
0
0
0
-0.84764
-0.83365
-0.83108
-0.81292
-0.83285
-0.8329
-0.80712
-0.81991
-0.80648
-0.798
-0.81558
-0.83256
-0.77308
-0.77291
-0.85326
-0.82726
-0.78685
-0.85319
-0.81397
-0.79643
-0.79645
-0.78705
-0.80455
-0.78719
-0.81239
-0.81193
-0.78716
-0.76923
-0.78331
-0.77749
-0.78647
-0.77499
-0.78648
-0.77289
-0.79375
-0.77289
-0.77608
-0.78199
46.5055
-0.7948
-0.77885
-0.76535
-0.76017
-0.79899
-0.75282
-0.75284
-0.73457
-0.72181
-0.76859
-0.7439
-0.73712
-0.789
0
0
0
0
0
0
0
0
0
0
0
0
0
0
0
0
0
0
0
0
0
0
0
0
0
-2.1386
0
0
0
0
0
0
-3.9581
0
0
0
0
0
0
0
0
0
0
0
0
0
0
0
0
0
0
0
0
0
0
0
0
0
0
0
0
0
0
0
0
0
0
0
0
0
0
0
0
-0.84421
-0.83046
-0.82807
-0.81342
-0.83029
-0.83054
-0.80486
-0.81669
-0.80322
-0.79506
-0.8127
-0.82716
-0.77057
-0.77041
-0.85064
-0.82265
-0.78349
-0.85058
-0.81045
-0.79167
-0.7917
-0.80551
-0.7998
-0.78237
-0.81124
-0.81078
-0.78672
-0.77567
-0.78074
-0.77706
-0.77998
-0.77332
-0.77999
-0.767
-0.79179
-0.767
-0.77796
-0.78207
-0.7948
41.0971
-0.78555
-0.76208
-0.76202
-0.78984
-0.75119
-0.75121
-0.74955
-0.7211
-0.77146
-0.74259
-0.73567
-0.7982
0
-0.75402
0
0
0
0
0
0
0
0
0
0
0
0
0
0
0
0
0
0
0
0
0
0
0
0
0
0
0
0
0
0
0
0
0
0
0
0
0
0
0
0
0
0
0
0
0
0
0
0
0
0
0
0
0
0
0
0
0
0
0
0
0
0
0
0
0
0
0
0
0
0
0
-0.82549
-0.81487
-0.81251
-0.79812
-0.81257
-0.81512
-0.78958
-0.80144
-0.78807
-0.77995
-0.7975
-0.81179
-0.75563
-0.75546
-0.83508
-0.80738
-0.76864
-0.83502
-0.79522
-0.77696
-0.77699
-0.79028
-0.78491
-0.76752
-0.79586
-0.79541
-0.77159
-0.7608
-0.76575
-0.76154
-0.76536
-0.75835
-0.76538
-0.7525
-0.77581
-0.75251
-0.75823
-0.7626
-0.77885
-0.78555
40.758
-0.74576
-0.74464
-0.78096
-0.74115
-0.74117
-0.73232
-0.70593
-0.75108
-0.72635
-0.72057
0
0
0
0
0
0
0
0
0
0
0
0
0
0
0
0
0
0
-1.9659
0
0
0
0
0
0
0
0
0
0
0
0
0
0
0
0
0
0
0
0
0
0
0
0
0
0
0
0
0
0
0
0
0
0
0
0
0
0
0
0
0
0
0
0
0
0
0
0
0
0
0
0
0
0
0
-0.81463
-0.80111
-0.79878
-0.78432
-0.80089
-0.80109
-0.77579
-0.78745
-0.77421
-0.76619
-0.78355
-0.79805
-0.74221
-0.74206
-0.82098
-0.79313
-0.75489
-0.82092
-0.7814
-0.76291
-0.76293
-0.77659
-0.77094
-0.75389
-0.78239
-0.78193
-0.7578
-0.74759
-0.75231
-0.7483
-0.75191
-0.74413
-0.75192
-0.73777
-0.76269
-0.73776
-0.74319
-0.75109
-0.76535
-0.76208
-0.74576
38.847
-0.7248
-0.76713
-0.72282
-0.72285
-0.71405
-0.68346
-0.73525
-0.70901
-0.70414
-0.77062
0
0
0
0
0
0
0
0
0
0
0
0
0
0
0
0
0
0
0
0
0
0
0
0
0
0
0
0
0
0
0
0
0
0
0
0
0
0
0
0
0
0
0
0
0
0
0
0
0
0
0
0
0
0
0
0
0
0
0
0
0
0
0
0
0
0
0
0
0
0
0
0
0
-0.80882
-0.79483
-0.79258
-0.7797
-0.79569
-0.79527
-0.77049
-0.78206
-0.76888
-0.76061
-0.7785
-0.79212
-0.73656
-0.73641
-0.81439
-0.78697
-0.74936
-0.81434
-0.77669
-0.75751
-0.75753
-0.77168
-0.76632
-0.74836
-0.77551
-0.77506
-0.75199
-0.74234
-0.74669
-0.74315
-0.74614
-0.73921
-0.74615
-0.7332
-0.75727
-0.73319
-0.73947
-0.74414
-0.76017
-0.76202
-0.74464
-0.7248
40.0137
-0.7663
-0.72362
-0.72363
-0.70582
-0.68057
-0.72087
-0.70308
-0.69859
0
0
0
0
0
0
0
0
0
0
0
0
0
0
0
0
0
0
0
0
0
0
0
0
0
0
0
0
0
0
0
0
0
0
0
0
0
0
0
0
0
0
-2.1904
0
0
0
0
0
0
0
0
0
0
0
0
0
0
0
0
0
0
0
0
0
0
0
0
0
0
0
0
0
0
0
-0.84105
-0.8313
-0.83061
-0.81655
-0.83358
-0.83394
-0.80817
-0.8202
-0.80656
-0.79812
-0.81505
-0.83078
-0.77337
-0.7732
-0.85289
-0.82597
-0.78733
-0.85284
-0.79706
-0.79673
-0.79676
-0.80602
-0.79939
-0.78403
-0.81276
-0.81231
-0.78676
-0.77949
-0.77831
-0.77773
-0.78884
-0.77325
-0.78887
-0.77474
-0.78628
-0.77474
-0.77257
-0.7783
-0.79899
-0.78984
-0.78096
-0.76713
-0.7663
45.3139
-0.75665
-0.75666
-0.74808
0
-0.76426
-0.74163
0
0
0
0
0
0
0
0
0
0
0
0
0
0
0
0
0
0
0
0
0
0
0
0
0
-2.4977
0
0
0
0
0
0
0
0
0
0
0
0
-4.6493
0
0
0
0
0
0
0
0
0
0
0
0
0
0
0
0
0
0
0
0
0
0
0
0
0
0
0
0
0
0
0
0
0
0
0
0
-0.80249
-0.78909
-0.78675
-0.7724
-0.78866
-0.78886
-0.7637
-0.77519
-0.762
-0.75395
-0.77132
-0.78554
-0.73001
-0.72987
-0.80859
-0.78085
-0.74246
-0.80851
-0.76903
-0.75024
-0.75027
-0.76426
-0.7581
-0.74089
-0.7699
-0.76945
-0.74511
-0.73416
-0.73936
-0.73622
-0.73831
-0.7314
-0.73832
-0.72462
-0.75067
-0.72461
-0.73213
-0.73805
-0.75282
-0.75119
-0.74115
-0.72282
-0.72362
-0.75665
37.5275
-0.70962
-0.71311
-0.67995
-0.73868
-0.6983
-0.69426
0
0
0
0
0
0
0
0
0
0
0
0
0
0
0
0
0
0
0
0
0
0
0
0
0
0
0
0
0
0
0
0
0
0
0
0
0
0
0
0
0
0
0
0
0
0
0
0
0
0
0
0
0
0
0
0
0
0
0
0
0
0
0
0
0
0
0
0
0
0
0
0
0
0
-0.80252
-0.78911
-0.78676
-0.77241
-0.78867
-0.78887
-0.76371
-0.77522
-0.76202
-0.75397
-0.77133
-0.78555
-0.73003
-0.72987
-0.80859
-0.78087
-0.74248
-0.80853
-0.76905
-0.75025
-0.75028
-0.76428
-0.75811
-0.7409
-0.76991
-0.76946
-0.74514
-0.73418
-0.73939
-0.73623
-0.73832
-0.73142
-0.73833
-0.72463
-0.75069
-0.72463
-0.73215
-0.73806
-0.75284
-0.75121
-0.74117
-0.72285
-0.72363
-0.75666
-0.70962
37.5283
-0.71314
-0.67997
-0.7387
-0.69831
-0.69427
0
0
0
0
0
0
0
0
0
0
0
0
0
0
0
0
0
0
0
0
0
0
0
0
0
0
0
0
0
0
0
0
0
0
0
0
0
0
0
0
0
0
0
0
0
0
0
0
0
0
0
0
0
0
0
0
0
0
0
0
0
0
0
0
0
0
0
0
0
0
0
0
0
0
-0.79739
-0.78404
-0.7818
-0.76702
-0.78335
-0.7828
-0.75851
-0.76981
-0.75667
-0.74859
-0.76565
-0.78155
-0.72451
-0.72435
-0.80274
-0.77708
-0.7372
-0.80266
-0.76341
-0.74529
-0.74532
-0.74767
-0.75324
-0.73582
-0.76342
-0.76296
-0.73909
-0.71457
-0.73395
-0.72503
-0.73391
-0.72695
-0.73393
-0.7206
-0.74549
-0.7206
-0.72779
-0.73171
-0.73457
-0.74955
-0.73232
-0.71405
-0.70582
-0.74808
-0.71311
-0.71314
37.4023
0
0
0
0
0
0
0
0
0
0
0
0
0
0
0
0
0
0
0
0
0
0
0
0
0
0
0
-2.9752
0
0
0
0
0
0
0
0
0
0
0
0
0
0
0
0
0
0
0
0
0
0
0
0
0
0
0
0
0
0
0
0
0
0
0
0
0
0
0
0
0
0
0
0
0
0
0
0
0
0
-0.77
-0.75685
-0.75447
-0.74037
-0.75641
-0.75698
-0.73193
-0.74357
-0.73054
-0.72267
-0.73954
-0.75416
-0.69897
-0.69883
-0.7764
-0.74748
-0.71154
-0.77634
-0.73753
-0.71954
-0.71956
-0.73387
-0.72723
-0.71047
-0.73823
-0.73779
-0.71443
-0.70574
-0.70881
-0.7022
-0.70833
-0.69974
-0.70834
-0.69391
-0.71868
-0.69392
-0.69944
-0.70431
-0.72181
-0.7211
-0.70593
-0.68346
-0.68057
0
-0.67995
-0.67997
0
35.8208
0
0
0
0
0
0
0
0
0
-0.81531
0
0
0
0
0
0
0
0
0
0
0
0
-2.4836
0
0
0
0
0
0
0
0
0
0
0
0
0
0
0
0
0
0
0
0
0
0
0
0
0
0
0
0
0
0
0
0
0
0
0
0
0
0
0
0
0
0
0
0
0
0
0
0
0
0
0
0
0
0
-0.81707
-0.8039
-0.80159
-0.78679
-0.80492
-0.80416
-0.77991
-0.79107
-0.77765
-0.76955
-0.78714
-0.79799
-0.74543
-0.74527
-0.82344
-0.79412
-0.75803
-0.82338
-0.78302
-0.76627
-0.7663
-0.77857
-0.77473
-0.7565
-0.78449
-0.78404
-0.74379
-0.75039
-0.75474
-0.74959
-0.755
-0.7482
-0.75502
-0.7419
-0.74714
-0.7419
-0.7486
-0.75052
-0.76859
-0.77146
-0.75108
-0.73525
-0.72087
-0.76426
-0.73868
-0.7387
0
0
38.5566
0
0
0
0
0
0
0
0
0
0
0
0
0
0
0
0
0
0
0
0
0
0
0
0
0
0
0
-3.1755
0
0
0
0
0
0
0
0
0
0
0
0
0
0
0
0
0
0
0
0
0
0
0
0
0
0
0
0
0
0
0
0
0
0
0
0
0
0
0
0
0
0
0
0
0
0
0
0
-0.79422
-0.7808
-0.77847
-0.76419
-0.78045
-0.78066
-0.75558
-0.76709
-0.75396
-0.74599
-0.76322
-0.77685
-0.72225
-0.72211
-0.80039
-0.77278
-0.73469
-0.80033
-0.76108
-0.74257
-0.7426
-0.75652
-0.75037
-0.73343
-0.76192
-0.76148
-0.73864
-0.72756
-0.73185
-0.72856
-0.7312
-0.72407
-0.73122
-0.71797
-0.74315
-0.71797
-0.72325
-0.728
-0.7439
-0.74259
-0.72635
-0.70901
-0.70308
-0.74163
-0.6983
-0.69831
0
0
0
34.3106
0
0
0
0
0
0
0
0
0
0
0
0
0
0
0
0
0
0
0
0
0
0
0
0
0
0
0
0
0
0
0
0
0
0
0
0
0
0
0
0
0
0
0
0
0
0
0
0
0
0
0
0
0
0
0
0
0
0
0
0
0
0
0
0
0
0
0
0
0
0
0
0
0
0
0
-0.78634
-0.7729
-0.77055
-0.7563
-0.7724
-0.77259
-0.74764
-0.75907
-0.746
-0.73802
-0.75525
-0.76888
-0.71442
-0.71427
-0.79223
-0.76468
-0.72678
-0.79216
-0.75347
-0.73457
-0.7346
-0.7485
-0.74234
-0.72547
-0.75386
-0.75342
-0.7305
-0.71934
-0.72382
-0.72055
-0.72316
-0.7159
-0.72317
-0.70998
-0.73594
-0.70999
-0.71481
-0.7216
-0.73712
-0.73567
-0.72057
-0.70414
-0.69859
0
-0.69426
-0.69427
0
0
0
0
33.2301
0
0
0
0
0
0
0
0
0
0
0
0
0
0
0
0
0
0
0
0
0
0
0
0
0
0
0
0
0
0
0
0
0
0
0
0
0
0
0
0
0
0
0
0
0
0
0
0
0
0
0
0
0
0
0
0
0
0
0
0
0
0
0
0
0
0
0
0
0
0
0
0
0
0
-0.83894
-0.82441
-0.82203
-0.80677
-0.82578
-0.82713
-0.80044
-0.81258
-0.79867
-0.79069
-0.80832
-0.82486
-0.76616
-0.766
-0.84364
-0.81945
-0.77962
-0.84358
-0.8062
-0.78865
-0.78867
-0.80043
-0.79706
-0.7794
-0.80358
-0.80313
-0.78064
-0.77297
-0.77683
-0.76867
-0.77889
-0.76936
-0.7789
-0.76573
-0.78474
-0.76573
-0.7697
-0.7743
-0.789
-0.7982
0
-0.77062
0
0
0
0
0
0
0
0
0
38.6571
0
0
0
0
0
0
0
0
0
0
0
0
0
0
0
0
0
0
0
0
0
0
0
0
0
0
0
0
0
0
0
0
0
0
0
0
0
0
0
0
0
0
0
0
0
0
0
0
0
0
0
0
0
0
0
0
0
-6.0466
0
0
0
0
0
0
0
0
0
0
0
0
0
0
0
-0.8138
-0.79973
-0.79445
-0.78037
-0.78883
-0.7891
-0.76367
-0.77576
-0.76343
-0.75542
-0.77326
-0.71722
-0.73128
-0.73112
-0.81332
-0.79064
-0.74501
-0.81325
-0.77131
-0.75408
-0.7541
-0.77045
-0.76361
-0.74635
-0.77312
-0.77267
-0.7454
-0.74134
-0.7438
-0.73709
-0.74519
-0.73857
-0.7452
-0.73219
-0.75321
-0.7322
-0.73753
0
0
0
0
0
0
0
0
0
0
0
0
0
0
0
36.63
0
0
0
0
0
0
0
0
0
0
0
0
0
0
0
0
0
0
0
0
0
0
0
0
0
0
0
0
0
0
0
0
-5.0247
0
0
0
0
0
0
0
0
0
0
0
-3.4083
0
0
0
0
0
0
0
0
0
0
0
0
0
0
0
0
0
0
0
0
0
0
0
0
0
0
0
-0.80504
-0.79135
-0.78898
-0.77463
-0.791
-0.79116
-0.76587
-0.77747
-0.76426
-0.75623
-0.77362
-0.78742
-0.73225
-0.73211
-0.81099
-0.78306
-0.74486
-0.81094
-0.77184
-0.75286
-0.75288
-0.76753
-0.76072
-0.74363
-0.77221
-0.77176
-0.74866
-0.73802
-0.74235
-0.73873
-0.74182
-0.734
-0.74183
-0.72823
-0.75379
-0.72823
-0.73336
-0.73962
0
-0.75402
0
0
0
0
0
0
0
0
0
0
0
0
0
29.6973
0
0
0
0
0
0
0
0
0
0
0
0
0
0
0
0
0
0
0
0
0
0
0
0
0
0
0
0
0
0
0
0
0
0
0
0
0
0
0
0
0
0
0
0
0
0
0
0
0
0
0
0
0
0
0
0
0
0
0
0
0
0
0
0
0
0
0
0
0
0
0
-0.81433
-0.80046
-0.7985
-0.78438
-0.80027
-0.80085
-0.77491
-0.78777
-0.77453
-0.76645
-0.78363
-0.7969
-0.74194
-0.74178
-0.82027
-0.79245
-0.75484
-0.82021
-0.78179
-0.76345
-0.76348
-0.78501
-0.77138
-0.75395
-0.78078
-0.78032
-0.75818
-0.74669
-0.75199
-0.73435
-0.75292
-0.74392
-0.75293
-0.73984
0
-0.73983
-0.74579
0
0
0
0
0
0
0
0
0
0
0
0
0
0
0
0
0
32.6754
0
0
0
0
0
0
0
0
0
0
0
0
0
0
0
0
0
0
0
0
0
0
0
0
0
0
0
-4.1347
-0.73957
0
0
0
0
0
0
0
0
0
0
0
0
0
0
0
0
0
0
0
0
0
0
0
0
0
0
0
0
0
0
0
0
0
0
0
0
0
0
0
0
0
-0.91716
-0.90083
-0.89829
-0.88044
-0.9051
-0.90438
-0.87833
-0.89194
-0.87802
-0.8694
-0.88913
-0.90428
-0.84304
-0.84285
-0.92168
-0.89852
-0.85826
-0.92162
-0.88817
-0.86981
-0.86985
-0.88081
-0.88054
-0.8601
-0.87884
-0.87832
-0.85464
-0.85305
-0.85527
-0.84254
-0.86409
-0.84514
-0.86411
-0.83818
0
-0.83818
0
0
0
0
0
0
0
0
0
0
0
0
0
0
0
0
0
0
0
45.0676
0
0
0
0
0
0
0
0
0
0
0
0
0
0
0
0
0
0
0
0
0
-2.2152
0
0
0
0
0
0
0
0
0
0
0
0
0
0
0
0
0
0
0
0
0
0
0
0
-6.0937
0
0
0
0
0
0
0
0
0
0
-6.0937
0
0
0
0
0
0
0
0
0
0
0
-0.89424
-0.8795
-0.87703
-0.86461
-0.88111
-0.88377
-0.85538
-0.86935
-0.85538
-0.84667
-0.86514
-0.8808
-0.82105
-0.82089
-0.90084
-0.87585
-0.83534
-0.90077
-0.86478
-0.84539
-0.84542
-0.85594
-0.85544
-0.83575
-0.86014
-0.85966
-0.83795
-0.82674
-0.83323
-0.81305
-0.8353
-0.82447
-0.83531
-0.82296
0
-0.82298
0
0
0
0
0
0
0
0
0
0
0
0
0
0
0
0
0
0
0
0
40.8067
0
0
0
0
0
0
0
0
0
0
0
0
0
0
0
0
0
0
0
0
0
0
0
0
0
0
0
0
0
0
0
0
-5.1183
0
0
0
0
0
0
0
0
0
0
0
0
0
0
0
0
0
0
0
0
0
0
0
0
0
0
0
-5.8061
0
0
0
0
0
0
0
-0.93788
-0.92292
-0.91832
-0.89787
-0.91978
-0.92122
-0.8934
-0.9069
-0.89245
-0.88473
-0.90342
-0.92568
-0.8589
-0.85872
-0.94081
-0.85548
-0.87302
-0.94074
-0.9011
-0.88449
-0.88452
-0.89693
-0.89416
-0.87491
-0.89831
-0.89779
0
-0.86904
-0.87194
0
-0.87763
0
-0.87765
0
0
0
0
0
0
0
0
0
0
0
0
0
0
-0.81531
0
0
0
0
0
0
0
0
0
44.0208
0
0
0
0
0
0
0
0
0
0
0
0
0
0
0
0
0
0
0
0
0
0
0
0
0
0
0
0
0
-5.183
0
0
0
0
0
0
0
0
0
0
0
0
0
0
0
0
0
-5.5709
0
0
0
0
-5.5709
0
0
0
0
0
0
0
0
0
0
0
0
0
0
-0.89924
-0.88537
-0.88287
-0.86569
-0.88655
-0.88799
-0.86087
-0.87374
-0.85977
-0.85197
-0.86944
-0.88652
-0.82681
-0.82664
-0.90644
-0.88084
-0.84003
-0.90638
-0.86765
-0.84912
-0.84915
-0.86478
-0.85803
-0.84015
-0.86648
-0.86601
0
0
0
0
0
0
0
0
0
0
0
0
0
0
0
0
0
0
0
0
0
0
0
0
0
0
0
0
0
0
0
0
30.3794
0
0
0
0
0
0
0
0
0
0
0
-2.4965
0
0
0
0
0
0
0
0
0
0
0
0
0
0
0
0
0
0
0
0
0
0
0
0
0
0
0
0
0
0
-5.3244
0
0
0
0
0
0
0
0
0
0
0
0
0
0
0
0
0
0
0
0
0
0
0
-1.0238
-1.0083
-0.99482
-0.98324
-1.0018
-1.0016
-0.9744
-0.98733
-0.97312
-0.96456
-0.98339
-1.0071
-0.93752
-0.93736
-1.0268
-1.0009
-0.95066
-1.0268
-0.98156
-0.95932
-0.95935
0
0
0
0
0
0
0
0
0
0
0
0
0
0
0
0
0
0
0
0
0
0
0
0
0
0
0
0
0
0
0
0
0
0
0
0
0
0
25.2388
0
0
0
0
0
0
0
0
0
0
0
0
0
0
0
0
0
0
0
0
0
0
0
0
0
0
0
0
0
0
0
0
0
0
0
0
0
0
-4.555
0
0
0
0
0
0
0
0
0
0
0
0
0
0
0
0
0
0
0
0
0
0
0
0
0
0
-1.1448
-1.1299
-1.1272
-1.1112
-1.1305
-1.1317
-1.1023
-1.1158
-1.101
-1.0922
-1.1116
-1.126
-1.0647
-1.0645
-1.1527
-1.1215
-1.0784
-1.1527
-1.1104
-1.0875
-1.0875
0
0
0
0
0
0
0
0
0
0
0
0
0
0
0
0
0
0
0
0
0
0
0
0
0
0
0
0
0
0
0
0
0
0
0
0
0
0
0
23.3442
0
0
0
0
0
0
0
0
0
0
0
0
0
0
0
0
0
0
0
0
0
0
0
0
0
0
0
0
0
0
0
0
0
0
0
0
0
0
0
0
0
0
0
0
0
0
0
0
0
0
0
0
0
0
0
0
0
0
0
0
0
0
0
0
-1.0922
-1.0775
-1.0748
-1.059
-1.0779
-1.0791
-1.0501
-1.0634
-1.0488
-1.0402
-1.0594
-1.0735
-1.0132
-1.0131
-1.1001
-1.0691
-1.0268
-1.1001
-1.0583
-1.0357
-1.0357
0
0
0
0
0
0
0
0
0
0
0
0
0
0
0
0
0
0
0
0
0
0
0
0
0
0
0
0
0
0
0
0
0
0
0
0
0
0
0
0
22.2481
0
0
0
0
0
0
0
0
0
0
0
0
0
0
0
0
0
0
0
0
0
0
0
0
0
0
0
0
0
0
0
0
0
0
0
0
0
0
0
0
0
0
0
0
0
0
0
0
0
0
0
0
0
0
0
0
0
0
0
0
0
0
0
-1.1291
-1.1142
-1.1116
-1.0956
-1.1149
-1.1162
-1.0868
-1.1002
-1.0855
-1.0768
-1.0962
-1.1106
-1.0494
-1.0492
-1.137
-1.1058
-1.0632
-1.137
-1.0948
0
0
0
0
0
0
0
0
0
0
0
0
0
0
0
0
0
0
0
0
0
0
0
0
0
0
0
0
0
0
0
0
0
0
0
0
0
0
0
0
0
0
0
20.874
0
0
0
0
0
0
0
0
0
0
0
0
0
0
0
0
0
0
0
0
0
0
0
0
0
0
0
0
0
0
0
0
0
0
0
0
0
0
0
0
0
0
0
0
0
0
0
0
0
0
0
0
0
0
0
0
0
0
0
0
0
0
-1.1064
-1.0902
-1.0873
-1.0699
-1.09
-1.0887
-1.0622
-1.0754
-1.0611
-1.0525
-1.072
-1.0933
-1.025
-1.0249
0
0
-1.039
0
0
0
0
0
0
0
0
0
0
0
0
0
0
0
0
0
0
0
0
0
0
0
0
0
0
0
0
0
0
0
0
0
0
0
0
0
0
0
0
0
0
0
0
0
0
19.822
0
0
0
0
0
0
0
0
0
0
0
0
0
0
0
0
0
0
0
0
0
0
0
0
0
0
0
0
-3.7842
0
0
0
0
0
0
0
0
0
0
0
0
0
0
0
0
0
0
0
0
0
0
0
0
0
0
0
0
0
0
0
0
-1.1084
-1.0923
-1.0897
-1.0736
-1.0964
-1.067
-1.0684
-1.0819
-1.0676
-1.0586
-1.0787
-1.0948
-1.0312
-1.031
0
0
0
0
0
0
0
0
0
0
0
0
0
0
0
0
0
0
0
0
0
0
0
0
0
0
0
0
0
0
0
0
0
0
0
0
0
0
0
0
0
0
0
0
0
0
0
0
0
0
18.1123
0
0
0
0
0
0
0
0
0
0
0
0
0
0
0
0
0
0
0
0
0
0
0
0
0
-3.0727
0
0
0
0
0
0
0
0
0
0
0
0
0
0
0
0
0
0
0
0
0
0
0
0
0
0
0
0
0
0
0
0
0
0
-1.4287
-1.4131
-1.4116
-1.3951
-1.4185
-1.4212
-1.3894
-1.4038
-1.3882
-1.3792
-1.3986
0
-1.3489
-1.3488
0
0
0
0
0
0
0
0
0
0
0
0
0
0
0
0
0
0
0
0
0
0
0
0
0
0
0
0
0
0
0
0
0
0
0
0
0
0
0
0
0
0
0
0
0
0
0
0
0
0
0
18.145
0
0
0
0
0
0
0
0
0
0
0
0
0
0
0
0
0
0
0
0
0
0
0
0
0
0
0
0
0
0
0
0
0
0
0
0
0
0
0
0
0
0
0
0
0
0
0
0
0
0
0
0
0
0
0
0
0
0
0
-1.3035
-1.3066
-1.288
-1.2733
-1.2965
-1.2988
-1.2673
-1.2817
-1.2658
-1.2562
0
0
0
0
0
0
0
0
0
0
0
0
0
0
0
0
0
0
0
0
0
0
0
0
0
0
0
0
0
0
0
0
0
0
0
0
0
0
0
0
0
0
0
0
0
0
0
0
0
0
0
0
0
0
0
0
15.5447
0
0
0
0
0
0
0
0
0
0
0
0
0
-2.707
0
0
0
0
0
0
0
0
0
0
0
0
0
0
0
0
0
0
0
0
0
0
0
0
0
0
0
0
0
0
0
0
0
0
0
0
0
0
0
0
0
0
0
0
-1.5161
-1.4965
-1.4935
-1.4831
-1.5065
-1.5063
-1.4755
-1.4908
-1.4753
0
0
0
0
0
0
0
0
0
0
0
0
0
0
0
0
0
0
0
0
0
0
0
0
0
0
0
0
0
0
0
0
0
0
0
0
0
0
0
0
0
0
0
0
0
0
0
0
0
0
0
0
0
0
0
0
0
0
18.4818
0
0
0
0
0
0
0
0
0
0
0
0
0
0
0
0
0
0
0
0
0
0
0
0
0
0
0
0
0
0
0
0
0
0
0
0
0
0
0
0
0
0
0
0
0
0
0
0
-5.0382
0
0
0
0
0
0
0
0
-1.5044
-1.4861
-1.4852
-1.4679
-1.5008
-1.501
-1.4709
-1.4867
0
0
0
0
0
0
0
0
0
0
0
0
0
0
0
0
0
0
0
0
0
0
0
0
0
0
0
0
0
0
0
0
0
0
0
0
0
0
0
0
0
0
0
0
0
0
0
0
0
0
0
0
0
0
0
0
0
0
0
0
15.2011
0
0
0
0
0
0
0
0
0
0
0
0
0
0
0
0
0
0
0
0
0
0
0
0
0
0
0
0
-3.2981
0
0
0
0
0
0
0
0
0
0
0
0
0
0
0
0
0
0
0
0
0
0
0
0
0
0
0
-2.0461
0
0
0
-2.0601
0
0
0
0
0
0
0
0
0
0
0
0
0
0
0
0
0
0
0
0
0
0
0
0
0
0
0
0
0
0
0
0
0
0
0
-1.9659
0
0
0
0
0
0
0
0
0
0
0
0
0
0
0
0
0
0
0
0
0
0
0
0
0
0
0
0
13.8773
0
0
0
0
0
0
0
0
0
0
0
0
0
-2.9443
0
0
0
0
0
0
0
0
0
0
0
0
0
0
0
0
0
0
0
0
0
0
0
0
0
0
0
0
0
0
0
0
0
0
0
0
0
0
0
-4.8609
0
0
0
0
0
0
0
0
0
0
0
0
0
0
0
0
0
0
0
0
0
0
0
0
0
0
0
0
0
0
0
0
0
0
0
0
0
0
0
0
0
0
0
0
0
0
0
0
-2.4836
0
0
0
0
0
0
0
0
0
0
-2.4965
0
0
0
0
0
0
0
0
0
0
0
18.546
0
0
0
0
0
0
0
0
0
0
0
-4.1273
0
0
0
0
0
0
0
0
0
0
0
0
0
0
0
0
0
0
0
0
0
0
0
0
0
0
0
0
0
0
0
0
-4.7193
0
0
0
0
0
-4.7193
0
0
0
-2.5812
-2.5623
-2.5704
0
-2.5936
0
-2.5582
0
0
0
0
0
0
0
0
0
0
0
0
0
0
0
0
0
0
0
0
0
0
0
0
0
0
0
0
0
0
0
0
0
0
0
0
0
0
0
0
0
0
0
0
0
0
0
0
0
0
0
0
0
0
0
0
0
0
0
0
0
0
0
0
12.8658
0
0
0
0
0
0
0
0
0
0
0
0
0
0
0
0
0
0
0
0
0
0
0
0
0
0
0
0
0
0
0
0
0
0
0
0
0
0
0
0
0
0
0
0
0
0
0
0
0
0
0
0
0
0
0
0
0
0
0
0
0
0
0
0
0
0
0
0
0
0
0
0
0
0
0
0
0
0
0
0
0
0
-3.2101
0
0
0
0
0
0
0
0
0
0
0
0
0
0
0
0
0
0
0
0
0
0
0
0
0
0
0
0
0
0
0
0
0
0
0
0
0
0
0
0
0
0
15.0224
0
-3.6089
0
0
0
0
0
0
0
-3.6306
0
0
0
0
0
0
0
0
0
0
0
0
0
-4.5728
0
0
0
0
0
0
0
0
0
0
0
0
0
0
0
0
0
0
0
0
0
0
0
0
0
0
0
0
0
-3.3817
0
0
0
0
0
0
0
0
0
0
0
0
0
0
0
0
0
0
0
0
0
0
0
0
0
0
0
0
0
-3.2664
0
0
0
0
0
0
0
0
0
0
0
0
0
0
0
0
0
0
0
0
0
0
0
0
0
0
0
0
0
0
0
0
0
0
0
0
0
0
0
0
0
10.5255
0
0
0
0
0
-3.1906
0
0
0
0
0
0
0
0
0
0
0
0
0
0
0
0
0
0
0
0
0
0
0
0
0
0
0
0
0
0
0
0
0
0
0
0
0
0
0
-0.68689
0
0
0
0
0
0
0
0
0
0
0
0
0
0
0
0
0
0
0
0
0
0
0
0
0
0
0
0
0
0
0
0
-3.0872
0
0
0
0
0
0
0
0
0
0
0
0
0
0
0
0
0
0
-2.9752
0
0
0
0
0
0
0
0
0
0
0
0
0
0
0
0
0
0
0
0
0
0
0
0
0
-3.6089
0
12.833
0
0
0
0
0
0
0
0
0
-3.1618
0
0
0
0
0
0
0
0
0
0
0
0
0
0
0
0
0
0
0
0
0
0
0
0
0
0
0
0
0
0
0
0
0
0
0
0
0
0
0
0
-2.5919
0
0
0
0
0
0
0
0
0
0
0
0
0
0
0
0
0
0
0
0
0
0
0
0
0
0
0
0
0
0
0
0
0
0
0
0
0
0
0
0
0
0
-2.4977
0
0
0
0
0
0
0
0
0
0
0
0
0
0
0
0
0
0
0
0
0
0
0
0
0
0
0
0
0
0
0
12.597
0
0
0
0
0
0
0
0
0
0
0
0
0
0
0
0
0
0
0
-3.306
0
0
0
0
0
0
0
0
0
0
0
0
0
0
0
0
0
0
0
0
0
0
0
0
0
0
0
0
-4.2014
0
0
0
0
0
0
0
0
0
0
0
0
0
0
0
0
0
0
0
0
0
0
0
0
0
0
-3.2875
0
0
0
0
0
0
0
-3.2714
0
0
0
0
0
0
0
0
0
0
0
0
0
-3.1755
0
0
0
0
0
0
0
0
0
0
0
0
0
0
0
0
0
0
0
0
0
0
0
0
0
0
0
11.44
0
0
0
0
0
0
0
0
0
0
0
0
0
0
0
0
0
0
0
0
0
0
0
0
0
0
0
0
0
0
0
-1.7055
0
0
0
0
0
0
0
0
0
0
0
0
0
0
0
0
0
0
0
-2.1664
0
0
0
0
0
0
0
0
0
0
0
0
0
0
0
0
0
0
0
0
0
0
0
0
0
0
0
0
0
0
0
0
0
0
-2.1386
0
0
0
0
0
0
0
0
0
0
0
0
0
0
0
0
-2.2152
0
0
0
0
0
0
0
0
0
0
0
0
0
0
0
0
0
0
0
0
0
10.3861
0
0
0
0
0
0
0
0
0
0
0
0
0
0
0
-3.8659
0
0
0
0
0
0
0
0
0
0
0
0
0
0
0
0
0
0
0
0
0
0
0
0
0
0
0
0
0
0
0
0
0
0
0
0
0
0
0
0
0
0
0
0
0
0
0
0
0
0
0
0
0
-3.519
0
0
0
0
0
0
0
0
0
0
0
-3.4851
0
0
0
0
0
0
0
0
0
0
0
0
0
0
0
0
0
0
0
0
0
0
0
0
0
0
0
0
0
0
0
0
0
0
0
0
0
0
0
0
0
0
0
14.1627
0
0
0
0
0
0
0
-3.5927
0
0
0
0
0
0
0
-3.5658
0
0
0
0
0
0
0
0
0
0
0
0
0
0
0
0
0
0
0
0
0
0
0
0
0
0
0
0
0
0
0
0
0
0
0
0
0
0
0
0
0
0
0
0
0
0
0
0
0
0
0
0
0
-1.8609
0
0
0
0
0
0
0
0
0
0
0
0
0
0
0
0
0
0
0
0
0
0
0
0
0
0
0
0
0
0
0
0
0
0
0
0
0
0
0
0
0
0
0
0
0
0
0
0
0
-3.1906
0
0
0
0
0
12.5999
-2.7533
0
0
0
0
0
0
0
0
0
0
0
0
0
0
0
0
0
0
0
0
0
0
0
0
0
0
0
0
0
0
0
-4.7952
0
0
0
0
0
0
0
0
0
0
0
0
0
0
0
0
0
0
0
0
0
0
0
0
0
0
0
0
0
0
0
0
0
-3.136
0
0
0
0
0
0
0
0
0
0
0
0
0
0
0
-3.0527
0
0
0
0
0
0
0
0
0
0
0
0
0
0
0
0
0
0
0
0
0
0
0
0
0
0
0
0
-2.707
0
0
0
0
0
0
0
0
0
0
0
0
-2.7533
11.649
0
0
0
0
0
0
0
0
0
0
0
0
0
0
0
0
0
0
0
0
0
0
0
0
0
0
0
0
0
0
0
0
0
0
0
0
0
0
0
0
0
0
0
0
0
0
0
0
0
0
0
0
0
0
-3.7962
0
0
0
0
0
0
0
0
0
0
-3.7638
0
0
0
0
0
0
0
0
0
0
0
0
0
0
0
0
0
0
0
0
0
0
0
0
0
0
0
0
0
0
0
0
0
0
0
0
0
0
0
0
0
0
0
0
0
0
0
0
0
0
0
0
0
0
0
0
0
0
0
12.5728
0
0
0
0
0
0
0
0
0
0
0
0
0
0
0
0
0
0
-5.0129
0
0
0
0
0
0
0
0
0
0
0
0
0
0
0
0
0
0
0
0
0
0
0
0
0
0
0
0
0
0
0
0
0
0
0
0
0
0
0
0
0
0
0
0
0
0
0
0
0
0
0
0
0
0
0
0
0
0
0
0
0
0
0
0
0
0
0
0
0
0
0
0
0
0
0
0
0
0
-4.1347
0
0
0
0
0
0
0
0
0
0
0
0
0
0
0
-4.1273
0
-3.6306
0
0
0
0
0
0
0
0
0
11.8927
0
0
0
0
0
0
0
0
0
0
0
0
0
0
0
0
0
0
0
0
0
0
0
0
0
0
0
0
0
0
0
0
0
0
0
0
0
0
0
0
0
0
0
0
0
0
0
0
0
0
0
0
0
0
0
0
0
0
0
0
0
0
0
0
0
0
0
0
0
0
0
0
0
0
0
0
0
0
0
0
0
0
0
0
0
0
0
0
0
0
0
0
0
0
0
0
-0.73957
0
0
0
0
0
0
0
0
0
0
0
0
0
0
-2.9443
0
0
0
0
0
0
0
0
0
0
0
0
0
8.5069
0
0
0
0
0
0
0
0
0
0
0
0
0
0
0
0
0
0
0
0
0
0
0
0
0
0
0
0
0
0
0
0
0
0
0
0
-4.823
0
0
0
0
0
0
0
0
0
0
0
0
0
0
0
0
0
0
0
0
0
0
0
0
0
-4.0522
0
0
0
0
0
0
0
0
0
0
0
0
0
0
0
0
-3.9581
0
0
0
0
0
0
0
0
0
0
0
0
0
0
0
0
0
0
0
0
0
0
0
0
0
0
0
0
0
0
0
0
0
0
0
-3.1618
0
0
0
0
0
0
0
0
0
11.1721
0
0
0
0
0
0
0
0
0
0
0
0
0
0
0
0
0
0
0
0
0
0
0
0
0
0
0
0
0
0
0
0
0
0
0
0
0
0
0
0
0
0
0
0
0
0
0
0
0
0
0
-5.5904
0
0
0
0
0
0
0
0
0
0
0
0
0
0
0
0
0
0
0
0
0
0
0
0
0
0
0
0
0
0
0
0
0
0
0
0
0
0
0
0
-5.0247
0
0
0
0
0
0
0
0
0
0
0
0
0
0
0
0
0
0
0
0
0
0
0
0
0
0
0
0
0
0
0
0
10.615
0
0
0
0
0
0
0
0
0
0
0
0
0
0
0
0
0
0
0
0
0
0
0
0
0
0
0
0
0
0
0
0
0
0
0
0
0
0
0
0
0
0
0
0
0
0
0
0
0
0
0
0
0
0
0
0
0
0
0
0
0
0
0
0
0
0
0
0
0
0
0
0
0
0
0
0
0
0
0
0
0
0
0
0
0
0
0
0
0
0
0
0
0
0
0
0
0
0
0
0
0
0
0
0
0
0
0
0
0
0
0
0
0
0
0
0
0
-3.5927
0
0
0
0
0
0
0
8.3796
0
-4.7869
0
0
0
0
0
0
0
0
0
0
0
0
0
0
0
0
0
0
0
0
0
0
0
0
0
0
0
0
0
0
0
0
0
0
0
0
0
0
0
0
0
0
0
0
0
0
0
0
0
0
0
-5.3763
0
0
0
0
0
0
0
0
0
0
0
0
0
0
0
0
0
0
0
0
0
0
0
0
0
0
0
0
0
0
0
0
0
0
0
0
0
0
0
0
0
-5.183
0
0
0
0
0
0
0
0
0
0
0
0
0
0
0
0
0
0
0
0
0
0
0
0
0
0
0
0
0
10.5592
0
0
0
0
0
0
0
0
0
0
0
0
0
0
0
0
0
0
0
0
0
0
0
0
0
0
0
0
0
0
0
0
0
0
0
0
0
0
0
0
0
0
0
0
0
0
0
0
0
0
0
0
0
0
0
0
0
0
0
0
0
0
0
0
0
0
0
0
0
0
0
0
0
0
0
0
0
0
0
0
-4.6493
0
0
0
0
0
0
0
0
0
0
0
0
0
0
0
0
0
0
0
0
0
0
0
0
0
0
0
0
0
0
0
0
0
0
0
0
0
0
0
0
0
0
-4.7869
0
9.4361
0
0
0
0
0
0
0
0
0
0
0
0
0
0
0
0
0
0
0
0
0
0
0
0
0
0
0
0
0
0
0
0
0
0
0
0
0
0
0
0
0
0
0
0
0
0
0
0
0
0
0
0
0
0
0
0
0
0
0
0
0
0
0
0
0
0
0
0
0
0
0
0
0
0
0
0
0
0
0
0
0
0
0
0
0
0
0
0
0
0
0
0
-5.1183
0
0
0
0
0
0
0
0
0
0
0
0
0
0
0
0
0
0
0
0
0
0
0
0
0
0
0
0
0
0
0
0
9.4572
0
0
0
0
0
0
-4.3389
0
0
0
0
0
0
0
0
0
0
0
0
0
0
0
0
0
0
0
0
0
0
0
0
0
0
0
0
0
0
0
0
0
-3.4572
0
0
0
0
0
0
0
0
0
0
0
0
0
0
0
0
0
0
0
0
0
0
0
0
0
0
0
0
0
0
0
0
0
0
0
0
0
0
0
0
0
0
0
0
0
0
0
0
0
0
0
0
0
0
0
0
0
0
-3.0727
0
0
0
0
0
0
0
0
0
0
0
0
0
0
0
0
0
0
0
0
0
0
0
0
0
6.5298
0
0
0
0
0
0
0
0
0
0
0
0
0
0
0
0
0
0
0
0
0
0
0
0
0
0
0
0
0
0
0
0
0
0
0
0
0
0
0
0
0
0
0
0
0
0
0
0
0
0
0
0
-4.6884
0
0
0
0
0
0
0
0
0
0
0
0
0
0
0
0
0
0
0
0
0
0
0
0
0
0
0
0
0
0
0
0
0
0
0
0
0
0
0
0
0
0
0
0
0
0
0
0
0
0
0
0
0
0
0
0
0
0
0
0
0
0
0
0
0
0
0
0
0
0
0
0
9.4467
0
0
-4.7584
0
0
0
0
0
0
0
0
0
0
0
0
0
0
0
0
0
0
0
0
0
0
0
0
0
0
0
0
0
0
0
0
0
0
0
0
0
0
0
0
0
0
0
0
0
0
0
0
0
0
0
0
0
0
0
0
-4.6307
0
0
0
0
0
0
0
0
0
0
0
0
0
0
0
0
0
0
0
0
0
0
0
0
0
0
0
0
0
0
0
0
0
0
0
0
-3.7842
0
0
0
0
0
0
0
0
0
0
0
0
0
0
0
0
0
0
0
0
0
0
0
0
0
0
0
0
8.4149
0
0
0
0
0
0
0
0
0
0
0
0
0
0
0
0
0
0
0
0
0
0
0
0
0
0
0
0
0
0
0
0
0
0
0
0
0
0
0
0
0
0
0
0
0
0
0
0
0
0
0
0
0
0
0
0
0
0
0
0
0
0
0
0
0
0
0
0
0
0
0
0
0
0
-2.1904
0
0
0
0
0
0
0
0
0
0
0
0
0
0
0
0
0
0
0
0
0
0
0
0
0
0
0
0
0
0
0
0
0
0
-3.8659
0
0
0
0
0
0
0
0
0
0
0
0
0
0
0
6.0563
0
0
0
0
0
0
0
0
0
0
0
0
0
0
0
0
0
0
0
0
0
0
0
0
0
0
0
0
0
0
0
0
0
0
0
0
0
0
0
0
0
0
0
0
0
0
0
0
0
0
0
0
0
0
0
0
0
0
0
0
0
0
0
0
0
0
0
0
0
0
0
0
0
0
0
0
0
0
0
0
0
0
0
0
0
0
0
0
0
0
0
0
0
0
0
0
0
0
0
0
0
0
0
0
0
0
0
0
0
-3.5658
0
0
0
0
0
0
0
0
0
0
0
0
-4.7584
0
0
8.3242
0
0
0
0
0
0
0
0
0
0
0
0
0
0
0
0
0
0
0
0
0
0
0
0
0
0
0
0
0
0
0
0
0
0
0
0
0
0
0
0
0
0
0
0
0
0
0
0
0
0
0
0
0
0
0
0
0
0
-3.9475
0
0
0
0
0
0
0
0
0
0
0
0
0
0
0
0
0
0
0
0
0
0
0
0
0
0
0
0
0
0
0
0
0
0
0
0
0
0
0
0
0
0
0
0
0
0
-3.306
0
0
0
0
0
0
0
0
0
0
0
0
0
0
0
0
0
0
0
7.2535
0
0
0
0
0
0
0
0
0
0
0
0
0
0
0
0
0
0
0
0
0
0
0
0
0
0
0
0
0
0
0
0
0
0
0
0
0
0
0
0
0
0
0
0
0
0
0
0
0
0
0
0
0
0
0
0
0
0
0
0
0
0
0
0
0
0
0
0
0
0
0
0
0
0
0
0
0
0
0
0
0
0
0
0
0
0
0
0
0
0
0
0
0
0
0
0
0
0
0
0
0
-4.5728
0
0
0
0
0
0
0
0
0
0
0
0
0
0
0
0
-4.3389
0
0
0
0
0
0
8.9117
0
0
0
0
0
0
0
0
0
0
0
0
0
0
0
0
0
0
0
0
0
0
0
0
0
0
0
0
0
0
0
0
0
0
0
0
0
0
0
0
0
0
0
0
0
0
0
0
0
0
0
0
0
0
0
0
0
0
0
0
0
0
0
0
0
0
0
0
0
0
0
0
0
0
0
0
0
0
0
0
-3.4083
0
0
0
0
0
0
0
0
0
0
0
0
0
0
0
-3.2981
0
0
0
0
0
0
0
0
0
0
0
0
0
0
0
0
0
0
0
0
0
0
0
0
0
0
0
0
6.7064
0
0
0
0
0
0
0
0
0
0
0
0
0
0
0
0
0
0
0
0
0
0
0
0
0
0
0
0
0
0
0
0
0
0
0
0
0
0
0
0
0
0
0
0
0
0
0
0
0
0
0
0
0
0
0
0
0
0
0
0
0
-5.4119
0
0
0
0
0
0
0
0
0
0
0
0
0
0
0
0
0
0
0
0
0
0
0
0
-4.555
0
0
0
0
0
0
0
0
0
0
0
0
0
0
0
0
0
0
0
0
0
0
0
0
0
0
0
0
0
0
0
0
0
0
0
0
0
0
9.967
0
0
0
0
0
0
0
0
0
0
0
0
0
0
0
0
0
0
0
0
0
0
0
0
0
0
0
0
-8.705
0
0
0
0
0
0
0
0
0
0
0
0
0
0
0
0
0
0
0
0
0
0
0
0
0
0
0
0
0
0
0
0
0
0
0
0
0
0
0
0
0
0
0
0
0
0
0
0
0
0
0
0
0
0
0
0
0
0
0
0
0
0
0
0
0
0
0
0
0
0
0
0
0
0
0
0
0
0
0
0
0
0
0
0
0
0
0
0
0
0
0
0
0
0
0
0
8.705
0
0
0
0
0
0
0
0
0
0
0
0
0
0
0
0
0
0
0
0
0
0
0
0
0
0
0
0
0
0
0
0
0
0
0
0
0
0
0
0
0
0
0
0
0
0
0
0
0
0
0
0
0
0
0
0
0
0
0
0
0
0
0
0
0
0
0
0
0
0
0
0
0
0
0
0
0
0
0
0
0
0
0
0
0
0
0
0
0
0
0
0
0
0
0
0
0
0
0
0
0
0
0
0
0
0
-5.0129
0
0
0
0
0
0
0
0
0
0
0
0
0
0
0
0
0
0
5.0129
0
0
0
0
0
0
0
0
0
0
0
0
0
0
0
0
0
0
0
0
0
0
0
0
0
0
0
0
0
0
0
0
0
0
0
0
0
0
0
0
0
0
0
0
0
0
0
0
0
0
0
0
0
0
0
0
0
0
0
0
0
0
0
0
0
0
0
0
0
0
0
0
0
0
0
0
0
0
0
0
0
0
-5.3244
0
0
0
0
0
0
0
0
0
0
0
0
0
0
0
0
0
0
0
0
0
0
0
0
0
0
0
0
0
0
0
0
0
0
0
0
0
0
0
0
0
0
5.3244
0
0
0
0
0
0
0
0
0
0
0
0
0
0
0
0
0
0
0
0
0
0
0
0
0
0
0
0
0
0
0
0
0
0
0
0
0
0
0
0
0
0
0
0
0
0
0
0
0
0
0
0
0
0
0
0
0
0
0
0
0
0
0
0
0
0
0
0
0
0
0
0
0
0
0
0
0
0
-6.0937
0
0
0
0
0
0
0
0
0
0
0
0
0
0
0
0
0
0
0
0
0
0
0
0
0
0
0
0
0
0
0
0
0
0
0
0
0
0
0
0
0
0
0
0
0
0
6.0937
0
0
0
0
0
0
0
0
0
0
0
0
0
0
0
0
0
0
0
0
0
0
0
0
0
0
0
0
0
0
0
0
0
0
0
0
0
0
0
0
0
0
0
0
0
0
-7.5731
0
0
0
0
0
0
0
0
0
0
0
0
0
0
0
0
0
0
0
0
0
0
0
0
0
0
0
0
0
0
0
0
0
0
0
0
0
0
0
0
0
0
0
0
0
0
0
0
0
0
0
0
0
0
0
0
0
0
0
0
0
0
0
0
0
0
0
0
0
0
0
0
0
0
0
0
0
0
7.5731
0
0
0
0
0
0
0
0
0
0
0
0
0
0
0
0
0
0
0
0
0
0
0
0
0
0
0
0
0
0
0
0
0
0
0
-8.1462
0
0
0
0
0
0
0
0
0
0
0
0
0
0
0
0
0
0
0
0
0
0
0
0
0
0
0
0
0
0
0
0
0
0
0
0
0
0
0
0
0
0
0
0
0
0
0
0
0
0
0
0
0
0
0
0
0
0
0
0
0
0
0
0
0
0
0
0
0
0
0
0
0
0
0
0
0
0
0
0
0
0
0
0
0
0
0
0
0
8.1462
0
0
0
0
0
0
0
0
0
0
0
0
0
0
0
0
0
0
0
0
0
0
0
0
0
0
0
0
0
0
0
0
0
0
0
0
0
0
0
0
0
0
0
0
0
0
0
0
0
0
0
0
0
0
0
0
0
0
0
0
0
0
0
0
0
0
0
0
0
0
0
0
0
0
0
0
0
-5.5709
0
0
0
0
0
0
0
0
0
0
0
0
0
0
0
0
0
0
0
0
0
0
0
0
0
0
0
0
0
0
0
0
0
0
0
0
0
0
0
0
0
0
0
0
0
0
0
5.5709
0
0
0
0
0
0
0
0
0
0
0
0
0
0
0
0
0
0
0
0
-9.3289
0
0
0
0
0
0
0
0
0
0
0
0
0
0
0
0
0
0
0
0
0
0
0
0
0
0
0
0
0
0
0
0
0
0
0
0
0
0
0
0
0
0
0
0
0
0
0
0
0
0
0
0
0
0
0
0
0
0
0
0
0
0
0
0
0
0
0
0
0
0
0
0
0
0
0
0
0
0
0
0
0
0
0
0
0
0
0
0
0
0
0
0
0
0
0
0
0
0
0
0
0
0
0
0
9.3289
0
0
0
0
0
0
0
0
0
0
0
0
0
0
0
0
0
0
0
0
0
0
0
0
0
0
0
0
0
0
0
0
0
0
0
0
0
0
0
0
0
0
0
0
0
0
0
-6.6331
0
0
0
0
0
0
0
0
0
0
0
0
0
0
0
0
0
0
0
0
0
0
0
0
0
0
0
0
0
0
0
0
0
0
0
0
0
0
0
0
0
0
0
0
0
0
0
0
0
0
0
0
0
0
0
0
0
0
0
0
0
0
0
0
0
0
0
0
0
0
0
0
0
0
0
0
0
6.6331
0
0
0
0
0
0
0
0
0
0
0
0
0
0
0
0
0
0
0
0
0
0
0
0
0
0
0
0
0
0
0
0
0
0
0
0
0
0
0
0
0
0
0
0
0
0
0
0
0
0
0
0
0
0
0
0
0
0
0
0
0
0
0
0
0
0
0
0
0
0
0
0
0
0
0
0
0
0
0
0
0
0
0
0
0
0
0
0
0
0
0
0
0
-1.7055
0
0
0
0
0
0
0
0
0
0
0
0
0
0
0
0
0
0
0
0
0
0
0
0
0
0
0
0
0
0
0
1.7055
0
0
0
0
0
0
0
0
0
0
0
0
0
0
0
0
0
0
0
0
0
0
0
0
0
0
0
0
0
0
0
0
0
0
0
0
0
0
0
0
0
0
0
0
0
0
0
0
0
0
0
0
0
0
0
0
0
0
0
0
0
0
0
0
0
0
0
-6.0466
0
0
0
0
0
0
0
0
0
0
0
0
0
0
0
0
0
0
0
0
0
0
0
0
0
0
0
0
0
0
0
0
0
0
0
0
0
0
0
0
0
0
0
0
0
0
0
0
0
0
0
0
0
0
0
0
0
6.0466
0
0
0
0
0
0
0
0
0
0
0
0
0
0
0
0
0
0
0
0
0
0
0
0
0
0
0
0
0
0
0
0
0
0
0
0
0
0
0
0
0
0
0
0
0
0
0
0
0
0
0
0
0
0
0
0
0
0
0
0
0
0
0
0
0
0
0
0
0
0
0
0
-5.5709
0
0
0
0
0
0
0
0
0
0
0
0
0
0
0
0
0
0
0
0
0
0
0
0
0
0
0
0
0
0
0
0
0
0
0
0
0
0
0
0
0
0
0
0
0
0
0
0
0
0
0
0
5.5709
0
0
0
0
0
0
0
0
0
0
0
0
0
0
0
0
0
0
0
0
0
0
0
0
0
0
0
0
0
0
0
0
0
0
0
0
0
0
0
-7.5715
0
0
0
0
0
0
0
0
0
0
0
0
0
0
0
0
0
0
0
0
0
0
0
0
0
0
0
0
0
0
0
0
0
0
0
0
0
0
0
0
0
0
0
0
0
0
0
0
0
0
0
0
0
0
0
0
0
0
0
0
0
0
0
0
0
0
0
0
0
0
0
0
0
0
0
0
0
0
0
0
0
0
0
0
0
7.5715
0
0
0
0
0
0
0
0
0
0
0
0
0
0
0
0
0
0
0
0
0
0
0
0
0
0
0
0
0
0
0
0
0
0
0
0
0
0
0
0
0
0
0
0
0
0
0
0
0
0
0
0
0
0
0
0
0
0
0
0
0
0
0
0
0
0
0
0
0
0
0
0
0
0
0
0
0
0
0
0
0
0
0
0
0
0
0
0
0
0
0
0
-4.7952
0
0
0
0
0
0
0
0
0
0
0
0
0
0
0
0
0
0
0
0
0
0
0
0
0
0
0
0
0
0
0
0
4.7952
0
0
0
0
0
0
0
0
0
0
0
0
0
0
0
0
0
0
0
0
0
0
0
0
0
0
0
0
0
0
0
0
0
0
0
0
0
0
0
0
0
0
0
0
0
0
0
0
0
0
0
0
0
0
0
0
0
0
0
0
0
0
0
0
0
0
0
-6.0937
0
0
0
0
0
0
0
0
0
0
0
0
0
0
0
0
0
0
0
0
0
0
0
0
0
0
0
0
0
0
0
0
0
0
0
0
0
0
0
0
0
0
0
0
0
0
0
0
0
0
0
0
0
0
0
0
0
6.0937
0
0
0
0
0
0
0
0
0
0
0
-9.4489
0
0
0
0
0
0
0
0
0
0
0
0
0
0
0
0
0
0
0
0
0
0
0
0
0
0
0
0
0
0
0
0
0
0
0
0
0
0
0
0
0
0
0
0
0
0
0
0
0
0
0
0
0
0
0
0
0
0
0
0
0
0
0
0
0
0
0
0
0
0
0
0
0
0
0
0
0
0
0
0
0
0
0
0
0
0
0
0
0
0
0
0
0
0
0
0
0
0
0
0
0
0
0
0
0
0
0
0
0
0
0
0
0
9.4489
0
0
0
0
0
0
0
0
0
0
0
0
0
0
0
0
0
0
0
0
0
0
0
0
0
0
0
0
0
0
0
0
0
0
0
0
0
0
0
0
0
0
0
0
0
0
0
0
0
0
0
0
0
0
0
0
0
0
0
0
0
0
0
0
0
0
0
0
0
0
0
0
0
0
0
0
0
0
0
0
-4.7193
0
0
0
0
0
0
0
0
0
0
0
0
0
0
0
0
0
0
0
0
0
0
0
0
0
0
0
0
0
0
0
0
0
0
0
0
0
0
0
0
0
0
0
0
4.7193
0
0
0
0
0
0
0
0
0
0
0
0
0
0
0
0
0
0
0
0
0
0
0
0
0
0
0
0
0
0
0
0
0
0
0
0
0
0
0
0
0
0
0
0
0
0
0
0
0
0
0
0
0
0
0
0
0
0
0
0
0
0
0
0
0
0
0
0
0
0
0
0
0
0
0
0
-5.0382
0
0
0
0
0
0
0
0
0
0
0
0
0
0
0
0
0
0
0
0
0
0
0
0
0
0
0
0
0
0
0
0
0
0
0
0
0
0
0
0
0
0
0
0
0
0
0
0
5.0382
0
0
0
0
0
0
0
0
0
0
0
0
0
0
0
0
0
0
0
0
0
0
0
0
0
0
0
0
0
0
0
0
0
0
0
0
0
0
0
0
0
0
0
0
0
0
0
0
0
0
0
0
0
0
0
0
0
0
0
0
0
0
0
0
-5.8061
0
0
0
0
0
0
0
0
0
0
0
0
0
0
0
0
0
0
0
0
0
0
0
0
0
0
0
0
0
0
0
0
0
0
0
0
0
0
0
0
0
0
0
0
0
0
0
0
0
0
0
0
0
0
0
0
0
0
0
0
5.8061
0
0
0
0
0
0
0
0
0
0
-8.8582
0
0
0
0
0
0
0
0
0
0
0
0
0
0
0
0
0
0
0
0
0
0
0
0
0
0
0
0
0
0
0
0
0
0
0
0
0
0
0
0
0
0
0
0
0
0
0
0
0
0
0
0
0
0
0
0
0
0
0
0
0
0
0
0
0
0
0
0
0
0
0
0
0
0
0
0
0
0
0
0
0
0
0
0
0
0
0
0
0
0
0
0
0
0
0
0
0
0
0
0
0
0
0
0
0
0
0
0
0
0
0
0
0
0
8.8582
0
0
0
0
0
0
0
0
0
0
0
0
0
0
0
0
0
0
0
0
0
0
0
0
0
0
0
0
0
0
0
0
0
0
0
0
0
0
0
0
0
0
0
0
0
0
0
0
0
0
0
0
0
0
0
0
0
0
0
0
0
0
0
0
0
0
0
0
0
0
0
0
0
0
0
0
0
0
0
-0.68689
0
0
0
0
0
0
0
0
0
0
0
0
0
0
0
0
0
0
0
0
0
0
0
0
0
0
0
0
0
0
0
0
0
0
0
0
0
0
0
0
0
0
0
0
0
0.68689
0
0
0
0
0
0
0
0
0
0
0
0
0
0
0
0
0
0
0
0
0
0
0
0
0
0
0
0
0
0
0
0
0
0
0
0
0
0
0
0
0
0
0
0
0
0
0
0
0
0
0
0
0
0
0
0
0
0
0
0
0
0
0
0
0
0
0
0
0
0
0
0
0
0
0
0
0
0
0
0
0
0
0
0
0
0
0
0
-4.823
0
0
0
0
0
0
0
0
0
0
0
0
0
0
0
0
0
0
0
0
0
0
0
0
0
0
0
0
0
0
0
0
0
0
0
0
4.823
0
0
0
0
0
0
0
0
0
0
0
0
0
0
0
0
0
0
0
0
0
0
0
0
0
0
0
0
0
0
0
0
0
0
0
0
0
0
0
0
0
0
0
0
0
0
0
0
0
0
0
0
0
0
0
0
0
0
0
0
0
0
0
0
0
0
0
0
0
0
0
0
0
0
-4.7193
0
0
0
0
0
0
0
0
0
0
0
0
0
0
0
0
0
0
0
0
0
0
0
0
0
0
0
0
0
0
0
0
0
0
0
0
0
0
0
0
0
0
0
0
0
0
0
0
0
0
4.7193
0
0
0
0
0
0
0
0
0
0
0
0
0
0
0
0
0
0
0
0
-8.1458
0
0
0
0
0
0
0
0
0
0
0
0
0
0
0
0
0
0
0
0
0
0
0
0
0
0
0
0
0
0
0
0
0
0
0
0
0
0
0
0
0
0
0
0
0
0
0
0
0
0
0
0
0
0
0
0
0
0
0
0
0
0
0
0
0
0
0
0
0
0
0
0
0
0
0
0
0
0
0
0
0
0
0
0
0
0
0
0
0
0
0
0
0
0
0
0
0
0
0
0
0
0
0
0
8.1458
0
0
0
0
0
0
0
0
0
0
0
0
0
0
0
0
0
0
0
0
0
0
0
0
0
0
0
0
0
0
0
0
0
0
0
0
0
0
0
0
0
0
0
0
0
0
0
0
0
0
0
0
0
0
0
0
0
0
0
0
0
0
0
0
0
0
0
0
0
0
0
-4.8609
0
0
0
0
0
0
0
0
0
0
0
0
0
0
0
0
0
0
0
0
0
0
0
0
0
0
0
0
0
0
0
0
0
0
0
0
0
0
0
0
0
0
0
0
0
0
0
0
0
0
0
0
0
4.8609
0
0
0
0
0
0
0
0
0
0
0
0
0
0
0
0
0
0
0
0
0
0
0
0
0
0
0
0
0
0
0
0
0
0
0
0
0
0
0
0
0
0
0
0
0
0
0
0
0
0
0
0
0
0
0
0
0
0
0
0
0
0
0
0
0
0
0
0
0
0
0
0
0
0
0
0
-4.2014
0
0
0
0
0
0
0
0
0
0
0
0
0
0
0
0
0
0
0
0
0
0
0
0
0
0
0
0
0
0
0
0
0
0
0
0
0
0
0
0
0
0
0
0
0
0
0
0
4.2014
