78.1303
-0.88544
-0.87788
-0.86857
-0.87205
-0.87774
-0.84741
-0.86431
-0.8516
-0.84219
-0.86288
-0.88561
-0.82002
-0.81985
-0.90635
-0.88032
-0.83459
-0.90628
-0.8627
-0.84354
-0.84357
-0.86005
-0.85341
-0.83418
-0.8698
-0.86929
-0.84031
-0.8312
-0.83249
-0.83088
-0.8338
-0.826
-0.83383
-0.81863
-0.8477
-0.81862
-0.82491
-0.82946
-0.84575
-0.84281
-0.82333
-0.81219
-0.80512
-0.83934
-0.79894
-0.79897
-0.79377
-0.76456
-0.81434
-0.79216
-0.78349
-0.83926
-0.81112
-0.80142
-0.81216
-0.91871
-0.89484
-0.93934
-0.89876
-1.028
-1.1523
-1.0971
-1.1339
-1.1162
-1.1147
-1.4379
-1.3082
-1.5241
-1.5127
-2.0548
0
-2.6001
0
0
0
-2.5908
0
0
0
0
0
0
0
0
0
0
0
0
0
0
0
0
0
0
0
0
0
0
0
0
0
0
0
0
0
0
0
0
0
0
0
0
0
0
-9.5217
0
0
0
0
0
0
0
0
0
0
-0.88544
75.7914
-0.86158
-0.85249
-0.86002
-0.86353
-0.83383
-0.8505
-0.83785
-0.8285
-0.84879
-0.87141
-0.80612
-0.80595
-0.89152
-0.86612
-0.82062
-0.89147
-0.84811
-0.8295
-0.82954
-0.84727
-0.83887
-0.82003
-0.85539
-0.85488
-0.82604
-0.81729
-0.81938
-0.81663
-0.81976
-0.79977
-0.81977
-0.80471
-0.83312
-0.80472
-0.81095
-0.81715
-0.83147
-0.82876
-0.81248
-0.79839
-0.79085
-0.82925
-0.78527
-0.78529
-0.78016
-0.75113
-0.80091
-0.77847
-0.76978
-0.8244
-0.79678
-0.78744
-0.798
-0.902
-0.87977
-0.92407
-0.88455
-1.0122
-1.1371
-1.0821
-1.1188
-1.0996
-1.0983
-1.4219
-1.3108
-1.504
-1.4939
0
0
-2.5808
0
-3.4119
0
0
0
0
0
0
0
0
0
0
0
0
0
0
0
0
0
0
0
0
0
0
0
0
0
0
0
0
0
0
0
0
-9.3923
0
0
0
0
0
0
0
0
0
0
0
0
0
0
0
0
0
0
-0.87788
-0.86158
71.6168
-0.84959
-0.85862
-0.86151
-0.83197
-0.84842
-0.83565
-0.82625
-0.84681
-0.8674
-0.80415
-0.80398
-0.88914
-0.86191
-0.81858
-0.88907
-0.84658
-0.82747
-0.82751
-0.84446
-0.83708
-0.81943
-0.85318
-0.85265
-0.82423
-0.81555
-0.81862
-0.8148
-0.81801
-0.80959
-0.81803
-0.80296
-0.82721
-0.80295
-0.80917
-0.81439
-0.82952
-0.82699
-0.81073
-0.79666
-0.78921
-0.82926
-0.78353
-0.78355
-0.77853
-0.74936
-0.79921
-0.77675
-0.76803
-0.82263
-0.7921
-0.78568
-0.79664
-0.90007
-0.87793
-0.92005
-0.88267
-0.99888
-1.135
-1.0801
-1.1167
-1.0973
-1.0962
-1.4211
-1.2932
-1.5016
-1.4936
0
0
-2.5897
0
0
0
0
0
0
0
0
0
0
0
0
0
0
0
0
0
0
0
0
0
0
0
0
0
0
0
-8.7779
0
0
0
0
0
0
0
0
0
0
0
0
0
0
0
0
0
0
0
0
0
0
0
0
0
-0.86857
-0.85249
-0.84959
70.3143
-0.8465
-0.84594
-0.82094
-0.83317
-0.82038
-0.81083
-0.83123
-0.85177
-0.78884
-0.78866
-0.87141
-0.84609
-0.80309
-0.87135
-0.83113
-0.81189
-0.81192
-0.82845
-0.82168
-0.80398
-0.83631
-0.83581
-0.80772
-0.79962
-0.8029
-0.79899
-0.8024
-0.79471
-0.80241
-0.78759
-0.813
-0.78759
-0.79373
-0.79902
-0.81033
-0.8114
-0.79542
-0.78128
-0.77547
-0.81427
-0.76828
-0.76829
-0.76283
-0.73439
-0.78348
-0.76156
-0.75288
-0.8064
-0.7771
-0.77043
-0.78162
-0.88123
-0.86461
-0.8983
-0.86448
-0.98632
-1.1179
-1.0632
-1.0997
-1.0788
-1.079
-1.4035
-1.2775
-1.4902
-1.4752
0
0
0
0
0
0
0
0
-2.1797
0
0
0
0
0
0
0
0
0
0
0
0
0
0
0
0
0
0
0
0
0
0
0
0
0
0
0
0
0
0
0
0
0
0
0
0
0
0
0
0
-8.9276
0
0
0
0
0
0
-0.87205
-0.86002
-0.85862
-0.8465
65.081
-0.86417
-0.83139
-0.84995
-0.83713
-0.82771
-0.84868
-0.86415
-0.80547
-0.8053
-0.89205
-0.86034
-0.82
-0.89199
-0.84926
-0.8292
-0.82922
-0.84636
-0.83888
-0.82144
-0.85505
-0.85453
-0.82667
-0.81677
-0.82079
-0.81826
-0.81976
-0.81172
-0.81977
-0.80458
-0.83202
-0.80459
-0.81074
-0.81627
-0.83085
-0.82883
-0.81039
-0.7984
-0.79196
-0.8319
-0.78506
-0.78508
-0.77964
-0.7509
-0.8022
-0.77836
-0.7695
-0.82603
-0.78607
-0.78734
-0.79797
-0.90658
-0.88169
-0.92104
-0.886
-1.0052
-1.138
-1.0828
-1.1198
-1.0995
-1.1026
-1.4278
-1.3014
-1.5146
-1.5091
-2.0695
0
-2.6134
0
0
0
0
0
0
0
0
0
0
0
0
0
0
0
0
0
0
0
0
0
0
0
0
0
0
0
0
0
0
0
0
0
0
0
0
0
0
0
0
0
0
0
0
0
0
0
0
0
0
0
0
0
-0.87774
-0.86353
-0.86151
-0.84594
-0.86417
63.8862
-0.83542
-0.84962
-0.83677
-0.82738
-0.84833
-0.86433
-0.80511
-0.80493
-0.89305
-0.86126
-0.8201
-0.89298
-0.8495
-0.82939
-0.82943
-0.84633
-0.83936
-0.82162
-0.85334
-0.85283
-0.82531
-0.81627
-0.82031
-0.81588
-0.81993
-0.81181
-0.81995
-0.80469
-0.83144
-0.8047
-0.81079
-0.81632
-0.83073
-0.82891
-0.81281
-0.79843
-0.79136
-0.83207
-0.7851
-0.7851
-0.7789
-0.75132
-0.80123
-0.7784
-0.76953
-0.8272
-0.78607
-0.78731
-0.79841
-0.90567
-0.88422
-0.92237
-0.88728
-1.0049
-1.139
-1.0838
-1.1209
-1.098
-1.0721
-1.4305
-1.3037
-1.5142
-1.5089
0
0
0
0
0
0
0
0
0
0
0
0
0
0
0
0
0
0
0
0
0
-3.4965
0
0
0
0
0
0
0
0
0
0
0
0
0
0
0
0
0
0
0
0
0
0
0
0
0
0
0
0
0
0
0
0
0
0
-0.84741
-0.83383
-0.83197
-0.82094
-0.83139
-0.83542
61.2123
-0.82619
-0.81203
-0.80224
-0.82296
-0.83725
-0.78016
-0.77998
-0.86799
-0.83385
-0.79438
-0.86791
-0.82332
-0.80347
-0.80351
-0.81934
-0.81291
-0.79579
-0.82869
-0.82819
-0.80062
-0.79114
-0.79507
-0.79245
-0.79404
-0.78595
-0.79404
-0.77895
-0.80578
-0.77895
-0.78496
-0.79047
-0.80456
-0.80283
-0.78688
-0.77275
-0.76624
-0.80593
-0.75957
-0.75959
-0.75429
-0.72595
-0.77666
-0.75295
-0.74422
-0.80011
-0.76038
-0.76167
-0.77208
-0.87918
-0.85537
-0.89404
-0.85972
-0.97712
-1.109
-1.0543
-1.0909
-1.071
-1.0739
-1.3979
-1.2715
-1.4827
-1.4785
0
0
-2.577
0
0
0
0
0
0
0
0
0
0
0
0
0
0
0
0
0
0
0
0
0
0
0
0
0
0
0
0
0
0
0
0
0
0
0
0
0
0
0
0
0
0
0
0
0
0
0
0
0
0
0
0
0
-0.86431
-0.8505
-0.84842
-0.83317
-0.84995
-0.84962
-0.82619
59.4937
-0.82299
-0.81358
-0.83493
-0.85067
-0.79152
-0.79134
-0.87537
-0.84706
-0.80609
-0.87529
-0.83574
-0.8155
-0.81551
-0.83369
-0.82533
-0.80795
-0.84169
-0.84119
-0.81282
-0.803
-0.80726
-0.80542
-0.8062
-0.79819
-0.8062
-0.79095
-0.81913
-0.79095
-0.79698
-0.80259
-0.81766
-0.81495
-0.79903
-0.78469
-0.77807
-0.81825
-0.77133
-0.77137
-0.76584
-0.73783
-0.78807
-0.76473
-0.75592
-0.81256
-0.77277
-0.77354
-0.78526
-0.89315
-0.86972
-0.90791
-0.87294
-0.99039
-1.1229
-1.068
-1.1047
-1.0845
-1.0878
-1.4128
-1.2864
-1.4985
-1.4948
0
0
0
0
0
0
0
0
0
0
0
0
0
0
0
0
0
0
0
0
0
0
0
0
0
0
0
0
0
0
0
0
0
0
0
0
0
0
0
0
0
0
0
0
0
0
0
0
0
0
0
0
0
0
0
0
-0.8516
-0.83785
-0.83565
-0.82038
-0.83713
-0.83677
-0.81203
-0.82299
57.0866
-0.79948
-0.82025
-0.83652
-0.7778
-0.77762
-0.86227
-0.83303
-0.79239
-0.86219
-0.82264
-0.80189
-0.80191
-0.82317
-0.81153
-0.79431
-0.828
-0.8275
-0.79888
-0.78937
-0.7936
-0.79203
-0.7926
-0.78453
-0.79262
-0.77737
-0.80579
-0.77737
-0.78327
-0.78886
-0.80383
-0.80108
-0.78528
-0.77106
-0.76452
-0.8042
-0.75777
-0.75779
-0.75233
-0.72445
-0.77427
-0.75123
-0.74247
-0.79819
-0.76007
-0.75995
-0.77164
-0.87878
-0.85532
-0.893
-0.85854
-0.97572
-1.1076
-1.0529
-1.0895
-1.0698
-1.073
-1.3967
-1.2699
-1.4824
0
0
0
0
0
0
0
0
0
0
0
0
0
0
0
0
0
0
0
0
0
0
0
0
0
0
0
0
0
0
0
0
0
0
0
0
0
0
0
0
0
0
0
0
0
0
0
0
0
0
0
0
0
0
0
0
0
-0.84219
-0.8285
-0.82625
-0.81083
-0.82771
-0.82738
-0.80224
-0.81358
-0.79948
54.9345
-0.81028
-0.82568
-0.76773
-0.76754
-0.8517
-0.82238
-0.78236
-0.85163
-0.80889
-0.79196
-0.79198
-0.81044
-0.80132
-0.78426
-0.81849
-0.81794
-0.78848
-0.77923
-0.78345
-0.78195
-0.78261
-0.77439
-0.78262
-0.76729
-0.79679
-0.76729
-0.7731
-0.77859
-0.79319
-0.79081
-0.77505
-0.76096
-0.75416
-0.79358
-0.74765
-0.74768
-0.74218
-0.71456
-0.76407
-0.74119
-0.73244
-0.78808
-0.74997
-0.74985
-0.76146
-0.86784
-0.84437
-0.88295
-0.84855
-0.96486
-1.0964
-1.042
-1.0785
-1.0587
-1.0617
-1.3853
-1.2579
0
0
0
0
0
0
0
0
0
0
0
0
0
0
0
0
0
0
0
0
0
0
0
0
0
0
0
0
0
0
0
0
0
0
0
0
0
0
0
0
0
0
0
0
0
0
0
0
0
0
0
0
0
0
0
0
0
0
-0.86288
-0.84879
-0.84681
-0.83123
-0.84868
-0.84833
-0.82296
-0.83493
-0.82025
-0.81028
58.7841
-0.84614
-0.78733
-0.78717
-0.87105
-0.84232
-0.80205
-0.87098
-0.83101
-0.81152
-0.81157
-0.81434
-0.82072
-0.80426
-0.83783
-0.83733
-0.80895
-0.79879
-0.80313
-0.80183
-0.80226
-0.79438
-0.80226
-0.787
-0.81496
-0.78702
-0.79297
-0.79927
-0.81322
-0.81088
-0.79501
-0.7807
-0.77444
-0.81295
-0.76738
-0.76739
-0.76161
-0.73372
-0.78407
-0.76078
-0.75201
-0.80817
-0.77021
-0.7696
-0.78103
-0.89026
-0.86542
-0.90435
-0.86853
-0.98633
-1.1185
-1.0638
-1.1006
-1.081
-1.0845
-1.4074
0
0
0
0
0
0
0
0
0
0
0
0
0
0
0
-3.8266
0
0
0
0
0
0
0
0
0
0
0
0
0
0
0
0
0
0
0
0
0
0
0
0
0
0
0
0
0
0
0
0
0
0
0
0
0
0
0
0
0
0
0
-0.88561
-0.87141
-0.8674
-0.85177
-0.86415
-0.86433
-0.83725
-0.85067
-0.83652
-0.82568
-0.84614
60.1194
-0.80249
-0.80233
-0.88764
-0.86189
-0.81559
-0.88757
-0.84531
-0.8249
-0.82491
-0.84659
-0.83543
-0.81807
-0.85417
-0.85365
-0.82163
-0.81332
-0.81711
-0.81689
-0.81522
-0.80965
-0.81524
-0.79959
-0.83015
-0.7996
-0.80536
-0.81455
-0.83057
-0.82562
-0.80958
-0.79548
-0.78832
-0.82899
-0.78195
-0.78196
-0.77784
-0.74864
-0.79509
-0.77467
-0.7659
-0.825
-0.71248
-0.78368
-0.79454
-0.90569
-0.88138
-0.92731
-0.88597
-1.0105
-1.1333
-1.0783
-1.1154
-1.1028
-1.101
0
0
0
0
0
0
0
0
0
0
0
0
0
0
0
0
0
0
0
0
-5.6377
0
0
0
0
0
0
0
0
0
0
0
0
0
0
0
0
0
0
0
0
0
0
0
0
0
0
0
0
0
0
0
0
0
0
0
0
0
0
0
-0.82002
-0.80612
-0.80415
-0.78884
-0.80547
-0.80511
-0.78016
-0.79152
-0.7778
-0.76773
-0.78733
-0.80249
52.2006
-0.72934
-0.82824
-0.79916
-0.7605
-0.82817
-0.7871
-0.77031
-0.77034
-0.78924
-0.77876
-0.76273
-0.79529
-0.79477
-0.77026
-0.75712
-0.76128
-0.76062
-0.76059
-0.75226
-0.7606
-0.74519
-0.76946
-0.74519
-0.75071
-0.75705
-0.77006
-0.76805
-0.75248
-0.73872
-0.73186
-0.77065
-0.72545
-0.72547
-0.71986
-0.6926
-0.74171
-0.71919
-0.71058
-0.76531
-0.72761
-0.72761
-0.73869
-0.84329
-0.82053
-0.85904
-0.82516
-0.93953
-1.0707
-1.0167
-1.0529
-1.033
-1.0361
-1.3567
0
0
0
0
0
0
0
0
0
0
0
0
0
0
0
0
0
0
0
0
0
0
0
0
0
0
0
0
0
0
0
0
0
0
0
0
0
0
0
0
0
0
0
0
0
0
0
0
0
0
0
0
0
0
0
0
0
0
0
-0.81985
-0.80595
-0.80398
-0.78866
-0.8053
-0.80493
-0.77998
-0.79134
-0.77762
-0.76754
-0.78717
-0.80233
-0.72934
52.1894
-0.82808
-0.79899
-0.76036
-0.828
-0.78692
-0.77015
-0.77018
-0.78909
-0.7786
-0.76257
-0.79512
-0.79462
-0.77008
-0.75695
-0.76111
-0.76048
-0.76042
-0.75208
-0.76044
-0.74501
-0.76932
-0.74502
-0.75055
-0.75687
-0.76986
-0.76787
-0.75229
-0.73855
-0.73169
-0.77045
-0.72528
-0.72529
-0.71967
-0.69245
-0.74153
-0.71902
-0.7104
-0.76512
-0.72743
-0.72745
-0.7385
-0.84308
-0.82034
-0.85884
-0.82497
-0.93935
-1.0705
-1.0166
-1.0527
-1.0328
-1.0359
-1.3565
0
0
0
0
0
0
0
0
0
0
0
0
0
0
0
0
0
0
0
0
0
0
0
0
0
0
0
0
0
0
0
0
0
0
0
0
0
0
0
0
0
0
0
0
0
0
0
0
0
0
0
0
0
0
0
0
0
0
0
-0.90635
-0.89152
-0.88914
-0.87141
-0.89205
-0.89305
-0.86799
-0.87537
-0.86227
-0.8517
-0.87105
-0.88764
-0.82824
-0.82808
61.9816
-0.88345
-0.8409
-0.91841
-0.86924
-0.85002
-0.85005
-0.86772
-0.85969
-0.84224
-0.87574
-0.87522
-0.844
-0.83662
-0.84053
-0.83702
-0.84033
-0.83246
-0.84035
-0.82479
-0.85269
-0.82479
-0.83095
-0.83819
-0.8512
-0.84909
-0.83285
-0.8184
-0.81053
-0.85107
-0.80489
-0.8049
-0.79893
-0.77078
-0.82055
-0.79821
-0.78924
-0.8437
-0.81044
-0.80722
-0.81792
-0.92297
-0.90132
-0.94209
-0.90579
-1.0305
-1.1601
-1.105
-1.1418
0
0
0
0
0
0
0
0
0
0
0
0
0
0
0
0
0
0
0
0
0
0
0
0
0
0
0
0
0
0
0
0
0
0
0
0
0
0
0
0
0
-8.2008
0
0
0
0
0
0
0
0
0
0
0
0
0
0
0
0
0
0
0
0
-0.88032
-0.86612
-0.86191
-0.84609
-0.86034
-0.86126
-0.83385
-0.84706
-0.83303
-0.82238
-0.84232
-0.86189
-0.79916
-0.79899
-0.88345
57.4508
-0.81128
-0.88338
-0.84072
-0.82042
-0.82045
-0.84911
-0.83093
-0.81359
-0.85058
-0.8501
-0.81995
-0.80873
-0.81267
-0.81423
-0.81089
-0.8066
-0.8109
-0.79704
-0.82736
-0.79703
-0.80294
-0.80949
-0.82496
-0.82078
-0.80482
-0.79023
-0.78279
-0.82389
-0.77684
-0.77687
-0.77305
-0.74154
-0.79087
-0.77028
-0.76138
-0.81932
-0.78811
-0.77898
-0.78973
-0.89959
-0.87608
-0.85474
-0.88
-1.0041
-1.1283
-1.0735
-1.1101
0
0
0
0
0
0
0
0
0
0
0
0
0
0
0
0
0
0
0
0
0
0
0
0
-5.4234
0
0
0
0
0
0
0
0
0
0
0
0
0
0
0
0
0
0
0
0
0
0
0
0
0
0
0
0
0
0
0
0
0
0
0
0
0
-0.83459
-0.82062
-0.81858
-0.80309
-0.82
-0.8201
-0.79438
-0.80609
-0.79239
-0.78236
-0.80205
-0.81559
-0.7605
-0.76036
-0.8409
-0.81128
50.6569
-0.84082
-0.80008
-0.78607
-0.7861
-0.79929
-0.79462
-0.77658
-0.80527
-0.80476
-0.77542
-0.77087
-0.77538
-0.76699
-0.77435
-0.76582
-0.77436
-0.75837
-0.77863
-0.75836
-0.76401
-0.77082
-0.78443
-0.78156
-0.76608
-0.75197
-0.74523
-0.78523
-0.73845
-0.73847
-0.7331
-0.7057
-0.75488
-0.73219
-0.72348
-0.77938
-0.74196
-0.74078
-0.75217
-0.85917
-0.8355
-0.87381
-0.83902
-0.95334
-1.0851
-1.031
-1.0674
-1.0477
0
0
0
0
0
0
0
0
0
0
0
0
0
0
0
0
0
0
0
0
0
0
0
0
0
0
0
0
0
0
0
0
0
0
0
0
0
0
0
0
0
0
0
0
0
0
0
0
0
0
0
0
0
0
0
0
0
0
0
0
0
-0.90628
-0.89147
-0.88907
-0.87135
-0.89199
-0.89298
-0.86791
-0.87529
-0.86219
-0.85163
-0.87098
-0.88757
-0.82817
-0.828
-0.91841
-0.88338
-0.84082
61.9767
-0.86916
-0.84995
-0.84999
-0.86763
-0.85962
-0.84217
-0.87566
-0.87515
-0.84393
-0.83655
-0.84046
-0.83696
-0.84026
-0.83239
-0.84028
-0.82471
-0.85262
-0.82471
-0.83089
-0.83812
-0.85113
-0.84903
-0.83278
-0.81833
-0.81046
-0.85101
-0.8048
-0.80483
-0.79885
-0.7707
-0.82048
-0.79814
-0.78916
-0.84363
-0.81037
-0.80715
-0.81785
-0.9229
-0.90124
-0.94201
-0.90572
-1.0304
-1.1601
-1.1049
-1.1417
0
0
0
0
0
0
0
0
0
0
0
0
0
0
0
0
0
0
0
0
0
0
0
0
0
0
0
0
0
0
0
0
0
0
0
0
0
0
0
0
0
0
0
0
0
0
0
0
0
0
0
0
0
0
0
0
0
0
0
-8.2003
0
0
-0.8627
-0.84811
-0.84658
-0.83113
-0.84926
-0.8495
-0.82332
-0.83574
-0.82264
-0.80889
-0.83101
-0.84531
-0.7871
-0.78692
-0.86924
-0.84072
-0.80008
-0.86916
56.0311
-0.80982
-0.80986
-0.82841
-0.8153
-0.80187
-0.83765
-0.83711
-0.80717
-0.79689
-0.80125
-0.80206
-0.80062
-0.79206
-0.80064
-0.78518
-0.81141
-0.78518
-0.79096
-0.79703
-0.81177
-0.80875
-0.79287
-0.7787
-0.77278
-0.79488
-0.76523
-0.76525
-0.75949
-0.73185
-0.77993
-0.7588
-0.75038
-0.80618
-0.76839
-0.76797
-0.77935
-0.88946
-0.86528
-0.90213
-0.86689
-0.98478
-1.1175
-1.0629
-1.0994
0
0
0
0
0
0
0
0
0
0
0
0
0
0
0
0
0
0
0
0
0
0
0
0
0
0
0
0
-4.7324
0
0
0
0
0
0
0
0
0
0
0
0
0
0
0
0
0
0
0
0
0
0
0
0
0
0
0
0
0
0
0
0
0
-0.84354
-0.8295
-0.82747
-0.81189
-0.8292
-0.82939
-0.80347
-0.8155
-0.80189
-0.79196
-0.81152
-0.8249
-0.77031
-0.77015
-0.85002
-0.82042
-0.78607
-0.84995
-0.80982
49.0481
-0.77938
-0.80722
-0.80007
-0.78277
-0.81398
-0.81349
-0.78824
-0.77737
-0.77859
-0.77563
-0.78186
-0.77302
-0.78186
-0.76579
-0.78999
-0.7658
-0.77199
-0.77934
-0.79415
-0.78979
-0.77446
-0.76003
-0.75342
-0.79476
-0.74625
-0.74627
-0.74123
-0.7137
-0.76317
-0.74011
-0.7313
-0.78849
-0.75114
-0.74881
-0.76085
-0.87104
-0.84572
-0.88557
-0.84818
-0.96206
-1.0942
-1.04
0
0
0
0
0
0
0
0
0
0
0
0
0
0
0
0
0
0
0
0
0
0
0
0
0
0
0
0
0
0
0
0
0
0
0
0
0
0
0
0
0
0
0
0
0
0
0
0
0
0
0
0
0
0
0
0
0
0
0
0
0
0
0
-0.84357
-0.82954
-0.82751
-0.81192
-0.82922
-0.82943
-0.80351
-0.81551
-0.80191
-0.79198
-0.81157
-0.82491
-0.77034
-0.77018
-0.85005
-0.82045
-0.7861
-0.84999
-0.80986
-0.77938
49.0498
-0.80724
-0.80011
-0.78281
-0.81401
-0.81352
-0.78827
-0.7774
-0.77862
-0.77565
-0.78188
-0.77306
-0.78189
-0.76583
-0.79
-0.76583
-0.77202
-0.77937
-0.79418
-0.78983
-0.77449
-0.76005
-0.75345
-0.79479
-0.74628
-0.7463
-0.74125
-0.71373
-0.7632
-0.74014
-0.73134
-0.78852
-0.75116
-0.74884
-0.76088
-0.87107
-0.84575
-0.8856
-0.84821
-0.96209
-1.0942
-1.04
0
0
0
0
0
0
0
0
0
0
0
0
0
0
0
0
0
0
0
0
0
0
0
0
0
0
0
0
0
0
0
0
0
0
0
0
0
0
0
0
0
0
0
0
0
0
0
0
0
0
0
0
0
0
0
0
0
0
0
0
0
0
0
-0.86005
-0.84727
-0.84446
-0.82845
-0.84636
-0.84633
-0.81934
-0.83369
-0.82317
-0.81044
-0.81434
-0.84659
-0.78924
-0.78909
-0.86772
-0.84911
-0.79929
-0.86763
-0.82841
-0.80722
-0.80724
57.847
-0.81475
-0.79599
-0.83219
-0.83169
-0.80171
-0.78316
-0.79559
-0.79533
-0.79632
-0.78564
-0.79634
-0.78066
-0.81005
-0.78065
-0.78645
-0.78135
-0.78403
-0.8038
-0.78792
-0.77388
-0.76777
-0.80398
-0.76044
-0.76046
-0.74332
-0.72823
-0.77558
-0.75423
-0.7454
-0.80043
-0.76775
-0.76368
-0.78274
-0.88209
-0.85643
-0.89811
-0.8641
0
0
0
0
0
0
0
0
0
0
0
0
0
0
0
0
0
0
0
0
0
-3.161
-3.7938
0
0
-4.0946
0
0
0
0
0
0
0
0
0
0
0
0
0
0
0
0
0
0
0
0
0
0
0
0
0
0
0
0
0
0
0
0
0
0
0
0
0
0
0
0
-0.85341
-0.83887
-0.83708
-0.82168
-0.83888
-0.83936
-0.81291
-0.82533
-0.81153
-0.80132
-0.82072
-0.83543
-0.77876
-0.7786
-0.85969
-0.83093
-0.79462
-0.85962
-0.8153
-0.80007
-0.80011
-0.81475
49.9886
-0.79126
-0.8217
-0.82118
-0.79591
-0.78617
-0.78962
-0.78261
-0.7906
-0.78116
-0.79061
-0.77417
-0.78901
-0.77417
-0.78017
-0.78751
-0.80225
-0.79797
-0.78245
-0.76811
-0.76231
-0.79708
-0.75416
-0.75417
-0.74922
-0.72144
-0.77177
-0.74796
-0.73911
-0.79696
-0.76076
-0.75671
-0.76881
-0.88174
-0.85585
-0.89522
-0.85722
0
0
0
0
0
0
0
0
0
0
0
0
0
0
0
0
0
0
0
-3.5425
0
0
0
0
0
0
0
0
0
0
0
0
0
0
0
0
0
0
0
0
0
0
0
0
0
0
0
0
0
0
0
0
0
0
0
0
0
0
0
0
0
0
0
0
0
0
-0.83418
-0.82003
-0.81943
-0.80398
-0.82144
-0.82162
-0.79579
-0.80795
-0.79431
-0.78426
-0.80426
-0.81807
-0.76273
-0.76257
-0.84224
-0.81359
-0.77658
-0.84217
-0.80187
-0.78277
-0.78281
-0.79599
-0.79126
47.3455
-0.8047
-0.80418
-0.77893
-0.76463
-0.77329
-0.76726
-0.77452
-0.75799
-0.77454
-0.7568
-0.78223
-0.7568
-0.76277
-0.76748
-0.78483
-0.7803
-0.76485
-0.75085
-0.74412
-0.78177
-0.73673
-0.73674
-0.7316
-0.70448
-0.75323
-0.73081
-0.72204
-0.77909
-0.74336
-0.73942
-0.75118
-0.86124
-0.83599
-0.87587
-0.83908
0
0
0
0
0
0
0
0
0
0
0
0
0
0
0
0
0
0
0
0
-1.8919
0
0
0
0
0
0
0
0
0
0
0
0
0
0
0
0
0
0
0
0
0
0
0
0
0
0
0
0
0
0
0
0
0
0
0
0
0
0
0
0
0
0
0
0
0
-0.8698
-0.85539
-0.85318
-0.83631
-0.85505
-0.85334
-0.82869
-0.84169
-0.828
-0.81849
-0.83783
-0.85417
-0.79529
-0.79512
-0.87574
-0.85058
-0.80527
-0.87566
-0.83765
-0.81398
-0.81401
-0.83219
-0.8217
-0.8047
54.845
-0.83686
-0.80688
-0.79841
-0.80195
-0.79722
-0.8031
-0.79406
-0.80311
-0.7871
-0.81424
-0.7871
-0.79264
-0.79925
-0.81081
-0.81019
-0.79415
-0.78032
-0.77218
-0.81143
-0.76672
-0.76674
-0.76015
-0.73319
-0.78216
-0.76026
-0.75139
-0.80411
-0.77079
-0.76896
-0.77896
-0.88054
-0.86112
-0.9
-0.86635
0
0
0
0
0
0
0
0
0
0
0
0
0
0
0
0
0
0
0
0
0
0
0
0
0
0
0
0
0
0
0
0
0
0
0
0
0
0
0
0
0
0
0
0
-7.6387
0
0
0
0
0
0
0
0
0
0
0
0
0
0
0
0
0
0
0
0
0
-0.86929
-0.85488
-0.85265
-0.83581
-0.85453
-0.85283
-0.82819
-0.84119
-0.8275
-0.81794
-0.83733
-0.85365
-0.79477
-0.79462
-0.87522
-0.8501
-0.80476
-0.87515
-0.83711
-0.81349
-0.81352
-0.83169
-0.82118
-0.80418
-0.83686
54.8135
-0.80633
-0.79791
-0.80144
-0.79662
-0.80258
-0.79355
-0.8026
-0.7866
-0.81356
-0.7866
-0.79212
-0.79874
-0.81029
-0.80967
-0.79363
-0.7798
-0.77167
-0.81091
-0.76621
-0.76622
-0.75963
-0.73269
-0.78165
-0.75976
-0.75088
-0.8036
-0.77027
-0.76845
-0.77844
-0.87995
-0.86057
-0.89941
-0.86581
0
0
0
0
0
0
0
0
0
0
0
0
0
0
0
0
0
0
0
0
0
0
0
0
0
0
0
0
0
0
0
0
0
0
0
0
0
0
0
0
0
0
0
0
0
0
0
0
0
0
0
0
-7.6369
0
0
0
0
0
0
0
0
0
0
0
0
0
-0.84031
-0.82604
-0.82423
-0.80772
-0.82667
-0.82531
-0.80062
-0.81282
-0.79888
-0.78848
-0.80895
-0.82163
-0.77026
-0.77008
-0.844
-0.81995
-0.77542
-0.84393
-0.80717
-0.78824
-0.78827
-0.80171
-0.79591
-0.77893
-0.80688
-0.80633
51.9399
-0.77216
-0.77661
-0.7672
-0.77746
-0.76915
-0.77746
-0.76217
-0.77853
-0.76217
-0.76784
-0.7727
-0.78524
-0.7853
-0.76953
-0.75539
-0.74839
-0.78504
-0.74159
-0.74162
-0.73546
-0.70912
-0.74056
-0.73666
-0.72771
-0.78086
-0.74277
-0.74511
-0.75602
-0.85608
-0.83863
0
0
0
0
0
0
0
0
0
0
0
0
0
0
0
0
0
0
0
-3.3139
0
0
0
0
0
0
0
0
0
0
0
0
0
0
0
-4.6828
0
0
0
0
0
0
0
0
0
0
0
0
0
0
0
0
0
0
0
0
0
0
0
0
0
0
0
0
0
0
0
0
-0.8312
-0.81729
-0.81555
-0.79962
-0.81677
-0.81627
-0.79114
-0.803
-0.78937
-0.77923
-0.79879
-0.81332
-0.75712
-0.75695
-0.83662
-0.80873
-0.77087
-0.83655
-0.79689
-0.77737
-0.7774
-0.78316
-0.78617
-0.76463
-0.79841
-0.79791
-0.77216
47.3977
-0.76801
-0.75742
-0.77039
-0.75573
-0.77041
-0.75151
-0.77783
-0.7515
-0.75679
-0.76384
-0.76679
-0.77391
-0.75846
-0.74485
-0.73846
-0.77767
-0.73031
-0.73033
-0.71002
-0.70019
-0.74744
-0.72527
-0.71622
-0.77298
-0.73874
-0.73415
-0.7441
-0.85451
-0.82729
-0.87034
0
0
0
0
0
0
0
0
0
0
0
0
0
0
0
0
-3.1198
0
0
0
0
0
0
0
0
0
0
0
0
0
0
0
0
0
0
0
0
0
0
0
0
0
0
0
0
0
0
0
0
0
0
0
0
0
0
0
0
0
0
0
0
0
0
0
0
0
0
-0.83249
-0.81938
-0.81862
-0.8029
-0.82079
-0.82031
-0.79507
-0.80726
-0.7936
-0.78345
-0.80313
-0.81711
-0.76128
-0.76111
-0.84053
-0.81267
-0.77538
-0.84046
-0.80125
-0.77859
-0.77862
-0.79559
-0.78962
-0.77329
-0.80195
-0.80144
-0.77661
-0.76801
48.5208
-0.7638
-0.77422
-0.76165
-0.77424
-0.75638
-0.78067
-0.75638
-0.76163
-0.76751
-0.78115
-0.779
-0.76341
-0.7496
-0.74277
-0.77642
-0.73553
-0.73556
-0.73006
-0.70317
-0.7518
-0.72955
-0.7207
-0.77682
-0.74106
-0.73845
-0.74954
-0.85655
-0.83371
-0.87313
0
0
0
0
0
0
0
0
0
0
0
0
0
0
0
0
0
0
0
0
0
0
0
0
0
0
0
0
0
0
0
0
0
0
0
0
0
-3.9858
0
0
0
0
0
0
0
0
0
0
0
0
0
0
0
0
0
0
0
0
0
0
0
0
0
0
0
0
0
-0.83088
-0.81663
-0.8148
-0.79899
-0.81826
-0.81588
-0.79245
-0.80542
-0.79203
-0.78195
-0.80183
-0.81689
-0.76062
-0.76048
-0.83702
-0.81423
-0.76699
-0.83696
-0.80206
-0.77563
-0.77565
-0.79533
-0.78261
-0.76726
-0.79722
-0.79662
-0.7672
-0.75742
-0.7638
53.2856
-0.76638
-0.75756
-0.7664
-0.7516
-0.76108
-0.7516
-0.75702
-0.76272
-0.77433
-0.77445
-0.75828
-0.74473
-0.73837
-0.7749
-0.73156
-0.73158
-0.72012
-0.69562
-0.74572
-0.72541
-0.71658
-0.76756
-0.73308
-0.734
-0.73059
-0.84251
-0.81192
0
0
0
0
0
0
0
0
0
0
0
0
0
0
0
-3.2375
0
0
0
0
0
0
0
0
0
0
0
0
0
0
0
0
0
0
0
0
0
0
0
0
0
0
0
0
0
0
0
0
0
0
-6.6794
0
0
0
0
0
0
0
0
0
0
0
0
0
0
0
0
0
-0.8338
-0.81976
-0.81801
-0.8024
-0.81976
-0.81993
-0.79404
-0.8062
-0.7926
-0.78261
-0.80226
-0.81522
-0.76059
-0.76042
-0.84033
-0.81089
-0.77435
-0.84026
-0.80062
-0.78186
-0.78188
-0.79632
-0.7906
-0.77452
-0.8031
-0.80258
-0.77746
-0.77039
-0.77422
-0.76638
44.5073
-0.76746
-0.75432
-0.74995
-0.78017
-0.74995
-0.75902
-0.76772
-0.78267
-0.77671
-0.76158
-0.7477
-0.74074
-0.78514
-0.73295
-0.73297
-0.72853
-0.70119
-0.7506
-0.72742
-0.7185
-0.77743
-0.74113
-0.73638
-0.74898
-0.86347
-0.83461
-0.87661
0
0
0
0
0
0
0
0
0
0
0
0
0
0
0
0
0
0
0
0
0
0
0
0
0
0
0
0
0
0
0
0
0
0
0
0
0
0
0
0
0
0
0
0
0
0
0
0
0
0
0
0
0
0
0
0
0
0
0
0
0
0
0
0
0
0
0
-0.826
-0.79977
-0.80959
-0.79471
-0.81172
-0.81181
-0.78595
-0.79819
-0.78453
-0.77439
-0.79438
-0.80965
-0.75226
-0.75208
-0.83246
-0.8066
-0.76582
-0.83239
-0.79206
-0.77302
-0.77306
-0.78564
-0.78116
-0.75799
-0.79406
-0.79355
-0.76915
-0.75573
-0.76165
-0.75756
-0.76746
46.4838
-0.76748
-0.74869
-0.77327
-0.74868
-0.75362
-0.75533
-0.77241
-0.77086
-0.75529
-0.74073
-0.73461
-0.77085
-0.72689
-0.72692
-0.72242
-0.69339
-0.74459
-0.72108
-0.71209
-0.76865
-0.73518
-0.72943
-0.74074
-0.84562
-0.82415
0
0
0
0
0
0
0
0
0
0
0
0
0
0
0
0
-3.2965
0
0
0
0
0
0
0
0
0
0
0
0
0
0
0
0
0
0
0
0
0
0
0
0
0
0
0
0
0
0
0
0
0
0
0
0
0
0
0
0
0
0
0
0
0
0
0
0
0
0
0
-0.83383
-0.81977
-0.81803
-0.80241
-0.81977
-0.81995
-0.79404
-0.8062
-0.79262
-0.78262
-0.80226
-0.81524
-0.7606
-0.76044
-0.84035
-0.8109
-0.77436
-0.84028
-0.80064
-0.78186
-0.78189
-0.79634
-0.79061
-0.77454
-0.80311
-0.8026
-0.77746
-0.77041
-0.77424
-0.7664
-0.75432
-0.76748
44.508
-0.74996
-0.78019
-0.74995
-0.75905
-0.76773
-0.78268
-0.77673
-0.7616
-0.74771
-0.74075
-0.78516
-0.73296
-0.73298
-0.72855
-0.7012
-0.75062
-0.72744
-0.71851
-0.77743
-0.74113
-0.73639
-0.749
-0.8635
-0.83462
-0.87663
0
0
0
0
0
0
0
0
0
0
0
0
0
0
0
0
0
0
0
0
0
0
0
0
0
0
0
0
0
0
0
0
0
0
0
0
0
0
0
0
0
0
0
0
0
0
0
0
0
0
0
0
0
0
0
0
0
0
0
0
0
0
0
0
0
0
0
-0.81863
-0.80471
-0.80296
-0.78759
-0.80458
-0.80469
-0.77895
-0.79095
-0.77737
-0.76729
-0.787
-0.79959
-0.74519
-0.74501
-0.82479
-0.79704
-0.75837
-0.82471
-0.78518
-0.76579
-0.76583
-0.78066
-0.77417
-0.7568
-0.7871
-0.7866
-0.76217
-0.75151
-0.75638
-0.7516
-0.74995
-0.74869
-0.74996
42.8032
-0.76603
-0.73978
-0.74446
-0.75658
-0.76823
-0.76272
-0.7477
-0.73263
-0.72685
-0.77029
-0.71833
-0.71835
-0.7143
-0.68586
-0.73654
-0.71324
-0.7044
-0.76321
-0.72718
-0.72187
-0.73495
-0.83696
-0.82091
0
0
0
0
0
0
0
0
0
0
0
0
0
0
0
0
0
0
0
0
0
0
0
0
0
0
0
0
0
0
0
0
0
0
0
0
0
0
0
0
0
0
0
0
0
0
0
0
0
0
0
0
0
0
0
0
0
0
0
0
0
0
0
0
0
0
0
0
-0.8477
-0.83312
-0.82721
-0.813
-0.83202
-0.83144
-0.80578
-0.81913
-0.80579
-0.79679
-0.81496
-0.83015
-0.76946
-0.76932
-0.85269
-0.82736
-0.77863
-0.85262
-0.81141
-0.78999
-0.79
-0.81005
-0.78901
-0.78223
-0.81424
-0.81356
-0.77853
-0.77783
-0.78067
-0.76108
-0.78017
-0.77327
-0.78019
-0.76603
53.9926
-0.76603
-0.7718
-0.77695
-0.79093
-0.78947
-0.77278
-0.75936
-0.75276
-0.78328
-0.74623
-0.74626
-0.74103
-0.71247
-0.74298
-0.74025
-0.73232
-0.78406
-0.74965
-0.74931
0
0
0
0
0
0
0
0
0
0
0
0
0
0
0
0
0
0
0
0
0
0
-3.2959
0
-3.5072
0
0
0
0
0
0
0
0
0
0
0
0
0
0
0
0
0
0
0
-5.4761
0
0
0
0
0
0
0
0
0
0
0
0
0
0
0
0
0
0
0
0
0
0
0
0
0
0
-0.81862
-0.80472
-0.80295
-0.78759
-0.80459
-0.8047
-0.77895
-0.79095
-0.77737
-0.76729
-0.78702
-0.7996
-0.74519
-0.74502
-0.82479
-0.79703
-0.75836
-0.82471
-0.78518
-0.7658
-0.76583
-0.78065
-0.77417
-0.7568
-0.7871
-0.7866
-0.76217
-0.7515
-0.75638
-0.7516
-0.74995
-0.74868
-0.74995
-0.73978
-0.76603
42.8032
-0.74445
-0.75658
-0.76822
-0.76272
-0.7477
-0.73263
-0.72684
-0.77029
-0.71832
-0.71835
-0.7143
-0.68587
-0.73654
-0.71323
-0.70441
-0.76321
-0.72719
-0.72187
-0.73494
-0.83696
-0.82093
0
0
0
0
0
0
0
0
0
0
0
0
0
0
0
0
0
0
0
0
0
0
0
0
0
0
0
0
0
0
0
0
0
0
0
0
0
0
0
0
0
0
0
0
0
0
0
0
0
0
0
0
0
0
0
0
0
0
0
0
0
0
0
0
0
0
0
0
-0.82491
-0.81095
-0.80917
-0.79373
-0.81074
-0.81079
-0.78496
-0.79698
-0.78327
-0.7731
-0.79297
-0.80536
-0.75071
-0.75055
-0.83095
-0.80294
-0.76401
-0.83089
-0.79096
-0.77199
-0.77202
-0.78645
-0.78017
-0.76277
-0.79264
-0.79212
-0.76784
-0.75679
-0.76163
-0.75702
-0.75902
-0.75362
-0.75905
-0.74446
-0.7718
-0.74445
41.487
-0.75858
-0.77339
-0.77642
-0.75536
-0.73996
-0.73527
-0.77014
-0.72784
-0.72786
-0.7236
-0.69333
-0.74544
-0.72053
-0.71123
-0.7696
-0.73471
-0.72901
-0.743
0
0
0
0
0
0
0
0
0
0
0
0
0
0
0
0
0
0
0
0
0
0
0
0
0
0
0
0
0
0
0
0
0
0
0
0
0
0
0
0
0
0
0
0
0
0
0
0
0
0
0
0
0
0
0
0
0
0
0
0
0
0
0
0
0
0
0
0
0
0
-0.82946
-0.81715
-0.81439
-0.79902
-0.81627
-0.81632
-0.79047
-0.80259
-0.78886
-0.77859
-0.79927
-0.81455
-0.75705
-0.75687
-0.83819
-0.80949
-0.77082
-0.83812
-0.79703
-0.77934
-0.77937
-0.78135
-0.78751
-0.76748
-0.79925
-0.79874
-0.7727
-0.76384
-0.76751
-0.76272
-0.76772
-0.75533
-0.76773
-0.75658
-0.77695
-0.75658
-0.75858
43.3932
-0.77972
-0.78055
-0.76026
-0.74842
-0.74034
-0.77635
-0.73442
-0.73444
-0.728
-0.69869
-0.7476
-0.72571
-0.71867
-0.77421
0
-0.7358
0
0
0
0
0
0
0
0
0
0
0
0
0
0
0
0
0
0
0
0
0
0
0
0
0
0
-3.0762
0
0
0
0
0
0
0
0
0
0
0
0
0
0
0
0
0
0
0
0
0
0
0
0
0
0
0
0
0
0
0
0
0
0
0
0
0
0
0
0
0
0
0
0
-0.84575
-0.83147
-0.82952
-0.81033
-0.83085
-0.83073
-0.80456
-0.81766
-0.80383
-0.79319
-0.81322
-0.83057
-0.77006
-0.76986
-0.8512
-0.82496
-0.78443
-0.85113
-0.81177
-0.79415
-0.79418
-0.78403
-0.80225
-0.78483
-0.81081
-0.81029
-0.78524
-0.76679
-0.78115
-0.77433
-0.78267
-0.77241
-0.78268
-0.76823
-0.79093
-0.76822
-0.77339
-0.77972
46.4103
-0.79241
-0.77573
-0.7619
-0.75554
-0.79608
-0.74838
-0.7484
-0.72949
-0.71542
-0.76493
-0.74084
-0.73337
-0.78805
0
0
0
0
0
0
0
0
0
0
0
0
0
0
0
0
0
0
0
0
0
0
0
0
0
-2.1512
0
0
0
0
0
0
-3.9972
0
0
0
0
0
0
0
0
0
0
0
0
0
0
0
0
0
0
0
0
0
0
0
0
0
0
0
0
0
0
0
0
0
0
0
0
0
0
0
0
-0.84281
-0.82876
-0.82699
-0.8114
-0.82883
-0.82891
-0.80283
-0.81495
-0.80108
-0.79081
-0.81088
-0.82562
-0.76805
-0.76787
-0.84909
-0.82078
-0.78156
-0.84903
-0.80875
-0.78979
-0.78983
-0.8038
-0.79797
-0.7803
-0.81019
-0.80967
-0.7853
-0.77391
-0.779
-0.77445
-0.77671
-0.77086
-0.77673
-0.76272
-0.78947
-0.76272
-0.77642
-0.78055
-0.79241
40.9755
-0.78342
-0.75898
-0.75821
-0.78767
-0.74738
-0.74741
-0.74576
-0.71523
-0.7686
-0.74007
-0.73253
-0.79849
0
-0.74999
0
0
0
0
0
0
0
0
0
0
0
0
0
0
0
0
0
0
0
0
0
0
0
0
0
0
0
0
0
0
0
0
0
0
0
0
0
0
0
0
0
0
0
0
0
0
0
0
0
0
0
0
0
0
0
0
0
0
0
0
0
0
0
0
0
0
0
0
0
0
0
-0.82333
-0.81248
-0.81073
-0.79542
-0.81039
-0.81281
-0.78688
-0.79903
-0.78528
-0.77505
-0.79501
-0.80958
-0.75248
-0.75229
-0.83285
-0.80482
-0.76608
-0.83278
-0.79287
-0.77446
-0.77449
-0.78792
-0.78245
-0.76485
-0.79415
-0.79363
-0.76953
-0.75846
-0.76341
-0.75828
-0.76158
-0.75529
-0.7616
-0.7477
-0.77278
-0.7477
-0.75536
-0.76026
-0.77573
-0.78342
40.6142
-0.74232
-0.74004
-0.77822
-0.73667
-0.73669
-0.7276
-0.69931
-0.7471
-0.72307
-0.7167
0
0
0
0
0
0
0
0
0
0
0
0
0
0
0
0
0
0
-1.9733
0
0
0
0
0
0
0
0
0
0
0
0
0
0
0
0
0
0
0
0
0
0
0
0
0
0
0
0
0
0
0
0
0
0
0
0
0
0
0
0
0
0
0
0
0
0
0
0
0
0
0
0
0
0
0
-0.81219
-0.79839
-0.79666
-0.78128
-0.7984
-0.79843
-0.77275
-0.78469
-0.77106
-0.76096
-0.7807
-0.79548
-0.73872
-0.73855
-0.8184
-0.79023
-0.75197
-0.81833
-0.7787
-0.76003
-0.76005
-0.77388
-0.76811
-0.75085
-0.78032
-0.7798
-0.75539
-0.74485
-0.7496
-0.74473
-0.7477
-0.74073
-0.74771
-0.73263
-0.75936
-0.73263
-0.73996
-0.74842
-0.7619
-0.75898
-0.74232
38.6772
-0.71977
-0.76403
-0.71806
-0.71809
-0.70935
-0.67647
-0.73127
-0.70545
-0.70004
-0.76887
0
0
0
0
0
0
0
0
0
0
0
0
0
0
0
0
0
0
0
0
0
0
0
0
0
0
0
0
0
0
0
0
0
0
0
0
0
0
0
0
0
0
0
0
0
0
0
0
0
0
0
0
0
0
0
0
0
0
0
0
0
0
0
0
0
0
0
0
0
0
0
0
0
-0.80512
-0.79085
-0.78921
-0.77547
-0.79196
-0.79136
-0.76624
-0.77807
-0.76452
-0.75416
-0.77444
-0.78832
-0.73186
-0.73169
-0.81053
-0.78279
-0.74523
-0.81046
-0.77278
-0.75342
-0.75345
-0.76777
-0.76231
-0.74412
-0.77218
-0.77167
-0.74839
-0.73846
-0.74277
-0.73837
-0.74074
-0.73461
-0.74075
-0.72685
-0.75276
-0.72684
-0.73527
-0.74034
-0.75554
-0.75821
-0.74004
-0.71977
39.8052
-0.76214
-0.71761
-0.71763
-0.69907
-0.67217
-0.71432
-0.69802
-0.69302
0
0
0
0
0
0
0
0
0
0
0
0
0
0
0
0
0
0
0
0
0
0
0
0
0
0
0
0
0
0
0
0
0
0
0
0
0
0
0
0
0
0
-2.2115
0
0
0
0
0
0
0
0
0
0
0
0
0
0
0
0
0
0
0
0
0
0
0
0
0
0
0
0
0
0
0
-0.83934
-0.82925
-0.82926
-0.81427
-0.8319
-0.83207
-0.80593
-0.81825
-0.8042
-0.79358
-0.81295
-0.82899
-0.77065
-0.77045
-0.85107
-0.82389
-0.78523
-0.85101
-0.79488
-0.79476
-0.79479
-0.80398
-0.79708
-0.78177
-0.81143
-0.81091
-0.78504
-0.77767
-0.77642
-0.7749
-0.78514
-0.77085
-0.78516
-0.77029
-0.78328
-0.77029
-0.77014
-0.77635
-0.79608
-0.78767
-0.77822
-0.76403
-0.76214
45.2318
-0.75256
-0.75258
-0.74401
0
-0.76083
-0.73874
0
0
0
0
0
0
0
0
0
0
0
0
0
0
0
0
0
0
0
0
0
0
0
0
0
-2.4956
0
0
0
0
0
0
0
0
0
0
0
0
-4.6919
0
0
0
0
0
0
0
0
0
0
0
0
0
0
0
0
0
0
0
0
0
0
0
0
0
0
0
0
0
0
0
0
0
0
0
0
-0.79894
-0.78527
-0.78353
-0.76828
-0.78506
-0.7851
-0.75957
-0.77133
-0.75777
-0.74765
-0.76738
-0.78195
-0.72545
-0.72528
-0.80489
-0.77684
-0.73845
-0.8048
-0.76523
-0.74625
-0.74628
-0.76044
-0.75416
-0.73673
-0.76672
-0.76621
-0.74159
-0.73031
-0.73553
-0.73156
-0.73295
-0.72689
-0.73296
-0.71833
-0.74623
-0.71832
-0.72784
-0.73442
-0.74838
-0.74738
-0.73667
-0.71806
-0.71761
-0.75256
37.306
-0.70305
-0.70719
-0.67175
-0.73417
-0.69357
-0.6891
0
0
0
0
0
0
0
0
0
0
0
0
0
0
0
0
0
0
0
0
0
0
0
0
0
0
0
0
0
0
0
0
0
0
0
0
0
0
0
0
0
0
0
0
0
0
0
0
0
0
0
0
0
0
0
0
0
0
0
0
0
0
0
0
0
0
0
0
0
0
0
0
0
0
-0.79897
-0.78529
-0.78355
-0.76829
-0.78508
-0.7851
-0.75959
-0.77137
-0.75779
-0.74768
-0.76739
-0.78196
-0.72547
-0.72529
-0.8049
-0.77687
-0.73847
-0.80483
-0.76525
-0.74627
-0.7463
-0.76046
-0.75417
-0.73674
-0.76674
-0.76622
-0.74162
-0.73033
-0.73556
-0.73158
-0.73297
-0.72692
-0.73298
-0.71835
-0.74626
-0.71835
-0.72786
-0.73444
-0.7484
-0.74741
-0.73669
-0.71809
-0.71763
-0.75258
-0.70305
37.307
-0.70723
-0.67178
-0.73419
-0.69358
-0.68912
0
0
0
0
0
0
0
0
0
0
0
0
0
0
0
0
0
0
0
0
0
0
0
0
0
0
0
0
0
0
0
0
0
0
0
0
0
0
0
0
0
0
0
0
0
0
0
0
0
0
0
0
0
0
0
0
0
0
0
0
0
0
0
0
0
0
0
0
0
0
0
0
0
0
-0.79377
-0.78016
-0.77853
-0.76283
-0.77964
-0.7789
-0.75429
-0.76584
-0.75233
-0.74218
-0.76161
-0.77784
-0.71986
-0.71967
-0.79893
-0.77305
-0.7331
-0.79885
-0.75949
-0.74123
-0.74125
-0.74332
-0.74922
-0.7316
-0.76015
-0.75963
-0.73546
-0.71002
-0.73006
-0.72012
-0.72853
-0.72242
-0.72855
-0.7143
-0.74103
-0.7143
-0.7236
-0.728
-0.72949
-0.74576
-0.7276
-0.70935
-0.69907
-0.74401
-0.70719
-0.70723
37.2253
0
0
0
0
0
0
0
0
0
0
0
0
0
0
0
0
0
0
0
0
0
0
0
0
0
0
0
-3.0019
0
0
0
0
0
0
0
0
0
0
0
0
0
0
0
0
0
0
0
0
0
0
0
0
0
0
0
0
0
0
0
0
0
0
0
0
0
0
0
0
0
0
0
0
0
0
0
0
0
0
-0.76456
-0.75113
-0.74936
-0.73439
-0.7509
-0.75132
-0.72595
-0.73783
-0.72445
-0.71456
-0.73372
-0.74864
-0.6926
-0.69245
-0.77078
-0.74154
-0.7057
-0.7707
-0.73185
-0.7137
-0.71373
-0.72823
-0.72144
-0.70448
-0.73319
-0.73269
-0.70912
-0.70019
-0.70317
-0.69562
-0.70119
-0.69339
-0.7012
-0.68586
-0.71247
-0.68587
-0.69333
-0.69869
-0.71542
-0.71523
-0.69931
-0.67647
-0.67217
0
-0.67175
-0.67178
0
35.5572
0
0
0
0
0
0
0
0
0
-0.81219
0
0
0
0
0
0
0
0
0
0
0
0
-2.5029
0
0
0
0
0
0
0
0
0
0
0
0
0
0
0
0
0
0
0
0
0
0
0
0
0
0
0
0
0
0
0
0
0
0
0
0
0
0
0
0
0
0
0
0
0
0
0
0
0
0
0
0
0
0
-0.81434
-0.80091
-0.79921
-0.78348
-0.8022
-0.80123
-0.77666
-0.78807
-0.77427
-0.76407
-0.78407
-0.79509
-0.74171
-0.74153
-0.82055
-0.79087
-0.75488
-0.82048
-0.77993
-0.76317
-0.7632
-0.77558
-0.77177
-0.75323
-0.78216
-0.78165
-0.74056
-0.74744
-0.7518
-0.74572
-0.7506
-0.74459
-0.75062
-0.73654
-0.74298
-0.73654
-0.74544
-0.7476
-0.76493
-0.7686
-0.7471
-0.73127
-0.71432
-0.76083
-0.73417
-0.73419
0
0
38.4175
0
0
0
0
0
0
0
0
0
0
0
0
0
0
0
0
0
0
0
0
0
0
0
0
0
0
0
-3.1974
0
0
0
0
0
0
0
0
0
0
0
0
0
0
0
0
0
0
0
0
0
0
0
0
0
0
0
0
0
0
0
0
0
0
0
0
0
0
0
0
0
0
0
0
0
0
0
0
-0.79216
-0.77847
-0.77675
-0.76156
-0.77836
-0.7784
-0.75295
-0.76473
-0.75123
-0.74119
-0.76078
-0.77467
-0.71919
-0.71902
-0.79821
-0.77028
-0.73219
-0.79814
-0.7588
-0.74011
-0.74014
-0.75423
-0.74796
-0.73081
-0.76026
-0.75976
-0.73666
-0.72527
-0.72955
-0.72541
-0.72742
-0.72108
-0.72744
-0.71324
-0.74025
-0.71323
-0.72053
-0.72571
-0.74084
-0.74007
-0.72307
-0.70545
-0.69802
-0.73874
-0.69357
-0.69358
0
0
0
34.1795
0
0
0
0
0
0
0
0
0
0
0
0
0
0
0
0
0
0
0
0
0
0
0
0
0
0
0
0
0
0
0
0
0
0
0
0
0
0
0
0
0
0
0
0
0
0
0
0
0
0
0
0
0
0
0
0
0
0
0
0
0
0
0
0
0
0
0
0
0
0
0
0
0
0
0
-0.78349
-0.76978
-0.76803
-0.75288
-0.7695
-0.76953
-0.74422
-0.75592
-0.74247
-0.73244
-0.75201
-0.7659
-0.71058
-0.7104
-0.78924
-0.76138
-0.72348
-0.78916
-0.75038
-0.7313
-0.73134
-0.7454
-0.73911
-0.72204
-0.75139
-0.75088
-0.72771
-0.71622
-0.7207
-0.71658
-0.7185
-0.71209
-0.71851
-0.7044
-0.73232
-0.70441
-0.71123
-0.71867
-0.73337
-0.73253
-0.7167
-0.70004
-0.69302
0
-0.6891
-0.68912
0
0
0
0
33.0675
0
0
0
0
0
0
0
0
0
0
0
0
0
0
0
0
0
0
0
0
0
0
0
0
0
0
0
0
0
0
0
0
0
0
0
0
0
0
0
0
0
0
0
0
0
0
0
0
0
0
0
0
0
0
0
0
0
0
0
0
0
0
0
0
0
0
0
0
0
0
0
0
0
0
-0.83926
-0.8244
-0.82263
-0.8064
-0.82603
-0.8272
-0.80011
-0.81256
-0.79819
-0.78808
-0.80817
-0.825
-0.76531
-0.76512
-0.8437
-0.81932
-0.77938
-0.84363
-0.80618
-0.78849
-0.78852
-0.80043
-0.79696
-0.77909
-0.80411
-0.8036
-0.78086
-0.77298
-0.77682
-0.76756
-0.77743
-0.76865
-0.77743
-0.76321
-0.78406
-0.76321
-0.7696
-0.77421
-0.78805
-0.79849
0
-0.76887
0
0
0
0
0
0
0
0
0
38.6984
0
0
0
0
0
0
0
0
0
0
0
0
0
0
0
0
0
0
0
0
0
0
0
0
0
0
0
0
0
0
0
0
0
0
0
0
0
0
0
0
0
0
0
0
0
0
0
0
0
0
0
0
0
0
0
0
0
-6.1051
0
0
0
0
0
0
0
0
0
0
0
0
0
0
0
-0.81112
-0.79678
-0.7921
-0.7771
-0.78607
-0.78607
-0.76038
-0.77277
-0.76007
-0.74997
-0.77021
-0.71248
-0.72761
-0.72743
-0.81044
-0.78811
-0.74196
-0.81037
-0.76839
-0.75114
-0.75116
-0.76775
-0.76076
-0.74336
-0.77079
-0.77027
-0.74277
-0.73874
-0.74106
-0.73308
-0.74113
-0.73518
-0.74113
-0.72718
-0.74965
-0.72719
-0.73471
0
0
0
0
0
0
0
0
0
0
0
0
0
0
0
36.5714
0
0
0
0
0
0
0
0
0
0
0
0
0
0
0
0
0
0
0
0
0
0
0
0
0
0
0
0
0
0
0
0
-5.0587
0
0
0
0
0
0
0
0
0
0
0
-3.4362
0
0
0
0
0
0
0
0
0
0
0
0
0
0
0
0
0
0
0
0
0
0
0
0
0
0
0
-0.80142
-0.78744
-0.78568
-0.77043
-0.78734
-0.78731
-0.76167
-0.77354
-0.75995
-0.74985
-0.7696
-0.78368
-0.72761
-0.72745
-0.80722
-0.77898
-0.74078
-0.80715
-0.76797
-0.74881
-0.74884
-0.76368
-0.75671
-0.73942
-0.76896
-0.76845
-0.74511
-0.73415
-0.73845
-0.734
-0.73638
-0.72943
-0.73639
-0.72187
-0.74931
-0.72187
-0.72901
-0.7358
0
-0.74999
0
0
0
0
0
0
0
0
0
0
0
0
0
29.5317
0
0
0
0
0
0
0
0
0
0
0
0
0
0
0
0
0
0
0
0
0
0
0
0
0
0
0
0
0
0
0
0
0
0
0
0
0
0
0
0
0
0
0
0
0
0
0
0
0
0
0
0
0
0
0
0
0
0
0
0
0
0
0
0
0
0
0
0
0
0
0
-0.81216
-0.798
-0.79664
-0.78162
-0.79797
-0.79841
-0.77208
-0.78526
-0.77164
-0.76146
-0.78103
-0.79454
-0.73869
-0.7385
-0.81792
-0.78973
-0.75217
-0.81785
-0.77935
-0.76085
-0.76088
-0.78274
-0.76881
-0.75118
-0.77896
-0.77844
-0.75602
-0.7441
-0.74954
-0.73059
-0.74898
-0.74074
-0.749
-0.73495
0
-0.73494
-0.743
0
0
0
0
0
0
0
0
0
0
0
0
0
0
0
0
0
32.6172
0
0
0
0
0
0
0
0
0
0
0
0
0
0
0
0
0
0
0
0
0
0
0
0
0
0
0
-4.1669
-0.75158
0
0
0
0
0
0
0
0
0
0
0
0
0
0
0
0
0
0
0
0
0
0
0
0
0
0
0
0
0
0
0
0
0
0
0
0
0
0
0
0
0
-0.91871
-0.902
-0.90007
-0.88123
-0.90658
-0.90567
-0.87918
-0.89315
-0.87878
-0.86784
-0.89026
-0.90569
-0.84329
-0.84308
-0.92297
-0.89959
-0.85917
-0.9229
-0.88946
-0.87104
-0.87107
-0.88209
-0.88174
-0.86124
-0.88054
-0.87995
-0.85608
-0.85451
-0.85655
-0.84251
-0.86347
-0.84562
-0.8635
-0.83696
0
-0.83696
0
0
0
0
0
0
0
0
0
0
0
0
0
0
0
0
0
0
0
45.2049
0
0
0
0
0
0
0
0
0
0
0
0
0
0
0
0
0
0
0
0
0
-2.2339
0
0
0
0
0
0
0
0
0
0
0
0
0
0
0
0
0
0
0
0
0
0
0
0
-6.1388
0
0
0
0
0
0
0
0
0
0
-6.1388
0
0
0
0
0
0
0
0
0
0
0
-0.89484
-0.87977
-0.87793
-0.86461
-0.88169
-0.88422
-0.85537
-0.86972
-0.85532
-0.84437
-0.86542
-0.88138
-0.82053
-0.82034
-0.90132
-0.87608
-0.8355
-0.90124
-0.86528
-0.84572
-0.84575
-0.85643
-0.85585
-0.83599
-0.86112
-0.86057
-0.83863
-0.82729
-0.83371
-0.81192
-0.83461
-0.82415
-0.83462
-0.82091
0
-0.82093
0
0
0
0
0
0
0
0
0
0
0
0
0
0
0
0
0
0
0
0
40.9025
0
0
0
0
0
0
0
0
0
0
0
0
0
0
0
0
0
0
0
0
0
0
0
0
0
0
0
0
0
0
0
0
-5.1657
0
0
0
0
0
0
0
0
0
0
0
0
0
0
0
0
0
0
0
0
0
0
0
0
0
0
0
-5.8536
0
0
0
0
0
0
0
-0.93934
-0.92407
-0.92005
-0.8983
-0.92104
-0.92237
-0.89404
-0.90791
-0.893
-0.88295
-0.90435
-0.92731
-0.85904
-0.85884
-0.94209
-0.85474
-0.87381
-0.94201
-0.90213
-0.88557
-0.8856
-0.89811
-0.89522
-0.87587
-0.9
-0.89941
0
-0.87034
-0.87313
0
-0.87661
0
-0.87663
0
0
0
0
0
0
0
0
0
0
0
0
0
0
-0.81219
0
0
0
0
0
0
0
0
0
44.1608
0
0
0
0
0
0
0
0
0
0
0
0
0
0
0
0
0
0
0
0
0
0
0
0
0
0
0
0
0
-5.2291
0
0
0
0
0
0
0
0
0
0
0
0
0
0
0
0
0
-5.6078
0
0
0
0
-5.6078
0
0
0
0
0
0
0
0
0
0
0
0
0
0
-0.89876
-0.88455
-0.88267
-0.86448
-0.886
-0.88728
-0.85972
-0.87294
-0.85854
-0.84855
-0.86853
-0.88597
-0.82516
-0.82497
-0.90579
-0.88
-0.83902
-0.90572
-0.86689
-0.84818
-0.84821
-0.8641
-0.85722
-0.83908
-0.86635
-0.86581
0
0
0
0
0
0
0
0
0
0
0
0
0
0
0
0
0
0
0
0
0
0
0
0
0
0
0
0
0
0
0
0
30.4322
0
0
0
0
0
0
0
0
0
0
0
-2.5192
0
0
0
0
0
0
0
0
0
0
0
0
0
0
0
0
0
0
0
0
0
0
0
0
0
0
0
0
0
0
-5.3785
0
0
0
0
0
0
0
0
0
0
0
0
0
0
0
0
0
0
0
0
0
0
0
-1.028
-1.0122
-0.99888
-0.98632
-1.0052
-1.0049
-0.97712
-0.99039
-0.97572
-0.96486
-0.98633
-1.0105
-0.93953
-0.93935
-1.0305
-1.0041
-0.95334
-1.0304
-0.98478
-0.96206
-0.96209
0
0
0
0
0
0
0
0
0
0
0
0
0
0
0
0
0
0
0
0
0
0
0
0
0
0
0
0
0
0
0
0
0
0
0
0
0
0
25.3473
0
0
0
0
0
0
0
0
0
0
0
0
0
0
0
0
0
0
0
0
0
0
0
0
0
0
0
0
0
0
0
0
0
0
0
0
0
0
-4.6009
0
0
0
0
0
0
0
0
0
0
0
0
0
0
0
0
0
0
0
0
0
0
0
0
0
0
-1.1523
-1.1371
-1.135
-1.1179
-1.138
-1.139
-1.109
-1.1229
-1.1076
-1.0964
-1.1185
-1.1333
-1.0707
-1.0705
-1.1601
-1.1283
-1.0851
-1.1601
-1.1175
-1.0942
-1.0942
0
0
0
0
0
0
0
0
0
0
0
0
0
0
0
0
0
0
0
0
0
0
0
0
0
0
0
0
0
0
0
0
0
0
0
0
0
0
0
23.4875
0
0
0
0
0
0
0
0
0
0
0
0
0
0
0
0
0
0
0
0
0
0
0
0
0
0
0
0
0
0
0
0
0
0
0
0
0
0
0
0
0
0
0
0
0
0
0
0
0
0
0
0
0
0
0
0
0
0
0
0
0
0
0
0
-1.0971
-1.0821
-1.0801
-1.0632
-1.0828
-1.0838
-1.0543
-1.068
-1.0529
-1.042
-1.0638
-1.0783
-1.0167
-1.0166
-1.105
-1.0735
-1.031
-1.1049
-1.0629
-1.04
-1.04
0
0
0
0
0
0
0
0
0
0
0
0
0
0
0
0
0
0
0
0
0
0
0
0
0
0
0
0
0
0
0
0
0
0
0
0
0
0
0
0
22.3389
0
0
0
0
0
0
0
0
0
0
0
0
0
0
0
0
0
0
0
0
0
0
0
0
0
0
0
0
0
0
0
0
0
0
0
0
0
0
0
0
0
0
0
0
0
0
0
0
0
0
0
0
0
0
0
0
0
0
0
0
0
0
0
-1.1339
-1.1188
-1.1167
-1.0997
-1.1198
-1.1209
-1.0909
-1.1047
-1.0895
-1.0785
-1.1006
-1.1154
-1.0529
-1.0527
-1.1418
-1.1101
-1.0674
-1.1417
-1.0994
0
0
0
0
0
0
0
0
0
0
0
0
0
0
0
0
0
0
0
0
0
0
0
0
0
0
0
0
0
0
0
0
0
0
0
0
0
0
0
0
0
0
0
20.9554
0
0
0
0
0
0
0
0
0
0
0
0
0
0
0
0
0
0
0
0
0
0
0
0
0
0
0
0
0
0
0
0
0
0
0
0
0
0
0
0
0
0
0
0
0
0
0
0
0
0
0
0
0
0
0
0
0
0
0
0
0
0
-1.1162
-1.0996
-1.0973
-1.0788
-1.0995
-1.098
-1.071
-1.0845
-1.0698
-1.0587
-1.081
-1.1028
-1.033
-1.0328
0
0
-1.0477
0
0
0
0
0
0
0
0
0
0
0
0
0
0
0
0
0
0
0
0
0
0
0
0
0
0
0
0
0
0
0
0
0
0
0
0
0
0
0
0
0
0
0
0
0
0
19.9983
0
0
0
0
0
0
0
0
0
0
0
0
0
0
0
0
0
0
0
0
0
0
0
0
0
0
0
0
-3.8275
0
0
0
0
0
0
0
0
0
0
0
0
0
0
0
0
0
0
0
0
0
0
0
0
0
0
0
0
0
0
0
0
-1.1147
-1.0983
-1.0962
-1.079
-1.1026
-1.0721
-1.0739
-1.0878
-1.073
-1.0617
-1.0845
-1.101
-1.0361
-1.0359
0
0
0
0
0
0
0
0
0
0
0
0
0
0
0
0
0
0
0
0
0
0
0
0
0
0
0
0
0
0
0
0
0
0
0
0
0
0
0
0
0
0
0
0
0
0
0
0
0
0
18.2236
0
0
0
0
0
0
0
0
0
0
0
0
0
0
0
0
0
0
0
0
0
0
0
0
0
-3.1068
0
0
0
0
0
0
0
0
0
0
0
0
0
0
0
0
0
0
0
0
0
0
0
0
0
0
0
0
0
0
0
0
0
0
-1.4379
-1.4219
-1.4211
-1.4035
-1.4278
-1.4305
-1.3979
-1.4128
-1.3967
-1.3853
-1.4074
0
-1.3567
-1.3565
0
0
0
0
0
0
0
0
0
0
0
0
0
0
0
0
0
0
0
0
0
0
0
0
0
0
0
0
0
0
0
0
0
0
0
0
0
0
0
0
0
0
0
0
0
0
0
0
0
0
0
18.256
0
0
0
0
0
0
0
0
0
0
0
0
0
0
0
0
0
0
0
0
0
0
0
0
0
0
0
0
0
0
0
0
0
0
0
0
0
0
0
0
0
0
0
0
0
0
0
0
0
0
0
0
0
0
0
0
0
0
0
-1.3082
-1.3108
-1.2932
-1.2775
-1.3014
-1.3037
-1.2715
-1.2864
-1.2699
-1.2579
0
0
0
0
0
0
0
0
0
0
0
0
0
0
0
0
0
0
0
0
0
0
0
0
0
0
0
0
0
0
0
0
0
0
0
0
0
0
0
0
0
0
0
0
0
0
0
0
0
0
0
0
0
0
0
0
15.6039
0
0
0
0
0
0
0
0
0
0
0
0
0
-2.7235
0
0
0
0
0
0
0
0
0
0
0
0
0
0
0
0
0
0
0
0
0
0
0
0
0
0
0
0
0
0
0
0
0
0
0
0
0
0
0
0
0
0
0
0
-1.5241
-1.504
-1.5016
-1.4902
-1.5146
-1.5142
-1.4827
-1.4985
-1.4824
0
0
0
0
0
0
0
0
0
0
0
0
0
0
0
0
0
0
0
0
0
0
0
0
0
0
0
0
0
0
0
0
0
0
0
0
0
0
0
0
0
0
0
0
0
0
0
0
0
0
0
0
0
0
0
0
0
0
18.591
0
0
0
0
0
0
0
0
0
0
0
0
0
0
0
0
0
0
0
0
0
0
0
0
0
0
0
0
0
0
0
0
0
0
0
0
0
0
0
0
0
0
0
0
0
0
0
0
-5.0785
0
0
0
0
0
0
0
0
-1.5127
-1.4939
-1.4936
-1.4752
-1.5091
-1.5089
-1.4785
-1.4948
0
0
0
0
0
0
0
0
0
0
0
0
0
0
0
0
0
0
0
0
0
0
0
0
0
0
0
0
0
0
0
0
0
0
0
0
0
0
0
0
0
0
0
0
0
0
0
0
0
0
0
0
0
0
0
0
0
0
0
0
15.2932
0
0
0
0
0
0
0
0
0
0
0
0
0
0
0
0
0
0
0
0
0
0
0
0
0
0
0
0
-3.3265
0
0
0
0
0
0
0
0
0
0
0
0
0
0
0
0
0
0
0
0
0
0
0
0
0
0
0
-2.0548
0
0
0
-2.0695
0
0
0
0
0
0
0
0
0
0
0
0
0
0
0
0
0
0
0
0
0
0
0
0
0
0
0
0
0
0
0
0
0
0
0
-1.9733
0
0
0
0
0
0
0
0
0
0
0
0
0
0
0
0
0
0
0
0
0
0
0
0
0
0
0
0
13.9597
0
0
0
0
0
0
0
0
0
0
0
0
0
-2.9683
0
0
0
0
0
0
0
0
0
0
0
0
0
0
0
0
0
0
0
0
0
0
0
0
0
0
0
0
0
0
0
0
0
0
0
0
0
0
0
-4.8938
0
0
0
0
0
0
0
0
0
0
0
0
0
0
0
0
0
0
0
0
0
0
0
0
0
0
0
0
0
0
0
0
0
0
0
0
0
0
0
0
0
0
0
0
0
0
0
0
-2.5029
0
0
0
0
0
0
0
0
0
0
-2.5192
0
0
0
0
0
0
0
0
0
0
0
18.7012
0
0
0
0
0
0
0
0
0
0
0
-4.1718
0
0
0
0
0
0
0
0
0
0
0
0
0
0
0
0
0
0
0
0
0
0
0
0
0
0
0
0
0
0
0
0
-4.7537
0
0
0
0
0
-4.7537
0
0
0
-2.6001
-2.5808
-2.5897
0
-2.6134
0
-2.577
0
0
0
0
0
0
0
0
0
0
0
0
0
0
0
0
0
0
0
0
0
0
0
0
0
0
0
0
0
0
0
0
0
0
0
0
0
0
0
0
0
0
0
0
0
0
0
0
0
0
0
0
0
0
0
0
0
0
0
0
0
0
0
0
12.9611
0
0
0
0
0
0
0
0
0
0
0
0
0
0
0
0
0
0
0
0
0
0
0
0
0
0
0
0
0
0
0
0
0
0
0
0
0
0
0
0
0
0
0
0
0
0
0
0
0
0
0
0
0
0
0
0
0
0
0
0
0
0
0
0
0
0
0
0
0
0
0
0
0
0
0
0
0
0
0
0
0
0
-3.2375
0
0
0
0
0
0
0
0
0
0
0
0
0
0
0
0
0
0
0
0
0
0
0
0
0
0
0
0
0
0
0
0
0
0
0
0
0
0
0
0
0
0
15.145
0
-3.6363
0
0
0
0
0
0
0
-3.6571
0
0
0
0
0
0
0
0
0
0
0
0
0
-4.6141
0
0
0
0
0
0
0
0
0
0
0
0
0
0
0
0
0
0
0
0
0
0
0
0
0
0
0
0
0
-3.4119
0
0
0
0
0
0
0
0
0
0
0
0
0
0
0
0
0
0
0
0
0
0
0
0
0
0
0
0
0
-3.2965
0
0
0
0
0
0
0
0
0
0
0
0
0
0
0
0
0
0
0
0
0
0
0
0
0
0
0
0
0
0
0
0
0
0
0
0
0
0
0
0
0
10.6212
0
0
0
0
0
-3.2191
0
0
0
0
0
0
0
0
0
0
0
0
0
0
0
0
0
0
0
0
0
0
0
0
0
0
0
0
0
0
0
0
0
0
0
0
0
0
0
-0.69378
0
0
0
0
0
0
0
0
0
0
0
0
0
0
0
0
0
0
0
0
0
0
0
0
0
0
0
0
0
0
0
0
-3.1198
0
0
0
0
0
0
0
0
0
0
0
0
0
0
0
0
0
0
-3.0019
0
0
0
0
0
0
0
0
0
0
0
0
0
0
0
0
0
0
0
0
0
0
0
0
0
-3.6363
0
12.9344
0
0
0
0
0
0
0
0
0
-3.1764
0
0
0
0
0
0
0
0
0
0
0
0
0
0
0
0
0
0
0
0
0
0
0
0
0
0
0
0
0
0
0
0
0
0
0
0
0
0
0
0
-2.5908
0
0
0
0
0
0
0
0
0
0
0
0
0
0
0
0
0
0
0
0
0
0
0
0
0
0
0
0
0
0
0
0
0
0
0
0
0
0
0
0
0
0
-2.4956
0
0
0
0
0
0
0
0
0
0
0
0
0
0
0
0
0
0
0
0
0
0
0
0
0
0
0
0
0
0
0
12.6411
0
0
0
0
0
0
0
0
0
0
0
0
0
0
0
0
0
0
0
-3.3326
0
0
0
0
0
0
0
0
0
0
0
0
0
0
0
0
0
0
0
0
0
0
0
0
0
0
0
0
-4.222
0
0
0
0
0
0
0
0
0
0
0
0
0
0
0
0
0
0
0
0
0
0
0
0
0
0
-3.3139
0
0
0
0
0
0
0
-3.2959
0
0
0
0
0
0
0
0
0
0
0
0
0
-3.1974
0
0
0
0
0
0
0
0
0
0
0
0
0
0
0
0
0
0
0
0
0
0
0
0
0
0
0
11.5256
0
0
0
0
0
0
0
0
0
0
0
0
0
0
0
0
0
0
0
0
0
0
0
0
0
0
0
0
0
0
0
-1.7183
0
0
0
0
0
0
0
0
0
0
0
0
0
0
0
0
0
0
0
-2.1797
0
0
0
0
0
0
0
0
0
0
0
0
0
0
0
0
0
0
0
0
0
0
0
0
0
0
0
0
0
0
0
0
0
0
-2.1512
0
0
0
0
0
0
0
0
0
0
0
0
0
0
0
0
-2.2339
0
0
0
0
0
0
0
0
0
0
0
0
0
0
0
0
0
0
0
0
0
10.4606
0
0
0
0
0
0
0
0
0
0
0
0
0
0
0
-3.8959
0
0
0
0
0
0
0
0
0
0
0
0
0
0
0
0
0
0
0
0
0
0
0
0
0
0
0
0
0
0
0
0
0
0
0
0
0
0
0
0
0
0
0
0
0
0
0
0
0
0
0
0
0
-3.5425
0
0
0
0
0
0
0
0
0
0
0
-3.5072
0
0
0
0
0
0
0
0
0
0
0
0
0
0
0
0
0
0
0
0
0
0
0
0
0
0
0
0
0
0
0
0
0
0
0
0
0
0
0
0
0
0
0
14.2606
0
0
0
0
0
0
0
-3.6193
0
0
0
0
0
0
0
-3.5916
0
0
0
0
0
0
0
0
0
0
0
0
0
0
0
0
0
0
0
0
0
0
0
0
0
0
0
0
0
0
0
0
0
0
0
0
0
0
0
0
0
0
0
0
0
0
0
0
0
0
0
0
0
-1.8919
0
0
0
0
0
0
0
0
0
0
0
0
0
0
0
0
0
0
0
0
0
0
0
0
0
0
0
0
0
0
0
0
0
0
0
0
0
0
0
0
0
0
0
0
0
0
0
0
0
-3.2191
0
0
0
0
0
12.7526
-2.7844
0
0
0
0
0
0
0
0
0
0
0
0
0
0
0
0
0
0
0
0
0
0
0
0
0
0
0
0
0
0
0
-4.8572
0
0
0
0
0
0
0
0
0
0
0
0
0
0
0
0
0
0
0
0
0
0
0
0
0
0
0
0
0
0
0
0
0
-3.161
0
0
0
0
0
0
0
0
0
0
0
0
0
0
0
-3.0762
0
0
0
0
0
0
0
0
0
0
0
0
0
0
0
0
0
0
0
0
0
0
0
0
0
0
0
0
-2.7235
0
0
0
0
0
0
0
0
0
0
0
0
-2.7844
11.7451
0
0
0
0
0
0
0
0
0
0
0
0
0
0
0
0
0
0
0
0
0
0
0
0
0
0
0
0
0
0
0
0
0
0
0
0
0
0
0
0
0
0
0
0
0
0
0
0
0
0
0
0
0
0
-3.8266
0
0
0
0
0
0
0
0
0
0
-3.7938
0
0
0
0
0
0
0
0
0
0
0
0
0
0
0
0
0
0
0
0
0
0
0
0
0
0
0
0
0
0
0
0
0
0
0
0
0
0
0
0
0
0
0
0
0
0
0
0
0
0
0
0
0
0
0
0
0
0
0
12.6656
0
0
0
0
0
0
0
0
0
0
0
0
0
0
0
0
0
0
-5.0452
0
0
0
0
0
0
0
0
0
0
0
0
0
0
0
0
0
0
0
0
0
0
0
0
0
0
0
0
0
0
0
0
0
0
0
0
0
0
0
0
0
0
0
0
0
0
0
0
0
0
0
0
0
0
0
0
0
0
0
0
0
0
0
0
0
0
0
0
0
0
0
0
0
0
0
0
0
0
-4.1669
0
0
0
0
0
0
0
0
0
0
0
0
0
0
0
-4.1718
0
-3.6571
0
0
0
0
0
0
0
0
0
11.9958
0
0
0
0
0
0
0
0
0
0
0
0
0
0
0
0
0
0
0
0
0
0
0
0
0
0
0
0
0
0
0
0
0
0
0
0
0
0
0
0
0
0
0
0
0
0
0
0
0
0
0
0
0
0
0
0
0
0
0
0
0
0
0
0
0
0
0
0
0
0
0
0
0
0
0
0
0
0
0
0
0
0
0
0
0
0
0
0
0
0
0
0
0
0
0
0
-0.75158
0
0
0
0
0
0
0
0
0
0
0
0
0
0
-2.9683
0
0
0
0
0
0
0
0
0
0
0
0
0
8.5991
0
0
0
0
0
0
0
0
0
0
0
0
0
0
0
0
0
0
0
0
0
0
0
0
0
0
0
0
0
0
0
0
0
0
0
0
-4.8792
0
0
0
0
0
0
0
0
0
0
0
0
0
0
0
0
0
0
0
0
0
0
0
0
0
-4.0946
0
0
0
0
0
0
0
0
0
0
0
0
0
0
0
0
-3.9972
0
0
0
0
0
0
0
0
0
0
0
0
0
0
0
0
0
0
0
0
0
0
0
0
0
0
0
0
0
0
0
0
0
0
0
-3.1764
0
0
0
0
0
0
0
0
0
11.2682
0
0
0
0
0
0
0
0
0
0
0
0
0
0
0
0
0
0
0
0
0
0
0
0
0
0
0
0
0
0
0
0
0
0
0
0
0
0
0
0
0
0
0
0
0
0
0
0
0
0
0
-5.6377
0
0
0
0
0
0
0
0
0
0
0
0
0
0
0
0
0
0
0
0
0
0
0
0
0
0
0
0
0
0
0
0
0
0
0
0
0
0
0
0
-5.0587
0
0
0
0
0
0
0
0
0
0
0
0
0
0
0
0
0
0
0
0
0
0
0
0
0
0
0
0
0
0
0
0
10.6964
0
0
0
0
0
0
0
0
0
0
0
0
0
0
0
0
0
0
0
0
0
0
0
0
0
0
0
0
0
0
0
0
0
0
0
0
0
0
0
0
0
0
0
0
0
0
0
0
0
0
0
0
0
0
0
0
0
0
0
0
0
0
0
0
0
0
0
0
0
0
0
0
0
0
0
0
0
0
0
0
0
0
0
0
0
0
0
0
0
0
0
0
0
0
0
0
0
0
0
0
0
0
0
0
0
0
0
0
0
0
0
0
0
0
0
0
0
-3.6193
0
0
0
0
0
0
0
8.4326
0
-4.8133
0
0
0
0
0
0
0
0
0
0
0
0
0
0
0
0
0
0
0
0
0
0
0
0
0
0
0
0
0
0
0
0
0
0
0
0
0
0
0
0
0
0
0
0
0
0
0
0
0
0
0
-5.4234
0
0
0
0
0
0
0
0
0
0
0
0
0
0
0
0
0
0
0
0
0
0
0
0
0
0
0
0
0
0
0
0
0
0
0
0
0
0
0
0
0
-5.2291
0
0
0
0
0
0
0
0
0
0
0
0
0
0
0
0
0
0
0
0
0
0
0
0
0
0
0
0
0
10.6526
0
0
0
0
0
0
0
0
0
0
0
0
0
0
0
0
0
0
0
0
0
0
0
0
0
0
0
0
0
0
0
0
0
0
0
0
0
0
0
0
0
0
0
0
0
0
0
0
0
0
0
0
0
0
0
0
0
0
0
0
0
0
0
0
0
0
0
0
0
0
0
0
0
0
0
0
0
0
0
0
-4.6919
0
0
0
0
0
0
0
0
0
0
0
0
0
0
0
0
0
0
0
0
0
0
0
0
0
0
0
0
0
0
0
0
0
0
0
0
0
0
0
0
0
0
-4.8133
0
9.5052
0
0
0
0
0
0
0
0
0
0
0
0
0
0
0
0
0
0
0
0
0
0
0
0
0
0
0
0
0
0
0
0
0
0
0
0
0
0
0
0
0
0
0
0
0
0
0
0
0
0
0
0
0
0
0
0
0
0
0
0
0
0
0
0
0
0
0
0
0
0
0
0
0
0
0
0
0
0
0
0
0
0
0
0
0
0
0
0
0
0
0
0
-5.1657
0
0
0
0
0
0
0
0
0
0
0
0
0
0
0
0
0
0
0
0
0
0
0
0
0
0
0
0
0
0
0
0
9.5334
0
0
0
0
0
0
-4.3677
0
0
0
0
0
0
0
0
0
0
0
0
0
0
0
0
0
0
0
0
0
0
0
0
0
0
0
0
0
0
0
0
0
-3.4965
0
0
0
0
0
0
0
0
0
0
0
0
0
0
0
0
0
0
0
0
0
0
0
0
0
0
0
0
0
0
0
0
0
0
0
0
0
0
0
0
0
0
0
0
0
0
0
0
0
0
0
0
0
0
0
0
0
0
-3.1068
0
0
0
0
0
0
0
0
0
0
0
0
0
0
0
0
0
0
0
0
0
0
0
0
0
6.6034
0
0
0
0
0
0
0
0
0
0
0
0
0
0
0
0
0
0
0
0
0
0
0
0
0
0
0
0
0
0
0
0
0
0
0
0
0
0
0
0
0
0
0
0
0
0
0
0
0
0
0
0
-4.7324
0
0
0
0
0
0
0
0
0
0
0
0
0
0
0
0
0
0
0
0
0
0
0
0
0
0
0
0
0
0
0
0
0
0
0
0
0
0
0
0
0
0
0
0
0
0
0
0
0
0
0
0
0
0
0
0
0
0
0
0
0
0
0
0
0
0
0
0
0
0
0
0
9.5177
0
0
-4.7853
0
0
0
0
0
0
0
0
0
0
0
0
0
0
0
0
0
0
0
0
0
0
0
0
0
0
0
0
0
0
0
0
0
0
0
0
0
0
0
0
0
0
0
0
0
0
0
0
0
0
0
0
0
0
0
0
-4.6828
0
0
0
0
0
0
0
0
0
0
0
0
0
0
0
0
0
0
0
0
0
0
0
0
0
0
0
0
0
0
0
0
0
0
0
0
-3.8275
0
0
0
0
0
0
0
0
0
0
0
0
0
0
0
0
0
0
0
0
0
0
0
0
0
0
0
0
8.5103
0
0
0
0
0
0
0
0
0
0
0
0
0
0
0
0
0
0
0
0
0
0
0
0
0
0
0
0
0
0
0
0
0
0
0
0
0
0
0
0
0
0
0
0
0
0
0
0
0
0
0
0
0
0
0
0
0
0
0
0
0
0
0
0
0
0
0
0
0
0
0
0
0
0
-2.2115
0
0
0
0
0
0
0
0
0
0
0
0
0
0
0
0
0
0
0
0
0
0
0
0
0
0
0
0
0
0
0
0
0
0
-3.8959
0
0
0
0
0
0
0
0
0
0
0
0
0
0
0
6.1074
0
0
0
0
0
0
0
0
0
0
0
0
0
0
0
0
0
0
0
0
0
0
0
0
0
0
0
0
0
0
0
0
0
0
0
0
0
0
0
0
0
0
0
0
0
0
0
0
0
0
0
0
0
0
0
0
0
0
0
0
0
0
0
0
0
0
0
0
0
0
0
0
0
0
0
0
0
0
0
0
0
0
0
0
0
0
0
0
0
0
0
0
0
0
0
0
0
0
0
0
0
0
0
0
0
0
0
0
0
-3.5916
0
0
0
0
0
0
0
0
0
0
0
0
-4.7853
0
0
8.3769
0
0
0
0
0
0
0
0
0
0
0
0
0
0
0
0
0
0
0
0
0
0
0
0
0
0
0
0
0
0
0
0
0
0
0
0
0
0
0
0
0
0
0
0
0
0
0
0
0
0
0
0
0
0
0
0
0
0
-3.9858
0
0
0
0
0
0
0
0
0
0
0
0
0
0
0
0
0
0
0
0
0
0
0
0
0
0
0
0
0
0
0
0
0
0
0
0
0
0
0
0
0
0
0
0
0
0
-3.3326
0
0
0
0
0
0
0
0
0
0
0
0
0
0
0
0
0
0
0
7.3184
0
0
0
0
0
0
0
0
0
0
0
0
0
0
0
0
0
0
0
0
0
0
0
0
0
0
0
0
0
0
0
0
0
0
0
0
0
0
0
0
0
0
0
0
0
0
0
0
0
0
0
0
0
0
0
0
0
0
0
0
0
0
0
0
0
0
0
0
0
0
0
0
0
0
0
0
0
0
0
0
0
0
0
0
0
0
0
0
0
0
0
0
0
0
0
0
0
0
0
0
0
-4.6141
0
0
0
0
0
0
0
0
0
0
0
0
0
0
0
0
-4.3677
0
0
0
0
0
0
8.9818
0
0
0
0
0
0
0
0
0
0
0
0
0
0
0
0
0
0
0
0
0
0
0
0
0
0
0
0
0
0
0
0
0
0
0
0
0
0
0
0
0
0
0
0
0
0
0
0
0
0
0
0
0
0
0
0
0
0
0
0
0
0
0
0
0
0
0
0
0
0
0
0
0
0
0
0
0
0
0
0
-3.4362
0
0
0
0
0
0
0
0
0
0
0
0
0
0
0
-3.3265
0
0
0
0
0
0
0
0
0
0
0
0
0
0
0
0
0
0
0
0
0
0
0
0
0
0
0
0
6.7628
0
0
0
0
0
0
0
0
0
0
0
0
0
0
0
0
0
0
0
0
0
0
0
0
0
0
0
0
0
0
0
0
0
0
0
0
0
0
0
0
0
0
0
0
0
0
0
0
0
0
0
0
0
0
0
0
0
0
0
0
0
-5.4761
0
0
0
0
0
0
0
0
0
0
0
0
0
0
0
0
0
0
0
0
0
0
0
0
-4.6009
0
0
0
0
0
0
0
0
0
0
0
0
0
0
0
0
0
0
0
0
0
0
0
0
0
0
0
0
0
0
0
0
0
0
0
0
0
0
10.077
0
0
0
0
0
0
0
0
0
0
0
0
0
0
0
0
0
0
0
0
0
0
0
0
0
0
0
0
-8.7779
0
0
0
0
0
0
0
0
0
0
0
0
0
0
0
0
0
0
0
0
0
0
0
0
0
0
0
0
0
0
0
0
0
0
0
0
0
0
0
0
0
0
0
0
0
0
0
0
0
0
0
0
0
0
0
0
0
0
0
0
0
0
0
0
0
0
0
0
0
0
0
0
0
0
0
0
0
0
0
0
0
0
0
0
0
0
0
0
0
0
0
0
0
0
0
0
8.7779
0
0
0
0
0
0
0
0
0
0
0
0
0
0
0
0
0
0
0
0
0
0
0
0
0
0
0
0
0
0
0
0
0
0
0
0
0
0
0
0
0
0
0
0
0
0
0
0
0
0
0
0
0
0
0
0
0
0
0
0
0
0
0
0
0
0
0
0
0
0
0
0
0
0
0
0
0
0
0
0
0
0
0
0
0
0
0
0
0
0
0
0
0
0
0
0
0
0
0
0
0
0
0
0
0
0
-5.0452
0
0
0
0
0
0
0
0
0
0
0
0
0
0
0
0
0
0
5.0452
0
0
0
0
0
0
0
0
0
0
0
0
0
0
0
0
0
0
0
0
0
0
0
0
0
0
0
0
0
0
0
0
0
0
0
0
0
0
0
0
0
0
0
0
0
0
0
0
0
0
0
0
0
0
0
0
0
0
0
0
0
0
0
0
0
0
0
0
0
0
0
0
0
0
0
0
0
0
0
0
0
0
-5.3785
0
0
0
0
0
0
0
0
0
0
0
0
0
0
0
0
0
0
0
0
0
0
0
0
0
0
0
0
0
0
0
0
0
0
0
0
0
0
0
0
0
0
5.3785
0
0
0
0
0
0
0
0
0
0
0
0
0
0
0
0
0
0
0
0
0
0
0
0
0
0
0
0
0
0
0
0
0
0
0
0
0
0
0
0
0
0
0
0
0
0
0
0
0
0
0
0
0
0
0
0
0
0
0
0
0
0
0
0
0
0
0
0
0
0
0
0
0
0
0
0
0
0
-6.1388
0
0
0
0
0
0
0
0
0
0
0
0
0
0
0
0
0
0
0
0
0
0
0
0
0
0
0
0
0
0
0
0
0
0
0
0
0
0
0
0
0
0
0
0
0
0
6.1388
0
0
0
0
0
0
0
0
0
0
0
0
0
0
0
0
0
0
0
0
0
0
0
0
0
0
0
0
0
0
0
0
0
0
0
0
0
0
0
0
0
0
0
0
0
0
-7.6387
0
0
0
0
0
0
0
0
0
0
0
0
0
0
0
0
0
0
0
0
0
0
0
0
0
0
0
0
0
0
0
0
0
0
0
0
0
0
0
0
0
0
0
0
0
0
0
0
0
0
0
0
0
0
0
0
0
0
0
0
0
0
0
0
0
0
0
0
0
0
0
0
0
0
0
0
0
0
7.6387
0
0
0
0
0
0
0
0
0
0
0
0
0
0
0
0
0
0
0
0
0
0
0
0
0
0
0
0
0
0
0
0
0
0
0
-8.2008
0
0
0
0
0
0
0
0
0
0
0
0
0
0
0
0
0
0
0
0
0
0
0
0
0
0
0
0
0
0
0
0
0
0
0
0
0
0
0
0
0
0
0
0
0
0
0
0
0
0
0
0
0
0
0
0
0
0
0
0
0
0
0
0
0
0
0
0
0
0
0
0
0
0
0
0
0
0
0
0
0
0
0
0
0
0
0
0
0
8.2008
0
0
0
0
0
0
0
0
0
0
0
0
0
0
0
0
0
0
0
0
0
0
0
0
0
0
0
0
0
0
0
0
0
0
0
0
0
0
0
0
0
0
0
0
0
0
0
0
0
0
0
0
0
0
0
0
0
0
0
0
0
0
0
0
0
0
0
0
0
0
0
0
0
0
0
0
0
-5.6078
0
0
0
0
0
0
0
0
0
0
0
0
0
0
0
0
0
0
0
0
0
0
0
0
0
0
0
0
0
0
0
0
0
0
0
0
0
0
0
0
0
0
0
0
0
0
0
5.6078
0
0
0
0
0
0
0
0
0
0
0
0
0
0
0
0
0
0
0
0
-9.3923
0
0
0
0
0
0
0
0
0
0
0
0
0
0
0
0
0
0
0
0
0
0
0
0
0
0
0
0
0
0
0
0
0
0
0
0
0
0
0
0
0
0
0
0
0
0
0
0
0
0
0
0
0
0
0
0
0
0
0
0
0
0
0
0
0
0
0
0
0
0
0
0
0
0
0
0
0
0
0
0
0
0
0
0
0
0
0
0
0
0
0
0
0
0
0
0
0
0
0
0
0
0
0
0
9.3923
0
0
0
0
0
0
0
0
0
0
0
0
0
0
0
0
0
0
0
0
0
0
0
0
0
0
0
0
0
0
0
0
0
0
0
0
0
0
0
0
0
0
0
0
0
0
0
-6.6794
0
0
0
0
0
0
0
0
0
0
0
0
0
0
0
0
0
0
0
0
0
0
0
0
0
0
0
0
0
0
0
0
0
0
0
0
0
0
0
0
0
0
0
0
0
0
0
0
0
0
0
0
0
0
0
0
0
0
0
0
0
0
0
0
0
0
0
0
0
0
0
0
0
0
0
0
0
6.6794
0
0
0
0
0
0
0
0
0
0
0
0
0
0
0
0
0
0
0
0
0
0
0
0
0
0
0
0
0
0
0
0
0
0
0
0
0
0
0
0
0
0
0
0
0
0
0
0
0
0
0
0
0
0
0
0
0
0
0
0
0
0
0
0
0
0
0
0
0
0
0
0
0
0
0
0
0
0
0
0
0
0
0
0
0
0
0
0
0
0
0
0
0
-1.7183
0
0
0
0
0
0
0
0
0
0
0
0
0
0
0
0
0
0
0
0
0
0
0
0
0
0
0
0
0
0
0
1.7183
0
0
0
0
0
0
0
0
0
0
0
0
0
0
0
0
0
0
0
0
0
0
0
0
0
0
0
0
0
0
0
0
0
0
0
0
0
0
0
0
0
0
0
0
0
0
0
0
0
0
0
0
0
0
0
0
0
0
0
0
0
0
0
0
0
0
0
-6.1051
0
0
0
0
0
0
0
0
0
0
0
0
0
0
0
0
0
0
0
0
0
0
0
0
0
0
0
0
0
0
0
0
0
0
0
0
0
0
0
0
0
0
0
0
0
0
0
0
0
0
0
0
0
0
0
0
0
6.1051
0
0
0
0
0
0
0
0
0
0
0
0
0
0
0
0
0
0
0
0
0
0
0
0
0
0
0
0
0
0
0
0
0
0
0
0
0
0
0
0
0
0
0
0
0
0
0
0
0
0
0
0
0
0
0
0
0
0
0
0
0
0
0
0
0
0
0
0
0
0
0
0
-5.6078
0
0
0
0
0
0
0
0
0
0
0
0
0
0
0
0
0
0
0
0
0
0
0
0
0
0
0
0
0
0
0
0
0
0
0
0
0
0
0
0
0
0
0
0
0
0
0
0
0
0
0
0
5.6078
0
0
0
0
0
0
0
0
0
0
0
0
0
0
0
0
0
0
0
0
0
0
0
0
0
0
0
0
0
0
0
0
0
0
0
0
0
0
0
-7.6369
0
0
0
0
0
0
0
0
0
0
0
0
0
0
0
0
0
0
0
0
0
0
0
0
0
0
0
0
0
0
0
0
0
0
0
0
0
0
0
0
0
0
0
0
0
0
0
0
0
0
0
0
0
0
0
0
0
0
0
0
0
0
0
0
0
0
0
0
0
0
0
0
0
0
0
0
0
0
0
0
0
0
0
0
0
7.6369
0
0
0
0
0
0
0
0
0
0
0
0
0
0
0
0
0
0
0
0
0
0
0
0
0
0
0
0
0
0
0
0
0
0
0
0
0
0
0
0
0
0
0
0
0
0
0
0
0
0
0
0
0
0
0
0
0
0
0
0
0
0
0
0
0
0
0
0
0
0
0
0
0
0
0
0
0
0
0
0
0
0
0
0
0
0
0
0
0
0
0
0
-4.8572
0
0
0
0
0
0
0
0
0
0
0
0
0
0
0
0
0
0
0
0
0
0
0
0
0
0
0
0
0
0
0
0
4.8572
0
0
0
0
0
0
0
0
0
0
0
0
0
0
0
0
0
0
0
0
0
0
0
0
0
0
0
0
0
0
0
0
0
0
0
0
0
0
0
0
0
0
0
0
0
0
0
0
0
0
0
0
0
0
0
0
0
0
0
0
0
0
0
0
0
0
0
-6.1388
0
0
0
0
0
0
0
0
0
0
0
0
0
0
0
0
0
0
0
0
0
0
0
0
0
0
0
0
0
0
0
0
0
0
0
0
0
0
0
0
0
0
0
0
0
0
0
0
0
0
0
0
0
0
0
0
0
6.1388
0
0
0
0
0
0
0
0
0
0
0
-9.5217
0
0
0
0
0
0
0
0
0
0
0
0
0
0
0
0
0
0
0
0
0
0
0
0
0
0
0
0
0
0
0
0
0
0
0
0
0
0
0
0
0
0
0
0
0
0
0
0
0
0
0
0
0
0
0
0
0
0
0
0
0
0
0
0
0
0
0
0
0
0
0
0
0
0
0
0
0
0
0
0
0
0
0
0
0
0
0
0
0
0
0
0
0
0
0
0
0
0
0
0
0
0
0
0
0
0
0
0
0
0
0
0
0
9.5217
0
0
0
0
0
0
0
0
0
0
0
0
0
0
0
0
0
0
0
0
0
0
0
0
0
0
0
0
0
0
0
0
0
0
0
0
0
0
0
0
0
0
0
0
0
0
0
0
0
0
0
0
0
0
0
0
0
0
0
0
0
0
0
0
0
0
0
0
0
0
0
0
0
0
0
0
0
0
0
0
-4.7537
0
0
0
0
0
0
0
0
0
0
0
0
0
0
0
0
0
0
0
0
0
0
0
0
0
0
0
0
0
0
0
0
0
0
0
0
0
0
0
0
0
0
0
0
4.7537
0
0
0
0
0
0
0
0
0
0
0
0
0
0
0
0
0
0
0
0
0
0
0
0
0
0
0
0
0
0
0
0
0
0
0
0
0
0
0
0
0
0
0
0
0
0
0
0
0
0
0
0
0
0
0
0
0
0
0
0
0
0
0
0
0
0
0
0
0
0
0
0
0
0
0
0
-5.0785
0
0
0
0
0
0
0
0
0
0
0
0
0
0
0
0
0
0
0
0
0
0
0
0
0
0
0
0
0
0
0
0
0
0
0
0
0
0
0
0
0
0
0
0
0
0
0
0
5.0785
0
0
0
0
0
0
0
0
0
0
0
0
0
0
0
0
0
0
0
0
0
0
0
0
0
0
0
0
0
0
0
0
0
0
0
0
0
0
0
0
0
0
0
0
0
0
0
0
0
0
0
0
0
0
0
0
0
0
0
0
0
0
0
0
-5.8536
0
0
0
0
0
0
0
0
0
0
0
0
0
0
0
0
0
0
0
0
0
0
0
0
0
0
0
0
0
0
0
0
0
0
0
0
0
0
0
0
0
0
0
0
0
0
0
0
0
0
0
0
0
0
0
0
0
0
0
0
5.8536
0
0
0
0
0
0
0
0
0
0
-8.9276
0
0
0
0
0
0
0
0
0
0
0
0
0
0
0
0
0
0
0
0
0
0
0
0
0
0
0
0
0
0
0
0
0
0
0
0
0
0
0
0
0
0
0
0
0
0
0
0
0
0
0
0
0
0
0
0
0
0
0
0
0
0
0
0
0
0
0
0
0
0
0
0
0
0
0
0
0
0
0
0
0
0
0
0
0
0
0
0
0
0
0
0
0
0
0
0
0
0
0
0
0
0
0
0
0
0
0
0
0
0
0
0
0
0
8.9276
0
0
0
0
0
0
0
0
0
0
0
0
0
0
0
0
0
0
0
0
0
0
0
0
0
0
0
0
0
0
0
0
0
0
0
0
0
0
0
0
0
0
0
0
0
0
0
0
0
0
0
0
0
0
0
0
0
0
0
0
0
0
0
0
0
0
0
0
0
0
0
0
0
0
0
0
0
0
0
-0.69378
0
0
0
0
0
0
0
0
0
0
0
0
0
0
0
0
0
0
0
0
0
0
0
0
0
0
0
0
0
0
0
0
0
0
0
0
0
0
0
0
0
0
0
0
0
0.69378
0
0
0
0
0
0
0
0
0
0
0
0
0
0
0
0
0
0
0
0
0
0
0
0
0
0
0
0
0
0
0
0
0
0
0
0
0
0
0
0
0
0
0
0
0
0
0
0
0
0
0
0
0
0
0
0
0
0
0
0
0
0
0
0
0
0
0
0
0
0
0
0
0
0
0
0
0
0
0
0
0
0
0
0
0
0
0
0
-4.8792
0
0
0
0
0
0
0
0
0
0
0
0
0
0
0
0
0
0
0
0
0
0
0
0
0
0
0
0
0
0
0
0
0
0
0
0
4.8792
0
0
0
0
0
0
0
0
0
0
0
0
0
0
0
0
0
0
0
0
0
0
0
0
0
0
0
0
0
0
0
0
0
0
0
0
0
0
0
0
0
0
0
0
0
0
0
0
0
0
0
0
0
0
0
0
0
0
0
0
0
0
0
0
0
0
0
0
0
0
0
0
0
0
-4.7537
0
0
0
0
0
0
0
0
0
0
0
0
0
0
0
0
0
0
0
0
0
0
0
0
0
0
0
0
0
0
0
0
0
0
0
0
0
0
0
0
0
0
0
0
0
0
0
0
0
0
4.7537
0
0
0
0
0
0
0
0
0
0
0
0
0
0
0
0
0
0
0
0
-8.2003
0
0
0
0
0
0
0
0
0
0
0
0
0
0
0
0
0
0
0
0
0
0
0
0
0
0
0
0
0
0
0
0
0
0
0
0
0
0
0
0
0
0
0
0
0
0
0
0
0
0
0
0
0
0
0
0
0
0
0
0
0
0
0
0
0
0
0
0
0
0
0
0
0
0
0
0
0
0
0
0
0
0
0
0
0
0
0
0
0
0
0
0
0
0
0
0
0
0
0
0
0
0
0
0
8.2003
0
0
0
0
0
0
0
0
0
0
0
0
0
0
0
0
0
0
0
0
0
0
0
0
0
0
0
0
0
0
0
0
0
0
0
0
0
0
0
0
0
0
0
0
0
0
0
0
0
0
0
0
0
0
0
0
0
0
0
0
0
0
0
0
0
0
0
0
0
0
0
-4.8938
0
0
0
0
0
0
0
0
0
0
0
0
0
0
0
0
0
0
0
0
0
0
0
0
0
0
0
0
0
0
0
0
0
0
0
0
0
0
0
0
0
0
0
0
0
0
0
0
0
0
0
0
0
4.8938
0
0
0
0
0
0
0
0
0
0
0
0
0
0
0
0
0
0
0
0
0
0
0
0
0
0
0
0
0
0
0
0
0
0
0
0
0
0
0
0
0
0
0
0
0
0
0
0
0
0
0
0
0
0
0
0
0
0
0
0
0
0
0
0
0
0
0
0
0
0
0
0
0
0
0
0
-4.222
0
0
0
0
0
0
0
0
0
0
0
0
0
0
0
0
0
0
0
0
0
0
0
0
0
0
0
0
0
0
0
0
0
0
0
0
0
0
0
0
0
0
0
0
0
0
0
0
4.222
