78.366
-0.8807
-0.87482
-0.86254
-0.86676
-0.87241
-0.8401
-0.85878
-0.84515
-0.82724
-0.85677
-0.88086
-0.81077
-0.81053
-0.9021
-0.87514
-0.82869
-0.90199
-0.85607
-0.83801
-0.83805
-0.85479
-0.84831
-0.82698
-0.86733
-0.86647
-0.83791
-0.82611
-0.829
-0.82282
-0.82433
-0.8165
-0.82435
-0.80763
-0.84317
-0.80762
-0.81701
-0.82206
-0.83647
-0.83446
-0.80978
-0.80134
-0.79125
-0.82931
-0.78123
-0.78131
-0.78239
-0.74444
-0.80409
-0.78396
-0.76779
-0.84005
-0.80163
-0.7895
-0.80884
-0.9247
-0.89783
-0.94456
-0.8916
-1.0453
-1.183
-1.1115
-1.1493
-1.1619
-1.1428
-1.4681
-1.3258
-1.5577
-1.5468
-2.0897
0
-2.6782
0
0
0
-2.5556
0
0
0
0
0
0
0
0
0
0
0
0
0
0
0
0
0
0
0
0
0
0
0
0
0
0
0
0
0
0
0
0
0
0
0
0
0
0
-9.834
0
0
0
0
0
0
0
0
0
0
-0.8807
76.0206
-0.85725
-0.84515
-0.8537
-0.85696
-0.82542
-0.84378
-0.83023
-0.81242
-0.84159
-0.86559
-0.79576
-0.79551
-0.88589
-0.85985
-0.81356
-0.88579
-0.84028
-0.82279
-0.82284
-0.84058
-0.8325
-0.81132
-0.85169
-0.85083
-0.82241
-0.81105
-0.814
-0.80731
-0.80913
-0.78658
-0.80914
-0.79259
-0.82746
-0.7926
-0.8019
-0.80814
-0.82102
-0.81923
-0.79808
-0.78642
-0.77586
-0.81784
-0.7665
-0.76658
-0.76774
-0.72988
-0.78962
-0.76917
-0.75304
-0.82386
-0.78629
-0.77443
-0.7934
-0.90651
-0.8815
-0.92812
-0.87595
-1.0283
-1.1664
-1.0952
-1.1328
-1.1437
-1.1249
-1.4504
-1.326
-1.5358
-1.5262
0
0
-2.6575
0
-3.5334
0
0
0
0
0
0
0
0
0
0
0
0
0
0
0
0
0
0
0
0
0
0
0
0
0
0
0
0
0
0
0
0
-9.6648
0
0
0
0
0
0
0
0
0
0
0
0
0
0
0
0
0
0
-0.87482
-0.85725
71.926
-0.84404
-0.85472
-0.8573
-0.82588
-0.84407
-0.83042
-0.8125
-0.84194
-0.86392
-0.79609
-0.79584
-0.88577
-0.85781
-0.81385
-0.88564
-0.84115
-0.8231
-0.82315
-0.84068
-0.83306
-0.81371
-0.85178
-0.8509
-0.82291
-0.81161
-0.81579
-0.80775
-0.80973
-0.80144
-0.80975
-0.79319
-0.82323
-0.79319
-0.80248
-0.8085
-0.8214
-0.81984
-0.79871
-0.78705
-0.77655
-0.82051
-0.7671
-0.76717
-0.76836
-0.73042
-0.79025
-0.7698
-0.75362
-0.82443
-0.78394
-0.77501
-0.79424
-0.90692
-0.88211
-0.92625
-0.87642
-1.0157
-1.1667
-1.0955
-1.1332
-1.1437
-1.1251
-1.4525
-1.3132
-1.5358
-1.528
0
0
-2.6692
0
0
0
0
0
0
0
0
0
0
0
0
0
0
0
0
0
0
0
0
0
0
0
0
0
0
0
-9.0884
0
0
0
0
0
0
0
0
0
0
0
0
0
0
0
0
0
0
0
0
0
0
0
0
0
-0.86254
-0.84515
-0.84404
70.3434
-0.83946
-0.83816
-0.81188
-0.8253
-0.81163
-0.79359
-0.82273
-0.84455
-0.77729
-0.77704
-0.86415
-0.83821
-0.79479
-0.86404
-0.82209
-0.80393
-0.80397
-0.8209
-0.81408
-0.7947
-0.8311
-0.83026
-0.80264
-0.79205
-0.79644
-0.78839
-0.79058
-0.78305
-0.79058
-0.77435
-0.80542
-0.77434
-0.78352
-0.78955
-0.79824
-0.80067
-0.7799
-0.76818
-0.75956
-0.80201
-0.74844
-0.7485
-0.74918
-0.71217
-0.77098
-0.75116
-0.7351
-0.80451
-0.76545
-0.75633
-0.77579
-0.88433
-0.8653
-0.89926
-0.85441
-0.99924
-1.1453
-1.0745
-1.112
-1.1206
-1.1036
-1.4305
-1.2933
-1.5205
-1.5054
0
0
0
0
0
0
0
0
-2.2361
0
0
0
0
0
0
0
0
0
0
0
0
0
0
0
0
0
0
0
0
0
0
0
0
0
0
0
0
0
0
0
0
0
0
0
0
0
0
0
0
-9.2264
0
0
0
0
0
0
-0.86676
-0.8537
-0.85472
-0.83946
65.0134
-0.85814
-0.82352
-0.84399
-0.83027
-0.8122
-0.84215
-0.8589
-0.79573
-0.79548
-0.88741
-0.85409
-0.81361
-0.8873
-0.84237
-0.82323
-0.82326
-0.84081
-0.83318
-0.81409
-0.85193
-0.85107
-0.82343
-0.81114
-0.81649
-0.80971
-0.80987
-0.80176
-0.80988
-0.79323
-0.82573
-0.79324
-0.80247
-0.80867
-0.82098
-0.82009
-0.79663
-0.7872
-0.77783
-0.82177
-0.76701
-0.76708
-0.76771
-0.73033
-0.7917
-0.76984
-0.75348
-0.82637
-0.77623
-0.77508
-0.79385
-0.91216
-0.88447
-0.9252
-0.87836
-1.0187
-1.1684
-1.0971
-1.135
-1.1436
-1.1303
-1.4586
-1.3205
-1.5484
-1.5437
-2.1073
0
-2.6955
0
0
0
0
0
0
0
0
0
0
0
0
0
0
0
0
0
0
0
0
0
0
0
0
0
0
0
0
0
0
0
0
0
0
0
0
0
0
0
0
0
0
0
0
0
0
0
0
0
0
0
0
0
-0.87241
-0.85696
-0.8573
-0.83816
-0.85814
63.8368
-0.82737
-0.84297
-0.82922
-0.81111
-0.84101
-0.85829
-0.79463
-0.79437
-0.8879
-0.85451
-0.81304
-0.88779
-0.84188
-0.82275
-0.82279
-0.84008
-0.83299
-0.81361
-0.84925
-0.84839
-0.82123
-0.80988
-0.81529
-0.80572
-0.80934
-0.80123
-0.80935
-0.79265
-0.82447
-0.79265
-0.80182
-0.80809
-0.82018
-0.81947
-0.79852
-0.78652
-0.77642
-0.82116
-0.76634
-0.76639
-0.76618
-0.73007
-0.78996
-0.76917
-0.75282
-0.82671
-0.77509
-0.77435
-0.79371
-0.91044
-0.88641
-0.92608
-0.87898
-1.0178
-1.1687
-1.0974
-1.1355
-1.1413
-1.0938
-1.4608
-1.3228
-1.5471
-1.5413
0
0
0
0
0
0
0
0
0
0
0
0
0
0
0
0
0
0
0
0
0
-3.6866
0
0
0
0
0
0
0
0
0
0
0
0
0
0
0
0
0
0
0
0
0
0
0
0
0
0
0
0
0
0
0
0
0
0
-0.8401
-0.82542
-0.82588
-0.81188
-0.82352
-0.82737
60.965
-0.81869
-0.80338
-0.78477
-0.81453
-0.83
-0.76857
-0.76833
-0.86039
-0.82559
-0.78608
-0.86026
-0.81449
-0.79558
-0.79563
-0.81187
-0.80523
-0.78656
-0.8236
-0.82275
-0.79543
-0.78364
-0.78886
-0.7821
-0.78225
-0.77414
-0.78225
-0.76577
-0.79767
-0.76577
-0.77481
-0.78098
-0.79276
-0.79216
-0.77147
-0.75971
-0.75032
-0.7939
-0.73978
-0.73985
-0.74062
-0.70379
-0.76438
-0.74262
-0.7265
-0.79847
-0.7488
-0.74762
-0.76614
-0.88253
-0.85608
-0.89605
-0.85006
-0.98815
-1.1367
-1.0659
-1.1035
-1.1123
-1.0989
-1.4259
-1.2877
-1.5134
-1.5099
0
0
-2.655
0
0
0
0
0
0
0
0
0
0
0
0
0
0
0
0
0
0
0
0
0
0
0
0
0
0
0
0
0
0
0
0
0
0
0
0
0
0
0
0
0
0
0
0
0
0
0
0
0
0
0
0
0
-0.85878
-0.84378
-0.84407
-0.8253
-0.84399
-0.84297
-0.81869
59.252
-0.81531
-0.79686
-0.82709
-0.84477
-0.78088
-0.78063
-0.86921
-0.83999
-0.79882
-0.86908
-0.82799
-0.8087
-0.80873
-0.82802
-0.81879
-0.79983
-0.83783
-0.83698
-0.80869
-0.79656
-0.80217
-0.79624
-0.79546
-0.78749
-0.79546
-0.77881
-0.81235
-0.77881
-0.78788
-0.7942
-0.80709
-0.80535
-0.78466
-0.77266
-0.76313
-0.80729
-0.75247
-0.75256
-0.75309
-0.71657
-0.77678
-0.7554
-0.73913
-0.81209
-0.76231
-0.76046
-0.78053
-0.89794
-0.87189
-0.91138
-0.86458
-1.0028
-1.1522
-1.0811
-1.1189
-1.1274
-1.1144
-1.4426
-1.3048
-1.5312
-1.5282
0
0
0
0
0
0
0
0
0
0
0
0
0
0
0
0
0
0
0
0
0
0
0
0
0
0
0
0
0
0
0
0
0
0
0
0
0
0
0
0
0
0
0
0
0
0
0
0
0
0
0
0
0
0
0
0
-0.84515
-0.83023
-0.83042
-0.81163
-0.83027
-0.82922
-0.80338
-0.81531
56.7455
-0.78104
-0.81226
-0.82949
-0.76613
-0.76588
-0.8552
-0.82512
-0.78411
-0.85508
-0.81372
-0.79412
-0.79416
-0.8154
-0.80398
-0.78528
-0.82342
-0.82254
-0.79374
-0.782
-0.78756
-0.78219
-0.78089
-0.7729
-0.7809
-0.76432
-0.79887
-0.76432
-0.77325
-0.77952
-0.79228
-0.79053
-0.77001
-0.75813
-0.74871
-0.79227
-0.73807
-0.73814
-0.73874
-0.70242
-0.76208
-0.74103
-0.72486
-0.79652
-0.74881
-0.746
-0.76602
-0.88245
-0.85643
-0.89538
-0.84916
-0.98687
-1.1355
-1.0647
-1.1024
-1.1113
-1.0985
-1.4251
-1.2864
-1.5136
0
0
0
0
0
0
0
0
0
0
0
0
0
0
0
0
0
0
0
0
0
0
0
0
0
0
0
0
0
0
0
0
0
0
0
0
0
0
0
0
0
0
0
0
0
0
0
0
0
0
0
0
0
0
0
0
0
-0.82724
-0.81242
-0.8125
-0.79359
-0.8122
-0.81111
-0.78477
-0.79686
-0.78104
53.9986
-0.79292
-0.80978
-0.74884
-0.74856
-0.83596
-0.80567
-0.76627
-0.83585
-0.79086
-0.77617
-0.77621
-0.79469
-0.78537
-0.76702
-0.80489
-0.80399
-0.77381
-0.76361
-0.76913
-0.76298
-0.76261
-0.75442
-0.76262
-0.74599
-0.78072
-0.74599
-0.75469
-0.76074
-0.77293
-0.77176
-0.75137
-0.7397
-0.73003
-0.77293
-0.71973
-0.71979
-0.72032
-0.68451
-0.74347
-0.72275
-0.70666
-0.77779
-0.73034
-0.72761
-0.74736
-0.86193
-0.83631
-0.87574
-0.83038
-0.96659
-1.1145
-1.0443
-1.0817
-1.0904
-1.0776
-1.4035
-1.2645
0
0
0
0
0
0
0
0
0
0
0
0
0
0
0
0
0
0
0
0
0
0
0
0
0
0
0
0
0
0
0
0
0
0
0
0
0
0
0
0
0
0
0
0
0
0
0
0
0
0
0
0
0
0
0
0
0
0
-0.85677
-0.84159
-0.84194
-0.82273
-0.84215
-0.84101
-0.81453
-0.82709
-0.81226
-0.79292
58.5347
-0.83917
-0.77599
-0.77575
-0.86403
-0.83477
-0.79405
-0.86391
-0.82243
-0.80399
-0.80404
-0.80474
-0.81325
-0.79551
-0.83324
-0.83239
-0.80406
-0.79164
-0.79721
-0.79202
-0.79076
-0.78302
-0.79077
-0.77413
-0.80731
-0.77414
-0.78312
-0.79022
-0.80169
-0.80052
-0.7799
-0.76793
-0.7588
-0.8009
-0.74781
-0.74788
-0.74818
-0.71176
-0.77204
-0.75073
-0.73452
-0.80674
-0.75917
-0.75582
-0.77554
-0.8943
-0.86686
-0.90709
-0.85932
-0.99776
-1.1467
-1.076
-1.1138
-1.1227
-1.1105
-1.4359
0
0
0
0
0
0
0
0
0
0
0
0
0
0
0
-3.9552
0
0
0
0
0
0
0
0
0
0
0
0
0
0
0
0
0
0
0
0
0
0
0
0
0
0
0
0
0
0
0
0
0
0
0
0
0
0
0
0
0
0
0
-0.88086
-0.86559
-0.86392
-0.84455
-0.8589
-0.85829
-0.83
-0.84477
-0.82949
-0.80978
-0.83917
59.9797
-0.79229
-0.79205
-0.88179
-0.85689
-0.80862
-0.88167
-0.83781
-0.81836
-0.81839
-0.84105
-0.82928
-0.81028
-0.85067
-0.8498
-0.81759
-0.80719
-0.81227
-0.80787
-0.80462
-0.79925
-0.80463
-0.78754
-0.82324
-0.78754
-0.7963
-0.80685
-0.82055
-0.81638
-0.79561
-0.78361
-0.77369
-0.81829
-0.76405
-0.76411
-0.76581
-0.72785
-0.78369
-0.7657
-0.74947
-0.82468
-0.69428
-0.77105
-0.79009
-0.91084
-0.8839
-0.93306
-0.87826
-1.0232
-1.163
-1.0919
-1.13
-1.1465
-1.1281
0
0
0
0
0
0
0
0
0
0
0
0
0
0
0
0
0
0
0
0
-5.833
0
0
0
0
0
0
0
0
0
0
0
0
0
0
0
0
0
0
0
0
0
0
0
0
0
0
0
0
0
0
0
0
0
0
0
0
0
0
0
-0.81077
-0.79576
-0.79609
-0.77729
-0.79573
-0.79463
-0.76857
-0.78088
-0.76613
-0.74884
-0.77599
-0.79229
51.6255
-0.71291
-0.8181
-0.78803
-0.75
-0.81798
-0.77522
-0.76036
-0.7604
-0.77888
-0.76846
-0.75141
-0.78707
-0.78621
-0.76361
-0.74739
-0.75293
-0.74687
-0.74623
-0.7382
-0.74624
-0.72962
-0.75729
-0.72962
-0.73806
-0.74515
-0.75574
-0.75478
-0.73463
-0.72322
-0.71353
-0.756
-0.70328
-0.70336
-0.70379
-0.66835
-0.72693
-0.70649
-0.69057
-0.76086
-0.71389
-0.71116
-0.7303
-0.84339
-0.81836
-0.85814
-0.81292
-0.94688
-1.0944
-1.0248
-1.0619
-1.0702
-1.0578
-1.3805
0
0
0
0
0
0
0
0
0
0
0
0
0
0
0
0
0
0
0
0
0
0
0
0
0
0
0
0
0
0
0
0
0
0
0
0
0
0
0
0
0
0
0
0
0
0
0
0
0
0
0
0
0
0
0
0
0
0
0
-0.81053
-0.79551
-0.79584
-0.77704
-0.79548
-0.79437
-0.76833
-0.78063
-0.76588
-0.74856
-0.77575
-0.79205
-0.71291
51.6095
-0.81786
-0.78779
-0.74982
-0.81774
-0.77496
-0.76014
-0.76018
-0.77866
-0.76823
-0.75118
-0.78683
-0.78598
-0.76335
-0.74715
-0.75269
-0.74666
-0.74599
-0.73795
-0.74601
-0.72938
-0.75709
-0.72938
-0.73781
-0.74488
-0.75546
-0.75452
-0.73437
-0.72297
-0.71329
-0.75571
-0.70304
-0.7031
-0.70353
-0.66813
-0.72668
-0.70626
-0.69033
-0.7606
-0.71364
-0.71092
-0.73004
-0.84308
-0.81809
-0.85784
-0.81265
-0.94662
-1.0942
-1.0246
-1.0617
-1.07
-1.0575
-1.3802
0
0
0
0
0
0
0
0
0
0
0
0
0
0
0
0
0
0
0
0
0
0
0
0
0
0
0
0
0
0
0
0
0
0
0
0
0
0
0
0
0
0
0
0
0
0
0
0
0
0
0
0
0
0
0
0
0
0
0
-0.9021
-0.88589
-0.88577
-0.86415
-0.88741
-0.8879
-0.86039
-0.86921
-0.8552
-0.83596
-0.86403
-0.88179
-0.8181
-0.81786
61.794
-0.87716
-0.83397
-0.91269
-0.86166
-0.84357
-0.84361
-0.86172
-0.85353
-0.83444
-0.87215
-0.87128
-0.83881
-0.83047
-0.83555
-0.82791
-0.8298
-0.8221
-0.82982
-0.81279
-0.84621
-0.81278
-0.82204
-0.83028
-0.84079
-0.83971
-0.8186
-0.8065
-0.79552
-0.84006
-0.78607
-0.78612
-0.78632
-0.7494
-0.80916
-0.78901
-0.77246
-0.84299
-0.79988
-0.79425
-0.81332
-0.92752
-0.90338
-0.94616
-0.89751
-1.0447
-1.19
-1.1187
-1.1564
0
0
0
0
0
0
0
0
0
0
0
0
0
0
0
0
0
0
0
0
0
0
0
0
0
0
0
0
0
0
0
0
0
0
0
0
0
0
0
0
0
-8.4193
0
0
0
0
0
0
0
0
0
0
0
0
0
0
0
0
0
0
0
0
-0.87514
-0.85985
-0.85781
-0.83821
-0.85409
-0.85451
-0.82559
-0.83999
-0.82512
-0.80567
-0.83477
-0.85689
-0.78803
-0.78779
-0.87716
57.1885
-0.80335
-0.87704
-0.8322
-0.81281
-0.81285
-0.84258
-0.82379
-0.80481
-0.8465
-0.84568
-0.81532
-0.80164
-0.80683
-0.80471
-0.79943
-0.79596
-0.79944
-0.78418
-0.82044
-0.78417
-0.7931
-0.8006
-0.81392
-0.81037
-0.78961
-0.77739
-0.76682
-0.81218
-0.75715
-0.75722
-0.75987
-0.71919
-0.77831
-0.76009
-0.74373
-0.81825
-0.77979
-0.76507
-0.7839
-0.90345
-0.87753
-0.85017
-0.8713
-1.0169
-1.1563
-1.0855
-1.1229
0
0
0
0
0
0
0
0
0
0
0
0
0
0
0
0
0
0
0
0
0
0
0
0
-5.6236
0
0
0
0
0
0
0
0
0
0
0
0
0
0
0
0
0
0
0
0
0
0
0
0
0
0
0
0
0
0
0
0
0
0
0
0
0
-0.82869
-0.81356
-0.81385
-0.79479
-0.81361
-0.81304
-0.78608
-0.79882
-0.78411
-0.76627
-0.79405
-0.80862
-0.75
-0.74982
-0.83397
-0.80335
50.2355
-0.83385
-0.79147
-0.77961
-0.77966
-0.7922
-0.7874
-0.76844
-0.80035
-0.7995
-0.77107
-0.76439
-0.77052
-0.75682
-0.76288
-0.75486
-0.76289
-0.74575
-0.76985
-0.74574
-0.75433
-0.76198
-0.77316
-0.77128
-0.75122
-0.73937
-0.72978
-0.7737
-0.71906
-0.71913
-0.71988
-0.68411
-0.743
-0.72239
-0.70625
-0.77808
-0.73136
-0.72718
-0.74678
-0.86274
-0.8367
-0.8764
-0.83007
-0.96409
-1.1124
-1.0426
-1.0801
-1.0885
0
0
0
0
0
0
0
0
0
0
0
0
0
0
0
0
0
0
0
0
0
0
0
0
0
0
0
0
0
0
0
0
0
0
0
0
0
0
0
0
0
0
0
0
0
0
0
0
0
0
0
0
0
0
0
0
0
0
0
0
0
-0.90199
-0.88579
-0.88564
-0.86404
-0.8873
-0.88779
-0.86026
-0.86908
-0.85508
-0.83585
-0.86391
-0.88167
-0.81798
-0.81774
-0.91269
-0.87704
-0.83385
61.7859
-0.86153
-0.84346
-0.84352
-0.86158
-0.85342
-0.83433
-0.87203
-0.87116
-0.83869
-0.83035
-0.83543
-0.8278
-0.82969
-0.82197
-0.8297
-0.81267
-0.84609
-0.81267
-0.82193
-0.83016
-0.84067
-0.8396
-0.81848
-0.80638
-0.79541
-0.83995
-0.78593
-0.78601
-0.78619
-0.74928
-0.80905
-0.7889
-0.77234
-0.84288
-0.79976
-0.79414
-0.8132
-0.9274
-0.90326
-0.94604
-0.89739
-1.0446
-1.1898
-1.1186
-1.1563
0
0
0
0
0
0
0
0
0
0
0
0
0
0
0
0
0
0
0
0
0
0
0
0
0
0
0
0
0
0
0
0
0
0
0
0
0
0
0
0
0
0
0
0
0
0
0
0
0
0
0
0
0
0
0
0
0
0
0
-8.4185
0
0
-0.85607
-0.84028
-0.84115
-0.82209
-0.84237
-0.84188
-0.81449
-0.82799
-0.81372
-0.79086
-0.82243
-0.83781
-0.77522
-0.77496
-0.86166
-0.8322
-0.79147
-0.86153
55.7102
-0.80169
-0.80174
-0.82047
-0.80621
-0.79239
-0.83231
-0.83137
-0.80108
-0.78902
-0.79468
-0.7915
-0.78838
-0.77998
-0.78839
-0.77161
-0.80284
-0.77161
-0.78039
-0.7872
-0.79961
-0.79763
-0.77703
-0.7652
-0.75645
-0.78142
-0.74491
-0.74498
-0.74526
-0.70912
-0.76653
-0.74807
-0.73219
-0.804
-0.75661
-0.75347
-0.77314
-0.89266
-0.86619
-0.90371
-0.85696
-0.99592
-1.1448
-1.0744
-1.1117
0
0
0
0
0
0
0
0
0
0
0
0
0
0
0
0
0
0
0
0
0
0
0
0
0
0
0
0
-4.9271
0
0
0
0
0
0
0
0
0
0
0
0
0
0
0
0
0
0
0
0
0
0
0
0
0
0
0
0
0
0
0
0
0
-0.83801
-0.82279
-0.8231
-0.80393
-0.82323
-0.82275
-0.79558
-0.8087
-0.79412
-0.77617
-0.80399
-0.81836
-0.76036
-0.76014
-0.84357
-0.81281
-0.77961
-0.84346
-0.80169
48.5891
-0.77032
-0.80051
-0.79474
-0.77443
-0.80951
-0.80868
-0.78437
-0.77077
-0.77212
-0.76584
-0.77001
-0.76207
-0.77001
-0.75317
-0.78108
-0.75318
-0.76251
-0.77077
-0.7835
-0.77971
-0.75982
-0.74757
-0.73815
-0.7838
-0.72692
-0.72699
-0.72817
-0.69211
-0.7515
-0.73047
-0.71417
-0.78764
-0.74104
-0.73536
-0.75575
-0.87623
-0.84763
-0.88966
-0.83959
-0.97309
-1.1218
-1.052
0
0
0
0
0
0
0
0
0
0
0
0
0
0
0
0
0
0
0
0
0
0
0
0
0
0
0
0
0
0
0
0
0
0
0
0
0
0
0
0
0
0
0
0
0
0
0
0
0
0
0
0
0
0
0
0
0
0
0
0
0
0
0
-0.83805
-0.82284
-0.82315
-0.80397
-0.82326
-0.82279
-0.79563
-0.80873
-0.79416
-0.77621
-0.80404
-0.81839
-0.7604
-0.76018
-0.84361
-0.81285
-0.77966
-0.84352
-0.80174
-0.77032
48.5916
-0.80054
-0.79479
-0.77447
-0.80955
-0.80872
-0.78442
-0.7708
-0.77216
-0.76588
-0.77005
-0.76211
-0.77005
-0.75322
-0.78111
-0.75322
-0.76254
-0.77081
-0.78354
-0.77976
-0.75987
-0.74761
-0.73819
-0.78384
-0.72696
-0.72704
-0.72821
-0.69216
-0.75155
-0.73051
-0.71421
-0.78768
-0.74107
-0.7354
-0.75579
-0.87628
-0.84768
-0.8897
-0.83964
-0.97313
-1.1218
-1.052
0
0
0
0
0
0
0
0
0
0
0
0
0
0
0
0
0
0
0
0
0
0
0
0
0
0
0
0
0
0
0
0
0
0
0
0
0
0
0
0
0
0
0
0
0
0
0
0
0
0
0
0
0
0
0
0
0
0
0
0
0
0
0
-0.85479
-0.84058
-0.84068
-0.8209
-0.84081
-0.84008
-0.81187
-0.82802
-0.8154
-0.79469
-0.80474
-0.84105
-0.77888
-0.77866
-0.86172
-0.84258
-0.7922
-0.86158
-0.82047
-0.80051
-0.80054
57.7489
-0.80819
-0.78753
-0.82834
-0.82749
-0.79752
-0.77498
-0.79009
-0.78598
-0.78533
-0.77439
-0.78535
-0.76835
-0.80387
-0.76834
-0.77715
-0.77155
-0.76949
-0.7939
-0.77332
-0.76162
-0.75275
-0.79217
-0.74129
-0.74137
-0.72841
-0.70684
-0.76394
-0.74474
-0.7284
-0.79961
-0.75803
-0.75051
-0.77847
-0.88678
-0.85861
-0.90181
-0.85594
0
0
0
0
0
0
0
0
0
0
0
0
0
0
0
0
0
0
0
0
0
-3.2662
-3.92
0
0
-4.2694
0
0
0
0
0
0
0
0
0
0
0
0
0
0
0
0
0
0
0
0
0
0
0
0
0
0
0
0
0
0
0
0
0
0
0
0
0
0
0
0
-0.84831
-0.8325
-0.83306
-0.81408
-0.83318
-0.83299
-0.80523
-0.81879
-0.80398
-0.78537
-0.81325
-0.82928
-0.76846
-0.76823
-0.85353
-0.82379
-0.7874
-0.85342
-0.80621
-0.79474
-0.79479
-0.80819
49.5885
-0.78373
-0.81728
-0.81641
-0.7923
-0.78044
-0.78558
-0.7729
-0.77932
-0.77061
-0.77933
-0.76186
-0.78063
-0.76186
-0.7708
-0.77907
-0.79131
-0.78798
-0.76788
-0.75572
-0.7472
-0.78433
-0.73486
-0.73492
-0.73625
-0.69988
-0.76055
-0.73839
-0.72198
-0.79622
-0.75092
-0.74327
-0.76375
-0.88639
-0.85802
-0.89888
-0.84918
0
0
0
0
0
0
0
0
0
0
0
0
0
0
0
0
0
0
0
-3.6397
0
0
0
0
0
0
0
0
0
0
0
0
0
0
0
0
0
0
0
0
0
0
0
0
0
0
0
0
0
0
0
0
0
0
0
0
0
0
0
0
0
0
0
0
0
0
-0.82698
-0.81132
-0.81371
-0.7947
-0.81409
-0.81361
-0.78656
-0.79983
-0.78528
-0.76702
-0.79551
-0.81028
-0.75141
-0.75118
-0.83444
-0.80481
-0.76844
-0.83433
-0.79239
-0.77443
-0.77447
-0.78753
-0.78373
46.9284
-0.79875
-0.7979
-0.77359
-0.75627
-0.76639
-0.75614
-0.76029
-0.7443
-0.7603
-0.7425
-0.77267
-0.7425
-0.75171
-0.75682
-0.77287
-0.76856
-0.74865
-0.7368
-0.72734
-0.76865
-0.71576
-0.71582
-0.71702
-0.68132
-0.73998
-0.71964
-0.70332
-0.77672
-0.7322
-0.72435
-0.74435
-0.86573
-0.83639
-0.87865
-0.82911
0
0
0
0
0
0
0
0
0
0
0
0
0
0
0
0
0
0
0
0
-2.069
0
0
0
0
0
0
0
0
0
0
0
0
0
0
0
0
0
0
0
0
0
0
0
0
0
0
0
0
0
0
0
0
0
0
0
0
0
0
0
0
0
0
0
0
0
-0.86733
-0.85169
-0.85178
-0.8311
-0.85193
-0.84925
-0.8236
-0.83783
-0.82342
-0.80489
-0.83324
-0.85067
-0.78707
-0.78683
-0.87215
-0.8465
-0.80035
-0.87203
-0.83231
-0.80951
-0.80955
-0.82834
-0.81728
-0.79875
54.7506
-0.83413
-0.80461
-0.79409
-0.79834
-0.7896
-0.79417
-0.78544
-0.79417
-0.77684
-0.81019
-0.77684
-0.78536
-0.79291
-0.80189
-0.80235
-0.78159
-0.77007
-0.75887
-0.8019
-0.74958
-0.74966
-0.74928
-0.71373
-0.77259
-0.75278
-0.73635
-0.8048
-0.76195
-0.75763
-0.77597
-0.88602
-0.86446
-0.90505
-0.8598
0
0
0
0
0
0
0
0
0
0
0
0
0
0
0
0
0
0
0
0
0
0
0
0
0
0
0
0
0
0
0
0
0
0
0
0
0
0
0
0
0
0
0
0
-7.9202
0
0
0
0
0
0
0
0
0
0
0
0
0
0
0
0
0
0
0
0
0
-0.86647
-0.85083
-0.8509
-0.83026
-0.85107
-0.84839
-0.82275
-0.83698
-0.82254
-0.80399
-0.83239
-0.8498
-0.78621
-0.78598
-0.87128
-0.84568
-0.7995
-0.87116
-0.83137
-0.80868
-0.80872
-0.82749
-0.81641
-0.7979
-0.83413
54.6978
-0.80368
-0.79325
-0.79748
-0.78862
-0.79331
-0.78458
-0.79333
-0.776
-0.809
-0.776
-0.7845
-0.79204
-0.80101
-0.80149
-0.78072
-0.76921
-0.75801
-0.80103
-0.74874
-0.7488
-0.74842
-0.71289
-0.77174
-0.75194
-0.7355
-0.80393
-0.76108
-0.75678
-0.77509
-0.88503
-0.86352
-0.90405
-0.8589
0
0
0
0
0
0
0
0
0
0
0
0
0
0
0
0
0
0
0
0
0
0
0
0
0
0
0
0
0
0
0
0
0
0
0
0
0
0
0
0
0
0
0
0
0
0
0
0
0
0
0
0
-7.9172
0
0
0
0
0
0
0
0
0
0
0
0
0
-0.83791
-0.82241
-0.82291
-0.80264
-0.82343
-0.82123
-0.79543
-0.80869
-0.79374
-0.77381
-0.80406
-0.81759
-0.76361
-0.76335
-0.83881
-0.81532
-0.77107
-0.83869
-0.80108
-0.78437
-0.78442
-0.79752
-0.7923
-0.77359
-0.80461
-0.80368
51.9217
-0.76842
-0.77411
-0.75889
-0.76933
-0.76157
-0.76933
-0.75258
-0.77131
-0.75258
-0.76124
-0.76692
-0.7774
-0.77818
-0.75779
-0.74598
-0.73606
-0.77643
-0.72523
-0.72531
-0.72521
-0.69082
-0.72955
-0.72995
-0.71354
-0.78264
-0.73491
-0.73466
-0.75355
-0.86344
-0.8432
0
0
0
0
0
0
0
0
0
0
0
0
0
0
0
0
0
0
0
-3.4095
0
0
0
0
0
0
0
0
0
0
0
0
0
0
0
-4.9258
0
0
0
0
0
0
0
0
0
0
0
0
0
0
0
0
0
0
0
0
0
0
0
0
0
0
0
0
0
0
0
0
-0.82611
-0.81105
-0.81161
-0.79205
-0.81114
-0.80988
-0.78364
-0.79656
-0.782
-0.76361
-0.79164
-0.80719
-0.74739
-0.74715
-0.83047
-0.80164
-0.76439
-0.83035
-0.78902
-0.77077
-0.7708
-0.77498
-0.78044
-0.75627
-0.79409
-0.79325
-0.76842
47.0368
-0.76332
-0.7472
-0.75764
-0.74456
-0.75765
-0.73881
-0.77001
-0.7388
-0.74734
-0.75525
-0.75483
-0.76379
-0.74398
-0.73239
-0.72341
-0.76671
-0.71096
-0.71104
-0.69454
-0.67947
-0.73569
-0.71586
-0.69926
-0.77223
-0.72955
-0.72083
-0.73796
-0.86063
-0.82924
-0.875
0
0
0
0
0
0
0
0
0
0
0
0
0
0
0
0
-3.2529
0
0
0
0
0
0
0
0
0
0
0
0
0
0
0
0
0
0
0
0
0
0
0
0
0
0
0
0
0
0
0
0
0
0
0
0
0
0
0
0
0
0
0
0
0
0
0
0
0
0
-0.829
-0.814
-0.81579
-0.79644
-0.81649
-0.81529
-0.78886
-0.80217
-0.78756
-0.76913
-0.79721
-0.81227
-0.75293
-0.75269
-0.83555
-0.80683
-0.77052
-0.83543
-0.79468
-0.77212
-0.77216
-0.79009
-0.78558
-0.76639
-0.79834
-0.79748
-0.77411
-0.76332
48.2505
-0.75569
-0.76362
-0.75206
-0.76364
-0.74529
-0.77386
-0.74529
-0.75369
-0.76029
-0.77201
-0.77046
-0.7504
-0.73871
-0.72906
-0.76721
-0.71774
-0.71783
-0.71858
-0.68342
-0.74173
-0.72149
-0.70507
-0.77744
-0.73268
-0.72648
-0.74563
-0.8632
-0.83708
-0.87886
0
0
0
0
0
0
0
0
0
0
0
0
0
0
0
0
0
0
0
0
0
0
0
0
0
0
0
0
0
0
0
0
0
0
0
0
0
-4.1296
0
0
0
0
0
0
0
0
0
0
0
0
0
0
0
0
0
0
0
0
0
0
0
0
0
0
0
0
0
-0.82282
-0.80731
-0.80775
-0.78839
-0.80971
-0.80572
-0.7821
-0.79624
-0.78219
-0.76298
-0.79202
-0.80787
-0.74687
-0.74666
-0.82791
-0.80471
-0.75682
-0.8278
-0.7915
-0.76584
-0.76588
-0.78598
-0.7729
-0.75614
-0.7896
-0.78862
-0.75889
-0.7472
-0.75569
52.9198
-0.75269
-0.74417
-0.75271
-0.73656
-0.75114
-0.73656
-0.74488
-0.75136
-0.76038
-0.76173
-0.74093
-0.72982
-0.72065
-0.76084
-0.70997
-0.71004
-0.70387
-0.67131
-0.73136
-0.7133
-0.69703
-0.76296
-0.71879
-0.71809
-0.72095
-0.84263
-0.80819
0
0
0
0
0
0
0
0
0
0
0
0
0
0
0
-3.3506
0
0
0
0
0
0
0
0
0
0
0
0
0
0
0
0
0
0
0
0
0
0
0
0
0
0
0
0
0
0
0
0
0
0
-6.8623
0
0
0
0
0
0
0
0
0
0
0
0
0
0
0
0
0
-0.82433
-0.80913
-0.80973
-0.79058
-0.80987
-0.80934
-0.78225
-0.79546
-0.78089
-0.76261
-0.79076
-0.80462
-0.74623
-0.74599
-0.8298
-0.79943
-0.76288
-0.82969
-0.78838
-0.77001
-0.77005
-0.78533
-0.77932
-0.76029
-0.79417
-0.79331
-0.76933
-0.75764
-0.76362
-0.75269
43.781
-0.75184
-0.74506
-0.73386
-0.76836
-0.73386
-0.74575
-0.7563
-0.76737
-0.76273
-0.74347
-0.73139
-0.72184
-0.76848
-0.70962
-0.70968
-0.71179
-0.67623
-0.73541
-0.71411
-0.69742
-0.77321
-0.72835
-0.7189
-0.73955
-0.86194
-0.83426
-0.87248
0
0
0
0
0
0
0
0
0
0
0
0
0
0
0
0
0
0
0
0
0
0
0
0
0
0
0
0
0
0
0
0
0
0
0
0
0
0
0
0
0
0
0
0
0
0
0
0
0
0
0
0
0
0
0
0
0
0
0
0
0
0
0
0
0
0
0
-0.8165
-0.78658
-0.80144
-0.78305
-0.80176
-0.80123
-0.77414
-0.78749
-0.7729
-0.75442
-0.78302
-0.79925
-0.7382
-0.73795
-0.8221
-0.79596
-0.75486
-0.82197
-0.77998
-0.76207
-0.76211
-0.77439
-0.77061
-0.7443
-0.78544
-0.78458
-0.76157
-0.74456
-0.75206
-0.74417
-0.75184
45.8787
-0.75185
-0.73178
-0.76174
-0.73178
-0.73998
-0.74119
-0.75877
-0.75649
-0.73649
-0.72423
-0.71535
-0.75622
-0.70354
-0.70362
-0.70557
-0.66825
-0.72893
-0.7074
-0.69099
-0.76352
-0.72138
-0.7119
-0.7308
-0.84815
-0.82114
0
0
0
0
0
0
0
0
0
0
0
0
0
0
0
0
-3.4172
0
0
0
0
0
0
0
0
0
0
0
0
0
0
0
0
0
0
0
0
0
0
0
0
0
0
0
0
0
0
0
0
0
0
0
0
0
0
0
0
0
0
0
0
0
0
0
0
0
0
0
-0.82435
-0.80914
-0.80975
-0.79058
-0.80988
-0.80935
-0.78225
-0.79546
-0.7809
-0.76262
-0.79077
-0.80463
-0.74624
-0.74601
-0.82982
-0.79944
-0.76289
-0.8297
-0.78839
-0.77001
-0.77005
-0.78535
-0.77933
-0.7603
-0.79417
-0.79333
-0.76933
-0.75765
-0.76364
-0.75271
-0.74506
-0.75185
43.7816
-0.73387
-0.76837
-0.73386
-0.74578
-0.7563
-0.76738
-0.76274
-0.74349
-0.73139
-0.72185
-0.7685
-0.70962
-0.70969
-0.7118
-0.67624
-0.73542
-0.71413
-0.69743
-0.77321
-0.72836
-0.71891
-0.73956
-0.86196
-0.83428
-0.87249
0
0
0
0
0
0
0
0
0
0
0
0
0
0
0
0
0
0
0
0
0
0
0
0
0
0
0
0
0
0
0
0
0
0
0
0
0
0
0
0
0
0
0
0
0
0
0
0
0
0
0
0
0
0
0
0
0
0
0
0
0
0
0
0
0
0
0
-0.80763
-0.79259
-0.79319
-0.77435
-0.79323
-0.79265
-0.76577
-0.77881
-0.76432
-0.74599
-0.77413
-0.78754
-0.72962
-0.72938
-0.81279
-0.78418
-0.74575
-0.81267
-0.77161
-0.75317
-0.75322
-0.76835
-0.76186
-0.7425
-0.77684
-0.776
-0.75258
-0.73881
-0.74529
-0.73656
-0.73386
-0.73178
-0.73387
41.9987
-0.75281
-0.72087
-0.72952
-0.74306
-0.75156
-0.74681
-0.72792
-0.71474
-0.70638
-0.75278
-0.69343
-0.6935
-0.69607
-0.65915
-0.71965
-0.69829
-0.6818
-0.75716
-0.71284
-0.70283
-0.72374
-0.83535
-0.81758
0
0
0
0
0
0
0
0
0
0
0
0
0
0
0
0
0
0
0
0
0
0
0
0
0
0
0
0
0
0
0
0
0
0
0
0
0
0
0
0
0
0
0
0
0
0
0
0
0
0
0
0
0
0
0
0
0
0
0
0
0
0
0
0
0
0
0
0
-0.84317
-0.82746
-0.82323
-0.80542
-0.82573
-0.82447
-0.79767
-0.81235
-0.79887
-0.78072
-0.80731
-0.82324
-0.75729
-0.75709
-0.84621
-0.82044
-0.76985
-0.84609
-0.80284
-0.78108
-0.78111
-0.80387
-0.78063
-0.77267
-0.81019
-0.809
-0.77131
-0.77001
-0.77386
-0.75114
-0.76836
-0.76174
-0.76837
-0.75281
53.9013
-0.75281
-0.76161
-0.76751
-0.77944
-0.77873
-0.75722
-0.74631
-0.73687
-0.76952
-0.72624
-0.72632
-0.72742
-0.69061
-0.72813
-0.72985
-0.71485
-0.78224
-0.73799
-0.73522
0
0
0
0
0
0
0
0
0
0
0
0
0
0
0
0
0
0
0
0
0
0
-3.3823
0
-3.5988
0
0
0
0
0
0
0
0
0
0
0
0
0
0
0
0
0
0
0
-5.7457
0
0
0
0
0
0
0
0
0
0
0
0
0
0
0
0
0
0
0
0
0
0
0
0
0
0
-0.80762
-0.7926
-0.79319
-0.77434
-0.79324
-0.79265
-0.76577
-0.77881
-0.76432
-0.74599
-0.77414
-0.78754
-0.72962
-0.72938
-0.81278
-0.78417
-0.74574
-0.81267
-0.77161
-0.75318
-0.75322
-0.76834
-0.76186
-0.7425
-0.77684
-0.776
-0.75258
-0.7388
-0.74529
-0.73656
-0.73386
-0.73178
-0.73386
-0.72087
-0.75281
41.9987
-0.72951
-0.74306
-0.75156
-0.74682
-0.72792
-0.71474
-0.70637
-0.75278
-0.69342
-0.6935
-0.69607
-0.65916
-0.71965
-0.69828
-0.68181
-0.75716
-0.71285
-0.70283
-0.72373
-0.83534
-0.81759
0
0
0
0
0
0
0
0
0
0
0
0
0
0
0
0
0
0
0
0
0
0
0
0
0
0
0
0
0
0
0
0
0
0
0
0
0
0
0
0
0
0
0
0
0
0
0
0
0
0
0
0
0
0
0
0
0
0
0
0
0
0
0
0
0
0
0
0
-0.81701
-0.8019
-0.80248
-0.78352
-0.80247
-0.80182
-0.77481
-0.78788
-0.77325
-0.75469
-0.78312
-0.7963
-0.73806
-0.73781
-0.82204
-0.7931
-0.75433
-0.82193
-0.78039
-0.76251
-0.76254
-0.77715
-0.7708
-0.75171
-0.78536
-0.7845
-0.76124
-0.74734
-0.75369
-0.74488
-0.74575
-0.73998
-0.74578
-0.72952
-0.76161
-0.72951
40.8526
-0.74784
-0.75956
-0.76645
-0.73829
-0.72507
-0.71798
-0.75568
-0.70588
-0.70596
-0.70851
-0.66952
-0.73192
-0.70855
-0.69153
-0.76717
-0.72381
-0.71293
-0.73513
0
0
0
0
0
0
0
0
0
0
0
0
0
0
0
0
0
0
0
0
0
0
0
0
0
0
0
0
0
0
0
0
0
0
0
0
0
0
0
0
0
0
0
0
0
0
0
0
0
0
0
0
0
0
0
0
0
0
0
0
0
0
0
0
0
0
0
0
0
0
-0.82206
-0.80814
-0.8085
-0.78955
-0.80867
-0.80809
-0.78098
-0.7942
-0.77952
-0.76074
-0.79022
-0.80685
-0.74515
-0.74488
-0.83028
-0.8006
-0.76198
-0.83016
-0.7872
-0.77077
-0.77081
-0.77155
-0.77907
-0.75682
-0.79291
-0.79204
-0.76692
-0.75525
-0.76029
-0.75136
-0.7563
-0.74119
-0.7563
-0.74306
-0.76751
-0.74306
-0.74784
42.9123
-0.76617
-0.76941
-0.74416
-0.73397
-0.72379
-0.76183
-0.71465
-0.71473
-0.71407
-0.67592
-0.73406
-0.71446
-0.70047
-0.77105
0
-0.72085
0
0
0
0
0
0
0
0
0
0
0
0
0
0
0
0
0
0
0
0
0
0
0
0
0
0
-3.1719
0
0
0
0
0
0
0
0
0
0
0
0
0
0
0
0
0
0
0
0
0
0
0
0
0
0
0
0
0
0
0
0
0
0
0
0
0
0
0
0
0
0
0
0
-0.83647
-0.82102
-0.8214
-0.79824
-0.82098
-0.82018
-0.79276
-0.80709
-0.79228
-0.77293
-0.80169
-0.82055
-0.75574
-0.75546
-0.84079
-0.81392
-0.77316
-0.84067
-0.79961
-0.7835
-0.78354
-0.76949
-0.79131
-0.77287
-0.80189
-0.80101
-0.7774
-0.75483
-0.77201
-0.76038
-0.76737
-0.75877
-0.76738
-0.75156
-0.77944
-0.75156
-0.75956
-0.76617
45.932
-0.77819
-0.7567
-0.74495
-0.73602
-0.78081
-0.72565
-0.72573
-0.71019
-0.69005
-0.74886
-0.72697
-0.71249
-0.7819
0
0
0
0
0
0
0
0
0
0
0
0
0
0
0
0
0
0
0
0
0
0
0
0
0
-2.2025
0
0
0
0
0
0
-4.156
0
0
0
0
0
0
0
0
0
0
0
0
0
0
0
0
0
0
0
0
0
0
0
0
0
0
0
0
0
0
0
0
0
0
0
0
0
0
0
0
-0.83446
-0.81923
-0.81984
-0.80067
-0.82009
-0.81947
-0.79216
-0.80535
-0.79053
-0.77176
-0.80052
-0.81638
-0.75478
-0.75452
-0.83971
-0.81037
-0.77128
-0.8396
-0.79763
-0.77971
-0.77976
-0.7939
-0.78798
-0.76856
-0.80235
-0.80149
-0.77818
-0.76379
-0.77046
-0.76173
-0.76273
-0.75649
-0.76274
-0.74681
-0.77873
-0.74682
-0.76645
-0.76941
-0.77819
40.3346
-0.76703
-0.74185
-0.74025
-0.77281
-0.72656
-0.72665
-0.73076
-0.6908
-0.75377
-0.72731
-0.71292
-0.79564
0
-0.73364
0
0
0
0
0
0
0
0
0
0
0
0
0
0
0
0
0
0
0
0
0
0
0
0
0
0
0
0
0
0
0
0
0
0
0
0
0
0
0
0
0
0
0
0
0
0
0
0
0
0
0
0
0
0
0
0
0
0
0
0
0
0
0
0
0
0
0
0
0
0
0
-0.80978
-0.79808
-0.79871
-0.7799
-0.79663
-0.79852
-0.77147
-0.78466
-0.77001
-0.75137
-0.7799
-0.79561
-0.73463
-0.73437
-0.8186
-0.78961
-0.75122
-0.81848
-0.77703
-0.75982
-0.75987
-0.77332
-0.76788
-0.74865
-0.78159
-0.78072
-0.75779
-0.74398
-0.7504
-0.74093
-0.74347
-0.73649
-0.74349
-0.72792
-0.75722
-0.72792
-0.73829
-0.74416
-0.7567
-0.76703
39.7806
-0.72196
-0.71602
-0.75937
-0.71063
-0.71071
-0.70641
-0.66966
-0.72575
-0.70497
-0.69197
0
0
0
0
0
0
0
0
0
0
0
0
0
0
0
0
0
0
-1.9969
0
0
0
0
0
0
0
0
0
0
0
0
0
0
0
0
0
0
0
0
0
0
0
0
0
0
0
0
0
0
0
0
0
0
0
0
0
0
0
0
0
0
0
0
0
0
0
0
0
0
0
0
0
0
0
-0.80134
-0.78642
-0.78705
-0.76818
-0.7872
-0.78652
-0.75971
-0.77266
-0.75813
-0.7397
-0.76793
-0.78361
-0.72322
-0.72297
-0.8065
-0.77739
-0.73937
-0.80638
-0.7652
-0.74757
-0.74761
-0.76162
-0.75572
-0.7368
-0.77007
-0.76921
-0.74598
-0.73239
-0.73871
-0.72982
-0.73139
-0.72423
-0.73139
-0.71474
-0.74631
-0.71474
-0.72507
-0.73397
-0.74495
-0.74185
-0.72196
37.9284
-0.69892
-0.7469
-0.69684
-0.69694
-0.69358
-0.64987
-0.71211
-0.69064
-0.67848
-0.75856
0
0
0
0
0
0
0
0
0
0
0
0
0
0
0
0
0
0
0
0
0
0
0
0
0
0
0
0
0
0
0
0
0
0
0
0
0
0
0
0
0
0
0
0
0
0
0
0
0
0
0
0
0
0
0
0
0
0
0
0
0
0
0
0
0
0
0
0
0
0
0
0
0
-0.79125
-0.77586
-0.77655
-0.75956
-0.77783
-0.77642
-0.75032
-0.76313
-0.74871
-0.73003
-0.7588
-0.77369
-0.71353
-0.71329
-0.79552
-0.76682
-0.72978
-0.79541
-0.75645
-0.73815
-0.73819
-0.75275
-0.7472
-0.72734
-0.75887
-0.75801
-0.73606
-0.72341
-0.72906
-0.72065
-0.72184
-0.71535
-0.72185
-0.70638
-0.73687
-0.70637
-0.71798
-0.72379
-0.73602
-0.74025
-0.71602
-0.69892
39.0202
-0.74273
-0.69167
-0.69174
-0.67799
-0.64253
-0.69245
-0.67973
-0.66816
0
0
0
0
0
0
0
0
0
0
0
0
0
0
0
0
0
0
0
0
0
0
0
0
0
0
0
0
0
0
0
0
0
0
0
0
0
0
0
0
0
0
-2.309
0
0
0
0
0
0
0
0
0
0
0
0
0
0
0
0
0
0
0
0
0
0
0
0
0
0
0
0
0
0
0
-0.82931
-0.81784
-0.82051
-0.80201
-0.82177
-0.82116
-0.7939
-0.80729
-0.79227
-0.77293
-0.8009
-0.81829
-0.756
-0.75571
-0.84006
-0.81218
-0.7737
-0.83995
-0.78142
-0.7838
-0.78384
-0.79217
-0.78433
-0.76865
-0.8019
-0.80103
-0.77643
-0.76671
-0.76721
-0.76084
-0.76848
-0.75622
-0.7685
-0.75278
-0.76952
-0.75278
-0.75568
-0.76183
-0.78081
-0.77281
-0.75937
-0.7469
-0.74273
44.7178
-0.72964
-0.72971
-0.72759
0
-0.74428
-0.72417
0
0
0
0
0
0
0
0
0
0
0
0
0
0
0
0
0
0
0
0
0
0
0
0
0
-2.4527
0
0
0
0
0
0
0
0
0
0
0
0
-4.8773
0
0
0
0
0
0
0
0
0
0
0
0
0
0
0
0
0
0
0
0
0
0
0
0
0
0
0
0
0
0
0
0
0
0
0
0
-0.78123
-0.7665
-0.7671
-0.74844
-0.76701
-0.76634
-0.73978
-0.75247
-0.73807
-0.71973
-0.74781
-0.76405
-0.70328
-0.70304
-0.78607
-0.75715
-0.71906
-0.78593
-0.74491
-0.72692
-0.72696
-0.74129
-0.73486
-0.71576
-0.74958
-0.74874
-0.72523
-0.71096
-0.71774
-0.70997
-0.70962
-0.70354
-0.70962
-0.69343
-0.72624
-0.69342
-0.70588
-0.71465
-0.72565
-0.72656
-0.71063
-0.69684
-0.69167
-0.72964
36.2386
-0.66819
-0.68414
-0.63744
-0.71322
-0.67142
-0.66084
0
0
0
0
0
0
0
0
0
0
0
0
0
0
0
0
0
0
0
0
0
0
0
0
0
0
0
0
0
0
0
0
0
0
0
0
0
0
0
0
0
0
0
0
0
0
0
0
0
0
0
0
0
0
0
0
0
0
0
0
0
0
0
0
0
0
0
0
0
0
0
0
0
0
-0.78131
-0.76658
-0.76717
-0.7485
-0.76708
-0.76639
-0.73985
-0.75256
-0.73814
-0.71979
-0.74788
-0.76411
-0.70336
-0.7031
-0.78612
-0.75722
-0.71913
-0.78601
-0.74498
-0.72699
-0.72704
-0.74137
-0.73492
-0.71582
-0.74966
-0.7488
-0.72531
-0.71104
-0.71783
-0.71004
-0.70968
-0.70362
-0.70969
-0.6935
-0.72632
-0.6935
-0.70596
-0.71473
-0.72573
-0.72665
-0.71071
-0.69694
-0.69174
-0.72971
-0.66819
36.2422
-0.68424
-0.63751
-0.71329
-0.67149
-0.6609
0
0
0
0
0
0
0
0
0
0
0
0
0
0
0
0
0
0
0
0
0
0
0
0
0
0
0
0
0
0
0
0
0
0
0
0
0
0
0
0
0
0
0
0
0
0
0
0
0
0
0
0
0
0
0
0
0
0
0
0
0
0
0
0
0
0
0
0
0
0
0
0
0
0
-0.78239
-0.76774
-0.76836
-0.74918
-0.76771
-0.76618
-0.74062
-0.75309
-0.73874
-0.72032
-0.74818
-0.76581
-0.70379
-0.70353
-0.78632
-0.75987
-0.71988
-0.78619
-0.74526
-0.72817
-0.72821
-0.72841
-0.73625
-0.71702
-0.74928
-0.74842
-0.72521
-0.69454
-0.71858
-0.70387
-0.71179
-0.70557
-0.7118
-0.69607
-0.72742
-0.69607
-0.70851
-0.71407
-0.71019
-0.73076
-0.70641
-0.69358
-0.67799
-0.72759
-0.68414
-0.68424
36.6521
0
0
0
0
0
0
0
0
0
0
0
0
0
0
0
0
0
0
0
0
0
0
0
0
0
0
0
-3.1148
0
0
0
0
0
0
0
0
0
0
0
0
0
0
0
0
0
0
0
0
0
0
0
0
0
0
0
0
0
0
0
0
0
0
0
0
0
0
0
0
0
0
0
0
0
0
0
0
0
0
-0.74444
-0.72988
-0.73042
-0.71217
-0.73033
-0.73007
-0.70379
-0.71657
-0.70242
-0.68451
-0.71176
-0.72785
-0.66835
-0.66813
-0.7494
-0.71919
-0.68411
-0.74928
-0.70912
-0.69211
-0.69216
-0.70684
-0.69988
-0.68132
-0.71373
-0.71289
-0.69082
-0.67947
-0.68342
-0.67131
-0.67623
-0.66825
-0.67624
-0.65915
-0.69061
-0.65916
-0.66952
-0.67592
-0.69005
-0.6908
-0.66966
-0.64987
-0.64253
0
-0.63744
-0.63751
0
34.5793
0
0
0
0
0
0
0
0
0
-0.79981
0
0
0
0
0
0
0
0
0
0
0
0
-2.5909
0
0
0
0
0
0
0
0
0
0
0
0
0
0
0
0
0
0
0
0
0
0
0
0
0
0
0
0
0
0
0
0
0
0
0
0
0
0
0
0
0
0
0
0
0
0
0
0
0
0
0
0
0
0
-0.80409
-0.78962
-0.79025
-0.77098
-0.7917
-0.78996
-0.76438
-0.77678
-0.76208
-0.74347
-0.77204
-0.78369
-0.72693
-0.72668
-0.80916
-0.77831
-0.743
-0.80905
-0.76653
-0.7515
-0.75155
-0.76394
-0.76055
-0.73998
-0.77259
-0.77174
-0.72955
-0.73569
-0.74173
-0.73136
-0.73541
-0.72893
-0.73542
-0.71965
-0.72813
-0.71965
-0.73192
-0.73406
-0.74886
-0.75377
-0.72575
-0.71211
-0.69245
-0.74428
-0.71322
-0.71329
0
0
37.8603
0
0
0
0
0
0
0
0
0
0
0
0
0
0
0
0
0
0
0
0
0
0
0
0
0
0
0
-3.2745
0
0
0
0
0
0
0
0
0
0
0
0
0
0
0
0
0
0
0
0
0
0
0
0
0
0
0
0
0
0
0
0
0
0
0
0
0
0
0
0
0
0
0
0
0
0
0
0
-0.78396
-0.76917
-0.7698
-0.75116
-0.76984
-0.76917
-0.74262
-0.7554
-0.74103
-0.72275
-0.75073
-0.7657
-0.70649
-0.70626
-0.78901
-0.76009
-0.72239
-0.7889
-0.74807
-0.73047
-0.73051
-0.74474
-0.73839
-0.71964
-0.75278
-0.75194
-0.72995
-0.71586
-0.72149
-0.7133
-0.71411
-0.7074
-0.71413
-0.69829
-0.72985
-0.69828
-0.70855
-0.71446
-0.72697
-0.72731
-0.70497
-0.69064
-0.67973
-0.72417
-0.67142
-0.67149
0
0
0
33.6434
0
0
0
0
0
0
0
0
0
0
0
0
0
0
0
0
0
0
0
0
0
0
0
0
0
0
0
0
0
0
0
0
0
0
0
0
0
0
0
0
0
0
0
0
0
0
0
0
0
0
0
0
0
0
0
0
0
0
0
0
0
0
0
0
0
0
0
0
0
0
0
0
0
0
0
-0.76779
-0.75304
-0.75362
-0.7351
-0.75348
-0.75282
-0.7265
-0.73913
-0.72486
-0.70666
-0.73452
-0.74947
-0.69057
-0.69033
-0.77246
-0.74373
-0.70625
-0.77234
-0.73219
-0.71417
-0.71421
-0.7284
-0.72198
-0.70332
-0.73635
-0.7355
-0.71354
-0.69926
-0.70507
-0.69703
-0.69742
-0.69099
-0.69743
-0.6818
-0.71485
-0.68181
-0.69153
-0.70047
-0.71249
-0.71292
-0.69197
-0.67848
-0.66816
0
-0.66084
-0.6609
0
0
0
0
32.2158
0
0
0
0
0
0
0
0
0
0
0
0
0
0
0
0
0
0
0
0
0
0
0
0
0
0
0
0
0
0
0
0
0
0
0
0
0
0
0
0
0
0
0
0
0
0
0
0
0
0
0
0
0
0
0
0
0
0
0
0
0
0
0
0
0
0
0
0
0
0
0
0
0
0
-0.84005
-0.82386
-0.82443
-0.80451
-0.82637
-0.82671
-0.79847
-0.81209
-0.79652
-0.77779
-0.80674
-0.82468
-0.76086
-0.7606
-0.84299
-0.81825
-0.77808
-0.84288
-0.804
-0.78764
-0.78768
-0.79961
-0.79622
-0.77672
-0.8048
-0.80393
-0.78264
-0.77223
-0.77744
-0.76296
-0.77321
-0.76352
-0.77321
-0.75716
-0.78224
-0.75716
-0.76717
-0.77105
-0.7819
-0.79564
0
-0.75856
0
0
0
0
0
0
0
0
0
38.8507
0
0
0
0
0
0
0
0
0
0
0
0
0
0
0
0
0
0
0
0
0
0
0
0
0
0
0
0
0
0
0
0
0
0
0
0
0
0
0
0
0
0
0
0
0
0
0
0
0
0
0
0
0
0
0
0
0
-6.3481
0
0
0
0
0
0
0
0
0
0
0
0
0
0
0
-0.80163
-0.78629
-0.78394
-0.76545
-0.77623
-0.77509
-0.7488
-0.76231
-0.74881
-0.73034
-0.75917
-0.69428
-0.71389
-0.71364
-0.79988
-0.77979
-0.73136
-0.79976
-0.75661
-0.74104
-0.74107
-0.75803
-0.75092
-0.7322
-0.76195
-0.76108
-0.73491
-0.72955
-0.73268
-0.71879
-0.72835
-0.72138
-0.72836
-0.71284
-0.73799
-0.71285
-0.72381
0
0
0
0
0
0
0
0
0
0
0
0
0
0
0
36.412
0
0
0
0
0
0
0
0
0
0
0
0
0
0
0
0
0
0
0
0
0
0
0
0
0
0
0
0
0
0
0
0
-5.1991
0
0
0
0
0
0
0
0
0
0
0
-3.5578
0
0
0
0
0
0
0
0
0
0
0
0
0
0
0
0
0
0
0
0
0
0
0
0
0
0
0
-0.7895
-0.77443
-0.77501
-0.75633
-0.77508
-0.77435
-0.74762
-0.76046
-0.746
-0.72761
-0.75582
-0.77105
-0.71116
-0.71092
-0.79425
-0.76507
-0.72718
-0.79414
-0.75347
-0.73536
-0.7354
-0.75051
-0.74327
-0.72435
-0.75763
-0.75678
-0.73466
-0.72083
-0.72648
-0.71809
-0.7189
-0.7119
-0.71891
-0.70283
-0.73522
-0.70283
-0.71293
-0.72085
0
-0.73364
0
0
0
0
0
0
0
0
0
0
0
0
0
28.9708
0
0
0
0
0
0
0
0
0
0
0
0
0
0
0
0
0
0
0
0
0
0
0
0
0
0
0
0
0
0
0
0
0
0
0
0
0
0
0
0
0
0
0
0
0
0
0
0
0
0
0
0
0
0
0
0
0
0
0
0
0
0
0
0
0
0
0
0
0
0
0
-0.80884
-0.7934
-0.79424
-0.77579
-0.79385
-0.79371
-0.76614
-0.78053
-0.76602
-0.74736
-0.77554
-0.79009
-0.7303
-0.73004
-0.81332
-0.7839
-0.74678
-0.8132
-0.77314
-0.75575
-0.75579
-0.77847
-0.76375
-0.74435
-0.77597
-0.77509
-0.75355
-0.73796
-0.74563
-0.72095
-0.73955
-0.7308
-0.73956
-0.72374
0
-0.72373
-0.73513
0
0
0
0
0
0
0
0
0
0
0
0
0
0
0
0
0
32.5865
0
0
0
0
0
0
0
0
0
0
0
0
0
0
0
0
0
0
0
0
0
0
0
0
0
0
0
-4.3079
-0.80272
0
0
0
0
0
0
0
0
0
0
0
0
0
0
0
0
0
0
0
0
0
0
0
0
0
0
0
0
0
0
0
0
0
0
0
0
0
0
0
0
0
-0.9247
-0.90651
-0.90692
-0.88433
-0.91216
-0.91044
-0.88253
-0.89794
-0.88245
-0.86193
-0.8943
-0.91084
-0.84339
-0.84308
-0.92752
-0.90345
-0.86274
-0.9274
-0.89266
-0.87623
-0.87628
-0.88678
-0.88639
-0.86573
-0.88602
-0.88503
-0.86344
-0.86063
-0.8632
-0.84263
-0.86194
-0.84815
-0.86196
-0.83535
0
-0.83534
0
0
0
0
0
0
0
0
0
0
0
0
0
0
0
0
0
0
0
45.7856
0
0
0
0
0
0
0
0
0
0
0
0
0
0
0
0
0
0
0
0
0
-2.3144
0
0
0
0
0
0
0
0
0
0
0
0
0
0
0
0
0
0
0
0
0
0
0
0
-6.3304
0
0
0
0
0
0
0
0
0
0
-6.3304
0
0
0
0
0
0
0
0
0
0
0
-0.89783
-0.8815
-0.88211
-0.8653
-0.88447
-0.88641
-0.85608
-0.87189
-0.85643
-0.83631
-0.86686
-0.8839
-0.81836
-0.81809
-0.90338
-0.87753
-0.8367
-0.90326
-0.86619
-0.84763
-0.84768
-0.85861
-0.85802
-0.83639
-0.86446
-0.86352
-0.8432
-0.82924
-0.83708
-0.80819
-0.83426
-0.82114
-0.83428
-0.81758
0
-0.81759
0
0
0
0
0
0
0
0
0
0
0
0
0
0
0
0
0
0
0
0
41.3182
0
0
0
0
0
0
0
0
0
0
0
0
0
0
0
0
0
0
0
0
0
0
0
0
0
0
0
0
0
0
0
0
-5.3639
0
0
0
0
0
0
0
0
0
0
0
0
0
0
0
0
0
0
0
0
0
0
0
0
0
0
0
-6.0428
0
0
0
0
0
0
0
-0.94456
-0.92812
-0.92625
-0.89926
-0.9252
-0.92608
-0.89605
-0.91138
-0.89538
-0.87574
-0.90709
-0.93306
-0.85814
-0.85784
-0.94616
-0.85017
-0.8764
-0.94604
-0.90371
-0.88966
-0.8897
-0.90181
-0.89888
-0.87865
-0.90505
-0.90405
0
-0.875
-0.87886
0
-0.87248
0
-0.87249
0
0
0
0
0
0
0
0
0
0
0
0
0
0
-0.79981
0
0
0
0
0
0
0
0
0
44.6789
0
0
0
0
0
0
0
0
0
0
0
0
0
0
0
0
0
0
0
0
0
0
0
0
0
0
0
0
0
-5.4252
0
0
0
0
0
0
0
0
0
0
0
0
0
0
0
0
0
-5.7403
0
0
0
0
-5.7403
0
0
0
0
0
0
0
0
0
0
0
0
0
0
-0.8916
-0.87595
-0.87642
-0.85441
-0.87836
-0.87898
-0.85006
-0.86458
-0.84916
-0.83038
-0.85932
-0.87826
-0.81292
-0.81265
-0.89751
-0.8713
-0.83007
-0.89739
-0.85696
-0.83959
-0.83964
-0.85594
-0.84918
-0.82911
-0.8598
-0.8589
0
0
0
0
0
0
0
0
0
0
0
0
0
0
0
0
0
0
0
0
0
0
0
0
0
0
0
0
0
0
0
0
30.5146
0
0
0
0
0
0
0
0
0
0
0
-2.6079
0
0
0
0
0
0
0
0
0
0
0
0
0
0
0
0
0
0
0
0
0
0
0
0
0
0
0
0
0
0
-5.6083
0
0
0
0
0
0
0
0
0
0
0
0
0
0
0
0
0
0
0
0
0
0
0
-1.0453
-1.0283
-1.0157
-0.99924
-1.0187
-1.0178
-0.98815
-1.0028
-0.98687
-0.96659
-0.99776
-1.0232
-0.94688
-0.94662
-1.0447
-1.0169
-0.96409
-1.0446
-0.99592
-0.97309
-0.97313
0
0
0
0
0
0
0
0
0
0
0
0
0
0
0
0
0
0
0
0
0
0
0
0
0
0
0
0
0
0
0
0
0
0
0
0
0
0
25.7855
0
0
0
0
0
0
0
0
0
0
0
0
0
0
0
0
0
0
0
0
0
0
0
0
0
0
0
0
0
0
0
0
0
0
0
0
0
0
-4.7891
0
0
0
0
0
0
0
0
0
0
0
0
0
0
0
0
0
0
0
0
0
0
0
0
0
0
-1.183
-1.1664
-1.1667
-1.1453
-1.1684
-1.1687
-1.1367
-1.1522
-1.1355
-1.1145
-1.1467
-1.163
-1.0944
-1.0942
-1.19
-1.1563
-1.1124
-1.1898
-1.1448
-1.1218
-1.1218
0
0
0
0
0
0
0
0
0
0
0
0
0
0
0
0
0
0
0
0
0
0
0
0
0
0
0
0
0
0
0
0
0
0
0
0
0
0
0
24.0726
0
0
0
0
0
0
0
0
0
0
0
0
0
0
0
0
0
0
0
0
0
0
0
0
0
0
0
0
0
0
0
0
0
0
0
0
0
0
0
0
0
0
0
0
0
0
0
0
0
0
0
0
0
0
0
0
0
0
0
0
0
0
0
0
-1.1115
-1.0952
-1.0955
-1.0745
-1.0971
-1.0974
-1.0659
-1.0811
-1.0647
-1.0443
-1.076
-1.0919
-1.0248
-1.0246
-1.1187
-1.0855
-1.0426
-1.1186
-1.0744
-1.052
-1.052
0
0
0
0
0
0
0
0
0
0
0
0
0
0
0
0
0
0
0
0
0
0
0
0
0
0
0
0
0
0
0
0
0
0
0
0
0
0
0
0
22.5881
0
0
0
0
0
0
0
0
0
0
0
0
0
0
0
0
0
0
0
0
0
0
0
0
0
0
0
0
0
0
0
0
0
0
0
0
0
0
0
0
0
0
0
0
0
0
0
0
0
0
0
0
0
0
0
0
0
0
0
0
0
0
0
-1.1493
-1.1328
-1.1332
-1.112
-1.135
-1.1355
-1.1035
-1.1189
-1.1024
-1.0817
-1.1138
-1.13
-1.0619
-1.0617
-1.1564
-1.1229
-1.0801
-1.1563
-1.1117
0
0
0
0
0
0
0
0
0
0
0
0
0
0
0
0
0
0
0
0
0
0
0
0
0
0
0
0
0
0
0
0
0
0
0
0
0
0
0
0
0
0
0
21.199
0
0
0
0
0
0
0
0
0
0
0
0
0
0
0
0
0
0
0
0
0
0
0
0
0
0
0
0
0
0
0
0
0
0
0
0
0
0
0
0
0
0
0
0
0
0
0
0
0
0
0
0
0
0
0
0
0
0
0
0
0
0
-1.1619
-1.1437
-1.1437
-1.1206
-1.1436
-1.1413
-1.1123
-1.1274
-1.1113
-1.0904
-1.1227
-1.1465
-1.0702
-1.07
0
0
-1.0885
0
0
0
0
0
0
0
0
0
0
0
0
0
0
0
0
0
0
0
0
0
0
0
0
0
0
0
0
0
0
0
0
0
0
0
0
0
0
0
0
0
0
0
0
0
0
20.8222
0
0
0
0
0
0
0
0
0
0
0
0
0
0
0
0
0
0
0
0
0
0
0
0
0
0
0
0
-4.0281
0
0
0
0
0
0
0
0
0
0
0
0
0
0
0
0
0
0
0
0
0
0
0
0
0
0
0
0
0
0
0
0
-1.1428
-1.1249
-1.1251
-1.1036
-1.1303
-1.0938
-1.0989
-1.1144
-1.0985
-1.0776
-1.1105
-1.1281
-1.0578
-1.0575
0
0
0
0
0
0
0
0
0
0
0
0
0
0
0
0
0
0
0
0
0
0
0
0
0
0
0
0
0
0
0
0
0
0
0
0
0
0
0
0
0
0
0
0
0
0
0
0
0
0
18.7287
0
0
0
0
0
0
0
0
0
0
0
0
0
0
0
0
0
0
0
0
0
0
0
0
0
-3.2649
0
0
0
0
0
0
0
0
0
0
0
0
0
0
0
0
0
0
0
0
0
0
0
0
0
0
0
0
0
0
0
0
0
0
-1.4681
-1.4504
-1.4525
-1.4305
-1.4586
-1.4608
-1.4259
-1.4426
-1.4251
-1.4035
-1.4359
0
-1.3805
-1.3802
0
0
0
0
0
0
0
0
0
0
0
0
0
0
0
0
0
0
0
0
0
0
0
0
0
0
0
0
0
0
0
0
0
0
0
0
0
0
0
0
0
0
0
0
0
0
0
0
0
0
0
18.6147
0
0
0
0
0
0
0
0
0
0
0
0
0
0
0
0
0
0
0
0
0
0
0
0
0
0
0
0
0
0
0
0
0
0
0
0
0
0
0
0
0
0
0
0
0
0
0
0
0
0
0
0
0
0
0
0
0
0
0
-1.3258
-1.326
-1.3132
-1.2933
-1.3205
-1.3228
-1.2877
-1.3048
-1.2864
-1.2645
0
0
0
0
0
0
0
0
0
0
0
0
0
0
0
0
0
0
0
0
0
0
0
0
0
0
0
0
0
0
0
0
0
0
0
0
0
0
0
0
0
0
0
0
0
0
0
0
0
0
0
0
0
0
0
0
15.8377
0
0
0
0
0
0
0
0
0
0
0
0
0
-2.7927
0
0
0
0
0
0
0
0
0
0
0
0
0
0
0
0
0
0
0
0
0
0
0
0
0
0
0
0
0
0
0
0
0
0
0
0
0
0
0
0
0
0
0
0
-1.5577
-1.5358
-1.5358
-1.5205
-1.5484
-1.5471
-1.5134
-1.5312
-1.5136
0
0
0
0
0
0
0
0
0
0
0
0
0
0
0
0
0
0
0
0
0
0
0
0
0
0
0
0
0
0
0
0
0
0
0
0
0
0
0
0
0
0
0
0
0
0
0
0
0
0
0
0
0
0
0
0
0
0
19.0534
0
0
0
0
0
0
0
0
0
0
0
0
0
0
0
0
0
0
0
0
0
0
0
0
0
0
0
0
0
0
0
0
0
0
0
0
0
0
0
0
0
0
0
0
0
0
0
0
-5.25
0
0
0
0
0
0
0
0
-1.5468
-1.5262
-1.528
-1.5054
-1.5437
-1.5413
-1.5099
-1.5282
0
0
0
0
0
0
0
0
0
0
0
0
0
0
0
0
0
0
0
0
0
0
0
0
0
0
0
0
0
0
0
0
0
0
0
0
0
0
0
0
0
0
0
0
0
0
0
0
0
0
0
0
0
0
0
0
0
0
0
0
15.6747
0
0
0
0
0
0
0
0
0
0
0
0
0
0
0
0
0
0
0
0
0
0
0
0
0
0
0
0
-3.4453
0
0
0
0
0
0
0
0
0
0
0
0
0
0
0
0
0
0
0
0
0
0
0
0
0
0
0
-2.0897
0
0
0
-2.1073
0
0
0
0
0
0
0
0
0
0
0
0
0
0
0
0
0
0
0
0
0
0
0
0
0
0
0
0
0
0
0
0
0
0
0
-1.9969
0
0
0
0
0
0
0
0
0
0
0
0
0
0
0
0
0
0
0
0
0
0
0
0
0
0
0
0
14.2977
0
0
0
0
0
0
0
0
0
0
0
0
0
-3.0657
0
0
0
0
0
0
0
0
0
0
0
0
0
0
0
0
0
0
0
0
0
0
0
0
0
0
0
0
0
0
0
0
0
0
0
0
0
0
0
-5.0381
0
0
0
0
0
0
0
0
0
0
0
0
0
0
0
0
0
0
0
0
0
0
0
0
0
0
0
0
0
0
0
0
0
0
0
0
0
0
0
0
0
0
0
0
0
0
0
0
-2.5909
0
0
0
0
0
0
0
0
0
0
-2.6079
0
0
0
0
0
0
0
0
0
0
0
19.378
0
0
0
0
0
0
0
0
0
0
0
-4.3776
0
0
0
0
0
0
0
0
0
0
0
0
0
0
0
0
0
0
0
0
0
0
0
0
0
0
0
0
0
0
0
0
-4.9008
0
0
0
0
0
-4.9008
0
0
0
-2.6782
-2.6575
-2.6692
0
-2.6955
0
-2.655
0
0
0
0
0
0
0
0
0
0
0
0
0
0
0
0
0
0
0
0
0
0
0
0
0
0
0
0
0
0
0
0
0
0
0
0
0
0
0
0
0
0
0
0
0
0
0
0
0
0
0
0
0
0
0
0
0
0
0
0
0
0
0
0
13.3553
0
0
0
0
0
0
0
0
0
0
0
0
0
0
0
0
0
0
0
0
0
0
0
0
0
0
0
0
0
0
0
0
0
0
0
0
0
0
0
0
0
0
0
0
0
0
0
0
0
0
0
0
0
0
0
0
0
0
0
0
0
0
0
0
0
0
0
0
0
0
0
0
0
0
0
0
0
0
0
0
0
0
-3.3506
0
0
0
0
0
0
0
0
0
0
0
0
0
0
0
0
0
0
0
0
0
0
0
0
0
0
0
0
0
0
0
0
0
0
0
0
0
0
0
0
0
0
15.6533
0
-3.7466
0
0
0
0
0
0
0
-3.7737
0
0
0
0
0
0
0
0
0
0
0
0
0
-4.7825
0
0
0
0
0
0
0
0
0
0
0
0
0
0
0
0
0
0
0
0
0
0
0
0
0
0
0
0
0
-3.5334
0
0
0
0
0
0
0
0
0
0
0
0
0
0
0
0
0
0
0
0
0
0
0
0
0
0
0
0
0
-3.4172
0
0
0
0
0
0
0
0
0
0
0
0
0
0
0
0
0
0
0
0
0
0
0
0
0
0
0
0
0
0
0
0
0
0
0
0
0
0
0
0
0
11.0348
0
0
0
0
0
-3.3628
0
0
0
0
0
0
0
0
0
0
0
0
0
0
0
0
0
0
0
0
0
0
0
0
0
0
0
0
0
0
0
0
0
0
0
0
0
0
0
-0.72144
0
0
0
0
0
0
0
0
0
0
0
0
0
0
0
0
0
0
0
0
0
0
0
0
0
0
0
0
0
0
0
0
-3.2529
0
0
0
0
0
0
0
0
0
0
0
0
0
0
0
0
0
0
-3.1148
0
0
0
0
0
0
0
0
0
0
0
0
0
0
0
0
0
0
0
0
0
0
0
0
0
-3.7466
0
13.3466
0
0
0
0
0
0
0
0
0
-3.2323
0
0
0
0
0
0
0
0
0
0
0
0
0
0
0
0
0
0
0
0
0
0
0
0
0
0
0
0
0
0
0
0
0
0
0
0
0
0
0
0
-2.5556
0
0
0
0
0
0
0
0
0
0
0
0
0
0
0
0
0
0
0
0
0
0
0
0
0
0
0
0
0
0
0
0
0
0
0
0
0
0
0
0
0
0
-2.4527
0
0
0
0
0
0
0
0
0
0
0
0
0
0
0
0
0
0
0
0
0
0
0
0
0
0
0
0
0
0
0
12.7734
0
0
0
0
0
0
0
0
0
0
0
0
0
0
0
0
0
0
0
-3.4664
0
0
0
0
0
0
0
0
0
0
0
0
0
0
0
0
0
0
0
0
0
0
0
0
0
0
0
0
-4.2987
0
0
0
0
0
0
0
0
0
0
0
0
0
0
0
0
0
0
0
0
0
0
0
0
0
0
-3.4095
0
0
0
0
0
0
0
-3.3823
0
0
0
0
0
0
0
0
0
0
0
0
0
-3.2745
0
0
0
0
0
0
0
0
0
0
0
0
0
0
0
0
0
0
0
0
0
0
0
0
0
0
0
11.8358
0
0
0
0
0
0
0
0
0
0
0
0
0
0
0
0
0
0
0
0
0
0
0
0
0
0
0
0
0
0
0
-1.7695
0
0
0
0
0
0
0
0
0
0
0
0
0
0
0
0
0
0
0
-2.2361
0
0
0
0
0
0
0
0
0
0
0
0
0
0
0
0
0
0
0
0
0
0
0
0
0
0
0
0
0
0
0
0
0
0
-2.2025
0
0
0
0
0
0
0
0
0
0
0
0
0
0
0
0
-2.3144
0
0
0
0
0
0
0
0
0
0
0
0
0
0
0
0
0
0
0
0
0
10.7734
0
0
0
0
0
0
0
0
0
0
0
0
0
0
0
-4.0204
0
0
0
0
0
0
0
0
0
0
0
0
0
0
0
0
0
0
0
0
0
0
0
0
0
0
0
0
0
0
0
0
0
0
0
0
0
0
0
0
0
0
0
0
0
0
0
0
0
0
0
0
0
-3.6397
0
0
0
0
0
0
0
0
0
0
0
-3.5988
0
0
0
0
0
0
0
0
0
0
0
0
0
0
0
0
0
0
0
0
0
0
0
0
0
0
0
0
0
0
0
0
0
0
0
0
0
0
0
0
0
0
0
14.679
0
0
0
0
0
0
0
-3.7357
0
0
0
0
0
0
0
-3.7048
0
0
0
0
0
0
0
0
0
0
0
0
0
0
0
0
0
0
0
0
0
0
0
0
0
0
0
0
0
0
0
0
0
0
0
0
0
0
0
0
0
0
0
0
0
0
0
0
0
0
0
0
0
-2.069
0
0
0
0
0
0
0
0
0
0
0
0
0
0
0
0
0
0
0
0
0
0
0
0
0
0
0
0
0
0
0
0
0
0
0
0
0
0
0
0
0
0
0
0
0
0
0
0
0
-3.3628
0
0
0
0
0
13.519
-2.9457
0
0
0
0
0
0
0
0
0
0
0
0
0
0
0
0
0
0
0
0
0
0
0
0
0
0
0
0
0
0
0
-5.1414
0
0
0
0
0
0
0
0
0
0
0
0
0
0
0
0
0
0
0
0
0
0
0
0
0
0
0
0
0
0
0
0
0
-3.2662
0
0
0
0
0
0
0
0
0
0
0
0
0
0
0
-3.1719
0
0
0
0
0
0
0
0
0
0
0
0
0
0
0
0
0
0
0
0
0
0
0
0
0
0
0
0
-2.7927
0
0
0
0
0
0
0
0
0
0
0
0
-2.9457
12.1766
0
0
0
0
0
0
0
0
0
0
0
0
0
0
0
0
0
0
0
0
0
0
0
0
0
0
0
0
0
0
0
0
0
0
0
0
0
0
0
0
0
0
0
0
0
0
0
0
0
0
0
0
0
0
-3.9552
0
0
0
0
0
0
0
0
0
0
-3.92
0
0
0
0
0
0
0
0
0
0
0
0
0
0
0
0
0
0
0
0
0
0
0
0
0
0
0
0
0
0
0
0
0
0
0
0
0
0
0
0
0
0
0
0
0
0
0
0
0
0
0
0
0
0
0
0
0
0
0
13.0549
0
0
0
0
0
0
0
0
0
0
0
0
0
0
0
0
0
0
-5.1797
0
0
0
0
0
0
0
0
0
0
0
0
0
0
0
0
0
0
0
0
0
0
0
0
0
0
0
0
0
0
0
0
0
0
0
0
0
0
0
0
0
0
0
0
0
0
0
0
0
0
0
0
0
0
0
0
0
0
0
0
0
0
0
0
0
0
0
0
0
0
0
0
0
0
0
0
0
0
-4.3079
0
0
0
0
0
0
0
0
0
0
0
0
0
0
0
-4.3776
0
-3.7737
0
0
0
0
0
0
0
0
0
12.4592
0
0
0
0
0
0
0
0
0
0
0
0
0
0
0
0
0
0
0
0
0
0
0
0
0
0
0
0
0
0
0
0
0
0
0
0
0
0
0
0
0
0
0
0
0
0
0
0
0
0
0
0
0
0
0
0
0
0
0
0
0
0
0
0
0
0
0
0
0
0
0
0
0
0
0
0
0
0
0
0
0
0
0
0
0
0
0
0
0
0
0
0
0
0
0
0
-0.80272
0
0
0
0
0
0
0
0
0
0
0
0
0
0
-3.0657
0
0
0
0
0
0
0
0
0
0
0
0
0
9.0059
0
0
0
0
0
0
0
0
0
0
0
0
0
0
0
0
0
0
0
0
0
0
0
0
0
0
0
0
0
0
0
0
0
0
0
0
-5.1375
0
0
0
0
0
0
0
0
0
0
0
0
0
0
0
0
0
0
0
0
0
0
0
0
0
-4.2694
0
0
0
0
0
0
0
0
0
0
0
0
0
0
0
0
-4.156
0
0
0
0
0
0
0
0
0
0
0
0
0
0
0
0
0
0
0
0
0
0
0
0
0
0
0
0
0
0
0
0
0
0
0
-3.2323
0
0
0
0
0
0
0
0
0
11.6577
0
0
0
0
0
0
0
0
0
0
0
0
0
0
0
0
0
0
0
0
0
0
0
0
0
0
0
0
0
0
0
0
0
0
0
0
0
0
0
0
0
0
0
0
0
0
0
0
0
0
0
-5.833
0
0
0
0
0
0
0
0
0
0
0
0
0
0
0
0
0
0
0
0
0
0
0
0
0
0
0
0
0
0
0
0
0
0
0
0
0
0
0
0
-5.1991
0
0
0
0
0
0
0
0
0
0
0
0
0
0
0
0
0
0
0
0
0
0
0
0
0
0
0
0
0
0
0
0
11.0321
0
0
0
0
0
0
0
0
0
0
0
0
0
0
0
0
0
0
0
0
0
0
0
0
0
0
0
0
0
0
0
0
0
0
0
0
0
0
0
0
0
0
0
0
0
0
0
0
0
0
0
0
0
0
0
0
0
0
0
0
0
0
0
0
0
0
0
0
0
0
0
0
0
0
0
0
0
0
0
0
0
0
0
0
0
0
0
0
0
0
0
0
0
0
0
0
0
0
0
0
0
0
0
0
0
0
0
0
0
0
0
0
0
0
0
0
0
-3.7357
0
0
0
0
0
0
0
8.6617
0
-4.926
0
0
0
0
0
0
0
0
0
0
0
0
0
0
0
0
0
0
0
0
0
0
0
0
0
0
0
0
0
0
0
0
0
0
0
0
0
0
0
0
0
0
0
0
0
0
0
0
0
0
0
-5.6236
0
0
0
0
0
0
0
0
0
0
0
0
0
0
0
0
0
0
0
0
0
0
0
0
0
0
0
0
0
0
0
0
0
0
0
0
0
0
0
0
0
-5.4252
0
0
0
0
0
0
0
0
0
0
0
0
0
0
0
0
0
0
0
0
0
0
0
0
0
0
0
0
0
11.0487
0
0
0
0
0
0
0
0
0
0
0
0
0
0
0
0
0
0
0
0
0
0
0
0
0
0
0
0
0
0
0
0
0
0
0
0
0
0
0
0
0
0
0
0
0
0
0
0
0
0
0
0
0
0
0
0
0
0
0
0
0
0
0
0
0
0
0
0
0
0
0
0
0
0
0
0
0
0
0
0
-4.8773
0
0
0
0
0
0
0
0
0
0
0
0
0
0
0
0
0
0
0
0
0
0
0
0
0
0
0
0
0
0
0
0
0
0
0
0
0
0
0
0
0
0
-4.926
0
9.8033
0
0
0
0
0
0
0
0
0
0
0
0
0
0
0
0
0
0
0
0
0
0
0
0
0
0
0
0
0
0
0
0
0
0
0
0
0
0
0
0
0
0
0
0
0
0
0
0
0
0
0
0
0
0
0
0
0
0
0
0
0
0
0
0
0
0
0
0
0
0
0
0
0
0
0
0
0
0
0
0
0
0
0
0
0
0
0
0
0
0
0
0
-5.3639
0
0
0
0
0
0
0
0
0
0
0
0
0
0
0
0
0
0
0
0
0
0
0
0
0
0
0
0
0
0
0
0
9.8519
0
0
0
0
0
0
-4.488
0
0
0
0
0
0
0
0
0
0
0
0
0
0
0
0
0
0
0
0
0
0
0
0
0
0
0
0
0
0
0
0
0
-3.6866
0
0
0
0
0
0
0
0
0
0
0
0
0
0
0
0
0
0
0
0
0
0
0
0
0
0
0
0
0
0
0
0
0
0
0
0
0
0
0
0
0
0
0
0
0
0
0
0
0
0
0
0
0
0
0
0
0
0
-3.2649
0
0
0
0
0
0
0
0
0
0
0
0
0
0
0
0
0
0
0
0
0
0
0
0
0
6.9515
0
0
0
0
0
0
0
0
0
0
0
0
0
0
0
0
0
0
0
0
0
0
0
0
0
0
0
0
0
0
0
0
0
0
0
0
0
0
0
0
0
0
0
0
0
0
0
0
0
0
0
0
-4.9271
0
0
0
0
0
0
0
0
0
0
0
0
0
0
0
0
0
0
0
0
0
0
0
0
0
0
0
0
0
0
0
0
0
0
0
0
0
0
0
0
0
0
0
0
0
0
0
0
0
0
0
0
0
0
0
0
0
0
0
0
0
0
0
0
0
0
0
0
0
0
0
0
9.8283
0
0
-4.9011
0
0
0
0
0
0
0
0
0
0
0
0
0
0
0
0
0
0
0
0
0
0
0
0
0
0
0
0
0
0
0
0
0
0
0
0
0
0
0
0
0
0
0
0
0
0
0
0
0
0
0
0
0
0
0
0
-4.9258
0
0
0
0
0
0
0
0
0
0
0
0
0
0
0
0
0
0
0
0
0
0
0
0
0
0
0
0
0
0
0
0
0
0
0
0
-4.0281
0
0
0
0
0
0
0
0
0
0
0
0
0
0
0
0
0
0
0
0
0
0
0
0
0
0
0
0
8.9539
0
0
0
0
0
0
0
0
0
0
0
0
0
0
0
0
0
0
0
0
0
0
0
0
0
0
0
0
0
0
0
0
0
0
0
0
0
0
0
0
0
0
0
0
0
0
0
0
0
0
0
0
0
0
0
0
0
0
0
0
0
0
0
0
0
0
0
0
0
0
0
0
0
0
-2.309
0
0
0
0
0
0
0
0
0
0
0
0
0
0
0
0
0
0
0
0
0
0
0
0
0
0
0
0
0
0
0
0
0
0
-4.0204
0
0
0
0
0
0
0
0
0
0
0
0
0
0
0
6.3293
0
0
0
0
0
0
0
0
0
0
0
0
0
0
0
0
0
0
0
0
0
0
0
0
0
0
0
0
0
0
0
0
0
0
0
0
0
0
0
0
0
0
0
0
0
0
0
0
0
0
0
0
0
0
0
0
0
0
0
0
0
0
0
0
0
0
0
0
0
0
0
0
0
0
0
0
0
0
0
0
0
0
0
0
0
0
0
0
0
0
0
0
0
0
0
0
0
0
0
0
0
0
0
0
0
0
0
0
0
-3.7048
0
0
0
0
0
0
0
0
0
0
0
0
-4.9011
0
0
8.6059
0
0
0
0
0
0
0
0
0
0
0
0
0
0
0
0
0
0
0
0
0
0
0
0
0
0
0
0
0
0
0
0
0
0
0
0
0
0
0
0
0
0
0
0
0
0
0
0
0
0
0
0
0
0
0
0
0
0
-4.1296
0
0
0
0
0
0
0
0
0
0
0
0
0
0
0
0
0
0
0
0
0
0
0
0
0
0
0
0
0
0
0
0
0
0
0
0
0
0
0
0
0
0
0
0
0
0
-3.4664
0
0
0
0
0
0
0
0
0
0
0
0
0
0
0
0
0
0
0
7.596
0
0
0
0
0
0
0
0
0
0
0
0
0
0
0
0
0
0
0
0
0
0
0
0
0
0
0
0
0
0
0
0
0
0
0
0
0
0
0
0
0
0
0
0
0
0
0
0
0
0
0
0
0
0
0
0
0
0
0
0
0
0
0
0
0
0
0
0
0
0
0
0
0
0
0
0
0
0
0
0
0
0
0
0
0
0
0
0
0
0
0
0
0
0
0
0
0
0
0
0
0
-4.7825
0
0
0
0
0
0
0
0
0
0
0
0
0
0
0
0
-4.488
0
0
0
0
0
0
9.2705
0
0
0
0
0
0
0
0
0
0
0
0
0
0
0
0
0
0
0
0
0
0
0
0
0
0
0
0
0
0
0
0
0
0
0
0
0
0
0
0
0
0
0
0
0
0
0
0
0
0
0
0
0
0
0
0
0
0
0
0
0
0
0
0
0
0
0
0
0
0
0
0
0
0
0
0
0
0
0
0
-3.5578
0
0
0
0
0
0
0
0
0
0
0
0
0
0
0
-3.4453
0
0
0
0
0
0
0
0
0
0
0
0
0
0
0
0
0
0
0
0
0
0
0
0
0
0
0
0
7.0031
0
0
0
0
0
0
0
0
0
0
0
0
0
0
0
0
0
0
0
0
0
0
0
0
0
0
0
0
0
0
0
0
0
0
0
0
0
0
0
0
0
0
0
0
0
0
0
0
0
0
0
0
0
0
0
0
0
0
0
0
0
-5.7457
0
0
0
0
0
0
0
0
0
0
0
0
0
0
0
0
0
0
0
0
0
0
0
0
-4.7891
0
0
0
0
0
0
0
0
0
0
0
0
0
0
0
0
0
0
0
0
0
0
0
0
0
0
0
0
0
0
0
0
0
0
0
0
0
0
10.5348
0
0
0
0
0
0
0
0
0
0
0
0
0
0
0
0
0
0
0
0
0
0
0
0
0
0
0
0
-9.0884
0
0
0
0
0
0
0
0
0
0
0
0
0
0
0
0
0
0
0
0
0
0
0
0
0
0
0
0
0
0
0
0
0
0
0
0
0
0
0
0
0
0
0
0
0
0
0
0
0
0
0
0
0
0
0
0
0
0
0
0
0
0
0
0
0
0
0
0
0
0
0
0
0
0
0
0
0
0
0
0
0
0
0
0
0
0
0
0
0
0
0
0
0
0
0
0
9.0884
0
0
0
0
0
0
0
0
0
0
0
0
0
0
0
0
0
0
0
0
0
0
0
0
0
0
0
0
0
0
0
0
0
0
0
0
0
0
0
0
0
0
0
0
0
0
0
0
0
0
0
0
0
0
0
0
0
0
0
0
0
0
0
0
0
0
0
0
0
0
0
0
0
0
0
0
0
0
0
0
0
0
0
0
0
0
0
0
0
0
0
0
0
0
0
0
0
0
0
0
0
0
0
0
0
0
-5.1797
0
0
0
0
0
0
0
0
0
0
0
0
0
0
0
0
0
0
5.1797
0
0
0
0
0
0
0
0
0
0
0
0
0
0
0
0
0
0
0
0
0
0
0
0
0
0
0
0
0
0
0
0
0
0
0
0
0
0
0
0
0
0
0
0
0
0
0
0
0
0
0
0
0
0
0
0
0
0
0
0
0
0
0
0
0
0
0
0
0
0
0
0
0
0
0
0
0
0
0
0
0
0
-5.6083
0
0
0
0
0
0
0
0
0
0
0
0
0
0
0
0
0
0
0
0
0
0
0
0
0
0
0
0
0
0
0
0
0
0
0
0
0
0
0
0
0
0
5.6083
0
0
0
0
0
0
0
0
0
0
0
0
0
0
0
0
0
0
0
0
0
0
0
0
0
0
0
0
0
0
0
0
0
0
0
0
0
0
0
0
0
0
0
0
0
0
0
0
0
0
0
0
0
0
0
0
0
0
0
0
0
0
0
0
0
0
0
0
0
0
0
0
0
0
0
0
0
0
-6.3304
0
0
0
0
0
0
0
0
0
0
0
0
0
0
0
0
0
0
0
0
0
0
0
0
0
0
0
0
0
0
0
0
0
0
0
0
0
0
0
0
0
0
0
0
0
0
6.3304
0
0
0
0
0
0
0
0
0
0
0
0
0
0
0
0
0
0
0
0
0
0
0
0
0
0
0
0
0
0
0
0
0
0
0
0
0
0
0
0
0
0
0
0
0
0
-7.9202
0
0
0
0
0
0
0
0
0
0
0
0
0
0
0
0
0
0
0
0
0
0
0
0
0
0
0
0
0
0
0
0
0
0
0
0
0
0
0
0
0
0
0
0
0
0
0
0
0
0
0
0
0
0
0
0
0
0
0
0
0
0
0
0
0
0
0
0
0
0
0
0
0
0
0
0
0
0
7.9202
0
0
0
0
0
0
0
0
0
0
0
0
0
0
0
0
0
0
0
0
0
0
0
0
0
0
0
0
0
0
0
0
0
0
0
-8.4193
0
0
0
0
0
0
0
0
0
0
0
0
0
0
0
0
0
0
0
0
0
0
0
0
0
0
0
0
0
0
0
0
0
0
0
0
0
0
0
0
0
0
0
0
0
0
0
0
0
0
0
0
0
0
0
0
0
0
0
0
0
0
0
0
0
0
0
0
0
0
0
0
0
0
0
0
0
0
0
0
0
0
0
0
0
0
0
0
0
8.4193
0
0
0
0
0
0
0
0
0
0
0
0
0
0
0
0
0
0
0
0
0
0
0
0
0
0
0
0
0
0
0
0
0
0
0
0
0
0
0
0
0
0
0
0
0
0
0
0
0
0
0
0
0
0
0
0
0
0
0
0
0
0
0
0
0
0
0
0
0
0
0
0
0
0
0
0
0
-5.7403
0
0
0
0
0
0
0
0
0
0
0
0
0
0
0
0
0
0
0
0
0
0
0
0
0
0
0
0
0
0
0
0
0
0
0
0
0
0
0
0
0
0
0
0
0
0
0
5.7403
0
0
0
0
0
0
0
0
0
0
0
0
0
0
0
0
0
0
0
0
-9.6648
0
0
0
0
0
0
0
0
0
0
0
0
0
0
0
0
0
0
0
0
0
0
0
0
0
0
0
0
0
0
0
0
0
0
0
0
0
0
0
0
0
0
0
0
0
0
0
0
0
0
0
0
0
0
0
0
0
0
0
0
0
0
0
0
0
0
0
0
0
0
0
0
0
0
0
0
0
0
0
0
0
0
0
0
0
0
0
0
0
0
0
0
0
0
0
0
0
0
0
0
0
0
0
0
9.6648
0
0
0
0
0
0
0
0
0
0
0
0
0
0
0
0
0
0
0
0
0
0
0
0
0
0
0
0
0
0
0
0
0
0
0
0
0
0
0
0
0
0
0
0
0
0
0
-6.8623
0
0
0
0
0
0
0
0
0
0
0
0
0
0
0
0
0
0
0
0
0
0
0
0
0
0
0
0
0
0
0
0
0
0
0
0
0
0
0
0
0
0
0
0
0
0
0
0
0
0
0
0
0
0
0
0
0
0
0
0
0
0
0
0
0
0
0
0
0
0
0
0
0
0
0
0
0
6.8623
0
0
0
0
0
0
0
0
0
0
0
0
0
0
0
0
0
0
0
0
0
0
0
0
0
0
0
0
0
0
0
0
0
0
0
0
0
0
0
0
0
0
0
0
0
0
0
0
0
0
0
0
0
0
0
0
0
0
0
0
0
0
0
0
0
0
0
0
0
0
0
0
0
0
0
0
0
0
0
0
0
0
0
0
0
0
0
0
0
0
0
0
0
-1.7695
0
0
0
0
0
0
0
0
0
0
0
0
0
0
0
0
0
0
0
0
0
0
0
0
0
0
0
0
0
0
0
1.7695
0
0
0
0
0
0
0
0
0
0
0
0
0
0
0
0
0
0
0
0
0
0
0
0
0
0
0
0
0
0
0
0
0
0
0
0
0
0
0
0
0
0
0
0
0
0
0
0
0
0
0
0
0
0
0
0
0
0
0
0
0
0
0
0
0
0
0
-6.3481
0
0
0
0
0
0
0
0
0
0
0
0
0
0
0
0
0
0
0
0
0
0
0
0
0
0
0
0
0
0
0
0
0
0
0
0
0
0
0
0
0
0
0
0
0
0
0
0
0
0
0
0
0
0
0
0
0
6.3481
0
0
0
0
0
0
0
0
0
0
0
0
0
0
0
0
0
0
0
0
0
0
0
0
0
0
0
0
0
0
0
0
0
0
0
0
0
0
0
0
0
0
0
0
0
0
0
0
0
0
0
0
0
0
0
0
0
0
0
0
0
0
0
0
0
0
0
0
0
0
0
0
-5.7403
0
0
0
0
0
0
0
0
0
0
0
0
0
0
0
0
0
0
0
0
0
0
0
0
0
0
0
0
0
0
0
0
0
0
0
0
0
0
0
0
0
0
0
0
0
0
0
0
0
0
0
0
5.7403
0
0
0
0
0
0
0
0
0
0
0
0
0
0
0
0
0
0
0
0
0
0
0
0
0
0
0
0
0
0
0
0
0
0
0
0
0
0
0
-7.9172
0
0
0
0
0
0
0
0
0
0
0
0
0
0
0
0
0
0
0
0
0
0
0
0
0
0
0
0
0
0
0
0
0
0
0
0
0
0
0
0
0
0
0
0
0
0
0
0
0
0
0
0
0
0
0
0
0
0
0
0
0
0
0
0
0
0
0
0
0
0
0
0
0
0
0
0
0
0
0
0
0
0
0
0
0
7.9172
0
0
0
0
0
0
0
0
0
0
0
0
0
0
0
0
0
0
0
0
0
0
0
0
0
0
0
0
0
0
0
0
0
0
0
0
0
0
0
0
0
0
0
0
0
0
0
0
0
0
0
0
0
0
0
0
0
0
0
0
0
0
0
0
0
0
0
0
0
0
0
0
0
0
0
0
0
0
0
0
0
0
0
0
0
0
0
0
0
0
0
0
-5.1414
0
0
0
0
0
0
0
0
0
0
0
0
0
0
0
0
0
0
0
0
0
0
0
0
0
0
0
0
0
0
0
0
5.1414
0
0
0
0
0
0
0
0
0
0
0
0
0
0
0
0
0
0
0
0
0
0
0
0
0
0
0
0
0
0
0
0
0
0
0
0
0
0
0
0
0
0
0
0
0
0
0
0
0
0
0
0
0
0
0
0
0
0
0
0
0
0
0
0
0
0
0
-6.3304
0
0
0
0
0
0
0
0
0
0
0
0
0
0
0
0
0
0
0
0
0
0
0
0
0
0
0
0
0
0
0
0
0
0
0
0
0
0
0
0
0
0
0
0
0
0
0
0
0
0
0
0
0
0
0
0
0
6.3304
0
0
0
0
0
0
0
0
0
0
0
-9.834
0
0
0
0
0
0
0
0
0
0
0
0
0
0
0
0
0
0
0
0
0
0
0
0
0
0
0
0
0
0
0
0
0
0
0
0
0
0
0
0
0
0
0
0
0
0
0
0
0
0
0
0
0
0
0
0
0
0
0
0
0
0
0
0
0
0
0
0
0
0
0
0
0
0
0
0
0
0
0
0
0
0
0
0
0
0
0
0
0
0
0
0
0
0
0
0
0
0
0
0
0
0
0
0
0
0
0
0
0
0
0
0
0
9.834
0
0
0
0
0
0
0
0
0
0
0
0
0
0
0
0
0
0
0
0
0
0
0
0
0
0
0
0
0
0
0
0
0
0
0
0
0
0
0
0
0
0
0
0
0
0
0
0
0
0
0
0
0
0
0
0
0
0
0
0
0
0
0
0
0
0
0
0
0
0
0
0
0
0
0
0
0
0
0
0
-4.9008
0
0
0
0
0
0
0
0
0
0
0
0
0
0
0
0
0
0
0
0
0
0
0
0
0
0
0
0
0
0
0
0
0
0
0
0
0
0
0
0
0
0
0
0
4.9008
0
0
0
0
0
0
0
0
0
0
0
0
0
0
0
0
0
0
0
0
0
0
0
0
0
0
0
0
0
0
0
0
0
0
0
0
0
0
0
0
0
0
0
0
0
0
0
0
0
0
0
0
0
0
0
0
0
0
0
0
0
0
0
0
0
0
0
0
0
0
0
0
0
0
0
0
-5.25
0
0
0
0
0
0
0
0
0
0
0
0
0
0
0
0
0
0
0
0
0
0
0
0
0
0
0
0
0
0
0
0
0
0
0
0
0
0
0
0
0
0
0
0
0
0
0
0
5.25
0
0
0
0
0
0
0
0
0
0
0
0
0
0
0
0
0
0
0
0
0
0
0
0
0
0
0
0
0
0
0
0
0
0
0
0
0
0
0
0
0
0
0
0
0
0
0
0
0
0
0
0
0
0
0
0
0
0
0
0
0
0
0
0
-6.0428
0
0
0
0
0
0
0
0
0
0
0
0
0
0
0
0
0
0
0
0
0
0
0
0
0
0
0
0
0
0
0
0
0
0
0
0
0
0
0
0
0
0
0
0
0
0
0
0
0
0
0
0
0
0
0
0
0
0
0
0
6.0428
0
0
0
0
0
0
0
0
0
0
-9.2264
0
0
0
0
0
0
0
0
0
0
0
0
0
0
0
0
0
0
0
0
0
0
0
0
0
0
0
0
0
0
0
0
0
0
0
0
0
0
0
0
0
0
0
0
0
0
0
0
0
0
0
0
0
0
0
0
0
0
0
0
0
0
0
0
0
0
0
0
0
0
0
0
0
0
0
0
0
0
0
0
0
0
0
0
0
0
0
0
0
0
0
0
0
0
0
0
0
0
0
0
0
0
0
0
0
0
0
0
0
0
0
0
0
0
9.2264
0
0
0
0
0
0
0
0
0
0
0
0
0
0
0
0
0
0
0
0
0
0
0
0
0
0
0
0
0
0
0
0
0
0
0
0
0
0
0
0
0
0
0
0
0
0
0
0
0
0
0
0
0
0
0
0
0
0
0
0
0
0
0
0
0
0
0
0
0
0
0
0
0
0
0
0
0
0
0
-0.72144
0
0
0
0
0
0
0
0
0
0
0
0
0
0
0
0
0
0
0
0
0
0
0
0
0
0
0
0
0
0
0
0
0
0
0
0
0
0
0
0
0
0
0
0
0
0.72144
0
0
0
0
0
0
0
0
0
0
0
0
0
0
0
0
0
0
0
0
0
0
0
0
0
0
0
0
0
0
0
0
0
0
0
0
0
0
0
0
0
0
0
0
0
0
0
0
0
0
0
0
0
0
0
0
0
0
0
0
0
0
0
0
0
0
0
0
0
0
0
0
0
0
0
0
0
0
0
0
0
0
0
0
0
0
0
0
-5.1375
0
0
0
0
0
0
0
0
0
0
0
0
0
0
0
0
0
0
0
0
0
0
0
0
0
0
0
0
0
0
0
0
0
0
0
0
5.1375
0
0
0
0
0
0
0
0
0
0
0
0
0
0
0
0
0
0
0
0
0
0
0
0
0
0
0
0
0
0
0
0
0
0
0
0
0
0
0
0
0
0
0
0
0
0
0
0
0
0
0
0
0
0
0
0
0
0
0
0
0
0
0
0
0
0
0
0
0
0
0
0
0
0
-4.9008
0
0
0
0
0
0
0
0
0
0
0
0
0
0
0
0
0
0
0
0
0
0
0
0
0
0
0
0
0
0
0
0
0
0
0
0
0
0
0
0
0
0
0
0
0
0
0
0
0
0
4.9008
0
0
0
0
0
0
0
0
0
0
0
0
0
0
0
0
0
0
0
0
-8.4185
0
0
0
0
0
0
0
0
0
0
0
0
0
0
0
0
0
0
0
0
0
0
0
0
0
0
0
0
0
0
0
0
0
0
0
0
0
0
0
0
0
0
0
0
0
0
0
0
0
0
0
0
0
0
0
0
0
0
0
0
0
0
0
0
0
0
0
0
0
0
0
0
0
0
0
0
0
0
0
0
0
0
0
0
0
0
0
0
0
0
0
0
0
0
0
0
0
0
0
0
0
0
0
0
8.4185
0
0
0
0
0
0
0
0
0
0
0
0
0
0
0
0
0
0
0
0
0
0
0
0
0
0
0
0
0
0
0
0
0
0
0
0
0
0
0
0
0
0
0
0
0
0
0
0
0
0
0
0
0
0
0
0
0
0
0
0
0
0
0
0
0
0
0
0
0
0
0
-5.0381
0
0
0
0
0
0
0
0
0
0
0
0
0
0
0
0
0
0
0
0
0
0
0
0
0
0
0
0
0
0
0
0
0
0
0
0
0
0
0
0
0
0
0
0
0
0
0
0
0
0
0
0
0
5.0381
0
0
0
0
0
0
0
0
0
0
0
0
0
0
0
0
0
0
0
0
0
0
0
0
0
0
0
0
0
0
0
0
0
0
0
0
0
0
0
0
0
0
0
0
0
0
0
0
0
0
0
0
0
0
0
0
0
0
0
0
0
0
0
0
0
0
0
0
0
0
0
0
0
0
0
0
-4.2987
0
0
0
0
0
0
0
0
0
0
0
0
0
0
0
0
0
0
0
0
0
0
0
0
0
0
0
0
0
0
0
0
0
0
0
0
0
0
0
0
0
0
0
0
0
0
0
0
4.2987
