78.4018
-0.88004
-0.87437
-0.86169
-0.86595
-0.87159
-0.83902
-0.85797
-0.84428
-0.82515
-0.8558
-0.8801
-0.80947
-0.80923
-0.90144
-0.87436
-0.82783
-0.90132
-0.8548
-0.83722
-0.83726
-0.85397
-0.84757
-0.82559
-0.86689
-0.86593
-0.83744
-0.82518
-0.82867
-0.82171
-0.82298
-0.81471
-0.823
-0.80644
-0.84273
-0.80643
-0.81563
-0.82075
-0.83488
-0.83283
-0.80764
-0.79949
-0.78933
-0.8276
-0.77782
-0.77792
-0.78131
-0.74161
-0.80267
-0.78266
-0.76538
-0.83997
-0.80111
-0.78813
-0.80849
-0.92581
-0.89839
-0.94519
-0.89004
-1.0479
-1.1878
-1.1136
-1.1531
-1.1675
-1.1471
-1.4695
-1.3284
-1.563
-1.5521
-2.0948
0
-2.6903
0
0
0
-2.5499
0
0
0
0
0
0
0
0
0
0
0
0
0
0
0
0
0
0
0
0
0
0
0
0
0
0
0
0
0
0
0
0
0
0
0
0
0
0
-9.884
0
0
0
0
0
0
0
0
0
0
-0.88004
76.054
-0.85661
-0.8441
-0.85272
-0.85594
-0.82416
-0.84279
-0.82918
-0.81014
-0.84045
-0.86466
-0.79429
-0.79404
-0.885
-0.8589
-0.81252
-0.88489
-0.83883
-0.82181
-0.82187
-0.83951
-0.83157
-0.80968
-0.85105
-0.8501
-0.82174
-0.80993
-0.81336
-0.80599
-0.80759
-0.78416
-0.8076
-0.79121
-0.82685
-0.79122
-0.80033
-0.80656
-0.81925
-0.81742
-0.79581
-0.78439
-0.77376
-0.81593
-0.76294
-0.76302
-0.76648
-0.72687
-0.78803
-0.76769
-0.75047
-0.82357
-0.78561
-0.77288
-0.79284
-0.90738
-0.88187
-0.92858
-0.87416
-1.0307
-1.1709
-1.0971
-1.1365
-1.149
-1.1289
-1.4516
-1.3282
-1.5409
-1.5312
0
0
-2.6694
0
-3.5509
0
0
0
0
0
0
0
0
0
0
0
0
0
0
0
0
0
0
0
0
0
0
0
0
0
0
0
0
0
0
0
0
-9.7084
0
0
0
0
0
0
0
0
0
0
0
0
0
0
0
0
0
0
-0.87437
-0.85661
71.9695
-0.84319
-0.85407
-0.8566
-0.82495
-0.84341
-0.82969
-0.81055
-0.84112
-0.86332
-0.79494
-0.79468
-0.88517
-0.85716
-0.81312
-0.88503
-0.84003
-0.82245
-0.8225
-0.84003
-0.83244
-0.81249
-0.85144
-0.85047
-0.82254
-0.81079
-0.81549
-0.80673
-0.80852
-0.79981
-0.80853
-0.79214
-0.82282
-0.79214
-0.80124
-0.80738
-0.81993
-0.81836
-0.79676
-0.78534
-0.77477
-0.81895
-0.76385
-0.76393
-0.76739
-0.72772
-0.78898
-0.76865
-0.75137
-0.82445
-0.78359
-0.77379
-0.79396
-0.90812
-0.88282
-0.92699
-0.87495
-1.0181
-1.1716
-1.0978
-1.1371
-1.1492
-1.1295
-1.4541
-1.3162
-1.5412
-1.5333
0
0
-2.6816
0
0
0
0
0
0
0
0
0
0
0
0
0
0
0
0
0
0
0
0
0
0
0
0
0
0
0
-9.1372
0
0
0
0
0
0
0
0
0
0
0
0
0
0
0
0
0
0
0
0
0
0
0
0
0
-0.86169
-0.8441
-0.84319
70.3481
-0.83839
-0.83696
-0.81054
-0.82415
-0.81041
-0.79116
-0.82141
-0.84343
-0.77566
-0.77539
-0.86302
-0.83702
-0.79357
-0.8629
-0.82047
-0.80277
-0.80281
-0.81972
-0.81296
-0.79299
-0.83024
-0.82929
-0.80175
-0.79073
-0.79563
-0.78688
-0.78887
-0.78094
-0.78887
-0.77281
-0.80452
-0.77281
-0.78179
-0.78794
-0.79622
-0.79869
-0.77747
-0.766
-0.75734
-0.79997
-0.74473
-0.74481
-0.74774
-0.70903
-0.76922
-0.74953
-0.73238
-0.80402
-0.76461
-0.75463
-0.77505
-0.885
-0.86551
-0.89922
-0.8524
-1.0012
-1.1496
-1.0762
-1.1153
-1.1255
-1.1074
-1.4315
-1.2957
-1.5254
-1.5101
0
0
0
0
0
0
0
0
-2.2452
0
0
0
0
0
0
0
0
0
0
0
0
0
0
0
0
0
0
0
0
0
0
0
0
0
0
0
0
0
0
0
0
0
0
0
0
0
0
0
0
-9.2739
0
0
0
0
0
0
-0.86595
-0.85272
-0.85407
-0.83839
64.9985
-0.85715
-0.82232
-0.84309
-0.82931
-0.80999
-0.84109
-0.85804
-0.79433
-0.79408
-0.88666
-0.85309
-0.81264
-0.88654
-0.84103
-0.82233
-0.82237
-0.83992
-0.83232
-0.81263
-0.85135
-0.85038
-0.82278
-0.81007
-0.81597
-0.80849
-0.80842
-0.79985
-0.80842
-0.79195
-0.82493
-0.79196
-0.801
-0.8073
-0.81928
-0.81837
-0.79442
-0.78526
-0.77584
-0.82001
-0.76352
-0.7636
-0.7665
-0.7274
-0.79018
-0.76845
-0.75099
-0.82619
-0.77563
-0.77362
-0.79335
-0.91316
-0.88497
-0.92562
-0.87669
-1.0206
-1.1731
-1.0992
-1.1388
-1.1489
-1.1345
-1.4602
-1.3234
-1.5537
-1.549
-2.1129
0
-2.7082
0
0
0
0
0
0
0
0
0
0
0
0
0
0
0
0
0
0
0
0
0
0
0
0
0
0
0
0
0
0
0
0
0
0
0
0
0
0
0
0
0
0
0
0
0
0
0
0
0
0
0
0
0
-0.87159
-0.85594
-0.8566
-0.83696
-0.85715
63.8282
-0.82614
-0.84195
-0.82814
-0.80877
-0.83981
-0.8573
-0.79309
-0.79284
-0.88707
-0.85343
-0.81195
-0.88694
-0.84042
-0.82174
-0.82179
-0.83907
-0.83201
-0.81204
-0.8485
-0.84754
-0.82045
-0.8087
-0.81465
-0.80426
-0.80776
-0.79922
-0.80778
-0.79125
-0.82355
-0.79126
-0.80022
-0.80661
-0.81836
-0.81763
-0.79623
-0.78446
-0.77429
-0.81928
-0.76272
-0.76279
-0.76485
-0.72702
-0.78833
-0.76767
-0.75021
-0.82638
-0.7743
-0.77277
-0.79311
-0.91131
-0.8868
-0.92642
-0.8772
-1.0196
-1.1733
-1.0994
-1.1392
-1.1464
-1.0968
-1.4623
-1.3256
-1.5523
-1.5464
0
0
0
0
0
0
0
0
0
0
0
0
0
0
0
0
0
0
0
0
0
-3.7203
0
0
0
0
0
0
0
0
0
0
0
0
0
0
0
0
0
0
0
0
0
0
0
0
0
0
0
0
0
0
0
0
0
0
-0.83902
-0.82416
-0.82495
-0.81054
-0.82232
-0.82614
60.9255
-0.8176
-0.80219
-0.78231
-0.81322
-0.82887
-0.76693
-0.76668
-0.85921
-0.82434
-0.78485
-0.85908
-0.81289
-0.79443
-0.79448
-0.81073
-0.8041
-0.78486
-0.82275
-0.8218
-0.79452
-0.78233
-0.78809
-0.78064
-0.78055
-0.772
-0.78054
-0.76425
-0.79663
-0.76425
-0.7731
-0.77936
-0.7908
-0.79019
-0.76906
-0.75754
-0.74809
-0.7919
-0.73608
-0.73616
-0.73918
-0.70066
-0.76263
-0.74101
-0.7238
-0.79802
-0.74796
-0.74592
-0.7654
-0.88324
-0.8563
-0.89619
-0.84813
-0.9897
-1.141
-1.0677
-1.1069
-1.1171
-1.1026
-1.427
-1.2902
-1.5183
-1.5148
0
0
-2.6672
0
0
0
0
0
0
0
0
0
0
0
0
0
0
0
0
0
0
0
0
0
0
0
0
0
0
0
0
0
0
0
0
0
0
0
0
0
0
0
0
0
0
0
0
0
0
0
0
0
0
0
0
0
-0.85797
-0.84279
-0.84341
-0.82415
-0.84309
-0.84195
-0.8176
59.2134
-0.81427
-0.79452
-0.82583
-0.84387
-0.77937
-0.77912
-0.86826
-0.83891
-0.79775
-0.86813
-0.82656
-0.80772
-0.80775
-0.82719
-0.81783
-0.7983
-0.83717
-0.83622
-0.80796
-0.79542
-0.80157
-0.79496
-0.79391
-0.78552
-0.79392
-0.77745
-0.81151
-0.77745
-0.78633
-0.79275
-0.80532
-0.80355
-0.78241
-0.77064
-0.76105
-0.80545
-0.74891
-0.74901
-0.7518
-0.71358
-0.77519
-0.75394
-0.73656
-0.81183
-0.76165
-0.75892
-0.77997
-0.89887
-0.87233
-0.91175
-0.86286
-1.0045
-1.1567
-1.0831
-1.1225
-1.1325
-1.1184
-1.4441
-1.3076
-1.5364
-1.5335
0
0
0
0
0
0
0
0
0
0
0
0
0
0
0
0
0
0
0
0
0
0
0
0
0
0
0
0
0
0
0
0
0
0
0
0
0
0
0
0
0
0
0
0
0
0
0
0
0
0
0
0
0
0
0
0
-0.84428
-0.82918
-0.82969
-0.81041
-0.82931
-0.82814
-0.80219
-0.81427
56.6966
-0.77852
-0.81112
-0.82849
-0.76454
-0.76428
-0.8542
-0.82401
-0.78296
-0.85407
-0.81208
-0.79307
-0.79311
-0.81426
-0.80295
-0.78368
-0.82273
-0.82175
-0.79294
-0.78079
-0.7869
-0.78089
-0.77927
-0.77086
-0.77928
-0.7629
-0.79813
-0.7629
-0.77163
-0.77801
-0.79045
-0.78866
-0.76771
-0.75605
-0.74658
-0.79037
-0.73445
-0.73454
-0.7374
-0.69939
-0.76043
-0.73951
-0.72225
-0.79616
-0.74811
-0.7444
-0.7654
-0.88329
-0.85679
-0.89567
-0.84736
-0.98851
-1.1399
-1.0666
-1.1059
-1.1163
-1.1024
-1.4265
-1.289
-1.5187
0
0
0
0
0
0
0
0
0
0
0
0
0
0
0
0
0
0
0
0
0
0
0
0
0
0
0
0
0
0
0
0
0
0
0
0
0
0
0
0
0
0
0
0
0
0
0
0
0
0
0
0
0
0
0
0
0
-0.82515
-0.81014
-0.81055
-0.79116
-0.80999
-0.80877
-0.78231
-0.79452
-0.77852
53.8636
-0.79042
-0.80749
-0.74622
-0.74593
-0.8337
-0.80328
-0.76401
-0.83358
-0.78807
-0.77398
-0.77402
-0.79241
-0.78313
-0.76425
-0.80289
-0.8019
-0.77162
-0.76123
-0.76729
-0.76049
-0.75981
-0.75119
-0.75981
-0.74339
-0.77858
-0.74339
-0.75187
-0.758
-0.76984
-0.76867
-0.74786
-0.73643
-0.72671
-0.76977
-0.71494
-0.71503
-0.71779
-0.68034
-0.74061
-0.72005
-0.70288
-0.77618
-0.72843
-0.72483
-0.74552
-0.86135
-0.83533
-0.87463
-0.82732
-0.96684
-1.1174
-1.0447
-1.0838
-1.0939
-1.0802
-1.4034
-1.2657
0
0
0
0
0
0
0
0
0
0
0
0
0
0
0
0
0
0
0
0
0
0
0
0
0
0
0
0
0
0
0
0
0
0
0
0
0
0
0
0
0
0
0
0
0
0
0
0
0
0
0
0
0
0
0
0
0
0
-0.8558
-0.84045
-0.84112
-0.82141
-0.84109
-0.83981
-0.81322
-0.82583
-0.81112
-0.79042
58.4904
-0.83802
-0.77432
-0.77407
-0.86288
-0.83357
-0.7928
-0.86275
-0.82079
-0.80283
-0.80288
-0.80309
-0.81208
-0.79381
-0.8324
-0.83145
-0.80314
-0.79032
-0.79641
-0.79057
-0.78904
-0.78087
-0.78904
-0.77259
-0.80627
-0.7726
-0.78138
-0.7886
-0.79969
-0.79853
-0.77747
-0.76573
-0.75656
-0.79882
-0.74407
-0.74415
-0.74672
-0.70859
-0.77027
-0.74908
-0.73178
-0.80627
-0.75836
-0.75409
-0.77479
-0.89504
-0.86713
-0.90729
-0.85739
-0.99929
-1.151
-1.0777
-1.1172
-1.1276
-1.1144
-1.4371
0
0
0
0
0
0
0
0
0
0
0
0
0
0
0
-3.9755
0
0
0
0
0
0
0
0
0
0
0
0
0
0
0
0
0
0
0
0
0
0
0
0
0
0
0
0
0
0
0
0
0
0
0
0
0
0
0
0
0
0
0
-0.8801
-0.86466
-0.86332
-0.84343
-0.85804
-0.8573
-0.82887
-0.84387
-0.82849
-0.80749
-0.83802
59.9553
-0.79079
-0.79055
-0.88083
-0.85611
-0.80755
-0.8807
-0.83636
-0.81737
-0.8174
-0.84013
-0.82832
-0.80874
-0.85
-0.84903
-0.81681
-0.80605
-0.81166
-0.80655
-0.80304
-0.79727
-0.80306
-0.78614
-0.82229
-0.78615
-0.79471
-0.80544
-0.81879
-0.81457
-0.79334
-0.78151
-0.77158
-0.81643
-0.76057
-0.76065
-0.76453
-0.72486
-0.78203
-0.76423
-0.7469
-0.8244
-0.69241
-0.76952
-0.78951
-0.91176
-0.88434
-0.93375
-0.87656
-1.0249
-1.1675
-1.0939
-1.1336
-1.1517
-1.1321
0
0
0
0
0
0
0
0
0
0
0
0
0
0
0
0
0
0
0
0
-5.8628
0
0
0
0
0
0
0
0
0
0
0
0
0
0
0
0
0
0
0
0
0
0
0
0
0
0
0
0
0
0
0
0
0
0
0
0
0
0
0
-0.80947
-0.79429
-0.79494
-0.77566
-0.79433
-0.79309
-0.76693
-0.77937
-0.76454
-0.74622
-0.77432
-0.79079
51.5406
-0.7109
-0.81663
-0.78642
-0.74855
-0.8165
-0.77325
-0.75899
-0.75904
-0.77736
-0.76702
-0.74948
-0.78583
-0.78487
-0.76237
-0.74584
-0.75193
-0.74499
-0.74422
-0.73579
-0.74422
-0.72782
-0.75576
-0.72782
-0.73605
-0.74324
-0.75348
-0.7525
-0.73193
-0.72075
-0.71102
-0.75367
-0.69931
-0.6994
-0.70207
-0.66499
-0.72489
-0.70459
-0.6876
-0.76007
-0.71279
-0.70918
-0.72926
-0.84367
-0.8182
-0.85789
-0.8107
-0.94793
-1.0982
-1.0261
-1.0648
-1.0746
-1.0611
-1.3811
0
0
0
0
0
0
0
0
0
0
0
0
0
0
0
0
0
0
0
0
0
0
0
0
0
0
0
0
0
0
0
0
0
0
0
0
0
0
0
0
0
0
0
0
0
0
0
0
0
0
0
0
0
0
0
0
0
0
0
-0.80923
-0.79404
-0.79468
-0.77539
-0.79408
-0.79284
-0.76668
-0.77912
-0.76428
-0.74593
-0.77407
-0.79055
-0.7109
51.5244
-0.81638
-0.78618
-0.74837
-0.81625
-0.77299
-0.75877
-0.75881
-0.77714
-0.76679
-0.74925
-0.78558
-0.78464
-0.76211
-0.7456
-0.75168
-0.74478
-0.74398
-0.73554
-0.74399
-0.72757
-0.75557
-0.72758
-0.7358
-0.74298
-0.75319
-0.75224
-0.73167
-0.7205
-0.71077
-0.75339
-0.69906
-0.69914
-0.70181
-0.66476
-0.72463
-0.70436
-0.68735
-0.7598
-0.71254
-0.70893
-0.729
-0.84335
-0.81792
-0.85759
-0.81042
-0.94766
-1.0979
-1.0258
-1.0646
-1.0743
-1.0608
-1.3808
0
0
0
0
0
0
0
0
0
0
0
0
0
0
0
0
0
0
0
0
0
0
0
0
0
0
0
0
0
0
0
0
0
0
0
0
0
0
0
0
0
0
0
0
0
0
0
0
0
0
0
0
0
0
0
0
0
0
0
-0.90144
-0.885
-0.88517
-0.86302
-0.88666
-0.88707
-0.85921
-0.86826
-0.8542
-0.8337
-0.86288
-0.88083
-0.81663
-0.81638
61.7654
-0.87617
-0.83291
-0.91178
-0.86021
-0.8426
-0.84265
-0.86074
-0.85259
-0.83291
-0.87153
-0.87056
-0.83792
-0.82932
-0.83493
-0.82659
-0.82825
-0.82012
-0.82826
-0.81141
-0.84539
-0.81141
-0.82047
-0.82884
-0.83899
-0.83789
-0.81632
-0.80444
-0.79339
-0.83817
-0.78244
-0.78252
-0.785
-0.74634
-0.80752
-0.78752
-0.76985
-0.84264
-0.79916
-0.79269
-0.81272
-0.92838
-0.90377
-0.94659
-0.89575
-1.0467
-1.1945
-1.1207
-1.1601
0
0
0
0
0
0
0
0
0
0
0
0
0
0
0
0
0
0
0
0
0
0
0
0
0
0
0
0
0
0
0
0
0
0
0
0
0
0
0
0
0
-8.4532
0
0
0
0
0
0
0
0
0
0
0
0
0
0
0
0
0
0
0
0
-0.87436
-0.8589
-0.85716
-0.83702
-0.85309
-0.85343
-0.82434
-0.83891
-0.82401
-0.80328
-0.83357
-0.85611
-0.78642
-0.78618
-0.87617
57.1498
-0.80215
-0.87604
-0.83061
-0.81167
-0.81171
-0.84153
-0.82271
-0.80315
-0.8458
-0.84488
-0.8145
-0.80037
-0.80608
-0.80335
-0.79776
-0.79401
-0.79776
-0.78267
-0.81954
-0.78266
-0.7914
-0.79905
-0.81205
-0.80841
-0.78719
-0.77521
-0.76455
-0.81021
-0.75341
-0.75351
-0.75849
-0.716
-0.7765
-0.75846
-0.741
-0.81787
-0.7795
-0.76337
-0.78312
-0.90418
-0.87784
-0.8492
-0.86949
-1.0186
-1.1606
-1.0872
-1.1263
0
0
0
0
0
0
0
0
0
0
0
0
0
0
0
0
0
0
0
0
0
0
0
0
-5.6551
0
0
0
0
0
0
0
0
0
0
0
0
0
0
0
0
0
0
0
0
0
0
0
0
0
0
0
0
0
0
0
0
0
0
0
0
0
-0.82783
-0.81252
-0.81312
-0.79357
-0.81264
-0.81195
-0.78485
-0.79775
-0.78296
-0.76401
-0.7928
-0.80755
-0.74855
-0.74837
-0.83291
-0.80215
50.1722
-0.83278
-0.78993
-0.7787
-0.77875
-0.79111
-0.78631
-0.76691
-0.79955
-0.7986
-0.77024
-0.76327
-0.77
-0.75541
-0.76123
-0.75284
-0.76124
-0.74433
-0.76874
-0.74432
-0.7527
-0.76047
-0.77128
-0.76939
-0.7489
-0.73726
-0.72764
-0.77177
-0.71542
-0.71551
-0.71852
-0.68107
-0.74132
-0.72086
-0.70363
-0.77769
-0.73066
-0.72556
-0.74612
-0.86347
-0.83698
-0.87664
-0.82828
-0.96558
-1.1166
-1.0443
-1.0834
-1.0934
0
0
0
0
0
0
0
0
0
0
0
0
0
0
0
0
0
0
0
0
0
0
0
0
0
0
0
0
0
0
0
0
0
0
0
0
0
0
0
0
0
0
0
0
0
0
0
0
0
0
0
0
0
0
0
0
0
0
0
0
0
-0.90132
-0.88489
-0.88503
-0.8629
-0.88654
-0.88694
-0.85908
-0.86813
-0.85407
-0.83358
-0.86275
-0.8807
-0.8165
-0.81625
-0.91178
-0.87604
-0.83278
61.7567
-0.86007
-0.84248
-0.84254
-0.86059
-0.85247
-0.83279
-0.8714
-0.87043
-0.83779
-0.8292
-0.8348
-0.82647
-0.82812
-0.81998
-0.82814
-0.81128
-0.84526
-0.81128
-0.82035
-0.82872
-0.83885
-0.83777
-0.81619
-0.80432
-0.79327
-0.83805
-0.7823
-0.78239
-0.78487
-0.74621
-0.8074
-0.7874
-0.76971
-0.84253
-0.79903
-0.79257
-0.8126
-0.92824
-0.90363
-0.94645
-0.89562
-1.0466
-1.1944
-1.1205
-1.1599
0
0
0
0
0
0
0
0
0
0
0
0
0
0
0
0
0
0
0
0
0
0
0
0
0
0
0
0
0
0
0
0
0
0
0
0
0
0
0
0
0
0
0
0
0
0
0
0
0
0
0
0
0
0
0
0
0
0
0
-8.4524
0
0
-0.8548
-0.83883
-0.84003
-0.82047
-0.84103
-0.84042
-0.81289
-0.82656
-0.81208
-0.78807
-0.82079
-0.83636
-0.77325
-0.77299
-0.86021
-0.83061
-0.78993
-0.86007
55.6485
-0.80024
-0.80029
-0.81897
-0.80457
-0.79037
-0.83109
-0.83003
-0.79978
-0.78739
-0.79357
-0.78972
-0.78634
-0.77751
-0.78635
-0.76977
-0.80136
-0.76977
-0.77834
-0.78525
-0.79731
-0.79532
-0.77427
-0.76268
-0.75389
-0.77893
-0.74084
-0.74093
-0.74347
-0.70563
-0.76436
-0.74612
-0.72914
-0.80319
-0.75548
-0.75144
-0.77206
-0.89304
-0.86614
-0.90348
-0.8547
-0.99717
-1.1487
-1.0758
-1.1147
0
0
0
0
0
0
0
0
0
0
0
0
0
0
0
0
0
0
0
0
0
0
0
0
0
0
0
0
-4.9596
0
0
0
0
0
0
0
0
0
0
0
0
0
0
0
0
0
0
0
0
0
0
0
0
0
0
0
0
0
0
0
0
0
-0.83722
-0.82181
-0.82245
-0.80277
-0.82233
-0.82174
-0.79443
-0.80772
-0.79307
-0.77398
-0.80283
-0.81737
-0.75899
-0.75877
-0.8426
-0.81167
-0.7787
-0.84248
-0.80024
48.5207
-0.76907
-0.79948
-0.79401
-0.77285
-0.80878
-0.80786
-0.78367
-0.76963
-0.77142
-0.76449
-0.7683
-0.76004
-0.7683
-0.75178
-0.77995
-0.75178
-0.76091
-0.7693
-0.78171
-0.77785
-0.75754
-0.74549
-0.73603
-0.78194
-0.72328
-0.72337
-0.72684
-0.68907
-0.74987
-0.72897
-0.71156
-0.78733
-0.74041
-0.73376
-0.75514
-0.87724
-0.848
-0.89017
-0.83788
-0.97463
-1.1261
-1.0538
0
0
0
0
0
0
0
0
0
0
0
0
0
0
0
0
0
0
0
0
0
0
0
0
0
0
0
0
0
0
0
0
0
0
0
0
0
0
0
0
0
0
0
0
0
0
0
0
0
0
0
0
0
0
0
0
0
0
0
0
0
0
0
-0.83726
-0.82187
-0.8225
-0.80281
-0.82237
-0.82179
-0.79448
-0.80775
-0.79311
-0.77402
-0.80288
-0.8174
-0.75904
-0.75881
-0.84265
-0.81171
-0.77875
-0.84254
-0.80029
-0.76907
48.5234
-0.79952
-0.79407
-0.7729
-0.80883
-0.8079
-0.78371
-0.76966
-0.77146
-0.76454
-0.76834
-0.76009
-0.76834
-0.75183
-0.77998
-0.75183
-0.76095
-0.76934
-0.78176
-0.7779
-0.75759
-0.74554
-0.73607
-0.78199
-0.72333
-0.72342
-0.72689
-0.68912
-0.74992
-0.72901
-0.7116
-0.78737
-0.74044
-0.7338
-0.75518
-0.8773
-0.84805
-0.89022
-0.83793
-0.97468
-1.1261
-1.0538
0
0
0
0
0
0
0
0
0
0
0
0
0
0
0
0
0
0
0
0
0
0
0
0
0
0
0
0
0
0
0
0
0
0
0
0
0
0
0
0
0
0
0
0
0
0
0
0
0
0
0
0
0
0
0
0
0
0
0
0
0
0
0
-0.85397
-0.83951
-0.84003
-0.81972
-0.83992
-0.83907
-0.81073
-0.82719
-0.81426
-0.79241
-0.80309
-0.84013
-0.77736
-0.77714
-0.86074
-0.84153
-0.79111
-0.86059
-0.81897
-0.79948
-0.79952
57.732
-0.80717
-0.7859
-0.82763
-0.82667
-0.79675
-0.77352
-0.78939
-0.78462
-0.78369
-0.77226
-0.78371
-0.76692
-0.80306
-0.76691
-0.77551
-0.76981
-0.76702
-0.79199
-0.77097
-0.75951
-0.75061
-0.79015
-0.73763
-0.73772
-0.72672
-0.70377
-0.76226
-0.7432
-0.72574
-0.79924
-0.75741
-0.74889
-0.77793
-0.88764
-0.85898
-0.90217
-0.8542
0
0
0
0
0
0
0
0
0
0
0
0
0
0
0
0
0
0
0
0
0
-3.2823
-3.9399
0
0
-4.2961
0
0
0
0
0
0
0
0
0
0
0
0
0
0
0
0
0
0
0
0
0
0
0
0
0
0
0
0
0
0
0
0
0
0
0
0
0
0
0
0
-0.84757
-0.83157
-0.83244
-0.81296
-0.83232
-0.83201
-0.8041
-0.81783
-0.80295
-0.78313
-0.81208
-0.82832
-0.76702
-0.76679
-0.85259
-0.82271
-0.78631
-0.85247
-0.80457
-0.79401
-0.79407
-0.80717
49.5293
-0.7823
-0.81653
-0.81556
-0.79159
-0.77944
-0.78524
-0.77156
-0.7777
-0.76864
-0.7777
-0.7605
-0.77954
-0.7605
-0.76921
-0.7776
-0.78947
-0.78612
-0.76559
-0.75364
-0.7451
-0.78216
-0.73121
-0.73129
-0.73493
-0.69682
-0.75895
-0.73688
-0.71935
-0.79592
-0.75033
-0.74166
-0.76314
-0.88728
-0.85843
-0.89929
-0.84754
0
0
0
0
0
0
0
0
0
0
0
0
0
0
0
0
0
0
0
-3.6556
0
0
0
0
0
0
0
0
0
0
0
0
0
0
0
0
0
0
0
0
0
0
0
0
0
0
0
0
0
0
0
0
0
0
0
0
0
0
0
0
0
0
0
0
0
0
-0.82559
-0.80968
-0.81249
-0.79299
-0.81263
-0.81204
-0.78486
-0.7983
-0.78368
-0.76425
-0.79381
-0.80874
-0.74948
-0.74925
-0.83291
-0.80315
-0.76691
-0.83279
-0.79037
-0.77285
-0.7729
-0.7859
-0.7823
46.8485
-0.79744
-0.7965
-0.77233
-0.75429
-0.76514
-0.75424
-0.75788
-0.74148
-0.75789
-0.74053
-0.7711
-0.74053
-0.74955
-0.7547
-0.77052
-0.76611
-0.74578
-0.73414
-0.72466
-0.76608
-0.71153
-0.71161
-0.71512
-0.67769
-0.73776
-0.71756
-0.70012
-0.77583
-0.73105
-0.72216
-0.74313
-0.86634
-0.83611
-0.8786
-0.82682
0
0
0
0
0
0
0
0
0
0
0
0
0
0
0
0
0
0
0
0
-2.0983
0
0
0
0
0
0
0
0
0
0
0
0
0
0
0
0
0
0
0
0
0
0
0
0
0
0
0
0
0
0
0
0
0
0
0
0
0
0
0
0
0
0
0
0
0
-0.86689
-0.85105
-0.85144
-0.83024
-0.85135
-0.8485
-0.82275
-0.83717
-0.82273
-0.80289
-0.8324
-0.85
-0.78583
-0.78558
-0.87153
-0.8458
-0.79955
-0.8714
-0.83109
-0.80878
-0.80883
-0.82763
-0.81653
-0.79744
54.7323
-0.8334
-0.80404
-0.79317
-0.79785
-0.78841
-0.79279
-0.78366
-0.79279
-0.77566
-0.80952
-0.77566
-0.78397
-0.79165
-0.80026
-0.80071
-0.77949
-0.7682
-0.75692
-0.80016
-0.74615
-0.74624
-0.74817
-0.71088
-0.77116
-0.75148
-0.73392
-0.80459
-0.76139
-0.75624
-0.77556
-0.8869
-0.86492
-0.90552
-0.85825
0
0
0
0
0
0
0
0
0
0
0
0
0
0
0
0
0
0
0
0
0
0
0
0
0
0
0
0
0
0
0
0
0
0
0
0
0
0
0
0
0
0
0
0
-7.9652
0
0
0
0
0
0
0
0
0
0
0
0
0
0
0
0
0
0
0
0
0
-0.86593
-0.8501
-0.85047
-0.82929
-0.85038
-0.84754
-0.8218
-0.83622
-0.82175
-0.8019
-0.83145
-0.84903
-0.78487
-0.78464
-0.87056
-0.84488
-0.7986
-0.87043
-0.83003
-0.80786
-0.8079
-0.82667
-0.81556
-0.7965
-0.8334
54.6735
-0.803
-0.79224
-0.7969
-0.78734
-0.79184
-0.78271
-0.79185
-0.77473
-0.80818
-0.77473
-0.78301
-0.79069
-0.79928
-0.79974
-0.77853
-0.76724
-0.75597
-0.79918
-0.74522
-0.7453
-0.74722
-0.70996
-0.77021
-0.75054
-0.73299
-0.80362
-0.76043
-0.75529
-0.77458
-0.88579
-0.86388
-0.90441
-0.85724
0
0
0
0
0
0
0
0
0
0
0
0
0
0
0
0
0
0
0
0
0
0
0
0
0
0
0
0
0
0
0
0
0
0
0
0
0
0
0
0
0
0
0
0
0
0
0
0
0
0
0
0
-7.9619
0
0
0
0
0
0
0
0
0
0
0
0
0
-0.83744
-0.82174
-0.82254
-0.80175
-0.82278
-0.82045
-0.79452
-0.80796
-0.79294
-0.77162
-0.80314
-0.81681
-0.76237
-0.76211
-0.83792
-0.8145
-0.77024
-0.83779
-0.79978
-0.78367
-0.78371
-0.79675
-0.79159
-0.77233
-0.80404
-0.803
51.9129
-0.76757
-0.77376
-0.75758
-0.76804
-0.75994
-0.76804
-0.75146
-0.77029
-0.75146
-0.75992
-0.76574
-0.77592
-0.77661
-0.75579
-0.74422
-0.73423
-0.77482
-0.7219
-0.72199
-0.72416
-0.68814
-0.7279
-0.72873
-0.71124
-0.78257
-0.73446
-0.73336
-0.75316
-0.86458
-0.8438
0
0
0
0
0
0
0
0
0
0
0
0
0
0
0
0
0
0
0
-3.4208
0
0
0
0
0
0
0
0
0
0
0
0
0
0
0
-4.9673
0
0
0
0
0
0
0
0
0
0
0
0
0
0
0
0
0
0
0
0
0
0
0
0
0
0
0
0
0
0
0
0
-0.82518
-0.80993
-0.81079
-0.79073
-0.81007
-0.8087
-0.78233
-0.79542
-0.78079
-0.76123
-0.79032
-0.80605
-0.74584
-0.7456
-0.82932
-0.80037
-0.76327
-0.8292
-0.78739
-0.76963
-0.76966
-0.77352
-0.77944
-0.75429
-0.79317
-0.79224
-0.76757
46.9711
-0.76255
-0.74557
-0.75557
-0.74223
-0.75559
-0.7372
-0.76886
-0.73719
-0.74555
-0.75358
-0.75261
-0.76173
-0.74151
-0.73011
-0.72113
-0.76459
-0.70712
-0.70721
-0.69268
-0.67639
-0.73381
-0.71418
-0.69649
-0.77173
-0.72879
-0.71905
-0.73694
-0.86165
-0.82933
-0.87541
0
0
0
0
0
0
0
0
0
0
0
0
0
0
0
0
-3.2727
0
0
0
0
0
0
0
0
0
0
0
0
0
0
0
0
0
0
0
0
0
0
0
0
0
0
0
0
0
0
0
0
0
0
0
0
0
0
0
0
0
0
0
0
0
0
0
0
0
0
-0.82867
-0.81336
-0.81549
-0.79563
-0.81597
-0.81465
-0.78809
-0.80157
-0.7869
-0.76729
-0.79641
-0.81166
-0.75193
-0.75168
-0.83493
-0.80608
-0.77
-0.8348
-0.79357
-0.77142
-0.77146
-0.78939
-0.78524
-0.76514
-0.79785
-0.7969
-0.77376
-0.76255
48.218
-0.75471
-0.76221
-0.75035
-0.76223
-0.74425
-0.77318
-0.74425
-0.75247
-0.75918
-0.7706
-0.76898
-0.74849
-0.737
-0.72731
-0.76579
-0.71447
-0.71457
-0.71763
-0.6808
-0.74047
-0.72035
-0.70284
-0.7775
-0.73242
-0.72524
-0.74531
-0.86463
-0.83779
-0.87981
0
0
0
0
0
0
0
0
0
0
0
0
0
0
0
0
0
0
0
0
0
0
0
0
0
0
0
0
0
0
0
0
0
0
0
0
0
-4.1508
0
0
0
0
0
0
0
0
0
0
0
0
0
0
0
0
0
0
0
0
0
0
0
0
0
0
0
0
0
-0.82171
-0.80599
-0.80673
-0.78688
-0.80849
-0.80426
-0.78064
-0.79496
-0.78089
-0.76049
-0.79057
-0.80655
-0.74499
-0.74478
-0.82659
-0.80335
-0.75541
-0.82647
-0.78972
-0.76449
-0.76454
-0.78462
-0.77156
-0.75424
-0.78841
-0.78734
-0.75758
-0.74557
-0.75471
52.8678
-0.75079
-0.74188
-0.75081
-0.73484
-0.75008
-0.73483
-0.74295
-0.74954
-0.75819
-0.75954
-0.73831
-0.72744
-0.71824
-0.75864
-0.70609
-0.70617
-0.70212
-0.66792
-0.7294
-0.71149
-0.69415
-0.76218
-0.71762
-0.7162
-0.71971
-0.84295
-0.8078
0
0
0
0
0
0
0
0
0
0
0
0
0
0
0
-3.3679
0
0
0
0
0
0
0
0
0
0
0
0
0
0
0
0
0
0
0
0
0
0
0
0
0
0
0
0
0
0
0
0
0
0
-6.8874
0
0
0
0
0
0
0
0
0
0
0
0
0
0
0
0
0
-0.82298
-0.80759
-0.80852
-0.78887
-0.80842
-0.80776
-0.78055
-0.79391
-0.77927
-0.75981
-0.78904
-0.80304
-0.74422
-0.74398
-0.82825
-0.79776
-0.76123
-0.82812
-0.78634
-0.7683
-0.76834
-0.78369
-0.7777
-0.75788
-0.79279
-0.79184
-0.76804
-0.75557
-0.76221
-0.75079
43.6748
-0.74924
-0.74358
-0.73208
-0.76683
-0.73208
-0.74365
-0.75448
-0.76495
-0.76036
-0.74071
-0.72878
-0.71924
-0.76588
-0.70541
-0.70549
-0.70998
-0.67276
-0.73329
-0.71209
-0.69429
-0.7725
-0.72733
-0.71675
-0.73829
-0.86193
-0.83439
-0.87162
0
0
0
0
0
0
0
0
0
0
0
0
0
0
0
0
0
0
0
0
0
0
0
0
0
0
0
0
0
0
0
0
0
0
0
0
0
0
0
0
0
0
0
0
0
0
0
0
0
0
0
0
0
0
0
0
0
0
0
0
0
0
0
0
0
0
0
-0.81471
-0.78416
-0.79981
-0.78094
-0.79985
-0.79922
-0.772
-0.78552
-0.77086
-0.75119
-0.78087
-0.79727
-0.73579
-0.73554
-0.82012
-0.79401
-0.75284
-0.81998
-0.77751
-0.76004
-0.76009
-0.77226
-0.76864
-0.74148
-0.78366
-0.78271
-0.75994
-0.74223
-0.75035
-0.74188
-0.74924
45.7654
-0.74926
-0.72932
-0.75983
-0.72932
-0.73736
-0.73846
-0.75611
-0.7536
-0.73318
-0.72116
-0.71225
-0.75337
-0.69892
-0.69902
-0.70329
-0.66433
-0.72629
-0.70489
-0.68742
-0.76215
-0.71976
-0.7093
-0.72899
-0.84852
-0.82028
0
0
0
0
0
0
0
0
0
0
0
0
0
0
0
0
-3.4343
0
0
0
0
0
0
0
0
0
0
0
0
0
0
0
0
0
0
0
0
0
0
0
0
0
0
0
0
0
0
0
0
0
0
0
0
0
0
0
0
0
0
0
0
0
0
0
0
0
0
0
-0.823
-0.8076
-0.80853
-0.78887
-0.80842
-0.80778
-0.78054
-0.79392
-0.77928
-0.75981
-0.78904
-0.80306
-0.74422
-0.74399
-0.82826
-0.79776
-0.76124
-0.82814
-0.78635
-0.7683
-0.76834
-0.78371
-0.7777
-0.75789
-0.79279
-0.79185
-0.76804
-0.75559
-0.76223
-0.75081
-0.74358
-0.74926
43.6753
-0.73209
-0.76684
-0.73209
-0.74367
-0.75448
-0.76496
-0.76037
-0.74072
-0.72878
-0.71925
-0.7659
-0.70542
-0.7055
-0.71
-0.67277
-0.7333
-0.7121
-0.6943
-0.7725
-0.72733
-0.71675
-0.7383
-0.86195
-0.83441
-0.87164
0
0
0
0
0
0
0
0
0
0
0
0
0
0
0
0
0
0
0
0
0
0
0
0
0
0
0
0
0
0
0
0
0
0
0
0
0
0
0
0
0
0
0
0
0
0
0
0
0
0
0
0
0
0
0
0
0
0
0
0
0
0
0
0
0
0
0
-0.80644
-0.79121
-0.79214
-0.77281
-0.79195
-0.79125
-0.76425
-0.77745
-0.7629
-0.74339
-0.77259
-0.78614
-0.72782
-0.72757
-0.81141
-0.78267
-0.74433
-0.81128
-0.76977
-0.75178
-0.75183
-0.76692
-0.7605
-0.74053
-0.77566
-0.77473
-0.75146
-0.7372
-0.74425
-0.73484
-0.73208
-0.72932
-0.73209
41.9027
-0.75144
-0.71897
-0.72757
-0.74125
-0.7493
-0.74455
-0.72529
-0.71227
-0.70392
-0.75038
-0.68936
-0.68945
-0.69442
-0.65577
-0.71766
-0.69639
-0.67882
-0.75657
-0.71193
-0.70081
-0.72258
-0.83574
-0.81774
0
0
0
0
0
0
0
0
0
0
0
0
0
0
0
0
0
0
0
0
0
0
0
0
0
0
0
0
0
0
0
0
0
0
0
0
0
0
0
0
0
0
0
0
0
0
0
0
0
0
0
0
0
0
0
0
0
0
0
0
0
0
0
0
0
0
0
0
-0.84273
-0.82685
-0.82282
-0.80452
-0.82493
-0.82355
-0.79663
-0.81151
-0.79813
-0.77858
-0.80627
-0.82229
-0.75576
-0.75557
-0.84539
-0.81954
-0.76874
-0.84526
-0.80136
-0.77995
-0.77998
-0.80306
-0.77954
-0.7711
-0.80952
-0.80818
-0.77029
-0.76886
-0.77318
-0.75008
-0.76683
-0.75983
-0.76684
-0.75144
53.8961
-0.75145
-0.76005
-0.76608
-0.77773
-0.77693
-0.75497
-0.74432
-0.73482
-0.76747
-0.72268
-0.72277
-0.72617
-0.68771
-0.72619
-0.72839
-0.71234
-0.78197
-0.73727
-0.73369
0
0
0
0
0
0
0
0
0
0
0
0
0
0
0
0
0
0
0
0
0
0
-3.3923
0
-3.6138
0
0
0
0
0
0
0
0
0
0
0
0
0
0
0
0
0
0
0
-5.7879
0
0
0
0
0
0
0
0
0
0
0
0
0
0
0
0
0
0
0
0
0
0
0
0
0
0
-0.80643
-0.79122
-0.79214
-0.77281
-0.79196
-0.79126
-0.76425
-0.77745
-0.7629
-0.74339
-0.7726
-0.78615
-0.72782
-0.72758
-0.81141
-0.78266
-0.74432
-0.81128
-0.76977
-0.75178
-0.75183
-0.76691
-0.7605
-0.74053
-0.77566
-0.77473
-0.75146
-0.73719
-0.74425
-0.73483
-0.73208
-0.72932
-0.73209
-0.71897
-0.75145
41.9027
-0.72756
-0.74125
-0.7493
-0.74455
-0.72529
-0.71227
-0.70391
-0.75039
-0.68935
-0.68945
-0.69442
-0.65578
-0.71766
-0.69638
-0.67883
-0.75656
-0.71194
-0.70081
-0.72257
-0.83574
-0.81775
0
0
0
0
0
0
0
0
0
0
0
0
0
0
0
0
0
0
0
0
0
0
0
0
0
0
0
0
0
0
0
0
0
0
0
0
0
0
0
0
0
0
0
0
0
0
0
0
0
0
0
0
0
0
0
0
0
0
0
0
0
0
0
0
0
0
0
0
-0.81563
-0.80033
-0.80124
-0.78179
-0.801
-0.80022
-0.7731
-0.78633
-0.77163
-0.75187
-0.78138
-0.79471
-0.73605
-0.7358
-0.82047
-0.7914
-0.7527
-0.82035
-0.77834
-0.76091
-0.76095
-0.77551
-0.76921
-0.74955
-0.78397
-0.78301
-0.75992
-0.74555
-0.75247
-0.74295
-0.74365
-0.73736
-0.74367
-0.72757
-0.76005
-0.72756
40.7453
-0.74579
-0.75706
-0.76425
-0.7354
-0.72243
-0.71529
-0.75312
-0.7016
-0.7017
-0.70662
-0.66593
-0.7297
-0.70643
-0.68833
-0.76623
-0.7227
-0.7107
-0.73377
0
0
0
0
0
0
0
0
0
0
0
0
0
0
0
0
0
0
0
0
0
0
0
0
0
0
0
0
0
0
0
0
0
0
0
0
0
0
0
0
0
0
0
0
0
0
0
0
0
0
0
0
0
0
0
0
0
0
0
0
0
0
0
0
0
0
0
0
0
0
-0.82075
-0.80656
-0.80738
-0.78794
-0.8073
-0.80661
-0.77936
-0.79275
-0.77801
-0.758
-0.7886
-0.80544
-0.74324
-0.74298
-0.82884
-0.79905
-0.76047
-0.82872
-0.78525
-0.7693
-0.76934
-0.76981
-0.7776
-0.7547
-0.79165
-0.79069
-0.76574
-0.75358
-0.75918
-0.74954
-0.75448
-0.73846
-0.75448
-0.74125
-0.76608
-0.74125
-0.74579
42.8276
-0.76373
-0.76712
-0.74142
-0.73129
-0.72123
-0.75924
-0.71072
-0.71081
-0.71233
-0.67252
-0.73189
-0.71251
-0.69747
-0.77021
0
-0.71879
0
0
0
0
0
0
0
0
0
0
0
0
0
0
0
0
0
0
0
0
0
0
0
0
0
0
-3.1862
0
0
0
0
0
0
0
0
0
0
0
0
0
0
0
0
0
0
0
0
0
0
0
0
0
0
0
0
0
0
0
0
0
0
0
0
0
0
0
0
0
0
0
0
-0.83488
-0.81925
-0.81993
-0.79622
-0.81928
-0.81836
-0.7908
-0.80532
-0.79045
-0.76984
-0.79969
-0.81879
-0.75348
-0.75319
-0.83899
-0.81205
-0.77128
-0.83885
-0.79731
-0.78171
-0.78176
-0.76702
-0.78947
-0.77052
-0.80026
-0.79928
-0.77592
-0.75261
-0.7706
-0.75819
-0.76495
-0.75611
-0.76496
-0.7493
-0.77773
-0.7493
-0.75706
-0.76373
45.848
-0.77546
-0.75352
-0.74193
-0.73302
-0.77813
-0.72128
-0.72137
-0.70763
-0.68624
-0.74631
-0.72462
-0.70909
-0.78059
0
0
0
0
0
0
0
0
0
0
0
0
0
0
0
0
0
0
0
0
0
0
0
0
0
-2.2105
0
0
0
0
0
0
-4.1799
0
0
0
0
0
0
0
0
0
0
0
0
0
0
0
0
0
0
0
0
0
0
0
0
0
0
0
0
0
0
0
0
0
0
0
0
0
0
0
0
-0.83283
-0.81742
-0.81836
-0.79869
-0.81837
-0.81763
-0.79019
-0.80355
-0.78866
-0.76867
-0.79853
-0.81457
-0.7525
-0.75224
-0.83789
-0.80841
-0.76939
-0.83777
-0.79532
-0.77785
-0.7779
-0.79199
-0.78612
-0.76611
-0.80071
-0.79974
-0.77661
-0.76173
-0.76898
-0.75954
-0.76036
-0.7536
-0.76037
-0.74455
-0.77693
-0.74455
-0.76425
-0.76712
-0.77546
40.2164
-0.76387
-0.73853
-0.7372
-0.77
-0.72225
-0.72235
-0.72862
-0.68692
-0.75108
-0.72493
-0.7095
-0.79461
0
-0.73114
0
0
0
0
0
0
0
0
0
0
0
0
0
0
0
0
0
0
0
0
0
0
0
0
0
0
0
0
0
0
0
0
0
0
0
0
0
0
0
0
0
0
0
0
0
0
0
0
0
0
0
0
0
0
0
0
0
0
0
0
0
0
0
0
0
0
0
0
0
0
0
-0.80764
-0.79581
-0.79676
-0.77747
-0.79442
-0.79623
-0.76906
-0.78241
-0.76771
-0.74786
-0.77747
-0.79334
-0.73193
-0.73167
-0.81632
-0.78719
-0.7489
-0.81619
-0.77427
-0.75754
-0.75759
-0.77097
-0.76559
-0.74578
-0.77949
-0.77853
-0.75579
-0.74151
-0.74849
-0.73831
-0.74071
-0.73318
-0.74072
-0.72529
-0.75497
-0.72529
-0.7354
-0.74142
-0.75352
-0.76387
39.6478
-0.71846
-0.71251
-0.75619
-0.70587
-0.70596
-0.70374
-0.66537
-0.72263
-0.70215
-0.68812
0
0
0
0
0
0
0
0
0
0
0
0
0
0
0
0
0
0
-2.0002
0
0
0
0
0
0
0
0
0
0
0
0
0
0
0
0
0
0
0
0
0
0
0
0
0
0
0
0
0
0
0
0
0
0
0
0
0
0
0
0
0
0
0
0
0
0
0
0
0
0
0
0
0
0
0
-0.79949
-0.78439
-0.78534
-0.766
-0.78526
-0.78446
-0.75754
-0.77064
-0.75605
-0.73643
-0.76573
-0.78151
-0.72075
-0.7205
-0.80444
-0.77521
-0.73726
-0.80432
-0.76268
-0.74549
-0.74554
-0.75951
-0.75364
-0.73414
-0.7682
-0.76724
-0.74422
-0.73011
-0.737
-0.72744
-0.72878
-0.72116
-0.72878
-0.71227
-0.74432
-0.71227
-0.72243
-0.73129
-0.74193
-0.73853
-0.71846
37.8014
-0.6956
-0.74385
-0.69262
-0.69274
-0.69159
-0.64589
-0.70881
-0.68817
-0.67495
-0.7565
0
0
0
0
0
0
0
0
0
0
0
0
0
0
0
0
0
0
0
0
0
0
0
0
0
0
0
0
0
0
0
0
0
0
0
0
0
0
0
0
0
0
0
0
0
0
0
0
0
0
0
0
0
0
0
0
0
0
0
0
0
0
0
0
0
0
0
0
0
0
0
0
0
-0.78933
-0.77376
-0.77477
-0.75734
-0.77584
-0.77429
-0.74809
-0.76105
-0.74658
-0.72671
-0.75656
-0.77158
-0.71102
-0.71077
-0.79339
-0.76455
-0.72764
-0.79327
-0.75389
-0.73603
-0.73607
-0.75061
-0.7451
-0.72466
-0.75692
-0.75597
-0.73423
-0.72113
-0.72731
-0.71824
-0.71924
-0.71225
-0.71925
-0.70392
-0.73482
-0.70391
-0.71529
-0.72123
-0.73302
-0.7372
-0.71251
-0.6956
38.9103
-0.73974
-0.68717
-0.68725
-0.67567
-0.63854
-0.68967
-0.67718
-0.66457
0
0
0
0
0
0
0
0
0
0
0
0
0
0
0
0
0
0
0
0
0
0
0
0
0
0
0
0
0
0
0
0
0
0
0
0
0
0
0
0
0
0
-2.3256
0
0
0
0
0
0
0
0
0
0
0
0
0
0
0
0
0
0
0
0
0
0
0
0
0
0
0
0
0
0
0
-0.8276
-0.81593
-0.81895
-0.79997
-0.82001
-0.81928
-0.7919
-0.80545
-0.79037
-0.76977
-0.79882
-0.81643
-0.75367
-0.75339
-0.83817
-0.81021
-0.77177
-0.83805
-0.77893
-0.78194
-0.78199
-0.79015
-0.78216
-0.76608
-0.80016
-0.79918
-0.77482
-0.76459
-0.76579
-0.75864
-0.76588
-0.75337
-0.7659
-0.75038
-0.76747
-0.75039
-0.75312
-0.75924
-0.77813
-0.77
-0.75619
-0.74385
-0.73974
44.6309
-0.72524
-0.72532
-0.7255
0
-0.74171
-0.72173
0
0
0
0
0
0
0
0
0
0
0
0
0
0
0
0
0
0
0
0
0
0
0
0
0
-2.4453
0
0
0
0
0
0
0
0
0
0
0
0
-4.9082
0
0
0
0
0
0
0
0
0
0
0
0
0
0
0
0
0
0
0
0
0
0
0
0
0
0
0
0
0
0
0
0
0
0
0
0
-0.77782
-0.76294
-0.76385
-0.74473
-0.76352
-0.76272
-0.73608
-0.74891
-0.73445
-0.71494
-0.74407
-0.76057
-0.69931
-0.69906
-0.78244
-0.75341
-0.71542
-0.7823
-0.74084
-0.72328
-0.72333
-0.73763
-0.73121
-0.71153
-0.74615
-0.74522
-0.7219
-0.70712
-0.71447
-0.70609
-0.70541
-0.69892
-0.70542
-0.68936
-0.72268
-0.68935
-0.7016
-0.71072
-0.72128
-0.72225
-0.70587
-0.69262
-0.68717
-0.72524
36.0393
-0.66124
-0.68053
-0.63182
-0.70926
-0.6674
-0.65582
0
0
0
0
0
0
0
0
0
0
0
0
0
0
0
0
0
0
0
0
0
0
0
0
0
0
0
0
0
0
0
0
0
0
0
0
0
0
0
0
0
0
0
0
0
0
0
0
0
0
0
0
0
0
0
0
0
0
0
0
0
0
0
0
0
0
0
0
0
0
0
0
0
0
-0.77792
-0.76302
-0.76393
-0.74481
-0.7636
-0.76279
-0.73616
-0.74901
-0.73454
-0.71503
-0.74415
-0.76065
-0.6994
-0.69914
-0.78252
-0.75351
-0.71551
-0.78239
-0.74093
-0.72337
-0.72342
-0.73772
-0.73129
-0.71161
-0.74624
-0.7453
-0.72199
-0.70721
-0.71457
-0.70617
-0.70549
-0.69902
-0.7055
-0.68945
-0.72277
-0.68945
-0.7017
-0.71081
-0.72137
-0.72235
-0.70596
-0.69274
-0.68725
-0.72532
-0.66124
36.0436
-0.68065
-0.63191
-0.70934
-0.66748
-0.6559
0
0
0
0
0
0
0
0
0
0
0
0
0
0
0
0
0
0
0
0
0
0
0
0
0
0
0
0
0
0
0
0
0
0
0
0
0
0
0
0
0
0
0
0
0
0
0
0
0
0
0
0
0
0
0
0
0
0
0
0
0
0
0
0
0
0
0
0
0
0
0
0
0
0
-0.78131
-0.76648
-0.76739
-0.74774
-0.7665
-0.76485
-0.73918
-0.7518
-0.7374
-0.71779
-0.74672
-0.76453
-0.70207
-0.70181
-0.785
-0.75849
-0.71852
-0.78487
-0.74347
-0.72684
-0.72689
-0.72672
-0.73493
-0.71512
-0.74817
-0.74722
-0.72416
-0.69268
-0.71763
-0.70212
-0.70998
-0.70329
-0.71
-0.69442
-0.72617
-0.69442
-0.70662
-0.71233
-0.70763
-0.72862
-0.70374
-0.69159
-0.67567
-0.7255
-0.68053
-0.68065
36.592
0
0
0
0
0
0
0
0
0
0
0
0
0
0
0
0
0
0
0
0
0
0
0
0
0
0
0
-3.1325
0
0
0
0
0
0
0
0
0
0
0
0
0
0
0
0
0
0
0
0
0
0
0
0
0
0
0
0
0
0
0
0
0
0
0
0
0
0
0
0
0
0
0
0
0
0
0
0
0
0
-0.74161
-0.72687
-0.72772
-0.70903
-0.7274
-0.72702
-0.70066
-0.71358
-0.69939
-0.68034
-0.70859
-0.72486
-0.66499
-0.66476
-0.74634
-0.716
-0.68107
-0.74621
-0.70563
-0.68907
-0.68912
-0.70377
-0.69682
-0.67769
-0.71088
-0.70996
-0.68814
-0.67639
-0.6808
-0.66792
-0.67276
-0.66433
-0.67277
-0.65577
-0.68771
-0.65578
-0.66593
-0.67252
-0.68624
-0.68692
-0.66537
-0.64589
-0.63854
0
-0.63182
-0.63191
0
34.4395
0
0
0
0
0
0
0
0
0
-0.79785
0
0
0
0
0
0
0
0
0
0
0
0
-2.6048
0
0
0
0
0
0
0
0
0
0
0
0
0
0
0
0
0
0
0
0
0
0
0
0
0
0
0
0
0
0
0
0
0
0
0
0
0
0
0
0
0
0
0
0
0
0
0
0
0
0
0
0
0
0
-0.80267
-0.78803
-0.78898
-0.76922
-0.79018
-0.78833
-0.76263
-0.77519
-0.76043
-0.74061
-0.77027
-0.78203
-0.72489
-0.72463
-0.80752
-0.7765
-0.74132
-0.8074
-0.76436
-0.74987
-0.74992
-0.76226
-0.75895
-0.73776
-0.77116
-0.77021
-0.7279
-0.73381
-0.74047
-0.7294
-0.73329
-0.72629
-0.7333
-0.71766
-0.72619
-0.71766
-0.7297
-0.73189
-0.74631
-0.75108
-0.72263
-0.70881
-0.68967
-0.74171
-0.70926
-0.70934
0
0
37.7753
0
0
0
0
0
0
0
0
0
0
0
0
0
0
0
0
0
0
0
0
0
0
0
0
0
0
0
-3.2836
0
0
0
0
0
0
0
0
0
0
0
0
0
0
0
0
0
0
0
0
0
0
0
0
0
0
0
0
0
0
0
0
0
0
0
0
0
0
0
0
0
0
0
0
0
0
0
0
-0.78266
-0.76769
-0.76865
-0.74953
-0.76845
-0.76767
-0.74101
-0.75394
-0.73951
-0.72005
-0.74908
-0.76423
-0.70459
-0.70436
-0.78752
-0.75846
-0.72086
-0.7874
-0.74612
-0.72897
-0.72901
-0.7432
-0.73688
-0.71756
-0.75148
-0.75054
-0.72873
-0.71418
-0.72035
-0.71149
-0.71209
-0.70489
-0.7121
-0.69639
-0.72839
-0.69638
-0.70643
-0.71251
-0.72462
-0.72493
-0.70215
-0.68817
-0.67718
-0.72173
-0.6674
-0.66748
0
0
0
33.557
0
0
0
0
0
0
0
0
0
0
0
0
0
0
0
0
0
0
0
0
0
0
0
0
0
0
0
0
0
0
0
0
0
0
0
0
0
0
0
0
0
0
0
0
0
0
0
0
0
0
0
0
0
0
0
0
0
0
0
0
0
0
0
0
0
0
0
0
0
0
0
0
0
0
0
-0.76538
-0.75047
-0.75137
-0.73238
-0.75099
-0.75021
-0.7238
-0.73656
-0.72225
-0.70288
-0.73178
-0.7469
-0.6876
-0.68735
-0.76985
-0.741
-0.70363
-0.76971
-0.72914
-0.71156
-0.7116
-0.72574
-0.71935
-0.70012
-0.73392
-0.73299
-0.71124
-0.69649
-0.70284
-0.69415
-0.69429
-0.68742
-0.6943
-0.67882
-0.71234
-0.67883
-0.68833
-0.69747
-0.70909
-0.7095
-0.68812
-0.67495
-0.66457
0
-0.65582
-0.6559
0
0
0
0
32.083
0
0
0
0
0
0
0
0
0
0
0
0
0
0
0
0
0
0
0
0
0
0
0
0
0
0
0
0
0
0
0
0
0
0
0
0
0
0
0
0
0
0
0
0
0
0
0
0
0
0
0
0
0
0
0
0
0
0
0
0
0
0
0
0
0
0
0
0
0
0
0
0
0
0
-0.83997
-0.82357
-0.82445
-0.80402
-0.82619
-0.82638
-0.79802
-0.81183
-0.79616
-0.77618
-0.80627
-0.8244
-0.76007
-0.7598
-0.84264
-0.81787
-0.77769
-0.84253
-0.80319
-0.78733
-0.78737
-0.79924
-0.79592
-0.77583
-0.80459
-0.80362
-0.78257
-0.77173
-0.7775
-0.76218
-0.7725
-0.76215
-0.7725
-0.75657
-0.78197
-0.75656
-0.76623
-0.77021
-0.78059
-0.79461
0
-0.7565
0
0
0
0
0
0
0
0
0
38.8654
0
0
0
0
0
0
0
0
0
0
0
0
0
0
0
0
0
0
0
0
0
0
0
0
0
0
0
0
0
0
0
0
0
0
0
0
0
0
0
0
0
0
0
0
0
0
0
0
0
0
0
0
0
0
0
0
0
-6.3859
0
0
0
0
0
0
0
0
0
0
0
0
0
0
0
-0.80111
-0.78561
-0.78359
-0.76461
-0.77563
-0.7743
-0.74796
-0.76165
-0.74811
-0.72843
-0.75836
-0.69241
-0.71279
-0.71254
-0.79916
-0.7795
-0.73066
-0.79903
-0.75548
-0.74041
-0.74044
-0.75741
-0.75033
-0.73105
-0.76139
-0.76043
-0.73446
-0.72879
-0.73242
-0.71762
-0.72733
-0.71976
-0.72733
-0.71193
-0.73727
-0.71194
-0.7227
0
0
0
0
0
0
0
0
0
0
0
0
0
0
0
36.4242
0
0
0
0
0
0
0
0
0
0
0
0
0
0
0
0
0
0
0
0
0
0
0
0
0
0
0
0
0
0
0
0
-5.2217
0
0
0
0
0
0
0
0
0
0
0
-3.5786
0
0
0
0
0
0
0
0
0
0
0
0
0
0
0
0
0
0
0
0
0
0
0
0
0
0
0
-0.78813
-0.77288
-0.77379
-0.75463
-0.77362
-0.77277
-0.74592
-0.75892
-0.7444
-0.72483
-0.75409
-0.76952
-0.70918
-0.70893
-0.79269
-0.76337
-0.72556
-0.79257
-0.75144
-0.73376
-0.7338
-0.74889
-0.74166
-0.72216
-0.75624
-0.75529
-0.73336
-0.71905
-0.72524
-0.7162
-0.71675
-0.7093
-0.71675
-0.70081
-0.73369
-0.70081
-0.7107
-0.71879
0
-0.73114
0
0
0
0
0
0
0
0
0
0
0
0
0
28.9016
0
0
0
0
0
0
0
0
0
0
0
0
0
0
0
0
0
0
0
0
0
0
0
0
0
0
0
0
0
0
0
0
0
0
0
0
0
0
0
0
0
0
0
0
0
0
0
0
0
0
0
0
0
0
0
0
0
0
0
0
0
0
0
0
0
0
0
0
0
0
0
-0.80849
-0.79284
-0.79396
-0.77505
-0.79335
-0.79311
-0.7654
-0.77997
-0.7654
-0.74552
-0.77479
-0.78951
-0.72926
-0.729
-0.81272
-0.78312
-0.74612
-0.8126
-0.77206
-0.75514
-0.75518
-0.77793
-0.76314
-0.74313
-0.77556
-0.77458
-0.75316
-0.73694
-0.74531
-0.71971
-0.73829
-0.72899
-0.7383
-0.72258
0
-0.72257
-0.73377
0
0
0
0
0
0
0
0
0
0
0
0
0
0
0
0
0
32.5855
0
0
0
0
0
0
0
0
0
0
0
0
0
0
0
0
0
0
0
0
0
0
0
0
0
0
0
-4.3293
-0.80955
0
0
0
0
0
0
0
0
0
0
0
0
0
0
0
0
0
0
0
0
0
0
0
0
0
0
0
0
0
0
0
0
0
0
0
0
0
0
0
0
0
-0.92581
-0.90738
-0.90812
-0.885
-0.91316
-0.91131
-0.88324
-0.89887
-0.88329
-0.86135
-0.89504
-0.91176
-0.84367
-0.84335
-0.92838
-0.90418
-0.86347
-0.92824
-0.89304
-0.87724
-0.8773
-0.88764
-0.88728
-0.86634
-0.8869
-0.88579
-0.86458
-0.86165
-0.86463
-0.84295
-0.86193
-0.84852
-0.86195
-0.83574
0
-0.83574
0
0
0
0
0
0
0
0
0
0
0
0
0
0
0
0
0
0
0
45.8832
0
0
0
0
0
0
0
0
0
0
0
0
0
0
0
0
0
0
0
0
0
-2.3277
0
0
0
0
0
0
0
0
0
0
0
0
0
0
0
0
0
0
0
0
0
0
0
0
-6.3603
0
0
0
0
0
0
0
0
0
0
-6.3603
0
0
0
0
0
0
0
0
0
0
0
-0.89839
-0.88187
-0.88282
-0.86551
-0.88497
-0.8868
-0.8563
-0.87233
-0.85679
-0.83533
-0.86713
-0.88434
-0.8182
-0.81792
-0.90377
-0.87784
-0.83698
-0.90363
-0.86614
-0.848
-0.84805
-0.85898
-0.85843
-0.83611
-0.86492
-0.86388
-0.8438
-0.82933
-0.83779
-0.8078
-0.83439
-0.82028
-0.83441
-0.81774
0
-0.81775
0
0
0
0
0
0
0
0
0
0
0
0
0
0
0
0
0
0
0
0
41.3844
0
0
0
0
0
0
0
0
0
0
0
0
0
0
0
0
0
0
0
0
0
0
0
0
0
0
0
0
0
0
0
0
-5.3948
0
0
0
0
0
0
0
0
0
0
0
0
0
0
0
0
0
0
0
0
0
0
0
0
0
0
0
-6.0709
0
0
0
0
0
0
0
-0.94519
-0.92858
-0.92699
-0.89922
-0.92562
-0.92642
-0.89619
-0.91175
-0.89567
-0.87463
-0.90729
-0.93375
-0.85789
-0.85759
-0.94659
-0.8492
-0.87664
-0.94645
-0.90348
-0.89017
-0.89022
-0.90217
-0.89929
-0.8786
-0.90552
-0.90441
0
-0.87541
-0.87981
0
-0.87162
0
-0.87164
0
0
0
0
0
0
0
0
0
0
0
0
0
0
-0.79785
0
0
0
0
0
0
0
0
0
44.7493
0
0
0
0
0
0
0
0
0
0
0
0
0
0
0
0
0
0
0
0
0
0
0
0
0
0
0
0
0
-5.4562
0
0
0
0
0
0
0
0
0
0
0
0
0
0
0
0
0
-5.7586
0
0
0
0
-5.7586
0
0
0
0
0
0
0
0
0
0
0
0
0
0
-0.89004
-0.87416
-0.87495
-0.8524
-0.87669
-0.8772
-0.84813
-0.86286
-0.84736
-0.82732
-0.85739
-0.87656
-0.8107
-0.81042
-0.89575
-0.86949
-0.82828
-0.89562
-0.8547
-0.83788
-0.83793
-0.8542
-0.84754
-0.82682
-0.85825
-0.85724
0
0
0
0
0
0
0
0
0
0
0
0
0
0
0
0
0
0
0
0
0
0
0
0
0
0
0
0
0
0
0
0
30.5156
0
0
0
0
0
0
0
0
0
0
0
-2.6205
0
0
0
0
0
0
0
0
0
0
0
0
0
0
0
0
0
0
0
0
0
0
0
0
0
0
0
0
0
0
-5.6452
0
0
0
0
0
0
0
0
0
0
0
0
0
0
0
0
0
0
0
0
0
0
0
-1.0479
-1.0307
-1.0181
-1.0012
-1.0206
-1.0196
-0.9897
-1.0045
-0.98851
-0.96684
-0.99929
-1.0249
-0.94793
-0.94766
-1.0467
-1.0186
-0.96558
-1.0466
-0.99717
-0.97463
-0.97468
0
0
0
0
0
0
0
0
0
0
0
0
0
0
0
0
0
0
0
0
0
0
0
0
0
0
0
0
0
0
0
0
0
0
0
0
0
0
25.8492
0
0
0
0
0
0
0
0
0
0
0
0
0
0
0
0
0
0
0
0
0
0
0
0
0
0
0
0
0
0
0
0
0
0
0
0
0
0
-4.8177
0
0
0
0
0
0
0
0
0
0
0
0
0
0
0
0
0
0
0
0
0
0
0
0
0
0
-1.1878
-1.1709
-1.1716
-1.1496
-1.1731
-1.1733
-1.141
-1.1567
-1.1399
-1.1174
-1.151
-1.1675
-1.0982
-1.0979
-1.1945
-1.1606
-1.1166
-1.1944
-1.1487
-1.1261
-1.1261
0
0
0
0
0
0
0
0
0
0
0
0
0
0
0
0
0
0
0
0
0
0
0
0
0
0
0
0
0
0
0
0
0
0
0
0
0
0
0
24.1628
0
0
0
0
0
0
0
0
0
0
0
0
0
0
0
0
0
0
0
0
0
0
0
0
0
0
0
0
0
0
0
0
0
0
0
0
0
0
0
0
0
0
0
0
0
0
0
0
0
0
0
0
0
0
0
0
0
0
0
0
0
0
0
0
-1.1136
-1.0971
-1.0978
-1.0762
-1.0992
-1.0994
-1.0677
-1.0831
-1.0666
-1.0447
-1.0777
-1.0939
-1.0261
-1.0258
-1.1207
-1.0872
-1.0443
-1.1205
-1.0758
-1.0538
-1.0538
0
0
0
0
0
0
0
0
0
0
0
0
0
0
0
0
0
0
0
0
0
0
0
0
0
0
0
0
0
0
0
0
0
0
0
0
0
0
0
0
22.6249
0
0
0
0
0
0
0
0
0
0
0
0
0
0
0
0
0
0
0
0
0
0
0
0
0
0
0
0
0
0
0
0
0
0
0
0
0
0
0
0
0
0
0
0
0
0
0
0
0
0
0
0
0
0
0
0
0
0
0
0
0
0
0
-1.1531
-1.1365
-1.1371
-1.1153
-1.1388
-1.1392
-1.1069
-1.1225
-1.1059
-1.0838
-1.1172
-1.1336
-1.0648
-1.0646
-1.1601
-1.1263
-1.0834
-1.1599
-1.1147
0
0
0
0
0
0
0
0
0
0
0
0
0
0
0
0
0
0
0
0
0
0
0
0
0
0
0
0
0
0
0
0
0
0
0
0
0
0
0
0
0
0
0
21.2638
0
0
0
0
0
0
0
0
0
0
0
0
0
0
0
0
0
0
0
0
0
0
0
0
0
0
0
0
0
0
0
0
0
0
0
0
0
0
0
0
0
0
0
0
0
0
0
0
0
0
0
0
0
0
0
0
0
0
0
0
0
0
-1.1675
-1.149
-1.1492
-1.1255
-1.1489
-1.1464
-1.1171
-1.1325
-1.1163
-1.0939
-1.1276
-1.1517
-1.0746
-1.0743
0
0
-1.0934
0
0
0
0
0
0
0
0
0
0
0
0
0
0
0
0
0
0
0
0
0
0
0
0
0
0
0
0
0
0
0
0
0
0
0
0
0
0
0
0
0
0
0
0
0
0
20.9261
0
0
0
0
0
0
0
0
0
0
0
0
0
0
0
0
0
0
0
0
0
0
0
0
0
0
0
0
-4.0582
0
0
0
0
0
0
0
0
0
0
0
0
0
0
0
0
0
0
0
0
0
0
0
0
0
0
0
0
0
0
0
0
-1.1471
-1.1289
-1.1295
-1.1074
-1.1345
-1.0968
-1.1026
-1.1184
-1.1024
-1.0802
-1.1144
-1.1321
-1.0611
-1.0608
0
0
0
0
0
0
0
0
0
0
0
0
0
0
0
0
0
0
0
0
0
0
0
0
0
0
0
0
0
0
0
0
0
0
0
0
0
0
0
0
0
0
0
0
0
0
0
0
0
0
18.8073
0
0
0
0
0
0
0
0
0
0
0
0
0
0
0
0
0
0
0
0
0
0
0
0
0
-3.2912
0
0
0
0
0
0
0
0
0
0
0
0
0
0
0
0
0
0
0
0
0
0
0
0
0
0
0
0
0
0
0
0
0
0
-1.4695
-1.4516
-1.4541
-1.4315
-1.4602
-1.4623
-1.427
-1.4441
-1.4265
-1.4034
-1.4371
0
-1.3811
-1.3808
0
0
0
0
0
0
0
0
0
0
0
0
0
0
0
0
0
0
0
0
0
0
0
0
0
0
0
0
0
0
0
0
0
0
0
0
0
0
0
0
0
0
0
0
0
0
0
0
0
0
0
18.6293
0
0
0
0
0
0
0
0
0
0
0
0
0
0
0
0
0
0
0
0
0
0
0
0
0
0
0
0
0
0
0
0
0
0
0
0
0
0
0
0
0
0
0
0
0
0
0
0
0
0
0
0
0
0
0
0
0
0
0
-1.3284
-1.3282
-1.3162
-1.2957
-1.3234
-1.3256
-1.2902
-1.3076
-1.289
-1.2657
0
0
0
0
0
0
0
0
0
0
0
0
0
0
0
0
0
0
0
0
0
0
0
0
0
0
0
0
0
0
0
0
0
0
0
0
0
0
0
0
0
0
0
0
0
0
0
0
0
0
0
0
0
0
0
0
15.8742
0
0
0
0
0
0
0
0
0
0
0
0
0
-2.8042
0
0
0
0
0
0
0
0
0
0
0
0
0
0
0
0
0
0
0
0
0
0
0
0
0
0
0
0
0
0
0
0
0
0
0
0
0
0
0
0
0
0
0
0
-1.563
-1.5409
-1.5412
-1.5254
-1.5537
-1.5523
-1.5183
-1.5364
-1.5187
0
0
0
0
0
0
0
0
0
0
0
0
0
0
0
0
0
0
0
0
0
0
0
0
0
0
0
0
0
0
0
0
0
0
0
0
0
0
0
0
0
0
0
0
0
0
0
0
0
0
0
0
0
0
0
0
0
0
19.127
0
0
0
0
0
0
0
0
0
0
0
0
0
0
0
0
0
0
0
0
0
0
0
0
0
0
0
0
0
0
0
0
0
0
0
0
0
0
0
0
0
0
0
0
0
0
0
0
-5.2772
0
0
0
0
0
0
0
0
-1.5521
-1.5312
-1.5333
-1.5101
-1.549
-1.5464
-1.5148
-1.5335
0
0
0
0
0
0
0
0
0
0
0
0
0
0
0
0
0
0
0
0
0
0
0
0
0
0
0
0
0
0
0
0
0
0
0
0
0
0
0
0
0
0
0
0
0
0
0
0
0
0
0
0
0
0
0
0
0
0
0
0
15.7344
0
0
0
0
0
0
0
0
0
0
0
0
0
0
0
0
0
0
0
0
0
0
0
0
0
0
0
0
-3.464
0
0
0
0
0
0
0
0
0
0
0
0
0
0
0
0
0
0
0
0
0
0
0
0
0
0
0
-2.0948
0
0
0
-2.1129
0
0
0
0
0
0
0
0
0
0
0
0
0
0
0
0
0
0
0
0
0
0
0
0
0
0
0
0
0
0
0
0
0
0
0
-2.0002
0
0
0
0
0
0
0
0
0
0
0
0
0
0
0
0
0
0
0
0
0
0
0
0
0
0
0
0
14.3497
0
0
0
0
0
0
0
0
0
0
0
0
0
-3.0803
0
0
0
0
0
0
0
0
0
0
0
0
0
0
0
0
0
0
0
0
0
0
0
0
0
0
0
0
0
0
0
0
0
0
0
0
0
0
0
-5.0616
0
0
0
0
0
0
0
0
0
0
0
0
0
0
0
0
0
0
0
0
0
0
0
0
0
0
0
0
0
0
0
0
0
0
0
0
0
0
0
0
0
0
0
0
0
0
0
0
-2.6048
0
0
0
0
0
0
0
0
0
0
-2.6205
0
0
0
0
0
0
0
0
0
0
0
19.4842
0
0
0
0
0
0
0
0
0
0
0
-4.4118
0
0
0
0
0
0
0
0
0
0
0
0
0
0
0
0
0
0
0
0
0
0
0
0
0
0
0
0
0
0
0
0
-4.9235
0
0
0
0
0
-4.9235
0
0
0
-2.6903
-2.6694
-2.6816
0
-2.7082
0
-2.6672
0
0
0
0
0
0
0
0
0
0
0
0
0
0
0
0
0
0
0
0
0
0
0
0
0
0
0
0
0
0
0
0
0
0
0
0
0
0
0
0
0
0
0
0
0
0
0
0
0
0
0
0
0
0
0
0
0
0
0
0
0
0
0
0
13.4166
0
0
0
0
0
0
0
0
0
0
0
0
0
0
0
0
0
0
0
0
0
0
0
0
0
0
0
0
0
0
0
0
0
0
0
0
0
0
0
0
0
0
0
0
0
0
0
0
0
0
0
0
0
0
0
0
0
0
0
0
0
0
0
0
0
0
0
0
0
0
0
0
0
0
0
0
0
0
0
0
0
0
-3.3679
0
0
0
0
0
0
0
0
0
0
0
0
0
0
0
0
0
0
0
0
0
0
0
0
0
0
0
0
0
0
0
0
0
0
0
0
0
0
0
0
0
0
15.7317
0
-3.7633
0
0
0
0
0
0
0
-3.7925
0
0
0
0
0
0
0
0
0
0
0
0
0
-4.808
0
0
0
0
0
0
0
0
0
0
0
0
0
0
0
0
0
0
0
0
0
0
0
0
0
0
0
0
0
-3.5509
0
0
0
0
0
0
0
0
0
0
0
0
0
0
0
0
0
0
0
0
0
0
0
0
0
0
0
0
0
-3.4343
0
0
0
0
0
0
0
0
0
0
0
0
0
0
0
0
0
0
0
0
0
0
0
0
0
0
0
0
0
0
0
0
0
0
0
0
0
0
0
0
0
11.0984
0
0
0
0
0
-3.388
0
0
0
0
0
0
0
0
0
0
0
0
0
0
0
0
0
0
0
0
0
0
0
0
0
0
0
0
0
0
0
0
0
0
0
0
0
0
0
-0.72514
0
0
0
0
0
0
0
0
0
0
0
0
0
0
0
0
0
0
0
0
0
0
0
0
0
0
0
0
0
0
0
0
-3.2727
0
0
0
0
0
0
0
0
0
0
0
0
0
0
0
0
0
0
-3.1325
0
0
0
0
0
0
0
0
0
0
0
0
0
0
0
0
0
0
0
0
0
0
0
0
0
-3.7633
0
13.4091
0
0
0
0
0
0
0
0
0
-3.2407
0
0
0
0
0
0
0
0
0
0
0
0
0
0
0
0
0
0
0
0
0
0
0
0
0
0
0
0
0
0
0
0
0
0
0
0
0
0
0
0
-2.5499
0
0
0
0
0
0
0
0
0
0
0
0
0
0
0
0
0
0
0
0
0
0
0
0
0
0
0
0
0
0
0
0
0
0
0
0
0
0
0
0
0
0
-2.4453
0
0
0
0
0
0
0
0
0
0
0
0
0
0
0
0
0
0
0
0
0
0
0
0
0
0
0
0
0
0
0
12.7983
0
0
0
0
0
0
0
0
0
0
0
0
0
0
0
0
0
0
0
-3.4902
0
0
0
0
0
0
0
0
0
0
0
0
0
0
0
0
0
0
0
0
0
0
0
0
0
0
0
0
-4.3129
0
0
0
0
0
0
0
0
0
0
0
0
0
0
0
0
0
0
0
0
0
0
0
0
0
0
-3.4208
0
0
0
0
0
0
0
-3.3923
0
0
0
0
0
0
0
0
0
0
0
0
0
-3.2836
0
0
0
0
0
0
0
0
0
0
0
0
0
0
0
0
0
0
0
0
0
0
0
0
0
0
0
11.8738
0
0
0
0
0
0
0
0
0
0
0
0
0
0
0
0
0
0
0
0
0
0
0
0
0
0
0
0
0
0
0
-1.7772
0
0
0
0
0
0
0
0
0
0
0
0
0
0
0
0
0
0
0
-2.2452
0
0
0
0
0
0
0
0
0
0
0
0
0
0
0
0
0
0
0
0
0
0
0
0
0
0
0
0
0
0
0
0
0
0
-2.2105
0
0
0
0
0
0
0
0
0
0
0
0
0
0
0
0
-2.3277
0
0
0
0
0
0
0
0
0
0
0
0
0
0
0
0
0
0
0
0
0
10.8234
0
0
0
0
0
0
0
0
0
0
0
0
0
0
0
-4.0399
0
0
0
0
0
0
0
0
0
0
0
0
0
0
0
0
0
0
0
0
0
0
0
0
0
0
0
0
0
0
0
0
0
0
0
0
0
0
0
0
0
0
0
0
0
0
0
0
0
0
0
0
0
-3.6556
0
0
0
0
0
0
0
0
0
0
0
-3.6138
0
0
0
0
0
0
0
0
0
0
0
0
0
0
0
0
0
0
0
0
0
0
0
0
0
0
0
0
0
0
0
0
0
0
0
0
0
0
0
0
0
0
0
14.7503
0
0
0
0
0
0
0
-3.7562
0
0
0
0
0
0
0
-3.7248
0
0
0
0
0
0
0
0
0
0
0
0
0
0
0
0
0
0
0
0
0
0
0
0
0
0
0
0
0
0
0
0
0
0
0
0
0
0
0
0
0
0
0
0
0
0
0
0
0
0
0
0
0
-2.0983
0
0
0
0
0
0
0
0
0
0
0
0
0
0
0
0
0
0
0
0
0
0
0
0
0
0
0
0
0
0
0
0
0
0
0
0
0
0
0
0
0
0
0
0
0
0
0
0
0
-3.388
0
0
0
0
0
13.6481
-2.9744
0
0
0
0
0
0
0
0
0
0
0
0
0
0
0
0
0
0
0
0
0
0
0
0
0
0
0
0
0
0
0
-5.1874
0
0
0
0
0
0
0
0
0
0
0
0
0
0
0
0
0
0
0
0
0
0
0
0
0
0
0
0
0
0
0
0
0
-3.2823
0
0
0
0
0
0
0
0
0
0
0
0
0
0
0
-3.1862
0
0
0
0
0
0
0
0
0
0
0
0
0
0
0
0
0
0
0
0
0
0
0
0
0
0
0
0
-2.8042
0
0
0
0
0
0
0
0
0
0
0
0
-2.9744
12.2471
0
0
0
0
0
0
0
0
0
0
0
0
0
0
0
0
0
0
0
0
0
0
0
0
0
0
0
0
0
0
0
0
0
0
0
0
0
0
0
0
0
0
0
0
0
0
0
0
0
0
0
0
0
0
-3.9755
0
0
0
0
0
0
0
0
0
0
-3.9399
0
0
0
0
0
0
0
0
0
0
0
0
0
0
0
0
0
0
0
0
0
0
0
0
0
0
0
0
0
0
0
0
0
0
0
0
0
0
0
0
0
0
0
0
0
0
0
0
0
0
0
0
0
0
0
0
0
0
0
13.1164
0
0
0
0
0
0
0
0
0
0
0
0
0
0
0
0
0
0
-5.201
0
0
0
0
0
0
0
0
0
0
0
0
0
0
0
0
0
0
0
0
0
0
0
0
0
0
0
0
0
0
0
0
0
0
0
0
0
0
0
0
0
0
0
0
0
0
0
0
0
0
0
0
0
0
0
0
0
0
0
0
0
0
0
0
0
0
0
0
0
0
0
0
0
0
0
0
0
0
-4.3293
0
0
0
0
0
0
0
0
0
0
0
0
0
0
0
-4.4118
0
-3.7925
0
0
0
0
0
0
0
0
0
12.5337
0
0
0
0
0
0
0
0
0
0
0
0
0
0
0
0
0
0
0
0
0
0
0
0
0
0
0
0
0
0
0
0
0
0
0
0
0
0
0
0
0
0
0
0
0
0
0
0
0
0
0
0
0
0
0
0
0
0
0
0
0
0
0
0
0
0
0
0
0
0
0
0
0
0
0
0
0
0
0
0
0
0
0
0
0
0
0
0
0
0
0
0
0
0
0
0
-0.80955
0
0
0
0
0
0
0
0
0
0
0
0
0
0
-3.0803
0
0
0
0
0
0
0
0
0
0
0
0
0
9.0704
0
0
0
0
0
0
0
0
0
0
0
0
0
0
0
0
0
0
0
0
0
0
0
0
0
0
0
0
0
0
0
0
0
0
0
0
-5.1806
0
0
0
0
0
0
0
0
0
0
0
0
0
0
0
0
0
0
0
0
0
0
0
0
0
-4.2961
0
0
0
0
0
0
0
0
0
0
0
0
0
0
0
0
-4.1799
0
0
0
0
0
0
0
0
0
0
0
0
0
0
0
0
0
0
0
0
0
0
0
0
0
0
0
0
0
0
0
0
0
0
0
-3.2407
0
0
0
0
0
0
0
0
0
11.7167
0
0
0
0
0
0
0
0
0
0
0
0
0
0
0
0
0
0
0
0
0
0
0
0
0
0
0
0
0
0
0
0
0
0
0
0
0
0
0
0
0
0
0
0
0
0
0
0
0
0
0
-5.8628
0
0
0
0
0
0
0
0
0
0
0
0
0
0
0
0
0
0
0
0
0
0
0
0
0
0
0
0
0
0
0
0
0
0
0
0
0
0
0
0
-5.2217
0
0
0
0
0
0
0
0
0
0
0
0
0
0
0
0
0
0
0
0
0
0
0
0
0
0
0
0
0
0
0
0
11.0845
0
0
0
0
0
0
0
0
0
0
0
0
0
0
0
0
0
0
0
0
0
0
0
0
0
0
0
0
0
0
0
0
0
0
0
0
0
0
0
0
0
0
0
0
0
0
0
0
0
0
0
0
0
0
0
0
0
0
0
0
0
0
0
0
0
0
0
0
0
0
0
0
0
0
0
0
0
0
0
0
0
0
0
0
0
0
0
0
0
0
0
0
0
0
0
0
0
0
0
0
0
0
0
0
0
0
0
0
0
0
0
0
0
0
0
0
0
-3.7562
0
0
0
0
0
0
0
8.7011
0
-4.9449
0
0
0
0
0
0
0
0
0
0
0
0
0
0
0
0
0
0
0
0
0
0
0
0
0
0
0
0
0
0
0
0
0
0
0
0
0
0
0
0
0
0
0
0
0
0
0
0
0
0
0
-5.6551
0
0
0
0
0
0
0
0
0
0
0
0
0
0
0
0
0
0
0
0
0
0
0
0
0
0
0
0
0
0
0
0
0
0
0
0
0
0
0
0
0
-5.4562
0
0
0
0
0
0
0
0
0
0
0
0
0
0
0
0
0
0
0
0
0
0
0
0
0
0
0
0
0
11.1113
0
0
0
0
0
0
0
0
0
0
0
0
0
0
0
0
0
0
0
0
0
0
0
0
0
0
0
0
0
0
0
0
0
0
0
0
0
0
0
0
0
0
0
0
0
0
0
0
0
0
0
0
0
0
0
0
0
0
0
0
0
0
0
0
0
0
0
0
0
0
0
0
0
0
0
0
0
0
0
0
-4.9082
0
0
0
0
0
0
0
0
0
0
0
0
0
0
0
0
0
0
0
0
0
0
0
0
0
0
0
0
0
0
0
0
0
0
0
0
0
0
0
0
0
0
-4.9449
0
9.853
0
0
0
0
0
0
0
0
0
0
0
0
0
0
0
0
0
0
0
0
0
0
0
0
0
0
0
0
0
0
0
0
0
0
0
0
0
0
0
0
0
0
0
0
0
0
0
0
0
0
0
0
0
0
0
0
0
0
0
0
0
0
0
0
0
0
0
0
0
0
0
0
0
0
0
0
0
0
0
0
0
0
0
0
0
0
0
0
0
0
0
0
-5.3948
0
0
0
0
0
0
0
0
0
0
0
0
0
0
0
0
0
0
0
0
0
0
0
0
0
0
0
0
0
0
0
0
9.9016
0
0
0
0
0
0
-4.5068
0
0
0
0
0
0
0
0
0
0
0
0
0
0
0
0
0
0
0
0
0
0
0
0
0
0
0
0
0
0
0
0
0
-3.7203
0
0
0
0
0
0
0
0
0
0
0
0
0
0
0
0
0
0
0
0
0
0
0
0
0
0
0
0
0
0
0
0
0
0
0
0
0
0
0
0
0
0
0
0
0
0
0
0
0
0
0
0
0
0
0
0
0
0
-3.2912
0
0
0
0
0
0
0
0
0
0
0
0
0
0
0
0
0
0
0
0
0
0
0
0
0
7.0115
0
0
0
0
0
0
0
0
0
0
0
0
0
0
0
0
0
0
0
0
0
0
0
0
0
0
0
0
0
0
0
0
0
0
0
0
0
0
0
0
0
0
0
0
0
0
0
0
0
0
0
0
-4.9596
0
0
0
0
0
0
0
0
0
0
0
0
0
0
0
0
0
0
0
0
0
0
0
0
0
0
0
0
0
0
0
0
0
0
0
0
0
0
0
0
0
0
0
0
0
0
0
0
0
0
0
0
0
0
0
0
0
0
0
0
0
0
0
0
0
0
0
0
0
0
0
0
9.8802
0
0
-4.9207
0
0
0
0
0
0
0
0
0
0
0
0
0
0
0
0
0
0
0
0
0
0
0
0
0
0
0
0
0
0
0
0
0
0
0
0
0
0
0
0
0
0
0
0
0
0
0
0
0
0
0
0
0
0
0
0
-4.9673
0
0
0
0
0
0
0
0
0
0
0
0
0
0
0
0
0
0
0
0
0
0
0
0
0
0
0
0
0
0
0
0
0
0
0
0
-4.0582
0
0
0
0
0
0
0
0
0
0
0
0
0
0
0
0
0
0
0
0
0
0
0
0
0
0
0
0
9.0254
0
0
0
0
0
0
0
0
0
0
0
0
0
0
0
0
0
0
0
0
0
0
0
0
0
0
0
0
0
0
0
0
0
0
0
0
0
0
0
0
0
0
0
0
0
0
0
0
0
0
0
0
0
0
0
0
0
0
0
0
0
0
0
0
0
0
0
0
0
0
0
0
0
0
-2.3256
0
0
0
0
0
0
0
0
0
0
0
0
0
0
0
0
0
0
0
0
0
0
0
0
0
0
0
0
0
0
0
0
0
0
-4.0399
0
0
0
0
0
0
0
0
0
0
0
0
0
0
0
6.3655
0
0
0
0
0
0
0
0
0
0
0
0
0
0
0
0
0
0
0
0
0
0
0
0
0
0
0
0
0
0
0
0
0
0
0
0
0
0
0
0
0
0
0
0
0
0
0
0
0
0
0
0
0
0
0
0
0
0
0
0
0
0
0
0
0
0
0
0
0
0
0
0
0
0
0
0
0
0
0
0
0
0
0
0
0
0
0
0
0
0
0
0
0
0
0
0
0
0
0
0
0
0
0
0
0
0
0
0
0
-3.7248
0
0
0
0
0
0
0
0
0
0
0
0
-4.9207
0
0
8.6454
0
0
0
0
0
0
0
0
0
0
0
0
0
0
0
0
0
0
0
0
0
0
0
0
0
0
0
0
0
0
0
0
0
0
0
0
0
0
0
0
0
0
0
0
0
0
0
0
0
0
0
0
0
0
0
0
0
0
-4.1508
0
0
0
0
0
0
0
0
0
0
0
0
0
0
0
0
0
0
0
0
0
0
0
0
0
0
0
0
0
0
0
0
0
0
0
0
0
0
0
0
0
0
0
0
0
0
-3.4902
0
0
0
0
0
0
0
0
0
0
0
0
0
0
0
0
0
0
0
7.641
0
0
0
0
0
0
0
0
0
0
0
0
0
0
0
0
0
0
0
0
0
0
0
0
0
0
0
0
0
0
0
0
0
0
0
0
0
0
0
0
0
0
0
0
0
0
0
0
0
0
0
0
0
0
0
0
0
0
0
0
0
0
0
0
0
0
0
0
0
0
0
0
0
0
0
0
0
0
0
0
0
0
0
0
0
0
0
0
0
0
0
0
0
0
0
0
0
0
0
0
0
-4.808
0
0
0
0
0
0
0
0
0
0
0
0
0
0
0
0
-4.5068
0
0
0
0
0
0
9.3148
0
0
0
0
0
0
0
0
0
0
0
0
0
0
0
0
0
0
0
0
0
0
0
0
0
0
0
0
0
0
0
0
0
0
0
0
0
0
0
0
0
0
0
0
0
0
0
0
0
0
0
0
0
0
0
0
0
0
0
0
0
0
0
0
0
0
0
0
0
0
0
0
0
0
0
0
0
0
0
0
-3.5786
0
0
0
0
0
0
0
0
0
0
0
0
0
0
0
-3.464
0
0
0
0
0
0
0
0
0
0
0
0
0
0
0
0
0
0
0
0
0
0
0
0
0
0
0
0
7.0427
0
0
0
0
0
0
0
0
0
0
0
0
0
0
0
0
0
0
0
0
0
0
0
0
0
0
0
0
0
0
0
0
0
0
0
0
0
0
0
0
0
0
0
0
0
0
0
0
0
0
0
0
0
0
0
0
0
0
0
0
0
-5.7879
0
0
0
0
0
0
0
0
0
0
0
0
0
0
0
0
0
0
0
0
0
0
0
0
-4.8177
0
0
0
0
0
0
0
0
0
0
0
0
0
0
0
0
0
0
0
0
0
0
0
0
0
0
0
0
0
0
0
0
0
0
0
0
0
0
10.6056
0
0
0
0
0
0
0
0
0
0
0
0
0
0
0
0
0
0
0
0
0
0
0
0
0
0
0
0
-9.1372
0
0
0
0
0
0
0
0
0
0
0
0
0
0
0
0
0
0
0
0
0
0
0
0
0
0
0
0
0
0
0
0
0
0
0
0
0
0
0
0
0
0
0
0
0
0
0
0
0
0
0
0
0
0
0
0
0
0
0
0
0
0
0
0
0
0
0
0
0
0
0
0
0
0
0
0
0
0
0
0
0
0
0
0
0
0
0
0
0
0
0
0
0
0
0
0
9.1372
0
0
0
0
0
0
0
0
0
0
0
0
0
0
0
0
0
0
0
0
0
0
0
0
0
0
0
0
0
0
0
0
0
0
0
0
0
0
0
0
0
0
0
0
0
0
0
0
0
0
0
0
0
0
0
0
0
0
0
0
0
0
0
0
0
0
0
0
0
0
0
0
0
0
0
0
0
0
0
0
0
0
0
0
0
0
0
0
0
0
0
0
0
0
0
0
0
0
0
0
0
0
0
0
0
0
-5.201
0
0
0
0
0
0
0
0
0
0
0
0
0
0
0
0
0
0
5.201
0
0
0
0
0
0
0
0
0
0
0
0
0
0
0
0
0
0
0
0
0
0
0
0
0
0
0
0
0
0
0
0
0
0
0
0
0
0
0
0
0
0
0
0
0
0
0
0
0
0
0
0
0
0
0
0
0
0
0
0
0
0
0
0
0
0
0
0
0
0
0
0
0
0
0
0
0
0
0
0
0
0
-5.6452
0
0
0
0
0
0
0
0
0
0
0
0
0
0
0
0
0
0
0
0
0
0
0
0
0
0
0
0
0
0
0
0
0
0
0
0
0
0
0
0
0
0
5.6452
0
0
0
0
0
0
0
0
0
0
0
0
0
0
0
0
0
0
0
0
0
0
0
0
0
0
0
0
0
0
0
0
0
0
0
0
0
0
0
0
0
0
0
0
0
0
0
0
0
0
0
0
0
0
0
0
0
0
0
0
0
0
0
0
0
0
0
0
0
0
0
0
0
0
0
0
0
0
-6.3603
0
0
0
0
0
0
0
0
0
0
0
0
0
0
0
0
0
0
0
0
0
0
0
0
0
0
0
0
0
0
0
0
0
0
0
0
0
0
0
0
0
0
0
0
0
0
6.3603
0
0
0
0
0
0
0
0
0
0
0
0
0
0
0
0
0
0
0
0
0
0
0
0
0
0
0
0
0
0
0
0
0
0
0
0
0
0
0
0
0
0
0
0
0
0
-7.9652
0
0
0
0
0
0
0
0
0
0
0
0
0
0
0
0
0
0
0
0
0
0
0
0
0
0
0
0
0
0
0
0
0
0
0
0
0
0
0
0
0
0
0
0
0
0
0
0
0
0
0
0
0
0
0
0
0
0
0
0
0
0
0
0
0
0
0
0
0
0
0
0
0
0
0
0
0
0
7.9652
0
0
0
0
0
0
0
0
0
0
0
0
0
0
0
0
0
0
0
0
0
0
0
0
0
0
0
0
0
0
0
0
0
0
0
-8.4532
0
0
0
0
0
0
0
0
0
0
0
0
0
0
0
0
0
0
0
0
0
0
0
0
0
0
0
0
0
0
0
0
0
0
0
0
0
0
0
0
0
0
0
0
0
0
0
0
0
0
0
0
0
0
0
0
0
0
0
0
0
0
0
0
0
0
0
0
0
0
0
0
0
0
0
0
0
0
0
0
0
0
0
0
0
0
0
0
0
8.4532
0
0
0
0
0
0
0
0
0
0
0
0
0
0
0
0
0
0
0
0
0
0
0
0
0
0
0
0
0
0
0
0
0
0
0
0
0
0
0
0
0
0
0
0
0
0
0
0
0
0
0
0
0
0
0
0
0
0
0
0
0
0
0
0
0
0
0
0
0
0
0
0
0
0
0
0
0
-5.7586
0
0
0
0
0
0
0
0
0
0
0
0
0
0
0
0
0
0
0
0
0
0
0
0
0
0
0
0
0
0
0
0
0
0
0
0
0
0
0
0
0
0
0
0
0
0
0
5.7586
0
0
0
0
0
0
0
0
0
0
0
0
0
0
0
0
0
0
0
0
-9.7084
0
0
0
0
0
0
0
0
0
0
0
0
0
0
0
0
0
0
0
0
0
0
0
0
0
0
0
0
0
0
0
0
0
0
0
0
0
0
0
0
0
0
0
0
0
0
0
0
0
0
0
0
0
0
0
0
0
0
0
0
0
0
0
0
0
0
0
0
0
0
0
0
0
0
0
0
0
0
0
0
0
0
0
0
0
0
0
0
0
0
0
0
0
0
0
0
0
0
0
0
0
0
0
0
9.7084
0
0
0
0
0
0
0
0
0
0
0
0
0
0
0
0
0
0
0
0
0
0
0
0
0
0
0
0
0
0
0
0
0
0
0
0
0
0
0
0
0
0
0
0
0
0
0
-6.8874
0
0
0
0
0
0
0
0
0
0
0
0
0
0
0
0
0
0
0
0
0
0
0
0
0
0
0
0
0
0
0
0
0
0
0
0
0
0
0
0
0
0
0
0
0
0
0
0
0
0
0
0
0
0
0
0
0
0
0
0
0
0
0
0
0
0
0
0
0
0
0
0
0
0
0
0
0
6.8874
0
0
0
0
0
0
0
0
0
0
0
0
0
0
0
0
0
0
0
0
0
0
0
0
0
0
0
0
0
0
0
0
0
0
0
0
0
0
0
0
0
0
0
0
0
0
0
0
0
0
0
0
0
0
0
0
0
0
0
0
0
0
0
0
0
0
0
0
0
0
0
0
0
0
0
0
0
0
0
0
0
0
0
0
0
0
0
0
0
0
0
0
0
-1.7772
0
0
0
0
0
0
0
0
0
0
0
0
0
0
0
0
0
0
0
0
0
0
0
0
0
0
0
0
0
0
0
1.7772
0
0
0
0
0
0
0
0
0
0
0
0
0
0
0
0
0
0
0
0
0
0
0
0
0
0
0
0
0
0
0
0
0
0
0
0
0
0
0
0
0
0
0
0
0
0
0
0
0
0
0
0
0
0
0
0
0
0
0
0
0
0
0
0
0
0
0
-6.3859
0
0
0
0
0
0
0
0
0
0
0
0
0
0
0
0
0
0
0
0
0
0
0
0
0
0
0
0
0
0
0
0
0
0
0
0
0
0
0
0
0
0
0
0
0
0
0
0
0
0
0
0
0
0
0
0
0
6.3859
0
0
0
0
0
0
0
0
0
0
0
0
0
0
0
0
0
0
0
0
0
0
0
0
0
0
0
0
0
0
0
0
0
0
0
0
0
0
0
0
0
0
0
0
0
0
0
0
0
0
0
0
0
0
0
0
0
0
0
0
0
0
0
0
0
0
0
0
0
0
0
0
-5.7586
0
0
0
0
0
0
0
0
0
0
0
0
0
0
0
0
0
0
0
0
0
0
0
0
0
0
0
0
0
0
0
0
0
0
0
0
0
0
0
0
0
0
0
0
0
0
0
0
0
0
0
0
5.7586
0
0
0
0
0
0
0
0
0
0
0
0
0
0
0
0
0
0
0
0
0
0
0
0
0
0
0
0
0
0
0
0
0
0
0
0
0
0
0
-7.9619
0
0
0
0
0
0
0
0
0
0
0
0
0
0
0
0
0
0
0
0
0
0
0
0
0
0
0
0
0
0
0
0
0
0
0
0
0
0
0
0
0
0
0
0
0
0
0
0
0
0
0
0
0
0
0
0
0
0
0
0
0
0
0
0
0
0
0
0
0
0
0
0
0
0
0
0
0
0
0
0
0
0
0
0
0
7.9619
0
0
0
0
0
0
0
0
0
0
0
0
0
0
0
0
0
0
0
0
0
0
0
0
0
0
0
0
0
0
0
0
0
0
0
0
0
0
0
0
0
0
0
0
0
0
0
0
0
0
0
0
0
0
0
0
0
0
0
0
0
0
0
0
0
0
0
0
0
0
0
0
0
0
0
0
0
0
0
0
0
0
0
0
0
0
0
0
0
0
0
0
-5.1874
0
0
0
0
0
0
0
0
0
0
0
0
0
0
0
0
0
0
0
0
0
0
0
0
0
0
0
0
0
0
0
0
5.1874
0
0
0
0
0
0
0
0
0
0
0
0
0
0
0
0
0
0
0
0
0
0
0
0
0
0
0
0
0
0
0
0
0
0
0
0
0
0
0
0
0
0
0
0
0
0
0
0
0
0
0
0
0
0
0
0
0
0
0
0
0
0
0
0
0
0
0
-6.3603
0
0
0
0
0
0
0
0
0
0
0
0
0
0
0
0
0
0
0
0
0
0
0
0
0
0
0
0
0
0
0
0
0
0
0
0
0
0
0
0
0
0
0
0
0
0
0
0
0
0
0
0
0
0
0
0
0
6.3603
0
0
0
0
0
0
0
0
0
0
0
-9.884
0
0
0
0
0
0
0
0
0
0
0
0
0
0
0
0
0
0
0
0
0
0
0
0
0
0
0
0
0
0
0
0
0
0
0
0
0
0
0
0
0
0
0
0
0
0
0
0
0
0
0
0
0
0
0
0
0
0
0
0
0
0
0
0
0
0
0
0
0
0
0
0
0
0
0
0
0
0
0
0
0
0
0
0
0
0
0
0
0
0
0
0
0
0
0
0
0
0
0
0
0
0
0
0
0
0
0
0
0
0
0
0
0
9.884
0
0
0
0
0
0
0
0
0
0
0
0
0
0
0
0
0
0
0
0
0
0
0
0
0
0
0
0
0
0
0
0
0
0
0
0
0
0
0
0
0
0
0
0
0
0
0
0
0
0
0
0
0
0
0
0
0
0
0
0
0
0
0
0
0
0
0
0
0
0
0
0
0
0
0
0
0
0
0
0
-4.9235
0
0
0
0
0
0
0
0
0
0
0
0
0
0
0
0
0
0
0
0
0
0
0
0
0
0
0
0
0
0
0
0
0
0
0
0
0
0
0
0
0
0
0
0
4.9235
0
0
0
0
0
0
0
0
0
0
0
0
0
0
0
0
0
0
0
0
0
0
0
0
0
0
0
0
0
0
0
0
0
0
0
0
0
0
0
0
0
0
0
0
0
0
0
0
0
0
0
0
0
0
0
0
0
0
0
0
0
0
0
0
0
0
0
0
0
0
0
0
0
0
0
0
-5.2772
0
0
0
0
0
0
0
0
0
0
0
0
0
0
0
0
0
0
0
0
0
0
0
0
0
0
0
0
0
0
0
0
0
0
0
0
0
0
0
0
0
0
0
0
0
0
0
0
5.2772
0
0
0
0
0
0
0
0
0
0
0
0
0
0
0
0
0
0
0
0
0
0
0
0
0
0
0
0
0
0
0
0
0
0
0
0
0
0
0
0
0
0
0
0
0
0
0
0
0
0
0
0
0
0
0
0
0
0
0
0
0
0
0
0
-6.0709
0
0
0
0
0
0
0
0
0
0
0
0
0
0
0
0
0
0
0
0
0
0
0
0
0
0
0
0
0
0
0
0
0
0
0
0
0
0
0
0
0
0
0
0
0
0
0
0
0
0
0
0
0
0
0
0
0
0
0
0
6.0709
0
0
0
0
0
0
0
0
0
0
-9.2739
0
0
0
0
0
0
0
0
0
0
0
0
0
0
0
0
0
0
0
0
0
0
0
0
0
0
0
0
0
0
0
0
0
0
0
0
0
0
0
0
0
0
0
0
0
0
0
0
0
0
0
0
0
0
0
0
0
0
0
0
0
0
0
0
0
0
0
0
0
0
0
0
0
0
0
0
0
0
0
0
0
0
0
0
0
0
0
0
0
0
0
0
0
0
0
0
0
0
0
0
0
0
0
0
0
0
0
0
0
0
0
0
0
0
9.2739
0
0
0
0
0
0
0
0
0
0
0
0
0
0
0
0
0
0
0
0
0
0
0
0
0
0
0
0
0
0
0
0
0
0
0
0
0
0
0
0
0
0
0
0
0
0
0
0
0
0
0
0
0
0
0
0
0
0
0
0
0
0
0
0
0
0
0
0
0
0
0
0
0
0
0
0
0
0
0
-0.72514
0
0
0
0
0
0
0
0
0
0
0
0
0
0
0
0
0
0
0
0
0
0
0
0
0
0
0
0
0
0
0
0
0
0
0
0
0
0
0
0
0
0
0
0
0
0.72514
0
0
0
0
0
0
0
0
0
0
0
0
0
0
0
0
0
0
0
0
0
0
0
0
0
0
0
0
0
0
0
0
0
0
0
0
0
0
0
0
0
0
0
0
0
0
0
0
0
0
0
0
0
0
0
0
0
0
0
0
0
0
0
0
0
0
0
0
0
0
0
0
0
0
0
0
0
0
0
0
0
0
0
0
0
0
0
0
-5.1806
0
0
0
0
0
0
0
0
0
0
0
0
0
0
0
0
0
0
0
0
0
0
0
0
0
0
0
0
0
0
0
0
0
0
0
0
5.1806
0
0
0
0
0
0
0
0
0
0
0
0
0
0
0
0
0
0
0
0
0
0
0
0
0
0
0
0
0
0
0
0
0
0
0
0
0
0
0
0
0
0
0
0
0
0
0
0
0
0
0
0
0
0
0
0
0
0
0
0
0
0
0
0
0
0
0
0
0
0
0
0
0
0
-4.9235
0
0
0
0
0
0
0
0
0
0
0
0
0
0
0
0
0
0
0
0
0
0
0
0
0
0
0
0
0
0
0
0
0
0
0
0
0
0
0
0
0
0
0
0
0
0
0
0
0
0
4.9235
0
0
0
0
0
0
0
0
0
0
0
0
0
0
0
0
0
0
0
0
-8.4524
0
0
0
0
0
0
0
0
0
0
0
0
0
0
0
0
0
0
0
0
0
0
0
0
0
0
0
0
0
0
0
0
0
0
0
0
0
0
0
0
0
0
0
0
0
0
0
0
0
0
0
0
0
0
0
0
0
0
0
0
0
0
0
0
0
0
0
0
0
0
0
0
0
0
0
0
0
0
0
0
0
0
0
0
0
0
0
0
0
0
0
0
0
0
0
0
0
0
0
0
0
0
0
0
8.4524
0
0
0
0
0
0
0
0
0
0
0
0
0
0
0
0
0
0
0
0
0
0
0
0
0
0
0
0
0
0
0
0
0
0
0
0
0
0
0
0
0
0
0
0
0
0
0
0
0
0
0
0
0
0
0
0
0
0
0
0
0
0
0
0
0
0
0
0
0
0
0
-5.0616
0
0
0
0
0
0
0
0
0
0
0
0
0
0
0
0
0
0
0
0
0
0
0
0
0
0
0
0
0
0
0
0
0
0
0
0
0
0
0
0
0
0
0
0
0
0
0
0
0
0
0
0
0
5.0616
0
0
0
0
0
0
0
0
0
0
0
0
0
0
0
0
0
0
0
0
0
0
0
0
0
0
0
0
0
0
0
0
0
0
0
0
0
0
0
0
0
0
0
0
0
0
0
0
0
0
0
0
0
0
0
0
0
0
0
0
0
0
0
0
0
0
0
0
0
0
0
0
0
0
0
0
-4.3129
0
0
0
0
0
0
0
0
0
0
0
0
0
0
0
0
0
0
0
0
0
0
0
0
0
0
0
0
0
0
0
0
0
0
0
0
0
0
0
0
0
0
0
0
0
0
0
0
4.3129
