74.4464
-0.94718
-0.94338
-0.94409
-0.93873
-0.93916
-0.93851
-0.94048
-0.93796
-0.93422
-0.93512
-0.93592
-0.93482
-0.93481
-0.94992
-0.93598
-0.93021
-0.94992
-0.93577
-0.93306
-0.93306
-0.93299
-0.93747
-0.93552
-0.93971
-0.93972
-0.93718
-0.93216
-0.93078
-0.93455
-0.92831
-0.92924
-0.92832
-0.92502
-0.9325
-0.92502
-0.93266
-0.93124
-0.93337
-0.93651
-0.93187
-0.92871
-0.92877
-0.93319
-0.91924
-0.91925
-0.93349
-0.93503
-0.93408
-0.93102
-0.93093
-0.93682
-0.94595
-0.92656
-0.92227
-0.9384
-0.95239
-0.93806
-0.93968
-0.95575
-0.93932
-0.9393
-0.9348
-0.96111
-0.94233
-1.0175
-1.0488
-1.0285
-1.0979
-1.4367
0
-1.4636
0
0
0
-1.7401
0
0
0
0
0
0
0
0
0
0
0
0
0
0
0
0
0
0
0
0
0
0
0
0
0
0
0
0
0
0
0
0
0
0
0
0
0
0
-5.7204
0
0
0
0
0
0
0
0
0
0
-0.94718
72.7031
-0.9426
-0.94334
-0.93845
-0.93848
-0.93787
-0.93984
-0.93732
-0.93359
-0.93444
-0.93513
-0.9341
-0.9341
-0.94906
-0.93523
-0.92952
-0.94907
-0.93508
-0.93236
-0.93237
-0.93277
-0.93677
-0.93508
-0.93889
-0.93889
-0.93651
-0.93143
-0.93025
-0.93376
-0.92764
-0.92817
-0.92763
-0.92435
-0.9318
-0.92435
-0.93198
-0.93118
-0.93261
-0.93585
-0.93182
-0.92807
-0.92806
-0.93361
-0.91859
-0.9186
-0.93277
-0.93442
-0.93345
-0.93035
-0.93024
-0.93601
-0.94505
-0.92586
-0.9213
-0.93746
-0.95161
-0.93701
-0.93902
-0.95484
-0.93856
-0.93853
-0.934
-0.96026
-0.94141
-1.0167
-1.052
-1.0272
-1.0969
0
0
-1.4626
0
-1.4789
0
0
0
0
0
0
0
0
0
0
0
0
0
0
0
0
0
0
0
0
0
0
0
0
0
0
0
0
0
0
0
0
-5.7188
0
0
0
0
0
0
0
0
0
0
0
0
0
0
0
0
0
0
-0.94338
-0.9426
70.8718
-0.93969
-0.93454
-0.93452
-0.93395
-0.9359
-0.93335
-0.92962
-0.93052
-0.93114
-0.93021
-0.9302
-0.94507
-0.93131
-0.9256
-0.94507
-0.93114
-0.92845
-0.92845
-0.92842
-0.93284
-0.93096
-0.935
-0.93499
-0.93258
-0.92753
-0.92634
-0.92984
-0.92371
-0.92464
-0.92372
-0.92043
-0.92789
-0.92042
-0.92804
-0.92669
-0.9287
-0.9319
-0.92789
-0.92412
-0.92413
-0.92971
-0.91466
-0.91467
-0.92886
-0.93053
-0.92954
-0.9264
-0.92629
-0.93212
-0.94102
-0.9219
-0.91749
-0.93364
-0.94768
-0.93327
-0.93524
-0.9509
-0.93459
-0.93457
-0.93005
-0.95627
-0.93751
-1.0127
-1.0442
-1.0232
-1.0928
0
0
-1.4585
0
0
0
0
0
0
0
0
0
0
0
0
0
0
0
0
0
0
0
0
0
0
0
0
0
0
0
-5.638
0
0
0
0
0
0
0
0
0
0
0
0
0
0
0
0
0
0
0
0
0
0
0
0
0
-0.94409
-0.94334
-0.93969
70.8055
-0.935
-0.93445
-0.93443
-0.93584
-0.9333
-0.92958
-0.9305
-0.93109
-0.93016
-0.93015
-0.94498
-0.93125
-0.92556
-0.94499
-0.93115
-0.92839
-0.92839
-0.92837
-0.93282
-0.9309
-0.93489
-0.93489
-0.93247
-0.92751
-0.92628
-0.9298
-0.92367
-0.92459
-0.92366
-0.92038
-0.92782
-0.92038
-0.92799
-0.92661
-0.92806
-0.93187
-0.92787
-0.92409
-0.92447
-0.92975
-0.91464
-0.91464
-0.92885
-0.93052
-0.92947
-0.92637
-0.92625
-0.93202
-0.94094
-0.92187
-0.91749
-0.93289
-0.9478
-0.93312
-0.93516
-0.95083
-0.93458
-0.93456
-0.93005
-0.95616
-0.93743
-1.0127
-1.044
-1.0236
-1.0926
0
0
0
0
0
0
0
0
-1.3606
0
0
0
0
0
0
0
0
0
0
0
0
0
0
0
0
0
0
0
0
0
0
0
0
0
0
0
0
0
0
0
0
0
0
0
0
0
0
0
0
-5.6708
0
0
0
0
0
0
-0.93873
-0.93845
-0.93454
-0.935
66.5491
-0.93286
-0.93226
-0.9342
-0.93162
-0.92786
-0.9288
-0.92885
-0.92846
-0.92846
-0.94261
-0.92953
-0.92384
-0.94261
-0.92947
-0.9267
-0.9267
-0.92673
-0.93114
-0.92924
-0.9329
-0.93289
-0.93084
-0.92584
-0.92465
-0.92807
-0.92197
-0.92295
-0.92197
-0.91869
-0.92609
-0.91869
-0.92631
-0.92498
-0.92694
-0.93018
-0.9257
-0.92241
-0.92254
-0.92799
-0.91296
-0.91296
-0.9272
-0.92882
-0.92776
-0.92469
-0.92458
-0.93043
-0.93831
-0.92021
-0.91607
-0.93216
-0.94606
-0.93196
-0.93372
-0.94906
-0.93301
-0.93297
-0.92845
-0.95484
-0.9362
-1.0114
-1.0429
-1.0228
-1.0921
-1.4357
0
-1.4603
0
0
0
0
0
0
0
0
0
0
0
0
0
0
0
0
0
0
0
0
0
0
0
0
0
0
0
0
0
0
0
0
0
0
0
0
0
0
0
0
0
0
0
0
0
0
0
0
0
0
0
0
0
-0.93916
-0.93848
-0.93452
-0.93445
-0.93286
65.1953
-0.93218
-0.93382
-0.93118
-0.92738
-0.92839
-0.92828
-0.928
-0.92801
-0.942
-0.92902
-0.92339
-0.942
-0.92907
-0.92627
-0.92627
-0.9263
-0.93074
-0.92882
-0.9323
-0.93229
-0.93028
-0.9254
-0.92419
-0.92755
-0.92154
-0.92253
-0.92155
-0.91827
-0.9256
-0.91828
-0.92589
-0.92455
-0.92647
-0.92979
-0.92581
-0.92201
-0.92205
-0.92767
-0.91259
-0.91257
-0.92677
-0.92846
-0.92731
-0.92432
-0.92419
-0.92985
-0.93762
-0.91981
-0.91551
-0.9313
-0.94559
-0.93096
-0.9333
-0.94845
-0.93269
-0.93265
-0.92813
-0.95416
-0.93397
-1.0112
-1.0425
-1.0223
-1.0916
0
0
0
0
0
0
0
0
0
0
0
0
0
0
0
0
0
0
0
0
0
-1.5728
0
0
0
0
0
0
0
0
0
0
0
0
0
0
0
0
0
0
0
0
0
0
0
0
0
0
0
0
0
0
0
0
0
0
-0.93851
-0.93787
-0.93395
-0.93443
-0.93226
-0.93218
65.0715
-0.93366
-0.931
-0.92722
-0.9282
-0.92823
-0.92785
-0.92784
-0.94201
-0.92893
-0.92321
-0.94201
-0.92889
-0.92608
-0.92609
-0.92616
-0.93055
-0.92866
-0.93231
-0.93231
-0.93023
-0.92524
-0.92405
-0.92752
-0.92136
-0.92235
-0.92135
-0.91807
-0.92554
-0.91807
-0.92567
-0.92438
-0.92633
-0.92957
-0.92557
-0.92179
-0.92191
-0.92744
-0.91235
-0.91234
-0.92658
-0.92824
-0.92716
-0.92408
-0.92397
-0.92985
-0.93767
-0.91957
-0.91532
-0.9316
-0.94546
-0.93139
-0.93317
-0.94842
-0.93235
-0.93231
-0.92777
-0.95418
-0.93551
-1.0107
-1.0423
-1.022
-1.0914
0
0
-1.459
0
0
0
0
0
0
0
0
0
0
0
0
0
0
0
0
0
0
0
0
0
0
0
0
0
0
0
0
0
0
0
0
0
0
0
0
0
0
0
0
0
0
0
0
0
0
0
0
0
0
0
0
0
-0.94048
-0.93984
-0.9359
-0.93584
-0.9342
-0.93382
-0.93366
63.7157
-0.93238
-0.92861
-0.92969
-0.92968
-0.92929
-0.92929
-0.94372
-0.93042
-0.92466
-0.94372
-0.93039
-0.92757
-0.92756
-0.92771
-0.93206
-0.93017
-0.9338
-0.9338
-0.93171
-0.92675
-0.92555
-0.92904
-0.92285
-0.92385
-0.92285
-0.91955
-0.92701
-0.91955
-0.92718
-0.92586
-0.92786
-0.93109
-0.92711
-0.92331
-0.92342
-0.92895
-0.91383
-0.91385
-0.9281
-0.92976
-0.92862
-0.92559
-0.92547
-0.93132
-0.93908
-0.92109
-0.91684
-0.93309
-0.94701
-0.93286
-0.9347
-0.94989
-0.93389
-0.93385
-0.92933
-0.95575
-0.93708
-1.0123
-1.0438
-1.0237
-1.0931
0
0
0
0
0
0
0
0
0
0
0
0
0
0
0
0
0
0
0
0
0
0
0
0
0
0
0
0
0
0
0
0
0
0
0
0
0
0
0
0
0
0
0
0
0
0
0
0
0
0
0
0
0
0
0
0
-0.93796
-0.93732
-0.93335
-0.9333
-0.93162
-0.93118
-0.931
-0.93238
62.4446
-0.92588
-0.92688
-0.92691
-0.9266
-0.9266
-0.94132
-0.92771
-0.92197
-0.94131
-0.92767
-0.92487
-0.92488
-0.92495
-0.92933
-0.92747
-0.93103
-0.93102
-0.92897
-0.92404
-0.92285
-0.92627
-0.92014
-0.92115
-0.92015
-0.91686
-0.92424
-0.91686
-0.92447
-0.92314
-0.92514
-0.92837
-0.92439
-0.9206
-0.92072
-0.92621
-0.91114
-0.91114
-0.92539
-0.92703
-0.92591
-0.92288
-0.92277
-0.92857
-0.93636
-0.91839
-0.91413
-0.93037
-0.94423
-0.93013
-0.93197
-0.94716
-0.93118
-0.93113
-0.92661
-0.95304
-0.9344
-1.0096
-1.041
-1.0209
0
0
0
0
0
0
0
0
0
0
0
0
0
0
0
0
0
0
0
0
0
0
0
0
0
0
0
0
0
0
0
0
0
0
0
0
0
0
0
0
0
0
0
0
0
0
0
0
0
0
0
0
0
0
0
0
0
-0.93422
-0.93359
-0.92962
-0.92958
-0.92786
-0.92738
-0.92722
-0.92861
-0.92588
61.1722
-0.92301
-0.92297
-0.92294
-0.92293
-0.93727
-0.92385
-0.91815
-0.93727
-0.92379
-0.92105
-0.92105
-0.92103
-0.92544
-0.92361
-0.9271
-0.9271
-0.92508
-0.92018
-0.91899
-0.92235
-0.91631
-0.9173
-0.91631
-0.91302
-0.9203
-0.91302
-0.92062
-0.91926
-0.92122
-0.9245
-0.92051
-0.91675
-0.91684
-0.9223
-0.9073
-0.9073
-0.9215
-0.92316
-0.92201
-0.91902
-0.91889
-0.92469
-0.93242
-0.91453
-0.91027
-0.92647
-0.94025
-0.92624
-0.9281
-0.94323
-0.9273
-0.92727
-0.92274
-0.94913
-0.93053
-1.0057
-1.0368
0
0
0
0
0
0
0
0
0
0
0
0
0
0
0
0
0
0
0
0
0
0
0
0
0
0
0
0
0
0
0
0
0
0
0
0
0
0
0
0
0
0
0
0
0
0
0
0
0
0
0
0
0
0
0
0
0
0
-0.93512
-0.93444
-0.93052
-0.9305
-0.9288
-0.92839
-0.9282
-0.92969
-0.92688
-0.92301
62.2576
-0.9238
-0.92361
-0.92363
-0.93836
-0.92462
-0.91897
-0.93836
-0.92458
-0.92185
-0.92186
-0.92037
-0.92625
-0.92439
-0.92783
-0.92783
-0.92586
-0.92096
-0.91976
-0.92305
-0.91712
-0.91804
-0.91712
-0.91382
-0.92108
-0.91383
-0.92143
-0.92018
-0.92205
-0.92532
-0.9213
-0.91756
-0.91771
-0.92307
-0.90812
-0.90811
-0.92228
-0.9239
-0.92283
-0.91984
-0.91972
-0.92548
-0.93325
-0.91534
-0.91096
-0.92726
-0.94097
-0.92704
-0.92876
-0.94411
-0.92821
-0.92818
-0.92367
-0.95009
-0.93151
-1.0067
0
0
0
0
0
0
0
0
0
0
0
0
0
0
0
-2.0701
0
0
0
0
0
0
0
0
0
0
0
0
0
0
0
0
0
0
0
0
0
0
0
0
0
0
0
0
0
0
0
0
0
0
0
0
0
0
0
0
0
0
0
-0.93592
-0.93513
-0.93114
-0.93109
-0.92885
-0.92828
-0.92823
-0.92968
-0.92691
-0.92297
-0.9238
62.1974
-0.92351
-0.92352
-0.93814
-0.92433
-0.91874
-0.93813
-0.9243
-0.9216
-0.92159
-0.92159
-0.92595
-0.92411
-0.9275
-0.92749
-0.92549
-0.92064
-0.91945
-0.9226
-0.91683
-0.91773
-0.91683
-0.91353
-0.92072
-0.91354
-0.92113
-0.92005
-0.92188
-0.92517
-0.92118
-0.9174
-0.91742
-0.92293
-0.90798
-0.90797
-0.92212
-0.92383
-0.92266
-0.91969
-0.91958
-0.92523
-0.92496
-0.9152
-0.91087
-0.92683
-0.94075
-0.92657
-0.9287
-0.94396
-0.92815
-0.92812
-0.92365
-0.9499
-0.93126
0
0
0
0
0
0
0
0
0
0
0
0
0
0
0
0
0
0
0
0
-3.0323
0
0
0
0
0
0
0
0
0
0
0
0
0
0
0
0
0
0
0
0
0
0
0
0
0
0
0
0
0
0
0
0
0
0
0
0
0
0
0
-0.93482
-0.9341
-0.93021
-0.93016
-0.92846
-0.928
-0.92785
-0.92929
-0.9266
-0.92294
-0.92361
-0.92351
60.1693
-0.92318
-0.93745
-0.92434
-0.91853
-0.93745
-0.92428
-0.92154
-0.92154
-0.92188
-0.92598
-0.92414
-0.92772
-0.92771
-0.9256
-0.92069
-0.91949
-0.92302
-0.91682
-0.91777
-0.91681
-0.91353
-0.92088
-0.91353
-0.92114
-0.91992
-0.92177
-0.92502
-0.92105
-0.91727
-0.91738
-0.92284
-0.90782
-0.90783
-0.92203
-0.92369
-0.92257
-0.91954
-0.91942
-0.92521
-0.93292
-0.91505
-0.9108
-0.92699
-0.94076
-0.92679
-0.92864
-0.94372
-0.92783
-0.92779
-0.92325
-0.94963
-0.93104
-1.0062
0
0
0
0
0
0
0
0
0
0
0
0
0
0
0
0
0
0
0
0
0
0
0
0
0
0
0
0
0
0
0
0
0
0
0
0
0
0
0
0
0
0
0
0
0
0
0
0
0
0
0
0
0
0
0
0
0
0
0
-0.93481
-0.9341
-0.9302
-0.93015
-0.92846
-0.92801
-0.92784
-0.92929
-0.9266
-0.92293
-0.92363
-0.92352
-0.92318
60.1693
-0.93746
-0.92435
-0.91853
-0.93745
-0.92428
-0.92154
-0.92154
-0.92189
-0.92597
-0.92413
-0.92772
-0.92772
-0.92561
-0.92068
-0.91948
-0.92302
-0.91681
-0.91777
-0.91682
-0.91352
-0.92087
-0.91353
-0.92114
-0.91991
-0.92177
-0.92502
-0.92104
-0.91726
-0.91738
-0.92282
-0.90783
-0.90782
-0.92201
-0.9237
-0.92256
-0.91955
-0.91941
-0.92521
-0.93292
-0.91505
-0.91079
-0.92699
-0.94076
-0.92679
-0.92863
-0.94372
-0.92782
-0.9278
-0.92326
-0.94963
-0.93104
-1.0062
0
0
0
0
0
0
0
0
0
0
0
0
0
0
0
0
0
0
0
0
0
0
0
0
0
0
0
0
0
0
0
0
0
0
0
0
0
0
0
0
0
0
0
0
0
0
0
0
0
0
0
0
0
0
0
0
0
0
0
-0.94992
-0.94906
-0.94507
-0.94498
-0.94261
-0.942
-0.94201
-0.94372
-0.94132
-0.93727
-0.93836
-0.93814
-0.93745
-0.93746
63.2764
-0.93804
-0.93255
-0.95219
-0.93805
-0.93533
-0.93533
-0.93553
-0.93974
-0.93785
-0.94157
-0.94158
-0.93951
-0.9344
-0.93322
-0.93648
-0.93059
-0.93143
-0.93059
-0.92729
-0.93464
-0.92728
-0.93498
-0.93383
-0.93559
-0.93889
-0.93488
-0.93109
-0.93109
-0.93659
-0.92158
-0.92158
-0.93577
-0.9375
-0.93648
-0.93338
-0.93327
-0.93881
-0.94707
-0.92886
-0.92439
-0.94024
-0.95439
-0.93976
-0.94213
-0.95759
-0.94183
-0.94179
-0.93724
0
0
0
0
0
0
0
0
0
0
0
0
0
0
0
0
0
0
0
0
0
0
0
0
0
0
0
0
0
0
0
0
0
0
0
0
0
0
0
0
0
-5.1432
0
0
0
0
0
0
0
0
0
0
0
0
0
0
0
0
0
0
0
0
-0.93598
-0.93523
-0.93131
-0.93125
-0.92953
-0.92902
-0.92893
-0.93042
-0.92771
-0.92385
-0.92462
-0.92433
-0.92434
-0.92435
-0.93804
59.8667
-0.91948
-0.93805
-0.92513
-0.92238
-0.92238
-0.92276
-0.92679
-0.92495
-0.92848
-0.92849
-0.92648
-0.92149
-0.9203
-0.92375
-0.91766
-0.91862
-0.91765
-0.91443
-0.92164
-0.91443
-0.92206
-0.92082
-0.92262
-0.92596
-0.92197
-0.9182
-0.91823
-0.92371
-0.90875
-0.90875
-0.92289
-0.92454
-0.92347
-0.92047
-0.92036
-0.92596
-0.93368
-0.91598
-0.91163
-0.92748
-0.9415
-0.92391
-0.92944
-0.94455
-0.92892
-0.92889
-0.92435
0
0
0
0
0
0
0
0
0
0
0
0
0
0
0
0
0
0
0
0
0
0
0
0
-2.5334
0
0
0
0
0
0
0
0
0
0
0
0
0
0
0
0
0
0
0
0
0
0
0
0
0
0
0
0
0
0
0
0
0
0
0
0
0
-0.93021
-0.92952
-0.9256
-0.92556
-0.92384
-0.92339
-0.92321
-0.92466
-0.92197
-0.91815
-0.91897
-0.91874
-0.91853
-0.91853
-0.93255
-0.91948
57.9353
-0.93254
-0.91943
-0.91693
-0.91694
-0.91726
-0.92118
-0.91941
-0.92304
-0.92302
-0.92064
-0.91591
-0.91473
-0.918
-0.91207
-0.91298
-0.91206
-0.90876
-0.91576
-0.90875
-0.91634
-0.91508
-0.9169
-0.92022
-0.91622
-0.91247
-0.91257
-0.91791
-0.90302
-0.90302
-0.91719
-0.91886
-0.9177
-0.91472
-0.9146
-0.92033
-0.92802
-0.91023
-0.90595
-0.92204
-0.9358
-0.92185
-0.92376
-0.93885
-0.92302
-0.923
-0.91845
-0.94481
0
0
0
0
0
0
0
0
0
0
0
0
0
0
0
0
0
0
0
0
0
0
0
0
0
0
0
0
0
0
0
0
0
0
0
0
0
0
0
0
0
0
0
0
0
0
0
0
0
0
0
0
0
0
0
0
0
0
0
0
0
-0.94992
-0.94907
-0.94507
-0.94499
-0.94261
-0.942
-0.94201
-0.94372
-0.94131
-0.93727
-0.93836
-0.93813
-0.93745
-0.93745
-0.95219
-0.93805
-0.93254
63.2762
-0.93804
-0.93532
-0.93534
-0.93552
-0.93974
-0.93785
-0.94157
-0.94157
-0.93951
-0.9344
-0.93323
-0.93649
-0.93058
-0.93143
-0.93059
-0.92729
-0.93465
-0.92729
-0.93498
-0.93382
-0.93559
-0.9389
-0.93487
-0.93109
-0.9311
-0.93659
-0.92157
-0.92158
-0.93575
-0.9375
-0.93648
-0.93338
-0.93326
-0.93882
-0.94706
-0.92886
-0.92439
-0.94024
-0.95439
-0.93976
-0.94212
-0.95759
-0.94182
-0.94179
-0.93724
0
0
0
0
0
0
0
0
0
0
0
0
0
0
0
0
0
0
0
0
0
0
0
0
0
0
0
0
0
0
0
0
0
0
0
0
0
0
0
0
0
0
0
0
0
0
0
0
0
0
0
0
0
0
0
0
0
0
0
-5.1431
0
0
-0.93577
-0.93508
-0.93114
-0.93115
-0.92947
-0.92907
-0.92889
-0.93039
-0.92767
-0.92379
-0.92458
-0.9243
-0.92428
-0.92428
-0.93805
-0.92513
-0.91943
-0.93804
59.8444
-0.92233
-0.92234
-0.92271
-0.92642
-0.9249
-0.92847
-0.92846
-0.92641
-0.92146
-0.92031
-0.92381
-0.91761
-0.91853
-0.91761
-0.91432
-0.92118
-0.91432
-0.92193
-0.92069
-0.92262
-0.92582
-0.92179
-0.91806
-0.91827
-0.92171
-0.90861
-0.90861
-0.9228
-0.9245
-0.92328
-0.92034
-0.92026
-0.92593
-0.93377
-0.91589
-0.91153
-0.92777
-0.94149
-0.92757
-0.92943
-0.94453
-0.9288
-0.92876
-0.92422
0
0
0
0
0
0
0
0
0
0
0
0
0
0
0
0
0
0
0
0
0
0
0
0
0
0
0
0
-2.5137
0
0
0
0
0
0
0
0
0
0
0
0
0
0
0
0
0
0
0
0
0
0
0
0
0
0
0
0
0
0
0
0
0
-0.93306
-0.93236
-0.92845
-0.92839
-0.9267
-0.92627
-0.92608
-0.92757
-0.92487
-0.92105
-0.92185
-0.9216
-0.92154
-0.92154
-0.93533
-0.92238
-0.91693
-0.93532
-0.92233
56.2457
-0.91985
-0.91953
-0.92421
-0.92236
-0.92537
-0.92537
-0.92385
-0.91882
-0.91761
-0.92003
-0.9149
-0.91588
-0.91489
-0.91158
-0.91922
-0.91159
-0.91926
-0.91805
-0.91991
-0.92316
-0.91919
-0.91541
-0.91555
-0.92094
-0.90596
-0.90595
-0.92014
-0.92184
-0.92068
-0.91769
-0.91756
-0.92331
-0.93103
-0.91319
-0.90894
-0.92513
-0.93882
-0.92489
-0.92672
-0.94176
-0.92597
-0.92594
0
0
0
0
0
0
0
0
0
0
0
0
0
0
0
0
0
0
0
0
0
0
0
0
0
0
0
0
0
0
0
0
0
0
0
0
0
0
0
0
0
0
0
0
0
0
0
0
0
0
0
0
0
0
0
0
0
0
0
0
0
0
0
-0.93306
-0.93237
-0.92845
-0.92839
-0.9267
-0.92627
-0.92609
-0.92756
-0.92488
-0.92105
-0.92186
-0.92159
-0.92154
-0.92154
-0.93533
-0.92238
-0.91694
-0.93534
-0.92234
-0.91985
56.2458
-0.91952
-0.92421
-0.92237
-0.92536
-0.92537
-0.92386
-0.91882
-0.91761
-0.92003
-0.9149
-0.91589
-0.91489
-0.91159
-0.91921
-0.9116
-0.91925
-0.91805
-0.91991
-0.92316
-0.91919
-0.91541
-0.91554
-0.92094
-0.90596
-0.90596
-0.92014
-0.92184
-0.92068
-0.91769
-0.91756
-0.92332
-0.93102
-0.91319
-0.90894
-0.92514
-0.93882
-0.92489
-0.92672
-0.94176
-0.92597
-0.92594
0
0
0
0
0
0
0
0
0
0
0
0
0
0
0
0
0
0
0
0
0
0
0
0
0
0
0
0
0
0
0
0
0
0
0
0
0
0
0
0
0
0
0
0
0
0
0
0
0
0
0
0
0
0
0
0
0
0
0
0
0
0
0
-0.93299
-0.93277
-0.92842
-0.92837
-0.92673
-0.9263
-0.92616
-0.92771
-0.92495
-0.92103
-0.92037
-0.92159
-0.92188
-0.92189
-0.93553
-0.92276
-0.91726
-0.93552
-0.92271
-0.91953
-0.91952
59.1472
-0.92377
-0.92181
-0.92582
-0.92582
-0.9232
-0.91816
-0.91727
-0.92081
-0.91468
-0.91579
-0.91469
-0.91136
-0.91837
-0.91135
-0.91896
-0.91636
-0.91805
-0.92284
-0.91879
-0.91509
-0.91518
-0.92044
-0.90566
-0.90565
-0.91936
-0.92144
-0.92021
-0.91737
-0.91725
-0.92274
-0.93066
-0.91292
-0.90904
-0.92437
-0.9376
-0.92401
-0.92621
0
0
0
0
0
0
0
0
0
0
0
0
0
0
0
0
0
0
0
0
0
-1.7763
-2.061
0
0
-1.8729
0
0
0
0
0
0
0
0
0
0
0
0
0
0
0
0
0
0
0
0
0
0
0
0
0
0
0
0
0
0
0
0
0
0
0
0
0
0
0
0
-0.93747
-0.93677
-0.93284
-0.93282
-0.93114
-0.93074
-0.93055
-0.93206
-0.92933
-0.92544
-0.92625
-0.92595
-0.92598
-0.92597
-0.93974
-0.92679
-0.92118
-0.93974
-0.92642
-0.92421
-0.92421
-0.92377
55.6086
-0.9267
-0.92962
-0.92961
-0.92857
-0.92318
-0.92192
-0.92414
-0.91915
-0.92027
-0.91915
-0.91589
-0.92258
-0.91589
-0.92374
-0.92258
-0.92455
-0.92769
-0.92372
-0.9199
-0.92017
-0.92511
-0.91042
-0.91041
-0.92467
-0.92639
-0.92518
-0.92219
-0.92207
-0.92784
-0.93566
-0.91768
-0.91345
-0.92985
-0.9434
-0.92954
-0.93124
0
0
0
0
0
0
0
0
0
0
0
0
0
0
0
0
0
0
0
-1.9051
0
0
0
0
0
0
0
0
0
0
0
0
0
0
0
0
0
0
0
0
0
0
0
0
0
0
0
0
0
0
0
0
0
0
0
0
0
0
0
0
0
0
0
0
0
0
-0.93552
-0.93508
-0.93096
-0.9309
-0.92924
-0.92882
-0.92866
-0.93017
-0.92747
-0.92361
-0.92439
-0.92411
-0.92414
-0.92413
-0.93785
-0.92495
-0.91941
-0.93785
-0.9249
-0.92236
-0.92237
-0.92181
-0.9267
54.7405
-0.92781
-0.92779
-0.92671
-0.92105
-0.91979
-0.92253
-0.91718
-0.91834
-0.91718
-0.91395
-0.92273
-0.91395
-0.92185
-0.92049
-0.9225
-0.92579
-0.92181
-0.91801
-0.91817
-0.92346
-0.90853
-0.90852
-0.92269
-0.92436
-0.92324
-0.92028
-0.92016
-0.92581
-0.93361
-0.91579
-0.91141
-0.92762
-0.9413
-0.92724
-0.92902
0
0
0
0
0
0
0
0
0
0
0
0
0
0
0
0
0
0
0
0
-1.1444
0
0
0
0
0
0
0
0
0
0
0
0
0
0
0
0
0
0
0
0
0
0
0
0
0
0
0
0
0
0
0
0
0
0
0
0
0
0
0
0
0
0
0
0
0
-0.93971
-0.93889
-0.935
-0.93489
-0.9329
-0.9323
-0.93231
-0.9338
-0.93103
-0.9271
-0.92783
-0.9275
-0.92772
-0.92772
-0.94157
-0.92848
-0.92304
-0.94157
-0.92847
-0.92537
-0.92536
-0.92582
-0.92962
-0.92781
58.4092
-0.93137
-0.92912
-0.92426
-0.92312
-0.92595
-0.92051
-0.92129
-0.92051
-0.91718
-0.92401
-0.91718
-0.92486
-0.92357
-0.92529
-0.92876
-0.92471
-0.92099
-0.92098
-0.92631
-0.9115
-0.91151
-0.92554
-0.92732
-0.92624
-0.92324
-0.92313
-0.92843
-0.93642
-0.91876
-0.91419
-0.92968
-0.94388
-0.92925
-0.93183
0
0
0
0
0
0
0
0
0
0
0
0
0
0
0
0
0
0
0
0
0
0
0
0
0
0
0
0
0
0
0
0
0
0
0
0
0
0
0
0
0
0
0
0
-4.6325
0
0
0
0
0
0
0
0
0
0
0
0
0
0
0
0
0
0
0
0
0
-0.93972
-0.93889
-0.93499
-0.93489
-0.93289
-0.93229
-0.93231
-0.9338
-0.93102
-0.9271
-0.92783
-0.92749
-0.92771
-0.92772
-0.94158
-0.92849
-0.92302
-0.94157
-0.92846
-0.92537
-0.92537
-0.92582
-0.92961
-0.92779
-0.93137
58.4089
-0.92912
-0.92426
-0.92312
-0.92594
-0.9205
-0.92129
-0.9205
-0.91719
-0.92401
-0.91718
-0.92486
-0.92358
-0.9253
-0.92875
-0.9247
-0.92098
-0.92098
-0.92632
-0.9115
-0.9115
-0.92553
-0.92732
-0.92625
-0.92325
-0.92313
-0.92844
-0.93641
-0.91876
-0.91418
-0.92968
-0.94389
-0.92925
-0.93184
0
0
0
0
0
0
0
0
0
0
0
0
0
0
0
0
0
0
0
0
0
0
0
0
0
0
0
0
0
0
0
0
0
0
0
0
0
0
0
0
0
0
0
0
0
0
0
0
0
0
0
0
-4.6323
0
0
0
0
0
0
0
0
0
0
0
0
0
-0.93718
-0.93651
-0.93258
-0.93247
-0.93084
-0.93028
-0.93023
-0.93171
-0.92897
-0.92508
-0.92586
-0.92549
-0.9256
-0.92561
-0.93951
-0.92648
-0.92064
-0.93951
-0.92641
-0.92385
-0.92386
-0.9232
-0.92857
-0.92671
-0.92912
-0.92912
55.6086
-0.92311
-0.92179
-0.92396
-0.91897
-0.91986
-0.91897
-0.91539
-0.923
-0.91539
-0.92345
-0.9222
-0.92416
-0.92742
-0.92345
-0.91962
-0.9197
-0.92516
-0.91011
-0.91012
-0.92441
-0.92602
-0.92343
-0.92197
-0.92184
-0.92753
-0.935
-0.91749
-0.91325
-0.92923
-0.94272
0
0
0
0
0
0
0
0
0
0
0
0
0
0
0
0
0
0
0
-1.7951
0
0
0
0
0
0
0
0
0
0
0
0
0
0
0
-1.9893
0
0
0
0
0
0
0
0
0
0
0
0
0
0
0
0
0
0
0
0
0
0
0
0
0
0
0
0
0
0
0
0
-0.93216
-0.93143
-0.92753
-0.92751
-0.92584
-0.9254
-0.92524
-0.92675
-0.92404
-0.92018
-0.92096
-0.92064
-0.92069
-0.92068
-0.9344
-0.92149
-0.91591
-0.9344
-0.92146
-0.91882
-0.91882
-0.91816
-0.92318
-0.92105
-0.92426
-0.92426
-0.92311
54.0625
-0.91606
-0.91892
-0.91363
-0.91466
-0.91363
-0.91035
-0.91918
-0.91033
-0.91821
-0.91694
-0.91843
-0.92213
-0.91812
-0.91436
-0.91451
-0.91977
-0.90489
-0.9049
-0.91802
-0.92078
-0.91954
-0.91662
-0.91649
-0.92212
-0.92988
-0.91213
-0.90807
-0.92394
-0.93678
-0.92362
0
0
0
0
0
0
0
0
0
0
0
0
0
0
0
0
-1.5971
0
0
0
0
0
0
0
0
0
0
0
0
0
0
0
0
0
0
0
0
0
0
0
0
0
0
0
0
0
0
0
0
0
0
0
0
0
0
0
0
0
0
0
0
0
0
0
0
0
0
-0.93078
-0.93025
-0.92634
-0.92628
-0.92465
-0.92419
-0.92405
-0.92555
-0.92285
-0.91899
-0.91976
-0.91945
-0.91949
-0.91948
-0.93322
-0.9203
-0.91473
-0.93323
-0.92031
-0.91761
-0.91761
-0.91727
-0.92192
-0.91979
-0.92312
-0.92312
-0.92179
-0.91606
53.9688
-0.91806
-0.91246
-0.91352
-0.91247
-0.90916
-0.91777
-0.90916
-0.917
-0.91571
-0.91753
-0.92093
-0.91691
-0.91315
-0.91329
-0.91812
-0.90368
-0.90369
-0.9178
-0.91949
-0.91832
-0.91541
-0.91526
-0.92092
-0.92859
-0.9109
-0.90661
-0.92265
-0.93634
-0.92236
0
0
0
0
0
0
0
0
0
0
0
0
0
0
0
0
0
0
0
0
0
0
0
0
0
0
0
0
0
0
0
0
0
0
0
0
0
-1.5693
0
0
0
0
0
0
0
0
0
0
0
0
0
0
0
0
0
0
0
0
0
0
0
0
0
0
0
0
0
-0.93455
-0.93376
-0.92984
-0.9298
-0.92807
-0.92755
-0.92752
-0.92904
-0.92627
-0.92235
-0.92305
-0.9226
-0.92302
-0.92302
-0.93648
-0.92375
-0.918
-0.93649
-0.92381
-0.92003
-0.92003
-0.92081
-0.92414
-0.92253
-0.92595
-0.92594
-0.92396
-0.91892
-0.91806
57.6702
-0.91551
-0.91626
-0.91551
-0.91216
-0.91879
-0.91215
-0.91986
-0.91853
-0.92032
-0.92378
-0.91971
-0.916
-0.91606
-0.9212
-0.90652
-0.90652
-0.92025
-0.92219
-0.92119
-0.91829
-0.91816
-0.92346
-0.93109
-0.9138
-0.90838
-0.9248
-0.93729
0
0
0
0
0
0
0
0
0
0
0
0
0
0
0
-1.7327
0
0
0
0
0
0
0
0
0
0
0
0
0
0
0
0
0
0
0
0
0
0
0
0
0
0
0
0
0
0
0
0
0
0
-4.3005
0
0
0
0
0
0
0
0
0
0
0
0
0
0
0
0
0
-0.92831
-0.92764
-0.92371
-0.92367
-0.92197
-0.92154
-0.92136
-0.92285
-0.92014
-0.91631
-0.91712
-0.91683
-0.91682
-0.91681
-0.93059
-0.91766
-0.91207
-0.93058
-0.91761
-0.9149
-0.9149
-0.91468
-0.91915
-0.91718
-0.92051
-0.9205
-0.91897
-0.91363
-0.91246
-0.91551
52.2492
-0.91056
-0.90906
-0.90632
-0.91464
-0.90632
-0.91434
-0.91301
-0.91479
-0.91825
-0.91422
-0.91047
-0.9106
-0.9158
-0.90099
-0.90098
-0.91511
-0.91688
-0.91562
-0.91268
-0.91255
-0.91826
-0.92596
-0.90817
-0.90402
-0.92012
-0.93364
-0.91986
0
0
0
0
0
0
0
0
0
0
0
0
0
0
0
0
0
0
0
0
0
0
0
0
0
0
0
0
0
0
0
0
0
0
0
0
0
0
0
0
0
0
0
0
0
0
0
0
0
0
0
0
0
0
0
0
0
0
0
0
0
0
0
0
0
0
0
-0.92924
-0.92817
-0.92464
-0.92459
-0.92295
-0.92253
-0.92235
-0.92385
-0.92115
-0.9173
-0.91804
-0.91773
-0.91777
-0.91777
-0.93143
-0.91862
-0.91298
-0.93143
-0.91853
-0.91588
-0.91589
-0.91579
-0.92027
-0.91834
-0.92129
-0.92129
-0.91986
-0.91466
-0.91352
-0.91626
-0.91056
52.8316
-0.91057
-0.90711
-0.91542
-0.90711
-0.91531
-0.91431
-0.91567
-0.91925
-0.91518
-0.91145
-0.91156
-0.91665
-0.90191
-0.90192
-0.91608
-0.91756
-0.91671
-0.91371
-0.91356
-0.91909
-0.92672
-0.90921
-0.90482
-0.9208
-0.93412
0
0
0
0
0
0
0
0
0
0
0
0
0
0
0
0
-1.4511
0
0
0
0
0
0
0
0
0
0
0
0
0
0
0
0
0
0
0
0
0
0
0
0
0
0
0
0
0
0
0
0
0
0
0
0
0
0
0
0
0
0
0
0
0
0
0
0
0
0
0
-0.92832
-0.92763
-0.92372
-0.92366
-0.92197
-0.92155
-0.92135
-0.92285
-0.92015
-0.91631
-0.91712
-0.91683
-0.91681
-0.91682
-0.93059
-0.91765
-0.91206
-0.93059
-0.91761
-0.91489
-0.91489
-0.91469
-0.91915
-0.91718
-0.92051
-0.9205
-0.91897
-0.91363
-0.91247
-0.91551
-0.90906
-0.91057
52.2492
-0.90632
-0.91464
-0.90632
-0.91434
-0.91301
-0.91479
-0.91824
-0.91423
-0.91046
-0.91061
-0.9158
-0.90099
-0.90099
-0.91511
-0.91688
-0.91563
-0.91269
-0.91254
-0.91825
-0.92596
-0.90816
-0.90402
-0.92012
-0.93364
-0.91986
0
0
0
0
0
0
0
0
0
0
0
0
0
0
0
0
0
0
0
0
0
0
0
0
0
0
0
0
0
0
0
0
0
0
0
0
0
0
0
0
0
0
0
0
0
0
0
0
0
0
0
0
0
0
0
0
0
0
0
0
0
0
0
0
0
0
0
-0.92502
-0.92435
-0.92043
-0.92038
-0.91869
-0.91827
-0.91807
-0.91955
-0.91686
-0.91302
-0.91382
-0.91353
-0.91353
-0.91352
-0.92729
-0.91443
-0.90876
-0.92729
-0.91432
-0.91158
-0.91159
-0.91136
-0.91589
-0.91395
-0.91718
-0.91719
-0.91539
-0.91035
-0.90916
-0.91216
-0.90632
-0.90711
-0.90632
51.1437
-0.911
-0.90324
-0.91118
-0.9095
-0.91107
-0.91494
-0.91079
-0.90709
-0.90718
-0.91205
-0.89754
-0.89755
-0.9117
-0.91308
-0.91221
-0.90928
-0.90909
-0.91474
-0.92225
-0.90475
-0.90056
-0.91658
-0.92967
0
0
0
0
0
0
0
0
0
0
0
0
0
0
0
0
0
0
0
0
0
0
0
0
0
0
0
0
0
0
0
0
0
0
0
0
0
0
0
0
0
0
0
0
0
0
0
0
0
0
0
0
0
0
0
0
0
0
0
0
0
0
0
0
0
0
0
0
-0.9325
-0.9318
-0.92789
-0.92782
-0.92609
-0.9256
-0.92554
-0.92701
-0.92424
-0.9203
-0.92108
-0.92072
-0.92088
-0.92087
-0.93464
-0.92164
-0.91576
-0.93465
-0.92118
-0.91922
-0.91921
-0.91837
-0.92258
-0.92273
-0.92401
-0.92401
-0.923
-0.91918
-0.91777
-0.91879
-0.91464
-0.91542
-0.91464
-0.911
54.912
-0.91102
-0.91799
-0.91653
-0.91823
-0.92208
-0.91786
-0.91422
-0.91425
-0.91865
-0.90465
-0.90466
-0.91875
-0.9202
-0.91778
-0.91647
-0.91634
-0.92167
-0.92891
-0.91216
0
0
0
0
0
0
0
0
0
0
0
0
0
0
0
0
0
0
0
0
0
0
-1.7875
0
-1.8944
0
0
0
0
0
0
0
0
0
0
0
0
0
0
0
0
0
0
0
-2.4529
0
0
0
0
0
0
0
0
0
0
0
0
0
0
0
0
0
0
0
0
0
0
0
0
0
0
-0.92502
-0.92435
-0.92042
-0.92038
-0.91869
-0.91828
-0.91807
-0.91955
-0.91686
-0.91302
-0.91383
-0.91354
-0.91353
-0.91353
-0.92728
-0.91443
-0.90875
-0.92729
-0.91432
-0.91159
-0.9116
-0.91135
-0.91589
-0.91395
-0.91718
-0.91718
-0.91539
-0.91033
-0.90916
-0.91215
-0.90632
-0.90711
-0.90632
-0.90324
-0.91102
51.1437
-0.91117
-0.90951
-0.91106
-0.91494
-0.9108
-0.90709
-0.90717
-0.91205
-0.89753
-0.89754
-0.9117
-0.91309
-0.91222
-0.90928
-0.9091
-0.91474
-0.92226
-0.90475
-0.90055
-0.91657
-0.92969
0
0
0
0
0
0
0
0
0
0
0
0
0
0
0
0
0
0
0
0
0
0
0
0
0
0
0
0
0
0
0
0
0
0
0
0
0
0
0
0
0
0
0
0
0
0
0
0
0
0
0
0
0
0
0
0
0
0
0
0
0
0
0
0
0
0
0
0
-0.93266
-0.93198
-0.92804
-0.92799
-0.92631
-0.92589
-0.92567
-0.92718
-0.92447
-0.92062
-0.92143
-0.92113
-0.92114
-0.92114
-0.93498
-0.92206
-0.91634
-0.93498
-0.92193
-0.91926
-0.91925
-0.91896
-0.92374
-0.92185
-0.92486
-0.92486
-0.92345
-0.91821
-0.917
-0.91986
-0.91434
-0.91531
-0.91434
-0.91118
-0.91799
-0.91117
49.7123
-0.91738
-0.91999
-0.92315
-0.91907
-0.91505
-0.9154
-0.92009
-0.90531
-0.90532
-0.91981
-0.92119
-0.92031
-0.91733
-0.91717
-0.92277
-0.93007
-0.91285
-0.90852
0
0
0
0
0
0
0
0
0
0
0
0
0
0
0
0
0
0
0
0
0
0
0
0
0
0
0
0
0
0
0
0
0
0
0
0
0
0
0
0
0
0
0
0
0
0
0
0
0
0
0
0
0
0
0
0
0
0
0
0
0
0
0
0
0
0
0
0
0
0
-0.93124
-0.93118
-0.92669
-0.92661
-0.92498
-0.92455
-0.92438
-0.92586
-0.92314
-0.91926
-0.92018
-0.92005
-0.91992
-0.91991
-0.93383
-0.92082
-0.91508
-0.93382
-0.92069
-0.91805
-0.91805
-0.91636
-0.92258
-0.92049
-0.92357
-0.92358
-0.9222
-0.91694
-0.91571
-0.91853
-0.91301
-0.91431
-0.91301
-0.9095
-0.91653
-0.90951
-0.91738
49.5746
-0.9187
-0.92239
-0.91785
-0.9139
-0.91419
-0.91791
-0.90394
-0.90394
-0.91836
-0.91956
-0.91877
-0.91597
-0.91568
-0.92127
0
-0.91173
0
0
0
0
0
0
0
0
0
0
0
0
0
0
0
0
0
0
0
0
0
0
0
0
0
0
-1.7689
0
0
0
0
0
0
0
0
0
0
0
0
0
0
0
0
0
0
0
0
0
0
0
0
0
0
0
0
0
0
0
0
0
0
0
0
0
0
0
0
0
0
0
0
-0.93337
-0.93261
-0.9287
-0.92806
-0.92694
-0.92647
-0.92633
-0.92786
-0.92514
-0.92122
-0.92205
-0.92188
-0.92177
-0.92177
-0.93559
-0.92262
-0.9169
-0.93559
-0.92262
-0.91991
-0.91991
-0.91805
-0.92455
-0.9225
-0.92529
-0.9253
-0.92416
-0.91843
-0.91753
-0.92032
-0.91479
-0.91567
-0.91479
-0.91107
-0.91823
-0.91106
-0.91999
-0.9187
50.2068
-0.92382
-0.91998
-0.91583
-0.91646
-0.92073
-0.90588
-0.90588
-0.92009
-0.92201
-0.92106
-0.91805
-0.91783
-0.92338
0
0
0
0
0
0
0
0
0
0
0
0
0
0
0
0
0
0
0
0
0
0
0
0
0
-1.353
0
0
0
0
0
0
-1.8651
0
0
0
0
0
0
0
0
0
0
0
0
0
0
0
0
0
0
0
0
0
0
0
0
0
0
0
0
0
0
0
0
0
0
0
0
0
0
0
0
-0.93651
-0.93585
-0.9319
-0.93187
-0.93018
-0.92979
-0.92957
-0.93109
-0.92837
-0.9245
-0.92532
-0.92517
-0.92502
-0.92502
-0.93889
-0.92596
-0.92022
-0.9389
-0.92582
-0.92316
-0.92316
-0.92284
-0.92769
-0.92579
-0.92876
-0.92875
-0.92742
-0.92213
-0.92093
-0.92378
-0.91825
-0.91925
-0.91824
-0.91494
-0.92208
-0.91494
-0.92315
-0.92239
-0.92382
48.0813
-0.92419
-0.91859
-0.92015
-0.92578
-0.90887
-0.90888
-0.92431
-0.92598
-0.92482
-0.9217
-0.92162
-0.92753
0
-0.91746
0
0
0
0
0
0
0
0
0
0
0
0
0
0
0
0
0
0
0
0
0
0
0
0
0
0
0
0
0
0
0
0
0
0
0
0
0
0
0
0
0
0
0
0
0
0
0
0
0
0
0
0
0
0
0
0
0
0
0
0
0
0
0
0
0
0
0
0
0
0
0
-0.93187
-0.93182
-0.92789
-0.92787
-0.9257
-0.92581
-0.92557
-0.92711
-0.92439
-0.92051
-0.9213
-0.92118
-0.92105
-0.92104
-0.93488
-0.92197
-0.91622
-0.93487
-0.92179
-0.91919
-0.91919
-0.91879
-0.92372
-0.92181
-0.92471
-0.9247
-0.92345
-0.91812
-0.91691
-0.91971
-0.91422
-0.91518
-0.91423
-0.91079
-0.91786
-0.9108
-0.91907
-0.91785
-0.91998
-0.92419
47.4521
-0.91495
-0.91502
-0.92494
-0.90293
-0.90293
-0.91931
-0.92154
-0.9198
-0.91698
-0.91781
0
0
0
0
0
0
0
0
0
0
0
0
0
0
0
0
0
0
-1.4185
0
0
0
0
0
0
0
0
0
0
0
0
0
0
0
0
0
0
0
0
0
0
0
0
0
0
0
0
0
0
0
0
0
0
0
0
0
0
0
0
0
0
0
0
0
0
0
0
0
0
0
0
0
0
0
-0.92871
-0.92807
-0.92412
-0.92409
-0.92241
-0.92201
-0.92179
-0.92331
-0.9206
-0.91675
-0.91756
-0.9174
-0.91727
-0.91726
-0.93109
-0.9182
-0.91247
-0.93109
-0.91806
-0.91541
-0.91541
-0.91509
-0.9199
-0.91801
-0.92099
-0.92098
-0.91962
-0.91436
-0.91315
-0.916
-0.91047
-0.91145
-0.91046
-0.90709
-0.91422
-0.90709
-0.91505
-0.9139
-0.91583
-0.91859
-0.91495
46.7613
-0.91034
-0.91997
-0.89949
-0.8995
-0.91503
-0.91704
-0.91548
-0.91284
-0.91319
-0.9181
0
0
0
0
0
0
0
0
0
0
0
0
0
0
0
0
0
0
0
0
0
0
0
0
0
0
0
0
0
0
0
0
0
0
0
0
0
0
0
0
0
0
0
0
0
0
0
0
0
0
0
0
0
0
0
0
0
0
0
0
0
0
0
0
0
0
0
0
0
0
0
0
0
-0.92877
-0.92806
-0.92413
-0.92447
-0.92254
-0.92205
-0.92191
-0.92342
-0.92072
-0.91684
-0.91771
-0.91742
-0.91738
-0.91738
-0.93109
-0.91823
-0.91257
-0.9311
-0.91827
-0.91555
-0.91554
-0.91518
-0.92017
-0.91817
-0.92098
-0.92098
-0.9197
-0.91451
-0.91329
-0.91606
-0.9106
-0.91156
-0.91061
-0.90718
-0.91425
-0.90717
-0.9154
-0.91419
-0.91646
-0.92015
-0.91502
-0.91034
47.071
-0.92149
-0.89877
-0.89878
-0.9147
-0.91696
-0.91513
-0.91266
-0.91361
0
0
0
0
0
0
0
0
0
0
0
0
0
0
0
0
0
0
0
0
0
0
0
0
0
0
0
0
0
0
0
0
0
0
0
0
0
0
0
0
0
0
-1.2217
0
0
0
0
0
0
0
0
0
0
0
0
0
0
0
0
0
0
0
0
0
0
0
0
0
0
0
0
0
0
0
-0.93319
-0.93361
-0.92971
-0.92975
-0.92799
-0.92767
-0.92744
-0.92895
-0.92621
-0.9223
-0.92307
-0.92293
-0.92284
-0.92282
-0.93659
-0.92371
-0.91791
-0.93659
-0.92171
-0.92094
-0.92094
-0.92044
-0.92511
-0.92346
-0.92631
-0.92632
-0.92516
-0.91977
-0.91812
-0.9212
-0.9158
-0.91665
-0.9158
-0.91205
-0.91865
-0.91205
-0.92009
-0.91791
-0.92073
-0.92578
-0.92494
-0.91997
-0.92149
48.4966
-0.9085
-0.9085
-0.91766
0
-0.91798
-0.91655
0
0
0
0
0
0
0
0
0
0
0
0
0
0
0
0
0
0
0
0
0
0
0
0
0
-1.7173
0
0
0
0
0
0
0
0
0
0
0
0
-2.5055
0
0
0
0
0
0
0
0
0
0
0
0
0
0
0
0
0
0
0
0
0
0
0
0
0
0
0
0
0
0
0
0
0
0
0
0
-0.91924
-0.91859
-0.91466
-0.91464
-0.91296
-0.91259
-0.91235
-0.91383
-0.91114
-0.9073
-0.90812
-0.90798
-0.90782
-0.90783
-0.92158
-0.90875
-0.90302
-0.92157
-0.90861
-0.90596
-0.90596
-0.90566
-0.91042
-0.90853
-0.9115
-0.9115
-0.91011
-0.90489
-0.90368
-0.90652
-0.90099
-0.90191
-0.90099
-0.89754
-0.90465
-0.89753
-0.90531
-0.90394
-0.90588
-0.90887
-0.90293
-0.89949
-0.89877
-0.9085
45.3608
-0.88781
-0.9038
-0.90493
-0.9042
-0.90232
-0.9031
0
0
0
0
0
0
0
0
0
0
0
0
0
0
0
0
0
0
0
0
0
0
0
0
0
0
0
0
0
0
0
0
0
0
0
0
0
0
0
0
0
0
0
0
0
0
0
0
0
0
0
0
0
0
0
0
0
0
0
0
0
0
0
0
0
0
0
0
0
0
0
0
0
0
-0.91925
-0.9186
-0.91467
-0.91464
-0.91296
-0.91257
-0.91234
-0.91385
-0.91114
-0.9073
-0.90811
-0.90797
-0.90783
-0.90782
-0.92158
-0.90875
-0.90302
-0.92158
-0.90861
-0.90595
-0.90596
-0.90565
-0.91041
-0.90852
-0.91151
-0.9115
-0.91012
-0.9049
-0.90369
-0.90652
-0.90098
-0.90192
-0.90099
-0.89755
-0.90466
-0.89754
-0.90532
-0.90394
-0.90588
-0.90888
-0.90293
-0.8995
-0.89878
-0.9085
-0.88781
45.3609
-0.9038
-0.90493
-0.9042
-0.90231
-0.9031
0
0
0
0
0
0
0
0
0
0
0
0
0
0
0
0
0
0
0
0
0
0
0
0
0
0
0
0
0
0
0
0
0
0
0
0
0
0
0
0
0
0
0
0
0
0
0
0
0
0
0
0
0
0
0
0
0
0
0
0
0
0
0
0
0
0
0
0
0
0
0
0
0
0
-0.93349
-0.93277
-0.92886
-0.92885
-0.9272
-0.92677
-0.92658
-0.9281
-0.92539
-0.9215
-0.92228
-0.92212
-0.92203
-0.92201
-0.93577
-0.92289
-0.91719
-0.93575
-0.9228
-0.92014
-0.92014
-0.91936
-0.92467
-0.92269
-0.92554
-0.92553
-0.92441
-0.91802
-0.9178
-0.92025
-0.91511
-0.91608
-0.91511
-0.9117
-0.91875
-0.9117
-0.91981
-0.91836
-0.92009
-0.92431
-0.91931
-0.91503
-0.9147
-0.91766
-0.9038
-0.9038
43.9765
0
0
0
0
0
0
0
0
0
0
0
0
0
0
0
0
0
0
0
0
0
0
0
0
0
0
0
-1.5902
0
0
0
0
0
0
0
0
0
0
0
0
0
0
0
0
0
0
0
0
0
0
0
0
0
0
0
0
0
0
0
0
0
0
0
0
0
0
0
0
0
0
0
0
0
0
0
0
0
0
-0.93503
-0.93442
-0.93053
-0.93052
-0.92882
-0.92846
-0.92824
-0.92976
-0.92703
-0.92316
-0.9239
-0.92383
-0.92369
-0.9237
-0.9375
-0.92454
-0.91886
-0.9375
-0.9245
-0.92184
-0.92184
-0.92144
-0.92639
-0.92436
-0.92732
-0.92732
-0.92602
-0.92078
-0.91949
-0.92219
-0.91688
-0.91756
-0.91688
-0.91308
-0.9202
-0.91309
-0.92119
-0.91956
-0.92201
-0.92598
-0.92154
-0.91704
-0.91696
0
-0.90493
-0.90493
0
44.0586
0
0
0
0
0
0
0
0
0
-0.92835
0
0
0
0
0
0
0
0
0
0
0
0
-1.5854
0
0
0
0
0
0
0
0
0
0
0
0
0
0
0
0
0
0
0
0
0
0
0
0
0
0
0
0
0
0
0
0
0
0
0
0
0
0
0
0
0
0
0
0
0
0
0
0
0
0
0
0
0
0
-0.93408
-0.93345
-0.92954
-0.92947
-0.92776
-0.92731
-0.92716
-0.92862
-0.92591
-0.92201
-0.92283
-0.92266
-0.92257
-0.92256
-0.93648
-0.92347
-0.9177
-0.93648
-0.92328
-0.92068
-0.92068
-0.92021
-0.92518
-0.92324
-0.92624
-0.92625
-0.92343
-0.91954
-0.91832
-0.92119
-0.91562
-0.91671
-0.91563
-0.91221
-0.91778
-0.91222
-0.92031
-0.91877
-0.92106
-0.92482
-0.9198
-0.91548
-0.91513
-0.91798
-0.9042
-0.9042
0
0
44.1881
0
0
0
0
0
0
0
0
0
0
0
0
0
0
0
0
0
0
0
0
0
0
0
0
0
0
0
-1.7779
0
0
0
0
0
0
0
0
0
0
0
0
0
0
0
0
0
0
0
0
0
0
0
0
0
0
0
0
0
0
0
0
0
0
0
0
0
0
0
0
0
0
0
0
0
0
0
0
-0.93102
-0.93035
-0.9264
-0.92637
-0.92469
-0.92432
-0.92408
-0.92559
-0.92288
-0.91902
-0.91984
-0.91969
-0.91954
-0.91955
-0.93338
-0.92047
-0.91472
-0.93338
-0.92034
-0.91769
-0.91769
-0.91737
-0.92219
-0.92028
-0.92324
-0.92325
-0.92197
-0.91662
-0.91541
-0.91829
-0.91268
-0.91371
-0.91269
-0.90928
-0.91647
-0.90928
-0.91733
-0.91597
-0.91805
-0.9217
-0.91698
-0.91284
-0.91266
-0.91655
-0.90232
-0.90231
0
0
0
42.2804
0
0
0
0
0
0
0
0
0
0
0
0
0
0
0
0
0
0
0
0
0
0
0
0
0
0
0
0
0
0
0
0
0
0
0
0
0
0
0
0
0
0
0
0
0
0
0
0
0
0
0
0
0
0
0
0
0
0
0
0
0
0
0
0
0
0
0
0
0
0
0
0
0
0
0
-0.93093
-0.93024
-0.92629
-0.92625
-0.92458
-0.92419
-0.92397
-0.92547
-0.92277
-0.91889
-0.91972
-0.91958
-0.91942
-0.91941
-0.93327
-0.92036
-0.9146
-0.93326
-0.92026
-0.91756
-0.91756
-0.91725
-0.92207
-0.92016
-0.92313
-0.92313
-0.92184
-0.91649
-0.91526
-0.91816
-0.91255
-0.91356
-0.91254
-0.90909
-0.91634
-0.9091
-0.91717
-0.91568
-0.91783
-0.92162
-0.91781
-0.91319
-0.91361
0
-0.9031
-0.9031
0
0
0
0
41.3624
0
0
0
0
0
0
0
0
0
0
0
0
0
0
0
0
0
0
0
0
0
0
0
0
0
0
0
0
0
0
0
0
0
0
0
0
0
0
0
0
0
0
0
0
0
0
0
0
0
0
0
0
0
0
0
0
0
0
0
0
0
0
0
0
0
0
0
0
0
0
0
0
0
0
-0.93682
-0.93601
-0.93212
-0.93202
-0.93043
-0.92985
-0.92985
-0.93132
-0.92857
-0.92469
-0.92548
-0.92523
-0.92521
-0.92521
-0.93881
-0.92596
-0.92033
-0.93882
-0.92593
-0.92331
-0.92332
-0.92274
-0.92784
-0.92581
-0.92843
-0.92844
-0.92753
-0.92212
-0.92092
-0.92346
-0.91826
-0.91909
-0.91825
-0.91474
-0.92167
-0.91474
-0.92277
-0.92127
-0.92338
-0.92753
0
-0.9181
0
0
0
0
0
0
0
0
0
41.7053
0
0
0
0
0
0
0
0
0
0
0
0
0
0
0
0
0
0
0
0
0
0
0
0
0
0
0
0
0
0
0
0
0
0
0
0
0
0
0
0
0
0
0
0
0
0
0
0
0
0
0
0
0
0
0
0
0
-3.749
0
0
0
0
0
0
0
0
0
0
0
0
0
0
0
-0.94595
-0.94505
-0.94102
-0.94094
-0.93831
-0.93762
-0.93767
-0.93908
-0.93636
-0.93242
-0.93325
-0.92496
-0.93292
-0.93292
-0.94707
-0.93368
-0.92802
-0.94706
-0.93377
-0.93103
-0.93102
-0.93066
-0.93566
-0.93361
-0.93642
-0.93641
-0.935
-0.92988
-0.92859
-0.93109
-0.92596
-0.92672
-0.92596
-0.92225
-0.92891
-0.92226
-0.93007
0
0
0
0
0
0
0
0
0
0
0
0
0
0
0
38.9854
0
0
0
0
0
0
0
0
0
0
0
0
0
0
0
0
0
0
0
0
0
0
0
0
0
0
0
0
0
0
0
0
-2.94
0
0
0
0
0
0
0
0
0
0
0
-1.4958
0
0
0
0
0
0
0
0
0
0
0
0
0
0
0
0
0
0
0
0
0
0
0
0
0
0
0
-0.92656
-0.92586
-0.9219
-0.92187
-0.92021
-0.91981
-0.91957
-0.92109
-0.91839
-0.91453
-0.91534
-0.9152
-0.91505
-0.91505
-0.92886
-0.91598
-0.91023
-0.92886
-0.91589
-0.91319
-0.91319
-0.91292
-0.91768
-0.91579
-0.91876
-0.91876
-0.91749
-0.91213
-0.9109
-0.9138
-0.90817
-0.90921
-0.90816
-0.90475
-0.91216
-0.90475
-0.91285
-0.91173
0
-0.91746
0
0
0
0
0
0
0
0
0
0
0
0
0
35.7241
0
0
0
0
0
0
0
0
0
0
0
0
0
0
0
0
0
0
0
0
0
0
0
0
0
0
0
0
0
0
0
0
0
0
0
0
0
0
0
0
0
0
0
0
0
0
0
0
0
0
0
0
0
0
0
0
0
0
0
0
0
0
0
0
0
0
0
0
0
0
0
-0.92227
-0.9213
-0.91749
-0.91749
-0.91607
-0.91551
-0.91532
-0.91684
-0.91413
-0.91027
-0.91096
-0.91087
-0.9108
-0.91079
-0.92439
-0.91163
-0.90595
-0.92439
-0.91153
-0.90894
-0.90894
-0.90904
-0.91345
-0.91141
-0.91419
-0.91418
-0.91325
-0.90807
-0.90661
-0.90838
-0.90402
-0.90482
-0.90402
-0.90056
0
-0.90055
-0.90852
0
0
0
0
0
0
0
0
0
0
0
0
0
0
0
0
0
35.715
0
0
0
0
0
0
0
0
0
0
0
0
0
0
0
0
0
0
0
0
0
0
0
0
0
0
0
-2.1735
-0.71456
0
0
0
0
0
0
0
0
0
0
0
0
0
0
0
0
0
0
0
0
0
0
0
0
0
0
0
0
0
0
0
0
0
0
0
0
0
0
0
0
0
-0.9384
-0.93746
-0.93364
-0.93289
-0.93216
-0.9313
-0.9316
-0.93309
-0.93037
-0.92647
-0.92726
-0.92683
-0.92699
-0.92699
-0.94024
-0.92748
-0.92204
-0.94024
-0.92777
-0.92513
-0.92514
-0.92437
-0.92985
-0.92762
-0.92968
-0.92968
-0.92923
-0.92394
-0.92265
-0.9248
-0.92012
-0.9208
-0.92012
-0.91658
0
-0.91657
0
0
0
0
0
0
0
0
0
0
0
0
0
0
0
0
0
0
0
41.331
0
0
0
0
0
0
0
0
0
0
0
0
0
0
0
0
0
0
0
0
0
-1.3502
0
0
0
0
0
0
0
0
0
0
0
0
0
0
0
0
0
0
0
0
0
0
0
0
-3.7506
0
0
0
0
0
0
0
0
0
0
-3.7506
0
0
0
0
0
0
0
0
0
0
0
-0.95239
-0.95161
-0.94768
-0.9478
-0.94606
-0.94559
-0.94546
-0.94701
-0.94423
-0.94025
-0.94097
-0.94075
-0.94076
-0.94076
-0.95439
-0.9415
-0.9358
-0.95439
-0.94149
-0.93882
-0.93882
-0.9376
-0.9434
-0.9413
-0.94388
-0.94389
-0.94272
-0.93678
-0.93634
-0.93729
-0.93364
-0.93412
-0.93364
-0.92967
0
-0.92969
0
0
0
0
0
0
0
0
0
0
0
0
0
0
0
0
0
0
0
0
39.2026
0
0
0
0
0
0
0
0
0
0
0
0
0
0
0
0
0
0
0
0
0
0
0
0
0
0
0
0
0
0
0
0
-2.7362
0
0
0
0
0
0
0
0
0
0
0
0
0
0
0
0
0
0
0
0
0
0
0
0
0
0
0
-3.5059
0
0
0
0
0
0
0
-0.93806
-0.93701
-0.93327
-0.93312
-0.93196
-0.93096
-0.93139
-0.93286
-0.93013
-0.92624
-0.92704
-0.92657
-0.92679
-0.92679
-0.93976
-0.92391
-0.92185
-0.93976
-0.92757
-0.92489
-0.92489
-0.92401
-0.92954
-0.92724
-0.92925
-0.92925
0
-0.92362
-0.92236
0
-0.91986
0
-0.91986
0
0
0
0
0
0
0
0
0
0
0
0
0
0
-0.92835
0
0
0
0
0
0
0
0
0
38.313
0
0
0
0
0
0
0
0
0
0
0
0
0
0
0
0
0
0
0
0
0
0
0
0
0
0
0
0
0
-2.5059
0
0
0
0
0
0
0
0
0
0
0
0
0
0
0
0
0
-3.5094
0
0
0
0
-3.5094
0
0
0
0
0
0
0
0
0
0
0
0
0
0
-0.93968
-0.93902
-0.93524
-0.93516
-0.93372
-0.9333
-0.93317
-0.9347
-0.93197
-0.9281
-0.92876
-0.9287
-0.92864
-0.92863
-0.94213
-0.92944
-0.92376
-0.94212
-0.92943
-0.92672
-0.92672
-0.92621
-0.93124
-0.92902
-0.93183
-0.93184
0
0
0
0
0
0
0
0
0
0
0
0
0
0
0
0
0
0
0
0
0
0
0
0
0
0
0
0
0
0
0
0
28.5557
0
0
0
0
0
0
0
0
0
0
0
-1.5577
0
0
0
0
0
0
0
0
0
0
0
0
0
0
0
0
0
0
0
0
0
0
0
0
0
0
0
0
0
0
-2.7687
0
0
0
0
0
0
0
0
0
0
0
0
0
0
0
0
0
0
0
0
0
0
0
-0.95575
-0.95484
-0.9509
-0.95083
-0.94906
-0.94845
-0.94842
-0.94989
-0.94716
-0.94323
-0.94411
-0.94396
-0.94372
-0.94372
-0.95759
-0.94455
-0.93885
-0.95759
-0.94453
-0.94176
-0.94176
0
0
0
0
0
0
0
0
0
0
0
0
0
0
0
0
0
0
0
0
0
0
0
0
0
0
0
0
0
0
0
0
0
0
0
0
0
0
22.2018
0
0
0
0
0
0
0
0
0
0
0
0
0
0
0
0
0
0
0
0
0
0
0
0
0
0
0
0
0
0
0
0
0
0
0
0
0
0
-2.3011
0
0
0
0
0
0
0
0
0
0
0
0
0
0
0
0
0
0
0
0
0
0
0
0
0
0
-0.93932
-0.93856
-0.93459
-0.93458
-0.93301
-0.93269
-0.93235
-0.93389
-0.93118
-0.9273
-0.92821
-0.92815
-0.92783
-0.92782
-0.94183
-0.92892
-0.92302
-0.94182
-0.9288
-0.92597
-0.92597
0
0
0
0
0
0
0
0
0
0
0
0
0
0
0
0
0
0
0
0
0
0
0
0
0
0
0
0
0
0
0
0
0
0
0
0
0
0
0
19.5658
0
0
0
0
0
0
0
0
0
0
0
0
0
0
0
0
0
0
0
0
0
0
0
0
0
0
0
0
0
0
0
0
0
0
0
0
0
0
0
0
0
0
0
0
0
0
0
0
0
0
0
0
0
0
0
0
0
0
0
0
0
0
0
0
-0.9393
-0.93853
-0.93457
-0.93456
-0.93297
-0.93265
-0.93231
-0.93385
-0.93113
-0.92727
-0.92818
-0.92812
-0.92779
-0.9278
-0.94179
-0.92889
-0.923
-0.94179
-0.92876
-0.92594
-0.92594
0
0
0
0
0
0
0
0
0
0
0
0
0
0
0
0
0
0
0
0
0
0
0
0
0
0
0
0
0
0
0
0
0
0
0
0
0
0
0
0
19.5652
0
0
0
0
0
0
0
0
0
0
0
0
0
0
0
0
0
0
0
0
0
0
0
0
0
0
0
0
0
0
0
0
0
0
0
0
0
0
0
0
0
0
0
0
0
0
0
0
0
0
0
0
0
0
0
0
0
0
0
0
0
0
0
-0.9348
-0.934
-0.93005
-0.93005
-0.92845
-0.92813
-0.92777
-0.92933
-0.92661
-0.92274
-0.92367
-0.92365
-0.92325
-0.92326
-0.93724
-0.92435
-0.91845
-0.93724
-0.92422
0
0
0
0
0
0
0
0
0
0
0
0
0
0
0
0
0
0
0
0
0
0
0
0
0
0
0
0
0
0
0
0
0
0
0
0
0
0
0
0
0
0
0
17.6273
0
0
0
0
0
0
0
0
0
0
0
0
0
0
0
0
0
0
0
0
0
0
0
0
0
0
0
0
0
0
0
0
0
0
0
0
0
0
0
0
0
0
0
0
0
0
0
0
0
0
0
0
0
0
0
0
0
0
0
0
0
0
-0.96111
-0.96026
-0.95627
-0.95616
-0.95484
-0.95416
-0.95418
-0.95575
-0.95304
-0.94913
-0.95009
-0.9499
-0.94963
-0.94963
0
0
-0.94481
0
0
0
0
0
0
0
0
0
0
0
0
0
0
0
0
0
0
0
0
0
0
0
0
0
0
0
0
0
0
0
0
0
0
0
0
0
0
0
0
0
0
0
0
0
0
16.1491
0
0
0
0
0
0
0
0
0
0
0
0
0
0
0
0
0
0
0
0
0
0
0
0
0
0
0
0
-1.8501
0
0
0
0
0
0
0
0
0
0
0
0
0
0
0
0
0
0
0
0
0
0
0
0
0
0
0
0
0
0
0
0
-0.94233
-0.94141
-0.93751
-0.93743
-0.9362
-0.93397
-0.93551
-0.93708
-0.9344
-0.93053
-0.93151
-0.93126
-0.93104
-0.93104
0
0
0
0
0
0
0
0
0
0
0
0
0
0
0
0
0
0
0
0
0
0
0
0
0
0
0
0
0
0
0
0
0
0
0
0
0
0
0
0
0
0
0
0
0
0
0
0
0
0
14.5738
0
0
0
0
0
0
0
0
0
0
0
0
0
0
0
0
0
0
0
0
0
0
0
0
0
-1.4826
0
0
0
0
0
0
0
0
0
0
0
0
0
0
0
0
0
0
0
0
0
0
0
0
0
0
0
0
0
0
0
0
0
0
-1.0175
-1.0167
-1.0127
-1.0127
-1.0114
-1.0112
-1.0107
-1.0123
-1.0096
-1.0057
-1.0067
0
-1.0062
-1.0062
0
0
0
0
0
0
0
0
0
0
0
0
0
0
0
0
0
0
0
0
0
0
0
0
0
0
0
0
0
0
0
0
0
0
0
0
0
0
0
0
0
0
0
0
0
0
0
0
0
0
0
13.1395
0
0
0
0
0
0
0
0
0
0
0
0
0
0
0
0
0
0
0
0
0
0
0
0
0
0
0
0
0
0
0
0
0
0
0
0
0
0
0
0
0
0
0
0
0
0
0
0
0
0
0
0
0
0
0
0
0
0
0
-1.0488
-1.052
-1.0442
-1.044
-1.0429
-1.0425
-1.0423
-1.0438
-1.041
-1.0368
0
0
0
0
0
0
0
0
0
0
0
0
0
0
0
0
0
0
0
0
0
0
0
0
0
0
0
0
0
0
0
0
0
0
0
0
0
0
0
0
0
0
0
0
0
0
0
0
0
0
0
0
0
0
0
0
12.0655
0
0
0
0
0
0
0
0
0
0
0
0
0
-1.6273
0
0
0
0
0
0
0
0
0
0
0
0
0
0
0
0
0
0
0
0
0
0
0
0
0
0
0
0
0
0
0
0
0
0
0
0
0
0
0
0
0
0
0
0
-1.0285
-1.0272
-1.0232
-1.0236
-1.0228
-1.0223
-1.022
-1.0237
-1.0209
0
0
0
0
0
0
0
0
0
0
0
0
0
0
0
0
0
0
0
0
0
0
0
0
0
0
0
0
0
0
0
0
0
0
0
0
0
0
0
0
0
0
0
0
0
0
0
0
0
0
0
0
0
0
0
0
0
0
11.8173
0
0
0
0
0
0
0
0
0
0
0
0
0
0
0
0
0
0
0
0
0
0
0
0
0
0
0
0
0
0
0
0
0
0
0
0
0
0
0
0
0
0
0
0
0
0
0
0
-2.6029
0
0
0
0
0
0
0
0
-1.0979
-1.0969
-1.0928
-1.0926
-1.0921
-1.0916
-1.0914
-1.0931
0
0
0
0
0
0
0
0
0
0
0
0
0
0
0
0
0
0
0
0
0
0
0
0
0
0
0
0
0
0
0
0
0
0
0
0
0
0
0
0
0
0
0
0
0
0
0
0
0
0
0
0
0
0
0
0
0
0
0
0
10.3114
0
0
0
0
0
0
0
0
0
0
0
0
0
0
0
0
0
0
0
0
0
0
0
0
0
0
0
0
-1.563
0
0
0
0
0
0
0
0
0
0
0
0
0
0
0
0
0
0
0
0
0
0
0
0
0
0
0
-1.4367
0
0
0
-1.4357
0
0
0
0
0
0
0
0
0
0
0
0
0
0
0
0
0
0
0
0
0
0
0
0
0
0
0
0
0
0
0
0
0
0
0
-1.4185
0
0
0
0
0
0
0
0
0
0
0
0
0
0
0
0
0
0
0
0
0
0
0
0
0
0
0
0
8.6147
0
0
0
0
0
0
0
0
0
0
0
0
0
-1.5465
0
0
0
0
0
0
0
0
0
0
0
0
0
0
0
0
0
0
0
0
0
0
0
0
0
0
0
0
0
0
0
0
0
0
0
0
0
0
0
-2.7772
0
0
0
0
0
0
0
0
0
0
0
0
0
0
0
0
0
0
0
0
0
0
0
0
0
0
0
0
0
0
0
0
0
0
0
0
0
0
0
0
0
0
0
0
0
0
0
0
-1.5854
0
0
0
0
0
0
0
0
0
0
-1.5577
0
0
0
0
0
0
0
0
0
0
0
10.0009
0
0
0
0
0
0
0
0
0
0
0
-2.0382
0
0
0
0
0
0
0
0
0
0
0
0
0
0
0
0
0
0
0
0
0
0
0
0
0
0
0
0
0
0
0
0
-2.4098
0
0
0
0
0
-2.4098
0
0
0
-1.4636
-1.4626
-1.4585
0
-1.4603
0
-1.459
0
0
0
0
0
0
0
0
0
0
0
0
0
0
0
0
0
0
0
0
0
0
0
0
0
0
0
0
0
0
0
0
0
0
0
0
0
0
0
0
0
0
0
0
0
0
0
0
0
0
0
0
0
0
0
0
0
0
0
0
0
0
0
0
7.304
0
0
0
0
0
0
0
0
0
0
0
0
0
0
0
0
0
0
0
0
0
0
0
0
0
0
0
0
0
0
0
0
0
0
0
0
0
0
0
0
0
0
0
0
0
0
0
0
0
0
0
0
0
0
0
0
0
0
0
0
0
0
0
0
0
0
0
0
0
0
0
0
0
0
0
0
0
0
0
0
0
0
-1.7327
0
0
0
0
0
0
0
0
0
0
0
0
0
0
0
0
0
0
0
0
0
0
0
0
0
0
0
0
0
0
0
0
0
0
0
0
0
0
0
0
0
0
8.3132
0
-2.0071
0
0
0
0
0
0
0
-2.1062
0
0
0
0
0
0
0
0
0
0
0
0
0
-2.4673
0
0
0
0
0
0
0
0
0
0
0
0
0
0
0
0
0
0
0
0
0
0
0
0
0
0
0
0
0
-1.4789
0
0
0
0
0
0
0
0
0
0
0
0
0
0
0
0
0
0
0
0
0
0
0
0
0
0
0
0
0
-1.4511
0
0
0
0
0
0
0
0
0
0
0
0
0
0
0
0
0
0
0
0
0
0
0
0
0
0
0
0
0
0
0
0
0
0
0
0
0
0
0
0
0
5.5557
0
0
0
0
0
-2.2212
0
0
0
0
0
0
0
0
0
0
0
0
0
0
0
0
0
0
0
0
0
0
0
0
0
0
0
0
0
0
0
0
0
0
0
0
0
0
0
-0.40444
0
0
0
0
0
0
0
0
0
0
0
0
0
0
0
0
0
0
0
0
0
0
0
0
0
0
0
0
0
0
0
0
-1.5971
0
0
0
0
0
0
0
0
0
0
0
0
0
0
0
0
0
0
-1.5902
0
0
0
0
0
0
0
0
0
0
0
0
0
0
0
0
0
0
0
0
0
0
0
0
0
-2.0071
0
7.3087
0
0
0
0
0
0
0
0
0
-2.1143
0
0
0
0
0
0
0
0
0
0
0
0
0
0
0
0
0
0
0
0
0
0
0
0
0
0
0
0
0
0
0
0
0
0
0
0
0
0
0
0
-1.7401
0
0
0
0
0
0
0
0
0
0
0
0
0
0
0
0
0
0
0
0
0
0
0
0
0
0
0
0
0
0
0
0
0
0
0
0
0
0
0
0
0
0
-1.7173
0
0
0
0
0
0
0
0
0
0
0
0
0
0
0
0
0
0
0
0
0
0
0
0
0
0
0
0
0
0
0
7.7602
0
0
0
0
0
0
0
0
0
0
0
0
0
0
0
0
0
0
0
-1.9271
0
0
0
0
0
0
0
0
0
0
0
0
0
0
0
0
0
0
0
0
0
0
0
0
0
0
0
0
-2.3757
0
0
0
0
0
0
0
0
0
0
0
0
0
0
0
0
0
0
0
0
0
0
0
0
0
0
-1.7951
0
0
0
0
0
0
0
-1.7875
0
0
0
0
0
0
0
0
0
0
0
0
0
-1.7779
0
0
0
0
0
0
0
0
0
0
0
0
0
0
0
0
0
0
0
0
0
0
0
0
0
0
0
6.2864
0
0
0
0
0
0
0
0
0
0
0
0
0
0
0
0
0
0
0
0
0
0
0
0
0
0
0
0
0
0
0
-0.92596
0
0
0
0
0
0
0
0
0
0
0
0
0
0
0
0
0
0
0
-1.3606
0
0
0
0
0
0
0
0
0
0
0
0
0
0
0
0
0
0
0
0
0
0
0
0
0
0
0
0
0
0
0
0
0
0
-1.353
0
0
0
0
0
0
0
0
0
0
0
0
0
0
0
0
-1.3502
0
0
0
0
0
0
0
0
0
0
0
0
0
0
0
0
0
0
0
0
0
6.0472
0
0
0
0
0
0
0
0
0
0
0
0
0
0
0
-1.9833
0
0
0
0
0
0
0
0
0
0
0
0
0
0
0
0
0
0
0
0
0
0
0
0
0
0
0
0
0
0
0
0
0
0
0
0
0
0
0
0
0
0
0
0
0
0
0
0
0
0
0
0
0
-1.9051
0
0
0
0
0
0
0
0
0
0
0
-1.8944
0
0
0
0
0
0
0
0
0
0
0
0
0
0
0
0
0
0
0
0
0
0
0
0
0
0
0
0
0
0
0
0
0
0
0
0
0
0
0
0
0
0
0
7.938
0
0
0
0
0
0
0
-2.0707
0
0
0
0
0
0
0
-2.0678
0
0
0
0
0
0
0
0
0
0
0
0
0
0
0
0
0
0
0
0
0
0
0
0
0
0
0
0
0
0
0
0
0
0
0
0
0
0
0
0
0
0
0
0
0
0
0
0
0
0
0
0
0
-1.1444
0
0
0
0
0
0
0
0
0
0
0
0
0
0
0
0
0
0
0
0
0
0
0
0
0
0
0
0
0
0
0
0
0
0
0
0
0
0
0
0
0
0
0
0
0
0
0
0
0
-2.2212
0
0
0
0
0
7.0055
-1.7642
0
0
0
0
0
0
0
0
0
0
0
0
0
0
0
0
0
0
0
0
0
0
0
0
0
0
0
0
0
0
0
-1.8757
0
0
0
0
0
0
0
0
0
0
0
0
0
0
0
0
0
0
0
0
0
0
0
0
0
0
0
0
0
0
0
0
0
-1.7763
0
0
0
0
0
0
0
0
0
0
0
0
0
0
0
-1.7689
0
0
0
0
0
0
0
0
0
0
0
0
0
0
0
0
0
0
0
0
0
0
0
0
0
0
0
0
-1.6273
0
0
0
0
0
0
0
0
0
0
0
0
-1.7642
6.9367
0
0
0
0
0
0
0
0
0
0
0
0
0
0
0
0
0
0
0
0
0
0
0
0
0
0
0
0
0
0
0
0
0
0
0
0
0
0
0
0
0
0
0
0
0
0
0
0
0
0
0
0
0
0
-2.0701
0
0
0
0
0
0
0
0
0
0
-2.061
0
0
0
0
0
0
0
0
0
0
0
0
0
0
0
0
0
0
0
0
0
0
0
0
0
0
0
0
0
0
0
0
0
0
0
0
0
0
0
0
0
0
0
0
0
0
0
0
0
0
0
0
0
0
0
0
0
0
0
6.9653
0
0
0
0
0
0
0
0
0
0
0
0
0
0
0
0
0
0
-2.8341
0
0
0
0
0
0
0
0
0
0
0
0
0
0
0
0
0
0
0
0
0
0
0
0
0
0
0
0
0
0
0
0
0
0
0
0
0
0
0
0
0
0
0
0
0
0
0
0
0
0
0
0
0
0
0
0
0
0
0
0
0
0
0
0
0
0
0
0
0
0
0
0
0
0
0
0
0
0
-2.1735
0
0
0
0
0
0
0
0
0
0
0
0
0
0
0
-2.0382
0
-2.1062
0
0
0
0
0
0
0
0
0
6.3179
0
0
0
0
0
0
0
0
0
0
0
0
0
0
0
0
0
0
0
0
0
0
0
0
0
0
0
0
0
0
0
0
0
0
0
0
0
0
0
0
0
0
0
0
0
0
0
0
0
0
0
0
0
0
0
0
0
0
0
0
0
0
0
0
0
0
0
0
0
0
0
0
0
0
0
0
0
0
0
0
0
0
0
0
0
0
0
0
0
0
0
0
0
0
0
0
-0.71456
0
0
0
0
0
0
0
0
0
0
0
0
0
0
-1.5465
0
0
0
0
0
0
0
0
0
0
0
0
0
3.877
0
0
0
0
0
0
0
0
0
0
0
0
0
0
0
0
0
0
0
0
0
0
0
0
0
0
0
0
0
0
0
0
0
0
0
0
-1.6159
0
0
0
0
0
0
0
0
0
0
0
0
0
0
0
0
0
0
0
0
0
0
0
0
0
-1.8729
0
0
0
0
0
0
0
0
0
0
0
0
0
0
0
0
-1.8651
0
0
0
0
0
0
0
0
0
0
0
0
0
0
0
0
0
0
0
0
0
0
0
0
0
0
0
0
0
0
0
0
0
0
0
-2.1143
0
0
0
0
0
0
0
0
0
5.8523
0
0
0
0
0
0
0
0
0
0
0
0
0
0
0
0
0
0
0
0
0
0
0
0
0
0
0
0
0
0
0
0
0
0
0
0
0
0
0
0
0
0
0
0
0
0
0
0
0
0
0
-3.0323
0
0
0
0
0
0
0
0
0
0
0
0
0
0
0
0
0
0
0
0
0
0
0
0
0
0
0
0
0
0
0
0
0
0
0
0
0
0
0
0
-2.94
0
0
0
0
0
0
0
0
0
0
0
0
0
0
0
0
0
0
0
0
0
0
0
0
0
0
0
0
0
0
0
0
5.9724
0
0
0
0
0
0
0
0
0
0
0
0
0
0
0
0
0
0
0
0
0
0
0
0
0
0
0
0
0
0
0
0
0
0
0
0
0
0
0
0
0
0
0
0
0
0
0
0
0
0
0
0
0
0
0
0
0
0
0
0
0
0
0
0
0
0
0
0
0
0
0
0
0
0
0
0
0
0
0
0
0
0
0
0
0
0
0
0
0
0
0
0
0
0
0
0
0
0
0
0
0
0
0
0
0
0
0
0
0
0
0
0
0
0
0
0
0
-2.0707
0
0
0
0
0
0
0
4.8602
0
-2.7896
0
0
0
0
0
0
0
0
0
0
0
0
0
0
0
0
0
0
0
0
0
0
0
0
0
0
0
0
0
0
0
0
0
0
0
0
0
0
0
0
0
0
0
0
0
0
0
0
0
0
0
-2.5334
0
0
0
0
0
0
0
0
0
0
0
0
0
0
0
0
0
0
0
0
0
0
0
0
0
0
0
0
0
0
0
0
0
0
0
0
0
0
0
0
0
-2.5059
0
0
0
0
0
0
0
0
0
0
0
0
0
0
0
0
0
0
0
0
0
0
0
0
0
0
0
0
0
5.0393
0
0
0
0
0
0
0
0
0
0
0
0
0
0
0
0
0
0
0
0
0
0
0
0
0
0
0
0
0
0
0
0
0
0
0
0
0
0
0
0
0
0
0
0
0
0
0
0
0
0
0
0
0
0
0
0
0
0
0
0
0
0
0
0
0
0
0
0
0
0
0
0
0
0
0
0
0
0
0
0
-2.5055
0
0
0
0
0
0
0
0
0
0
0
0
0
0
0
0
0
0
0
0
0
0
0
0
0
0
0
0
0
0
0
0
0
0
0
0
0
0
0
0
0
0
-2.7896
0
5.295
0
0
0
0
0
0
0
0
0
0
0
0
0
0
0
0
0
0
0
0
0
0
0
0
0
0
0
0
0
0
0
0
0
0
0
0
0
0
0
0
0
0
0
0
0
0
0
0
0
0
0
0
0
0
0
0
0
0
0
0
0
0
0
0
0
0
0
0
0
0
0
0
0
0
0
0
0
0
0
0
0
0
0
0
0
0
0
0
0
0
0
0
-2.7362
0
0
0
0
0
0
0
0
0
0
0
0
0
0
0
0
0
0
0
0
0
0
0
0
0
0
0
0
0
0
0
0
5.492
0
0
0
0
0
0
-2.7558
0
0
0
0
0
0
0
0
0
0
0
0
0
0
0
0
0
0
0
0
0
0
0
0
0
0
0
0
0
0
0
0
0
-1.5728
0
0
0
0
0
0
0
0
0
0
0
0
0
0
0
0
0
0
0
0
0
0
0
0
0
0
0
0
0
0
0
0
0
0
0
0
0
0
0
0
0
0
0
0
0
0
0
0
0
0
0
0
0
0
0
0
0
0
-1.4826
0
0
0
0
0
0
0
0
0
0
0
0
0
0
0
0
0
0
0
0
0
0
0
0
0
3.0554
0
0
0
0
0
0
0
0
0
0
0
0
0
0
0
0
0
0
0
0
0
0
0
0
0
0
0
0
0
0
0
0
0
0
0
0
0
0
0
0
0
0
0
0
0
0
0
0
0
0
0
0
-2.5137
0
0
0
0
0
0
0
0
0
0
0
0
0
0
0
0
0
0
0
0
0
0
0
0
0
0
0
0
0
0
0
0
0
0
0
0
0
0
0
0
0
0
0
0
0
0
0
0
0
0
0
0
0
0
0
0
0
0
0
0
0
0
0
0
0
0
0
0
0
0
0
0
5.2952
0
0
-2.7815
0
0
0
0
0
0
0
0
0
0
0
0
0
0
0
0
0
0
0
0
0
0
0
0
0
0
0
0
0
0
0
0
0
0
0
0
0
0
0
0
0
0
0
0
0
0
0
0
0
0
0
0
0
0
0
0
-1.9893
0
0
0
0
0
0
0
0
0
0
0
0
0
0
0
0
0
0
0
0
0
0
0
0
0
0
0
0
0
0
0
0
0
0
0
0
-1.8501
0
0
0
0
0
0
0
0
0
0
0
0
0
0
0
0
0
0
0
0
0
0
0
0
0
0
0
0
3.8395
0
0
0
0
0
0
0
0
0
0
0
0
0
0
0
0
0
0
0
0
0
0
0
0
0
0
0
0
0
0
0
0
0
0
0
0
0
0
0
0
0
0
0
0
0
0
0
0
0
0
0
0
0
0
0
0
0
0
0
0
0
0
0
0
0
0
0
0
0
0
0
0
0
0
-1.2217
0
0
0
0
0
0
0
0
0
0
0
0
0
0
0
0
0
0
0
0
0
0
0
0
0
0
0
0
0
0
0
0
0
0
-1.9833
0
0
0
0
0
0
0
0
0
0
0
0
0
0
0
3.205
0
0
0
0
0
0
0
0
0
0
0
0
0
0
0
0
0
0
0
0
0
0
0
0
0
0
0
0
0
0
0
0
0
0
0
0
0
0
0
0
0
0
0
0
0
0
0
0
0
0
0
0
0
0
0
0
0
0
0
0
0
0
0
0
0
0
0
0
0
0
0
0
0
0
0
0
0
0
0
0
0
0
0
0
0
0
0
0
0
0
0
0
0
0
0
0
0
0
0
0
0
0
0
0
0
0
0
0
0
-2.0678
0
0
0
0
0
0
0
0
0
0
0
0
-2.7815
0
0
4.8493
0
0
0
0
0
0
0
0
0
0
0
0
0
0
0
0
0
0
0
0
0
0
0
0
0
0
0
0
0
0
0
0
0
0
0
0
0
0
0
0
0
0
0
0
0
0
0
0
0
0
0
0
0
0
0
0
0
0
-1.5693
0
0
0
0
0
0
0
0
0
0
0
0
0
0
0
0
0
0
0
0
0
0
0
0
0
0
0
0
0
0
0
0
0
0
0
0
0
0
0
0
0
0
0
0
0
0
-1.9271
0
0
0
0
0
0
0
0
0
0
0
0
0
0
0
0
0
0
0
3.4964
0
0
0
0
0
0
0
0
0
0
0
0
0
0
0
0
0
0
0
0
0
0
0
0
0
0
0
0
0
0
0
0
0
0
0
0
0
0
0
0
0
0
0
0
0
0
0
0
0
0
0
0
0
0
0
0
0
0
0
0
0
0
0
0
0
0
0
0
0
0
0
0
0
0
0
0
0
0
0
0
0
0
0
0
0
0
0
0
0
0
0
0
0
0
0
0
0
0
0
0
0
-2.4673
0
0
0
0
0
0
0
0
0
0
0
0
0
0
0
0
-2.7558
0
0
0
0
0
0
5.2231
0
0
0
0
0
0
0
0
0
0
0
0
0
0
0
0
0
0
0
0
0
0
0
0
0
0
0
0
0
0
0
0
0
0
0
0
0
0
0
0
0
0
0
0
0
0
0
0
0
0
0
0
0
0
0
0
0
0
0
0
0
0
0
0
0
0
0
0
0
0
0
0
0
0
0
0
0
0
0
0
-1.4958
0
0
0
0
0
0
0
0
0
0
0
0
0
0
0
-1.563
0
0
0
0
0
0
0
0
0
0
0
0
0
0
0
0
0
0
0
0
0
0
0
0
0
0
0
0
3.0589
0
0
0
0
0
0
0
0
0
0
0
0
0
0
0
0
0
0
0
0
0
0
0
0
0
0
0
0
0
0
0
0
0
0
0
0
0
0
0
0
0
0
0
0
0
0
0
0
0
0
0
0
0
0
0
0
0
0
0
0
0
-2.4529
0
0
0
0
0
0
0
0
0
0
0
0
0
0
0
0
0
0
0
0
0
0
0
0
-2.3011
0
0
0
0
0
0
0
0
0
0
0
0
0
0
0
0
0
0
0
0
0
0
0
0
0
0
0
0
0
0
0
0
0
0
0
0
0
0
4.754
0
0
0
0
0
0
0
0
0
0
0
0
0
0
0
0
0
0
0
0
0
0
0
0
0
0
0
0
-5.638
0
0
0
0
0
0
0
0
0
0
0
0
0
0
0
0
0
0
0
0
0
0
0
0
0
0
0
0
0
0
0
0
0
0
0
0
0
0
0
0
0
0
0
0
0
0
0
0
0
0
0
0
0
0
0
0
0
0
0
0
0
0
0
0
0
0
0
0
0
0
0
0
0
0
0
0
0
0
0
0
0
0
0
0
0
0
0
0
0
0
0
0
0
0
0
0
5.638
0
0
0
0
0
0
0
0
0
0
0
0
0
0
0
0
0
0
0
0
0
0
0
0
0
0
0
0
0
0
0
0
0
0
0
0
0
0
0
0
0
0
0
0
0
0
0
0
0
0
0
0
0
0
0
0
0
0
0
0
0
0
0
0
0
0
0
0
0
0
0
0
0
0
0
0
0
0
0
0
0
0
0
0
0
0
0
0
0
0
0
0
0
0
0
0
0
0
0
0
0
0
0
0
0
0
-2.8341
0
0
0
0
0
0
0
0
0
0
0
0
0
0
0
0
0
0
2.8341
0
0
0
0
0
0
0
0
0
0
0
0
0
0
0
0
0
0
0
0
0
0
0
0
0
0
0
0
0
0
0
0
0
0
0
0
0
0
0
0
0
0
0
0
0
0
0
0
0
0
0
0
0
0
0
0
0
0
0
0
0
0
0
0
0
0
0
0
0
0
0
0
0
0
0
0
0
0
0
0
0
0
-2.7687
0
0
0
0
0
0
0
0
0
0
0
0
0
0
0
0
0
0
0
0
0
0
0
0
0
0
0
0
0
0
0
0
0
0
0
0
0
0
0
0
0
0
2.7687
0
0
0
0
0
0
0
0
0
0
0
0
0
0
0
0
0
0
0
0
0
0
0
0
0
0
0
0
0
0
0
0
0
0
0
0
0
0
0
0
0
0
0
0
0
0
0
0
0
0
0
0
0
0
0
0
0
0
0
0
0
0
0
0
0
0
0
0
0
0
0
0
0
0
0
0
0
0
-3.7506
0
0
0
0
0
0
0
0
0
0
0
0
0
0
0
0
0
0
0
0
0
0
0
0
0
0
0
0
0
0
0
0
0
0
0
0
0
0
0
0
0
0
0
0
0
0
3.7506
0
0
0
0
0
0
0
0
0
0
0
0
0
0
0
0
0
0
0
0
0
0
0
0
0
0
0
0
0
0
0
0
0
0
0
0
0
0
0
0
0
0
0
0
0
0
-4.6325
0
0
0
0
0
0
0
0
0
0
0
0
0
0
0
0
0
0
0
0
0
0
0
0
0
0
0
0
0
0
0
0
0
0
0
0
0
0
0
0
0
0
0
0
0
0
0
0
0
0
0
0
0
0
0
0
0
0
0
0
0
0
0
0
0
0
0
0
0
0
0
0
0
0
0
0
0
0
4.6325
0
0
0
0
0
0
0
0
0
0
0
0
0
0
0
0
0
0
0
0
0
0
0
0
0
0
0
0
0
0
0
0
0
0
0
-5.1432
0
0
0
0
0
0
0
0
0
0
0
0
0
0
0
0
0
0
0
0
0
0
0
0
0
0
0
0
0
0
0
0
0
0
0
0
0
0
0
0
0
0
0
0
0
0
0
0
0
0
0
0
0
0
0
0
0
0
0
0
0
0
0
0
0
0
0
0
0
0
0
0
0
0
0
0
0
0
0
0
0
0
0
0
0
0
0
0
0
5.1432
0
0
0
0
0
0
0
0
0
0
0
0
0
0
0
0
0
0
0
0
0
0
0
0
0
0
0
0
0
0
0
0
0
0
0
0
0
0
0
0
0
0
0
0
0
0
0
0
0
0
0
0
0
0
0
0
0
0
0
0
0
0
0
0
0
0
0
0
0
0
0
0
0
0
0
0
0
-3.5094
0
0
0
0
0
0
0
0
0
0
0
0
0
0
0
0
0
0
0
0
0
0
0
0
0
0
0
0
0
0
0
0
0
0
0
0
0
0
0
0
0
0
0
0
0
0
0
3.5094
0
0
0
0
0
0
0
0
0
0
0
0
0
0
0
0
0
0
0
0
-5.7188
0
0
0
0
0
0
0
0
0
0
0
0
0
0
0
0
0
0
0
0
0
0
0
0
0
0
0
0
0
0
0
0
0
0
0
0
0
0
0
0
0
0
0
0
0
0
0
0
0
0
0
0
0
0
0
0
0
0
0
0
0
0
0
0
0
0
0
0
0
0
0
0
0
0
0
0
0
0
0
0
0
0
0
0
0
0
0
0
0
0
0
0
0
0
0
0
0
0
0
0
0
0
0
0
5.7188
0
0
0
0
0
0
0
0
0
0
0
0
0
0
0
0
0
0
0
0
0
0
0
0
0
0
0
0
0
0
0
0
0
0
0
0
0
0
0
0
0
0
0
0
0
0
0
-4.3005
0
0
0
0
0
0
0
0
0
0
0
0
0
0
0
0
0
0
0
0
0
0
0
0
0
0
0
0
0
0
0
0
0
0
0
0
0
0
0
0
0
0
0
0
0
0
0
0
0
0
0
0
0
0
0
0
0
0
0
0
0
0
0
0
0
0
0
0
0
0
0
0
0
0
0
0
0
4.3005
0
0
0
0
0
0
0
0
0
0
0
0
0
0
0
0
0
0
0
0
0
0
0
0
0
0
0
0
0
0
0
0
0
0
0
0
0
0
0
0
0
0
0
0
0
0
0
0
0
0
0
0
0
0
0
0
0
0
0
0
0
0
0
0
0
0
0
0
0
0
0
0
0
0
0
0
0
0
0
0
0
0
0
0
0
0
0
0
0
0
0
0
0
-0.92596
0
0
0
0
0
0
0
0
0
0
0
0
0
0
0
0
0
0
0
0
0
0
0
0
0
0
0
0
0
0
0
0.92596
0
0
0
0
0
0
0
0
0
0
0
0
0
0
0
0
0
0
0
0
0
0
0
0
0
0
0
0
0
0
0
0
0
0
0
0
0
0
0
0
0
0
0
0
0
0
0
0
0
0
0
0
0
0
0
0
0
0
0
0
0
0
0
0
0
0
0
-3.749
0
0
0
0
0
0
0
0
0
0
0
0
0
0
0
0
0
0
0
0
0
0
0
0
0
0
0
0
0
0
0
0
0
0
0
0
0
0
0
0
0
0
0
0
0
0
0
0
0
0
0
0
0
0
0
0
0
3.749
0
0
0
0
0
0
0
0
0
0
0
0
0
0
0
0
0
0
0
0
0
0
0
0
0
0
0
0
0
0
0
0
0
0
0
0
0
0
0
0
0
0
0
0
0
0
0
0
0
0
0
0
0
0
0
0
0
0
0
0
0
0
0
0
0
0
0
0
0
0
0
0
-3.5094
0
0
0
0
0
0
0
0
0
0
0
0
0
0
0
0
0
0
0
0
0
0
0
0
0
0
0
0
0
0
0
0
0
0
0
0
0
0
0
0
0
0
0
0
0
0
0
0
0
0
0
0
3.5094
0
0
0
0
0
0
0
0
0
0
0
0
0
0
0
0
0
0
0
0
0
0
0
0
0
0
0
0
0
0
0
0
0
0
0
0
0
0
0
-4.6323
0
0
0
0
0
0
0
0
0
0
0
0
0
0
0
0
0
0
0
0
0
0
0
0
0
0
0
0
0
0
0
0
0
0
0
0
0
0
0
0
0
0
0
0
0
0
0
0
0
0
0
0
0
0
0
0
0
0
0
0
0
0
0
0
0
0
0
0
0
0
0
0
0
0
0
0
0
0
0
0
0
0
0
0
0
4.6323
0
0
0
0
0
0
0
0
0
0
0
0
0
0
0
0
0
0
0
0
0
0
0
0
0
0
0
0
0
0
0
0
0
0
0
0
0
0
0
0
0
0
0
0
0
0
0
0
0
0
0
0
0
0
0
0
0
0
0
0
0
0
0
0
0
0
0
0
0
0
0
0
0
0
0
0
0
0
0
0
0
0
0
0
0
0
0
0
0
0
0
0
-1.8757
0
0
0
0
0
0
0
0
0
0
0
0
0
0
0
0
0
0
0
0
0
0
0
0
0
0
0
0
0
0
0
0
1.8757
0
0
0
0
0
0
0
0
0
0
0
0
0
0
0
0
0
0
0
0
0
0
0
0
0
0
0
0
0
0
0
0
0
0
0
0
0
0
0
0
0
0
0
0
0
0
0
0
0
0
0
0
0
0
0
0
0
0
0
0
0
0
0
0
0
0
0
-3.7506
0
0
0
0
0
0
0
0
0
0
0
0
0
0
0
0
0
0
0
0
0
0
0
0
0
0
0
0
0
0
0
0
0
0
0
0
0
0
0
0
0
0
0
0
0
0
0
0
0
0
0
0
0
0
0
0
0
3.7506
0
0
0
0
0
0
0
0
0
0
0
-5.7204
0
0
0
0
0
0
0
0
0
0
0
0
0
0
0
0
0
0
0
0
0
0
0
0
0
0
0
0
0
0
0
0
0
0
0
0
0
0
0
0
0
0
0
0
0
0
0
0
0
0
0
0
0
0
0
0
0
0
0
0
0
0
0
0
0
0
0
0
0
0
0
0
0
0
0
0
0
0
0
0
0
0
0
0
0
0
0
0
0
0
0
0
0
0
0
0
0
0
0
0
0
0
0
0
0
0
0
0
0
0
0
0
0
5.7204
0
0
0
0
0
0
0
0
0
0
0
0
0
0
0
0
0
0
0
0
0
0
0
0
0
0
0
0
0
0
0
0
0
0
0
0
0
0
0
0
0
0
0
0
0
0
0
0
0
0
0
0
0
0
0
0
0
0
0
0
0
0
0
0
0
0
0
0
0
0
0
0
0
0
0
0
0
0
0
0
-2.4098
0
0
0
0
0
0
0
0
0
0
0
0
0
0
0
0
0
0
0
0
0
0
0
0
0
0
0
0
0
0
0
0
0
0
0
0
0
0
0
0
0
0
0
0
2.4098
0
0
0
0
0
0
0
0
0
0
0
0
0
0
0
0
0
0
0
0
0
0
0
0
0
0
0
0
0
0
0
0
0
0
0
0
0
0
0
0
0
0
0
0
0
0
0
0
0
0
0
0
0
0
0
0
0
0
0
0
0
0
0
0
0
0
0
0
0
0
0
0
0
0
0
0
-2.6029
0
0
0
0
0
0
0
0
0
0
0
0
0
0
0
0
0
0
0
0
0
0
0
0
0
0
0
0
0
0
0
0
0
0
0
0
0
0
0
0
0
0
0
0
0
0
0
0
2.6029
0
0
0
0
0
0
0
0
0
0
0
0
0
0
0
0
0
0
0
0
0
0
0
0
0
0
0
0
0
0
0
0
0
0
0
0
0
0
0
0
0
0
0
0
0
0
0
0
0
0
0
0
0
0
0
0
0
0
0
0
0
0
0
0
-3.5059
0
0
0
0
0
0
0
0
0
0
0
0
0
0
0
0
0
0
0
0
0
0
0
0
0
0
0
0
0
0
0
0
0
0
0
0
0
0
0
0
0
0
0
0
0
0
0
0
0
0
0
0
0
0
0
0
0
0
0
0
3.5059
0
0
0
0
0
0
0
0
0
0
-5.6708
0
0
0
0
0
0
0
0
0
0
0
0
0
0
0
0
0
0
0
0
0
0
0
0
0
0
0
0
0
0
0
0
0
0
0
0
0
0
0
0
0
0
0
0
0
0
0
0
0
0
0
0
0
0
0
0
0
0
0
0
0
0
0
0
0
0
0
0
0
0
0
0
0
0
0
0
0
0
0
0
0
0
0
0
0
0
0
0
0
0
0
0
0
0
0
0
0
0
0
0
0
0
0
0
0
0
0
0
0
0
0
0
0
0
5.6708
0
0
0
0
0
0
0
0
0
0
0
0
0
0
0
0
0
0
0
0
0
0
0
0
0
0
0
0
0
0
0
0
0
0
0
0
0
0
0
0
0
0
0
0
0
0
0
0
0
0
0
0
0
0
0
0
0
0
0
0
0
0
0
0
0
0
0
0
0
0
0
0
0
0
0
0
0
0
0
-0.40444
0
0
0
0
0
0
0
0
0
0
0
0
0
0
0
0
0
0
0
0
0
0
0
0
0
0
0
0
0
0
0
0
0
0
0
0
0
0
0
0
0
0
0
0
0
0.40444
0
0
0
0
0
0
0
0
0
0
0
0
0
0
0
0
0
0
0
0
0
0
0
0
0
0
0
0
0
0
0
0
0
0
0
0
0
0
0
0
0
0
0
0
0
0
0
0
0
0
0
0
0
0
0
0
0
0
0
0
0
0
0
0
0
0
0
0
0
0
0
0
0
0
0
0
0
0
0
0
0
0
0
0
0
0
0
0
-1.6159
0
0
0
0
0
0
0
0
0
0
0
0
0
0
0
0
0
0
0
0
0
0
0
0
0
0
0
0
0
0
0
0
0
0
0
0
1.6159
0
0
0
0
0
0
0
0
0
0
0
0
0
0
0
0
0
0
0
0
0
0
0
0
0
0
0
0
0
0
0
0
0
0
0
0
0
0
0
0
0
0
0
0
0
0
0
0
0
0
0
0
0
0
0
0
0
0
0
0
0
0
0
0
0
0
0
0
0
0
0
0
0
0
-2.4098
0
0
0
0
0
0
0
0
0
0
0
0
0
0
0
0
0
0
0
0
0
0
0
0
0
0
0
0
0
0
0
0
0
0
0
0
0
0
0
0
0
0
0
0
0
0
0
0
0
0
2.4098
0
0
0
0
0
0
0
0
0
0
0
0
0
0
0
0
0
0
0
0
-5.1431
0
0
0
0
0
0
0
0
0
0
0
0
0
0
0
0
0
0
0
0
0
0
0
0
0
0
0
0
0
0
0
0
0
0
0
0
0
0
0
0
0
0
0
0
0
0
0
0
0
0
0
0
0
0
0
0
0
0
0
0
0
0
0
0
0
0
0
0
0
0
0
0
0
0
0
0
0
0
0
0
0
0
0
0
0
0
0
0
0
0
0
0
0
0
0
0
0
0
0
0
0
0
0
0
5.1431
0
0
0
0
0
0
0
0
0
0
0
0
0
0
0
0
0
0
0
0
0
0
0
0
0
0
0
0
0
0
0
0
0
0
0
0
0
0
0
0
0
0
0
0
0
0
0
0
0
0
0
0
0
0
0
0
0
0
0
0
0
0
0
0
0
0
0
0
0
0
0
-2.7772
0
0
0
0
0
0
0
0
0
0
0
0
0
0
0
0
0
0
0
0
0
0
0
0
0
0
0
0
0
0
0
0
0
0
0
0
0
0
0
0
0
0
0
0
0
0
0
0
0
0
0
0
0
2.7772
0
0
0
0
0
0
0
0
0
0
0
0
0
0
0
0
0
0
0
0
0
0
0
0
0
0
0
0
0
0
0
0
0
0
0
0
0
0
0
0
0
0
0
0
0
0
0
0
0
0
0
0
0
0
0
0
0
0
0
0
0
0
0
0
0
0
0
0
0
0
0
0
0
0
0
0
-2.3757
0
0
0
0
0
0
0
0
0
0
0
0
0
0
0
0
0
0
0
0
0
0
0
0
0
0
0
0
0
0
0
0
0
0
0
0
0
0
0
0
0
0
0
0
0
0
0
0
2.3757
