75.7733
-0.92758
-0.91668
-0.91836
-0.91269
-0.91482
-0.9118
-0.91026
-0.90587
-0.90907
-0.90468
-0.91208
-0.9002
-0.90019
-0.93186
-0.91649
-0.89407
-0.93185
-0.90716
-0.89895
-0.89895
-0.90067
-0.89684
-0.8943
-0.90365
-0.90365
-0.90954
-0.88888
-0.88948
-0.89529
-0.89571
-0.89108
-0.89571
-0.88807
-0.90058
-0.88806
-0.88812
-0.88816
-0.89649
-0.90005
-0.89224
-0.88256
-0.88561
-0.8943
-0.87939
-0.8794
-0.89782
-0.89829
-0.9006
-0.89015
-0.87767
-0.90802
-0.89934
-0.87489
-0.89513
-0.91856
-0.92359
-0.92312
-0.91689
-0.95286
-0.938
-0.93212
-0.95536
-0.9654
-1.0082
-1.1675
-1.1235
-1.2184
-1.3095
-1.6703
0
-1.9183
0
0
0
-2.1001
0
0
0
0
0
0
0
0
0
0
0
0
0
0
0
0
0
0
0
0
0
0
0
0
0
0
0
0
0
0
0
0
0
0
0
0
0
0
-7.2383
0
0
0
0
0
0
0
0
0
0
-0.92758
74.1375
-0.91347
-0.91499
-0.91085
-0.91228
-0.90927
-0.90775
-0.90337
-0.9066
-0.90203
-0.90911
-0.89748
-0.89747
-0.92916
-0.91352
-0.8914
-0.92916
-0.90445
-0.89626
-0.89627
-0.89939
-0.89415
-0.89194
-0.90106
-0.90106
-0.90697
-0.88615
-0.88748
-0.89262
-0.89304
-0.88653
-0.89303
-0.88541
-0.89819
-0.88541
-0.88544
-0.88729
-0.89364
-0.89739
-0.89083
-0.87994
-0.88285
-0.89406
-0.87677
-0.87677
-0.89511
-0.89577
-0.89802
-0.88749
-0.87497
-0.9052
-0.89615
-0.87215
-0.89208
-0.91539
-0.92071
-0.91978
-0.9143
-0.95053
-0.93498
-0.92909
-0.95227
-0.96252
-1.0049
-1.1643
-1.1328
-1.214
-1.3058
0
0
-1.9128
0
-2.2595
0
0
0
0
0
0
0
0
0
0
0
0
0
0
0
0
0
0
0
0
0
0
0
0
0
0
0
0
0
0
0
0
-7.2872
0
0
0
0
0
0
0
0
0
0
0
0
0
0
0
0
0
0
-0.91668
-0.91347
70.7747
-0.90528
-0.90177
-0.90289
-0.90019
-0.89845
-0.89402
-0.89722
-0.89281
-0.89966
-0.88832
-0.88832
-0.91904
-0.90376
-0.8822
-0.91903
-0.89525
-0.88705
-0.88706
-0.88875
-0.88496
-0.88255
-0.89146
-0.89144
-0.89756
-0.87693
-0.87834
-0.88322
-0.88385
-0.87911
-0.88386
-0.87626
-0.88825
-0.87625
-0.87627
-0.8765
-0.8843
-0.88818
-0.88162
-0.87077
-0.87371
-0.88501
-0.86763
-0.86763
-0.88586
-0.88658
-0.88885
-0.87831
-0.86581
-0.89586
-0.88659
-0.86301
-0.88298
-0.90601
-0.91141
-0.90997
-0.90512
-0.93936
-0.92593
-0.92005
-0.94322
-0.95289
-0.99575
-1.1553
-1.1121
-1.2044
-1.2967
0
0
-1.9083
0
0
0
0
0
0
0
0
0
0
0
0
0
0
0
0
0
0
0
0
0
0
0
0
0
0
0
-6.8276
0
0
0
0
0
0
0
0
0
0
0
0
0
0
0
0
0
0
0
0
0
0
0
0
0
-0.91836
-0.91499
-0.90528
70.6204
-0.90252
-0.90236
-0.90105
-0.89798
-0.89356
-0.89675
-0.89239
-0.89924
-0.88785
-0.88783
-0.91848
-0.90344
-0.88172
-0.91848
-0.89491
-0.88656
-0.88656
-0.88832
-0.88456
-0.88207
-0.89079
-0.89079
-0.89693
-0.8765
-0.87784
-0.88273
-0.88338
-0.87865
-0.88337
-0.87578
-0.88782
-0.87578
-0.87581
-0.87598
-0.8825
-0.88773
-0.88124
-0.87033
-0.87388
-0.8848
-0.86719
-0.86719
-0.88545
-0.88617
-0.88834
-0.87787
-0.86536
-0.89522
-0.88617
-0.86258
-0.88257
-0.90386
-0.9115
-0.90908
-0.90434
-0.93895
-0.92552
-0.91965
-0.94282
-0.95217
-0.99508
-1.1548
-1.1114
-1.2057
-1.2957
0
0
0
0
0
0
0
0
-1.6936
0
0
0
0
0
0
0
0
0
0
0
0
0
0
0
0
0
0
0
0
0
0
0
0
0
0
0
0
0
0
0
0
0
0
0
0
0
0
0
0
-6.9142
0
0
0
0
0
0
-0.91269
-0.91085
-0.90177
-0.90252
65.7087
-0.90443
-0.90127
-0.89962
-0.89515
-0.89842
-0.89409
-0.89866
-0.88947
-0.88947
-0.92083
-0.90453
-0.88333
-0.92082
-0.89669
-0.88826
-0.88826
-0.89049
-0.88628
-0.884
-0.89288
-0.89286
-0.89901
-0.87833
-0.87978
-0.8852
-0.88503
-0.88078
-0.88503
-0.87741
-0.89029
-0.87741
-0.87742
-0.8779
-0.88581
-0.88942
-0.88192
-0.87198
-0.87533
-0.8864
-0.86882
-0.86882
-0.88738
-0.88788
-0.88996
-0.87952
-0.86698
-0.89773
-0.88428
-0.86421
-0.88468
-0.90884
-0.91334
-0.91225
-0.90712
-0.9425
-0.92708
-0.9212
-0.94431
-0.95507
-0.99793
-1.157
-1.1147
-1.2092
-1.3013
-1.6699
0
-1.9145
0
0
0
0
0
0
0
0
0
0
0
0
0
0
0
0
0
0
0
0
0
0
0
0
0
0
0
0
0
0
0
0
0
0
0
0
0
0
0
0
0
0
0
0
0
0
0
0
0
0
0
0
0
-0.91482
-0.91228
-0.90289
-0.90236
-0.90443
64.5368
-0.90249
-0.89973
-0.89523
-0.89856
-0.89426
-0.89874
-0.88961
-0.88962
-0.92103
-0.90465
-0.88357
-0.92102
-0.89706
-0.88855
-0.88855
-0.89076
-0.88666
-0.88428
-0.89281
-0.8928
-0.89904
-0.87852
-0.87999
-0.88526
-0.88532
-0.88109
-0.88533
-0.87771
-0.89051
-0.87772
-0.87773
-0.87817
-0.88605
-0.88977
-0.88329
-0.87231
-0.87542
-0.88689
-0.86916
-0.86915
-0.8876
-0.88831
-0.89019
-0.87988
-0.86731
-0.89794
-0.88421
-0.86452
-0.88476
-0.90814
-0.91383
-0.91159
-0.90743
-0.9426
-0.92761
-0.92171
-0.94485
-0.95488
-0.98901
-1.1579
-1.1152
-1.209
-1.3014
0
0
0
0
0
0
0
0
0
0
0
0
0
0
0
0
0
0
0
0
0
-2.4017
0
0
0
0
0
0
0
0
0
0
0
0
0
0
0
0
0
0
0
0
0
0
0
0
0
0
0
0
0
0
0
0
0
0
-0.9118
-0.90927
-0.90019
-0.90105
-0.90127
-0.90249
63.9266
-0.89794
-0.89342
-0.89677
-0.89244
-0.89696
-0.88782
-0.8878
-0.91935
-0.9029
-0.88164
-0.91934
-0.8951
-0.88661
-0.88662
-0.88894
-0.88471
-0.88241
-0.89131
-0.89131
-0.89737
-0.87671
-0.87817
-0.88374
-0.88338
-0.87917
-0.88337
-0.87575
-0.88875
-0.87575
-0.87575
-0.87628
-0.88416
-0.88777
-0.88127
-0.87031
-0.87363
-0.8849
-0.86716
-0.86716
-0.88575
-0.88631
-0.88833
-0.87786
-0.86532
-0.89613
-0.88255
-0.86251
-0.88275
-0.90721
-0.9118
-0.9107
-0.9056
-0.94078
-0.92533
-0.91944
-0.94253
-0.95335
-0.99614
-1.1553
-1.1129
-1.2069
-1.2996
0
0
-1.9115
0
0
0
0
0
0
0
0
0
0
0
0
0
0
0
0
0
0
0
0
0
0
0
0
0
0
0
0
0
0
0
0
0
0
0
0
0
0
0
0
0
0
0
0
0
0
0
0
0
0
0
0
0
-0.91026
-0.90775
-0.89845
-0.89798
-0.89962
-0.89973
-0.89794
61.8219
-0.89036
-0.89388
-0.88942
-0.8938
-0.88484
-0.88484
-0.91692
-0.8998
-0.87865
-0.91692
-0.89216
-0.88368
-0.88366
-0.88592
-0.88174
-0.87945
-0.88828
-0.88828
-0.89427
-0.87372
-0.87521
-0.88076
-0.88044
-0.87621
-0.88043
-0.8728
-0.88561
-0.87279
-0.87278
-0.87324
-0.88128
-0.8848
-0.87833
-0.86737
-0.87065
-0.8819
-0.86418
-0.8642
-0.88274
-0.88338
-0.88525
-0.87489
-0.86235
-0.89311
-0.87944
-0.85956
-0.8799
-0.90428
-0.909
-0.90758
-0.90268
-0.93771
-0.92237
-0.91648
-0.93954
-0.95037
-0.99318
-1.1523
-1.1096
-1.2041
-1.2969
0
0
0
0
0
0
0
0
0
0
0
0
0
0
0
0
0
0
0
0
0
0
0
0
0
0
0
0
0
0
0
0
0
0
0
0
0
0
0
0
0
0
0
0
0
0
0
0
0
0
0
0
0
0
0
0
-0.90587
-0.90337
-0.89402
-0.89356
-0.89515
-0.89523
-0.89342
-0.89036
60.2044
-0.88955
-0.88437
-0.88892
-0.88005
-0.88004
-0.9119
-0.89486
-0.87378
-0.91189
-0.88732
-0.87883
-0.87883
-0.88094
-0.87688
-0.87457
-0.88342
-0.8834
-0.8893
-0.86884
-0.87034
-0.87596
-0.87556
-0.87135
-0.87557
-0.86794
-0.88065
-0.86794
-0.86789
-0.86834
-0.87639
-0.87988
-0.87343
-0.86248
-0.86578
-0.87697
-0.85931
-0.85931
-0.87784
-0.87845
-0.88032
-0.86999
-0.85746
-0.88818
-0.87465
-0.85469
-0.875
-0.89944
-0.90405
-0.90262
-0.89772
-0.93273
-0.91738
-0.91147
-0.93451
-0.94543
-0.98818
-1.147
-1.1046
-1.1989
0
0
0
0
0
0
0
0
0
0
0
0
0
0
0
0
0
0
0
0
0
0
0
0
0
0
0
0
0
0
0
0
0
0
0
0
0
0
0
0
0
0
0
0
0
0
0
0
0
0
0
0
0
0
0
0
0
-0.90907
-0.9066
-0.89722
-0.89675
-0.89842
-0.89856
-0.89677
-0.89388
-0.88955
59.2025
-0.88771
-0.89175
-0.88252
-0.88251
-0.91437
-0.89805
-0.87649
-0.91437
-0.89029
-0.88171
-0.88171
-0.88469
-0.87979
-0.87747
-0.88678
-0.88677
-0.8924
-0.87173
-0.87327
-0.87949
-0.87849
-0.87431
-0.87849
-0.87086
-0.88382
-0.87086
-0.87083
-0.87131
-0.87936
-0.88283
-0.8764
-0.86542
-0.86868
-0.87994
-0.86224
-0.86225
-0.88078
-0.88146
-0.88328
-0.87293
-0.86036
-0.89123
-0.87762
-0.85762
-0.87794
-0.90255
-0.90699
-0.90586
-0.90086
-0.93582
-0.92044
-0.91454
-0.93758
-0.94854
-0.99136
-1.1506
-1.1074
0
0
0
0
0
0
0
0
0
0
0
0
0
0
0
0
0
0
0
0
0
0
0
0
0
0
0
0
0
0
0
0
0
0
0
0
0
0
0
0
0
0
0
0
0
0
0
0
0
0
0
0
0
0
0
0
0
0
-0.90468
-0.90203
-0.89281
-0.89239
-0.89409
-0.89426
-0.89244
-0.88942
-0.88437
-0.88771
60.5728
-0.88719
-0.87829
-0.8783
-0.91021
-0.89295
-0.87209
-0.91021
-0.88527
-0.87711
-0.87712
-0.87486
-0.87499
-0.87282
-0.88148
-0.88147
-0.8875
-0.86696
-0.86851
-0.874
-0.87384
-0.86948
-0.87384
-0.8662
-0.87871
-0.86621
-0.86615
-0.86689
-0.87465
-0.87814
-0.87165
-0.86075
-0.86415
-0.87491
-0.8576
-0.85759
-0.87589
-0.87661
-0.87854
-0.86826
-0.85574
-0.88642
-0.87295
-0.85296
-0.87302
-0.89782
-0.90197
-0.90096
-0.89588
-0.93111
-0.91586
-0.90998
-0.93303
-0.94398
-0.98686
-1.1459
0
0
0
0
0
0
0
0
0
0
0
0
0
0
0
-2.7828
0
0
0
0
0
0
0
0
0
0
0
0
0
0
0
0
0
0
0
0
0
0
0
0
0
0
0
0
0
0
0
0
0
0
0
0
0
0
0
0
0
0
0
-0.91208
-0.90911
-0.89966
-0.89924
-0.89866
-0.89874
-0.89696
-0.8938
-0.88892
-0.89175
-0.88719
61.0075
-0.88262
-0.88263
-0.91487
-0.89742
-0.87594
-0.91486
-0.88939
-0.88095
-0.88095
-0.88341
-0.87894
-0.87671
-0.88597
-0.88595
-0.89106
-0.87096
-0.87239
-0.87823
-0.87756
-0.87361
-0.87757
-0.8699
-0.88266
-0.86991
-0.86985
-0.87093
-0.87908
-0.88236
-0.87596
-0.86495
-0.8681
-0.8795
-0.86182
-0.86182
-0.88042
-0.88102
-0.88224
-0.87249
-0.85996
-0.89082
-0.85306
-0.85712
-0.87738
-0.90199
-0.90637
-0.90594
-0.90064
-0.9366
-0.92003
-0.91414
-0.93727
-0.9491
-0.99122
0
0
0
0
0
0
0
0
0
0
0
0
0
0
0
0
0
0
0
0
-4.1048
0
0
0
0
0
0
0
0
0
0
0
0
0
0
0
0
0
0
0
0
0
0
0
0
0
0
0
0
0
0
0
0
0
0
0
0
0
0
0
-0.9002
-0.89748
-0.88832
-0.88785
-0.88947
-0.88961
-0.88782
-0.88484
-0.88005
-0.88252
-0.87829
-0.88262
57.502
-0.8705
-0.90498
-0.88877
-0.86729
-0.90498
-0.88046
-0.87264
-0.87264
-0.87734
-0.87059
-0.86842
-0.87773
-0.87771
-0.88278
-0.86252
-0.86406
-0.87048
-0.86935
-0.865
-0.86934
-0.86171
-0.87401
-0.86171
-0.86163
-0.86246
-0.87005
-0.87358
-0.86715
-0.85623
-0.85947
-0.8706
-0.85306
-0.85307
-0.87149
-0.8722
-0.874
-0.86369
-0.85117
-0.88185
-0.86832
-0.84842
-0.86861
-0.89301
-0.8975
-0.89634
-0.8915
-0.9263
-0.91111
-0.90523
-0.92819
-0.93905
-0.9818
-1.1408
0
0
0
0
0
0
0
0
0
0
0
0
0
0
0
0
0
0
0
0
0
0
0
0
0
0
0
0
0
0
0
0
0
0
0
0
0
0
0
0
0
0
0
0
0
0
0
0
0
0
0
0
0
0
0
0
0
0
0
-0.90019
-0.89747
-0.88832
-0.88783
-0.88947
-0.88962
-0.8878
-0.88484
-0.88004
-0.88251
-0.8783
-0.88263
-0.8705
57.5016
-0.90499
-0.88877
-0.8673
-0.90498
-0.88046
-0.87263
-0.87263
-0.87734
-0.87058
-0.86841
-0.87772
-0.87771
-0.88279
-0.86251
-0.86405
-0.87048
-0.86934
-0.86499
-0.86934
-0.8617
-0.874
-0.8617
-0.86162
-0.86245
-0.87004
-0.87357
-0.86714
-0.85622
-0.85947
-0.87058
-0.85306
-0.85305
-0.87147
-0.87221
-0.87399
-0.86369
-0.85116
-0.88185
-0.86831
-0.84843
-0.8686
-0.893
-0.89749
-0.89633
-0.89149
-0.9263
-0.9111
-0.90522
-0.9282
-0.93903
-0.98179
-1.1408
0
0
0
0
0
0
0
0
0
0
0
0
0
0
0
0
0
0
0
0
0
0
0
0
0
0
0
0
0
0
0
0
0
0
0
0
0
0
0
0
0
0
0
0
0
0
0
0
0
0
0
0
0
0
0
0
0
0
0
-0.93186
-0.92916
-0.91904
-0.91848
-0.92083
-0.92103
-0.91935
-0.91692
-0.9119
-0.91437
-0.91021
-0.91487
-0.90498
-0.90499
62.4796
-0.91889
-0.89808
-0.93721
-0.91127
-0.90293
-0.90293
-0.90571
-0.90089
-0.89863
-0.90807
-0.90806
-0.91394
-0.89278
-0.89425
-0.89967
-0.89965
-0.89527
-0.89965
-0.89199
-0.90504
-0.89198
-0.89202
-0.893
-0.90051
-0.90409
-0.89758
-0.88655
-0.88956
-0.90094
-0.88334
-0.88333
-0.90188
-0.90263
-0.9046
-0.89414
-0.88151
-0.91194
-0.90011
-0.87871
-0.89884
-0.92251
-0.92759
-0.92548
-0.92147
-0.95773
-0.94196
-0.93603
-0.95923
0
0
0
0
0
0
0
0
0
0
0
0
0
0
0
0
0
0
0
0
0
0
0
0
0
0
0
0
0
0
0
0
0
0
0
0
0
0
0
0
0
-6.1675
0
0
0
0
0
0
0
0
0
0
0
0
0
0
0
0
0
0
0
0
-0.91649
-0.91352
-0.90376
-0.90344
-0.90453
-0.90465
-0.9029
-0.8998
-0.89486
-0.89805
-0.89295
-0.89742
-0.88877
-0.88877
-0.91889
59.199
-0.88163
-0.91888
-0.89531
-0.88684
-0.88684
-0.89153
-0.88492
-0.88259
-0.89239
-0.8924
-0.89799
-0.87676
-0.87827
-0.88509
-0.88357
-0.87955
-0.88356
-0.87626
-0.88903
-0.87626
-0.87625
-0.87708
-0.88474
-0.88828
-0.88185
-0.87082
-0.8739
-0.88537
-0.86767
-0.86767
-0.88612
-0.88643
-0.88866
-0.87845
-0.86589
-0.89637
-0.88363
-0.86303
-0.88316
-0.90733
-0.91203
-0.89309
-0.90614
-0.94125
-0.92634
-0.92043
-0.94361
0
0
0
0
0
0
0
0
0
0
0
0
0
0
0
0
0
0
0
0
0
0
0
0
-3.875
0
0
0
0
0
0
0
0
0
0
0
0
0
0
0
0
0
0
0
0
0
0
0
0
0
0
0
0
0
0
0
0
0
0
0
0
0
-0.89407
-0.8914
-0.8822
-0.88172
-0.88333
-0.88357
-0.88164
-0.87865
-0.87378
-0.87649
-0.87209
-0.87594
-0.86729
-0.8673
-0.89808
-0.88163
54.9738
-0.89806
-0.87389
-0.86692
-0.86693
-0.86857
-0.86421
-0.86195
-0.86972
-0.8697
-0.87635
-0.85596
-0.85755
-0.86059
-0.86291
-0.85847
-0.86291
-0.85523
-0.86804
-0.85522
-0.8551
-0.85593
-0.86351
-0.86705
-0.86063
-0.84971
-0.85298
-0.86406
-0.84656
-0.84656
-0.86495
-0.86575
-0.86743
-0.85715
-0.84461
-0.87531
-0.86185
-0.84191
-0.86205
-0.8866
-0.89102
-0.88975
-0.88497
-0.91947
-0.90434
-0.89847
-0.92137
-0.93232
0
0
0
0
0
0
0
0
0
0
0
0
0
0
0
0
0
0
0
0
0
0
0
0
0
0
0
0
0
0
0
0
0
0
0
0
0
0
0
0
0
0
0
0
0
0
0
0
0
0
0
0
0
0
0
0
0
0
0
0
0
-0.93185
-0.92916
-0.91903
-0.91848
-0.92082
-0.92102
-0.91934
-0.91692
-0.91189
-0.91437
-0.91021
-0.91486
-0.90498
-0.90498
-0.93721
-0.91888
-0.89806
62.4793
-0.91126
-0.90292
-0.90294
-0.9057
-0.90089
-0.89863
-0.90806
-0.90805
-0.91394
-0.89278
-0.89425
-0.89967
-0.89964
-0.89526
-0.89964
-0.89198
-0.90504
-0.89198
-0.89203
-0.89299
-0.90051
-0.90409
-0.89757
-0.88655
-0.88957
-0.90095
-0.88332
-0.88333
-0.90187
-0.90263
-0.9046
-0.89413
-0.8815
-0.91195
-0.9001
-0.87871
-0.89884
-0.9225
-0.92758
-0.92547
-0.92147
-0.95773
-0.94195
-0.93602
-0.95923
0
0
0
0
0
0
0
0
0
0
0
0
0
0
0
0
0
0
0
0
0
0
0
0
0
0
0
0
0
0
0
0
0
0
0
0
0
0
0
0
0
0
0
0
0
0
0
0
0
0
0
0
0
0
0
0
0
0
0
-6.1674
0
0
-0.90716
-0.90445
-0.89525
-0.89491
-0.89669
-0.89706
-0.8951
-0.89216
-0.88732
-0.89029
-0.88527
-0.88939
-0.88046
-0.88046
-0.91127
-0.89531
-0.87389
-0.91126
58.2008
-0.87914
-0.87915
-0.88376
-0.87599
-0.87475
-0.88423
-0.88422
-0.88965
-0.86897
-0.87052
-0.87715
-0.87585
-0.87137
-0.87585
-0.86819
-0.87934
-0.8682
-0.86811
-0.86887
-0.87672
-0.88008
-0.87357
-0.86268
-0.86623
-0.87181
-0.85951
-0.85952
-0.87795
-0.87873
-0.88036
-0.87017
-0.85774
-0.88839
-0.87513
-0.85501
-0.875
-0.90012
-0.90437
-0.90317
-0.89817
-0.93299
-0.91816
-0.91225
-0.93535
0
0
0
0
0
0
0
0
0
0
0
0
0
0
0
0
0
0
0
0
0
0
0
0
0
0
0
0
-3.3566
0
0
0
0
0
0
0
0
0
0
0
0
0
0
0
0
0
0
0
0
0
0
0
0
0
0
0
0
0
0
0
0
0
-0.89895
-0.89626
-0.88705
-0.88656
-0.88826
-0.88855
-0.88661
-0.88368
-0.87883
-0.88171
-0.87711
-0.88095
-0.87264
-0.87263
-0.90293
-0.88684
-0.86692
-0.90292
-0.87914
53.4109
-0.86878
-0.8729
-0.86807
-0.86595
-0.87446
-0.87446
-0.88343
-0.86013
-0.8617
-0.86554
-0.86739
-0.86291
-0.86738
-0.85975
-0.87734
-0.85976
-0.85975
-0.86064
-0.86824
-0.87176
-0.86536
-0.85438
-0.85771
-0.86882
-0.85122
-0.85121
-0.86966
-0.87049
-0.87219
-0.86184
-0.84927
-0.88006
-0.86667
-0.8466
-0.86695
-0.89173
-0.8961
-0.89494
-0.88988
-0.9243
-0.90931
-0.9034
0
0
0
0
0
0
0
0
0
0
0
0
0
0
0
0
0
0
0
0
0
0
0
0
0
0
0
0
0
0
0
0
0
0
0
0
0
0
0
0
0
0
0
0
0
0
0
0
0
0
0
0
0
0
0
0
0
0
0
0
0
0
0
-0.89895
-0.89627
-0.88706
-0.88656
-0.88826
-0.88855
-0.88662
-0.88366
-0.87883
-0.88171
-0.87712
-0.88095
-0.87264
-0.87263
-0.90293
-0.88684
-0.86693
-0.90294
-0.87915
-0.86878
53.4111
-0.87289
-0.86807
-0.86596
-0.87445
-0.87446
-0.88344
-0.86013
-0.8617
-0.86554
-0.86739
-0.86292
-0.86739
-0.85976
-0.87733
-0.85977
-0.85974
-0.86064
-0.86824
-0.87175
-0.86536
-0.85438
-0.8577
-0.86882
-0.85122
-0.85122
-0.86966
-0.87049
-0.87219
-0.86184
-0.84928
-0.88007
-0.86666
-0.8466
-0.86695
-0.89174
-0.89611
-0.89494
-0.88989
-0.9243
-0.90931
-0.90339
0
0
0
0
0
0
0
0
0
0
0
0
0
0
0
0
0
0
0
0
0
0
0
0
0
0
0
0
0
0
0
0
0
0
0
0
0
0
0
0
0
0
0
0
0
0
0
0
0
0
0
0
0
0
0
0
0
0
0
0
0
0
0
-0.90067
-0.89939
-0.88875
-0.88832
-0.89049
-0.89076
-0.88894
-0.88592
-0.88094
-0.88469
-0.87486
-0.88341
-0.87734
-0.87734
-0.90571
-0.89153
-0.86857
-0.9057
-0.88376
-0.8729
-0.87289
58.4948
-0.87007
-0.8673
-0.87737
-0.87737
-0.8821
-0.8604
-0.86348
-0.8693
-0.86914
-0.86481
-0.86915
-0.86143
-0.87333
-0.86142
-0.8613
-0.85808
-0.86474
-0.8732
-0.86663
-0.85586
-0.85915
-0.8695
-0.85271
-0.85271
-0.86879
-0.87182
-0.87333
-0.86333
-0.85081
-0.88094
-0.86808
-0.84825
-0.86881
-0.89208
-0.89552
-0.89514
-0.89106
0
0
0
0
0
0
0
0
0
0
0
0
0
0
0
0
0
0
0
0
0
-2.3519
-2.7665
0
0
-2.615
0
0
0
0
0
0
0
0
0
0
0
0
0
0
0
0
0
0
0
0
0
0
0
0
0
0
0
0
0
0
0
0
0
0
0
0
0
0
0
0
-0.89684
-0.89415
-0.88496
-0.88456
-0.88628
-0.88666
-0.88471
-0.88174
-0.87688
-0.87979
-0.87499
-0.87894
-0.87059
-0.87058
-0.90089
-0.88492
-0.86421
-0.90089
-0.87599
-0.86807
-0.86807
-0.87007
53.0747
-0.86396
-0.87161
-0.8716
-0.8815
-0.85791
-0.85945
-0.86298
-0.86527
-0.86053
-0.86527
-0.85749
-0.86856
-0.85749
-0.8574
-0.85808
-0.86573
-0.86935
-0.86284
-0.85199
-0.85551
-0.86478
-0.84879
-0.84879
-0.86716
-0.86798
-0.86955
-0.85938
-0.84683
-0.87749
-0.86442
-0.84416
-0.86429
-0.88931
-0.89362
-0.8925
-0.8874
0
0
0
0
0
0
0
0
0
0
0
0
0
0
0
0
0
0
0
-2.5389
0
0
0
0
0
0
0
0
0
0
0
0
0
0
0
0
0
0
0
0
0
0
0
0
0
0
0
0
0
0
0
0
0
0
0
0
0
0
0
0
0
0
0
0
0
0
-0.8943
-0.89194
-0.88255
-0.88207
-0.884
-0.88428
-0.88241
-0.87945
-0.87457
-0.87747
-0.87282
-0.87671
-0.86842
-0.86841
-0.89863
-0.88259
-0.86195
-0.89863
-0.87475
-0.86595
-0.86596
-0.8673
-0.86396
51.8758
-0.8696
-0.86957
-0.87769
-0.85526
-0.85681
-0.8611
-0.86333
-0.85781
-0.86334
-0.85549
-0.86985
-0.85549
-0.8554
-0.85536
-0.86364
-0.86738
-0.86091
-0.84999
-0.85333
-0.8639
-0.84681
-0.84681
-0.86512
-0.86603
-0.8676
-0.8574
-0.84483
-0.8754
-0.8623
-0.8422
-0.86212
-0.88662
-0.89113
-0.88973
-0.88497
0
0
0
0
0
0
0
0
0
0
0
0
0
0
0
0
0
0
0
0
-1.4623
0
0
0
0
0
0
0
0
0
0
0
0
0
0
0
0
0
0
0
0
0
0
0
0
0
0
0
0
0
0
0
0
0
0
0
0
0
0
0
0
0
0
0
0
0
-0.90365
-0.90106
-0.89146
-0.89079
-0.89288
-0.89281
-0.89131
-0.88828
-0.88342
-0.88678
-0.88148
-0.88597
-0.87773
-0.87772
-0.90807
-0.89239
-0.86972
-0.90806
-0.88423
-0.87446
-0.87445
-0.87737
-0.87161
-0.8696
56.6202
-0.87757
-0.88257
-0.86337
-0.86494
-0.86806
-0.87071
-0.86595
-0.8707
-0.86292
-0.87347
-0.86292
-0.86273
-0.86339
-0.87033
-0.87462
-0.86802
-0.85728
-0.86011
-0.8709
-0.85411
-0.85412
-0.87202
-0.87303
-0.87484
-0.86467
-0.85212
-0.88161
-0.86965
-0.84945
-0.86882
-0.89137
-0.89711
-0.89461
-0.89128
0
0
0
0
0
0
0
0
0
0
0
0
0
0
0
0
0
0
0
0
0
0
0
0
0
0
0
0
0
0
0
0
0
0
0
0
0
0
0
0
0
0
0
0
-5.7656
0
0
0
0
0
0
0
0
0
0
0
0
0
0
0
0
0
0
0
0
0
-0.90365
-0.90106
-0.89144
-0.89079
-0.89286
-0.8928
-0.89131
-0.88828
-0.8834
-0.88677
-0.88147
-0.88595
-0.87771
-0.87771
-0.90806
-0.8924
-0.8697
-0.90805
-0.88422
-0.87446
-0.87446
-0.87737
-0.8716
-0.86957
-0.87757
56.6196
-0.88257
-0.86336
-0.86493
-0.86805
-0.87068
-0.86594
-0.87068
-0.86292
-0.87347
-0.86292
-0.86272
-0.86339
-0.87033
-0.87461
-0.86801
-0.85727
-0.86011
-0.87091
-0.8541
-0.85411
-0.872
-0.87303
-0.87484
-0.86468
-0.85212
-0.88162
-0.86965
-0.84944
-0.86881
-0.89135
-0.89712
-0.8946
-0.89128
0
0
0
0
0
0
0
0
0
0
0
0
0
0
0
0
0
0
0
0
0
0
0
0
0
0
0
0
0
0
0
0
0
0
0
0
0
0
0
0
0
0
0
0
0
0
0
0
0
0
0
0
-5.7653
0
0
0
0
0
0
0
0
0
0
0
0
0
-0.90954
-0.90697
-0.89756
-0.89693
-0.89901
-0.89904
-0.89737
-0.89427
-0.8893
-0.8924
-0.8875
-0.89106
-0.88278
-0.88279
-0.91394
-0.89799
-0.87635
-0.91394
-0.88965
-0.88343
-0.88344
-0.8821
-0.8815
-0.87769
-0.88257
-0.88257
54.8792
-0.87139
-0.87285
-0.87427
-0.87815
-0.87365
-0.87815
-0.87025
-0.88509
-0.87025
-0.87068
-0.87151
-0.87921
-0.88282
-0.87642
-0.86532
-0.86851
-0.87989
-0.86214
-0.86215
-0.88056
-0.88117
-0.87869
-0.87322
-0.86066
-0.89078
-0.87705
-0.85775
-0.87804
-0.90191
-0.90641
0
0
0
0
0
0
0
0
0
0
0
0
0
0
0
0
0
0
0
-2.3777
0
0
0
0
0
0
0
0
0
0
0
0
0
0
0
-3.0309
0
0
0
0
0
0
0
0
0
0
0
0
0
0
0
0
0
0
0
0
0
0
0
0
0
0
0
0
0
0
0
0
-0.88888
-0.88615
-0.87693
-0.8765
-0.87833
-0.87852
-0.87671
-0.87372
-0.86884
-0.87173
-0.86696
-0.87096
-0.86252
-0.86251
-0.89278
-0.87676
-0.85596
-0.89278
-0.86897
-0.86013
-0.86013
-0.8604
-0.85791
-0.85526
-0.86337
-0.86336
-0.87139
51.3069
-0.85024
-0.85426
-0.85786
-0.85249
-0.85787
-0.84958
-0.86407
-0.84957
-0.84919
-0.84978
-0.85505
-0.86102
-0.85449
-0.84373
-0.84704
-0.85759
-0.84054
-0.84054
-0.85568
-0.85974
-0.86119
-0.85104
-0.83848
-0.86885
-0.85617
-0.83596
-0.8557
-0.88009
-0.88349
-0.88346
0
0
0
0
0
0
0
0
0
0
0
0
0
0
0
0
-2.1236
0
0
0
0
0
0
0
0
0
0
0
0
0
0
0
0
0
0
0
0
0
0
0
0
0
0
0
0
0
0
0
0
0
0
0
0
0
0
0
0
0
0
0
0
0
0
0
0
0
0
-0.88948
-0.88748
-0.87834
-0.87784
-0.87978
-0.87999
-0.87817
-0.87521
-0.87034
-0.87327
-0.86851
-0.87239
-0.86406
-0.86405
-0.89425
-0.87827
-0.85755
-0.89425
-0.87052
-0.8617
-0.8617
-0.86348
-0.85945
-0.85681
-0.86494
-0.86493
-0.87285
-0.85024
51.8157
-0.85681
-0.85917
-0.85394
-0.85917
-0.85107
-0.86511
-0.85107
-0.85077
-0.85133
-0.85869
-0.8627
-0.85616
-0.84533
-0.84862
-0.85756
-0.84217
-0.84218
-0.86033
-0.86134
-0.86283
-0.85269
-0.84011
-0.87047
-0.85753
-0.83753
-0.85743
-0.88159
-0.88634
-0.88496
0
0
0
0
0
0
0
0
0
0
0
0
0
0
0
0
0
0
0
0
0
0
0
0
0
0
0
0
0
0
0
0
0
0
0
0
0
-2.5409
0
0
0
0
0
0
0
0
0
0
0
0
0
0
0
0
0
0
0
0
0
0
0
0
0
0
0
0
0
-0.89529
-0.89262
-0.88322
-0.88273
-0.8852
-0.88526
-0.88374
-0.88076
-0.87596
-0.87949
-0.874
-0.87823
-0.87048
-0.87048
-0.89967
-0.88509
-0.86059
-0.89967
-0.87715
-0.86554
-0.86554
-0.8693
-0.86298
-0.8611
-0.86806
-0.86805
-0.87427
-0.85426
-0.85681
56.1559
-0.86261
-0.85787
-0.86261
-0.85507
-0.8646
-0.85507
-0.85491
-0.85543
-0.86242
-0.86687
-0.8602
-0.84951
-0.85266
-0.86299
-0.84641
-0.8464
-0.86293
-0.86473
-0.8669
-0.85719
-0.84468
-0.87366
-0.86124
-0.84176
-0.85809
-0.88369
-0.88492
0
0
0
0
0
0
0
0
0
0
0
0
0
0
0
-2.3004
0
0
0
0
0
0
0
0
0
0
0
0
0
0
0
0
0
0
0
0
0
0
0
0
0
0
0
0
0
0
0
0
0
0
-5.2346
0
0
0
0
0
0
0
0
0
0
0
0
0
0
0
0
0
-0.89571
-0.89304
-0.88385
-0.88338
-0.88503
-0.88532
-0.88338
-0.88044
-0.87556
-0.87849
-0.87384
-0.87756
-0.86935
-0.86934
-0.89965
-0.88357
-0.86291
-0.89964
-0.87585
-0.86739
-0.86739
-0.86914
-0.86527
-0.86333
-0.87071
-0.87068
-0.87815
-0.85786
-0.85917
-0.86261
49.5898
-0.86022
-0.86341
-0.85579
-0.86943
-0.85579
-0.85596
-0.85703
-0.86487
-0.86814
-0.86178
-0.85069
-0.85418
-0.86563
-0.84754
-0.84753
-0.86608
-0.86716
-0.86853
-0.85811
-0.84549
-0.87664
-0.86351
-0.84293
-0.86322
-0.88828
-0.89261
-0.89165
0
0
0
0
0
0
0
0
0
0
0
0
0
0
0
0
0
0
0
0
0
0
0
0
0
0
0
0
0
0
0
0
0
0
0
0
0
0
0
0
0
0
0
0
0
0
0
0
0
0
0
0
0
0
0
0
0
0
0
0
0
0
0
0
0
0
0
-0.89108
-0.88653
-0.87911
-0.87865
-0.88078
-0.88109
-0.87917
-0.87621
-0.87135
-0.87431
-0.86948
-0.87361
-0.865
-0.86499
-0.89527
-0.87955
-0.85847
-0.89526
-0.87137
-0.86291
-0.86292
-0.86481
-0.86053
-0.85781
-0.86595
-0.86594
-0.87365
-0.85249
-0.85394
-0.85787
-0.86022
50.6449
-0.86023
-0.85206
-0.86515
-0.85205
-0.85191
-0.85293
-0.85981
-0.86394
-0.85736
-0.84645
-0.84979
-0.86032
-0.84331
-0.84332
-0.86155
-0.8619
-0.86431
-0.85424
-0.84163
-0.87169
-0.85893
-0.83867
-0.85866
-0.88245
-0.88641
0
0
0
0
0
0
0
0
0
0
0
0
0
0
0
0
-2.1955
0
0
0
0
0
0
0
0
0
0
0
0
0
0
0
0
0
0
0
0
0
0
0
0
0
0
0
0
0
0
0
0
0
0
0
0
0
0
0
0
0
0
0
0
0
0
0
0
0
0
0
-0.89571
-0.89303
-0.88386
-0.88337
-0.88503
-0.88533
-0.88337
-0.88043
-0.87557
-0.87849
-0.87384
-0.87757
-0.86934
-0.86934
-0.89965
-0.88356
-0.86291
-0.89964
-0.87585
-0.86738
-0.86739
-0.86915
-0.86527
-0.86334
-0.8707
-0.87068
-0.87815
-0.85787
-0.85917
-0.86261
-0.86341
-0.86023
49.5899
-0.85579
-0.86943
-0.85578
-0.85598
-0.85703
-0.86487
-0.86814
-0.86179
-0.85069
-0.85418
-0.86564
-0.84754
-0.84754
-0.86609
-0.86716
-0.86854
-0.85812
-0.84549
-0.87664
-0.86351
-0.84292
-0.86322
-0.88829
-0.89261
-0.89165
0
0
0
0
0
0
0
0
0
0
0
0
0
0
0
0
0
0
0
0
0
0
0
0
0
0
0
0
0
0
0
0
0
0
0
0
0
0
0
0
0
0
0
0
0
0
0
0
0
0
0
0
0
0
0
0
0
0
0
0
0
0
0
0
0
0
0
-0.88807
-0.88541
-0.87626
-0.87578
-0.87741
-0.87771
-0.87575
-0.8728
-0.86794
-0.87086
-0.8662
-0.8699
-0.86171
-0.8617
-0.89199
-0.87626
-0.85523
-0.89198
-0.86819
-0.85975
-0.85976
-0.86143
-0.85749
-0.85549
-0.86292
-0.86292
-0.87025
-0.84958
-0.85107
-0.85507
-0.85579
-0.85206
-0.85579
48.2695
-0.86164
-0.8454
-0.84812
-0.84906
-0.85771
-0.86051
-0.85401
-0.84295
-0.84644
-0.85791
-0.83988
-0.83988
-0.8583
-0.85865
-0.8609
-0.85088
-0.83827
-0.86871
-0.85537
-0.83533
-0.85559
-0.87997
-0.88355
0
0
0
0
0
0
0
0
0
0
0
0
0
0
0
0
0
0
0
0
0
0
0
0
0
0
0
0
0
0
0
0
0
0
0
0
0
0
0
0
0
0
0
0
0
0
0
0
0
0
0
0
0
0
0
0
0
0
0
0
0
0
0
0
0
0
0
0
-0.90058
-0.89819
-0.88825
-0.88782
-0.89029
-0.89051
-0.88875
-0.88561
-0.88065
-0.88382
-0.87871
-0.88266
-0.87401
-0.874
-0.90504
-0.88903
-0.86804
-0.90504
-0.87934
-0.87734
-0.87733
-0.87333
-0.86856
-0.86985
-0.87347
-0.87347
-0.88509
-0.86407
-0.86511
-0.8646
-0.86943
-0.86515
-0.86943
-0.86164
54.7063
-0.86165
-0.86089
-0.86121
-0.86871
-0.87296
-0.86613
-0.8554
-0.85867
-0.86743
-0.85232
-0.85232
-0.8704
-0.87064
-0.8682
-0.86329
-0.85081
-0.88007
-0.86647
-0.84824
0
0
0
0
0
0
0
0
0
0
0
0
0
0
0
0
0
0
0
0
0
0
-2.3611
0
-2.5339
0
0
0
0
0
0
0
0
0
0
0
0
0
0
0
0
0
0
0
-3.5072
0
0
0
0
0
0
0
0
0
0
0
0
0
0
0
0
0
0
0
0
0
0
0
0
0
0
-0.88806
-0.88541
-0.87625
-0.87578
-0.87741
-0.87772
-0.87575
-0.87279
-0.86794
-0.87086
-0.86621
-0.86991
-0.86171
-0.8617
-0.89198
-0.87626
-0.85522
-0.89198
-0.8682
-0.85976
-0.85977
-0.86142
-0.85749
-0.85549
-0.86292
-0.86292
-0.87025
-0.84957
-0.85107
-0.85507
-0.85579
-0.85205
-0.85578
-0.8454
-0.86165
48.2695
-0.84811
-0.84906
-0.85771
-0.86051
-0.85402
-0.84295
-0.84643
-0.85791
-0.83986
-0.83988
-0.8583
-0.85866
-0.8609
-0.85088
-0.83827
-0.86871
-0.85537
-0.83532
-0.85559
-0.87996
-0.88357
0
0
0
0
0
0
0
0
0
0
0
0
0
0
0
0
0
0
0
0
0
0
0
0
0
0
0
0
0
0
0
0
0
0
0
0
0
0
0
0
0
0
0
0
0
0
0
0
0
0
0
0
0
0
0
0
0
0
0
0
0
0
0
0
0
0
0
0
-0.88812
-0.88544
-0.87627
-0.87581
-0.87742
-0.87773
-0.87575
-0.87278
-0.86789
-0.87083
-0.86615
-0.86985
-0.86163
-0.86162
-0.89202
-0.87625
-0.8551
-0.89203
-0.86811
-0.85975
-0.85974
-0.8613
-0.8574
-0.8554
-0.86273
-0.86272
-0.87068
-0.84919
-0.85077
-0.85491
-0.85596
-0.85191
-0.85598
-0.84812
-0.86089
-0.84811
46.5068
-0.84858
-0.85794
-0.86155
-0.85429
-0.8432
-0.84686
-0.85686
-0.84029
-0.8403
-0.85821
-0.8584
-0.86064
-0.85143
-0.83887
-0.86781
-0.85402
-0.8355
-0.85573
0
0
0
0
0
0
0
0
0
0
0
0
0
0
0
0
0
0
0
0
0
0
0
0
0
0
0
0
0
0
0
0
0
0
0
0
0
0
0
0
0
0
0
0
0
0
0
0
0
0
0
0
0
0
0
0
0
0
0
0
0
0
0
0
0
0
0
0
0
0
-0.88816
-0.88729
-0.8765
-0.87598
-0.8779
-0.87817
-0.87628
-0.87324
-0.86834
-0.87131
-0.86689
-0.87093
-0.86246
-0.86245
-0.893
-0.87708
-0.85593
-0.89299
-0.86887
-0.86064
-0.86064
-0.85808
-0.85808
-0.85536
-0.86339
-0.86339
-0.87151
-0.84978
-0.85133
-0.85543
-0.85703
-0.85293
-0.85703
-0.84906
-0.86121
-0.84906
-0.84858
47.1499
-0.85872
-0.86286
-0.85511
-0.84408
-0.84769
-0.85625
-0.84105
-0.84104
-0.85887
-0.85882
-0.86106
-0.85218
-0.8394
-0.86808
0
-0.83687
0
0
0
0
0
0
0
0
0
0
0
0
0
0
0
0
0
0
0
0
0
0
0
0
0
0
-2.3215
0
0
0
0
0
0
0
0
0
0
0
0
0
0
0
0
0
0
0
0
0
0
0
0
0
0
0
0
0
0
0
0
0
0
0
0
0
0
0
0
0
0
0
0
-0.89649
-0.89364
-0.8843
-0.8825
-0.88581
-0.88605
-0.88416
-0.88128
-0.87639
-0.87936
-0.87465
-0.87908
-0.87005
-0.87004
-0.90051
-0.88474
-0.86351
-0.90051
-0.87672
-0.86824
-0.86824
-0.86474
-0.86573
-0.86364
-0.87033
-0.87033
-0.87921
-0.85505
-0.85869
-0.86242
-0.86487
-0.85981
-0.86487
-0.85771
-0.86871
-0.85771
-0.85794
-0.85872
48.642
-0.86974
-0.86351
-0.85185
-0.85613
-0.8671
-0.84889
-0.84889
-0.86499
-0.868
-0.86996
-0.86045
-0.84776
-0.87656
0
0
0
0
0
0
0
0
0
0
0
0
0
0
0
0
0
0
0
0
0
0
0
0
0
-1.6752
0
0
0
0
0
0
-2.5863
0
0
0
0
0
0
0
0
0
0
0
0
0
0
0
0
0
0
0
0
0
0
0
0
0
0
0
0
0
0
0
0
0
0
0
0
0
0
0
0
-0.90005
-0.89739
-0.88818
-0.88773
-0.88942
-0.88977
-0.88777
-0.8848
-0.87988
-0.88283
-0.87814
-0.88236
-0.87358
-0.87357
-0.90409
-0.88828
-0.86705
-0.90409
-0.88008
-0.87176
-0.87175
-0.8732
-0.86935
-0.86738
-0.87462
-0.87461
-0.88282
-0.86102
-0.8627
-0.86687
-0.86814
-0.86394
-0.86814
-0.86051
-0.87296
-0.86051
-0.86155
-0.86286
-0.86974
45.4354
-0.8705
-0.85442
-0.8617
-0.86854
-0.85282
-0.85283
-0.87288
-0.87288
-0.87542
-0.86548
-0.85236
-0.88254
0
-0.84955
0
0
0
0
0
0
0
0
0
0
0
0
0
0
0
0
0
0
0
0
0
0
0
0
0
0
0
0
0
0
0
0
0
0
0
0
0
0
0
0
0
0
0
0
0
0
0
0
0
0
0
0
0
0
0
0
0
0
0
0
0
0
0
0
0
0
0
0
0
0
0
-0.89224
-0.89083
-0.88162
-0.88124
-0.88192
-0.88329
-0.88127
-0.87833
-0.87343
-0.8764
-0.87165
-0.87596
-0.86715
-0.86714
-0.89758
-0.88185
-0.86063
-0.89757
-0.87357
-0.86536
-0.86536
-0.86663
-0.86284
-0.86091
-0.86802
-0.86801
-0.87642
-0.85449
-0.85616
-0.8602
-0.86178
-0.85736
-0.86179
-0.85401
-0.86613
-0.85402
-0.85429
-0.85511
-0.86351
-0.8705
45.0053
-0.84881
-0.85317
-0.86672
-0.84435
-0.84436
-0.86445
-0.86514
-0.86694
-0.85859
-0.84649
0
0
0
0
0
0
0
0
0
0
0
0
0
0
0
0
0
0
-1.6297
0
0
0
0
0
0
0
0
0
0
0
0
0
0
0
0
0
0
0
0
0
0
0
0
0
0
0
0
0
0
0
0
0
0
0
0
0
0
0
0
0
0
0
0
0
0
0
0
0
0
0
0
0
0
0
-0.88256
-0.87994
-0.87077
-0.87033
-0.87198
-0.87231
-0.87031
-0.86737
-0.86248
-0.86542
-0.86075
-0.86495
-0.85623
-0.85622
-0.88655
-0.87082
-0.84971
-0.88655
-0.86268
-0.85438
-0.85438
-0.85586
-0.85199
-0.84999
-0.85728
-0.85727
-0.86532
-0.84373
-0.84533
-0.84951
-0.85069
-0.84645
-0.85069
-0.84295
-0.8554
-0.84295
-0.8432
-0.84408
-0.85185
-0.85442
-0.84881
43.6855
-0.83928
-0.85597
-0.83491
-0.83492
-0.85104
-0.85186
-0.85322
-0.84548
-0.83324
-0.86115
0
0
0
0
0
0
0
0
0
0
0
0
0
0
0
0
0
0
0
0
0
0
0
0
0
0
0
0
0
0
0
0
0
0
0
0
0
0
0
0
0
0
0
0
0
0
0
0
0
0
0
0
0
0
0
0
0
0
0
0
0
0
0
0
0
0
0
0
0
0
0
0
0
-0.88561
-0.88285
-0.87371
-0.87388
-0.87533
-0.87542
-0.87363
-0.87065
-0.86578
-0.86868
-0.86415
-0.8681
-0.85947
-0.85947
-0.88956
-0.8739
-0.85298
-0.88957
-0.86623
-0.85771
-0.8577
-0.85915
-0.85551
-0.85333
-0.86011
-0.86011
-0.86851
-0.84704
-0.84862
-0.85266
-0.85418
-0.84979
-0.85418
-0.84644
-0.85867
-0.84643
-0.84686
-0.84769
-0.85613
-0.8617
-0.85317
-0.83928
44.5907
-0.86106
-0.83628
-0.83629
-0.8538
-0.85478
-0.85591
-0.84908
-0.83747
0
0
0
0
0
0
0
0
0
0
0
0
0
0
0
0
0
0
0
0
0
0
0
0
0
0
0
0
0
0
0
0
0
0
0
0
0
0
0
0
0
0
-1.6021
0
0
0
0
0
0
0
0
0
0
0
0
0
0
0
0
0
0
0
0
0
0
0
0
0
0
0
0
0
0
0
-0.8943
-0.89406
-0.88501
-0.8848
-0.8864
-0.88689
-0.8849
-0.8819
-0.87697
-0.87994
-0.87491
-0.8795
-0.8706
-0.87058
-0.90094
-0.88537
-0.86406
-0.90095
-0.87181
-0.86882
-0.86882
-0.8695
-0.86478
-0.8639
-0.8709
-0.87091
-0.87989
-0.85759
-0.85756
-0.86299
-0.86563
-0.86032
-0.86564
-0.85791
-0.86743
-0.85791
-0.85686
-0.85625
-0.8671
-0.86854
-0.86672
-0.85597
-0.86106
47.1888
-0.85057
-0.85057
-0.86307
0
-0.86464
-0.85921
0
0
0
0
0
0
0
0
0
0
0
0
0
0
0
0
0
0
0
0
0
0
0
0
0
-2.0487
0
0
0
0
0
0
0
0
0
0
0
0
-3.3351
0
0
0
0
0
0
0
0
0
0
0
0
0
0
0
0
0
0
0
0
0
0
0
0
0
0
0
0
0
0
0
0
0
0
0
0
-0.87939
-0.87677
-0.86763
-0.86719
-0.86882
-0.86916
-0.86716
-0.86418
-0.85931
-0.86224
-0.8576
-0.86182
-0.85306
-0.85306
-0.88334
-0.86767
-0.84656
-0.88332
-0.85951
-0.85122
-0.85122
-0.85271
-0.84879
-0.84681
-0.85411
-0.8541
-0.86214
-0.84054
-0.84217
-0.84641
-0.84754
-0.84331
-0.84754
-0.83988
-0.85232
-0.83986
-0.84029
-0.84105
-0.84889
-0.85282
-0.84435
-0.83491
-0.83628
-0.85057
42.6662
-0.82823
-0.84765
-0.84743
-0.85007
-0.84377
-0.83139
0
0
0
0
0
0
0
0
0
0
0
0
0
0
0
0
0
0
0
0
0
0
0
0
0
0
0
0
0
0
0
0
0
0
0
0
0
0
0
0
0
0
0
0
0
0
0
0
0
0
0
0
0
0
0
0
0
0
0
0
0
0
0
0
0
0
0
0
0
0
0
0
0
0
-0.8794
-0.87677
-0.86763
-0.86719
-0.86882
-0.86915
-0.86716
-0.8642
-0.85931
-0.86225
-0.85759
-0.86182
-0.85307
-0.85305
-0.88333
-0.86767
-0.84656
-0.88333
-0.85952
-0.85121
-0.85122
-0.85271
-0.84879
-0.84681
-0.85412
-0.85411
-0.86215
-0.84054
-0.84218
-0.8464
-0.84753
-0.84332
-0.84754
-0.83988
-0.85232
-0.83988
-0.8403
-0.84104
-0.84889
-0.85283
-0.84436
-0.83492
-0.83629
-0.85057
-0.82823
42.6662
-0.84765
-0.84744
-0.85007
-0.84377
-0.83138
0
0
0
0
0
0
0
0
0
0
0
0
0
0
0
0
0
0
0
0
0
0
0
0
0
0
0
0
0
0
0
0
0
0
0
0
0
0
0
0
0
0
0
0
0
0
0
0
0
0
0
0
0
0
0
0
0
0
0
0
0
0
0
0
0
0
0
0
0
0
0
0
0
0
-0.89782
-0.89511
-0.88586
-0.88545
-0.88738
-0.8876
-0.88575
-0.88274
-0.87784
-0.88078
-0.87589
-0.88042
-0.87149
-0.87147
-0.90188
-0.88612
-0.86495
-0.90187
-0.87795
-0.86966
-0.86966
-0.86879
-0.86716
-0.86512
-0.87202
-0.872
-0.88056
-0.85568
-0.86033
-0.86293
-0.86608
-0.86155
-0.86609
-0.8583
-0.8704
-0.8583
-0.85821
-0.85887
-0.86499
-0.87288
-0.86445
-0.85104
-0.8538
-0.86307
-0.84765
-0.84765
42.2195
0
0
0
0
0
0
0
0
0
0
0
0
0
0
0
0
0
0
0
0
0
0
0
0
0
0
0
-2.1139
0
0
0
0
0
0
0
0
0
0
0
0
0
0
0
0
0
0
0
0
0
0
0
0
0
0
0
0
0
0
0
0
0
0
0
0
0
0
0
0
0
0
0
0
0
0
0
0
0
0
-0.89829
-0.89577
-0.88658
-0.88617
-0.88788
-0.88831
-0.88631
-0.88338
-0.87845
-0.88146
-0.87661
-0.88102
-0.8722
-0.87221
-0.90263
-0.88643
-0.86575
-0.90263
-0.87873
-0.87049
-0.87049
-0.87182
-0.86798
-0.86603
-0.87303
-0.87303
-0.88117
-0.85974
-0.86134
-0.86473
-0.86716
-0.8619
-0.86716
-0.85865
-0.87064
-0.85866
-0.8584
-0.85882
-0.868
-0.87288
-0.86514
-0.85186
-0.85478
0
-0.84743
-0.84744
0
42.0614
0
0
0
0
0
0
0
0
0
-0.89979
0
0
0
0
0
0
0
0
0
0
0
0
-1.882
0
0
0
0
0
0
0
0
0
0
0
0
0
0
0
0
0
0
0
0
0
0
0
0
0
0
0
0
0
0
0
0
0
0
0
0
0
0
0
0
0
0
0
0
0
0
0
0
0
0
0
0
0
0
-0.9006
-0.89802
-0.88885
-0.88834
-0.88996
-0.89019
-0.88833
-0.88525
-0.88032
-0.88328
-0.87854
-0.88224
-0.874
-0.87399
-0.9046
-0.88866
-0.86743
-0.9046
-0.88036
-0.87219
-0.87219
-0.87333
-0.86955
-0.8676
-0.87484
-0.87484
-0.87869
-0.86119
-0.86283
-0.8669
-0.86853
-0.86431
-0.86854
-0.8609
-0.8682
-0.8609
-0.86064
-0.86106
-0.86996
-0.87542
-0.86694
-0.85322
-0.85591
-0.86464
-0.85007
-0.85007
0
0
42.5562
0
0
0
0
0
0
0
0
0
0
0
0
0
0
0
0
0
0
0
0
0
0
0
0
0
0
0
-2.3352
0
0
0
0
0
0
0
0
0
0
0
0
0
0
0
0
0
0
0
0
0
0
0
0
0
0
0
0
0
0
0
0
0
0
0
0
0
0
0
0
0
0
0
0
0
0
0
0
-0.89015
-0.88749
-0.87831
-0.87787
-0.87952
-0.87988
-0.87786
-0.87489
-0.86999
-0.87293
-0.86826
-0.87249
-0.86369
-0.86369
-0.89414
-0.87845
-0.85715
-0.89413
-0.87017
-0.86184
-0.86184
-0.86333
-0.85938
-0.8574
-0.86467
-0.86468
-0.87322
-0.85104
-0.85269
-0.85719
-0.85811
-0.85424
-0.85812
-0.85088
-0.86329
-0.85088
-0.85143
-0.85218
-0.86045
-0.86548
-0.85859
-0.84548
-0.84908
-0.85921
-0.84377
-0.84377
0
0
0
39.7833
0
0
0
0
0
0
0
0
0
0
0
0
0
0
0
0
0
0
0
0
0
0
0
0
0
0
0
0
0
0
0
0
0
0
0
0
0
0
0
0
0
0
0
0
0
0
0
0
0
0
0
0
0
0
0
0
0
0
0
0
0
0
0
0
0
0
0
0
0
0
0
0
0
0
0
-0.87767
-0.87497
-0.86581
-0.86536
-0.86698
-0.86731
-0.86532
-0.86235
-0.85746
-0.86036
-0.85574
-0.85996
-0.85117
-0.85116
-0.88151
-0.86589
-0.84461
-0.8815
-0.85774
-0.84927
-0.84928
-0.85081
-0.84683
-0.84483
-0.85212
-0.85212
-0.86066
-0.83848
-0.84011
-0.84468
-0.84549
-0.84163
-0.84549
-0.83827
-0.85081
-0.83827
-0.83887
-0.8394
-0.84776
-0.85236
-0.84649
-0.83324
-0.83747
0
-0.83139
-0.83138
0
0
0
0
38.3604
0
0
0
0
0
0
0
0
0
0
0
0
0
0
0
0
0
0
0
0
0
0
0
0
0
0
0
0
0
0
0
0
0
0
0
0
0
0
0
0
0
0
0
0
0
0
0
0
0
0
0
0
0
0
0
0
0
0
0
0
0
0
0
0
0
0
0
0
0
0
0
0
0
0
-0.90802
-0.9052
-0.89586
-0.89522
-0.89773
-0.89794
-0.89613
-0.89311
-0.88818
-0.89123
-0.88642
-0.89082
-0.88185
-0.88185
-0.91194
-0.89637
-0.87531
-0.91195
-0.88839
-0.88006
-0.88007
-0.88094
-0.87749
-0.8754
-0.88161
-0.88162
-0.89078
-0.86885
-0.87047
-0.87366
-0.87664
-0.87169
-0.87664
-0.86871
-0.88007
-0.86871
-0.86781
-0.86808
-0.87656
-0.88254
0
-0.86115
0
0
0
0
0
0
0
0
0
40.8007
0
0
0
0
0
0
0
0
0
0
0
0
0
0
0
0
0
0
0
0
0
0
0
0
0
0
0
0
0
0
0
0
0
0
0
0
0
0
0
0
0
0
0
0
0
0
0
0
0
0
0
0
0
0
0
0
0
-4.5476
0
0
0
0
0
0
0
0
0
0
0
0
0
0
0
-0.89934
-0.89615
-0.88659
-0.88617
-0.88428
-0.88421
-0.88255
-0.87944
-0.87465
-0.87762
-0.87295
-0.85306
-0.86832
-0.86831
-0.90011
-0.88363
-0.86185
-0.9001
-0.87513
-0.86667
-0.86666
-0.86808
-0.86442
-0.8623
-0.86965
-0.86965
-0.87705
-0.85617
-0.85753
-0.86124
-0.86351
-0.85893
-0.86351
-0.85537
-0.86647
-0.85537
-0.85402
0
0
0
0
0
0
0
0
0
0
0
0
0
0
0
38.2927
0
0
0
0
0
0
0
0
0
0
0
0
0
0
0
0
0
0
0
0
0
0
0
0
0
0
0
0
0
0
0
0
-3.8745
0
0
0
0
0
0
0
0
0
0
0
-2.1471
0
0
0
0
0
0
0
0
0
0
0
0
0
0
0
0
0
0
0
0
0
0
0
0
0
0
0
-0.87489
-0.87215
-0.86301
-0.86258
-0.86421
-0.86452
-0.86251
-0.85956
-0.85469
-0.85762
-0.85296
-0.85712
-0.84842
-0.84843
-0.87871
-0.86303
-0.84191
-0.87871
-0.85501
-0.8466
-0.8466
-0.84825
-0.84416
-0.8422
-0.84945
-0.84944
-0.85775
-0.83596
-0.83753
-0.84176
-0.84293
-0.83867
-0.84292
-0.83533
-0.84824
-0.83532
-0.8355
-0.83687
0
-0.84955
0
0
0
0
0
0
0
0
0
0
0
0
0
33.2251
0
0
0
0
0
0
0
0
0
0
0
0
0
0
0
0
0
0
0
0
0
0
0
0
0
0
0
0
0
0
0
0
0
0
0
0
0
0
0
0
0
0
0
0
0
0
0
0
0
0
0
0
0
0
0
0
0
0
0
0
0
0
0
0
0
0
0
0
0
0
0
-0.89513
-0.89208
-0.88298
-0.88257
-0.88468
-0.88476
-0.88275
-0.8799
-0.875
-0.87794
-0.87302
-0.87738
-0.86861
-0.8686
-0.89884
-0.88316
-0.86205
-0.89884
-0.875
-0.86695
-0.86695
-0.86881
-0.86429
-0.86212
-0.86882
-0.86881
-0.87804
-0.8557
-0.85743
-0.85809
-0.86322
-0.85866
-0.86322
-0.85559
0
-0.85559
-0.85573
0
0
0
0
0
0
0
0
0
0
0
0
0
0
0
0
0
34.7962
0
0
0
0
0
0
0
0
0
0
0
0
0
0
0
0
0
0
0
0
0
0
0
0
0
0
0
-2.8678
-0.51707
0
0
0
0
0
0
0
0
0
0
0
0
0
0
0
0
0
0
0
0
0
0
0
0
0
0
0
0
0
0
0
0
0
0
0
0
0
0
0
0
0
-0.91856
-0.91539
-0.90601
-0.90386
-0.90884
-0.90814
-0.90721
-0.90428
-0.89944
-0.90255
-0.89782
-0.90199
-0.89301
-0.893
-0.92251
-0.90733
-0.8866
-0.9225
-0.90012
-0.89173
-0.89174
-0.89208
-0.88931
-0.88662
-0.89137
-0.89135
-0.90191
-0.88009
-0.88159
-0.88369
-0.88828
-0.88245
-0.88829
-0.87997
0
-0.87996
0
0
0
0
0
0
0
0
0
0
0
0
0
0
0
0
0
0
0
42.2599
0
0
0
0
0
0
0
0
0
0
0
0
0
0
0
0
0
0
0
0
0
-1.6792
0
0
0
0
0
0
0
0
0
0
0
0
0
0
0
0
0
0
0
0
0
0
0
0
-4.5906
0
0
0
0
0
0
0
0
0
0
-4.5906
0
0
0
0
0
0
0
0
0
0
0
-0.92359
-0.92071
-0.91141
-0.9115
-0.91334
-0.91383
-0.9118
-0.909
-0.90405
-0.90699
-0.90197
-0.90637
-0.8975
-0.89749
-0.92759
-0.91203
-0.89102
-0.92758
-0.90437
-0.8961
-0.89611
-0.89552
-0.89362
-0.89113
-0.89711
-0.89712
-0.90641
-0.88349
-0.88634
-0.88492
-0.89261
-0.88641
-0.89261
-0.88355
0
-0.88357
0
0
0
0
0
0
0
0
0
0
0
0
0
0
0
0
0
0
0
0
39.5505
0
0
0
0
0
0
0
0
0
0
0
0
0
0
0
0
0
0
0
0
0
0
0
0
0
0
0
0
0
0
0
0
-3.6695
0
0
0
0
0
0
0
0
0
0
0
0
0
0
0
0
0
0
0
0
0
0
0
0
0
0
0
-4.3222
0
0
0
0
0
0
0
-0.92312
-0.91978
-0.90997
-0.90908
-0.91225
-0.91159
-0.9107
-0.90758
-0.90262
-0.90586
-0.90096
-0.90594
-0.89634
-0.89633
-0.92548
-0.89309
-0.88975
-0.92547
-0.90317
-0.89494
-0.89494
-0.89514
-0.8925
-0.88973
-0.89461
-0.8946
0
-0.88346
-0.88496
0
-0.89165
0
-0.89165
0
0
0
0
0
0
0
0
0
0
0
0
0
0
-0.89979
0
0
0
0
0
0
0
0
0
40.5163
0
0
0
0
0
0
0
0
0
0
0
0
0
0
0
0
0
0
0
0
0
0
0
0
0
0
0
0
0
-3.7719
0
0
0
0
0
0
0
0
0
0
0
0
0
0
0
0
0
-4.3937
0
0
0
0
-4.3937
0
0
0
0
0
0
0
0
0
0
0
0
0
0
-0.91689
-0.9143
-0.90512
-0.90434
-0.90712
-0.90743
-0.9056
-0.90268
-0.89772
-0.90086
-0.89588
-0.90064
-0.8915
-0.89149
-0.92147
-0.90614
-0.88497
-0.92147
-0.89817
-0.88988
-0.88989
-0.89106
-0.8874
-0.88497
-0.89128
-0.89128
0
0
0
0
0
0
0
0
0
0
0
0
0
0
0
0
0
0
0
0
0
0
0
0
0
0
0
0
0
0
0
0
28.7869
0
0
0
0
0
0
0
0
0
0
0
-1.8427
0
0
0
0
0
0
0
0
0
0
0
0
0
0
0
0
0
0
0
0
0
0
0
0
0
0
0
0
0
0
-3.5446
0
0
0
0
0
0
0
0
0
0
0
0
0
0
0
0
0
0
0
0
0
0
0
-0.95286
-0.95053
-0.93936
-0.93895
-0.9425
-0.9426
-0.94078
-0.93771
-0.93273
-0.93582
-0.93111
-0.9366
-0.9263
-0.9263
-0.95773
-0.94125
-0.91947
-0.95773
-0.93299
-0.9243
-0.9243
0
0
0
0
0
0
0
0
0
0
0
0
0
0
0
0
0
0
0
0
0
0
0
0
0
0
0
0
0
0
0
0
0
0
0
0
0
0
22.8418
0
0
0
0
0
0
0
0
0
0
0
0
0
0
0
0
0
0
0
0
0
0
0
0
0
0
0
0
0
0
0
0
0
0
0
0
0
0
-3.1499
0
0
0
0
0
0
0
0
0
0
0
0
0
0
0
0
0
0
0
0
0
0
0
0
0
0
-0.938
-0.93498
-0.92593
-0.92552
-0.92708
-0.92761
-0.92533
-0.92237
-0.91738
-0.92044
-0.91586
-0.92003
-0.91111
-0.9111
-0.94196
-0.92634
-0.90434
-0.94195
-0.91816
-0.90931
-0.90931
0
0
0
0
0
0
0
0
0
0
0
0
0
0
0
0
0
0
0
0
0
0
0
0
0
0
0
0
0
0
0
0
0
0
0
0
0
0
0
19.3741
0
0
0
0
0
0
0
0
0
0
0
0
0
0
0
0
0
0
0
0
0
0
0
0
0
0
0
0
0
0
0
0
0
0
0
0
0
0
0
0
0
0
0
0
0
0
0
0
0
0
0
0
0
0
0
0
0
0
0
0
0
0
0
0
-0.93212
-0.92909
-0.92005
-0.91965
-0.9212
-0.92171
-0.91944
-0.91648
-0.91147
-0.91454
-0.90998
-0.91414
-0.90523
-0.90522
-0.93603
-0.92043
-0.89847
-0.93602
-0.91225
-0.9034
-0.90339
0
0
0
0
0
0
0
0
0
0
0
0
0
0
0
0
0
0
0
0
0
0
0
0
0
0
0
0
0
0
0
0
0
0
0
0
0
0
0
0
19.2503
0
0
0
0
0
0
0
0
0
0
0
0
0
0
0
0
0
0
0
0
0
0
0
0
0
0
0
0
0
0
0
0
0
0
0
0
0
0
0
0
0
0
0
0
0
0
0
0
0
0
0
0
0
0
0
0
0
0
0
0
0
0
0
-0.95536
-0.95227
-0.94322
-0.94282
-0.94431
-0.94485
-0.94253
-0.93954
-0.93451
-0.93758
-0.93303
-0.93727
-0.92819
-0.9282
-0.95923
-0.94361
-0.92137
-0.95923
-0.93535
0
0
0
0
0
0
0
0
0
0
0
0
0
0
0
0
0
0
0
0
0
0
0
0
0
0
0
0
0
0
0
0
0
0
0
0
0
0
0
0
0
0
0
17.8825
0
0
0
0
0
0
0
0
0
0
0
0
0
0
0
0
0
0
0
0
0
0
0
0
0
0
0
0
0
0
0
0
0
0
0
0
0
0
0
0
0
0
0
0
0
0
0
0
0
0
0
0
0
0
0
0
0
0
0
0
0
0
-0.9654
-0.96252
-0.95289
-0.95217
-0.95507
-0.95488
-0.95335
-0.95037
-0.94543
-0.94854
-0.94398
-0.9491
-0.93905
-0.93903
0
0
-0.93232
0
0
0
0
0
0
0
0
0
0
0
0
0
0
0
0
0
0
0
0
0
0
0
0
0
0
0
0
0
0
0
0
0
0
0
0
0
0
0
0
0
0
0
0
0
0
16.8566
0
0
0
0
0
0
0
0
0
0
0
0
0
0
0
0
0
0
0
0
0
0
0
0
0
0
0
0
-2.6125
0
0
0
0
0
0
0
0
0
0
0
0
0
0
0
0
0
0
0
0
0
0
0
0
0
0
0
0
0
0
0
0
-1.0082
-1.0049
-0.99575
-0.99508
-0.99793
-0.98901
-0.99614
-0.99318
-0.98818
-0.99136
-0.98686
-0.99122
-0.9818
-0.98179
0
0
0
0
0
0
0
0
0
0
0
0
0
0
0
0
0
0
0
0
0
0
0
0
0
0
0
0
0
0
0
0
0
0
0
0
0
0
0
0
0
0
0
0
0
0
0
0
0
0
16.1135
0
0
0
0
0
0
0
0
0
0
0
0
0
0
0
0
0
0
0
0
0
0
0
0
0
-2.2121
0
0
0
0
0
0
0
0
0
0
0
0
0
0
0
0
0
0
0
0
0
0
0
0
0
0
0
0
0
0
0
0
0
0
-1.1675
-1.1643
-1.1553
-1.1548
-1.157
-1.1579
-1.1553
-1.1523
-1.147
-1.1506
-1.1459
0
-1.1408
-1.1408
0
0
0
0
0
0
0
0
0
0
0
0
0
0
0
0
0
0
0
0
0
0
0
0
0
0
0
0
0
0
0
0
0
0
0
0
0
0
0
0
0
0
0
0
0
0
0
0
0
0
0
14.9895
0
0
0
0
0
0
0
0
0
0
0
0
0
0
0
0
0
0
0
0
0
0
0
0
0
0
0
0
0
0
0
0
0
0
0
0
0
0
0
0
0
0
0
0
0
0
0
0
0
0
0
0
0
0
0
0
0
0
0
-1.1235
-1.1328
-1.1121
-1.1114
-1.1147
-1.1152
-1.1129
-1.1096
-1.1046
-1.1074
0
0
0
0
0
0
0
0
0
0
0
0
0
0
0
0
0
0
0
0
0
0
0
0
0
0
0
0
0
0
0
0
0
0
0
0
0
0
0
0
0
0
0
0
0
0
0
0
0
0
0
0
0
0
0
0
13.1866
0
0
0
0
0
0
0
0
0
0
0
0
0
-2.0425
0
0
0
0
0
0
0
0
0
0
0
0
0
0
0
0
0
0
0
0
0
0
0
0
0
0
0
0
0
0
0
0
0
0
0
0
0
0
0
0
0
0
0
0
-1.2184
-1.214
-1.2044
-1.2057
-1.2092
-1.209
-1.2069
-1.2041
-1.1989
0
0
0
0
0
0
0
0
0
0
0
0
0
0
0
0
0
0
0
0
0
0
0
0
0
0
0
0
0
0
0
0
0
0
0
0
0
0
0
0
0
0
0
0
0
0
0
0
0
0
0
0
0
0
0
0
0
0
14.4763
0
0
0
0
0
0
0
0
0
0
0
0
0
0
0
0
0
0
0
0
0
0
0
0
0
0
0
0
0
0
0
0
0
0
0
0
0
0
0
0
0
0
0
0
0
0
0
0
-3.6057
0
0
0
0
0
0
0
0
-1.3095
-1.3058
-1.2967
-1.2957
-1.3013
-1.3014
-1.2996
-1.2969
0
0
0
0
0
0
0
0
0
0
0
0
0
0
0
0
0
0
0
0
0
0
0
0
0
0
0
0
0
0
0
0
0
0
0
0
0
0
0
0
0
0
0
0
0
0
0
0
0
0
0
0
0
0
0
0
0
0
0
0
12.7243
0
0
0
0
0
0
0
0
0
0
0
0
0
0
0
0
0
0
0
0
0
0
0
0
0
0
0
0
-2.3173
0
0
0
0
0
0
0
0
0
0
0
0
0
0
0
0
0
0
0
0
0
0
0
0
0
0
0
-1.6703
0
0
0
-1.6699
0
0
0
0
0
0
0
0
0
0
0
0
0
0
0
0
0
0
0
0
0
0
0
0
0
0
0
0
0
0
0
0
0
0
0
-1.6297
0
0
0
0
0
0
0
0
0
0
0
0
0
0
0
0
0
0
0
0
0
0
0
0
0
0
0
0
10.665
0
0
0
0
0
0
0
0
0
0
0
0
0
-2.0176
0
0
0
0
0
0
0
0
0
0
0
0
0
0
0
0
0
0
0
0
0
0
0
0
0
0
0
0
0
0
0
0
0
0
0
0
0
0
0
-3.6775
0
0
0
0
0
0
0
0
0
0
0
0
0
0
0
0
0
0
0
0
0
0
0
0
0
0
0
0
0
0
0
0
0
0
0
0
0
0
0
0
0
0
0
0
0
0
0
0
-1.882
0
0
0
0
0
0
0
0
0
0
-1.8427
0
0
0
0
0
0
0
0
0
0
0
13.009
0
0
0
0
0
0
0
0
0
0
0
-2.68
0
0
0
0
0
0
0
0
0
0
0
0
0
0
0
0
0
0
0
0
0
0
0
0
0
0
0
0
0
0
0
0
-3.3021
0
0
0
0
0
-3.3022
0
0
0
-1.9183
-1.9128
-1.9083
0
-1.9145
0
-1.9115
0
0
0
0
0
0
0
0
0
0
0
0
0
0
0
0
0
0
0
0
0
0
0
0
0
0
0
0
0
0
0
0
0
0
0
0
0
0
0
0
0
0
0
0
0
0
0
0
0
0
0
0
0
0
0
0
0
0
0
0
0
0
0
0
9.5653
0
0
0
0
0
0
0
0
0
0
0
0
0
0
0
0
0
0
0
0
0
0
0
0
0
0
0
0
0
0
0
0
0
0
0
0
0
0
0
0
0
0
0
0
0
0
0
0
0
0
0
0
0
0
0
0
0
0
0
0
0
0
0
0
0
0
0
0
0
0
0
0
0
0
0
0
0
0
0
0
0
0
-2.3004
0
0
0
0
0
0
0
0
0
0
0
0
0
0
0
0
0
0
0
0
0
0
0
0
0
0
0
0
0
0
0
0
0
0
0
0
0
0
0
0
0
0
10.8939
0
-2.5977
0
0
0
0
0
0
0
-2.7188
0
0
0
0
0
0
0
0
0
0
0
0
0
-3.2771
0
0
0
0
0
0
0
0
0
0
0
0
0
0
0
0
0
0
0
0
0
0
0
0
0
0
0
0
0
-2.2595
0
0
0
0
0
0
0
0
0
0
0
0
0
0
0
0
0
0
0
0
0
0
0
0
0
0
0
0
0
-2.1955
0
0
0
0
0
0
0
0
0
0
0
0
0
0
0
0
0
0
0
0
0
0
0
0
0
0
0
0
0
0
0
0
0
0
0
0
0
0
0
0
0
7.5547
0
0
0
0
0
-2.6169
0
0
0
0
0
0
0
0
0
0
0
0
0
0
0
0
0
0
0
0
0
0
0
0
0
0
0
0
0
0
0
0
0
0
0
0
0
0
0
-0.48291
0
0
0
0
0
0
0
0
0
0
0
0
0
0
0
0
0
0
0
0
0
0
0
0
0
0
0
0
0
0
0
0
-2.1236
0
0
0
0
0
0
0
0
0
0
0
0
0
0
0
0
0
0
-2.1139
0
0
0
0
0
0
0
0
0
0
0
0
0
0
0
0
0
0
0
0
0
0
0
0
0
-2.5977
0
9.4218
0
0
0
0
0
0
0
0
0
-2.5865
0
0
0
0
0
0
0
0
0
0
0
0
0
0
0
0
0
0
0
0
0
0
0
0
0
0
0
0
0
0
0
0
0
0
0
0
0
0
0
0
-2.1001
0
0
0
0
0
0
0
0
0
0
0
0
0
0
0
0
0
0
0
0
0
0
0
0
0
0
0
0
0
0
0
0
0
0
0
0
0
0
0
0
0
0
-2.0487
0
0
0
0
0
0
0
0
0
0
0
0
0
0
0
0
0
0
0
0
0
0
0
0
0
0
0
0
0
0
0
9.7952
0
0
0
0
0
0
0
0
0
0
0
0
0
0
0
0
0
0
0
-2.5063
0
0
0
0
0
0
0
0
0
0
0
0
0
0
0
0
0
0
0
0
0
0
0
0
0
0
0
0
-3.1402
0
0
0
0
0
0
0
0
0
0
0
0
0
0
0
0
0
0
0
0
0
0
0
0
0
0
-2.3777
0
0
0
0
0
0
0
-2.3611
0
0
0
0
0
0
0
0
0
0
0
0
0
-2.3352
0
0
0
0
0
0
0
0
0
0
0
0
0
0
0
0
0
0
0
0
0
0
0
0
0
0
0
8.3445
0
0
0
0
0
0
0
0
0
0
0
0
0
0
0
0
0
0
0
0
0
0
0
0
0
0
0
0
0
0
0
-1.2704
0
0
0
0
0
0
0
0
0
0
0
0
0
0
0
0
0
0
0
-1.6936
0
0
0
0
0
0
0
0
0
0
0
0
0
0
0
0
0
0
0
0
0
0
0
0
0
0
0
0
0
0
0
0
0
0
-1.6752
0
0
0
0
0
0
0
0
0
0
0
0
0
0
0
0
-1.6792
0
0
0
0
0
0
0
0
0
0
0
0
0
0
0
0
0
0
0
0
0
7.7875
0
0
0
0
0
0
0
0
0
0
0
0
0
0
0
-2.7396
0
0
0
0
0
0
0
0
0
0
0
0
0
0
0
0
0
0
0
0
0
0
0
0
0
0
0
0
0
0
0
0
0
0
0
0
0
0
0
0
0
0
0
0
0
0
0
0
0
0
0
0
0
-2.5389
0
0
0
0
0
0
0
0
0
0
0
-2.5339
0
0
0
0
0
0
0
0
0
0
0
0
0
0
0
0
0
0
0
0
0
0
0
0
0
0
0
0
0
0
0
0
0
0
0
0
0
0
0
0
0
0
0
10.4478
0
0
0
0
0
0
0
-2.6927
0
0
0
0
0
0
0
-2.6823
0
0
0
0
0
0
0
0
0
0
0
0
0
0
0
0
0
0
0
0
0
0
0
0
0
0
0
0
0
0
0
0
0
0
0
0
0
0
0
0
0
0
0
0
0
0
0
0
0
0
0
0
0
-1.4623
0
0
0
0
0
0
0
0
0
0
0
0
0
0
0
0
0
0
0
0
0
0
0
0
0
0
0
0
0
0
0
0
0
0
0
0
0
0
0
0
0
0
0
0
0
0
0
0
0
-2.6169
0
0
0
0
0
9.2447
-2.1753
0
0
0
0
0
0
0
0
0
0
0
0
0
0
0
0
0
0
0
0
0
0
0
0
0
0
0
0
0
0
0
-2.9903
0
0
0
0
0
0
0
0
0
0
0
0
0
0
0
0
0
0
0
0
0
0
0
0
0
0
0
0
0
0
0
0
0
-2.3519
0
0
0
0
0
0
0
0
0
0
0
0
0
0
0
-2.3215
0
0
0
0
0
0
0
0
0
0
0
0
0
0
0
0
0
0
0
0
0
0
0
0
0
0
0
0
-2.0425
0
0
0
0
0
0
0
0
0
0
0
0
-2.1753
8.8912
0
0
0
0
0
0
0
0
0
0
0
0
0
0
0
0
0
0
0
0
0
0
0
0
0
0
0
0
0
0
0
0
0
0
0
0
0
0
0
0
0
0
0
0
0
0
0
0
0
0
0
0
0
0
-2.7828
0
0
0
0
0
0
0
0
0
0
-2.7665
0
0
0
0
0
0
0
0
0
0
0
0
0
0
0
0
0
0
0
0
0
0
0
0
0
0
0
0
0
0
0
0
0
0
0
0
0
0
0
0
0
0
0
0
0
0
0
0
0
0
0
0
0
0
0
0
0
0
0
9.3451
0
0
0
0
0
0
0
0
0
0
0
0
0
0
0
0
0
0
-3.7958
0
0
0
0
0
0
0
0
0
0
0
0
0
0
0
0
0
0
0
0
0
0
0
0
0
0
0
0
0
0
0
0
0
0
0
0
0
0
0
0
0
0
0
0
0
0
0
0
0
0
0
0
0
0
0
0
0
0
0
0
0
0
0
0
0
0
0
0
0
0
0
0
0
0
0
0
0
0
-2.8678
0
0
0
0
0
0
0
0
0
0
0
0
0
0
0
-2.68
0
-2.7188
0
0
0
0
0
0
0
0
0
8.2666
0
0
0
0
0
0
0
0
0
0
0
0
0
0
0
0
0
0
0
0
0
0
0
0
0
0
0
0
0
0
0
0
0
0
0
0
0
0
0
0
0
0
0
0
0
0
0
0
0
0
0
0
0
0
0
0
0
0
0
0
0
0
0
0
0
0
0
0
0
0
0
0
0
0
0
0
0
0
0
0
0
0
0
0
0
0
0
0
0
0
0
0
0
0
0
0
-0.51707
0
0
0
0
0
0
0
0
0
0
0
0
0
0
-2.0176
0
0
0
0
0
0
0
0
0
0
0
0
0
5.7914
0
0
0
0
0
0
0
0
0
0
0
0
0
0
0
0
0
0
0
0
0
0
0
0
0
0
0
0
0
0
0
0
0
0
0
0
-3.2567
0
0
0
0
0
0
0
0
0
0
0
0
0
0
0
0
0
0
0
0
0
0
0
0
0
-2.615
0
0
0
0
0
0
0
0
0
0
0
0
0
0
0
0
-2.5863
0
0
0
0
0
0
0
0
0
0
0
0
0
0
0
0
0
0
0
0
0
0
0
0
0
0
0
0
0
0
0
0
0
0
0
-2.5865
0
0
0
0
0
0
0
0
0
7.7877
0
0
0
0
0
0
0
0
0
0
0
0
0
0
0
0
0
0
0
0
0
0
0
0
0
0
0
0
0
0
0
0
0
0
0
0
0
0
0
0
0
0
0
0
0
0
0
0
0
0
0
-4.1048
0
0
0
0
0
0
0
0
0
0
0
0
0
0
0
0
0
0
0
0
0
0
0
0
0
0
0
0
0
0
0
0
0
0
0
0
0
0
0
0
-3.8745
0
0
0
0
0
0
0
0
0
0
0
0
0
0
0
0
0
0
0
0
0
0
0
0
0
0
0
0
0
0
0
0
7.9793
0
0
0
0
0
0
0
0
0
0
0
0
0
0
0
0
0
0
0
0
0
0
0
0
0
0
0
0
0
0
0
0
0
0
0
0
0
0
0
0
0
0
0
0
0
0
0
0
0
0
0
0
0
0
0
0
0
0
0
0
0
0
0
0
0
0
0
0
0
0
0
0
0
0
0
0
0
0
0
0
0
0
0
0
0
0
0
0
0
0
0
0
0
0
0
0
0
0
0
0
0
0
0
0
0
0
0
0
0
0
0
0
0
0
0
0
0
-2.6927
0
0
0
0
0
0
0
6.3332
0
-3.6405
0
0
0
0
0
0
0
0
0
0
0
0
0
0
0
0
0
0
0
0
0
0
0
0
0
0
0
0
0
0
0
0
0
0
0
0
0
0
0
0
0
0
0
0
0
0
0
0
0
0
0
-3.875
0
0
0
0
0
0
0
0
0
0
0
0
0
0
0
0
0
0
0
0
0
0
0
0
0
0
0
0
0
0
0
0
0
0
0
0
0
0
0
0
0
-3.7719
0
0
0
0
0
0
0
0
0
0
0
0
0
0
0
0
0
0
0
0
0
0
0
0
0
0
0
0
0
7.6469
0
0
0
0
0
0
0
0
0
0
0
0
0
0
0
0
0
0
0
0
0
0
0
0
0
0
0
0
0
0
0
0
0
0
0
0
0
0
0
0
0
0
0
0
0
0
0
0
0
0
0
0
0
0
0
0
0
0
0
0
0
0
0
0
0
0
0
0
0
0
0
0
0
0
0
0
0
0
0
0
-3.3351
0
0
0
0
0
0
0
0
0
0
0
0
0
0
0
0
0
0
0
0
0
0
0
0
0
0
0
0
0
0
0
0
0
0
0
0
0
0
0
0
0
0
-3.6405
0
6.9756
0
0
0
0
0
0
0
0
0
0
0
0
0
0
0
0
0
0
0
0
0
0
0
0
0
0
0
0
0
0
0
0
0
0
0
0
0
0
0
0
0
0
0
0
0
0
0
0
0
0
0
0
0
0
0
0
0
0
0
0
0
0
0
0
0
0
0
0
0
0
0
0
0
0
0
0
0
0
0
0
0
0
0
0
0
0
0
0
0
0
0
0
-3.6695
0
0
0
0
0
0
0
0
0
0
0
0
0
0
0
0
0
0
0
0
0
0
0
0
0
0
0
0
0
0
0
0
7.1053
0
0
0
0
0
0
-3.4358
0
0
0
0
0
0
0
0
0
0
0
0
0
0
0
0
0
0
0
0
0
0
0
0
0
0
0
0
0
0
0
0
0
-2.4017
0
0
0
0
0
0
0
0
0
0
0
0
0
0
0
0
0
0
0
0
0
0
0
0
0
0
0
0
0
0
0
0
0
0
0
0
0
0
0
0
0
0
0
0
0
0
0
0
0
0
0
0
0
0
0
0
0
0
-2.2121
0
0
0
0
0
0
0
0
0
0
0
0
0
0
0
0
0
0
0
0
0
0
0
0
0
4.6137
0
0
0
0
0
0
0
0
0
0
0
0
0
0
0
0
0
0
0
0
0
0
0
0
0
0
0
0
0
0
0
0
0
0
0
0
0
0
0
0
0
0
0
0
0
0
0
0
0
0
0
0
-3.3566
0
0
0
0
0
0
0
0
0
0
0
0
0
0
0
0
0
0
0
0
0
0
0
0
0
0
0
0
0
0
0
0
0
0
0
0
0
0
0
0
0
0
0
0
0
0
0
0
0
0
0
0
0
0
0
0
0
0
0
0
0
0
0
0
0
0
0
0
0
0
0
0
6.9842
0
0
-3.6276
0
0
0
0
0
0
0
0
0
0
0
0
0
0
0
0
0
0
0
0
0
0
0
0
0
0
0
0
0
0
0
0
0
0
0
0
0
0
0
0
0
0
0
0
0
0
0
0
0
0
0
0
0
0
0
0
-3.0309
0
0
0
0
0
0
0
0
0
0
0
0
0
0
0
0
0
0
0
0
0
0
0
0
0
0
0
0
0
0
0
0
0
0
0
0
-2.6125
0
0
0
0
0
0
0
0
0
0
0
0
0
0
0
0
0
0
0
0
0
0
0
0
0
0
0
0
5.6434
0
0
0
0
0
0
0
0
0
0
0
0
0
0
0
0
0
0
0
0
0
0
0
0
0
0
0
0
0
0
0
0
0
0
0
0
0
0
0
0
0
0
0
0
0
0
0
0
0
0
0
0
0
0
0
0
0
0
0
0
0
0
0
0
0
0
0
0
0
0
0
0
0
0
-1.6021
0
0
0
0
0
0
0
0
0
0
0
0
0
0
0
0
0
0
0
0
0
0
0
0
0
0
0
0
0
0
0
0
0
0
-2.7396
0
0
0
0
0
0
0
0
0
0
0
0
0
0
0
4.3418
0
0
0
0
0
0
0
0
0
0
0
0
0
0
0
0
0
0
0
0
0
0
0
0
0
0
0
0
0
0
0
0
0
0
0
0
0
0
0
0
0
0
0
0
0
0
0
0
0
0
0
0
0
0
0
0
0
0
0
0
0
0
0
0
0
0
0
0
0
0
0
0
0
0
0
0
0
0
0
0
0
0
0
0
0
0
0
0
0
0
0
0
0
0
0
0
0
0
0
0
0
0
0
0
0
0
0
0
0
-2.6823
0
0
0
0
0
0
0
0
0
0
0
0
-3.6276
0
0
6.3099
0
0
0
0
0
0
0
0
0
0
0
0
0
0
0
0
0
0
0
0
0
0
0
0
0
0
0
0
0
0
0
0
0
0
0
0
0
0
0
0
0
0
0
0
0
0
0
0
0
0
0
0
0
0
0
0
0
0
-2.5409
0
0
0
0
0
0
0
0
0
0
0
0
0
0
0
0
0
0
0
0
0
0
0
0
0
0
0
0
0
0
0
0
0
0
0
0
0
0
0
0
0
0
0
0
0
0
-2.5063
0
0
0
0
0
0
0
0
0
0
0
0
0
0
0
0
0
0
0
5.0472
0
0
0
0
0
0
0
0
0
0
0
0
0
0
0
0
0
0
0
0
0
0
0
0
0
0
0
0
0
0
0
0
0
0
0
0
0
0
0
0
0
0
0
0
0
0
0
0
0
0
0
0
0
0
0
0
0
0
0
0
0
0
0
0
0
0
0
0
0
0
0
0
0
0
0
0
0
0
0
0
0
0
0
0
0
0
0
0
0
0
0
0
0
0
0
0
0
0
0
0
0
-3.2771
0
0
0
0
0
0
0
0
0
0
0
0
0
0
0
0
-3.4358
0
0
0
0
0
0
6.7129
0
0
0
0
0
0
0
0
0
0
0
0
0
0
0
0
0
0
0
0
0
0
0
0
0
0
0
0
0
0
0
0
0
0
0
0
0
0
0
0
0
0
0
0
0
0
0
0
0
0
0
0
0
0
0
0
0
0
0
0
0
0
0
0
0
0
0
0
0
0
0
0
0
0
0
0
0
0
0
0
-2.1471
0
0
0
0
0
0
0
0
0
0
0
0
0
0
0
-2.3173
0
0
0
0
0
0
0
0
0
0
0
0
0
0
0
0
0
0
0
0
0
0
0
0
0
0
0
0
4.4644
0
0
0
0
0
0
0
0
0
0
0
0
0
0
0
0
0
0
0
0
0
0
0
0
0
0
0
0
0
0
0
0
0
0
0
0
0
0
0
0
0
0
0
0
0
0
0
0
0
0
0
0
0
0
0
0
0
0
0
0
0
-3.5072
0
0
0
0
0
0
0
0
0
0
0
0
0
0
0
0
0
0
0
0
0
0
0
0
-3.1499
0
0
0
0
0
0
0
0
0
0
0
0
0
0
0
0
0
0
0
0
0
0
0
0
0
0
0
0
0
0
0
0
0
0
0
0
0
0
6.6571
0
0
0
0
0
0
0
0
0
0
0
0
0
0
0
0
0
0
0
0
0
0
0
0
0
0
0
0
-6.8276
0
0
0
0
0
0
0
0
0
0
0
0
0
0
0
0
0
0
0
0
0
0
0
0
0
0
0
0
0
0
0
0
0
0
0
0
0
0
0
0
0
0
0
0
0
0
0
0
0
0
0
0
0
0
0
0
0
0
0
0
0
0
0
0
0
0
0
0
0
0
0
0
0
0
0
0
0
0
0
0
0
0
0
0
0
0
0
0
0
0
0
0
0
0
0
0
6.8276
0
0
0
0
0
0
0
0
0
0
0
0
0
0
0
0
0
0
0
0
0
0
0
0
0
0
0
0
0
0
0
0
0
0
0
0
0
0
0
0
0
0
0
0
0
0
0
0
0
0
0
0
0
0
0
0
0
0
0
0
0
0
0
0
0
0
0
0
0
0
0
0
0
0
0
0
0
0
0
0
0
0
0
0
0
0
0
0
0
0
0
0
0
0
0
0
0
0
0
0
0
0
0
0
0
0
-3.7958
0
0
0
0
0
0
0
0
0
0
0
0
0
0
0
0
0
0
3.7958
0
0
0
0
0
0
0
0
0
0
0
0
0
0
0
0
0
0
0
0
0
0
0
0
0
0
0
0
0
0
0
0
0
0
0
0
0
0
0
0
0
0
0
0
0
0
0
0
0
0
0
0
0
0
0
0
0
0
0
0
0
0
0
0
0
0
0
0
0
0
0
0
0
0
0
0
0
0
0
0
0
0
-3.5446
0
0
0
0
0
0
0
0
0
0
0
0
0
0
0
0
0
0
0
0
0
0
0
0
0
0
0
0
0
0
0
0
0
0
0
0
0
0
0
0
0
0
3.5446
0
0
0
0
0
0
0
0
0
0
0
0
0
0
0
0
0
0
0
0
0
0
0
0
0
0
0
0
0
0
0
0
0
0
0
0
0
0
0
0
0
0
0
0
0
0
0
0
0
0
0
0
0
0
0
0
0
0
0
0
0
0
0
0
0
0
0
0
0
0
0
0
0
0
0
0
0
0
-4.5906
0
0
0
0
0
0
0
0
0
0
0
0
0
0
0
0
0
0
0
0
0
0
0
0
0
0
0
0
0
0
0
0
0
0
0
0
0
0
0
0
0
0
0
0
0
0
4.5906
0
0
0
0
0
0
0
0
0
0
0
0
0
0
0
0
0
0
0
0
0
0
0
0
0
0
0
0
0
0
0
0
0
0
0
0
0
0
0
0
0
0
0
0
0
0
-5.7656
0
0
0
0
0
0
0
0
0
0
0
0
0
0
0
0
0
0
0
0
0
0
0
0
0
0
0
0
0
0
0
0
0
0
0
0
0
0
0
0
0
0
0
0
0
0
0
0
0
0
0
0
0
0
0
0
0
0
0
0
0
0
0
0
0
0
0
0
0
0
0
0
0
0
0
0
0
0
5.7656
0
0
0
0
0
0
0
0
0
0
0
0
0
0
0
0
0
0
0
0
0
0
0
0
0
0
0
0
0
0
0
0
0
0
0
-6.1675
0
0
0
0
0
0
0
0
0
0
0
0
0
0
0
0
0
0
0
0
0
0
0
0
0
0
0
0
0
0
0
0
0
0
0
0
0
0
0
0
0
0
0
0
0
0
0
0
0
0
0
0
0
0
0
0
0
0
0
0
0
0
0
0
0
0
0
0
0
0
0
0
0
0
0
0
0
0
0
0
0
0
0
0
0
0
0
0
0
6.1675
0
0
0
0
0
0
0
0
0
0
0
0
0
0
0
0
0
0
0
0
0
0
0
0
0
0
0
0
0
0
0
0
0
0
0
0
0
0
0
0
0
0
0
0
0
0
0
0
0
0
0
0
0
0
0
0
0
0
0
0
0
0
0
0
0
0
0
0
0
0
0
0
0
0
0
0
0
-4.3937
0
0
0
0
0
0
0
0
0
0
0
0
0
0
0
0
0
0
0
0
0
0
0
0
0
0
0
0
0
0
0
0
0
0
0
0
0
0
0
0
0
0
0
0
0
0
0
4.3937
0
0
0
0
0
0
0
0
0
0
0
0
0
0
0
0
0
0
0
0
-7.2872
0
0
0
0
0
0
0
0
0
0
0
0
0
0
0
0
0
0
0
0
0
0
0
0
0
0
0
0
0
0
0
0
0
0
0
0
0
0
0
0
0
0
0
0
0
0
0
0
0
0
0
0
0
0
0
0
0
0
0
0
0
0
0
0
0
0
0
0
0
0
0
0
0
0
0
0
0
0
0
0
0
0
0
0
0
0
0
0
0
0
0
0
0
0
0
0
0
0
0
0
0
0
0
0
7.2872
0
0
0
0
0
0
0
0
0
0
0
0
0
0
0
0
0
0
0
0
0
0
0
0
0
0
0
0
0
0
0
0
0
0
0
0
0
0
0
0
0
0
0
0
0
0
0
-5.2346
0
0
0
0
0
0
0
0
0
0
0
0
0
0
0
0
0
0
0
0
0
0
0
0
0
0
0
0
0
0
0
0
0
0
0
0
0
0
0
0
0
0
0
0
0
0
0
0
0
0
0
0
0
0
0
0
0
0
0
0
0
0
0
0
0
0
0
0
0
0
0
0
0
0
0
0
0
5.2346
0
0
0
0
0
0
0
0
0
0
0
0
0
0
0
0
0
0
0
0
0
0
0
0
0
0
0
0
0
0
0
0
0
0
0
0
0
0
0
0
0
0
0
0
0
0
0
0
0
0
0
0
0
0
0
0
0
0
0
0
0
0
0
0
0
0
0
0
0
0
0
0
0
0
0
0
0
0
0
0
0
0
0
0
0
0
0
0
0
0
0
0
0
-1.2704
0
0
0
0
0
0
0
0
0
0
0
0
0
0
0
0
0
0
0
0
0
0
0
0
0
0
0
0
0
0
0
1.2704
0
0
0
0
0
0
0
0
0
0
0
0
0
0
0
0
0
0
0
0
0
0
0
0
0
0
0
0
0
0
0
0
0
0
0
0
0
0
0
0
0
0
0
0
0
0
0
0
0
0
0
0
0
0
0
0
0
0
0
0
0
0
0
0
0
0
0
-4.5476
0
0
0
0
0
0
0
0
0
0
0
0
0
0
0
0
0
0
0
0
0
0
0
0
0
0
0
0
0
0
0
0
0
0
0
0
0
0
0
0
0
0
0
0
0
0
0
0
0
0
0
0
0
0
0
0
0
4.5476
0
0
0
0
0
0
0
0
0
0
0
0
0
0
0
0
0
0
0
0
0
0
0
0
0
0
0
0
0
0
0
0
0
0
0
0
0
0
0
0
0
0
0
0
0
0
0
0
0
0
0
0
0
0
0
0
0
0
0
0
0
0
0
0
0
0
0
0
0
0
0
0
-4.3937
0
0
0
0
0
0
0
0
0
0
0
0
0
0
0
0
0
0
0
0
0
0
0
0
0
0
0
0
0
0
0
0
0
0
0
0
0
0
0
0
0
0
0
0
0
0
0
0
0
0
0
0
4.3937
0
0
0
0
0
0
0
0
0
0
0
0
0
0
0
0
0
0
0
0
0
0
0
0
0
0
0
0
0
0
0
0
0
0
0
0
0
0
0
-5.7653
0
0
0
0
0
0
0
0
0
0
0
0
0
0
0
0
0
0
0
0
0
0
0
0
0
0
0
0
0
0
0
0
0
0
0
0
0
0
0
0
0
0
0
0
0
0
0
0
0
0
0
0
0
0
0
0
0
0
0
0
0
0
0
0
0
0
0
0
0
0
0
0
0
0
0
0
0
0
0
0
0
0
0
0
0
5.7653
0
0
0
0
0
0
0
0
0
0
0
0
0
0
0
0
0
0
0
0
0
0
0
0
0
0
0
0
0
0
0
0
0
0
0
0
0
0
0
0
0
0
0
0
0
0
0
0
0
0
0
0
0
0
0
0
0
0
0
0
0
0
0
0
0
0
0
0
0
0
0
0
0
0
0
0
0
0
0
0
0
0
0
0
0
0
0
0
0
0
0
0
-2.9903
0
0
0
0
0
0
0
0
0
0
0
0
0
0
0
0
0
0
0
0
0
0
0
0
0
0
0
0
0
0
0
0
2.9903
0
0
0
0
0
0
0
0
0
0
0
0
0
0
0
0
0
0
0
0
0
0
0
0
0
0
0
0
0
0
0
0
0
0
0
0
0
0
0
0
0
0
0
0
0
0
0
0
0
0
0
0
0
0
0
0
0
0
0
0
0
0
0
0
0
0
0
-4.5906
0
0
0
0
0
0
0
0
0
0
0
0
0
0
0
0
0
0
0
0
0
0
0
0
0
0
0
0
0
0
0
0
0
0
0
0
0
0
0
0
0
0
0
0
0
0
0
0
0
0
0
0
0
0
0
0
0
4.5906
0
0
0
0
0
0
0
0
0
0
0
-7.2383
0
0
0
0
0
0
0
0
0
0
0
0
0
0
0
0
0
0
0
0
0
0
0
0
0
0
0
0
0
0
0
0
0
0
0
0
0
0
0
0
0
0
0
0
0
0
0
0
0
0
0
0
0
0
0
0
0
0
0
0
0
0
0
0
0
0
0
0
0
0
0
0
0
0
0
0
0
0
0
0
0
0
0
0
0
0
0
0
0
0
0
0
0
0
0
0
0
0
0
0
0
0
0
0
0
0
0
0
0
0
0
0
0
7.2383
0
0
0
0
0
0
0
0
0
0
0
0
0
0
0
0
0
0
0
0
0
0
0
0
0
0
0
0
0
0
0
0
0
0
0
0
0
0
0
0
0
0
0
0
0
0
0
0
0
0
0
0
0
0
0
0
0
0
0
0
0
0
0
0
0
0
0
0
0
0
0
0
0
0
0
0
0
0
0
0
-3.3021
0
0
0
0
0
0
0
0
0
0
0
0
0
0
0
0
0
0
0
0
0
0
0
0
0
0
0
0
0
0
0
0
0
0
0
0
0
0
0
0
0
0
0
0
3.3021
0
0
0
0
0
0
0
0
0
0
0
0
0
0
0
0
0
0
0
0
0
0
0
0
0
0
0
0
0
0
0
0
0
0
0
0
0
0
0
0
0
0
0
0
0
0
0
0
0
0
0
0
0
0
0
0
0
0
0
0
0
0
0
0
0
0
0
0
0
0
0
0
0
0
0
0
-3.6057
0
0
0
0
0
0
0
0
0
0
0
0
0
0
0
0
0
0
0
0
0
0
0
0
0
0
0
0
0
0
0
0
0
0
0
0
0
0
0
0
0
0
0
0
0
0
0
0
3.6057
0
0
0
0
0
0
0
0
0
0
0
0
0
0
0
0
0
0
0
0
0
0
0
0
0
0
0
0
0
0
0
0
0
0
0
0
0
0
0
0
0
0
0
0
0
0
0
0
0
0
0
0
0
0
0
0
0
0
0
0
0
0
0
0
-4.3222
0
0
0
0
0
0
0
0
0
0
0
0
0
0
0
0
0
0
0
0
0
0
0
0
0
0
0
0
0
0
0
0
0
0
0
0
0
0
0
0
0
0
0
0
0
0
0
0
0
0
0
0
0
0
0
0
0
0
0
0
4.3222
0
0
0
0
0
0
0
0
0
0
-6.9142
0
0
0
0
0
0
0
0
0
0
0
0
0
0
0
0
0
0
0
0
0
0
0
0
0
0
0
0
0
0
0
0
0
0
0
0
0
0
0
0
0
0
0
0
0
0
0
0
0
0
0
0
0
0
0
0
0
0
0
0
0
0
0
0
0
0
0
0
0
0
0
0
0
0
0
0
0
0
0
0
0
0
0
0
0
0
0
0
0
0
0
0
0
0
0
0
0
0
0
0
0
0
0
0
0
0
0
0
0
0
0
0
0
0
6.9142
0
0
0
0
0
0
0
0
0
0
0
0
0
0
0
0
0
0
0
0
0
0
0
0
0
0
0
0
0
0
0
0
0
0
0
0
0
0
0
0
0
0
0
0
0
0
0
0
0
0
0
0
0
0
0
0
0
0
0
0
0
0
0
0
0
0
0
0
0
0
0
0
0
0
0
0
0
0
0
-0.48291
0
0
0
0
0
0
0
0
0
0
0
0
0
0
0
0
0
0
0
0
0
0
0
0
0
0
0
0
0
0
0
0
0
0
0
0
0
0
0
0
0
0
0
0
0
0.48291
0
0
0
0
0
0
0
0
0
0
0
0
0
0
0
0
0
0
0
0
0
0
0
0
0
0
0
0
0
0
0
0
0
0
0
0
0
0
0
0
0
0
0
0
0
0
0
0
0
0
0
0
0
0
0
0
0
0
0
0
0
0
0
0
0
0
0
0
0
0
0
0
0
0
0
0
0
0
0
0
0
0
0
0
0
0
0
0
-3.2567
0
0
0
0
0
0
0
0
0
0
0
0
0
0
0
0
0
0
0
0
0
0
0
0
0
0
0
0
0
0
0
0
0
0
0
0
3.2567
0
0
0
0
0
0
0
0
0
0
0
0
0
0
0
0
0
0
0
0
0
0
0
0
0
0
0
0
0
0
0
0
0
0
0
0
0
0
0
0
0
0
0
0
0
0
0
0
0
0
0
0
0
0
0
0
0
0
0
0
0
0
0
0
0
0
0
0
0
0
0
0
0
0
-3.3022
0
0
0
0
0
0
0
0
0
0
0
0
0
0
0
0
0
0
0
0
0
0
0
0
0
0
0
0
0
0
0
0
0
0
0
0
0
0
0
0
0
0
0
0
0
0
0
0
0
0
3.3022
0
0
0
0
0
0
0
0
0
0
0
0
0
0
0
0
0
0
0
0
-6.1674
0
0
0
0
0
0
0
0
0
0
0
0
0
0
0
0
0
0
0
0
0
0
0
0
0
0
0
0
0
0
0
0
0
0
0
0
0
0
0
0
0
0
0
0
0
0
0
0
0
0
0
0
0
0
0
0
0
0
0
0
0
0
0
0
0
0
0
0
0
0
0
0
0
0
0
0
0
0
0
0
0
0
0
0
0
0
0
0
0
0
0
0
0
0
0
0
0
0
0
0
0
0
0
0
6.1674
0
0
0
0
0
0
0
0
0
0
0
0
0
0
0
0
0
0
0
0
0
0
0
0
0
0
0
0
0
0
0
0
0
0
0
0
0
0
0
0
0
0
0
0
0
0
0
0
0
0
0
0
0
0
0
0
0
0
0
0
0
0
0
0
0
0
0
0
0
0
0
-3.6775
0
0
0
0
0
0
0
0
0
0
0
0
0
0
0
0
0
0
0
0
0
0
0
0
0
0
0
0
0
0
0
0
0
0
0
0
0
0
0
0
0
0
0
0
0
0
0
0
0
0
0
0
0
3.6775
0
0
0
0
0
0
0
0
0
0
0
0
0
0
0
0
0
0
0
0
0
0
0
0
0
0
0
0
0
0
0
0
0
0
0
0
0
0
0
0
0
0
0
0
0
0
0
0
0
0
0
0
0
0
0
0
0
0
0
0
0
0
0
0
0
0
0
0
0
0
0
0
0
0
0
0
-3.1402
0
0
0
0
0
0
0
0
0
0
0
0
0
0
0
0
0
0
0
0
0
0
0
0
0
0
0
0
0
0
0
0
0
0
0
0
0
0
0
0
0
0
0
0
0
0
0
0
3.1402
