75.8504
-0.92641
-0.91498
-0.91665
-0.91125
-0.91348
-0.9102
-0.90855
-0.90427
-0.90745
-0.9032
-0.91095
-0.89776
-0.89776
-0.93092
-0.91543
-0.89183
-0.93092
-0.90555
-0.89678
-0.89678
-0.89924
-0.89462
-0.89194
-0.90168
-0.90168
-0.90759
-0.88628
-0.88726
-0.89264
-0.89399
-0.88859
-0.894
-0.88559
-0.89879
-0.88558
-0.88532
-0.88535
-0.89471
-0.89804
-0.88998
-0.88047
-0.8832
-0.89187
-0.87779
-0.8778
-0.8948
-0.89535
-0.89779
-0.88656
-0.87359
-0.90618
-0.89616
-0.87185
-0.89355
-0.91796
-0.92157
-0.92321
-0.91561
-0.95322
-0.94133
-0.93271
-0.95989
-0.96856
-1.0151
-1.1698
-1.1264
-1.2293
-1.3202
-1.6847
0
-1.9456
0
0
0
-2.1235
0
0
0
0
0
0
0
0
0
0
0
0
0
0
0
0
0
0
0
0
0
0
0
0
0
0
0
0
0
0
0
0
0
0
0
0
0
0
-7.321
0
0
0
0
0
0
0
0
0
0
-0.92641
74.2141
-0.91147
-0.91296
-0.9092
-0.91071
-0.90743
-0.90581
-0.90155
-0.90475
-0.90031
-0.90773
-0.89481
-0.8948
-0.92801
-0.91219
-0.88892
-0.92801
-0.90259
-0.89385
-0.89387
-0.89782
-0.89168
-0.88937
-0.89889
-0.89889
-0.90478
-0.88332
-0.88505
-0.88976
-0.89109
-0.88372
-0.89108
-0.88269
-0.89616
-0.8827
-0.8824
-0.88437
-0.89163
-0.89514
-0.88838
-0.87761
-0.8802
-0.89147
-0.87493
-0.87493
-0.89185
-0.89261
-0.89496
-0.88367
-0.87066
-0.90312
-0.89272
-0.86886
-0.8903
-0.91454
-0.91843
-0.91962
-0.91279
-0.95066
-0.93802
-0.9294
-0.9565
-0.96544
-1.0115
-1.1661
-1.1361
-1.2245
-1.3162
0
0
-1.9395
0
-2.304
0
0
0
0
0
0
0
0
0
0
0
0
0
0
0
0
0
0
0
0
0
0
0
0
0
0
0
0
0
0
0
0
-7.3786
0
0
0
0
0
0
0
0
0
0
0
0
0
0
0
0
0
0
-0.91498
-0.91147
70.7504
-0.90293
-0.89983
-0.901
-0.89806
-0.8962
-0.89188
-0.89506
-0.89078
-0.89793
-0.88535
-0.88534
-0.91751
-0.9021
-0.87941
-0.9175
-0.8931
-0.88434
-0.88435
-0.88676
-0.88219
-0.87966
-0.88894
-0.88892
-0.89505
-0.87378
-0.87562
-0.88003
-0.8816
-0.87606
-0.88161
-0.87324
-0.88584
-0.87323
-0.87293
-0.87315
-0.88196
-0.88563
-0.87887
-0.86815
-0.87075
-0.88214
-0.86549
-0.86549
-0.8823
-0.88311
-0.8855
-0.87419
-0.8612
-0.89346
-0.88281
-0.85943
-0.88091
-0.90482
-0.90882
-0.90944
-0.9033
-0.93898
-0.9287
-0.92009
-0.94718
-0.95546
-1.002
-1.1569
-1.1145
-1.2146
-1.3068
0
0
-1.9352
0
0
0
0
0
0
0
0
0
0
0
0
0
0
0
0
0
0
0
0
0
0
0
0
0
0
0
-6.8844
0
0
0
0
0
0
0
0
0
0
0
0
0
0
0
0
0
0
0
0
0
0
0
0
0
-0.91665
-0.91296
-0.90293
70.5828
-0.90052
-0.90036
-0.89886
-0.89562
-0.89131
-0.89447
-0.89025
-0.89741
-0.88476
-0.88474
-0.91681
-0.90166
-0.87882
-0.91682
-0.89264
-0.88373
-0.88374
-0.88622
-0.88168
-0.87906
-0.88813
-0.88812
-0.8943
-0.87323
-0.87501
-0.87942
-0.88101
-0.87549
-0.881
-0.87265
-0.8853
-0.87264
-0.87236
-0.87252
-0.87999
-0.88507
-0.87838
-0.86759
-0.87083
-0.88183
-0.86494
-0.86494
-0.88177
-0.88259
-0.88488
-0.87363
-0.86064
-0.8927
-0.88228
-0.85889
-0.88039
-0.9025
-0.90884
-0.90838
-0.90236
-0.93846
-0.92818
-0.91958
-0.94667
-0.9546
-1.0012
-1.1564
-1.1137
-1.2159
-1.3057
0
0
0
0
0
0
0
0
-1.7129
0
0
0
0
0
0
0
0
0
0
0
0
0
0
0
0
0
0
0
0
0
0
0
0
0
0
0
0
0
0
0
0
0
0
0
0
0
0
0
0
-6.9728
0
0
0
0
0
0
-0.91125
-0.9092
-0.89983
-0.90052
65.6675
-0.90292
-0.89946
-0.89772
-0.89337
-0.89661
-0.89241
-0.8972
-0.88684
-0.88684
-0.91974
-0.90314
-0.88088
-0.91974
-0.8949
-0.8859
-0.88589
-0.88891
-0.88387
-0.88148
-0.89072
-0.89071
-0.89688
-0.87553
-0.87743
-0.88242
-0.88312
-0.87812
-0.88312
-0.87473
-0.88834
-0.87473
-0.87443
-0.87496
-0.88382
-0.88722
-0.87948
-0.86971
-0.87275
-0.8839
-0.86702
-0.86702
-0.88417
-0.88476
-0.88698
-0.87574
-0.86271
-0.89573
-0.88071
-0.86097
-0.88294
-0.9081
-0.91114
-0.91205
-0.90568
-0.9427
-0.93018
-0.92156
-0.9486
-0.95804
-1.0046
-1.1591
-1.1178
-1.22
-1.312
-1.6846
0
-1.9418
0
0
0
0
0
0
0
0
0
0
0
0
0
0
0
0
0
0
0
0
0
0
0
0
0
0
0
0
0
0
0
0
0
0
0
0
0
0
0
0
0
0
0
0
0
0
0
0
0
0
0
0
0
-0.91348
-0.91071
-0.901
-0.90036
-0.90292
64.4978
-0.90076
-0.89783
-0.89345
-0.89676
-0.89259
-0.89731
-0.88699
-0.88699
-0.91997
-0.90328
-0.88114
-0.91996
-0.8953
-0.8862
-0.88621
-0.88919
-0.88427
-0.88178
-0.89064
-0.89063
-0.8969
-0.87573
-0.87764
-0.88245
-0.88343
-0.87845
-0.88344
-0.87505
-0.88857
-0.87506
-0.87475
-0.87524
-0.88408
-0.88758
-0.88091
-0.87004
-0.87284
-0.88441
-0.86738
-0.86736
-0.88439
-0.88521
-0.88721
-0.87611
-0.86306
-0.89602
-0.88069
-0.8613
-0.88305
-0.90743
-0.9117
-0.91145
-0.90603
-0.94281
-0.93074
-0.9221
-0.94917
-0.95782
-0.99521
-1.16
-1.1182
-1.2198
-1.3122
0
0
0
0
0
0
0
0
0
0
0
0
0
0
0
0
0
0
0
0
0
-2.445
0
0
0
0
0
0
0
0
0
0
0
0
0
0
0
0
0
0
0
0
0
0
0
0
0
0
0
0
0
0
0
0
0
0
-0.9102
-0.90743
-0.89806
-0.89886
-0.89946
-0.90076
63.8574
-0.89584
-0.89144
-0.89477
-0.89057
-0.8953
-0.88499
-0.88498
-0.9181
-0.90131
-0.879
-0.9181
-0.89312
-0.88405
-0.88406
-0.88717
-0.8821
-0.87969
-0.88897
-0.88896
-0.89505
-0.87372
-0.87562
-0.88077
-0.88128
-0.87631
-0.88127
-0.87288
-0.88661
-0.87288
-0.87256
-0.87314
-0.88198
-0.88537
-0.87868
-0.86784
-0.87084
-0.8822
-0.86516
-0.86517
-0.88234
-0.883
-0.88516
-0.87388
-0.86085
-0.89394
-0.8788
-0.85908
-0.88082
-0.90627
-0.90941
-0.91031
-0.90397
-0.94078
-0.92823
-0.9196
-0.94662
-0.95612
-1.0026
-1.1571
-1.1158
-1.2175
-1.3101
0
0
-1.9385
0
0
0
0
0
0
0
0
0
0
0
0
0
0
0
0
0
0
0
0
0
0
0
0
0
0
0
0
0
0
0
0
0
0
0
0
0
0
0
0
0
0
0
0
0
0
0
0
0
0
0
0
0
-0.90855
-0.90581
-0.8962
-0.89562
-0.89772
-0.89783
-0.89584
61.7143
-0.88822
-0.89172
-0.88738
-0.89197
-0.88184
-0.88184
-0.9154
-0.89804
-0.87584
-0.91539
-0.89
-0.88095
-0.88094
-0.88397
-0.87896
-0.87656
-0.88577
-0.88576
-0.89177
-0.87055
-0.87249
-0.87762
-0.87816
-0.87319
-0.87816
-0.86976
-0.8833
-0.86975
-0.86942
-0.86993
-0.87894
-0.88223
-0.87556
-0.86472
-0.86769
-0.87903
-0.86201
-0.86203
-0.87916
-0.8799
-0.88189
-0.87074
-0.85771
-0.89075
-0.87552
-0.85596
-0.87782
-0.90317
-0.90647
-0.90702
-0.90088
-0.93754
-0.9251
-0.91646
-0.94345
-0.95295
-0.9995
-1.1539
-1.1123
-1.2144
-1.3072
0
0
0
0
0
0
0
0
0
0
0
0
0
0
0
0
0
0
0
0
0
0
0
0
0
0
0
0
0
0
0
0
0
0
0
0
0
0
0
0
0
0
0
0
0
0
0
0
0
0
0
0
0
0
0
0
-0.90427
-0.90155
-0.89188
-0.89131
-0.89337
-0.89345
-0.89144
-0.88822
60.0929
-0.88748
-0.88243
-0.8872
-0.87712
-0.87712
-0.91049
-0.89319
-0.87106
-0.91047
-0.88526
-0.87619
-0.87619
-0.8791
-0.8742
-0.87178
-0.88101
-0.88099
-0.8869
-0.86576
-0.86771
-0.87294
-0.87338
-0.86842
-0.87339
-0.86499
-0.87845
-0.86499
-0.86463
-0.86512
-0.87414
-0.8774
-0.87075
-0.85992
-0.86292
-0.8742
-0.85724
-0.85723
-0.87436
-0.87506
-0.87706
-0.86593
-0.85291
-0.88591
-0.87085
-0.85117
-0.87301
-0.89844
-0.90162
-0.90215
-0.89603
-0.93266
-0.92019
-0.91155
-0.93851
-0.9481
-0.99458
-1.1487
-1.1074
-1.2094
0
0
0
0
0
0
0
0
0
0
0
0
0
0
0
0
0
0
0
0
0
0
0
0
0
0
0
0
0
0
0
0
0
0
0
0
0
0
0
0
0
0
0
0
0
0
0
0
0
0
0
0
0
0
0
0
0
-0.90745
-0.90475
-0.89506
-0.89447
-0.89661
-0.89676
-0.89477
-0.89172
-0.88748
59.0782
-0.88573
-0.88999
-0.87953
-0.87952
-0.91293
-0.89636
-0.87373
-0.91293
-0.88819
-0.87903
-0.87903
-0.88285
-0.87707
-0.87464
-0.88434
-0.88434
-0.88996
-0.86861
-0.8706
-0.87646
-0.87627
-0.87135
-0.87627
-0.86787
-0.88158
-0.86787
-0.86752
-0.86805
-0.87707
-0.88031
-0.87368
-0.86282
-0.86578
-0.87713
-0.86013
-0.86013
-0.87725
-0.87804
-0.87997
-0.86883
-0.85577
-0.88892
-0.87378
-0.85406
-0.87591
-0.90151
-0.90451
-0.90537
-0.89913
-0.93571
-0.92322
-0.91458
-0.94154
-0.95119
-0.99772
-1.1523
-1.1101
0
0
0
0
0
0
0
0
0
0
0
0
0
0
0
0
0
0
0
0
0
0
0
0
0
0
0
0
0
0
0
0
0
0
0
0
0
0
0
0
0
0
0
0
0
0
0
0
0
0
0
0
0
0
0
0
0
0
-0.9032
-0.90031
-0.89078
-0.89025
-0.89241
-0.89259
-0.89057
-0.88738
-0.88243
-0.88573
60.4929
-0.88556
-0.87546
-0.87547
-0.90888
-0.89137
-0.86945
-0.90887
-0.88328
-0.87456
-0.87457
-0.87289
-0.87239
-0.87012
-0.87915
-0.87914
-0.88519
-0.86396
-0.86596
-0.87106
-0.87174
-0.86664
-0.87175
-0.86334
-0.87658
-0.86335
-0.86297
-0.86378
-0.87248
-0.87574
-0.86906
-0.85828
-0.86138
-0.8722
-0.85561
-0.8556
-0.87249
-0.87331
-0.87536
-0.86429
-0.85128
-0.88425
-0.86924
-0.84953
-0.87111
-0.89692
-0.89961
-0.9006
-0.89427
-0.93113
-0.91876
-0.91015
-0.93713
-0.94675
-0.99336
-1.1477
0
0
0
0
0
0
0
0
0
0
0
0
0
0
0
-2.8222
0
0
0
0
0
0
0
0
0
0
0
0
0
0
0
0
0
0
0
0
0
0
0
0
0
0
0
0
0
0
0
0
0
0
0
0
0
0
0
0
0
0
0
-0.91095
-0.90773
-0.89793
-0.89741
-0.8972
-0.89731
-0.8953
-0.89197
-0.8872
-0.88999
-0.88556
60.9485
-0.88003
-0.88003
-0.91379
-0.89601
-0.87353
-0.91378
-0.88763
-0.87861
-0.87861
-0.88187
-0.87656
-0.87422
-0.88391
-0.88389
-0.88895
-0.8682
-0.87006
-0.87555
-0.87568
-0.87103
-0.87568
-0.86725
-0.88077
-0.86726
-0.86687
-0.868
-0.87717
-0.8802
-0.8736
-0.86271
-0.86555
-0.87705
-0.86006
-0.86006
-0.87727
-0.87795
-0.87925
-0.86874
-0.85574
-0.88889
-0.84853
-0.85392
-0.8757
-0.90134
-0.90426
-0.90579
-0.89929
-0.93698
-0.92317
-0.91454
-0.94159
-0.9522
-0.99799
0
0
0
0
0
0
0
0
0
0
0
0
0
0
0
0
0
0
0
0
-4.1526
0
0
0
0
0
0
0
0
0
0
0
0
0
0
0
0
0
0
0
0
0
0
0
0
0
0
0
0
0
0
0
0
0
0
0
0
0
0
0
-0.89776
-0.89481
-0.88535
-0.88476
-0.88684
-0.88699
-0.88499
-0.88184
-0.87712
-0.87953
-0.87546
-0.88003
57.321
-0.8664
-0.90272
-0.88624
-0.86372
-0.90271
-0.87752
-0.86914
-0.86914
-0.87468
-0.86703
-0.86477
-0.8745
-0.87448
-0.87947
-0.85858
-0.86056
-0.86668
-0.8663
-0.86119
-0.86629
-0.8579
-0.87085
-0.85789
-0.85749
-0.8584
-0.86691
-0.87022
-0.8636
-0.8528
-0.85573
-0.86694
-0.85012
-0.85012
-0.86712
-0.86794
-0.86985
-0.85876
-0.84575
-0.8787
-0.86364
-0.84404
-0.86573
-0.89109
-0.89415
-0.89497
-0.88893
-0.92533
-0.91303
-0.90441
-0.93128
-0.94081
-0.98727
-1.1416
0
0
0
0
0
0
0
0
0
0
0
0
0
0
0
0
0
0
0
0
0
0
0
0
0
0
0
0
0
0
0
0
0
0
0
0
0
0
0
0
0
0
0
0
0
0
0
0
0
0
0
0
0
0
0
0
0
0
0
-0.89776
-0.8948
-0.88534
-0.88474
-0.88684
-0.88699
-0.88498
-0.88184
-0.87712
-0.87952
-0.87547
-0.88003
-0.8664
57.3205
-0.90272
-0.88624
-0.86372
-0.90271
-0.87751
-0.86913
-0.86913
-0.87469
-0.86702
-0.86476
-0.87449
-0.87448
-0.87947
-0.85856
-0.86055
-0.86668
-0.86629
-0.86119
-0.8663
-0.85789
-0.87083
-0.85789
-0.85748
-0.85838
-0.8669
-0.87021
-0.86358
-0.85279
-0.85572
-0.86692
-0.85011
-0.8501
-0.8671
-0.86794
-0.86984
-0.85876
-0.84574
-0.8787
-0.86363
-0.84404
-0.86572
-0.89109
-0.89415
-0.89496
-0.88891
-0.92533
-0.91301
-0.90441
-0.93129
-0.9408
-0.98726
-1.1416
0
0
0
0
0
0
0
0
0
0
0
0
0
0
0
0
0
0
0
0
0
0
0
0
0
0
0
0
0
0
0
0
0
0
0
0
0
0
0
0
0
0
0
0
0
0
0
0
0
0
0
0
0
0
0
0
0
0
0
-0.93092
-0.92801
-0.91751
-0.91681
-0.91974
-0.91997
-0.9181
-0.9154
-0.91049
-0.91293
-0.90888
-0.91379
-0.90272
-0.90272
62.4583
-0.91788
-0.89598
-0.93654
-0.90981
-0.9009
-0.9009
-0.90449
-0.89881
-0.89644
-0.90632
-0.90631
-0.91215
-0.89032
-0.89221
-0.89721
-0.89807
-0.89295
-0.89807
-0.88964
-0.90341
-0.88964
-0.88935
-0.89039
-0.89888
-0.90222
-0.89551
-0.8846
-0.88728
-0.89876
-0.88187
-0.88186
-0.89901
-0.89985
-0.90193
-0.89067
-0.87756
-0.91024
-0.89696
-0.87579
-0.89746
-0.92204
-0.9257
-0.92563
-0.92036
-0.95827
-0.94542
-0.93673
-0.96389
0
0
0
0
0
0
0
0
0
0
0
0
0
0
0
0
0
0
0
0
0
0
0
0
0
0
0
0
0
0
0
0
0
0
0
0
0
0
0
0
0
-6.244
0
0
0
0
0
0
0
0
0
0
0
0
0
0
0
0
0
0
0
0
-0.91543
-0.91219
-0.9021
-0.90166
-0.90314
-0.90328
-0.90131
-0.89804
-0.89319
-0.89636
-0.89137
-0.89601
-0.88624
-0.88624
-0.91788
59.1424
-0.87926
-0.91787
-0.89359
-0.88453
-0.88453
-0.8901
-0.88258
-0.88013
-0.89041
-0.89042
-0.89596
-0.87403
-0.87598
-0.8825
-0.88172
-0.87702
-0.88172
-0.87366
-0.8872
-0.87366
-0.87333
-0.8742
-0.88287
-0.88615
-0.87952
-0.86861
-0.87137
-0.88296
-0.86594
-0.86595
-0.88299
-0.88338
-0.88571
-0.87475
-0.86169
-0.89448
-0.88011
-0.85987
-0.88152
-0.9067
-0.90996
-0.89199
-0.90482
-0.94167
-0.92952
-0.92087
-0.94799
0
0
0
0
0
0
0
0
0
0
0
0
0
0
0
0
0
0
0
0
0
0
0
0
-3.9321
0
0
0
0
0
0
0
0
0
0
0
0
0
0
0
0
0
0
0
0
0
0
0
0
0
0
0
0
0
0
0
0
0
0
0
0
0
-0.89183
-0.88892
-0.87941
-0.87882
-0.88088
-0.88114
-0.879
-0.87584
-0.87106
-0.87373
-0.86945
-0.87353
-0.86372
-0.86372
-0.89598
-0.87926
54.7978
-0.89596
-0.87112
-0.86358
-0.86359
-0.86605
-0.86083
-0.85846
-0.86657
-0.86654
-0.8733
-0.85218
-0.85422
-0.85673
-0.86004
-0.85483
-0.86004
-0.85159
-0.86527
-0.85158
-0.85114
-0.85204
-0.86054
-0.86386
-0.85726
-0.84646
-0.84942
-0.86059
-0.84378
-0.84378
-0.86077
-0.86167
-0.86347
-0.85239
-0.83937
-0.87234
-0.85736
-0.83771
-0.85936
-0.88488
-0.88788
-0.88857
-0.88257
-0.91866
-0.90644
-0.89783
-0.92464
-0.93426
0
0
0
0
0
0
0
0
0
0
0
0
0
0
0
0
0
0
0
0
0
0
0
0
0
0
0
0
0
0
0
0
0
0
0
0
0
0
0
0
0
0
0
0
0
0
0
0
0
0
0
0
0
0
0
0
0
0
0
0
0
-0.93092
-0.92801
-0.9175
-0.91682
-0.91974
-0.91996
-0.9181
-0.91539
-0.91047
-0.91293
-0.90887
-0.91378
-0.90271
-0.90271
-0.93654
-0.91787
-0.89596
62.458
-0.9098
-0.90089
-0.90091
-0.90447
-0.89881
-0.89644
-0.90632
-0.90631
-0.91215
-0.89032
-0.89222
-0.89721
-0.89807
-0.89295
-0.89807
-0.88963
-0.90341
-0.88964
-0.88936
-0.89039
-0.89887
-0.90222
-0.8955
-0.88459
-0.88729
-0.89877
-0.88185
-0.88186
-0.899
-0.89984
-0.90193
-0.89066
-0.87755
-0.91024
-0.89695
-0.87579
-0.89746
-0.92204
-0.92569
-0.92562
-0.92036
-0.95827
-0.94541
-0.93672
-0.96389
0
0
0
0
0
0
0
0
0
0
0
0
0
0
0
0
0
0
0
0
0
0
0
0
0
0
0
0
0
0
0
0
0
0
0
0
0
0
0
0
0
0
0
0
0
0
0
0
0
0
0
0
0
0
0
0
0
0
0
-6.2439
0
0
-0.90555
-0.90259
-0.8931
-0.89264
-0.8949
-0.8953
-0.89312
-0.89
-0.88526
-0.88819
-0.88328
-0.88763
-0.87752
-0.87751
-0.90981
-0.89359
-0.87112
-0.9098
58.1141
-0.87643
-0.87645
-0.88185
-0.8732
-0.87188
-0.88179
-0.88177
-0.88719
-0.86583
-0.86782
-0.87413
-0.87361
-0.86837
-0.87361
-0.86518
-0.87699
-0.86519
-0.86477
-0.8656
-0.87441
-0.87753
-0.87083
-0.86006
-0.86331
-0.86867
-0.85737
-0.85737
-0.87439
-0.87527
-0.87702
-0.86604
-0.85313
-0.88605
-0.87128
-0.85144
-0.87293
-0.89907
-0.90188
-0.90265
-0.89641
-0.93285
-0.92094
-0.91229
-0.93932
0
0
0
0
0
0
0
0
0
0
0
0
0
0
0
0
0
0
0
0
0
0
0
0
0
0
0
0
-3.409
0
0
0
0
0
0
0
0
0
0
0
0
0
0
0
0
0
0
0
0
0
0
0
0
0
0
0
0
0
0
0
0
0
-0.89678
-0.89385
-0.88434
-0.88373
-0.8859
-0.8862
-0.88405
-0.88095
-0.87619
-0.87903
-0.87456
-0.87861
-0.86914
-0.86913
-0.9009
-0.88453
-0.86358
-0.90089
-0.87643
53.234
-0.86542
-0.87042
-0.86473
-0.86254
-0.87136
-0.87136
-0.88037
-0.85642
-0.85845
-0.86174
-0.86461
-0.85935
-0.8646
-0.85619
-0.8744
-0.8562
-0.85586
-0.85683
-0.86537
-0.86865
-0.86207
-0.8512
-0.85422
-0.86545
-0.84852
-0.84851
-0.86556
-0.86648
-0.8683
-0.85716
-0.84409
-0.87718
-0.86227
-0.84247
-0.86433
-0.89011
-0.89305
-0.89385
-0.88756
-0.92357
-0.9115
-0.90283
0
0
0
0
0
0
0
0
0
0
0
0
0
0
0
0
0
0
0
0
0
0
0
0
0
0
0
0
0
0
0
0
0
0
0
0
0
0
0
0
0
0
0
0
0
0
0
0
0
0
0
0
0
0
0
0
0
0
0
0
0
0
0
-0.89678
-0.89387
-0.88435
-0.88374
-0.88589
-0.88621
-0.88406
-0.88094
-0.87619
-0.87903
-0.87457
-0.87861
-0.86914
-0.86913
-0.9009
-0.88453
-0.86359
-0.90091
-0.87645
-0.86542
53.2341
-0.87042
-0.86473
-0.86255
-0.87136
-0.87136
-0.88038
-0.85642
-0.85845
-0.86175
-0.86461
-0.85936
-0.86461
-0.8562
-0.87439
-0.8562
-0.85585
-0.85683
-0.86537
-0.86865
-0.86207
-0.85121
-0.85422
-0.86545
-0.84852
-0.84852
-0.86556
-0.86648
-0.86831
-0.85716
-0.84411
-0.87719
-0.86226
-0.84247
-0.86433
-0.89012
-0.89306
-0.89385
-0.88757
-0.92357
-0.91149
-0.90282
0
0
0
0
0
0
0
0
0
0
0
0
0
0
0
0
0
0
0
0
0
0
0
0
0
0
0
0
0
0
0
0
0
0
0
0
0
0
0
0
0
0
0
0
0
0
0
0
0
0
0
0
0
0
0
0
0
0
0
0
0
0
0
-0.89924
-0.89782
-0.88676
-0.88622
-0.88891
-0.88919
-0.88717
-0.88397
-0.8791
-0.88285
-0.87289
-0.88187
-0.87468
-0.87469
-0.90449
-0.8901
-0.86605
-0.90447
-0.88185
-0.87042
-0.87042
58.4893
-0.86749
-0.8646
-0.8751
-0.8751
-0.87981
-0.85729
-0.86096
-0.86645
-0.8671
-0.86201
-0.86711
-0.85862
-0.87123
-0.85861
-0.85816
-0.85479
-0.86226
-0.87085
-0.86409
-0.85343
-0.85642
-0.86681
-0.85077
-0.85077
-0.86524
-0.86858
-0.8702
-0.85941
-0.84639
-0.87876
-0.86439
-0.84488
-0.86713
-0.89118
-0.89312
-0.89477
-0.88952
0
0
0
0
0
0
0
0
0
0
0
0
0
0
0
0
0
0
0
0
0
-2.3863
-2.8056
0
0
-2.6709
0
0
0
0
0
0
0
0
0
0
0
0
0
0
0
0
0
0
0
0
0
0
0
0
0
0
0
0
0
0
0
0
0
0
0
0
0
0
0
0
-0.89462
-0.89168
-0.88219
-0.88168
-0.88387
-0.88427
-0.8821
-0.87896
-0.8742
-0.87707
-0.87239
-0.87656
-0.86703
-0.86702
-0.89881
-0.88258
-0.86083
-0.89881
-0.8732
-0.86473
-0.86473
-0.86749
52.9318
-0.86047
-0.86841
-0.8684
-0.87838
-0.85411
-0.85612
-0.85908
-0.86242
-0.85688
-0.86242
-0.85385
-0.86538
-0.85385
-0.85342
-0.85417
-0.86276
-0.86616
-0.85945
-0.84873
-0.85195
-0.86124
-0.84601
-0.846
-0.86298
-0.86387
-0.86557
-0.85461
-0.84156
-0.87452
-0.85995
-0.83994
-0.86158
-0.88762
-0.8905
-0.89133
-0.885
0
0
0
0
0
0
0
0
0
0
0
0
0
0
0
0
0
0
0
-2.5783
0
0
0
0
0
0
0
0
0
0
0
0
0
0
0
0
0
0
0
0
0
0
0
0
0
0
0
0
0
0
0
0
0
0
0
0
0
0
0
0
0
0
0
0
0
0
-0.89194
-0.88937
-0.87966
-0.87906
-0.88148
-0.88178
-0.87969
-0.87656
-0.87178
-0.87464
-0.87012
-0.87422
-0.86477
-0.86476
-0.89644
-0.88013
-0.85846
-0.89644
-0.87188
-0.86254
-0.86255
-0.8646
-0.86047
51.7007
-0.86631
-0.86629
-0.87447
-0.85128
-0.8533
-0.85714
-0.8604
-0.85399
-0.86041
-0.85175
-0.8668
-0.85175
-0.85132
-0.85131
-0.86056
-0.86409
-0.85742
-0.84662
-0.84965
-0.8603
-0.84392
-0.84392
-0.86083
-0.86183
-0.86352
-0.85252
-0.83946
-0.87232
-0.85773
-0.83788
-0.8593
-0.8848
-0.88789
-0.88844
-0.88246
0
0
0
0
0
0
0
0
0
0
0
0
0
0
0
0
0
0
0
0
-1.4754
0
0
0
0
0
0
0
0
0
0
0
0
0
0
0
0
0
0
0
0
0
0
0
0
0
0
0
0
0
0
0
0
0
0
0
0
0
0
0
0
0
0
0
0
0
-0.90168
-0.89889
-0.88894
-0.88813
-0.89072
-0.89064
-0.88897
-0.88577
-0.88101
-0.88434
-0.87915
-0.88391
-0.8745
-0.87449
-0.90632
-0.89041
-0.86657
-0.90632
-0.88179
-0.87136
-0.87136
-0.8751
-0.86841
-0.86631
56.5206
-0.87458
-0.87945
-0.85976
-0.86179
-0.86447
-0.86805
-0.86253
-0.86804
-0.85948
-0.87054
-0.85948
-0.85895
-0.85967
-0.86748
-0.87162
-0.86482
-0.85422
-0.8567
-0.86756
-0.85153
-0.85153
-0.86797
-0.86911
-0.87103
-0.8601
-0.84706
-0.87873
-0.86536
-0.84543
-0.86623
-0.88965
-0.89408
-0.89351
-0.88899
0
0
0
0
0
0
0
0
0
0
0
0
0
0
0
0
0
0
0
0
0
0
0
0
0
0
0
0
0
0
0
0
0
0
0
0
0
0
0
0
0
0
0
0
-5.836
0
0
0
0
0
0
0
0
0
0
0
0
0
0
0
0
0
0
0
0
0
-0.90168
-0.89889
-0.88892
-0.88812
-0.89071
-0.89063
-0.88896
-0.88576
-0.88099
-0.88434
-0.87914
-0.88389
-0.87448
-0.87448
-0.90631
-0.89042
-0.86654
-0.90631
-0.88177
-0.87136
-0.87136
-0.8751
-0.8684
-0.86629
-0.87458
56.5198
-0.87944
-0.85975
-0.86177
-0.86445
-0.86802
-0.86251
-0.86802
-0.85948
-0.87054
-0.85948
-0.85895
-0.85967
-0.86748
-0.8716
-0.86481
-0.85421
-0.8567
-0.86757
-0.85152
-0.85152
-0.86795
-0.8691
-0.87103
-0.8601
-0.84706
-0.87873
-0.86536
-0.84542
-0.86623
-0.88963
-0.89408
-0.8935
-0.88899
0
0
0
0
0
0
0
0
0
0
0
0
0
0
0
0
0
0
0
0
0
0
0
0
0
0
0
0
0
0
0
0
0
0
0
0
0
0
0
0
0
0
0
0
0
0
0
0
0
0
0
0
-5.8357
0
0
0
0
0
0
0
0
0
0
0
0
0
-0.90759
-0.90478
-0.89505
-0.8943
-0.89688
-0.8969
-0.89505
-0.89177
-0.8869
-0.88996
-0.88519
-0.88895
-0.87947
-0.87947
-0.91215
-0.89596
-0.8733
-0.91215
-0.88719
-0.88037
-0.88038
-0.87981
-0.87838
-0.87447
-0.87945
-0.87944
54.8078
-0.86786
-0.86978
-0.87049
-0.87556
-0.87028
-0.87556
-0.86689
-0.8824
-0.86689
-0.86699
-0.86789
-0.8765
-0.87992
-0.87332
-0.86235
-0.86521
-0.87669
-0.85965
-0.85966
-0.87661
-0.87739
-0.87469
-0.86876
-0.8557
-0.88806
-0.87283
-0.85382
-0.87562
-0.90042
-0.90357
0
0
0
0
0
0
0
0
0
0
0
0
0
0
0
0
0
0
0
-2.4155
0
0
0
0
0
0
0
0
0
0
0
0
0
0
0
-3.0856
0
0
0
0
0
0
0
0
0
0
0
0
0
0
0
0
0
0
0
0
0
0
0
0
0
0
0
0
0
0
0
0
-0.88628
-0.88332
-0.87378
-0.87323
-0.87553
-0.87573
-0.87372
-0.87055
-0.86576
-0.86861
-0.86396
-0.8682
-0.85858
-0.85856
-0.89032
-0.87403
-0.85218
-0.89032
-0.86583
-0.85642
-0.85642
-0.85729
-0.85411
-0.85128
-0.85976
-0.85975
-0.86786
51.139
-0.8464
-0.84994
-0.8547
-0.84845
-0.85471
-0.84557
-0.86079
-0.84556
-0.84482
-0.84546
-0.85145
-0.85741
-0.85068
-0.84007
-0.84306
-0.85368
-0.83734
-0.83734
-0.85087
-0.85525
-0.85682
-0.84586
-0.83282
-0.86544
-0.8513
-0.83134
-0.85257
-0.87792
-0.87988
-0.88185
0
0
0
0
0
0
0
0
0
0
0
0
0
0
0
0
-2.1583
0
0
0
0
0
0
0
0
0
0
0
0
0
0
0
0
0
0
0
0
0
0
0
0
0
0
0
0
0
0
0
0
0
0
0
0
0
0
0
0
0
0
0
0
0
0
0
0
0
0
-0.88726
-0.88505
-0.87562
-0.87501
-0.87743
-0.87764
-0.87562
-0.87249
-0.86771
-0.8706
-0.86596
-0.87006
-0.86056
-0.86055
-0.89221
-0.87598
-0.85422
-0.89222
-0.86782
-0.85845
-0.85845
-0.86096
-0.85612
-0.8533
-0.86179
-0.86177
-0.86978
-0.8464
51.6888
-0.85297
-0.85639
-0.85031
-0.8564
-0.84749
-0.86222
-0.84749
-0.84685
-0.84747
-0.85576
-0.85956
-0.85283
-0.84213
-0.8451
-0.85405
-0.83944
-0.83945
-0.8562
-0.8573
-0.85891
-0.84797
-0.8349
-0.86754
-0.85312
-0.83337
-0.85476
-0.87992
-0.88327
-0.88384
0
0
0
0
0
0
0
0
0
0
0
0
0
0
0
0
0
0
0
0
0
0
0
0
0
0
0
0
0
0
0
0
0
0
0
0
0
-2.5908
0
0
0
0
0
0
0
0
0
0
0
0
0
0
0
0
0
0
0
0
0
0
0
0
0
0
0
0
0
-0.89264
-0.88976
-0.88003
-0.87942
-0.88242
-0.88245
-0.88077
-0.87762
-0.87294
-0.87646
-0.87106
-0.87555
-0.86668
-0.86668
-0.89721
-0.8825
-0.85673
-0.89721
-0.87413
-0.86174
-0.86175
-0.86645
-0.85908
-0.85714
-0.86447
-0.86445
-0.87049
-0.84994
-0.85297
56.0521
-0.85928
-0.85377
-0.85928
-0.85098
-0.86072
-0.85098
-0.85048
-0.85103
-0.85891
-0.86321
-0.85633
-0.84579
-0.84861
-0.85898
-0.84318
-0.84317
-0.85814
-0.86013
-0.86241
-0.85199
-0.83898
-0.87008
-0.85628
-0.83709
-0.85463
-0.88127
-0.88097
0
0
0
0
0
0
0
0
0
0
0
0
0
0
0
-2.3386
0
0
0
0
0
0
0
0
0
0
0
0
0
0
0
0
0
0
0
0
0
0
0
0
0
0
0
0
0
0
0
0
0
0
-5.2961
0
0
0
0
0
0
0
0
0
0
0
0
0
0
0
0
0
-0.89399
-0.89109
-0.8816
-0.88101
-0.88312
-0.88343
-0.88128
-0.87816
-0.87338
-0.87627
-0.87174
-0.87568
-0.8663
-0.86629
-0.89807
-0.88172
-0.86004
-0.89807
-0.87361
-0.86461
-0.86461
-0.8671
-0.86242
-0.8604
-0.86805
-0.86802
-0.87556
-0.8547
-0.85639
-0.85928
49.4396
-0.85722
-0.86111
-0.85259
-0.867
-0.85259
-0.85247
-0.85364
-0.86244
-0.86544
-0.85891
-0.84793
-0.85111
-0.86274
-0.84525
-0.84524
-0.86243
-0.86358
-0.86508
-0.85383
-0.84072
-0.87421
-0.85957
-0.83921
-0.86101
-0.88714
-0.89004
-0.89105
0
0
0
0
0
0
0
0
0
0
0
0
0
0
0
0
0
0
0
0
0
0
0
0
0
0
0
0
0
0
0
0
0
0
0
0
0
0
0
0
0
0
0
0
0
0
0
0
0
0
0
0
0
0
0
0
0
0
0
0
0
0
0
0
0
0
0
-0.88859
-0.88372
-0.87606
-0.87549
-0.87812
-0.87845
-0.87631
-0.87319
-0.86842
-0.87135
-0.86664
-0.87103
-0.86119
-0.86119
-0.89295
-0.87702
-0.85483
-0.89295
-0.86837
-0.85935
-0.85936
-0.86201
-0.85688
-0.85399
-0.86253
-0.86251
-0.87028
-0.84845
-0.85031
-0.85377
-0.85722
50.4934
-0.85723
-0.84821
-0.86199
-0.8482
-0.84768
-0.84875
-0.85653
-0.86049
-0.85371
-0.84293
-0.84594
-0.85653
-0.84028
-0.84028
-0.85705
-0.85756
-0.86004
-0.84923
-0.83612
-0.86844
-0.85428
-0.83419
-0.85567
-0.88039
-0.88297
0
0
0
0
0
0
0
0
0
0
0
0
0
0
0
0
-2.2361
0
0
0
0
0
0
0
0
0
0
0
0
0
0
0
0
0
0
0
0
0
0
0
0
0
0
0
0
0
0
0
0
0
0
0
0
0
0
0
0
0
0
0
0
0
0
0
0
0
0
0
-0.894
-0.89108
-0.88161
-0.881
-0.88312
-0.88344
-0.88127
-0.87816
-0.87339
-0.87627
-0.87175
-0.87568
-0.86629
-0.8663
-0.89807
-0.88172
-0.86004
-0.89807
-0.87361
-0.8646
-0.86461
-0.86711
-0.86242
-0.86041
-0.86804
-0.86802
-0.87556
-0.85471
-0.8564
-0.85928
-0.86111
-0.85723
49.4396
-0.85259
-0.867
-0.85259
-0.85248
-0.85364
-0.86245
-0.86544
-0.85892
-0.84792
-0.85111
-0.86275
-0.84524
-0.84524
-0.86244
-0.86358
-0.86509
-0.85383
-0.84072
-0.8742
-0.85957
-0.83921
-0.86102
-0.88715
-0.89004
-0.89105
0
0
0
0
0
0
0
0
0
0
0
0
0
0
0
0
0
0
0
0
0
0
0
0
0
0
0
0
0
0
0
0
0
0
0
0
0
0
0
0
0
0
0
0
0
0
0
0
0
0
0
0
0
0
0
0
0
0
0
0
0
0
0
0
0
0
0
-0.88559
-0.88269
-0.87324
-0.87265
-0.87473
-0.87505
-0.87288
-0.86976
-0.86499
-0.86787
-0.86334
-0.86725
-0.8579
-0.85789
-0.88964
-0.87366
-0.85159
-0.88963
-0.86518
-0.85619
-0.8562
-0.85862
-0.85385
-0.85175
-0.85948
-0.85948
-0.86689
-0.84557
-0.84749
-0.85098
-0.85259
-0.84821
-0.85259
48.0767
-0.85847
-0.84111
-0.84383
-0.84485
-0.85461
-0.85704
-0.85034
-0.83942
-0.84258
-0.85426
-0.83683
-0.83684
-0.85378
-0.85433
-0.85664
-0.84587
-0.83274
-0.86548
-0.85065
-0.83085
-0.85262
-0.87795
-0.88016
0
0
0
0
0
0
0
0
0
0
0
0
0
0
0
0
0
0
0
0
0
0
0
0
0
0
0
0
0
0
0
0
0
0
0
0
0
0
0
0
0
0
0
0
0
0
0
0
0
0
0
0
0
0
0
0
0
0
0
0
0
0
0
0
0
0
0
0
-0.89879
-0.89616
-0.88584
-0.8853
-0.88834
-0.88857
-0.88661
-0.8833
-0.87845
-0.88158
-0.87658
-0.88077
-0.87085
-0.87083
-0.90341
-0.8872
-0.86527
-0.90341
-0.87699
-0.8744
-0.87439
-0.87123
-0.86538
-0.8668
-0.87054
-0.87054
-0.8824
-0.86079
-0.86222
-0.86072
-0.867
-0.86199
-0.867
-0.85847
54.6964
-0.85848
-0.8574
-0.85778
-0.86627
-0.87026
-0.86323
-0.85263
-0.85559
-0.8644
-0.85004
-0.85005
-0.86669
-0.86707
-0.86438
-0.85905
-0.84607
-0.87755
-0.86254
-0.84453
0
0
0
0
0
0
0
0
0
0
0
0
0
0
0
0
0
0
0
0
0
0
-2.3988
0
-2.5735
0
0
0
0
0
0
0
0
0
0
0
0
0
0
0
0
0
0
0
-3.5679
0
0
0
0
0
0
0
0
0
0
0
0
0
0
0
0
0
0
0
0
0
0
0
0
0
0
-0.88558
-0.8827
-0.87323
-0.87264
-0.87473
-0.87506
-0.87288
-0.86975
-0.86499
-0.86787
-0.86335
-0.86726
-0.85789
-0.85789
-0.88964
-0.87366
-0.85158
-0.88964
-0.86519
-0.8562
-0.8562
-0.85861
-0.85385
-0.85175
-0.85948
-0.85948
-0.86689
-0.84556
-0.84749
-0.85098
-0.85259
-0.8482
-0.85259
-0.84111
-0.85848
48.0767
-0.84382
-0.84486
-0.85461
-0.85704
-0.85035
-0.83942
-0.84257
-0.85426
-0.83682
-0.83684
-0.85379
-0.85433
-0.85664
-0.84587
-0.83275
-0.86548
-0.85066
-0.83085
-0.85261
-0.87795
-0.88018
0
0
0
0
0
0
0
0
0
0
0
0
0
0
0
0
0
0
0
0
0
0
0
0
0
0
0
0
0
0
0
0
0
0
0
0
0
0
0
0
0
0
0
0
0
0
0
0
0
0
0
0
0
0
0
0
0
0
0
0
0
0
0
0
0
0
0
0
-0.88532
-0.8824
-0.87293
-0.87236
-0.87443
-0.87475
-0.87256
-0.86942
-0.86463
-0.86752
-0.86297
-0.86687
-0.85749
-0.85748
-0.88935
-0.87333
-0.85114
-0.88936
-0.86477
-0.85586
-0.85585
-0.85816
-0.85342
-0.85132
-0.85895
-0.85895
-0.86699
-0.84482
-0.84685
-0.85048
-0.85247
-0.84768
-0.85248
-0.84383
-0.8574
-0.84382
46.3023
-0.84407
-0.85441
-0.85785
-0.85027
-0.83941
-0.84267
-0.85272
-0.83701
-0.83702
-0.85333
-0.85375
-0.85599
-0.8461
-0.83302
-0.86416
-0.84896
-0.8307
-0.85244
0
0
0
0
0
0
0
0
0
0
0
0
0
0
0
0
0
0
0
0
0
0
0
0
0
0
0
0
0
0
0
0
0
0
0
0
0
0
0
0
0
0
0
0
0
0
0
0
0
0
0
0
0
0
0
0
0
0
0
0
0
0
0
0
0
0
0
0
0
0
-0.88535
-0.88437
-0.87315
-0.87252
-0.87496
-0.87524
-0.87314
-0.86993
-0.86512
-0.86805
-0.86378
-0.868
-0.8584
-0.85838
-0.89039
-0.8742
-0.85204
-0.89039
-0.8656
-0.85683
-0.85683
-0.85479
-0.85417
-0.85131
-0.85967
-0.85967
-0.86789
-0.84546
-0.84747
-0.85103
-0.85364
-0.84875
-0.85364
-0.84485
-0.85778
-0.84486
-0.84407
46.9885
-0.85528
-0.85921
-0.85115
-0.84036
-0.84356
-0.8521
-0.83784
-0.83783
-0.85406
-0.8542
-0.85649
-0.84687
-0.83366
-0.86446
0
-0.83213
0
0
0
0
0
0
0
0
0
0
0
0
0
0
0
0
0
0
0
0
0
0
0
0
0
0
-2.3535
0
0
0
0
0
0
0
0
0
0
0
0
0
0
0
0
0
0
0
0
0
0
0
0
0
0
0
0
0
0
0
0
0
0
0
0
0
0
0
0
0
0
0
0
-0.89471
-0.89163
-0.88196
-0.87999
-0.88382
-0.88408
-0.88198
-0.87894
-0.87414
-0.87707
-0.87248
-0.87717
-0.86691
-0.8669
-0.89888
-0.88287
-0.86054
-0.89887
-0.87441
-0.86537
-0.86537
-0.86226
-0.86276
-0.86056
-0.86748
-0.86748
-0.8765
-0.85145
-0.85576
-0.85891
-0.86244
-0.85653
-0.86245
-0.85461
-0.86627
-0.85461
-0.85441
-0.85528
48.5748
-0.867
-0.86057
-0.84906
-0.85301
-0.8644
-0.84663
-0.84663
-0.86101
-0.86449
-0.86644
-0.85615
-0.84304
-0.87403
0
0
0
0
0
0
0
0
0
0
0
0
0
0
0
0
0
0
0
0
0
0
0
0
0
-1.6942
0
0
0
0
0
0
-2.6403
0
0
0
0
0
0
0
0
0
0
0
0
0
0
0
0
0
0
0
0
0
0
0
0
0
0
0
0
0
0
0
0
0
0
0
0
0
0
0
0
-0.89804
-0.89514
-0.88563
-0.88507
-0.88722
-0.88758
-0.88537
-0.88223
-0.8774
-0.88031
-0.87574
-0.8802
-0.87022
-0.87021
-0.90222
-0.88615
-0.86386
-0.90222
-0.87753
-0.86865
-0.86865
-0.87085
-0.86616
-0.86409
-0.87162
-0.8716
-0.87992
-0.85741
-0.85956
-0.86321
-0.86544
-0.86049
-0.86544
-0.85704
-0.87026
-0.85704
-0.85785
-0.85921
-0.867
45.2809
-0.8675
-0.85146
-0.85842
-0.86501
-0.85044
-0.85045
-0.86897
-0.86916
-0.87176
-0.861
-0.84741
-0.87991
0
-0.84561
0
0
0
0
0
0
0
0
0
0
0
0
0
0
0
0
0
0
0
0
0
0
0
0
0
0
0
0
0
0
0
0
0
0
0
0
0
0
0
0
0
0
0
0
0
0
0
0
0
0
0
0
0
0
0
0
0
0
0
0
0
0
0
0
0
0
0
0
0
0
0
-0.88998
-0.88838
-0.87887
-0.87838
-0.87948
-0.88091
-0.87868
-0.87556
-0.87075
-0.87368
-0.86906
-0.8736
-0.8636
-0.86358
-0.89551
-0.87952
-0.85726
-0.8955
-0.87083
-0.86207
-0.86207
-0.86409
-0.85945
-0.85742
-0.86482
-0.86481
-0.87332
-0.85068
-0.85283
-0.85633
-0.85891
-0.85371
-0.85892
-0.85034
-0.86323
-0.85035
-0.85027
-0.85115
-0.86057
-0.8675
44.8609
-0.84561
-0.84963
-0.86303
-0.8419
-0.8419
-0.86031
-0.86115
-0.86305
-0.85397
-0.84137
0
0
0
0
0
0
0
0
0
0
0
0
0
0
0
0
0
0
-1.643
0
0
0
0
0
0
0
0
0
0
0
0
0
0
0
0
0
0
0
0
0
0
0
0
0
0
0
0
0
0
0
0
0
0
0
0
0
0
0
0
0
0
0
0
0
0
0
0
0
0
0
0
0
0
0
-0.88047
-0.87761
-0.86815
-0.86759
-0.86971
-0.87004
-0.86784
-0.86472
-0.85992
-0.86282
-0.85828
-0.86271
-0.8528
-0.85279
-0.8846
-0.86861
-0.84646
-0.88459
-0.86006
-0.8512
-0.85121
-0.85343
-0.84873
-0.84662
-0.85422
-0.85421
-0.86235
-0.84007
-0.84213
-0.84579
-0.84793
-0.84293
-0.84792
-0.83942
-0.85263
-0.83942
-0.83941
-0.84036
-0.84906
-0.85146
-0.84561
43.5316
-0.83591
-0.85251
-0.83268
-0.83269
-0.84695
-0.84805
-0.84936
-0.84085
-0.82817
-0.85851
0
0
0
0
0
0
0
0
0
0
0
0
0
0
0
0
0
0
0
0
0
0
0
0
0
0
0
0
0
0
0
0
0
0
0
0
0
0
0
0
0
0
0
0
0
0
0
0
0
0
0
0
0
0
0
0
0
0
0
0
0
0
0
0
0
0
0
0
0
0
0
0
0
-0.8832
-0.8802
-0.87075
-0.87083
-0.87275
-0.87284
-0.87084
-0.86769
-0.86292
-0.86578
-0.86138
-0.86555
-0.85573
-0.85572
-0.88728
-0.87137
-0.84942
-0.88729
-0.86331
-0.85422
-0.85422
-0.85642
-0.85195
-0.84965
-0.8567
-0.8567
-0.86521
-0.84306
-0.8451
-0.84861
-0.85111
-0.84594
-0.85111
-0.84258
-0.85559
-0.84257
-0.84267
-0.84356
-0.85301
-0.85842
-0.84963
-0.83591
44.4438
-0.8573
-0.8337
-0.83371
-0.84933
-0.85047
-0.85166
-0.8442
-0.83212
0
0
0
0
0
0
0
0
0
0
0
0
0
0
0
0
0
0
0
0
0
0
0
0
0
0
0
0
0
0
0
0
0
0
0
0
0
0
0
0
0
0
-1.6226
0
0
0
0
0
0
0
0
0
0
0
0
0
0
0
0
0
0
0
0
0
0
0
0
0
0
0
0
0
0
0
-0.89187
-0.89147
-0.88214
-0.88183
-0.8839
-0.88441
-0.8822
-0.87903
-0.8742
-0.87713
-0.8722
-0.87705
-0.86694
-0.86692
-0.89876
-0.88296
-0.86059
-0.89877
-0.86867
-0.86545
-0.86545
-0.86681
-0.86124
-0.8603
-0.86756
-0.86757
-0.87669
-0.85368
-0.85405
-0.85898
-0.86274
-0.85653
-0.86275
-0.85426
-0.8644
-0.85426
-0.85272
-0.8521
-0.8644
-0.86501
-0.86303
-0.85251
-0.8573
47.1062
-0.84766
-0.84766
-0.85876
0
-0.86054
-0.85445
0
0
0
0
0
0
0
0
0
0
0
0
0
0
0
0
0
0
0
0
0
0
0
0
0
-2.0699
0
0
0
0
0
0
0
0
0
0
0
0
-3.3864
0
0
0
0
0
0
0
0
0
0
0
0
0
0
0
0
0
0
0
0
0
0
0
0
0
0
0
0
0
0
0
0
0
0
0
0
-0.87779
-0.87493
-0.86549
-0.86494
-0.86702
-0.86738
-0.86516
-0.86201
-0.85724
-0.86013
-0.85561
-0.86006
-0.85012
-0.85011
-0.88187
-0.86594
-0.84378
-0.88185
-0.85737
-0.84852
-0.84852
-0.85077
-0.84601
-0.84392
-0.85153
-0.85152
-0.85965
-0.83734
-0.83944
-0.84318
-0.84525
-0.84028
-0.84524
-0.83683
-0.85004
-0.83682
-0.83701
-0.83784
-0.84663
-0.85044
-0.8419
-0.83268
-0.8337
-0.84766
42.5403
-0.82633
-0.84422
-0.8444
-0.84704
-0.83983
-0.82694
0
0
0
0
0
0
0
0
0
0
0
0
0
0
0
0
0
0
0
0
0
0
0
0
0
0
0
0
0
0
0
0
0
0
0
0
0
0
0
0
0
0
0
0
0
0
0
0
0
0
0
0
0
0
0
0
0
0
0
0
0
0
0
0
0
0
0
0
0
0
0
0
0
0
-0.8778
-0.87493
-0.86549
-0.86494
-0.86702
-0.86736
-0.86517
-0.86203
-0.85723
-0.86013
-0.8556
-0.86006
-0.85012
-0.8501
-0.88186
-0.86595
-0.84378
-0.88186
-0.85737
-0.84851
-0.84852
-0.85077
-0.846
-0.84392
-0.85153
-0.85152
-0.85966
-0.83734
-0.83945
-0.84317
-0.84524
-0.84028
-0.84524
-0.83684
-0.85005
-0.83684
-0.83702
-0.83783
-0.84663
-0.85045
-0.8419
-0.83269
-0.83371
-0.84766
-0.82633
42.5404
-0.84422
-0.84441
-0.84704
-0.83983
-0.82694
0
0
0
0
0
0
0
0
0
0
0
0
0
0
0
0
0
0
0
0
0
0
0
0
0
0
0
0
0
0
0
0
0
0
0
0
0
0
0
0
0
0
0
0
0
0
0
0
0
0
0
0
0
0
0
0
0
0
0
0
0
0
0
0
0
0
0
0
0
0
0
0
0
0
-0.8948
-0.89185
-0.8823
-0.88177
-0.88417
-0.88439
-0.88234
-0.87916
-0.87436
-0.87725
-0.87249
-0.87727
-0.86712
-0.8671
-0.89901
-0.88299
-0.86077
-0.899
-0.87439
-0.86556
-0.86556
-0.86524
-0.86298
-0.86083
-0.86797
-0.86795
-0.87661
-0.85087
-0.8562
-0.85814
-0.86243
-0.85705
-0.86244
-0.85378
-0.86669
-0.85379
-0.85333
-0.85406
-0.86101
-0.86897
-0.86031
-0.84695
-0.84933
-0.85876
-0.84422
-0.84422
42.0749
0
0
0
0
0
0
0
0
0
0
0
0
0
0
0
0
0
0
0
0
0
0
0
0
0
0
0
-2.1471
0
0
0
0
0
0
0
0
0
0
0
0
0
0
0
0
0
0
0
0
0
0
0
0
0
0
0
0
0
0
0
0
0
0
0
0
0
0
0
0
0
0
0
0
0
0
0
0
0
0
-0.89535
-0.89261
-0.88311
-0.88259
-0.88476
-0.88521
-0.883
-0.8799
-0.87506
-0.87804
-0.87331
-0.87795
-0.86794
-0.86794
-0.89985
-0.88338
-0.86167
-0.89984
-0.87527
-0.86648
-0.86648
-0.86858
-0.86387
-0.86183
-0.86911
-0.8691
-0.87739
-0.85525
-0.8573
-0.86013
-0.86358
-0.85756
-0.86358
-0.85433
-0.86707
-0.85433
-0.85375
-0.8542
-0.86449
-0.86916
-0.86115
-0.84805
-0.85047
0
-0.8444
-0.84441
0
41.9179
0
0
0
0
0
0
0
0
0
-0.89753
0
0
0
0
0
0
0
0
0
0
0
0
-1.9075
0
0
0
0
0
0
0
0
0
0
0
0
0
0
0
0
0
0
0
0
0
0
0
0
0
0
0
0
0
0
0
0
0
0
0
0
0
0
0
0
0
0
0
0
0
0
0
0
0
0
0
0
0
0
-0.89779
-0.89496
-0.8855
-0.88488
-0.88698
-0.88721
-0.88516
-0.88189
-0.87706
-0.87997
-0.87536
-0.87925
-0.86985
-0.86984
-0.90193
-0.88571
-0.86347
-0.90193
-0.87702
-0.8683
-0.86831
-0.8702
-0.86557
-0.86352
-0.87103
-0.87103
-0.87469
-0.85682
-0.85891
-0.86241
-0.86508
-0.86004
-0.86509
-0.85664
-0.86438
-0.85664
-0.85599
-0.85649
-0.86644
-0.87176
-0.86305
-0.84936
-0.85166
-0.86054
-0.84704
-0.84704
0
0
42.4242
0
0
0
0
0
0
0
0
0
0
0
0
0
0
0
0
0
0
0
0
0
0
0
0
0
0
0
-2.3704
0
0
0
0
0
0
0
0
0
0
0
0
0
0
0
0
0
0
0
0
0
0
0
0
0
0
0
0
0
0
0
0
0
0
0
0
0
0
0
0
0
0
0
0
0
0
0
0
-0.88656
-0.88367
-0.87419
-0.87363
-0.87574
-0.87611
-0.87388
-0.87074
-0.86593
-0.86883
-0.86429
-0.86874
-0.85876
-0.85876
-0.89067
-0.87475
-0.85239
-0.89066
-0.86604
-0.85716
-0.85716
-0.85941
-0.85461
-0.85252
-0.8601
-0.8601
-0.86876
-0.84586
-0.84797
-0.85199
-0.85383
-0.84923
-0.85383
-0.84587
-0.85905
-0.84587
-0.8461
-0.84687
-0.85615
-0.861
-0.85397
-0.84085
-0.8442
-0.85445
-0.83983
-0.83983
0
0
0
39.5809
0
0
0
0
0
0
0
0
0
0
0
0
0
0
0
0
0
0
0
0
0
0
0
0
0
0
0
0
0
0
0
0
0
0
0
0
0
0
0
0
0
0
0
0
0
0
0
0
0
0
0
0
0
0
0
0
0
0
0
0
0
0
0
0
0
0
0
0
0
0
0
0
0
0
0
-0.87359
-0.87066
-0.8612
-0.86064
-0.86271
-0.86306
-0.86085
-0.85771
-0.85291
-0.85577
-0.85128
-0.85574
-0.84575
-0.84574
-0.87756
-0.86169
-0.83937
-0.87755
-0.85313
-0.84409
-0.84411
-0.84639
-0.84156
-0.83946
-0.84706
-0.84706
-0.8557
-0.83282
-0.8349
-0.83898
-0.84072
-0.83612
-0.84072
-0.83274
-0.84607
-0.83275
-0.83302
-0.83366
-0.84304
-0.84741
-0.84137
-0.82817
-0.83212
0
-0.82694
-0.82694
0
0
0
0
38.1408
0
0
0
0
0
0
0
0
0
0
0
0
0
0
0
0
0
0
0
0
0
0
0
0
0
0
0
0
0
0
0
0
0
0
0
0
0
0
0
0
0
0
0
0
0
0
0
0
0
0
0
0
0
0
0
0
0
0
0
0
0
0
0
0
0
0
0
0
0
0
0
0
0
0
-0.90618
-0.90312
-0.89346
-0.8927
-0.89573
-0.89602
-0.89394
-0.89075
-0.88591
-0.88892
-0.88425
-0.88889
-0.8787
-0.8787
-0.91024
-0.89448
-0.87234
-0.91024
-0.88605
-0.87718
-0.87719
-0.87876
-0.87452
-0.87232
-0.87873
-0.87873
-0.88806
-0.86544
-0.86754
-0.87008
-0.87421
-0.86844
-0.8742
-0.86548
-0.87755
-0.86548
-0.86416
-0.86446
-0.87403
-0.87991
0
-0.85851
0
0
0
0
0
0
0
0
0
40.7393
0
0
0
0
0
0
0
0
0
0
0
0
0
0
0
0
0
0
0
0
0
0
0
0
0
0
0
0
0
0
0
0
0
0
0
0
0
0
0
0
0
0
0
0
0
0
0
0
0
0
0
0
0
0
0
0
0
-4.5937
0
0
0
0
0
0
0
0
0
0
0
0
0
0
0
-0.89616
-0.89272
-0.88281
-0.88228
-0.88071
-0.88069
-0.8788
-0.87552
-0.87085
-0.87378
-0.86924
-0.84853
-0.86364
-0.86363
-0.89696
-0.88011
-0.85736
-0.89695
-0.87128
-0.86227
-0.86226
-0.86439
-0.85995
-0.85773
-0.86536
-0.86536
-0.87283
-0.8513
-0.85312
-0.85628
-0.85957
-0.85428
-0.85957
-0.85065
-0.86254
-0.85066
-0.84896
0
0
0
0
0
0
0
0
0
0
0
0
0
0
0
38.2307
0
0
0
0
0
0
0
0
0
0
0
0
0
0
0
0
0
0
0
0
0
0
0
0
0
0
0
0
0
0
0
0
-3.9133
0
0
0
0
0
0
0
0
0
0
0
-2.1983
0
0
0
0
0
0
0
0
0
0
0
0
0
0
0
0
0
0
0
0
0
0
0
0
0
0
0
-0.87185
-0.86886
-0.85943
-0.85889
-0.86097
-0.8613
-0.85908
-0.85596
-0.85117
-0.85406
-0.84953
-0.85392
-0.84404
-0.84404
-0.87579
-0.85987
-0.83771
-0.87579
-0.85144
-0.84247
-0.84247
-0.84488
-0.83994
-0.83788
-0.84543
-0.84542
-0.85382
-0.83134
-0.83337
-0.83709
-0.83921
-0.83419
-0.83921
-0.83085
-0.84453
-0.83085
-0.8307
-0.83213
0
-0.84561
0
0
0
0
0
0
0
0
0
0
0
0
0
33.0751
0
0
0
0
0
0
0
0
0
0
0
0
0
0
0
0
0
0
0
0
0
0
0
0
0
0
0
0
0
0
0
0
0
0
0
0
0
0
0
0
0
0
0
0
0
0
0
0
0
0
0
0
0
0
0
0
0
0
0
0
0
0
0
0
0
0
0
0
0
0
0
-0.89355
-0.8903
-0.88091
-0.88039
-0.88294
-0.88305
-0.88082
-0.87782
-0.87301
-0.87591
-0.87111
-0.8757
-0.86573
-0.86572
-0.89746
-0.88152
-0.85936
-0.89746
-0.87293
-0.86433
-0.86433
-0.86713
-0.86158
-0.8593
-0.86623
-0.86623
-0.87562
-0.85257
-0.85476
-0.85463
-0.86101
-0.85567
-0.86102
-0.85262
0
-0.85261
-0.85244
0
0
0
0
0
0
0
0
0
0
0
0
0
0
0
0
0
34.7729
0
0
0
0
0
0
0
0
0
0
0
0
0
0
0
0
0
0
0
0
0
0
0
0
0
0
0
-2.9266
-0.51851
0
0
0
0
0
0
0
0
0
0
0
0
0
0
0
0
0
0
0
0
0
0
0
0
0
0
0
0
0
0
0
0
0
0
0
0
0
0
0
0
0
-0.91796
-0.91454
-0.90482
-0.9025
-0.9081
-0.90743
-0.90627
-0.90317
-0.89844
-0.90151
-0.89692
-0.90134
-0.89109
-0.89109
-0.92204
-0.9067
-0.88488
-0.92204
-0.89907
-0.89011
-0.89012
-0.89118
-0.88762
-0.8848
-0.88965
-0.88963
-0.90042
-0.87792
-0.87992
-0.88127
-0.88714
-0.88039
-0.88715
-0.87795
0
-0.87795
0
0
0
0
0
0
0
0
0
0
0
0
0
0
0
0
0
0
0
42.356
0
0
0
0
0
0
0
0
0
0
0
0
0
0
0
0
0
0
0
0
0
-1.6991
0
0
0
0
0
0
0
0
0
0
0
0
0
0
0
0
0
0
0
0
0
0
0
0
-4.6519
0
0
0
0
0
0
0
0
0
0
-4.6519
0
0
0
0
0
0
0
0
0
0
0
-0.92157
-0.91843
-0.90882
-0.90884
-0.91114
-0.9117
-0.90941
-0.90647
-0.90162
-0.90451
-0.89961
-0.90426
-0.89415
-0.89415
-0.9257
-0.90996
-0.88788
-0.92569
-0.90188
-0.89305
-0.89306
-0.89312
-0.8905
-0.88789
-0.89408
-0.89408
-0.90357
-0.87988
-0.88327
-0.88097
-0.89004
-0.88297
-0.89004
-0.88016
0
-0.88018
0
0
0
0
0
0
0
0
0
0
0
0
0
0
0
0
0
0
0
0
39.5588
0
0
0
0
0
0
0
0
0
0
0
0
0
0
0
0
0
0
0
0
0
0
0
0
0
0
0
0
0
0
0
0
-3.7258
0
0
0
0
0
0
0
0
0
0
0
0
0
0
0
0
0
0
0
0
0
0
0
0
0
0
0
-4.3703
0
0
0
0
0
0
0
-0.92321
-0.91962
-0.90944
-0.90838
-0.91205
-0.91145
-0.91031
-0.90702
-0.90215
-0.90537
-0.9006
-0.90579
-0.89497
-0.89496
-0.92563
-0.89199
-0.88857
-0.92562
-0.90265
-0.89385
-0.89385
-0.89477
-0.89133
-0.88844
-0.89351
-0.8935
0
-0.88185
-0.88384
0
-0.89105
0
-0.89105
0
0
0
0
0
0
0
0
0
0
0
0
0
0
-0.89753
0
0
0
0
0
0
0
0
0
40.6335
0
0
0
0
0
0
0
0
0
0
0
0
0
0
0
0
0
0
0
0
0
0
0
0
0
0
0
0
0
-3.8255
0
0
0
0
0
0
0
0
0
0
0
0
0
0
0
0
0
-4.4368
0
0
0
0
-4.4368
0
0
0
0
0
0
0
0
0
0
0
0
0
0
-0.91561
-0.91279
-0.9033
-0.90236
-0.90568
-0.90603
-0.90397
-0.90088
-0.89603
-0.89913
-0.89427
-0.89929
-0.88893
-0.88891
-0.92036
-0.90482
-0.88257
-0.92036
-0.89641
-0.88756
-0.88757
-0.88952
-0.885
-0.88246
-0.88899
-0.88899
0
0
0
0
0
0
0
0
0
0
0
0
0
0
0
0
0
0
0
0
0
0
0
0
0
0
0
0
0
0
0
0
28.8045
0
0
0
0
0
0
0
0
0
0
0
-1.8674
0
0
0
0
0
0
0
0
0
0
0
0
0
0
0
0
0
0
0
0
0
0
0
0
0
0
0
0
0
0
-3.5852
0
0
0
0
0
0
0
0
0
0
0
0
0
0
0
0
0
0
0
0
0
0
0
-0.95322
-0.95066
-0.93898
-0.93846
-0.9427
-0.94281
-0.94078
-0.93754
-0.93266
-0.93571
-0.93113
-0.93698
-0.92533
-0.92533
-0.95827
-0.94167
-0.91866
-0.95827
-0.93285
-0.92357
-0.92357
0
0
0
0
0
0
0
0
0
0
0
0
0
0
0
0
0
0
0
0
0
0
0
0
0
0
0
0
0
0
0
0
0
0
0
0
0
0
22.8855
0
0
0
0
0
0
0
0
0
0
0
0
0
0
0
0
0
0
0
0
0
0
0
0
0
0
0
0
0
0
0
0
0
0
0
0
0
0
-3.1963
0
0
0
0
0
0
0
0
0
0
0
0
0
0
0
0
0
0
0
0
0
0
0
0
0
0
-0.94133
-0.93802
-0.9287
-0.92818
-0.93018
-0.93074
-0.92823
-0.9251
-0.92019
-0.92322
-0.91876
-0.92317
-0.91303
-0.91301
-0.94542
-0.92952
-0.90644
-0.94541
-0.92094
-0.9115
-0.91149
0
0
0
0
0
0
0
0
0
0
0
0
0
0
0
0
0
0
0
0
0
0
0
0
0
0
0
0
0
0
0
0
0
0
0
0
0
0
0
19.4326
0
0
0
0
0
0
0
0
0
0
0
0
0
0
0
0
0
0
0
0
0
0
0
0
0
0
0
0
0
0
0
0
0
0
0
0
0
0
0
0
0
0
0
0
0
0
0
0
0
0
0
0
0
0
0
0
0
0
0
0
0
0
0
0
-0.93271
-0.9294
-0.92009
-0.91958
-0.92156
-0.9221
-0.9196
-0.91646
-0.91155
-0.91458
-0.91015
-0.91454
-0.90441
-0.90441
-0.93673
-0.92087
-0.89783
-0.93672
-0.91229
-0.90283
-0.90282
0
0
0
0
0
0
0
0
0
0
0
0
0
0
0
0
0
0
0
0
0
0
0
0
0
0
0
0
0
0
0
0
0
0
0
0
0
0
0
0
19.2512
0
0
0
0
0
0
0
0
0
0
0
0
0
0
0
0
0
0
0
0
0
0
0
0
0
0
0
0
0
0
0
0
0
0
0
0
0
0
0
0
0
0
0
0
0
0
0
0
0
0
0
0
0
0
0
0
0
0
0
0
0
0
0
-0.95989
-0.9565
-0.94718
-0.94667
-0.9486
-0.94917
-0.94662
-0.94345
-0.93851
-0.94154
-0.93713
-0.94159
-0.93128
-0.93129
-0.96389
-0.94799
-0.92464
-0.96389
-0.93932
0
0
0
0
0
0
0
0
0
0
0
0
0
0
0
0
0
0
0
0
0
0
0
0
0
0
0
0
0
0
0
0
0
0
0
0
0
0
0
0
0
0
0
17.9591
0
0
0
0
0
0
0
0
0
0
0
0
0
0
0
0
0
0
0
0
0
0
0
0
0
0
0
0
0
0
0
0
0
0
0
0
0
0
0
0
0
0
0
0
0
0
0
0
0
0
0
0
0
0
0
0
0
0
0
0
0
0
-0.96856
-0.96544
-0.95546
-0.9546
-0.95804
-0.95782
-0.95612
-0.95295
-0.9481
-0.95119
-0.94675
-0.9522
-0.94081
-0.9408
0
0
-0.93426
0
0
0
0
0
0
0
0
0
0
0
0
0
0
0
0
0
0
0
0
0
0
0
0
0
0
0
0
0
0
0
0
0
0
0
0
0
0
0
0
0
0
0
0
0
0
16.9368
0
0
0
0
0
0
0
0
0
0
0
0
0
0
0
0
0
0
0
0
0
0
0
0
0
0
0
0
-2.6537
0
0
0
0
0
0
0
0
0
0
0
0
0
0
0
0
0
0
0
0
0
0
0
0
0
0
0
0
0
0
0
0
-1.0151
-1.0115
-1.002
-1.0012
-1.0046
-0.99521
-1.0026
-0.9995
-0.99458
-0.99772
-0.99336
-0.99799
-0.98727
-0.98726
0
0
0
0
0
0
0
0
0
0
0
0
0
0
0
0
0
0
0
0
0
0
0
0
0
0
0
0
0
0
0
0
0
0
0
0
0
0
0
0
0
0
0
0
0
0
0
0
0
0
16.2432
0
0
0
0
0
0
0
0
0
0
0
0
0
0
0
0
0
0
0
0
0
0
0
0
0
-2.2532
0
0
0
0
0
0
0
0
0
0
0
0
0
0
0
0
0
0
0
0
0
0
0
0
0
0
0
0
0
0
0
0
0
0
-1.1698
-1.1661
-1.1569
-1.1564
-1.1591
-1.16
-1.1571
-1.1539
-1.1487
-1.1523
-1.1477
0
-1.1416
-1.1416
0
0
0
0
0
0
0
0
0
0
0
0
0
0
0
0
0
0
0
0
0
0
0
0
0
0
0
0
0
0
0
0
0
0
0
0
0
0
0
0
0
0
0
0
0
0
0
0
0
0
0
15.0111
0
0
0
0
0
0
0
0
0
0
0
0
0
0
0
0
0
0
0
0
0
0
0
0
0
0
0
0
0
0
0
0
0
0
0
0
0
0
0
0
0
0
0
0
0
0
0
0
0
0
0
0
0
0
0
0
0
0
0
-1.1264
-1.1361
-1.1145
-1.1137
-1.1178
-1.1182
-1.1158
-1.1123
-1.1074
-1.1101
0
0
0
0
0
0
0
0
0
0
0
0
0
0
0
0
0
0
0
0
0
0
0
0
0
0
0
0
0
0
0
0
0
0
0
0
0
0
0
0
0
0
0
0
0
0
0
0
0
0
0
0
0
0
0
0
13.2332
0
0
0
0
0
0
0
0
0
0
0
0
0
-2.0608
0
0
0
0
0
0
0
0
0
0
0
0
0
0
0
0
0
0
0
0
0
0
0
0
0
0
0
0
0
0
0
0
0
0
0
0
0
0
0
0
0
0
0
0
-1.2293
-1.2245
-1.2146
-1.2159
-1.22
-1.2198
-1.2175
-1.2144
-1.2094
0
0
0
0
0
0
0
0
0
0
0
0
0
0
0
0
0
0
0
0
0
0
0
0
0
0
0
0
0
0
0
0
0
0
0
0
0
0
0
0
0
0
0
0
0
0
0
0
0
0
0
0
0
0
0
0
0
0
14.6264
0
0
0
0
0
0
0
0
0
0
0
0
0
0
0
0
0
0
0
0
0
0
0
0
0
0
0
0
0
0
0
0
0
0
0
0
0
0
0
0
0
0
0
0
0
0
0
0
-3.6609
0
0
0
0
0
0
0
0
-1.3202
-1.3162
-1.3068
-1.3057
-1.312
-1.3122
-1.3101
-1.3072
0
0
0
0
0
0
0
0
0
0
0
0
0
0
0
0
0
0
0
0
0
0
0
0
0
0
0
0
0
0
0
0
0
0
0
0
0
0
0
0
0
0
0
0
0
0
0
0
0
0
0
0
0
0
0
0
0
0
0
0
12.8555
0
0
0
0
0
0
0
0
0
0
0
0
0
0
0
0
0
0
0
0
0
0
0
0
0
0
0
0
-2.3651
0
0
0
0
0
0
0
0
0
0
0
0
0
0
0
0
0
0
0
0
0
0
0
0
0
0
0
-1.6847
0
0
0
-1.6846
0
0
0
0
0
0
0
0
0
0
0
0
0
0
0
0
0
0
0
0
0
0
0
0
0
0
0
0
0
0
0
0
0
0
0
-1.643
0
0
0
0
0
0
0
0
0
0
0
0
0
0
0
0
0
0
0
0
0
0
0
0
0
0
0
0
10.7861
0
0
0
0
0
0
0
0
0
0
0
0
0
-2.0501
0
0
0
0
0
0
0
0
0
0
0
0
0
0
0
0
0
0
0
0
0
0
0
0
0
0
0
0
0
0
0
0
0
0
0
0
0
0
0
-3.7237
0
0
0
0
0
0
0
0
0
0
0
0
0
0
0
0
0
0
0
0
0
0
0
0
0
0
0
0
0
0
0
0
0
0
0
0
0
0
0
0
0
0
0
0
0
0
0
0
-1.9075
0
0
0
0
0
0
0
0
0
0
-1.8674
0
0
0
0
0
0
0
0
0
0
0
13.2613
0
0
0
0
0
0
0
0
0
0
0
-2.7444
0
0
0
0
0
0
0
0
0
0
0
0
0
0
0
0
0
0
0
0
0
0
0
0
0
0
0
0
0
0
0
0
-3.371
0
0
0
0
0
-3.371
0
0
0
-1.9456
-1.9395
-1.9352
0
-1.9418
0
-1.9385
0
0
0
0
0
0
0
0
0
0
0
0
0
0
0
0
0
0
0
0
0
0
0
0
0
0
0
0
0
0
0
0
0
0
0
0
0
0
0
0
0
0
0
0
0
0
0
0
0
0
0
0
0
0
0
0
0
0
0
0
0
0
0
0
9.7005
0
0
0
0
0
0
0
0
0
0
0
0
0
0
0
0
0
0
0
0
0
0
0
0
0
0
0
0
0
0
0
0
0
0
0
0
0
0
0
0
0
0
0
0
0
0
0
0
0
0
0
0
0
0
0
0
0
0
0
0
0
0
0
0
0
0
0
0
0
0
0
0
0
0
0
0
0
0
0
0
0
0
-2.3386
0
0
0
0
0
0
0
0
0
0
0
0
0
0
0
0
0
0
0
0
0
0
0
0
0
0
0
0
0
0
0
0
0
0
0
0
0
0
0
0
0
0
11.083
0
-2.6461
0
0
0
0
0
0
0
-2.765
0
0
0
0
0
0
0
0
0
0
0
0
0
-3.3333
0
0
0
0
0
0
0
0
0
0
0
0
0
0
0
0
0
0
0
0
0
0
0
0
0
0
0
0
0
-2.304
0
0
0
0
0
0
0
0
0
0
0
0
0
0
0
0
0
0
0
0
0
0
0
0
0
0
0
0
0
-2.2361
0
0
0
0
0
0
0
0
0
0
0
0
0
0
0
0
0
0
0
0
0
0
0
0
0
0
0
0
0
0
0
0
0
0
0
0
0
0
0
0
0
7.6674
0
0
0
0
0
-2.6382
0
0
0
0
0
0
0
0
0
0
0
0
0
0
0
0
0
0
0
0
0
0
0
0
0
0
0
0
0
0
0
0
0
0
0
0
0
0
0
-0.48896
0
0
0
0
0
0
0
0
0
0
0
0
0
0
0
0
0
0
0
0
0
0
0
0
0
0
0
0
0
0
0
0
-2.1583
0
0
0
0
0
0
0
0
0
0
0
0
0
0
0
0
0
0
-2.1471
0
0
0
0
0
0
0
0
0
0
0
0
0
0
0
0
0
0
0
0
0
0
0
0
0
-2.6461
0
9.5637
0
0
0
0
0
0
0
0
0
-2.6122
0
0
0
0
0
0
0
0
0
0
0
0
0
0
0
0
0
0
0
0
0
0
0
0
0
0
0
0
0
0
0
0
0
0
0
0
0
0
0
0
-2.1235
0
0
0
0
0
0
0
0
0
0
0
0
0
0
0
0
0
0
0
0
0
0
0
0
0
0
0
0
0
0
0
0
0
0
0
0
0
0
0
0
0
0
-2.0699
0
0
0
0
0
0
0
0
0
0
0
0
0
0
0
0
0
0
0
0
0
0
0
0
0
0
0
0
0
0
0
9.9172
0
0
0
0
0
0
0
0
0
0
0
0
0
0
0
0
0
0
0
-2.5383
0
0
0
0
0
0
0
0
0
0
0
0
0
0
0
0
0
0
0
0
0
0
0
0
0
0
0
0
-3.1854
0
0
0
0
0
0
0
0
0
0
0
0
0
0
0
0
0
0
0
0
0
0
0
0
0
0
-2.4155
0
0
0
0
0
0
0
-2.3988
0
0
0
0
0
0
0
0
0
0
0
0
0
-2.3704
0
0
0
0
0
0
0
0
0
0
0
0
0
0
0
0
0
0
0
0
0
0
0
0
0
0
0
8.4691
0
0
0
0
0
0
0
0
0
0
0
0
0
0
0
0
0
0
0
0
0
0
0
0
0
0
0
0
0
0
0
-1.2844
0
0
0
0
0
0
0
0
0
0
0
0
0
0
0
0
0
0
0
-1.7129
0
0
0
0
0
0
0
0
0
0
0
0
0
0
0
0
0
0
0
0
0
0
0
0
0
0
0
0
0
0
0
0
0
0
-1.6942
0
0
0
0
0
0
0
0
0
0
0
0
0
0
0
0
-1.6991
0
0
0
0
0
0
0
0
0
0
0
0
0
0
0
0
0
0
0
0
0
7.8917
0
0
0
0
0
0
0
0
0
0
0
0
0
0
0
-2.7856
0
0
0
0
0
0
0
0
0
0
0
0
0
0
0
0
0
0
0
0
0
0
0
0
0
0
0
0
0
0
0
0
0
0
0
0
0
0
0
0
0
0
0
0
0
0
0
0
0
0
0
0
0
-2.5783
0
0
0
0
0
0
0
0
0
0
0
-2.5735
0
0
0
0
0
0
0
0
0
0
0
0
0
0
0
0
0
0
0
0
0
0
0
0
0
0
0
0
0
0
0
0
0
0
0
0
0
0
0
0
0
0
0
10.6046
0
0
0
0
0
0
0
-2.7318
0
0
0
0
0
0
0
-2.721
0
0
0
0
0
0
0
0
0
0
0
0
0
0
0
0
0
0
0
0
0
0
0
0
0
0
0
0
0
0
0
0
0
0
0
0
0
0
0
0
0
0
0
0
0
0
0
0
0
0
0
0
0
-1.4754
0
0
0
0
0
0
0
0
0
0
0
0
0
0
0
0
0
0
0
0
0
0
0
0
0
0
0
0
0
0
0
0
0
0
0
0
0
0
0
0
0
0
0
0
0
0
0
0
0
-2.6382
0
0
0
0
0
9.3586
-2.1954
0
0
0
0
0
0
0
0
0
0
0
0
0
0
0
0
0
0
0
0
0
0
0
0
0
0
0
0
0
0
0
-3.0495
0
0
0
0
0
0
0
0
0
0
0
0
0
0
0
0
0
0
0
0
0
0
0
0
0
0
0
0
0
0
0
0
0
-2.3863
0
0
0
0
0
0
0
0
0
0
0
0
0
0
0
-2.3535
0
0
0
0
0
0
0
0
0
0
0
0
0
0
0
0
0
0
0
0
0
0
0
0
0
0
0
0
-2.0608
0
0
0
0
0
0
0
0
0
0
0
0
-2.1954
8.9961
0
0
0
0
0
0
0
0
0
0
0
0
0
0
0
0
0
0
0
0
0
0
0
0
0
0
0
0
0
0
0
0
0
0
0
0
0
0
0
0
0
0
0
0
0
0
0
0
0
0
0
0
0
0
-2.8222
0
0
0
0
0
0
0
0
0
0
-2.8056
0
0
0
0
0
0
0
0
0
0
0
0
0
0
0
0
0
0
0
0
0
0
0
0
0
0
0
0
0
0
0
0
0
0
0
0
0
0
0
0
0
0
0
0
0
0
0
0
0
0
0
0
0
0
0
0
0
0
0
9.4755
0
0
0
0
0
0
0
0
0
0
0
0
0
0
0
0
0
0
-3.8477
0
0
0
0
0
0
0
0
0
0
0
0
0
0
0
0
0
0
0
0
0
0
0
0
0
0
0
0
0
0
0
0
0
0
0
0
0
0
0
0
0
0
0
0
0
0
0
0
0
0
0
0
0
0
0
0
0
0
0
0
0
0
0
0
0
0
0
0
0
0
0
0
0
0
0
0
0
0
-2.9266
0
0
0
0
0
0
0
0
0
0
0
0
0
0
0
-2.7444
0
-2.765
0
0
0
0
0
0
0
0
0
8.4361
0
0
0
0
0
0
0
0
0
0
0
0
0
0
0
0
0
0
0
0
0
0
0
0
0
0
0
0
0
0
0
0
0
0
0
0
0
0
0
0
0
0
0
0
0
0
0
0
0
0
0
0
0
0
0
0
0
0
0
0
0
0
0
0
0
0
0
0
0
0
0
0
0
0
0
0
0
0
0
0
0
0
0
0
0
0
0
0
0
0
0
0
0
0
0
0
-0.51851
0
0
0
0
0
0
0
0
0
0
0
0
0
0
-2.0501
0
0
0
0
0
0
0
0
0
0
0
0
0
5.8902
0
0
0
0
0
0
0
0
0
0
0
0
0
0
0
0
0
0
0
0
0
0
0
0
0
0
0
0
0
0
0
0
0
0
0
0
-3.3216
0
0
0
0
0
0
0
0
0
0
0
0
0
0
0
0
0
0
0
0
0
0
0
0
0
-2.6709
0
0
0
0
0
0
0
0
0
0
0
0
0
0
0
0
-2.6403
0
0
0
0
0
0
0
0
0
0
0
0
0
0
0
0
0
0
0
0
0
0
0
0
0
0
0
0
0
0
0
0
0
0
0
-2.6122
0
0
0
0
0
0
0
0
0
7.9234
0
0
0
0
0
0
0
0
0
0
0
0
0
0
0
0
0
0
0
0
0
0
0
0
0
0
0
0
0
0
0
0
0
0
0
0
0
0
0
0
0
0
0
0
0
0
0
0
0
0
0
-4.1526
0
0
0
0
0
0
0
0
0
0
0
0
0
0
0
0
0
0
0
0
0
0
0
0
0
0
0
0
0
0
0
0
0
0
0
0
0
0
0
0
-3.9133
0
0
0
0
0
0
0
0
0
0
0
0
0
0
0
0
0
0
0
0
0
0
0
0
0
0
0
0
0
0
0
0
8.0659
0
0
0
0
0
0
0
0
0
0
0
0
0
0
0
0
0
0
0
0
0
0
0
0
0
0
0
0
0
0
0
0
0
0
0
0
0
0
0
0
0
0
0
0
0
0
0
0
0
0
0
0
0
0
0
0
0
0
0
0
0
0
0
0
0
0
0
0
0
0
0
0
0
0
0
0
0
0
0
0
0
0
0
0
0
0
0
0
0
0
0
0
0
0
0
0
0
0
0
0
0
0
0
0
0
0
0
0
0
0
0
0
0
0
0
0
0
-2.7318
0
0
0
0
0
0
0
6.4237
0
-3.6919
0
0
0
0
0
0
0
0
0
0
0
0
0
0
0
0
0
0
0
0
0
0
0
0
0
0
0
0
0
0
0
0
0
0
0
0
0
0
0
0
0
0
0
0
0
0
0
0
0
0
0
-3.9321
0
0
0
0
0
0
0
0
0
0
0
0
0
0
0
0
0
0
0
0
0
0
0
0
0
0
0
0
0
0
0
0
0
0
0
0
0
0
0
0
0
-3.8255
0
0
0
0
0
0
0
0
0
0
0
0
0
0
0
0
0
0
0
0
0
0
0
0
0
0
0
0
0
7.7576
0
0
0
0
0
0
0
0
0
0
0
0
0
0
0
0
0
0
0
0
0
0
0
0
0
0
0
0
0
0
0
0
0
0
0
0
0
0
0
0
0
0
0
0
0
0
0
0
0
0
0
0
0
0
0
0
0
0
0
0
0
0
0
0
0
0
0
0
0
0
0
0
0
0
0
0
0
0
0
0
-3.3864
0
0
0
0
0
0
0
0
0
0
0
0
0
0
0
0
0
0
0
0
0
0
0
0
0
0
0
0
0
0
0
0
0
0
0
0
0
0
0
0
0
0
-3.6919
0
7.0783
0
0
0
0
0
0
0
0
0
0
0
0
0
0
0
0
0
0
0
0
0
0
0
0
0
0
0
0
0
0
0
0
0
0
0
0
0
0
0
0
0
0
0
0
0
0
0
0
0
0
0
0
0
0
0
0
0
0
0
0
0
0
0
0
0
0
0
0
0
0
0
0
0
0
0
0
0
0
0
0
0
0
0
0
0
0
0
0
0
0
0
0
-3.7258
0
0
0
0
0
0
0
0
0
0
0
0
0
0
0
0
0
0
0
0
0
0
0
0
0
0
0
0
0
0
0
0
7.1981
0
0
0
0
0
0
-3.4723
0
0
0
0
0
0
0
0
0
0
0
0
0
0
0
0
0
0
0
0
0
0
0
0
0
0
0
0
0
0
0
0
0
-2.445
0
0
0
0
0
0
0
0
0
0
0
0
0
0
0
0
0
0
0
0
0
0
0
0
0
0
0
0
0
0
0
0
0
0
0
0
0
0
0
0
0
0
0
0
0
0
0
0
0
0
0
0
0
0
0
0
0
0
-2.2532
0
0
0
0
0
0
0
0
0
0
0
0
0
0
0
0
0
0
0
0
0
0
0
0
0
4.6982
0
0
0
0
0
0
0
0
0
0
0
0
0
0
0
0
0
0
0
0
0
0
0
0
0
0
0
0
0
0
0
0
0
0
0
0
0
0
0
0
0
0
0
0
0
0
0
0
0
0
0
0
-3.409
0
0
0
0
0
0
0
0
0
0
0
0
0
0
0
0
0
0
0
0
0
0
0
0
0
0
0
0
0
0
0
0
0
0
0
0
0
0
0
0
0
0
0
0
0
0
0
0
0
0
0
0
0
0
0
0
0
0
0
0
0
0
0
0
0
0
0
0
0
0
0
0
7.0874
0
0
-3.6784
0
0
0
0
0
0
0
0
0
0
0
0
0
0
0
0
0
0
0
0
0
0
0
0
0
0
0
0
0
0
0
0
0
0
0
0
0
0
0
0
0
0
0
0
0
0
0
0
0
0
0
0
0
0
0
0
-3.0856
0
0
0
0
0
0
0
0
0
0
0
0
0
0
0
0
0
0
0
0
0
0
0
0
0
0
0
0
0
0
0
0
0
0
0
0
-2.6537
0
0
0
0
0
0
0
0
0
0
0
0
0
0
0
0
0
0
0
0
0
0
0
0
0
0
0
0
5.7393
0
0
0
0
0
0
0
0
0
0
0
0
0
0
0
0
0
0
0
0
0
0
0
0
0
0
0
0
0
0
0
0
0
0
0
0
0
0
0
0
0
0
0
0
0
0
0
0
0
0
0
0
0
0
0
0
0
0
0
0
0
0
0
0
0
0
0
0
0
0
0
0
0
0
-1.6226
0
0
0
0
0
0
0
0
0
0
0
0
0
0
0
0
0
0
0
0
0
0
0
0
0
0
0
0
0
0
0
0
0
0
-2.7856
0
0
0
0
0
0
0
0
0
0
0
0
0
0
0
4.4081
0
0
0
0
0
0
0
0
0
0
0
0
0
0
0
0
0
0
0
0
0
0
0
0
0
0
0
0
0
0
0
0
0
0
0
0
0
0
0
0
0
0
0
0
0
0
0
0
0
0
0
0
0
0
0
0
0
0
0
0
0
0
0
0
0
0
0
0
0
0
0
0
0
0
0
0
0
0
0
0
0
0
0
0
0
0
0
0
0
0
0
0
0
0
0
0
0
0
0
0
0
0
0
0
0
0
0
0
0
-2.721
0
0
0
0
0
0
0
0
0
0
0
0
-3.6784
0
0
6.3994
0
0
0
0
0
0
0
0
0
0
0
0
0
0
0
0
0
0
0
0
0
0
0
0
0
0
0
0
0
0
0
0
0
0
0
0
0
0
0
0
0
0
0
0
0
0
0
0
0
0
0
0
0
0
0
0
0
0
-2.5908
0
0
0
0
0
0
0
0
0
0
0
0
0
0
0
0
0
0
0
0
0
0
0
0
0
0
0
0
0
0
0
0
0
0
0
0
0
0
0
0
0
0
0
0
0
0
-2.5383
0
0
0
0
0
0
0
0
0
0
0
0
0
0
0
0
0
0
0
5.1291
0
0
0
0
0
0
0
0
0
0
0
0
0
0
0
0
0
0
0
0
0
0
0
0
0
0
0
0
0
0
0
0
0
0
0
0
0
0
0
0
0
0
0
0
0
0
0
0
0
0
0
0
0
0
0
0
0
0
0
0
0
0
0
0
0
0
0
0
0
0
0
0
0
0
0
0
0
0
0
0
0
0
0
0
0
0
0
0
0
0
0
0
0
0
0
0
0
0
0
0
0
-3.3333
0
0
0
0
0
0
0
0
0
0
0
0
0
0
0
0
-3.4723
0
0
0
0
0
0
6.8056
0
0
0
0
0
0
0
0
0
0
0
0
0
0
0
0
0
0
0
0
0
0
0
0
0
0
0
0
0
0
0
0
0
0
0
0
0
0
0
0
0
0
0
0
0
0
0
0
0
0
0
0
0
0
0
0
0
0
0
0
0
0
0
0
0
0
0
0
0
0
0
0
0
0
0
0
0
0
0
0
-2.1983
0
0
0
0
0
0
0
0
0
0
0
0
0
0
0
-2.3651
0
0
0
0
0
0
0
0
0
0
0
0
0
0
0
0
0
0
0
0
0
0
0
0
0
0
0
0
4.5634
0
0
0
0
0
0
0
0
0
0
0
0
0
0
0
0
0
0
0
0
0
0
0
0
0
0
0
0
0
0
0
0
0
0
0
0
0
0
0
0
0
0
0
0
0
0
0
0
0
0
0
0
0
0
0
0
0
0
0
0
0
-3.5679
0
0
0
0
0
0
0
0
0
0
0
0
0
0
0
0
0
0
0
0
0
0
0
0
-3.1963
0
0
0
0
0
0
0
0
0
0
0
0
0
0
0
0
0
0
0
0
0
0
0
0
0
0
0
0
0
0
0
0
0
0
0
0
0
0
6.7642
0
0
0
0
0
0
0
0
0
0
0
0
0
0
0
0
0
0
0
0
0
0
0
0
0
0
0
0
-6.8844
0
0
0
0
0
0
0
0
0
0
0
0
0
0
0
0
0
0
0
0
0
0
0
0
0
0
0
0
0
0
0
0
0
0
0
0
0
0
0
0
0
0
0
0
0
0
0
0
0
0
0
0
0
0
0
0
0
0
0
0
0
0
0
0
0
0
0
0
0
0
0
0
0
0
0
0
0
0
0
0
0
0
0
0
0
0
0
0
0
0
0
0
0
0
0
0
6.8844
0
0
0
0
0
0
0
0
0
0
0
0
0
0
0
0
0
0
0
0
0
0
0
0
0
0
0
0
0
0
0
0
0
0
0
0
0
0
0
0
0
0
0
0
0
0
0
0
0
0
0
0
0
0
0
0
0
0
0
0
0
0
0
0
0
0
0
0
0
0
0
0
0
0
0
0
0
0
0
0
0
0
0
0
0
0
0
0
0
0
0
0
0
0
0
0
0
0
0
0
0
0
0
0
0
0
-3.8477
0
0
0
0
0
0
0
0
0
0
0
0
0
0
0
0
0
0
3.8477
0
0
0
0
0
0
0
0
0
0
0
0
0
0
0
0
0
0
0
0
0
0
0
0
0
0
0
0
0
0
0
0
0
0
0
0
0
0
0
0
0
0
0
0
0
0
0
0
0
0
0
0
0
0
0
0
0
0
0
0
0
0
0
0
0
0
0
0
0
0
0
0
0
0
0
0
0
0
0
0
0
0
-3.5852
0
0
0
0
0
0
0
0
0
0
0
0
0
0
0
0
0
0
0
0
0
0
0
0
0
0
0
0
0
0
0
0
0
0
0
0
0
0
0
0
0
0
3.5852
0
0
0
0
0
0
0
0
0
0
0
0
0
0
0
0
0
0
0
0
0
0
0
0
0
0
0
0
0
0
0
0
0
0
0
0
0
0
0
0
0
0
0
0
0
0
0
0
0
0
0
0
0
0
0
0
0
0
0
0
0
0
0
0
0
0
0
0
0
0
0
0
0
0
0
0
0
0
-4.6519
0
0
0
0
0
0
0
0
0
0
0
0
0
0
0
0
0
0
0
0
0
0
0
0
0
0
0
0
0
0
0
0
0
0
0
0
0
0
0
0
0
0
0
0
0
0
4.6519
0
0
0
0
0
0
0
0
0
0
0
0
0
0
0
0
0
0
0
0
0
0
0
0
0
0
0
0
0
0
0
0
0
0
0
0
0
0
0
0
0
0
0
0
0
0
-5.836
0
0
0
0
0
0
0
0
0
0
0
0
0
0
0
0
0
0
0
0
0
0
0
0
0
0
0
0
0
0
0
0
0
0
0
0
0
0
0
0
0
0
0
0
0
0
0
0
0
0
0
0
0
0
0
0
0
0
0
0
0
0
0
0
0
0
0
0
0
0
0
0
0
0
0
0
0
0
5.836
0
0
0
0
0
0
0
0
0
0
0
0
0
0
0
0
0
0
0
0
0
0
0
0
0
0
0
0
0
0
0
0
0
0
0
-6.244
0
0
0
0
0
0
0
0
0
0
0
0
0
0
0
0
0
0
0
0
0
0
0
0
0
0
0
0
0
0
0
0
0
0
0
0
0
0
0
0
0
0
0
0
0
0
0
0
0
0
0
0
0
0
0
0
0
0
0
0
0
0
0
0
0
0
0
0
0
0
0
0
0
0
0
0
0
0
0
0
0
0
0
0
0
0
0
0
0
6.244
0
0
0
0
0
0
0
0
0
0
0
0
0
0
0
0
0
0
0
0
0
0
0
0
0
0
0
0
0
0
0
0
0
0
0
0
0
0
0
0
0
0
0
0
0
0
0
0
0
0
0
0
0
0
0
0
0
0
0
0
0
0
0
0
0
0
0
0
0
0
0
0
0
0
0
0
0
-4.4368
0
0
0
0
0
0
0
0
0
0
0
0
0
0
0
0
0
0
0
0
0
0
0
0
0
0
0
0
0
0
0
0
0
0
0
0
0
0
0
0
0
0
0
0
0
0
0
4.4368
0
0
0
0
0
0
0
0
0
0
0
0
0
0
0
0
0
0
0
0
-7.3786
0
0
0
0
0
0
0
0
0
0
0
0
0
0
0
0
0
0
0
0
0
0
0
0
0
0
0
0
0
0
0
0
0
0
0
0
0
0
0
0
0
0
0
0
0
0
0
0
0
0
0
0
0
0
0
0
0
0
0
0
0
0
0
0
0
0
0
0
0
0
0
0
0
0
0
0
0
0
0
0
0
0
0
0
0
0
0
0
0
0
0
0
0
0
0
0
0
0
0
0
0
0
0
0
7.3786
0
0
0
0
0
0
0
0
0
0
0
0
0
0
0
0
0
0
0
0
0
0
0
0
0
0
0
0
0
0
0
0
0
0
0
0
0
0
0
0
0
0
0
0
0
0
0
-5.2961
0
0
0
0
0
0
0
0
0
0
0
0
0
0
0
0
0
0
0
0
0
0
0
0
0
0
0
0
0
0
0
0
0
0
0
0
0
0
0
0
0
0
0
0
0
0
0
0
0
0
0
0
0
0
0
0
0
0
0
0
0
0
0
0
0
0
0
0
0
0
0
0
0
0
0
0
0
5.2961
0
0
0
0
0
0
0
0
0
0
0
0
0
0
0
0
0
0
0
0
0
0
0
0
0
0
0
0
0
0
0
0
0
0
0
0
0
0
0
0
0
0
0
0
0
0
0
0
0
0
0
0
0
0
0
0
0
0
0
0
0
0
0
0
0
0
0
0
0
0
0
0
0
0
0
0
0
0
0
0
0
0
0
0
0
0
0
0
0
0
0
0
0
-1.2844
0
0
0
0
0
0
0
0
0
0
0
0
0
0
0
0
0
0
0
0
0
0
0
0
0
0
0
0
0
0
0
1.2844
0
0
0
0
0
0
0
0
0
0
0
0
0
0
0
0
0
0
0
0
0
0
0
0
0
0
0
0
0
0
0
0
0
0
0
0
0
0
0
0
0
0
0
0
0
0
0
0
0
0
0
0
0
0
0
0
0
0
0
0
0
0
0
0
0
0
0
-4.5937
0
0
0
0
0
0
0
0
0
0
0
0
0
0
0
0
0
0
0
0
0
0
0
0
0
0
0
0
0
0
0
0
0
0
0
0
0
0
0
0
0
0
0
0
0
0
0
0
0
0
0
0
0
0
0
0
0
4.5937
0
0
0
0
0
0
0
0
0
0
0
0
0
0
0
0
0
0
0
0
0
0
0
0
0
0
0
0
0
0
0
0
0
0
0
0
0
0
0
0
0
0
0
0
0
0
0
0
0
0
0
0
0
0
0
0
0
0
0
0
0
0
0
0
0
0
0
0
0
0
0
0
-4.4368
0
0
0
0
0
0
0
0
0
0
0
0
0
0
0
0
0
0
0
0
0
0
0
0
0
0
0
0
0
0
0
0
0
0
0
0
0
0
0
0
0
0
0
0
0
0
0
0
0
0
0
0
4.4368
0
0
0
0
0
0
0
0
0
0
0
0
0
0
0
0
0
0
0
0
0
0
0
0
0
0
0
0
0
0
0
0
0
0
0
0
0
0
0
-5.8357
0
0
0
0
0
0
0
0
0
0
0
0
0
0
0
0
0
0
0
0
0
0
0
0
0
0
0
0
0
0
0
0
0
0
0
0
0
0
0
0
0
0
0
0
0
0
0
0
0
0
0
0
0
0
0
0
0
0
0
0
0
0
0
0
0
0
0
0
0
0
0
0
0
0
0
0
0
0
0
0
0
0
0
0
0
5.8357
0
0
0
0
0
0
0
0
0
0
0
0
0
0
0
0
0
0
0
0
0
0
0
0
0
0
0
0
0
0
0
0
0
0
0
0
0
0
0
0
0
0
0
0
0
0
0
0
0
0
0
0
0
0
0
0
0
0
0
0
0
0
0
0
0
0
0
0
0
0
0
0
0
0
0
0
0
0
0
0
0
0
0
0
0
0
0
0
0
0
0
0
-3.0495
0
0
0
0
0
0
0
0
0
0
0
0
0
0
0
0
0
0
0
0
0
0
0
0
0
0
0
0
0
0
0
0
3.0495
0
0
0
0
0
0
0
0
0
0
0
0
0
0
0
0
0
0
0
0
0
0
0
0
0
0
0
0
0
0
0
0
0
0
0
0
0
0
0
0
0
0
0
0
0
0
0
0
0
0
0
0
0
0
0
0
0
0
0
0
0
0
0
0
0
0
0
-4.6519
0
0
0
0
0
0
0
0
0
0
0
0
0
0
0
0
0
0
0
0
0
0
0
0
0
0
0
0
0
0
0
0
0
0
0
0
0
0
0
0
0
0
0
0
0
0
0
0
0
0
0
0
0
0
0
0
0
4.6519
0
0
0
0
0
0
0
0
0
0
0
-7.321
0
0
0
0
0
0
0
0
0
0
0
0
0
0
0
0
0
0
0
0
0
0
0
0
0
0
0
0
0
0
0
0
0
0
0
0
0
0
0
0
0
0
0
0
0
0
0
0
0
0
0
0
0
0
0
0
0
0
0
0
0
0
0
0
0
0
0
0
0
0
0
0
0
0
0
0
0
0
0
0
0
0
0
0
0
0
0
0
0
0
0
0
0
0
0
0
0
0
0
0
0
0
0
0
0
0
0
0
0
0
0
0
0
7.321
0
0
0
0
0
0
0
0
0
0
0
0
0
0
0
0
0
0
0
0
0
0
0
0
0
0
0
0
0
0
0
0
0
0
0
0
0
0
0
0
0
0
0
0
0
0
0
0
0
0
0
0
0
0
0
0
0
0
0
0
0
0
0
0
0
0
0
0
0
0
0
0
0
0
0
0
0
0
0
0
-3.371
0
0
0
0
0
0
0
0
0
0
0
0
0
0
0
0
0
0
0
0
0
0
0
0
0
0
0
0
0
0
0
0
0
0
0
0
0
0
0
0
0
0
0
0
3.371
0
0
0
0
0
0
0
0
0
0
0
0
0
0
0
0
0
0
0
0
0
0
0
0
0
0
0
0
0
0
0
0
0
0
0
0
0
0
0
0
0
0
0
0
0
0
0
0
0
0
0
0
0
0
0
0
0
0
0
0
0
0
0
0
0
0
0
0
0
0
0
0
0
0
0
0
-3.6609
0
0
0
0
0
0
0
0
0
0
0
0
0
0
0
0
0
0
0
0
0
0
0
0
0
0
0
0
0
0
0
0
0
0
0
0
0
0
0
0
0
0
0
0
0
0
0
0
3.6609
0
0
0
0
0
0
0
0
0
0
0
0
0
0
0
0
0
0
0
0
0
0
0
0
0
0
0
0
0
0
0
0
0
0
0
0
0
0
0
0
0
0
0
0
0
0
0
0
0
0
0
0
0
0
0
0
0
0
0
0
0
0
0
0
-4.3703
0
0
0
0
0
0
0
0
0
0
0
0
0
0
0
0
0
0
0
0
0
0
0
0
0
0
0
0
0
0
0
0
0
0
0
0
0
0
0
0
0
0
0
0
0
0
0
0
0
0
0
0
0
0
0
0
0
0
0
0
4.3703
0
0
0
0
0
0
0
0
0
0
-6.9728
0
0
0
0
0
0
0
0
0
0
0
0
0
0
0
0
0
0
0
0
0
0
0
0
0
0
0
0
0
0
0
0
0
0
0
0
0
0
0
0
0
0
0
0
0
0
0
0
0
0
0
0
0
0
0
0
0
0
0
0
0
0
0
0
0
0
0
0
0
0
0
0
0
0
0
0
0
0
0
0
0
0
0
0
0
0
0
0
0
0
0
0
0
0
0
0
0
0
0
0
0
0
0
0
0
0
0
0
0
0
0
0
0
0
6.9728
0
0
0
0
0
0
0
0
0
0
0
0
0
0
0
0
0
0
0
0
0
0
0
0
0
0
0
0
0
0
0
0
0
0
0
0
0
0
0
0
0
0
0
0
0
0
0
0
0
0
0
0
0
0
0
0
0
0
0
0
0
0
0
0
0
0
0
0
0
0
0
0
0
0
0
0
0
0
0
-0.48896
0
0
0
0
0
0
0
0
0
0
0
0
0
0
0
0
0
0
0
0
0
0
0
0
0
0
0
0
0
0
0
0
0
0
0
0
0
0
0
0
0
0
0
0
0
0.48896
0
0
0
0
0
0
0
0
0
0
0
0
0
0
0
0
0
0
0
0
0
0
0
0
0
0
0
0
0
0
0
0
0
0
0
0
0
0
0
0
0
0
0
0
0
0
0
0
0
0
0
0
0
0
0
0
0
0
0
0
0
0
0
0
0
0
0
0
0
0
0
0
0
0
0
0
0
0
0
0
0
0
0
0
0
0
0
0
-3.3216
0
0
0
0
0
0
0
0
0
0
0
0
0
0
0
0
0
0
0
0
0
0
0
0
0
0
0
0
0
0
0
0
0
0
0
0
3.3216
0
0
0
0
0
0
0
0
0
0
0
0
0
0
0
0
0
0
0
0
0
0
0
0
0
0
0
0
0
0
0
0
0
0
0
0
0
0
0
0
0
0
0
0
0
0
0
0
0
0
0
0
0
0
0
0
0
0
0
0
0
0
0
0
0
0
0
0
0
0
0
0
0
0
-3.371
0
0
0
0
0
0
0
0
0
0
0
0
0
0
0
0
0
0
0
0
0
0
0
0
0
0
0
0
0
0
0
0
0
0
0
0
0
0
0
0
0
0
0
0
0
0
0
0
0
0
3.371
0
0
0
0
0
0
0
0
0
0
0
0
0
0
0
0
0
0
0
0
-6.2439
0
0
0
0
0
0
0
0
0
0
0
0
0
0
0
0
0
0
0
0
0
0
0
0
0
0
0
0
0
0
0
0
0
0
0
0
0
0
0
0
0
0
0
0
0
0
0
0
0
0
0
0
0
0
0
0
0
0
0
0
0
0
0
0
0
0
0
0
0
0
0
0
0
0
0
0
0
0
0
0
0
0
0
0
0
0
0
0
0
0
0
0
0
0
0
0
0
0
0
0
0
0
0
0
6.2439
0
0
0
0
0
0
0
0
0
0
0
0
0
0
0
0
0
0
0
0
0
0
0
0
0
0
0
0
0
0
0
0
0
0
0
0
0
0
0
0
0
0
0
0
0
0
0
0
0
0
0
0
0
0
0
0
0
0
0
0
0
0
0
0
0
0
0
0
0
0
0
-3.7237
0
0
0
0
0
0
0
0
0
0
0
0
0
0
0
0
0
0
0
0
0
0
0
0
0
0
0
0
0
0
0
0
0
0
0
0
0
0
0
0
0
0
0
0
0
0
0
0
0
0
0
0
0
3.7237
0
0
0
0
0
0
0
0
0
0
0
0
0
0
0
0
0
0
0
0
0
0
0
0
0
0
0
0
0
0
0
0
0
0
0
0
0
0
0
0
0
0
0
0
0
0
0
0
0
0
0
0
0
0
0
0
0
0
0
0
0
0
0
0
0
0
0
0
0
0
0
0
0
0
0
0
-3.1854
0
0
0
0
0
0
0
0
0
0
0
0
0
0
0
0
0
0
0
0
0
0
0
0
0
0
0
0
0
0
0
0
0
0
0
0
0
0
0
0
0
0
0
0
0
0
0
0
3.1854
