75.9608
-0.92456
-0.91248
-0.91407
-0.90913
-0.91151
-0.90781
-0.90612
-0.90197
-0.9049
-0.90105
-0.90938
-0.89417
-0.89416
-0.92948
-0.91385
-0.8883
-0.92948
-0.9031
-0.89374
-0.89374
-0.89703
-0.89153
-0.88847
-0.89897
-0.89896
-0.90456
-0.88251
-0.88406
-0.88876
-0.89147
-0.88497
-0.89148
-0.88193
-0.89604
-0.88192
-0.88136
-0.88121
-0.89216
-0.89521
-0.88678
-0.8777
-0.87982
-0.88831
-0.8752
-0.87521
-0.89027
-0.89099
-0.8935
-0.88107
-0.86741
-0.9033
-0.89203
-0.86754
-0.89109
-0.91738
-0.91861
-0.92269
-0.91385
-0.95379
-0.94783
-0.93335
-0.96718
-0.97433
-1.0247
-1.1785
-1.1319
-1.2437
-1.3334
-1.7054
0
-1.9844
0
0
0
-2.1578
0
0
0
0
0
0
0
0
0
0
0
0
0
0
0
0
0
0
0
0
0
0
0
0
0
0
0
0
0
0
0
0
0
0
0
0
0
0
-7.4362
0
0
0
0
0
0
0
0
0
0
-0.92456
74.3206
-0.90854
-0.90995
-0.90677
-0.90839
-0.90469
-0.90303
-0.8989
-0.90185
-0.89779
-0.90577
-0.89085
-0.89084
-0.92624
-0.91022
-0.88502
-0.92624
-0.89977
-0.89044
-0.89046
-0.8954
-0.88823
-0.88559
-0.89586
-0.89586
-0.9014
-0.87918
-0.88155
-0.88555
-0.88819
-0.8796
-0.88818
-0.87866
-0.89302
-0.87867
-0.87807
-0.88005
-0.88871
-0.89194
-0.88489
-0.87447
-0.87644
-0.88768
-0.87198
-0.87198
-0.88697
-0.88788
-0.8903
-0.87781
-0.86411
-0.89987
-0.88819
-0.86419
-0.88751
-0.91357
-0.91509
-0.9187
-0.91068
-0.95081
-0.9441
-0.92962
-0.96337
-0.97085
-1.0207
-1.1744
-1.1424
-1.2384
-1.3289
0
0
-1.9775
0
-2.3669
0
0
0
0
0
0
0
0
0
0
0
0
0
0
0
0
0
0
0
0
0
0
0
0
0
0
0
0
0
0
0
0
-7.5063
0
0
0
0
0
0
0
0
0
0
0
0
0
0
0
0
0
0
-0.91248
-0.90854
70.7271
-0.89965
-0.89708
-0.89833
-0.89501
-0.89309
-0.88889
-0.89182
-0.88793
-0.89558
-0.88107
-0.88106
-0.91533
-0.89973
-0.87519
-0.91532
-0.88995
-0.8806
-0.88061
-0.88385
-0.87842
-0.87552
-0.88554
-0.88551
-0.89131
-0.86931
-0.8718
-0.87547
-0.87838
-0.87171
-0.87838
-0.86889
-0.88231
-0.86888
-0.86828
-0.86835
-0.87868
-0.8821
-0.87506
-0.86469
-0.86667
-0.87806
-0.86221
-0.86221
-0.87708
-0.87807
-0.88053
-0.86802
-0.85434
-0.88987
-0.87784
-0.85444
-0.87781
-0.9035
-0.90514
-0.9081
-0.90084
-0.9386
-0.93447
-0.92002
-0.95375
-0.96048
-1.0109
-1.165
-1.1195
-1.2282
-1.3192
0
0
-1.9735
0
0
0
0
0
0
0
0
0
0
0
0
0
0
0
0
0
0
0
0
0
0
0
0
0
0
0
-6.9691
0
0
0
0
0
0
0
0
0
0
0
0
0
0
0
0
0
0
0
0
0
0
0
0
0
-0.91407
-0.90995
-0.89965
70.5364
-0.89764
-0.89748
-0.89569
-0.8923
-0.88811
-0.89102
-0.88719
-0.89485
-0.88027
-0.88025
-0.91439
-0.89908
-0.87438
-0.9144
-0.88929
-0.87979
-0.87979
-0.8831
-0.8777
-0.87472
-0.88448
-0.88447
-0.89033
-0.86854
-0.87098
-0.87464
-0.87757
-0.87095
-0.87756
-0.86809
-0.88157
-0.86809
-0.8675
-0.86751
-0.87644
-0.88133
-0.87436
-0.86392
-0.86658
-0.87755
-0.86146
-0.86146
-0.87634
-0.87734
-0.87969
-0.86725
-0.85357
-0.88887
-0.87711
-0.85369
-0.8771
-0.90087
-0.90501
-0.90675
-0.89964
-0.9379
-0.93375
-0.9193
-0.95303
-0.95937
-1.0099
-1.1642
-1.1184
-1.2295
-1.3179
0
0
0
0
0
0
0
0
-1.7396
0
0
0
0
0
0
0
0
0
0
0
0
0
0
0
0
0
0
0
0
0
0
0
0
0
0
0
0
0
0
0
0
0
0
0
0
0
0
0
0
-7.0597
0
0
0
0
0
0
-0.90913
-0.90677
-0.89708
-0.89764
65.6145
-0.90076
-0.89684
-0.89506
-0.89084
-0.89384
-0.89003
-0.89517
-0.88301
-0.883
-0.91814
-0.9011
-0.87711
-0.91814
-0.89223
-0.88262
-0.88261
-0.88654
-0.88056
-0.87783
-0.8878
-0.88778
-0.89365
-0.87151
-0.87408
-0.87839
-0.88036
-0.87429
-0.88036
-0.87084
-0.88543
-0.87084
-0.87022
-0.87069
-0.88102
-0.88415
-0.87609
-0.8667
-0.86915
-0.88029
-0.86419
-0.86419
-0.87942
-0.88017
-0.88248
-0.87002
-0.85629
-0.89267
-0.87599
-0.85643
-0.8803
-0.90737
-0.90798
-0.91115
-0.90374
-0.94309
-0.93641
-0.92192
-0.95561
-0.96359
-1.0141
-1.1677
-1.1237
-1.2343
-1.3253
-1.7059
0
-1.9808
0
0
0
0
0
0
0
0
0
0
0
0
0
0
0
0
0
0
0
0
0
0
0
0
0
0
0
0
0
0
0
0
0
0
0
0
0
0
0
0
0
0
0
0
0
0
0
0
0
0
0
0
0
-0.91151
-0.90839
-0.89833
-0.89748
-0.90076
64.4446
-0.89826
-0.89518
-0.89094
-0.894
-0.89023
-0.89531
-0.88317
-0.88317
-0.91842
-0.9013
-0.8774
-0.91841
-0.89267
-0.88295
-0.88296
-0.88683
-0.88099
-0.87816
-0.88769
-0.88767
-0.89367
-0.87172
-0.87431
-0.87838
-0.8807
-0.87465
-0.88071
-0.87119
-0.88567
-0.8712
-0.87057
-0.87098
-0.88129
-0.88454
-0.87759
-0.86707
-0.86926
-0.88084
-0.86458
-0.86456
-0.87963
-0.88066
-0.88273
-0.87042
-0.85666
-0.89308
-0.87604
-0.85678
-0.88045
-0.90678
-0.90867
-0.91063
-0.90415
-0.94322
-0.93703
-0.92252
-0.95624
-0.96332
-1.004
-1.1687
-1.1241
-1.2342
-1.3256
0
0
0
0
0
0
0
0
0
0
0
0
0
0
0
0
0
0
0
0
0
-2.5032
0
0
0
0
0
0
0
0
0
0
0
0
0
0
0
0
0
0
0
0
0
0
0
0
0
0
0
0
0
0
0
0
0
0
-0.90781
-0.90469
-0.89501
-0.89569
-0.89684
-0.89826
63.7621
-0.89287
-0.88861
-0.89169
-0.88788
-0.89295
-0.88085
-0.88083
-0.91627
-0.89896
-0.87492
-0.91626
-0.89014
-0.88046
-0.88047
-0.88449
-0.87849
-0.87573
-0.88574
-0.88572
-0.89151
-0.8694
-0.87198
-0.87644
-0.8782
-0.87217
-0.87819
-0.86868
-0.88339
-0.86868
-0.86805
-0.86857
-0.87886
-0.88199
-0.87502
-0.86453
-0.86694
-0.87829
-0.86203
-0.86203
-0.87728
-0.87811
-0.88035
-0.86785
-0.85413
-0.89056
-0.87377
-0.85423
-0.87787
-0.90522
-0.90595
-0.9091
-0.90173
-0.94085
-0.93414
-0.91965
-0.95331
-0.96135
-1.0118
-1.1653
-1.1214
-1.2314
-1.323
0
0
-1.9771
0
0
0
0
0
0
0
0
0
0
0
0
0
0
0
0
0
0
0
0
0
0
0
0
0
0
0
0
0
0
0
0
0
0
0
0
0
0
0
0
0
0
0
0
0
0
0
0
0
0
0
0
0
-0.90612
-0.90303
-0.89309
-0.8923
-0.89506
-0.89518
-0.89287
61.5708
-0.88527
-0.8885
-0.88456
-0.88949
-0.87755
-0.87754
-0.91321
-0.89555
-0.87161
-0.91321
-0.88688
-0.87721
-0.8772
-0.88116
-0.8752
-0.87246
-0.8824
-0.88238
-0.88809
-0.86608
-0.8687
-0.87316
-0.87494
-0.86891
-0.87494
-0.86541
-0.87993
-0.86541
-0.86476
-0.86521
-0.8757
-0.87871
-0.87176
-0.86126
-0.86364
-0.87498
-0.85873
-0.85875
-0.87395
-0.87486
-0.87694
-0.86457
-0.85084
-0.88723
-0.87035
-0.85096
-0.87475
-0.902
-0.9029
-0.90568
-0.89851
-0.93747
-0.93086
-0.91637
-0.94999
-0.95802
-1.0085
-1.162
-1.1177
-1.2282
-1.32
0
0
0
0
0
0
0
0
0
0
0
0
0
0
0
0
0
0
0
0
0
0
0
0
0
0
0
0
0
0
0
0
0
0
0
0
0
0
0
0
0
0
0
0
0
0
0
0
0
0
0
0
0
0
0
0
-0.90197
-0.8989
-0.88889
-0.88811
-0.89084
-0.89094
-0.88861
-0.88527
59.9435
-0.88434
-0.87971
-0.88481
-0.87291
-0.8729
-0.90844
-0.89081
-0.86693
-0.90843
-0.88224
-0.87255
-0.87255
-0.87642
-0.87055
-0.86778
-0.87776
-0.87774
-0.88333
-0.86139
-0.86402
-0.86863
-0.87027
-0.86424
-0.87027
-0.86075
-0.87521
-0.86075
-0.86007
-0.8605
-0.871
-0.87397
-0.86705
-0.85656
-0.85897
-0.87026
-0.85406
-0.85405
-0.86925
-0.87013
-0.8722
-0.85985
-0.84614
-0.8825
-0.86582
-0.84627
-0.87004
-0.89736
-0.89817
-0.90091
-0.89375
-0.93268
-0.92604
-0.91154
-0.94513
-0.95327
-1.0037
-1.1569
-1.1129
-1.2233
0
0
0
0
0
0
0
0
0
0
0
0
0
0
0
0
0
0
0
0
0
0
0
0
0
0
0
0
0
0
0
0
0
0
0
0
0
0
0
0
0
0
0
0
0
0
0
0
0
0
0
0
0
0
0
0
0
-0.9049
-0.90185
-0.89182
-0.89102
-0.89384
-0.894
-0.89169
-0.8885
-0.88434
58.8972
-0.88272
-0.88733
-0.87502
-0.87501
-0.91063
-0.89371
-0.86931
-0.91063
-0.88488
-0.87511
-0.87512
-0.87996
-0.87314
-0.87036
-0.88083
-0.88082
-0.88611
-0.86395
-0.86664
-0.8719
-0.87288
-0.86689
-0.87288
-0.86335
-0.87805
-0.86335
-0.86268
-0.86314
-0.87365
-0.8766
-0.8697
-0.85919
-0.86154
-0.8729
-0.85667
-0.85667
-0.87186
-0.87282
-0.87484
-0.86248
-0.84872
-0.88523
-0.86847
-0.84889
-0.87266
-0.90015
-0.90077
-0.90386
-0.89659
-0.93546
-0.92881
-0.91431
-0.9479
-0.95608
-1.0065
-1.1602
-1.1153
0
0
0
0
0
0
0
0
0
0
0
0
0
0
0
0
0
0
0
0
0
0
0
0
0
0
0
0
0
0
0
0
0
0
0
0
0
0
0
0
0
0
0
0
0
0
0
0
0
0
0
0
0
0
0
0
0
0
-0.90105
-0.89779
-0.88793
-0.88719
-0.89003
-0.89023
-0.88788
-0.88456
-0.87971
-0.88272
60.3868
-0.88329
-0.87136
-0.87137
-0.90692
-0.88908
-0.86543
-0.90691
-0.88035
-0.87103
-0.87105
-0.86995
-0.86882
-0.86623
-0.876
-0.87598
-0.88172
-0.85969
-0.86238
-0.86683
-0.86874
-0.86256
-0.86874
-0.8592
-0.87343
-0.85922
-0.85852
-0.85928
-0.86945
-0.87243
-0.86547
-0.85503
-0.85755
-0.86833
-0.85253
-0.85252
-0.86748
-0.86849
-0.87061
-0.85833
-0.84462
-0.88095
-0.86435
-0.84475
-0.86824
-0.89598
-0.89626
-0.89949
-0.89211
-0.93129
-0.92473
-0.91027
-0.94387
-0.95204
-1.0026
-1.1559
0
0
0
0
0
0
0
0
0
0
0
0
0
0
0
-2.878
0
0
0
0
0
0
0
0
0
0
0
0
0
0
0
0
0
0
0
0
0
0
0
0
0
0
0
0
0
0
0
0
0
0
0
0
0
0
0
0
0
0
0
-0.90938
-0.90577
-0.89558
-0.89485
-0.89517
-0.89531
-0.89295
-0.88949
-0.88481
-0.88733
-0.88329
60.872
-0.8763
-0.8763
-0.91224
-0.89402
-0.86983
-0.91223
-0.88507
-0.87541
-0.8754
-0.87962
-0.87334
-0.87066
-0.88119
-0.88116
-0.8858
-0.86428
-0.86682
-0.87173
-0.87299
-0.86739
-0.87299
-0.86343
-0.878
-0.86343
-0.86274
-0.86378
-0.87454
-0.87724
-0.87035
-0.85981
-0.86205
-0.87358
-0.85734
-0.85733
-0.87266
-0.87347
-0.87478
-0.86311
-0.84945
-0.88598
-0.84241
-0.84947
-0.87319
-0.90079
-0.9013
-0.90505
-0.89753
-0.93774
-0.92948
-0.91499
-0.94868
-0.95801
-1.0076
0
0
0
0
0
0
0
0
0
0
0
0
0
0
0
0
0
0
0
0
-4.2239
0
0
0
0
0
0
0
0
0
0
0
0
0
0
0
0
0
0
0
0
0
0
0
0
0
0
0
0
0
0
0
0
0
0
0
0
0
0
0
-0.89417
-0.89085
-0.88107
-0.88027
-0.88301
-0.88317
-0.88085
-0.87755
-0.87291
-0.87502
-0.87136
-0.8763
57.0654
-0.86029
-0.89935
-0.88251
-0.85825
-0.89935
-0.87315
-0.86417
-0.86417
-0.87069
-0.86203
-0.85943
-0.87
-0.86998
-0.87448
-0.85285
-0.85553
-0.86119
-0.86185
-0.85567
-0.86184
-0.85232
-0.86614
-0.85231
-0.85159
-0.85245
-0.86239
-0.86544
-0.85854
-0.84809
-0.85042
-0.86162
-0.84558
-0.84559
-0.86066
-0.86165
-0.86363
-0.85134
-0.83763
-0.87392
-0.85727
-0.8378
-0.86139
-0.88861
-0.8893
-0.89235
-0.88529
-0.92398
-0.91749
-0.90303
-0.93651
-0.94458
-0.99494
-1.1482
0
0
0
0
0
0
0
0
0
0
0
0
0
0
0
0
0
0
0
0
0
0
0
0
0
0
0
0
0
0
0
0
0
0
0
0
0
0
0
0
0
0
0
0
0
0
0
0
0
0
0
0
0
0
0
0
0
0
0
-0.89416
-0.89084
-0.88106
-0.88025
-0.883
-0.88317
-0.88083
-0.87754
-0.8729
-0.87501
-0.87137
-0.8763
-0.86029
57.0649
-0.89936
-0.88251
-0.85825
-0.89934
-0.87314
-0.86416
-0.86416
-0.87069
-0.86202
-0.85942
-0.86999
-0.86998
-0.87448
-0.85284
-0.85552
-0.86119
-0.86184
-0.85566
-0.86184
-0.85231
-0.86612
-0.85231
-0.85158
-0.85243
-0.86238
-0.86543
-0.85852
-0.84808
-0.85042
-0.8616
-0.84558
-0.84557
-0.86063
-0.86165
-0.86362
-0.85133
-0.83762
-0.87391
-0.85726
-0.8378
-0.86137
-0.8886
-0.8893
-0.89234
-0.88527
-0.92397
-0.91748
-0.90302
-0.93652
-0.94457
-0.99492
-1.1482
0
0
0
0
0
0
0
0
0
0
0
0
0
0
0
0
0
0
0
0
0
0
0
0
0
0
0
0
0
0
0
0
0
0
0
0
0
0
0
0
0
0
0
0
0
0
0
0
0
0
0
0
0
0
0
0
0
0
0
-0.92948
-0.92624
-0.91533
-0.91439
-0.91814
-0.91842
-0.91627
-0.91321
-0.90844
-0.91063
-0.90692
-0.91224
-0.89935
-0.89936
62.428
-0.91634
-0.89263
-0.93552
-0.90755
-0.89804
-0.89804
-0.90256
-0.89591
-0.8932
-0.90391
-0.9039
-0.90932
-0.88673
-0.88927
-0.89358
-0.89573
-0.88955
-0.89573
-0.88616
-0.90087
-0.88616
-0.88556
-0.88654
-0.89652
-0.89956
-0.89257
-0.882
-0.88406
-0.89555
-0.87945
-0.87944
-0.89468
-0.89567
-0.89781
-0.88535
-0.87152
-0.90753
-0.89281
-0.87165
-0.89528
-0.92163
-0.92292
-0.92516
-0.91881
-0.95908
-0.95211
-0.93752
-0.97137
0
0
0
0
0
0
0
0
0
0
0
0
0
0
0
0
0
0
0
0
0
0
0
0
0
0
0
0
0
0
0
0
0
0
0
0
0
0
0
0
0
-6.3567
0
0
0
0
0
0
0
0
0
0
0
0
0
0
0
0
0
0
0
0
-0.91385
-0.91022
-0.89973
-0.89908
-0.9011
-0.9013
-0.89896
-0.89555
-0.89081
-0.89371
-0.88908
-0.89402
-0.88251
-0.88251
-0.91634
59.06
-0.87553
-0.91633
-0.89098
-0.88128
-0.88128
-0.88792
-0.87932
-0.87653
-0.88768
-0.88769
-0.89283
-0.87007
-0.87269
-0.8787
-0.87899
-0.87333
-0.87899
-0.86983
-0.88442
-0.86983
-0.86918
-0.86996
-0.88018
-0.88315
-0.87624
-0.86566
-0.86781
-0.87944
-0.86318
-0.86318
-0.87831
-0.87884
-0.8812
-0.86909
-0.85532
-0.89152
-0.87546
-0.85537
-0.87895
-0.90606
-0.90694
-0.88975
-0.90301
-0.94236
-0.93582
-0.92128
-0.95507
0
0
0
0
0
0
0
0
0
0
0
0
0
0
0
0
0
0
0
0
0
0
0
0
-4.0146
0
0
0
0
0
0
0
0
0
0
0
0
0
0
0
0
0
0
0
0
0
0
0
0
0
0
0
0
0
0
0
0
0
0
0
0
0
-0.8883
-0.88502
-0.87519
-0.87438
-0.87711
-0.8774
-0.87492
-0.87161
-0.86693
-0.86931
-0.86543
-0.86983
-0.85825
-0.85825
-0.89263
-0.87553
54.5303
-0.89262
-0.86676
-0.85865
-0.85866
-0.86205
-0.85585
-0.85314
-0.86194
-0.86192
-0.86847
-0.84647
-0.84921
-0.85092
-0.85563
-0.84933
-0.85562
-0.84605
-0.86088
-0.84603
-0.84526
-0.84612
-0.85604
-0.85911
-0.85222
-0.84178
-0.84414
-0.85529
-0.83927
-0.83927
-0.85434
-0.8554
-0.85728
-0.84499
-0.83128
-0.86757
-0.85102
-0.83149
-0.85505
-0.88243
-0.88308
-0.88597
-0.87896
-0.91732
-0.91091
-0.89645
-0.92987
-0.93804
0
0
0
0
0
0
0
0
0
0
0
0
0
0
0
0
0
0
0
0
0
0
0
0
0
0
0
0
0
0
0
0
0
0
0
0
0
0
0
0
0
0
0
0
0
0
0
0
0
0
0
0
0
0
0
0
0
0
0
0
0
-0.92948
-0.92624
-0.91532
-0.9144
-0.91814
-0.91841
-0.91626
-0.91321
-0.90843
-0.91063
-0.90691
-0.91223
-0.89935
-0.89934
-0.93552
-0.91633
-0.89262
62.4276
-0.90754
-0.89803
-0.89805
-0.90254
-0.89591
-0.8932
-0.9039
-0.90389
-0.90932
-0.88673
-0.88928
-0.89358
-0.89573
-0.88954
-0.89572
-0.88615
-0.90088
-0.88615
-0.88556
-0.88653
-0.89652
-0.89956
-0.89255
-0.882
-0.88407
-0.89555
-0.87943
-0.87944
-0.89467
-0.89566
-0.89781
-0.88534
-0.87151
-0.90754
-0.8928
-0.87165
-0.89527
-0.92163
-0.92291
-0.92516
-0.91881
-0.95907
-0.9521
-0.93751
-0.97137
0
0
0
0
0
0
0
0
0
0
0
0
0
0
0
0
0
0
0
0
0
0
0
0
0
0
0
0
0
0
0
0
0
0
0
0
0
0
0
0
0
0
0
0
0
0
0
0
0
0
0
0
0
0
0
0
0
0
0
-6.3566
0
0
-0.9031
-0.89977
-0.88995
-0.88929
-0.89223
-0.89267
-0.89014
-0.88688
-0.88224
-0.88488
-0.88035
-0.88507
-0.87315
-0.87314
-0.90755
-0.89098
-0.86676
-0.90754
57.9846
-0.87256
-0.87257
-0.87889
-0.86923
-0.86763
-0.87833
-0.87831
-0.88338
-0.86121
-0.8639
-0.86967
-0.87026
-0.86394
-0.87027
-0.86071
-0.87339
-0.86071
-0.85998
-0.86074
-0.87102
-0.87386
-0.86688
-0.85646
-0.85913
-0.86403
-0.85394
-0.85394
-0.86903
-0.87008
-0.8719
-0.85972
-0.84612
-0.8824
-0.86604
-0.84631
-0.8697
-0.89779
-0.89821
-0.9012
-0.89391
-0.93262
-0.9266
-0.91207
-0.94575
0
0
0
0
0
0
0
0
0
0
0
0
0
0
0
0
0
0
0
0
0
0
0
0
0
0
0
0
-3.4846
0
0
0
0
0
0
0
0
0
0
0
0
0
0
0
0
0
0
0
0
0
0
0
0
0
0
0
0
0
0
0
0
0
-0.89374
-0.89044
-0.8806
-0.87979
-0.88262
-0.88295
-0.88046
-0.87721
-0.87255
-0.87511
-0.87103
-0.87541
-0.86417
-0.86416
-0.89804
-0.88128
-0.85865
-0.89803
-0.87256
52.9864
-0.86078
-0.86686
-0.86017
-0.8577
-0.86719
-0.86718
-0.87586
-0.85118
-0.85395
-0.85636
-0.86069
-0.85434
-0.86068
-0.85112
-0.87011
-0.85113
-0.85047
-0.85142
-0.86142
-0.8644
-0.85754
-0.84701
-0.84945
-0.86071
-0.8445
-0.8445
-0.85965
-0.86073
-0.86263
-0.85025
-0.83648
-0.87296
-0.85647
-0.83675
-0.86052
-0.88823
-0.88879
-0.8918
-0.88446
-0.92273
-0.9165
-0.90194
0
0
0
0
0
0
0
0
0
0
0
0
0
0
0
0
0
0
0
0
0
0
0
0
0
0
0
0
0
0
0
0
0
0
0
0
0
0
0
0
0
0
0
0
0
0
0
0
0
0
0
0
0
0
0
0
0
0
0
0
0
0
0
-0.89374
-0.89046
-0.88061
-0.87979
-0.88261
-0.88296
-0.88047
-0.8772
-0.87255
-0.87512
-0.87105
-0.8754
-0.86417
-0.86416
-0.89804
-0.88128
-0.85866
-0.89805
-0.87257
-0.86078
52.9866
-0.86685
-0.86017
-0.85772
-0.86718
-0.86718
-0.87587
-0.85119
-0.85395
-0.85636
-0.86069
-0.85434
-0.86069
-0.85113
-0.8701
-0.85114
-0.85046
-0.85142
-0.86142
-0.8644
-0.85755
-0.84702
-0.84945
-0.86071
-0.8445
-0.8445
-0.85965
-0.86073
-0.86263
-0.85025
-0.8365
-0.87296
-0.85646
-0.83675
-0.86052
-0.88824
-0.8888
-0.8918
-0.88447
-0.92273
-0.9165
-0.90194
0
0
0
0
0
0
0
0
0
0
0
0
0
0
0
0
0
0
0
0
0
0
0
0
0
0
0
0
0
0
0
0
0
0
0
0
0
0
0
0
0
0
0
0
0
0
0
0
0
0
0
0
0
0
0
0
0
0
0
0
0
0
0
-0.89703
-0.8954
-0.88385
-0.8831
-0.88654
-0.88683
-0.88449
-0.88116
-0.87642
-0.87996
-0.86995
-0.87962
-0.87069
-0.87069
-0.90256
-0.88792
-0.86205
-0.90254
-0.87889
-0.86686
-0.86685
58.473
-0.86383
-0.86056
-0.87187
-0.87186
-0.87622
-0.85269
-0.85726
-0.86221
-0.86402
-0.85784
-0.86403
-0.85441
-0.86796
-0.8544
-0.85364
-0.84988
-0.85856
-0.86745
-0.86041
-0.8501
-0.8525
-0.86279
-0.8476
-0.8476
-0.85984
-0.8637
-0.86538
-0.85336
-0.83964
-0.87532
-0.85938
-0.84004
-0.86448
-0.89007
-0.88955
-0.8935
-0.88732
0
0
0
0
0
0
0
0
0
0
0
0
0
0
0
0
0
0
0
0
0
-2.434
-2.8607
0
0
-2.7537
0
0
0
0
0
0
0
0
0
0
0
0
0
0
0
0
0
0
0
0
0
0
0
0
0
0
0
0
0
0
0
0
0
0
0
0
0
0
0
0
-0.89153
-0.88823
-0.87842
-0.8777
-0.88056
-0.88099
-0.87849
-0.8752
-0.87055
-0.87314
-0.86882
-0.87334
-0.86203
-0.86202
-0.89591
-0.87932
-0.85585
-0.89591
-0.86923
-0.86017
-0.86017
-0.86383
52.7338
-0.85556
-0.86413
-0.86412
-0.87383
-0.84879
-0.85155
-0.85358
-0.85845
-0.85177
-0.85845
-0.84872
-0.8608
-0.84872
-0.84796
-0.84867
-0.85872
-0.86183
-0.85484
-0.84447
-0.84711
-0.85633
-0.84191
-0.8419
-0.85698
-0.85803
-0.8598
-0.84763
-0.83388
-0.87021
-0.85409
-0.83415
-0.85768
-0.88569
-0.8862
-0.88923
-0.88183
0
0
0
0
0
0
0
0
0
0
0
0
0
0
0
0
0
0
0
-2.6347
0
0
0
0
0
0
0
0
0
0
0
0
0
0
0
0
0
0
0
0
0
0
0
0
0
0
0
0
0
0
0
0
0
0
0
0
0
0
0
0
0
0
0
0
0
0
-0.88847
-0.88559
-0.87552
-0.87472
-0.87783
-0.87816
-0.87573
-0.87246
-0.86778
-0.87036
-0.86623
-0.87066
-0.85943
-0.85942
-0.8932
-0.87653
-0.85314
-0.8932
-0.86763
-0.8577
-0.85772
-0.86056
-0.85556
51.4463
-0.86173
-0.8617
-0.8696
-0.8455
-0.84825
-0.85137
-0.85613
-0.84844
-0.85613
-0.84628
-0.86224
-0.84628
-0.84552
-0.8454
-0.85615
-0.85941
-0.85246
-0.84202
-0.84445
-0.85506
-0.83948
-0.83948
-0.85449
-0.85565
-0.85742
-0.84519
-0.83143
-0.86765
-0.85151
-0.83175
-0.85507
-0.88245
-0.8832
-0.88595
-0.87894
0
0
0
0
0
0
0
0
0
0
0
0
0
0
0
0
0
0
0
0
-1.4949
0
0
0
0
0
0
0
0
0
0
0
0
0
0
0
0
0
0
0
0
0
0
0
0
0
0
0
0
0
0
0
0
0
0
0
0
0
0
0
0
0
0
0
0
0
-0.89897
-0.89586
-0.88554
-0.88448
-0.8878
-0.88769
-0.88574
-0.8824
-0.87776
-0.88083
-0.876
-0.88119
-0.87
-0.86999
-0.90391
-0.88768
-0.86194
-0.9039
-0.87833
-0.86719
-0.86718
-0.87187
-0.86413
-0.86173
56.3806
-0.87062
-0.87495
-0.85473
-0.85746
-0.85955
-0.86436
-0.85776
-0.86436
-0.85466
-0.8664
-0.85465
-0.85379
-0.85444
-0.8636
-0.86757
-0.86049
-0.85024
-0.85209
-0.86292
-0.84773
-0.84774
-0.86218
-0.86354
-0.86553
-0.85341
-0.83967
-0.87455
-0.85979
-0.83992
-0.86253
-0.88768
-0.88989
-0.89151
-0.886
0
0
0
0
0
0
0
0
0
0
0
0
0
0
0
0
0
0
0
0
0
0
0
0
0
0
0
0
0
0
0
0
0
0
0
0
0
0
0
0
0
0
0
0
-5.9322
0
0
0
0
0
0
0
0
0
0
0
0
0
0
0
0
0
0
0
0
0
-0.89896
-0.89586
-0.88551
-0.88447
-0.88778
-0.88767
-0.88572
-0.88238
-0.87774
-0.88082
-0.87598
-0.88116
-0.86998
-0.86998
-0.9039
-0.88769
-0.86192
-0.90389
-0.87831
-0.86718
-0.86718
-0.87186
-0.86412
-0.8617
-0.87062
56.3795
-0.87494
-0.85472
-0.85744
-0.85953
-0.86433
-0.85774
-0.86433
-0.85465
-0.86639
-0.85465
-0.85378
-0.85444
-0.86359
-0.86755
-0.86047
-0.85023
-0.85208
-0.86293
-0.84771
-0.84772
-0.86216
-0.86353
-0.86552
-0.8534
-0.83967
-0.87455
-0.85979
-0.83991
-0.86252
-0.88766
-0.88988
-0.89149
-0.886
0
0
0
0
0
0
0
0
0
0
0
0
0
0
0
0
0
0
0
0
0
0
0
0
0
0
0
0
0
0
0
0
0
0
0
0
0
0
0
0
0
0
0
0
0
0
0
0
0
0
0
0
-5.9318
0
0
0
0
0
0
0
0
0
0
0
0
0
-0.90456
-0.9014
-0.89131
-0.89033
-0.89365
-0.89367
-0.89151
-0.88809
-0.88333
-0.88611
-0.88172
-0.8858
-0.87448
-0.87448
-0.90932
-0.89283
-0.86847
-0.90932
-0.88338
-0.87586
-0.87587
-0.87622
-0.87383
-0.8696
-0.87495
-0.87494
54.6896
-0.86257
-0.86521
-0.86484
-0.8716
-0.86523
-0.8716
-0.86181
-0.87818
-0.86181
-0.86158
-0.86245
-0.87244
-0.87565
-0.86876
-0.85815
-0.86038
-0.87187
-0.85563
-0.85565
-0.87058
-0.87165
-0.86851
-0.86188
-0.8481
-0.88375
-0.86697
-0.8481
-0.87179
-0.89839
-0.8993
0
0
0
0
0
0
0
0
0
0
0
0
0
0
0
0
0
0
0
-2.4693
0
0
0
0
0
0
0
0
0
0
0
0
0
0
0
-3.1608
0
0
0
0
0
0
0
0
0
0
0
0
0
0
0
0
0
0
0
0
0
0
0
0
0
0
0
0
0
0
0
0
-0.88251
-0.87918
-0.86931
-0.86854
-0.87151
-0.87172
-0.8694
-0.86608
-0.86139
-0.86395
-0.85969
-0.86428
-0.85285
-0.85284
-0.88673
-0.87007
-0.84647
-0.88673
-0.86121
-0.85118
-0.85119
-0.85269
-0.84879
-0.8455
-0.85473
-0.85472
-0.86257
50.8969
-0.84091
-0.84369
-0.85014
-0.84262
-0.85014
-0.83975
-0.85593
-0.83973
-0.83862
-0.8392
-0.84627
-0.85232
-0.8453
-0.83505
-0.83746
-0.84804
-0.83248
-0.83249
-0.84378
-0.84868
-0.85033
-0.83814
-0.82438
-0.86032
-0.8447
-0.82481
-0.84791
-0.87511
-0.87468
-0.87891
0
0
0
0
0
0
0
0
0
0
0
0
0
0
0
0
-2.2092
0
0
0
0
0
0
0
0
0
0
0
0
0
0
0
0
0
0
0
0
0
0
0
0
0
0
0
0
0
0
0
0
0
0
0
0
0
0
0
0
0
0
0
0
0
0
0
0
0
0
-0.88406
-0.88155
-0.8718
-0.87098
-0.87408
-0.87431
-0.87198
-0.8687
-0.86402
-0.86664
-0.86238
-0.86682
-0.85553
-0.85552
-0.88927
-0.87269
-0.84921
-0.88928
-0.8639
-0.85395
-0.85395
-0.85726
-0.85155
-0.84825
-0.85746
-0.85744
-0.86521
-0.84091
51.5087
-0.84745
-0.85242
-0.84512
-0.85243
-0.84232
-0.85797
-0.84233
-0.84135
-0.84192
-0.85165
-0.85519
-0.84818
-0.83782
-0.84021
-0.84902
-0.8353
-0.83531
-0.85016
-0.85142
-0.85311
-0.84095
-0.82718
-0.86317
-0.84722
-0.82754
-0.85081
-0.87789
-0.87889
-0.88166
0
0
0
0
0
0
0
0
0
0
0
0
0
0
0
0
0
0
0
0
0
0
0
0
0
0
0
0
0
0
0
0
0
0
0
0
0
-2.664
0
0
0
0
0
0
0
0
0
0
0
0
0
0
0
0
0
0
0
0
0
0
0
0
0
0
0
0
0
-0.88876
-0.88555
-0.87547
-0.87464
-0.87839
-0.87838
-0.87644
-0.87316
-0.86863
-0.8719
-0.86683
-0.87173
-0.86119
-0.86119
-0.89358
-0.8787
-0.85092
-0.89358
-0.86967
-0.85636
-0.85636
-0.86221
-0.85358
-0.85137
-0.85955
-0.85953
-0.86484
-0.84369
-0.84745
55.9009
-0.85443
-0.84783
-0.85443
-0.84501
-0.8549
-0.84501
-0.84416
-0.84462
-0.85388
-0.85801
-0.85083
-0.84068
-0.84287
-0.85315
-0.83825
-0.83824
-0.85107
-0.85339
-0.8557
-0.84417
-0.83046
-0.86471
-0.84951
-0.83044
-0.84942
-0.87805
-0.87523
0
0
0
0
0
0
0
0
0
0
0
0
0
0
0
-2.3924
0
0
0
0
0
0
0
0
0
0
0
0
0
0
0
0
0
0
0
0
0
0
0
0
0
0
0
0
0
0
0
0
0
0
-5.3865
0
0
0
0
0
0
0
0
0
0
0
0
0
0
0
0
0
-0.89147
-0.88819
-0.87838
-0.87757
-0.88036
-0.8807
-0.8782
-0.87494
-0.87027
-0.87288
-0.86874
-0.87299
-0.86185
-0.86184
-0.89573
-0.87899
-0.85563
-0.89573
-0.87026
-0.86069
-0.86069
-0.86402
-0.85845
-0.85613
-0.86436
-0.86433
-0.8716
-0.85014
-0.85242
-0.85443
49.2201
-0.85287
-0.85769
-0.84789
-0.86334
-0.84789
-0.84749
-0.84868
-0.85897
-0.86163
-0.85483
-0.84418
-0.84678
-0.85856
-0.84166
-0.84165
-0.85699
-0.85828
-0.85988
-0.84735
-0.83353
-0.87047
-0.85426
-0.83394
-0.85766
-0.8858
-0.88632
-0.88956
0
0
0
0
0
0
0
0
0
0
0
0
0
0
0
0
0
0
0
0
0
0
0
0
0
0
0
0
0
0
0
0
0
0
0
0
0
0
0
0
0
0
0
0
0
0
0
0
0
0
0
0
0
0
0
0
0
0
0
0
0
0
0
0
0
0
0
-0.88497
-0.8796
-0.87171
-0.87095
-0.87429
-0.87465
-0.87217
-0.86891
-0.86424
-0.86689
-0.86256
-0.86739
-0.85567
-0.85566
-0.88955
-0.87333
-0.84933
-0.88954
-0.86394
-0.85434
-0.85434
-0.85784
-0.85177
-0.84844
-0.85776
-0.85774
-0.86523
-0.84262
-0.84512
-0.84783
-0.85287
50.2727
-0.85288
-0.84261
-0.85728
-0.8426
-0.84168
-0.84265
-0.85184
-0.85561
-0.84853
-0.83813
-0.84053
-0.85105
-0.83567
-0.83567
-0.85044
-0.85121
-0.85367
-0.84171
-0.82788
-0.86355
-0.848
-0.82784
-0.8512
-0.87772
-0.87803
0
0
0
0
0
0
0
0
0
0
0
0
0
0
0
0
-2.2935
0
0
0
0
0
0
0
0
0
0
0
0
0
0
0
0
0
0
0
0
0
0
0
0
0
0
0
0
0
0
0
0
0
0
0
0
0
0
0
0
0
0
0
0
0
0
0
0
0
0
0
-0.89148
-0.88818
-0.87838
-0.87756
-0.88036
-0.88071
-0.87819
-0.87494
-0.87027
-0.87288
-0.86874
-0.87299
-0.86184
-0.86184
-0.89573
-0.87899
-0.85562
-0.89572
-0.87027
-0.86068
-0.86069
-0.86403
-0.85845
-0.85613
-0.86436
-0.86433
-0.8716
-0.85014
-0.85243
-0.85443
-0.85769
-0.85288
49.2202
-0.8479
-0.86334
-0.84789
-0.8475
-0.84868
-0.85898
-0.86163
-0.85484
-0.84417
-0.84679
-0.85856
-0.84166
-0.84166
-0.857
-0.85828
-0.85989
-0.84736
-0.83353
-0.87046
-0.85425
-0.83393
-0.85767
-0.8858
-0.88632
-0.88956
0
0
0
0
0
0
0
0
0
0
0
0
0
0
0
0
0
0
0
0
0
0
0
0
0
0
0
0
0
0
0
0
0
0
0
0
0
0
0
0
0
0
0
0
0
0
0
0
0
0
0
0
0
0
0
0
0
0
0
0
0
0
0
0
0
0
0
-0.88193
-0.87866
-0.86889
-0.86809
-0.87084
-0.87119
-0.86868
-0.86541
-0.86075
-0.86335
-0.8592
-0.86343
-0.85232
-0.85231
-0.88616
-0.86983
-0.84605
-0.88615
-0.86071
-0.85112
-0.85113
-0.85441
-0.84872
-0.84628
-0.85466
-0.85465
-0.86181
-0.83975
-0.84232
-0.84501
-0.84789
-0.84261
-0.8479
47.7954
-0.85373
-0.83491
-0.8377
-0.83869
-0.85011
-0.85208
-0.84509
-0.83456
-0.83709
-0.84897
-0.83216
-0.83217
-0.8471
-0.84795
-0.85023
-0.8383
-0.82445
-0.86059
-0.84421
-0.82446
-0.84813
-0.87529
-0.87525
0
0
0
0
0
0
0
0
0
0
0
0
0
0
0
0
0
0
0
0
0
0
0
0
0
0
0
0
0
0
0
0
0
0
0
0
0
0
0
0
0
0
0
0
0
0
0
0
0
0
0
0
0
0
0
0
0
0
0
0
0
0
0
0
0
0
0
0
-0.89604
-0.89302
-0.88231
-0.88157
-0.88543
-0.88567
-0.88339
-0.87993
-0.87521
-0.87805
-0.87343
-0.878
-0.86614
-0.86612
-0.90087
-0.88442
-0.86088
-0.90088
-0.87339
-0.87011
-0.8701
-0.86796
-0.8608
-0.86224
-0.8664
-0.86639
-0.87818
-0.85593
-0.85797
-0.8549
-0.86334
-0.85728
-0.86334
-0.85373
54.6722
-0.85374
-0.85236
-0.85265
-0.86266
-0.86634
-0.85903
-0.8488
-0.85114
-0.85989
-0.84641
-0.84642
-0.86109
-0.86171
-0.85853
-0.85252
-0.83882
-0.8736
-0.85719
-0.83917
0
0
0
0
0
0
0
0
0
0
0
0
0
0
0
0
0
0
0
0
0
0
-2.4523
0
-2.6299
0
0
0
0
0
0
0
0
0
0
0
0
0
0
0
0
0
0
0
-3.6544
0
0
0
0
0
0
0
0
0
0
0
0
0
0
0
0
0
0
0
0
0
0
0
0
0
0
-0.88192
-0.87867
-0.86888
-0.86809
-0.87084
-0.8712
-0.86868
-0.86541
-0.86075
-0.86335
-0.85922
-0.86343
-0.85231
-0.85231
-0.88616
-0.86983
-0.84603
-0.88615
-0.86071
-0.85113
-0.85114
-0.8544
-0.84872
-0.84628
-0.85465
-0.85465
-0.86181
-0.83973
-0.84233
-0.84501
-0.84789
-0.8426
-0.84789
-0.83491
-0.85374
47.7954
-0.83769
-0.83869
-0.85011
-0.85208
-0.8451
-0.83456
-0.83708
-0.84897
-0.83215
-0.83217
-0.8471
-0.84796
-0.85023
-0.8383
-0.82446
-0.86058
-0.84421
-0.82446
-0.84813
-0.87529
-0.87527
0
0
0
0
0
0
0
0
0
0
0
0
0
0
0
0
0
0
0
0
0
0
0
0
0
0
0
0
0
0
0
0
0
0
0
0
0
0
0
0
0
0
0
0
0
0
0
0
0
0
0
0
0
0
0
0
0
0
0
0
0
0
0
0
0
0
0
0
-0.88136
-0.87807
-0.86828
-0.8675
-0.87022
-0.87057
-0.86805
-0.86476
-0.86007
-0.86268
-0.85852
-0.86274
-0.85159
-0.85158
-0.88556
-0.86918
-0.84526
-0.88556
-0.85998
-0.85047
-0.85046
-0.85364
-0.84796
-0.84552
-0.85379
-0.85378
-0.86158
-0.83862
-0.84135
-0.84416
-0.84749
-0.84168
-0.8475
-0.8377
-0.85236
-0.83769
46.0121
-0.8376
-0.84944
-0.85276
-0.8447
-0.83437
-0.83688
-0.84676
-0.83217
-0.83218
-0.84629
-0.84703
-0.84919
-0.83824
-0.82442
-0.85885
-0.84222
-0.82399
-0.84767
0
0
0
0
0
0
0
0
0
0
0
0
0
0
0
0
0
0
0
0
0
0
0
0
0
0
0
0
0
0
0
0
0
0
0
0
0
0
0
0
0
0
0
0
0
0
0
0
0
0
0
0
0
0
0
0
0
0
0
0
0
0
0
0
0
0
0
0
0
0
-0.88121
-0.88005
-0.86835
-0.86751
-0.87069
-0.87098
-0.86857
-0.86521
-0.8605
-0.86314
-0.85928
-0.86378
-0.85245
-0.85243
-0.88654
-0.86996
-0.84612
-0.88653
-0.86074
-0.85142
-0.85142
-0.84988
-0.84867
-0.8454
-0.85444
-0.85444
-0.86245
-0.8392
-0.84192
-0.84462
-0.84868
-0.84265
-0.84868
-0.83869
-0.85265
-0.83869
-0.8376
46.7504
-0.85029
-0.85401
-0.84549
-0.83526
-0.83768
-0.84604
-0.83292
-0.83292
-0.84695
-0.84738
-0.84964
-0.83887
-0.82506
-0.85902
0
-0.82537
0
0
0
0
0
0
0
0
0
0
0
0
0
0
0
0
0
0
0
0
0
0
0
0
0
0
-2.398
0
0
0
0
0
0
0
0
0
0
0
0
0
0
0
0
0
0
0
0
0
0
0
0
0
0
0
0
0
0
0
0
0
0
0
0
0
0
0
0
0
0
0
0
-0.89216
-0.88871
-0.87868
-0.87644
-0.88102
-0.88129
-0.87886
-0.8757
-0.871
-0.87365
-0.86945
-0.87454
-0.86239
-0.86238
-0.89652
-0.88018
-0.85604
-0.89652
-0.87102
-0.86142
-0.86142
-0.85856
-0.85872
-0.85615
-0.8636
-0.86359
-0.87244
-0.84627
-0.85165
-0.85388
-0.85897
-0.85184
-0.85898
-0.85011
-0.86266
-0.85011
-0.84944
-0.85029
48.4799
-0.86318
-0.85647
-0.84537
-0.84867
-0.86058
-0.84316
-0.84317
-0.85514
-0.85937
-0.86119
-0.84968
-0.83598
-0.87026
0
0
0
0
0
0
0
0
0
0
0
0
0
0
0
0
0
0
0
0
0
0
0
0
0
-1.7205
0
0
0
0
0
0
-2.7205
0
0
0
0
0
0
0
0
0
0
0
0
0
0
0
0
0
0
0
0
0
0
0
0
0
0
0
0
0
0
0
0
0
0
0
0
0
0
0
0
-0.89521
-0.89194
-0.8821
-0.88133
-0.88415
-0.88454
-0.88199
-0.87871
-0.87397
-0.8766
-0.87243
-0.87724
-0.86544
-0.86543
-0.89956
-0.88315
-0.85911
-0.89956
-0.87386
-0.8644
-0.8644
-0.86745
-0.86183
-0.85941
-0.86757
-0.86755
-0.87565
-0.85232
-0.85519
-0.85801
-0.86163
-0.85561
-0.86163
-0.85208
-0.86634
-0.85208
-0.85276
-0.85401
-0.86318
45.0621
-0.86338
-0.84761
-0.85392
-0.85999
-0.84687
-0.84688
-0.86331
-0.86378
-0.86638
-0.8543
-0.84008
-0.87607
0
-0.84014
0
0
0
0
0
0
0
0
0
0
0
0
0
0
0
0
0
0
0
0
0
0
0
0
0
0
0
0
0
0
0
0
0
0
0
0
0
0
0
0
0
0
0
0
0
0
0
0
0
0
0
0
0
0
0
0
0
0
0
0
0
0
0
0
0
0
0
0
0
0
0
-0.88678
-0.88489
-0.87506
-0.87436
-0.87609
-0.87759
-0.87502
-0.87176
-0.86705
-0.8697
-0.86547
-0.87035
-0.85854
-0.85852
-0.89257
-0.87624
-0.85222
-0.89255
-0.86688
-0.85754
-0.85755
-0.86041
-0.85484
-0.85246
-0.86049
-0.86047
-0.86876
-0.8453
-0.84818
-0.85083
-0.85483
-0.84853
-0.85484
-0.84509
-0.85903
-0.8451
-0.8447
-0.84549
-0.85647
-0.86338
44.6567
-0.8414
-0.84477
-0.85778
-0.83827
-0.83827
-0.85434
-0.8554
-0.85738
-0.84708
-0.83381
0
0
0
0
0
0
0
0
0
0
0
0
0
0
0
0
0
0
-1.6623
0
0
0
0
0
0
0
0
0
0
0
0
0
0
0
0
0
0
0
0
0
0
0
0
0
0
0
0
0
0
0
0
0
0
0
0
0
0
0
0
0
0
0
0
0
0
0
0
0
0
0
0
0
0
0
-0.8777
-0.87447
-0.86469
-0.86392
-0.8667
-0.86707
-0.86453
-0.86126
-0.85656
-0.85919
-0.85503
-0.85981
-0.84809
-0.84808
-0.882
-0.86566
-0.84178
-0.882
-0.85646
-0.84701
-0.84702
-0.8501
-0.84447
-0.84202
-0.85024
-0.85023
-0.85815
-0.83505
-0.83782
-0.84068
-0.84418
-0.83813
-0.84417
-0.83456
-0.8488
-0.83456
-0.83437
-0.83526
-0.84537
-0.84761
-0.8414
43.3223
-0.8315
-0.84776
-0.82948
-0.82949
-0.84124
-0.84277
-0.84394
-0.83413
-0.82086
-0.85494
0
0
0
0
0
0
0
0
0
0
0
0
0
0
0
0
0
0
0
0
0
0
0
0
0
0
0
0
0
0
0
0
0
0
0
0
0
0
0
0
0
0
0
0
0
0
0
0
0
0
0
0
0
0
0
0
0
0
0
0
0
0
0
0
0
0
0
0
0
0
0
0
0
-0.87982
-0.87644
-0.86667
-0.86658
-0.86915
-0.86926
-0.86694
-0.86364
-0.85897
-0.86154
-0.85755
-0.86205
-0.85042
-0.85042
-0.88406
-0.86781
-0.84414
-0.88407
-0.85913
-0.84945
-0.84945
-0.8525
-0.84711
-0.84445
-0.85209
-0.85208
-0.86038
-0.83746
-0.84021
-0.84287
-0.84678
-0.84053
-0.84679
-0.83709
-0.85114
-0.83708
-0.83688
-0.83768
-0.84867
-0.85392
-0.84477
-0.8315
44.2364
-0.85198
-0.82992
-0.82993
-0.84292
-0.84431
-0.8455
-0.83696
-0.82424
0
0
0
0
0
0
0
0
0
0
0
0
0
0
0
0
0
0
0
0
0
0
0
0
0
0
0
0
0
0
0
0
0
0
0
0
0
0
0
0
0
0
-1.6511
0
0
0
0
0
0
0
0
0
0
0
0
0
0
0
0
0
0
0
0
0
0
0
0
0
0
0
0
0
0
0
-0.88831
-0.88768
-0.87806
-0.87755
-0.88029
-0.88084
-0.87829
-0.87498
-0.87026
-0.8729
-0.86833
-0.87358
-0.86162
-0.8616
-0.89555
-0.87944
-0.85529
-0.89555
-0.86403
-0.86071
-0.86071
-0.86279
-0.85633
-0.85506
-0.86292
-0.86293
-0.87187
-0.84804
-0.84902
-0.85315
-0.85856
-0.85105
-0.85856
-0.84897
-0.85989
-0.84897
-0.84676
-0.84604
-0.86058
-0.85999
-0.85778
-0.84776
-0.85198
46.9865
-0.84323
-0.84323
-0.85241
0
-0.85448
-0.84726
0
0
0
0
0
0
0
0
0
0
0
0
0
0
0
0
0
0
0
0
0
0
0
0
0
-2.101
0
0
0
0
0
0
0
0
0
0
0
0
-3.4602
0
0
0
0
0
0
0
0
0
0
0
0
0
0
0
0
0
0
0
0
0
0
0
0
0
0
0
0
0
0
0
0
0
0
0
0
-0.8752
-0.87198
-0.86221
-0.86146
-0.86419
-0.86458
-0.86203
-0.85873
-0.85406
-0.85667
-0.85253
-0.85734
-0.84558
-0.84558
-0.87945
-0.86318
-0.83927
-0.87943
-0.85394
-0.8445
-0.8445
-0.8476
-0.84191
-0.83948
-0.84773
-0.84771
-0.85563
-0.83248
-0.8353
-0.83825
-0.84166
-0.83567
-0.84166
-0.83216
-0.84641
-0.83215
-0.83217
-0.83292
-0.84316
-0.84687
-0.83827
-0.82948
-0.82992
-0.84323
42.3454
-0.82254
-0.83896
-0.83978
-0.8423
-0.83352
-0.82
0
0
0
0
0
0
0
0
0
0
0
0
0
0
0
0
0
0
0
0
0
0
0
0
0
0
0
0
0
0
0
0
0
0
0
0
0
0
0
0
0
0
0
0
0
0
0
0
0
0
0
0
0
0
0
0
0
0
0
0
0
0
0
0
0
0
0
0
0
0
0
0
0
0
-0.87521
-0.87198
-0.86221
-0.86146
-0.86419
-0.86456
-0.86203
-0.85875
-0.85405
-0.85667
-0.85252
-0.85733
-0.84559
-0.84557
-0.87944
-0.86318
-0.83927
-0.87944
-0.85394
-0.8445
-0.8445
-0.8476
-0.8419
-0.83948
-0.84774
-0.84772
-0.85565
-0.83249
-0.83531
-0.83824
-0.84165
-0.83567
-0.84166
-0.83217
-0.84642
-0.83217
-0.83218
-0.83292
-0.84317
-0.84688
-0.83827
-0.82949
-0.82993
-0.84323
-0.82254
42.3454
-0.83897
-0.83978
-0.8423
-0.83352
-0.81999
0
0
0
0
0
0
0
0
0
0
0
0
0
0
0
0
0
0
0
0
0
0
0
0
0
0
0
0
0
0
0
0
0
0
0
0
0
0
0
0
0
0
0
0
0
0
0
0
0
0
0
0
0
0
0
0
0
0
0
0
0
0
0
0
0
0
0
0
0
0
0
0
0
0
-0.89027
-0.88697
-0.87708
-0.87634
-0.87942
-0.87963
-0.87728
-0.87395
-0.86925
-0.87186
-0.86748
-0.87266
-0.86066
-0.86063
-0.89468
-0.87831
-0.85434
-0.89467
-0.86903
-0.85965
-0.85965
-0.85984
-0.85698
-0.85449
-0.86218
-0.86216
-0.87058
-0.84378
-0.85016
-0.85107
-0.85699
-0.85044
-0.857
-0.8471
-0.86109
-0.8471
-0.84629
-0.84695
-0.85514
-0.86331
-0.85434
-0.84124
-0.84292
-0.85241
-0.83896
-0.83897
41.8608
0
0
0
0
0
0
0
0
0
0
0
0
0
0
0
0
0
0
0
0
0
0
0
0
0
0
0
-2.1955
0
0
0
0
0
0
0
0
0
0
0
0
0
0
0
0
0
0
0
0
0
0
0
0
0
0
0
0
0
0
0
0
0
0
0
0
0
0
0
0
0
0
0
0
0
0
0
0
0
0
-0.89099
-0.88788
-0.87807
-0.87734
-0.88017
-0.88066
-0.87811
-0.87486
-0.87013
-0.87282
-0.86849
-0.87347
-0.86165
-0.86165
-0.89567
-0.87884
-0.8554
-0.89566
-0.87008
-0.86073
-0.86073
-0.8637
-0.85803
-0.85565
-0.86354
-0.86353
-0.87165
-0.84868
-0.85142
-0.85339
-0.85828
-0.85121
-0.85828
-0.84795
-0.86171
-0.84796
-0.84703
-0.84738
-0.85937
-0.86378
-0.8554
-0.84277
-0.84431
0
-0.83978
-0.83978
0
41.701
0
0
0
0
0
0
0
0
0
-0.8935
0
0
0
0
0
0
0
0
0
0
0
0
-1.9395
0
0
0
0
0
0
0
0
0
0
0
0
0
0
0
0
0
0
0
0
0
0
0
0
0
0
0
0
0
0
0
0
0
0
0
0
0
0
0
0
0
0
0
0
0
0
0
0
0
0
0
0
0
0
-0.8935
-0.8903
-0.88053
-0.87969
-0.88248
-0.88273
-0.88035
-0.87694
-0.8722
-0.87484
-0.87061
-0.87478
-0.86363
-0.86362
-0.89781
-0.8812
-0.85728
-0.89781
-0.8719
-0.86263
-0.86263
-0.86538
-0.8598
-0.85742
-0.86553
-0.86552
-0.86851
-0.85033
-0.85311
-0.8557
-0.85988
-0.85367
-0.85989
-0.85023
-0.85853
-0.85023
-0.84919
-0.84964
-0.86119
-0.86638
-0.85738
-0.84394
-0.8455
-0.85448
-0.8423
-0.8423
0
0
42.2237
0
0
0
0
0
0
0
0
0
0
0
0
0
0
0
0
0
0
0
0
0
0
0
0
0
0
0
-2.4202
0
0
0
0
0
0
0
0
0
0
0
0
0
0
0
0
0
0
0
0
0
0
0
0
0
0
0
0
0
0
0
0
0
0
0
0
0
0
0
0
0
0
0
0
0
0
0
0
-0.88107
-0.87781
-0.86802
-0.86725
-0.87002
-0.87042
-0.86785
-0.86457
-0.85985
-0.86248
-0.85833
-0.86311
-0.85134
-0.85133
-0.88535
-0.86909
-0.84499
-0.88534
-0.85972
-0.85025
-0.85025
-0.85336
-0.84763
-0.84519
-0.85341
-0.8534
-0.86188
-0.83814
-0.84095
-0.84417
-0.84735
-0.84171
-0.84736
-0.8383
-0.85252
-0.8383
-0.83824
-0.83887
-0.84968
-0.8543
-0.84708
-0.83413
-0.83696
-0.84726
-0.83352
-0.83352
0
0
0
39.2756
0
0
0
0
0
0
0
0
0
0
0
0
0
0
0
0
0
0
0
0
0
0
0
0
0
0
0
0
0
0
0
0
0
0
0
0
0
0
0
0
0
0
0
0
0
0
0
0
0
0
0
0
0
0
0
0
0
0
0
0
0
0
0
0
0
0
0
0
0
0
0
0
0
0
0
-0.86741
-0.86411
-0.85434
-0.85357
-0.85629
-0.85666
-0.85413
-0.85084
-0.84614
-0.84872
-0.84462
-0.84945
-0.83763
-0.83762
-0.87152
-0.85532
-0.83128
-0.87151
-0.84612
-0.83648
-0.8365
-0.83964
-0.83388
-0.83143
-0.83967
-0.83967
-0.8481
-0.82438
-0.82718
-0.83046
-0.83353
-0.82788
-0.83353
-0.82445
-0.83882
-0.82446
-0.82442
-0.82506
-0.83598
-0.84008
-0.83381
-0.82086
-0.82424
0
-0.82
-0.81999
0
0
0
0
37.8118
0
0
0
0
0
0
0
0
0
0
0
0
0
0
0
0
0
0
0
0
0
0
0
0
0
0
0
0
0
0
0
0
0
0
0
0
0
0
0
0
0
0
0
0
0
0
0
0
0
0
0
0
0
0
0
0
0
0
0
0
0
0
0
0
0
0
0
0
0
0
0
0
0
0
-0.9033
-0.89987
-0.88987
-0.88887
-0.89267
-0.89308
-0.89056
-0.88723
-0.8825
-0.88523
-0.88095
-0.88598
-0.87392
-0.87391
-0.90753
-0.89152
-0.86757
-0.90754
-0.8824
-0.87296
-0.87296
-0.87532
-0.87021
-0.86765
-0.87455
-0.87455
-0.88375
-0.86032
-0.86317
-0.86471
-0.87047
-0.86355
-0.87046
-0.86059
-0.8736
-0.86058
-0.85885
-0.85902
-0.87026
-0.87607
0
-0.85494
0
0
0
0
0
0
0
0
0
40.6467
0
0
0
0
0
0
0
0
0
0
0
0
0
0
0
0
0
0
0
0
0
0
0
0
0
0
0
0
0
0
0
0
0
0
0
0
0
0
0
0
0
0
0
0
0
0
0
0
0
0
0
0
0
0
0
0
0
-4.6636
0
0
0
0
0
0
0
0
0
0
0
0
0
0
0
-0.89203
-0.88819
-0.87784
-0.87711
-0.87599
-0.87604
-0.87377
-0.87035
-0.86582
-0.86847
-0.86435
-0.84241
-0.85727
-0.85726
-0.89281
-0.87546
-0.85102
-0.8928
-0.86604
-0.85647
-0.85646
-0.85938
-0.85409
-0.85151
-0.85979
-0.85979
-0.86697
-0.8447
-0.84722
-0.84951
-0.85426
-0.848
-0.85425
-0.84421
-0.85719
-0.84421
-0.84222
0
0
0
0
0
0
0
0
0
0
0
0
0
0
0
38.1614
0
0
0
0
0
0
0
0
0
0
0
0
0
0
0
0
0
0
0
0
0
0
0
0
0
0
0
0
0
0
0
0
-3.9717
0
0
0
0
0
0
0
0
0
0
0
-2.2745
0
0
0
0
0
0
0
0
0
0
0
0
0
0
0
0
0
0
0
0
0
0
0
0
0
0
0
-0.86754
-0.86419
-0.85444
-0.85369
-0.85643
-0.85678
-0.85423
-0.85096
-0.84627
-0.84889
-0.84475
-0.84947
-0.8378
-0.8378
-0.87165
-0.85537
-0.83149
-0.87165
-0.84631
-0.83675
-0.83675
-0.84004
-0.83415
-0.83175
-0.83992
-0.83991
-0.8481
-0.82481
-0.82754
-0.83044
-0.83394
-0.82784
-0.83393
-0.82446
-0.83917
-0.82446
-0.82399
-0.82537
0
-0.84014
0
0
0
0
0
0
0
0
0
0
0
0
0
32.8632
0
0
0
0
0
0
0
0
0
0
0
0
0
0
0
0
0
0
0
0
0
0
0
0
0
0
0
0
0
0
0
0
0
0
0
0
0
0
0
0
0
0
0
0
0
0
0
0
0
0
0
0
0
0
0
0
0
0
0
0
0
0
0
0
0
0
0
0
0
0
0
-0.89109
-0.88751
-0.87781
-0.8771
-0.8803
-0.88045
-0.87787
-0.87475
-0.87004
-0.87266
-0.86824
-0.87319
-0.86139
-0.86137
-0.89528
-0.87895
-0.85505
-0.89527
-0.8697
-0.86052
-0.86052
-0.86448
-0.85768
-0.85507
-0.86253
-0.86252
-0.87179
-0.84791
-0.85081
-0.84942
-0.85766
-0.8512
-0.85767
-0.84813
0
-0.84813
-0.84767
0
0
0
0
0
0
0
0
0
0
0
0
0
0
0
0
0
34.7375
0
0
0
0
0
0
0
0
0
0
0
0
0
0
0
0
0
0
0
0
0
0
0
0
0
0
0
-3.0115
-0.52421
0
0
0
0
0
0
0
0
0
0
0
0
0
0
0
0
0
0
0
0
0
0
0
0
0
0
0
0
0
0
0
0
0
0
0
0
0
0
0
0
0
-0.91738
-0.91357
-0.9035
-0.90087
-0.90737
-0.90678
-0.90522
-0.902
-0.89736
-0.90015
-0.89598
-0.90079
-0.88861
-0.8886
-0.92163
-0.90606
-0.88243
-0.92163
-0.89779
-0.88823
-0.88824
-0.89007
-0.88569
-0.88245
-0.88768
-0.88766
-0.89839
-0.87511
-0.87789
-0.87805
-0.8858
-0.87772
-0.8858
-0.87529
0
-0.87529
0
0
0
0
0
0
0
0
0
0
0
0
0
0
0
0
0
0
0
42.5072
0
0
0
0
0
0
0
0
0
0
0
0
0
0
0
0
0
0
0
0
0
-1.7269
0
0
0
0
0
0
0
0
0
0
0
0
0
0
0
0
0
0
0
0
0
0
0
0
-4.7416
0
0
0
0
0
0
0
0
0
0
-4.7416
0
0
0
0
0
0
0
0
0
0
0
-0.91861
-0.91509
-0.90514
-0.90501
-0.90798
-0.90867
-0.90595
-0.9029
-0.89817
-0.90077
-0.89626
-0.9013
-0.8893
-0.8893
-0.92292
-0.90694
-0.88308
-0.92291
-0.89821
-0.88879
-0.8888
-0.88955
-0.8862
-0.8832
-0.88989
-0.88988
-0.8993
-0.87468
-0.87889
-0.87523
-0.88632
-0.87803
-0.88632
-0.87525
0
-0.87527
0
0
0
0
0
0
0
0
0
0
0
0
0
0
0
0
0
0
0
0
39.5674
0
0
0
0
0
0
0
0
0
0
0
0
0
0
0
0
0
0
0
0
0
0
0
0
0
0
0
0
0
0
0
0
-3.8062
0
0
0
0
0
0
0
0
0
0
0
0
0
0
0
0
0
0
0
0
0
0
0
0
0
0
0
-4.4371
0
0
0
0
0
0
0
-0.92269
-0.9187
-0.9081
-0.90675
-0.91115
-0.91063
-0.9091
-0.90568
-0.90091
-0.90386
-0.89949
-0.90505
-0.89235
-0.89234
-0.92516
-0.88975
-0.88597
-0.92516
-0.9012
-0.8918
-0.8918
-0.8935
-0.88923
-0.88595
-0.89151
-0.89149
0
-0.87891
-0.88166
0
-0.88956
0
-0.88956
0
0
0
0
0
0
0
0
0
0
0
0
0
0
-0.8935
0
0
0
0
0
0
0
0
0
40.7676
0
0
0
0
0
0
0
0
0
0
0
0
0
0
0
0
0
0
0
0
0
0
0
0
0
0
0
0
0
-3.9029
0
0
0
0
0
0
0
0
0
0
0
0
0
0
0
0
0
-4.4911
0
0
0
0
-4.4911
0
0
0
0
0
0
0
0
0
0
0
0
0
0
-0.91385
-0.91068
-0.90084
-0.89964
-0.90374
-0.90415
-0.90173
-0.89851
-0.89375
-0.89659
-0.89211
-0.89753
-0.88529
-0.88527
-0.91881
-0.90301
-0.87896
-0.91881
-0.89391
-0.88446
-0.88447
-0.88732
-0.88183
-0.87894
-0.886
-0.886
0
0
0
0
0
0
0
0
0
0
0
0
0
0
0
0
0
0
0
0
0
0
0
0
0
0
0
0
0
0
0
0
28.837
0
0
0
0
0
0
0
0
0
0
0
-1.899
0
0
0
0
0
0
0
0
0
0
0
0
0
0
0
0
0
0
0
0
0
0
0
0
0
0
0
0
0
0
-3.6518
0
0
0
0
0
0
0
0
0
0
0
0
0
0
0
0
0
0
0
0
0
0
0
-0.95379
-0.95081
-0.9386
-0.9379
-0.94309
-0.94322
-0.94085
-0.93747
-0.93268
-0.93546
-0.93129
-0.93774
-0.92398
-0.92397
-0.95908
-0.94236
-0.91732
-0.95907
-0.93262
-0.92273
-0.92273
0
0
0
0
0
0
0
0
0
0
0
0
0
0
0
0
0
0
0
0
0
0
0
0
0
0
0
0
0
0
0
0
0
0
0
0
0
0
22.949
0
0
0
0
0
0
0
0
0
0
0
0
0
0
0
0
0
0
0
0
0
0
0
0
0
0
0
0
0
0
0
0
0
0
0
0
0
0
-3.2622
0
0
0
0
0
0
0
0
0
0
0
0
0
0
0
0
0
0
0
0
0
0
0
0
0
0
-0.94783
-0.9441
-0.93447
-0.93375
-0.93641
-0.93703
-0.93414
-0.93086
-0.92604
-0.92881
-0.92473
-0.92948
-0.91749
-0.91748
-0.95211
-0.93582
-0.91091
-0.9521
-0.9266
-0.9165
-0.9165
0
0
0
0
0
0
0
0
0
0
0
0
0
0
0
0
0
0
0
0
0
0
0
0
0
0
0
0
0
0
0
0
0
0
0
0
0
0
0
19.5532
0
0
0
0
0
0
0
0
0
0
0
0
0
0
0
0
0
0
0
0
0
0
0
0
0
0
0
0
0
0
0
0
0
0
0
0
0
0
0
0
0
0
0
0
0
0
0
0
0
0
0
0
0
0
0
0
0
0
0
0
0
0
0
0
-0.93335
-0.92962
-0.92002
-0.9193
-0.92192
-0.92252
-0.91965
-0.91637
-0.91154
-0.91431
-0.91027
-0.91499
-0.90303
-0.90302
-0.93752
-0.92128
-0.89645
-0.93751
-0.91207
-0.90194
-0.90194
0
0
0
0
0
0
0
0
0
0
0
0
0
0
0
0
0
0
0
0
0
0
0
0
0
0
0
0
0
0
0
0
0
0
0
0
0
0
0
0
19.2486
0
0
0
0
0
0
0
0
0
0
0
0
0
0
0
0
0
0
0
0
0
0
0
0
0
0
0
0
0
0
0
0
0
0
0
0
0
0
0
0
0
0
0
0
0
0
0
0
0
0
0
0
0
0
0
0
0
0
0
0
0
0
0
-0.96718
-0.96337
-0.95375
-0.95303
-0.95561
-0.95624
-0.95331
-0.94999
-0.94513
-0.9479
-0.94387
-0.94868
-0.93651
-0.93652
-0.97137
-0.95507
-0.92987
-0.97137
-0.94575
0
0
0
0
0
0
0
0
0
0
0
0
0
0
0
0
0
0
0
0
0
0
0
0
0
0
0
0
0
0
0
0
0
0
0
0
0
0
0
0
0
0
0
18.0845
0
0
0
0
0
0
0
0
0
0
0
0
0
0
0
0
0
0
0
0
0
0
0
0
0
0
0
0
0
0
0
0
0
0
0
0
0
0
0
0
0
0
0
0
0
0
0
0
0
0
0
0
0
0
0
0
0
0
0
0
0
0
-0.97433
-0.97085
-0.96048
-0.95937
-0.96359
-0.96332
-0.96135
-0.95802
-0.95327
-0.95608
-0.95204
-0.95801
-0.94458
-0.94457
0
0
-0.93804
0
0
0
0
0
0
0
0
0
0
0
0
0
0
0
0
0
0
0
0
0
0
0
0
0
0
0
0
0
0
0
0
0
0
0
0
0
0
0
0
0
0
0
0
0
0
17.0703
0
0
0
0
0
0
0
0
0
0
0
0
0
0
0
0
0
0
0
0
0
0
0
0
0
0
0
0
-2.7124
0
0
0
0
0
0
0
0
0
0
0
0
0
0
0
0
0
0
0
0
0
0
0
0
0
0
0
0
0
0
0
0
-1.0247
-1.0207
-1.0109
-1.0099
-1.0141
-1.004
-1.0118
-1.0085
-1.0037
-1.0065
-1.0026
-1.0076
-0.99494
-0.99492
0
0
0
0
0
0
0
0
0
0
0
0
0
0
0
0
0
0
0
0
0
0
0
0
0
0
0
0
0
0
0
0
0
0
0
0
0
0
0
0
0
0
0
0
0
0
0
0
0
0
16.4243
0
0
0
0
0
0
0
0
0
0
0
0
0
0
0
0
0
0
0
0
0
0
0
0
0
-2.3093
0
0
0
0
0
0
0
0
0
0
0
0
0
0
0
0
0
0
0
0
0
0
0
0
0
0
0
0
0
0
0
0
0
0
-1.1785
-1.1744
-1.165
-1.1642
-1.1677
-1.1687
-1.1653
-1.162
-1.1569
-1.1602
-1.1559
0
-1.1482
-1.1482
0
0
0
0
0
0
0
0
0
0
0
0
0
0
0
0
0
0
0
0
0
0
0
0
0
0
0
0
0
0
0
0
0
0
0
0
0
0
0
0
0
0
0
0
0
0
0
0
0
0
0
15.1153
0
0
0
0
0
0
0
0
0
0
0
0
0
0
0
0
0
0
0
0
0
0
0
0
0
0
0
0
0
0
0
0
0
0
0
0
0
0
0
0
0
0
0
0
0
0
0
0
0
0
0
0
0
0
0
0
0
0
0
-1.1319
-1.1424
-1.1195
-1.1184
-1.1237
-1.1241
-1.1214
-1.1177
-1.1129
-1.1153
0
0
0
0
0
0
0
0
0
0
0
0
0
0
0
0
0
0
0
0
0
0
0
0
0
0
0
0
0
0
0
0
0
0
0
0
0
0
0
0
0
0
0
0
0
0
0
0
0
0
0
0
0
0
0
0
13.3167
0
0
0
0
0
0
0
0
0
0
0
0
0
-2.0894
0
0
0
0
0
0
0
0
0
0
0
0
0
0
0
0
0
0
0
0
0
0
0
0
0
0
0
0
0
0
0
0
0
0
0
0
0
0
0
0
0
0
0
0
-1.2437
-1.2384
-1.2282
-1.2295
-1.2343
-1.2342
-1.2314
-1.2282
-1.2233
0
0
0
0
0
0
0
0
0
0
0
0
0
0
0
0
0
0
0
0
0
0
0
0
0
0
0
0
0
0
0
0
0
0
0
0
0
0
0
0
0
0
0
0
0
0
0
0
0
0
0
0
0
0
0
0
0
0
14.8295
0
0
0
0
0
0
0
0
0
0
0
0
0
0
0
0
0
0
0
0
0
0
0
0
0
0
0
0
0
0
0
0
0
0
0
0
0
0
0
0
0
0
0
0
0
0
0
0
-3.7384
0
0
0
0
0
0
0
0
-1.3334
-1.3289
-1.3192
-1.3179
-1.3253
-1.3256
-1.323
-1.32
0
0
0
0
0
0
0
0
0
0
0
0
0
0
0
0
0
0
0
0
0
0
0
0
0
0
0
0
0
0
0
0
0
0
0
0
0
0
0
0
0
0
0
0
0
0
0
0
0
0
0
0
0
0
0
0
0
0
0
0
13.024
0
0
0
0
0
0
0
0
0
0
0
0
0
0
0
0
0
0
0
0
0
0
0
0
0
0
0
0
-2.4307
0
0
0
0
0
0
0
0
0
0
0
0
0
0
0
0
0
0
0
0
0
0
0
0
0
0
0
-1.7054
0
0
0
-1.7059
0
0
0
0
0
0
0
0
0
0
0
0
0
0
0
0
0
0
0
0
0
0
0
0
0
0
0
0
0
0
0
0
0
0
0
-1.6623
0
0
0
0
0
0
0
0
0
0
0
0
0
0
0
0
0
0
0
0
0
0
0
0
0
0
0
0
10.9598
0
0
0
0
0
0
0
0
0
0
0
0
0
-2.0976
0
0
0
0
0
0
0
0
0
0
0
0
0
0
0
0
0
0
0
0
0
0
0
0
0
0
0
0
0
0
0
0
0
0
0
0
0
0
0
-3.7887
0
0
0
0
0
0
0
0
0
0
0
0
0
0
0
0
0
0
0
0
0
0
0
0
0
0
0
0
0
0
0
0
0
0
0
0
0
0
0
0
0
0
0
0
0
0
0
0
-1.9395
0
0
0
0
0
0
0
0
0
0
-1.899
0
0
0
0
0
0
0
0
0
0
0
13.6005
0
0
0
0
0
0
0
0
0
0
0
-2.8308
0
0
0
0
0
0
0
0
0
0
0
0
0
0
0
0
0
0
0
0
0
0
0
0
0
0
0
0
0
0
0
0
-3.4656
0
0
0
0
0
-3.4656
0
0
0
-1.9844
-1.9775
-1.9735
0
-1.9808
0
-1.9771
0
0
0
0
0
0
0
0
0
0
0
0
0
0
0
0
0
0
0
0
0
0
0
0
0
0
0
0
0
0
0
0
0
0
0
0
0
0
0
0
0
0
0
0
0
0
0
0
0
0
0
0
0
0
0
0
0
0
0
0
0
0
0
0
9.8933
0
0
0
0
0
0
0
0
0
0
0
0
0
0
0
0
0
0
0
0
0
0
0
0
0
0
0
0
0
0
0
0
0
0
0
0
0
0
0
0
0
0
0
0
0
0
0
0
0
0
0
0
0
0
0
0
0
0
0
0
0
0
0
0
0
0
0
0
0
0
0
0
0
0
0
0
0
0
0
0
0
0
-2.3924
0
0
0
0
0
0
0
0
0
0
0
0
0
0
0
0
0
0
0
0
0
0
0
0
0
0
0
0
0
0
0
0
0
0
0
0
0
0
0
0
0
0
11.3455
0
-2.7143
0
0
0
0
0
0
0
-2.8265
0
0
0
0
0
0
0
0
0
0
0
0
0
-3.4123
0
0
0
0
0
0
0
0
0
0
0
0
0
0
0
0
0
0
0
0
0
0
0
0
0
0
0
0
0
-2.3669
0
0
0
0
0
0
0
0
0
0
0
0
0
0
0
0
0
0
0
0
0
0
0
0
0
0
0
0
0
-2.2935
0
0
0
0
0
0
0
0
0
0
0
0
0
0
0
0
0
0
0
0
0
0
0
0
0
0
0
0
0
0
0
0
0
0
0
0
0
0
0
0
0
7.8285
0
0
0
0
0
-2.6696
0
0
0
0
0
0
0
0
0
0
0
0
0
0
0
0
0
0
0
0
0
0
0
0
0
0
0
0
0
0
0
0
0
0
0
0
0
0
0
-0.49852
0
0
0
0
0
0
0
0
0
0
0
0
0
0
0
0
0
0
0
0
0
0
0
0
0
0
0
0
0
0
0
0
-2.2092
0
0
0
0
0
0
0
0
0
0
0
0
0
0
0
0
0
0
-2.1955
0
0
0
0
0
0
0
0
0
0
0
0
0
0
0
0
0
0
0
0
0
0
0
0
0
-2.7143
0
9.7672
0
0
0
0
0
0
0
0
0
-2.6482
0
0
0
0
0
0
0
0
0
0
0
0
0
0
0
0
0
0
0
0
0
0
0
0
0
0
0
0
0
0
0
0
0
0
0
0
0
0
0
0
-2.1578
0
0
0
0
0
0
0
0
0
0
0
0
0
0
0
0
0
0
0
0
0
0
0
0
0
0
0
0
0
0
0
0
0
0
0
0
0
0
0
0
0
0
-2.101
0
0
0
0
0
0
0
0
0
0
0
0
0
0
0
0
0
0
0
0
0
0
0
0
0
0
0
0
0
0
0
10.0944
0
0
0
0
0
0
0
0
0
0
0
0
0
0
0
0
0
0
0
-2.5844
0
0
0
0
0
0
0
0
0
0
0
0
0
0
0
0
0
0
0
0
0
0
0
0
0
0
0
0
-3.2512
0
0
0
0
0
0
0
0
0
0
0
0
0
0
0
0
0
0
0
0
0
0
0
0
0
0
-2.4693
0
0
0
0
0
0
0
-2.4523
0
0
0
0
0
0
0
0
0
0
0
0
0
-2.4202
0
0
0
0
0
0
0
0
0
0
0
0
0
0
0
0
0
0
0
0
0
0
0
0
0
0
0
8.648
0
0
0
0
0
0
0
0
0
0
0
0
0
0
0
0
0
0
0
0
0
0
0
0
0
0
0
0
0
0
0
-1.3062
0
0
0
0
0
0
0
0
0
0
0
0
0
0
0
0
0
0
0
-1.7396
0
0
0
0
0
0
0
0
0
0
0
0
0
0
0
0
0
0
0
0
0
0
0
0
0
0
0
0
0
0
0
0
0
0
-1.7205
0
0
0
0
0
0
0
0
0
0
0
0
0
0
0
0
-1.7269
0
0
0
0
0
0
0
0
0
0
0
0
0
0
0
0
0
0
0
0
0
8.0366
0
0
0
0
0
0
0
0
0
0
0
0
0
0
0
-2.8495
0
0
0
0
0
0
0
0
0
0
0
0
0
0
0
0
0
0
0
0
0
0
0
0
0
0
0
0
0
0
0
0
0
0
0
0
0
0
0
0
0
0
0
0
0
0
0
0
0
0
0
0
0
-2.6347
0
0
0
0
0
0
0
0
0
0
0
-2.6299
0
0
0
0
0
0
0
0
0
0
0
0
0
0
0
0
0
0
0
0
0
0
0
0
0
0
0
0
0
0
0
0
0
0
0
0
0
0
0
0
0
0
0
10.8296
0
0
0
0
0
0
0
-2.7882
0
0
0
0
0
0
0
-2.7769
0
0
0
0
0
0
0
0
0
0
0
0
0
0
0
0
0
0
0
0
0
0
0
0
0
0
0
0
0
0
0
0
0
0
0
0
0
0
0
0
0
0
0
0
0
0
0
0
0
0
0
0
0
-1.4949
0
0
0
0
0
0
0
0
0
0
0
0
0
0
0
0
0
0
0
0
0
0
0
0
0
0
0
0
0
0
0
0
0
0
0
0
0
0
0
0
0
0
0
0
0
0
0
0
0
-2.6696
0
0
0
0
0
9.5259
-2.2248
0
0
0
0
0
0
0
0
0
0
0
0
0
0
0
0
0
0
0
0
0
0
0
0
0
0
0
0
0
0
0
-3.1365
0
0
0
0
0
0
0
0
0
0
0
0
0
0
0
0
0
0
0
0
0
0
0
0
0
0
0
0
0
0
0
0
0
-2.434
0
0
0
0
0
0
0
0
0
0
0
0
0
0
0
-2.398
0
0
0
0
0
0
0
0
0
0
0
0
0
0
0
0
0
0
0
0
0
0
0
0
0
0
0
0
-2.0894
0
0
0
0
0
0
0
0
0
0
0
0
-2.2248
9.1463
0
0
0
0
0
0
0
0
0
0
0
0
0
0
0
0
0
0
0
0
0
0
0
0
0
0
0
0
0
0
0
0
0
0
0
0
0
0
0
0
0
0
0
0
0
0
0
0
0
0
0
0
0
0
-2.878
0
0
0
0
0
0
0
0
0
0
-2.8607
0
0
0
0
0
0
0
0
0
0
0
0
0
0
0
0
0
0
0
0
0
0
0
0
0
0
0
0
0
0
0
0
0
0
0
0
0
0
0
0
0
0
0
0
0
0
0
0
0
0
0
0
0
0
0
0
0
0
0
9.6594
0
0
0
0
0
0
0
0
0
0
0
0
0
0
0
0
0
0
-3.9207
0
0
0
0
0
0
0
0
0
0
0
0
0
0
0
0
0
0
0
0
0
0
0
0
0
0
0
0
0
0
0
0
0
0
0
0
0
0
0
0
0
0
0
0
0
0
0
0
0
0
0
0
0
0
0
0
0
0
0
0
0
0
0
0
0
0
0
0
0
0
0
0
0
0
0
0
0
0
-3.0115
0
0
0
0
0
0
0
0
0
0
0
0
0
0
0
-2.8308
0
-2.8265
0
0
0
0
0
0
0
0
0
8.6688
0
0
0
0
0
0
0
0
0
0
0
0
0
0
0
0
0
0
0
0
0
0
0
0
0
0
0
0
0
0
0
0
0
0
0
0
0
0
0
0
0
0
0
0
0
0
0
0
0
0
0
0
0
0
0
0
0
0
0
0
0
0
0
0
0
0
0
0
0
0
0
0
0
0
0
0
0
0
0
0
0
0
0
0
0
0
0
0
0
0
0
0
0
0
0
0
-0.52421
0
0
0
0
0
0
0
0
0
0
0
0
0
0
-2.0976
0
0
0
0
0
0
0
0
0
0
0
0
0
6.0346
0
0
0
0
0
0
0
0
0
0
0
0
0
0
0
0
0
0
0
0
0
0
0
0
0
0
0
0
0
0
0
0
0
0
0
0
-3.4129
0
0
0
0
0
0
0
0
0
0
0
0
0
0
0
0
0
0
0
0
0
0
0
0
0
-2.7537
0
0
0
0
0
0
0
0
0
0
0
0
0
0
0
0
-2.7205
0
0
0
0
0
0
0
0
0
0
0
0
0
0
0
0
0
0
0
0
0
0
0
0
0
0
0
0
0
0
0
0
0
0
0
-2.6482
0
0
0
0
0
0
0
0
0
8.1224
0
0
0
0
0
0
0
0
0
0
0
0
0
0
0
0
0
0
0
0
0
0
0
0
0
0
0
0
0
0
0
0
0
0
0
0
0
0
0
0
0
0
0
0
0
0
0
0
0
0
0
-4.2239
0
0
0
0
0
0
0
0
0
0
0
0
0
0
0
0
0
0
0
0
0
0
0
0
0
0
0
0
0
0
0
0
0
0
0
0
0
0
0
0
-3.9717
0
0
0
0
0
0
0
0
0
0
0
0
0
0
0
0
0
0
0
0
0
0
0
0
0
0
0
0
0
0
0
0
8.1956
0
0
0
0
0
0
0
0
0
0
0
0
0
0
0
0
0
0
0
0
0
0
0
0
0
0
0
0
0
0
0
0
0
0
0
0
0
0
0
0
0
0
0
0
0
0
0
0
0
0
0
0
0
0
0
0
0
0
0
0
0
0
0
0
0
0
0
0
0
0
0
0
0
0
0
0
0
0
0
0
0
0
0
0
0
0
0
0
0
0
0
0
0
0
0
0
0
0
0
0
0
0
0
0
0
0
0
0
0
0
0
0
0
0
0
0
0
-2.7882
0
0
0
0
0
0
0
6.5525
0
-3.7644
0
0
0
0
0
0
0
0
0
0
0
0
0
0
0
0
0
0
0
0
0
0
0
0
0
0
0
0
0
0
0
0
0
0
0
0
0
0
0
0
0
0
0
0
0
0
0
0
0
0
0
-4.0146
0
0
0
0
0
0
0
0
0
0
0
0
0
0
0
0
0
0
0
0
0
0
0
0
0
0
0
0
0
0
0
0
0
0
0
0
0
0
0
0
0
-3.9029
0
0
0
0
0
0
0
0
0
0
0
0
0
0
0
0
0
0
0
0
0
0
0
0
0
0
0
0
0
7.9175
0
0
0
0
0
0
0
0
0
0
0
0
0
0
0
0
0
0
0
0
0
0
0
0
0
0
0
0
0
0
0
0
0
0
0
0
0
0
0
0
0
0
0
0
0
0
0
0
0
0
0
0
0
0
0
0
0
0
0
0
0
0
0
0
0
0
0
0
0
0
0
0
0
0
0
0
0
0
0
0
-3.4602
0
0
0
0
0
0
0
0
0
0
0
0
0
0
0
0
0
0
0
0
0
0
0
0
0
0
0
0
0
0
0
0
0
0
0
0
0
0
0
0
0
0
-3.7644
0
7.2246
0
0
0
0
0
0
0
0
0
0
0
0
0
0
0
0
0
0
0
0
0
0
0
0
0
0
0
0
0
0
0
0
0
0
0
0
0
0
0
0
0
0
0
0
0
0
0
0
0
0
0
0
0
0
0
0
0
0
0
0
0
0
0
0
0
0
0
0
0
0
0
0
0
0
0
0
0
0
0
0
0
0
0
0
0
0
0
0
0
0
0
0
-3.8062
0
0
0
0
0
0
0
0
0
0
0
0
0
0
0
0
0
0
0
0
0
0
0
0
0
0
0
0
0
0
0
0
7.3297
0
0
0
0
0
0
-3.5235
0
0
0
0
0
0
0
0
0
0
0
0
0
0
0
0
0
0
0
0
0
0
0
0
0
0
0
0
0
0
0
0
0
-2.5032
0
0
0
0
0
0
0
0
0
0
0
0
0
0
0
0
0
0
0
0
0
0
0
0
0
0
0
0
0
0
0
0
0
0
0
0
0
0
0
0
0
0
0
0
0
0
0
0
0
0
0
0
0
0
0
0
0
0
-2.3093
0
0
0
0
0
0
0
0
0
0
0
0
0
0
0
0
0
0
0
0
0
0
0
0
0
4.8125
0
0
0
0
0
0
0
0
0
0
0
0
0
0
0
0
0
0
0
0
0
0
0
0
0
0
0
0
0
0
0
0
0
0
0
0
0
0
0
0
0
0
0
0
0
0
0
0
0
0
0
0
-3.4846
0
0
0
0
0
0
0
0
0
0
0
0
0
0
0
0
0
0
0
0
0
0
0
0
0
0
0
0
0
0
0
0
0
0
0
0
0
0
0
0
0
0
0
0
0
0
0
0
0
0
0
0
0
0
0
0
0
0
0
0
0
0
0
0
0
0
0
0
0
0
0
0
7.2344
0
0
-3.7499
0
0
0
0
0
0
0
0
0
0
0
0
0
0
0
0
0
0
0
0
0
0
0
0
0
0
0
0
0
0
0
0
0
0
0
0
0
0
0
0
0
0
0
0
0
0
0
0
0
0
0
0
0
0
0
0
-3.1608
0
0
0
0
0
0
0
0
0
0
0
0
0
0
0
0
0
0
0
0
0
0
0
0
0
0
0
0
0
0
0
0
0
0
0
0
-2.7124
0
0
0
0
0
0
0
0
0
0
0
0
0
0
0
0
0
0
0
0
0
0
0
0
0
0
0
0
5.8732
0
0
0
0
0
0
0
0
0
0
0
0
0
0
0
0
0
0
0
0
0
0
0
0
0
0
0
0
0
0
0
0
0
0
0
0
0
0
0
0
0
0
0
0
0
0
0
0
0
0
0
0
0
0
0
0
0
0
0
0
0
0
0
0
0
0
0
0
0
0
0
0
0
0
-1.6511
0
0
0
0
0
0
0
0
0
0
0
0
0
0
0
0
0
0
0
0
0
0
0
0
0
0
0
0
0
0
0
0
0
0
-2.8495
0
0
0
0
0
0
0
0
0
0
0
0
0
0
0
4.5006
0
0
0
0
0
0
0
0
0
0
0
0
0
0
0
0
0
0
0
0
0
0
0
0
0
0
0
0
0
0
0
0
0
0
0
0
0
0
0
0
0
0
0
0
0
0
0
0
0
0
0
0
0
0
0
0
0
0
0
0
0
0
0
0
0
0
0
0
0
0
0
0
0
0
0
0
0
0
0
0
0
0
0
0
0
0
0
0
0
0
0
0
0
0
0
0
0
0
0
0
0
0
0
0
0
0
0
0
0
-2.7769
0
0
0
0
0
0
0
0
0
0
0
0
-3.7499
0
0
6.5267
0
0
0
0
0
0
0
0
0
0
0
0
0
0
0
0
0
0
0
0
0
0
0
0
0
0
0
0
0
0
0
0
0
0
0
0
0
0
0
0
0
0
0
0
0
0
0
0
0
0
0
0
0
0
0
0
0
0
-2.664
0
0
0
0
0
0
0
0
0
0
0
0
0
0
0
0
0
0
0
0
0
0
0
0
0
0
0
0
0
0
0
0
0
0
0
0
0
0
0
0
0
0
0
0
0
0
-2.5844
0
0
0
0
0
0
0
0
0
0
0
0
0
0
0
0
0
0
0
5.2483
0
0
0
0
0
0
0
0
0
0
0
0
0
0
0
0
0
0
0
0
0
0
0
0
0
0
0
0
0
0
0
0
0
0
0
0
0
0
0
0
0
0
0
0
0
0
0
0
0
0
0
0
0
0
0
0
0
0
0
0
0
0
0
0
0
0
0
0
0
0
0
0
0
0
0
0
0
0
0
0
0
0
0
0
0
0
0
0
0
0
0
0
0
0
0
0
0
0
0
0
0
-3.4123
0
0
0
0
0
0
0
0
0
0
0
0
0
0
0
0
-3.5235
0
0
0
0
0
0
6.9358
0
0
0
0
0
0
0
0
0
0
0
0
0
0
0
0
0
0
0
0
0
0
0
0
0
0
0
0
0
0
0
0
0
0
0
0
0
0
0
0
0
0
0
0
0
0
0
0
0
0
0
0
0
0
0
0
0
0
0
0
0
0
0
0
0
0
0
0
0
0
0
0
0
0
0
0
0
0
0
0
-2.2745
0
0
0
0
0
0
0
0
0
0
0
0
0
0
0
-2.4307
0
0
0
0
0
0
0
0
0
0
0
0
0
0
0
0
0
0
0
0
0
0
0
0
0
0
0
0
4.7051
0
0
0
0
0
0
0
0
0
0
0
0
0
0
0
0
0
0
0
0
0
0
0
0
0
0
0
0
0
0
0
0
0
0
0
0
0
0
0
0
0
0
0
0
0
0
0
0
0
0
0
0
0
0
0
0
0
0
0
0
0
-3.6544
0
0
0
0
0
0
0
0
0
0
0
0
0
0
0
0
0
0
0
0
0
0
0
0
-3.2622
0
0
0
0
0
0
0
0
0
0
0
0
0
0
0
0
0
0
0
0
0
0
0
0
0
0
0
0
0
0
0
0
0
0
0
0
0
0
6.9167
0
0
0
0
0
0
0
0
0
0
0
0
0
0
0
0
0
0
0
0
0
0
0
0
0
0
0
0
-6.9691
0
0
0
0
0
0
0
0
0
0
0
0
0
0
0
0
0
0
0
0
0
0
0
0
0
0
0
0
0
0
0
0
0
0
0
0
0
0
0
0
0
0
0
0
0
0
0
0
0
0
0
0
0
0
0
0
0
0
0
0
0
0
0
0
0
0
0
0
0
0
0
0
0
0
0
0
0
0
0
0
0
0
0
0
0
0
0
0
0
0
0
0
0
0
0
0
6.9691
0
0
0
0
0
0
0
0
0
0
0
0
0
0
0
0
0
0
0
0
0
0
0
0
0
0
0
0
0
0
0
0
0
0
0
0
0
0
0
0
0
0
0
0
0
0
0
0
0
0
0
0
0
0
0
0
0
0
0
0
0
0
0
0
0
0
0
0
0
0
0
0
0
0
0
0
0
0
0
0
0
0
0
0
0
0
0
0
0
0
0
0
0
0
0
0
0
0
0
0
0
0
0
0
0
0
-3.9207
0
0
0
0
0
0
0
0
0
0
0
0
0
0
0
0
0
0
3.9207
0
0
0
0
0
0
0
0
0
0
0
0
0
0
0
0
0
0
0
0
0
0
0
0
0
0
0
0
0
0
0
0
0
0
0
0
0
0
0
0
0
0
0
0
0
0
0
0
0
0
0
0
0
0
0
0
0
0
0
0
0
0
0
0
0
0
0
0
0
0
0
0
0
0
0
0
0
0
0
0
0
0
-3.6518
0
0
0
0
0
0
0
0
0
0
0
0
0
0
0
0
0
0
0
0
0
0
0
0
0
0
0
0
0
0
0
0
0
0
0
0
0
0
0
0
0
0
3.6518
0
0
0
0
0
0
0
0
0
0
0
0
0
0
0
0
0
0
0
0
0
0
0
0
0
0
0
0
0
0
0
0
0
0
0
0
0
0
0
0
0
0
0
0
0
0
0
0
0
0
0
0
0
0
0
0
0
0
0
0
0
0
0
0
0
0
0
0
0
0
0
0
0
0
0
0
0
0
-4.7416
0
0
0
0
0
0
0
0
0
0
0
0
0
0
0
0
0
0
0
0
0
0
0
0
0
0
0
0
0
0
0
0
0
0
0
0
0
0
0
0
0
0
0
0
0
0
4.7416
0
0
0
0
0
0
0
0
0
0
0
0
0
0
0
0
0
0
0
0
0
0
0
0
0
0
0
0
0
0
0
0
0
0
0
0
0
0
0
0
0
0
0
0
0
0
-5.9322
0
0
0
0
0
0
0
0
0
0
0
0
0
0
0
0
0
0
0
0
0
0
0
0
0
0
0
0
0
0
0
0
0
0
0
0
0
0
0
0
0
0
0
0
0
0
0
0
0
0
0
0
0
0
0
0
0
0
0
0
0
0
0
0
0
0
0
0
0
0
0
0
0
0
0
0
0
0
5.9322
0
0
0
0
0
0
0
0
0
0
0
0
0
0
0
0
0
0
0
0
0
0
0
0
0
0
0
0
0
0
0
0
0
0
0
-6.3567
0
0
0
0
0
0
0
0
0
0
0
0
0
0
0
0
0
0
0
0
0
0
0
0
0
0
0
0
0
0
0
0
0
0
0
0
0
0
0
0
0
0
0
0
0
0
0
0
0
0
0
0
0
0
0
0
0
0
0
0
0
0
0
0
0
0
0
0
0
0
0
0
0
0
0
0
0
0
0
0
0
0
0
0
0
0
0
0
0
6.3567
0
0
0
0
0
0
0
0
0
0
0
0
0
0
0
0
0
0
0
0
0
0
0
0
0
0
0
0
0
0
0
0
0
0
0
0
0
0
0
0
0
0
0
0
0
0
0
0
0
0
0
0
0
0
0
0
0
0
0
0
0
0
0
0
0
0
0
0
0
0
0
0
0
0
0
0
0
-4.4911
0
0
0
0
0
0
0
0
0
0
0
0
0
0
0
0
0
0
0
0
0
0
0
0
0
0
0
0
0
0
0
0
0
0
0
0
0
0
0
0
0
0
0
0
0
0
0
4.4911
0
0
0
0
0
0
0
0
0
0
0
0
0
0
0
0
0
0
0
0
-7.5063
0
0
0
0
0
0
0
0
0
0
0
0
0
0
0
0
0
0
0
0
0
0
0
0
0
0
0
0
0
0
0
0
0
0
0
0
0
0
0
0
0
0
0
0
0
0
0
0
0
0
0
0
0
0
0
0
0
0
0
0
0
0
0
0
0
0
0
0
0
0
0
0
0
0
0
0
0
0
0
0
0
0
0
0
0
0
0
0
0
0
0
0
0
0
0
0
0
0
0
0
0
0
0
0
7.5063
0
0
0
0
0
0
0
0
0
0
0
0
0
0
0
0
0
0
0
0
0
0
0
0
0
0
0
0
0
0
0
0
0
0
0
0
0
0
0
0
0
0
0
0
0
0
0
-5.3865
0
0
0
0
0
0
0
0
0
0
0
0
0
0
0
0
0
0
0
0
0
0
0
0
0
0
0
0
0
0
0
0
0
0
0
0
0
0
0
0
0
0
0
0
0
0
0
0
0
0
0
0
0
0
0
0
0
0
0
0
0
0
0
0
0
0
0
0
0
0
0
0
0
0
0
0
0
5.3865
0
0
0
0
0
0
0
0
0
0
0
0
0
0
0
0
0
0
0
0
0
0
0
0
0
0
0
0
0
0
0
0
0
0
0
0
0
0
0
0
0
0
0
0
0
0
0
0
0
0
0
0
0
0
0
0
0
0
0
0
0
0
0
0
0
0
0
0
0
0
0
0
0
0
0
0
0
0
0
0
0
0
0
0
0
0
0
0
0
0
0
0
0
-1.3062
0
0
0
0
0
0
0
0
0
0
0
0
0
0
0
0
0
0
0
0
0
0
0
0
0
0
0
0
0
0
0
1.3062
0
0
0
0
0
0
0
0
0
0
0
0
0
0
0
0
0
0
0
0
0
0
0
0
0
0
0
0
0
0
0
0
0
0
0
0
0
0
0
0
0
0
0
0
0
0
0
0
0
0
0
0
0
0
0
0
0
0
0
0
0
0
0
0
0
0
0
-4.6636
0
0
0
0
0
0
0
0
0
0
0
0
0
0
0
0
0
0
0
0
0
0
0
0
0
0
0
0
0
0
0
0
0
0
0
0
0
0
0
0
0
0
0
0
0
0
0
0
0
0
0
0
0
0
0
0
0
4.6636
0
0
0
0
0
0
0
0
0
0
0
0
0
0
0
0
0
0
0
0
0
0
0
0
0
0
0
0
0
0
0
0
0
0
0
0
0
0
0
0
0
0
0
0
0
0
0
0
0
0
0
0
0
0
0
0
0
0
0
0
0
0
0
0
0
0
0
0
0
0
0
0
-4.4911
0
0
0
0
0
0
0
0
0
0
0
0
0
0
0
0
0
0
0
0
0
0
0
0
0
0
0
0
0
0
0
0
0
0
0
0
0
0
0
0
0
0
0
0
0
0
0
0
0
0
0
0
4.4911
0
0
0
0
0
0
0
0
0
0
0
0
0
0
0
0
0
0
0
0
0
0
0
0
0
0
0
0
0
0
0
0
0
0
0
0
0
0
0
-5.9318
0
0
0
0
0
0
0
0
0
0
0
0
0
0
0
0
0
0
0
0
0
0
0
0
0
0
0
0
0
0
0
0
0
0
0
0
0
0
0
0
0
0
0
0
0
0
0
0
0
0
0
0
0
0
0
0
0
0
0
0
0
0
0
0
0
0
0
0
0
0
0
0
0
0
0
0
0
0
0
0
0
0
0
0
0
5.9318
0
0
0
0
0
0
0
0
0
0
0
0
0
0
0
0
0
0
0
0
0
0
0
0
0
0
0
0
0
0
0
0
0
0
0
0
0
0
0
0
0
0
0
0
0
0
0
0
0
0
0
0
0
0
0
0
0
0
0
0
0
0
0
0
0
0
0
0
0
0
0
0
0
0
0
0
0
0
0
0
0
0
0
0
0
0
0
0
0
0
0
0
-3.1365
0
0
0
0
0
0
0
0
0
0
0
0
0
0
0
0
0
0
0
0
0
0
0
0
0
0
0
0
0
0
0
0
3.1365
0
0
0
0
0
0
0
0
0
0
0
0
0
0
0
0
0
0
0
0
0
0
0
0
0
0
0
0
0
0
0
0
0
0
0
0
0
0
0
0
0
0
0
0
0
0
0
0
0
0
0
0
0
0
0
0
0
0
0
0
0
0
0
0
0
0
0
-4.7416
0
0
0
0
0
0
0
0
0
0
0
0
0
0
0
0
0
0
0
0
0
0
0
0
0
0
0
0
0
0
0
0
0
0
0
0
0
0
0
0
0
0
0
0
0
0
0
0
0
0
0
0
0
0
0
0
0
4.7416
0
0
0
0
0
0
0
0
0
0
0
-7.4362
0
0
0
0
0
0
0
0
0
0
0
0
0
0
0
0
0
0
0
0
0
0
0
0
0
0
0
0
0
0
0
0
0
0
0
0
0
0
0
0
0
0
0
0
0
0
0
0
0
0
0
0
0
0
0
0
0
0
0
0
0
0
0
0
0
0
0
0
0
0
0
0
0
0
0
0
0
0
0
0
0
0
0
0
0
0
0
0
0
0
0
0
0
0
0
0
0
0
0
0
0
0
0
0
0
0
0
0
0
0
0
0
0
7.4362
0
0
0
0
0
0
0
0
0
0
0
0
0
0
0
0
0
0
0
0
0
0
0
0
0
0
0
0
0
0
0
0
0
0
0
0
0
0
0
0
0
0
0
0
0
0
0
0
0
0
0
0
0
0
0
0
0
0
0
0
0
0
0
0
0
0
0
0
0
0
0
0
0
0
0
0
0
0
0
0
-3.4656
0
0
0
0
0
0
0
0
0
0
0
0
0
0
0
0
0
0
0
0
0
0
0
0
0
0
0
0
0
0
0
0
0
0
0
0
0
0
0
0
0
0
0
0
3.4656
0
0
0
0
0
0
0
0
0
0
0
0
0
0
0
0
0
0
0
0
0
0
0
0
0
0
0
0
0
0
0
0
0
0
0
0
0
0
0
0
0
0
0
0
0
0
0
0
0
0
0
0
0
0
0
0
0
0
0
0
0
0
0
0
0
0
0
0
0
0
0
0
0
0
0
0
-3.7384
0
0
0
0
0
0
0
0
0
0
0
0
0
0
0
0
0
0
0
0
0
0
0
0
0
0
0
0
0
0
0
0
0
0
0
0
0
0
0
0
0
0
0
0
0
0
0
0
3.7384
0
0
0
0
0
0
0
0
0
0
0
0
0
0
0
0
0
0
0
0
0
0
0
0
0
0
0
0
0
0
0
0
0
0
0
0
0
0
0
0
0
0
0
0
0
0
0
0
0
0
0
0
0
0
0
0
0
0
0
0
0
0
0
0
-4.4371
0
0
0
0
0
0
0
0
0
0
0
0
0
0
0
0
0
0
0
0
0
0
0
0
0
0
0
0
0
0
0
0
0
0
0
0
0
0
0
0
0
0
0
0
0
0
0
0
0
0
0
0
0
0
0
0
0
0
0
0
4.4371
0
0
0
0
0
0
0
0
0
0
-7.0597
0
0
0
0
0
0
0
0
0
0
0
0
0
0
0
0
0
0
0
0
0
0
0
0
0
0
0
0
0
0
0
0
0
0
0
0
0
0
0
0
0
0
0
0
0
0
0
0
0
0
0
0
0
0
0
0
0
0
0
0
0
0
0
0
0
0
0
0
0
0
0
0
0
0
0
0
0
0
0
0
0
0
0
0
0
0
0
0
0
0
0
0
0
0
0
0
0
0
0
0
0
0
0
0
0
0
0
0
0
0
0
0
0
0
7.0597
0
0
0
0
0
0
0
0
0
0
0
0
0
0
0
0
0
0
0
0
0
0
0
0
0
0
0
0
0
0
0
0
0
0
0
0
0
0
0
0
0
0
0
0
0
0
0
0
0
0
0
0
0
0
0
0
0
0
0
0
0
0
0
0
0
0
0
0
0
0
0
0
0
0
0
0
0
0
0
-0.49852
0
0
0
0
0
0
0
0
0
0
0
0
0
0
0
0
0
0
0
0
0
0
0
0
0
0
0
0
0
0
0
0
0
0
0
0
0
0
0
0
0
0
0
0
0
0.49852
0
0
0
0
0
0
0
0
0
0
0
0
0
0
0
0
0
0
0
0
0
0
0
0
0
0
0
0
0
0
0
0
0
0
0
0
0
0
0
0
0
0
0
0
0
0
0
0
0
0
0
0
0
0
0
0
0
0
0
0
0
0
0
0
0
0
0
0
0
0
0
0
0
0
0
0
0
0
0
0
0
0
0
0
0
0
0
0
-3.4129
0
0
0
0
0
0
0
0
0
0
0
0
0
0
0
0
0
0
0
0
0
0
0
0
0
0
0
0
0
0
0
0
0
0
0
0
3.4129
0
0
0
0
0
0
0
0
0
0
0
0
0
0
0
0
0
0
0
0
0
0
0
0
0
0
0
0
0
0
0
0
0
0
0
0
0
0
0
0
0
0
0
0
0
0
0
0
0
0
0
0
0
0
0
0
0
0
0
0
0
0
0
0
0
0
0
0
0
0
0
0
0
0
-3.4656
0
0
0
0
0
0
0
0
0
0
0
0
0
0
0
0
0
0
0
0
0
0
0
0
0
0
0
0
0
0
0
0
0
0
0
0
0
0
0
0
0
0
0
0
0
0
0
0
0
0
3.4656
0
0
0
0
0
0
0
0
0
0
0
0
0
0
0
0
0
0
0
0
-6.3566
0
0
0
0
0
0
0
0
0
0
0
0
0
0
0
0
0
0
0
0
0
0
0
0
0
0
0
0
0
0
0
0
0
0
0
0
0
0
0
0
0
0
0
0
0
0
0
0
0
0
0
0
0
0
0
0
0
0
0
0
0
0
0
0
0
0
0
0
0
0
0
0
0
0
0
0
0
0
0
0
0
0
0
0
0
0
0
0
0
0
0
0
0
0
0
0
0
0
0
0
0
0
0
0
6.3566
0
0
0
0
0
0
0
0
0
0
0
0
0
0
0
0
0
0
0
0
0
0
0
0
0
0
0
0
0
0
0
0
0
0
0
0
0
0
0
0
0
0
0
0
0
0
0
0
0
0
0
0
0
0
0
0
0
0
0
0
0
0
0
0
0
0
0
0
0
0
0
-3.7887
0
0
0
0
0
0
0
0
0
0
0
0
0
0
0
0
0
0
0
0
0
0
0
0
0
0
0
0
0
0
0
0
0
0
0
0
0
0
0
0
0
0
0
0
0
0
0
0
0
0
0
0
0
3.7887
0
0
0
0
0
0
0
0
0
0
0
0
0
0
0
0
0
0
0
0
0
0
0
0
0
0
0
0
0
0
0
0
0
0
0
0
0
0
0
0
0
0
0
0
0
0
0
0
0
0
0
0
0
0
0
0
0
0
0
0
0
0
0
0
0
0
0
0
0
0
0
0
0
0
0
0
-3.2512
0
0
0
0
0
0
0
0
0
0
0
0
0
0
0
0
0
0
0
0
0
0
0
0
0
0
0
0
0
0
0
0
0
0
0
0
0
0
0
0
0
0
0
0
0
0
0
0
3.2512
