76.1235
-0.92124
-0.9086
-0.90999
-0.90578
-0.90845
-0.90396
-0.90245
-0.89838
-0.90041
-0.89768
-0.90709
-0.88821
-0.8882
-0.92705
-0.9113
-0.88233
-0.92705
-0.89904
-0.88911
-0.88912
-0.89341
-0.88702
-0.88293
-0.89526
-0.89525
-0.89938
-0.87659
-0.8791
-0.88262
-0.88735
-0.87928
-0.88736
-0.87619
-0.89142
-0.87619
-0.87551
-0.87465
-0.88798
-0.89102
-0.88201
-0.87376
-0.87482
-0.88266
-0.86983
-0.86984
-0.88308
-0.88394
-0.88659
-0.87199
-0.85696
-0.89823
-0.88655
-0.86101
-0.88683
-0.91733
-0.91396
-0.92127
-0.91129
-0.95496
-0.96179
-0.93515
-0.98044
-0.98637
-1.0348
-1.1901
-1.1455
-1.2663
-1.3495
-1.7375
0
-2.0445
0
0
0
-2.211
0
0
0
0
0
0
0
0
0
0
0
0
0
0
0
0
0
0
0
0
0
0
0
0
0
0
0
0
0
0
0
0
0
0
0
0
0
0
-7.6095
0
0
0
0
0
0
0
0
0
0
-0.92124
74.4654
-0.90394
-0.90516
-0.90283
-0.90468
-0.90018
-0.89871
-0.89466
-0.89672
-0.89374
-0.90279
-0.88421
-0.8842
-0.92317
-0.90697
-0.87837
-0.92318
-0.89502
-0.88514
-0.88516
-0.89133
-0.88303
-0.87945
-0.89155
-0.89153
-0.89556
-0.87262
-0.87602
-0.87879
-0.88341
-0.87299
-0.8834
-0.87227
-0.88764
-0.87227
-0.87156
-0.87309
-0.88387
-0.88708
-0.87957
-0.86986
-0.87076
-0.88159
-0.86595
-0.86595
-0.87913
-0.88018
-0.88271
-0.86807
-0.85299
-0.89413
-0.88204
-0.85699
-0.88263
-0.9128
-0.90973
-0.91659
-0.90747
-0.95106
-0.95732
-0.93068
-0.97586
-0.98221
-1.03
-1.1852
-1.1569
-1.2601
-1.3442
0
0
-2.0362
0
-2.464
0
0
0
0
0
0
0
0
0
0
0
0
0
0
0
0
0
0
0
0
0
0
0
0
0
0
0
0
0
0
0
0
-7.6949
0
0
0
0
0
0
0
0
0
0
0
0
0
0
0
0
0
0
-0.9086
-0.90394
70.7132
-0.89495
-0.89299
-0.89442
-0.89033
-0.88857
-0.88445
-0.88648
-0.8837
-0.89223
-0.87425
-0.87424
-0.91199
-0.89614
-0.86836
-0.91198
-0.88502
-0.8751
-0.87511
-0.87938
-0.87303
-0.86916
-0.88099
-0.88095
-0.88527
-0.86255
-0.8661
-0.86852
-0.8734
-0.86515
-0.87341
-0.86231
-0.87672
-0.8623
-0.86158
-0.86099
-0.87362
-0.87705
-0.86956
-0.85989
-0.86081
-0.87183
-0.856
-0.856
-0.86905
-0.87018
-0.87277
-0.8581
-0.84305
-0.88394
-0.87123
-0.84706
-0.87278
-0.90252
-0.89958
-0.90563
-0.89743
-0.93856
-0.94751
-0.92091
-0.96607
-0.97158
-1.0201
-1.1756
-1.1324
-1.2497
-1.3345
0
0
-2.0328
0
0
0
0
0
0
0
0
0
0
0
0
0
0
0
0
0
0
0
0
0
0
0
0
0
0
0
-7.1106
0
0
0
0
0
0
0
0
0
0
0
0
0
0
0
0
0
0
0
0
0
0
0
0
0
-0.90999
-0.90516
-0.89495
70.4824
-0.89327
-0.89317
-0.89076
-0.88739
-0.88328
-0.88528
-0.88255
-0.89112
-0.87305
-0.87303
-0.91062
-0.8951
-0.86716
-0.91062
-0.88398
-0.87389
-0.8739
-0.87823
-0.87194
-0.86797
-0.87948
-0.87947
-0.88387
-0.86138
-0.86488
-0.86728
-0.8722
-0.86402
-0.87219
-0.86111
-0.87563
-0.86111
-0.8604
-0.85975
-0.87085
-0.87588
-0.86846
-0.85873
-0.86037
-0.87095
-0.85485
-0.85485
-0.8679
-0.86906
-0.87152
-0.85694
-0.84188
-0.8825
-0.87011
-0.84591
-0.87169
-0.89936
-0.89917
-0.90375
-0.89574
-0.93758
-0.94636
-0.91978
-0.96492
-0.97001
-1.0186
-1.1744
-1.131
-1.2509
-1.3327
0
0
0
0
0
0
0
0
-1.7799
0
0
0
0
0
0
0
0
0
0
0
0
0
0
0
0
0
0
0
0
0
0
0
0
0
0
0
0
0
0
0
0
0
0
0
0
0
0
0
0
-7.2065
0
0
0
0
0
0
-0.90578
-0.90283
-0.89299
-0.89327
65.5367
-0.89752
-0.89272
-0.89113
-0.887
-0.88909
-0.8864
-0.89216
-0.87677
-0.87676
-0.9156
-0.89791
-0.87086
-0.91559
-0.88792
-0.87772
-0.87771
-0.88277
-0.87578
-0.8721
-0.88387
-0.88384
-0.88828
-0.86533
-0.86901
-0.87213
-0.87597
-0.86837
-0.87598
-0.86484
-0.88066
-0.86484
-0.8641
-0.86403
-0.87655
-0.8797
-0.8711
-0.86249
-0.86394
-0.87469
-0.85856
-0.85856
-0.87198
-0.87288
-0.87538
-0.86068
-0.84557
-0.88742
-0.86957
-0.84962
-0.87586
-0.90719
-0.90312
-0.90922
-0.90102
-0.94406
-0.95004
-0.92339
-0.96852
-0.97538
-1.0241
-1.1791
-1.1381
-1.2569
-1.3418
-1.7391
0
-2.0414
0
0
0
0
0
0
0
0
0
0
0
0
0
0
0
0
0
0
0
0
0
0
0
0
0
0
0
0
0
0
0
0
0
0
0
0
0
0
0
0
0
0
0
0
0
0
0
0
0
0
0
0
0
-0.90845
-0.90468
-0.89442
-0.89317
-0.89752
64.3672
-0.89437
-0.89132
-0.88717
-0.88932
-0.88667
-0.89241
-0.877
-0.877
-0.91601
-0.89823
-0.87124
-0.916
-0.88846
-0.87814
-0.87815
-0.8831
-0.87632
-0.87252
-0.88375
-0.88373
-0.88832
-0.86558
-0.86929
-0.87207
-0.87641
-0.86881
-0.87642
-0.86528
-0.88096
-0.86529
-0.86453
-0.86436
-0.87688
-0.88017
-0.87277
-0.86294
-0.86409
-0.87533
-0.85902
-0.85901
-0.87222
-0.87347
-0.87567
-0.86116
-0.84602
-0.88807
-0.8698
-0.85005
-0.87611
-0.90677
-0.90404
-0.90887
-0.90157
-0.94426
-0.9508
-0.9241
-0.96929
-0.97508
-1.0129
-1.1803
-1.1385
-1.2569
-1.3425
0
0
0
0
0
0
0
0
0
0
0
0
0
0
0
0
0
0
0
0
0
-2.5921
0
0
0
0
0
0
0
0
0
0
0
0
0
0
0
0
0
0
0
0
0
0
0
0
0
0
0
0
0
0
0
0
0
0
-0.90396
-0.90018
-0.89033
-0.89076
-0.89272
-0.89437
63.6112
-0.88837
-0.8842
-0.88636
-0.88366
-0.88934
-0.87402
-0.87401
-0.9133
-0.89517
-0.86809
-0.91329
-0.88525
-0.87498
-0.87499
-0.88012
-0.87313
-0.86943
-0.88122
-0.8812
-0.88555
-0.86264
-0.86632
-0.86961
-0.87324
-0.86566
-0.87323
-0.8621
-0.87804
-0.8621
-0.86134
-0.86132
-0.8738
-0.87695
-0.86953
-0.85974
-0.86113
-0.87211
-0.85582
-0.85582
-0.86927
-0.87024
-0.87266
-0.85793
-0.84283
-0.88473
-0.86676
-0.84684
-0.87285
-0.90444
-0.90051
-0.90658
-0.89843
-0.94122
-0.94717
-0.92052
-0.96561
-0.97255
-1.0212
-1.1761
-1.1351
-1.2534
-1.3389
0
0
-2.0369
0
0
0
0
0
0
0
0
0
0
0
0
0
0
0
0
0
0
0
0
0
0
0
0
0
0
0
0
0
0
0
0
0
0
0
0
0
0
0
0
0
0
0
0
0
0
0
0
0
0
0
0
0
-0.90245
-0.89871
-0.88857
-0.88739
-0.89113
-0.89132
-0.88837
61.3614
-0.8809
-0.88318
-0.88037
-0.88594
-0.87073
-0.87072
-0.90983
-0.89179
-0.86478
-0.90982
-0.88202
-0.87174
-0.87172
-0.87685
-0.86987
-0.86618
-0.87792
-0.8779
-0.88215
-0.85932
-0.86307
-0.86639
-0.87
-0.86243
-0.87
-0.85885
-0.87463
-0.85885
-0.85807
-0.85797
-0.87069
-0.87368
-0.86629
-0.85649
-0.85784
-0.86883
-0.85253
-0.85255
-0.86594
-0.86702
-0.86926
-0.85467
-0.83955
-0.88142
-0.86338
-0.84359
-0.8698
-0.90128
-0.89755
-0.90322
-0.89526
-0.93788
-0.9439
-0.91724
-0.9623
-0.9692
-1.0179
-1.1728
-1.1314
-1.2502
-1.3359
0
0
0
0
0
0
0
0
0
0
0
0
0
0
0
0
0
0
0
0
0
0
0
0
0
0
0
0
0
0
0
0
0
0
0
0
0
0
0
0
0
0
0
0
0
0
0
0
0
0
0
0
0
0
0
0
-0.89838
-0.89466
-0.88445
-0.88328
-0.887
-0.88717
-0.8842
-0.8809
59.7216
-0.87897
-0.87559
-0.8813
-0.86609
-0.86608
-0.90518
-0.88712
-0.86012
-0.90517
-0.87742
-0.86711
-0.86712
-0.87225
-0.86527
-0.86153
-0.87335
-0.87332
-0.87745
-0.85467
-0.85843
-0.86196
-0.86537
-0.85781
-0.86538
-0.85424
-0.86999
-0.85423
-0.85342
-0.85331
-0.86604
-0.86899
-0.86163
-0.85183
-0.85322
-0.86416
-0.8479
-0.84789
-0.86129
-0.86233
-0.86456
-0.85
-0.8349
-0.87675
-0.85896
-0.83895
-0.86514
-0.89668
-0.89288
-0.8985
-0.89054
-0.93313
-0.93911
-0.91245
-0.95746
-0.96448
-1.013
-1.1676
-1.1265
-1.2453
0
0
0
0
0
0
0
0
0
0
0
0
0
0
0
0
0
0
0
0
0
0
0
0
0
0
0
0
0
0
0
0
0
0
0
0
0
0
0
0
0
0
0
0
0
0
0
0
0
0
0
0
0
0
0
0
0
-0.90041
-0.89672
-0.88648
-0.88528
-0.88909
-0.88932
-0.88636
-0.88318
-0.87897
58.5916
-0.87759
-0.88286
-0.86728
-0.86726
-0.90647
-0.88908
-0.86156
-0.90647
-0.87909
-0.86874
-0.86875
-0.87493
-0.8669
-0.86317
-0.87545
-0.87543
-0.87925
-0.85629
-0.86009
-0.86429
-0.86704
-0.8595
-0.86704
-0.8559
-0.87184
-0.85589
-0.85509
-0.855
-0.86772
-0.87066
-0.86332
-0.8535
-0.85483
-0.86583
-0.84956
-0.84956
-0.86294
-0.86407
-0.86624
-0.85167
-0.83653
-0.87852
-0.86065
-0.84062
-0.86679
-0.89848
-0.89449
-0.90048
-0.89243
-0.93494
-0.94093
-0.91426
-0.95928
-0.96633
-1.0149
-1.17
-1.128
0
0
0
0
0
0
0
0
0
0
0
0
0
0
0
0
0
0
0
0
0
0
0
0
0
0
0
0
0
0
0
0
0
0
0
0
0
0
0
0
0
0
0
0
0
0
0
0
0
0
0
0
0
0
0
0
0
0
-0.89768
-0.89374
-0.8837
-0.88255
-0.8864
-0.88667
-0.88366
-0.88037
-0.87559
-0.87759
60.2248
-0.87994
-0.86472
-0.86473
-0.90377
-0.88552
-0.85879
-0.90376
-0.87564
-0.86575
-0.86577
-0.86524
-0.86367
-0.86014
-0.87173
-0.87171
-0.87599
-0.85311
-0.85694
-0.86028
-0.86399
-0.85628
-0.86399
-0.85284
-0.86833
-0.85285
-0.85203
-0.85227
-0.86463
-0.86759
-0.86019
-0.85044
-0.85196
-0.86233
-0.84653
-0.84652
-0.85965
-0.86083
-0.86312
-0.84863
-0.83354
-0.87536
-0.85769
-0.83758
-0.86348
-0.89548
-0.89112
-0.89728
-0.88905
-0.93193
-0.93796
-0.91135
-0.95637
-0.96342
-1.0122
-1.1669
0
0
0
0
0
0
0
0
0
0
0
0
0
0
0
-2.964
0
0
0
0
0
0
0
0
0
0
0
0
0
0
0
0
0
0
0
0
0
0
0
0
0
0
0
0
0
0
0
0
0
0
0
0
0
0
0
0
0
0
0
-0.90709
-0.90279
-0.89223
-0.89112
-0.89216
-0.89241
-0.88934
-0.88594
-0.8813
-0.88286
-0.87994
60.7707
-0.87032
-0.87032
-0.90984
-0.89107
-0.86379
-0.90983
-0.88101
-0.87072
-0.87071
-0.87615
-0.86881
-0.86519
-0.87769
-0.87766
-0.88064
-0.85837
-0.86199
-0.86592
-0.86881
-0.86189
-0.86882
-0.85763
-0.87361
-0.85764
-0.8568
-0.85727
-0.87045
-0.87303
-0.8657
-0.85586
-0.85707
-0.86828
-0.85195
-0.85195
-0.86556
-0.86646
-0.86778
-0.85399
-0.839
-0.8811
-0.83368
-0.8429
-0.86904
-0.90105
-0.89686
-0.9036
-0.8952
-0.93951
-0.9433
-0.91666
-0.96179
-0.97036
-1.018
0
0
0
0
0
0
0
0
0
0
0
0
0
0
0
0
0
0
0
0
-4.341
0
0
0
0
0
0
0
0
0
0
0
0
0
0
0
0
0
0
0
0
0
0
0
0
0
0
0
0
0
0
0
0
0
0
0
0
0
0
0
-0.88821
-0.88421
-0.87425
-0.87305
-0.87677
-0.877
-0.87402
-0.87073
-0.86609
-0.86728
-0.86472
-0.87032
56.6488
-0.84981
-0.89369
-0.87634
-0.849
-0.89368
-0.86587
-0.8563
-0.8563
-0.86402
-0.85428
-0.85076
-0.86332
-0.86328
-0.86603
-0.84369
-0.84748
-0.85242
-0.85451
-0.84677
-0.8545
-0.84336
-0.85826
-0.84336
-0.84248
-0.84283
-0.85491
-0.85798
-0.85063
-0.8409
-0.84219
-0.85301
-0.83696
-0.83697
-0.85022
-0.85137
-0.8535
-0.83903
-0.82395
-0.86567
-0.84795
-0.82802
-0.85397
-0.88535
-0.88146
-0.88741
-0.87958
-0.9219
-0.928
-0.90141
-0.94627
-0.9532
-1.0017
-1.1563
0
0
0
0
0
0
0
0
0
0
0
0
0
0
0
0
0
0
0
0
0
0
0
0
0
0
0
0
0
0
0
0
0
0
0
0
0
0
0
0
0
0
0
0
0
0
0
0
0
0
0
0
0
0
0
0
0
0
0
-0.8882
-0.8842
-0.87424
-0.87303
-0.87676
-0.877
-0.87401
-0.87072
-0.86608
-0.86726
-0.86473
-0.87032
-0.84981
56.6481
-0.89369
-0.87634
-0.849
-0.89367
-0.86586
-0.85629
-0.85629
-0.86402
-0.85426
-0.85075
-0.8633
-0.86328
-0.86603
-0.84366
-0.84747
-0.85241
-0.85449
-0.84676
-0.8545
-0.84335
-0.85824
-0.84335
-0.84247
-0.8428
-0.85489
-0.85796
-0.85061
-0.84088
-0.84218
-0.85299
-0.83696
-0.83695
-0.8502
-0.85137
-0.85349
-0.83903
-0.82394
-0.86566
-0.84793
-0.82802
-0.85395
-0.88533
-0.88145
-0.8874
-0.87956
-0.92189
-0.92798
-0.9014
-0.94627
-0.95319
-1.0017
-1.1563
0
0
0
0
0
0
0
0
0
0
0
0
0
0
0
0
0
0
0
0
0
0
0
0
0
0
0
0
0
0
0
0
0
0
0
0
0
0
0
0
0
0
0
0
0
0
0
0
0
0
0
0
0
0
0
0
0
0
0
-0.92705
-0.92317
-0.91199
-0.91062
-0.9156
-0.91601
-0.9133
-0.90983
-0.90518
-0.90647
-0.90377
-0.90984
-0.89369
-0.89369
62.381
-0.91377
-0.88688
-0.93379
-0.90371
-0.89362
-0.89362
-0.89929
-0.89162
-0.88796
-0.90058
-0.90056
-0.90438
-0.88105
-0.88465
-0.88776
-0.89184
-0.88413
-0.89184
-0.88064
-0.8965
-0.88063
-0.87991
-0.88033
-0.8926
-0.89558
-0.88813
-0.87826
-0.87925
-0.89039
-0.87429
-0.87428
-0.88775
-0.88885
-0.89111
-0.87646
-0.86123
-0.90266
-0.88717
-0.8653
-0.89139
-0.92178
-0.91845
-0.92377
-0.91654
-0.96052
-0.96632
-0.93947
-0.98485
0
0
0
0
0
0
0
0
0
0
0
0
0
0
0
0
0
0
0
0
0
0
0
0
0
0
0
0
0
0
0
0
0
0
0
0
0
0
0
0
0
-6.5353
0
0
0
0
0
0
0
0
0
0
0
0
0
0
0
0
0
0
0
0
-0.9113
-0.90697
-0.89614
-0.8951
-0.89791
-0.89823
-0.89517
-0.89179
-0.88712
-0.88908
-0.88552
-0.89107
-0.87634
-0.87634
-0.91377
58.9341
-0.86925
-0.91376
-0.88665
-0.87632
-0.87633
-0.88442
-0.87453
-0.8708
-0.88396
-0.88395
-0.88749
-0.86388
-0.8676
-0.87272
-0.87456
-0.86757
-0.87456
-0.86383
-0.8798
-0.86383
-0.86304
-0.86322
-0.87581
-0.87868
-0.87132
-0.86145
-0.86255
-0.87387
-0.85754
-0.85755
-0.87091
-0.87151
-0.87394
-0.85974
-0.84457
-0.88635
-0.86915
-0.84854
-0.87454
-0.90591
-0.90223
-0.88552
-0.90043
-0.94378
-0.94945
-0.9227
-0.96797
0
0
0
0
0
0
0
0
0
0
0
0
0
0
0
0
0
0
0
0
0
0
0
0
-4.1442
0
0
0
0
0
0
0
0
0
0
0
0
0
0
0
0
0
0
0
0
0
0
0
0
0
0
0
0
0
0
0
0
0
0
0
0
0
-0.88233
-0.87837
-0.86836
-0.86716
-0.87086
-0.87124
-0.86809
-0.86478
-0.86012
-0.86156
-0.85879
-0.86379
-0.849
-0.849
-0.88688
-0.86925
54.0964
-0.88687
-0.85937
-0.85083
-0.85084
-0.85527
-0.8481
-0.84444
-0.85493
-0.85489
-0.86006
-0.83724
-0.84113
-0.84147
-0.84826
-0.84037
-0.84826
-0.83705
-0.85321
-0.83704
-0.83611
-0.83644
-0.84849
-0.85158
-0.84426
-0.83452
-0.83585
-0.84661
-0.8306
-0.8306
-0.84386
-0.84508
-0.8471
-0.83263
-0.81754
-0.85924
-0.84164
-0.82166
-0.84758
-0.87909
-0.87519
-0.88096
-0.8732
-0.91516
-0.92135
-0.89475
-0.93955
-0.94656
0
0
0
0
0
0
0
0
0
0
0
0
0
0
0
0
0
0
0
0
0
0
0
0
0
0
0
0
0
0
0
0
0
0
0
0
0
0
0
0
0
0
0
0
0
0
0
0
0
0
0
0
0
0
0
0
0
0
0
0
0
-0.92705
-0.92318
-0.91198
-0.91062
-0.91559
-0.916
-0.91329
-0.90982
-0.90517
-0.90647
-0.90376
-0.90983
-0.89368
-0.89367
-0.93379
-0.91376
-0.88687
62.3806
-0.9037
-0.89361
-0.89364
-0.89928
-0.89162
-0.88796
-0.90057
-0.90055
-0.90438
-0.88105
-0.88465
-0.88776
-0.89184
-0.88412
-0.89184
-0.88063
-0.89651
-0.88063
-0.87991
-0.88032
-0.8926
-0.89558
-0.88812
-0.87826
-0.87925
-0.89039
-0.87427
-0.87427
-0.88775
-0.88884
-0.89111
-0.87645
-0.86122
-0.90267
-0.88716
-0.86529
-0.89138
-0.92177
-0.91844
-0.92376
-0.91654
-0.96052
-0.96631
-0.93946
-0.98485
0
0
0
0
0
0
0
0
0
0
0
0
0
0
0
0
0
0
0
0
0
0
0
0
0
0
0
0
0
0
0
0
0
0
0
0
0
0
0
0
0
0
0
0
0
0
0
0
0
0
0
0
0
0
0
0
0
0
0
-6.5352
0
0
-0.89904
-0.89502
-0.88502
-0.88398
-0.88792
-0.88846
-0.88525
-0.88202
-0.87742
-0.87909
-0.87564
-0.88101
-0.86587
-0.86586
-0.90371
-0.88665
-0.85937
-0.9037
57.7752
-0.86652
-0.86653
-0.87393
-0.86321
-0.86076
-0.87332
-0.87329
-0.87687
-0.85386
-0.85768
-0.8625
-0.86475
-0.85686
-0.86476
-0.85357
-0.86733
-0.85358
-0.8527
-0.85293
-0.86542
-0.86824
-0.86081
-0.85109
-0.85278
-0.85656
-0.84715
-0.84715
-0.86043
-0.86165
-0.8636
-0.84923
-0.83426
-0.876
-0.85859
-0.83837
-0.86413
-0.89651
-0.89233
-0.89822
-0.89007
-0.93242
-0.9391
-0.91238
-0.95752
0
0
0
0
0
0
0
0
0
0
0
0
0
0
0
0
0
0
0
0
0
0
0
0
0
0
0
0
-3.6013
0
0
0
0
0
0
0
0
0
0
0
0
0
0
0
0
0
0
0
0
0
0
0
0
0
0
0
0
0
0
0
0
0
-0.88911
-0.88514
-0.8751
-0.87389
-0.87772
-0.87814
-0.87498
-0.87174
-0.86711
-0.86874
-0.86575
-0.87072
-0.8563
-0.85629
-0.89362
-0.87632
-0.85083
-0.89361
-0.86652
52.6144
-0.85382
-0.86133
-0.85355
-0.85027
-0.86145
-0.86144
-0.86861
-0.84325
-0.8472
-0.84812
-0.85465
-0.84672
-0.85464
-0.84343
-0.86322
-0.84344
-0.84265
-0.84312
-0.85533
-0.85824
-0.85096
-0.84111
-0.84254
-0.85352
-0.83717
-0.83716
-0.85056
-0.8518
-0.85384
-0.83924
-0.82407
-0.86608
-0.84851
-0.82827
-0.85443
-0.88642
-0.88238
-0.88829
-0.88009
-0.92194
-0.92835
-0.90156
0
0
0
0
0
0
0
0
0
0
0
0
0
0
0
0
0
0
0
0
0
0
0
0
0
0
0
0
0
0
0
0
0
0
0
0
0
0
0
0
0
0
0
0
0
0
0
0
0
0
0
0
0
0
0
0
0
0
0
0
0
0
0
-0.88912
-0.88516
-0.87511
-0.8739
-0.87771
-0.87815
-0.87499
-0.87172
-0.86712
-0.86875
-0.86577
-0.87071
-0.8563
-0.85629
-0.89362
-0.87633
-0.85084
-0.89364
-0.86653
-0.85382
52.6146
-0.86133
-0.85355
-0.85028
-0.86145
-0.86144
-0.86862
-0.84325
-0.8472
-0.84812
-0.85465
-0.84673
-0.85465
-0.84345
-0.86321
-0.84345
-0.84265
-0.84312
-0.85533
-0.85824
-0.85097
-0.84111
-0.84254
-0.85352
-0.83717
-0.83717
-0.85056
-0.8518
-0.85384
-0.83924
-0.82408
-0.86608
-0.8485
-0.82827
-0.85443
-0.88643
-0.88239
-0.88828
-0.8801
-0.92194
-0.92835
-0.90156
0
0
0
0
0
0
0
0
0
0
0
0
0
0
0
0
0
0
0
0
0
0
0
0
0
0
0
0
0
0
0
0
0
0
0
0
0
0
0
0
0
0
0
0
0
0
0
0
0
0
0
0
0
0
0
0
0
0
0
0
0
0
0
-0.89341
-0.89133
-0.87938
-0.87823
-0.88277
-0.8831
-0.88012
-0.87685
-0.87225
-0.87493
-0.86524
-0.87615
-0.86402
-0.86402
-0.89929
-0.88442
-0.85527
-0.89928
-0.87393
-0.86133
-0.86133
58.4382
-0.85832
-0.85407
-0.86725
-0.86723
-0.87008
-0.84535
-0.85144
-0.85541
-0.85897
-0.85119
-0.85898
-0.84774
-0.86246
-0.84774
-0.84684
-0.84202
-0.85239
-0.86228
-0.8548
-0.84518
-0.84659
-0.85637
-0.84127
-0.84127
-0.85114
-0.85579
-0.85757
-0.84335
-0.82825
-0.86929
-0.85235
-0.83259
-0.8599
-0.8891
-0.88388
-0.89084
-0.88404
0
0
0
0
0
0
0
0
0
0
0
0
0
0
0
0
0
0
0
0
0
-2.5052
-2.9455
0
0
-2.8875
0
0
0
0
0
0
0
0
0
0
0
0
0
0
0
0
0
0
0
0
0
0
0
0
0
0
0
0
0
0
0
0
0
0
0
0
0
0
0
0
-0.88702
-0.88303
-0.87303
-0.87194
-0.87578
-0.87632
-0.87313
-0.86987
-0.86527
-0.8669
-0.86367
-0.86881
-0.85428
-0.85426
-0.89162
-0.87453
-0.8481
-0.89162
-0.86321
-0.85355
-0.85355
-0.85832
52.444
-0.84817
-0.85843
-0.8584
-0.86665
-0.8409
-0.84485
-0.84532
-0.85249
-0.84419
-0.85249
-0.8411
-0.85367
-0.8411
-0.8402
-0.8404
-0.85267
-0.85572
-0.84831
-0.83862
-0.84029
-0.84903
-0.83463
-0.83463
-0.84794
-0.84913
-0.85103
-0.83667
-0.82152
-0.86338
-0.84623
-0.82572
-0.85164
-0.88401
-0.87992
-0.88585
-0.87753
0
0
0
0
0
0
0
0
0
0
0
0
0
0
0
0
0
0
0
-2.7233
0
0
0
0
0
0
0
0
0
0
0
0
0
0
0
0
0
0
0
0
0
0
0
0
0
0
0
0
0
0
0
0
0
0
0
0
0
0
0
0
0
0
0
0
0
0
-0.88293
-0.87945
-0.86916
-0.86797
-0.8721
-0.87252
-0.86943
-0.86618
-0.86153
-0.86317
-0.86014
-0.86519
-0.85076
-0.85075
-0.88796
-0.8708
-0.84444
-0.88796
-0.86076
-0.85027
-0.85028
-0.85407
-0.84817
51.0445
-0.85511
-0.85507
-0.86155
-0.83648
-0.84041
-0.8423
-0.84931
-0.83974
-0.84932
-0.83774
-0.85473
-0.83774
-0.8368
-0.83608
-0.84909
-0.85234
-0.84496
-0.83521
-0.83663
-0.84682
-0.83125
-0.83124
-0.84449
-0.8458
-0.8477
-0.83327
-0.81811
-0.85982
-0.84265
-0.82237
-0.84804
-0.87963
-0.87585
-0.8815
-0.87366
0
0
0
0
0
0
0
0
0
0
0
0
0
0
0
0
0
0
0
0
-1.5256
0
0
0
0
0
0
0
0
0
0
0
0
0
0
0
0
0
0
0
0
0
0
0
0
0
0
0
0
0
0
0
0
0
0
0
0
0
0
0
0
0
0
0
0
0
-0.89526
-0.89155
-0.88099
-0.87948
-0.88387
-0.88375
-0.88122
-0.87792
-0.87335
-0.87545
-0.87173
-0.87769
-0.86332
-0.8633
-0.90058
-0.88396
-0.85493
-0.90057
-0.87332
-0.86145
-0.86145
-0.86725
-0.85843
-0.85511
56.1864
-0.86569
-0.8682
-0.84755
-0.85142
-0.85274
-0.85911
-0.85095
-0.8591
-0.84777
-0.86042
-0.84776
-0.84675
-0.84684
-0.85805
-0.86216
-0.85463
-0.8451
-0.84586
-0.8563
-0.84116
-0.84117
-0.85371
-0.8553
-0.85741
-0.84315
-0.82802
-0.86818
-0.85268
-0.8322
-0.85704
-0.88617
-0.88401
-0.88853
-0.88225
0
0
0
0
0
0
0
0
0
0
0
0
0
0
0
0
0
0
0
0
0
0
0
0
0
0
0
0
0
0
0
0
0
0
0
0
0
0
0
0
0
0
0
0
-6.0731
0
0
0
0
0
0
0
0
0
0
0
0
0
0
0
0
0
0
0
0
0
-0.89525
-0.89153
-0.88095
-0.87947
-0.88384
-0.88373
-0.8812
-0.8779
-0.87332
-0.87543
-0.87171
-0.87766
-0.86328
-0.86328
-0.90056
-0.88395
-0.85489
-0.90055
-0.87329
-0.86144
-0.86144
-0.86723
-0.8584
-0.85507
-0.86569
56.1847
-0.86818
-0.84753
-0.85139
-0.85271
-0.85907
-0.85092
-0.85907
-0.84775
-0.8604
-0.84775
-0.84672
-0.84683
-0.85803
-0.86214
-0.8546
-0.84507
-0.84584
-0.8563
-0.84113
-0.84113
-0.85368
-0.85528
-0.8574
-0.84313
-0.828
-0.86817
-0.85266
-0.83217
-0.85702
-0.88614
-0.884
-0.88851
-0.88224
0
0
0
0
0
0
0
0
0
0
0
0
0
0
0
0
0
0
0
0
0
0
0
0
0
0
0
0
0
0
0
0
0
0
0
0
0
0
0
0
0
0
0
0
0
0
0
0
0
0
0
0
-6.0726
0
0
0
0
0
0
0
0
0
0
0
0
0
-0.89938
-0.89556
-0.88527
-0.88387
-0.88828
-0.88832
-0.88555
-0.88215
-0.87745
-0.87925
-0.87599
-0.88064
-0.86603
-0.86603
-0.90438
-0.88749
-0.86006
-0.90438
-0.87687
-0.86861
-0.86862
-0.87008
-0.86665
-0.86155
-0.8682
-0.86818
54.4778
-0.85397
-0.85778
-0.85557
-0.86494
-0.85698
-0.86493
-0.85354
-0.87072
-0.85354
-0.85316
-0.85349
-0.86555
-0.86887
-0.86153
-0.85166
-0.8528
-0.86393
-0.84772
-0.84773
-0.86073
-0.86211
-0.85829
-0.85028
-0.83509
-0.87614
-0.85833
-0.83902
-0.86507
-0.89566
-0.89227
0
0
0
0
0
0
0
0
0
0
0
0
0
0
0
0
0
0
0
-2.5512
0
0
0
0
0
0
0
0
0
0
0
0
0
0
0
-3.2763
0
0
0
0
0
0
0
0
0
0
0
0
0
0
0
0
0
0
0
0
0
0
0
0
0
0
0
0
0
0
0
0
-0.87659
-0.87262
-0.86255
-0.86138
-0.86533
-0.86558
-0.86264
-0.85932
-0.85467
-0.85629
-0.85311
-0.85837
-0.84369
-0.84366
-0.88105
-0.86388
-0.83724
-0.88105
-0.85386
-0.84325
-0.84325
-0.84535
-0.8409
-0.83648
-0.84755
-0.84753
-0.85397
50.5242
-0.83251
-0.83396
-0.84298
-0.8336
-0.84298
-0.83075
-0.84809
-0.83074
-0.8294
-0.82945
-0.83805
-0.8447
-0.83724
-0.82771
-0.82911
-0.8393
-0.8237
-0.82371
-0.83265
-0.83831
-0.84013
-0.82573
-0.81057
-0.85192
-0.83537
-0.81492
-0.84035
-0.87165
-0.86667
-0.87389
0
0
0
0
0
0
0
0
0
0
0
0
0
0
0
0
-2.2929
0
0
0
0
0
0
0
0
0
0
0
0
0
0
0
0
0
0
0
0
0
0
0
0
0
0
0
0
0
0
0
0
0
0
0
0
0
0
0
0
0
0
0
0
0
0
0
0
0
0
-0.8791
-0.87602
-0.8661
-0.86488
-0.86901
-0.86929
-0.86632
-0.86307
-0.85843
-0.86009
-0.85694
-0.86199
-0.84748
-0.84747
-0.88465
-0.8676
-0.84113
-0.88465
-0.85768
-0.8472
-0.8472
-0.85144
-0.84485
-0.84041
-0.85142
-0.85139
-0.85778
-0.83251
51.2322
-0.83892
-0.84621
-0.83714
-0.84622
-0.83441
-0.85112
-0.83441
-0.83327
-0.83331
-0.84522
-0.84876
-0.84131
-0.83165
-0.83303
-0.84127
-0.8277
-0.82771
-0.84077
-0.84221
-0.84404
-0.82967
-0.8145
-0.85597
-0.83903
-0.81881
-0.84441
-0.87573
-0.87221
-0.87786
0
0
0
0
0
0
0
0
0
0
0
0
0
0
0
0
0
0
0
0
0
0
0
0
0
0
0
0
0
0
0
0
0
0
0
0
0
-2.7793
0
0
0
0
0
0
0
0
0
0
0
0
0
0
0
0
0
0
0
0
0
0
0
0
0
0
0
0
0
-0.88262
-0.87879
-0.86852
-0.86728
-0.87213
-0.87207
-0.86961
-0.86639
-0.86196
-0.86429
-0.86028
-0.86592
-0.85242
-0.85241
-0.88776
-0.87272
-0.84147
-0.88776
-0.8625
-0.84812
-0.84812
-0.85541
-0.84532
-0.8423
-0.85274
-0.85271
-0.85557
-0.83396
-0.83892
55.6637
-0.84673
-0.83855
-0.84673
-0.83573
-0.84534
-0.83572
-0.8347
-0.83456
-0.84587
-0.85016
-0.8425
-0.83313
-0.83426
-0.84402
-0.8293
-0.82929
-0.83996
-0.84268
-0.84506
-0.8315
-0.81641
-0.85582
-0.83989
-0.8203
-0.84084
-0.87385
-0.86627
0
0
0
0
0
0
0
0
0
0
0
0
0
0
0
-2.4771
0
0
0
0
0
0
0
0
0
0
0
0
0
0
0
0
0
0
0
0
0
0
0
0
0
0
0
0
0
0
0
0
0
0
-5.5274
0
0
0
0
0
0
0
0
0
0
0
0
0
0
0
0
0
-0.88735
-0.88341
-0.8734
-0.8722
-0.87597
-0.87641
-0.87324
-0.87
-0.86537
-0.86704
-0.86399
-0.86881
-0.85451
-0.85449
-0.89184
-0.87456
-0.84826
-0.89184
-0.86475
-0.85465
-0.85465
-0.85897
-0.85249
-0.84931
-0.85911
-0.85907
-0.86494
-0.84298
-0.84621
-0.84673
48.8695
-0.84602
-0.85198
-0.8405
-0.85724
-0.8405
-0.84002
-0.84079
-0.85338
-0.85585
-0.84863
-0.83866
-0.84027
-0.85189
-0.83469
-0.83468
-0.84833
-0.84974
-0.85152
-0.83672
-0.82147
-0.86403
-0.84673
-0.82585
-0.85198
-0.88448
-0.88042
-0.88662
0
0
0
0
0
0
0
0
0
0
0
0
0
0
0
0
0
0
0
0
0
0
0
0
0
0
0
0
0
0
0
0
0
0
0
0
0
0
0
0
0
0
0
0
0
0
0
0
0
0
0
0
0
0
0
0
0
0
0
0
0
0
0
0
0
0
0
-0.87928
-0.87299
-0.86515
-0.86402
-0.86837
-0.86881
-0.86566
-0.86243
-0.85781
-0.8595
-0.85628
-0.86189
-0.84677
-0.84676
-0.88413
-0.86757
-0.84037
-0.88412
-0.85686
-0.84672
-0.84673
-0.85119
-0.84419
-0.83974
-0.85095
-0.85092
-0.85698
-0.8336
-0.83714
-0.83855
-0.84602
49.9277
-0.84602
-0.83394
-0.84963
-0.83393
-0.83276
-0.83308
-0.84443
-0.84832
-0.84077
-0.83114
-0.83245
-0.84253
-0.82725
-0.82726
-0.84012
-0.84114
-0.84362
-0.82956
-0.81432
-0.85547
-0.83918
-0.8182
-0.8439
-0.87442
-0.87042
0
0
0
0
0
0
0
0
0
0
0
0
0
0
0
0
-2.3823
0
0
0
0
0
0
0
0
0
0
0
0
0
0
0
0
0
0
0
0
0
0
0
0
0
0
0
0
0
0
0
0
0
0
0
0
0
0
0
0
0
0
0
0
0
0
0
0
0
0
0
-0.88736
-0.8834
-0.87341
-0.87219
-0.87598
-0.87642
-0.87323
-0.87
-0.86538
-0.86704
-0.86399
-0.86882
-0.8545
-0.8545
-0.89184
-0.87456
-0.84826
-0.89184
-0.86476
-0.85464
-0.85465
-0.85898
-0.85249
-0.84932
-0.8591
-0.85907
-0.86493
-0.84298
-0.84622
-0.84673
-0.85198
-0.84602
48.8696
-0.8405
-0.85724
-0.8405
-0.84004
-0.84079
-0.85339
-0.85585
-0.84864
-0.83865
-0.84027
-0.8519
-0.83469
-0.83469
-0.84834
-0.84974
-0.85153
-0.83673
-0.82147
-0.86402
-0.84673
-0.82584
-0.85198
-0.88448
-0.88043
-0.88663
0
0
0
0
0
0
0
0
0
0
0
0
0
0
0
0
0
0
0
0
0
0
0
0
0
0
0
0
0
0
0
0
0
0
0
0
0
0
0
0
0
0
0
0
0
0
0
0
0
0
0
0
0
0
0
0
0
0
0
0
0
0
0
0
0
0
0
-0.87619
-0.87227
-0.86231
-0.86111
-0.86484
-0.86528
-0.8621
-0.85885
-0.85424
-0.8559
-0.85284
-0.85763
-0.84336
-0.84335
-0.88064
-0.86383
-0.83705
-0.88063
-0.85357
-0.84343
-0.84345
-0.84774
-0.8411
-0.83774
-0.84777
-0.84775
-0.85354
-0.83075
-0.83441
-0.83573
-0.8405
-0.83394
-0.8405
47.3575
-0.8461
-0.8254
-0.82859
-0.82905
-0.84295
-0.84468
-0.83722
-0.8275
-0.82892
-0.84088
-0.82368
-0.82368
-0.83667
-0.83787
-0.84014
-0.82607
-0.81082
-0.85253
-0.83509
-0.81478
-0.84084
-0.87198
-0.86771
0
0
0
0
0
0
0
0
0
0
0
0
0
0
0
0
0
0
0
0
0
0
0
0
0
0
0
0
0
0
0
0
0
0
0
0
0
0
0
0
0
0
0
0
0
0
0
0
0
0
0
0
0
0
0
0
0
0
0
0
0
0
0
0
0
0
0
0
-0.89142
-0.88764
-0.87672
-0.87563
-0.88066
-0.88096
-0.87804
-0.87463
-0.86999
-0.87184
-0.86833
-0.87361
-0.85826
-0.85824
-0.8965
-0.8798
-0.85321
-0.89651
-0.86733
-0.86322
-0.86321
-0.86246
-0.85367
-0.85473
-0.86042
-0.8604
-0.87072
-0.84809
-0.85112
-0.84534
-0.85724
-0.84963
-0.85724
-0.8461
54.6156
-0.84611
-0.84462
-0.8443
-0.85663
-0.86025
-0.85246
-0.84302
-0.84426
-0.85256
-0.83921
-0.83922
-0.85204
-0.85288
-0.84894
-0.84161
-0.82651
-0.86668
-0.84952
-0.83079
0
0
0
0
0
0
0
0
0
0
0
0
0
0
0
0
0
0
0
0
0
0
-2.534
0
-2.7176
0
0
0
0
0
0
0
0
0
0
0
0
0
0
0
0
0
0
0
-3.7895
0
0
0
0
0
0
0
0
0
0
0
0
0
0
0
0
0
0
0
0
0
0
0
0
0
0
-0.87619
-0.87227
-0.8623
-0.86111
-0.86484
-0.86529
-0.8621
-0.85885
-0.85423
-0.85589
-0.85285
-0.85764
-0.84336
-0.84335
-0.88063
-0.86383
-0.83704
-0.88063
-0.85358
-0.84344
-0.84345
-0.84774
-0.8411
-0.83774
-0.84776
-0.84775
-0.85354
-0.83074
-0.83441
-0.83572
-0.8405
-0.83393
-0.8405
-0.8254
-0.84611
47.3575
-0.82858
-0.82905
-0.84295
-0.84468
-0.83723
-0.8275
-0.82891
-0.84088
-0.82366
-0.82368
-0.83667
-0.83788
-0.84014
-0.82607
-0.81083
-0.85253
-0.83509
-0.81478
-0.84084
-0.87198
-0.86773
0
0
0
0
0
0
0
0
0
0
0
0
0
0
0
0
0
0
0
0
0
0
0
0
0
0
0
0
0
0
0
0
0
0
0
0
0
0
0
0
0
0
0
0
0
0
0
0
0
0
0
0
0
0
0
0
0
0
0
0
0
0
0
0
0
0
0
0
-0.87551
-0.87156
-0.86158
-0.8604
-0.8641
-0.86453
-0.86134
-0.85807
-0.85342
-0.85509
-0.85203
-0.8568
-0.84248
-0.84247
-0.87991
-0.86304
-0.83611
-0.87991
-0.8527
-0.84265
-0.84265
-0.84684
-0.8402
-0.8368
-0.84675
-0.84672
-0.85316
-0.8294
-0.83327
-0.8347
-0.84002
-0.83276
-0.84004
-0.82859
-0.84462
-0.82858
45.5787
-0.8278
-0.84191
-0.84561
-0.83678
-0.82749
-0.82866
-0.83772
-0.82381
-0.82382
-0.83574
-0.8368
-0.83894
-0.8259
-0.81067
-0.85059
-0.8331
-0.81421
-0.84032
0
0
0
0
0
0
0
0
0
0
0
0
0
0
0
0
0
0
0
0
0
0
0
0
0
0
0
0
0
0
0
0
0
0
0
0
0
0
0
0
0
0
0
0
0
0
0
0
0
0
0
0
0
0
0
0
0
0
0
0
0
0
0
0
0
0
0
0
0
0
-0.87465
-0.87309
-0.86099
-0.85975
-0.86403
-0.86436
-0.86132
-0.85797
-0.85331
-0.855
-0.85227
-0.85727
-0.84283
-0.8428
-0.88033
-0.86322
-0.83644
-0.88032
-0.85293
-0.84312
-0.84312
-0.84202
-0.8404
-0.83608
-0.84684
-0.84683
-0.85349
-0.82945
-0.83331
-0.83456
-0.84079
-0.83308
-0.84079
-0.82905
-0.8443
-0.82905
-0.8278
46.3699
-0.84229
-0.84614
-0.83684
-0.82778
-0.82877
-0.83652
-0.82393
-0.82392
-0.83575
-0.83649
-0.83877
-0.82581
-0.81079
-0.85004
0
-0.815
0
0
0
0
0
0
0
0
0
0
0
0
0
0
0
0
0
0
0
0
0
0
0
0
0
0
-2.4642
0
0
0
0
0
0
0
0
0
0
0
0
0
0
0
0
0
0
0
0
0
0
0
0
0
0
0
0
0
0
0
0
0
0
0
0
0
0
0
0
0
0
0
0
-0.88798
-0.88387
-0.87362
-0.87085
-0.87655
-0.87688
-0.8738
-0.87069
-0.86604
-0.86772
-0.86463
-0.87045
-0.85491
-0.85489
-0.8926
-0.87581
-0.84849
-0.8926
-0.86542
-0.85533
-0.85533
-0.85239
-0.85267
-0.84909
-0.85805
-0.85803
-0.86555
-0.83805
-0.84522
-0.84587
-0.85338
-0.84443
-0.85339
-0.84295
-0.85663
-0.84295
-0.84191
-0.84229
48.3239
-0.85736
-0.85016
-0.83998
-0.84208
-0.8544
-0.83633
-0.83634
-0.84569
-0.85104
-0.8527
-0.83891
-0.82401
-0.86375
0
0
0
0
0
0
0
0
0
0
0
0
0
0
0
0
0
0
0
0
0
0
0
0
0
-1.7598
0
0
0
0
0
0
-2.85
0
0
0
0
0
0
0
0
0
0
0
0
0
0
0
0
0
0
0
0
0
0
0
0
0
0
0
0
0
0
0
0
0
0
0
0
0
0
0
0
-0.89102
-0.88708
-0.87705
-0.87588
-0.8797
-0.88017
-0.87695
-0.87368
-0.86899
-0.87066
-0.86759
-0.87303
-0.85798
-0.85796
-0.89558
-0.87868
-0.85158
-0.89558
-0.86824
-0.85824
-0.85824
-0.86228
-0.85572
-0.85234
-0.86216
-0.86214
-0.86887
-0.8447
-0.84876
-0.85016
-0.85585
-0.84832
-0.85585
-0.84468
-0.86025
-0.84468
-0.84561
-0.84614
-0.85736
44.7328
-0.85755
-0.84255
-0.84759
-0.8524
-0.8403
-0.84031
-0.85477
-0.85551
-0.8582
-0.84361
-0.8281
-0.87005
0
-0.83213
0
0
0
0
0
0
0
0
0
0
0
0
0
0
0
0
0
0
0
0
0
0
0
0
0
0
0
0
0
0
0
0
0
0
0
0
0
0
0
0
0
0
0
0
0
0
0
0
0
0
0
0
0
0
0
0
0
0
0
0
0
0
0
0
0
0
0
0
0
0
0
-0.88201
-0.87957
-0.86956
-0.86846
-0.8711
-0.87277
-0.86953
-0.86629
-0.86163
-0.86332
-0.86019
-0.8657
-0.85063
-0.85061
-0.88813
-0.87132
-0.84426
-0.88812
-0.86081
-0.85096
-0.85097
-0.8548
-0.84831
-0.84496
-0.85463
-0.8546
-0.86153
-0.83724
-0.84131
-0.8425
-0.84863
-0.84077
-0.84864
-0.83722
-0.85246
-0.83723
-0.83678
-0.83684
-0.85016
-0.85755
44.35
-0.83576
-0.83802
-0.84985
-0.83156
-0.83156
-0.84544
-0.84667
-0.84886
-0.83607
-0.82147
0
0
0
0
0
0
0
0
0
0
0
0
0
0
0
0
0
0
-1.6926
0
0
0
0
0
0
0
0
0
0
0
0
0
0
0
0
0
0
0
0
0
0
0
0
0
0
0
0
0
0
0
0
0
0
0
0
0
0
0
0
0
0
0
0
0
0
0
0
0
0
0
0
0
0
0
-0.87376
-0.86986
-0.85989
-0.85873
-0.86249
-0.86294
-0.85974
-0.85649
-0.85183
-0.8535
-0.85044
-0.85586
-0.8409
-0.84088
-0.87826
-0.86145
-0.83452
-0.87826
-0.85109
-0.84111
-0.84111
-0.84518
-0.83862
-0.83521
-0.8451
-0.84507
-0.85166
-0.82771
-0.83165
-0.83313
-0.83866
-0.83114
-0.83865
-0.8275
-0.84302
-0.8275
-0.82749
-0.82778
-0.83998
-0.84255
-0.83576
43.0158
-0.82565
-0.84078
-0.82329
-0.8233
-0.83296
-0.835
-0.83605
-0.8236
-0.80909
-0.84959
0
0
0
0
0
0
0
0
0
0
0
0
0
0
0
0
0
0
0
0
0
0
0
0
0
0
0
0
0
0
0
0
0
0
0
0
0
0
0
0
0
0
0
0
0
0
0
0
0
0
0
0
0
0
0
0
0
0
0
0
0
0
0
0
0
0
0
0
0
0
0
0
0
-0.87482
-0.87076
-0.86081
-0.86037
-0.86394
-0.86409
-0.86113
-0.85784
-0.85322
-0.85483
-0.85196
-0.85707
-0.84219
-0.84218
-0.87925
-0.86255
-0.83585
-0.87925
-0.85278
-0.84254
-0.84254
-0.84659
-0.84029
-0.83663
-0.84586
-0.84584
-0.8528
-0.82911
-0.83303
-0.83426
-0.84027
-0.83245
-0.84027
-0.82892
-0.84426
-0.82891
-0.82866
-0.82877
-0.84208
-0.84759
-0.83802
-0.82565
43.9264
-0.844
-0.82299
-0.823
-0.83346
-0.83504
-0.83635
-0.82548
-0.81151
0
0
0
0
0
0
0
0
0
0
0
0
0
0
0
0
0
0
0
0
0
0
0
0
0
0
0
0
0
0
0
0
0
0
0
0
0
0
0
0
0
0
-1.6943
0
0
0
0
0
0
0
0
0
0
0
0
0
0
0
0
0
0
0
0
0
0
0
0
0
0
0
0
0
0
0
-0.88266
-0.88159
-0.87183
-0.87095
-0.87469
-0.87533
-0.87211
-0.86883
-0.86416
-0.86583
-0.86233
-0.86828
-0.85301
-0.85299
-0.89039
-0.87387
-0.84661
-0.89039
-0.85656
-0.85352
-0.85352
-0.85637
-0.84903
-0.84682
-0.8563
-0.8563
-0.86393
-0.8393
-0.84127
-0.84402
-0.85189
-0.84253
-0.8519
-0.84088
-0.85256
-0.84088
-0.83772
-0.83652
-0.8544
-0.8524
-0.84985
-0.84078
-0.844
46.7961
-0.83505
-0.83505
-0.84254
0
-0.84502
-0.83553
0
0
0
0
0
0
0
0
0
0
0
0
0
0
0
0
0
0
0
0
0
0
0
0
0
-2.1493
0
0
0
0
0
0
0
0
0
0
0
0
-3.5745
0
0
0
0
0
0
0
0
0
0
0
0
0
0
0
0
0
0
0
0
0
0
0
0
0
0
0
0
0
0
0
0
0
0
0
0
-0.86983
-0.86595
-0.856
-0.85485
-0.85856
-0.85902
-0.85582
-0.85253
-0.8479
-0.84956
-0.84653
-0.85195
-0.83696
-0.83696
-0.87429
-0.85754
-0.8306
-0.87427
-0.84715
-0.83717
-0.83717
-0.84127
-0.83463
-0.83125
-0.84116
-0.84113
-0.84772
-0.8237
-0.8277
-0.8293
-0.83469
-0.82725
-0.83469
-0.82368
-0.83921
-0.82366
-0.82381
-0.82393
-0.83633
-0.8403
-0.83156
-0.82329
-0.82299
-0.83505
41.9745
-0.81294
-0.82947
-0.83111
-0.83347
-0.82168
-0.80696
0
0
0
0
0
0
0
0
0
0
0
0
0
0
0
0
0
0
0
0
0
0
0
0
0
0
0
0
0
0
0
0
0
0
0
0
0
0
0
0
0
0
0
0
0
0
0
0
0
0
0
0
0
0
0
0
0
0
0
0
0
0
0
0
0
0
0
0
0
0
0
0
0
0
-0.86984
-0.86595
-0.856
-0.85485
-0.85856
-0.85901
-0.85582
-0.85255
-0.84789
-0.84956
-0.84652
-0.85195
-0.83697
-0.83695
-0.87428
-0.85755
-0.8306
-0.87427
-0.84715
-0.83716
-0.83717
-0.84127
-0.83463
-0.83124
-0.84117
-0.84113
-0.84773
-0.82371
-0.82771
-0.82929
-0.83468
-0.82726
-0.83469
-0.82368
-0.83922
-0.82368
-0.82382
-0.82392
-0.83634
-0.84031
-0.83156
-0.8233
-0.823
-0.83505
-0.81294
41.9746
-0.82947
-0.83111
-0.83347
-0.82168
-0.80696
0
0
0
0
0
0
0
0
0
0
0
0
0
0
0
0
0
0
0
0
0
0
0
0
0
0
0
0
0
0
0
0
0
0
0
0
0
0
0
0
0
0
0
0
0
0
0
0
0
0
0
0
0
0
0
0
0
0
0
0
0
0
0
0
0
0
0
0
0
0
0
0
0
0
-0.88308
-0.87913
-0.86905
-0.8679
-0.87198
-0.87222
-0.86927
-0.86594
-0.86129
-0.86294
-0.85965
-0.86556
-0.85022
-0.8502
-0.88775
-0.87091
-0.84386
-0.88775
-0.86043
-0.85056
-0.85056
-0.85114
-0.84794
-0.84449
-0.85371
-0.85368
-0.86073
-0.83265
-0.84077
-0.83996
-0.84833
-0.84012
-0.84834
-0.83667
-0.85204
-0.83667
-0.83574
-0.83575
-0.84569
-0.85477
-0.84544
-0.83296
-0.83346
-0.84254
-0.82947
-0.82947
41.5279
0
0
0
0
0
0
0
0
0
0
0
0
0
0
0
0
0
0
0
0
0
0
0
0
0
0
0
-2.2751
0
0
0
0
0
0
0
0
0
0
0
0
0
0
0
0
0
0
0
0
0
0
0
0
0
0
0
0
0
0
0
0
0
0
0
0
0
0
0
0
0
0
0
0
0
0
0
0
0
0
-0.88394
-0.88018
-0.87018
-0.86906
-0.87288
-0.87347
-0.87024
-0.86702
-0.86233
-0.86407
-0.86083
-0.86646
-0.85137
-0.85137
-0.88885
-0.87151
-0.84508
-0.88884
-0.86165
-0.8518
-0.8518
-0.85579
-0.84913
-0.8458
-0.8553
-0.85528
-0.86211
-0.83831
-0.84221
-0.84268
-0.84974
-0.84114
-0.84974
-0.83787
-0.85288
-0.83788
-0.8368
-0.83649
-0.85104
-0.85551
-0.84667
-0.835
-0.83504
0
-0.83111
-0.83111
0
41.3508
0
0
0
0
0
0
0
0
0
-0.88686
0
0
0
0
0
0
0
0
0
0
0
0
-1.9864
0
0
0
0
0
0
0
0
0
0
0
0
0
0
0
0
0
0
0
0
0
0
0
0
0
0
0
0
0
0
0
0
0
0
0
0
0
0
0
0
0
0
0
0
0
0
0
0
0
0
0
0
0
0
-0.88659
-0.88271
-0.87277
-0.87152
-0.87538
-0.87567
-0.87266
-0.86926
-0.86456
-0.86624
-0.86312
-0.86778
-0.8535
-0.85349
-0.89111
-0.87394
-0.8471
-0.89111
-0.8636
-0.85384
-0.85384
-0.85757
-0.85103
-0.8477
-0.85741
-0.8574
-0.85829
-0.84013
-0.84404
-0.84506
-0.85152
-0.84362
-0.85153
-0.84014
-0.84894
-0.84014
-0.83894
-0.83877
-0.8527
-0.8582
-0.84886
-0.83605
-0.83635
-0.84502
-0.83347
-0.83347
0
0
41.9022
0
0
0
0
0
0
0
0
0
0
0
0
0
0
0
0
0
0
0
0
0
0
0
0
0
0
0
-2.4961
0
0
0
0
0
0
0
0
0
0
0
0
0
0
0
0
0
0
0
0
0
0
0
0
0
0
0
0
0
0
0
0
0
0
0
0
0
0
0
0
0
0
0
0
0
0
0
0
-0.87199
-0.86807
-0.8581
-0.85694
-0.86068
-0.86116
-0.85793
-0.85467
-0.85
-0.85167
-0.84863
-0.85399
-0.83903
-0.83903
-0.87646
-0.85974
-0.83263
-0.87645
-0.84923
-0.83924
-0.83924
-0.84335
-0.83667
-0.83327
-0.84315
-0.84313
-0.85028
-0.82573
-0.82967
-0.8315
-0.83672
-0.82956
-0.83673
-0.82607
-0.84161
-0.82607
-0.8259
-0.82581
-0.83891
-0.84361
-0.83607
-0.8236
-0.82548
-0.83553
-0.82168
-0.82168
0
0
0
38.7767
0
0
0
0
0
0
0
0
0
0
0
0
0
0
0
0
0
0
0
0
0
0
0
0
0
0
0
0
0
0
0
0
0
0
0
0
0
0
0
0
0
0
0
0
0
0
0
0
0
0
0
0
0
0
0
0
0
0
0
0
0
0
0
0
0
0
0
0
0
0
0
0
0
0
0
-0.85696
-0.85299
-0.84305
-0.84188
-0.84557
-0.84602
-0.84283
-0.83955
-0.8349
-0.83653
-0.83354
-0.839
-0.82395
-0.82394
-0.86123
-0.84457
-0.81754
-0.86122
-0.83426
-0.82407
-0.82408
-0.82825
-0.82152
-0.81811
-0.82802
-0.828
-0.83509
-0.81057
-0.8145
-0.81641
-0.82147
-0.81432
-0.82147
-0.81082
-0.82651
-0.81083
-0.81067
-0.81079
-0.82401
-0.8281
-0.82147
-0.80909
-0.81151
0
-0.80696
-0.80696
0
0
0
0
37.2631
0
0
0
0
0
0
0
0
0
0
0
0
0
0
0
0
0
0
0
0
0
0
0
0
0
0
0
0
0
0
0
0
0
0
0
0
0
0
0
0
0
0
0
0
0
0
0
0
0
0
0
0
0
0
0
0
0
0
0
0
0
0
0
0
0
0
0
0
0
0
0
0
0
0
-0.89823
-0.89413
-0.88394
-0.8825
-0.88742
-0.88807
-0.88473
-0.88142
-0.87675
-0.87852
-0.87536
-0.8811
-0.86567
-0.86566
-0.90266
-0.88635
-0.85924
-0.90267
-0.876
-0.86608
-0.86608
-0.86929
-0.86338
-0.85982
-0.86818
-0.86817
-0.87614
-0.85192
-0.85597
-0.85582
-0.86403
-0.85547
-0.86402
-0.85253
-0.86668
-0.85253
-0.85059
-0.85004
-0.86375
-0.87005
0
-0.84959
0
0
0
0
0
0
0
0
0
40.4877
0
0
0
0
0
0
0
0
0
0
0
0
0
0
0
0
0
0
0
0
0
0
0
0
0
0
0
0
0
0
0
0
0
0
0
0
0
0
0
0
0
0
0
0
0
0
0
0
0
0
0
0
0
0
0
0
0
-4.7771
0
0
0
0
0
0
0
0
0
0
0
0
0
0
0
-0.88655
-0.88204
-0.87123
-0.87011
-0.86957
-0.8698
-0.86676
-0.86338
-0.85896
-0.86065
-0.85769
-0.83368
-0.84795
-0.84793
-0.88717
-0.86915
-0.84164
-0.88716
-0.85859
-0.84851
-0.8485
-0.85235
-0.84623
-0.84265
-0.85268
-0.85266
-0.85833
-0.83537
-0.83903
-0.83989
-0.84673
-0.83918
-0.84673
-0.83509
-0.84952
-0.83509
-0.8331
0
0
0
0
0
0
0
0
0
0
0
0
0
0
0
38.0998
0
0
0
0
0
0
0
0
0
0
0
0
0
0
0
0
0
0
0
0
0
0
0
0
0
0
0
0
0
0
0
0
-4.0686
0
0
0
0
0
0
0
0
0
0
0
-2.3996
0
0
0
0
0
0
0
0
0
0
0
0
0
0
0
0
0
0
0
0
0
0
0
0
0
0
0
-0.86101
-0.85699
-0.84706
-0.84591
-0.84962
-0.85005
-0.84684
-0.84359
-0.83895
-0.84062
-0.83758
-0.8429
-0.82802
-0.82802
-0.8653
-0.84854
-0.82166
-0.86529
-0.83837
-0.82827
-0.82827
-0.83259
-0.82572
-0.82237
-0.8322
-0.83217
-0.83902
-0.81492
-0.81881
-0.8203
-0.82585
-0.8182
-0.82584
-0.81478
-0.83079
-0.81478
-0.81421
-0.815
0
-0.83213
0
0
0
0
0
0
0
0
0
0
0
0
0
32.5425
0
0
0
0
0
0
0
0
0
0
0
0
0
0
0
0
0
0
0
0
0
0
0
0
0
0
0
0
0
0
0
0
0
0
0
0
0
0
0
0
0
0
0
0
0
0
0
0
0
0
0
0
0
0
0
0
0
0
0
0
0
0
0
0
0
0
0
0
0
0
0
-0.88683
-0.88263
-0.87278
-0.87169
-0.87586
-0.87611
-0.87285
-0.8698
-0.86514
-0.86679
-0.86348
-0.86904
-0.85397
-0.85395
-0.89139
-0.87454
-0.84758
-0.89138
-0.86413
-0.85443
-0.85443
-0.8599
-0.85164
-0.84804
-0.85704
-0.85702
-0.86507
-0.84035
-0.84441
-0.84084
-0.85198
-0.8439
-0.85198
-0.84084
0
-0.84084
-0.84032
0
0
0
0
0
0
0
0
0
0
0
0
0
0
0
0
0
34.6742
0
0
0
0
0
0
0
0
0
0
0
0
0
0
0
0
0
0
0
0
0
0
0
0
0
0
0
-3.1425
-0.53872
0
0
0
0
0
0
0
0
0
0
0
0
0
0
0
0
0
0
0
0
0
0
0
0
0
0
0
0
0
0
0
0
0
0
0
0
0
0
0
0
0
-0.91733
-0.9128
-0.90252
-0.89936
-0.90719
-0.90677
-0.90444
-0.90128
-0.89668
-0.89848
-0.89548
-0.90105
-0.88535
-0.88533
-0.92178
-0.90591
-0.87909
-0.92177
-0.89651
-0.88642
-0.88643
-0.8891
-0.88401
-0.87963
-0.88617
-0.88614
-0.89566
-0.87165
-0.87573
-0.87385
-0.88448
-0.87442
-0.88448
-0.87198
0
-0.87198
0
0
0
0
0
0
0
0
0
0
0
0
0
0
0
0
0
0
0
42.7707
0
0
0
0
0
0
0
0
0
0
0
0
0
0
0
0
0
0
0
0
0
-1.7702
0
0
0
0
0
0
0
0
0
0
0
0
0
0
0
0
0
0
0
0
0
0
0
0
-4.8796
0
0
0
0
0
0
0
0
0
0
-4.8796
0
0
0
0
0
0
0
0
0
0
0
-0.91396
-0.90973
-0.89958
-0.89917
-0.90312
-0.90404
-0.90051
-0.89755
-0.89288
-0.89449
-0.89112
-0.89686
-0.88146
-0.88145
-0.91845
-0.90223
-0.87519
-0.91844
-0.89233
-0.88238
-0.88239
-0.88388
-0.87992
-0.87585
-0.88401
-0.884
-0.89227
-0.86667
-0.87221
-0.86627
-0.88042
-0.87042
-0.88043
-0.86771
0
-0.86773
0
0
0
0
0
0
0
0
0
0
0
0
0
0
0
0
0
0
0
0
39.5782
0
0
0
0
0
0
0
0
0
0
0
0
0
0
0
0
0
0
0
0
0
0
0
0
0
0
0
0
0
0
0
0
-3.9311
0
0
0
0
0
0
0
0
0
0
0
0
0
0
0
0
0
0
0
0
0
0
0
0
0
0
0
-4.5379
0
0
0
0
0
0
0
-0.92127
-0.91659
-0.90563
-0.90375
-0.90922
-0.90887
-0.90658
-0.90322
-0.8985
-0.90048
-0.89728
-0.9036
-0.88741
-0.8874
-0.92377
-0.88552
-0.88096
-0.92376
-0.89822
-0.88829
-0.88828
-0.89084
-0.88585
-0.8815
-0.88853
-0.88851
0
-0.87389
-0.87786
0
-0.88662
0
-0.88663
0
0
0
0
0
0
0
0
0
0
0
0
0
0
-0.88686
0
0
0
0
0
0
0
0
0
40.9515
0
0
0
0
0
0
0
0
0
0
0
0
0
0
0
0
0
0
0
0
0
0
0
0
0
0
0
0
0
-4.0244
0
0
0
0
0
0
0
0
0
0
0
0
0
0
0
0
0
-4.5707
0
0
0
0
-4.5707
0
0
0
0
0
0
0
0
0
0
0
0
0
0
-0.91129
-0.90747
-0.89743
-0.89574
-0.90102
-0.90157
-0.89843
-0.89526
-0.89054
-0.89243
-0.88905
-0.8952
-0.87958
-0.87956
-0.91654
-0.90043
-0.8732
-0.91654
-0.89007
-0.88009
-0.8801
-0.88404
-0.87753
-0.87366
-0.88225
-0.88224
0
0
0
0
0
0
0
0
0
0
0
0
0
0
0
0
0
0
0
0
0
0
0
0
0
0
0
0
0
0
0
0
28.9064
0
0
0
0
0
0
0
0
0
0
0
-1.9459
0
0
0
0
0
0
0
0
0
0
0
0
0
0
0
0
0
0
0
0
0
0
0
0
0
0
0
0
0
0
-3.7693
0
0
0
0
0
0
0
0
0
0
0
0
0
0
0
0
0
0
0
0
0
0
0
-0.95496
-0.95106
-0.93856
-0.93758
-0.94406
-0.94426
-0.94122
-0.93788
-0.93313
-0.93494
-0.93193
-0.93951
-0.9219
-0.92189
-0.96052
-0.94378
-0.91516
-0.96052
-0.93242
-0.92194
-0.92194
0
0
0
0
0
0
0
0
0
0
0
0
0
0
0
0
0
0
0
0
0
0
0
0
0
0
0
0
0
0
0
0
0
0
0
0
0
0
23.0539
0
0
0
0
0
0
0
0
0
0
0
0
0
0
0
0
0
0
0
0
0
0
0
0
0
0
0
0
0
0
0
0
0
0
0
0
0
0
-3.3647
0
0
0
0
0
0
0
0
0
0
0
0
0
0
0
0
0
0
0
0
0
0
0
0
0
0
-0.96179
-0.95732
-0.94751
-0.94636
-0.95004
-0.9508
-0.94717
-0.9439
-0.93911
-0.94093
-0.93796
-0.9433
-0.928
-0.92798
-0.96632
-0.94945
-0.92135
-0.96631
-0.9391
-0.92835
-0.92835
0
0
0
0
0
0
0
0
0
0
0
0
0
0
0
0
0
0
0
0
0
0
0
0
0
0
0
0
0
0
0
0
0
0
0
0
0
0
0
19.8214
0
0
0
0
0
0
0
0
0
0
0
0
0
0
0
0
0
0
0
0
0
0
0
0
0
0
0
0
0
0
0
0
0
0
0
0
0
0
0
0
0
0
0
0
0
0
0
0
0
0
0
0
0
0
0
0
0
0
0
0
0
0
0
0
-0.93515
-0.93068
-0.92091
-0.91978
-0.92339
-0.9241
-0.92052
-0.91724
-0.91245
-0.91426
-0.91135
-0.91666
-0.90141
-0.9014
-0.93947
-0.9227
-0.89475
-0.93946
-0.91238
-0.90156
-0.90156
0
0
0
0
0
0
0
0
0
0
0
0
0
0
0
0
0
0
0
0
0
0
0
0
0
0
0
0
0
0
0
0
0
0
0
0
0
0
0
0
19.2612
0
0
0
0
0
0
0
0
0
0
0
0
0
0
0
0
0
0
0
0
0
0
0
0
0
0
0
0
0
0
0
0
0
0
0
0
0
0
0
0
0
0
0
0
0
0
0
0
0
0
0
0
0
0
0
0
0
0
0
0
0
0
0
-0.98044
-0.97586
-0.96607
-0.96492
-0.96852
-0.96929
-0.96561
-0.9623
-0.95746
-0.95928
-0.95637
-0.96179
-0.94627
-0.94627
-0.98485
-0.96797
-0.93955
-0.98485
-0.95752
0
0
0
0
0
0
0
0
0
0
0
0
0
0
0
0
0
0
0
0
0
0
0
0
0
0
0
0
0
0
0
0
0
0
0
0
0
0
0
0
0
0
0
18.3152
0
0
0
0
0
0
0
0
0
0
0
0
0
0
0
0
0
0
0
0
0
0
0
0
0
0
0
0
0
0
0
0
0
0
0
0
0
0
0
0
0
0
0
0
0
0
0
0
0
0
0
0
0
0
0
0
0
0
0
0
0
0
-0.98637
-0.98221
-0.97158
-0.97001
-0.97538
-0.97508
-0.97255
-0.9692
-0.96448
-0.96633
-0.96342
-0.97036
-0.9532
-0.95319
0
0
-0.94656
0
0
0
0
0
0
0
0
0
0
0
0
0
0
0
0
0
0
0
0
0
0
0
0
0
0
0
0
0
0
0
0
0
0
0
0
0
0
0
0
0
0
0
0
0
0
17.3271
0
0
0
0
0
0
0
0
0
0
0
0
0
0
0
0
0
0
0
0
0
0
0
0
0
0
0
0
-2.8072
0
0
0
0
0
0
0
0
0
0
0
0
0
0
0
0
0
0
0
0
0
0
0
0
0
0
0
0
0
0
0
0
-1.0348
-1.03
-1.0201
-1.0186
-1.0241
-1.0129
-1.0212
-1.0179
-1.013
-1.0149
-1.0122
-1.018
-1.0017
-1.0017
0
0
0
0
0
0
0
0
0
0
0
0
0
0
0
0
0
0
0
0
0
0
0
0
0
0
0
0
0
0
0
0
0
0
0
0
0
0
0
0
0
0
0
0
0
0
0
0
0
0
16.6285
0
0
0
0
0
0
0
0
0
0
0
0
0
0
0
0
0
0
0
0
0
0
0
0
0
-2.3874
0
0
0
0
0
0
0
0
0
0
0
0
0
0
0
0
0
0
0
0
0
0
0
0
0
0
0
0
0
0
0
0
0
0
-1.1901
-1.1852
-1.1756
-1.1744
-1.1791
-1.1803
-1.1761
-1.1728
-1.1676
-1.17
-1.1669
0
-1.1563
-1.1563
0
0
0
0
0
0
0
0
0
0
0
0
0
0
0
0
0
0
0
0
0
0
0
0
0
0
0
0
0
0
0
0
0
0
0
0
0
0
0
0
0
0
0
0
0
0
0
0
0
0
0
15.2507
0
0
0
0
0
0
0
0
0
0
0
0
0
0
0
0
0
0
0
0
0
0
0
0
0
0
0
0
0
0
0
0
0
0
0
0
0
0
0
0
0
0
0
0
0
0
0
0
0
0
0
0
0
0
0
0
0
0
0
-1.1455
-1.1569
-1.1324
-1.131
-1.1381
-1.1385
-1.1351
-1.1314
-1.1265
-1.128
0
0
0
0
0
0
0
0
0
0
0
0
0
0
0
0
0
0
0
0
0
0
0
0
0
0
0
0
0
0
0
0
0
0
0
0
0
0
0
0
0
0
0
0
0
0
0
0
0
0
0
0
0
0
0
0
13.5087
0
0
0
0
0
0
0
0
0
0
0
0
0
-2.145
0
0
0
0
0
0
0
0
0
0
0
0
0
0
0
0
0
0
0
0
0
0
0
0
0
0
0
0
0
0
0
0
0
0
0
0
0
0
0
0
0
0
0
0
-1.2663
-1.2601
-1.2497
-1.2509
-1.2569
-1.2569
-1.2534
-1.2502
-1.2453
0
0
0
0
0
0
0
0
0
0
0
0
0
0
0
0
0
0
0
0
0
0
0
0
0
0
0
0
0
0
0
0
0
0
0
0
0
0
0
0
0
0
0
0
0
0
0
0
0
0
0
0
0
0
0
0
0
0
15.1508
0
0
0
0
0
0
0
0
0
0
0
0
0
0
0
0
0
0
0
0
0
0
0
0
0
0
0
0
0
0
0
0
0
0
0
0
0
0
0
0
0
0
0
0
0
0
0
0
-3.8609
0
0
0
0
0
0
0
0
-1.3495
-1.3442
-1.3345
-1.3327
-1.3418
-1.3425
-1.3389
-1.3359
0
0
0
0
0
0
0
0
0
0
0
0
0
0
0
0
0
0
0
0
0
0
0
0
0
0
0
0
0
0
0
0
0
0
0
0
0
0
0
0
0
0
0
0
0
0
0
0
0
0
0
0
0
0
0
0
0
0
0
0
13.2467
0
0
0
0
0
0
0
0
0
0
0
0
0
0
0
0
0
0
0
0
0
0
0
0
0
0
0
0
-2.5268
0
0
0
0
0
0
0
0
0
0
0
0
0
0
0
0
0
0
0
0
0
0
0
0
0
0
0
-1.7375
0
0
0
-1.7391
0
0
0
0
0
0
0
0
0
0
0
0
0
0
0
0
0
0
0
0
0
0
0
0
0
0
0
0
0
0
0
0
0
0
0
-1.6926
0
0
0
0
0
0
0
0
0
0
0
0
0
0
0
0
0
0
0
0
0
0
0
0
0
0
0
0
11.2302
0
0
0
0
0
0
0
0
0
0
0
0
0
-2.1729
0
0
0
0
0
0
0
0
0
0
0
0
0
0
0
0
0
0
0
0
0
0
0
0
0
0
0
0
0
0
0
0
0
0
0
0
0
0
0
-3.8882
0
0
0
0
0
0
0
0
0
0
0
0
0
0
0
0
0
0
0
0
0
0
0
0
0
0
0
0
0
0
0
0
0
0
0
0
0
0
0
0
0
0
0
0
0
0
0
0
-1.9864
0
0
0
0
0
0
0
0
0
0
-1.9459
0
0
0
0
0
0
0
0
0
0
0
14.1104
0
0
0
0
0
0
0
0
0
0
0
-2.9591
0
0
0
0
0
0
0
0
0
0
0
0
0
0
0
0
0
0
0
0
0
0
0
0
0
0
0
0
0
0
0
0
-3.6095
0
0
0
0
0
-3.6095
0
0
0
-2.0445
-2.0362
-2.0328
0
-2.0414
0
-2.0369
0
0
0
0
0
0
0
0
0
0
0
0
0
0
0
0
0
0
0
0
0
0
0
0
0
0
0
0
0
0
0
0
0
0
0
0
0
0
0
0
0
0
0
0
0
0
0
0
0
0
0
0
0
0
0
0
0
0
0
0
0
0
0
0
10.1918
0
0
0
0
0
0
0
0
0
0
0
0
0
0
0
0
0
0
0
0
0
0
0
0
0
0
0
0
0
0
0
0
0
0
0
0
0
0
0
0
0
0
0
0
0
0
0
0
0
0
0
0
0
0
0
0
0
0
0
0
0
0
0
0
0
0
0
0
0
0
0
0
0
0
0
0
0
0
0
0
0
0
-2.4771
0
0
0
0
0
0
0
0
0
0
0
0
0
0
0
0
0
0
0
0
0
0
0
0
0
0
0
0
0
0
0
0
0
0
0
0
0
0
0
0
0
0
11.7613
0
-2.8248
0
0
0
0
0
0
0
-2.919
0
0
0
0
0
0
0
0
0
0
0
0
0
-3.5404
0
0
0
0
0
0
0
0
0
0
0
0
0
0
0
0
0
0
0
0
0
0
0
0
0
0
0
0
0
-2.464
0
0
0
0
0
0
0
0
0
0
0
0
0
0
0
0
0
0
0
0
0
0
0
0
0
0
0
0
0
-2.3823
0
0
0
0
0
0
0
0
0
0
0
0
0
0
0
0
0
0
0
0
0
0
0
0
0
0
0
0
0
0
0
0
0
0
0
0
0
0
0
0
0
8.0804
0
0
0
0
0
-2.719
0
0
0
0
0
0
0
0
0
0
0
0
0
0
0
0
0
0
0
0
0
0
0
0
0
0
0
0
0
0
0
0
0
0
0
0
0
0
0
-0.515
0
0
0
0
0
0
0
0
0
0
0
0
0
0
0
0
0
0
0
0
0
0
0
0
0
0
0
0
0
0
0
0
-2.2929
0
0
0
0
0
0
0
0
0
0
0
0
0
0
0
0
0
0
-2.2751
0
0
0
0
0
0
0
0
0
0
0
0
0
0
0
0
0
0
0
0
0
0
0
0
0
-2.8248
0
10.0965
0
0
0
0
0
0
0
0
0
-2.7036
0
0
0
0
0
0
0
0
0
0
0
0
0
0
0
0
0
0
0
0
0
0
0
0
0
0
0
0
0
0
0
0
0
0
0
0
0
0
0
0
-2.211
0
0
0
0
0
0
0
0
0
0
0
0
0
0
0
0
0
0
0
0
0
0
0
0
0
0
0
0
0
0
0
0
0
0
0
0
0
0
0
0
0
0
-2.1493
0
0
0
0
0
0
0
0
0
0
0
0
0
0
0
0
0
0
0
0
0
0
0
0
0
0
0
0
0
0
0
10.3681
0
0
0
0
0
0
0
0
0
0
0
0
0
0
0
0
0
0
0
-2.655
0
0
0
0
0
0
0
0
0
0
0
0
0
0
0
0
0
0
0
0
0
0
0
0
0
0
0
0
-3.3528
0
0
0
0
0
0
0
0
0
0
0
0
0
0
0
0
0
0
0
0
0
0
0
0
0
0
-2.5512
0
0
0
0
0
0
0
-2.534
0
0
0
0
0
0
0
0
0
0
0
0
0
-2.4961
0
0
0
0
0
0
0
0
0
0
0
0
0
0
0
0
0
0
0
0
0
0
0
0
0
0
0
8.9237
0
0
0
0
0
0
0
0
0
0
0
0
0
0
0
0
0
0
0
0
0
0
0
0
0
0
0
0
0
0
0
-1.3424
0
0
0
0
0
0
0
0
0
0
0
0
0
0
0
0
0
0
0
-1.7799
0
0
0
0
0
0
0
0
0
0
0
0
0
0
0
0
0
0
0
0
0
0
0
0
0
0
0
0
0
0
0
0
0
0
-1.7598
0
0
0
0
0
0
0
0
0
0
0
0
0
0
0
0
-1.7702
0
0
0
0
0
0
0
0
0
0
0
0
0
0
0
0
0
0
0
0
0
8.2569
0
0
0
0
0
0
0
0
0
0
0
0
0
0
0
-2.947
0
0
0
0
0
0
0
0
0
0
0
0
0
0
0
0
0
0
0
0
0
0
0
0
0
0
0
0
0
0
0
0
0
0
0
0
0
0
0
0
0
0
0
0
0
0
0
0
0
0
0
0
0
-2.7233
0
0
0
0
0
0
0
0
0
0
0
-2.7176
0
0
0
0
0
0
0
0
0
0
0
0
0
0
0
0
0
0
0
0
0
0
0
0
0
0
0
0
0
0
0
0
0
0
0
0
0
0
0
0
0
0
0
11.1833
0
0
0
0
0
0
0
-2.8772
0
0
0
0
0
0
0
-2.8651
0
0
0
0
0
0
0
0
0
0
0
0
0
0
0
0
0
0
0
0
0
0
0
0
0
0
0
0
0
0
0
0
0
0
0
0
0
0
0
0
0
0
0
0
0
0
0
0
0
0
0
0
0
-1.5256
0
0
0
0
0
0
0
0
0
0
0
0
0
0
0
0
0
0
0
0
0
0
0
0
0
0
0
0
0
0
0
0
0
0
0
0
0
0
0
0
0
0
0
0
0
0
0
0
0
-2.719
0
0
0
0
0
9.7943
-2.2719
0
0
0
0
0
0
0
0
0
0
0
0
0
0
0
0
0
0
0
0
0
0
0
0
0
0
0
0
0
0
0
-3.2778
0
0
0
0
0
0
0
0
0
0
0
0
0
0
0
0
0
0
0
0
0
0
0
0
0
0
0
0
0
0
0
0
0
-2.5052
0
0
0
0
0
0
0
0
0
0
0
0
0
0
0
-2.4642
0
0
0
0
0
0
0
0
0
0
0
0
0
0
0
0
0
0
0
0
0
0
0
0
0
0
0
0
-2.145
0
0
0
0
0
0
0
0
0
0
0
0
-2.2719
9.3862
0
0
0
0
0
0
0
0
0
0
0
0
0
0
0
0
0
0
0
0
0
0
0
0
0
0
0
0
0
0
0
0
0
0
0
0
0
0
0
0
0
0
0
0
0
0
0
0
0
0
0
0
0
0
-2.964
0
0
0
0
0
0
0
0
0
0
-2.9455
0
0
0
0
0
0
0
0
0
0
0
0
0
0
0
0
0
0
0
0
0
0
0
0
0
0
0
0
0
0
0
0
0
0
0
0
0
0
0
0
0
0
0
0
0
0
0
0
0
0
0
0
0
0
0
0
0
0
0
9.9421
0
0
0
0
0
0
0
0
0
0
0
0
0
0
0
0
0
0
-4.0326
0
0
0
0
0
0
0
0
0
0
0
0
0
0
0
0
0
0
0
0
0
0
0
0
0
0
0
0
0
0
0
0
0
0
0
0
0
0
0
0
0
0
0
0
0
0
0
0
0
0
0
0
0
0
0
0
0
0
0
0
0
0
0
0
0
0
0
0
0
0
0
0
0
0
0
0
0
0
-3.1425
0
0
0
0
0
0
0
0
0
0
0
0
0
0
0
-2.9591
0
-2.919
0
0
0
0
0
0
0
0
0
9.0206
0
0
0
0
0
0
0
0
0
0
0
0
0
0
0
0
0
0
0
0
0
0
0
0
0
0
0
0
0
0
0
0
0
0
0
0
0
0
0
0
0
0
0
0
0
0
0
0
0
0
0
0
0
0
0
0
0
0
0
0
0
0
0
0
0
0
0
0
0
0
0
0
0
0
0
0
0
0
0
0
0
0
0
0
0
0
0
0
0
0
0
0
0
0
0
0
-0.53872
0
0
0
0
0
0
0
0
0
0
0
0
0
0
-2.1729
0
0
0
0
0
0
0
0
0
0
0
0
0
6.264
0
0
0
0
0
0
0
0
0
0
0
0
0
0
0
0
0
0
0
0
0
0
0
0
0
0
0
0
0
0
0
0
0
0
0
0
-3.5525
0
0
0
0
0
0
0
0
0
0
0
0
0
0
0
0
0
0
0
0
0
0
0
0
0
-2.8875
0
0
0
0
0
0
0
0
0
0
0
0
0
0
0
0
-2.85
0
0
0
0
0
0
0
0
0
0
0
0
0
0
0
0
0
0
0
0
0
0
0
0
0
0
0
0
0
0
0
0
0
0
0
-2.7036
0
0
0
0
0
0
0
0
0
8.4411
0
0
0
0
0
0
0
0
0
0
0
0
0
0
0
0
0
0
0
0
0
0
0
0
0
0
0
0
0
0
0
0
0
0
0
0
0
0
0
0
0
0
0
0
0
0
0
0
0
0
0
-4.341
0
0
0
0
0
0
0
0
0
0
0
0
0
0
0
0
0
0
0
0
0
0
0
0
0
0
0
0
0
0
0
0
0
0
0
0
0
0
0
0
-4.0686
0
0
0
0
0
0
0
0
0
0
0
0
0
0
0
0
0
0
0
0
0
0
0
0
0
0
0
0
0
0
0
0
8.4096
0
0
0
0
0
0
0
0
0
0
0
0
0
0
0
0
0
0
0
0
0
0
0
0
0
0
0
0
0
0
0
0
0
0
0
0
0
0
0
0
0
0
0
0
0
0
0
0
0
0
0
0
0
0
0
0
0
0
0
0
0
0
0
0
0
0
0
0
0
0
0
0
0
0
0
0
0
0
0
0
0
0
0
0
0
0
0
0
0
0
0
0
0
0
0
0
0
0
0
0
0
0
0
0
0
0
0
0
0
0
0
0
0
0
0
0
0
-2.8772
0
0
0
0
0
0
0
6.7525
0
-3.8753
0
0
0
0
0
0
0
0
0
0
0
0
0
0
0
0
0
0
0
0
0
0
0
0
0
0
0
0
0
0
0
0
0
0
0
0
0
0
0
0
0
0
0
0
0
0
0
0
0
0
0
-4.1442
0
0
0
0
0
0
0
0
0
0
0
0
0
0
0
0
0
0
0
0
0
0
0
0
0
0
0
0
0
0
0
0
0
0
0
0
0
0
0
0
0
-4.0244
0
0
0
0
0
0
0
0
0
0
0
0
0
0
0
0
0
0
0
0
0
0
0
0
0
0
0
0
0
8.1686
0
0
0
0
0
0
0
0
0
0
0
0
0
0
0
0
0
0
0
0
0
0
0
0
0
0
0
0
0
0
0
0
0
0
0
0
0
0
0
0
0
0
0
0
0
0
0
0
0
0
0
0
0
0
0
0
0
0
0
0
0
0
0
0
0
0
0
0
0
0
0
0
0
0
0
0
0
0
0
0
-3.5745
0
0
0
0
0
0
0
0
0
0
0
0
0
0
0
0
0
0
0
0
0
0
0
0
0
0
0
0
0
0
0
0
0
0
0
0
0
0
0
0
0
0
-3.8753
0
7.4498
0
0
0
0
0
0
0
0
0
0
0
0
0
0
0
0
0
0
0
0
0
0
0
0
0
0
0
0
0
0
0
0
0
0
0
0
0
0
0
0
0
0
0
0
0
0
0
0
0
0
0
0
0
0
0
0
0
0
0
0
0
0
0
0
0
0
0
0
0
0
0
0
0
0
0
0
0
0
0
0
0
0
0
0
0
0
0
0
0
0
0
0
-3.9311
0
0
0
0
0
0
0
0
0
0
0
0
0
0
0
0
0
0
0
0
0
0
0
0
0
0
0
0
0
0
0
0
7.5346
0
0
0
0
0
0
-3.6035
0
0
0
0
0
0
0
0
0
0
0
0
0
0
0
0
0
0
0
0
0
0
0
0
0
0
0
0
0
0
0
0
0
-2.5921
0
0
0
0
0
0
0
0
0
0
0
0
0
0
0
0
0
0
0
0
0
0
0
0
0
0
0
0
0
0
0
0
0
0
0
0
0
0
0
0
0
0
0
0
0
0
0
0
0
0
0
0
0
0
0
0
0
0
-2.3874
0
0
0
0
0
0
0
0
0
0
0
0
0
0
0
0
0
0
0
0
0
0
0
0
0
4.9796
0
0
0
0
0
0
0
0
0
0
0
0
0
0
0
0
0
0
0
0
0
0
0
0
0
0
0
0
0
0
0
0
0
0
0
0
0
0
0
0
0
0
0
0
0
0
0
0
0
0
0
0
-3.6013
0
0
0
0
0
0
0
0
0
0
0
0
0
0
0
0
0
0
0
0
0
0
0
0
0
0
0
0
0
0
0
0
0
0
0
0
0
0
0
0
0
0
0
0
0
0
0
0
0
0
0
0
0
0
0
0
0
0
0
0
0
0
0
0
0
0
0
0
0
0
0
0
7.4604
0
0
-3.8591
0
0
0
0
0
0
0
0
0
0
0
0
0
0
0
0
0
0
0
0
0
0
0
0
0
0
0
0
0
0
0
0
0
0
0
0
0
0
0
0
0
0
0
0
0
0
0
0
0
0
0
0
0
0
0
0
-3.2763
0
0
0
0
0
0
0
0
0
0
0
0
0
0
0
0
0
0
0
0
0
0
0
0
0
0
0
0
0
0
0
0
0
0
0
0
-2.8072
0
0
0
0
0
0
0
0
0
0
0
0
0
0
0
0
0
0
0
0
0
0
0
0
0
0
0
0
6.0835
0
0
0
0
0
0
0
0
0
0
0
0
0
0
0
0
0
0
0
0
0
0
0
0
0
0
0
0
0
0
0
0
0
0
0
0
0
0
0
0
0
0
0
0
0
0
0
0
0
0
0
0
0
0
0
0
0
0
0
0
0
0
0
0
0
0
0
0
0
0
0
0
0
0
-1.6943
0
0
0
0
0
0
0
0
0
0
0
0
0
0
0
0
0
0
0
0
0
0
0
0
0
0
0
0
0
0
0
0
0
0
-2.947
0
0
0
0
0
0
0
0
0
0
0
0
0
0
0
4.6413
0
0
0
0
0
0
0
0
0
0
0
0
0
0
0
0
0
0
0
0
0
0
0
0
0
0
0
0
0
0
0
0
0
0
0
0
0
0
0
0
0
0
0
0
0
0
0
0
0
0
0
0
0
0
0
0
0
0
0
0
0
0
0
0
0
0
0
0
0
0
0
0
0
0
0
0
0
0
0
0
0
0
0
0
0
0
0
0
0
0
0
0
0
0
0
0
0
0
0
0
0
0
0
0
0
0
0
0
0
-2.8651
0
0
0
0
0
0
0
0
0
0
0
0
-3.8591
0
0
6.7242
0
0
0
0
0
0
0
0
0
0
0
0
0
0
0
0
0
0
0
0
0
0
0
0
0
0
0
0
0
0
0
0
0
0
0
0
0
0
0
0
0
0
0
0
0
0
0
0
0
0
0
0
0
0
0
0
0
0
-2.7793
0
0
0
0
0
0
0
0
0
0
0
0
0
0
0
0
0
0
0
0
0
0
0
0
0
0
0
0
0
0
0
0
0
0
0
0
0
0
0
0
0
0
0
0
0
0
-2.655
0
0
0
0
0
0
0
0
0
0
0
0
0
0
0
0
0
0
0
5.4343
0
0
0
0
0
0
0
0
0
0
0
0
0
0
0
0
0
0
0
0
0
0
0
0
0
0
0
0
0
0
0
0
0
0
0
0
0
0
0
0
0
0
0
0
0
0
0
0
0
0
0
0
0
0
0
0
0
0
0
0
0
0
0
0
0
0
0
0
0
0
0
0
0
0
0
0
0
0
0
0
0
0
0
0
0
0
0
0
0
0
0
0
0
0
0
0
0
0
0
0
0
-3.5404
0
0
0
0
0
0
0
0
0
0
0
0
0
0
0
0
-3.6035
0
0
0
0
0
0
7.1439
0
0
0
0
0
0
0
0
0
0
0
0
0
0
0
0
0
0
0
0
0
0
0
0
0
0
0
0
0
0
0
0
0
0
0
0
0
0
0
0
0
0
0
0
0
0
0
0
0
0
0
0
0
0
0
0
0
0
0
0
0
0
0
0
0
0
0
0
0
0
0
0
0
0
0
0
0
0
0
0
-2.3996
0
0
0
0
0
0
0
0
0
0
0
0
0
0
0
-2.5268
0
0
0
0
0
0
0
0
0
0
0
0
0
0
0
0
0
0
0
0
0
0
0
0
0
0
0
0
4.9263
0
0
0
0
0
0
0
0
0
0
0
0
0
0
0
0
0
0
0
0
0
0
0
0
0
0
0
0
0
0
0
0
0
0
0
0
0
0
0
0
0
0
0
0
0
0
0
0
0
0
0
0
0
0
0
0
0
0
0
0
0
-3.7895
0
0
0
0
0
0
0
0
0
0
0
0
0
0
0
0
0
0
0
0
0
0
0
0
-3.3647
0
0
0
0
0
0
0
0
0
0
0
0
0
0
0
0
0
0
0
0
0
0
0
0
0
0
0
0
0
0
0
0
0
0
0
0
0
0
7.1542
0
0
0
0
0
0
0
0
0
0
0
0
0
0
0
0
0
0
0
0
0
0
0
0
0
0
0
0
-7.1106
0
0
0
0
0
0
0
0
0
0
0
0
0
0
0
0
0
0
0
0
0
0
0
0
0
0
0
0
0
0
0
0
0
0
0
0
0
0
0
0
0
0
0
0
0
0
0
0
0
0
0
0
0
0
0
0
0
0
0
0
0
0
0
0
0
0
0
0
0
0
0
0
0
0
0
0
0
0
0
0
0
0
0
0
0
0
0
0
0
0
0
0
0
0
0
0
7.1106
0
0
0
0
0
0
0
0
0
0
0
0
0
0
0
0
0
0
0
0
0
0
0
0
0
0
0
0
0
0
0
0
0
0
0
0
0
0
0
0
0
0
0
0
0
0
0
0
0
0
0
0
0
0
0
0
0
0
0
0
0
0
0
0
0
0
0
0
0
0
0
0
0
0
0
0
0
0
0
0
0
0
0
0
0
0
0
0
0
0
0
0
0
0
0
0
0
0
0
0
0
0
0
0
0
0
-4.0326
0
0
0
0
0
0
0
0
0
0
0
0
0
0
0
0
0
0
4.0326
0
0
0
0
0
0
0
0
0
0
0
0
0
0
0
0
0
0
0
0
0
0
0
0
0
0
0
0
0
0
0
0
0
0
0
0
0
0
0
0
0
0
0
0
0
0
0
0
0
0
0
0
0
0
0
0
0
0
0
0
0
0
0
0
0
0
0
0
0
0
0
0
0
0
0
0
0
0
0
0
0
0
-3.7693
0
0
0
0
0
0
0
0
0
0
0
0
0
0
0
0
0
0
0
0
0
0
0
0
0
0
0
0
0
0
0
0
0
0
0
0
0
0
0
0
0
0
3.7693
0
0
0
0
0
0
0
0
0
0
0
0
0
0
0
0
0
0
0
0
0
0
0
0
0
0
0
0
0
0
0
0
0
0
0
0
0
0
0
0
0
0
0
0
0
0
0
0
0
0
0
0
0
0
0
0
0
0
0
0
0
0
0
0
0
0
0
0
0
0
0
0
0
0
0
0
0
0
-4.8796
0
0
0
0
0
0
0
0
0
0
0
0
0
0
0
0
0
0
0
0
0
0
0
0
0
0
0
0
0
0
0
0
0
0
0
0
0
0
0
0
0
0
0
0
0
0
4.8796
0
0
0
0
0
0
0
0
0
0
0
0
0
0
0
0
0
0
0
0
0
0
0
0
0
0
0
0
0
0
0
0
0
0
0
0
0
0
0
0
0
0
0
0
0
0
-6.0731
0
0
0
0
0
0
0
0
0
0
0
0
0
0
0
0
0
0
0
0
0
0
0
0
0
0
0
0
0
0
0
0
0
0
0
0
0
0
0
0
0
0
0
0
0
0
0
0
0
0
0
0
0
0
0
0
0
0
0
0
0
0
0
0
0
0
0
0
0
0
0
0
0
0
0
0
0
0
6.0731
0
0
0
0
0
0
0
0
0
0
0
0
0
0
0
0
0
0
0
0
0
0
0
0
0
0
0
0
0
0
0
0
0
0
0
-6.5353
0
0
0
0
0
0
0
0
0
0
0
0
0
0
0
0
0
0
0
0
0
0
0
0
0
0
0
0
0
0
0
0
0
0
0
0
0
0
0
0
0
0
0
0
0
0
0
0
0
0
0
0
0
0
0
0
0
0
0
0
0
0
0
0
0
0
0
0
0
0
0
0
0
0
0
0
0
0
0
0
0
0
0
0
0
0
0
0
0
6.5353
0
0
0
0
0
0
0
0
0
0
0
0
0
0
0
0
0
0
0
0
0
0
0
0
0
0
0
0
0
0
0
0
0
0
0
0
0
0
0
0
0
0
0
0
0
0
0
0
0
0
0
0
0
0
0
0
0
0
0
0
0
0
0
0
0
0
0
0
0
0
0
0
0
0
0
0
0
-4.5707
0
0
0
0
0
0
0
0
0
0
0
0
0
0
0
0
0
0
0
0
0
0
0
0
0
0
0
0
0
0
0
0
0
0
0
0
0
0
0
0
0
0
0
0
0
0
0
4.5707
0
0
0
0
0
0
0
0
0
0
0
0
0
0
0
0
0
0
0
0
-7.6949
0
0
0
0
0
0
0
0
0
0
0
0
0
0
0
0
0
0
0
0
0
0
0
0
0
0
0
0
0
0
0
0
0
0
0
0
0
0
0
0
0
0
0
0
0
0
0
0
0
0
0
0
0
0
0
0
0
0
0
0
0
0
0
0
0
0
0
0
0
0
0
0
0
0
0
0
0
0
0
0
0
0
0
0
0
0
0
0
0
0
0
0
0
0
0
0
0
0
0
0
0
0
0
0
7.6949
0
0
0
0
0
0
0
0
0
0
0
0
0
0
0
0
0
0
0
0
0
0
0
0
0
0
0
0
0
0
0
0
0
0
0
0
0
0
0
0
0
0
0
0
0
0
0
-5.5274
0
0
0
0
0
0
0
0
0
0
0
0
0
0
0
0
0
0
0
0
0
0
0
0
0
0
0
0
0
0
0
0
0
0
0
0
0
0
0
0
0
0
0
0
0
0
0
0
0
0
0
0
0
0
0
0
0
0
0
0
0
0
0
0
0
0
0
0
0
0
0
0
0
0
0
0
0
5.5274
0
0
0
0
0
0
0
0
0
0
0
0
0
0
0
0
0
0
0
0
0
0
0
0
0
0
0
0
0
0
0
0
0
0
0
0
0
0
0
0
0
0
0
0
0
0
0
0
0
0
0
0
0
0
0
0
0
0
0
0
0
0
0
0
0
0
0
0
0
0
0
0
0
0
0
0
0
0
0
0
0
0
0
0
0
0
0
0
0
0
0
0
0
-1.3424
0
0
0
0
0
0
0
0
0
0
0
0
0
0
0
0
0
0
0
0
0
0
0
0
0
0
0
0
0
0
0
1.3424
0
0
0
0
0
0
0
0
0
0
0
0
0
0
0
0
0
0
0
0
0
0
0
0
0
0
0
0
0
0
0
0
0
0
0
0
0
0
0
0
0
0
0
0
0
0
0
0
0
0
0
0
0
0
0
0
0
0
0
0
0
0
0
0
0
0
0
-4.7771
0
0
0
0
0
0
0
0
0
0
0
0
0
0
0
0
0
0
0
0
0
0
0
0
0
0
0
0
0
0
0
0
0
0
0
0
0
0
0
0
0
0
0
0
0
0
0
0
0
0
0
0
0
0
0
0
0
4.7771
0
0
0
0
0
0
0
0
0
0
0
0
0
0
0
0
0
0
0
0
0
0
0
0
0
0
0
0
0
0
0
0
0
0
0
0
0
0
0
0
0
0
0
0
0
0
0
0
0
0
0
0
0
0
0
0
0
0
0
0
0
0
0
0
0
0
0
0
0
0
0
0
-4.5707
0
0
0
0
0
0
0
0
0
0
0
0
0
0
0
0
0
0
0
0
0
0
0
0
0
0
0
0
0
0
0
0
0
0
0
0
0
0
0
0
0
0
0
0
0
0
0
0
0
0
0
0
4.5707
0
0
0
0
0
0
0
0
0
0
0
0
0
0
0
0
0
0
0
0
0
0
0
0
0
0
0
0
0
0
0
0
0
0
0
0
0
0
0
-6.0726
0
0
0
0
0
0
0
0
0
0
0
0
0
0
0
0
0
0
0
0
0
0
0
0
0
0
0
0
0
0
0
0
0
0
0
0
0
0
0
0
0
0
0
0
0
0
0
0
0
0
0
0
0
0
0
0
0
0
0
0
0
0
0
0
0
0
0
0
0
0
0
0
0
0
0
0
0
0
0
0
0
0
0
0
0
6.0726
0
0
0
0
0
0
0
0
0
0
0
0
0
0
0
0
0
0
0
0
0
0
0
0
0
0
0
0
0
0
0
0
0
0
0
0
0
0
0
0
0
0
0
0
0
0
0
0
0
0
0
0
0
0
0
0
0
0
0
0
0
0
0
0
0
0
0
0
0
0
0
0
0
0
0
0
0
0
0
0
0
0
0
0
0
0
0
0
0
0
0
0
-3.2778
0
0
0
0
0
0
0
0
0
0
0
0
0
0
0
0
0
0
0
0
0
0
0
0
0
0
0
0
0
0
0
0
3.2778
0
0
0
0
0
0
0
0
0
0
0
0
0
0
0
0
0
0
0
0
0
0
0
0
0
0
0
0
0
0
0
0
0
0
0
0
0
0
0
0
0
0
0
0
0
0
0
0
0
0
0
0
0
0
0
0
0
0
0
0
0
0
0
0
0
0
0
-4.8796
0
0
0
0
0
0
0
0
0
0
0
0
0
0
0
0
0
0
0
0
0
0
0
0
0
0
0
0
0
0
0
0
0
0
0
0
0
0
0
0
0
0
0
0
0
0
0
0
0
0
0
0
0
0
0
0
0
4.8796
0
0
0
0
0
0
0
0
0
0
0
-7.6095
0
0
0
0
0
0
0
0
0
0
0
0
0
0
0
0
0
0
0
0
0
0
0
0
0
0
0
0
0
0
0
0
0
0
0
0
0
0
0
0
0
0
0
0
0
0
0
0
0
0
0
0
0
0
0
0
0
0
0
0
0
0
0
0
0
0
0
0
0
0
0
0
0
0
0
0
0
0
0
0
0
0
0
0
0
0
0
0
0
0
0
0
0
0
0
0
0
0
0
0
0
0
0
0
0
0
0
0
0
0
0
0
0
7.6095
0
0
0
0
0
0
0
0
0
0
0
0
0
0
0
0
0
0
0
0
0
0
0
0
0
0
0
0
0
0
0
0
0
0
0
0
0
0
0
0
0
0
0
0
0
0
0
0
0
0
0
0
0
0
0
0
0
0
0
0
0
0
0
0
0
0
0
0
0
0
0
0
0
0
0
0
0
0
0
0
-3.6095
0
0
0
0
0
0
0
0
0
0
0
0
0
0
0
0
0
0
0
0
0
0
0
0
0
0
0
0
0
0
0
0
0
0
0
0
0
0
0
0
0
0
0
0
3.6095
0
0
0
0
0
0
0
0
0
0
0
0
0
0
0
0
0
0
0
0
0
0
0
0
0
0
0
0
0
0
0
0
0
0
0
0
0
0
0
0
0
0
0
0
0
0
0
0
0
0
0
0
0
0
0
0
0
0
0
0
0
0
0
0
0
0
0
0
0
0
0
0
0
0
0
0
-3.8609
0
0
0
0
0
0
0
0
0
0
0
0
0
0
0
0
0
0
0
0
0
0
0
0
0
0
0
0
0
0
0
0
0
0
0
0
0
0
0
0
0
0
0
0
0
0
0
0
3.8609
0
0
0
0
0
0
0
0
0
0
0
0
0
0
0
0
0
0
0
0
0
0
0
0
0
0
0
0
0
0
0
0
0
0
0
0
0
0
0
0
0
0
0
0
0
0
0
0
0
0
0
0
0
0
0
0
0
0
0
0
0
0
0
0
-4.5379
0
0
0
0
0
0
0
0
0
0
0
0
0
0
0
0
0
0
0
0
0
0
0
0
0
0
0
0
0
0
0
0
0
0
0
0
0
0
0
0
0
0
0
0
0
0
0
0
0
0
0
0
0
0
0
0
0
0
0
0
4.5379
0
0
0
0
0
0
0
0
0
0
-7.2065
0
0
0
0
0
0
0
0
0
0
0
0
0
0
0
0
0
0
0
0
0
0
0
0
0
0
0
0
0
0
0
0
0
0
0
0
0
0
0
0
0
0
0
0
0
0
0
0
0
0
0
0
0
0
0
0
0
0
0
0
0
0
0
0
0
0
0
0
0
0
0
0
0
0
0
0
0
0
0
0
0
0
0
0
0
0
0
0
0
0
0
0
0
0
0
0
0
0
0
0
0
0
0
0
0
0
0
0
0
0
0
0
0
0
7.2065
0
0
0
0
0
0
0
0
0
0
0
0
0
0
0
0
0
0
0
0
0
0
0
0
0
0
0
0
0
0
0
0
0
0
0
0
0
0
0
0
0
0
0
0
0
0
0
0
0
0
0
0
0
0
0
0
0
0
0
0
0
0
0
0
0
0
0
0
0
0
0
0
0
0
0
0
0
0
0
-0.515
0
0
0
0
0
0
0
0
0
0
0
0
0
0
0
0
0
0
0
0
0
0
0
0
0
0
0
0
0
0
0
0
0
0
0
0
0
0
0
0
0
0
0
0
0
0.515
0
0
0
0
0
0
0
0
0
0
0
0
0
0
0
0
0
0
0
0
0
0
0
0
0
0
0
0
0
0
0
0
0
0
0
0
0
0
0
0
0
0
0
0
0
0
0
0
0
0
0
0
0
0
0
0
0
0
0
0
0
0
0
0
0
0
0
0
0
0
0
0
0
0
0
0
0
0
0
0
0
0
0
0
0
0
0
0
-3.5525
0
0
0
0
0
0
0
0
0
0
0
0
0
0
0
0
0
0
0
0
0
0
0
0
0
0
0
0
0
0
0
0
0
0
0
0
3.5525
0
0
0
0
0
0
0
0
0
0
0
0
0
0
0
0
0
0
0
0
0
0
0
0
0
0
0
0
0
0
0
0
0
0
0
0
0
0
0
0
0
0
0
0
0
0
0
0
0
0
0
0
0
0
0
0
0
0
0
0
0
0
0
0
0
0
0
0
0
0
0
0
0
0
-3.6095
0
0
0
0
0
0
0
0
0
0
0
0
0
0
0
0
0
0
0
0
0
0
0
0
0
0
0
0
0
0
0
0
0
0
0
0
0
0
0
0
0
0
0
0
0
0
0
0
0
0
3.6095
0
0
0
0
0
0
0
0
0
0
0
0
0
0
0
0
0
0
0
0
-6.5352
0
0
0
0
0
0
0
0
0
0
0
0
0
0
0
0
0
0
0
0
0
0
0
0
0
0
0
0
0
0
0
0
0
0
0
0
0
0
0
0
0
0
0
0
0
0
0
0
0
0
0
0
0
0
0
0
0
0
0
0
0
0
0
0
0
0
0
0
0
0
0
0
0
0
0
0
0
0
0
0
0
0
0
0
0
0
0
0
0
0
0
0
0
0
0
0
0
0
0
0
0
0
0
0
6.5352
0
0
0
0
0
0
0
0
0
0
0
0
0
0
0
0
0
0
0
0
0
0
0
0
0
0
0
0
0
0
0
0
0
0
0
0
0
0
0
0
0
0
0
0
0
0
0
0
0
0
0
0
0
0
0
0
0
0
0
0
0
0
0
0
0
0
0
0
0
0
0
-3.8882
0
0
0
0
0
0
0
0
0
0
0
0
0
0
0
0
0
0
0
0
0
0
0
0
0
0
0
0
0
0
0
0
0
0
0
0
0
0
0
0
0
0
0
0
0
0
0
0
0
0
0
0
0
3.8882
0
0
0
0
0
0
0
0
0
0
0
0
0
0
0
0
0
0
0
0
0
0
0
0
0
0
0
0
0
0
0
0
0
0
0
0
0
0
0
0
0
0
0
0
0
0
0
0
0
0
0
0
0
0
0
0
0
0
0
0
0
0
0
0
0
0
0
0
0
0
0
0
0
0
0
0
-3.3528
0
0
0
0
0
0
0
0
0
0
0
0
0
0
0
0
0
0
0
0
0
0
0
0
0
0
0
0
0
0
0
0
0
0
0
0
0
0
0
0
0
0
0
0
0
0
0
0
3.3528
