76.4908
-0.9131
-0.90082
-0.90167
-0.89871
-0.9022
-0.89504
-0.89498
-0.89059
-0.88947
-0.89056
-0.9027
-0.87278
-0.87275
-0.92151
-0.90547
-0.87012
-0.9215
-0.88998
-0.87927
-0.87927
-0.88576
-0.87871
-0.87118
-0.89052
-0.89047
-0.88663
-0.86447
-0.86864
-0.87103
-0.87777
-0.86752
-0.87778
-0.86432
-0.88017
-0.86431
-0.86531
-0.86129
-0.87832
-0.88355
-0.87319
-0.86233
-0.86493
-0.87153
-0.85502
-0.85503
-0.86808
-0.86823
-0.8724
-0.85277
-0.83646
-0.88449
-0.87497
-0.84822
-0.87576
-0.91612
-0.9024
-0.9228
-0.90641
-0.95986
-0.99572
-0.95623
-1.0148
-1.016
-1.0458
-1.2235
-1.1813
-1.3138
-1.3742
-1.8079
0
-2.1697
0
0
0
-2.3211
0
0
0
0
0
0
0
0
0
0
0
0
0
0
0
0
0
0
0
0
0
0
0
0
0
0
0
0
0
0
0
0
0
0
0
0
0
0
-7.9795
0
0
0
0
0
0
0
0
0
0
-0.9131
74.7175
-0.89402
-0.89482
-0.89397
-0.89644
-0.88933
-0.8893
-0.88494
-0.88385
-0.88462
-0.89647
-0.86681
-0.86679
-0.91556
-0.89918
-0.8642
-0.91557
-0.88393
-0.87332
-0.87333
-0.88187
-0.87271
-0.86574
-0.8848
-0.88476
-0.88082
-0.85852
-0.86376
-0.86524
-0.87185
-0.85826
-0.87185
-0.85843
-0.87404
-0.85844
-0.8594
-0.85801
-0.8722
-0.87763
-0.86904
-0.85647
-0.85885
-0.86891
-0.84919
-0.8492
-0.86217
-0.86255
-0.86656
-0.84692
-0.83055
-0.87833
-0.86856
-0.84223
-0.86964
-0.90937
-0.89607
-0.9161
-0.90065
-0.95308
-0.98919
-0.94974
-1.0082
-1.0097
-1.0388
-1.2165
-1.1927
-1.3051
-1.3664
0
0
-2.1587
0
-2.6743
0
0
0
0
0
0
0
0
0
0
0
0
0
0
0
0
0
0
0
0
0
0
0
0
0
0
0
0
0
0
0
0
-8.0558
0
0
0
0
0
0
0
0
0
0
0
0
0
0
0
0
0
0
-0.90082
-0.89402
70.752
-0.88563
-0.88476
-0.88674
-0.88009
-0.87971
-0.87526
-0.87414
-0.87514
-0.88601
-0.85743
-0.8574
-0.90493
-0.88855
-0.85474
-0.90491
-0.87453
-0.86384
-0.86385
-0.87029
-0.86329
-0.85609
-0.87479
-0.87472
-0.87111
-0.84903
-0.85449
-0.85558
-0.86241
-0.85191
-0.86242
-0.84905
-0.86366
-0.84904
-0.84999
-0.8463
-0.86248
-0.86818
-0.85961
-0.84708
-0.84948
-0.8599
-0.83984
-0.83984
-0.85269
-0.85313
-0.85725
-0.83755
-0.82121
-0.86873
-0.85764
-0.83289
-0.86042
-0.89966
-0.88651
-0.90535
-0.89116
-0.94086
-0.97987
-0.94049
-0.99892
-0.99958
-1.0294
-1.2076
-1.1668
-1.2953
-1.3577
0
0
-2.1571
0
0
0
0
0
0
0
0
0
0
0
0
0
0
0
0
0
0
0
0
0
0
0
0
0
0
0
-7.4312
0
0
0
0
0
0
0
0
0
0
0
0
0
0
0
0
0
0
0
0
0
0
0
0
0
-0.90167
-0.89482
-0.88563
70.4384
-0.88428
-0.88443
-0.87985
-0.87749
-0.87305
-0.87187
-0.87293
-0.88385
-0.85516
-0.85512
-0.90237
-0.88642
-0.85247
-0.90237
-0.87244
-0.86155
-0.86156
-0.86808
-0.86115
-0.85386
-0.87212
-0.87208
-0.86859
-0.84677
-0.85219
-0.85325
-0.86012
-0.84982
-0.86012
-0.84679
-0.86176
-0.84679
-0.84774
-0.84402
-0.85836
-0.86592
-0.85745
-0.84485
-0.84812
-0.85803
-0.83762
-0.83761
-0.85044
-0.85094
-0.8549
-0.83532
-0.81898
-0.86617
-0.85549
-0.83068
-0.85835
-0.89516
-0.88529
-0.90188
-0.88811
-0.93944
-0.97756
-0.93819
-0.99659
-0.99675
-1.0268
-1.2052
-1.1644
-1.2961
-1.3546
0
0
0
0
0
0
0
0
-1.8648
0
0
0
0
0
0
0
0
0
0
0
0
0
0
0
0
0
0
0
0
0
0
0
0
0
0
0
0
0
0
0
0
0
0
0
0
0
0
0
0
-7.5537
0
0
0
0
0
0
-0.89871
-0.89397
-0.88476
-0.88428
65.4016
-0.89099
-0.88328
-0.88324
-0.87879
-0.8777
-0.87884
-0.88629
-0.86084
-0.86082
-0.90987
-0.89078
-0.85814
-0.90986
-0.87847
-0.8674
-0.86739
-0.87477
-0.86703
-0.86001
-0.87872
-0.87866
-0.87526
-0.85273
-0.85841
-0.86035
-0.86594
-0.85609
-0.86594
-0.85252
-0.86918
-0.85252
-0.85343
-0.8504
-0.86639
-0.87179
-0.86195
-0.85062
-0.85368
-0.8638
-0.84332
-0.84332
-0.85656
-0.85678
-0.86097
-0.84105
-0.82463
-0.87339
-0.85595
-0.83638
-0.86448
-0.9058
-0.89125
-0.90964
-0.89589
-0.94831
-0.98344
-0.94394
-1.0024
-1.0045
-1.0349
-1.2124
-1.1747
-1.3046
-1.3675
-1.8121
0
-2.1687
0
0
0
0
0
0
0
0
0
0
0
0
0
0
0
0
0
0
0
0
0
0
0
0
0
0
0
0
0
0
0
0
0
0
0
0
0
0
0
0
0
0
0
0
0
0
0
0
0
0
0
0
0
-0.9022
-0.89644
-0.88674
-0.88443
-0.89099
64.2466
-0.88559
-0.88367
-0.87921
-0.87816
-0.87935
-0.88691
-0.86131
-0.86129
-0.9108
-0.89154
-0.85882
-0.91079
-0.87934
-0.86814
-0.86815
-0.87537
-0.8679
-0.86073
-0.87872
-0.87866
-0.87542
-0.85321
-0.85893
-0.86028
-0.86668
-0.85682
-0.86669
-0.85326
-0.86969
-0.85327
-0.85416
-0.85098
-0.86698
-0.87255
-0.86409
-0.85136
-0.85406
-0.86475
-0.84406
-0.84405
-0.85699
-0.8577
-0.86146
-0.84181
-0.82535
-0.87457
-0.85673
-0.83708
-0.8651
-0.90577
-0.89278
-0.90991
-0.8969
-0.94875
-0.98462
-0.94506
-1.0036
-1.0042
-1.0207
-1.2142
-1.1753
-1.305
-1.3692
0
0
0
0
0
0
0
0
0
0
0
0
0
0
0
0
0
0
0
0
0
-2.7874
0
0
0
0
0
0
0
0
0
0
0
0
0
0
0
0
0
0
0
0
0
0
0
0
0
0
0
0
0
0
0
0
0
0
-0.89504
-0.88933
-0.88009
-0.87985
-0.88328
-0.88559
63.2657
-0.87854
-0.87402
-0.87296
-0.87406
-0.88137
-0.85609
-0.85607
-0.90621
-0.88599
-0.85337
-0.9062
-0.87378
-0.86266
-0.86267
-0.87005
-0.86237
-0.85534
-0.87404
-0.87399
-0.8705
-0.84804
-0.85373
-0.85582
-0.8612
-0.85137
-0.86119
-0.84778
-0.86453
-0.84778
-0.84867
-0.84569
-0.86158
-0.86703
-0.85854
-0.84587
-0.84885
-0.8592
-0.83857
-0.83858
-0.85185
-0.85215
-0.85625
-0.83631
-0.8199
-0.86868
-0.85112
-0.8316
-0.85946
-0.90095
-0.88659
-0.90496
-0.89128
-0.94337
-0.97846
-0.93897
-0.99737
-0.99955
-1.0299
-1.2073
-1.1695
-1.2987
-1.3624
0
0
-2.1616
0
0
0
0
0
0
0
0
0
0
0
0
0
0
0
0
0
0
0
0
0
0
0
0
0
0
0
0
0
0
0
0
0
0
0
0
0
0
0
0
0
0
0
0
0
0
0
0
0
0
0
0
0
-0.89498
-0.8893
-0.87971
-0.87749
-0.88324
-0.88367
-0.87854
60.9628
-0.87177
-0.87075
-0.87187
-0.87921
-0.85376
-0.85374
-0.90244
-0.88378
-0.85106
-0.90243
-0.87162
-0.86044
-0.86044
-0.86806
-0.86017
-0.85313
-0.87186
-0.87181
-0.86821
-0.84573
-0.85152
-0.85378
-0.859
-0.84919
-0.859
-0.84558
-0.86235
-0.84557
-0.84644
-0.84338
-0.85964
-0.8648
-0.85636
-0.84365
-0.84659
-0.857
-0.83632
-0.83634
-0.84954
-0.85002
-0.85386
-0.83408
-0.81766
-0.86647
-0.84884
-0.82938
-0.85761
-0.89901
-0.88494
-0.9028
-0.88926
-0.94116
-0.97627
-0.93676
-0.99514
-0.99723
-1.0277
-1.2051
-1.1667
-1.2968
-1.3607
0
0
0
0
0
0
0
0
0
0
0
0
0
0
0
0
0
0
0
0
0
0
0
0
0
0
0
0
0
0
0
0
0
0
0
0
0
0
0
0
0
0
0
0
0
0
0
0
0
0
0
0
0
0
0
0
-0.89059
-0.88494
-0.87526
-0.87305
-0.87879
-0.87921
-0.87402
-0.87177
59.2718
-0.86585
-0.8667
-0.87412
-0.8486
-0.84857
-0.8976
-0.87876
-0.84594
-0.89758
-0.86659
-0.8554
-0.85541
-0.86339
-0.85518
-0.84808
-0.86692
-0.86687
-0.86312
-0.84069
-0.84648
-0.84907
-0.85397
-0.84418
-0.85398
-0.84056
-0.85743
-0.84056
-0.84139
-0.83833
-0.85459
-0.85969
-0.85128
-0.83859
-0.84158
-0.85192
-0.83128
-0.83128
-0.84449
-0.84493
-0.84875
-0.82903
-0.81262
-0.8614
-0.84421
-0.82434
-0.85254
-0.89402
-0.87988
-0.89764
-0.88412
-0.93598
-0.97101
-0.93152
-0.98982
-0.99205
-1.0223
-1.1994
-1.1612
-1.2914
0
0
0
0
0
0
0
0
0
0
0
0
0
0
0
0
0
0
0
0
0
0
0
0
0
0
0
0
0
0
0
0
0
0
0
0
0
0
0
0
0
0
0
0
0
0
0
0
0
0
0
0
0
0
0
0
0
-0.88947
-0.88385
-0.87414
-0.87187
-0.8777
-0.87816
-0.87296
-0.87075
-0.86585
57.8827
-0.8653
-0.87238
-0.84658
-0.84655
-0.89573
-0.87737
-0.84418
-0.89573
-0.86504
-0.85382
-0.85382
-0.86266
-0.85355
-0.84647
-0.86565
-0.8656
-0.8616
-0.83905
-0.84489
-0.84808
-0.85241
-0.84262
-0.85241
-0.839
-0.85593
-0.839
-0.8398
-0.83675
-0.85294
-0.8581
-0.8497
-0.83702
-0.83989
-0.85026
-0.8297
-0.8297
-0.84287
-0.84341
-0.84715
-0.82746
-0.81102
-0.85988
-0.8426
-0.82277
-0.8509
-0.8924
-0.87814
-0.89629
-0.88273
-0.93445
-0.96949
-0.93003
-0.9883
-0.99053
-1.0209
-1.1982
-1.1593
0
0
0
0
0
0
0
0
0
0
0
0
0
0
0
0
0
0
0
0
0
0
0
0
0
0
0
0
0
0
0
0
0
0
0
0
0
0
0
0
0
0
0
0
0
0
0
0
0
0
0
0
0
0
0
0
0
0
-0.89056
-0.88462
-0.87514
-0.87293
-0.87884
-0.87935
-0.87406
-0.87187
-0.8667
-0.8653
59.908
-0.87327
-0.84781
-0.84779
-0.89655
-0.87759
-0.84515
-0.89655
-0.86528
-0.85457
-0.85458
-0.85501
-0.85403
-0.84723
-0.86581
-0.86575
-0.86218
-0.8396
-0.84551
-0.84785
-0.85311
-0.84319
-0.85311
-0.83968
-0.8562
-0.8397
-0.84051
-0.83784
-0.85368
-0.85881
-0.85036
-0.83772
-0.84085
-0.85049
-0.83042
-0.83042
-0.84331
-0.84394
-0.84782
-0.82817
-0.81177
-0.86054
-0.84353
-0.82348
-0.85141
-0.89343
-0.87863
-0.89702
-0.88314
-0.93539
-0.97039
-0.93098
-0.98928
-0.99154
-1.0221
-1.1991
0
0
0
0
0
0
0
0
0
0
0
0
0
0
0
-3.1454
0
0
0
0
0
0
0
0
0
0
0
0
0
0
0
0
0
0
0
0
0
0
0
0
0
0
0
0
0
0
0
0
0
0
0
0
0
0
0
0
0
0
0
-0.9027
-0.89647
-0.88601
-0.88385
-0.88629
-0.88691
-0.88137
-0.87921
-0.87412
-0.87238
-0.87327
60.6131
-0.8552
-0.85519
-0.90461
-0.88505
-0.85175
-0.9046
-0.87236
-0.8611
-0.8611
-0.86934
-0.86086
-0.85395
-0.8738
-0.87374
-0.86838
-0.84664
-0.85222
-0.85545
-0.85947
-0.85083
-0.85948
-0.84599
-0.86338
-0.84599
-0.84674
-0.84434
-0.86148
-0.86592
-0.85752
-0.84478
-0.84758
-0.85831
-0.83746
-0.83746
-0.85114
-0.85123
-0.85371
-0.83519
-0.81886
-0.86824
-0.81459
-0.8304
-0.85852
-0.90096
-0.88634
-0.90577
-0.89127
-0.94607
-0.97734
-0.93785
-0.99632
-1.0011
-1.03
0
0
0
0
0
0
0
0
0
0
0
0
0
0
0
0
0
0
0
0
-4.6035
0
0
0
0
0
0
0
0
0
0
0
0
0
0
0
0
0
0
0
0
0
0
0
0
0
0
0
0
0
0
0
0
0
0
0
0
0
0
0
-0.87278
-0.86681
-0.85743
-0.85516
-0.86084
-0.86131
-0.85609
-0.85376
-0.8486
-0.84658
-0.84781
-0.8552
55.6107
-0.8216
-0.87835
-0.85999
-0.82714
-0.87834
-0.84713
-0.8369
-0.83691
-0.84707
-0.83636
-0.8296
-0.84935
-0.84929
-0.84351
-0.82191
-0.82773
-0.83241
-0.83535
-0.82534
-0.83535
-0.82194
-0.83732
-0.82194
-0.82263
-0.82005
-0.83543
-0.84077
-0.83237
-0.81984
-0.82265
-0.83276
-0.81255
-0.81256
-0.82554
-0.82611
-0.82979
-0.81028
-0.79395
-0.84237
-0.8253
-0.80562
-0.83342
-0.87436
-0.86036
-0.87838
-0.86516
-0.91662
-0.95162
-0.91234
-0.97032
-0.97242
-1.0027
-1.1793
0
0
0
0
0
0
0
0
0
0
0
0
0
0
0
0
0
0
0
0
0
0
0
0
0
0
0
0
0
0
0
0
0
0
0
0
0
0
0
0
0
0
0
0
0
0
0
0
0
0
0
0
0
0
0
0
0
0
0
-0.87275
-0.86679
-0.8574
-0.85512
-0.86082
-0.86129
-0.85607
-0.85374
-0.84857
-0.84655
-0.84779
-0.85519
-0.8216
55.6091
-0.87833
-0.85998
-0.82712
-0.87832
-0.84711
-0.83688
-0.83688
-0.84706
-0.83633
-0.82957
-0.84932
-0.84927
-0.84349
-0.82188
-0.82771
-0.83239
-0.83533
-0.82532
-0.83533
-0.82192
-0.83728
-0.82192
-0.82261
-0.82002
-0.8354
-0.84074
-0.83234
-0.81981
-0.82263
-0.83272
-0.81253
-0.81252
-0.8255
-0.8261
-0.82976
-0.81026
-0.79392
-0.84234
-0.82527
-0.8056
-0.83338
-0.87433
-0.86034
-0.87835
-0.86513
-0.91659
-0.95159
-0.91232
-0.97031
-0.97238
-1.0027
-1.1793
0
0
0
0
0
0
0
0
0
0
0
0
0
0
0
0
0
0
0
0
0
0
0
0
0
0
0
0
0
0
0
0
0
0
0
0
0
0
0
0
0
0
0
0
0
0
0
0
0
0
0
0
0
0
0
0
0
0
0
-0.92151
-0.91556
-0.90493
-0.90237
-0.90987
-0.9108
-0.90621
-0.90244
-0.8976
-0.89573
-0.89655
-0.90461
-0.87835
-0.87833
62.266
-0.90741
-0.87459
-0.92942
-0.89457
-0.88371
-0.88371
-0.89167
-0.88323
-0.87625
-0.89587
-0.89581
-0.8916
-0.86884
-0.87434
-0.87621
-0.88219
-0.87223
-0.8822
-0.86867
-0.88519
-0.86867
-0.86959
-0.86703
-0.88288
-0.88802
-0.87949
-0.86672
-0.86916
-0.87972
-0.85934
-0.85933
-0.87269
-0.87309
-0.87683
-0.85711
-0.84056
-0.88874
-0.8747
-0.85235
-0.88048
-0.92031
-0.90676
-0.92478
-0.9117
-0.96519
-1.0003
-0.96056
-1.0194
0
0
0
0
0
0
0
0
0
0
0
0
0
0
0
0
0
0
0
0
0
0
0
0
0
0
0
0
0
0
0
0
0
0
0
0
0
0
0
0
0
-6.908
0
0
0
0
0
0
0
0
0
0
0
0
0
0
0
0
0
0
0
0
-0.90547
-0.89918
-0.88855
-0.88642
-0.89078
-0.89154
-0.88599
-0.88378
-0.87876
-0.87737
-0.87759
-0.88505
-0.85999
-0.85998
-0.90741
58.6621
-0.85588
-0.9074
-0.87658
-0.86532
-0.86533
-0.87665
-0.86517
-0.85814
-0.87862
-0.87859
-0.87402
-0.85071
-0.85642
-0.86099
-0.86384
-0.85514
-0.86384
-0.85095
-0.86826
-0.85095
-0.85179
-0.84891
-0.86532
-0.87017
-0.86175
-0.84898
-0.85159
-0.86246
-0.84169
-0.8417
-0.85504
-0.85467
-0.85852
-0.83948
-0.82299
-0.872
-0.85569
-0.83466
-0.86261
-0.90424
-0.89014
-0.87959
-0.89501
-0.94864
-0.98218
-0.94257
-1.0012
0
0
0
0
0
0
0
0
0
0
0
0
0
0
0
0
0
0
0
0
0
0
0
0
-4.4179
0
0
0
0
0
0
0
0
0
0
0
0
0
0
0
0
0
0
0
0
0
0
0
0
0
0
0
0
0
0
0
0
0
0
0
0
0
-0.87012
-0.8642
-0.85474
-0.85247
-0.85814
-0.85882
-0.85337
-0.85106
-0.84594
-0.84418
-0.84515
-0.85175
-0.82714
-0.82712
-0.87459
-0.85588
53.2336
-0.87458
-0.84365
-0.83502
-0.83504
-0.84115
-0.83367
-0.82655
-0.84345
-0.84339
-0.84033
-0.81872
-0.82471
-0.82319
-0.83238
-0.82219
-0.83238
-0.81884
-0.83449
-0.81883
-0.81945
-0.81691
-0.83231
-0.8376
-0.82925
-0.81667
-0.81954
-0.82969
-0.80937
-0.80937
-0.82243
-0.82308
-0.82662
-0.80708
-0.79072
-0.83925
-0.82229
-0.80246
-0.83025
-0.87148
-0.85746
-0.87518
-0.86199
-0.91305
-0.94818
-0.90888
-0.96687
-0.96896
0
0
0
0
0
0
0
0
0
0
0
0
0
0
0
0
0
0
0
0
0
0
0
0
0
0
0
0
0
0
0
0
0
0
0
0
0
0
0
0
0
0
0
0
0
0
0
0
0
0
0
0
0
0
0
0
0
0
0
0
0
-0.9215
-0.91557
-0.90491
-0.90237
-0.90986
-0.91079
-0.9062
-0.90243
-0.89758
-0.89573
-0.89655
-0.9046
-0.87834
-0.87832
-0.92942
-0.9074
-0.87458
62.2655
-0.89456
-0.88369
-0.88372
-0.89165
-0.88323
-0.87624
-0.89586
-0.89581
-0.8916
-0.86883
-0.87434
-0.8762
-0.88219
-0.87222
-0.88219
-0.86866
-0.8852
-0.86867
-0.86959
-0.86702
-0.88287
-0.88801
-0.87948
-0.86671
-0.86916
-0.87972
-0.85932
-0.85932
-0.87268
-0.87308
-0.87682
-0.8571
-0.84054
-0.88875
-0.8747
-0.85235
-0.88047
-0.92031
-0.90675
-0.92477
-0.9117
-0.96518
-1.0003
-0.96055
-1.0193
0
0
0
0
0
0
0
0
0
0
0
0
0
0
0
0
0
0
0
0
0
0
0
0
0
0
0
0
0
0
0
0
0
0
0
0
0
0
0
0
0
0
0
0
0
0
0
0
0
0
0
0
0
0
0
0
0
0
0
-6.9079
0
0
-0.88998
-0.88393
-0.87453
-0.87244
-0.87847
-0.87934
-0.87378
-0.87162
-0.86659
-0.86504
-0.86528
-0.87236
-0.84713
-0.84711
-0.89457
-0.87658
-0.84365
-0.89456
57.3164
-0.85324
-0.85326
-0.86289
-0.85122
-0.84567
-0.86522
-0.86516
-0.86094
-0.83824
-0.84412
-0.84819
-0.85178
-0.84158
-0.85178
-0.83831
-0.85283
-0.83832
-0.83904
-0.83632
-0.85231
-0.85729
-0.84881
-0.83622
-0.83956
-0.84078
-0.82889
-0.8289
-0.84196
-0.8426
-0.84606
-0.82662
-0.8104
-0.85903
-0.8423
-0.82217
-0.84988
-0.89233
-0.87787
-0.89575
-0.882
-0.93357
-0.96946
-0.92995
-0.98839
0
0
0
0
0
0
0
0
0
0
0
0
0
0
0
0
0
0
0
0
0
0
0
0
0
0
0
0
-3.8382
0
0
0
0
0
0
0
0
0
0
0
0
0
0
0
0
0
0
0
0
0
0
0
0
0
0
0
0
0
0
0
0
0
-0.87927
-0.87332
-0.86384
-0.86155
-0.8674
-0.86814
-0.86266
-0.86044
-0.8554
-0.85382
-0.85457
-0.8611
-0.8369
-0.83688
-0.88371
-0.86532
-0.83502
-0.88369
-0.85324
51.8411
-0.83852
-0.84946
-0.84057
-0.83441
-0.85234
-0.85229
-0.85141
-0.8268
-0.83291
-0.83207
-0.84098
-0.83075
-0.84097
-0.82745
-0.8466
-0.82746
-0.82827
-0.82595
-0.84171
-0.8466
-0.83833
-0.82554
-0.82858
-0.83915
-0.8182
-0.8182
-0.83149
-0.83217
-0.83572
-0.81597
-0.7995
-0.84858
-0.83162
-0.81135
-0.83948
-0.88159
-0.86728
-0.88524
-0.87134
-0.92225
-0.95769
-0.91806
0
0
0
0
0
0
0
0
0
0
0
0
0
0
0
0
0
0
0
0
0
0
0
0
0
0
0
0
0
0
0
0
0
0
0
0
0
0
0
0
0
0
0
0
0
0
0
0
0
0
0
0
0
0
0
0
0
0
0
0
0
0
0
-0.87927
-0.87333
-0.86385
-0.86156
-0.86739
-0.86815
-0.86267
-0.86044
-0.85541
-0.85382
-0.85458
-0.8611
-0.83691
-0.83688
-0.88371
-0.86533
-0.83504
-0.88372
-0.85326
-0.83852
51.8415
-0.84946
-0.84058
-0.83443
-0.85234
-0.8523
-0.85142
-0.82681
-0.83291
-0.83208
-0.84098
-0.83076
-0.84097
-0.82747
-0.84659
-0.82747
-0.82827
-0.82596
-0.84171
-0.8466
-0.83833
-0.82555
-0.82858
-0.83915
-0.81821
-0.81821
-0.83149
-0.83218
-0.83573
-0.81597
-0.79951
-0.84858
-0.83162
-0.81136
-0.83949
-0.88161
-0.86729
-0.88524
-0.87136
-0.92225
-0.95769
-0.91806
0
0
0
0
0
0
0
0
0
0
0
0
0
0
0
0
0
0
0
0
0
0
0
0
0
0
0
0
0
0
0
0
0
0
0
0
0
0
0
0
0
0
0
0
0
0
0
0
0
0
0
0
0
0
0
0
0
0
0
0
0
0
0
-0.88576
-0.88187
-0.87029
-0.86808
-0.87477
-0.87537
-0.87005
-0.86806
-0.86339
-0.86266
-0.85501
-0.86934
-0.84707
-0.84706
-0.89167
-0.87665
-0.84115
-0.89165
-0.86289
-0.84946
-0.84946
58.3304
-0.84778
-0.84011
-0.86039
-0.86034
-0.85527
-0.82987
-0.83901
-0.8422
-0.84726
-0.83695
-0.84727
-0.83376
-0.84936
-0.83376
-0.83447
-0.82553
-0.83801
-0.85258
-0.84406
-0.83156
-0.83459
-0.84343
-0.82427
-0.82427
-0.83251
-0.83819
-0.84127
-0.82204
-0.80564
-0.85344
-0.8375
-0.81772
-0.84816
-0.88592
-0.87023
-0.88958
-0.87753
0
0
0
0
0
0
0
0
0
0
0
0
0
0
0
0
0
0
0
0
0
-2.644
-3.124
0
0
-3.1648
0
0
0
0
0
0
0
0
0
0
0
0
0
0
0
0
0
0
0
0
0
0
0
0
0
0
0
0
0
0
0
0
0
0
0
0
0
0
0
0
-0.87871
-0.87271
-0.86329
-0.86115
-0.86703
-0.8679
-0.86237
-0.86017
-0.85518
-0.85355
-0.85403
-0.86086
-0.83636
-0.83633
-0.88323
-0.86517
-0.83367
-0.88323
-0.85122
-0.84057
-0.84058
-0.84778
51.8951
-0.83358
-0.85074
-0.85068
-0.85068
-0.82577
-0.83187
-0.83049
-0.84021
-0.82954
-0.84021
-0.8265
-0.83787
-0.8265
-0.82722
-0.82461
-0.84051
-0.84549
-0.83707
-0.82445
-0.82783
-0.83575
-0.81705
-0.81704
-0.83027
-0.8309
-0.83428
-0.8148
-0.79834
-0.84734
-0.83089
-0.81021
-0.83814
-0.88094
-0.86655
-0.88442
-0.87024
0
0
0
0
0
0
0
0
0
0
0
0
0
0
0
0
0
0
0
-2.9111
0
0
0
0
0
0
0
0
0
0
0
0
0
0
0
0
0
0
0
0
0
0
0
0
0
0
0
0
0
0
0
0
0
0
0
0
0
0
0
0
0
0
0
0
0
0
-0.87118
-0.86574
-0.85609
-0.85386
-0.86001
-0.86073
-0.85534
-0.85313
-0.84808
-0.84647
-0.84723
-0.85395
-0.8296
-0.82957
-0.87625
-0.85814
-0.82655
-0.87624
-0.84567
-0.83441
-0.83443
-0.84011
-0.83358
50.1802
-0.84408
-0.84401
-0.84263
-0.81766
-0.82393
-0.82445
-0.83396
-0.82131
-0.83397
-0.81991
-0.83691
-0.8199
-0.82047
-0.81665
-0.83326
-0.83869
-0.83027
-0.81767
-0.82065
-0.83001
-0.81027
-0.81027
-0.82337
-0.8242
-0.82751
-0.80802
-0.79157
-0.84023
-0.82381
-0.80347
-0.83104
-0.87254
-0.85873
-0.87632
-0.86293
0
0
0
0
0
0
0
0
0
0
0
0
0
0
0
0
0
0
0
0
-1.5891
0
0
0
0
0
0
0
0
0
0
0
0
0
0
0
0
0
0
0
0
0
0
0
0
0
0
0
0
0
0
0
0
0
0
0
0
0
0
0
0
0
0
0
0
0
-0.89052
-0.8848
-0.87479
-0.87212
-0.87872
-0.87872
-0.87404
-0.87186
-0.86692
-0.86565
-0.86581
-0.8738
-0.84935
-0.84932
-0.89587
-0.87862
-0.84345
-0.89586
-0.86522
-0.85234
-0.85234
-0.86039
-0.85074
-0.84408
55.9357
-0.86166
-0.85562
-0.83588
-0.84174
-0.84347
-0.85019
-0.83975
-0.85018
-0.83655
-0.85058
-0.83654
-0.83712
-0.83428
-0.84881
-0.85525
-0.84666
-0.83426
-0.83646
-0.84632
-0.82692
-0.82693
-0.83922
-0.84029
-0.84387
-0.82457
-0.80813
-0.85493
-0.84079
-0.81999
-0.84669
-0.88526
-0.87323
-0.8902
-0.87816
0
0
0
0
0
0
0
0
0
0
0
0
0
0
0
0
0
0
0
0
0
0
0
0
0
0
0
0
0
0
0
0
0
0
0
0
0
0
0
0
0
0
0
0
-6.3598
0
0
0
0
0
0
0
0
0
0
0
0
0
0
0
0
0
0
0
0
0
-0.89047
-0.88476
-0.87472
-0.87208
-0.87866
-0.87866
-0.87399
-0.87181
-0.86687
-0.8656
-0.86575
-0.87374
-0.84929
-0.84927
-0.89581
-0.87859
-0.84339
-0.89581
-0.86516
-0.85229
-0.8523
-0.86034
-0.85068
-0.84401
-0.86166
55.9319
-0.85557
-0.83584
-0.84168
-0.84341
-0.85012
-0.83969
-0.85012
-0.8365
-0.85052
-0.8365
-0.83707
-0.83424
-0.84877
-0.8552
-0.8466
-0.8342
-0.8364
-0.84628
-0.82687
-0.82687
-0.83916
-0.84024
-0.84382
-0.82453
-0.80808
-0.85489
-0.84075
-0.81993
-0.84664
-0.88519
-0.87319
-0.89014
-0.87811
0
0
0
0
0
0
0
0
0
0
0
0
0
0
0
0
0
0
0
0
0
0
0
0
0
0
0
0
0
0
0
0
0
0
0
0
0
0
0
0
0
0
0
0
0
0
0
0
0
0
0
0
-6.359
0
0
0
0
0
0
0
0
0
0
0
0
0
-0.88663
-0.88082
-0.87111
-0.86859
-0.87526
-0.87542
-0.8705
-0.86821
-0.86312
-0.8616
-0.86218
-0.86838
-0.84351
-0.84349
-0.8916
-0.87402
-0.84033
-0.8916
-0.86094
-0.85141
-0.85142
-0.85527
-0.85068
-0.84263
-0.85562
-0.85557
53.9402
-0.83441
-0.84026
-0.83558
-0.84818
-0.83795
-0.84818
-0.83459
-0.84995
-0.83459
-0.83573
-0.83301
-0.84837
-0.8541
-0.84569
-0.833
-0.83558
-0.84597
-0.8257
-0.82572
-0.83835
-0.83921
-0.83518
-0.82393
-0.80746
-0.85513
-0.83797
-0.81904
-0.84695
-0.88665
-0.87369
0
0
0
0
0
0
0
0
0
0
0
0
0
0
0
0
0
0
0
-2.7171
0
0
0
0
0
0
0
0
0
0
0
0
0
0
0
-3.5531
0
0
0
0
0
0
0
0
0
0
0
0
0
0
0
0
0
0
0
0
0
0
0
0
0
0
0
0
0
0
0
0
-0.86447
-0.85852
-0.84903
-0.84677
-0.85273
-0.85321
-0.84804
-0.84573
-0.84069
-0.83905
-0.8396
-0.84664
-0.82191
-0.82188
-0.86884
-0.85071
-0.81872
-0.86883
-0.83824
-0.8268
-0.82681
-0.82987
-0.82577
-0.81766
-0.83588
-0.83584
-0.83441
49.7462
-0.8153
-0.81514
-0.82732
-0.81503
-0.82733
-0.8124
-0.82995
-0.81239
-0.81241
-0.80957
-0.82003
-0.83033
-0.82182
-0.8095
-0.81246
-0.82195
-0.80206
-0.80206
-0.80943
-0.81612
-0.81936
-0.79992
-0.78347
-0.83167
-0.81601
-0.79544
-0.82266
-0.86374
-0.84879
-0.86804
0
0
0
0
0
0
0
0
0
0
0
0
0
0
0
0
-2.4679
0
0
0
0
0
0
0
0
0
0
0
0
0
0
0
0
0
0
0
0
0
0
0
0
0
0
0
0
0
0
0
0
0
0
0
0
0
0
0
0
0
0
0
0
0
0
0
0
0
0
-0.86864
-0.86376
-0.85449
-0.85219
-0.85841
-0.85893
-0.85373
-0.85152
-0.84648
-0.84489
-0.84551
-0.85222
-0.82773
-0.82771
-0.87434
-0.85642
-0.82471
-0.87434
-0.84412
-0.83291
-0.83291
-0.83901
-0.83187
-0.82393
-0.84174
-0.84168
-0.84026
-0.8153
50.6266
-0.82213
-0.83225
-0.82043
-0.83226
-0.81801
-0.83473
-0.81802
-0.81839
-0.81549
-0.83085
-0.83656
-0.82809
-0.81556
-0.81852
-0.8256
-0.80819
-0.8082
-0.82109
-0.82206
-0.82532
-0.8059
-0.78943
-0.83786
-0.82168
-0.80138
-0.82884
-0.87014
-0.85663
-0.87422
0
0
0
0
0
0
0
0
0
0
0
0
0
0
0
0
0
0
0
0
0
0
0
0
0
0
0
0
0
0
0
0
0
0
0
0
0
-3.009
0
0
0
0
0
0
0
0
0
0
0
0
0
0
0
0
0
0
0
0
0
0
0
0
0
0
0
0
0
-0.87103
-0.86524
-0.85558
-0.85325
-0.86035
-0.86028
-0.85582
-0.85378
-0.84907
-0.84808
-0.84785
-0.85545
-0.83241
-0.83239
-0.87621
-0.86099
-0.82319
-0.8762
-0.84819
-0.83207
-0.83208
-0.8422
-0.83049
-0.82445
-0.84347
-0.84341
-0.83558
-0.81514
-0.82213
55.2143
-0.83098
-0.82046
-0.83098
-0.81777
-0.82568
-0.81777
-0.81827
-0.81508
-0.82957
-0.83636
-0.8276
-0.81549
-0.81811
-0.82692
-0.80834
-0.80833
-0.81813
-0.82059
-0.82448
-0.80613
-0.78979
-0.83543
-0.82085
-0.80129
-0.82197
-0.8653
-0.84715
0
0
0
0
0
0
0
0
0
0
0
0
0
0
0
-2.6496
0
0
0
0
0
0
0
0
0
0
0
0
0
0
0
0
0
0
0
0
0
0
0
0
0
0
0
0
0
0
0
0
0
0
-5.8196
0
0
0
0
0
0
0
0
0
0
0
0
0
0
0
0
0
-0.87777
-0.87185
-0.86241
-0.86012
-0.86594
-0.86668
-0.8612
-0.859
-0.85397
-0.85241
-0.85311
-0.85947
-0.83535
-0.83533
-0.88219
-0.86384
-0.83238
-0.88219
-0.85178
-0.84098
-0.84098
-0.84726
-0.84021
-0.83396
-0.85019
-0.85012
-0.84818
-0.82732
-0.83225
-0.83098
48.0686
-0.8308
-0.83691
-0.8244
-0.84168
-0.82439
-0.82553
-0.82356
-0.8402
-0.8441
-0.83585
-0.82299
-0.8262
-0.83743
-0.81554
-0.81553
-0.82916
-0.83005
-0.83333
-0.81335
-0.79676
-0.84653
-0.8298
-0.80885
-0.837
-0.87977
-0.86562
-0.88388
0
0
0
0
0
0
0
0
0
0
0
0
0
0
0
0
0
0
0
0
0
0
0
0
0
0
0
0
0
0
0
0
0
0
0
0
0
0
0
0
0
0
0
0
0
0
0
0
0
0
0
0
0
0
0
0
0
0
0
0
0
0
0
0
0
0
0
-0.86752
-0.85826
-0.85191
-0.84982
-0.85609
-0.85682
-0.85137
-0.84919
-0.84418
-0.84262
-0.84319
-0.85083
-0.82534
-0.82532
-0.87223
-0.85514
-0.82219
-0.87222
-0.84158
-0.83075
-0.83076
-0.83695
-0.82954
-0.82131
-0.83975
-0.83969
-0.83795
-0.81503
-0.82043
-0.82046
-0.8308
49.201
-0.83081
-0.81615
-0.83175
-0.81614
-0.81627
-0.81316
-0.82811
-0.83447
-0.82582
-0.81338
-0.81623
-0.82532
-0.80613
-0.80613
-0.81871
-0.81905
-0.82313
-0.80401
-0.78747
-0.83558
-0.82061
-0.79899
-0.82653
-0.86658
-0.8529
0
0
0
0
0
0
0
0
0
0
0
0
0
0
0
0
-2.5783
0
0
0
0
0
0
0
0
0
0
0
0
0
0
0
0
0
0
0
0
0
0
0
0
0
0
0
0
0
0
0
0
0
0
0
0
0
0
0
0
0
0
0
0
0
0
0
0
0
0
0
-0.87778
-0.87185
-0.86242
-0.86012
-0.86594
-0.86669
-0.86119
-0.859
-0.85398
-0.85241
-0.85311
-0.85948
-0.83535
-0.83533
-0.8822
-0.86384
-0.83238
-0.88219
-0.85178
-0.84097
-0.84097
-0.84727
-0.84021
-0.83397
-0.85018
-0.85012
-0.84818
-0.82733
-0.83226
-0.83098
-0.83691
-0.83081
48.0688
-0.8244
-0.84168
-0.82439
-0.82554
-0.82356
-0.84021
-0.8441
-0.83587
-0.82299
-0.8262
-0.83744
-0.81554
-0.81554
-0.82917
-0.83005
-0.83334
-0.81335
-0.79676
-0.84652
-0.8298
-0.80884
-0.837
-0.87977
-0.86563
-0.88389
0
0
0
0
0
0
0
0
0
0
0
0
0
0
0
0
0
0
0
0
0
0
0
0
0
0
0
0
0
0
0
0
0
0
0
0
0
0
0
0
0
0
0
0
0
0
0
0
0
0
0
0
0
0
0
0
0
0
0
0
0
0
0
0
0
0
0
-0.86432
-0.85843
-0.84905
-0.84679
-0.85252
-0.85326
-0.84778
-0.84558
-0.84056
-0.839
-0.83968
-0.84599
-0.82194
-0.82192
-0.86867
-0.85095
-0.81884
-0.86866
-0.83831
-0.82745
-0.82747
-0.83376
-0.8265
-0.81991
-0.83655
-0.8365
-0.83459
-0.8124
-0.81801
-0.81777
-0.8244
-0.81615
-0.8244
46.4329
-0.82846
-0.80533
-0.81175
-0.80915
-0.82721
-0.83063
-0.82209
-0.80957
-0.81254
-0.82548
-0.80239
-0.80239
-0.81511
-0.81587
-0.81956
-0.80038
-0.78394
-0.83287
-0.8159
-0.79556
-0.82361
-0.86442
-0.85055
0
0
0
0
0
0
0
0
0
0
0
0
0
0
0
0
0
0
0
0
0
0
0
0
0
0
0
0
0
0
0
0
0
0
0
0
0
0
0
0
0
0
0
0
0
0
0
0
0
0
0
0
0
0
0
0
0
0
0
0
0
0
0
0
0
0
0
0
-0.88017
-0.87404
-0.86366
-0.86176
-0.86918
-0.86969
-0.86453
-0.86235
-0.85743
-0.85593
-0.8562
-0.86338
-0.83732
-0.83728
-0.88519
-0.86826
-0.83449
-0.8852
-0.85283
-0.8466
-0.84659
-0.84936
-0.83787
-0.83691
-0.85058
-0.85052
-0.84995
-0.82995
-0.83473
-0.82568
-0.84168
-0.83175
-0.84168
-0.82846
54.4018
-0.82847
-0.82874
-0.82522
-0.84123
-0.84706
-0.8381
-0.826
-0.82865
-0.8359
-0.81885
-0.81886
-0.83144
-0.83157
-0.82731
-0.81674
-0.80039
-0.8472
-0.83149
-0.81236
0
0
0
0
0
0
0
0
0
0
0
0
0
0
0
0
0
0
0
0
0
0
-2.6993
0
-2.8997
0
0
0
0
0
0
0
0
0
0
0
0
0
0
0
0
0
0
0
-4.0861
0
0
0
0
0
0
0
0
0
0
0
0
0
0
0
0
0
0
0
0
0
0
0
0
0
0
-0.86431
-0.85844
-0.84904
-0.84679
-0.85252
-0.85327
-0.84778
-0.84557
-0.84056
-0.839
-0.8397
-0.84599
-0.82194
-0.82192
-0.86867
-0.85095
-0.81883
-0.86867
-0.83832
-0.82746
-0.82747
-0.83376
-0.8265
-0.8199
-0.83654
-0.8365
-0.83459
-0.81239
-0.81802
-0.81777
-0.82439
-0.81614
-0.82439
-0.80533
-0.82847
46.4329
-0.81174
-0.80915
-0.82721
-0.83063
-0.82209
-0.80956
-0.81253
-0.82548
-0.80238
-0.80239
-0.81511
-0.81588
-0.81956
-0.80037
-0.78395
-0.83287
-0.81591
-0.79556
-0.8236
-0.86442
-0.85057
0
0
0
0
0
0
0
0
0
0
0
0
0
0
0
0
0
0
0
0
0
0
0
0
0
0
0
0
0
0
0
0
0
0
0
0
0
0
0
0
0
0
0
0
0
0
0
0
0
0
0
0
0
0
0
0
0
0
0
0
0
0
0
0
0
0
0
0
-0.86531
-0.8594
-0.84999
-0.84774
-0.85343
-0.85416
-0.84867
-0.84644
-0.84139
-0.8398
-0.84051
-0.84674
-0.82263
-0.82261
-0.86959
-0.85179
-0.81945
-0.86959
-0.83904
-0.82827
-0.82827
-0.83447
-0.82722
-0.82047
-0.83712
-0.83707
-0.83573
-0.81241
-0.81839
-0.81827
-0.82553
-0.81627
-0.82554
-0.81175
-0.82874
-0.81174
44.7722
-0.80954
-0.82736
-0.83463
-0.82395
-0.81195
-0.81466
-0.82153
-0.80488
-0.80489
-0.81666
-0.81678
-0.82079
-0.80204
-0.78545
-0.83295
-0.81653
-0.79687
-0.82523
0
0
0
0
0
0
0
0
0
0
0
0
0
0
0
0
0
0
0
0
0
0
0
0
0
0
0
0
0
0
0
0
0
0
0
0
0
0
0
0
0
0
0
0
0
0
0
0
0
0
0
0
0
0
0
0
0
0
0
0
0
0
0
0
0
0
0
0
0
0
-0.86129
-0.85801
-0.8463
-0.84402
-0.8504
-0.85098
-0.84569
-0.84338
-0.83833
-0.83675
-0.83784
-0.84434
-0.82005
-0.82002
-0.86703
-0.84891
-0.81691
-0.86702
-0.83632
-0.82595
-0.82596
-0.82553
-0.82461
-0.81665
-0.83428
-0.83424
-0.83301
-0.80957
-0.81549
-0.81508
-0.82356
-0.81316
-0.82356
-0.80915
-0.82522
-0.80915
-0.80954
45.5654
-0.82493
-0.83148
-0.82012
-0.8091
-0.81105
-0.81832
-0.80165
-0.80165
-0.81291
-0.81306
-0.81677
-0.79882
-0.7825
-0.82876
0
-0.79445
0
0
0
0
0
0
0
0
0
0
0
0
0
0
0
0
0
0
0
0
0
0
0
0
0
0
-2.5925
0
0
0
0
0
0
0
0
0
0
0
0
0
0
0
0
0
0
0
0
0
0
0
0
0
0
0
0
0
0
0
0
0
0
0
0
0
0
0
0
0
0
0
0
-0.87832
-0.8722
-0.86248
-0.85836
-0.86639
-0.86698
-0.86158
-0.85964
-0.85459
-0.85294
-0.85368
-0.86148
-0.83543
-0.8354
-0.88288
-0.86532
-0.83231
-0.88287
-0.85231
-0.84171
-0.84171
-0.83801
-0.84051
-0.83326
-0.84881
-0.84877
-0.84837
-0.82003
-0.83085
-0.82957
-0.8402
-0.82811
-0.84021
-0.82721
-0.84123
-0.82721
-0.82736
-0.82493
47.9341
-0.84576
-0.83726
-0.82459
-0.82802
-0.84051
-0.81746
-0.81746
-0.82492
-0.8315
-0.8345
-0.81545
-0.79921
-0.84613
0
0
0
0
0
0
0
0
0
0
0
0
0
0
0
0
0
0
0
0
0
0
0
0
0
-1.8418
0
0
0
0
0
0
-3.1163
0
0
0
0
0
0
0
0
0
0
0
0
0
0
0
0
0
0
0
0
0
0
0
0
0
0
0
0
0
0
0
0
0
0
0
0
0
0
0
0
-0.88355
-0.87763
-0.86818
-0.86592
-0.87179
-0.87255
-0.86703
-0.8648
-0.85969
-0.8581
-0.85881
-0.86592
-0.84077
-0.84074
-0.88802
-0.87017
-0.8376
-0.88801
-0.85729
-0.8466
-0.8466
-0.85258
-0.84549
-0.83869
-0.85525
-0.8552
-0.8541
-0.83033
-0.83656
-0.83636
-0.8441
-0.83447
-0.8441
-0.83063
-0.84706
-0.83063
-0.83463
-0.83148
-0.84576
44.1035
-0.84851
-0.82959
-0.83694
-0.83878
-0.82404
-0.82405
-0.83904
-0.83886
-0.84358
-0.82287
-0.80569
-0.85666
0
-0.81771
0
0
0
0
0
0
0
0
0
0
0
0
0
0
0
0
0
0
0
0
0
0
0
0
0
0
0
0
0
0
0
0
0
0
0
0
0
0
0
0
0
0
0
0
0
0
0
0
0
0
0
0
0
0
0
0
0
0
0
0
0
0
0
0
0
0
0
0
0
0
0
-0.87319
-0.86904
-0.85961
-0.85745
-0.86195
-0.86409
-0.85854
-0.85636
-0.85128
-0.8497
-0.85036
-0.85752
-0.83237
-0.83234
-0.87949
-0.86175
-0.82925
-0.87948
-0.84881
-0.83833
-0.83833
-0.84406
-0.83707
-0.83027
-0.84666
-0.8466
-0.84569
-0.82182
-0.82809
-0.8276
-0.83585
-0.82582
-0.83587
-0.82209
-0.8381
-0.82209
-0.82395
-0.82012
-0.83726
-0.84851
43.7663
-0.82189
-0.82684
-0.83544
-0.81474
-0.81474
-0.82926
-0.82955
-0.83382
-0.81442
-0.79816
0
0
0
0
0
0
0
0
0
0
0
0
0
0
0
0
0
0
-1.7607
0
0
0
0
0
0
0
0
0
0
0
0
0
0
0
0
0
0
0
0
0
0
0
0
0
0
0
0
0
0
0
0
0
0
0
0
0
0
0
0
0
0
0
0
0
0
0
0
0
0
0
0
0
0
0
-0.86233
-0.85647
-0.84708
-0.84485
-0.85062
-0.85136
-0.84587
-0.84365
-0.83859
-0.83702
-0.83772
-0.84478
-0.81984
-0.81981
-0.86672
-0.84898
-0.81667
-0.86671
-0.83622
-0.82554
-0.82555
-0.83156
-0.82445
-0.81767
-0.83426
-0.8342
-0.833
-0.8095
-0.81556
-0.81549
-0.82299
-0.81338
-0.82299
-0.80957
-0.826
-0.80956
-0.81195
-0.8091
-0.82459
-0.82959
-0.82189
42.1996
-0.8103
-0.82414
-0.8028
-0.80281
-0.81259
-0.81379
-0.81674
-0.79843
-0.78241
-0.83196
0
0
0
0
0
0
0
0
0
0
0
0
0
0
0
0
0
0
0
0
0
0
0
0
0
0
0
0
0
0
0
0
0
0
0
0
0
0
0
0
0
0
0
0
0
0
0
0
0
0
0
0
0
0
0
0
0
0
0
0
0
0
0
0
0
0
0
0
0
0
0
0
0
-0.86493
-0.85885
-0.84948
-0.84812
-0.85368
-0.85406
-0.84885
-0.84659
-0.84158
-0.83989
-0.84085
-0.84758
-0.82265
-0.82263
-0.86916
-0.85159
-0.81954
-0.86916
-0.83956
-0.82858
-0.82858
-0.83459
-0.82783
-0.82065
-0.83646
-0.8364
-0.83558
-0.81246
-0.81852
-0.81811
-0.8262
-0.81623
-0.8262
-0.81254
-0.82865
-0.81253
-0.81466
-0.81105
-0.82802
-0.83694
-0.82684
-0.8103
43.3065
-0.829
-0.80475
-0.80475
-0.81542
-0.81612
-0.81925
-0.80219
-0.78668
0
0
0
0
0
0
0
0
0
0
0
0
0
0
0
0
0
0
0
0
0
0
0
0
0
0
0
0
0
0
0
0
0
0
0
0
0
0
0
0
0
0
-1.7917
0
0
0
0
0
0
0
0
0
0
0
0
0
0
0
0
0
0
0
0
0
0
0
0
0
0
0
0
0
0
0
-0.87153
-0.86891
-0.8599
-0.85803
-0.8638
-0.86475
-0.8592
-0.857
-0.85192
-0.85026
-0.85049
-0.85831
-0.83276
-0.83272
-0.87972
-0.86246
-0.82969
-0.87972
-0.84078
-0.83915
-0.83915
-0.84343
-0.83575
-0.83001
-0.84632
-0.84628
-0.84597
-0.82195
-0.8256
-0.82692
-0.83743
-0.82532
-0.83744
-0.82548
-0.8359
-0.82548
-0.82153
-0.81832
-0.84051
-0.83878
-0.83544
-0.82414
-0.829
46.4185
-0.8155
-0.81551
-0.82339
0
-0.82683
-0.81171
0
0
0
0
0
0
0
0
0
0
0
0
0
0
0
0
0
0
0
0
0
0
0
0
0
-2.2497
0
0
0
0
0
0
0
0
0
0
0
0
-3.8086
0
0
0
0
0
0
0
0
0
0
0
0
0
0
0
0
0
0
0
0
0
0
0
0
0
0
0
0
0
0
0
0
0
0
0
0
-0.85502
-0.84919
-0.83984
-0.83762
-0.84332
-0.84406
-0.83857
-0.83632
-0.83128
-0.8297
-0.83042
-0.83746
-0.81255
-0.81253
-0.85934
-0.84169
-0.80937
-0.85932
-0.82889
-0.8182
-0.81821
-0.82427
-0.81705
-0.81027
-0.82692
-0.82687
-0.8257
-0.80206
-0.80819
-0.80834
-0.81554
-0.80613
-0.81554
-0.80239
-0.81885
-0.80238
-0.80488
-0.80165
-0.81746
-0.82404
-0.81474
-0.8028
-0.80475
-0.8155
41.0112
-0.78741
-0.80614
-0.80758
-0.81123
-0.79286
-0.7768
0
0
0
0
0
0
0
0
0
0
0
0
0
0
0
0
0
0
0
0
0
0
0
0
0
0
0
0
0
0
0
0
0
0
0
0
0
0
0
0
0
0
0
0
0
0
0
0
0
0
0
0
0
0
0
0
0
0
0
0
0
0
0
0
0
0
0
0
0
0
0
0
0
0
-0.85503
-0.8492
-0.83984
-0.83761
-0.84332
-0.84405
-0.83858
-0.83634
-0.83128
-0.8297
-0.83042
-0.83746
-0.81256
-0.81252
-0.85933
-0.8417
-0.80937
-0.85932
-0.8289
-0.8182
-0.81821
-0.82427
-0.81704
-0.81027
-0.82693
-0.82687
-0.82572
-0.80206
-0.8082
-0.80833
-0.81553
-0.80613
-0.81554
-0.80239
-0.81886
-0.80239
-0.80489
-0.80165
-0.81746
-0.82405
-0.81474
-0.80281
-0.80475
-0.81551
-0.78741
41.0113
-0.80614
-0.80759
-0.81124
-0.79286
-0.7768
0
0
0
0
0
0
0
0
0
0
0
0
0
0
0
0
0
0
0
0
0
0
0
0
0
0
0
0
0
0
0
0
0
0
0
0
0
0
0
0
0
0
0
0
0
0
0
0
0
0
0
0
0
0
0
0
0
0
0
0
0
0
0
0
0
0
0
0
0
0
0
0
0
0
-0.86808
-0.86217
-0.85269
-0.85044
-0.85656
-0.85699
-0.85185
-0.84954
-0.84449
-0.84287
-0.84331
-0.85114
-0.82554
-0.8255
-0.87269
-0.85504
-0.82243
-0.87268
-0.84196
-0.83149
-0.83149
-0.83251
-0.83027
-0.82337
-0.83922
-0.83916
-0.83835
-0.80943
-0.82109
-0.81813
-0.82916
-0.81871
-0.82917
-0.81511
-0.83144
-0.81511
-0.81666
-0.81291
-0.82492
-0.83904
-0.82926
-0.81259
-0.81542
-0.82339
-0.80614
-0.80614
40.826
0
0
0
0
0
0
0
0
0
0
0
0
0
0
0
0
0
0
0
0
0
0
0
0
0
0
0
-2.4404
0
0
0
0
0
0
0
0
0
0
0
0
0
0
0
0
0
0
0
0
0
0
0
0
0
0
0
0
0
0
0
0
0
0
0
0
0
0
0
0
0
0
0
0
0
0
0
0
0
0
-0.86823
-0.86255
-0.85313
-0.85094
-0.85678
-0.8577
-0.85215
-0.85002
-0.84493
-0.84341
-0.84394
-0.85123
-0.82611
-0.8261
-0.87309
-0.85467
-0.82308
-0.87308
-0.8426
-0.83217
-0.83218
-0.83819
-0.8309
-0.8242
-0.84029
-0.84024
-0.83921
-0.81612
-0.82206
-0.82059
-0.83005
-0.81905
-0.83005
-0.81587
-0.83157
-0.81588
-0.81678
-0.81306
-0.8315
-0.83886
-0.82955
-0.81379
-0.81612
0
-0.80758
-0.80759
0
40.571
0
0
0
0
0
0
0
0
0
-0.8789
0
0
0
0
0
0
0
0
0
0
0
0
-2.0849
0
0
0
0
0
0
0
0
0
0
0
0
0
0
0
0
0
0
0
0
0
0
0
0
0
0
0
0
0
0
0
0
0
0
0
0
0
0
0
0
0
0
0
0
0
0
0
0
0
0
0
0
0
0
-0.8724
-0.86656
-0.85725
-0.8549
-0.86097
-0.86146
-0.85625
-0.85386
-0.84875
-0.84715
-0.84782
-0.85371
-0.82979
-0.82976
-0.87683
-0.85852
-0.82662
-0.87682
-0.84606
-0.83572
-0.83573
-0.84127
-0.83428
-0.82751
-0.84387
-0.84382
-0.83518
-0.81936
-0.82532
-0.82448
-0.83333
-0.82313
-0.83334
-0.81956
-0.82731
-0.81956
-0.82079
-0.81677
-0.8345
-0.84358
-0.83382
-0.81674
-0.81925
-0.82683
-0.81123
-0.81124
0
0
41.235
0
0
0
0
0
0
0
0
0
0
0
0
0
0
0
0
0
0
0
0
0
0
0
0
0
0
0
-2.652
0
0
0
0
0
0
0
0
0
0
0
0
0
0
0
0
0
0
0
0
0
0
0
0
0
0
0
0
0
0
0
0
0
0
0
0
0
0
0
0
0
0
0
0
0
0
0
0
-0.85277
-0.84692
-0.83755
-0.83532
-0.84105
-0.84181
-0.83631
-0.83408
-0.82903
-0.82746
-0.82817
-0.83519
-0.81028
-0.81026
-0.85711
-0.83948
-0.80708
-0.8571
-0.82662
-0.81597
-0.81597
-0.82204
-0.8148
-0.80802
-0.82457
-0.82453
-0.82393
-0.79992
-0.8059
-0.80613
-0.81335
-0.80401
-0.81335
-0.80038
-0.81674
-0.80037
-0.80204
-0.79882
-0.81545
-0.82287
-0.81442
-0.79843
-0.80219
-0.81171
-0.79286
-0.79286
0
0
0
37.7152
0
0
0
0
0
0
0
0
0
0
0
0
0
0
0
0
0
0
0
0
0
0
0
0
0
0
0
0
0
0
0
0
0
0
0
0
0
0
0
0
0
0
0
0
0
0
0
0
0
0
0
0
0
0
0
0
0
0
0
0
0
0
0
0
0
0
0
0
0
0
0
0
0
0
0
-0.83646
-0.83055
-0.82121
-0.81898
-0.82463
-0.82535
-0.8199
-0.81766
-0.81262
-0.81102
-0.81177
-0.81886
-0.79395
-0.79392
-0.84056
-0.82299
-0.79072
-0.84054
-0.8104
-0.7995
-0.79951
-0.80564
-0.79834
-0.79157
-0.80813
-0.80808
-0.80746
-0.78347
-0.78943
-0.78979
-0.79676
-0.78747
-0.79676
-0.78394
-0.80039
-0.78395
-0.78545
-0.7825
-0.79921
-0.80569
-0.79816
-0.78241
-0.78668
0
-0.7768
-0.7768
0
0
0
0
36.166
0
0
0
0
0
0
0
0
0
0
0
0
0
0
0
0
0
0
0
0
0
0
0
0
0
0
0
0
0
0
0
0
0
0
0
0
0
0
0
0
0
0
0
0
0
0
0
0
0
0
0
0
0
0
0
0
0
0
0
0
0
0
0
0
0
0
0
0
0
0
0
0
0
0
-0.88449
-0.87833
-0.86873
-0.86617
-0.87339
-0.87457
-0.86868
-0.86647
-0.8614
-0.85988
-0.86054
-0.86824
-0.84237
-0.84234
-0.88874
-0.872
-0.83925
-0.88875
-0.85903
-0.84858
-0.84858
-0.85344
-0.84734
-0.84023
-0.85493
-0.85489
-0.85513
-0.83167
-0.83786
-0.83543
-0.84653
-0.83558
-0.84652
-0.83287
-0.8472
-0.83287
-0.83295
-0.82876
-0.84613
-0.85666
0
-0.83196
0
0
0
0
0
0
0
0
0
40.0205
0
0
0
0
0
0
0
0
0
0
0
0
0
0
0
0
0
0
0
0
0
0
0
0
0
0
0
0
0
0
0
0
0
0
0
0
0
0
0
0
0
0
0
0
0
0
0
0
0
0
0
0
0
0
0
0
0
-5.011
0
0
0
0
0
0
0
0
0
0
0
0
0
0
0
-0.87497
-0.86856
-0.85764
-0.85549
-0.85595
-0.85673
-0.85112
-0.84884
-0.84421
-0.8426
-0.84353
-0.81459
-0.8253
-0.82527
-0.8747
-0.85569
-0.82229
-0.8747
-0.8423
-0.83162
-0.83162
-0.8375
-0.83089
-0.82381
-0.84079
-0.84075
-0.83797
-0.81601
-0.82168
-0.82085
-0.8298
-0.82061
-0.8298
-0.8159
-0.83149
-0.81591
-0.81653
0
0
0
0
0
0
0
0
0
0
0
0
0
0
0
37.9803
0
0
0
0
0
0
0
0
0
0
0
0
0
0
0
0
0
0
0
0
0
0
0
0
0
0
0
0
0
0
0
0
-4.2838
0
0
0
0
0
0
0
0
0
0
0
-2.6685
0
0
0
0
0
0
0
0
0
0
0
0
0
0
0
0
0
0
0
0
0
0
0
0
0
0
0
-0.84822
-0.84223
-0.83289
-0.83068
-0.83638
-0.83708
-0.8316
-0.82938
-0.82434
-0.82277
-0.82348
-0.8304
-0.80562
-0.8056
-0.85235
-0.83466
-0.80246
-0.85235
-0.82217
-0.81135
-0.81136
-0.81772
-0.81021
-0.80347
-0.81999
-0.81993
-0.81904
-0.79544
-0.80138
-0.80129
-0.80885
-0.79899
-0.80884
-0.79556
-0.81236
-0.79556
-0.79687
-0.79445
0
-0.81771
0
0
0
0
0
0
0
0
0
0
0
0
0
31.905
0
0
0
0
0
0
0
0
0
0
0
0
0
0
0
0
0
0
0
0
0
0
0
0
0
0
0
0
0
0
0
0
0
0
0
0
0
0
0
0
0
0
0
0
0
0
0
0
0
0
0
0
0
0
0
0
0
0
0
0
0
0
0
0
0
0
0
0
0
0
0
-0.87576
-0.86964
-0.86042
-0.85835
-0.86448
-0.8651
-0.85946
-0.85761
-0.85254
-0.8509
-0.85141
-0.85852
-0.83342
-0.83338
-0.88048
-0.86261
-0.83025
-0.88047
-0.84988
-0.83948
-0.83949
-0.84816
-0.83814
-0.83104
-0.84669
-0.84664
-0.84695
-0.82266
-0.82884
-0.82197
-0.837
-0.82653
-0.837
-0.82361
0
-0.8236
-0.82523
0
0
0
0
0
0
0
0
0
0
0
0
0
0
0
0
0
34.4589
0
0
0
0
0
0
0
0
0
0
0
0
0
0
0
0
0
0
0
0
0
0
0
0
0
0
0
-3.4004
-0.58073
0
0
0
0
0
0
0
0
0
0
0
0
0
0
0
0
0
0
0
0
0
0
0
0
0
0
0
0
0
0
0
0
0
0
0
0
0
0
0
0
0
-0.91612
-0.90937
-0.89966
-0.89516
-0.9058
-0.90577
-0.90095
-0.89901
-0.89402
-0.8924
-0.89343
-0.90096
-0.87436
-0.87433
-0.92031
-0.90424
-0.87148
-0.92031
-0.89233
-0.88159
-0.88161
-0.88592
-0.88094
-0.87254
-0.88526
-0.88519
-0.88665
-0.86374
-0.87014
-0.8653
-0.87977
-0.86658
-0.87977
-0.86442
0
-0.86442
0
0
0
0
0
0
0
0
0
0
0
0
0
0
0
0
0
0
0
43.2427
0
0
0
0
0
0
0
0
0
0
0
0
0
0
0
0
0
0
0
0
0
-1.8614
0
0
0
0
0
0
0
0
0
0
0
0
0
0
0
0
0
0
0
0
0
0
0
0
-5.1487
0
0
0
0
0
0
0
0
0
0
-5.1487
0
0
0
0
0
0
0
0
0
0
0
-0.9024
-0.89607
-0.88651
-0.88529
-0.89125
-0.89278
-0.88659
-0.88494
-0.87988
-0.87814
-0.87863
-0.88634
-0.86036
-0.86034
-0.90676
-0.89014
-0.85746
-0.90675
-0.87787
-0.86728
-0.86729
-0.87023
-0.86655
-0.85873
-0.87323
-0.87319
-0.87369
-0.84879
-0.85663
-0.84715
-0.86562
-0.8529
-0.86563
-0.85055
0
-0.85057
0
0
0
0
0
0
0
0
0
0
0
0
0
0
0
0
0
0
0
0
39.5587
0
0
0
0
0
0
0
0
0
0
0
0
0
0
0
0
0
0
0
0
0
0
0
0
0
0
0
0
0
0
0
0
-4.1824
0
0
0
0
0
0
0
0
0
0
0
0
0
0
0
0
0
0
0
0
0
0
0
0
0
0
0
-4.7799
0
0
0
0
0
0
0
-0.9228
-0.9161
-0.90535
-0.90188
-0.90964
-0.90991
-0.90496
-0.9028
-0.89764
-0.89629
-0.89702
-0.90577
-0.87838
-0.87835
-0.92478
-0.87959
-0.87518
-0.92477
-0.89575
-0.88524
-0.88524
-0.88958
-0.88442
-0.87632
-0.8902
-0.89014
0
-0.86804
-0.87422
0
-0.88388
0
-0.88389
0
0
0
0
0
0
0
0
0
0
0
0
0
0
-0.8789
0
0
0
0
0
0
0
0
0
41.5529
0
0
0
0
0
0
0
0
0
0
0
0
0
0
0
0
0
0
0
0
0
0
0
0
0
0
0
0
0
-4.2809
0
0
0
0
0
0
0
0
0
0
0
0
0
0
0
0
0
-4.7775
0
0
0
0
-4.7775
0
0
0
0
0
0
0
0
0
0
0
0
0
0
-0.90641
-0.90065
-0.89116
-0.88811
-0.89589
-0.8969
-0.89128
-0.88926
-0.88412
-0.88273
-0.88314
-0.89127
-0.86516
-0.86513
-0.9117
-0.89501
-0.86199
-0.9117
-0.882
-0.87134
-0.87136
-0.87753
-0.87024
-0.86293
-0.87816
-0.87811
0
0
0
0
0
0
0
0
0
0
0
0
0
0
0
0
0
0
0
0
0
0
0
0
0
0
0
0
0
0
0
0
29.1019
0
0
0
0
0
0
0
0
0
0
0
-2.0452
0
0
0
0
0
0
0
0
0
0
0
0
0
0
0
0
0
0
0
0
0
0
0
0
0
0
0
0
0
0
-4.0534
0
0
0
0
0
0
0
0
0
0
0
0
0
0
0
0
0
0
0
0
0
0
0
-0.95986
-0.95308
-0.94086
-0.93944
-0.94831
-0.94875
-0.94337
-0.94116
-0.93598
-0.93445
-0.93539
-0.94607
-0.91662
-0.91659
-0.96519
-0.94864
-0.91305
-0.96518
-0.93357
-0.92225
-0.92225
0
0
0
0
0
0
0
0
0
0
0
0
0
0
0
0
0
0
0
0
0
0
0
0
0
0
0
0
0
0
0
0
0
0
0
0
0
0
23.3187
0
0
0
0
0
0
0
0
0
0
0
0
0
0
0
0
0
0
0
0
0
0
0
0
0
0
0
0
0
0
0
0
0
0
0
0
0
0
-3.5886
0
0
0
0
0
0
0
0
0
0
0
0
0
0
0
0
0
0
0
0
0
0
0
0
0
0
-0.99572
-0.98919
-0.97987
-0.97756
-0.98344
-0.98462
-0.97846
-0.97627
-0.97101
-0.96949
-0.97039
-0.97734
-0.95162
-0.95159
-1.0003
-0.98218
-0.94818
-1.0003
-0.96946
-0.95769
-0.95769
0
0
0
0
0
0
0
0
0
0
0
0
0
0
0
0
0
0
0
0
0
0
0
0
0
0
0
0
0
0
0
0
0
0
0
0
0
0
0
20.4724
0
0
0
0
0
0
0
0
0
0
0
0
0
0
0
0
0
0
0
0
0
0
0
0
0
0
0
0
0
0
0
0
0
0
0
0
0
0
0
0
0
0
0
0
0
0
0
0
0
0
0
0
0
0
0
0
0
0
0
0
0
0
0
0
-0.95623
-0.94974
-0.94049
-0.93819
-0.94394
-0.94506
-0.93897
-0.93676
-0.93152
-0.93003
-0.93098
-0.93785
-0.91234
-0.91232
-0.96056
-0.94257
-0.90888
-0.96055
-0.92995
-0.91806
-0.91806
0
0
0
0
0
0
0
0
0
0
0
0
0
0
0
0
0
0
0
0
0
0
0
0
0
0
0
0
0
0
0
0
0
0
0
0
0
0
0
0
19.643
0
0
0
0
0
0
0
0
0
0
0
0
0
0
0
0
0
0
0
0
0
0
0
0
0
0
0
0
0
0
0
0
0
0
0
0
0
0
0
0
0
0
0
0
0
0
0
0
0
0
0
0
0
0
0
0
0
0
0
0
0
0
0
-1.0148
-1.0082
-0.99892
-0.99659
-1.0024
-1.0036
-0.99737
-0.99514
-0.98982
-0.9883
-0.98928
-0.99632
-0.97032
-0.97031
-1.0194
-1.0012
-0.96687
-1.0193
-0.98839
0
0
0
0
0
0
0
0
0
0
0
0
0
0
0
0
0
0
0
0
0
0
0
0
0
0
0
0
0
0
0
0
0
0
0
0
0
0
0
0
0
0
0
18.9166
0
0
0
0
0
0
0
0
0
0
0
0
0
0
0
0
0
0
0
0
0
0
0
0
0
0
0
0
0
0
0
0
0
0
0
0
0
0
0
0
0
0
0
0
0
0
0
0
0
0
0
0
0
0
0
0
0
0
0
0
0
0
-1.016
-1.0097
-0.99958
-0.99675
-1.0045
-1.0042
-0.99955
-0.99723
-0.99205
-0.99053
-0.99154
-1.0011
-0.97242
-0.97238
0
0
-0.96896
0
0
0
0
0
0
0
0
0
0
0
0
0
0
0
0
0
0
0
0
0
0
0
0
0
0
0
0
0
0
0
0
0
0
0
0
0
0
0
0
0
0
0
0
0
0
17.9473
0
0
0
0
0
0
0
0
0
0
0
0
0
0
0
0
0
0
0
0
0
0
0
0
0
0
0
0
-3.0308
0
0
0
0
0
0
0
0
0
0
0
0
0
0
0
0
0
0
0
0
0
0
0
0
0
0
0
0
0
0
0
0
-1.0458
-1.0388
-1.0294
-1.0268
-1.0349
-1.0207
-1.0299
-1.0277
-1.0223
-1.0209
-1.0221
-1.03
-1.0027
-1.0027
0
0
0
0
0
0
0
0
0
0
0
0
0
0
0
0
0
0
0
0
0
0
0
0
0
0
0
0
0
0
0
0
0
0
0
0
0
0
0
0
0
0
0
0
0
0
0
0
0
0
16.8933
0
0
0
0
0
0
0
0
0
0
0
0
0
0
0
0
0
0
0
0
0
0
0
0
0
-2.5388
0
0
0
0
0
0
0
0
0
0
0
0
0
0
0
0
0
0
0
0
0
0
0
0
0
0
0
0
0
0
0
0
0
0
-1.2235
-1.2165
-1.2076
-1.2052
-1.2124
-1.2142
-1.2073
-1.2051
-1.1994
-1.1982
-1.1991
0
-1.1793
-1.1793
0
0
0
0
0
0
0
0
0
0
0
0
0
0
0
0
0
0
0
0
0
0
0
0
0
0
0
0
0
0
0
0
0
0
0
0
0
0
0
0
0
0
0
0
0
0
0
0
0
0
0
15.6469
0
0
0
0
0
0
0
0
0
0
0
0
0
0
0
0
0
0
0
0
0
0
0
0
0
0
0
0
0
0
0
0
0
0
0
0
0
0
0
0
0
0
0
0
0
0
0
0
0
0
0
0
0
0
0
0
0
0
0
-1.1813
-1.1927
-1.1668
-1.1644
-1.1747
-1.1753
-1.1695
-1.1667
-1.1612
-1.1593
0
0
0
0
0
0
0
0
0
0
0
0
0
0
0
0
0
0
0
0
0
0
0
0
0
0
0
0
0
0
0
0
0
0
0
0
0
0
0
0
0
0
0
0
0
0
0
0
0
0
0
0
0
0
0
0
13.9891
0
0
0
0
0
0
0
0
0
0
0
0
0
-2.2773
0
0
0
0
0
0
0
0
0
0
0
0
0
0
0
0
0
0
0
0
0
0
0
0
0
0
0
0
0
0
0
0
0
0
0
0
0
0
0
0
0
0
0
0
-1.3138
-1.3051
-1.2953
-1.2961
-1.3046
-1.305
-1.2987
-1.2968
-1.2914
0
0
0
0
0
0
0
0
0
0
0
0
0
0
0
0
0
0
0
0
0
0
0
0
0
0
0
0
0
0
0
0
0
0
0
0
0
0
0
0
0
0
0
0
0
0
0
0
0
0
0
0
0
0
0
0
0
0
15.8288
0
0
0
0
0
0
0
0
0
0
0
0
0
0
0
0
0
0
0
0
0
0
0
0
0
0
0
0
0
0
0
0
0
0
0
0
0
0
0
0
0
0
0
0
0
0
0
0
-4.1219
0
0
0
0
0
0
0
0
-1.3742
-1.3664
-1.3577
-1.3546
-1.3675
-1.3692
-1.3624
-1.3607
0
0
0
0
0
0
0
0
0
0
0
0
0
0
0
0
0
0
0
0
0
0
0
0
0
0
0
0
0
0
0
0
0
0
0
0
0
0
0
0
0
0
0
0
0
0
0
0
0
0
0
0
0
0
0
0
0
0
0
0
13.6216
0
0
0
0
0
0
0
0
0
0
0
0
0
0
0
0
0
0
0
0
0
0
0
0
0
0
0
0
-2.7088
0
0
0
0
0
0
0
0
0
0
0
0
0
0
0
0
0
0
0
0
0
0
0
0
0
0
0
-1.8079
0
0
0
-1.8121
0
0
0
0
0
0
0
0
0
0
0
0
0
0
0
0
0
0
0
0
0
0
0
0
0
0
0
0
0
0
0
0
0
0
0
-1.7607
0
0
0
0
0
0
0
0
0
0
0
0
0
0
0
0
0
0
0
0
0
0
0
0
0
0
0
0
11.8256
0
0
0
0
0
0
0
0
0
0
0
0
0
-2.3414
0
0
0
0
0
0
0
0
0
0
0
0
0
0
0
0
0
0
0
0
0
0
0
0
0
0
0
0
0
0
0
0
0
0
0
0
0
0
0
-4.1036
0
0
0
0
0
0
0
0
0
0
0
0
0
0
0
0
0
0
0
0
0
0
0
0
0
0
0
0
0
0
0
0
0
0
0
0
0
0
0
0
0
0
0
0
0
0
0
0
-2.0849
0
0
0
0
0
0
0
0
0
0
-2.0452
0
0
0
0
0
0
0
0
0
0
0
15.0993
0
0
0
0
0
0
0
0
0
0
0
-3.217
0
0
0
0
0
0
0
0
0
0
0
0
0
0
0
0
0
0
0
0
0
0
0
0
0
0
0
0
0
0
0
0
-3.8761
0
0
0
0
0
-3.8761
0
0
0
-2.1697
-2.1587
-2.1571
0
-2.1687
0
-2.1616
0
0
0
0
0
0
0
0
0
0
0
0
0
0
0
0
0
0
0
0
0
0
0
0
0
0
0
0
0
0
0
0
0
0
0
0
0
0
0
0
0
0
0
0
0
0
0
0
0
0
0
0
0
0
0
0
0
0
0
0
0
0
0
0
10.8158
0
0
0
0
0
0
0
0
0
0
0
0
0
0
0
0
0
0
0
0
0
0
0
0
0
0
0
0
0
0
0
0
0
0
0
0
0
0
0
0
0
0
0
0
0
0
0
0
0
0
0
0
0
0
0
0
0
0
0
0
0
0
0
0
0
0
0
0
0
0
0
0
0
0
0
0
0
0
0
0
0
0
-2.6496
0
0
0
0
0
0
0
0
0
0
0
0
0
0
0
0
0
0
0
0
0
0
0
0
0
0
0
0
0
0
0
0
0
0
0
0
0
0
0
0
0
0
12.5908
0
-3.0439
0
0
0
0
0
0
0
-3.0995
0
0
0
0
0
0
0
0
0
0
0
0
0
-3.7979
0
0
0
0
0
0
0
0
0
0
0
0
0
0
0
0
0
0
0
0
0
0
0
0
0
0
0
0
0
-2.6743
0
0
0
0
0
0
0
0
0
0
0
0
0
0
0
0
0
0
0
0
0
0
0
0
0
0
0
0
0
-2.5783
0
0
0
0
0
0
0
0
0
0
0
0
0
0
0
0
0
0
0
0
0
0
0
0
0
0
0
0
0
0
0
0
0
0
0
0
0
0
0
0
0
8.6213
0
0
0
0
0
-2.815
0
0
0
0
0
0
0
0
0
0
0
0
0
0
0
0
0
0
0
0
0
0
0
0
0
0
0
0
0
0
0
0
0
0
0
0
0
0
0
-0.55374
0
0
0
0
0
0
0
0
0
0
0
0
0
0
0
0
0
0
0
0
0
0
0
0
0
0
0
0
0
0
0
0
-2.4679
0
0
0
0
0
0
0
0
0
0
0
0
0
0
0
0
0
0
-2.4404
0
0
0
0
0
0
0
0
0
0
0
0
0
0
0
0
0
0
0
0
0
0
0
0
0
-3.0439
0
10.7591
0
0
0
0
0
0
0
0
0
-2.8069
0
0
0
0
0
0
0
0
0
0
0
0
0
0
0
0
0
0
0
0
0
0
0
0
0
0
0
0
0
0
0
0
0
0
0
0
0
0
0
0
-2.3211
0
0
0
0
0
0
0
0
0
0
0
0
0
0
0
0
0
0
0
0
0
0
0
0
0
0
0
0
0
0
0
0
0
0
0
0
0
0
0
0
0
0
-2.2497
0
0
0
0
0
0
0
0
0
0
0
0
0
0
0
0
0
0
0
0
0
0
0
0
0
0
0
0
0
0
0
10.917
0
0
0
0
0
0
0
0
0
0
0
0
0
0
0
0
0
0
0
-2.7902
0
0
0
0
0
0
0
0
0
0
0
0
0
0
0
0
0
0
0
0
0
0
0
0
0
0
0
0
-3.5559
0
0
0
0
0
0
0
0
0
0
0
0
0
0
0
0
0
0
0
0
0
0
0
0
0
0
-2.7171
0
0
0
0
0
0
0
-2.6993
0
0
0
0
0
0
0
0
0
0
0
0
0
-2.652
0
0
0
0
0
0
0
0
0
0
0
0
0
0
0
0
0
0
0
0
0
0
0
0
0
0
0
9.4918
0
0
0
0
0
0
0
0
0
0
0
0
0
0
0
0
0
0
0
0
0
0
0
0
0
0
0
0
0
0
0
-1.4234
0
0
0
0
0
0
0
0
0
0
0
0
0
0
0
0
0
0
0
-1.8648
0
0
0
0
0
0
0
0
0
0
0
0
0
0
0
0
0
0
0
0
0
0
0
0
0
0
0
0
0
0
0
0
0
0
-1.8418
0
0
0
0
0
0
0
0
0
0
0
0
0
0
0
0
-1.8614
0
0
0
0
0
0
0
0
0
0
0
0
0
0
0
0
0
0
0
0
0
8.7198
0
0
0
0
0
0
0
0
0
0
0
0
0
0
0
-3.1517
0
0
0
0
0
0
0
0
0
0
0
0
0
0
0
0
0
0
0
0
0
0
0
0
0
0
0
0
0
0
0
0
0
0
0
0
0
0
0
0
0
0
0
0
0
0
0
0
0
0
0
0
0
-2.9111
0
0
0
0
0
0
0
0
0
0
0
-2.8997
0
0
0
0
0
0
0
0
0
0
0
0
0
0
0
0
0
0
0
0
0
0
0
0
0
0
0
0
0
0
0
0
0
0
0
0
0
0
0
0
0
0
0
11.9002
0
0
0
0
0
0
0
-3.0519
0
0
0
0
0
0
0
-3.0376
0
0
0
0
0
0
0
0
0
0
0
0
0
0
0
0
0
0
0
0
0
0
0
0
0
0
0
0
0
0
0
0
0
0
0
0
0
0
0
0
0
0
0
0
0
0
0
0
0
0
0
0
0
-1.5891
0
0
0
0
0
0
0
0
0
0
0
0
0
0
0
0
0
0
0
0
0
0
0
0
0
0
0
0
0
0
0
0
0
0
0
0
0
0
0
0
0
0
0
0
0
0
0
0
0
-2.815
0
0
0
0
0
10.368
-2.363
0
0
0
0
0
0
0
0
0
0
0
0
0
0
0
0
0
0
0
0
0
0
0
0
0
0
0
0
0
0
0
-3.6009
0
0
0
0
0
0
0
0
0
0
0
0
0
0
0
0
0
0
0
0
0
0
0
0
0
0
0
0
0
0
0
0
0
-2.644
0
0
0
0
0
0
0
0
0
0
0
0
0
0
0
-2.5925
0
0
0
0
0
0
0
0
0
0
0
0
0
0
0
0
0
0
0
0
0
0
0
0
0
0
0
0
-2.2773
0
0
0
0
0
0
0
0
0
0
0
0
-2.363
9.8768
0
0
0
0
0
0
0
0
0
0
0
0
0
0
0
0
0
0
0
0
0
0
0
0
0
0
0
0
0
0
0
0
0
0
0
0
0
0
0
0
0
0
0
0
0
0
0
0
0
0
0
0
0
0
-3.1454
0
0
0
0
0
0
0
0
0
0
-3.124
0
0
0
0
0
0
0
0
0
0
0
0
0
0
0
0
0
0
0
0
0
0
0
0
0
0
0
0
0
0
0
0
0
0
0
0
0
0
0
0
0
0
0
0
0
0
0
0
0
0
0
0
0
0
0
0
0
0
0
10.5336
0
0
0
0
0
0
0
0
0
0
0
0
0
0
0
0
0
0
-4.2641
0
0
0
0
0
0
0
0
0
0
0
0
0
0
0
0
0
0
0
0
0
0
0
0
0
0
0
0
0
0
0
0
0
0
0
0
0
0
0
0
0
0
0
0
0
0
0
0
0
0
0
0
0
0
0
0
0
0
0
0
0
0
0
0
0
0
0
0
0
0
0
0
0
0
0
0
0
0
-3.4004
0
0
0
0
0
0
0
0
0
0
0
0
0
0
0
-3.217
0
-3.0995
0
0
0
0
0
0
0
0
0
9.7169
0
0
0
0
0
0
0
0
0
0
0
0
0
0
0
0
0
0
0
0
0
0
0
0
0
0
0
0
0
0
0
0
0
0
0
0
0
0
0
0
0
0
0
0
0
0
0
0
0
0
0
0
0
0
0
0
0
0
0
0
0
0
0
0
0
0
0
0
0
0
0
0
0
0
0
0
0
0
0
0
0
0
0
0
0
0
0
0
0
0
0
0
0
0
0
0
-0.58073
0
0
0
0
0
0
0
0
0
0
0
0
0
0
-2.3414
0
0
0
0
0
0
0
0
0
0
0
0
0
6.7684
0
0
0
0
0
0
0
0
0
0
0
0
0
0
0
0
0
0
0
0
0
0
0
0
0
0
0
0
0
0
0
0
0
0
0
0
-3.8463
0
0
0
0
0
0
0
0
0
0
0
0
0
0
0
0
0
0
0
0
0
0
0
0
0
-3.1648
0
0
0
0
0
0
0
0
0
0
0
0
0
0
0
0
-3.1163
0
0
0
0
0
0
0
0
0
0
0
0
0
0
0
0
0
0
0
0
0
0
0
0
0
0
0
0
0
0
0
0
0
0
0
-2.8069
0
0
0
0
0
0
0
0
0
9.088
0
0
0
0
0
0
0
0
0
0
0
0
0
0
0
0
0
0
0
0
0
0
0
0
0
0
0
0
0
0
0
0
0
0
0
0
0
0
0
0
0
0
0
0
0
0
0
0
0
0
0
-4.6035
0
0
0
0
0
0
0
0
0
0
0
0
0
0
0
0
0
0
0
0
0
0
0
0
0
0
0
0
0
0
0
0
0
0
0
0
0
0
0
0
-4.2838
0
0
0
0
0
0
0
0
0
0
0
0
0
0
0
0
0
0
0
0
0
0
0
0
0
0
0
0
0
0
0
0
8.8873
0
0
0
0
0
0
0
0
0
0
0
0
0
0
0
0
0
0
0
0
0
0
0
0
0
0
0
0
0
0
0
0
0
0
0
0
0
0
0
0
0
0
0
0
0
0
0
0
0
0
0
0
0
0
0
0
0
0
0
0
0
0
0
0
0
0
0
0
0
0
0
0
0
0
0
0
0
0
0
0
0
0
0
0
0
0
0
0
0
0
0
0
0
0
0
0
0
0
0
0
0
0
0
0
0
0
0
0
0
0
0
0
0
0
0
0
0
-3.0519
0
0
0
0
0
0
0
7.1543
0
-4.1024
0
0
0
0
0
0
0
0
0
0
0
0
0
0
0
0
0
0
0
0
0
0
0
0
0
0
0
0
0
0
0
0
0
0
0
0
0
0
0
0
0
0
0
0
0
0
0
0
0
0
0
-4.4179
0
0
0
0
0
0
0
0
0
0
0
0
0
0
0
0
0
0
0
0
0
0
0
0
0
0
0
0
0
0
0
0
0
0
0
0
0
0
0
0
0
-4.2809
0
0
0
0
0
0
0
0
0
0
0
0
0
0
0
0
0
0
0
0
0
0
0
0
0
0
0
0
0
8.6987
0
0
0
0
0
0
0
0
0
0
0
0
0
0
0
0
0
0
0
0
0
0
0
0
0
0
0
0
0
0
0
0
0
0
0
0
0
0
0
0
0
0
0
0
0
0
0
0
0
0
0
0
0
0
0
0
0
0
0
0
0
0
0
0
0
0
0
0
0
0
0
0
0
0
0
0
0
0
0
0
-3.8086
0
0
0
0
0
0
0
0
0
0
0
0
0
0
0
0
0
0
0
0
0
0
0
0
0
0
0
0
0
0
0
0
0
0
0
0
0
0
0
0
0
0
-4.1024
0
7.911
0
0
0
0
0
0
0
0
0
0
0
0
0
0
0
0
0
0
0
0
0
0
0
0
0
0
0
0
0
0
0
0
0
0
0
0
0
0
0
0
0
0
0
0
0
0
0
0
0
0
0
0
0
0
0
0
0
0
0
0
0
0
0
0
0
0
0
0
0
0
0
0
0
0
0
0
0
0
0
0
0
0
0
0
0
0
0
0
0
0
0
0
-4.1824
0
0
0
0
0
0
0
0
0
0
0
0
0
0
0
0
0
0
0
0
0
0
0
0
0
0
0
0
0
0
0
0
7.9493
0
0
0
0
0
0
-3.767
0
0
0
0
0
0
0
0
0
0
0
0
0
0
0
0
0
0
0
0
0
0
0
0
0
0
0
0
0
0
0
0
0
-2.7874
0
0
0
0
0
0
0
0
0
0
0
0
0
0
0
0
0
0
0
0
0
0
0
0
0
0
0
0
0
0
0
0
0
0
0
0
0
0
0
0
0
0
0
0
0
0
0
0
0
0
0
0
0
0
0
0
0
0
-2.5388
0
0
0
0
0
0
0
0
0
0
0
0
0
0
0
0
0
0
0
0
0
0
0
0
0
5.3262
0
0
0
0
0
0
0
0
0
0
0
0
0
0
0
0
0
0
0
0
0
0
0
0
0
0
0
0
0
0
0
0
0
0
0
0
0
0
0
0
0
0
0
0
0
0
0
0
0
0
0
0
-3.8382
0
0
0
0
0
0
0
0
0
0
0
0
0
0
0
0
0
0
0
0
0
0
0
0
0
0
0
0
0
0
0
0
0
0
0
0
0
0
0
0
0
0
0
0
0
0
0
0
0
0
0
0
0
0
0
0
0
0
0
0
0
0
0
0
0
0
0
0
0
0
0
0
7.9204
0
0
-4.0822
0
0
0
0
0
0
0
0
0
0
0
0
0
0
0
0
0
0
0
0
0
0
0
0
0
0
0
0
0
0
0
0
0
0
0
0
0
0
0
0
0
0
0
0
0
0
0
0
0
0
0
0
0
0
0
0
-3.5531
0
0
0
0
0
0
0
0
0
0
0
0
0
0
0
0
0
0
0
0
0
0
0
0
0
0
0
0
0
0
0
0
0
0
0
0
-3.0308
0
0
0
0
0
0
0
0
0
0
0
0
0
0
0
0
0
0
0
0
0
0
0
0
0
0
0
0
6.5838
0
0
0
0
0
0
0
0
0
0
0
0
0
0
0
0
0
0
0
0
0
0
0
0
0
0
0
0
0
0
0
0
0
0
0
0
0
0
0
0
0
0
0
0
0
0
0
0
0
0
0
0
0
0
0
0
0
0
0
0
0
0
0
0
0
0
0
0
0
0
0
0
0
0
-1.7917
0
0
0
0
0
0
0
0
0
0
0
0
0
0
0
0
0
0
0
0
0
0
0
0
0
0
0
0
0
0
0
0
0
0
-3.1517
0
0
0
0
0
0
0
0
0
0
0
0
0
0
0
4.9434
0
0
0
0
0
0
0
0
0
0
0
0
0
0
0
0
0
0
0
0
0
0
0
0
0
0
0
0
0
0
0
0
0
0
0
0
0
0
0
0
0
0
0
0
0
0
0
0
0
0
0
0
0
0
0
0
0
0
0
0
0
0
0
0
0
0
0
0
0
0
0
0
0
0
0
0
0
0
0
0
0
0
0
0
0
0
0
0
0
0
0
0
0
0
0
0
0
0
0
0
0
0
0
0
0
0
0
0
0
-3.0376
0
0
0
0
0
0
0
0
0
0
0
0
-4.0822
0
0
7.1198
0
0
0
0
0
0
0
0
0
0
0
0
0
0
0
0
0
0
0
0
0
0
0
0
0
0
0
0
0
0
0
0
0
0
0
0
0
0
0
0
0
0
0
0
0
0
0
0
0
0
0
0
0
0
0
0
0
0
-3.009
0
0
0
0
0
0
0
0
0
0
0
0
0
0
0
0
0
0
0
0
0
0
0
0
0
0
0
0
0
0
0
0
0
0
0
0
0
0
0
0
0
0
0
0
0
0
-2.7902
0
0
0
0
0
0
0
0
0
0
0
0
0
0
0
0
0
0
0
5.7992
0
0
0
0
0
0
0
0
0
0
0
0
0
0
0
0
0
0
0
0
0
0
0
0
0
0
0
0
0
0
0
0
0
0
0
0
0
0
0
0
0
0
0
0
0
0
0
0
0
0
0
0
0
0
0
0
0
0
0
0
0
0
0
0
0
0
0
0
0
0
0
0
0
0
0
0
0
0
0
0
0
0
0
0
0
0
0
0
0
0
0
0
0
0
0
0
0
0
0
0
0
-3.7979
0
0
0
0
0
0
0
0
0
0
0
0
0
0
0
0
-3.767
0
0
0
0
0
0
7.5649
0
0
0
0
0
0
0
0
0
0
0
0
0
0
0
0
0
0
0
0
0
0
0
0
0
0
0
0
0
0
0
0
0
0
0
0
0
0
0
0
0
0
0
0
0
0
0
0
0
0
0
0
0
0
0
0
0
0
0
0
0
0
0
0
0
0
0
0
0
0
0
0
0
0
0
0
0
0
0
0
-2.6685
0
0
0
0
0
0
0
0
0
0
0
0
0
0
0
-2.7088
0
0
0
0
0
0
0
0
0
0
0
0
0
0
0
0
0
0
0
0
0
0
0
0
0
0
0
0
5.3773
0
0
0
0
0
0
0
0
0
0
0
0
0
0
0
0
0
0
0
0
0
0
0
0
0
0
0
0
0
0
0
0
0
0
0
0
0
0
0
0
0
0
0
0
0
0
0
0
0
0
0
0
0
0
0
0
0
0
0
0
0
-4.0861
0
0
0
0
0
0
0
0
0
0
0
0
0
0
0
0
0
0
0
0
0
0
0
0
-3.5886
0
0
0
0
0
0
0
0
0
0
0
0
0
0
0
0
0
0
0
0
0
0
0
0
0
0
0
0
0
0
0
0
0
0
0
0
0
0
7.6748
0
0
0
0
0
0
0
0
0
0
0
0
0
0
0
0
0
0
0
0
0
0
0
0
0
0
0
0
-7.4312
0
0
0
0
0
0
0
0
0
0
0
0
0
0
0
0
0
0
0
0
0
0
0
0
0
0
0
0
0
0
0
0
0
0
0
0
0
0
0
0
0
0
0
0
0
0
0
0
0
0
0
0
0
0
0
0
0
0
0
0
0
0
0
0
0
0
0
0
0
0
0
0
0
0
0
0
0
0
0
0
0
0
0
0
0
0
0
0
0
0
0
0
0
0
0
0
7.4312
0
0
0
0
0
0
0
0
0
0
0
0
0
0
0
0
0
0
0
0
0
0
0
0
0
0
0
0
0
0
0
0
0
0
0
0
0
0
0
0
0
0
0
0
0
0
0
0
0
0
0
0
0
0
0
0
0
0
0
0
0
0
0
0
0
0
0
0
0
0
0
0
0
0
0
0
0
0
0
0
0
0
0
0
0
0
0
0
0
0
0
0
0
0
0
0
0
0
0
0
0
0
0
0
0
0
-4.2641
0
0
0
0
0
0
0
0
0
0
0
0
0
0
0
0
0
0
4.2641
0
0
0
0
0
0
0
0
0
0
0
0
0
0
0
0
0
0
0
0
0
0
0
0
0
0
0
0
0
0
0
0
0
0
0
0
0
0
0
0
0
0
0
0
0
0
0
0
0
0
0
0
0
0
0
0
0
0
0
0
0
0
0
0
0
0
0
0
0
0
0
0
0
0
0
0
0
0
0
0
0
0
-4.0534
0
0
0
0
0
0
0
0
0
0
0
0
0
0
0
0
0
0
0
0
0
0
0
0
0
0
0
0
0
0
0
0
0
0
0
0
0
0
0
0
0
0
4.0534
0
0
0
0
0
0
0
0
0
0
0
0
0
0
0
0
0
0
0
0
0
0
0
0
0
0
0
0
0
0
0
0
0
0
0
0
0
0
0
0
0
0
0
0
0
0
0
0
0
0
0
0
0
0
0
0
0
0
0
0
0
0
0
0
0
0
0
0
0
0
0
0
0
0
0
0
0
0
-5.1487
0
0
0
0
0
0
0
0
0
0
0
0
0
0
0
0
0
0
0
0
0
0
0
0
0
0
0
0
0
0
0
0
0
0
0
0
0
0
0
0
0
0
0
0
0
0
5.1487
0
0
0
0
0
0
0
0
0
0
0
0
0
0
0
0
0
0
0
0
0
0
0
0
0
0
0
0
0
0
0
0
0
0
0
0
0
0
0
0
0
0
0
0
0
0
-6.3598
0
0
0
0
0
0
0
0
0
0
0
0
0
0
0
0
0
0
0
0
0
0
0
0
0
0
0
0
0
0
0
0
0
0
0
0
0
0
0
0
0
0
0
0
0
0
0
0
0
0
0
0
0
0
0
0
0
0
0
0
0
0
0
0
0
0
0
0
0
0
0
0
0
0
0
0
0
0
6.3598
0
0
0
0
0
0
0
0
0
0
0
0
0
0
0
0
0
0
0
0
0
0
0
0
0
0
0
0
0
0
0
0
0
0
0
-6.908
0
0
0
0
0
0
0
0
0
0
0
0
0
0
0
0
0
0
0
0
0
0
0
0
0
0
0
0
0
0
0
0
0
0
0
0
0
0
0
0
0
0
0
0
0
0
0
0
0
0
0
0
0
0
0
0
0
0
0
0
0
0
0
0
0
0
0
0
0
0
0
0
0
0
0
0
0
0
0
0
0
0
0
0
0
0
0
0
0
6.908
0
0
0
0
0
0
0
0
0
0
0
0
0
0
0
0
0
0
0
0
0
0
0
0
0
0
0
0
0
0
0
0
0
0
0
0
0
0
0
0
0
0
0
0
0
0
0
0
0
0
0
0
0
0
0
0
0
0
0
0
0
0
0
0
0
0
0
0
0
0
0
0
0
0
0
0
0
-4.7775
0
0
0
0
0
0
0
0
0
0
0
0
0
0
0
0
0
0
0
0
0
0
0
0
0
0
0
0
0
0
0
0
0
0
0
0
0
0
0
0
0
0
0
0
0
0
0
4.7775
0
0
0
0
0
0
0
0
0
0
0
0
0
0
0
0
0
0
0
0
-8.0558
0
0
0
0
0
0
0
0
0
0
0
0
0
0
0
0
0
0
0
0
0
0
0
0
0
0
0
0
0
0
0
0
0
0
0
0
0
0
0
0
0
0
0
0
0
0
0
0
0
0
0
0
0
0
0
0
0
0
0
0
0
0
0
0
0
0
0
0
0
0
0
0
0
0
0
0
0
0
0
0
0
0
0
0
0
0
0
0
0
0
0
0
0
0
0
0
0
0
0
0
0
0
0
0
8.0558
0
0
0
0
0
0
0
0
0
0
0
0
0
0
0
0
0
0
0
0
0
0
0
0
0
0
0
0
0
0
0
0
0
0
0
0
0
0
0
0
0
0
0
0
0
0
0
-5.8196
0
0
0
0
0
0
0
0
0
0
0
0
0
0
0
0
0
0
0
0
0
0
0
0
0
0
0
0
0
0
0
0
0
0
0
0
0
0
0
0
0
0
0
0
0
0
0
0
0
0
0
0
0
0
0
0
0
0
0
0
0
0
0
0
0
0
0
0
0
0
0
0
0
0
0
0
0
5.8196
0
0
0
0
0
0
0
0
0
0
0
0
0
0
0
0
0
0
0
0
0
0
0
0
0
0
0
0
0
0
0
0
0
0
0
0
0
0
0
0
0
0
0
0
0
0
0
0
0
0
0
0
0
0
0
0
0
0
0
0
0
0
0
0
0
0
0
0
0
0
0
0
0
0
0
0
0
0
0
0
0
0
0
0
0
0
0
0
0
0
0
0
0
-1.4234
0
0
0
0
0
0
0
0
0
0
0
0
0
0
0
0
0
0
0
0
0
0
0
0
0
0
0
0
0
0
0
1.4234
0
0
0
0
0
0
0
0
0
0
0
0
0
0
0
0
0
0
0
0
0
0
0
0
0
0
0
0
0
0
0
0
0
0
0
0
0
0
0
0
0
0
0
0
0
0
0
0
0
0
0
0
0
0
0
0
0
0
0
0
0
0
0
0
0
0
0
-5.011
0
0
0
0
0
0
0
0
0
0
0
0
0
0
0
0
0
0
0
0
0
0
0
0
0
0
0
0
0
0
0
0
0
0
0
0
0
0
0
0
0
0
0
0
0
0
0
0
0
0
0
0
0
0
0
0
0
5.011
0
0
0
0
0
0
0
0
0
0
0
0
0
0
0
0
0
0
0
0
0
0
0
0
0
0
0
0
0
0
0
0
0
0
0
0
0
0
0
0
0
0
0
0
0
0
0
0
0
0
0
0
0
0
0
0
0
0
0
0
0
0
0
0
0
0
0
0
0
0
0
0
-4.7775
0
0
0
0
0
0
0
0
0
0
0
0
0
0
0
0
0
0
0
0
0
0
0
0
0
0
0
0
0
0
0
0
0
0
0
0
0
0
0
0
0
0
0
0
0
0
0
0
0
0
0
0
4.7775
0
0
0
0
0
0
0
0
0
0
0
0
0
0
0
0
0
0
0
0
0
0
0
0
0
0
0
0
0
0
0
0
0
0
0
0
0
0
0
-6.359
0
0
0
0
0
0
0
0
0
0
0
0
0
0
0
0
0
0
0
0
0
0
0
0
0
0
0
0
0
0
0
0
0
0
0
0
0
0
0
0
0
0
0
0
0
0
0
0
0
0
0
0
0
0
0
0
0
0
0
0
0
0
0
0
0
0
0
0
0
0
0
0
0
0
0
0
0
0
0
0
0
0
0
0
0
6.359
0
0
0
0
0
0
0
0
0
0
0
0
0
0
0
0
0
0
0
0
0
0
0
0
0
0
0
0
0
0
0
0
0
0
0
0
0
0
0
0
0
0
0
0
0
0
0
0
0
0
0
0
0
0
0
0
0
0
0
0
0
0
0
0
0
0
0
0
0
0
0
0
0
0
0
0
0
0
0
0
0
0
0
0
0
0
0
0
0
0
0
0
-3.6009
0
0
0
0
0
0
0
0
0
0
0
0
0
0
0
0
0
0
0
0
0
0
0
0
0
0
0
0
0
0
0
0
3.6009
0
0
0
0
0
0
0
0
0
0
0
0
0
0
0
0
0
0
0
0
0
0
0
0
0
0
0
0
0
0
0
0
0
0
0
0
0
0
0
0
0
0
0
0
0
0
0
0
0
0
0
0
0
0
0
0
0
0
0
0
0
0
0
0
0
0
0
-5.1487
0
0
0
0
0
0
0
0
0
0
0
0
0
0
0
0
0
0
0
0
0
0
0
0
0
0
0
0
0
0
0
0
0
0
0
0
0
0
0
0
0
0
0
0
0
0
0
0
0
0
0
0
0
0
0
0
0
5.1487
0
0
0
0
0
0
0
0
0
0
0
-7.9795
0
0
0
0
0
0
0
0
0
0
0
0
0
0
0
0
0
0
0
0
0
0
0
0
0
0
0
0
0
0
0
0
0
0
0
0
0
0
0
0
0
0
0
0
0
0
0
0
0
0
0
0
0
0
0
0
0
0
0
0
0
0
0
0
0
0
0
0
0
0
0
0
0
0
0
0
0
0
0
0
0
0
0
0
0
0
0
0
0
0
0
0
0
0
0
0
0
0
0
0
0
0
0
0
0
0
0
0
0
0
0
0
0
7.9795
0
0
0
0
0
0
0
0
0
0
0
0
0
0
0
0
0
0
0
0
0
0
0
0
0
0
0
0
0
0
0
0
0
0
0
0
0
0
0
0
0
0
0
0
0
0
0
0
0
0
0
0
0
0
0
0
0
0
0
0
0
0
0
0
0
0
0
0
0
0
0
0
0
0
0
0
0
0
0
0
-3.8761
0
0
0
0
0
0
0
0
0
0
0
0
0
0
0
0
0
0
0
0
0
0
0
0
0
0
0
0
0
0
0
0
0
0
0
0
0
0
0
0
0
0
0
0
3.8761
0
0
0
0
0
0
0
0
0
0
0
0
0
0
0
0
0
0
0
0
0
0
0
0
0
0
0
0
0
0
0
0
0
0
0
0
0
0
0
0
0
0
0
0
0
0
0
0
0
0
0
0
0
0
0
0
0
0
0
0
0
0
0
0
0
0
0
0
0
0
0
0
0
0
0
0
-4.1219
0
0
0
0
0
0
0
0
0
0
0
0
0
0
0
0
0
0
0
0
0
0
0
0
0
0
0
0
0
0
0
0
0
0
0
0
0
0
0
0
0
0
0
0
0
0
0
0
4.1219
0
0
0
0
0
0
0
0
0
0
0
0
0
0
0
0
0
0
0
0
0
0
0
0
0
0
0
0
0
0
0
0
0
0
0
0
0
0
0
0
0
0
0
0
0
0
0
0
0
0
0
0
0
0
0
0
0
0
0
0
0
0
0
0
-4.7799
0
0
0
0
0
0
0
0
0
0
0
0
0
0
0
0
0
0
0
0
0
0
0
0
0
0
0
0
0
0
0
0
0
0
0
0
0
0
0
0
0
0
0
0
0
0
0
0
0
0
0
0
0
0
0
0
0
0
0
0
4.7799
0
0
0
0
0
0
0
0
0
0
-7.5537
0
0
0
0
0
0
0
0
0
0
0
0
0
0
0
0
0
0
0
0
0
0
0
0
0
0
0
0
0
0
0
0
0
0
0
0
0
0
0
0
0
0
0
0
0
0
0
0
0
0
0
0
0
0
0
0
0
0
0
0
0
0
0
0
0
0
0
0
0
0
0
0
0
0
0
0
0
0
0
0
0
0
0
0
0
0
0
0
0
0
0
0
0
0
0
0
0
0
0
0
0
0
0
0
0
0
0
0
0
0
0
0
0
0
7.5537
0
0
0
0
0
0
0
0
0
0
0
0
0
0
0
0
0
0
0
0
0
0
0
0
0
0
0
0
0
0
0
0
0
0
0
0
0
0
0
0
0
0
0
0
0
0
0
0
0
0
0
0
0
0
0
0
0
0
0
0
0
0
0
0
0
0
0
0
0
0
0
0
0
0
0
0
0
0
0
-0.55374
0
0
0
0
0
0
0
0
0
0
0
0
0
0
0
0
0
0
0
0
0
0
0
0
0
0
0
0
0
0
0
0
0
0
0
0
0
0
0
0
0
0
0
0
0
0.55374
0
0
0
0
0
0
0
0
0
0
0
0
0
0
0
0
0
0
0
0
0
0
0
0
0
0
0
0
0
0
0
0
0
0
0
0
0
0
0
0
0
0
0
0
0
0
0
0
0
0
0
0
0
0
0
0
0
0
0
0
0
0
0
0
0
0
0
0
0
0
0
0
0
0
0
0
0
0
0
0
0
0
0
0
0
0
0
0
-3.8463
0
0
0
0
0
0
0
0
0
0
0
0
0
0
0
0
0
0
0
0
0
0
0
0
0
0
0
0
0
0
0
0
0
0
0
0
3.8463
0
0
0
0
0
0
0
0
0
0
0
0
0
0
0
0
0
0
0
0
0
0
0
0
0
0
0
0
0
0
0
0
0
0
0
0
0
0
0
0
0
0
0
0
0
0
0
0
0
0
0
0
0
0
0
0
0
0
0
0
0
0
0
0
0
0
0
0
0
0
0
0
0
0
-3.8761
0
0
0
0
0
0
0
0
0
0
0
0
0
0
0
0
0
0
0
0
0
0
0
0
0
0
0
0
0
0
0
0
0
0
0
0
0
0
0
0
0
0
0
0
0
0
0
0
0
0
3.8761
0
0
0
0
0
0
0
0
0
0
0
0
0
0
0
0
0
0
0
0
-6.9079
0
0
0
0
0
0
0
0
0
0
0
0
0
0
0
0
0
0
0
0
0
0
0
0
0
0
0
0
0
0
0
0
0
0
0
0
0
0
0
0
0
0
0
0
0
0
0
0
0
0
0
0
0
0
0
0
0
0
0
0
0
0
0
0
0
0
0
0
0
0
0
0
0
0
0
0
0
0
0
0
0
0
0
0
0
0
0
0
0
0
0
0
0
0
0
0
0
0
0
0
0
0
0
0
6.9079
0
0
0
0
0
0
0
0
0
0
0
0
0
0
0
0
0
0
0
0
0
0
0
0
0
0
0
0
0
0
0
0
0
0
0
0
0
0
0
0
0
0
0
0
0
0
0
0
0
0
0
0
0
0
0
0
0
0
0
0
0
0
0
0
0
0
0
0
0
0
0
-4.1036
0
0
0
0
0
0
0
0
0
0
0
0
0
0
0
0
0
0
0
0
0
0
0
0
0
0
0
0
0
0
0
0
0
0
0
0
0
0
0
0
0
0
0
0
0
0
0
0
0
0
0
0
0
4.1036
0
0
0
0
0
0
0
0
0
0
0
0
0
0
0
0
0
0
0
0
0
0
0
0
0
0
0
0
0
0
0
0
0
0
0
0
0
0
0
0
0
0
0
0
0
0
0
0
0
0
0
0
0
0
0
0
0
0
0
0
0
0
0
0
0
0
0
0
0
0
0
0
0
0
0
0
-3.5559
0
0
0
0
0
0
0
0
0
0
0
0
0
0
0
0
0
0
0
0
0
0
0
0
0
0
0
0
0
0
0
0
0
0
0
0
0
0
0
0
0
0
0
0
0
0
0
0
3.5559
