76.5897
-0.91123
-0.89911
-0.89981
-0.89709
-0.90078
-0.89281
-0.89327
-0.88872
-0.887
-0.88892
-0.90176
-0.86897
-0.86895
-0.92026
-0.90402
-0.86761
-0.92026
-0.88793
-0.87695
-0.87695
-0.88401
-0.87707
-0.86858
-0.88954
-0.88949
-0.88343
-0.86183
-0.86626
-0.86905
-0.87539
-0.86491
-0.8754
-0.86161
-0.87743
-0.8616
-0.86346
-0.85855
-0.87622
-0.88214
-0.87123
-0.85892
-0.86212
-0.86938
-0.85173
-0.85174
-0.86475
-0.86413
-0.86943
-0.84818
-0.83246
-0.88063
-0.87231
-0.84562
-0.87275
-0.91537
-0.89968
-0.92393
-0.90523
-0.96162
-1.0039
-0.96398
-1.0238
-1.022
-1.0527
-1.236
-1.1895
-1.3253
-1.3783
-1.8254
0
-2.1971
0
0
0
-2.3449
0
0
0
0
0
0
0
0
0
0
0
0
0
0
0
0
0
0
0
0
0
0
0
0
0
0
0
0
0
0
0
0
0
0
0
0
0
0
-8.0671
0
0
0
0
0
0
0
0
0
0
-0.91123
74.7791
-0.89174
-0.89243
-0.89189
-0.8945
-0.8866
-0.88708
-0.88256
-0.88087
-0.88246
-0.89502
-0.8625
-0.86247
-0.91376
-0.89723
-0.86118
-0.91377
-0.88135
-0.87048
-0.8705
-0.87959
-0.87054
-0.86261
-0.88329
-0.88324
-0.87709
-0.85537
-0.86088
-0.86274
-0.86895
-0.85481
-0.86894
-0.85522
-0.87069
-0.85523
-0.85704
-0.85475
-0.86957
-0.87571
-0.86663
-0.85256
-0.85552
-0.86633
-0.84539
-0.8454
-0.85833
-0.85794
-0.86309
-0.84182
-0.82604
-0.87394
-0.8654
-0.83912
-0.86611
-0.90803
-0.89281
-0.91671
-0.89895
-0.95411
-0.99689
-0.95698
-1.0166
-1.0152
-1.0452
-1.2284
-1.2007
-1.3159
-1.3698
0
0
-2.1857
0
-2.7226
0
0
0
0
0
0
0
0
0
0
0
0
0
0
0
0
0
0
0
0
0
0
0
0
0
0
0
0
0
0
0
0
-8.135
0
0
0
0
0
0
0
0
0
0
0
0
0
0
0
0
0
0
-0.89911
-0.89174
70.771
-0.88343
-0.88288
-0.88498
-0.87754
-0.87767
-0.87307
-0.87134
-0.87316
-0.88464
-0.85329
-0.85326
-0.90331
-0.88671
-0.8519
-0.9033
-0.87214
-0.86118
-0.8612
-0.86819
-0.86132
-0.85318
-0.87346
-0.87339
-0.86757
-0.84606
-0.85182
-0.85327
-0.8597
-0.84895
-0.8597
-0.84602
-0.86043
-0.84601
-0.84781
-0.84323
-0.86003
-0.86644
-0.85738
-0.84336
-0.84634
-0.85755
-0.83623
-0.83622
-0.84904
-0.84871
-0.85397
-0.83264
-0.8169
-0.86453
-0.85452
-0.82997
-0.85709
-0.8985
-0.88344
-0.90607
-0.88964
-0.94186
-0.98772
-0.94788
-1.0075
-1.0052
-1.036
-1.2197
-1.1747
-1.3063
-1.3615
0
0
-2.1844
0
0
0
0
0
0
0
0
0
0
0
0
0
0
0
0
0
0
0
0
0
0
0
0
0
0
0
-7.5038
0
0
0
0
0
0
0
0
0
0
0
0
0
0
0
0
0
0
0
0
0
0
0
0
0
-0.89981
-0.89243
-0.88343
70.4395
-0.88219
-0.8824
-0.87712
-0.87517
-0.87057
-0.86878
-0.87066
-0.8822
-0.85074
-0.8507
-0.90043
-0.88428
-0.84934
-0.90043
-0.86978
-0.8586
-0.85861
-0.8657
-0.85889
-0.85067
-0.87048
-0.87043
-0.86474
-0.84351
-0.84923
-0.85064
-0.85711
-0.84661
-0.85711
-0.84347
-0.85834
-0.84347
-0.84528
-0.84069
-0.85556
-0.86389
-0.85494
-0.84083
-0.84473
-0.8554
-0.83372
-0.83372
-0.8465
-0.84624
-0.85133
-0.83013
-0.81438
-0.86167
-0.8521
-0.82747
-0.85475
-0.89366
-0.882
-0.90214
-0.88622
-0.94036
-0.98509
-0.94527
-1.0048
-1.002
-1.033
-1.2169
-1.172
-1.307
-1.358
0
0
0
0
0
0
0
0
-1.8847
0
0
0
0
0
0
0
0
0
0
0
0
0
0
0
0
0
0
0
0
0
0
0
0
0
0
0
0
0
0
0
0
0
0
0
0
0
0
0
0
-7.6348
0
0
0
0
0
0
-0.89709
-0.89189
-0.88288
-0.88219
65.3814
-0.88947
-0.88088
-0.8814
-0.87679
-0.87509
-0.87706
-0.88497
-0.85688
-0.85687
-0.90852
-0.88902
-0.85549
-0.90852
-0.87631
-0.86494
-0.86494
-0.87288
-0.86525
-0.85729
-0.87761
-0.87755
-0.87196
-0.84996
-0.85595
-0.85828
-0.86342
-0.85331
-0.86342
-0.84969
-0.86632
-0.84969
-0.85145
-0.84753
-0.86414
-0.87025
-0.85989
-0.8471
-0.85076
-0.86166
-0.8399
-0.8399
-0.8531
-0.85256
-0.85794
-0.83633
-0.8205
-0.86944
-0.8528
-0.83365
-0.86136
-0.90498
-0.88843
-0.91047
-0.8946
-0.94977
-0.99152
-0.95155
-1.0112
-1.0103
-1.0418
-1.2249
-1.1829
-1.3161
-1.3719
-1.8301
0
-2.1968
0
0
0
0
0
0
0
0
0
0
0
0
0
0
0
0
0
0
0
0
0
0
0
0
0
0
0
0
0
0
0
0
0
0
0
0
0
0
0
0
0
0
0
0
0
0
0
0
0
0
0
0
0
-0.90078
-0.8945
-0.88498
-0.8824
-0.88947
64.2232
-0.88336
-0.88188
-0.87727
-0.8756
-0.87763
-0.88569
-0.8574
-0.85738
-0.90957
-0.88987
-0.85623
-0.90956
-0.87724
-0.86574
-0.86575
-0.87355
-0.8662
-0.85808
-0.87763
-0.87757
-0.87213
-0.85048
-0.85652
-0.85818
-0.86422
-0.8541
-0.86423
-0.85049
-0.86688
-0.8505
-0.85224
-0.84816
-0.86479
-0.87107
-0.86213
-0.84789
-0.85118
-0.86268
-0.8407
-0.84068
-0.85357
-0.85355
-0.85845
-0.83714
-0.82127
-0.87073
-0.85371
-0.8344
-0.86205
-0.90502
-0.8901
-0.91091
-0.89572
-0.95026
-0.99279
-0.95276
-1.0125
-1.01
-1.0271
-1.2267
-1.1836
-1.3165
-1.3737
0
0
0
0
0
0
0
0
0
0
0
0
0
0
0
0
0
0
0
0
0
-2.8259
0
0
0
0
0
0
0
0
0
0
0
0
0
0
0
0
0
0
0
0
0
0
0
0
0
0
0
0
0
0
0
0
0
0
-0.89281
-0.8866
-0.87754
-0.87712
-0.88088
-0.88336
63.1825
-0.87607
-0.87138
-0.86971
-0.87163
-0.87937
-0.85149
-0.85146
-0.90442
-0.88356
-0.85007
-0.90441
-0.87095
-0.85955
-0.85956
-0.86748
-0.85995
-0.85198
-0.87226
-0.87221
-0.86654
-0.84462
-0.85061
-0.85309
-0.85802
-0.84795
-0.85801
-0.8443
-0.86101
-0.8443
-0.84603
-0.84217
-0.85867
-0.86483
-0.85586
-0.84169
-0.84527
-0.8564
-0.83451
-0.83451
-0.84774
-0.84728
-0.85257
-0.83094
-0.81513
-0.86407
-0.84732
-0.82821
-0.85568
-0.89944
-0.88311
-0.90512
-0.88934
-0.94415
-0.98584
-0.94589
-1.0055
-1.0047
-1.0361
-1.219
-1.177
-1.3094
-1.366
0
0
-2.1888
0
0
0
0
0
0
0
0
0
0
0
0
0
0
0
0
0
0
0
0
0
0
0
0
0
0
0
0
0
0
0
0
0
0
0
0
0
0
0
0
0
0
0
0
0
0
0
0
0
0
0
0
0
-0.89327
-0.88708
-0.87767
-0.87517
-0.8814
-0.88188
-0.87607
60.8807
-0.86954
-0.86788
-0.86986
-0.87769
-0.84954
-0.84952
-0.90069
-0.8818
-0.84816
-0.90068
-0.86922
-0.85774
-0.85773
-0.86599
-0.85816
-0.85018
-0.87053
-0.87048
-0.86468
-0.84272
-0.84883
-0.8515
-0.85624
-0.84618
-0.85624
-0.84251
-0.8593
-0.8425
-0.84421
-0.84027
-0.85717
-0.86301
-0.8541
-0.83988
-0.84343
-0.85463
-0.83266
-0.83268
-0.84583
-0.84557
-0.85058
-0.82912
-0.8133
-0.8623
-0.84547
-0.8264
-0.85428
-0.89797
-0.88194
-0.90343
-0.88776
-0.94238
-0.98409
-0.94412
-1.0037
-1.0028
-1.0343
-1.2172
-1.1747
-1.308
-1.3648
0
0
0
0
0
0
0
0
0
0
0
0
0
0
0
0
0
0
0
0
0
0
0
0
0
0
0
0
0
0
0
0
0
0
0
0
0
0
0
0
0
0
0
0
0
0
0
0
0
0
0
0
0
0
0
0
-0.88872
-0.88256
-0.87307
-0.87057
-0.87679
-0.87727
-0.87138
-0.86954
59.1743
-0.86277
-0.86452
-0.87241
-0.84418
-0.84415
-0.89572
-0.87662
-0.84286
-0.8957
-0.864
-0.85252
-0.85253
-0.86126
-0.853
-0.84495
-0.86543
-0.86536
-0.85943
-0.8375
-0.84361
-0.84663
-0.85104
-0.841
-0.85105
-0.83732
-0.85425
-0.83732
-0.83899
-0.83505
-0.85195
-0.85773
-0.84885
-0.83465
-0.83824
-0.84938
-0.82745
-0.82745
-0.84061
-0.84031
-0.84529
-0.8239
-0.80809
-0.85704
-0.84071
-0.82119
-0.84904
-0.89281
-0.8767
-0.89807
-0.88244
-0.93702
-0.97864
-0.93869
-0.99817
-0.99744
-1.0288
-1.2113
-1.1689
-1.3024
0
0
0
0
0
0
0
0
0
0
0
0
0
0
0
0
0
0
0
0
0
0
0
0
0
0
0
0
0
0
0
0
0
0
0
0
0
0
0
0
0
0
0
0
0
0
0
0
0
0
0
0
0
0
0
0
0
-0.887
-0.88087
-0.87134
-0.86878
-0.87509
-0.8756
-0.86971
-0.86788
-0.86277
57.7331
-0.86247
-0.87003
-0.84152
-0.84149
-0.89325
-0.87456
-0.84047
-0.89325
-0.86185
-0.85032
-0.85032
-0.85975
-0.85075
-0.84273
-0.86351
-0.86346
-0.85727
-0.83524
-0.8414
-0.84502
-0.84886
-0.83881
-0.84886
-0.83514
-0.85215
-0.83513
-0.83678
-0.83284
-0.84966
-0.8555
-0.84664
-0.83246
-0.83592
-0.84707
-0.82524
-0.82525
-0.83836
-0.83816
-0.84306
-0.8217
-0.80587
-0.85489
-0.83847
-0.819
-0.84677
-0.89052
-0.87432
-0.89608
-0.88042
-0.93484
-0.97646
-0.93655
-0.99599
-0.99526
-1.0266
-1.2095
-1.1663
0
0
0
0
0
0
0
0
0
0
0
0
0
0
0
0
0
0
0
0
0
0
0
0
0
0
0
0
0
0
0
0
0
0
0
0
0
0
0
0
0
0
0
0
0
0
0
0
0
0
0
0
0
0
0
0
0
0
-0.88892
-0.88246
-0.87316
-0.87066
-0.87706
-0.87763
-0.87163
-0.86986
-0.86452
-0.86247
59.8448
-0.87176
-0.84359
-0.84358
-0.89483
-0.87562
-0.84227
-0.89482
-0.86289
-0.85189
-0.8519
-0.85255
-0.85203
-0.84431
-0.86451
-0.86445
-0.85868
-0.83659
-0.84283
-0.8456
-0.85037
-0.84021
-0.85037
-0.83664
-0.85318
-0.83665
-0.83831
-0.83476
-0.85122
-0.85704
-0.84812
-0.83398
-0.83771
-0.84812
-0.82678
-0.82678
-0.83961
-0.83951
-0.84456
-0.82323
-0.80743
-0.85638
-0.84024
-0.82053
-0.84811
-0.89244
-0.87565
-0.89766
-0.88165
-0.93663
-0.97821
-0.93835
-0.99783
-0.99714
-1.0288
-1.2113
0
0
0
0
0
0
0
0
0
0
0
0
0
0
0
-3.1863
0
0
0
0
0
0
0
0
0
0
0
0
0
0
0
0
0
0
0
0
0
0
0
0
0
0
0
0
0
0
0
0
0
0
0
0
0
0
0
0
0
0
0
-0.90176
-0.89502
-0.88464
-0.8822
-0.88497
-0.88569
-0.87937
-0.87769
-0.87241
-0.87003
-0.87176
60.5869
-0.85148
-0.85146
-0.90341
-0.88364
-0.84929
-0.9034
-0.87042
-0.85884
-0.85884
-0.86782
-0.85932
-0.85147
-0.87303
-0.87296
-0.86529
-0.84411
-0.84999
-0.85372
-0.85715
-0.84836
-0.85715
-0.84334
-0.86088
-0.84335
-0.84492
-0.84171
-0.85956
-0.8646
-0.85571
-0.84147
-0.84487
-0.85642
-0.83424
-0.83424
-0.84795
-0.84723
-0.85076
-0.83071
-0.81495
-0.86462
-0.8101
-0.82787
-0.85563
-0.90048
-0.8839
-0.90712
-0.89031
-0.94814
-0.9856
-0.94564
-1.0053
-1.0074
-1.0371
0
0
0
0
0
0
0
0
0
0
0
0
0
0
0
0
0
0
0
0
-4.664
0
0
0
0
0
0
0
0
0
0
0
0
0
0
0
0
0
0
0
0
0
0
0
0
0
0
0
0
0
0
0
0
0
0
0
0
0
0
0
-0.86897
-0.8625
-0.85329
-0.85074
-0.85688
-0.8574
-0.85149
-0.84954
-0.84418
-0.84152
-0.84359
-0.85148
55.3663
-0.81482
-0.8745
-0.85583
-0.82214
-0.87449
-0.84254
-0.8321
-0.8321
-0.84286
-0.83222
-0.82453
-0.8459
-0.84583
-0.83776
-0.81676
-0.8229
-0.82811
-0.83047
-0.82019
-0.83046
-0.81675
-0.83213
-0.81675
-0.81826
-0.81481
-0.83076
-0.8368
-0.82794
-0.81394
-0.81732
-0.82818
-0.80675
-0.80676
-0.81968
-0.81952
-0.82434
-0.8032
-0.78748
-0.83602
-0.8198
-0.80051
-0.82792
-0.87103
-0.85515
-0.87672
-0.86146
-0.91557
-0.95712
-0.91741
-0.97653
-0.97566
-1.007
-1.189
0
0
0
0
0
0
0
0
0
0
0
0
0
0
0
0
0
0
0
0
0
0
0
0
0
0
0
0
0
0
0
0
0
0
0
0
0
0
0
0
0
0
0
0
0
0
0
0
0
0
0
0
0
0
0
0
0
0
0
-0.86895
-0.86247
-0.85326
-0.8507
-0.85687
-0.85738
-0.85146
-0.84952
-0.84415
-0.84149
-0.84358
-0.85146
-0.81482
55.3645
-0.87449
-0.85581
-0.82212
-0.87447
-0.84251
-0.83207
-0.83207
-0.84284
-0.83219
-0.82451
-0.84587
-0.84581
-0.83773
-0.81672
-0.82287
-0.82808
-0.83044
-0.82017
-0.83045
-0.81672
-0.83209
-0.81673
-0.81823
-0.81477
-0.83072
-0.83677
-0.82791
-0.81391
-0.8173
-0.82814
-0.80673
-0.80672
-0.81964
-0.81951
-0.82431
-0.80318
-0.78745
-0.83599
-0.81977
-0.80049
-0.82788
-0.871
-0.85512
-0.87669
-0.86142
-0.91555
-0.95708
-0.91738
-0.97651
-0.97563
-1.0069
-1.1889
0
0
0
0
0
0
0
0
0
0
0
0
0
0
0
0
0
0
0
0
0
0
0
0
0
0
0
0
0
0
0
0
0
0
0
0
0
0
0
0
0
0
0
0
0
0
0
0
0
0
0
0
0
0
0
0
0
0
0
-0.92026
-0.91376
-0.90331
-0.90043
-0.90852
-0.90957
-0.90442
-0.90069
-0.89572
-0.89325
-0.89483
-0.90341
-0.8745
-0.87449
62.2379
-0.90579
-0.872
-0.92839
-0.89244
-0.8813
-0.8813
-0.88982
-0.88151
-0.87358
-0.8948
-0.89473
-0.88833
-0.8661
-0.87191
-0.87414
-0.87972
-0.8695
-0.87972
-0.86588
-0.88234
-0.86588
-0.86764
-0.86421
-0.88067
-0.88651
-0.87751
-0.86322
-0.86623
-0.87759
-0.85595
-0.85593
-0.86925
-0.8689
-0.87378
-0.85241
-0.83645
-0.88476
-0.87178
-0.84964
-0.8774
-0.91942
-0.90396
-0.92573
-0.91044
-0.96674
-1.0085
-0.96827
-1.0283
0
0
0
0
0
0
0
0
0
0
0
0
0
0
0
0
0
0
0
0
0
0
0
0
0
0
0
0
0
0
0
0
0
0
0
0
0
0
0
0
0
-6.9905
0
0
0
0
0
0
0
0
0
0
0
0
0
0
0
0
0
0
0
0
-0.90402
-0.89723
-0.88671
-0.88428
-0.88902
-0.88987
-0.88356
-0.8818
-0.87662
-0.87456
-0.87562
-0.88364
-0.85583
-0.85581
-0.90579
58.5935
-0.85295
-0.90578
-0.87413
-0.86257
-0.86258
-0.87473
-0.86314
-0.85517
-0.87735
-0.87731
-0.8705
-0.84769
-0.8537
-0.85879
-0.86103
-0.85221
-0.86103
-0.84787
-0.86531
-0.84786
-0.84955
-0.84578
-0.86287
-0.86836
-0.85947
-0.84518
-0.84838
-0.86007
-0.83799
-0.838
-0.85137
-0.85013
-0.8551
-0.83448
-0.81858
-0.86786
-0.85254
-0.83164
-0.85923
-0.90326
-0.88714
-0.8787
-0.8935
-0.95015
-0.98996
-0.94988
-1.0097
0
0
0
0
0
0
0
0
0
0
0
0
0
0
0
0
0
0
0
0
0
0
0
0
-4.4786
0
0
0
0
0
0
0
0
0
0
0
0
0
0
0
0
0
0
0
0
0
0
0
0
0
0
0
0
0
0
0
0
0
0
0
0
0
-0.86761
-0.86118
-0.8519
-0.84934
-0.85549
-0.85623
-0.85007
-0.84816
-0.84286
-0.84047
-0.84227
-0.84929
-0.82214
-0.82212
-0.872
-0.85295
53.0559
-0.87198
-0.84031
-0.83159
-0.83161
-0.83812
-0.83092
-0.82281
-0.84114
-0.84107
-0.83566
-0.81489
-0.82122
-0.81988
-0.82881
-0.81836
-0.82881
-0.81495
-0.83006
-0.81494
-0.81638
-0.81298
-0.829
-0.83495
-0.82614
-0.81207
-0.81554
-0.82648
-0.80487
-0.80486
-0.81789
-0.81782
-0.82248
-0.8013
-0.78554
-0.83426
-0.81814
-0.79865
-0.82606
-0.86957
-0.85362
-0.87488
-0.85959
-0.91332
-0.95501
-0.91526
-0.97442
-0.97356
0
0
0
0
0
0
0
0
0
0
0
0
0
0
0
0
0
0
0
0
0
0
0
0
0
0
0
0
0
0
0
0
0
0
0
0
0
0
0
0
0
0
0
0
0
0
0
0
0
0
0
0
0
0
0
0
0
0
0
0
0
-0.92026
-0.91377
-0.9033
-0.90043
-0.90852
-0.90956
-0.90441
-0.90068
-0.8957
-0.89325
-0.89482
-0.9034
-0.87449
-0.87447
-0.92839
-0.90578
-0.87198
62.2373
-0.89242
-0.88129
-0.88131
-0.8898
-0.8815
-0.87357
-0.89479
-0.89473
-0.88832
-0.86609
-0.87191
-0.87414
-0.87971
-0.86948
-0.87972
-0.86587
-0.88235
-0.86587
-0.86765
-0.86419
-0.88066
-0.88651
-0.8775
-0.86321
-0.86623
-0.87759
-0.85592
-0.85593
-0.86924
-0.86889
-0.87377
-0.8524
-0.83643
-0.88477
-0.87178
-0.84964
-0.87739
-0.91941
-0.90394
-0.92572
-0.91044
-0.96673
-1.0085
-0.96825
-1.0282
0
0
0
0
0
0
0
0
0
0
0
0
0
0
0
0
0
0
0
0
0
0
0
0
0
0
0
0
0
0
0
0
0
0
0
0
0
0
0
0
0
0
0
0
0
0
0
0
0
0
0
0
0
0
0
0
0
0
0
-6.9904
0
0
-0.88793
-0.88135
-0.87214
-0.86978
-0.87631
-0.87724
-0.87095
-0.86922
-0.864
-0.86185
-0.86289
-0.87042
-0.84254
-0.84251
-0.89244
-0.87413
-0.84031
-0.89242
57.2116
-0.8501
-0.85012
-0.8603
-0.84872
-0.84227
-0.86344
-0.86338
-0.857
-0.83477
-0.84099
-0.84552
-0.84858
-0.83812
-0.84859
-0.83481
-0.84937
-0.83481
-0.83636
-0.83277
-0.84939
-0.85505
-0.8461
-0.83201
-0.83596
-0.83746
-0.82478
-0.82479
-0.8378
-0.8377
-0.8423
-0.82122
-0.80561
-0.85441
-0.83855
-0.81877
-0.84611
-0.8909
-0.87449
-0.8959
-0.88003
-0.93432
-0.97683
-0.93687
-0.99648
0
0
0
0
0
0
0
0
0
0
0
0
0
0
0
0
0
0
0
0
0
0
0
0
0
0
0
0
-3.8893
0
0
0
0
0
0
0
0
0
0
0
0
0
0
0
0
0
0
0
0
0
0
0
0
0
0
0
0
0
0
0
0
0
-0.87695
-0.87048
-0.86118
-0.8586
-0.86494
-0.86574
-0.85955
-0.85774
-0.85252
-0.85032
-0.85189
-0.85884
-0.8321
-0.83207
-0.8813
-0.86257
-0.83159
-0.88129
-0.8501
51.6609
-0.83476
-0.8466
-0.83772
-0.83076
-0.85023
-0.85018
-0.84705
-0.82307
-0.82951
-0.82894
-0.83754
-0.82705
-0.83753
-0.82369
-0.8424
-0.8237
-0.82535
-0.82218
-0.83859
-0.84411
-0.83538
-0.82109
-0.82472
-0.83613
-0.81384
-0.81384
-0.82709
-0.82706
-0.83174
-0.81032
-0.79445
-0.84377
-0.82765
-0.80769
-0.83546
-0.87992
-0.86366
-0.88518
-0.86915
-0.9227
-0.9647
-0.92463
0
0
0
0
0
0
0
0
0
0
0
0
0
0
0
0
0
0
0
0
0
0
0
0
0
0
0
0
0
0
0
0
0
0
0
0
0
0
0
0
0
0
0
0
0
0
0
0
0
0
0
0
0
0
0
0
0
0
0
0
0
0
0
-0.87695
-0.8705
-0.8612
-0.85861
-0.86494
-0.86575
-0.85956
-0.85773
-0.85253
-0.85032
-0.8519
-0.85884
-0.8321
-0.83207
-0.8813
-0.86258
-0.83161
-0.88131
-0.85012
-0.83476
51.6613
-0.8466
-0.83773
-0.83078
-0.85023
-0.85018
-0.84706
-0.82308
-0.82951
-0.82895
-0.83754
-0.82706
-0.83754
-0.82371
-0.8424
-0.82371
-0.82535
-0.82219
-0.83859
-0.84411
-0.83539
-0.82109
-0.82473
-0.83613
-0.81385
-0.81385
-0.8271
-0.82707
-0.83175
-0.81032
-0.79447
-0.84377
-0.82764
-0.80769
-0.83547
-0.87994
-0.86368
-0.88518
-0.86916
-0.9227
-0.9647
-0.92463
0
0
0
0
0
0
0
0
0
0
0
0
0
0
0
0
0
0
0
0
0
0
0
0
0
0
0
0
0
0
0
0
0
0
0
0
0
0
0
0
0
0
0
0
0
0
0
0
0
0
0
0
0
0
0
0
0
0
0
0
0
0
0
-0.88401
-0.87959
-0.86819
-0.8657
-0.87288
-0.87355
-0.86748
-0.86599
-0.86126
-0.85975
-0.85255
-0.86782
-0.84286
-0.84284
-0.88982
-0.87473
-0.83812
-0.8898
-0.8603
-0.8466
-0.8466
58.2943
-0.84555
-0.83691
-0.85885
-0.85879
-0.85154
-0.82637
-0.83608
-0.83974
-0.8443
-0.83364
-0.84431
-0.8305
-0.84615
-0.83049
-0.83204
-0.82195
-0.8347
-0.85055
-0.84157
-0.82758
-0.83122
-0.84076
-0.82038
-0.82038
-0.82824
-0.83358
-0.83772
-0.81687
-0.80107
-0.84903
-0.8341
-0.81455
-0.84494
-0.88467
-0.86699
-0.89001
-0.87589
0
0
0
0
0
0
0
0
0
0
0
0
0
0
0
0
0
0
0
0
0
-2.6736
-3.1642
0
0
-3.224
0
0
0
0
0
0
0
0
0
0
0
0
0
0
0
0
0
0
0
0
0
0
0
0
0
0
0
0
0
0
0
0
0
0
0
0
0
0
0
0
-0.87707
-0.87054
-0.86132
-0.85889
-0.86525
-0.8662
-0.85995
-0.85816
-0.853
-0.85075
-0.85203
-0.85932
-0.83222
-0.83219
-0.88151
-0.86314
-0.83092
-0.8815
-0.84872
-0.83772
-0.83773
-0.84555
51.7809
-0.83052
-0.8493
-0.84924
-0.8469
-0.82266
-0.82909
-0.82799
-0.83741
-0.82647
-0.83741
-0.8234
-0.83419
-0.82339
-0.82495
-0.8215
-0.83808
-0.84366
-0.83478
-0.82065
-0.82465
-0.83333
-0.81334
-0.81333
-0.82654
-0.82645
-0.83095
-0.8098
-0.79395
-0.84322
-0.82762
-0.8072
-0.83478
-0.88007
-0.86369
-0.8851
-0.86872
0
0
0
0
0
0
0
0
0
0
0
0
0
0
0
0
0
0
0
-2.9529
0
0
0
0
0
0
0
0
0
0
0
0
0
0
0
0
0
0
0
0
0
0
0
0
0
0
0
0
0
0
0
0
0
0
0
0
0
0
0
0
0
0
0
0
0
0
-0.86858
-0.86261
-0.85318
-0.85067
-0.85729
-0.85808
-0.85198
-0.85018
-0.84495
-0.84273
-0.84431
-0.85147
-0.82453
-0.82451
-0.87358
-0.85517
-0.82281
-0.87357
-0.84227
-0.83076
-0.83078
-0.83691
-0.83052
49.9833
-0.84168
-0.8416
-0.83804
-0.81352
-0.82024
-0.82106
-0.83029
-0.81718
-0.8303
-0.81588
-0.8326
-0.81588
-0.81724
-0.81251
-0.82977
-0.83588
-0.827
-0.81291
-0.81649
-0.82657
-0.8056
-0.8056
-0.81865
-0.81879
-0.8232
-0.80206
-0.78622
-0.83511
-0.81954
-0.79949
-0.8267
-0.87052
-0.85481
-0.87592
-0.86043
0
0
0
0
0
0
0
0
0
0
0
0
0
0
0
0
0
0
0
0
-1.6025
0
0
0
0
0
0
0
0
0
0
0
0
0
0
0
0
0
0
0
0
0
0
0
0
0
0
0
0
0
0
0
0
0
0
0
0
0
0
0
0
0
0
0
0
0
-0.88954
-0.88329
-0.87346
-0.87048
-0.87761
-0.87763
-0.87226
-0.87053
-0.86543
-0.86351
-0.86451
-0.87303
-0.8459
-0.84587
-0.8948
-0.87735
-0.84114
-0.89479
-0.86344
-0.85023
-0.85023
-0.85885
-0.8493
-0.84168
55.8798
-0.86085
-0.85256
-0.8334
-0.83956
-0.84196
-0.84799
-0.83728
-0.84799
-0.83404
-0.84836
-0.83403
-0.83544
-0.83173
-0.84686
-0.85401
-0.84494
-0.83104
-0.8338
-0.84447
-0.8238
-0.82381
-0.83605
-0.8364
-0.84109
-0.82016
-0.80431
-0.85124
-0.83812
-0.81755
-0.8439
-0.88464
-0.87076
-0.89142
-0.87721
0
0
0
0
0
0
0
0
0
0
0
0
0
0
0
0
0
0
0
0
0
0
0
0
0
0
0
0
0
0
0
0
0
0
0
0
0
0
0
0
0
0
0
0
-6.4242
0
0
0
0
0
0
0
0
0
0
0
0
0
0
0
0
0
0
0
0
0
-0.88949
-0.88324
-0.87339
-0.87043
-0.87755
-0.87757
-0.87221
-0.87048
-0.86536
-0.86346
-0.86445
-0.87296
-0.84583
-0.84581
-0.89473
-0.87731
-0.84107
-0.89473
-0.86338
-0.85018
-0.85018
-0.85879
-0.84924
-0.8416
-0.86085
55.8757
-0.85251
-0.83335
-0.8395
-0.84189
-0.84792
-0.83722
-0.84792
-0.83399
-0.8483
-0.83398
-0.83538
-0.83169
-0.84681
-0.85395
-0.84488
-0.83098
-0.83375
-0.84443
-0.82374
-0.82374
-0.83599
-0.83635
-0.84104
-0.82011
-0.80426
-0.85119
-0.83807
-0.8175
-0.84384
-0.88457
-0.87072
-0.89136
-0.87716
0
0
0
0
0
0
0
0
0
0
0
0
0
0
0
0
0
0
0
0
0
0
0
0
0
0
0
0
0
0
0
0
0
0
0
0
0
0
0
0
0
0
0
0
0
0
0
0
0
0
0
0
-6.4233
0
0
0
0
0
0
0
0
0
0
0
0
0
-0.88343
-0.87709
-0.86757
-0.86474
-0.87196
-0.87213
-0.86654
-0.86468
-0.85943
-0.85727
-0.85868
-0.86529
-0.83776
-0.83773
-0.88833
-0.8705
-0.83566
-0.88832
-0.857
-0.84705
-0.84706
-0.85154
-0.8469
-0.83804
-0.85256
-0.85251
53.8039
-0.82973
-0.83588
-0.83145
-0.84381
-0.83332
-0.8438
-0.82994
-0.84441
-0.82994
-0.83187
-0.82823
-0.84419
-0.85066
-0.84177
-0.82759
-0.83075
-0.84186
-0.82039
-0.8204
-0.83298
-0.8331
-0.8298
-0.81735
-0.80148
-0.84923
-0.83292
-0.81444
-0.84197
-0.8837
-0.86897
0
0
0
0
0
0
0
0
0
0
0
0
0
0
0
0
0
0
0
-2.7533
0
0
0
0
0
0
0
0
0
0
0
0
0
0
0
-3.6249
0
0
0
0
0
0
0
0
0
0
0
0
0
0
0
0
0
0
0
0
0
0
0
0
0
0
0
0
0
0
0
0
-0.86183
-0.85537
-0.84606
-0.84351
-0.84996
-0.85048
-0.84462
-0.84272
-0.8375
-0.83524
-0.83659
-0.84411
-0.81676
-0.81672
-0.8661
-0.84769
-0.81489
-0.86609
-0.83477
-0.82307
-0.82308
-0.82637
-0.82266
-0.81352
-0.8334
-0.83335
-0.82973
49.5704
-0.8115
-0.81156
-0.82362
-0.81092
-0.82362
-0.80832
-0.8256
-0.80831
-0.80908
-0.8054
-0.81608
-0.82741
-0.81844
-0.80466
-0.80822
-0.81845
-0.79729
-0.79729
-0.80429
-0.81065
-0.81495
-0.79389
-0.77805
-0.82647
-0.81168
-0.79139
-0.81824
-0.86161
-0.84478
-0.86756
0
0
0
0
0
0
0
0
0
0
0
0
0
0
0
0
-2.5049
0
0
0
0
0
0
0
0
0
0
0
0
0
0
0
0
0
0
0
0
0
0
0
0
0
0
0
0
0
0
0
0
0
0
0
0
0
0
0
0
0
0
0
0
0
0
0
0
0
0
-0.86626
-0.86088
-0.85182
-0.84923
-0.85595
-0.85652
-0.85061
-0.84883
-0.84361
-0.8414
-0.84283
-0.84999
-0.8229
-0.82287
-0.87191
-0.8537
-0.82122
-0.87191
-0.84099
-0.82951
-0.82951
-0.83608
-0.82909
-0.82024
-0.83956
-0.8395
-0.83588
-0.8115
50.4828
-0.81886
-0.82881
-0.81662
-0.82881
-0.81423
-0.83064
-0.81424
-0.8154
-0.81163
-0.82759
-0.834
-0.82506
-0.81105
-0.8146
-0.82232
-0.80376
-0.80377
-0.81661
-0.81689
-0.82125
-0.80018
-0.78433
-0.83297
-0.81765
-0.79766
-0.82474
-0.86834
-0.85297
-0.87409
0
0
0
0
0
0
0
0
0
0
0
0
0
0
0
0
0
0
0
0
0
0
0
0
0
0
0
0
0
0
0
0
0
0
0
0
0
-3.0594
0
0
0
0
0
0
0
0
0
0
0
0
0
0
0
0
0
0
0
0
0
0
0
0
0
0
0
0
0
-0.86905
-0.86274
-0.85327
-0.85064
-0.85828
-0.85818
-0.85309
-0.8515
-0.84663
-0.84502
-0.8456
-0.85372
-0.82811
-0.82808
-0.87414
-0.85879
-0.81988
-0.87414
-0.84552
-0.82894
-0.82895
-0.83974
-0.82799
-0.82106
-0.84196
-0.84189
-0.83145
-0.81156
-0.81886
55.1398
-0.82779
-0.81699
-0.82779
-0.8143
-0.82217
-0.81429
-0.81561
-0.81155
-0.8266
-0.83413
-0.82489
-0.81129
-0.81452
-0.82402
-0.80424
-0.80423
-0.81386
-0.81565
-0.82069
-0.80075
-0.78502
-0.83067
-0.81711
-0.79789
-0.81779
-0.86358
-0.8434
0
0
0
0
0
0
0
0
0
0
0
0
0
0
0
-2.6851
0
0
0
0
0
0
0
0
0
0
0
0
0
0
0
0
0
0
0
0
0
0
0
0
0
0
0
0
0
0
0
0
0
0
-5.8851
0
0
0
0
0
0
0
0
0
0
0
0
0
0
0
0
0
-0.87539
-0.86895
-0.8597
-0.85711
-0.86342
-0.86422
-0.85802
-0.85624
-0.85104
-0.84886
-0.85037
-0.85715
-0.83047
-0.83044
-0.87972
-0.86103
-0.82881
-0.87971
-0.84858
-0.83754
-0.83754
-0.8443
-0.83741
-0.83029
-0.84799
-0.84792
-0.84381
-0.82362
-0.82881
-0.82779
47.8713
-0.82713
-0.83276
-0.82051
-0.83762
-0.82051
-0.82244
-0.81964
-0.83709
-0.84144
-0.83273
-0.81838
-0.82218
-0.83418
-0.811
-0.81099
-0.82459
-0.82478
-0.82919
-0.80752
-0.79155
-0.84159
-0.82567
-0.80503
-0.83283
-0.87801
-0.86197
-0.88377
0
0
0
0
0
0
0
0
0
0
0
0
0
0
0
0
0
0
0
0
0
0
0
0
0
0
0
0
0
0
0
0
0
0
0
0
0
0
0
0
0
0
0
0
0
0
0
0
0
0
0
0
0
0
0
0
0
0
0
0
0
0
0
0
0
0
0
-0.86491
-0.85481
-0.84895
-0.84661
-0.85331
-0.8541
-0.84795
-0.84618
-0.841
-0.83881
-0.84021
-0.84836
-0.82019
-0.82017
-0.8695
-0.85221
-0.81836
-0.86948
-0.83812
-0.82705
-0.82706
-0.83364
-0.82647
-0.81718
-0.83728
-0.83722
-0.83332
-0.81092
-0.81662
-0.81699
-0.82713
49.0359
-0.82714
-0.81213
-0.82743
-0.81213
-0.81301
-0.80887
-0.82448
-0.83161
-0.82251
-0.80853
-0.81201
-0.82175
-0.80138
-0.80138
-0.81395
-0.8135
-0.81878
-0.79797
-0.78204
-0.83035
-0.81636
-0.79493
-0.82208
-0.86439
-0.84886
0
0
0
0
0
0
0
0
0
0
0
0
0
0
0
0
-2.6242
0
0
0
0
0
0
0
0
0
0
0
0
0
0
0
0
0
0
0
0
0
0
0
0
0
0
0
0
0
0
0
0
0
0
0
0
0
0
0
0
0
0
0
0
0
0
0
0
0
0
0
-0.8754
-0.86894
-0.8597
-0.85711
-0.86342
-0.86423
-0.85801
-0.85624
-0.85105
-0.84886
-0.85037
-0.85715
-0.83046
-0.83045
-0.87972
-0.86103
-0.82881
-0.87972
-0.84859
-0.83753
-0.83754
-0.84431
-0.83741
-0.8303
-0.84799
-0.84792
-0.8438
-0.82362
-0.82881
-0.82779
-0.83276
-0.82714
47.8715
-0.82051
-0.83762
-0.82051
-0.82245
-0.81964
-0.8371
-0.84144
-0.83275
-0.81838
-0.82219
-0.83419
-0.811
-0.811
-0.8246
-0.82478
-0.82919
-0.80752
-0.79155
-0.84159
-0.82567
-0.80502
-0.83284
-0.87801
-0.86197
-0.88377
0
0
0
0
0
0
0
0
0
0
0
0
0
0
0
0
0
0
0
0
0
0
0
0
0
0
0
0
0
0
0
0
0
0
0
0
0
0
0
0
0
0
0
0
0
0
0
0
0
0
0
0
0
0
0
0
0
0
0
0
0
0
0
0
0
0
0
-0.86161
-0.85522
-0.84602
-0.84347
-0.84969
-0.85049
-0.8443
-0.84251
-0.83732
-0.83514
-0.83664
-0.84334
-0.81675
-0.81672
-0.86588
-0.84787
-0.81495
-0.86587
-0.83481
-0.82369
-0.82371
-0.8305
-0.8234
-0.81588
-0.83404
-0.83399
-0.82994
-0.80832
-0.81423
-0.8143
-0.82051
-0.81213
-0.82051
46.2187
-0.82414
-0.80059
-0.80836
-0.80483
-0.82369
-0.82767
-0.81868
-0.80459
-0.80823
-0.82233
-0.79751
-0.79752
-0.81024
-0.81028
-0.81508
-0.79423
-0.77844
-0.82766
-0.81145
-0.79143
-0.81913
-0.86232
-0.84654
0
0
0
0
0
0
0
0
0
0
0
0
0
0
0
0
0
0
0
0
0
0
0
0
0
0
0
0
0
0
0
0
0
0
0
0
0
0
0
0
0
0
0
0
0
0
0
0
0
0
0
0
0
0
0
0
0
0
0
0
0
0
0
0
0
0
0
0
-0.87743
-0.87069
-0.86043
-0.85834
-0.86632
-0.86688
-0.86101
-0.8593
-0.85425
-0.85215
-0.85318
-0.86088
-0.83213
-0.83209
-0.88234
-0.86531
-0.83006
-0.88235
-0.84937
-0.8424
-0.8424
-0.84615
-0.83419
-0.8326
-0.84836
-0.8483
-0.84441
-0.8256
-0.83064
-0.82217
-0.83762
-0.82743
-0.83762
-0.82414
54.339
-0.82415
-0.82531
-0.82084
-0.83747
-0.84404
-0.83457
-0.82101
-0.82425
-0.83209
-0.81398
-0.81399
-0.82653
-0.82588
-0.82233
-0.81056
-0.79481
-0.84169
-0.82705
-0.80816
0
0
0
0
0
0
0
0
0
0
0
0
0
0
0
0
0
0
0
0
0
0
-2.7354
0
-2.9396
0
0
0
0
0
0
0
0
0
0
0
0
0
0
0
0
0
0
0
-4.1568
0
0
0
0
0
0
0
0
0
0
0
0
0
0
0
0
0
0
0
0
0
0
0
0
0
0
-0.8616
-0.85523
-0.84601
-0.84347
-0.84969
-0.8505
-0.8443
-0.8425
-0.83732
-0.83513
-0.83665
-0.84335
-0.81675
-0.81673
-0.86588
-0.84786
-0.81494
-0.86587
-0.83481
-0.8237
-0.82371
-0.83049
-0.82339
-0.81588
-0.83403
-0.83398
-0.82994
-0.80831
-0.81424
-0.81429
-0.82051
-0.81213
-0.82051
-0.80059
-0.82415
46.2187
-0.80834
-0.80483
-0.8237
-0.82767
-0.81869
-0.80459
-0.80822
-0.82233
-0.7975
-0.79752
-0.81024
-0.81029
-0.81508
-0.79423
-0.77845
-0.82765
-0.81146
-0.79143
-0.81913
-0.86232
-0.84656
0
0
0
0
0
0
0
0
0
0
0
0
0
0
0
0
0
0
0
0
0
0
0
0
0
0
0
0
0
0
0
0
0
0
0
0
0
0
0
0
0
0
0
0
0
0
0
0
0
0
0
0
0
0
0
0
0
0
0
0
0
0
0
0
0
0
0
0
-0.86346
-0.85704
-0.84781
-0.84528
-0.85145
-0.85224
-0.84603
-0.84421
-0.83899
-0.83678
-0.83831
-0.84492
-0.81826
-0.81823
-0.86764
-0.84955
-0.81638
-0.86765
-0.83636
-0.82535
-0.82535
-0.83204
-0.82495
-0.81724
-0.83544
-0.83538
-0.83187
-0.80908
-0.8154
-0.81561
-0.82244
-0.81301
-0.82245
-0.80836
-0.82531
-0.80834
44.6118
-0.8061
-0.82462
-0.83297
-0.82161
-0.80792
-0.81144
-0.8187
-0.80106
-0.80108
-0.81301
-0.81222
-0.81754
-0.79686
-0.78084
-0.82876
-0.81336
-0.7937
-0.82182
0
0
0
0
0
0
0
0
0
0
0
0
0
0
0
0
0
0
0
0
0
0
0
0
0
0
0
0
0
0
0
0
0
0
0
0
0
0
0
0
0
0
0
0
0
0
0
0
0
0
0
0
0
0
0
0
0
0
0
0
0
0
0
0
0
0
0
0
0
0
-0.85855
-0.85475
-0.84323
-0.84069
-0.84753
-0.84816
-0.84217
-0.84027
-0.83505
-0.83284
-0.83476
-0.84171
-0.81481
-0.81477
-0.86421
-0.84578
-0.81298
-0.86419
-0.83277
-0.82218
-0.82219
-0.82195
-0.8215
-0.81251
-0.83173
-0.83169
-0.82823
-0.8054
-0.81163
-0.81155
-0.81964
-0.80887
-0.81964
-0.80483
-0.82084
-0.80483
-0.8061
45.392
-0.82135
-0.8287
-0.81659
-0.80418
-0.80672
-0.81492
-0.79682
-0.79682
-0.80808
-0.80746
-0.81229
-0.79274
-0.77699
-0.82355
0
-0.79031
0
0
0
0
0
0
0
0
0
0
0
0
0
0
0
0
0
0
0
0
0
0
0
0
0
0
-2.6199
0
0
0
0
0
0
0
0
0
0
0
0
0
0
0
0
0
0
0
0
0
0
0
0
0
0
0
0
0
0
0
0
0
0
0
0
0
0
0
0
0
0
0
0
-0.87622
-0.86957
-0.86003
-0.85556
-0.86414
-0.86479
-0.85867
-0.85717
-0.85195
-0.84966
-0.85122
-0.85956
-0.83076
-0.83072
-0.88067
-0.86287
-0.829
-0.88066
-0.84939
-0.83859
-0.83859
-0.8347
-0.83808
-0.82977
-0.84686
-0.84681
-0.84419
-0.81608
-0.82759
-0.8266
-0.83709
-0.82448
-0.8371
-0.82369
-0.83747
-0.8237
-0.82462
-0.82135
47.8444
-0.84352
-0.83446
-0.82031
-0.82436
-0.83765
-0.81327
-0.81328
-0.82034
-0.82657
-0.83073
-0.80999
-0.79431
-0.8415
0
0
0
0
0
0
0
0
0
0
0
0
0
0
0
0
0
0
0
0
0
0
0
0
0
-1.8611
0
0
0
0
0
0
-3.173
0
0
0
0
0
0
0
0
0
0
0
0
0
0
0
0
0
0
0
0
0
0
0
0
0
0
0
0
0
0
0
0
0
0
0
0
0
0
0
0
-0.88214
-0.87571
-0.86644
-0.86389
-0.87025
-0.87107
-0.86483
-0.86301
-0.85773
-0.8555
-0.85704
-0.8646
-0.8368
-0.83677
-0.88651
-0.86836
-0.83495
-0.88651
-0.85505
-0.84411
-0.84411
-0.85055
-0.84366
-0.83588
-0.85401
-0.85395
-0.85066
-0.82741
-0.834
-0.83413
-0.84144
-0.83161
-0.84144
-0.82767
-0.84404
-0.82767
-0.83297
-0.8287
-0.84352
43.973
-0.8469
-0.82584
-0.83428
-0.83638
-0.82057
-0.82058
-0.8359
-0.83485
-0.8409
-0.81825
-0.80155
-0.85336
0
-0.81499
0
0
0
0
0
0
0
0
0
0
0
0
0
0
0
0
0
0
0
0
0
0
0
0
0
0
0
0
0
0
0
0
0
0
0
0
0
0
0
0
0
0
0
0
0
0
0
0
0
0
0
0
0
0
0
0
0
0
0
0
0
0
0
0
0
0
0
0
0
0
0
-0.87123
-0.86663
-0.85738
-0.85494
-0.85989
-0.86213
-0.85586
-0.8541
-0.84885
-0.84664
-0.84812
-0.85571
-0.82794
-0.82791
-0.87751
-0.85947
-0.82614
-0.8775
-0.8461
-0.83538
-0.83539
-0.84157
-0.83478
-0.827
-0.84494
-0.84488
-0.84177
-0.81844
-0.82506
-0.82489
-0.83273
-0.82251
-0.83275
-0.81868
-0.83457
-0.81869
-0.82161
-0.81659
-0.83446
-0.8469
43.6357
-0.81777
-0.82379
-0.8327
-0.81097
-0.81098
-0.8257
-0.82521
-0.83069
-0.8093
-0.79353
0
0
0
0
0
0
0
0
0
0
0
0
0
0
0
0
0
0
-1.7775
0
0
0
0
0
0
0
0
0
0
0
0
0
0
0
0
0
0
0
0
0
0
0
0
0
0
0
0
0
0
0
0
0
0
0
0
0
0
0
0
0
0
0
0
0
0
0
0
0
0
0
0
0
0
0
-0.85892
-0.85256
-0.84336
-0.84083
-0.8471
-0.84789
-0.84169
-0.83988
-0.83465
-0.83246
-0.83398
-0.84147
-0.81394
-0.81391
-0.86322
-0.84518
-0.81207
-0.86321
-0.83201
-0.82109
-0.82109
-0.82758
-0.82065
-0.81291
-0.83104
-0.83098
-0.82759
-0.80466
-0.81105
-0.81129
-0.81838
-0.80853
-0.81838
-0.80459
-0.82101
-0.80459
-0.80792
-0.80418
-0.82031
-0.82584
-0.81777
41.9695
-0.80516
-0.81998
-0.79734
-0.79735
-0.80704
-0.80726
-0.81156
-0.79162
-0.77615
-0.82633
0
0
0
0
0
0
0
0
0
0
0
0
0
0
0
0
0
0
0
0
0
0
0
0
0
0
0
0
0
0
0
0
0
0
0
0
0
0
0
0
0
0
0
0
0
0
0
0
0
0
0
0
0
0
0
0
0
0
0
0
0
0
0
0
0
0
0
0
0
0
0
0
0
-0.86212
-0.85552
-0.84634
-0.84473
-0.85076
-0.85118
-0.84527
-0.84343
-0.83824
-0.83592
-0.83771
-0.84487
-0.81732
-0.8173
-0.86623
-0.84838
-0.81554
-0.86623
-0.83596
-0.82472
-0.82473
-0.83122
-0.82465
-0.81649
-0.8338
-0.83375
-0.83075
-0.80822
-0.8146
-0.81452
-0.82218
-0.81201
-0.82219
-0.80823
-0.82425
-0.80822
-0.81144
-0.80672
-0.82436
-0.83428
-0.82379
-0.80516
43.1358
-0.82559
-0.80005
-0.80005
-0.81057
-0.81052
-0.81473
-0.79596
-0.781
0
0
0
0
0
0
0
0
0
0
0
0
0
0
0
0
0
0
0
0
0
0
0
0
0
0
0
0
0
0
0
0
0
0
0
0
0
0
0
0
0
0
-1.814
0
0
0
0
0
0
0
0
0
0
0
0
0
0
0
0
0
0
0
0
0
0
0
0
0
0
0
0
0
0
0
-0.86938
-0.86633
-0.85755
-0.8554
-0.86166
-0.86268
-0.8564
-0.85463
-0.84938
-0.84707
-0.84812
-0.85642
-0.82818
-0.82814
-0.87759
-0.86007
-0.82648
-0.87759
-0.83746
-0.83613
-0.83613
-0.84076
-0.83333
-0.82657
-0.84447
-0.84443
-0.84186
-0.81845
-0.82232
-0.82402
-0.83418
-0.82175
-0.83419
-0.82233
-0.83209
-0.82233
-0.8187
-0.81492
-0.83765
-0.83638
-0.8327
-0.81998
-0.82559
46.3455
-0.81157
-0.81157
-0.81958
0
-0.82333
-0.80642
0
0
0
0
0
0
0
0
0
0
0
0
0
0
0
0
0
0
0
0
0
0
0
0
0
-2.2716
0
0
0
0
0
0
0
0
0
0
0
0
-3.8597
0
0
0
0
0
0
0
0
0
0
0
0
0
0
0
0
0
0
0
0
0
0
0
0
0
0
0
0
0
0
0
0
0
0
0
0
-0.85173
-0.84539
-0.83623
-0.83372
-0.8399
-0.8407
-0.83451
-0.83266
-0.82745
-0.82524
-0.82678
-0.83424
-0.80675
-0.80673
-0.85595
-0.83799
-0.80487
-0.85592
-0.82478
-0.81384
-0.81385
-0.82038
-0.81334
-0.8056
-0.8238
-0.82374
-0.82039
-0.79729
-0.80376
-0.80424
-0.811
-0.80138
-0.811
-0.79751
-0.81398
-0.7975
-0.80106
-0.79682
-0.81327
-0.82057
-0.81097
-0.79734
-0.80005
-0.81157
40.7944
-0.78263
-0.80111
-0.80159
-0.80648
-0.78614
-0.77063
0
0
0
0
0
0
0
0
0
0
0
0
0
0
0
0
0
0
0
0
0
0
0
0
0
0
0
0
0
0
0
0
0
0
0
0
0
0
0
0
0
0
0
0
0
0
0
0
0
0
0
0
0
0
0
0
0
0
0
0
0
0
0
0
0
0
0
0
0
0
0
0
0
0
-0.85174
-0.8454
-0.83622
-0.83372
-0.8399
-0.84068
-0.83451
-0.83268
-0.82745
-0.82525
-0.82678
-0.83424
-0.80676
-0.80672
-0.85593
-0.838
-0.80486
-0.85593
-0.82479
-0.81384
-0.81385
-0.82038
-0.81333
-0.8056
-0.82381
-0.82374
-0.8204
-0.79729
-0.80377
-0.80423
-0.81099
-0.80138
-0.811
-0.79752
-0.81399
-0.79752
-0.80108
-0.79682
-0.81328
-0.82058
-0.81098
-0.79735
-0.80005
-0.81157
-0.78263
40.7945
-0.80111
-0.80159
-0.80649
-0.78614
-0.77062
0
0
0
0
0
0
0
0
0
0
0
0
0
0
0
0
0
0
0
0
0
0
0
0
0
0
0
0
0
0
0
0
0
0
0
0
0
0
0
0
0
0
0
0
0
0
0
0
0
0
0
0
0
0
0
0
0
0
0
0
0
0
0
0
0
0
0
0
0
0
0
0
0
0
-0.86475
-0.85833
-0.84904
-0.8465
-0.8531
-0.85357
-0.84774
-0.84583
-0.84061
-0.83836
-0.83961
-0.84795
-0.81968
-0.81964
-0.86925
-0.85137
-0.81789
-0.86924
-0.8378
-0.82709
-0.8271
-0.82824
-0.82654
-0.81865
-0.83605
-0.83599
-0.83298
-0.80429
-0.81661
-0.81386
-0.82459
-0.81395
-0.8246
-0.81024
-0.82653
-0.81024
-0.81301
-0.80808
-0.82034
-0.8359
-0.8257
-0.80704
-0.81057
-0.81958
-0.80111
-0.80111
40.6653
0
0
0
0
0
0
0
0
0
0
0
0
0
0
0
0
0
0
0
0
0
0
0
0
0
0
0
-2.4751
0
0
0
0
0
0
0
0
0
0
0
0
0
0
0
0
0
0
0
0
0
0
0
0
0
0
0
0
0
0
0
0
0
0
0
0
0
0
0
0
0
0
0
0
0
0
0
0
0
0
-0.86413
-0.85794
-0.84871
-0.84624
-0.85256
-0.85355
-0.84728
-0.84557
-0.84031
-0.83816
-0.83951
-0.84723
-0.81952
-0.81951
-0.8689
-0.85013
-0.81782
-0.86889
-0.8377
-0.82706
-0.82707
-0.83358
-0.82645
-0.81879
-0.8364
-0.83635
-0.8331
-0.81065
-0.81689
-0.81565
-0.82478
-0.8135
-0.82478
-0.81028
-0.82588
-0.81029
-0.81222
-0.80746
-0.82657
-0.83485
-0.82521
-0.80726
-0.81052
0
-0.80159
-0.80159
0
40.366
0
0
0
0
0
0
0
0
0
-0.87749
0
0
0
0
0
0
0
0
0
0
0
0
-2.1061
0
0
0
0
0
0
0
0
0
0
0
0
0
0
0
0
0
0
0
0
0
0
0
0
0
0
0
0
0
0
0
0
0
0
0
0
0
0
0
0
0
0
0
0
0
0
0
0
0
0
0
0
0
0
-0.86943
-0.86309
-0.85397
-0.85133
-0.85794
-0.85845
-0.85257
-0.85058
-0.84529
-0.84306
-0.84456
-0.85076
-0.82434
-0.82431
-0.87378
-0.8551
-0.82248
-0.87377
-0.8423
-0.83174
-0.83175
-0.83772
-0.83095
-0.8232
-0.84109
-0.84104
-0.8298
-0.81495
-0.82125
-0.82069
-0.82919
-0.81878
-0.82919
-0.81508
-0.82233
-0.81508
-0.81754
-0.81229
-0.83073
-0.8409
-0.83069
-0.81156
-0.81473
-0.82333
-0.80648
-0.80649
0
0
41.0924
0
0
0
0
0
0
0
0
0
0
0
0
0
0
0
0
0
0
0
0
0
0
0
0
0
0
0
-2.6867
0
0
0
0
0
0
0
0
0
0
0
0
0
0
0
0
0
0
0
0
0
0
0
0
0
0
0
0
0
0
0
0
0
0
0
0
0
0
0
0
0
0
0
0
0
0
0
0
-0.84818
-0.84182
-0.83264
-0.83013
-0.83633
-0.83714
-0.83094
-0.82912
-0.8239
-0.8217
-0.82323
-0.83071
-0.8032
-0.80318
-0.85241
-0.83448
-0.8013
-0.8524
-0.82122
-0.81032
-0.81032
-0.81687
-0.8098
-0.80206
-0.82016
-0.82011
-0.81735
-0.79389
-0.80018
-0.80075
-0.80752
-0.79797
-0.80752
-0.79423
-0.81056
-0.79423
-0.79686
-0.79274
-0.80999
-0.81825
-0.8093
-0.79162
-0.79596
-0.80642
-0.78614
-0.78614
0
0
0
37.4613
0
0
0
0
0
0
0
0
0
0
0
0
0
0
0
0
0
0
0
0
0
0
0
0
0
0
0
0
0
0
0
0
0
0
0
0
0
0
0
0
0
0
0
0
0
0
0
0
0
0
0
0
0
0
0
0
0
0
0
0
0
0
0
0
0
0
0
0
0
0
0
0
0
0
0
-0.83246
-0.82604
-0.8169
-0.81438
-0.8205
-0.82127
-0.81513
-0.8133
-0.80809
-0.80587
-0.80743
-0.81495
-0.78748
-0.78745
-0.83645
-0.81858
-0.78554
-0.83643
-0.80561
-0.79445
-0.79447
-0.80107
-0.79395
-0.78622
-0.80431
-0.80426
-0.80148
-0.77805
-0.78433
-0.78502
-0.79155
-0.78204
-0.79155
-0.77844
-0.79481
-0.77845
-0.78084
-0.77699
-0.79431
-0.80155
-0.79353
-0.77615
-0.781
0
-0.77063
-0.77062
0
0
0
0
35.944
0
0
0
0
0
0
0
0
0
0
0
0
0
0
0
0
0
0
0
0
0
0
0
0
0
0
0
0
0
0
0
0
0
0
0
0
0
0
0
0
0
0
0
0
0
0
0
0
0
0
0
0
0
0
0
0
0
0
0
0
0
0
0
0
0
0
0
0
0
0
0
0
0
0
-0.88063
-0.87394
-0.86453
-0.86167
-0.86944
-0.87073
-0.86407
-0.8623
-0.85704
-0.85489
-0.85638
-0.86462
-0.83602
-0.83599
-0.88476
-0.86786
-0.83426
-0.88477
-0.85441
-0.84377
-0.84377
-0.84903
-0.84322
-0.83511
-0.85124
-0.85119
-0.84923
-0.82647
-0.83297
-0.83067
-0.84159
-0.83035
-0.84159
-0.82766
-0.84169
-0.82765
-0.82876
-0.82355
-0.8415
-0.85336
0
-0.82633
0
0
0
0
0
0
0
0
0
39.8822
0
0
0
0
0
0
0
0
0
0
0
0
0
0
0
0
0
0
0
0
0
0
0
0
0
0
0
0
0
0
0
0
0
0
0
0
0
0
0
0
0
0
0
0
0
0
0
0
0
0
0
0
0
0
0
0
0
-5.0631
0
0
0
0
0
0
0
0
0
0
0
0
0
0
0
-0.87231
-0.8654
-0.85452
-0.8521
-0.8528
-0.85371
-0.84732
-0.84547
-0.84071
-0.83847
-0.84024
-0.8101
-0.8198
-0.81977
-0.87178
-0.85254
-0.81814
-0.87178
-0.83855
-0.82765
-0.82764
-0.8341
-0.82762
-0.81954
-0.83812
-0.83807
-0.83292
-0.81168
-0.81765
-0.81711
-0.82567
-0.81636
-0.82567
-0.81145
-0.82705
-0.81146
-0.81336
0
0
0
0
0
0
0
0
0
0
0
0
0
0
0
37.9479
0
0
0
0
0
0
0
0
0
0
0
0
0
0
0
0
0
0
0
0
0
0
0
0
0
0
0
0
0
0
0
0
-4.3328
0
0
0
0
0
0
0
0
0
0
0
-2.7264
0
0
0
0
0
0
0
0
0
0
0
0
0
0
0
0
0
0
0
0
0
0
0
0
0
0
0
-0.84562
-0.83912
-0.82997
-0.82747
-0.83365
-0.8344
-0.82821
-0.8264
-0.82119
-0.819
-0.82053
-0.82787
-0.80051
-0.80049
-0.84964
-0.83164
-0.79865
-0.84964
-0.81877
-0.80769
-0.80769
-0.81455
-0.8072
-0.79949
-0.81755
-0.8175
-0.81444
-0.79139
-0.79766
-0.79789
-0.80503
-0.79493
-0.80502
-0.79143
-0.80816
-0.79143
-0.7937
-0.79031
0
-0.81499
0
0
0
0
0
0
0
0
0
0
0
0
0
31.7708
0
0
0
0
0
0
0
0
0
0
0
0
0
0
0
0
0
0
0
0
0
0
0
0
0
0
0
0
0
0
0
0
0
0
0
0
0
0
0
0
0
0
0
0
0
0
0
0
0
0
0
0
0
0
0
0
0
0
0
0
0
0
0
0
0
0
0
0
0
0
0
-0.87275
-0.86611
-0.85709
-0.85475
-0.86136
-0.86205
-0.85568
-0.85428
-0.84904
-0.84677
-0.84811
-0.85563
-0.82792
-0.82788
-0.8774
-0.85923
-0.82606
-0.87739
-0.84611
-0.83546
-0.83547
-0.84494
-0.83478
-0.8267
-0.8439
-0.84384
-0.84197
-0.81824
-0.82474
-0.81779
-0.83283
-0.82208
-0.83284
-0.81913
0
-0.81913
-0.82182
0
0
0
0
0
0
0
0
0
0
0
0
0
0
0
0
0
34.3851
0
0
0
0
0
0
0
0
0
0
0
0
0
0
0
0
0
0
0
0
0
0
0
0
0
0
0
-3.4544
-0.58938
0
0
0
0
0
0
0
0
0
0
0
0
0
0
0
0
0
0
0
0
0
0
0
0
0
0
0
0
0
0
0
0
0
0
0
0
0
0
0
0
0
-0.91537
-0.90803
-0.8985
-0.89366
-0.90498
-0.90502
-0.89944
-0.89797
-0.89281
-0.89052
-0.89244
-0.90048
-0.87103
-0.871
-0.91942
-0.90326
-0.86957
-0.91941
-0.8909
-0.87992
-0.87994
-0.88467
-0.88007
-0.87052
-0.88464
-0.88457
-0.8837
-0.86161
-0.86834
-0.86358
-0.87801
-0.86439
-0.87801
-0.86232
0
-0.86232
0
0
0
0
0
0
0
0
0
0
0
0
0
0
0
0
0
0
0
43.3283
0
0
0
0
0
0
0
0
0
0
0
0
0
0
0
0
0
0
0
0
0
-1.8826
0
0
0
0
0
0
0
0
0
0
0
0
0
0
0
0
0
0
0
0
0
0
0
0
-5.2076
0
0
0
0
0
0
0
0
0
0
-5.2076
0
0
0
0
0
0
0
0
0
0
0
-0.89968
-0.89281
-0.88344
-0.882
-0.88843
-0.8901
-0.88311
-0.88194
-0.8767
-0.87432
-0.87565
-0.8839
-0.85515
-0.85512
-0.90396
-0.88714
-0.85362
-0.90394
-0.87449
-0.86366
-0.86368
-0.86699
-0.86369
-0.85481
-0.87076
-0.87072
-0.86897
-0.84478
-0.85297
-0.8434
-0.86197
-0.84886
-0.86197
-0.84654
0
-0.84656
0
0
0
0
0
0
0
0
0
0
0
0
0
0
0
0
0
0
0
0
39.5563
0
0
0
0
0
0
0
0
0
0
0
0
0
0
0
0
0
0
0
0
0
0
0
0
0
0
0
0
0
0
0
0
-4.2373
0
0
0
0
0
0
0
0
0
0
0
0
0
0
0
0
0
0
0
0
0
0
0
0
0
0
0
-4.8431
0
0
0
0
0
0
0
-0.92393
-0.91671
-0.90607
-0.90214
-0.91047
-0.91091
-0.90512
-0.90343
-0.89807
-0.89608
-0.89766
-0.90712
-0.87672
-0.87669
-0.92573
-0.8787
-0.87488
-0.92572
-0.8959
-0.88518
-0.88518
-0.89001
-0.8851
-0.87592
-0.89142
-0.89136
0
-0.86756
-0.87409
0
-0.88377
0
-0.88377
0
0
0
0
0
0
0
0
0
0
0
0
0
0
-0.87749
0
0
0
0
0
0
0
0
0
41.7139
0
0
0
0
0
0
0
0
0
0
0
0
0
0
0
0
0
0
0
0
0
0
0
0
0
0
0
0
0
-4.3378
0
0
0
0
0
0
0
0
0
0
0
0
0
0
0
0
0
-4.8266
0
0
0
0
-4.8266
0
0
0
0
0
0
0
0
0
0
0
0
0
0
-0.90523
-0.89895
-0.88964
-0.88622
-0.8946
-0.89572
-0.88934
-0.88776
-0.88244
-0.88042
-0.88165
-0.89031
-0.86146
-0.86142
-0.91044
-0.8935
-0.85959
-0.91044
-0.88003
-0.86915
-0.86916
-0.87589
-0.86872
-0.86043
-0.87721
-0.87716
0
0
0
0
0
0
0
0
0
0
0
0
0
0
0
0
0
0
0
0
0
0
0
0
0
0
0
0
0
0
0
0
29.1469
0
0
0
0
0
0
0
0
0
0
0
-2.0674
0
0
0
0
0
0
0
0
0
0
0
0
0
0
0
0
0
0
0
0
0
0
0
0
0
0
0
0
0
0
-4.1227
0
0
0
0
0
0
0
0
0
0
0
0
0
0
0
0
0
0
0
0
0
0
0
-0.96162
-0.95411
-0.94186
-0.94036
-0.94977
-0.95026
-0.94415
-0.94238
-0.93702
-0.93484
-0.93663
-0.94814
-0.91557
-0.91555
-0.96674
-0.95015
-0.91332
-0.96673
-0.93432
-0.9227
-0.9227
0
0
0
0
0
0
0
0
0
0
0
0
0
0
0
0
0
0
0
0
0
0
0
0
0
0
0
0
0
0
0
0
0
0
0
0
0
0
23.3907
0
0
0
0
0
0
0
0
0
0
0
0
0
0
0
0
0
0
0
0
0
0
0
0
0
0
0
0
0
0
0
0
0
0
0
0
0
0
-3.6418
0
0
0
0
0
0
0
0
0
0
0
0
0
0
0
0
0
0
0
0
0
0
0
0
0
0
-1.0039
-0.99689
-0.98772
-0.98509
-0.99152
-0.99279
-0.98584
-0.98409
-0.97864
-0.97646
-0.97821
-0.9856
-0.95712
-0.95708
-1.0085
-0.98996
-0.95501
-1.0085
-0.97683
-0.9647
-0.9647
0
0
0
0
0
0
0
0
0
0
0
0
0
0
0
0
0
0
0
0
0
0
0
0
0
0
0
0
0
0
0
0
0
0
0
0
0
0
0
20.6291
0
0
0
0
0
0
0
0
0
0
0
0
0
0
0
0
0
0
0
0
0
0
0
0
0
0
0
0
0
0
0
0
0
0
0
0
0
0
0
0
0
0
0
0
0
0
0
0
0
0
0
0
0
0
0
0
0
0
0
0
0
0
0
0
-0.96398
-0.95698
-0.94788
-0.94527
-0.95155
-0.95276
-0.94589
-0.94412
-0.93869
-0.93655
-0.93835
-0.94564
-0.91741
-0.91738
-0.96827
-0.94988
-0.91526
-0.96825
-0.93687
-0.92463
-0.92463
0
0
0
0
0
0
0
0
0
0
0
0
0
0
0
0
0
0
0
0
0
0
0
0
0
0
0
0
0
0
0
0
0
0
0
0
0
0
0
0
19.7902
0
0
0
0
0
0
0
0
0
0
0
0
0
0
0
0
0
0
0
0
0
0
0
0
0
0
0
0
0
0
0
0
0
0
0
0
0
0
0
0
0
0
0
0
0
0
0
0
0
0
0
0
0
0
0
0
0
0
0
0
0
0
0
-1.0238
-1.0166
-1.0075
-1.0048
-1.0112
-1.0125
-1.0055
-1.0037
-0.99817
-0.99599
-0.99783
-1.0053
-0.97653
-0.97651
-1.0283
-1.0097
-0.97442
-1.0282
-0.99648
0
0
0
0
0
0
0
0
0
0
0
0
0
0
0
0
0
0
0
0
0
0
0
0
0
0
0
0
0
0
0
0
0
0
0
0
0
0
0
0
0
0
0
19.073
0
0
0
0
0
0
0
0
0
0
0
0
0
0
0
0
0
0
0
0
0
0
0
0
0
0
0
0
0
0
0
0
0
0
0
0
0
0
0
0
0
0
0
0
0
0
0
0
0
0
0
0
0
0
0
0
0
0
0
0
0
0
-1.022
-1.0152
-1.0052
-1.002
-1.0103
-1.01
-1.0047
-1.0028
-0.99744
-0.99526
-0.99714
-1.0074
-0.97566
-0.97563
0
0
-0.97356
0
0
0
0
0
0
0
0
0
0
0
0
0
0
0
0
0
0
0
0
0
0
0
0
0
0
0
0
0
0
0
0
0
0
0
0
0
0
0
0
0
0
0
0
0
0
18.0791
0
0
0
0
0
0
0
0
0
0
0
0
0
0
0
0
0
0
0
0
0
0
0
0
0
0
0
0
-3.0847
0
0
0
0
0
0
0
0
0
0
0
0
0
0
0
0
0
0
0
0
0
0
0
0
0
0
0
0
0
0
0
0
-1.0527
-1.0452
-1.036
-1.033
-1.0418
-1.0271
-1.0361
-1.0343
-1.0288
-1.0266
-1.0288
-1.0371
-1.007
-1.0069
0
0
0
0
0
0
0
0
0
0
0
0
0
0
0
0
0
0
0
0
0
0
0
0
0
0
0
0
0
0
0
0
0
0
0
0
0
0
0
0
0
0
0
0
0
0
0
0
0
0
17.0172
0
0
0
0
0
0
0
0
0
0
0
0
0
0
0
0
0
0
0
0
0
0
0
0
0
-2.5759
0
0
0
0
0
0
0
0
0
0
0
0
0
0
0
0
0
0
0
0
0
0
0
0
0
0
0
0
0
0
0
0
0
0
-1.236
-1.2284
-1.2197
-1.2169
-1.2249
-1.2267
-1.219
-1.2172
-1.2113
-1.2095
-1.2113
0
-1.189
-1.1889
0
0
0
0
0
0
0
0
0
0
0
0
0
0
0
0
0
0
0
0
0
0
0
0
0
0
0
0
0
0
0
0
0
0
0
0
0
0
0
0
0
0
0
0
0
0
0
0
0
0
0
15.799
0
0
0
0
0
0
0
0
0
0
0
0
0
0
0
0
0
0
0
0
0
0
0
0
0
0
0
0
0
0
0
0
0
0
0
0
0
0
0
0
0
0
0
0
0
0
0
0
0
0
0
0
0
0
0
0
0
0
0
-1.1895
-1.2007
-1.1747
-1.172
-1.1829
-1.1836
-1.177
-1.1747
-1.1689
-1.1663
0
0
0
0
0
0
0
0
0
0
0
0
0
0
0
0
0
0
0
0
0
0
0
0
0
0
0
0
0
0
0
0
0
0
0
0
0
0
0
0
0
0
0
0
0
0
0
0
0
0
0
0
0
0
0
0
14.0977
0
0
0
0
0
0
0
0
0
0
0
0
0
-2.3076
0
0
0
0
0
0
0
0
0
0
0
0
0
0
0
0
0
0
0
0
0
0
0
0
0
0
0
0
0
0
0
0
0
0
0
0
0
0
0
0
0
0
0
0
-1.3253
-1.3159
-1.3063
-1.307
-1.3161
-1.3165
-1.3094
-1.308
-1.3024
0
0
0
0
0
0
0
0
0
0
0
0
0
0
0
0
0
0
0
0
0
0
0
0
0
0
0
0
0
0
0
0
0
0
0
0
0
0
0
0
0
0
0
0
0
0
0
0
0
0
0
0
0
0
0
0
0
0
15.9893
0
0
0
0
0
0
0
0
0
0
0
0
0
0
0
0
0
0
0
0
0
0
0
0
0
0
0
0
0
0
0
0
0
0
0
0
0
0
0
0
0
0
0
0
0
0
0
0
-4.1823
0
0
0
0
0
0
0
0
-1.3783
-1.3698
-1.3615
-1.358
-1.3719
-1.3737
-1.366
-1.3648
0
0
0
0
0
0
0
0
0
0
0
0
0
0
0
0
0
0
0
0
0
0
0
0
0
0
0
0
0
0
0
0
0
0
0
0
0
0
0
0
0
0
0
0
0
0
0
0
0
0
0
0
0
0
0
0
0
0
0
0
13.6888
0
0
0
0
0
0
0
0
0
0
0
0
0
0
0
0
0
0
0
0
0
0
0
0
0
0
0
0
-2.7447
0
0
0
0
0
0
0
0
0
0
0
0
0
0
0
0
0
0
0
0
0
0
0
0
0
0
0
-1.8254
0
0
0
-1.8301
0
0
0
0
0
0
0
0
0
0
0
0
0
0
0
0
0
0
0
0
0
0
0
0
0
0
0
0
0
0
0
0
0
0
0
-1.7775
0
0
0
0
0
0
0
0
0
0
0
0
0
0
0
0
0
0
0
0
0
0
0
0
0
0
0
0
11.9727
0
0
0
0
0
0
0
0
0
0
0
0
0
-2.3832
0
0
0
0
0
0
0
0
0
0
0
0
0
0
0
0
0
0
0
0
0
0
0
0
0
0
0
0
0
0
0
0
0
0
0
0
0
0
0
-4.1565
0
0
0
0
0
0
0
0
0
0
0
0
0
0
0
0
0
0
0
0
0
0
0
0
0
0
0
0
0
0
0
0
0
0
0
0
0
0
0
0
0
0
0
0
0
0
0
0
-2.1061
0
0
0
0
0
0
0
0
0
0
-2.0674
0
0
0
0
0
0
0
0
0
0
0
15.3016
0
0
0
0
0
0
0
0
0
0
0
-3.2665
0
0
0
0
0
0
0
0
0
0
0
0
0
0
0
0
0
0
0
0
0
0
0
0
0
0
0
0
0
0
0
0
-3.9308
0
0
0
0
0
-3.9308
0
0
0
-2.1971
-2.1857
-2.1844
0
-2.1968
0
-2.1888
0
0
0
0
0
0
0
0
0
0
0
0
0
0
0
0
0
0
0
0
0
0
0
0
0
0
0
0
0
0
0
0
0
0
0
0
0
0
0
0
0
0
0
0
0
0
0
0
0
0
0
0
0
0
0
0
0
0
0
0
0
0
0
0
10.9529
0
0
0
0
0
0
0
0
0
0
0
0
0
0
0
0
0
0
0
0
0
0
0
0
0
0
0
0
0
0
0
0
0
0
0
0
0
0
0
0
0
0
0
0
0
0
0
0
0
0
0
0
0
0
0
0
0
0
0
0
0
0
0
0
0
0
0
0
0
0
0
0
0
0
0
0
0
0
0
0
0
0
-2.6851
0
0
0
0
0
0
0
0
0
0
0
0
0
0
0
0
0
0
0
0
0
0
0
0
0
0
0
0
0
0
0
0
0
0
0
0
0
0
0
0
0
0
12.7451
0
-3.0824
0
0
0
0
0
0
0
-3.132
0
0
0
0
0
0
0
0
0
0
0
0
0
-3.8456
0
0
0
0
0
0
0
0
0
0
0
0
0
0
0
0
0
0
0
0
0
0
0
0
0
0
0
0
0
-2.7226
0
0
0
0
0
0
0
0
0
0
0
0
0
0
0
0
0
0
0
0
0
0
0
0
0
0
0
0
0
-2.6242
0
0
0
0
0
0
0
0
0
0
0
0
0
0
0
0
0
0
0
0
0
0
0
0
0
0
0
0
0
0
0
0
0
0
0
0
0
0
0
0
0
8.7437
0
0
0
0
0
-2.8343
0
0
0
0
0
0
0
0
0
0
0
0
0
0
0
0
0
0
0
0
0
0
0
0
0
0
0
0
0
0
0
0
0
0
0
0
0
0
0
-0.56257
0
0
0
0
0
0
0
0
0
0
0
0
0
0
0
0
0
0
0
0
0
0
0
0
0
0
0
0
0
0
0
0
-2.5049
0
0
0
0
0
0
0
0
0
0
0
0
0
0
0
0
0
0
-2.4751
0
0
0
0
0
0
0
0
0
0
0
0
0
0
0
0
0
0
0
0
0
0
0
0
0
-3.0824
0
10.8896
0
0
0
0
0
0
0
0
0
-2.8273
0
0
0
0
0
0
0
0
0
0
0
0
0
0
0
0
0
0
0
0
0
0
0
0
0
0
0
0
0
0
0
0
0
0
0
0
0
0
0
0
-2.3449
0
0
0
0
0
0
0
0
0
0
0
0
0
0
0
0
0
0
0
0
0
0
0
0
0
0
0
0
0
0
0
0
0
0
0
0
0
0
0
0
0
0
-2.2716
0
0
0
0
0
0
0
0
0
0
0
0
0
0
0
0
0
0
0
0
0
0
0
0
0
0
0
0
0
0
0
11.0356
0
0
0
0
0
0
0
0
0
0
0
0
0
0
0
0
0
0
0
-2.8194
0
0
0
0
0
0
0
0
0
0
0
0
0
0
0
0
0
0
0
0
0
0
0
0
0
0
0
0
-3.5997
0
0
0
0
0
0
0
0
0
0
0
0
0
0
0
0
0
0
0
0
0
0
0
0
0
0
-2.7533
0
0
0
0
0
0
0
-2.7354
0
0
0
0
0
0
0
0
0
0
0
0
0
-2.6867
0
0
0
0
0
0
0
0
0
0
0
0
0
0
0
0
0
0
0
0
0
0
0
0
0
0
0
9.617
0
0
0
0
0
0
0
0
0
0
0
0
0
0
0
0
0
0
0
0
0
0
0
0
0
0
0
0
0
0
0
-1.4417
0
0
0
0
0
0
0
0
0
0
0
0
0
0
0
0
0
0
0
-1.8847
0
0
0
0
0
0
0
0
0
0
0
0
0
0
0
0
0
0
0
0
0
0
0
0
0
0
0
0
0
0
0
0
0
0
-1.8611
0
0
0
0
0
0
0
0
0
0
0
0
0
0
0
0
-1.8826
0
0
0
0
0
0
0
0
0
0
0
0
0
0
0
0
0
0
0
0
0
8.8285
0
0
0
0
0
0
0
0
0
0
0
0
0
0
0
-3.2001
0
0
0
0
0
0
0
0
0
0
0
0
0
0
0
0
0
0
0
0
0
0
0
0
0
0
0
0
0
0
0
0
0
0
0
0
0
0
0
0
0
0
0
0
0
0
0
0
0
0
0
0
0
-2.9529
0
0
0
0
0
0
0
0
0
0
0
-2.9396
0
0
0
0
0
0
0
0
0
0
0
0
0
0
0
0
0
0
0
0
0
0
0
0
0
0
0
0
0
0
0
0
0
0
0
0
0
0
0
0
0
0
0
12.0504
0
0
0
0
0
0
0
-3.0864
0
0
0
0
0
0
0
-3.0714
0
0
0
0
0
0
0
0
0
0
0
0
0
0
0
0
0
0
0
0
0
0
0
0
0
0
0
0
0
0
0
0
0
0
0
0
0
0
0
0
0
0
0
0
0
0
0
0
0
0
0
0
0
-1.6025
0
0
0
0
0
0
0
0
0
0
0
0
0
0
0
0
0
0
0
0
0
0
0
0
0
0
0
0
0
0
0
0
0
0
0
0
0
0
0
0
0
0
0
0
0
0
0
0
0
-2.8343
0
0
0
0
0
10.4955
-2.3815
0
0
0
0
0
0
0
0
0
0
0
0
0
0
0
0
0
0
0
0
0
0
0
0
0
0
0
0
0
0
0
-3.6771
0
0
0
0
0
0
0
0
0
0
0
0
0
0
0
0
0
0
0
0
0
0
0
0
0
0
0
0
0
0
0
0
0
-2.6736
0
0
0
0
0
0
0
0
0
0
0
0
0
0
0
-2.6199
0
0
0
0
0
0
0
0
0
0
0
0
0
0
0
0
0
0
0
0
0
0
0
0
0
0
0
0
-2.3076
0
0
0
0
0
0
0
0
0
0
0
0
-2.3815
9.9826
0
0
0
0
0
0
0
0
0
0
0
0
0
0
0
0
0
0
0
0
0
0
0
0
0
0
0
0
0
0
0
0
0
0
0
0
0
0
0
0
0
0
0
0
0
0
0
0
0
0
0
0
0
0
-3.1863
0
0
0
0
0
0
0
0
0
0
-3.1642
0
0
0
0
0
0
0
0
0
0
0
0
0
0
0
0
0
0
0
0
0
0
0
0
0
0
0
0
0
0
0
0
0
0
0
0
0
0
0
0
0
0
0
0
0
0
0
0
0
0
0
0
0
0
0
0
0
0
0
10.6657
0
0
0
0
0
0
0
0
0
0
0
0
0
0
0
0
0
0
-4.3152
0
0
0
0
0
0
0
0
0
0
0
0
0
0
0
0
0
0
0
0
0
0
0
0
0
0
0
0
0
0
0
0
0
0
0
0
0
0
0
0
0
0
0
0
0
0
0
0
0
0
0
0
0
0
0
0
0
0
0
0
0
0
0
0
0
0
0
0
0
0
0
0
0
0
0
0
0
0
-3.4544
0
0
0
0
0
0
0
0
0
0
0
0
0
0
0
-3.2665
0
-3.132
0
0
0
0
0
0
0
0
0
9.8529
0
0
0
0
0
0
0
0
0
0
0
0
0
0
0
0
0
0
0
0
0
0
0
0
0
0
0
0
0
0
0
0
0
0
0
0
0
0
0
0
0
0
0
0
0
0
0
0
0
0
0
0
0
0
0
0
0
0
0
0
0
0
0
0
0
0
0
0
0
0
0
0
0
0
0
0
0
0
0
0
0
0
0
0
0
0
0
0
0
0
0
0
0
0
0
0
-0.58938
0
0
0
0
0
0
0
0
0
0
0
0
0
0
-2.3832
0
0
0
0
0
0
0
0
0
0
0
0
0
6.8847
0
0
0
0
0
0
0
0
0
0
0
0
0
0
0
0
0
0
0
0
0
0
0
0
0
0
0
0
0
0
0
0
0
0
0
0
-3.9122
0
0
0
0
0
0
0
0
0
0
0
0
0
0
0
0
0
0
0
0
0
0
0
0
0
-3.224
0
0
0
0
0
0
0
0
0
0
0
0
0
0
0
0
-3.173
0
0
0
0
0
0
0
0
0
0
0
0
0
0
0
0
0
0
0
0
0
0
0
0
0
0
0
0
0
0
0
0
0
0
0
-2.8273
0
0
0
0
0
0
0
0
0
9.2244
0
0
0
0
0
0
0
0
0
0
0
0
0
0
0
0
0
0
0
0
0
0
0
0
0
0
0
0
0
0
0
0
0
0
0
0
0
0
0
0
0
0
0
0
0
0
0
0
0
0
0
-4.664
0
0
0
0
0
0
0
0
0
0
0
0
0
0
0
0
0
0
0
0
0
0
0
0
0
0
0
0
0
0
0
0
0
0
0
0
0
0
0
0
-4.3328
0
0
0
0
0
0
0
0
0
0
0
0
0
0
0
0
0
0
0
0
0
0
0
0
0
0
0
0
0
0
0
0
8.9969
0
0
0
0
0
0
0
0
0
0
0
0
0
0
0
0
0
0
0
0
0
0
0
0
0
0
0
0
0
0
0
0
0
0
0
0
0
0
0
0
0
0
0
0
0
0
0
0
0
0
0
0
0
0
0
0
0
0
0
0
0
0
0
0
0
0
0
0
0
0
0
0
0
0
0
0
0
0
0
0
0
0
0
0
0
0
0
0
0
0
0
0
0
0
0
0
0
0
0
0
0
0
0
0
0
0
0
0
0
0
0
0
0
0
0
0
0
-3.0864
0
0
0
0
0
0
0
7.2382
0
-4.1517
0
0
0
0
0
0
0
0
0
0
0
0
0
0
0
0
0
0
0
0
0
0
0
0
0
0
0
0
0
0
0
0
0
0
0
0
0
0
0
0
0
0
0
0
0
0
0
0
0
0
0
-4.4786
0
0
0
0
0
0
0
0
0
0
0
0
0
0
0
0
0
0
0
0
0
0
0
0
0
0
0
0
0
0
0
0
0
0
0
0
0
0
0
0
0
-4.3378
0
0
0
0
0
0
0
0
0
0
0
0
0
0
0
0
0
0
0
0
0
0
0
0
0
0
0
0
0
8.8163
0
0
0
0
0
0
0
0
0
0
0
0
0
0
0
0
0
0
0
0
0
0
0
0
0
0
0
0
0
0
0
0
0
0
0
0
0
0
0
0
0
0
0
0
0
0
0
0
0
0
0
0
0
0
0
0
0
0
0
0
0
0
0
0
0
0
0
0
0
0
0
0
0
0
0
0
0
0
0
0
-3.8597
0
0
0
0
0
0
0
0
0
0
0
0
0
0
0
0
0
0
0
0
0
0
0
0
0
0
0
0
0
0
0
0
0
0
0
0
0
0
0
0
0
0
-4.1517
0
8.0115
0
0
0
0
0
0
0
0
0
0
0
0
0
0
0
0
0
0
0
0
0
0
0
0
0
0
0
0
0
0
0
0
0
0
0
0
0
0
0
0
0
0
0
0
0
0
0
0
0
0
0
0
0
0
0
0
0
0
0
0
0
0
0
0
0
0
0
0
0
0
0
0
0
0
0
0
0
0
0
0
0
0
0
0
0
0
0
0
0
0
0
0
-4.2373
0
0
0
0
0
0
0
0
0
0
0
0
0
0
0
0
0
0
0
0
0
0
0
0
0
0
0
0
0
0
0
0
8.0388
0
0
0
0
0
0
-3.8014
0
0
0
0
0
0
0
0
0
0
0
0
0
0
0
0
0
0
0
0
0
0
0
0
0
0
0
0
0
0
0
0
0
-2.8259
0
0
0
0
0
0
0
0
0
0
0
0
0
0
0
0
0
0
0
0
0
0
0
0
0
0
0
0
0
0
0
0
0
0
0
0
0
0
0
0
0
0
0
0
0
0
0
0
0
0
0
0
0
0
0
0
0
0
-2.5759
0
0
0
0
0
0
0
0
0
0
0
0
0
0
0
0
0
0
0
0
0
0
0
0
0
5.4018
0
0
0
0
0
0
0
0
0
0
0
0
0
0
0
0
0
0
0
0
0
0
0
0
0
0
0
0
0
0
0
0
0
0
0
0
0
0
0
0
0
0
0
0
0
0
0
0
0
0
0
0
-3.8893
0
0
0
0
0
0
0
0
0
0
0
0
0
0
0
0
0
0
0
0
0
0
0
0
0
0
0
0
0
0
0
0
0
0
0
0
0
0
0
0
0
0
0
0
0
0
0
0
0
0
0
0
0
0
0
0
0
0
0
0
0
0
0
0
0
0
0
0
0
0
0
0
8.0199
0
0
-4.1306
0
0
0
0
0
0
0
0
0
0
0
0
0
0
0
0
0
0
0
0
0
0
0
0
0
0
0
0
0
0
0
0
0
0
0
0
0
0
0
0
0
0
0
0
0
0
0
0
0
0
0
0
0
0
0
0
-3.6249
0
0
0
0
0
0
0
0
0
0
0
0
0
0
0
0
0
0
0
0
0
0
0
0
0
0
0
0
0
0
0
0
0
0
0
0
-3.0847
0
0
0
0
0
0
0
0
0
0
0
0
0
0
0
0
0
0
0
0
0
0
0
0
0
0
0
0
6.7095
0
0
0
0
0
0
0
0
0
0
0
0
0
0
0
0
0
0
0
0
0
0
0
0
0
0
0
0
0
0
0
0
0
0
0
0
0
0
0
0
0
0
0
0
0
0
0
0
0
0
0
0
0
0
0
0
0
0
0
0
0
0
0
0
0
0
0
0
0
0
0
0
0
0
-1.814
0
0
0
0
0
0
0
0
0
0
0
0
0
0
0
0
0
0
0
0
0
0
0
0
0
0
0
0
0
0
0
0
0
0
-3.2001
0
0
0
0
0
0
0
0
0
0
0
0
0
0
0
5.0142
0
0
0
0
0
0
0
0
0
0
0
0
0
0
0
0
0
0
0
0
0
0
0
0
0
0
0
0
0
0
0
0
0
0
0
0
0
0
0
0
0
0
0
0
0
0
0
0
0
0
0
0
0
0
0
0
0
0
0
0
0
0
0
0
0
0
0
0
0
0
0
0
0
0
0
0
0
0
0
0
0
0
0
0
0
0
0
0
0
0
0
0
0
0
0
0
0
0
0
0
0
0
0
0
0
0
0
0
0
-3.0714
0
0
0
0
0
0
0
0
0
0
0
0
-4.1306
0
0
7.202
0
0
0
0
0
0
0
0
0
0
0
0
0
0
0
0
0
0
0
0
0
0
0
0
0
0
0
0
0
0
0
0
0
0
0
0
0
0
0
0
0
0
0
0
0
0
0
0
0
0
0
0
0
0
0
0
0
0
-3.0594
0
0
0
0
0
0
0
0
0
0
0
0
0
0
0
0
0
0
0
0
0
0
0
0
0
0
0
0
0
0
0
0
0
0
0
0
0
0
0
0
0
0
0
0
0
0
-2.8194
0
0
0
0
0
0
0
0
0
0
0
0
0
0
0
0
0
0
0
5.8788
0
0
0
0
0
0
0
0
0
0
0
0
0
0
0
0
0
0
0
0
0
0
0
0
0
0
0
0
0
0
0
0
0
0
0
0
0
0
0
0
0
0
0
0
0
0
0
0
0
0
0
0
0
0
0
0
0
0
0
0
0
0
0
0
0
0
0
0
0
0
0
0
0
0
0
0
0
0
0
0
0
0
0
0
0
0
0
0
0
0
0
0
0
0
0
0
0
0
0
0
0
-3.8456
0
0
0
0
0
0
0
0
0
0
0
0
0
0
0
0
-3.8014
0
0
0
0
0
0
7.647
0
0
0
0
0
0
0
0
0
0
0
0
0
0
0
0
0
0
0
0
0
0
0
0
0
0
0
0
0
0
0
0
0
0
0
0
0
0
0
0
0
0
0
0
0
0
0
0
0
0
0
0
0
0
0
0
0
0
0
0
0
0
0
0
0
0
0
0
0
0
0
0
0
0
0
0
0
0
0
0
-2.7264
0
0
0
0
0
0
0
0
0
0
0
0
0
0
0
-2.7447
0
0
0
0
0
0
0
0
0
0
0
0
0
0
0
0
0
0
0
0
0
0
0
0
0
0
0
0
5.4711
0
0
0
0
0
0
0
0
0
0
0
0
0
0
0
0
0
0
0
0
0
0
0
0
0
0
0
0
0
0
0
0
0
0
0
0
0
0
0
0
0
0
0
0
0
0
0
0
0
0
0
0
0
0
0
0
0
0
0
0
0
-4.1568
0
0
0
0
0
0
0
0
0
0
0
0
0
0
0
0
0
0
0
0
0
0
0
0
-3.6418
0
0
0
0
0
0
0
0
0
0
0
0
0
0
0
0
0
0
0
0
0
0
0
0
0
0
0
0
0
0
0
0
0
0
0
0
0
0
7.7986
0
0
0
0
0
0
0
0
0
0
0
0
0
0
0
0
0
0
0
0
0
0
0
0
0
0
0
0
-7.5038
0
0
0
0
0
0
0
0
0
0
0
0
0
0
0
0
0
0
0
0
0
0
0
0
0
0
0
0
0
0
0
0
0
0
0
0
0
0
0
0
0
0
0
0
0
0
0
0
0
0
0
0
0
0
0
0
0
0
0
0
0
0
0
0
0
0
0
0
0
0
0
0
0
0
0
0
0
0
0
0
0
0
0
0
0
0
0
0
0
0
0
0
0
0
0
0
7.5038
0
0
0
0
0
0
0
0
0
0
0
0
0
0
0
0
0
0
0
0
0
0
0
0
0
0
0
0
0
0
0
0
0
0
0
0
0
0
0
0
0
0
0
0
0
0
0
0
0
0
0
0
0
0
0
0
0
0
0
0
0
0
0
0
0
0
0
0
0
0
0
0
0
0
0
0
0
0
0
0
0
0
0
0
0
0
0
0
0
0
0
0
0
0
0
0
0
0
0
0
0
0
0
0
0
0
-4.3152
0
0
0
0
0
0
0
0
0
0
0
0
0
0
0
0
0
0
4.3152
0
0
0
0
0
0
0
0
0
0
0
0
0
0
0
0
0
0
0
0
0
0
0
0
0
0
0
0
0
0
0
0
0
0
0
0
0
0
0
0
0
0
0
0
0
0
0
0
0
0
0
0
0
0
0
0
0
0
0
0
0
0
0
0
0
0
0
0
0
0
0
0
0
0
0
0
0
0
0
0
0
0
-4.1227
0
0
0
0
0
0
0
0
0
0
0
0
0
0
0
0
0
0
0
0
0
0
0
0
0
0
0
0
0
0
0
0
0
0
0
0
0
0
0
0
0
0
4.1227
0
0
0
0
0
0
0
0
0
0
0
0
0
0
0
0
0
0
0
0
0
0
0
0
0
0
0
0
0
0
0
0
0
0
0
0
0
0
0
0
0
0
0
0
0
0
0
0
0
0
0
0
0
0
0
0
0
0
0
0
0
0
0
0
0
0
0
0
0
0
0
0
0
0
0
0
0
0
-5.2076
0
0
0
0
0
0
0
0
0
0
0
0
0
0
0
0
0
0
0
0
0
0
0
0
0
0
0
0
0
0
0
0
0
0
0
0
0
0
0
0
0
0
0
0
0
0
5.2076
0
0
0
0
0
0
0
0
0
0
0
0
0
0
0
0
0
0
0
0
0
0
0
0
0
0
0
0
0
0
0
0
0
0
0
0
0
0
0
0
0
0
0
0
0
0
-6.4242
0
0
0
0
0
0
0
0
0
0
0
0
0
0
0
0
0
0
0
0
0
0
0
0
0
0
0
0
0
0
0
0
0
0
0
0
0
0
0
0
0
0
0
0
0
0
0
0
0
0
0
0
0
0
0
0
0
0
0
0
0
0
0
0
0
0
0
0
0
0
0
0
0
0
0
0
0
0
6.4242
0
0
0
0
0
0
0
0
0
0
0
0
0
0
0
0
0
0
0
0
0
0
0
0
0
0
0
0
0
0
0
0
0
0
0
-6.9905
0
0
0
0
0
0
0
0
0
0
0
0
0
0
0
0
0
0
0
0
0
0
0
0
0
0
0
0
0
0
0
0
0
0
0
0
0
0
0
0
0
0
0
0
0
0
0
0
0
0
0
0
0
0
0
0
0
0
0
0
0
0
0
0
0
0
0
0
0
0
0
0
0
0
0
0
0
0
0
0
0
0
0
0
0
0
0
0
0
6.9905
0
0
0
0
0
0
0
0
0
0
0
0
0
0
0
0
0
0
0
0
0
0
0
0
0
0
0
0
0
0
0
0
0
0
0
0
0
0
0
0
0
0
0
0
0
0
0
0
0
0
0
0
0
0
0
0
0
0
0
0
0
0
0
0
0
0
0
0
0
0
0
0
0
0
0
0
0
-4.8266
0
0
0
0
0
0
0
0
0
0
0
0
0
0
0
0
0
0
0
0
0
0
0
0
0
0
0
0
0
0
0
0
0
0
0
0
0
0
0
0
0
0
0
0
0
0
0
4.8266
0
0
0
0
0
0
0
0
0
0
0
0
0
0
0
0
0
0
0
0
-8.135
0
0
0
0
0
0
0
0
0
0
0
0
0
0
0
0
0
0
0
0
0
0
0
0
0
0
0
0
0
0
0
0
0
0
0
0
0
0
0
0
0
0
0
0
0
0
0
0
0
0
0
0
0
0
0
0
0
0
0
0
0
0
0
0
0
0
0
0
0
0
0
0
0
0
0
0
0
0
0
0
0
0
0
0
0
0
0
0
0
0
0
0
0
0
0
0
0
0
0
0
0
0
0
0
8.135
0
0
0
0
0
0
0
0
0
0
0
0
0
0
0
0
0
0
0
0
0
0
0
0
0
0
0
0
0
0
0
0
0
0
0
0
0
0
0
0
0
0
0
0
0
0
0
-5.8851
0
0
0
0
0
0
0
0
0
0
0
0
0
0
0
0
0
0
0
0
0
0
0
0
0
0
0
0
0
0
0
0
0
0
0
0
0
0
0
0
0
0
0
0
0
0
0
0
0
0
0
0
0
0
0
0
0
0
0
0
0
0
0
0
0
0
0
0
0
0
0
0
0
0
0
0
0
5.8851
0
0
0
0
0
0
0
0
0
0
0
0
0
0
0
0
0
0
0
0
0
0
0
0
0
0
0
0
0
0
0
0
0
0
0
0
0
0
0
0
0
0
0
0
0
0
0
0
0
0
0
0
0
0
0
0
0
0
0
0
0
0
0
0
0
0
0
0
0
0
0
0
0
0
0
0
0
0
0
0
0
0
0
0
0
0
0
0
0
0
0
0
0
-1.4417
0
0
0
0
0
0
0
0
0
0
0
0
0
0
0
0
0
0
0
0
0
0
0
0
0
0
0
0
0
0
0
1.4417
0
0
0
0
0
0
0
0
0
0
0
0
0
0
0
0
0
0
0
0
0
0
0
0
0
0
0
0
0
0
0
0
0
0
0
0
0
0
0
0
0
0
0
0
0
0
0
0
0
0
0
0
0
0
0
0
0
0
0
0
0
0
0
0
0
0
0
-5.0631
0
0
0
0
0
0
0
0
0
0
0
0
0
0
0
0
0
0
0
0
0
0
0
0
0
0
0
0
0
0
0
0
0
0
0
0
0
0
0
0
0
0
0
0
0
0
0
0
0
0
0
0
0
0
0
0
0
5.0631
0
0
0
0
0
0
0
0
0
0
0
0
0
0
0
0
0
0
0
0
0
0
0
0
0
0
0
0
0
0
0
0
0
0
0
0
0
0
0
0
0
0
0
0
0
0
0
0
0
0
0
0
0
0
0
0
0
0
0
0
0
0
0
0
0
0
0
0
0
0
0
0
-4.8266
0
0
0
0
0
0
0
0
0
0
0
0
0
0
0
0
0
0
0
0
0
0
0
0
0
0
0
0
0
0
0
0
0
0
0
0
0
0
0
0
0
0
0
0
0
0
0
0
0
0
0
0
4.8266
0
0
0
0
0
0
0
0
0
0
0
0
0
0
0
0
0
0
0
0
0
0
0
0
0
0
0
0
0
0
0
0
0
0
0
0
0
0
0
-6.4233
0
0
0
0
0
0
0
0
0
0
0
0
0
0
0
0
0
0
0
0
0
0
0
0
0
0
0
0
0
0
0
0
0
0
0
0
0
0
0
0
0
0
0
0
0
0
0
0
0
0
0
0
0
0
0
0
0
0
0
0
0
0
0
0
0
0
0
0
0
0
0
0
0
0
0
0
0
0
0
0
0
0
0
0
0
6.4233
0
0
0
0
0
0
0
0
0
0
0
0
0
0
0
0
0
0
0
0
0
0
0
0
0
0
0
0
0
0
0
0
0
0
0
0
0
0
0
0
0
0
0
0
0
0
0
0
0
0
0
0
0
0
0
0
0
0
0
0
0
0
0
0
0
0
0
0
0
0
0
0
0
0
0
0
0
0
0
0
0
0
0
0
0
0
0
0
0
0
0
0
-3.6771
0
0
0
0
0
0
0
0
0
0
0
0
0
0
0
0
0
0
0
0
0
0
0
0
0
0
0
0
0
0
0
0
3.6771
0
0
0
0
0
0
0
0
0
0
0
0
0
0
0
0
0
0
0
0
0
0
0
0
0
0
0
0
0
0
0
0
0
0
0
0
0
0
0
0
0
0
0
0
0
0
0
0
0
0
0
0
0
0
0
0
0
0
0
0
0
0
0
0
0
0
0
-5.2076
0
0
0
0
0
0
0
0
0
0
0
0
0
0
0
0
0
0
0
0
0
0
0
0
0
0
0
0
0
0
0
0
0
0
0
0
0
0
0
0
0
0
0
0
0
0
0
0
0
0
0
0
0
0
0
0
0
5.2076
0
0
0
0
0
0
0
0
0
0
0
-8.0671
0
0
0
0
0
0
0
0
0
0
0
0
0
0
0
0
0
0
0
0
0
0
0
0
0
0
0
0
0
0
0
0
0
0
0
0
0
0
0
0
0
0
0
0
0
0
0
0
0
0
0
0
0
0
0
0
0
0
0
0
0
0
0
0
0
0
0
0
0
0
0
0
0
0
0
0
0
0
0
0
0
0
0
0
0
0
0
0
0
0
0
0
0
0
0
0
0
0
0
0
0
0
0
0
0
0
0
0
0
0
0
0
0
8.0671
0
0
0
0
0
0
0
0
0
0
0
0
0
0
0
0
0
0
0
0
0
0
0
0
0
0
0
0
0
0
0
0
0
0
0
0
0
0
0
0
0
0
0
0
0
0
0
0
0
0
0
0
0
0
0
0
0
0
0
0
0
0
0
0
0
0
0
0
0
0
0
0
0
0
0
0
0
0
0
0
-3.9308
0
0
0
0
0
0
0
0
0
0
0
0
0
0
0
0
0
0
0
0
0
0
0
0
0
0
0
0
0
0
0
0
0
0
0
0
0
0
0
0
0
0
0
0
3.9308
0
0
0
0
0
0
0
0
0
0
0
0
0
0
0
0
0
0
0
0
0
0
0
0
0
0
0
0
0
0
0
0
0
0
0
0
0
0
0
0
0
0
0
0
0
0
0
0
0
0
0
0
0
0
0
0
0
0
0
0
0
0
0
0
0
0
0
0
0
0
0
0
0
0
0
0
-4.1823
0
0
0
0
0
0
0
0
0
0
0
0
0
0
0
0
0
0
0
0
0
0
0
0
0
0
0
0
0
0
0
0
0
0
0
0
0
0
0
0
0
0
0
0
0
0
0
0
4.1823
0
0
0
0
0
0
0
0
0
0
0
0
0
0
0
0
0
0
0
0
0
0
0
0
0
0
0
0
0
0
0
0
0
0
0
0
0
0
0
0
0
0
0
0
0
0
0
0
0
0
0
0
0
0
0
0
0
0
0
0
0
0
0
0
-4.8431
0
0
0
0
0
0
0
0
0
0
0
0
0
0
0
0
0
0
0
0
0
0
0
0
0
0
0
0
0
0
0
0
0
0
0
0
0
0
0
0
0
0
0
0
0
0
0
0
0
0
0
0
0
0
0
0
0
0
0
0
4.8431
0
0
0
0
0
0
0
0
0
0
-7.6348
0
0
0
0
0
0
0
0
0
0
0
0
0
0
0
0
0
0
0
0
0
0
0
0
0
0
0
0
0
0
0
0
0
0
0
0
0
0
0
0
0
0
0
0
0
0
0
0
0
0
0
0
0
0
0
0
0
0
0
0
0
0
0
0
0
0
0
0
0
0
0
0
0
0
0
0
0
0
0
0
0
0
0
0
0
0
0
0
0
0
0
0
0
0
0
0
0
0
0
0
0
0
0
0
0
0
0
0
0
0
0
0
0
0
7.6348
0
0
0
0
0
0
0
0
0
0
0
0
0
0
0
0
0
0
0
0
0
0
0
0
0
0
0
0
0
0
0
0
0
0
0
0
0
0
0
0
0
0
0
0
0
0
0
0
0
0
0
0
0
0
0
0
0
0
0
0
0
0
0
0
0
0
0
0
0
0
0
0
0
0
0
0
0
0
0
-0.56257
0
0
0
0
0
0
0
0
0
0
0
0
0
0
0
0
0
0
0
0
0
0
0
0
0
0
0
0
0
0
0
0
0
0
0
0
0
0
0
0
0
0
0
0
0
0.56257
0
0
0
0
0
0
0
0
0
0
0
0
0
0
0
0
0
0
0
0
0
0
0
0
0
0
0
0
0
0
0
0
0
0
0
0
0
0
0
0
0
0
0
0
0
0
0
0
0
0
0
0
0
0
0
0
0
0
0
0
0
0
0
0
0
0
0
0
0
0
0
0
0
0
0
0
0
0
0
0
0
0
0
0
0
0
0
0
-3.9122
0
0
0
0
0
0
0
0
0
0
0
0
0
0
0
0
0
0
0
0
0
0
0
0
0
0
0
0
0
0
0
0
0
0
0
0
3.9122
0
0
0
0
0
0
0
0
0
0
0
0
0
0
0
0
0
0
0
0
0
0
0
0
0
0
0
0
0
0
0
0
0
0
0
0
0
0
0
0
0
0
0
0
0
0
0
0
0
0
0
0
0
0
0
0
0
0
0
0
0
0
0
0
0
0
0
0
0
0
0
0
0
0
-3.9308
0
0
0
0
0
0
0
0
0
0
0
0
0
0
0
0
0
0
0
0
0
0
0
0
0
0
0
0
0
0
0
0
0
0
0
0
0
0
0
0
0
0
0
0
0
0
0
0
0
0
3.9308
0
0
0
0
0
0
0
0
0
0
0
0
0
0
0
0
0
0
0
0
-6.9904
0
0
0
0
0
0
0
0
0
0
0
0
0
0
0
0
0
0
0
0
0
0
0
0
0
0
0
0
0
0
0
0
0
0
0
0
0
0
0
0
0
0
0
0
0
0
0
0
0
0
0
0
0
0
0
0
0
0
0
0
0
0
0
0
0
0
0
0
0
0
0
0
0
0
0
0
0
0
0
0
0
0
0
0
0
0
0
0
0
0
0
0
0
0
0
0
0
0
0
0
0
0
0
0
6.9904
0
0
0
0
0
0
0
0
0
0
0
0
0
0
0
0
0
0
0
0
0
0
0
0
0
0
0
0
0
0
0
0
0
0
0
0
0
0
0
0
0
0
0
0
0
0
0
0
0
0
0
0
0
0
0
0
0
0
0
0
0
0
0
0
0
0
0
0
0
0
0
-4.1565
0
0
0
0
0
0
0
0
0
0
0
0
0
0
0
0
0
0
0
0
0
0
0
0
0
0
0
0
0
0
0
0
0
0
0
0
0
0
0
0
0
0
0
0
0
0
0
0
0
0
0
0
0
4.1565
0
0
0
0
0
0
0
0
0
0
0
0
0
0
0
0
0
0
0
0
0
0
0
0
0
0
0
0
0
0
0
0
0
0
0
0
0
0
0
0
0
0
0
0
0
0
0
0
0
0
0
0
0
0
0
0
0
0
0
0
0
0
0
0
0
0
0
0
0
0
0
0
0
0
0
0
-3.5997
0
0
0
0
0
0
0
0
0
0
0
0
0
0
0
0
0
0
0
0
0
0
0
0
0
0
0
0
0
0
0
0
0
0
0
0
0
0
0
0
0
0
0
0
0
0
0
0
3.5997
