76.7203
-0.90889
-0.89693
-0.89744
-0.89503
-0.89898
-0.88981
-0.89105
-0.88628
-0.88395
-0.88681
-0.90057
-0.8642
-0.86417
-0.91873
-0.90214
-0.86456
-0.91873
-0.88537
-0.87394
-0.87395
-0.88177
-0.87514
-0.86533
-0.8881
-0.88804
-0.8792
-0.85856
-0.8632
-0.86679
-0.87223
-0.86162
-0.87224
-0.85818
-0.87398
-0.85818
-0.86136
-0.85528
-0.87375
-0.88037
-0.86838
-0.8543
-0.85779
-0.86685
-0.84802
-0.84803
-0.86042
-0.85821
-0.86574
-0.84214
-0.82764
-0.87536
-0.86893
-0.84257
-0.86864
-0.91453
-0.89654
-0.92529
-0.90369
-0.96433
-1.0149
-0.97479
-1.0357
-1.0285
-1.0626
-1.2528
-1.1999
-1.3405
-1.3819
-1.8492
0
-2.2318
0
0
0
-2.3745
0
0
0
0
0
0
0
0
0
0
0
0
0
0
0
0
0
0
0
0
0
0
0
0
0
0
0
0
0
0
0
0
0
0
0
0
0
0
-8.181
0
0
0
0
0
0
0
0
0
0
-0.90889
74.8588
-0.88883
-0.88938
-0.88921
-0.89201
-0.88295
-0.88419
-0.87945
-0.87716
-0.87968
-0.89318
-0.85706
-0.85703
-0.91151
-0.89469
-0.85746
-0.91152
-0.87808
-0.8668
-0.86683
-0.87665
-0.86791
-0.85865
-0.88114
-0.88109
-0.87217
-0.85143
-0.85717
-0.8598
-0.86512
-0.85038
-0.86511
-0.85112
-0.86647
-0.85113
-0.85427
-0.8508
-0.86643
-0.87326
-0.8632
-0.84728
-0.8505
-0.86323
-0.84102
-0.84102
-0.85333
-0.85137
-0.85874
-0.83512
-0.82057
-0.86796
-0.86136
-0.83541
-0.86133
-0.9064
-0.88897
-0.91738
-0.89674
-0.95592
-1.0072
-0.96711
-1.0279
-1.021
-1.0543
-1.2445
-1.2106
-1.3303
-1.3725
0
0
-2.2196
0
-2.7845
0
0
0
0
0
0
0
0
0
0
0
0
0
0
0
0
0
0
0
0
0
0
0
0
0
0
0
0
0
0
0
0
-8.2364
0
0
0
0
0
0
0
0
0
0
0
0
0
0
0
0
0
0
-0.89693
-0.88883
70.7951
-0.88053
-0.88046
-0.88273
-0.87413
-0.87501
-0.87018
-0.86785
-0.87061
-0.88291
-0.84809
-0.84805
-0.9013
-0.88429
-0.8484
-0.90129
-0.86913
-0.85773
-0.85775
-0.86548
-0.85893
-0.84952
-0.87154
-0.87147
-0.8629
-0.84235
-0.84839
-0.85057
-0.8561
-0.84518
-0.8561
-0.84216
-0.85632
-0.84216
-0.84526
-0.83953
-0.85711
-0.86422
-0.85419
-0.83832
-0.84157
-0.85475
-0.83209
-0.83209
-0.84428
-0.84237
-0.84986
-0.82619
-0.81167
-0.8588
-0.85054
-0.82649
-0.85256
-0.89712
-0.87986
-0.90688
-0.88766
-0.9435
-0.9982
-0.95821
-1.0189
-1.0112
-1.0453
-1.2361
-1.1846
-1.3208
-1.3645
0
0
-2.219
0
0
0
0
0
0
0
0
0
0
0
0
0
0
0
0
0
0
0
0
0
0
0
0
0
0
0
-7.5961
0
0
0
0
0
0
0
0
0
0
0
0
0
0
0
0
0
0
0
0
0
0
0
0
0
-0.89744
-0.88938
-0.88053
70.4403
-0.87947
-0.87976
-0.87344
-0.87213
-0.8673
-0.8649
-0.8677
-0.88007
-0.84514
-0.8451
-0.89795
-0.88145
-0.84544
-0.89795
-0.86636
-0.85476
-0.85476
-0.8626
-0.8561
-0.84662
-0.86812
-0.86807
-0.85964
-0.83939
-0.8454
-0.84753
-0.85311
-0.84249
-0.8531
-0.83922
-0.85395
-0.83922
-0.84233
-0.83661
-0.85213
-0.86127
-0.85135
-0.8354
-0.83961
-0.85223
-0.82919
-0.82918
-0.84133
-0.83951
-0.84681
-0.82328
-0.80876
-0.85552
-0.84775
-0.82359
-0.84984
-0.8918
-0.87811
-0.9023
-0.88371
-0.9419
-0.99512
-0.95516
-1.0158
-1.0075
-1.0419
-1.2329
-1.1816
-1.3214
-1.3606
0
0
0
0
0
0
0
0
-1.9106
0
0
0
0
0
0
0
0
0
0
0
0
0
0
0
0
0
0
0
0
0
0
0
0
0
0
0
0
0
0
0
0
0
0
0
0
0
0
0
0
-7.7385
0
0
0
0
0
0
-0.89503
-0.88921
-0.88046
-0.87947
65.3567
-0.88753
-0.87763
-0.87899
-0.87415
-0.87184
-0.87477
-0.88331
-0.8519
-0.85188
-0.90683
-0.88671
-0.85223
-0.90682
-0.87356
-0.86174
-0.86173
-0.87043
-0.86312
-0.85388
-0.87597
-0.87591
-0.86759
-0.84649
-0.85278
-0.85588
-0.86006
-0.84978
-0.86006
-0.84607
-0.86269
-0.84608
-0.84914
-0.84406
-0.86147
-0.86828
-0.85688
-0.8423
-0.84626
-0.85913
-0.836
-0.836
-0.84857
-0.84646
-0.85416
-0.83011
-0.8155
-0.86403
-0.84878
-0.83041
-0.85707
-0.90402
-0.88514
-0.91141
-0.8929
-0.95201
-1.0023
-0.96217
-1.0229
-1.0165
-1.0516
-1.2417
-1.1931
-1.3312
-1.3757
-1.8545
0
-2.2323
0
0
0
0
0
0
0
0
0
0
0
0
0
0
0
0
0
0
0
0
0
0
0
0
0
0
0
0
0
0
0
0
0
0
0
0
0
0
0
0
0
0
0
0
0
0
0
0
0
0
0
0
0
-0.89898
-0.89201
-0.88273
-0.87976
-0.88753
64.1909
-0.88032
-0.87954
-0.8747
-0.87243
-0.8754
-0.88414
-0.85249
-0.85247
-0.90803
-0.88769
-0.85304
-0.90801
-0.87459
-0.86262
-0.86263
-0.87117
-0.86416
-0.85474
-0.87601
-0.87594
-0.86777
-0.84706
-0.8534
-0.85574
-0.86095
-0.85064
-0.86096
-0.84695
-0.86329
-0.84696
-0.85
-0.84476
-0.86219
-0.86918
-0.85926
-0.84316
-0.84674
-0.86023
-0.83686
-0.83685
-0.84908
-0.84754
-0.85469
-0.83099
-0.81634
-0.86544
-0.84985
-0.83123
-0.85787
-0.90415
-0.88702
-0.91208
-0.89417
-0.95257
-1.0037
-0.96349
-1.0244
-1.0162
-1.0363
-1.2437
-1.194
-1.3318
-1.3778
0
0
0
0
0
0
0
0
0
0
0
0
0
0
0
0
0
0
0
0
0
-2.8724
0
0
0
0
0
0
0
0
0
0
0
0
0
0
0
0
0
0
0
0
0
0
0
0
0
0
0
0
0
0
0
0
0
0
-0.88981
-0.88295
-0.87413
-0.87344
-0.87763
-0.88032
63.0656
-0.87271
-0.86778
-0.86548
-0.86833
-0.87666
-0.84553
-0.8455
-0.90204
-0.88023
-0.84583
-0.90203
-0.86721
-0.85536
-0.85538
-0.86399
-0.85682
-0.84758
-0.86961
-0.86955
-0.86117
-0.84016
-0.84645
-0.84969
-0.85368
-0.84343
-0.85367
-0.8397
-0.85637
-0.8397
-0.84273
-0.83771
-0.85499
-0.86187
-0.85193
-0.83591
-0.83978
-0.85287
-0.82962
-0.82963
-0.84223
-0.8402
-0.8478
-0.82374
-0.80915
-0.85766
-0.8423
-0.82399
-0.8504
-0.89744
-0.87882
-0.90505
-0.88664
-0.94536
-0.99554
-0.95545
-1.0161
-1.0099
-1.0448
-1.2348
-1.1862
-1.3234
-1.3687
0
0
-2.223
0
0
0
0
0
0
0
0
0
0
0
0
0
0
0
0
0
0
0
0
0
0
0
0
0
0
0
0
0
0
0
0
0
0
0
0
0
0
0
0
0
0
0
0
0
0
0
0
0
0
0
0
0
-0.89105
-0.88419
-0.87501
-0.87213
-0.87899
-0.87954
-0.87271
60.7734
-0.86656
-0.86427
-0.86722
-0.87571
-0.84419
-0.84416
-0.89845
-0.87917
-0.84453
-0.89844
-0.86613
-0.85418
-0.85418
-0.86325
-0.85568
-0.84642
-0.86856
-0.86851
-0.85997
-0.83889
-0.84531
-0.84879
-0.85254
-0.84231
-0.85254
-0.83855
-0.85538
-0.83854
-0.84155
-0.83646
-0.85416
-0.86069
-0.85081
-0.83474
-0.83858
-0.85175
-0.82841
-0.82843
-0.84095
-0.83914
-0.84642
-0.82255
-0.80795
-0.85655
-0.84112
-0.8228
-0.84969
-0.89668
-0.87839
-0.90407
-0.88574
-0.94427
-0.99446
-0.95435
-1.015
-1.0086
-1.0437
-1.2337
-1.1846
-1.3228
-1.3683
0
0
0
0
0
0
0
0
0
0
0
0
0
0
0
0
0
0
0
0
0
0
0
0
0
0
0
0
0
0
0
0
0
0
0
0
0
0
0
0
0
0
0
0
0
0
0
0
0
0
0
0
0
0
0
0
-0.88628
-0.87945
-0.87018
-0.8673
-0.87415
-0.8747
-0.86778
-0.86656
59.0473
-0.85886
-0.86162
-0.87017
-0.83855
-0.83852
-0.89329
-0.87376
-0.83897
-0.89327
-0.86065
-0.84872
-0.84873
-0.85846
-0.85028
-0.84094
-0.86322
-0.86315
-0.85449
-0.83342
-0.83985
-0.8437
-0.84709
-0.83689
-0.8471
-0.83312
-0.85013
-0.83312
-0.83608
-0.83099
-0.8487
-0.85516
-0.84531
-0.82927
-0.83315
-0.84625
-0.82296
-0.82295
-0.83548
-0.83364
-0.84088
-0.81709
-0.8025
-0.85104
-0.83617
-0.81735
-0.84421
-0.89127
-0.8729
-0.89843
-0.88016
-0.93865
-0.98874
-0.94865
-1.0092
-1.003
-1.0379
-1.2275
-1.1785
-1.3168
0
0
0
0
0
0
0
0
0
0
0
0
0
0
0
0
0
0
0
0
0
0
0
0
0
0
0
0
0
0
0
0
0
0
0
0
0
0
0
0
0
0
0
0
0
0
0
0
0
0
0
0
0
0
0
0
0
-0.88395
-0.87716
-0.86785
-0.8649
-0.87184
-0.87243
-0.86548
-0.86427
-0.85886
57.5501
-0.85894
-0.86713
-0.83523
-0.8352
-0.8902
-0.871
-0.83596
-0.89019
-0.85792
-0.84589
-0.84589
-0.85605
-0.84739
-0.83809
-0.86067
-0.86062
-0.85171
-0.83054
-0.837
-0.84148
-0.84428
-0.83407
-0.84429
-0.83031
-0.84746
-0.83031
-0.83324
-0.82815
-0.84575
-0.8523
-0.84247
-0.82644
-0.83018
-0.8433
-0.82012
-0.82012
-0.8326
-0.83086
-0.83802
-0.81427
-0.79966
-0.84826
-0.83329
-0.81453
-0.84131
-0.88832
-0.86987
-0.89582
-0.87751
-0.93581
-0.9859
-0.94586
-1.0064
-1.0002
-1.035
-1.2249
-1.1751
0
0
0
0
0
0
0
0
0
0
0
0
0
0
0
0
0
0
0
0
0
0
0
0
0
0
0
0
0
0
0
0
0
0
0
0
0
0
0
0
0
0
0
0
0
0
0
0
0
0
0
0
0
0
0
0
0
0
-0.88681
-0.87968
-0.87061
-0.8677
-0.87477
-0.8754
-0.86833
-0.86722
-0.86162
-0.85894
59.765
-0.86981
-0.83828
-0.83826
-0.89264
-0.87303
-0.83869
-0.89263
-0.85983
-0.84838
-0.8484
-0.84933
-0.84959
-0.84062
-0.86261
-0.86255
-0.85405
-0.83281
-0.83937
-0.84296
-0.84673
-0.8364
-0.84673
-0.83273
-0.84933
-0.83275
-0.8357
-0.83101
-0.84826
-0.85477
-0.8449
-0.82889
-0.83293
-0.84526
-0.82259
-0.82258
-0.83477
-0.83313
-0.84046
-0.81673
-0.80215
-0.85069
-0.83602
-0.81699
-0.84359
-0.89125
-0.87216
-0.89835
-0.87967
-0.93858
-0.98863
-0.94863
-1.0092
-1.003
-1.0382
-1.2277
0
0
0
0
0
0
0
0
0
0
0
0
0
0
0
-3.2386
0
0
0
0
0
0
0
0
0
0
0
0
0
0
0
0
0
0
0
0
0
0
0
0
0
0
0
0
0
0
0
0
0
0
0
0
0
0
0
0
0
0
0
-0.90057
-0.89318
-0.88291
-0.88007
-0.88331
-0.88414
-0.87666
-0.87571
-0.87017
-0.86713
-0.86981
60.5563
-0.84682
-0.8468
-0.90192
-0.88182
-0.84629
-0.90191
-0.86798
-0.85591
-0.85591
-0.86589
-0.8575
-0.84839
-0.87185
-0.87177
-0.86122
-0.84097
-0.84714
-0.85177
-0.85406
-0.84524
-0.85407
-0.83999
-0.85773
-0.84
-0.84284
-0.83859
-0.85733
-0.86294
-0.85308
-0.83698
-0.84066
-0.85422
-0.83061
-0.83061
-0.84378
-0.84145
-0.84709
-0.82482
-0.81025
-0.85967
-0.8043
-0.82492
-0.85165
-0.89999
-0.88115
-0.90879
-0.88906
-0.9512
-0.9966
-0.95648
-1.0173
-1.0143
-1.0473
0
0
0
0
0
0
0
0
0
0
0
0
0
0
0
0
0
0
0
0
-4.7418
0
0
0
0
0
0
0
0
0
0
0
0
0
0
0
0
0
0
0
0
0
0
0
0
0
0
0
0
0
0
0
0
0
0
0
0
0
0
0
-0.8642
-0.85706
-0.84809
-0.84514
-0.8519
-0.85249
-0.84553
-0.84419
-0.83855
-0.83523
-0.83828
-0.84682
55.0614
-0.80648
-0.8697
-0.85053
-0.81596
-0.86969
-0.83679
-0.82598
-0.82599
-0.83751
-0.82714
-0.8182
-0.84134
-0.84127
-0.83036
-0.81034
-0.81677
-0.82292
-0.82419
-0.81372
-0.82418
-0.81022
-0.82574
-0.81021
-0.81298
-0.80839
-0.82505
-0.83183
-0.82201
-0.8062
-0.80985
-0.8226
-0.7999
-0.79991
-0.81217
-0.81049
-0.81755
-0.79405
-0.77957
-0.82762
-0.81285
-0.79432
-0.82069
-0.86696
-0.8489
-0.87457
-0.85675
-0.91468
-0.96464
-0.92483
-0.985
-0.97865
-1.0134
-1.2023
0
0
0
0
0
0
0
0
0
0
0
0
0
0
0
0
0
0
0
0
0
0
0
0
0
0
0
0
0
0
0
0
0
0
0
0
0
0
0
0
0
0
0
0
0
0
0
0
0
0
0
0
0
0
0
0
0
0
0
-0.86417
-0.85703
-0.84805
-0.8451
-0.85188
-0.85247
-0.8455
-0.84416
-0.83852
-0.8352
-0.83826
-0.8468
-0.80648
55.0595
-0.86969
-0.85051
-0.81594
-0.86967
-0.83676
-0.82595
-0.82595
-0.83749
-0.82711
-0.81818
-0.8413
-0.84125
-0.83034
-0.8103
-0.81674
-0.82289
-0.82415
-0.81369
-0.82416
-0.81018
-0.8257
-0.81019
-0.81295
-0.80835
-0.82501
-0.83179
-0.82197
-0.80617
-0.80982
-0.82256
-0.79988
-0.79987
-0.81212
-0.81047
-0.81751
-0.79403
-0.77954
-0.82759
-0.81282
-0.7943
-0.82065
-0.86692
-0.84887
-0.87454
-0.85671
-0.91465
-0.9646
-0.9248
-0.98498
-0.97861
-1.0134
-1.2023
0
0
0
0
0
0
0
0
0
0
0
0
0
0
0
0
0
0
0
0
0
0
0
0
0
0
0
0
0
0
0
0
0
0
0
0
0
0
0
0
0
0
0
0
0
0
0
0
0
0
0
0
0
0
0
0
0
0
0
-0.91873
-0.91151
-0.9013
-0.89795
-0.90683
-0.90803
-0.90204
-0.89845
-0.89329
-0.8902
-0.89264
-0.90192
-0.8697
-0.86969
62.2045
-0.9037
-0.86885
-0.92717
-0.88977
-0.87819
-0.8782
-0.88743
-0.87947
-0.87026
-0.89321
-0.89315
-0.88402
-0.86269
-0.86881
-0.87179
-0.87646
-0.86605
-0.87646
-0.86235
-0.87876
-0.86235
-0.86542
-0.86085
-0.87805
-0.88463
-0.87465
-0.85849
-0.86175
-0.8751
-0.85211
-0.8521
-0.86477
-0.86287
-0.86998
-0.84625
-0.83151
-0.87933
-0.86808
-0.84647
-0.87319
-0.91838
-0.90074
-0.92686
-0.90881
-0.96916
-1.0194
-0.97905
-1.0401
0
0
0
0
0
0
0
0
0
0
0
0
0
0
0
0
0
0
0
0
0
0
0
0
0
0
0
0
0
0
0
0
0
0
0
0
0
0
0
0
0
-7.095
0
0
0
0
0
0
0
0
0
0
0
0
0
0
0
0
0
0
0
0
-0.90214
-0.89469
-0.88429
-0.88145
-0.88671
-0.88769
-0.88023
-0.87917
-0.87376
-0.871
-0.87303
-0.88182
-0.85053
-0.85051
-0.9037
58.503
-0.84926
-0.90368
-0.87098
-0.85894
-0.85895
-0.87223
-0.8606
-0.85137
-0.87544
-0.87539
-0.86581
-0.84383
-0.85014
-0.85617
-0.85724
-0.84842
-0.85724
-0.84388
-0.8615
-0.84387
-0.84685
-0.84195
-0.85988
-0.86601
-0.85614
-0.83997
-0.84344
-0.85715
-0.83367
-0.83367
-0.84651
-0.84357
-0.85075
-0.82785
-0.81317
-0.86214
-0.84849
-0.82798
-0.85455
-0.90204
-0.88358
-0.87728
-0.89146
-0.9524
-1.0002
-0.96004
-1.021
0
0
0
0
0
0
0
0
0
0
0
0
0
0
0
0
0
0
0
0
0
0
0
0
-4.5556
0
0
0
0
0
0
0
0
0
0
0
0
0
0
0
0
0
0
0
0
0
0
0
0
0
0
0
0
0
0
0
0
0
0
0
0
0
-0.86456
-0.85746
-0.8484
-0.84544
-0.85223
-0.85304
-0.84583
-0.84453
-0.83897
-0.83596
-0.83869
-0.84629
-0.81596
-0.81594
-0.86885
-0.84926
52.8369
-0.86883
-0.83619
-0.82727
-0.82728
-0.83433
-0.8277
-0.81821
-0.83809
-0.83802
-0.82961
-0.8102
-0.81686
-0.81603
-0.82424
-0.81362
-0.82424
-0.81011
-0.82451
-0.8101
-0.81281
-0.80831
-0.8251
-0.83171
-0.82195
-0.80604
-0.80979
-0.82272
-0.79972
-0.79972
-0.81211
-0.81052
-0.81742
-0.79385
-0.77933
-0.82765
-0.81298
-0.79417
-0.82057
-0.86736
-0.84918
-0.87454
-0.85661
-0.91416
-0.96427
-0.92442
-0.98466
-0.97834
0
0
0
0
0
0
0
0
0
0
0
0
0
0
0
0
0
0
0
0
0
0
0
0
0
0
0
0
0
0
0
0
0
0
0
0
0
0
0
0
0
0
0
0
0
0
0
0
0
0
0
0
0
0
0
0
0
0
0
0
0
-0.91873
-0.91152
-0.90129
-0.89795
-0.90682
-0.90801
-0.90203
-0.89844
-0.89327
-0.89019
-0.89263
-0.90191
-0.86969
-0.86967
-0.92717
-0.90368
-0.86883
62.2038
-0.88975
-0.87818
-0.87821
-0.88741
-0.87946
-0.87025
-0.8932
-0.89314
-0.88401
-0.86268
-0.8688
-0.87178
-0.87645
-0.86604
-0.87645
-0.86234
-0.87876
-0.86234
-0.86542
-0.86084
-0.87805
-0.88462
-0.87463
-0.85848
-0.86175
-0.8751
-0.85209
-0.85209
-0.86475
-0.86286
-0.86997
-0.84623
-0.83149
-0.87933
-0.86807
-0.84647
-0.87318
-0.91837
-0.90073
-0.92685
-0.9088
-0.96915
-1.0194
-0.97903
-1.0401
0
0
0
0
0
0
0
0
0
0
0
0
0
0
0
0
0
0
0
0
0
0
0
0
0
0
0
0
0
0
0
0
0
0
0
0
0
0
0
0
0
0
0
0
0
0
0
0
0
0
0
0
0
0
0
0
0
0
0
-7.0949
0
0
-0.88537
-0.87808
-0.86913
-0.86636
-0.87356
-0.87459
-0.86721
-0.86613
-0.86065
-0.85792
-0.85983
-0.86798
-0.83679
-0.83676
-0.88977
-0.87098
-0.83619
-0.88975
57.0805
-0.84607
-0.84608
-0.85697
-0.84567
-0.83802
-0.86101
-0.86095
-0.85186
-0.83046
-0.83699
-0.8424
-0.84441
-0.83375
-0.84441
-0.83037
-0.84501
-0.83038
-0.83321
-0.82847
-0.84589
-0.85223
-0.84232
-0.82638
-0.83064
-0.83342
-0.82004
-0.82004
-0.83241
-0.83079
-0.83761
-0.81417
-0.7998
-0.84819
-0.83378
-0.8147
-0.84104
-0.88922
-0.87053
-0.89601
-0.8775
-0.93569
-0.9867
-0.94663
-1.0073
0
0
0
0
0
0
0
0
0
0
0
0
0
0
0
0
0
0
0
0
0
0
0
0
0
0
0
0
-3.9539
0
0
0
0
0
0
0
0
0
0
0
0
0
0
0
0
0
0
0
0
0
0
0
0
0
0
0
0
0
0
0
0
0
-0.87394
-0.8668
-0.85773
-0.85476
-0.86174
-0.86262
-0.85536
-0.85418
-0.84872
-0.84589
-0.84838
-0.85591
-0.82598
-0.82595
-0.87819
-0.85894
-0.82727
-0.87818
-0.84607
51.4282
-0.82982
-0.84284
-0.83416
-0.82611
-0.84725
-0.84719
-0.84127
-0.81833
-0.82508
-0.82516
-0.83296
-0.82229
-0.83295
-0.81885
-0.83699
-0.81886
-0.82178
-0.81752
-0.83473
-0.84088
-0.83121
-0.81506
-0.81899
-0.83242
-0.80869
-0.80868
-0.82132
-0.81979
-0.82669
-0.80286
-0.78823
-0.83721
-0.82251
-0.80321
-0.82998
-0.87784
-0.85931
-0.88496
-0.86623
-0.92358
-0.97402
-0.93384
0
0
0
0
0
0
0
0
0
0
0
0
0
0
0
0
0
0
0
0
0
0
0
0
0
0
0
0
0
0
0
0
0
0
0
0
0
0
0
0
0
0
0
0
0
0
0
0
0
0
0
0
0
0
0
0
0
0
0
0
0
0
0
-0.87395
-0.86683
-0.85775
-0.85476
-0.86173
-0.86263
-0.85538
-0.85418
-0.84873
-0.84589
-0.8484
-0.85591
-0.82599
-0.82595
-0.8782
-0.85895
-0.82728
-0.87821
-0.84608
-0.82982
51.4287
-0.84284
-0.83417
-0.82612
-0.84725
-0.84719
-0.84128
-0.81833
-0.82509
-0.82516
-0.83296
-0.8223
-0.83296
-0.81887
-0.83699
-0.81887
-0.82178
-0.81753
-0.83473
-0.84088
-0.83122
-0.81507
-0.81899
-0.83242
-0.8087
-0.8087
-0.82132
-0.8198
-0.8267
-0.80286
-0.78825
-0.83722
-0.8225
-0.80322
-0.82998
-0.87786
-0.85933
-0.88496
-0.86625
-0.92358
-0.97403
-0.93384
0
0
0
0
0
0
0
0
0
0
0
0
0
0
0
0
0
0
0
0
0
0
0
0
0
0
0
0
0
0
0
0
0
0
0
0
0
0
0
0
0
0
0
0
0
0
0
0
0
0
0
0
0
0
0
0
0
0
0
0
0
0
0
-0.88177
-0.87665
-0.86548
-0.8626
-0.87043
-0.87117
-0.86399
-0.86325
-0.85846
-0.85605
-0.84933
-0.86589
-0.83751
-0.83749
-0.88743
-0.87223
-0.83433
-0.88741
-0.85697
-0.84284
-0.84284
58.243
-0.8428
-0.83284
-0.85661
-0.85656
-0.84659
-0.82192
-0.83226
-0.8368
-0.84034
-0.82936
-0.84035
-0.82628
-0.84206
-0.82627
-0.82911
-0.81753
-0.83061
-0.84793
-0.83799
-0.82215
-0.8261
-0.8375
-0.81585
-0.81584
-0.82262
-0.82694
-0.8332
-0.81004
-0.79546
-0.84298
-0.82973
-0.81071
-0.8405
-0.88313
-0.86313
-0.89042
-0.8737
0
0
0
0
0
0
0
0
0
0
0
0
0
0
0
0
0
0
0
0
0
-2.7112
-3.2156
0
0
-3.2979
0
0
0
0
0
0
0
0
0
0
0
0
0
0
0
0
0
0
0
0
0
0
0
0
0
0
0
0
0
0
0
0
0
0
0
0
0
0
0
0
-0.87514
-0.86791
-0.85893
-0.8561
-0.86312
-0.86416
-0.85682
-0.85568
-0.85028
-0.84739
-0.84959
-0.8575
-0.82714
-0.82711
-0.87947
-0.8606
-0.8277
-0.87946
-0.84567
-0.83416
-0.83417
-0.8428
51.6418
-0.82681
-0.84736
-0.8473
-0.84202
-0.8189
-0.82561
-0.82521
-0.83382
-0.8227
-0.83382
-0.81955
-0.82962
-0.81955
-0.8224
-0.81787
-0.83531
-0.84146
-0.83165
-0.81565
-0.81998
-0.83057
-0.8092
-0.8092
-0.8218
-0.8202
-0.82693
-0.80336
-0.78874
-0.83774
-0.82358
-0.80374
-0.83036
-0.87924
-0.86052
-0.88604
-0.86687
0
0
0
0
0
0
0
0
0
0
0
0
0
0
0
0
0
0
0
-3.0062
0
0
0
0
0
0
0
0
0
0
0
0
0
0
0
0
0
0
0
0
0
0
0
0
0
0
0
0
0
0
0
0
0
0
0
0
0
0
0
0
0
0
0
0
0
0
-0.86533
-0.85865
-0.84952
-0.84662
-0.85388
-0.85474
-0.84758
-0.84642
-0.84094
-0.83809
-0.84062
-0.84839
-0.8182
-0.81818
-0.87026
-0.85137
-0.81821
-0.87025
-0.83802
-0.82611
-0.82612
-0.83284
-0.82681
49.7339
-0.83844
-0.83836
-0.83207
-0.80836
-0.81558
-0.81703
-0.82551
-0.81195
-0.82551
-0.81079
-0.82715
-0.81079
-0.81339
-0.80748
-0.82556
-0.83236
-0.82253
-0.80661
-0.81047
-0.82243
-0.80017
-0.80016
-0.81258
-0.81125
-0.81784
-0.79432
-0.77973
-0.82829
-0.81415
-0.79473
-0.82093
-0.86812
-0.8502
-0.87541
-0.85727
0
0
0
0
0
0
0
0
0
0
0
0
0
0
0
0
0
0
0
0
-1.6193
0
0
0
0
0
0
0
0
0
0
0
0
0
0
0
0
0
0
0
0
0
0
0
0
0
0
0
0
0
0
0
0
0
0
0
0
0
0
0
0
0
0
0
0
0
-0.8881
-0.88114
-0.87154
-0.86812
-0.87597
-0.87601
-0.86961
-0.86856
-0.86322
-0.86067
-0.86261
-0.87185
-0.84134
-0.8413
-0.89321
-0.87544
-0.83809
-0.8932
-0.86101
-0.84725
-0.84725
-0.85661
-0.84736
-0.83844
55.7951
-0.85937
-0.84831
-0.83008
-0.83652
-0.83995
-0.84482
-0.83392
-0.84482
-0.8306
-0.84529
-0.8306
-0.83329
-0.82845
-0.84431
-0.85219
-0.84216
-0.82641
-0.82942
-0.84206
-0.82005
-0.82006
-0.83165
-0.83049
-0.83738
-0.81409
-0.79947
-0.84592
-0.83445
-0.81447
-0.8398
-0.88369
-0.8677
-0.89265
-0.87571
0
0
0
0
0
0
0
0
0
0
0
0
0
0
0
0
0
0
0
0
0
0
0
0
0
0
0
0
0
0
0
0
0
0
0
0
0
0
0
0
0
0
0
0
-6.507
0
0
0
0
0
0
0
0
0
0
0
0
0
0
0
0
0
0
0
0
0
-0.88804
-0.88109
-0.87147
-0.86807
-0.87591
-0.87594
-0.86955
-0.86851
-0.86315
-0.86062
-0.86255
-0.87177
-0.84127
-0.84125
-0.89315
-0.87539
-0.83802
-0.89314
-0.86095
-0.84719
-0.84719
-0.85656
-0.8473
-0.83836
-0.85937
55.7907
-0.84825
-0.83002
-0.83646
-0.83988
-0.84474
-0.83386
-0.84475
-0.83055
-0.84523
-0.83055
-0.83322
-0.8284
-0.84426
-0.85212
-0.84209
-0.82634
-0.82936
-0.84201
-0.81999
-0.81999
-0.83159
-0.83044
-0.83733
-0.81404
-0.79942
-0.84587
-0.8344
-0.8144
-0.83974
-0.88362
-0.86765
-0.89258
-0.87566
0
0
0
0
0
0
0
0
0
0
0
0
0
0
0
0
0
0
0
0
0
0
0
0
0
0
0
0
0
0
0
0
0
0
0
0
0
0
0
0
0
0
0
0
0
0
0
0
0
0
0
0
-6.5061
0
0
0
0
0
0
0
0
0
0
0
0
0
-0.8792
-0.87217
-0.8629
-0.85964
-0.86759
-0.86777
-0.86117
-0.85997
-0.85449
-0.85171
-0.85405
-0.86122
-0.83036
-0.83034
-0.88402
-0.86581
-0.82961
-0.88401
-0.85186
-0.84127
-0.84128
-0.84659
-0.84202
-0.83207
-0.84831
-0.84825
53.6237
-0.82368
-0.83011
-0.82636
-0.83794
-0.82729
-0.83793
-0.82386
-0.8372
-0.82386
-0.82703
-0.82218
-0.83887
-0.84613
-0.83628
-0.82025
-0.82369
-0.83662
-0.81391
-0.81393
-0.82586
-0.82445
-0.82284
-0.80861
-0.79398
-0.84117
-0.82629
-0.80867
-0.83516
-0.8798
-0.86313
0
0
0
0
0
0
0
0
0
0
0
0
0
0
0
0
0
0
0
-2.7992
0
0
0
0
0
0
0
0
0
0
0
0
0
0
0
-3.7197
0
0
0
0
0
0
0
0
0
0
0
0
0
0
0
0
0
0
0
0
0
0
0
0
0
0
0
0
0
0
0
0
-0.85856
-0.85143
-0.84235
-0.83939
-0.84649
-0.84706
-0.84016
-0.83889
-0.83342
-0.83054
-0.83281
-0.84097
-0.81034
-0.8103
-0.86269
-0.84383
-0.8102
-0.86268
-0.83046
-0.81833
-0.81833
-0.82192
-0.8189
-0.80836
-0.83008
-0.83002
-0.82368
49.3486
-0.80674
-0.80731
-0.81882
-0.80575
-0.81882
-0.80317
-0.82011
-0.80316
-0.80512
-0.80035
-0.81128
-0.82376
-0.81385
-0.79827
-0.80214
-0.81427
-0.79174
-0.79174
-0.79766
-0.80307
-0.80947
-0.78609
-0.77148
-0.81957
-0.80623
-0.78655
-0.81239
-0.85909
-0.84005
-0.86698
0
0
0
0
0
0
0
0
0
0
0
0
0
0
0
0
-2.5514
0
0
0
0
0
0
0
0
0
0
0
0
0
0
0
0
0
0
0
0
0
0
0
0
0
0
0
0
0
0
0
0
0
0
0
0
0
0
0
0
0
0
0
0
0
0
0
0
0
0
-0.8632
-0.85717
-0.84839
-0.8454
-0.85278
-0.8534
-0.84645
-0.84531
-0.83985
-0.837
-0.83937
-0.84714
-0.81677
-0.81674
-0.86881
-0.85014
-0.81686
-0.8688
-0.83699
-0.82508
-0.82509
-0.83226
-0.82561
-0.81558
-0.83652
-0.83646
-0.83011
-0.80674
50.2973
-0.81488
-0.82426
-0.81176
-0.82427
-0.80938
-0.8254
-0.80939
-0.81179
-0.80688
-0.8236
-0.8307
-0.82082
-0.80498
-0.80882
-0.81829
-0.79855
-0.79856
-0.81076
-0.80957
-0.81612
-0.79268
-0.77807
-0.82635
-0.81247
-0.79314
-0.81919
-0.86612
-0.84858
-0.87381
0
0
0
0
0
0
0
0
0
0
0
0
0
0
0
0
0
0
0
0
0
0
0
0
0
0
0
0
0
0
0
0
0
0
0
0
0
-3.1241
0
0
0
0
0
0
0
0
0
0
0
0
0
0
0
0
0
0
0
0
0
0
0
0
0
0
0
0
0
-0.86679
-0.8598
-0.85057
-0.84753
-0.85588
-0.85574
-0.84969
-0.84879
-0.8437
-0.84148
-0.84296
-0.85177
-0.82292
-0.82289
-0.87179
-0.85617
-0.81603
-0.87178
-0.8424
-0.82516
-0.82516
-0.8368
-0.82521
-0.81703
-0.83995
-0.83988
-0.82636
-0.80731
-0.81488
55.0563
-0.82384
-0.81284
-0.82385
-0.81012
-0.81826
-0.81012
-0.81271
-0.80752
-0.82328
-0.83157
-0.82136
-0.80591
-0.80945
-0.82079
-0.79974
-0.79973
-0.80856
-0.80891
-0.81622
-0.79396
-0.77946
-0.82452
-0.8126
-0.79407
-0.81243
-0.86177
-0.83923
0
0
0
0
0
0
0
0
0
0
0
0
0
0
0
-2.7299
0
0
0
0
0
0
0
0
0
0
0
0
0
0
0
0
0
0
0
0
0
0
0
0
0
0
0
0
0
0
0
0
0
0
-5.9672
0
0
0
0
0
0
0
0
0
0
0
0
0
0
0
0
0
-0.87223
-0.86512
-0.8561
-0.85311
-0.86006
-0.86095
-0.85368
-0.85254
-0.84709
-0.84428
-0.84673
-0.85406
-0.82419
-0.82415
-0.87646
-0.85724
-0.82424
-0.87645
-0.84441
-0.83296
-0.83296
-0.84034
-0.83382
-0.82551
-0.84482
-0.84474
-0.83794
-0.81882
-0.82426
-0.82384
47.6111
-0.8223
-0.82713
-0.81542
-0.83231
-0.81541
-0.81858
-0.81471
-0.83319
-0.8379
-0.82826
-0.81209
-0.81617
-0.83008
-0.80555
-0.80554
-0.8185
-0.81721
-0.82383
-0.79975
-0.78503
-0.83482
-0.82024
-0.80027
-0.82708
-0.87574
-0.85748
-0.88345
0
0
0
0
0
0
0
0
0
0
0
0
0
0
0
0
0
0
0
0
0
0
0
0
0
0
0
0
0
0
0
0
0
0
0
0
0
0
0
0
0
0
0
0
0
0
0
0
0
0
0
0
0
0
0
0
0
0
0
0
0
0
0
0
0
0
0
-0.86162
-0.85038
-0.84518
-0.84249
-0.84978
-0.85064
-0.84343
-0.84231
-0.83689
-0.83407
-0.8364
-0.84524
-0.81372
-0.81369
-0.86605
-0.84842
-0.81362
-0.86604
-0.83375
-0.82229
-0.8223
-0.82936
-0.8227
-0.81195
-0.83392
-0.83386
-0.82729
-0.80575
-0.81176
-0.81284
-0.8223
48.8259
-0.82231
-0.80703
-0.82194
-0.80703
-0.80911
-0.8036
-0.82003
-0.82803
-0.81798
-0.80208
-0.8059
-0.81741
-0.79579
-0.79579
-0.8078
-0.80576
-0.81334
-0.79009
-0.7754
-0.82336
-0.81094
-0.79003
-0.81615
-0.86167
-0.84407
0
0
0
0
0
0
0
0
0
0
0
0
0
0
0
0
-2.6832
0
0
0
0
0
0
0
0
0
0
0
0
0
0
0
0
0
0
0
0
0
0
0
0
0
0
0
0
0
0
0
0
0
0
0
0
0
0
0
0
0
0
0
0
0
0
0
0
0
0
0
-0.87224
-0.86511
-0.8561
-0.8531
-0.86006
-0.86096
-0.85367
-0.85254
-0.8471
-0.84429
-0.84673
-0.85407
-0.82418
-0.82416
-0.87646
-0.85724
-0.82424
-0.87645
-0.84441
-0.83295
-0.83296
-0.84035
-0.83382
-0.82551
-0.84482
-0.84475
-0.83793
-0.81882
-0.82427
-0.82385
-0.82713
-0.82231
47.6113
-0.81542
-0.83231
-0.81541
-0.81859
-0.81471
-0.83319
-0.83791
-0.82828
-0.81208
-0.81617
-0.83009
-0.80554
-0.80555
-0.81851
-0.81721
-0.82384
-0.79976
-0.78503
-0.83481
-0.82024
-0.80026
-0.82709
-0.87574
-0.85749
-0.88345
0
0
0
0
0
0
0
0
0
0
0
0
0
0
0
0
0
0
0
0
0
0
0
0
0
0
0
0
0
0
0
0
0
0
0
0
0
0
0
0
0
0
0
0
0
0
0
0
0
0
0
0
0
0
0
0
0
0
0
0
0
0
0
0
0
0
0
-0.85818
-0.85112
-0.84216
-0.83922
-0.84607
-0.84695
-0.8397
-0.83855
-0.83312
-0.83031
-0.83273
-0.83999
-0.81022
-0.81018
-0.86235
-0.84388
-0.81011
-0.86234
-0.83037
-0.81885
-0.81887
-0.82628
-0.81955
-0.81079
-0.8306
-0.83055
-0.82386
-0.80317
-0.80938
-0.81012
-0.81542
-0.80703
-0.81542
45.9451
-0.81864
-0.7946
-0.80431
-0.79958
-0.81942
-0.82395
-0.81405
-0.79796
-0.80201
-0.81842
-0.79175
-0.79175
-0.80393
-0.80245
-0.80947
-0.7862
-0.77169
-0.82067
-0.80578
-0.78643
-0.81315
-0.85968
-0.84181
0
0
0
0
0
0
0
0
0
0
0
0
0
0
0
0
0
0
0
0
0
0
0
0
0
0
0
0
0
0
0
0
0
0
0
0
0
0
0
0
0
0
0
0
0
0
0
0
0
0
0
0
0
0
0
0
0
0
0
0
0
0
0
0
0
0
0
0
-0.87398
-0.86647
-0.85632
-0.85395
-0.86269
-0.86329
-0.85637
-0.85538
-0.85013
-0.84746
-0.84933
-0.85773
-0.82574
-0.8257
-0.87876
-0.8615
-0.82451
-0.87876
-0.84501
-0.83699
-0.83699
-0.84206
-0.82962
-0.82715
-0.84529
-0.84523
-0.8372
-0.82011
-0.8254
-0.81826
-0.83231
-0.82194
-0.83231
-0.81864
54.2619
-0.81865
-0.82117
-0.81547
-0.83283
-0.84021
-0.82972
-0.81437
-0.81788
-0.82738
-0.80825
-0.80826
-0.82015
-0.81792
-0.81604
-0.8025
-0.78799
-0.83427
-0.82138
-0.80307
0
0
0
0
0
0
0
0
0
0
0
0
0
0
0
0
0
0
0
0
0
0
-2.7813
0
-2.9901
0
0
0
0
0
0
0
0
0
0
0
0
0
0
0
0
0
0
0
-4.2504
0
0
0
0
0
0
0
0
0
0
0
0
0
0
0
0
0
0
0
0
0
0
0
0
0
0
-0.85818
-0.85113
-0.84216
-0.83922
-0.84608
-0.84696
-0.8397
-0.83854
-0.83312
-0.83031
-0.83275
-0.84
-0.81021
-0.81019
-0.86235
-0.84387
-0.8101
-0.86234
-0.83038
-0.81886
-0.81887
-0.82627
-0.81955
-0.81079
-0.8306
-0.83055
-0.82386
-0.80316
-0.80939
-0.81012
-0.81541
-0.80703
-0.81541
-0.7946
-0.81865
45.9451
-0.80429
-0.79958
-0.81942
-0.82395
-0.81406
-0.79796
-0.80199
-0.81842
-0.79174
-0.79175
-0.80393
-0.80245
-0.80947
-0.78619
-0.7717
-0.82067
-0.80578
-0.78643
-0.81315
-0.85968
-0.84182
0
0
0
0
0
0
0
0
0
0
0
0
0
0
0
0
0
0
0
0
0
0
0
0
0
0
0
0
0
0
0
0
0
0
0
0
0
0
0
0
0
0
0
0
0
0
0
0
0
0
0
0
0
0
0
0
0
0
0
0
0
0
0
0
0
0
0
0
-0.86136
-0.85427
-0.84526
-0.84233
-0.84914
-0.85
-0.84273
-0.84155
-0.83608
-0.83324
-0.8357
-0.84284
-0.81298
-0.81295
-0.86542
-0.84685
-0.81281
-0.86542
-0.83321
-0.82178
-0.82178
-0.82911
-0.8224
-0.81339
-0.83329
-0.83322
-0.82703
-0.80512
-0.81179
-0.81271
-0.81858
-0.80911
-0.81859
-0.80431
-0.82117
-0.80429
44.4188
-0.80217
-0.82158
-0.83113
-0.81859
-0.80267
-0.80684
-0.81554
-0.79689
-0.7969
-0.80856
-0.806
-0.81379
-0.79032
-0.77549
-0.82334
-0.80961
-0.79015
-0.81744
0
0
0
0
0
0
0
0
0
0
0
0
0
0
0
0
0
0
0
0
0
0
0
0
0
0
0
0
0
0
0
0
0
0
0
0
0
0
0
0
0
0
0
0
0
0
0
0
0
0
0
0
0
0
0
0
0
0
0
0
0
0
0
0
0
0
0
0
0
0
-0.85528
-0.8508
-0.83953
-0.83661
-0.84406
-0.84476
-0.83771
-0.83646
-0.83099
-0.82815
-0.83101
-0.83859
-0.80839
-0.80835
-0.86085
-0.84195
-0.80831
-0.86084
-0.82847
-0.81752
-0.81753
-0.81753
-0.81787
-0.80748
-0.82845
-0.8284
-0.82218
-0.80035
-0.80688
-0.80752
-0.81471
-0.8036
-0.81471
-0.79958
-0.81547
-0.79958
-0.80217
45.181
-0.81722
-0.82541
-0.812
-0.7978
-0.80067
-0.81102
-0.79133
-0.79134
-0.80206
-0.79987
-0.80688
-0.785
-0.77045
-0.81685
0
-0.7855
0
0
0
0
0
0
0
0
0
0
0
0
0
0
0
0
0
0
0
0
0
0
0
0
0
0
-2.6549
0
0
0
0
0
0
0
0
0
0
0
0
0
0
0
0
0
0
0
0
0
0
0
0
0
0
0
0
0
0
0
0
0
0
0
0
0
0
0
0
0
0
0
0
-0.87375
-0.86643
-0.85711
-0.85213
-0.86147
-0.86219
-0.85499
-0.85416
-0.8487
-0.84575
-0.84826
-0.85733
-0.82505
-0.82501
-0.87805
-0.85988
-0.8251
-0.87805
-0.84589
-0.83473
-0.83473
-0.83061
-0.83531
-0.82556
-0.84431
-0.84426
-0.83887
-0.81128
-0.8236
-0.82328
-0.83319
-0.82003
-0.83319
-0.81942
-0.83283
-0.81942
-0.82158
-0.81722
47.7385
-0.84091
-0.83078
-0.81476
-0.81918
-0.83441
-0.8086
-0.80861
-0.81462
-0.81981
-0.82625
-0.80305
-0.78854
-0.83553
0
0
0
0
0
0
0
0
0
0
0
0
0
0
0
0
0
0
0
0
0
0
0
0
0
-1.8865
0
0
0
0
0
0
-3.2441
0
0
0
0
0
0
0
0
0
0
0
0
0
0
0
0
0
0
0
0
0
0
0
0
0
0
0
0
0
0
0
0
0
0
0
0
0
0
0
0
-0.88037
-0.87326
-0.86422
-0.86127
-0.86828
-0.86918
-0.86187
-0.86069
-0.85516
-0.8523
-0.85477
-0.86294
-0.83183
-0.83179
-0.88463
-0.86601
-0.83171
-0.88462
-0.85223
-0.84088
-0.84088
-0.84793
-0.84146
-0.83236
-0.85219
-0.85212
-0.84613
-0.82376
-0.8307
-0.83157
-0.8379
-0.82803
-0.83791
-0.82395
-0.84021
-0.82395
-0.83113
-0.82541
-0.84091
43.8066
-0.84465
-0.82073
-0.83011
-0.8336
-0.81658
-0.81659
-0.83179
-0.82906
-0.83758
-0.81214
-0.79655
-0.8489
0
-0.81178
0
0
0
0
0
0
0
0
0
0
0
0
0
0
0
0
0
0
0
0
0
0
0
0
0
0
0
0
0
0
0
0
0
0
0
0
0
0
0
0
0
0
0
0
0
0
0
0
0
0
0
0
0
0
0
0
0
0
0
0
0
0
0
0
0
0
0
0
0
0
0
-0.86838
-0.8632
-0.85419
-0.85135
-0.85688
-0.85926
-0.85193
-0.85081
-0.84531
-0.84247
-0.8449
-0.85308
-0.82201
-0.82197
-0.87465
-0.85614
-0.82195
-0.87463
-0.84232
-0.83121
-0.83122
-0.83799
-0.83165
-0.82253
-0.84216
-0.84209
-0.83628
-0.81385
-0.82082
-0.82136
-0.82826
-0.81798
-0.82828
-0.81405
-0.82972
-0.81406
-0.81859
-0.812
-0.83078
-0.84465
43.4517
-0.81176
-0.81857
-0.82922
-0.80633
-0.80634
-0.82051
-0.81851
-0.82616
-0.80208
-0.78747
0
0
0
0
0
0
0
0
0
0
0
0
0
0
0
0
0
0
-1.7998
0
0
0
0
0
0
0
0
0
0
0
0
0
0
0
0
0
0
0
0
0
0
0
0
0
0
0
0
0
0
0
0
0
0
0
0
0
0
0
0
0
0
0
0
0
0
0
0
0
0
0
0
0
0
0
-0.8543
-0.84728
-0.83832
-0.8354
-0.8423
-0.84316
-0.83591
-0.83474
-0.82927
-0.82644
-0.82889
-0.83698
-0.8062
-0.80617
-0.85849
-0.83997
-0.80604
-0.85848
-0.82638
-0.81506
-0.81507
-0.82215
-0.81565
-0.80661
-0.82641
-0.82634
-0.82025
-0.79827
-0.80498
-0.80591
-0.81209
-0.80208
-0.81208
-0.79796
-0.81437
-0.79796
-0.80267
-0.7978
-0.81476
-0.82073
-0.81176
41.6601
-0.79745
-0.8146
-0.79063
-0.79064
-0.79949
-0.79783
-0.80461
-0.78239
-0.76814
-0.81864
0
0
0
0
0
0
0
0
0
0
0
0
0
0
0
0
0
0
0
0
0
0
0
0
0
0
0
0
0
0
0
0
0
0
0
0
0
0
0
0
0
0
0
0
0
0
0
0
0
0
0
0
0
0
0
0
0
0
0
0
0
0
0
0
0
0
0
0
0
0
0
0
0
-0.85779
-0.8505
-0.84157
-0.83961
-0.84626
-0.84674
-0.83978
-0.83858
-0.83315
-0.83018
-0.83293
-0.84066
-0.80985
-0.80982
-0.86175
-0.84344
-0.80979
-0.86175
-0.83064
-0.81899
-0.81899
-0.8261
-0.81998
-0.81047
-0.82942
-0.82936
-0.82369
-0.80214
-0.80882
-0.80945
-0.81617
-0.8059
-0.81617
-0.80201
-0.81788
-0.80199
-0.80684
-0.80067
-0.81918
-0.83011
-0.81857
-0.79745
42.8788
-0.82082
-0.79386
-0.79386
-0.80317
-0.80167
-0.80781
-0.78687
-0.77316
0
0
0
0
0
0
0
0
0
0
0
0
0
0
0
0
0
0
0
0
0
0
0
0
0
0
0
0
0
0
0
0
0
0
0
0
0
0
0
0
0
0
-1.8424
0
0
0
0
0
0
0
0
0
0
0
0
0
0
0
0
0
0
0
0
0
0
0
0
0
0
0
0
0
0
0
-0.86685
-0.86323
-0.85475
-0.85223
-0.85913
-0.86023
-0.85287
-0.85175
-0.84625
-0.8433
-0.84526
-0.85422
-0.8226
-0.82256
-0.8751
-0.85715
-0.82272
-0.8751
-0.83342
-0.83242
-0.83242
-0.8375
-0.83057
-0.82243
-0.84206
-0.84201
-0.83662
-0.81427
-0.81829
-0.82079
-0.83008
-0.81741
-0.83009
-0.81842
-0.82738
-0.81842
-0.81554
-0.81102
-0.83441
-0.8336
-0.82922
-0.8146
-0.82082
46.2611
-0.80728
-0.80728
-0.81488
0
-0.81912
-0.79964
0
0
0
0
0
0
0
0
0
0
0
0
0
0
0
0
0
0
0
0
0
0
0
0
0
-2.2992
0
0
0
0
0
0
0
0
0
0
0
0
-3.9245
0
0
0
0
0
0
0
0
0
0
0
0
0
0
0
0
0
0
0
0
0
0
0
0
0
0
0
0
0
0
0
0
0
0
0
0
-0.84802
-0.84102
-0.83209
-0.82919
-0.836
-0.83686
-0.82962
-0.82841
-0.82296
-0.82012
-0.82259
-0.83061
-0.7999
-0.79988
-0.85211
-0.83367
-0.79972
-0.85209
-0.82004
-0.80869
-0.8087
-0.81585
-0.8092
-0.80017
-0.82005
-0.81999
-0.81391
-0.79174
-0.79855
-0.79974
-0.80555
-0.79579
-0.80554
-0.79175
-0.80825
-0.79174
-0.79689
-0.79133
-0.8086
-0.81658
-0.80633
-0.79063
-0.79386
-0.80728
40.5413
-0.77811
-0.79531
-0.79377
-0.80117
-0.7778
-0.76351
0
0
0
0
0
0
0
0
0
0
0
0
0
0
0
0
0
0
0
0
0
0
0
0
0
0
0
0
0
0
0
0
0
0
0
0
0
0
0
0
0
0
0
0
0
0
0
0
0
0
0
0
0
0
0
0
0
0
0
0
0
0
0
0
0
0
0
0
0
0
0
0
0
0
-0.84803
-0.84102
-0.83209
-0.82918
-0.836
-0.83685
-0.82963
-0.82843
-0.82295
-0.82012
-0.82258
-0.83061
-0.79991
-0.79987
-0.8521
-0.83367
-0.79972
-0.85209
-0.82004
-0.80868
-0.8087
-0.81584
-0.8092
-0.80016
-0.82006
-0.81999
-0.81393
-0.79174
-0.79856
-0.79973
-0.80554
-0.79579
-0.80555
-0.79175
-0.80826
-0.79175
-0.7969
-0.79134
-0.80861
-0.81659
-0.80634
-0.79064
-0.79386
-0.80728
-0.77811
40.5414
-0.79531
-0.79377
-0.80118
-0.7778
-0.76351
0
0
0
0
0
0
0
0
0
0
0
0
0
0
0
0
0
0
0
0
0
0
0
0
0
0
0
0
0
0
0
0
0
0
0
0
0
0
0
0
0
0
0
0
0
0
0
0
0
0
0
0
0
0
0
0
0
0
0
0
0
0
0
0
0
0
0
0
0
0
0
0
0
0
-0.86042
-0.85333
-0.84428
-0.84133
-0.84857
-0.84908
-0.84223
-0.84095
-0.83548
-0.8326
-0.83477
-0.84378
-0.81217
-0.81212
-0.86477
-0.84651
-0.81211
-0.86475
-0.83241
-0.82132
-0.82132
-0.82262
-0.8218
-0.81258
-0.83165
-0.83159
-0.82586
-0.79766
-0.81076
-0.80856
-0.8185
-0.8078
-0.81851
-0.80393
-0.82015
-0.80393
-0.80856
-0.80206
-0.81462
-0.83179
-0.82051
-0.79949
-0.80317
-0.81488
-0.79531
-0.79531
40.4543
0
0
0
0
0
0
0
0
0
0
0
0
0
0
0
0
0
0
0
0
0
0
0
0
0
0
0
-2.5184
0
0
0
0
0
0
0
0
0
0
0
0
0
0
0
0
0
0
0
0
0
0
0
0
0
0
0
0
0
0
0
0
0
0
0
0
0
0
0
0
0
0
0
0
0
0
0
0
0
0
-0.85821
-0.85137
-0.84237
-0.83951
-0.84646
-0.84754
-0.8402
-0.83914
-0.83364
-0.83086
-0.83313
-0.84145
-0.81049
-0.81047
-0.86287
-0.84357
-0.81052
-0.86286
-0.83079
-0.81979
-0.8198
-0.82694
-0.8202
-0.81125
-0.83049
-0.83044
-0.82445
-0.80307
-0.80957
-0.80891
-0.81721
-0.80576
-0.81721
-0.80245
-0.81792
-0.80245
-0.806
-0.79987
-0.81981
-0.82906
-0.81851
-0.79783
-0.80167
0
-0.79377
-0.79377
0
40.0725
0
0
0
0
0
0
0
0
0
-0.87478
0
0
0
0
0
0
0
0
0
0
0
0
-2.1341
0
0
0
0
0
0
0
0
0
0
0
0
0
0
0
0
0
0
0
0
0
0
0
0
0
0
0
0
0
0
0
0
0
0
0
0
0
0
0
0
0
0
0
0
0
0
0
0
0
0
0
0
0
0
-0.86574
-0.85874
-0.84986
-0.84681
-0.85416
-0.85469
-0.8478
-0.84642
-0.84088
-0.83802
-0.84046
-0.84709
-0.81755
-0.81751
-0.86998
-0.85075
-0.81742
-0.86997
-0.83761
-0.82669
-0.8267
-0.8332
-0.82693
-0.81784
-0.83738
-0.83733
-0.82284
-0.80947
-0.81612
-0.81622
-0.82383
-0.81334
-0.82384
-0.80947
-0.81604
-0.80947
-0.81379
-0.80688
-0.82625
-0.83758
-0.82616
-0.80461
-0.80781
-0.81912
-0.80117
-0.80118
0
0
40.9138
0
0
0
0
0
0
0
0
0
0
0
0
0
0
0
0
0
0
0
0
0
0
0
0
0
0
0
-2.7311
0
0
0
0
0
0
0
0
0
0
0
0
0
0
0
0
0
0
0
0
0
0
0
0
0
0
0
0
0
0
0
0
0
0
0
0
0
0
0
0
0
0
0
0
0
0
0
0
-0.84214
-0.83512
-0.82619
-0.82328
-0.83011
-0.83099
-0.82374
-0.82255
-0.81709
-0.81427
-0.81673
-0.82482
-0.79405
-0.79403
-0.84625
-0.82785
-0.79385
-0.84623
-0.81417
-0.80286
-0.80286
-0.81004
-0.80336
-0.79432
-0.81409
-0.81404
-0.80861
-0.78609
-0.79268
-0.79396
-0.79975
-0.79009
-0.79976
-0.7862
-0.8025
-0.78619
-0.79032
-0.785
-0.80305
-0.81214
-0.80208
-0.78239
-0.78687
-0.79964
-0.7778
-0.7778
0
0
0
37.128
0
0
0
0
0
0
0
0
0
0
0
0
0
0
0
0
0
0
0
0
0
0
0
0
0
0
0
0
0
0
0
0
0
0
0
0
0
0
0
0
0
0
0
0
0
0
0
0
0
0
0
0
0
0
0
0
0
0
0
0
0
0
0
0
0
0
0
0
0
0
0
0
0
0
0
-0.82764
-0.82057
-0.81167
-0.80876
-0.8155
-0.81634
-0.80915
-0.80795
-0.8025
-0.79966
-0.80215
-0.81025
-0.77957
-0.77954
-0.83151
-0.81317
-0.77933
-0.83149
-0.7998
-0.78823
-0.78825
-0.79546
-0.78874
-0.77973
-0.79947
-0.79942
-0.79398
-0.77148
-0.77807
-0.77946
-0.78503
-0.7754
-0.78503
-0.77169
-0.78799
-0.7717
-0.77549
-0.77045
-0.78854
-0.79655
-0.78747
-0.76814
-0.77316
0
-0.76351
-0.76351
0
0
0
0
35.6725
0
0
0
0
0
0
0
0
0
0
0
0
0
0
0
0
0
0
0
0
0
0
0
0
0
0
0
0
0
0
0
0
0
0
0
0
0
0
0
0
0
0
0
0
0
0
0
0
0
0
0
0
0
0
0
0
0
0
0
0
0
0
0
0
0
0
0
0
0
0
0
0
0
0
-0.87536
-0.86796
-0.8588
-0.85552
-0.86403
-0.86544
-0.85766
-0.85655
-0.85104
-0.84826
-0.85069
-0.85967
-0.82762
-0.82759
-0.87933
-0.86214
-0.82765
-0.87933
-0.84819
-0.83721
-0.83722
-0.84298
-0.83774
-0.82829
-0.84592
-0.84587
-0.84117
-0.81957
-0.82635
-0.82452
-0.83482
-0.82336
-0.83481
-0.82067
-0.83427
-0.82067
-0.82334
-0.81685
-0.83553
-0.8489
0
-0.81864
0
0
0
0
0
0
0
0
0
39.6941
0
0
0
0
0
0
0
0
0
0
0
0
0
0
0
0
0
0
0
0
0
0
0
0
0
0
0
0
0
0
0
0
0
0
0
0
0
0
0
0
0
0
0
0
0
0
0
0
0
0
0
0
0
0
0
0
0
-5.1325
0
0
0
0
0
0
0
0
0
0
0
0
0
0
0
-0.86893
-0.86136
-0.85054
-0.84775
-0.84878
-0.84985
-0.8423
-0.84112
-0.83617
-0.83329
-0.83602
-0.8043
-0.81285
-0.81282
-0.86808
-0.84849
-0.81298
-0.86807
-0.83378
-0.82251
-0.8225
-0.82973
-0.82358
-0.81415
-0.83445
-0.8344
-0.82629
-0.80623
-0.81247
-0.8126
-0.82024
-0.81094
-0.82024
-0.80578
-0.82138
-0.80578
-0.80961
0
0
0
0
0
0
0
0
0
0
0
0
0
0
0
37.9049
0
0
0
0
0
0
0
0
0
0
0
0
0
0
0
0
0
0
0
0
0
0
0
0
0
0
0
0
0
0
0
0
-4.3956
0
0
0
0
0
0
0
0
0
0
0
-2.7989
0
0
0
0
0
0
0
0
0
0
0
0
0
0
0
0
0
0
0
0
0
0
0
0
0
0
0
-0.84257
-0.83541
-0.82649
-0.82359
-0.83041
-0.83123
-0.82399
-0.8228
-0.81735
-0.81453
-0.81699
-0.82492
-0.79432
-0.7943
-0.84647
-0.82798
-0.79417
-0.84647
-0.8147
-0.80321
-0.80322
-0.81071
-0.80374
-0.79473
-0.81447
-0.8144
-0.80867
-0.78655
-0.79314
-0.79407
-0.80027
-0.79003
-0.80026
-0.78643
-0.80307
-0.78643
-0.79015
-0.7855
0
-0.81178
0
0
0
0
0
0
0
0
0
0
0
0
0
31.6095
0
0
0
0
0
0
0
0
0
0
0
0
0
0
0
0
0
0
0
0
0
0
0
0
0
0
0
0
0
0
0
0
0
0
0
0
0
0
0
0
0
0
0
0
0
0
0
0
0
0
0
0
0
0
0
0
0
0
0
0
0
0
0
0
0
0
0
0
0
0
0
-0.86864
-0.86133
-0.85256
-0.84984
-0.85707
-0.85787
-0.8504
-0.84969
-0.84421
-0.84131
-0.84359
-0.85165
-0.82069
-0.82065
-0.87319
-0.85455
-0.82057
-0.87318
-0.84104
-0.82998
-0.82998
-0.8405
-0.83036
-0.82093
-0.8398
-0.83974
-0.83516
-0.81239
-0.81919
-0.81243
-0.82708
-0.81615
-0.82709
-0.81315
0
-0.81315
-0.81744
0
0
0
0
0
0
0
0
0
0
0
0
0
0
0
0
0
34.2772
0
0
0
0
0
0
0
0
0
0
0
0
0
0
0
0
0
0
0
0
0
0
0
0
0
0
0
-3.5216
-0.59898
0
0
0
0
0
0
0
0
0
0
0
0
0
0
0
0
0
0
0
0
0
0
0
0
0
0
0
0
0
0
0
0
0
0
0
0
0
0
0
0
0
-0.91453
-0.9064
-0.89712
-0.8918
-0.90402
-0.90415
-0.89744
-0.89668
-0.89127
-0.88832
-0.89125
-0.89999
-0.86696
-0.86692
-0.91838
-0.90204
-0.86736
-0.91837
-0.88922
-0.87784
-0.87786
-0.88313
-0.87924
-0.86812
-0.88369
-0.88362
-0.8798
-0.85909
-0.86612
-0.86177
-0.87574
-0.86167
-0.87574
-0.85968
0
-0.85968
0
0
0
0
0
0
0
0
0
0
0
0
0
0
0
0
0
0
0
43.4407
0
0
0
0
0
0
0
0
0
0
0
0
0
0
0
0
0
0
0
0
0
-1.9105
0
0
0
0
0
0
0
0
0
0
0
0
0
0
0
0
0
0
0
0
0
0
0
0
-5.2826
0
0
0
0
0
0
0
0
0
0
-5.2826
0
0
0
0
0
0
0
0
0
0
0
-0.89654
-0.88897
-0.87986
-0.87811
-0.88514
-0.88702
-0.87882
-0.87839
-0.8729
-0.86987
-0.87216
-0.88115
-0.8489
-0.84887
-0.90074
-0.88358
-0.84918
-0.90073
-0.87053
-0.85931
-0.85933
-0.86313
-0.86052
-0.8502
-0.8677
-0.86765
-0.86313
-0.84005
-0.84858
-0.83923
-0.85748
-0.84407
-0.85749
-0.84181
0
-0.84182
0
0
0
0
0
0
0
0
0
0
0
0
0
0
0
0
0
0
0
0
39.5676
0
0
0
0
0
0
0
0
0
0
0
0
0
0
0
0
0
0
0
0
0
0
0
0
0
0
0
0
0
0
0
0
-4.3076
0
0
0
0
0
0
0
0
0
0
0
0
0
0
0
0
0
0
0
0
0
0
0
0
0
0
0
-4.9271
0
0
0
0
0
0
0
-0.92529
-0.91738
-0.90688
-0.9023
-0.91141
-0.91208
-0.90505
-0.90407
-0.89843
-0.89582
-0.89835
-0.90879
-0.87457
-0.87454
-0.92686
-0.87728
-0.87454
-0.92685
-0.89601
-0.88496
-0.88496
-0.89042
-0.88604
-0.87541
-0.89265
-0.89258
0
-0.86698
-0.87381
0
-0.88345
0
-0.88345
0
0
0
0
0
0
0
0
0
0
0
0
0
0
-0.87478
0
0
0
0
0
0
0
0
0
41.9126
0
0
0
0
0
0
0
0
0
0
0
0
0
0
0
0
0
0
0
0
0
0
0
0
0
0
0
0
0
-4.4096
0
0
0
0
0
0
0
0
0
0
0
0
0
0
0
0
0
-4.8885
0
0
0
0
-4.8885
0
0
0
0
0
0
0
0
0
0
0
0
0
0
-0.90369
-0.89674
-0.88766
-0.88371
-0.8929
-0.89417
-0.88664
-0.88574
-0.88016
-0.87751
-0.87967
-0.88906
-0.85675
-0.85671
-0.90881
-0.89146
-0.85661
-0.9088
-0.8775
-0.86623
-0.86625
-0.8737
-0.86687
-0.85727
-0.87571
-0.87566
0
0
0
0
0
0
0
0
0
0
0
0
0
0
0
0
0
0
0
0
0
0
0
0
0
0
0
0
0
0
0
0
29.2087
0
0
0
0
0
0
0
0
0
0
0
-2.0971
0
0
0
0
0
0
0
0
0
0
0
0
0
0
0
0
0
0
0
0
0
0
0
0
0
0
0
0
0
0
-4.2156
0
0
0
0
0
0
0
0
0
0
0
0
0
0
0
0
0
0
0
0
0
0
0
-0.96433
-0.95592
-0.9435
-0.9419
-0.95201
-0.95257
-0.94536
-0.94427
-0.93865
-0.93581
-0.93858
-0.9512
-0.91468
-0.91465
-0.96916
-0.9524
-0.91416
-0.96915
-0.93569
-0.92358
-0.92358
0
0
0
0
0
0
0
0
0
0
0
0
0
0
0
0
0
0
0
0
0
0
0
0
0
0
0
0
0
0
0
0
0
0
0
0
0
0
23.4931
0
0
0
0
0
0
0
0
0
0
0
0
0
0
0
0
0
0
0
0
0
0
0
0
0
0
0
0
0
0
0
0
0
0
0
0
0
0
-3.712
0
0
0
0
0
0
0
0
0
0
0
0
0
0
0
0
0
0
0
0
0
0
0
0
0
0
-1.0149
-1.0072
-0.9982
-0.99512
-1.0023
-1.0037
-0.99554
-0.99446
-0.98874
-0.9859
-0.98863
-0.9966
-0.96464
-0.9646
-1.0194
-1.0002
-0.96427
-1.0194
-0.9867
-0.97402
-0.97403
0
0
0
0
0
0
0
0
0
0
0
0
0
0
0
0
0
0
0
0
0
0
0
0
0
0
0
0
0
0
0
0
0
0
0
0
0
0
0
20.8384
0
0
0
0
0
0
0
0
0
0
0
0
0
0
0
0
0
0
0
0
0
0
0
0
0
0
0
0
0
0
0
0
0
0
0
0
0
0
0
0
0
0
0
0
0
0
0
0
0
0
0
0
0
0
0
0
0
0
0
0
0
0
0
0
-0.97479
-0.96711
-0.95821
-0.95516
-0.96217
-0.96349
-0.95545
-0.95435
-0.94865
-0.94586
-0.94863
-0.95648
-0.92483
-0.9248
-0.97905
-0.96004
-0.92442
-0.97903
-0.94663
-0.93384
-0.93384
0
0
0
0
0
0
0
0
0
0
0
0
0
0
0
0
0
0
0
0
0
0
0
0
0
0
0
0
0
0
0
0
0
0
0
0
0
0
0
0
19.9968
0
0
0
0
0
0
0
0
0
0
0
0
0
0
0
0
0
0
0
0
0
0
0
0
0
0
0
0
0
0
0
0
0
0
0
0
0
0
0
0
0
0
0
0
0
0
0
0
0
0
0
0
0
0
0
0
0
0
0
0
0
0
0
-1.0357
-1.0279
-1.0189
-1.0158
-1.0229
-1.0244
-1.0161
-1.015
-1.0092
-1.0064
-1.0092
-1.0173
-0.985
-0.98498
-1.0401
-1.021
-0.98466
-1.0401
-1.0073
0
0
0
0
0
0
0
0
0
0
0
0
0
0
0
0
0
0
0
0
0
0
0
0
0
0
0
0
0
0
0
0
0
0
0
0
0
0
0
0
0
0
0
19.282
0
0
0
0
0
0
0
0
0
0
0
0
0
0
0
0
0
0
0
0
0
0
0
0
0
0
0
0
0
0
0
0
0
0
0
0
0
0
0
0
0
0
0
0
0
0
0
0
0
0
0
0
0
0
0
0
0
0
0
0
0
0
-1.0285
-1.021
-1.0112
-1.0075
-1.0165
-1.0162
-1.0099
-1.0086
-1.003
-1.0002
-1.003
-1.0143
-0.97865
-0.97861
0
0
-0.97834
0
0
0
0
0
0
0
0
0
0
0
0
0
0
0
0
0
0
0
0
0
0
0
0
0
0
0
0
0
0
0
0
0
0
0
0
0
0
0
0
0
0
0
0
0
0
18.2281
0
0
0
0
0
0
0
0
0
0
0
0
0
0
0
0
0
0
0
0
0
0
0
0
0
0
0
0
-3.1525
0
0
0
0
0
0
0
0
0
0
0
0
0
0
0
0
0
0
0
0
0
0
0
0
0
0
0
0
0
0
0
0
-1.0626
-1.0543
-1.0453
-1.0419
-1.0516
-1.0363
-1.0448
-1.0437
-1.0379
-1.035
-1.0382
-1.0473
-1.0134
-1.0134
0
0
0
0
0
0
0
0
0
0
0
0
0
0
0
0
0
0
0
0
0
0
0
0
0
0
0
0
0
0
0
0
0
0
0
0
0
0
0
0
0
0
0
0
0
0
0
0
0
0
17.1887
0
0
0
0
0
0
0
0
0
0
0
0
0
0
0
0
0
0
0
0
0
0
0
0
0
-2.623
0
0
0
0
0
0
0
0
0
0
0
0
0
0
0
0
0
0
0
0
0
0
0
0
0
0
0
0
0
0
0
0
0
0
-1.2528
-1.2445
-1.2361
-1.2329
-1.2417
-1.2437
-1.2348
-1.2337
-1.2275
-1.2249
-1.2277
0
-1.2023
-1.2023
0
0
0
0
0
0
0
0
0
0
0
0
0
0
0
0
0
0
0
0
0
0
0
0
0
0
0
0
0
0
0
0
0
0
0
0
0
0
0
0
0
0
0
0
0
0
0
0
0
0
0
16.0047
0
0
0
0
0
0
0
0
0
0
0
0
0
0
0
0
0
0
0
0
0
0
0
0
0
0
0
0
0
0
0
0
0
0
0
0
0
0
0
0
0
0
0
0
0
0
0
0
0
0
0
0
0
0
0
0
0
0
0
-1.1999
-1.2106
-1.1846
-1.1816
-1.1931
-1.194
-1.1862
-1.1846
-1.1785
-1.1751
0
0
0
0
0
0
0
0
0
0
0
0
0
0
0
0
0
0
0
0
0
0
0
0
0
0
0
0
0
0
0
0
0
0
0
0
0
0
0
0
0
0
0
0
0
0
0
0
0
0
0
0
0
0
0
0
14.2341
0
0
0
0
0
0
0
0
0
0
0
0
0
-2.3459
0
0
0
0
0
0
0
0
0
0
0
0
0
0
0
0
0
0
0
0
0
0
0
0
0
0
0
0
0
0
0
0
0
0
0
0
0
0
0
0
0
0
0
0
-1.3405
-1.3303
-1.3208
-1.3214
-1.3312
-1.3318
-1.3234
-1.3228
-1.3168
0
0
0
0
0
0
0
0
0
0
0
0
0
0
0
0
0
0
0
0
0
0
0
0
0
0
0
0
0
0
0
0
0
0
0
0
0
0
0
0
0
0
0
0
0
0
0
0
0
0
0
0
0
0
0
0
0
0
16.1992
0
0
0
0
0
0
0
0
0
0
0
0
0
0
0
0
0
0
0
0
0
0
0
0
0
0
0
0
0
0
0
0
0
0
0
0
0
0
0
0
0
0
0
0
0
0
0
0
-4.2601
0
0
0
0
0
0
0
0
-1.3819
-1.3725
-1.3645
-1.3606
-1.3757
-1.3778
-1.3687
-1.3683
0
0
0
0
0
0
0
0
0
0
0
0
0
0
0
0
0
0
0
0
0
0
0
0
0
0
0
0
0
0
0
0
0
0
0
0
0
0
0
0
0
0
0
0
0
0
0
0
0
0
0
0
0
0
0
0
0
0
0
0
13.7563
0
0
0
0
0
0
0
0
0
0
0
0
0
0
0
0
0
0
0
0
0
0
0
0
0
0
0
0
-2.7862
0
0
0
0
0
0
0
0
0
0
0
0
0
0
0
0
0
0
0
0
0
0
0
0
0
0
0
-1.8492
0
0
0
-1.8545
0
0
0
0
0
0
0
0
0
0
0
0
0
0
0
0
0
0
0
0
0
0
0
0
0
0
0
0
0
0
0
0
0
0
0
-1.7998
0
0
0
0
0
0
0
0
0
0
0
0
0
0
0
0
0
0
0
0
0
0
0
0
0
0
0
0
12.1708
0
0
0
0
0
0
0
0
0
0
0
0
0
-2.4397
0
0
0
0
0
0
0
0
0
0
0
0
0
0
0
0
0
0
0
0
0
0
0
0
0
0
0
0
0
0
0
0
0
0
0
0
0
0
0
-4.2276
0
0
0
0
0
0
0
0
0
0
0
0
0
0
0
0
0
0
0
0
0
0
0
0
0
0
0
0
0
0
0
0
0
0
0
0
0
0
0
0
0
0
0
0
0
0
0
0
-2.1341
0
0
0
0
0
0
0
0
0
0
-2.0971
0
0
0
0
0
0
0
0
0
0
0
15.5641
0
0
0
0
0
0
0
0
0
0
0
-3.3289
0
0
0
0
0
0
0
0
0
0
0
0
0
0
0
0
0
0
0
0
0
0
0
0
0
0
0
0
0
0
0
0
-4.002
0
0
0
0
0
-4.002
0
0
0
-2.2318
-2.2196
-2.219
0
-2.2323
0
-2.223
0
0
0
0
0
0
0
0
0
0
0
0
0
0
0
0
0
0
0
0
0
0
0
0
0
0
0
0
0
0
0
0
0
0
0
0
0
0
0
0
0
0
0
0
0
0
0
0
0
0
0
0
0
0
0
0
0
0
0
0
0
0
0
0
11.1256
0
0
0
0
0
0
0
0
0
0
0
0
0
0
0
0
0
0
0
0
0
0
0
0
0
0
0
0
0
0
0
0
0
0
0
0
0
0
0
0
0
0
0
0
0
0
0
0
0
0
0
0
0
0
0
0
0
0
0
0
0
0
0
0
0
0
0
0
0
0
0
0
0
0
0
0
0
0
0
0
0
0
-2.7299
0
0
0
0
0
0
0
0
0
0
0
0
0
0
0
0
0
0
0
0
0
0
0
0
0
0
0
0
0
0
0
0
0
0
0
0
0
0
0
0
0
0
12.9339
0
-3.1286
0
0
0
0
0
0
0
-3.1717
0
0
0
0
0
0
0
0
0
0
0
0
0
-3.9037
0
0
0
0
0
0
0
0
0
0
0
0
0
0
0
0
0
0
0
0
0
0
0
0
0
0
0
0
0
-2.7845
0
0
0
0
0
0
0
0
0
0
0
0
0
0
0
0
0
0
0
0
0
0
0
0
0
0
0
0
0
-2.6832
0
0
0
0
0
0
0
0
0
0
0
0
0
0
0
0
0
0
0
0
0
0
0
0
0
0
0
0
0
0
0
0
0
0
0
0
0
0
0
0
0
8.9
0
0
0
0
0
-2.8584
0
0
0
0
0
0
0
0
0
0
0
0
0
0
0
0
0
0
0
0
0
0
0
0
0
0
0
0
0
0
0
0
0
0
0
0
0
0
0
-0.57388
0
0
0
0
0
0
0
0
0
0
0
0
0
0
0
0
0
0
0
0
0
0
0
0
0
0
0
0
0
0
0
0
-2.5514
0
0
0
0
0
0
0
0
0
0
0
0
0
0
0
0
0
0
-2.5184
0
0
0
0
0
0
0
0
0
0
0
0
0
0
0
0
0
0
0
0
0
0
0
0
0
-3.1286
0
11.0516
0
0
0
0
0
0
0
0
0
-2.8533
0
0
0
0
0
0
0
0
0
0
0
0
0
0
0
0
0
0
0
0
0
0
0
0
0
0
0
0
0
0
0
0
0
0
0
0
0
0
0
0
-2.3745
0
0
0
0
0
0
0
0
0
0
0
0
0
0
0
0
0
0
0
0
0
0
0
0
0
0
0
0
0
0
0
0
0
0
0
0
0
0
0
0
0
0
-2.2992
0
0
0
0
0
0
0
0
0
0
0
0
0
0
0
0
0
0
0
0
0
0
0
0
0
0
0
0
0
0
0
11.185
0
0
0
0
0
0
0
0
0
0
0
0
0
0
0
0
0
0
0
-2.8564
0
0
0
0
0
0
0
0
0
0
0
0
0
0
0
0
0
0
0
0
0
0
0
0
0
0
0
0
-3.6548
0
0
0
0
0
0
0
0
0
0
0
0
0
0
0
0
0
0
0
0
0
0
0
0
0
0
-2.7992
0
0
0
0
0
0
0
-2.7813
0
0
0
0
0
0
0
0
0
0
0
0
0
-2.7311
0
0
0
0
0
0
0
0
0
0
0
0
0
0
0
0
0
0
0
0
0
0
0
0
0
0
0
9.7766
0
0
0
0
0
0
0
0
0
0
0
0
0
0
0
0
0
0
0
0
0
0
0
0
0
0
0
0
0
0
0
-1.465
0
0
0
0
0
0
0
0
0
0
0
0
0
0
0
0
0
0
0
-1.9106
0
0
0
0
0
0
0
0
0
0
0
0
0
0
0
0
0
0
0
0
0
0
0
0
0
0
0
0
0
0
0
0
0
0
-1.8865
0
0
0
0
0
0
0
0
0
0
0
0
0
0
0
0
-1.9105
0
0
0
0
0
0
0
0
0
0
0
0
0
0
0
0
0
0
0
0
0
8.971
0
0
0
0
0
0
0
0
0
0
0
0
0
0
0
-3.2633
0
0
0
0
0
0
0
0
0
0
0
0
0
0
0
0
0
0
0
0
0
0
0
0
0
0
0
0
0
0
0
0
0
0
0
0
0
0
0
0
0
0
0
0
0
0
0
0
0
0
0
0
0
-3.0062
0
0
0
0
0
0
0
0
0
0
0
-2.9901
0
0
0
0
0
0
0
0
0
0
0
0
0
0
0
0
0
0
0
0
0
0
0
0
0
0
0
0
0
0
0
0
0
0
0
0
0
0
0
0
0
0
0
12.2378
0
0
0
0
0
0
0
-3.1287
0
0
0
0
0
0
0
-3.1128
0
0
0
0
0
0
0
0
0
0
0
0
0
0
0
0
0
0
0
0
0
0
0
0
0
0
0
0
0
0
0
0
0
0
0
0
0
0
0
0
0
0
0
0
0
0
0
0
0
0
0
0
0
-1.6193
0
0
0
0
0
0
0
0
0
0
0
0
0
0
0
0
0
0
0
0
0
0
0
0
0
0
0
0
0
0
0
0
0
0
0
0
0
0
0
0
0
0
0
0
0
0
0
0
0
-2.8584
0
0
0
0
0
10.6576
-2.4047
0
0
0
0
0
0
0
0
0
0
0
0
0
0
0
0
0
0
0
0
0
0
0
0
0
0
0
0
0
0
0
-3.7753
0
0
0
0
0
0
0
0
0
0
0
0
0
0
0
0
0
0
0
0
0
0
0
0
0
0
0
0
0
0
0
0
0
-2.7112
0
0
0
0
0
0
0
0
0
0
0
0
0
0
0
-2.6549
0
0
0
0
0
0
0
0
0
0
0
0
0
0
0
0
0
0
0
0
0
0
0
0
0
0
0
0
-2.3459
0
0
0
0
0
0
0
0
0
0
0
0
-2.4047
10.1168
0
0
0
0
0
0
0
0
0
0
0
0
0
0
0
0
0
0
0
0
0
0
0
0
0
0
0
0
0
0
0
0
0
0
0
0
0
0
0
0
0
0
0
0
0
0
0
0
0
0
0
0
0
0
-3.2386
0
0
0
0
0
0
0
0
0
0
-3.2156
0
0
0
0
0
0
0
0
0
0
0
0
0
0
0
0
0
0
0
0
0
0
0
0
0
0
0
0
0
0
0
0
0
0
0
0
0
0
0
0
0
0
0
0
0
0
0
0
0
0
0
0
0
0
0
0
0
0
0
10.834
0
0
0
0
0
0
0
0
0
0
0
0
0
0
0
0
0
0
-4.3798
0
0
0
0
0
0
0
0
0
0
0
0
0
0
0
0
0
0
0
0
0
0
0
0
0
0
0
0
0
0
0
0
0
0
0
0
0
0
0
0
0
0
0
0
0
0
0
0
0
0
0
0
0
0
0
0
0
0
0
0
0
0
0
0
0
0
0
0
0
0
0
0
0
0
0
0
0
0
-3.5216
0
0
0
0
0
0
0
0
0
0
0
0
0
0
0
-3.3289
0
-3.1717
0
0
0
0
0
0
0
0
0
10.0222
0
0
0
0
0
0
0
0
0
0
0
0
0
0
0
0
0
0
0
0
0
0
0
0
0
0
0
0
0
0
0
0
0
0
0
0
0
0
0
0
0
0
0
0
0
0
0
0
0
0
0
0
0
0
0
0
0
0
0
0
0
0
0
0
0
0
0
0
0
0
0
0
0
0
0
0
0
0
0
0
0
0
0
0
0
0
0
0
0
0
0
0
0
0
0
0
-0.59898
0
0
0
0
0
0
0
0
0
0
0
0
0
0
-2.4397
0
0
0
0
0
0
0
0
0
0
0
0
0
7.0335
0
0
0
0
0
0
0
0
0
0
0
0
0
0
0
0
0
0
0
0
0
0
0
0
0
0
0
0
0
0
0
0
0
0
0
0
-3.9948
0
0
0
0
0
0
0
0
0
0
0
0
0
0
0
0
0
0
0
0
0
0
0
0
0
-3.2979
0
0
0
0
0
0
0
0
0
0
0
0
0
0
0
0
-3.2441
0
0
0
0
0
0
0
0
0
0
0
0
0
0
0
0
0
0
0
0
0
0
0
0
0
0
0
0
0
0
0
0
0
0
0
-2.8533
0
0
0
0
0
0
0
0
0
9.3954
0
0
0
0
0
0
0
0
0
0
0
0
0
0
0
0
0
0
0
0
0
0
0
0
0
0
0
0
0
0
0
0
0
0
0
0
0
0
0
0
0
0
0
0
0
0
0
0
0
0
0
-4.7418
0
0
0
0
0
0
0
0
0
0
0
0
0
0
0
0
0
0
0
0
0
0
0
0
0
0
0
0
0
0
0
0
0
0
0
0
0
0
0
0
-4.3956
0
0
0
0
0
0
0
0
0
0
0
0
0
0
0
0
0
0
0
0
0
0
0
0
0
0
0
0
0
0
0
0
9.1375
0
0
0
0
0
0
0
0
0
0
0
0
0
0
0
0
0
0
0
0
0
0
0
0
0
0
0
0
0
0
0
0
0
0
0
0
0
0
0
0
0
0
0
0
0
0
0
0
0
0
0
0
0
0
0
0
0
0
0
0
0
0
0
0
0
0
0
0
0
0
0
0
0
0
0
0
0
0
0
0
0
0
0
0
0
0
0
0
0
0
0
0
0
0
0
0
0
0
0
0
0
0
0
0
0
0
0
0
0
0
0
0
0
0
0
0
0
-3.1287
0
0
0
0
0
0
0
7.3424
0
-4.2137
0
0
0
0
0
0
0
0
0
0
0
0
0
0
0
0
0
0
0
0
0
0
0
0
0
0
0
0
0
0
0
0
0
0
0
0
0
0
0
0
0
0
0
0
0
0
0
0
0
0
0
-4.5556
0
0
0
0
0
0
0
0
0
0
0
0
0
0
0
0
0
0
0
0
0
0
0
0
0
0
0
0
0
0
0
0
0
0
0
0
0
0
0
0
0
-4.4096
0
0
0
0
0
0
0
0
0
0
0
0
0
0
0
0
0
0
0
0
0
0
0
0
0
0
0
0
0
8.9652
0
0
0
0
0
0
0
0
0
0
0
0
0
0
0
0
0
0
0
0
0
0
0
0
0
0
0
0
0
0
0
0
0
0
0
0
0
0
0
0
0
0
0
0
0
0
0
0
0
0
0
0
0
0
0
0
0
0
0
0
0
0
0
0
0
0
0
0
0
0
0
0
0
0
0
0
0
0
0
0
-3.9245
0
0
0
0
0
0
0
0
0
0
0
0
0
0
0
0
0
0
0
0
0
0
0
0
0
0
0
0
0
0
0
0
0
0
0
0
0
0
0
0
0
0
-4.2137
0
8.1382
0
0
0
0
0
0
0
0
0
0
0
0
0
0
0
0
0
0
0
0
0
0
0
0
0
0
0
0
0
0
0
0
0
0
0
0
0
0
0
0
0
0
0
0
0
0
0
0
0
0
0
0
0
0
0
0
0
0
0
0
0
0
0
0
0
0
0
0
0
0
0
0
0
0
0
0
0
0
0
0
0
0
0
0
0
0
0
0
0
0
0
0
-4.3076
0
0
0
0
0
0
0
0
0
0
0
0
0
0
0
0
0
0
0
0
0
0
0
0
0
0
0
0
0
0
0
0
8.1523
0
0
0
0
0
0
-3.8447
0
0
0
0
0
0
0
0
0
0
0
0
0
0
0
0
0
0
0
0
0
0
0
0
0
0
0
0
0
0
0
0
0
-2.8724
0
0
0
0
0
0
0
0
0
0
0
0
0
0
0
0
0
0
0
0
0
0
0
0
0
0
0
0
0
0
0
0
0
0
0
0
0
0
0
0
0
0
0
0
0
0
0
0
0
0
0
0
0
0
0
0
0
0
-2.623
0
0
0
0
0
0
0
0
0
0
0
0
0
0
0
0
0
0
0
0
0
0
0
0
0
5.4954
0
0
0
0
0
0
0
0
0
0
0
0
0
0
0
0
0
0
0
0
0
0
0
0
0
0
0
0
0
0
0
0
0
0
0
0
0
0
0
0
0
0
0
0
0
0
0
0
0
0
0
0
-3.9539
0
0
0
0
0
0
0
0
0
0
0
0
0
0
0
0
0
0
0
0
0
0
0
0
0
0
0
0
0
0
0
0
0
0
0
0
0
0
0
0
0
0
0
0
0
0
0
0
0
0
0
0
0
0
0
0
0
0
0
0
0
0
0
0
0
0
0
0
0
0
0
0
8.1452
0
0
-4.1914
0
0
0
0
0
0
0
0
0
0
0
0
0
0
0
0
0
0
0
0
0
0
0
0
0
0
0
0
0
0
0
0
0
0
0
0
0
0
0
0
0
0
0
0
0
0
0
0
0
0
0
0
0
0
0
0
-3.7197
0
0
0
0
0
0
0
0
0
0
0
0
0
0
0
0
0
0
0
0
0
0
0
0
0
0
0
0
0
0
0
0
0
0
0
0
-3.1525
0
0
0
0
0
0
0
0
0
0
0
0
0
0
0
0
0
0
0
0
0
0
0
0
0
0
0
0
6.8723
0
0
0
0
0
0
0
0
0
0
0
0
0
0
0
0
0
0
0
0
0
0
0
0
0
0
0
0
0
0
0
0
0
0
0
0
0
0
0
0
0
0
0
0
0
0
0
0
0
0
0
0
0
0
0
0
0
0
0
0
0
0
0
0
0
0
0
0
0
0
0
0
0
0
-1.8424
0
0
0
0
0
0
0
0
0
0
0
0
0
0
0
0
0
0
0
0
0
0
0
0
0
0
0
0
0
0
0
0
0
0
-3.2633
0
0
0
0
0
0
0
0
0
0
0
0
0
0
0
5.1057
0
0
0
0
0
0
0
0
0
0
0
0
0
0
0
0
0
0
0
0
0
0
0
0
0
0
0
0
0
0
0
0
0
0
0
0
0
0
0
0
0
0
0
0
0
0
0
0
0
0
0
0
0
0
0
0
0
0
0
0
0
0
0
0
0
0
0
0
0
0
0
0
0
0
0
0
0
0
0
0
0
0
0
0
0
0
0
0
0
0
0
0
0
0
0
0
0
0
0
0
0
0
0
0
0
0
0
0
0
-3.1128
0
0
0
0
0
0
0
0
0
0
0
0
-4.1914
0
0
7.3042
0
0
0
0
0
0
0
0
0
0
0
0
0
0
0
0
0
0
0
0
0
0
0
0
0
0
0
0
0
0
0
0
0
0
0
0
0
0
0
0
0
0
0
0
0
0
0
0
0
0
0
0
0
0
0
0
0
0
-3.1241
0
0
0
0
0
0
0
0
0
0
0
0
0
0
0
0
0
0
0
0
0
0
0
0
0
0
0
0
0
0
0
0
0
0
0
0
0
0
0
0
0
0
0
0
0
0
-2.8564
0
0
0
0
0
0
0
0
0
0
0
0
0
0
0
0
0
0
0
5.9805
0
0
0
0
0
0
0
0
0
0
0
0
0
0
0
0
0
0
0
0
0
0
0
0
0
0
0
0
0
0
0
0
0
0
0
0
0
0
0
0
0
0
0
0
0
0
0
0
0
0
0
0
0
0
0
0
0
0
0
0
0
0
0
0
0
0
0
0
0
0
0
0
0
0
0
0
0
0
0
0
0
0
0
0
0
0
0
0
0
0
0
0
0
0
0
0
0
0
0
0
0
-3.9037
0
0
0
0
0
0
0
0
0
0
0
0
0
0
0
0
-3.8447
0
0
0
0
0
0
7.7485
0
0
0
0
0
0
0
0
0
0
0
0
0
0
0
0
0
0
0
0
0
0
0
0
0
0
0
0
0
0
0
0
0
0
0
0
0
0
0
0
0
0
0
0
0
0
0
0
0
0
0
0
0
0
0
0
0
0
0
0
0
0
0
0
0
0
0
0
0
0
0
0
0
0
0
0
0
0
0
0
-2.7989
0
0
0
0
0
0
0
0
0
0
0
0
0
0
0
-2.7862
0
0
0
0
0
0
0
0
0
0
0
0
0
0
0
0
0
0
0
0
0
0
0
0
0
0
0
0
5.5851
0
0
0
0
0
0
0
0
0
0
0
0
0
0
0
0
0
0
0
0
0
0
0
0
0
0
0
0
0
0
0
0
0
0
0
0
0
0
0
0
0
0
0
0
0
0
0
0
0
0
0
0
0
0
0
0
0
0
0
0
0
-4.2504
0
0
0
0
0
0
0
0
0
0
0
0
0
0
0
0
0
0
0
0
0
0
0
0
-3.712
0
0
0
0
0
0
0
0
0
0
0
0
0
0
0
0
0
0
0
0
0
0
0
0
0
0
0
0
0
0
0
0
0
0
0
0
0
0
7.9624
0
0
0
0
0
0
0
0
0
0
0
0
0
0
0
0
0
0
0
0
0
0
0
0
0
0
0
0
-7.5961
0
0
0
0
0
0
0
0
0
0
0
0
0
0
0
0
0
0
0
0
0
0
0
0
0
0
0
0
0
0
0
0
0
0
0
0
0
0
0
0
0
0
0
0
0
0
0
0
0
0
0
0
0
0
0
0
0
0
0
0
0
0
0
0
0
0
0
0
0
0
0
0
0
0
0
0
0
0
0
0
0
0
0
0
0
0
0
0
0
0
0
0
0
0
0
0
7.5961
0
0
0
0
0
0
0
0
0
0
0
0
0
0
0
0
0
0
0
0
0
0
0
0
0
0
0
0
0
0
0
0
0
0
0
0
0
0
0
0
0
0
0
0
0
0
0
0
0
0
0
0
0
0
0
0
0
0
0
0
0
0
0
0
0
0
0
0
0
0
0
0
0
0
0
0
0
0
0
0
0
0
0
0
0
0
0
0
0
0
0
0
0
0
0
0
0
0
0
0
0
0
0
0
0
0
-4.3798
0
0
0
0
0
0
0
0
0
0
0
0
0
0
0
0
0
0
4.3798
0
0
0
0
0
0
0
0
0
0
0
0
0
0
0
0
0
0
0
0
0
0
0
0
0
0
0
0
0
0
0
0
0
0
0
0
0
0
0
0
0
0
0
0
0
0
0
0
0
0
0
0
0
0
0
0
0
0
0
0
0
0
0
0
0
0
0
0
0
0
0
0
0
0
0
0
0
0
0
0
0
0
-4.2156
0
0
0
0
0
0
0
0
0
0
0
0
0
0
0
0
0
0
0
0
0
0
0
0
0
0
0
0
0
0
0
0
0
0
0
0
0
0
0
0
0
0
4.2156
0
0
0
0
0
0
0
0
0
0
0
0
0
0
0
0
0
0
0
0
0
0
0
0
0
0
0
0
0
0
0
0
0
0
0
0
0
0
0
0
0
0
0
0
0
0
0
0
0
0
0
0
0
0
0
0
0
0
0
0
0
0
0
0
0
0
0
0
0
0
0
0
0
0
0
0
0
0
-5.2826
0
0
0
0
0
0
0
0
0
0
0
0
0
0
0
0
0
0
0
0
0
0
0
0
0
0
0
0
0
0
0
0
0
0
0
0
0
0
0
0
0
0
0
0
0
0
5.2826
0
0
0
0
0
0
0
0
0
0
0
0
0
0
0
0
0
0
0
0
0
0
0
0
0
0
0
0
0
0
0
0
0
0
0
0
0
0
0
0
0
0
0
0
0
0
-6.507
0
0
0
0
0
0
0
0
0
0
0
0
0
0
0
0
0
0
0
0
0
0
0
0
0
0
0
0
0
0
0
0
0
0
0
0
0
0
0
0
0
0
0
0
0
0
0
0
0
0
0
0
0
0
0
0
0
0
0
0
0
0
0
0
0
0
0
0
0
0
0
0
0
0
0
0
0
0
6.507
0
0
0
0
0
0
0
0
0
0
0
0
0
0
0
0
0
0
0
0
0
0
0
0
0
0
0
0
0
0
0
0
0
0
0
-7.095
0
0
0
0
0
0
0
0
0
0
0
0
0
0
0
0
0
0
0
0
0
0
0
0
0
0
0
0
0
0
0
0
0
0
0
0
0
0
0
0
0
0
0
0
0
0
0
0
0
0
0
0
0
0
0
0
0
0
0
0
0
0
0
0
0
0
0
0
0
0
0
0
0
0
0
0
0
0
0
0
0
0
0
0
0
0
0
0
0
7.095
0
0
0
0
0
0
0
0
0
0
0
0
0
0
0
0
0
0
0
0
0
0
0
0
0
0
0
0
0
0
0
0
0
0
0
0
0
0
0
0
0
0
0
0
0
0
0
0
0
0
0
0
0
0
0
0
0
0
0
0
0
0
0
0
0
0
0
0
0
0
0
0
0
0
0
0
0
-4.8885
0
0
0
0
0
0
0
0
0
0
0
0
0
0
0
0
0
0
0
0
0
0
0
0
0
0
0
0
0
0
0
0
0
0
0
0
0
0
0
0
0
0
0
0
0
0
0
4.8885
0
0
0
0
0
0
0
0
0
0
0
0
0
0
0
0
0
0
0
0
-8.2364
0
0
0
0
0
0
0
0
0
0
0
0
0
0
0
0
0
0
0
0
0
0
0
0
0
0
0
0
0
0
0
0
0
0
0
0
0
0
0
0
0
0
0
0
0
0
0
0
0
0
0
0
0
0
0
0
0
0
0
0
0
0
0
0
0
0
0
0
0
0
0
0
0
0
0
0
0
0
0
0
0
0
0
0
0
0
0
0
0
0
0
0
0
0
0
0
0
0
0
0
0
0
0
0
8.2364
0
0
0
0
0
0
0
0
0
0
0
0
0
0
0
0
0
0
0
0
0
0
0
0
0
0
0
0
0
0
0
0
0
0
0
0
0
0
0
0
0
0
0
0
0
0
0
-5.9672
0
0
0
0
0
0
0
0
0
0
0
0
0
0
0
0
0
0
0
0
0
0
0
0
0
0
0
0
0
0
0
0
0
0
0
0
0
0
0
0
0
0
0
0
0
0
0
0
0
0
0
0
0
0
0
0
0
0
0
0
0
0
0
0
0
0
0
0
0
0
0
0
0
0
0
0
0
5.9672
0
0
0
0
0
0
0
0
0
0
0
0
0
0
0
0
0
0
0
0
0
0
0
0
0
0
0
0
0
0
0
0
0
0
0
0
0
0
0
0
0
0
0
0
0
0
0
0
0
0
0
0
0
0
0
0
0
0
0
0
0
0
0
0
0
0
0
0
0
0
0
0
0
0
0
0
0
0
0
0
0
0
0
0
0
0
0
0
0
0
0
0
0
-1.465
0
0
0
0
0
0
0
0
0
0
0
0
0
0
0
0
0
0
0
0
0
0
0
0
0
0
0
0
0
0
0
1.465
0
0
0
0
0
0
0
0
0
0
0
0
0
0
0
0
0
0
0
0
0
0
0
0
0
0
0
0
0
0
0
0
0
0
0
0
0
0
0
0
0
0
0
0
0
0
0
0
0
0
0
0
0
0
0
0
0
0
0
0
0
0
0
0
0
0
0
-5.1325
0
0
0
0
0
0
0
0
0
0
0
0
0
0
0
0
0
0
0
0
0
0
0
0
0
0
0
0
0
0
0
0
0
0
0
0
0
0
0
0
0
0
0
0
0
0
0
0
0
0
0
0
0
0
0
0
0
5.1325
0
0
0
0
0
0
0
0
0
0
0
0
0
0
0
0
0
0
0
0
0
0
0
0
0
0
0
0
0
0
0
0
0
0
0
0
0
0
0
0
0
0
0
0
0
0
0
0
0
0
0
0
0
0
0
0
0
0
0
0
0
0
0
0
0
0
0
0
0
0
0
0
-4.8885
0
0
0
0
0
0
0
0
0
0
0
0
0
0
0
0
0
0
0
0
0
0
0
0
0
0
0
0
0
0
0
0
0
0
0
0
0
0
0
0
0
0
0
0
0
0
0
0
0
0
0
0
4.8885
0
0
0
0
0
0
0
0
0
0
0
0
0
0
0
0
0
0
0
0
0
0
0
0
0
0
0
0
0
0
0
0
0
0
0
0
0
0
0
-6.5061
0
0
0
0
0
0
0
0
0
0
0
0
0
0
0
0
0
0
0
0
0
0
0
0
0
0
0
0
0
0
0
0
0
0
0
0
0
0
0
0
0
0
0
0
0
0
0
0
0
0
0
0
0
0
0
0
0
0
0
0
0
0
0
0
0
0
0
0
0
0
0
0
0
0
0
0
0
0
0
0
0
0
0
0
0
6.5061
0
0
0
0
0
0
0
0
0
0
0
0
0
0
0
0
0
0
0
0
0
0
0
0
0
0
0
0
0
0
0
0
0
0
0
0
0
0
0
0
0
0
0
0
0
0
0
0
0
0
0
0
0
0
0
0
0
0
0
0
0
0
0
0
0
0
0
0
0
0
0
0
0
0
0
0
0
0
0
0
0
0
0
0
0
0
0
0
0
0
0
0
-3.7753
0
0
0
0
0
0
0
0
0
0
0
0
0
0
0
0
0
0
0
0
0
0
0
0
0
0
0
0
0
0
0
0
3.7753
0
0
0
0
0
0
0
0
0
0
0
0
0
0
0
0
0
0
0
0
0
0
0
0
0
0
0
0
0
0
0
0
0
0
0
0
0
0
0
0
0
0
0
0
0
0
0
0
0
0
0
0
0
0
0
0
0
0
0
0
0
0
0
0
0
0
0
-5.2826
0
0
0
0
0
0
0
0
0
0
0
0
0
0
0
0
0
0
0
0
0
0
0
0
0
0
0
0
0
0
0
0
0
0
0
0
0
0
0
0
0
0
0
0
0
0
0
0
0
0
0
0
0
0
0
0
0
5.2826
0
0
0
0
0
0
0
0
0
0
0
-8.181
0
0
0
0
0
0
0
0
0
0
0
0
0
0
0
0
0
0
0
0
0
0
0
0
0
0
0
0
0
0
0
0
0
0
0
0
0
0
0
0
0
0
0
0
0
0
0
0
0
0
0
0
0
0
0
0
0
0
0
0
0
0
0
0
0
0
0
0
0
0
0
0
0
0
0
0
0
0
0
0
0
0
0
0
0
0
0
0
0
0
0
0
0
0
0
0
0
0
0
0
0
0
0
0
0
0
0
0
0
0
0
0
0
8.181
0
0
0
0
0
0
0
0
0
0
0
0
0
0
0
0
0
0
0
0
0
0
0
0
0
0
0
0
0
0
0
0
0
0
0
0
0
0
0
0
0
0
0
0
0
0
0
0
0
0
0
0
0
0
0
0
0
0
0
0
0
0
0
0
0
0
0
0
0
0
0
0
0
0
0
0
0
0
0
0
-4.002
0
0
0
0
0
0
0
0
0
0
0
0
0
0
0
0
0
0
0
0
0
0
0
0
0
0
0
0
0
0
0
0
0
0
0
0
0
0
0
0
0
0
0
0
4.002
0
0
0
0
0
0
0
0
0
0
0
0
0
0
0
0
0
0
0
0
0
0
0
0
0
0
0
0
0
0
0
0
0
0
0
0
0
0
0
0
0
0
0
0
0
0
0
0
0
0
0
0
0
0
0
0
0
0
0
0
0
0
0
0
0
0
0
0
0
0
0
0
0
0
0
0
-4.2601
0
0
0
0
0
0
0
0
0
0
0
0
0
0
0
0
0
0
0
0
0
0
0
0
0
0
0
0
0
0
0
0
0
0
0
0
0
0
0
0
0
0
0
0
0
0
0
0
4.2601
0
0
0
0
0
0
0
0
0
0
0
0
0
0
0
0
0
0
0
0
0
0
0
0
0
0
0
0
0
0
0
0
0
0
0
0
0
0
0
0
0
0
0
0
0
0
0
0
0
0
0
0
0
0
0
0
0
0
0
0
0
0
0
0
-4.9271
0
0
0
0
0
0
0
0
0
0
0
0
0
0
0
0
0
0
0
0
0
0
0
0
0
0
0
0
0
0
0
0
0
0
0
0
0
0
0
0
0
0
0
0
0
0
0
0
0
0
0
0
0
0
0
0
0
0
0
0
4.9271
0
0
0
0
0
0
0
0
0
0
-7.7385
0
0
0
0
0
0
0
0
0
0
0
0
0
0
0
0
0
0
0
0
0
0
0
0
0
0
0
0
0
0
0
0
0
0
0
0
0
0
0
0
0
0
0
0
0
0
0
0
0
0
0
0
0
0
0
0
0
0
0
0
0
0
0
0
0
0
0
0
0
0
0
0
0
0
0
0
0
0
0
0
0
0
0
0
0
0
0
0
0
0
0
0
0
0
0
0
0
0
0
0
0
0
0
0
0
0
0
0
0
0
0
0
0
0
7.7385
0
0
0
0
0
0
0
0
0
0
0
0
0
0
0
0
0
0
0
0
0
0
0
0
0
0
0
0
0
0
0
0
0
0
0
0
0
0
0
0
0
0
0
0
0
0
0
0
0
0
0
0
0
0
0
0
0
0
0
0
0
0
0
0
0
0
0
0
0
0
0
0
0
0
0
0
0
0
0
-0.57388
0
0
0
0
0
0
0
0
0
0
0
0
0
0
0
0
0
0
0
0
0
0
0
0
0
0
0
0
0
0
0
0
0
0
0
0
0
0
0
0
0
0
0
0
0
0.57388
0
0
0
0
0
0
0
0
0
0
0
0
0
0
0
0
0
0
0
0
0
0
0
0
0
0
0
0
0
0
0
0
0
0
0
0
0
0
0
0
0
0
0
0
0
0
0
0
0
0
0
0
0
0
0
0
0
0
0
0
0
0
0
0
0
0
0
0
0
0
0
0
0
0
0
0
0
0
0
0
0
0
0
0
0
0
0
0
-3.9948
0
0
0
0
0
0
0
0
0
0
0
0
0
0
0
0
0
0
0
0
0
0
0
0
0
0
0
0
0
0
0
0
0
0
0
0
3.9948
0
0
0
0
0
0
0
0
0
0
0
0
0
0
0
0
0
0
0
0
0
0
0
0
0
0
0
0
0
0
0
0
0
0
0
0
0
0
0
0
0
0
0
0
0
0
0
0
0
0
0
0
0
0
0
0
0
0
0
0
0
0
0
0
0
0
0
0
0
0
0
0
0
0
-4.002
0
0
0
0
0
0
0
0
0
0
0
0
0
0
0
0
0
0
0
0
0
0
0
0
0
0
0
0
0
0
0
0
0
0
0
0
0
0
0
0
0
0
0
0
0
0
0
0
0
0
4.002
0
0
0
0
0
0
0
0
0
0
0
0
0
0
0
0
0
0
0
0
-7.0949
0
0
0
0
0
0
0
0
0
0
0
0
0
0
0
0
0
0
0
0
0
0
0
0
0
0
0
0
0
0
0
0
0
0
0
0
0
0
0
0
0
0
0
0
0
0
0
0
0
0
0
0
0
0
0
0
0
0
0
0
0
0
0
0
0
0
0
0
0
0
0
0
0
0
0
0
0
0
0
0
0
0
0
0
0
0
0
0
0
0
0
0
0
0
0
0
0
0
0
0
0
0
0
0
7.0949
0
0
0
0
0
0
0
0
0
0
0
0
0
0
0
0
0
0
0
0
0
0
0
0
0
0
0
0
0
0
0
0
0
0
0
0
0
0
0
0
0
0
0
0
0
0
0
0
0
0
0
0
0
0
0
0
0
0
0
0
0
0
0
0
0
0
0
0
0
0
0
-4.2276
0
0
0
0
0
0
0
0
0
0
0
0
0
0
0
0
0
0
0
0
0
0
0
0
0
0
0
0
0
0
0
0
0
0
0
0
0
0
0
0
0
0
0
0
0
0
0
0
0
0
0
0
0
4.2276
0
0
0
0
0
0
0
0
0
0
0
0
0
0
0
0
0
0
0
0
0
0
0
0
0
0
0
0
0
0
0
0
0
0
0
0
0
0
0
0
0
0
0
0
0
0
0
0
0
0
0
0
0
0
0
0
0
0
0
0
0
0
0
0
0
0
0
0
0
0
0
0
0
0
0
0
-3.6548
0
0
0
0
0
0
0
0
0
0
0
0
0
0
0
0
0
0
0
0
0
0
0
0
0
0
0
0
0
0
0
0
0
0
0
0
0
0
0
0
0
0
0
0
0
0
0
0
3.6548
