76.9986
-0.90419
-0.8925
-0.89244
-0.89072
-0.89529
-0.88271
-0.88627
-0.88092
-0.878
-0.88244
-0.89823
-0.85475
-0.85471
-0.91594
-0.8981
-0.85858
-0.91593
-0.88026
-0.86765
-0.86765
-0.87706
-0.87149
-0.85885
-0.88455
-0.88448
-0.87008
-0.85212
-0.85685
-0.86198
-0.86543
-0.85487
-0.86544
-0.85148
-0.86768
-0.85147
-0.85746
-0.8494
-0.8694
-0.87534
-0.86013
-0.84556
-0.84646
-0.86182
-0.84179
-0.8418
-0.85034
-0.84277
-0.85774
-0.82996
-0.8185
-0.864
-0.86102
-0.83768
-0.85917
-0.91359
-0.89229
-0.92732
-0.90032
-0.97196
-1.0392
-0.99904
-1.0615
-1.0331
-1.0837
-1.2895
-1.2216
-1.3738
-1.3919
-1.8968
0
-2.3026
0
0
0
-2.4338
0
0
0
0
0
0
0
0
0
0
0
0
0
0
0
0
0
0
0
0
0
0
0
0
0
0
0
0
0
0
0
0
0
0
0
0
0
0
-8.4251
0
0
0
0
0
0
0
0
0
0
-0.90419
75.0282
-0.88281
-0.88294
-0.88365
-0.88687
-0.87448
-0.87801
-0.8727
-0.8698
-0.87389
-0.88945
-0.84623
-0.84619
-0.90719
-0.88927
-0.85009
-0.90719
-0.87151
-0.8591
-0.85913
-0.87042
-0.8628
-0.85068
-0.87609
-0.87602
-0.86161
-0.84359
-0.84947
-0.85357
-0.85691
-0.84108
-0.85691
-0.84302
-0.85864
-0.84303
-0.84896
-0.84342
-0.86065
-0.86682
-0.85378
-0.83716
-0.83774
-0.857
-0.83341
-0.83342
-0.84187
-0.83456
-0.84939
-0.82157
-0.81005
-0.8551
-0.85206
-0.82912
-0.85045
-0.90378
-0.88324
-0.91797
-0.89197
-0.96184
-1.0301
-0.98994
-1.0522
-1.0239
-1.0738
-1.2798
-1.2311
-1.3618
-1.3808
0
0
-2.289
0
-2.9129
0
0
0
0
0
0
0
0
0
0
0
0
0
0
0
0
0
0
0
0
0
0
0
0
0
0
0
0
0
0
0
0
-8.4491
0
0
0
0
0
0
0
0
0
0
0
0
0
0
0
0
0
0
-0.8925
-0.88281
70.8487
-0.87425
-0.87544
-0.87809
-0.86616
-0.86931
-0.86391
-0.86097
-0.8653
-0.87941
-0.83773
-0.83769
-0.89754
-0.87916
-0.8415
-0.89752
-0.86308
-0.8505
-0.85052
-0.85982
-0.85431
-0.84221
-0.867
-0.86691
-0.85286
-0.83501
-0.84128
-0.84487
-0.84839
-0.83744
-0.8484
-0.83456
-0.84852
-0.83456
-0.84045
-0.83274
-0.85181
-0.85829
-0.84528
-0.82871
-0.82935
-0.84918
-0.82499
-0.82499
-0.83333
-0.82607
-0.841
-0.81315
-0.80165
-0.84649
-0.84139
-0.82069
-0.8422
-0.89501
-0.87466
-0.9078
-0.88338
-0.94863
-1.0215
-0.98145
-1.0437
-1.0146
-1.0652
-1.2719
-1.2051
-1.3528
-1.3735
0
0
-2.2897
0
0
0
0
0
0
0
0
0
0
0
0
0
0
0
0
0
0
0
0
0
0
0
0
0
0
0
-7.7885
0
0
0
0
0
0
0
0
0
0
0
0
0
0
0
0
0
0
0
0
0
0
0
0
0
-0.89244
-0.88294
-0.87425
70.4332
-0.87364
-0.87409
-0.86476
-0.86543
-0.86002
-0.85699
-0.86137
-0.87558
-0.83377
-0.83372
-0.89294
-0.87527
-0.83752
-0.89294
-0.8593
-0.8465
-0.84651
-0.85591
-0.85047
-0.8383
-0.86245
-0.86238
-0.8485
-0.83099
-0.83724
-0.84076
-0.84437
-0.83383
-0.84436
-0.8306
-0.84541
-0.8306
-0.8365
-0.82886
-0.84558
-0.85429
-0.84142
-0.82476
-0.82648
-0.84566
-0.82106
-0.82106
-0.82933
-0.8222
-0.83691
-0.80924
-0.79774
-0.84213
-0.83766
-0.81678
-0.8385
-0.88851
-0.87207
-0.90156
-0.87808
-0.94668
-1.0173
-0.97727
-1.0394
-1.0097
-1.0607
-1.2674
-1.2013
-1.3528
-1.3684
0
0
0
0
0
0
0
0
-1.9654
0
0
0
0
0
0
0
0
0
0
0
0
0
0
0
0
0
0
0
0
0
0
0
0
0
0
0
0
0
0
0
0
0
0
0
0
0
0
0
0
-7.9541
0
0
0
0
0
0
-0.89072
-0.88365
-0.87544
-0.87364
65.3016
-0.88345
-0.86983
-0.87372
-0.8683
-0.86538
-0.86992
-0.87991
-0.84194
-0.84191
-0.90355
-0.8817
-0.84574
-0.90354
-0.86802
-0.85494
-0.85494
-0.86519
-0.85896
-0.84699
-0.87191
-0.87184
-0.8581
-0.83955
-0.84612
-0.85071
-0.8528
-0.84246
-0.8528
-0.8389
-0.85582
-0.83891
-0.84475
-0.83766
-0.85658
-0.86279
-0.84824
-0.83313
-0.83453
-0.85406
-0.82932
-0.82932
-0.83802
-0.83057
-0.84593
-0.81749
-0.8059
-0.85227
-0.8395
-0.82504
-0.84713
-0.90274
-0.88047
-0.91254
-0.8891
-0.95833
-1.0262
-0.98597
-1.0483
-1.0204
-1.0724
-1.2783
-1.2143
-1.3645
-1.3864
-1.9033
0
-2.3049
0
0
0
0
0
0
0
0
0
0
0
0
0
0
0
0
0
0
0
0
0
0
0
0
0
0
0
0
0
0
0
0
0
0
0
0
0
0
0
0
0
0
0
0
0
0
0
0
0
0
0
0
0
-0.89529
-0.88687
-0.87809
-0.87409
-0.88345
64.1217
-0.87302
-0.87443
-0.86902
-0.86613
-0.87072
-0.881
-0.84269
-0.84266
-0.90507
-0.88299
-0.84674
-0.90505
-0.86925
-0.85602
-0.85603
-0.86613
-0.86021
-0.84804
-0.87199
-0.87192
-0.85831
-0.84025
-0.84686
-0.85049
-0.85387
-0.84348
-0.85388
-0.83996
-0.85652
-0.83997
-0.84578
-0.83854
-0.85747
-0.86386
-0.85098
-0.83415
-0.83513
-0.85534
-0.83034
-0.83033
-0.83863
-0.83185
-0.84651
-0.81852
-0.80689
-0.85402
-0.84091
-0.82602
-0.84815
-0.90305
-0.88283
-0.91374
-0.89076
-0.95902
-1.0278
-0.98754
-1.05
-1.0201
-1.0558
-1.2808
-1.2157
-1.3653
-1.389
0
0
0
0
0
0
0
0
0
0
0
0
0
0
0
0
0
0
0
0
0
-2.9664
0
0
0
0
0
0
0
0
0
0
0
0
0
0
0
0
0
0
0
0
0
0
0
0
0
0
0
0
0
0
0
0
0
0
-0.88271
-0.87448
-0.86616
-0.86476
-0.86983
-0.87302
62.762
-0.86471
-0.85913
-0.85617
-0.86057
-0.87022
-0.83273
-0.83269
-0.89661
-0.87224
-0.83648
-0.8966
-0.85875
-0.84569
-0.84571
-0.8557
-0.84974
-0.83781
-0.86258
-0.86251
-0.84875
-0.83035
-0.83691
-0.84158
-0.84352
-0.83321
-0.84352
-0.82965
-0.84652
-0.82966
-0.83544
-0.82842
-0.84715
-0.85345
-0.84057
-0.82386
-0.82515
-0.84487
-0.82006
-0.82007
-0.82879
-0.82145
-0.83667
-0.80826
-0.7967
-0.84299
-0.83011
-0.81573
-0.83753
-0.89311
-0.87121
-0.90316
-0.87992
-0.94861
-1.0163
-0.97614
-1.0383
-1.0106
-1.0624
-1.2682
-1.2042
-1.3533
-1.3761
0
0
-2.2919
0
0
0
0
0
0
0
0
0
0
0
0
0
0
0
0
0
0
0
0
0
0
0
0
0
0
0
0
0
0
0
0
0
0
0
0
0
0
0
0
0
0
0
0
0
0
0
0
0
0
0
0
0
-0.88627
-0.87801
-0.86931
-0.86543
-0.87372
-0.87443
-0.86471
60.5378
-0.85983
-0.85691
-0.86147
-0.87149
-0.83329
-0.83326
-0.89391
-0.87333
-0.83713
-0.89389
-0.85969
-0.84648
-0.84648
-0.85725
-0.85064
-0.83864
-0.86365
-0.86358
-0.8496
-0.83105
-0.83778
-0.8428
-0.84438
-0.83409
-0.84438
-0.83048
-0.84769
-0.83048
-0.83624
-0.82917
-0.84842
-0.85428
-0.84146
-0.82467
-0.82593
-0.84578
-0.82082
-0.82084
-0.82947
-0.82239
-0.83724
-0.80904
-0.79745
-0.84393
-0.83099
-0.81652
-0.83894
-0.89455
-0.873
-0.90439
-0.88111
-0.94963
-1.0173
-0.97714
-1.0393
-1.0115
-1.0635
-1.2693
-1.2048
-1.355
-1.3781
0
0
0
0
0
0
0
0
0
0
0
0
0
0
0
0
0
0
0
0
0
0
0
0
0
0
0
0
0
0
0
0
0
0
0
0
0
0
0
0
0
0
0
0
0
0
0
0
0
0
0
0
0
0
0
0
-0.88092
-0.8727
-0.86391
-0.86002
-0.8683
-0.86902
-0.85913
-0.85983
58.7608
-0.85083
-0.85518
-0.86529
-0.82699
-0.82696
-0.88822
-0.86733
-0.83094
-0.88819
-0.85356
-0.8404
-0.84041
-0.85237
-0.84461
-0.83254
-0.85769
-0.85761
-0.84352
-0.82497
-0.8317
-0.83712
-0.83832
-0.82806
-0.83833
-0.82445
-0.84186
-0.82445
-0.83014
-0.82309
-0.84233
-0.84811
-0.83533
-0.81858
-0.81989
-0.83962
-0.81475
-0.81475
-0.82338
-0.81629
-0.83105
-0.80296
-0.79141
-0.83775
-0.82554
-0.81046
-0.83284
-0.88851
-0.86684
-0.89805
-0.87486
-0.94335
-1.0109
-0.97076
-1.0328
-1.0052
-1.0569
-1.2624
-1.1979
-1.3483
0
0
0
0
0
0
0
0
0
0
0
0
0
0
0
0
0
0
0
0
0
0
0
0
0
0
0
0
0
0
0
0
0
0
0
0
0
0
0
0
0
0
0
0
0
0
0
0
0
0
0
0
0
0
0
0
0
-0.878
-0.8698
-0.86097
-0.85699
-0.86538
-0.86613
-0.85617
-0.85691
-0.85083
57.1884
-0.85191
-0.86154
-0.82296
-0.82291
-0.88447
-0.86376
-0.82725
-0.88446
-0.8502
-0.83691
-0.83691
-0.84853
-0.84106
-0.82903
-0.85458
-0.85452
-0.84014
-0.82141
-0.82818
-0.83436
-0.83485
-0.82457
-0.83486
-0.82098
-0.83871
-0.82097
-0.82663
-0.81957
-0.83867
-0.84457
-0.83181
-0.8151
-0.81623
-0.83599
-0.81125
-0.81125
-0.81983
-0.81285
-0.82753
-0.79949
-0.78791
-0.83433
-0.822
-0.80698
-0.82929
-0.88484
-0.86313
-0.89484
-0.87159
-0.93981
-1.0073
-0.96727
-1.0293
-1.0017
-1.0533
-1.259
-1.1938
0
0
0
0
0
0
0
0
0
0
0
0
0
0
0
0
0
0
0
0
0
0
0
0
0
0
0
0
0
0
0
0
0
0
0
0
0
0
0
0
0
0
0
0
0
0
0
0
0
0
0
0
0
0
0
0
0
0
-0.88244
-0.87389
-0.8653
-0.86137
-0.86992
-0.87072
-0.86057
-0.86147
-0.85518
-0.85191
59.5942
-0.86579
-0.82763
-0.8276
-0.88831
-0.86742
-0.83156
-0.88829
-0.85363
-0.84096
-0.84098
-0.84236
-0.84478
-0.83315
-0.858
-0.85793
-0.84401
-0.82523
-0.83211
-0.8373
-0.83885
-0.8285
-0.83885
-0.82495
-0.84194
-0.82497
-0.83067
-0.82402
-0.84275
-0.84863
-0.83582
-0.81909
-0.82057
-0.83948
-0.81527
-0.81527
-0.82356
-0.81667
-0.83156
-0.80349
-0.79194
-0.83833
-0.82633
-0.81099
-0.83313
-0.88951
-0.86705
-0.89895
-0.87528
-0.94419
-1.0117
-0.97167
-1.0338
-1.0062
-1.0582
-1.2634
0
0
0
0
0
0
0
0
0
0
0
0
0
0
0
-3.3487
0
0
0
0
0
0
0
0
0
0
0
0
0
0
0
0
0
0
0
0
0
0
0
0
0
0
0
0
0
0
0
0
0
0
0
0
0
0
0
0
0
0
0
-0.89823
-0.88945
-0.87941
-0.87558
-0.87991
-0.881
-0.87022
-0.87149
-0.86529
-0.86154
-0.86579
60.4954
-0.83763
-0.83761
-0.89918
-0.87804
-0.84046
-0.89916
-0.86316
-0.84979
-0.84979
-0.86193
-0.8541
-0.84229
-0.86885
-0.86877
-0.85244
-0.83483
-0.84125
-0.84765
-0.84746
-0.83885
-0.84747
-0.83345
-0.85195
-0.83345
-0.83899
-0.83312
-0.85349
-0.85818
-0.84535
-0.82856
-0.82962
-0.84994
-0.82461
-0.8246
-0.83409
-0.82634
-0.83917
-0.81291
-0.80132
-0.84905
-0.79105
-0.82022
-0.84242
-0.89977
-0.87768
-0.91167
-0.88634
-0.95934
-1.0211
-0.98086
-1.0432
-1.0197
-1.0689
0
0
0
0
0
0
0
0
0
0
0
0
0
0
0
0
0
0
0
0
-4.9064
0
0
0
0
0
0
0
0
0
0
0
0
0
0
0
0
0
0
0
0
0
0
0
0
0
0
0
0
0
0
0
0
0
0
0
0
0
0
0
-0.85475
-0.84623
-0.83773
-0.83377
-0.84194
-0.84269
-0.83273
-0.83329
-0.82699
-0.82296
-0.82763
-0.83763
54.4519
-0.79017
-0.86042
-0.83979
-0.80386
-0.86041
-0.82551
-0.81355
-0.81356
-0.8267
-0.81732
-0.80571
-0.83168
-0.8316
-0.81519
-0.79771
-0.80441
-0.81235
-0.81127
-0.80071
-0.81127
-0.7974
-0.8142
-0.7974
-0.80283
-0.79629
-0.81428
-0.8205
-0.80779
-0.79137
-0.79239
-0.81162
-0.78752
-0.78753
-0.79586
-0.789
-0.80352
-0.77582
-0.76438
-0.81012
-0.79794
-0.78325
-0.80512
-0.85964
-0.83848
-0.86975
-0.84716
-0.91483
-0.98211
-0.94234
-1.0039
-0.9763
-1.0277
-1.2321
0
0
0
0
0
0
0
0
0
0
0
0
0
0
0
0
0
0
0
0
0
0
0
0
0
0
0
0
0
0
0
0
0
0
0
0
0
0
0
0
0
0
0
0
0
0
0
0
0
0
0
0
0
0
0
0
0
0
0
-0.85471
-0.84619
-0.83769
-0.83372
-0.84191
-0.84266
-0.83269
-0.83326
-0.82696
-0.82291
-0.8276
-0.83761
-0.79017
54.4495
-0.8604
-0.83976
-0.80383
-0.86038
-0.82547
-0.81351
-0.81352
-0.82667
-0.81728
-0.80568
-0.83164
-0.83157
-0.81516
-0.79767
-0.80437
-0.81232
-0.81123
-0.80068
-0.81124
-0.79736
-0.81415
-0.79737
-0.80279
-0.79625
-0.81423
-0.82046
-0.80774
-0.79133
-0.79235
-0.81156
-0.78749
-0.78748
-0.79581
-0.78898
-0.80348
-0.77579
-0.76434
-0.81008
-0.7979
-0.78322
-0.80507
-0.8596
-0.83844
-0.86971
-0.84712
-0.91479
-0.98206
-0.9423
-1.0039
-0.97625
-1.0276
-1.232
0
0
0
0
0
0
0
0
0
0
0
0
0
0
0
0
0
0
0
0
0
0
0
0
0
0
0
0
0
0
0
0
0
0
0
0
0
0
0
0
0
0
0
0
0
0
0
0
0
0
0
0
0
0
0
0
0
0
0
-0.91594
-0.90719
-0.89754
-0.89294
-0.90355
-0.90507
-0.89661
-0.89391
-0.88822
-0.88447
-0.88831
-0.89918
-0.86042
-0.8604
62.1532
-0.89949
-0.86289
-0.9253
-0.88467
-0.87192
-0.87193
-0.88264
-0.87583
-0.86389
-0.88952
-0.88945
-0.87488
-0.85614
-0.86259
-0.86697
-0.86968
-0.85923
-0.86969
-0.85565
-0.87231
-0.85565
-0.86149
-0.85503
-0.87357
-0.87959
-0.86663
-0.84975
-0.85033
-0.8704
-0.84587
-0.84586
-0.85454
-0.84741
-0.862
-0.83403
-0.82233
-0.86779
-0.85974
-0.84156
-0.86367
-0.91722
-0.89655
-0.92871
-0.90547
-0.97624
-1.0439
-1.0035
-1.0661
0
0
0
0
0
0
0
0
0
0
0
0
0
0
0
0
0
0
0
0
0
0
0
0
0
0
0
0
0
0
0
0
0
0
0
0
0
0
0
0
0
-7.3099
0
0
0
0
0
0
0
0
0
0
0
0
0
0
0
0
0
0
0
0
-0.8981
-0.88927
-0.87916
-0.87527
-0.8817
-0.88299
-0.87224
-0.87333
-0.86733
-0.86376
-0.86742
-0.87804
-0.83979
-0.83976
-0.89949
58.3089
-0.84176
-0.89947
-0.86442
-0.85112
-0.85113
-0.867
-0.85548
-0.84355
-0.8707
-0.87064
-0.85552
-0.83596
-0.84254
-0.8504
-0.84893
-0.84042
-0.84893
-0.83579
-0.85407
-0.83579
-0.84156
-0.83472
-0.85423
-0.85958
-0.84675
-0.82978
-0.83066
-0.85111
-0.82597
-0.82597
-0.83516
-0.82657
-0.84118
-0.81423
-0.80257
-0.84961
-0.83919
-0.82161
-0.84364
-0.90001
-0.87826
-0.87306
-0.8868
-0.95861
-1.023
-0.98272
-1.0451
0
0
0
0
0
0
0
0
0
0
0
0
0
0
0
0
0
0
0
0
0
0
0
0
-4.716
0
0
0
0
0
0
0
0
0
0
0
0
0
0
0
0
0
0
0
0
0
0
0
0
0
0
0
0
0
0
0
0
0
0
0
0
0
-0.85858
-0.85009
-0.8415
-0.83752
-0.84574
-0.84674
-0.83648
-0.83713
-0.83094
-0.82725
-0.83156
-0.84046
-0.80386
-0.80383
-0.86289
-0.84176
52.3971
-0.86286
-0.82818
-0.81844
-0.81846
-0.82666
-0.8217
-0.80924
-0.83147
-0.83139
-0.81686
-0.8011
-0.80809
-0.80823
-0.81481
-0.80415
-0.81481
-0.80074
-0.81422
-0.80073
-0.80612
-0.79976
-0.81805
-0.8239
-0.81128
-0.79468
-0.79583
-0.81549
-0.79079
-0.79079
-0.79932
-0.79254
-0.80688
-0.77905
-0.76757
-0.8138
-0.80172
-0.78657
-0.8085
-0.86393
-0.84245
-0.87347
-0.85055
-0.91784
-0.98534
-0.94548
-1.0072
-0.97972
0
0
0
0
0
0
0
0
0
0
0
0
0
0
0
0
0
0
0
0
0
0
0
0
0
0
0
0
0
0
0
0
0
0
0
0
0
0
0
0
0
0
0
0
0
0
0
0
0
0
0
0
0
0
0
0
0
0
0
0
0
-0.91593
-0.90719
-0.89752
-0.89294
-0.90354
-0.90505
-0.8966
-0.89389
-0.88819
-0.88446
-0.88829
-0.89916
-0.86041
-0.86038
-0.9253
-0.89947
-0.86286
62.1522
-0.88465
-0.8719
-0.87193
-0.88262
-0.87582
-0.86388
-0.88951
-0.88943
-0.87487
-0.85613
-0.86258
-0.86696
-0.86967
-0.85922
-0.86968
-0.85564
-0.87231
-0.85564
-0.86149
-0.85501
-0.87355
-0.87959
-0.86661
-0.84973
-0.85032
-0.87039
-0.84584
-0.84585
-0.85452
-0.84739
-0.86199
-0.83401
-0.8223
-0.86779
-0.85972
-0.84155
-0.86365
-0.9172
-0.89654
-0.92869
-0.90546
-0.97623
-1.0439
-1.0035
-1.0661
0
0
0
0
0
0
0
0
0
0
0
0
0
0
0
0
0
0
0
0
0
0
0
0
0
0
0
0
0
0
0
0
0
0
0
0
0
0
0
0
0
0
0
0
0
0
0
0
0
0
0
0
0
0
0
0
0
0
0
-7.3098
0
0
-0.88026
-0.87151
-0.86308
-0.8593
-0.86802
-0.86925
-0.85875
-0.85969
-0.85356
-0.8502
-0.85363
-0.86316
-0.82551
-0.82547
-0.88467
-0.86442
-0.82818
-0.88465
56.8236
-0.83777
-0.83779
-0.85009
-0.8398
-0.82963
-0.85561
-0.85553
-0.84103
-0.822
-0.82884
-0.83599
-0.83566
-0.82493
-0.83566
-0.82172
-0.83671
-0.82172
-0.82727
-0.82055
-0.8395
-0.84516
-0.83233
-0.81569
-0.81742
-0.82532
-0.81182
-0.81182
-0.82028
-0.81344
-0.82766
-0.80004
-0.78874
-0.83495
-0.82318
-0.80784
-0.82971
-0.88669
-0.86467
-0.89563
-0.87219
-0.94037
-1.0089
-0.96883
-1.031
0
0
0
0
0
0
0
0
0
0
0
0
0
0
0
0
0
0
0
0
0
0
0
0
0
0
0
0
-4.0888
0
0
0
0
0
0
0
0
0
0
0
0
0
0
0
0
0
0
0
0
0
0
0
0
0
0
0
0
0
0
0
0
0
-0.86765
-0.8591
-0.8505
-0.8465
-0.85494
-0.85602
-0.84569
-0.84648
-0.8404
-0.83691
-0.84096
-0.84979
-0.81355
-0.81351
-0.87192
-0.85112
-0.81844
-0.8719
-0.83777
50.9409
-0.81935
-0.83483
-0.82704
-0.81662
-0.84033
-0.84026
-0.82873
-0.80871
-0.81568
-0.81706
-0.82308
-0.81234
-0.82307
-0.80903
-0.82649
-0.80904
-0.81466
-0.80856
-0.8273
-0.83264
-0.82012
-0.80327
-0.80459
-0.82482
-0.79931
-0.79931
-0.80808
-0.80138
-0.81572
-0.7876
-0.77602
-0.823
-0.81086
-0.79518
-0.81748
-0.8742
-0.85228
-0.88371
-0.85987
-0.92687
-0.99473
-0.95456
0
0
0
0
0
0
0
0
0
0
0
0
0
0
0
0
0
0
0
0
0
0
0
0
0
0
0
0
0
0
0
0
0
0
0
0
0
0
0
0
0
0
0
0
0
0
0
0
0
0
0
0
0
0
0
0
0
0
0
0
0
0
0
-0.86765
-0.85913
-0.85052
-0.84651
-0.85494
-0.85603
-0.84571
-0.84648
-0.84041
-0.83691
-0.84098
-0.84979
-0.81356
-0.81352
-0.87193
-0.85113
-0.81846
-0.87193
-0.83779
-0.81935
50.9415
-0.83483
-0.82705
-0.81664
-0.84033
-0.84026
-0.82874
-0.80872
-0.81569
-0.81707
-0.82308
-0.81236
-0.82308
-0.80905
-0.82649
-0.80905
-0.81466
-0.80856
-0.82731
-0.83265
-0.82013
-0.80328
-0.8046
-0.82483
-0.79933
-0.79933
-0.80809
-0.80139
-0.81574
-0.7876
-0.77604
-0.82301
-0.81085
-0.79519
-0.81749
-0.87422
-0.8523
-0.88371
-0.85988
-0.92688
-0.99474
-0.95456
0
0
0
0
0
0
0
0
0
0
0
0
0
0
0
0
0
0
0
0
0
0
0
0
0
0
0
0
0
0
0
0
0
0
0
0
0
0
0
0
0
0
0
0
0
0
0
0
0
0
0
0
0
0
0
0
0
0
0
0
0
0
0
-0.87706
-0.87042
-0.85982
-0.85591
-0.86519
-0.86613
-0.8557
-0.85725
-0.85237
-0.84853
-0.84236
-0.86193
-0.8267
-0.82667
-0.88264
-0.867
-0.82666
-0.88262
-0.85009
-0.83483
-0.83483
58.1267
-0.83727
-0.82452
-0.85126
-0.8512
-0.83581
-0.81287
-0.82418
-0.8304
-0.83174
-0.82036
-0.83175
-0.81776
-0.83415
-0.81775
-0.8233
-0.80904
-0.82263
-0.84094
-0.82808
-0.81157
-0.81298
-0.83075
-0.80773
-0.80773
-0.80967
-0.80985
-0.8233
-0.79603
-0.78449
-0.82979
-0.81978
-0.80398
-0.8302
-0.88059
-0.85715
-0.89047
-0.86881
0
0
0
0
0
0
0
0
0
0
0
0
0
0
0
0
0
0
0
0
0
-2.791
-3.3235
0
0
-3.4476
0
0
0
0
0
0
0
0
0
0
0
0
0
0
0
0
0
0
0
0
0
0
0
0
0
0
0
0
0
0
0
0
0
0
0
0
0
0
0
0
-0.87149
-0.8628
-0.85431
-0.85047
-0.85896
-0.86021
-0.84974
-0.85064
-0.84461
-0.84106
-0.84478
-0.8541
-0.81732
-0.81728
-0.87583
-0.85548
-0.8217
-0.87582
-0.8398
-0.82704
-0.82705
-0.83727
51.3679
-0.81967
-0.84301
-0.84293
-0.83174
-0.81173
-0.81863
-0.8196
-0.8264
-0.81523
-0.82641
-0.81223
-0.82117
-0.81223
-0.81781
-0.81149
-0.83062
-0.8358
-0.82315
-0.80639
-0.8082
-0.82535
-0.80236
-0.80236
-0.81114
-0.80435
-0.81855
-0.79061
-0.77905
-0.8262
-0.81468
-0.79826
-0.82049
-0.87874
-0.85638
-0.88771
-0.86315
0
0
0
0
0
0
0
0
0
0
0
0
0
0
0
0
0
0
0
-3.1163
0
0
0
0
0
0
0
0
0
0
0
0
0
0
0
0
0
0
0
0
0
0
0
0
0
0
0
0
0
0
0
0
0
0
0
0
0
0
0
0
0
0
0
0
0
0
-0.85885
-0.85068
-0.84221
-0.8383
-0.84699
-0.84804
-0.83781
-0.83864
-0.83254
-0.82903
-0.83315
-0.84229
-0.80571
-0.80568
-0.86389
-0.84355
-0.80924
-0.86388
-0.82963
-0.81662
-0.81664
-0.82452
-0.81967
49.228
-0.83133
-0.83124
-0.81949
-0.79815
-0.80625
-0.80878
-0.8155
-0.80129
-0.81551
-0.80077
-0.81686
-0.80077
-0.806
-0.79809
-0.81778
-0.82384
-0.81117
-0.7946
-0.79583
-0.8143
-0.79054
-0.79053
-0.79907
-0.79264
-0.80657
-0.77882
-0.76729
-0.8139
-0.80236
-0.78645
-0.80821
-0.86427
-0.84297
-0.87401
-0.85074
0
0
0
0
0
0
0
0
0
0
0
0
0
0
0
0
0
0
0
0
-1.6545
0
0
0
0
0
0
0
0
0
0
0
0
0
0
0
0
0
0
0
0
0
0
0
0
0
0
0
0
0
0
0
0
0
0
0
0
0
0
0
0
0
0
0
0
0
-0.88455
-0.87609
-0.867
-0.86245
-0.87191
-0.87199
-0.86258
-0.86365
-0.85769
-0.85458
-0.858
-0.86885
-0.83168
-0.83164
-0.88952
-0.8707
-0.83147
-0.88951
-0.85561
-0.84033
-0.84033
-0.85126
-0.84301
-0.83133
55.5918
-0.85516
-0.83862
-0.82282
-0.82954
-0.83462
-0.83733
-0.8263
-0.83733
-0.82317
-0.83865
-0.82317
-0.82855
-0.82181
-0.839
-0.84631
-0.83335
-0.81693
-0.81725
-0.83656
-0.81303
-0.81303
-0.8207
-0.81437
-0.82863
-0.80115
-0.78957
-0.8337
-0.82525
-0.80876
-0.82959
-0.88169
-0.86275
-0.89369
-0.87171
0
0
0
0
0
0
0
0
0
0
0
0
0
0
0
0
0
0
0
0
0
0
0
0
0
0
0
0
0
0
0
0
0
0
0
0
0
0
0
0
0
0
0
0
-6.692
0
0
0
0
0
0
0
0
0
0
0
0
0
0
0
0
0
0
0
0
0
-0.88448
-0.87602
-0.86691
-0.86238
-0.87184
-0.87192
-0.86251
-0.86358
-0.85761
-0.85452
-0.85793
-0.86877
-0.8316
-0.83157
-0.88945
-0.87064
-0.83139
-0.88943
-0.85553
-0.84026
-0.84026
-0.8512
-0.84293
-0.83124
-0.85516
55.5867
-0.83854
-0.82276
-0.82947
-0.83454
-0.83724
-0.82623
-0.83725
-0.8231
-0.83857
-0.8231
-0.82848
-0.82175
-0.83894
-0.84624
-0.83328
-0.81685
-0.81717
-0.8365
-0.81295
-0.81295
-0.82062
-0.8143
-0.82856
-0.80109
-0.7895
-0.83364
-0.82518
-0.80869
-0.82952
-0.88161
-0.86269
-0.89361
-0.87164
0
0
0
0
0
0
0
0
0
0
0
0
0
0
0
0
0
0
0
0
0
0
0
0
0
0
0
0
0
0
0
0
0
0
0
0
0
0
0
0
0
0
0
0
0
0
0
0
0
0
0
0
-6.691
0
0
0
0
0
0
0
0
0
0
0
0
0
-0.87008
-0.86161
-0.85286
-0.8485
-0.8581
-0.85831
-0.84875
-0.8496
-0.84352
-0.84014
-0.84401
-0.85244
-0.81519
-0.81516
-0.87488
-0.85552
-0.81686
-0.87487
-0.84103
-0.82873
-0.82874
-0.83581
-0.83174
-0.81949
-0.83862
-0.83854
53.2266
-0.81097
-0.81764
-0.81544
-0.82505
-0.81441
-0.82505
-0.8112
-0.82288
-0.8112
-0.81704
-0.81002
-0.82803
-0.83497
-0.8222
-0.8054
-0.80633
-0.82545
-0.80147
-0.80148
-0.80951
-0.80296
-0.80755
-0.79042
-0.77883
-0.82357
-0.81122
-0.7977
-0.81964
-0.87171
-0.85279
0
0
0
0
0
0
0
0
0
0
0
0
0
0
0
0
0
0
0
-2.8945
0
0
0
0
0
0
0
0
0
0
0
0
0
0
0
-3.9168
0
0
0
0
0
0
0
0
0
0
0
0
0
0
0
0
0
0
0
0
0
0
0
0
0
0
0
0
0
0
0
0
-0.85212
-0.84359
-0.83501
-0.83099
-0.83955
-0.84025
-0.83035
-0.83105
-0.82497
-0.82141
-0.82523
-0.83483
-0.79771
-0.79767
-0.85614
-0.83596
-0.8011
-0.85613
-0.822
-0.80871
-0.80872
-0.81287
-0.81173
-0.79815
-0.82282
-0.82276
-0.81097
48.9023
-0.79726
-0.79861
-0.80881
-0.79527
-0.80882
-0.79307
-0.80975
-0.79306
-0.79757
-0.791
-0.80229
-0.81508
-0.80237
-0.78617
-0.78747
-0.8062
-0.78193
-0.78193
-0.78295
-0.78456
-0.798
-0.77055
-0.75898
-0.80512
-0.7944
-0.77821
-0.79956
-0.85506
-0.83257
-0.86557
0
0
0
0
0
0
0
0
0
0
0
0
0
0
0
0
-2.6474
0
0
0
0
0
0
0
0
0
0
0
0
0
0
0
0
0
0
0
0
0
0
0
0
0
0
0
0
0
0
0
0
0
0
0
0
0
0
0
0
0
0
0
0
0
0
0
0
0
0
-0.85685
-0.84947
-0.84128
-0.83724
-0.84612
-0.84686
-0.83691
-0.83778
-0.8317
-0.82818
-0.83211
-0.84125
-0.80441
-0.80437
-0.86259
-0.84254
-0.80809
-0.86258
-0.82884
-0.81568
-0.81569
-0.82418
-0.81863
-0.80625
-0.82954
-0.82947
-0.81764
-0.79726
49.9138
-0.80636
-0.81453
-0.80167
-0.81454
-0.79962
-0.81526
-0.79962
-0.80462
-0.79777
-0.81591
-0.8224
-0.80965
-0.79319
-0.79439
-0.81007
-0.78913
-0.78915
-0.79743
-0.79115
-0.80503
-0.77739
-0.76586
-0.81208
-0.80079
-0.7851
-0.80663
-0.86221
-0.84149
-0.87256
0
0
0
0
0
0
0
0
0
0
0
0
0
0
0
0
0
0
0
0
0
0
0
0
0
0
0
0
0
0
0
0
0
0
0
0
0
-3.2647
0
0
0
0
0
0
0
0
0
0
0
0
0
0
0
0
0
0
0
0
0
0
0
0
0
0
0
0
0
-0.86198
-0.85357
-0.84487
-0.84076
-0.85071
-0.85049
-0.84158
-0.8428
-0.83712
-0.83436
-0.8373
-0.84765
-0.81235
-0.81232
-0.86697
-0.8504
-0.80823
-0.86696
-0.83599
-0.81706
-0.81707
-0.8304
-0.8196
-0.80878
-0.83462
-0.83454
-0.81544
-0.79861
-0.80636
54.8599
-0.81522
-0.80412
-0.81523
-0.80167
-0.81076
-0.80167
-0.80704
-0.79989
-0.81695
-0.82476
-0.81162
-0.79539
-0.7965
-0.81417
-0.79169
-0.79169
-0.79629
-0.79157
-0.80645
-0.78008
-0.76861
-0.81116
-0.80223
-0.7874
-0.80018
-0.85847
-0.83264
0
0
0
0
0
0
0
0
0
0
0
0
0
0
0
-2.8216
0
0
0
0
0
0
0
0
0
0
0
0
0
0
0
0
0
0
0
0
0
0
0
0
0
0
0
0
0
0
0
0
0
0
-6.126
0
0
0
0
0
0
0
0
0
0
0
0
0
0
0
0
0
-0.86543
-0.85691
-0.84839
-0.84437
-0.8528
-0.85387
-0.84352
-0.84438
-0.83832
-0.83485
-0.83885
-0.84746
-0.81127
-0.81123
-0.86968
-0.84893
-0.81481
-0.86967
-0.83566
-0.82308
-0.82308
-0.83174
-0.8264
-0.8155
-0.83733
-0.83724
-0.82505
-0.80881
-0.81453
-0.81522
47.0529
-0.81197
-0.81513
-0.80489
-0.82178
-0.80489
-0.81062
-0.80496
-0.82536
-0.82881
-0.81636
-0.79959
-0.80097
-0.82157
-0.79538
-0.79537
-0.80443
-0.79797
-0.81205
-0.78368
-0.77204
-0.82
-0.80783
-0.79149
-0.81388
-0.87156
-0.84988
-0.88204
0
0
0
0
0
0
0
0
0
0
0
0
0
0
0
0
0
0
0
0
0
0
0
0
0
0
0
0
0
0
0
0
0
0
0
0
0
0
0
0
0
0
0
0
0
0
0
0
0
0
0
0
0
0
0
0
0
0
0
0
0
0
0
0
0
0
0
-0.85487
-0.84108
-0.83744
-0.83383
-0.84246
-0.84348
-0.83321
-0.83409
-0.82806
-0.82457
-0.8285
-0.83885
-0.80071
-0.80068
-0.85923
-0.84042
-0.80415
-0.85922
-0.82493
-0.81234
-0.81236
-0.82036
-0.81523
-0.80129
-0.8263
-0.82623
-0.81441
-0.79527
-0.80167
-0.80412
-0.81197
48.3916
-0.81198
-0.7968
-0.81143
-0.79679
-0.80157
-0.79348
-0.81147
-0.81931
-0.8064
-0.78953
-0.79101
-0.80875
-0.78565
-0.78566
-0.79403
-0.78659
-0.80183
-0.77414
-0.76251
-0.80852
-0.79892
-0.7813
-0.80295
-0.85651
-0.83645
0
0
0
0
0
0
0
0
0
0
0
0
0
0
0
0
-2.8068
0
0
0
0
0
0
0
0
0
0
0
0
0
0
0
0
0
0
0
0
0
0
0
0
0
0
0
0
0
0
0
0
0
0
0
0
0
0
0
0
0
0
0
0
0
0
0
0
0
0
0
-0.86544
-0.85691
-0.8484
-0.84436
-0.8528
-0.85388
-0.84352
-0.84438
-0.83833
-0.83486
-0.83885
-0.84747
-0.81127
-0.81124
-0.86969
-0.84893
-0.81481
-0.86968
-0.83566
-0.82307
-0.82308
-0.83175
-0.82641
-0.81551
-0.83733
-0.83725
-0.82505
-0.80882
-0.81454
-0.81523
-0.81513
-0.81198
47.0531
-0.8049
-0.82178
-0.80489
-0.81063
-0.80496
-0.82536
-0.82881
-0.81637
-0.79959
-0.80098
-0.82158
-0.79538
-0.79538
-0.80443
-0.79797
-0.81206
-0.78369
-0.77204
-0.81999
-0.80783
-0.79149
-0.81389
-0.87157
-0.84989
-0.88205
0
0
0
0
0
0
0
0
0
0
0
0
0
0
0
0
0
0
0
0
0
0
0
0
0
0
0
0
0
0
0
0
0
0
0
0
0
0
0
0
0
0
0
0
0
0
0
0
0
0
0
0
0
0
0
0
0
0
0
0
0
0
0
0
0
0
0
-0.85148
-0.84302
-0.83456
-0.8306
-0.8389
-0.83996
-0.82965
-0.83048
-0.82445
-0.82098
-0.82495
-0.83345
-0.7974
-0.79736
-0.85565
-0.83579
-0.80074
-0.85564
-0.82172
-0.80903
-0.80905
-0.81776
-0.81223
-0.80077
-0.82317
-0.8231
-0.8112
-0.79307
-0.79962
-0.80167
-0.80489
-0.7968
-0.8049
45.3969
-0.80834
-0.78355
-0.79695
-0.79008
-0.81155
-0.81542
-0.80274
-0.7854
-0.78728
-0.81033
-0.78158
-0.78159
-0.79021
-0.78336
-0.79796
-0.77028
-0.75886
-0.8062
-0.79366
-0.7778
-0.80019
-0.85478
-0.83476
0
0
0
0
0
0
0
0
0
0
0
0
0
0
0
0
0
0
0
0
0
0
0
0
0
0
0
0
0
0
0
0
0
0
0
0
0
0
0
0
0
0
0
0
0
0
0
0
0
0
0
0
0
0
0
0
0
0
0
0
0
0
0
0
0
0
0
0
-0.86768
-0.85864
-0.84852
-0.84541
-0.85582
-0.85652
-0.84652
-0.84769
-0.84186
-0.83871
-0.84194
-0.85195
-0.8142
-0.81415
-0.87231
-0.85407
-0.81422
-0.87231
-0.83671
-0.82649
-0.82649
-0.83415
-0.82117
-0.81686
-0.83865
-0.83857
-0.82288
-0.80975
-0.81526
-0.81076
-0.82178
-0.81143
-0.82178
-0.80834
54.155
-0.80835
-0.81375
-0.80594
-0.82459
-0.83161
-0.81813
-0.80209
-0.8031
-0.81842
-0.79848
-0.79849
-0.80648
-0.799
-0.80321
-0.78685
-0.77541
-0.81913
-0.80941
-0.79461
0
0
0
0
0
0
0
0
0
0
0
0
0
0
0
0
0
0
0
0
0
0
-2.8781
0
-3.095
0
0
0
0
0
0
0
0
0
0
0
0
0
0
0
0
0
0
0
-4.4613
0
0
0
0
0
0
0
0
0
0
0
0
0
0
0
0
0
0
0
0
0
0
0
0
0
0
-0.85147
-0.84303
-0.83456
-0.8306
-0.83891
-0.83997
-0.82966
-0.83048
-0.82445
-0.82097
-0.82497
-0.83345
-0.7974
-0.79737
-0.85565
-0.83579
-0.80073
-0.85564
-0.82172
-0.80904
-0.80905
-0.81775
-0.81223
-0.80077
-0.82317
-0.8231
-0.8112
-0.79306
-0.79962
-0.80167
-0.80489
-0.79679
-0.80489
-0.78355
-0.80835
45.3969
-0.79693
-0.79009
-0.81155
-0.81542
-0.80274
-0.7854
-0.78727
-0.81033
-0.78157
-0.78158
-0.79021
-0.78337
-0.79797
-0.77028
-0.75887
-0.8062
-0.79367
-0.7778
-0.80019
-0.85478
-0.83477
0
0
0
0
0
0
0
0
0
0
0
0
0
0
0
0
0
0
0
0
0
0
0
0
0
0
0
0
0
0
0
0
0
0
0
0
0
0
0
0
0
0
0
0
0
0
0
0
0
0
0
0
0
0
0
0
0
0
0
0
0
0
0
0
0
0
0
0
-0.85746
-0.84896
-0.84045
-0.8365
-0.84475
-0.84578
-0.83544
-0.83624
-0.83014
-0.82663
-0.83067
-0.83899
-0.80283
-0.80279
-0.86149
-0.84156
-0.80612
-0.86149
-0.82727
-0.81466
-0.81466
-0.8233
-0.81781
-0.806
-0.82855
-0.82848
-0.81704
-0.79757
-0.80462
-0.80704
-0.81062
-0.80157
-0.81063
-0.79695
-0.81375
-0.79693
44.0378
-0.79548
-0.81648
-0.82627
-0.81089
-0.7929
-0.79549
-0.80954
-0.7901
-0.79011
-0.79868
-0.79053
-0.80615
-0.77753
-0.76563
-0.81228
-0.80149
-0.78466
-0.80788
0
0
0
0
0
0
0
0
0
0
0
0
0
0
0
0
0
0
0
0
0
0
0
0
0
0
0
0
0
0
0
0
0
0
0
0
0
0
0
0
0
0
0
0
0
0
0
0
0
0
0
0
0
0
0
0
0
0
0
0
0
0
0
0
0
0
0
0
0
0
-0.8494
-0.84342
-0.83274
-0.82886
-0.83766
-0.83854
-0.82842
-0.82917
-0.82309
-0.81957
-0.82402
-0.83312
-0.79629
-0.79625
-0.85503
-0.83472
-0.79976
-0.85501
-0.82055
-0.80856
-0.80856
-0.80904
-0.81149
-0.79809
-0.82181
-0.82175
-0.81002
-0.791
-0.79777
-0.79989
-0.80496
-0.79348
-0.80496
-0.79008
-0.80594
-0.79009
-0.79548
44.7877
-0.81026
-0.81812
-0.80148
-0.78633
-0.78684
-0.80363
-0.78233
-0.78233
-0.78947
-0.78192
-0.79628
-0.77004
-0.75859
-0.80376
0
-0.77781
0
0
0
0
0
0
0
0
0
0
0
0
0
0
0
0
0
0
0
0
0
0
0
0
0
0
-2.73
0
0
0
0
0
0
0
0
0
0
0
0
0
0
0
0
0
0
0
0
0
0
0
0
0
0
0
0
0
0
0
0
0
0
0
0
0
0
0
0
0
0
0
0
-0.8694
-0.86065
-0.85181
-0.84558
-0.85658
-0.85747
-0.84715
-0.84842
-0.84233
-0.83867
-0.84275
-0.85349
-0.81428
-0.81423
-0.87357
-0.85423
-0.81805
-0.87355
-0.8395
-0.8273
-0.82731
-0.82263
-0.83062
-0.81778
-0.839
-0.83894
-0.82803
-0.80229
-0.81591
-0.81695
-0.82536
-0.81147
-0.82536
-0.81155
-0.82459
-0.81155
-0.81648
-0.81026
47.5493
-0.83494
-0.82174
-0.80482
-0.80687
-0.829
-0.80113
-0.80114
-0.8024
-0.80341
-0.81739
-0.78958
-0.77817
-0.82366
0
0
0
0
0
0
0
0
0
0
0
0
0
0
0
0
0
0
0
0
0
0
0
0
0
-1.9412
0
0
0
0
0
0
-3.3887
0
0
0
0
0
0
0
0
0
0
0
0
0
0
0
0
0
0
0
0
0
0
0
0
0
0
0
0
0
0
0
0
0
0
0
0
0
0
0
0
-0.87534
-0.86682
-0.85829
-0.85429
-0.86279
-0.86386
-0.85345
-0.85428
-0.84811
-0.84457
-0.84863
-0.85818
-0.8205
-0.82046
-0.87959
-0.85958
-0.8239
-0.87959
-0.84516
-0.83264
-0.83265
-0.84094
-0.8358
-0.82384
-0.84631
-0.84624
-0.83497
-0.81508
-0.8224
-0.82476
-0.82881
-0.81931
-0.82881
-0.81542
-0.83161
-0.81542
-0.82627
-0.81812
-0.83494
43.386
-0.83634
-0.80969
-0.81731
-0.82695
-0.80835
-0.80836
-0.82037
-0.81225
-0.82846
-0.798
-0.7855
-0.83765
0
-0.80503
0
0
0
0
0
0
0
0
0
0
0
0
0
0
0
0
0
0
0
0
0
0
0
0
0
0
0
0
0
0
0
0
0
0
0
0
0
0
0
0
0
0
0
0
0
0
0
0
0
0
0
0
0
0
0
0
0
0
0
0
0
0
0
0
0
0
0
0
0
0
0
-0.86013
-0.85378
-0.84528
-0.84142
-0.84824
-0.85098
-0.84057
-0.84146
-0.83533
-0.83181
-0.83582
-0.84535
-0.80779
-0.80774
-0.86663
-0.84675
-0.81128
-0.86661
-0.83233
-0.82012
-0.82013
-0.82808
-0.82315
-0.81117
-0.83335
-0.83328
-0.8222
-0.80237
-0.80965
-0.81162
-0.81636
-0.8064
-0.81637
-0.80274
-0.81813
-0.80274
-0.81089
-0.80148
-0.82174
-0.83634
42.9443
-0.79734
-0.80191
-0.82041
-0.7961
-0.7961
-0.80523
-0.79835
-0.81266
-0.78437
-0.773
0
0
0
0
0
0
0
0
0
0
0
0
0
0
0
0
0
0
-1.8412
0
0
0
0
0
0
0
0
0
0
0
0
0
0
0
0
0
0
0
0
0
0
0
0
0
0
0
0
0
0
0
0
0
0
0
0
0
0
0
0
0
0
0
0
0
0
0
0
0
0
0
0
0
0
0
-0.84556
-0.83716
-0.82871
-0.82476
-0.83313
-0.83415
-0.82386
-0.82467
-0.81858
-0.8151
-0.81909
-0.82856
-0.79137
-0.79133
-0.84975
-0.82978
-0.79468
-0.84973
-0.81569
-0.80327
-0.80328
-0.81157
-0.80639
-0.7946
-0.81693
-0.81685
-0.8054
-0.78617
-0.79319
-0.79539
-0.79959
-0.78953
-0.79959
-0.7854
-0.80209
-0.7854
-0.7929
-0.78633
-0.80482
-0.80969
-0.79734
41.0555
-0.7796
-0.8044
-0.7795
-0.77951
-0.78357
-0.7756
-0.79055
-0.76411
-0.75314
-0.80418
0
0
0
0
0
0
0
0
0
0
0
0
0
0
0
0
0
0
0
0
0
0
0
0
0
0
0
0
0
0
0
0
0
0
0
0
0
0
0
0
0
0
0
0
0
0
0
0
0
0
0
0
0
0
0
0
0
0
0
0
0
0
0
0
0
0
0
0
0
0
0
0
0
-0.84646
-0.83774
-0.82935
-0.82648
-0.83453
-0.83513
-0.82515
-0.82593
-0.81989
-0.81623
-0.82057
-0.82962
-0.79239
-0.79235
-0.85033
-0.83066
-0.79583
-0.85032
-0.81742
-0.80459
-0.8046
-0.81298
-0.8082
-0.79583
-0.81725
-0.81717
-0.80633
-0.78747
-0.79439
-0.7965
-0.80097
-0.79101
-0.80098
-0.78728
-0.8031
-0.78727
-0.79549
-0.78684
-0.80687
-0.81731
-0.80191
-0.7796
42.224
-0.80895
-0.78078
-0.78078
-0.78345
-0.77727
-0.78935
-0.76541
-0.75508
0
0
0
0
0
0
0
0
0
0
0
0
0
0
0
0
0
0
0
0
0
0
0
0
0
0
0
0
0
0
0
0
0
0
0
0
0
0
0
0
0
0
-1.9027
0
0
0
0
0
0
0
0
0
0
0
0
0
0
0
0
0
0
0
0
0
0
0
0
0
0
0
0
0
0
0
-0.86182
-0.857
-0.84918
-0.84566
-0.85406
-0.85534
-0.84487
-0.84578
-0.83962
-0.83599
-0.83948
-0.84994
-0.81162
-0.81156
-0.8704
-0.85111
-0.81549
-0.87039
-0.82532
-0.82482
-0.82483
-0.83075
-0.82535
-0.8143
-0.83656
-0.8365
-0.82545
-0.8062
-0.81007
-0.81417
-0.82157
-0.80875
-0.82158
-0.81033
-0.81842
-0.81033
-0.80954
-0.80363
-0.829
-0.82695
-0.82041
-0.8044
-0.80895
46.0926
-0.80018
-0.80018
-0.80441
0
-0.81018
-0.78578
0
0
0
0
0
0
0
0
0
0
0
0
0
0
0
0
0
0
0
0
0
0
0
0
0
-2.3543
0
0
0
0
0
0
0
0
0
0
0
0
-4.0601
0
0
0
0
0
0
0
0
0
0
0
0
0
0
0
0
0
0
0
0
0
0
0
0
0
0
0
0
0
0
0
0
0
0
0
0
-0.84179
-0.83341
-0.82499
-0.82106
-0.82932
-0.83034
-0.82006
-0.82082
-0.81475
-0.81125
-0.81527
-0.82461
-0.78752
-0.78749
-0.84587
-0.82597
-0.79079
-0.84584
-0.81182
-0.79931
-0.79933
-0.80773
-0.80236
-0.79054
-0.81303
-0.81295
-0.80147
-0.78193
-0.78913
-0.79169
-0.79538
-0.78565
-0.79538
-0.78158
-0.79848
-0.78157
-0.7901
-0.78233
-0.80113
-0.80835
-0.7961
-0.7795
-0.78078
-0.80018
40.0872
-0.77215
-0.78457
-0.77609
-0.79241
-0.76202
-0.75105
0
0
0
0
0
0
0
0
0
0
0
0
0
0
0
0
0
0
0
0
0
0
0
0
0
0
0
0
0
0
0
0
0
0
0
0
0
0
0
0
0
0
0
0
0
0
0
0
0
0
0
0
0
0
0
0
0
0
0
0
0
0
0
0
0
0
0
0
0
0
0
0
0
0
-0.8418
-0.83342
-0.82499
-0.82106
-0.82932
-0.83033
-0.82007
-0.82084
-0.81475
-0.81125
-0.81527
-0.8246
-0.78753
-0.78748
-0.84586
-0.82597
-0.79079
-0.84585
-0.81182
-0.79931
-0.79933
-0.80773
-0.80236
-0.79053
-0.81303
-0.81295
-0.80148
-0.78193
-0.78915
-0.79169
-0.79537
-0.78566
-0.79538
-0.78159
-0.79849
-0.78158
-0.79011
-0.78233
-0.80114
-0.80836
-0.7961
-0.77951
-0.78078
-0.80018
-0.77215
40.0874
-0.78458
-0.77609
-0.79242
-0.76201
-0.75105
0
0
0
0
0
0
0
0
0
0
0
0
0
0
0
0
0
0
0
0
0
0
0
0
0
0
0
0
0
0
0
0
0
0
0
0
0
0
0
0
0
0
0
0
0
0
0
0
0
0
0
0
0
0
0
0
0
0
0
0
0
0
0
0
0
0
0
0
0
0
0
0
0
0
-0.85034
-0.84187
-0.83333
-0.82933
-0.83802
-0.83863
-0.82879
-0.82947
-0.82338
-0.81983
-0.82356
-0.83409
-0.79586
-0.79581
-0.85454
-0.83516
-0.79932
-0.85452
-0.82028
-0.80808
-0.80809
-0.80967
-0.81114
-0.79907
-0.8207
-0.82062
-0.80951
-0.78295
-0.79743
-0.79629
-0.80443
-0.79403
-0.80443
-0.79021
-0.80648
-0.79021
-0.79868
-0.78947
-0.8024
-0.82037
-0.80523
-0.78357
-0.78345
-0.80441
-0.78457
-0.78458
39.9619
0
0
0
0
0
0
0
0
0
0
0
0
0
0
0
0
0
0
0
0
0
0
0
0
0
0
0
-2.6057
0
0
0
0
0
0
0
0
0
0
0
0
0
0
0
0
0
0
0
0
0
0
0
0
0
0
0
0
0
0
0
0
0
0
0
0
0
0
0
0
0
0
0
0
0
0
0
0
0
0
-0.84277
-0.83456
-0.82607
-0.8222
-0.83057
-0.83185
-0.82145
-0.82239
-0.81629
-0.81285
-0.81667
-0.82634
-0.789
-0.78898
-0.84741
-0.82657
-0.79254
-0.84739
-0.81344
-0.80138
-0.80139
-0.80985
-0.80435
-0.79264
-0.81437
-0.8143
-0.80296
-0.78456
-0.79115
-0.79157
-0.79797
-0.78659
-0.79797
-0.78336
-0.799
-0.78337
-0.79053
-0.78192
-0.80341
-0.81225
-0.79835
-0.7756
-0.77727
0
-0.77609
-0.77609
0
39.3206
0
0
0
0
0
0
0
0
0
-0.86512
0
0
0
0
0
0
0
0
0
0
0
0
-2.1979
0
0
0
0
0
0
0
0
0
0
0
0
0
0
0
0
0
0
0
0
0
0
0
0
0
0
0
0
0
0
0
0
0
0
0
0
0
0
0
0
0
0
0
0
0
0
0
0
0
0
0
0
0
0
-0.85774
-0.84939
-0.841
-0.83691
-0.84593
-0.84651
-0.83667
-0.83724
-0.83105
-0.82753
-0.83156
-0.83917
-0.80352
-0.80348
-0.862
-0.84118
-0.80688
-0.86199
-0.82766
-0.81572
-0.81574
-0.8233
-0.81855
-0.80657
-0.82863
-0.82856
-0.80755
-0.798
-0.80503
-0.80645
-0.81205
-0.80183
-0.81206
-0.79796
-0.80321
-0.79797
-0.80615
-0.79628
-0.81739
-0.82846
-0.81266
-0.79055
-0.78935
-0.81018
-0.79241
-0.79242
0
0
40.5256
0
0
0
0
0
0
0
0
0
0
0
0
0
0
0
0
0
0
0
0
0
0
0
0
0
0
0
-2.8232
0
0
0
0
0
0
0
0
0
0
0
0
0
0
0
0
0
0
0
0
0
0
0
0
0
0
0
0
0
0
0
0
0
0
0
0
0
0
0
0
0
0
0
0
0
0
0
0
-0.82996
-0.82157
-0.81315
-0.80924
-0.81749
-0.81852
-0.80826
-0.80904
-0.80296
-0.79949
-0.80349
-0.81291
-0.77582
-0.77579
-0.83403
-0.81423
-0.77905
-0.83401
-0.80004
-0.7876
-0.7876
-0.79603
-0.79061
-0.77882
-0.80115
-0.80109
-0.79042
-0.77055
-0.77739
-0.78008
-0.78368
-0.77414
-0.78369
-0.77028
-0.78685
-0.77028
-0.77753
-0.77004
-0.78958
-0.798
-0.78437
-0.76411
-0.76541
-0.78578
-0.76202
-0.76201
0
0
0
36.4482
0
0
0
0
0
0
0
0
0
0
0
0
0
0
0
0
0
0
0
0
0
0
0
0
0
0
0
0
0
0
0
0
0
0
0
0
0
0
0
0
0
0
0
0
0
0
0
0
0
0
0
0
0
0
0
0
0
0
0
0
0
0
0
0
0
0
0
0
0
0
0
0
0
0
0
-0.8185
-0.81005
-0.80165
-0.79774
-0.8059
-0.80689
-0.7967
-0.79745
-0.79141
-0.78791
-0.79194
-0.80132
-0.76438
-0.76434
-0.82233
-0.80257
-0.76757
-0.8223
-0.78874
-0.77602
-0.77604
-0.78449
-0.77905
-0.76729
-0.78957
-0.7895
-0.77883
-0.75898
-0.76586
-0.76861
-0.77204
-0.76251
-0.77204
-0.75886
-0.77541
-0.75887
-0.76563
-0.75859
-0.77817
-0.7855
-0.773
-0.75314
-0.75508
0
-0.75105
-0.75105
0
0
0
0
35.1449
0
0
0
0
0
0
0
0
0
0
0
0
0
0
0
0
0
0
0
0
0
0
0
0
0
0
0
0
0
0
0
0
0
0
0
0
0
0
0
0
0
0
0
0
0
0
0
0
0
0
0
0
0
0
0
0
0
0
0
0
0
0
0
0
0
0
0
0
0
0
0
0
0
0
-0.864
-0.8551
-0.84649
-0.84213
-0.85227
-0.85402
-0.84299
-0.84393
-0.83775
-0.83433
-0.83833
-0.84905
-0.81012
-0.81008
-0.86779
-0.84961
-0.8138
-0.86779
-0.83495
-0.823
-0.82301
-0.82979
-0.8262
-0.8139
-0.8337
-0.83364
-0.82357
-0.80512
-0.81208
-0.81116
-0.82
-0.80852
-0.81999
-0.8062
-0.81913
-0.8062
-0.81228
-0.80376
-0.82366
-0.83765
0
-0.80418
0
0
0
0
0
0
0
0
0
39.3018
0
0
0
0
0
0
0
0
0
0
0
0
0
0
0
0
0
0
0
0
0
0
0
0
0
0
0
0
0
0
0
0
0
0
0
0
0
0
0
0
0
0
0
0
0
0
0
0
0
0
0
0
0
0
0
0
0
-5.2905
0
0
0
0
0
0
0
0
0
0
0
0
0
0
0
-0.86102
-0.85206
-0.84139
-0.83766
-0.8395
-0.84091
-0.83011
-0.83099
-0.82554
-0.822
-0.82633
-0.79105
-0.79794
-0.7979
-0.85974
-0.83919
-0.80172
-0.85972
-0.82318
-0.81086
-0.81085
-0.81978
-0.81468
-0.80236
-0.82525
-0.82518
-0.81122
-0.7944
-0.80079
-0.80223
-0.80783
-0.79892
-0.80783
-0.79366
-0.80941
-0.79367
-0.80149
0
0
0
0
0
0
0
0
0
0
0
0
0
0
0
37.78
0
0
0
0
0
0
0
0
0
0
0
0
0
0
0
0
0
0
0
0
0
0
0
0
0
0
0
0
0
0
0
0
-4.526
0
0
0
0
0
0
0
0
0
0
0
-2.9457
0
0
0
0
0
0
0
0
0
0
0
0
0
0
0
0
0
0
0
0
0
0
0
0
0
0
0
-0.83768
-0.82912
-0.82069
-0.81678
-0.82504
-0.82602
-0.81573
-0.81652
-0.81046
-0.80698
-0.81099
-0.82022
-0.78325
-0.78322
-0.84156
-0.82161
-0.78657
-0.84155
-0.80784
-0.79518
-0.79519
-0.80398
-0.79826
-0.78645
-0.80876
-0.80869
-0.7977
-0.77821
-0.7851
-0.7874
-0.79149
-0.7813
-0.79149
-0.7778
-0.79461
-0.7778
-0.78466
-0.77781
0
-0.80503
0
0
0
0
0
0
0
0
0
0
0
0
0
31.3287
0
0
0
0
0
0
0
0
0
0
0
0
0
0
0
0
0
0
0
0
0
0
0
0
0
0
0
0
0
0
0
0
0
0
0
0
0
0
0
0
0
0
0
0
0
0
0
0
0
0
0
0
0
0
0
0
0
0
0
0
0
0
0
0
0
0
0
0
0
0
0
-0.85917
-0.85045
-0.8422
-0.8385
-0.84713
-0.84815
-0.83753
-0.83894
-0.83284
-0.82929
-0.83313
-0.84242
-0.80512
-0.80507
-0.86367
-0.84364
-0.8085
-0.86365
-0.82971
-0.81748
-0.81749
-0.8302
-0.82049
-0.80821
-0.82959
-0.82952
-0.81964
-0.79956
-0.80663
-0.80018
-0.81388
-0.80295
-0.81389
-0.80019
0
-0.80019
-0.80788
0
0
0
0
0
0
0
0
0
0
0
0
0
0
0
0
0
34.0092
0
0
0
0
0
0
0
0
0
0
0
0
0
0
0
0
0
0
0
0
0
0
0
0
0
0
0
-3.6564
-0.61564
0
0
0
0
0
0
0
0
0
0
0
0
0
0
0
0
0
0
0
0
0
0
0
0
0
0
0
0
0
0
0
0
0
0
0
0
0
0
0
0
0
-0.91359
-0.90378
-0.89501
-0.88851
-0.90274
-0.90305
-0.89311
-0.89455
-0.88851
-0.88484
-0.88951
-0.89977
-0.85964
-0.8596
-0.91722
-0.90001
-0.86393
-0.9172
-0.88669
-0.8742
-0.87422
-0.88059
-0.87874
-0.86427
-0.88169
-0.88161
-0.87171
-0.85506
-0.86221
-0.85847
-0.87156
-0.85651
-0.87157
-0.85478
0
-0.85478
0
0
0
0
0
0
0
0
0
0
0
0
0
0
0
0
0
0
0
43.703
0
0
0
0
0
0
0
0
0
0
0
0
0
0
0
0
0
0
0
0
0
-1.971
0
0
0
0
0
0
0
0
0
0
0
0
0
0
0
0
0
0
0
0
0
0
0
0
-5.4394
0
0
0
0
0
0
0
0
0
0
-5.4394
0
0
0
0
0
0
0
0
0
0
0
-0.89229
-0.88324
-0.87466
-0.87207
-0.88047
-0.88283
-0.87121
-0.873
-0.86684
-0.86313
-0.86705
-0.87768
-0.83848
-0.83844
-0.89655
-0.87826
-0.84245
-0.89654
-0.86467
-0.85228
-0.8523
-0.85715
-0.85638
-0.84297
-0.86275
-0.86269
-0.85279
-0.83257
-0.84149
-0.83264
-0.84988
-0.83645
-0.84989
-0.83476
0
-0.83477
0
0
0
0
0
0
0
0
0
0
0
0
0
0
0
0
0
0
0
0
39.6764
0
0
0
0
0
0
0
0
0
0
0
0
0
0
0
0
0
0
0
0
0
0
0
0
0
0
0
0
0
0
0
0
-4.4567
0
0
0
0
0
0
0
0
0
0
0
0
0
0
0
0
0
0
0
0
0
0
0
0
0
0
0
-5.1082
0
0
0
0
0
0
0
-0.92732
-0.91797
-0.9078
-0.90156
-0.91254
-0.91374
-0.90316
-0.90439
-0.89805
-0.89484
-0.89895
-0.91167
-0.86975
-0.86971
-0.92871
-0.87306
-0.87347
-0.92869
-0.89563
-0.88371
-0.88371
-0.89047
-0.88771
-0.87401
-0.89369
-0.89361
0
-0.86557
-0.87256
0
-0.88204
0
-0.88205
0
0
0
0
0
0
0
0
0
0
0
0
0
0
-0.86512
0
0
0
0
0
0
0
0
0
42.2918
0
0
0
0
0
0
0
0
0
0
0
0
0
0
0
0
0
0
0
0
0
0
0
0
0
0
0
0
0
-4.5579
0
0
0
0
0
0
0
0
0
0
0
0
0
0
0
0
0
-5.0143
0
0
0
0
-5.0143
0
0
0
0
0
0
0
0
0
0
0
0
0
0
-0.90032
-0.89197
-0.88338
-0.87808
-0.8891
-0.89076
-0.87992
-0.88111
-0.87486
-0.87159
-0.87528
-0.88634
-0.84716
-0.84712
-0.90547
-0.8868
-0.85055
-0.90546
-0.87219
-0.85987
-0.85988
-0.86881
-0.86315
-0.85074
-0.87171
-0.87164
0
0
0
0
0
0
0
0
0
0
0
0
0
0
0
0
0
0
0
0
0
0
0
0
0
0
0
0
0
0
0
0
29.3593
0
0
0
0
0
0
0
0
0
0
0
-2.1663
0
0
0
0
0
0
0
0
0
0
0
0
0
0
0
0
0
0
0
0
0
0
0
0
0
0
0
0
0
0
-4.4297
0
0
0
0
0
0
0
0
0
0
0
0
0
0
0
0
0
0
0
0
0
0
0
-0.97196
-0.96184
-0.94863
-0.94668
-0.95833
-0.95902
-0.94861
-0.94963
-0.94335
-0.93981
-0.94419
-0.95934
-0.91483
-0.91479
-0.97624
-0.95861
-0.91784
-0.97623
-0.94037
-0.92687
-0.92688
0
0
0
0
0
0
0
0
0
0
0
0
0
0
0
0
0
0
0
0
0
0
0
0
0
0
0
0
0
0
0
0
0
0
0
0
0
0
23.7526
0
0
0
0
0
0
0
0
0
0
0
0
0
0
0
0
0
0
0
0
0
0
0
0
0
0
0
0
0
0
0
0
0
0
0
0
0
0
-3.8685
0
0
0
0
0
0
0
0
0
0
0
0
0
0
0
0
0
0
0
0
0
0
0
0
0
0
-1.0392
-1.0301
-1.0215
-1.0173
-1.0262
-1.0278
-1.0163
-1.0173
-1.0109
-1.0073
-1.0117
-1.0211
-0.98211
-0.98206
-1.0439
-1.023
-0.98534
-1.0439
-1.0089
-0.99473
-0.99474
0
0
0
0
0
0
0
0
0
0
0
0
0
0
0
0
0
0
0
0
0
0
0
0
0
0
0
0
0
0
0
0
0
0
0
0
0
0
0
21.3053
0
0
0
0
0
0
0
0
0
0
0
0
0
0
0
0
0
0
0
0
0
0
0
0
0
0
0
0
0
0
0
0
0
0
0
0
0
0
0
0
0
0
0
0
0
0
0
0
0
0
0
0
0
0
0
0
0
0
0
0
0
0
0
0
-0.99904
-0.98994
-0.98145
-0.97727
-0.98597
-0.98754
-0.97614
-0.97714
-0.97076
-0.96727
-0.97167
-0.98086
-0.94234
-0.9423
-1.0035
-0.98272
-0.94548
-1.0035
-0.96883
-0.95456
-0.95456
0
0
0
0
0
0
0
0
0
0
0
0
0
0
0
0
0
0
0
0
0
0
0
0
0
0
0
0
0
0
0
0
0
0
0
0
0
0
0
0
20.4628
0
0
0
0
0
0
0
0
0
0
0
0
0
0
0
0
0
0
0
0
0
0
0
0
0
0
0
0
0
0
0
0
0
0
0
0
0
0
0
0
0
0
0
0
0
0
0
0
0
0
0
0
0
0
0
0
0
0
0
0
0
0
0
-1.0615
-1.0522
-1.0437
-1.0394
-1.0483
-1.05
-1.0383
-1.0393
-1.0328
-1.0293
-1.0338
-1.0432
-1.0039
-1.0039
-1.0661
-1.0451
-1.0072
-1.0661
-1.031
0
0
0
0
0
0
0
0
0
0
0
0
0
0
0
0
0
0
0
0
0
0
0
0
0
0
0
0
0
0
0
0
0
0
0
0
0
0
0
0
0
0
0
19.7349
0
0
0
0
0
0
0
0
0
0
0
0
0
0
0
0
0
0
0
0
0
0
0
0
0
0
0
0
0
0
0
0
0
0
0
0
0
0
0
0
0
0
0
0
0
0
0
0
0
0
0
0
0
0
0
0
0
0
0
0
0
0
-1.0331
-1.0239
-1.0146
-1.0097
-1.0204
-1.0201
-1.0106
-1.0115
-1.0052
-1.0017
-1.0062
-1.0197
-0.9763
-0.97625
0
0
-0.97972
0
0
0
0
0
0
0
0
0
0
0
0
0
0
0
0
0
0
0
0
0
0
0
0
0
0
0
0
0
0
0
0
0
0
0
0
0
0
0
0
0
0
0
0
0
0
18.3842
0
0
0
0
0
0
0
0
0
0
0
0
0
0
0
0
0
0
0
0
0
0
0
0
0
0
0
0
-3.2752
0
0
0
0
0
0
0
0
0
0
0
0
0
0
0
0
0
0
0
0
0
0
0
0
0
0
0
0
0
0
0
0
-1.0837
-1.0738
-1.0652
-1.0607
-1.0724
-1.0558
-1.0624
-1.0635
-1.0569
-1.0533
-1.0582
-1.0689
-1.0277
-1.0276
0
0
0
0
0
0
0
0
0
0
0
0
0
0
0
0
0
0
0
0
0
0
0
0
0
0
0
0
0
0
0
0
0
0
0
0
0
0
0
0
0
0
0
0
0
0
0
0
0
0
17.55
0
0
0
0
0
0
0
0
0
0
0
0
0
0
0
0
0
0
0
0
0
0
0
0
0
-2.72
0
0
0
0
0
0
0
0
0
0
0
0
0
0
0
0
0
0
0
0
0
0
0
0
0
0
0
0
0
0
0
0
0
0
-1.2895
-1.2798
-1.2719
-1.2674
-1.2783
-1.2808
-1.2682
-1.2693
-1.2624
-1.259
-1.2634
0
-1.2321
-1.232
0
0
0
0
0
0
0
0
0
0
0
0
0
0
0
0
0
0
0
0
0
0
0
0
0
0
0
0
0
0
0
0
0
0
0
0
0
0
0
0
0
0
0
0
0
0
0
0
0
0
0
16.4543
0
0
0
0
0
0
0
0
0
0
0
0
0
0
0
0
0
0
0
0
0
0
0
0
0
0
0
0
0
0
0
0
0
0
0
0
0
0
0
0
0
0
0
0
0
0
0
0
0
0
0
0
0
0
0
0
0
0
0
-1.2216
-1.2311
-1.2051
-1.2013
-1.2143
-1.2157
-1.2042
-1.2048
-1.1979
-1.1938
0
0
0
0
0
0
0
0
0
0
0
0
0
0
0
0
0
0
0
0
0
0
0
0
0
0
0
0
0
0
0
0
0
0
0
0
0
0
0
0
0
0
0
0
0
0
0
0
0
0
0
0
0
0
0
0
14.5154
0
0
0
0
0
0
0
0
0
0
0
0
0
-2.4254
0
0
0
0
0
0
0
0
0
0
0
0
0
0
0
0
0
0
0
0
0
0
0
0
0
0
0
0
0
0
0
0
0
0
0
0
0
0
0
0
0
0
0
0
-1.3738
-1.3618
-1.3528
-1.3528
-1.3645
-1.3653
-1.3533
-1.355
-1.3483
0
0
0
0
0
0
0
0
0
0
0
0
0
0
0
0
0
0
0
0
0
0
0
0
0
0
0
0
0
0
0
0
0
0
0
0
0
0
0
0
0
0
0
0
0
0
0
0
0
0
0
0
0
0
0
0
0
0
16.6512
0
0
0
0
0
0
0
0
0
0
0
0
0
0
0
0
0
0
0
0
0
0
0
0
0
0
0
0
0
0
0
0
0
0
0
0
0
0
0
0
0
0
0
0
0
0
0
0
-4.4235
0
0
0
0
0
0
0
0
-1.3919
-1.3808
-1.3735
-1.3684
-1.3864
-1.389
-1.3761
-1.3781
0
0
0
0
0
0
0
0
0
0
0
0
0
0
0
0
0
0
0
0
0
0
0
0
0
0
0
0
0
0
0
0
0
0
0
0
0
0
0
0
0
0
0
0
0
0
0
0
0
0
0
0
0
0
0
0
0
0
0
0
13.9176
0
0
0
0
0
0
0
0
0
0
0
0
0
0
0
0
0
0
0
0
0
0
0
0
0
0
0
0
-2.8735
0
0
0
0
0
0
0
0
0
0
0
0
0
0
0
0
0
0
0
0
0
0
0
0
0
0
0
-1.8968
0
0
0
-1.9033
0
0
0
0
0
0
0
0
0
0
0
0
0
0
0
0
0
0
0
0
0
0
0
0
0
0
0
0
0
0
0
0
0
0
0
-1.8412
0
0
0
0
0
0
0
0
0
0
0
0
0
0
0
0
0
0
0
0
0
0
0
0
0
0
0
0
12.5686
0
0
0
0
0
0
0
0
0
0
0
0
0
-2.5551
0
0
0
0
0
0
0
0
0
0
0
0
0
0
0
0
0
0
0
0
0
0
0
0
0
0
0
0
0
0
0
0
0
0
0
0
0
0
0
-4.3721
0
0
0
0
0
0
0
0
0
0
0
0
0
0
0
0
0
0
0
0
0
0
0
0
0
0
0
0
0
0
0
0
0
0
0
0
0
0
0
0
0
0
0
0
0
0
0
0
-2.1979
0
0
0
0
0
0
0
0
0
0
-2.1663
0
0
0
0
0
0
0
0
0
0
0
16.1524
0
0
0
0
0
0
0
0
0
0
0
-3.4701
0
0
0
0
0
0
0
0
0
0
0
0
0
0
0
0
0
0
0
0
0
0
0
0
0
0
0
0
0
0
0
0
-4.1591
0
0
0
0
0
-4.1591
0
0
0
-2.3026
-2.289
-2.2897
0
-2.3049
0
-2.2919
0
0
0
0
0
0
0
0
0
0
0
0
0
0
0
0
0
0
0
0
0
0
0
0
0
0
0
0
0
0
0
0
0
0
0
0
0
0
0
0
0
0
0
0
0
0
0
0
0
0
0
0
0
0
0
0
0
0
0
0
0
0
0
0
11.4781
0
0
0
0
0
0
0
0
0
0
0
0
0
0
0
0
0
0
0
0
0
0
0
0
0
0
0
0
0
0
0
0
0
0
0
0
0
0
0
0
0
0
0
0
0
0
0
0
0
0
0
0
0
0
0
0
0
0
0
0
0
0
0
0
0
0
0
0
0
0
0
0
0
0
0
0
0
0
0
0
0
0
-2.8216
0
0
0
0
0
0
0
0
0
0
0
0
0
0
0
0
0
0
0
0
0
0
0
0
0
0
0
0
0
0
0
0
0
0
0
0
0
0
0
0
0
0
13.3156
0
-3.2187
0
0
0
0
0
0
0
-3.2549
0
0
0
0
0
0
0
0
0
0
0
0
0
-4.0204
0
0
0
0
0
0
0
0
0
0
0
0
0
0
0
0
0
0
0
0
0
0
0
0
0
0
0
0
0
-2.9129
0
0
0
0
0
0
0
0
0
0
0
0
0
0
0
0
0
0
0
0
0
0
0
0
0
0
0
0
0
-2.8068
0
0
0
0
0
0
0
0
0
0
0
0
0
0
0
0
0
0
0
0
0
0
0
0
0
0
0
0
0
0
0
0
0
0
0
0
0
0
0
0
0
9.2257
0
0
0
0
0
-2.9097
0
0
0
0
0
0
0
0
0
0
0
0
0
0
0
0
0
0
0
0
0
0
0
0
0
0
0
0
0
0
0
0
0
0
0
0
0
0
0
-0.59637
0
0
0
0
0
0
0
0
0
0
0
0
0
0
0
0
0
0
0
0
0
0
0
0
0
0
0
0
0
0
0
0
-2.6474
0
0
0
0
0
0
0
0
0
0
0
0
0
0
0
0
0
0
-2.6057
0
0
0
0
0
0
0
0
0
0
0
0
0
0
0
0
0
0
0
0
0
0
0
0
0
-3.2187
0
11.3808
0
0
0
0
0
0
0
0
0
-2.909
0
0
0
0
0
0
0
0
0
0
0
0
0
0
0
0
0
0
0
0
0
0
0
0
0
0
0
0
0
0
0
0
0
0
0
0
0
0
0
0
-2.4338
0
0
0
0
0
0
0
0
0
0
0
0
0
0
0
0
0
0
0
0
0
0
0
0
0
0
0
0
0
0
0
0
0
0
0
0
0
0
0
0
0
0
-2.3543
0
0
0
0
0
0
0
0
0
0
0
0
0
0
0
0
0
0
0
0
0
0
0
0
0
0
0
0
0
0
0
11.4914
0
0
0
0
0
0
0
0
0
0
0
0
0
0
0
0
0
0
0
-2.935
0
0
0
0
0
0
0
0
0
0
0
0
0
0
0
0
0
0
0
0
0
0
0
0
0
0
0
0
-3.7683
0
0
0
0
0
0
0
0
0
0
0
0
0
0
0
0
0
0
0
0
0
0
0
0
0
0
-2.8945
0
0
0
0
0
0
0
-2.8781
0
0
0
0
0
0
0
0
0
0
0
0
0
-2.8232
0
0
0
0
0
0
0
0
0
0
0
0
0
0
0
0
0
0
0
0
0
0
0
0
0
0
0
10.1092
0
0
0
0
0
0
0
0
0
0
0
0
0
0
0
0
0
0
0
0
0
0
0
0
0
0
0
0
0
0
0
-1.5134
0
0
0
0
0
0
0
0
0
0
0
0
0
0
0
0
0
0
0
-1.9654
0
0
0
0
0
0
0
0
0
0
0
0
0
0
0
0
0
0
0
0
0
0
0
0
0
0
0
0
0
0
0
0
0
0
-1.9412
0
0
0
0
0
0
0
0
0
0
0
0
0
0
0
0
-1.971
0
0
0
0
0
0
0
0
0
0
0
0
0
0
0
0
0
0
0
0
0
9.2731
0
0
0
0
0
0
0
0
0
0
0
0
0
0
0
-3.3955
0
0
0
0
0
0
0
0
0
0
0
0
0
0
0
0
0
0
0
0
0
0
0
0
0
0
0
0
0
0
0
0
0
0
0
0
0
0
0
0
0
0
0
0
0
0
0
0
0
0
0
0
0
-3.1163
0
0
0
0
0
0
0
0
0
0
0
-3.095
0
0
0
0
0
0
0
0
0
0
0
0
0
0
0
0
0
0
0
0
0
0
0
0
0
0
0
0
0
0
0
0
0
0
0
0
0
0
0
0
0
0
0
12.621
0
0
0
0
0
0
0
-3.2138
0
0
0
0
0
0
0
-3.1959
0
0
0
0
0
0
0
0
0
0
0
0
0
0
0
0
0
0
0
0
0
0
0
0
0
0
0
0
0
0
0
0
0
0
0
0
0
0
0
0
0
0
0
0
0
0
0
0
0
0
0
0
0
-1.6545
0
0
0
0
0
0
0
0
0
0
0
0
0
0
0
0
0
0
0
0
0
0
0
0
0
0
0
0
0
0
0
0
0
0
0
0
0
0
0
0
0
0
0
0
0
0
0
0
0
-2.9097
0
0
0
0
0
11.0016
-2.4562
0
0
0
0
0
0
0
0
0
0
0
0
0
0
0
0
0
0
0
0
0
0
0
0
0
0
0
0
0
0
0
-3.9812
0
0
0
0
0
0
0
0
0
0
0
0
0
0
0
0
0
0
0
0
0
0
0
0
0
0
0
0
0
0
0
0
0
-2.791
0
0
0
0
0
0
0
0
0
0
0
0
0
0
0
-2.73
0
0
0
0
0
0
0
0
0
0
0
0
0
0
0
0
0
0
0
0
0
0
0
0
0
0
0
0
-2.4254
0
0
0
0
0
0
0
0
0
0
0
0
-2.4562
10.4026
0
0
0
0
0
0
0
0
0
0
0
0
0
0
0
0
0
0
0
0
0
0
0
0
0
0
0
0
0
0
0
0
0
0
0
0
0
0
0
0
0
0
0
0
0
0
0
0
0
0
0
0
0
0
-3.3487
0
0
0
0
0
0
0
0
0
0
-3.3235
0
0
0
0
0
0
0
0
0
0
0
0
0
0
0
0
0
0
0
0
0
0
0
0
0
0
0
0
0
0
0
0
0
0
0
0
0
0
0
0
0
0
0
0
0
0
0
0
0
0
0
0
0
0
0
0
0
0
0
11.1841
0
0
0
0
0
0
0
0
0
0
0
0
0
0
0
0
0
0
-4.5119
0
0
0
0
0
0
0
0
0
0
0
0
0
0
0
0
0
0
0
0
0
0
0
0
0
0
0
0
0
0
0
0
0
0
0
0
0
0
0
0
0
0
0
0
0
0
0
0
0
0
0
0
0
0
0
0
0
0
0
0
0
0
0
0
0
0
0
0
0
0
0
0
0
0
0
0
0
0
-3.6564
0
0
0
0
0
0
0
0
0
0
0
0
0
0
0
-3.4701
0
-3.2549
0
0
0
0
0
0
0
0
0
10.3813
0
0
0
0
0
0
0
0
0
0
0
0
0
0
0
0
0
0
0
0
0
0
0
0
0
0
0
0
0
0
0
0
0
0
0
0
0
0
0
0
0
0
0
0
0
0
0
0
0
0
0
0
0
0
0
0
0
0
0
0
0
0
0
0
0
0
0
0
0
0
0
0
0
0
0
0
0
0
0
0
0
0
0
0
0
0
0
0
0
0
0
0
0
0
0
0
-0.61564
0
0
0
0
0
0
0
0
0
0
0
0
0
0
-2.5551
0
0
0
0
0
0
0
0
0
0
0
0
0
7.3296
0
0
0
0
0
0
0
0
0
0
0
0
0
0
0
0
0
0
0
0
0
0
0
0
0
0
0
0
0
0
0
0
0
0
0
0
-4.1588
0
0
0
0
0
0
0
0
0
0
0
0
0
0
0
0
0
0
0
0
0
0
0
0
0
-3.4476
0
0
0
0
0
0
0
0
0
0
0
0
0
0
0
0
-3.3887
0
0
0
0
0
0
0
0
0
0
0
0
0
0
0
0
0
0
0
0
0
0
0
0
0
0
0
0
0
0
0
0
0
0
0
-2.909
0
0
0
0
0
0
0
0
0
9.7452
0
0
0
0
0
0
0
0
0
0
0
0
0
0
0
0
0
0
0
0
0
0
0
0
0
0
0
0
0
0
0
0
0
0
0
0
0
0
0
0
0
0
0
0
0
0
0
0
0
0
0
-4.9064
0
0
0
0
0
0
0
0
0
0
0
0
0
0
0
0
0
0
0
0
0
0
0
0
0
0
0
0
0
0
0
0
0
0
0
0
0
0
0
0
-4.526
0
0
0
0
0
0
0
0
0
0
0
0
0
0
0
0
0
0
0
0
0
0
0
0
0
0
0
0
0
0
0
0
9.4324
0
0
0
0
0
0
0
0
0
0
0
0
0
0
0
0
0
0
0
0
0
0
0
0
0
0
0
0
0
0
0
0
0
0
0
0
0
0
0
0
0
0
0
0
0
0
0
0
0
0
0
0
0
0
0
0
0
0
0
0
0
0
0
0
0
0
0
0
0
0
0
0
0
0
0
0
0
0
0
0
0
0
0
0
0
0
0
0
0
0
0
0
0
0
0
0
0
0
0
0
0
0
0
0
0
0
0
0
0
0
0
0
0
0
0
0
0
-3.2138
0
0
0
0
0
0
0
7.5528
0
-4.3389
0
0
0
0
0
0
0
0
0
0
0
0
0
0
0
0
0
0
0
0
0
0
0
0
0
0
0
0
0
0
0
0
0
0
0
0
0
0
0
0
0
0
0
0
0
0
0
0
0
0
0
-4.716
0
0
0
0
0
0
0
0
0
0
0
0
0
0
0
0
0
0
0
0
0
0
0
0
0
0
0
0
0
0
0
0
0
0
0
0
0
0
0
0
0
-4.5579
0
0
0
0
0
0
0
0
0
0
0
0
0
0
0
0
0
0
0
0
0
0
0
0
0
0
0
0
0
9.274
0
0
0
0
0
0
0
0
0
0
0
0
0
0
0
0
0
0
0
0
0
0
0
0
0
0
0
0
0
0
0
0
0
0
0
0
0
0
0
0
0
0
0
0
0
0
0
0
0
0
0
0
0
0
0
0
0
0
0
0
0
0
0
0
0
0
0
0
0
0
0
0
0
0
0
0
0
0
0
0
-4.0601
0
0
0
0
0
0
0
0
0
0
0
0
0
0
0
0
0
0
0
0
0
0
0
0
0
0
0
0
0
0
0
0
0
0
0
0
0
0
0
0
0
0
-4.3389
0
8.399
0
0
0
0
0
0
0
0
0
0
0
0
0
0
0
0
0
0
0
0
0
0
0
0
0
0
0
0
0
0
0
0
0
0
0
0
0
0
0
0
0
0
0
0
0
0
0
0
0
0
0
0
0
0
0
0
0
0
0
0
0
0
0
0
0
0
0
0
0
0
0
0
0
0
0
0
0
0
0
0
0
0
0
0
0
0
0
0
0
0
0
0
-4.4567
0
0
0
0
0
0
0
0
0
0
0
0
0
0
0
0
0
0
0
0
0
0
0
0
0
0
0
0
0
0
0
0
8.3914
0
0
0
0
0
0
-3.9347
0
0
0
0
0
0
0
0
0
0
0
0
0
0
0
0
0
0
0
0
0
0
0
0
0
0
0
0
0
0
0
0
0
-2.9664
0
0
0
0
0
0
0
0
0
0
0
0
0
0
0
0
0
0
0
0
0
0
0
0
0
0
0
0
0
0
0
0
0
0
0
0
0
0
0
0
0
0
0
0
0
0
0
0
0
0
0
0
0
0
0
0
0
0
-2.72
0
0
0
0
0
0
0
0
0
0
0
0
0
0
0
0
0
0
0
0
0
0
0
0
0
5.6864
0
0
0
0
0
0
0
0
0
0
0
0
0
0
0
0
0
0
0
0
0
0
0
0
0
0
0
0
0
0
0
0
0
0
0
0
0
0
0
0
0
0
0
0
0
0
0
0
0
0
0
0
-4.0888
0
0
0
0
0
0
0
0
0
0
0
0
0
0
0
0
0
0
0
0
0
0
0
0
0
0
0
0
0
0
0
0
0
0
0
0
0
0
0
0
0
0
0
0
0
0
0
0
0
0
0
0
0
0
0
0
0
0
0
0
0
0
0
0
0
0
0
0
0
0
0
0
8.4032
0
0
-4.3144
0
0
0
0
0
0
0
0
0
0
0
0
0
0
0
0
0
0
0
0
0
0
0
0
0
0
0
0
0
0
0
0
0
0
0
0
0
0
0
0
0
0
0
0
0
0
0
0
0
0
0
0
0
0
0
0
-3.9168
0
0
0
0
0
0
0
0
0
0
0
0
0
0
0
0
0
0
0
0
0
0
0
0
0
0
0
0
0
0
0
0
0
0
0
0
-3.2752
0
0
0
0
0
0
0
0
0
0
0
0
0
0
0
0
0
0
0
0
0
0
0
0
0
0
0
0
7.1921
0
0
0
0
0
0
0
0
0
0
0
0
0
0
0
0
0
0
0
0
0
0
0
0
0
0
0
0
0
0
0
0
0
0
0
0
0
0
0
0
0
0
0
0
0
0
0
0
0
0
0
0
0
0
0
0
0
0
0
0
0
0
0
0
0
0
0
0
0
0
0
0
0
0
-1.9027
0
0
0
0
0
0
0
0
0
0
0
0
0
0
0
0
0
0
0
0
0
0
0
0
0
0
0
0
0
0
0
0
0
0
-3.3955
0
0
0
0
0
0
0
0
0
0
0
0
0
0
0
5.2982
0
0
0
0
0
0
0
0
0
0
0
0
0
0
0
0
0
0
0
0
0
0
0
0
0
0
0
0
0
0
0
0
0
0
0
0
0
0
0
0
0
0
0
0
0
0
0
0
0
0
0
0
0
0
0
0
0
0
0
0
0
0
0
0
0
0
0
0
0
0
0
0
0
0
0
0
0
0
0
0
0
0
0
0
0
0
0
0
0
0
0
0
0
0
0
0
0
0
0
0
0
0
0
0
0
0
0
0
0
-3.1959
0
0
0
0
0
0
0
0
0
0
0
0
-4.3144
0
0
7.5103
0
0
0
0
0
0
0
0
0
0
0
0
0
0
0
0
0
0
0
0
0
0
0
0
0
0
0
0
0
0
0
0
0
0
0
0
0
0
0
0
0
0
0
0
0
0
0
0
0
0
0
0
0
0
0
0
0
0
-3.2647
0
0
0
0
0
0
0
0
0
0
0
0
0
0
0
0
0
0
0
0
0
0
0
0
0
0
0
0
0
0
0
0
0
0
0
0
0
0
0
0
0
0
0
0
0
0
-2.935
0
0
0
0
0
0
0
0
0
0
0
0
0
0
0
0
0
0
0
6.1997
0
0
0
0
0
0
0
0
0
0
0
0
0
0
0
0
0
0
0
0
0
0
0
0
0
0
0
0
0
0
0
0
0
0
0
0
0
0
0
0
0
0
0
0
0
0
0
0
0
0
0
0
0
0
0
0
0
0
0
0
0
0
0
0
0
0
0
0
0
0
0
0
0
0
0
0
0
0
0
0
0
0
0
0
0
0
0
0
0
0
0
0
0
0
0
0
0
0
0
0
0
-4.0204
0
0
0
0
0
0
0
0
0
0
0
0
0
0
0
0
-3.9347
0
0
0
0
0
0
7.9552
0
0
0
0
0
0
0
0
0
0
0
0
0
0
0
0
0
0
0
0
0
0
0
0
0
0
0
0
0
0
0
0
0
0
0
0
0
0
0
0
0
0
0
0
0
0
0
0
0
0
0
0
0
0
0
0
0
0
0
0
0
0
0
0
0
0
0
0
0
0
0
0
0
0
0
0
0
0
0
0
-2.9457
0
0
0
0
0
0
0
0
0
0
0
0
0
0
0
-2.8735
0
0
0
0
0
0
0
0
0
0
0
0
0
0
0
0
0
0
0
0
0
0
0
0
0
0
0
0
5.8192
0
0
0
0
0
0
0
0
0
0
0
0
0
0
0
0
0
0
0
0
0
0
0
0
0
0
0
0
0
0
0
0
0
0
0
0
0
0
0
0
0
0
0
0
0
0
0
0
0
0
0
0
0
0
0
0
0
0
0
0
0
-4.4613
0
0
0
0
0
0
0
0
0
0
0
0
0
0
0
0
0
0
0
0
0
0
0
0
-3.8685
0
0
0
0
0
0
0
0
0
0
0
0
0
0
0
0
0
0
0
0
0
0
0
0
0
0
0
0
0
0
0
0
0
0
0
0
0
0
8.3298
0
0
0
0
0
0
0
0
0
0
0
0
0
0
0
0
0
0
0
0
0
0
0
0
0
0
0
0
-7.7885
0
0
0
0
0
0
0
0
0
0
0
0
0
0
0
0
0
0
0
0
0
0
0
0
0
0
0
0
0
0
0
0
0
0
0
0
0
0
0
0
0
0
0
0
0
0
0
0
0
0
0
0
0
0
0
0
0
0
0
0
0
0
0
0
0
0
0
0
0
0
0
0
0
0
0
0
0
0
0
0
0
0
0
0
0
0
0
0
0
0
0
0
0
0
0
0
7.7885
0
0
0
0
0
0
0
0
0
0
0
0
0
0
0
0
0
0
0
0
0
0
0
0
0
0
0
0
0
0
0
0
0
0
0
0
0
0
0
0
0
0
0
0
0
0
0
0
0
0
0
0
0
0
0
0
0
0
0
0
0
0
0
0
0
0
0
0
0
0
0
0
0
0
0
0
0
0
0
0
0
0
0
0
0
0
0
0
0
0
0
0
0
0
0
0
0
0
0
0
0
0
0
0
0
0
-4.5119
0
0
0
0
0
0
0
0
0
0
0
0
0
0
0
0
0
0
4.5119
0
0
0
0
0
0
0
0
0
0
0
0
0
0
0
0
0
0
0
0
0
0
0
0
0
0
0
0
0
0
0
0
0
0
0
0
0
0
0
0
0
0
0
0
0
0
0
0
0
0
0
0
0
0
0
0
0
0
0
0
0
0
0
0
0
0
0
0
0
0
0
0
0
0
0
0
0
0
0
0
0
0
-4.4297
0
0
0
0
0
0
0
0
0
0
0
0
0
0
0
0
0
0
0
0
0
0
0
0
0
0
0
0
0
0
0
0
0
0
0
0
0
0
0
0
0
0
4.4297
0
0
0
0
0
0
0
0
0
0
0
0
0
0
0
0
0
0
0
0
0
0
0
0
0
0
0
0
0
0
0
0
0
0
0
0
0
0
0
0
0
0
0
0
0
0
0
0
0
0
0
0
0
0
0
0
0
0
0
0
0
0
0
0
0
0
0
0
0
0
0
0
0
0
0
0
0
0
-5.4394
0
0
0
0
0
0
0
0
0
0
0
0
0
0
0
0
0
0
0
0
0
0
0
0
0
0
0
0
0
0
0
0
0
0
0
0
0
0
0
0
0
0
0
0
0
0
5.4394
0
0
0
0
0
0
0
0
0
0
0
0
0
0
0
0
0
0
0
0
0
0
0
0
0
0
0
0
0
0
0
0
0
0
0
0
0
0
0
0
0
0
0
0
0
0
-6.692
0
0
0
0
0
0
0
0
0
0
0
0
0
0
0
0
0
0
0
0
0
0
0
0
0
0
0
0
0
0
0
0
0
0
0
0
0
0
0
0
0
0
0
0
0
0
0
0
0
0
0
0
0
0
0
0
0
0
0
0
0
0
0
0
0
0
0
0
0
0
0
0
0
0
0
0
0
0
6.692
0
0
0
0
0
0
0
0
0
0
0
0
0
0
0
0
0
0
0
0
0
0
0
0
0
0
0
0
0
0
0
0
0
0
0
-7.3099
0
0
0
0
0
0
0
0
0
0
0
0
0
0
0
0
0
0
0
0
0
0
0
0
0
0
0
0
0
0
0
0
0
0
0
0
0
0
0
0
0
0
0
0
0
0
0
0
0
0
0
0
0
0
0
0
0
0
0
0
0
0
0
0
0
0
0
0
0
0
0
0
0
0
0
0
0
0
0
0
0
0
0
0
0
0
0
0
0
7.3099
0
0
0
0
0
0
0
0
0
0
0
0
0
0
0
0
0
0
0
0
0
0
0
0
0
0
0
0
0
0
0
0
0
0
0
0
0
0
0
0
0
0
0
0
0
0
0
0
0
0
0
0
0
0
0
0
0
0
0
0
0
0
0
0
0
0
0
0
0
0
0
0
0
0
0
0
0
-5.0143
0
0
0
0
0
0
0
0
0
0
0
0
0
0
0
0
0
0
0
0
0
0
0
0
0
0
0
0
0
0
0
0
0
0
0
0
0
0
0
0
0
0
0
0
0
0
0
5.0143
0
0
0
0
0
0
0
0
0
0
0
0
0
0
0
0
0
0
0
0
-8.4491
0
0
0
0
0
0
0
0
0
0
0
0
0
0
0
0
0
0
0
0
0
0
0
0
0
0
0
0
0
0
0
0
0
0
0
0
0
0
0
0
0
0
0
0
0
0
0
0
0
0
0
0
0
0
0
0
0
0
0
0
0
0
0
0
0
0
0
0
0
0
0
0
0
0
0
0
0
0
0
0
0
0
0
0
0
0
0
0
0
0
0
0
0
0
0
0
0
0
0
0
0
0
0
0
8.4491
0
0
0
0
0
0
0
0
0
0
0
0
0
0
0
0
0
0
0
0
0
0
0
0
0
0
0
0
0
0
0
0
0
0
0
0
0
0
0
0
0
0
0
0
0
0
0
-6.126
0
0
0
0
0
0
0
0
0
0
0
0
0
0
0
0
0
0
0
0
0
0
0
0
0
0
0
0
0
0
0
0
0
0
0
0
0
0
0
0
0
0
0
0
0
0
0
0
0
0
0
0
0
0
0
0
0
0
0
0
0
0
0
0
0
0
0
0
0
0
0
0
0
0
0
0
0
6.126
0
0
0
0
0
0
0
0
0
0
0
0
0
0
0
0
0
0
0
0
0
0
0
0
0
0
0
0
0
0
0
0
0
0
0
0
0
0
0
0
0
0
0
0
0
0
0
0
0
0
0
0
0
0
0
0
0
0
0
0
0
0
0
0
0
0
0
0
0
0
0
0
0
0
0
0
0
0
0
0
0
0
0
0
0
0
0
0
0
0
0
0
0
-1.5134
0
0
0
0
0
0
0
0
0
0
0
0
0
0
0
0
0
0
0
0
0
0
0
0
0
0
0
0
0
0
0
1.5134
0
0
0
0
0
0
0
0
0
0
0
0
0
0
0
0
0
0
0
0
0
0
0
0
0
0
0
0
0
0
0
0
0
0
0
0
0
0
0
0
0
0
0
0
0
0
0
0
0
0
0
0
0
0
0
0
0
0
0
0
0
0
0
0
0
0
0
-5.2905
0
0
0
0
0
0
0
0
0
0
0
0
0
0
0
0
0
0
0
0
0
0
0
0
0
0
0
0
0
0
0
0
0
0
0
0
0
0
0
0
0
0
0
0
0
0
0
0
0
0
0
0
0
0
0
0
0
5.2905
0
0
0
0
0
0
0
0
0
0
0
0
0
0
0
0
0
0
0
0
0
0
0
0
0
0
0
0
0
0
0
0
0
0
0
0
0
0
0
0
0
0
0
0
0
0
0
0
0
0
0
0
0
0
0
0
0
0
0
0
0
0
0
0
0
0
0
0
0
0
0
0
-5.0143
0
0
0
0
0
0
0
0
0
0
0
0
0
0
0
0
0
0
0
0
0
0
0
0
0
0
0
0
0
0
0
0
0
0
0
0
0
0
0
0
0
0
0
0
0
0
0
0
0
0
0
0
5.0143
0
0
0
0
0
0
0
0
0
0
0
0
0
0
0
0
0
0
0
0
0
0
0
0
0
0
0
0
0
0
0
0
0
0
0
0
0
0
0
-6.691
0
0
0
0
0
0
0
0
0
0
0
0
0
0
0
0
0
0
0
0
0
0
0
0
0
0
0
0
0
0
0
0
0
0
0
0
0
0
0
0
0
0
0
0
0
0
0
0
0
0
0
0
0
0
0
0
0
0
0
0
0
0
0
0
0
0
0
0
0
0
0
0
0
0
0
0
0
0
0
0
0
0
0
0
0
6.691
0
0
0
0
0
0
0
0
0
0
0
0
0
0
0
0
0
0
0
0
0
0
0
0
0
0
0
0
0
0
0
0
0
0
0
0
0
0
0
0
0
0
0
0
0
0
0
0
0
0
0
0
0
0
0
0
0
0
0
0
0
0
0
0
0
0
0
0
0
0
0
0
0
0
0
0
0
0
0
0
0
0
0
0
0
0
0
0
0
0
0
0
-3.9812
0
0
0
0
0
0
0
0
0
0
0
0
0
0
0
0
0
0
0
0
0
0
0
0
0
0
0
0
0
0
0
0
3.9812
0
0
0
0
0
0
0
0
0
0
0
0
0
0
0
0
0
0
0
0
0
0
0
0
0
0
0
0
0
0
0
0
0
0
0
0
0
0
0
0
0
0
0
0
0
0
0
0
0
0
0
0
0
0
0
0
0
0
0
0
0
0
0
0
0
0
0
-5.4394
0
0
0
0
0
0
0
0
0
0
0
0
0
0
0
0
0
0
0
0
0
0
0
0
0
0
0
0
0
0
0
0
0
0
0
0
0
0
0
0
0
0
0
0
0
0
0
0
0
0
0
0
0
0
0
0
0
5.4394
0
0
0
0
0
0
0
0
0
0
0
-8.4251
0
0
0
0
0
0
0
0
0
0
0
0
0
0
0
0
0
0
0
0
0
0
0
0
0
0
0
0
0
0
0
0
0
0
0
0
0
0
0
0
0
0
0
0
0
0
0
0
0
0
0
0
0
0
0
0
0
0
0
0
0
0
0
0
0
0
0
0
0
0
0
0
0
0
0
0
0
0
0
0
0
0
0
0
0
0
0
0
0
0
0
0
0
0
0
0
0
0
0
0
0
0
0
0
0
0
0
0
0
0
0
0
0
8.4251
0
0
0
0
0
0
0
0
0
0
0
0
0
0
0
0
0
0
0
0
0
0
0
0
0
0
0
0
0
0
0
0
0
0
0
0
0
0
0
0
0
0
0
0
0
0
0
0
0
0
0
0
0
0
0
0
0
0
0
0
0
0
0
0
0
0
0
0
0
0
0
0
0
0
0
0
0
0
0
0
-4.1591
0
0
0
0
0
0
0
0
0
0
0
0
0
0
0
0
0
0
0
0
0
0
0
0
0
0
0
0
0
0
0
0
0
0
0
0
0
0
0
0
0
0
0
0
4.1591
0
0
0
0
0
0
0
0
0
0
0
0
0
0
0
0
0
0
0
0
0
0
0
0
0
0
0
0
0
0
0
0
0
0
0
0
0
0
0
0
0
0
0
0
0
0
0
0
0
0
0
0
0
0
0
0
0
0
0
0
0
0
0
0
0
0
0
0
0
0
0
0
0
0
0
0
-4.4235
0
0
0
0
0
0
0
0
0
0
0
0
0
0
0
0
0
0
0
0
0
0
0
0
0
0
0
0
0
0
0
0
0
0
0
0
0
0
0
0
0
0
0
0
0
0
0
0
4.4235
0
0
0
0
0
0
0
0
0
0
0
0
0
0
0
0
0
0
0
0
0
0
0
0
0
0
0
0
0
0
0
0
0
0
0
0
0
0
0
0
0
0
0
0
0
0
0
0
0
0
0
0
0
0
0
0
0
0
0
0
0
0
0
0
-5.1082
0
0
0
0
0
0
0
0
0
0
0
0
0
0
0
0
0
0
0
0
0
0
0
0
0
0
0
0
0
0
0
0
0
0
0
0
0
0
0
0
0
0
0
0
0
0
0
0
0
0
0
0
0
0
0
0
0
0
0
0
5.1082
0
0
0
0
0
0
0
0
0
0
-7.9541
0
0
0
0
0
0
0
0
0
0
0
0
0
0
0
0
0
0
0
0
0
0
0
0
0
0
0
0
0
0
0
0
0
0
0
0
0
0
0
0
0
0
0
0
0
0
0
0
0
0
0
0
0
0
0
0
0
0
0
0
0
0
0
0
0
0
0
0
0
0
0
0
0
0
0
0
0
0
0
0
0
0
0
0
0
0
0
0
0
0
0
0
0
0
0
0
0
0
0
0
0
0
0
0
0
0
0
0
0
0
0
0
0
0
7.9541
0
0
0
0
0
0
0
0
0
0
0
0
0
0
0
0
0
0
0
0
0
0
0
0
0
0
0
0
0
0
0
0
0
0
0
0
0
0
0
0
0
0
0
0
0
0
0
0
0
0
0
0
0
0
0
0
0
0
0
0
0
0
0
0
0
0
0
0
0
0
0
0
0
0
0
0
0
0
0
-0.59637
0
0
0
0
0
0
0
0
0
0
0
0
0
0
0
0
0
0
0
0
0
0
0
0
0
0
0
0
0
0
0
0
0
0
0
0
0
0
0
0
0
0
0
0
0
0.59637
0
0
0
0
0
0
0
0
0
0
0
0
0
0
0
0
0
0
0
0
0
0
0
0
0
0
0
0
0
0
0
0
0
0
0
0
0
0
0
0
0
0
0
0
0
0
0
0
0
0
0
0
0
0
0
0
0
0
0
0
0
0
0
0
0
0
0
0
0
0
0
0
0
0
0
0
0
0
0
0
0
0
0
0
0
0
0
0
-4.1588
0
0
0
0
0
0
0
0
0
0
0
0
0
0
0
0
0
0
0
0
0
0
0
0
0
0
0
0
0
0
0
0
0
0
0
0
4.1588
0
0
0
0
0
0
0
0
0
0
0
0
0
0
0
0
0
0
0
0
0
0
0
0
0
0
0
0
0
0
0
0
0
0
0
0
0
0
0
0
0
0
0
0
0
0
0
0
0
0
0
0
0
0
0
0
0
0
0
0
0
0
0
0
0
0
0
0
0
0
0
0
0
0
-4.1591
0
0
0
0
0
0
0
0
0
0
0
0
0
0
0
0
0
0
0
0
0
0
0
0
0
0
0
0
0
0
0
0
0
0
0
0
0
0
0
0
0
0
0
0
0
0
0
0
0
0
4.1591
0
0
0
0
0
0
0
0
0
0
0
0
0
0
0
0
0
0
0
0
-7.3098
0
0
0
0
0
0
0
0
0
0
0
0
0
0
0
0
0
0
0
0
0
0
0
0
0
0
0
0
0
0
0
0
0
0
0
0
0
0
0
0
0
0
0
0
0
0
0
0
0
0
0
0
0
0
0
0
0
0
0
0
0
0
0
0
0
0
0
0
0
0
0
0
0
0
0
0
0
0
0
0
0
0
0
0
0
0
0
0
0
0
0
0
0
0
0
0
0
0
0
0
0
0
0
0
7.3098
0
0
0
0
0
0
0
0
0
0
0
0
0
0
0
0
0
0
0
0
0
0
0
0
0
0
0
0
0
0
0
0
0
0
0
0
0
0
0
0
0
0
0
0
0
0
0
0
0
0
0
0
0
0
0
0
0
0
0
0
0
0
0
0
0
0
0
0
0
0
0
-4.3721
0
0
0
0
0
0
0
0
0
0
0
0
0
0
0
0
0
0
0
0
0
0
0
0
0
0
0
0
0
0
0
0
0
0
0
0
0
0
0
0
0
0
0
0
0
0
0
0
0
0
0
0
0
4.3721
0
0
0
0
0
0
0
0
0
0
0
0
0
0
0
0
0
0
0
0
0
0
0
0
0
0
0
0
0
0
0
0
0
0
0
0
0
0
0
0
0
0
0
0
0
0
0
0
0
0
0
0
0
0
0
0
0
0
0
0
0
0
0
0
0
0
0
0
0
0
0
0
0
0
0
0
-3.7683
0
0
0
0
0
0
0
0
0
0
0
0
0
0
0
0
0
0
0
0
0
0
0
0
0
0
0
0
0
0
0
0
0
0
0
0
0
0
0
0
0
0
0
0
0
0
0
0
3.7683
