77.1427
-0.90188
-0.89029
-0.88979
-0.88851
-0.89339
-0.87842
-0.88372
-0.87798
-0.87508
-0.88022
-0.89705
-0.85003
-0.84999
-0.91482
-0.896
-0.85567
-0.9148
-0.87779
-0.86448
-0.86449
-0.87469
-0.86966
-0.85568
-0.88257
-0.8825
-0.86537
-0.84904
-0.85365
-0.85901
-0.86207
-0.85145
-0.86209
-0.84841
-0.86525
-0.84841
-0.85517
-0.84683
-0.86725
-0.8714
-0.85471
-0.84222
-0.84
-0.8591
-0.83875
-0.83876
-0.84413
-0.83387
-0.85281
-0.82431
-0.8142
-0.85874
-0.85607
-0.83616
-0.85385
-0.91332
-0.89139
-0.9285
-0.89832
-0.97698
-1.0523
-1.0118
-1.0726
-1.034
-1.0928
-1.3087
-1.233
-1.3919
-1.4022
-1.9182
0
-2.3384
0
0
0
-2.4625
0
0
0
0
0
0
0
0
0
0
0
0
0
0
0
0
0
0
0
0
0
0
0
0
0
0
0
0
0
0
0
0
0
0
0
0
0
0
-8.5532
0
0
0
0
0
0
0
0
0
0
-0.90188
75.1177
-0.87976
-0.87951
-0.88078
-0.88422
-0.86948
-0.87475
-0.86904
-0.86616
-0.87094
-0.88756
-0.8408
-0.84076
-0.90528
-0.88647
-0.84646
-0.90528
-0.86828
-0.85522
-0.85524
-0.86725
-0.86022
-0.84674
-0.87334
-0.87326
-0.85617
-0.83979
-0.84557
-0.84986
-0.85283
-0.83626
-0.85282
-0.83923
-0.85547
-0.83924
-0.84595
-0.84005
-0.85777
-0.86215
-0.84776
-0.8331
-0.83056
-0.85364
-0.82966
-0.82967
-0.83495
-0.82496
-0.84377
-0.81522
-0.80505
-0.84907
-0.8464
-0.82688
-0.84442
-0.90264
-0.88157
-0.91839
-0.88925
-0.96611
-1.0424
-1.002
-1.0626
-1.0239
-1.0821
-1.2982
-1.2418
-1.3789
-1.3901
0
0
-2.3241
0
-2.9775
0
0
0
0
0
0
0
0
0
0
0
0
0
0
0
0
0
0
0
0
0
0
0
0
0
0
0
0
0
0
0
0
-8.5592
0
0
0
0
0
0
0
0
0
0
0
0
0
0
0
0
0
0
-0.89029
-0.87976
70.8845
-0.87092
-0.8729
-0.87575
-0.86146
-0.86634
-0.86054
-0.85762
-0.86265
-0.8777
-0.8326
-0.83256
-0.896
-0.87655
-0.83816
-0.89598
-0.86018
-0.84691
-0.84693
-0.85703
-0.85205
-0.83868
-0.86458
-0.86448
-0.84774
-0.83154
-0.83775
-0.8415
-0.84462
-0.83356
-0.84463
-0.83109
-0.84534
-0.83108
-0.83774
-0.82976
-0.84924
-0.85393
-0.83958
-0.82496
-0.8225
-0.84625
-0.82155
-0.82155
-0.82675
-0.8168
-0.83569
-0.80712
-0.79697
-0.8408
-0.83588
-0.81877
-0.8365
-0.89419
-0.87331
-0.90846
-0.88097
-0.95234
-1.0341
-0.99375
-1.0543
-1.015
-1.0738
-1.2906
-1.216
-1.3702
-1.3833
0
0
-2.3255
0
0
0
0
0
0
0
0
0
0
0
0
0
0
0
0
0
0
0
0
0
0
0
0
0
0
0
-7.889
0
0
0
0
0
0
0
0
0
0
0
0
0
0
0
0
0
0
0
0
0
0
0
0
0
-0.88979
-0.87951
-0.87092
70.4229
-0.87052
-0.87106
-0.85955
-0.86178
-0.85597
-0.85295
-0.858
-0.87317
-0.82795
-0.8279
-0.89054
-0.87195
-0.83348
-0.89053
-0.85569
-0.84221
-0.84221
-0.8524
-0.8475
-0.83407
-0.85925
-0.85917
-0.84263
-0.82678
-0.83299
-0.83665
-0.83989
-0.8293
-0.83988
-0.82643
-0.84166
-0.82643
-0.83309
-0.8252
-0.84217
-0.84923
-0.83502
-0.82032
-0.81897
-0.84203
-0.81693
-0.81692
-0.82201
-0.81224
-0.83089
-0.80252
-0.79237
-0.8357
-0.83149
-0.81416
-0.8321
-0.8869
-0.87013
-0.90115
-0.87479
-0.95003
-1.0291
-0.9888
-1.0493
-1.0092
-1.0685
-1.2854
-1.2116
-1.3698
-1.3774
0
0
0
0
0
0
0
0
-1.9932
0
0
0
0
0
0
0
0
0
0
0
0
0
0
0
0
0
0
0
0
0
0
0
0
0
0
0
0
0
0
0
0
0
0
0
0
0
0
0
0
-8.0637
0
0
0
0
0
0
-0.88851
-0.88078
-0.8729
-0.87052
65.2717
-0.88132
-0.86508
-0.87089
-0.86507
-0.86218
-0.86741
-0.87818
-0.83695
-0.83691
-0.90212
-0.87909
-0.84255
-0.9021
-0.86531
-0.8515
-0.8515
-0.86251
-0.85685
-0.8436
-0.86964
-0.86955
-0.85318
-0.83618
-0.84274
-0.84753
-0.84917
-0.83872
-0.84918
-0.83557
-0.85299
-0.83558
-0.84218
-0.8348
-0.85413
-0.85859
-0.84259
-0.82954
-0.82785
-0.85131
-0.82602
-0.82602
-0.83154
-0.82143
-0.84087
-0.81159
-0.80135
-0.84678
-0.83389
-0.82326
-0.84153
-0.90228
-0.87932
-0.91323
-0.88686
-0.96251
-1.039
-0.9985
-1.0592
-1.0209
-1.0814
-1.2975
-1.2255
-1.3824
-1.3969
-1.9254
0
-2.3418
0
0
0
0
0
0
0
0
0
0
0
0
0
0
0
0
0
0
0
0
0
0
0
0
0
0
0
0
0
0
0
0
0
0
0
0
0
0
0
0
0
0
0
0
0
0
0
0
0
0
0
0
0
-0.89339
-0.88422
-0.87575
-0.87106
-0.88132
64.0891
-0.86854
-0.87167
-0.86586
-0.86302
-0.86829
-0.8794
-0.83777
-0.83773
-0.90379
-0.88054
-0.84363
-0.90377
-0.86662
-0.85267
-0.85268
-0.86356
-0.85821
-0.84475
-0.86972
-0.86964
-0.85341
-0.83695
-0.84352
-0.84727
-0.85034
-0.83982
-0.85035
-0.83672
-0.85372
-0.83672
-0.8433
-0.83577
-0.85509
-0.85974
-0.84551
-0.83063
-0.82851
-0.85267
-0.82713
-0.82711
-0.83218
-0.82279
-0.84147
-0.8127
-0.80242
-0.84869
-0.83544
-0.82432
-0.84267
-0.90265
-0.88193
-0.91468
-0.88872
-0.96326
-1.0407
-1.0002
-1.061
-1.0207
-1.0641
-1.3002
-1.2271
-1.3834
-1.3997
0
0
0
0
0
0
0
0
0
0
0
0
0
0
0
0
0
0
0
0
0
-3.0164
0
0
0
0
0
0
0
0
0
0
0
0
0
0
0
0
0
0
0
0
0
0
0
0
0
0
0
0
0
0
0
0
0
0
-0.87842
-0.86948
-0.86146
-0.85955
-0.86508
-0.86854
62.5638
-0.85992
-0.85386
-0.8509
-0.85595
-0.86628
-0.82567
-0.82562
-0.89347
-0.86746
-0.8312
-0.89344
-0.85391
-0.84015
-0.84017
-0.8508
-0.8455
-0.83232
-0.85813
-0.85805
-0.8417
-0.82489
-0.83142
-0.83625
-0.8378
-0.82736
-0.83779
-0.82423
-0.8415
-0.82423
-0.83076
-0.82345
-0.84255
-0.84712
-0.83291
-0.81816
-0.81636
-0.83997
-0.81467
-0.81467
-0.82021
-0.81023
-0.82951
-0.80028
-0.79007
-0.83537
-0.82237
-0.81185
-0.82982
-0.89041
-0.86791
-0.90164
-0.87553
-0.95053
-1.0268
-0.98639
-1.0469
-1.0089
-1.0691
-1.285
-1.2129
-1.3688
-1.3842
0
0
-2.3261
0
0
0
0
0
0
0
0
0
0
0
0
0
0
0
0
0
0
0
0
0
0
0
0
0
0
0
0
0
0
0
0
0
0
0
0
0
0
0
0
0
0
0
0
0
0
0
0
0
0
0
0
0
-0.88372
-0.87475
-0.86634
-0.86178
-0.87089
-0.87167
-0.85992
60.4124
-0.85605
-0.85316
-0.85843
-0.86924
-0.82774
-0.8277
-0.89177
-0.87021
-0.83337
-0.89175
-0.85642
-0.84249
-0.84249
-0.85408
-0.84797
-0.83471
-0.86083
-0.86075
-0.84415
-0.82713
-0.83385
-0.83911
-0.84021
-0.8298
-0.84021
-0.8266
-0.84431
-0.8266
-0.83312
-0.82576
-0.84544
-0.84951
-0.83536
-0.82052
-0.81868
-0.84246
-0.81697
-0.81698
-0.82243
-0.81272
-0.8316
-0.80259
-0.79236
-0.8379
-0.82485
-0.81418
-0.83285
-0.89355
-0.87138
-0.90457
-0.87835
-0.9532
-1.0295
-0.98905
-1.0496
-1.0114
-1.0718
-1.2879
-1.2154
-1.3723
-1.388
0
0
0
0
0
0
0
0
0
0
0
0
0
0
0
0
0
0
0
0
0
0
0
0
0
0
0
0
0
0
0
0
0
0
0
0
0
0
0
0
0
0
0
0
0
0
0
0
0
0
0
0
0
0
0
0
-0.87798
-0.86904
-0.86054
-0.85597
-0.86507
-0.86586
-0.85386
-0.85605
58.5969
-0.84666
-0.85162
-0.8626
-0.82101
-0.82097
-0.88569
-0.86378
-0.82676
-0.88566
-0.84984
-0.83598
-0.83599
-0.84915
-0.84151
-0.82819
-0.85443
-0.85435
-0.83764
-0.82062
-0.82735
-0.83301
-0.83372
-0.82334
-0.83373
-0.82014
-0.83803
-0.82014
-0.82658
-0.81925
-0.83891
-0.8429
-0.8288
-0.814
-0.81221
-0.83586
-0.81046
-0.81046
-0.81592
-0.8062
-0.82497
-0.7961
-0.78589
-0.83126
-0.81903
-0.80768
-0.82632
-0.88705
-0.86476
-0.89774
-0.87163
-0.94647
-1.0226
-0.98219
-1.0426
-1.0047
-1.0648
-1.2804
-1.2079
-1.3651
0
0
0
0
0
0
0
0
0
0
0
0
0
0
0
0
0
0
0
0
0
0
0
0
0
0
0
0
0
0
0
0
0
0
0
0
0
0
0
0
0
0
0
0
0
0
0
0
0
0
0
0
0
0
0
0
0
-0.87508
-0.86616
-0.85762
-0.85295
-0.86218
-0.86302
-0.8509
-0.85316
-0.84666
57.0074
-0.84842
-0.85881
-0.81692
-0.81687
-0.88193
-0.86012
-0.82305
-0.88192
-0.84644
-0.83247
-0.83248
-0.8448
-0.83796
-0.82467
-0.85143
-0.85135
-0.83432
-0.81706
-0.82382
-0.83034
-0.83025
-0.81985
-0.83026
-0.81667
-0.83497
-0.81666
-0.82307
-0.81572
-0.83523
-0.83936
-0.82528
-0.81052
-0.80855
-0.83221
-0.80695
-0.80696
-0.81237
-0.80276
-0.82145
-0.79262
-0.78239
-0.82784
-0.81549
-0.8042
-0.82276
-0.88337
-0.86103
-0.89459
-0.8684
-0.94291
-1.019
-0.97868
-1.039
-1.0012
-1.0611
-1.277
-1.2038
0
0
0
0
0
0
0
0
0
0
0
0
0
0
0
0
0
0
0
0
0
0
0
0
0
0
0
0
0
0
0
0
0
0
0
0
0
0
0
0
0
0
0
0
0
0
0
0
0
0
0
0
0
0
0
0
0
0
-0.88022
-0.87094
-0.86265
-0.858
-0.86741
-0.86829
-0.85595
-0.85843
-0.85162
-0.84842
59.5028
-0.86374
-0.82229
-0.82226
-0.88637
-0.86448
-0.82804
-0.88635
-0.85057
-0.8372
-0.83722
-0.83875
-0.84232
-0.82947
-0.85545
-0.85537
-0.83882
-0.82155
-0.82842
-0.83388
-0.83491
-0.82447
-0.83491
-0.82131
-0.8388
-0.82132
-0.82778
-0.82087
-0.83998
-0.8441
-0.82997
-0.81519
-0.81358
-0.83635
-0.81166
-0.81165
-0.81676
-0.80724
-0.82617
-0.79729
-0.78708
-0.83252
-0.82051
-0.80888
-0.82728
-0.88882
-0.86568
-0.89938
-0.87274
-0.94799
-1.0241
-0.9838
-1.0443
-1.0064
-1.0667
-1.2821
0
0
0
0
0
0
0
0
0
0
0
0
0
0
0
-3.4057
0
0
0
0
0
0
0
0
0
0
0
0
0
0
0
0
0
0
0
0
0
0
0
0
0
0
0
0
0
0
0
0
0
0
0
0
0
0
0
0
0
0
0
-0.89705
-0.88756
-0.8777
-0.87317
-0.87818
-0.8794
-0.86628
-0.86924
-0.8626
-0.85881
-0.86374
60.4624
-0.83307
-0.83304
-0.89807
-0.87615
-0.83763
-0.89805
-0.86083
-0.84671
-0.84672
-0.85997
-0.85241
-0.83934
-0.86714
-0.86704
-0.84791
-0.8319
-0.83829
-0.84503
-0.8442
-0.8356
-0.84421
-0.83045
-0.84966
-0.83046
-0.83673
-0.83079
-0.85163
-0.85439
-0.84022
-0.8254
-0.82333
-0.84761
-0.8217
-0.8217
-0.8281
-0.81763
-0.83431
-0.80738
-0.79714
-0.84416
-0.78318
-0.81882
-0.83721
-0.89985
-0.87714
-0.91334
-0.88469
-0.96447
-1.0342
-0.9937
-1.0544
-1.021
-1.0783
0
0
0
0
0
0
0
0
0
0
0
0
0
0
0
0
0
0
0
0
-4.9923
0
0
0
0
0
0
0
0
0
0
0
0
0
0
0
0
0
0
0
0
0
0
0
0
0
0
0
0
0
0
0
0
0
0
0
0
0
0
0
-0.85003
-0.8408
-0.8326
-0.82795
-0.83695
-0.83777
-0.82567
-0.82774
-0.82101
-0.81692
-0.82229
-0.83307
54.1431
-0.78197
-0.85605
-0.83437
-0.79791
-0.85603
-0.81999
-0.80734
-0.80735
-0.8213
-0.81241
-0.79958
-0.82668
-0.82658
-0.8076
-0.79156
-0.79823
-0.80654
-0.80488
-0.79418
-0.80487
-0.7913
-0.80925
-0.79129
-0.79742
-0.79063
-0.80891
-0.81344
-0.79943
-0.78499
-0.7829
-0.80594
-0.78142
-0.78143
-0.78658
-0.77714
-0.79563
-0.76719
-0.7571
-0.80179
-0.78957
-0.77865
-0.79678
-0.85619
-0.83447
-0.86751
-0.84209
-0.91591
-0.9917
-0.9517
-1.0116
-0.97374
-1.0334
-1.2478
0
0
0
0
0
0
0
0
0
0
0
0
0
0
0
0
0
0
0
0
0
0
0
0
0
0
0
0
0
0
0
0
0
0
0
0
0
0
0
0
0
0
0
0
0
0
0
0
0
0
0
0
0
0
0
0
0
0
0
-0.84999
-0.84076
-0.83256
-0.8279
-0.83691
-0.83773
-0.82562
-0.8277
-0.82097
-0.81687
-0.82226
-0.83304
-0.78197
54.1404
-0.85603
-0.83434
-0.79788
-0.856
-0.81995
-0.8073
-0.80731
-0.82127
-0.81238
-0.79955
-0.82663
-0.82655
-0.80756
-0.79151
-0.79818
-0.80651
-0.80484
-0.79415
-0.80485
-0.79125
-0.8092
-0.79126
-0.79739
-0.79058
-0.80887
-0.8134
-0.79938
-0.78494
-0.78286
-0.80588
-0.78138
-0.78138
-0.78652
-0.77711
-0.79558
-0.76716
-0.75706
-0.80175
-0.78953
-0.77862
-0.79673
-0.85614
-0.83443
-0.86746
-0.84204
-0.91587
-0.99165
-0.95166
-1.0115
-0.97369
-1.0333
-1.2477
0
0
0
0
0
0
0
0
0
0
0
0
0
0
0
0
0
0
0
0
0
0
0
0
0
0
0
0
0
0
0
0
0
0
0
0
0
0
0
0
0
0
0
0
0
0
0
0
0
0
0
0
0
0
0
0
0
0
0
-0.91482
-0.90528
-0.896
-0.89054
-0.90212
-0.90379
-0.89347
-0.89177
-0.88569
-0.88193
-0.88637
-0.89807
-0.85605
-0.85603
62.1418
-0.89758
-0.86023
-0.92489
-0.88245
-0.86902
-0.86903
-0.88049
-0.87427
-0.86106
-0.8877
-0.88762
-0.87037
-0.85325
-0.85971
-0.86423
-0.8666
-0.85603
-0.8666
-0.85284
-0.86998
-0.85284
-0.85945
-0.85276
-0.87158
-0.8759
-0.86158
-0.84666
-0.84407
-0.8681
-0.84308
-0.84307
-0.84848
-0.83874
-0.85733
-0.82862
-0.81827
-0.86268
-0.85484
-0.8403
-0.85854
-0.91708
-0.89594
-0.93005
-0.90375
-0.98117
-1.0573
-1.0167
-1.0776
0
0
0
0
0
0
0
0
0
0
0
0
0
0
0
0
0
0
0
0
0
0
0
0
0
0
0
0
0
0
0
0
0
0
0
0
0
0
0
0
0
-7.4195
0
0
0
0
0
0
0
0
0
0
0
0
0
0
0
0
0
0
0
0
-0.896
-0.88647
-0.87655
-0.87195
-0.87909
-0.88054
-0.86746
-0.87021
-0.86378
-0.86012
-0.86448
-0.87615
-0.83437
-0.83434
-0.89758
58.2065
-0.83803
-0.89756
-0.86114
-0.84713
-0.84714
-0.86446
-0.85284
-0.83967
-0.86804
-0.86797
-0.85017
-0.83209
-0.83865
-0.84686
-0.84474
-0.8363
-0.84474
-0.83196
-0.85085
-0.83196
-0.8385
-0.83143
-0.85137
-0.85487
-0.8407
-0.82565
-0.82341
-0.84782
-0.82212
-0.82213
-0.82825
-0.81681
-0.83539
-0.8078
-0.79749
-0.84368
-0.83362
-0.81929
-0.83752
-0.89909
-0.87675
-0.8709
-0.88409
-0.9627
-1.0351
-0.99461
-1.0553
0
0
0
0
0
0
0
0
0
0
0
0
0
0
0
0
0
0
0
0
0
0
0
0
-4.7987
0
0
0
0
0
0
0
0
0
0
0
0
0
0
0
0
0
0
0
0
0
0
0
0
0
0
0
0
0
0
0
0
0
0
0
0
0
-0.85567
-0.84646
-0.83816
-0.83348
-0.84255
-0.84363
-0.8312
-0.83337
-0.82676
-0.82305
-0.82804
-0.83763
-0.79791
-0.79788
-0.86023
-0.83803
52.1772
-0.86021
-0.82435
-0.81406
-0.81408
-0.8229
-0.81878
-0.80492
-0.82805
-0.82796
-0.81038
-0.79676
-0.80374
-0.80389
-0.8102
-0.79944
-0.8102
-0.7964
-0.80998
-0.79639
-0.80251
-0.79592
-0.81461
-0.81865
-0.80474
-0.79008
-0.78814
-0.81176
-0.78646
-0.78646
-0.79184
-0.78246
-0.80077
-0.77218
-0.76205
-0.80735
-0.79525
-0.78376
-0.80197
-0.86251
-0.84035
-0.87318
-0.8473
-0.92076
-0.99681
-0.9567
-1.0168
-0.97911
0
0
0
0
0
0
0
0
0
0
0
0
0
0
0
0
0
0
0
0
0
0
0
0
0
0
0
0
0
0
0
0
0
0
0
0
0
0
0
0
0
0
0
0
0
0
0
0
0
0
0
0
0
0
0
0
0
0
0
0
0
-0.9148
-0.90528
-0.89598
-0.89053
-0.9021
-0.90377
-0.89344
-0.89175
-0.88566
-0.88192
-0.88635
-0.89805
-0.85603
-0.856
-0.92489
-0.89756
-0.86021
62.1406
-0.88243
-0.869
-0.86903
-0.88046
-0.87425
-0.86104
-0.88769
-0.8876
-0.87036
-0.85323
-0.8597
-0.86421
-0.86658
-0.85601
-0.86659
-0.85282
-0.86998
-0.85282
-0.85944
-0.85274
-0.87157
-0.87588
-0.86156
-0.84664
-0.84406
-0.86809
-0.84305
-0.84305
-0.84846
-0.83872
-0.85731
-0.8286
-0.81824
-0.86267
-0.85482
-0.84029
-0.85853
-0.91706
-0.89592
-0.93003
-0.90374
-0.98115
-1.0573
-1.0166
-1.0776
0
0
0
0
0
0
0
0
0
0
0
0
0
0
0
0
0
0
0
0
0
0
0
0
0
0
0
0
0
0
0
0
0
0
0
0
0
0
0
0
0
0
0
0
0
0
0
0
0
0
0
0
0
0
0
0
0
0
0
-7.4194
0
0
-0.87779
-0.86828
-0.86018
-0.85569
-0.86531
-0.86662
-0.85391
-0.85642
-0.84984
-0.84644
-0.85057
-0.86083
-0.81999
-0.81995
-0.88245
-0.86114
-0.82435
-0.88243
56.7005
-0.83371
-0.83372
-0.84669
-0.83692
-0.82562
-0.8528
-0.85272
-0.83559
-0.818
-0.82484
-0.83234
-0.83143
-0.82056
-0.83143
-0.81777
-0.83316
-0.81777
-0.82405
-0.81706
-0.83642
-0.8403
-0.82614
-0.81146
-0.81011
-0.82113
-0.80787
-0.80788
-0.81314
-0.8037
-0.82184
-0.79352
-0.78359
-0.82882
-0.81703
-0.80544
-0.82356
-0.88575
-0.86305
-0.8957
-0.86932
-0.94384
-1.021
-0.98067
-1.0411
0
0
0
0
0
0
0
0
0
0
0
0
0
0
0
0
0
0
0
0
0
0
0
0
0
0
0
0
-4.1598
0
0
0
0
0
0
0
0
0
0
0
0
0
0
0
0
0
0
0
0
0
0
0
0
0
0
0
0
0
0
0
0
0
-0.86448
-0.85522
-0.84691
-0.84221
-0.8515
-0.85267
-0.84015
-0.84249
-0.83598
-0.83247
-0.8372
-0.84671
-0.80734
-0.8073
-0.86902
-0.84713
-0.81406
-0.869
-0.83371
50.6949
-0.8141
-0.8308
-0.82353
-0.81197
-0.83665
-0.83657
-0.82229
-0.80403
-0.8109
-0.81247
-0.81816
-0.8073
-0.81816
-0.80439
-0.82198
-0.80439
-0.81073
-0.80443
-0.8236
-0.82709
-0.81327
-0.79838
-0.79659
-0.82082
-0.79468
-0.79468
-0.80029
-0.791
-0.80932
-0.78042
-0.77019
-0.81628
-0.8041
-0.79208
-0.81065
-0.87258
-0.84994
-0.88324
-0.85637
-0.9295
-1.0059
-0.96553
0
0
0
0
0
0
0
0
0
0
0
0
0
0
0
0
0
0
0
0
0
0
0
0
0
0
0
0
0
0
0
0
0
0
0
0
0
0
0
0
0
0
0
0
0
0
0
0
0
0
0
0
0
0
0
0
0
0
0
0
0
0
0
-0.86449
-0.85524
-0.84693
-0.84221
-0.8515
-0.85268
-0.84017
-0.84249
-0.83599
-0.83248
-0.83722
-0.84672
-0.80735
-0.80731
-0.86903
-0.84714
-0.81408
-0.86903
-0.83372
-0.8141
50.6956
-0.83081
-0.82354
-0.81199
-0.83665
-0.83658
-0.8223
-0.80405
-0.81091
-0.81248
-0.81817
-0.80732
-0.81817
-0.80441
-0.82198
-0.80441
-0.81074
-0.80443
-0.82361
-0.8271
-0.81329
-0.79839
-0.79659
-0.82083
-0.7947
-0.7947
-0.8003
-0.79101
-0.80934
-0.78042
-0.77021
-0.81629
-0.8041
-0.79209
-0.81067
-0.8726
-0.84996
-0.88324
-0.85639
-0.92951
-1.0059
-0.96553
0
0
0
0
0
0
0
0
0
0
0
0
0
0
0
0
0
0
0
0
0
0
0
0
0
0
0
0
0
0
0
0
0
0
0
0
0
0
0
0
0
0
0
0
0
0
0
0
0
0
0
0
0
0
0
0
0
0
0
0
0
0
0
-0.87469
-0.86725
-0.85703
-0.8524
-0.86251
-0.86356
-0.8508
-0.85408
-0.84915
-0.8448
-0.83875
-0.85997
-0.8213
-0.82127
-0.88049
-0.86446
-0.8229
-0.88046
-0.84669
-0.8308
-0.83081
58.0681
-0.83449
-0.82043
-0.84835
-0.84827
-0.83028
-0.80844
-0.82009
-0.82662
-0.82747
-0.81578
-0.82748
-0.81377
-0.83077
-0.81376
-0.82003
-0.80512
-0.81855
-0.836
-0.82182
-0.80728
-0.80561
-0.82714
-0.80371
-0.80371
-0.80199
-0.8001
-0.8174
-0.78946
-0.77927
-0.82359
-0.8139
-0.80152
-0.82448
-0.87951
-0.85535
-0.89066
-0.86604
0
0
0
0
0
0
0
0
0
0
0
0
0
0
0
0
0
0
0
0
0
-2.8332
-3.3792
0
0
-3.5233
0
0
0
0
0
0
0
0
0
0
0
0
0
0
0
0
0
0
0
0
0
0
0
0
0
0
0
0
0
0
0
0
0
0
0
0
0
0
0
0
-0.86966
-0.86022
-0.85205
-0.8475
-0.85685
-0.85821
-0.8455
-0.84797
-0.84151
-0.83796
-0.84232
-0.85241
-0.81241
-0.81238
-0.87427
-0.85284
-0.81878
-0.87425
-0.83692
-0.82353
-0.82354
-0.83449
51.2273
-0.8162
-0.84059
-0.84051
-0.82644
-0.80829
-0.81509
-0.81622
-0.82273
-0.81143
-0.82274
-0.80884
-0.81763
-0.80883
-0.81516
-0.80866
-0.82829
-0.83153
-0.81759
-0.80277
-0.80151
-0.82249
-0.799
-0.79899
-0.80464
-0.79523
-0.81346
-0.78469
-0.77447
-0.82082
-0.80932
-0.79644
-0.81496
-0.87873
-0.85549
-0.88873
-0.86099
0
0
0
0
0
0
0
0
0
0
0
0
0
0
0
0
0
0
0
-3.1722
0
0
0
0
0
0
0
0
0
0
0
0
0
0
0
0
0
0
0
0
0
0
0
0
0
0
0
0
0
0
0
0
0
0
0
0
0
0
0
0
0
0
0
0
0
0
-0.85568
-0.84674
-0.83868
-0.83407
-0.8436
-0.84475
-0.83232
-0.83471
-0.82819
-0.82467
-0.82947
-0.83934
-0.79958
-0.79955
-0.86106
-0.83967
-0.80492
-0.86104
-0.82562
-0.81197
-0.81199
-0.82043
-0.8162
48.9776
-0.82765
-0.82755
-0.81314
-0.79323
-0.8017
-0.80421
-0.81061
-0.79595
-0.81062
-0.79612
-0.81253
-0.79612
-0.80204
-0.79383
-0.81405
-0.81825
-0.8043
-0.7897
-0.7878
-0.81013
-0.78588
-0.78587
-0.79125
-0.78226
-0.80012
-0.77162
-0.76146
-0.8072
-0.79568
-0.78333
-0.80139
-0.86269
-0.84062
-0.8736
-0.84729
0
0
0
0
0
0
0
0
0
0
0
0
0
0
0
0
0
0
0
0
-1.6735
0
0
0
0
0
0
0
0
0
0
0
0
0
0
0
0
0
0
0
0
0
0
0
0
0
0
0
0
0
0
0
0
0
0
0
0
0
0
0
0
0
0
0
0
0
-0.88257
-0.87334
-0.86458
-0.85925
-0.86964
-0.86972
-0.85813
-0.86083
-0.85443
-0.85143
-0.85545
-0.86714
-0.82668
-0.82663
-0.8877
-0.86804
-0.82805
-0.88769
-0.8528
-0.83665
-0.83665
-0.84835
-0.84059
-0.82765
55.484
-0.85267
-0.8335
-0.81911
-0.82581
-0.83098
-0.8334
-0.82221
-0.8334
-0.8195
-0.83545
-0.8195
-0.82561
-0.81863
-0.83611
-0.84171
-0.82742
-0.81298
-0.81013
-0.83336
-0.80935
-0.80935
-0.81381
-0.8049
-0.82309
-0.7949
-0.78466
-0.82773
-0.81944
-0.8066
-0.82365
-0.88057
-0.86119
-0.89406
-0.86914
0
0
0
0
0
0
0
0
0
0
0
0
0
0
0
0
0
0
0
0
0
0
0
0
0
0
0
0
0
0
0
0
0
0
0
0
0
0
0
0
0
0
0
0
-6.7961
0
0
0
0
0
0
0
0
0
0
0
0
0
0
0
0
0
0
0
0
0
-0.8825
-0.87326
-0.86448
-0.85917
-0.86955
-0.86964
-0.85805
-0.86075
-0.85435
-0.85135
-0.85537
-0.86704
-0.82658
-0.82655
-0.88762
-0.86797
-0.82796
-0.8876
-0.85272
-0.83657
-0.83658
-0.84827
-0.84051
-0.82755
-0.85267
55.4784
-0.83342
-0.81904
-0.82573
-0.83089
-0.8333
-0.82213
-0.83331
-0.81942
-0.83535
-0.81943
-0.82552
-0.81856
-0.83604
-0.84163
-0.82734
-0.81289
-0.81005
-0.83329
-0.80926
-0.80926
-0.81372
-0.80482
-0.82302
-0.79483
-0.78459
-0.82766
-0.81937
-0.80652
-0.82356
-0.88048
-0.86112
-0.89397
-0.86907
0
0
0
0
0
0
0
0
0
0
0
0
0
0
0
0
0
0
0
0
0
0
0
0
0
0
0
0
0
0
0
0
0
0
0
0
0
0
0
0
0
0
0
0
0
0
0
0
0
0
0
0
-6.7952
0
0
0
0
0
0
0
0
0
0
0
0
0
-0.86537
-0.85617
-0.84774
-0.84263
-0.85318
-0.85341
-0.8417
-0.84415
-0.83764
-0.83432
-0.83882
-0.84791
-0.8076
-0.80756
-0.87037
-0.85017
-0.81038
-0.87036
-0.83559
-0.82229
-0.8223
-0.83028
-0.82644
-0.81314
-0.8335
-0.83342
53.0174
-0.80457
-0.81123
-0.80932
-0.81851
-0.80776
-0.81851
-0.805
-0.81655
-0.805
-0.81156
-0.80413
-0.82242
-0.82781
-0.81374
-0.79885
-0.79674
-0.81947
-0.79516
-0.79518
-0.80002
-0.79091
-0.79874
-0.78165
-0.77141
-0.81501
-0.80261
-0.79299
-0.81116
-0.86761
-0.84869
0
0
0
0
0
0
0
0
0
0
0
0
0
0
0
0
0
0
0
-2.9437
0
0
0
0
0
0
0
0
0
0
0
0
0
0
0
-4.0149
0
0
0
0
0
0
0
0
0
0
0
0
0
0
0
0
0
0
0
0
0
0
0
0
0
0
0
0
0
0
0
0
-0.84904
-0.83979
-0.83154
-0.82678
-0.83618
-0.83695
-0.82489
-0.82713
-0.82062
-0.81706
-0.82155
-0.8319
-0.79156
-0.79151
-0.85325
-0.83209
-0.79676
-0.85323
-0.818
-0.80403
-0.80405
-0.80844
-0.80829
-0.79323
-0.81911
-0.81904
-0.80457
48.6852
-0.79271
-0.79382
-0.80396
-0.79005
-0.80397
-0.78842
-0.80542
-0.78841
-0.79357
-0.78682
-0.79798
-0.80946
-0.79552
-0.78127
-0.77951
-0.80216
-0.77721
-0.77722
-0.77446
-0.77433
-0.79153
-0.76339
-0.75316
-0.79844
-0.78778
-0.77511
-0.79271
-0.85343
-0.83012
-0.86521
0
0
0
0
0
0
0
0
0
0
0
0
0
0
0
0
-2.6975
0
0
0
0
0
0
0
0
0
0
0
0
0
0
0
0
0
0
0
0
0
0
0
0
0
0
0
0
0
0
0
0
0
0
0
0
0
0
0
0
0
0
0
0
0
0
0
0
0
0
-0.85365
-0.84557
-0.83775
-0.83299
-0.84274
-0.84352
-0.83142
-0.83385
-0.82735
-0.82382
-0.82842
-0.83829
-0.79823
-0.79818
-0.85971
-0.83865
-0.80374
-0.8597
-0.82484
-0.8109
-0.81091
-0.82009
-0.81509
-0.8017
-0.82581
-0.82573
-0.81123
-0.79271
49.7263
-0.80148
-0.80969
-0.79655
-0.8097
-0.79499
-0.81092
-0.79499
-0.80065
-0.79355
-0.81206
-0.81679
-0.80276
-0.78828
-0.78636
-0.80571
-0.78446
-0.78448
-0.78958
-0.78075
-0.79855
-0.77019
-0.76002
-0.8053
-0.79402
-0.78198
-0.79975
-0.8604
-0.83905
-0.87204
0
0
0
0
0
0
0
0
0
0
0
0
0
0
0
0
0
0
0
0
0
0
0
0
0
0
0
0
0
0
0
0
0
0
0
0
0
-3.3447
0
0
0
0
0
0
0
0
0
0
0
0
0
0
0
0
0
0
0
0
0
0
0
0
0
0
0
0
0
-0.85901
-0.84986
-0.8415
-0.83665
-0.84753
-0.84727
-0.83625
-0.83911
-0.83301
-0.83034
-0.83388
-0.84503
-0.80654
-0.80651
-0.86423
-0.84686
-0.80389
-0.86421
-0.83234
-0.81247
-0.81248
-0.82662
-0.81622
-0.80421
-0.83098
-0.83089
-0.80932
-0.79382
-0.80148
54.7168
-0.81041
-0.79918
-0.81041
-0.79719
-0.80663
-0.79719
-0.80333
-0.79589
-0.81325
-0.81939
-0.80491
-0.79061
-0.78871
-0.81011
-0.7872
-0.78719
-0.78842
-0.78115
-0.80009
-0.77305
-0.76293
-0.80436
-0.79555
-0.78446
-0.7929
-0.85641
-0.82992
0
0
0
0
0
0
0
0
0
0
0
0
0
0
0
-2.8679
0
0
0
0
0
0
0
0
0
0
0
0
0
0
0
0
0
0
0
0
0
0
0
0
0
0
0
0
0
0
0
0
0
0
-6.1956
0
0
0
0
0
0
0
0
0
0
0
0
0
0
0
0
0
-0.86207
-0.85283
-0.84462
-0.83989
-0.84917
-0.85034
-0.8378
-0.84021
-0.83372
-0.83025
-0.83491
-0.8442
-0.80488
-0.80484
-0.8666
-0.84474
-0.8102
-0.86658
-0.83143
-0.81816
-0.81817
-0.82747
-0.82273
-0.81061
-0.8334
-0.8333
-0.81851
-0.80396
-0.80969
-0.81041
46.7725
-0.80678
-0.80949
-0.79994
-0.81727
-0.79993
-0.80629
-0.80046
-0.82138
-0.82285
-0.80915
-0.79441
-0.79261
-0.8173
-0.79039
-0.79038
-0.79627
-0.78723
-0.8053
-0.77616
-0.76589
-0.81304
-0.8008
-0.78808
-0.80675
-0.86975
-0.84725
-0.8816
0
0
0
0
0
0
0
0
0
0
0
0
0
0
0
0
0
0
0
0
0
0
0
0
0
0
0
0
0
0
0
0
0
0
0
0
0
0
0
0
0
0
0
0
0
0
0
0
0
0
0
0
0
0
0
0
0
0
0
0
0
0
0
0
0
0
0
-0.85145
-0.83626
-0.83356
-0.8293
-0.83872
-0.83982
-0.82736
-0.8298
-0.82334
-0.81985
-0.82447
-0.8356
-0.79418
-0.79415
-0.85603
-0.8363
-0.79944
-0.85601
-0.82056
-0.8073
-0.80732
-0.81578
-0.81143
-0.79595
-0.82221
-0.82213
-0.80776
-0.79005
-0.79655
-0.79918
-0.80678
48.1687
-0.80679
-0.79189
-0.8069
-0.79189
-0.79741
-0.7887
-0.80716
-0.81347
-0.79928
-0.78425
-0.78273
-0.80422
-0.78062
-0.78062
-0.78595
-0.7758
-0.79515
-0.76658
-0.75631
-0.80147
-0.79198
-0.77783
-0.79574
-0.85401
-0.8338
0
0
0
0
0
0
0
0
0
0
0
0
0
0
0
0
-2.8695
0
0
0
0
0
0
0
0
0
0
0
0
0
0
0
0
0
0
0
0
0
0
0
0
0
0
0
0
0
0
0
0
0
0
0
0
0
0
0
0
0
0
0
0
0
0
0
0
0
0
0
-0.86209
-0.85282
-0.84463
-0.83988
-0.84918
-0.85035
-0.83779
-0.84021
-0.83373
-0.83026
-0.83491
-0.84421
-0.80487
-0.80485
-0.8666
-0.84474
-0.8102
-0.86659
-0.83143
-0.81816
-0.81817
-0.82748
-0.82274
-0.81062
-0.8334
-0.83331
-0.81851
-0.80397
-0.8097
-0.81041
-0.80949
-0.80679
46.7727
-0.79994
-0.81728
-0.79993
-0.80631
-0.80046
-0.82139
-0.82286
-0.80917
-0.79441
-0.79262
-0.81731
-0.79039
-0.79039
-0.79628
-0.78723
-0.80531
-0.77617
-0.76589
-0.81304
-0.8008
-0.78808
-0.80676
-0.86976
-0.84725
-0.88161
0
0
0
0
0
0
0
0
0
0
0
0
0
0
0
0
0
0
0
0
0
0
0
0
0
0
0
0
0
0
0
0
0
0
0
0
0
0
0
0
0
0
0
0
0
0
0
0
0
0
0
0
0
0
0
0
0
0
0
0
0
0
0
0
0
0
0
-0.84841
-0.83923
-0.83109
-0.82643
-0.83557
-0.83672
-0.82423
-0.8266
-0.82014
-0.81667
-0.82131
-0.83045
-0.7913
-0.79125
-0.85284
-0.83196
-0.7964
-0.85282
-0.81777
-0.80439
-0.80441
-0.81377
-0.80884
-0.79612
-0.8195
-0.81942
-0.805
-0.78842
-0.79499
-0.79719
-0.79994
-0.79189
-0.79994
45.1351
-0.80417
-0.77914
-0.79327
-0.78604
-0.80784
-0.81005
-0.79615
-0.78048
-0.77945
-0.80613
-0.77689
-0.77689
-0.78251
-0.7729
-0.79165
-0.7631
-0.75303
-0.7997
-0.78708
-0.77472
-0.79346
-0.8527
-0.83279
0
0
0
0
0
0
0
0
0
0
0
0
0
0
0
0
0
0
0
0
0
0
0
0
0
0
0
0
0
0
0
0
0
0
0
0
0
0
0
0
0
0
0
0
0
0
0
0
0
0
0
0
0
0
0
0
0
0
0
0
0
0
0
0
0
0
0
0
-0.86525
-0.85547
-0.84534
-0.84166
-0.85299
-0.85372
-0.8415
-0.84431
-0.83803
-0.83497
-0.8388
-0.84966
-0.80925
-0.8092
-0.86998
-0.85085
-0.80998
-0.86998
-0.83316
-0.82198
-0.82198
-0.83077
-0.81763
-0.81253
-0.83545
-0.83535
-0.81655
-0.80542
-0.81092
-0.80663
-0.81727
-0.8069
-0.81728
-0.80417
54.1472
-0.80418
-0.81039
-0.80226
-0.82122
-0.82659
-0.81179
-0.79768
-0.79564
-0.81444
-0.79436
-0.79438
-0.79919
-0.7891
-0.79644
-0.78018
-0.77013
-0.81269
-0.80318
-0.79202
0
0
0
0
0
0
0
0
0
0
0
0
0
0
0
0
0
0
0
0
0
0
-2.929
0
-3.149
0
0
0
0
0
0
0
0
0
0
0
0
0
0
0
0
0
0
0
-4.5784
0
0
0
0
0
0
0
0
0
0
0
0
0
0
0
0
0
0
0
0
0
0
0
0
0
0
-0.84841
-0.83924
-0.83108
-0.82643
-0.83558
-0.83672
-0.82423
-0.8266
-0.82014
-0.81666
-0.82132
-0.83046
-0.79129
-0.79126
-0.85284
-0.83196
-0.79639
-0.85282
-0.81777
-0.80439
-0.80441
-0.81376
-0.80883
-0.79612
-0.8195
-0.81943
-0.805
-0.78841
-0.79499
-0.79719
-0.79993
-0.79189
-0.79993
-0.77914
-0.80418
45.1351
-0.79325
-0.78605
-0.80784
-0.81005
-0.79615
-0.78048
-0.77944
-0.80613
-0.77687
-0.77689
-0.78251
-0.77291
-0.79165
-0.76309
-0.75304
-0.79969
-0.78708
-0.77472
-0.79346
-0.8527
-0.8328
0
0
0
0
0
0
0
0
0
0
0
0
0
0
0
0
0
0
0
0
0
0
0
0
0
0
0
0
0
0
0
0
0
0
0
0
0
0
0
0
0
0
0
0
0
0
0
0
0
0
0
0
0
0
0
0
0
0
0
0
0
0
0
0
0
0
0
0
-0.85517
-0.84595
-0.83774
-0.83309
-0.84218
-0.8433
-0.83076
-0.83312
-0.82658
-0.82307
-0.82778
-0.83673
-0.79742
-0.79739
-0.85945
-0.8385
-0.80251
-0.85944
-0.82405
-0.81073
-0.81074
-0.82003
-0.81516
-0.80204
-0.82561
-0.82552
-0.81156
-0.79357
-0.80065
-0.80333
-0.80629
-0.79741
-0.80631
-0.79327
-0.81039
-0.79325
43.8232
-0.79229
-0.81358
-0.82186
-0.80548
-0.78881
-0.78858
-0.80599
-0.78646
-0.78647
-0.79209
-0.7812
-0.80094
-0.77122
-0.76063
-0.80681
-0.79607
-0.78251
-0.80216
0
0
0
0
0
0
0
0
0
0
0
0
0
0
0
0
0
0
0
0
0
0
0
0
0
0
0
0
0
0
0
0
0
0
0
0
0
0
0
0
0
0
0
0
0
0
0
0
0
0
0
0
0
0
0
0
0
0
0
0
0
0
0
0
0
0
0
0
0
0
-0.84683
-0.84005
-0.82976
-0.8252
-0.8348
-0.83577
-0.82345
-0.82576
-0.81925
-0.81572
-0.82087
-0.83079
-0.79063
-0.79058
-0.85276
-0.83143
-0.79592
-0.85274
-0.81706
-0.80443
-0.80443
-0.80512
-0.80866
-0.79383
-0.81863
-0.81856
-0.80413
-0.78682
-0.79355
-0.79589
-0.80046
-0.7887
-0.80046
-0.78604
-0.80226
-0.78605
-0.79229
44.6096
-0.8071
-0.81342
-0.79557
-0.7822
-0.7796
-0.79982
-0.77842
-0.77842
-0.78249
-0.77219
-0.79052
-0.76338
-0.75336
-0.79813
0
-0.77533
0
0
0
0
0
0
0
0
0
0
0
0
0
0
0
0
0
0
0
0
0
0
0
0
0
0
-2.7699
0
0
0
0
0
0
0
0
0
0
0
0
0
0
0
0
0
0
0
0
0
0
0
0
0
0
0
0
0
0
0
0
0
0
0
0
0
0
0
0
0
0
0
0
-0.86725
-0.85777
-0.84924
-0.84217
-0.85413
-0.85509
-0.84255
-0.84544
-0.83891
-0.83523
-0.83998
-0.85163
-0.80891
-0.80887
-0.87158
-0.85137
-0.81461
-0.87157
-0.83642
-0.8236
-0.82361
-0.81855
-0.82829
-0.81405
-0.83611
-0.83604
-0.82242
-0.79798
-0.81206
-0.81325
-0.82138
-0.80716
-0.82139
-0.80784
-0.82122
-0.80784
-0.81358
-0.8071
47.4519
-0.83053
-0.816
-0.801
-0.79993
-0.8263
-0.79755
-0.79755
-0.7951
-0.79406
-0.81207
-0.78327
-0.77331
-0.81817
0
0
0
0
0
0
0
0
0
0
0
0
0
0
0
0
0
0
0
0
0
0
0
0
0
-1.9691
0
0
0
0
0
0
-3.4618
0
0
0
0
0
0
0
0
0
0
0
0
0
0
0
0
0
0
0
0
0
0
0
0
0
0
0
0
0
0
0
0
0
0
0
0
0
0
0
0
-0.8714
-0.86215
-0.85393
-0.84923
-0.85859
-0.85974
-0.84712
-0.84951
-0.8429
-0.83936
-0.8441
-0.85439
-0.81344
-0.8134
-0.8759
-0.85487
-0.81865
-0.87588
-0.8403
-0.82709
-0.8271
-0.836
-0.83153
-0.81825
-0.84171
-0.84163
-0.82781
-0.80946
-0.81679
-0.81939
-0.82285
-0.81347
-0.82286
-0.81005
-0.82659
-0.81005
-0.82186
-0.81342
-0.83053
43.0969
-0.82911
-0.80415
-0.80833
-0.82216
-0.80297
-0.80297
-0.81173
-0.80097
-0.82115
-0.78973
-0.77875
-0.83058
0
-0.80107
0
0
0
0
0
0
0
0
0
0
0
0
0
0
0
0
0
0
0
0
0
0
0
0
0
0
0
0
0
0
0
0
0
0
0
0
0
0
0
0
0
0
0
0
0
0
0
0
0
0
0
0
0
0
0
0
0
0
0
0
0
0
0
0
0
0
0
0
0
0
0
-0.85471
-0.84776
-0.83958
-0.83502
-0.84259
-0.84551
-0.83291
-0.83536
-0.8288
-0.82528
-0.82997
-0.84022
-0.79943
-0.79938
-0.86158
-0.8407
-0.80474
-0.86156
-0.82614
-0.81327
-0.81329
-0.82182
-0.81759
-0.8043
-0.82742
-0.82734
-0.81374
-0.79552
-0.80276
-0.80491
-0.80915
-0.79928
-0.80917
-0.79615
-0.81179
-0.79615
-0.80548
-0.79557
-0.816
-0.82911
42.6168
-0.78989
-0.791
-0.81461
-0.78997
-0.78997
-0.7947
-0.78545
-0.8031
-0.7744
-0.76463
0
0
0
0
0
0
0
0
0
0
0
0
0
0
0
0
0
0
-1.8581
0
0
0
0
0
0
0
0
0
0
0
0
0
0
0
0
0
0
0
0
0
0
0
0
0
0
0
0
0
0
0
0
0
0
0
0
0
0
0
0
0
0
0
0
0
0
0
0
0
0
0
0
0
0
0
-0.84222
-0.8331
-0.82496
-0.82032
-0.82954
-0.83063
-0.81816
-0.82052
-0.814
-0.81052
-0.81519
-0.8254
-0.78499
-0.78494
-0.84666
-0.82565
-0.79008
-0.84664
-0.81146
-0.79838
-0.79839
-0.80728
-0.80277
-0.7897
-0.81298
-0.81289
-0.79885
-0.78127
-0.78828
-0.79061
-0.79441
-0.78425
-0.79441
-0.78048
-0.79768
-0.78048
-0.78881
-0.7822
-0.801
-0.80415
-0.78989
40.8025
-0.77119
-0.80008
-0.77523
-0.77524
-0.7757
-0.76451
-0.78393
-0.75641
-0.747
-0.79907
0
0
0
0
0
0
0
0
0
0
0
0
0
0
0
0
0
0
0
0
0
0
0
0
0
0
0
0
0
0
0
0
0
0
0
0
0
0
0
0
0
0
0
0
0
0
0
0
0
0
0
0
0
0
0
0
0
0
0
0
0
0
0
0
0
0
0
0
0
0
0
0
0
-0.84
-0.83056
-0.8225
-0.81897
-0.82785
-0.82851
-0.81636
-0.81868
-0.81221
-0.80855
-0.81358
-0.82333
-0.7829
-0.78286
-0.84407
-0.82341
-0.78814
-0.84406
-0.81011
-0.79659
-0.79659
-0.80561
-0.80151
-0.7878
-0.81013
-0.81005
-0.79674
-0.77951
-0.78636
-0.78871
-0.79261
-0.78273
-0.79262
-0.77945
-0.79564
-0.77944
-0.78858
-0.7796
-0.79993
-0.80833
-0.791
-0.77119
41.8543
-0.80196
-0.774
-0.774
-0.77138
-0.76294
-0.77794
-0.75418
-0.74548
0
0
0
0
0
0
0
0
0
0
0
0
0
0
0
0
0
0
0
0
0
0
0
0
0
0
0
0
0
0
0
0
0
0
0
0
0
0
0
0
0
0
-1.935
0
0
0
0
0
0
0
0
0
0
0
0
0
0
0
0
0
0
0
0
0
0
0
0
0
0
0
0
0
0
0
-0.8591
-0.85364
-0.84625
-0.84203
-0.85131
-0.85267
-0.83997
-0.84246
-0.83586
-0.83221
-0.83635
-0.84761
-0.80594
-0.80588
-0.8681
-0.84782
-0.81176
-0.86809
-0.82113
-0.82082
-0.82083
-0.82714
-0.82249
-0.81013
-0.83336
-0.83329
-0.81947
-0.80216
-0.80571
-0.81011
-0.8173
-0.80422
-0.81731
-0.80613
-0.81444
-0.80613
-0.80599
-0.79982
-0.8263
-0.82216
-0.81461
-0.80008
-0.80196
45.9961
-0.79657
-0.79657
-0.79777
0
-0.80456
-0.77897
0
0
0
0
0
0
0
0
0
0
0
0
0
0
0
0
0
0
0
0
0
0
0
0
0
-2.3807
0
0
0
0
0
0
0
0
0
0
0
0
-4.1308
0
0
0
0
0
0
0
0
0
0
0
0
0
0
0
0
0
0
0
0
0
0
0
0
0
0
0
0
0
0
0
0
0
0
0
0
-0.83875
-0.82966
-0.82155
-0.81693
-0.82602
-0.82713
-0.81467
-0.81697
-0.81046
-0.80695
-0.81166
-0.8217
-0.78142
-0.78138
-0.84308
-0.82212
-0.78646
-0.84305
-0.80787
-0.79468
-0.7947
-0.80371
-0.799
-0.78588
-0.80935
-0.80926
-0.79516
-0.77721
-0.78446
-0.7872
-0.79039
-0.78062
-0.79039
-0.77689
-0.79436
-0.77687
-0.78646
-0.77842
-0.79755
-0.80297
-0.78997
-0.77523
-0.774
-0.79657
39.8601
-0.76858
-0.77834
-0.76624
-0.788
-0.75458
-0.74525
0
0
0
0
0
0
0
0
0
0
0
0
0
0
0
0
0
0
0
0
0
0
0
0
0
0
0
0
0
0
0
0
0
0
0
0
0
0
0
0
0
0
0
0
0
0
0
0
0
0
0
0
0
0
0
0
0
0
0
0
0
0
0
0
0
0
0
0
0
0
0
0
0
0
-0.83876
-0.82967
-0.82155
-0.81692
-0.82602
-0.82711
-0.81467
-0.81698
-0.81046
-0.80696
-0.81165
-0.8217
-0.78143
-0.78138
-0.84307
-0.82213
-0.78646
-0.84305
-0.80788
-0.79468
-0.7947
-0.80371
-0.79899
-0.78587
-0.80935
-0.80926
-0.79518
-0.77722
-0.78448
-0.78719
-0.79038
-0.78062
-0.79039
-0.77689
-0.79438
-0.77689
-0.78647
-0.77842
-0.79755
-0.80297
-0.78997
-0.77524
-0.774
-0.79657
-0.76858
39.8603
-0.77835
-0.76625
-0.78801
-0.75458
-0.74524
0
0
0
0
0
0
0
0
0
0
0
0
0
0
0
0
0
0
0
0
0
0
0
0
0
0
0
0
0
0
0
0
0
0
0
0
0
0
0
0
0
0
0
0
0
0
0
0
0
0
0
0
0
0
0
0
0
0
0
0
0
0
0
0
0
0
0
0
0
0
0
0
0
0
-0.84413
-0.83495
-0.82675
-0.82201
-0.83154
-0.83218
-0.82021
-0.82243
-0.81592
-0.81237
-0.81676
-0.8281
-0.78658
-0.78652
-0.84848
-0.82825
-0.79184
-0.84846
-0.81314
-0.80029
-0.8003
-0.80199
-0.80464
-0.79125
-0.81381
-0.81372
-0.80002
-0.77446
-0.78958
-0.78842
-0.79627
-0.78595
-0.79628
-0.78251
-0.79919
-0.78251
-0.79209
-0.78249
-0.7951
-0.81173
-0.7947
-0.7757
-0.77138
-0.79777
-0.77834
-0.77835
39.6589
0
0
0
0
0
0
0
0
0
0
0
0
0
0
0
0
0
0
0
0
0
0
0
0
0
0
0
-2.6495
0
0
0
0
0
0
0
0
0
0
0
0
0
0
0
0
0
0
0
0
0
0
0
0
0
0
0
0
0
0
0
0
0
0
0
0
0
0
0
0
0
0
0
0
0
0
0
0
0
0
-0.83387
-0.82496
-0.8168
-0.81224
-0.82143
-0.82279
-0.81023
-0.81272
-0.8062
-0.80276
-0.80724
-0.81763
-0.77714
-0.77711
-0.83874
-0.81681
-0.78246
-0.83872
-0.8037
-0.791
-0.79101
-0.8001
-0.79523
-0.78226
-0.8049
-0.80482
-0.79091
-0.77433
-0.78075
-0.78115
-0.78723
-0.7758
-0.78723
-0.7729
-0.7891
-0.77291
-0.7812
-0.77219
-0.79406
-0.80097
-0.78545
-0.76451
-0.76294
0
-0.76624
-0.76625
0
38.8917
0
0
0
0
0
0
0
0
0
-0.85944
0
0
0
0
0
0
0
0
0
0
0
0
-2.2333
0
0
0
0
0
0
0
0
0
0
0
0
0
0
0
0
0
0
0
0
0
0
0
0
0
0
0
0
0
0
0
0
0
0
0
0
0
0
0
0
0
0
0
0
0
0
0
0
0
0
0
0
0
0
-0.85281
-0.84377
-0.83569
-0.83089
-0.84087
-0.84147
-0.82951
-0.8316
-0.82497
-0.82145
-0.82617
-0.83431
-0.79563
-0.79558
-0.85733
-0.83539
-0.80077
-0.85731
-0.82184
-0.80932
-0.80934
-0.8174
-0.81346
-0.80012
-0.82309
-0.82302
-0.79874
-0.79153
-0.79855
-0.80009
-0.8053
-0.79515
-0.80531
-0.79165
-0.79644
-0.79165
-0.80094
-0.79052
-0.81207
-0.82115
-0.8031
-0.78393
-0.77794
-0.80456
-0.788
-0.78801
0
0
40.2874
0
0
0
0
0
0
0
0
0
0
0
0
0
0
0
0
0
0
0
0
0
0
0
0
0
0
0
-2.8696
0
0
0
0
0
0
0
0
0
0
0
0
0
0
0
0
0
0
0
0
0
0
0
0
0
0
0
0
0
0
0
0
0
0
0
0
0
0
0
0
0
0
0
0
0
0
0
0
-0.82431
-0.81522
-0.80712
-0.80252
-0.81159
-0.8127
-0.80028
-0.80259
-0.7961
-0.79262
-0.79729
-0.80738
-0.76719
-0.76716
-0.82862
-0.8078
-0.77218
-0.8286
-0.79352
-0.78042
-0.78042
-0.78946
-0.78469
-0.77162
-0.7949
-0.79483
-0.78165
-0.76339
-0.77019
-0.77305
-0.77616
-0.76658
-0.77617
-0.7631
-0.78018
-0.76309
-0.77122
-0.76338
-0.78327
-0.78973
-0.7744
-0.75641
-0.75418
-0.77897
-0.75458
-0.75458
0
0
0
36.1254
0
0
0
0
0
0
0
0
0
0
0
0
0
0
0
0
0
0
0
0
0
0
0
0
0
0
0
0
0
0
0
0
0
0
0
0
0
0
0
0
0
0
0
0
0
0
0
0
0
0
0
0
0
0
0
0
0
0
0
0
0
0
0
0
0
0
0
0
0
0
0
0
0
0
0
-0.8142
-0.80505
-0.79697
-0.79237
-0.80135
-0.80242
-0.79007
-0.79236
-0.78589
-0.78239
-0.78708
-0.79714
-0.7571
-0.75706
-0.81827
-0.79749
-0.76205
-0.81824
-0.78359
-0.77019
-0.77021
-0.77927
-0.77447
-0.76146
-0.78466
-0.78459
-0.77141
-0.75316
-0.76002
-0.76293
-0.76589
-0.75631
-0.76589
-0.75303
-0.77013
-0.75304
-0.76063
-0.75336
-0.77331
-0.77875
-0.76463
-0.747
-0.74548
0
-0.74525
-0.74524
0
0
0
0
34.8914
0
0
0
0
0
0
0
0
0
0
0
0
0
0
0
0
0
0
0
0
0
0
0
0
0
0
0
0
0
0
0
0
0
0
0
0
0
0
0
0
0
0
0
0
0
0
0
0
0
0
0
0
0
0
0
0
0
0
0
0
0
0
0
0
0
0
0
0
0
0
0
0
0
0
-0.85874
-0.84907
-0.8408
-0.8357
-0.84678
-0.84869
-0.83537
-0.8379
-0.83126
-0.82784
-0.83252
-0.84416
-0.80179
-0.80175
-0.86268
-0.84368
-0.80735
-0.86267
-0.82882
-0.81628
-0.81629
-0.82359
-0.82082
-0.8072
-0.82773
-0.82766
-0.81501
-0.79844
-0.8053
-0.80436
-0.81304
-0.80147
-0.81304
-0.7997
-0.81269
-0.79969
-0.80681
-0.79813
-0.81817
-0.83058
0
-0.79907
0
0
0
0
0
0
0
0
0
39.1306
0
0
0
0
0
0
0
0
0
0
0
0
0
0
0
0
0
0
0
0
0
0
0
0
0
0
0
0
0
0
0
0
0
0
0
0
0
0
0
0
0
0
0
0
0
0
0
0
0
0
0
0
0
0
0
0
0
-5.378
0
0
0
0
0
0
0
0
0
0
0
0
0
0
0
-0.85607
-0.8464
-0.83588
-0.83149
-0.83389
-0.83544
-0.82237
-0.82485
-0.81903
-0.81549
-0.82051
-0.78318
-0.78957
-0.78953
-0.85484
-0.83362
-0.79525
-0.85482
-0.81703
-0.8041
-0.8041
-0.8139
-0.80932
-0.79568
-0.81944
-0.81937
-0.80261
-0.78778
-0.79402
-0.79555
-0.8008
-0.79198
-0.8008
-0.78708
-0.80318
-0.78708
-0.79607
0
0
0
0
0
0
0
0
0
0
0
0
0
0
0
37.6803
0
0
0
0
0
0
0
0
0
0
0
0
0
0
0
0
0
0
0
0
0
0
0
0
0
0
0
0
0
0
0
0
-4.5919
0
0
0
0
0
0
0
0
0
0
0
-3.0163
0
0
0
0
0
0
0
0
0
0
0
0
0
0
0
0
0
0
0
0
0
0
0
0
0
0
0
-0.83616
-0.82688
-0.81877
-0.81416
-0.82326
-0.82432
-0.81185
-0.81418
-0.80768
-0.8042
-0.80888
-0.81882
-0.77865
-0.77862
-0.8403
-0.81929
-0.78376
-0.84029
-0.80544
-0.79208
-0.79209
-0.80152
-0.79644
-0.78333
-0.8066
-0.80652
-0.79299
-0.77511
-0.78198
-0.78446
-0.78808
-0.77783
-0.78808
-0.77472
-0.79202
-0.77472
-0.78251
-0.77533
0
-0.80107
0
0
0
0
0
0
0
0
0
0
0
0
0
31.223
0
0
0
0
0
0
0
0
0
0
0
0
0
0
0
0
0
0
0
0
0
0
0
0
0
0
0
0
0
0
0
0
0
0
0
0
0
0
0
0
0
0
0
0
0
0
0
0
0
0
0
0
0
0
0
0
0
0
0
0
0
0
0
0
0
0
0
0
0
0
0
-0.85385
-0.84442
-0.8365
-0.8321
-0.84153
-0.84267
-0.82982
-0.83285
-0.82632
-0.82276
-0.82728
-0.83721
-0.79678
-0.79673
-0.85854
-0.83752
-0.80197
-0.85853
-0.82356
-0.81065
-0.81067
-0.82448
-0.81496
-0.80139
-0.82365
-0.82356
-0.81116
-0.79271
-0.79975
-0.7929
-0.80675
-0.79574
-0.80676
-0.79346
0
-0.79346
-0.80216
0
0
0
0
0
0
0
0
0
0
0
0
0
0
0
0
0
33.8536
0
0
0
0
0
0
0
0
0
0
0
0
0
0
0
0
0
0
0
0
0
0
0
0
0
0
0
-3.7227
-0.62568
0
0
0
0
0
0
0
0
0
0
0
0
0
0
0
0
0
0
0
0
0
0
0
0
0
0
0
0
0
0
0
0
0
0
0
0
0
0
0
0
0
-0.91332
-0.90264
-0.89419
-0.8869
-0.90228
-0.90265
-0.89041
-0.89355
-0.88705
-0.88337
-0.88882
-0.89985
-0.85619
-0.85614
-0.91708
-0.89909
-0.86251
-0.91706
-0.88575
-0.87258
-0.8726
-0.87951
-0.87873
-0.86269
-0.88057
-0.88048
-0.86761
-0.85343
-0.8604
-0.85641
-0.86975
-0.85401
-0.86976
-0.8527
0
-0.8527
0
0
0
0
0
0
0
0
0
0
0
0
0
0
0
0
0
0
0
43.849
0
0
0
0
0
0
0
0
0
0
0
0
0
0
0
0
0
0
0
0
0
-2.0022
0
0
0
0
0
0
0
0
0
0
0
0
0
0
0
0
0
0
0
0
0
0
0
0
-5.522
0
0
0
0
0
0
0
0
0
0
-5.522
0
0
0
0
0
0
0
0
0
0
0
-0.89139
-0.88157
-0.87331
-0.87013
-0.87932
-0.88193
-0.86791
-0.87138
-0.86476
-0.86103
-0.86568
-0.87714
-0.83447
-0.83443
-0.89594
-0.87675
-0.84035
-0.89592
-0.86305
-0.84994
-0.84996
-0.85535
-0.85549
-0.84062
-0.86119
-0.86112
-0.84869
-0.83012
-0.83905
-0.82992
-0.84725
-0.8338
-0.84725
-0.83279
0
-0.8328
0
0
0
0
0
0
0
0
0
0
0
0
0
0
0
0
0
0
0
0
39.779
0
0
0
0
0
0
0
0
0
0
0
0
0
0
0
0
0
0
0
0
0
0
0
0
0
0
0
0
0
0
0
0
-4.5359
0
0
0
0
0
0
0
0
0
0
0
0
0
0
0
0
0
0
0
0
0
0
0
0
0
0
0
-5.2013
0
0
0
0
0
0
0
-0.9285
-0.91839
-0.90846
-0.90115
-0.91323
-0.91468
-0.90164
-0.90457
-0.89774
-0.89459
-0.89938
-0.91334
-0.86751
-0.86746
-0.93005
-0.8709
-0.87318
-0.93003
-0.8957
-0.88324
-0.88324
-0.89066
-0.88873
-0.8736
-0.89406
-0.89397
0
-0.86521
-0.87204
0
-0.8816
0
-0.88161
0
0
0
0
0
0
0
0
0
0
0
0
0
0
-0.85944
0
0
0
0
0
0
0
0
0
42.49
0
0
0
0
0
0
0
0
0
0
0
0
0
0
0
0
0
0
0
0
0
0
0
0
0
0
0
0
0
-4.6351
0
0
0
0
0
0
0
0
0
0
0
0
0
0
0
0
0
-5.0785
0
0
0
0
-5.0785
0
0
0
0
0
0
0
0
0
0
0
0
0
0
-0.89832
-0.88925
-0.88097
-0.87479
-0.88686
-0.88872
-0.87553
-0.87835
-0.87163
-0.8684
-0.87274
-0.88469
-0.84209
-0.84204
-0.90375
-0.88409
-0.8473
-0.90374
-0.86932
-0.85637
-0.85639
-0.86604
-0.86099
-0.84729
-0.86914
-0.86907
0
0
0
0
0
0
0
0
0
0
0
0
0
0
0
0
0
0
0
0
0
0
0
0
0
0
0
0
0
0
0
0
29.441
0
0
0
0
0
0
0
0
0
0
0
-2.2042
0
0
0
0
0
0
0
0
0
0
0
0
0
0
0
0
0
0
0
0
0
0
0
0
0
0
0
0
0
0
-4.5489
0
0
0
0
0
0
0
0
0
0
0
0
0
0
0
0
0
0
0
0
0
0
0
-0.97698
-0.96611
-0.95234
-0.95003
-0.96251
-0.96326
-0.95053
-0.9532
-0.94647
-0.94291
-0.94799
-0.96447
-0.91591
-0.91587
-0.98117
-0.9627
-0.92076
-0.98115
-0.94384
-0.9295
-0.92951
0
0
0
0
0
0
0
0
0
0
0
0
0
0
0
0
0
0
0
0
0
0
0
0
0
0
0
0
0
0
0
0
0
0
0
0
0
0
23.9114
0
0
0
0
0
0
0
0
0
0
0
0
0
0
0
0
0
0
0
0
0
0
0
0
0
0
0
0
0
0
0
0
0
0
0
0
0
0
-3.9542
0
0
0
0
0
0
0
0
0
0
0
0
0
0
0
0
0
0
0
0
0
0
0
0
0
0
-1.0523
-1.0424
-1.0341
-1.0291
-1.039
-1.0407
-1.0268
-1.0295
-1.0226
-1.019
-1.0241
-1.0342
-0.9917
-0.99165
-1.0573
-1.0351
-0.99681
-1.0573
-1.021
-1.0059
-1.0059
0
0
0
0
0
0
0
0
0
0
0
0
0
0
0
0
0
0
0
0
0
0
0
0
0
0
0
0
0
0
0
0
0
0
0
0
0
0
0
21.5564
0
0
0
0
0
0
0
0
0
0
0
0
0
0
0
0
0
0
0
0
0
0
0
0
0
0
0
0
0
0
0
0
0
0
0
0
0
0
0
0
0
0
0
0
0
0
0
0
0
0
0
0
0
0
0
0
0
0
0
0
0
0
0
0
-1.0118
-1.002
-0.99375
-0.9888
-0.9985
-1.0002
-0.98639
-0.98905
-0.98219
-0.97868
-0.9838
-0.9937
-0.9517
-0.95166
-1.0167
-0.99461
-0.9567
-1.0166
-0.98067
-0.96553
-0.96553
0
0
0
0
0
0
0
0
0
0
0
0
0
0
0
0
0
0
0
0
0
0
0
0
0
0
0
0
0
0
0
0
0
0
0
0
0
0
0
0
20.7086
0
0
0
0
0
0
0
0
0
0
0
0
0
0
0
0
0
0
0
0
0
0
0
0
0
0
0
0
0
0
0
0
0
0
0
0
0
0
0
0
0
0
0
0
0
0
0
0
0
0
0
0
0
0
0
0
0
0
0
0
0
0
0
-1.0726
-1.0626
-1.0543
-1.0493
-1.0592
-1.061
-1.0469
-1.0496
-1.0426
-1.039
-1.0443
-1.0544
-1.0116
-1.0115
-1.0776
-1.0553
-1.0168
-1.0776
-1.0411
0
0
0
0
0
0
0
0
0
0
0
0
0
0
0
0
0
0
0
0
0
0
0
0
0
0
0
0
0
0
0
0
0
0
0
0
0
0
0
0
0
0
0
19.9272
0
0
0
0
0
0
0
0
0
0
0
0
0
0
0
0
0
0
0
0
0
0
0
0
0
0
0
0
0
0
0
0
0
0
0
0
0
0
0
0
0
0
0
0
0
0
0
0
0
0
0
0
0
0
0
0
0
0
0
0
0
0
-1.034
-1.0239
-1.015
-1.0092
-1.0209
-1.0207
-1.0089
-1.0114
-1.0047
-1.0012
-1.0064
-1.021
-0.97374
-0.97369
0
0
-0.97911
0
0
0
0
0
0
0
0
0
0
0
0
0
0
0
0
0
0
0
0
0
0
0
0
0
0
0
0
0
0
0
0
0
0
0
0
0
0
0
0
0
0
0
0
0
0
18.4356
0
0
0
0
0
0
0
0
0
0
0
0
0
0
0
0
0
0
0
0
0
0
0
0
0
0
0
0
-3.3321
0
0
0
0
0
0
0
0
0
0
0
0
0
0
0
0
0
0
0
0
0
0
0
0
0
0
0
0
0
0
0
0
-1.0928
-1.0821
-1.0738
-1.0685
-1.0814
-1.0641
-1.0691
-1.0718
-1.0648
-1.0611
-1.0667
-1.0783
-1.0334
-1.0333
0
0
0
0
0
0
0
0
0
0
0
0
0
0
0
0
0
0
0
0
0
0
0
0
0
0
0
0
0
0
0
0
0
0
0
0
0
0
0
0
0
0
0
0
0
0
0
0
0
0
17.7093
0
0
0
0
0
0
0
0
0
0
0
0
0
0
0
0
0
0
0
0
0
0
0
0
0
-2.7682
0
0
0
0
0
0
0
0
0
0
0
0
0
0
0
0
0
0
0
0
0
0
0
0
0
0
0
0
0
0
0
0
0
0
-1.3087
-1.2982
-1.2906
-1.2854
-1.2975
-1.3002
-1.285
-1.2879
-1.2804
-1.277
-1.2821
0
-1.2478
-1.2477
0
0
0
0
0
0
0
0
0
0
0
0
0
0
0
0
0
0
0
0
0
0
0
0
0
0
0
0
0
0
0
0
0
0
0
0
0
0
0
0
0
0
0
0
0
0
0
0
0
0
0
16.6885
0
0
0
0
0
0
0
0
0
0
0
0
0
0
0
0
0
0
0
0
0
0
0
0
0
0
0
0
0
0
0
0
0
0
0
0
0
0
0
0
0
0
0
0
0
0
0
0
0
0
0
0
0
0
0
0
0
0
0
-1.233
-1.2418
-1.216
-1.2116
-1.2255
-1.2271
-1.2129
-1.2154
-1.2079
-1.2038
0
0
0
0
0
0
0
0
0
0
0
0
0
0
0
0
0
0
0
0
0
0
0
0
0
0
0
0
0
0
0
0
0
0
0
0
0
0
0
0
0
0
0
0
0
0
0
0
0
0
0
0
0
0
0
0
14.6609
0
0
0
0
0
0
0
0
0
0
0
0
0
-2.4661
0
0
0
0
0
0
0
0
0
0
0
0
0
0
0
0
0
0
0
0
0
0
0
0
0
0
0
0
0
0
0
0
0
0
0
0
0
0
0
0
0
0
0
0
-1.3919
-1.3789
-1.3702
-1.3698
-1.3824
-1.3834
-1.3688
-1.3723
-1.3651
0
0
0
0
0
0
0
0
0
0
0
0
0
0
0
0
0
0
0
0
0
0
0
0
0
0
0
0
0
0
0
0
0
0
0
0
0
0
0
0
0
0
0
0
0
0
0
0
0
0
0
0
0
0
0
0
0
0
16.8904
0
0
0
0
0
0
0
0
0
0
0
0
0
0
0
0
0
0
0
0
0
0
0
0
0
0
0
0
0
0
0
0
0
0
0
0
0
0
0
0
0
0
0
0
0
0
0
0
-4.5075
0
0
0
0
0
0
0
0
-1.4022
-1.3901
-1.3833
-1.3774
-1.3969
-1.3997
-1.3842
-1.388
0
0
0
0
0
0
0
0
0
0
0
0
0
0
0
0
0
0
0
0
0
0
0
0
0
0
0
0
0
0
0
0
0
0
0
0
0
0
0
0
0
0
0
0
0
0
0
0
0
0
0
0
0
0
0
0
0
0
0
0
14.0466
0
0
0
0
0
0
0
0
0
0
0
0
0
0
0
0
0
0
0
0
0
0
0
0
0
0
0
0
-2.9249
0
0
0
0
0
0
0
0
0
0
0
0
0
0
0
0
0
0
0
0
0
0
0
0
0
0
0
-1.9182
0
0
0
-1.9254
0
0
0
0
0
0
0
0
0
0
0
0
0
0
0
0
0
0
0
0
0
0
0
0
0
0
0
0
0
0
0
0
0
0
0
-1.8581
0
0
0
0
0
0
0
0
0
0
0
0
0
0
0
0
0
0
0
0
0
0
0
0
0
0
0
0
12.7494
0
0
0
0
0
0
0
0
0
0
0
0
0
-2.6087
0
0
0
0
0
0
0
0
0
0
0
0
0
0
0
0
0
0
0
0
0
0
0
0
0
0
0
0
0
0
0
0
0
0
0
0
0
0
0
-4.4391
0
0
0
0
0
0
0
0
0
0
0
0
0
0
0
0
0
0
0
0
0
0
0
0
0
0
0
0
0
0
0
0
0
0
0
0
0
0
0
0
0
0
0
0
0
0
0
0
-2.2333
0
0
0
0
0
0
0
0
0
0
-2.2042
0
0
0
0
0
0
0
0
0
0
0
16.4716
0
0
0
0
0
0
0
0
0
0
0
-3.5515
0
0
0
0
0
0
0
0
0
0
0
0
0
0
0
0
0
0
0
0
0
0
0
0
0
0
0
0
0
0
0
0
-4.2413
0
0
0
0
0
-4.2413
0
0
0
-2.3384
-2.3241
-2.3255
0
-2.3418
0
-2.3261
0
0
0
0
0
0
0
0
0
0
0
0
0
0
0
0
0
0
0
0
0
0
0
0
0
0
0
0
0
0
0
0
0
0
0
0
0
0
0
0
0
0
0
0
0
0
0
0
0
0
0
0
0
0
0
0
0
0
0
0
0
0
0
0
11.6558
0
0
0
0
0
0
0
0
0
0
0
0
0
0
0
0
0
0
0
0
0
0
0
0
0
0
0
0
0
0
0
0
0
0
0
0
0
0
0
0
0
0
0
0
0
0
0
0
0
0
0
0
0
0
0
0
0
0
0
0
0
0
0
0
0
0
0
0
0
0
0
0
0
0
0
0
0
0
0
0
0
0
-2.8679
0
0
0
0
0
0
0
0
0
0
0
0
0
0
0
0
0
0
0
0
0
0
0
0
0
0
0
0
0
0
0
0
0
0
0
0
0
0
0
0
0
0
13.5081
0
-3.2621
0
0
0
0
0
0
0
-3.2988
0
0
0
0
0
0
0
0
0
0
0
0
0
-4.0793
0
0
0
0
0
0
0
0
0
0
0
0
0
0
0
0
0
0
0
0
0
0
0
0
0
0
0
0
0
-2.9775
0
0
0
0
0
0
0
0
0
0
0
0
0
0
0
0
0
0
0
0
0
0
0
0
0
0
0
0
0
-2.8695
0
0
0
0
0
0
0
0
0
0
0
0
0
0
0
0
0
0
0
0
0
0
0
0
0
0
0
0
0
0
0
0
0
0
0
0
0
0
0
0
0
9.3925
0
0
0
0
0
-2.9384
0
0
0
0
0
0
0
0
0
0
0
0
0
0
0
0
0
0
0
0
0
0
0
0
0
0
0
0
0
0
0
0
0
0
0
0
0
0
0
-0.60713
0
0
0
0
0
0
0
0
0
0
0
0
0
0
0
0
0
0
0
0
0
0
0
0
0
0
0
0
0
0
0
0
-2.6975
0
0
0
0
0
0
0
0
0
0
0
0
0
0
0
0
0
0
-2.6495
0
0
0
0
0
0
0
0
0
0
0
0
0
0
0
0
0
0
0
0
0
0
0
0
0
-3.2621
0
11.5479
0
0
0
0
0
0
0
0
0
-2.9388
0
0
0
0
0
0
0
0
0
0
0
0
0
0
0
0
0
0
0
0
0
0
0
0
0
0
0
0
0
0
0
0
0
0
0
0
0
0
0
0
-2.4625
0
0
0
0
0
0
0
0
0
0
0
0
0
0
0
0
0
0
0
0
0
0
0
0
0
0
0
0
0
0
0
0
0
0
0
0
0
0
0
0
0
0
-2.3807
0
0
0
0
0
0
0
0
0
0
0
0
0
0
0
0
0
0
0
0
0
0
0
0
0
0
0
0
0
0
0
11.6498
0
0
0
0
0
0
0
0
0
0
0
0
0
0
0
0
0
0
0
-2.9791
0
0
0
0
0
0
0
0
0
0
0
0
0
0
0
0
0
0
0
0
0
0
0
0
0
0
0
0
-3.8275
0
0
0
0
0
0
0
0
0
0
0
0
0
0
0
0
0
0
0
0
0
0
0
0
0
0
-2.9437
0
0
0
0
0
0
0
-2.929
0
0
0
0
0
0
0
0
0
0
0
0
0
-2.8696
0
0
0
0
0
0
0
0
0
0
0
0
0
0
0
0
0
0
0
0
0
0
0
0
0
0
0
10.28
0
0
0
0
0
0
0
0
0
0
0
0
0
0
0
0
0
0
0
0
0
0
0
0
0
0
0
0
0
0
0
-1.5377
0
0
0
0
0
0
0
0
0
0
0
0
0
0
0
0
0
0
0
-1.9932
0
0
0
0
0
0
0
0
0
0
0
0
0
0
0
0
0
0
0
0
0
0
0
0
0
0
0
0
0
0
0
0
0
0
-1.9691
0
0
0
0
0
0
0
0
0
0
0
0
0
0
0
0
-2.0022
0
0
0
0
0
0
0
0
0
0
0
0
0
0
0
0
0
0
0
0
0
9.4255
0
0
0
0
0
0
0
0
0
0
0
0
0
0
0
-3.4611
0
0
0
0
0
0
0
0
0
0
0
0
0
0
0
0
0
0
0
0
0
0
0
0
0
0
0
0
0
0
0
0
0
0
0
0
0
0
0
0
0
0
0
0
0
0
0
0
0
0
0
0
0
-3.1722
0
0
0
0
0
0
0
0
0
0
0
-3.149
0
0
0
0
0
0
0
0
0
0
0
0
0
0
0
0
0
0
0
0
0
0
0
0
0
0
0
0
0
0
0
0
0
0
0
0
0
0
0
0
0
0
0
12.8189
0
0
0
0
0
0
0
-3.2584
0
0
0
0
0
0
0
-3.2393
0
0
0
0
0
0
0
0
0
0
0
0
0
0
0
0
0
0
0
0
0
0
0
0
0
0
0
0
0
0
0
0
0
0
0
0
0
0
0
0
0
0
0
0
0
0
0
0
0
0
0
0
0
-1.6735
0
0
0
0
0
0
0
0
0
0
0
0
0
0
0
0
0
0
0
0
0
0
0
0
0
0
0
0
0
0
0
0
0
0
0
0
0
0
0
0
0
0
0
0
0
0
0
0
0
-2.9384
0
0
0
0
0
11.1846
-2.4859
0
0
0
0
0
0
0
0
0
0
0
0
0
0
0
0
0
0
0
0
0
0
0
0
0
0
0
0
0
0
0
-4.0868
0
0
0
0
0
0
0
0
0
0
0
0
0
0
0
0
0
0
0
0
0
0
0
0
0
0
0
0
0
0
0
0
0
-2.8332
0
0
0
0
0
0
0
0
0
0
0
0
0
0
0
-2.7699
0
0
0
0
0
0
0
0
0
0
0
0
0
0
0
0
0
0
0
0
0
0
0
0
0
0
0
0
-2.4661
0
0
0
0
0
0
0
0
0
0
0
0
-2.4859
10.5551
0
0
0
0
0
0
0
0
0
0
0
0
0
0
0
0
0
0
0
0
0
0
0
0
0
0
0
0
0
0
0
0
0
0
0
0
0
0
0
0
0
0
0
0
0
0
0
0
0
0
0
0
0
0
-3.4057
0
0
0
0
0
0
0
0
0
0
-3.3792
0
0
0
0
0
0
0
0
0
0
0
0
0
0
0
0
0
0
0
0
0
0
0
0
0
0
0
0
0
0
0
0
0
0
0
0
0
0
0
0
0
0
0
0
0
0
0
0
0
0
0
0
0
0
0
0
0
0
0
11.3629
0
0
0
0
0
0
0
0
0
0
0
0
0
0
0
0
0
0
-4.5781
0
0
0
0
0
0
0
0
0
0
0
0
0
0
0
0
0
0
0
0
0
0
0
0
0
0
0
0
0
0
0
0
0
0
0
0
0
0
0
0
0
0
0
0
0
0
0
0
0
0
0
0
0
0
0
0
0
0
0
0
0
0
0
0
0
0
0
0
0
0
0
0
0
0
0
0
0
0
-3.7227
0
0
0
0
0
0
0
0
0
0
0
0
0
0
0
-3.5515
0
-3.2988
0
0
0
0
0
0
0
0
0
10.5731
0
0
0
0
0
0
0
0
0
0
0
0
0
0
0
0
0
0
0
0
0
0
0
0
0
0
0
0
0
0
0
0
0
0
0
0
0
0
0
0
0
0
0
0
0
0
0
0
0
0
0
0
0
0
0
0
0
0
0
0
0
0
0
0
0
0
0
0
0
0
0
0
0
0
0
0
0
0
0
0
0
0
0
0
0
0
0
0
0
0
0
0
0
0
0
0
-0.62568
0
0
0
0
0
0
0
0
0
0
0
0
0
0
-2.6087
0
0
0
0
0
0
0
0
0
0
0
0
0
7.474
0
0
0
0
0
0
0
0
0
0
0
0
0
0
0
0
0
0
0
0
0
0
0
0
0
0
0
0
0
0
0
0
0
0
0
0
-4.2396
0
0
0
0
0
0
0
0
0
0
0
0
0
0
0
0
0
0
0
0
0
0
0
0
0
-3.5233
0
0
0
0
0
0
0
0
0
0
0
0
0
0
0
0
-3.4618
0
0
0
0
0
0
0
0
0
0
0
0
0
0
0
0
0
0
0
0
0
0
0
0
0
0
0
0
0
0
0
0
0
0
0
-2.9388
0
0
0
0
0
0
0
0
0
9.9239
0
0
0
0
0
0
0
0
0
0
0
0
0
0
0
0
0
0
0
0
0
0
0
0
0
0
0
0
0
0
0
0
0
0
0
0
0
0
0
0
0
0
0
0
0
0
0
0
0
0
0
-4.9923
0
0
0
0
0
0
0
0
0
0
0
0
0
0
0
0
0
0
0
0
0
0
0
0
0
0
0
0
0
0
0
0
0
0
0
0
0
0
0
0
-4.5919
0
0
0
0
0
0
0
0
0
0
0
0
0
0
0
0
0
0
0
0
0
0
0
0
0
0
0
0
0
0
0
0
9.5842
0
0
0
0
0
0
0
0
0
0
0
0
0
0
0
0
0
0
0
0
0
0
0
0
0
0
0
0
0
0
0
0
0
0
0
0
0
0
0
0
0
0
0
0
0
0
0
0
0
0
0
0
0
0
0
0
0
0
0
0
0
0
0
0
0
0
0
0
0
0
0
0
0
0
0
0
0
0
0
0
0
0
0
0
0
0
0
0
0
0
0
0
0
0
0
0
0
0
0
0
0
0
0
0
0
0
0
0
0
0
0
0
0
0
0
0
0
-3.2584
0
0
0
0
0
0
0
7.6599
0
-4.4016
0
0
0
0
0
0
0
0
0
0
0
0
0
0
0
0
0
0
0
0
0
0
0
0
0
0
0
0
0
0
0
0
0
0
0
0
0
0
0
0
0
0
0
0
0
0
0
0
0
0
0
-4.7987
0
0
0
0
0
0
0
0
0
0
0
0
0
0
0
0
0
0
0
0
0
0
0
0
0
0
0
0
0
0
0
0
0
0
0
0
0
0
0
0
0
-4.6351
0
0
0
0
0
0
0
0
0
0
0
0
0
0
0
0
0
0
0
0
0
0
0
0
0
0
0
0
0
9.4338
0
0
0
0
0
0
0
0
0
0
0
0
0
0
0
0
0
0
0
0
0
0
0
0
0
0
0
0
0
0
0
0
0
0
0
0
0
0
0
0
0
0
0
0
0
0
0
0
0
0
0
0
0
0
0
0
0
0
0
0
0
0
0
0
0
0
0
0
0
0
0
0
0
0
0
0
0
0
0
0
-4.1308
0
0
0
0
0
0
0
0
0
0
0
0
0
0
0
0
0
0
0
0
0
0
0
0
0
0
0
0
0
0
0
0
0
0
0
0
0
0
0
0
0
0
-4.4016
0
8.5324
0
0
0
0
0
0
0
0
0
0
0
0
0
0
0
0
0
0
0
0
0
0
0
0
0
0
0
0
0
0
0
0
0
0
0
0
0
0
0
0
0
0
0
0
0
0
0
0
0
0
0
0
0
0
0
0
0
0
0
0
0
0
0
0
0
0
0
0
0
0
0
0
0
0
0
0
0
0
0
0
0
0
0
0
0
0
0
0
0
0
0
0
-4.5359
0
0
0
0
0
0
0
0
0
0
0
0
0
0
0
0
0
0
0
0
0
0
0
0
0
0
0
0
0
0
0
0
8.5178
0
0
0
0
0
0
-3.9818
0
0
0
0
0
0
0
0
0
0
0
0
0
0
0
0
0
0
0
0
0
0
0
0
0
0
0
0
0
0
0
0
0
-3.0164
0
0
0
0
0
0
0
0
0
0
0
0
0
0
0
0
0
0
0
0
0
0
0
0
0
0
0
0
0
0
0
0
0
0
0
0
0
0
0
0
0
0
0
0
0
0
0
0
0
0
0
0
0
0
0
0
0
0
-2.7682
0
0
0
0
0
0
0
0
0
0
0
0
0
0
0
0
0
0
0
0
0
0
0
0
0
5.7846
0
0
0
0
0
0
0
0
0
0
0
0
0
0
0
0
0
0
0
0
0
0
0
0
0
0
0
0
0
0
0
0
0
0
0
0
0
0
0
0
0
0
0
0
0
0
0
0
0
0
0
0
-4.1598
0
0
0
0
0
0
0
0
0
0
0
0
0
0
0
0
0
0
0
0
0
0
0
0
0
0
0
0
0
0
0
0
0
0
0
0
0
0
0
0
0
0
0
0
0
0
0
0
0
0
0
0
0
0
0
0
0
0
0
0
0
0
0
0
0
0
0
0
0
0
0
0
8.5358
0
0
-4.376
0
0
0
0
0
0
0
0
0
0
0
0
0
0
0
0
0
0
0
0
0
0
0
0
0
0
0
0
0
0
0
0
0
0
0
0
0
0
0
0
0
0
0
0
0
0
0
0
0
0
0
0
0
0
0
0
-4.0149
0
0
0
0
0
0
0
0
0
0
0
0
0
0
0
0
0
0
0
0
0
0
0
0
0
0
0
0
0
0
0
0
0
0
0
0
-3.3321
0
0
0
0
0
0
0
0
0
0
0
0
0
0
0
0
0
0
0
0
0
0
0
0
0
0
0
0
7.347
0
0
0
0
0
0
0
0
0
0
0
0
0
0
0
0
0
0
0
0
0
0
0
0
0
0
0
0
0
0
0
0
0
0
0
0
0
0
0
0
0
0
0
0
0
0
0
0
0
0
0
0
0
0
0
0
0
0
0
0
0
0
0
0
0
0
0
0
0
0
0
0
0
0
-1.935
0
0
0
0
0
0
0
0
0
0
0
0
0
0
0
0
0
0
0
0
0
0
0
0
0
0
0
0
0
0
0
0
0
0
-3.4611
0
0
0
0
0
0
0
0
0
0
0
0
0
0
0
5.3961
0
0
0
0
0
0
0
0
0
0
0
0
0
0
0
0
0
0
0
0
0
0
0
0
0
0
0
0
0
0
0
0
0
0
0
0
0
0
0
0
0
0
0
0
0
0
0
0
0
0
0
0
0
0
0
0
0
0
0
0
0
0
0
0
0
0
0
0
0
0
0
0
0
0
0
0
0
0
0
0
0
0
0
0
0
0
0
0
0
0
0
0
0
0
0
0
0
0
0
0
0
0
0
0
0
0
0
0
0
-3.2393
0
0
0
0
0
0
0
0
0
0
0
0
-4.376
0
0
7.6153
0
0
0
0
0
0
0
0
0
0
0
0
0
0
0
0
0
0
0
0
0
0
0
0
0
0
0
0
0
0
0
0
0
0
0
0
0
0
0
0
0
0
0
0
0
0
0
0
0
0
0
0
0
0
0
0
0
0
-3.3447
0
0
0
0
0
0
0
0
0
0
0
0
0
0
0
0
0
0
0
0
0
0
0
0
0
0
0
0
0
0
0
0
0
0
0
0
0
0
0
0
0
0
0
0
0
0
-2.9791
0
0
0
0
0
0
0
0
0
0
0
0
0
0
0
0
0
0
0
6.3237
0
0
0
0
0
0
0
0
0
0
0
0
0
0
0
0
0
0
0
0
0
0
0
0
0
0
0
0
0
0
0
0
0
0
0
0
0
0
0
0
0
0
0
0
0
0
0
0
0
0
0
0
0
0
0
0
0
0
0
0
0
0
0
0
0
0
0
0
0
0
0
0
0
0
0
0
0
0
0
0
0
0
0
0
0
0
0
0
0
0
0
0
0
0
0
0
0
0
0
0
0
-4.0793
0
0
0
0
0
0
0
0
0
0
0
0
0
0
0
0
-3.9818
0
0
0
0
0
0
8.0612
0
0
0
0
0
0
0
0
0
0
0
0
0
0
0
0
0
0
0
0
0
0
0
0
0
0
0
0
0
0
0
0
0
0
0
0
0
0
0
0
0
0
0
0
0
0
0
0
0
0
0
0
0
0
0
0
0
0
0
0
0
0
0
0
0
0
0
0
0
0
0
0
0
0
0
0
0
0
0
0
-3.0163
0
0
0
0
0
0
0
0
0
0
0
0
0
0
0
-2.9249
0
0
0
0
0
0
0
0
0
0
0
0
0
0
0
0
0
0
0
0
0
0
0
0
0
0
0
0
5.9412
0
0
0
0
0
0
0
0
0
0
0
0
0
0
0
0
0
0
0
0
0
0
0
0
0
0
0
0
0
0
0
0
0
0
0
0
0
0
0
0
0
0
0
0
0
0
0
0
0
0
0
0
0
0
0
0
0
0
0
0
0
-4.5784
0
0
0
0
0
0
0
0
0
0
0
0
0
0
0
0
0
0
0
0
0
0
0
0
-3.9542
0
0
0
0
0
0
0
0
0
0
0
0
0
0
0
0
0
0
0
0
0
0
0
0
0
0
0
0
0
0
0
0
0
0
0
0
0
0
8.5326
0
0
0
0
0
0
0
0
0
0
0
0
0
0
0
0
0
0
0
0
0
0
0
0
0
0
0
0
-7.889
0
0
0
0
0
0
0
0
0
0
0
0
0
0
0
0
0
0
0
0
0
0
0
0
0
0
0
0
0
0
0
0
0
0
0
0
0
0
0
0
0
0
0
0
0
0
0
0
0
0
0
0
0
0
0
0
0
0
0
0
0
0
0
0
0
0
0
0
0
0
0
0
0
0
0
0
0
0
0
0
0
0
0
0
0
0
0
0
0
0
0
0
0
0
0
0
7.889
0
0
0
0
0
0
0
0
0
0
0
0
0
0
0
0
0
0
0
0
0
0
0
0
0
0
0
0
0
0
0
0
0
0
0
0
0
0
0
0
0
0
0
0
0
0
0
0
0
0
0
0
0
0
0
0
0
0
0
0
0
0
0
0
0
0
0
0
0
0
0
0
0
0
0
0
0
0
0
0
0
0
0
0
0
0
0
0
0
0
0
0
0
0
0
0
0
0
0
0
0
0
0
0
0
0
-4.5781
0
0
0
0
0
0
0
0
0
0
0
0
0
0
0
0
0
0
4.5781
0
0
0
0
0
0
0
0
0
0
0
0
0
0
0
0
0
0
0
0
0
0
0
0
0
0
0
0
0
0
0
0
0
0
0
0
0
0
0
0
0
0
0
0
0
0
0
0
0
0
0
0
0
0
0
0
0
0
0
0
0
0
0
0
0
0
0
0
0
0
0
0
0
0
0
0
0
0
0
0
0
0
-4.5489
0
0
0
0
0
0
0
0
0
0
0
0
0
0
0
0
0
0
0
0
0
0
0
0
0
0
0
0
0
0
0
0
0
0
0
0
0
0
0
0
0
0
4.5489
0
0
0
0
0
0
0
0
0
0
0
0
0
0
0
0
0
0
0
0
0
0
0
0
0
0
0
0
0
0
0
0
0
0
0
0
0
0
0
0
0
0
0
0
0
0
0
0
0
0
0
0
0
0
0
0
0
0
0
0
0
0
0
0
0
0
0
0
0
0
0
0
0
0
0
0
0
0
-5.522
0
0
0
0
0
0
0
0
0
0
0
0
0
0
0
0
0
0
0
0
0
0
0
0
0
0
0
0
0
0
0
0
0
0
0
0
0
0
0
0
0
0
0
0
0
0
5.522
0
0
0
0
0
0
0
0
0
0
0
0
0
0
0
0
0
0
0
0
0
0
0
0
0
0
0
0
0
0
0
0
0
0
0
0
0
0
0
0
0
0
0
0
0
0
-6.7961
0
0
0
0
0
0
0
0
0
0
0
0
0
0
0
0
0
0
0
0
0
0
0
0
0
0
0
0
0
0
0
0
0
0
0
0
0
0
0
0
0
0
0
0
0
0
0
0
0
0
0
0
0
0
0
0
0
0
0
0
0
0
0
0
0
0
0
0
0
0
0
0
0
0
0
0
0
0
6.7961
0
0
0
0
0
0
0
0
0
0
0
0
0
0
0
0
0
0
0
0
0
0
0
0
0
0
0
0
0
0
0
0
0
0
0
-7.4195
0
0
0
0
0
0
0
0
0
0
0
0
0
0
0
0
0
0
0
0
0
0
0
0
0
0
0
0
0
0
0
0
0
0
0
0
0
0
0
0
0
0
0
0
0
0
0
0
0
0
0
0
0
0
0
0
0
0
0
0
0
0
0
0
0
0
0
0
0
0
0
0
0
0
0
0
0
0
0
0
0
0
0
0
0
0
0
0
0
7.4195
0
0
0
0
0
0
0
0
0
0
0
0
0
0
0
0
0
0
0
0
0
0
0
0
0
0
0
0
0
0
0
0
0
0
0
0
0
0
0
0
0
0
0
0
0
0
0
0
0
0
0
0
0
0
0
0
0
0
0
0
0
0
0
0
0
0
0
0
0
0
0
0
0
0
0
0
0
-5.0785
0
0
0
0
0
0
0
0
0
0
0
0
0
0
0
0
0
0
0
0
0
0
0
0
0
0
0
0
0
0
0
0
0
0
0
0
0
0
0
0
0
0
0
0
0
0
0
5.0785
0
0
0
0
0
0
0
0
0
0
0
0
0
0
0
0
0
0
0
0
-8.5592
0
0
0
0
0
0
0
0
0
0
0
0
0
0
0
0
0
0
0
0
0
0
0
0
0
0
0
0
0
0
0
0
0
0
0
0
0
0
0
0
0
0
0
0
0
0
0
0
0
0
0
0
0
0
0
0
0
0
0
0
0
0
0
0
0
0
0
0
0
0
0
0
0
0
0
0
0
0
0
0
0
0
0
0
0
0
0
0
0
0
0
0
0
0
0
0
0
0
0
0
0
0
0
0
8.5592
0
0
0
0
0
0
0
0
0
0
0
0
0
0
0
0
0
0
0
0
0
0
0
0
0
0
0
0
0
0
0
0
0
0
0
0
0
0
0
0
0
0
0
0
0
0
0
-6.1956
0
0
0
0
0
0
0
0
0
0
0
0
0
0
0
0
0
0
0
0
0
0
0
0
0
0
0
0
0
0
0
0
0
0
0
0
0
0
0
0
0
0
0
0
0
0
0
0
0
0
0
0
0
0
0
0
0
0
0
0
0
0
0
0
0
0
0
0
0
0
0
0
0
0
0
0
0
6.1956
0
0
0
0
0
0
0
0
0
0
0
0
0
0
0
0
0
0
0
0
0
0
0
0
0
0
0
0
0
0
0
0
0
0
0
0
0
0
0
0
0
0
0
0
0
0
0
0
0
0
0
0
0
0
0
0
0
0
0
0
0
0
0
0
0
0
0
0
0
0
0
0
0
0
0
0
0
0
0
0
0
0
0
0
0
0
0
0
0
0
0
0
0
-1.5377
0
0
0
0
0
0
0
0
0
0
0
0
0
0
0
0
0
0
0
0
0
0
0
0
0
0
0
0
0
0
0
1.5377
0
0
0
0
0
0
0
0
0
0
0
0
0
0
0
0
0
0
0
0
0
0
0
0
0
0
0
0
0
0
0
0
0
0
0
0
0
0
0
0
0
0
0
0
0
0
0
0
0
0
0
0
0
0
0
0
0
0
0
0
0
0
0
0
0
0
0
-5.378
0
0
0
0
0
0
0
0
0
0
0
0
0
0
0
0
0
0
0
0
0
0
0
0
0
0
0
0
0
0
0
0
0
0
0
0
0
0
0
0
0
0
0
0
0
0
0
0
0
0
0
0
0
0
0
0
0
5.378
0
0
0
0
0
0
0
0
0
0
0
0
0
0
0
0
0
0
0
0
0
0
0
0
0
0
0
0
0
0
0
0
0
0
0
0
0
0
0
0
0
0
0
0
0
0
0
0
0
0
0
0
0
0
0
0
0
0
0
0
0
0
0
0
0
0
0
0
0
0
0
0
-5.0785
0
0
0
0
0
0
0
0
0
0
0
0
0
0
0
0
0
0
0
0
0
0
0
0
0
0
0
0
0
0
0
0
0
0
0
0
0
0
0
0
0
0
0
0
0
0
0
0
0
0
0
0
5.0785
0
0
0
0
0
0
0
0
0
0
0
0
0
0
0
0
0
0
0
0
0
0
0
0
0
0
0
0
0
0
0
0
0
0
0
0
0
0
0
-6.7952
0
0
0
0
0
0
0
0
0
0
0
0
0
0
0
0
0
0
0
0
0
0
0
0
0
0
0
0
0
0
0
0
0
0
0
0
0
0
0
0
0
0
0
0
0
0
0
0
0
0
0
0
0
0
0
0
0
0
0
0
0
0
0
0
0
0
0
0
0
0
0
0
0
0
0
0
0
0
0
0
0
0
0
0
0
6.7952
0
0
0
0
0
0
0
0
0
0
0
0
0
0
0
0
0
0
0
0
0
0
0
0
0
0
0
0
0
0
0
0
0
0
0
0
0
0
0
0
0
0
0
0
0
0
0
0
0
0
0
0
0
0
0
0
0
0
0
0
0
0
0
0
0
0
0
0
0
0
0
0
0
0
0
0
0
0
0
0
0
0
0
0
0
0
0
0
0
0
0
0
-4.0868
0
0
0
0
0
0
0
0
0
0
0
0
0
0
0
0
0
0
0
0
0
0
0
0
0
0
0
0
0
0
0
0
4.0868
0
0
0
0
0
0
0
0
0
0
0
0
0
0
0
0
0
0
0
0
0
0
0
0
0
0
0
0
0
0
0
0
0
0
0
0
0
0
0
0
0
0
0
0
0
0
0
0
0
0
0
0
0
0
0
0
0
0
0
0
0
0
0
0
0
0
0
-5.522
0
0
0
0
0
0
0
0
0
0
0
0
0
0
0
0
0
0
0
0
0
0
0
0
0
0
0
0
0
0
0
0
0
0
0
0
0
0
0
0
0
0
0
0
0
0
0
0
0
0
0
0
0
0
0
0
0
5.522
0
0
0
0
0
0
0
0
0
0
0
-8.5532
0
0
0
0
0
0
0
0
0
0
0
0
0
0
0
0
0
0
0
0
0
0
0
0
0
0
0
0
0
0
0
0
0
0
0
0
0
0
0
0
0
0
0
0
0
0
0
0
0
0
0
0
0
0
0
0
0
0
0
0
0
0
0
0
0
0
0
0
0
0
0
0
0
0
0
0
0
0
0
0
0
0
0
0
0
0
0
0
0
0
0
0
0
0
0
0
0
0
0
0
0
0
0
0
0
0
0
0
0
0
0
0
0
8.5532
0
0
0
0
0
0
0
0
0
0
0
0
0
0
0
0
0
0
0
0
0
0
0
0
0
0
0
0
0
0
0
0
0
0
0
0
0
0
0
0
0
0
0
0
0
0
0
0
0
0
0
0
0
0
0
0
0
0
0
0
0
0
0
0
0
0
0
0
0
0
0
0
0
0
0
0
0
0
0
0
-4.2413
0
0
0
0
0
0
0
0
0
0
0
0
0
0
0
0
0
0
0
0
0
0
0
0
0
0
0
0
0
0
0
0
0
0
0
0
0
0
0
0
0
0
0
0
4.2413
0
0
0
0
0
0
0
0
0
0
0
0
0
0
0
0
0
0
0
0
0
0
0
0
0
0
0
0
0
0
0
0
0
0
0
0
0
0
0
0
0
0
0
0
0
0
0
0
0
0
0
0
0
0
0
0
0
0
0
0
0
0
0
0
0
0
0
0
0
0
0
0
0
0
0
0
-4.5075
0
0
0
0
0
0
0
0
0
0
0
0
0
0
0
0
0
0
0
0
0
0
0
0
0
0
0
0
0
0
0
0
0
0
0
0
0
0
0
0
0
0
0
0
0
0
0
0
4.5075
0
0
0
0
0
0
0
0
0
0
0
0
0
0
0
0
0
0
0
0
0
0
0
0
0
0
0
0
0
0
0
0
0
0
0
0
0
0
0
0
0
0
0
0
0
0
0
0
0
0
0
0
0
0
0
0
0
0
0
0
0
0
0
0
-5.2013
0
0
0
0
0
0
0
0
0
0
0
0
0
0
0
0
0
0
0
0
0
0
0
0
0
0
0
0
0
0
0
0
0
0
0
0
0
0
0
0
0
0
0
0
0
0
0
0
0
0
0
0
0
0
0
0
0
0
0
0
5.2013
0
0
0
0
0
0
0
0
0
0
-8.0637
0
0
0
0
0
0
0
0
0
0
0
0
0
0
0
0
0
0
0
0
0
0
0
0
0
0
0
0
0
0
0
0
0
0
0
0
0
0
0
0
0
0
0
0
0
0
0
0
0
0
0
0
0
0
0
0
0
0
0
0
0
0
0
0
0
0
0
0
0
0
0
0
0
0
0
0
0
0
0
0
0
0
0
0
0
0
0
0
0
0
0
0
0
0
0
0
0
0
0
0
0
0
0
0
0
0
0
0
0
0
0
0
0
0
8.0637
0
0
0
0
0
0
0
0
0
0
0
0
0
0
0
0
0
0
0
0
0
0
0
0
0
0
0
0
0
0
0
0
0
0
0
0
0
0
0
0
0
0
0
0
0
0
0
0
0
0
0
0
0
0
0
0
0
0
0
0
0
0
0
0
0
0
0
0
0
0
0
0
0
0
0
0
0
0
0
-0.60713
0
0
0
0
0
0
0
0
0
0
0
0
0
0
0
0
0
0
0
0
0
0
0
0
0
0
0
0
0
0
0
0
0
0
0
0
0
0
0
0
0
0
0
0
0
0.60713
0
0
0
0
0
0
0
0
0
0
0
0
0
0
0
0
0
0
0
0
0
0
0
0
0
0
0
0
0
0
0
0
0
0
0
0
0
0
0
0
0
0
0
0
0
0
0
0
0
0
0
0
0
0
0
0
0
0
0
0
0
0
0
0
0
0
0
0
0
0
0
0
0
0
0
0
0
0
0
0
0
0
0
0
0
0
0
0
-4.2396
0
0
0
0
0
0
0
0
0
0
0
0
0
0
0
0
0
0
0
0
0
0
0
0
0
0
0
0
0
0
0
0
0
0
0
0
4.2396
0
0
0
0
0
0
0
0
0
0
0
0
0
0
0
0
0
0
0
0
0
0
0
0
0
0
0
0
0
0
0
0
0
0
0
0
0
0
0
0
0
0
0
0
0
0
0
0
0
0
0
0
0
0
0
0
0
0
0
0
0
0
0
0
0
0
0
0
0
0
0
0
0
0
-4.2413
0
0
0
0
0
0
0
0
0
0
0
0
0
0
0
0
0
0
0
0
0
0
0
0
0
0
0
0
0
0
0
0
0
0
0
0
0
0
0
0
0
0
0
0
0
0
0
0
0
0
4.2413
0
0
0
0
0
0
0
0
0
0
0
0
0
0
0
0
0
0
0
0
-7.4194
0
0
0
0
0
0
0
0
0
0
0
0
0
0
0
0
0
0
0
0
0
0
0
0
0
0
0
0
0
0
0
0
0
0
0
0
0
0
0
0
0
0
0
0
0
0
0
0
0
0
0
0
0
0
0
0
0
0
0
0
0
0
0
0
0
0
0
0
0
0
0
0
0
0
0
0
0
0
0
0
0
0
0
0
0
0
0
0
0
0
0
0
0
0
0
0
0
0
0
0
0
0
0
0
7.4194
0
0
0
0
0
0
0
0
0
0
0
0
0
0
0
0
0
0
0
0
0
0
0
0
0
0
0
0
0
0
0
0
0
0
0
0
0
0
0
0
0
0
0
0
0
0
0
0
0
0
0
0
0
0
0
0
0
0
0
0
0
0
0
0
0
0
0
0
0
0
0
-4.4391
0
0
0
0
0
0
0
0
0
0
0
0
0
0
0
0
0
0
0
0
0
0
0
0
0
0
0
0
0
0
0
0
0
0
0
0
0
0
0
0
0
0
0
0
0
0
0
0
0
0
0
0
0
4.4391
0
0
0
0
0
0
0
0
0
0
0
0
0
0
0
0
0
0
0
0
0
0
0
0
0
0
0
0
0
0
0
0
0
0
0
0
0
0
0
0
0
0
0
0
0
0
0
0
0
0
0
0
0
0
0
0
0
0
0
0
0
0
0
0
0
0
0
0
0
0
0
0
0
0
0
0
-3.8275
0
0
0
0
0
0
0
0
0
0
0
0
0
0
0
0
0
0
0
0
0
0
0
0
0
0
0
0
0
0
0
0
0
0
0
0
0
0
0
0
0
0
0
0
0
0
0
0
3.8275
