77.2535
-0.90015
-0.88866
-0.88771
-0.88682
-0.89192
-0.87484
-0.88174
-0.87561
-0.87286
-0.87852
-0.89613
-0.84647
-0.84642
-0.91413
-0.89441
-0.85348
-0.91412
-0.87598
-0.86212
-0.86214
-0.87295
-0.86822
-0.85334
-0.88102
-0.88094
-0.86187
-0.84681
-0.85124
-0.85643
-0.85966
-0.84885
-0.85967
-0.8462
-0.86373
-0.84619
-0.85291
-0.845
-0.86548
-0.86783
-0.85
-0.84006
-0.8356
-0.85694
-0.836
-0.83601
-0.83886
-0.82702
-0.84859
-0.82031
-0.81107
-0.85525
-0.85185
-0.83543
-0.8496
-0.91317
-0.89144
-0.92964
-0.89656
-0.9813
-1.0624
-1.0216
-1.0784
-1.0375
-1.0981
-1.3233
-1.2417
-1.4068
-1.4118
-1.9339
0
-2.3656
0
0
0
-2.4833
0
0
0
0
0
0
0
0
0
0
0
0
0
0
0
0
0
0
0
0
0
0
0
0
0
0
0
0
0
0
0
0
0
0
0
0
0
0
-8.652
0
0
0
0
0
0
0
0
0
0
-0.90015
75.1869
-0.87748
-0.87682
-0.87859
-0.88218
-0.86537
-0.87221
-0.86612
-0.8634
-0.86869
-0.88609
-0.8367
-0.83665
-0.904
-0.88435
-0.84372
-0.904
-0.86589
-0.85231
-0.85234
-0.86491
-0.85821
-0.8438
-0.87119
-0.87111
-0.85209
-0.83702
-0.84263
-0.84673
-0.84986
-0.83256
-0.84986
-0.83648
-0.8534
-0.83649
-0.84314
-0.8376
-0.85544
-0.85803
-0.8426
-0.83039
-0.8256
-0.851
-0.82637
-0.82638
-0.82914
-0.81758
-0.83903
-0.81069
-0.80139
-0.845
-0.84163
-0.8256
-0.83962
-0.90182
-0.88103
-0.91895
-0.88694
-0.96988
-1.0519
-1.0112
-1.0678
-1.0267
-1.0867
-1.3122
-1.2499
-1.3931
-1.3989
0
0
-2.3507
0
-3.0258
0
0
0
0
0
0
0
0
0
0
0
0
0
0
0
0
0
0
0
0
0
0
0
0
0
0
0
0
0
0
0
0
-8.6436
0
0
0
0
0
0
0
0
0
0
0
0
0
0
0
0
0
0
-0.88866
-0.87748
70.9203
-0.86838
-0.87104
-0.87402
-0.85764
-0.86411
-0.85791
-0.85515
-0.86069
-0.87645
-0.82879
-0.82874
-0.89508
-0.87465
-0.83572
-0.89505
-0.85811
-0.8443
-0.84432
-0.85505
-0.85034
-0.83613
-0.86276
-0.86265
-0.844
-0.82908
-0.83517
-0.83869
-0.84196
-0.83067
-0.84197
-0.82864
-0.84331
-0.82863
-0.83524
-0.82769
-0.84722
-0.85012
-0.83474
-0.82257
-0.81786
-0.84399
-0.81857
-0.81857
-0.82126
-0.80973
-0.83125
-0.8029
-0.79362
-0.83705
-0.83131
-0.81779
-0.83203
-0.89369
-0.87308
-0.90927
-0.87898
-0.9557
-1.0439
-1.0032
-1.0599
-1.0181
-1.0787
-1.305
-1.2244
-1.3847
-1.3924
0
0
-2.3527
0
0
0
0
0
0
0
0
0
0
0
0
0
0
0
0
0
0
0
0
0
0
0
0
0
0
0
-7.968
0
0
0
0
0
0
0
0
0
0
0
0
0
0
0
0
0
0
0
0
0
0
0
0
0
-0.88771
-0.87682
-0.86838
70.4118
-0.86808
-0.86866
-0.85522
-0.85889
-0.85268
-0.84982
-0.85538
-0.87126
-0.82349
-0.82343
-0.88881
-0.86937
-0.83037
-0.8888
-0.85295
-0.83893
-0.83894
-0.84973
-0.84513
-0.83087
-0.8567
-0.85661
-0.83816
-0.82363
-0.82973
-0.83316
-0.83656
-0.82579
-0.83655
-0.82332
-0.83906
-0.82332
-0.82993
-0.82249
-0.83938
-0.84475
-0.82951
-0.81726
-0.81371
-0.83911
-0.81328
-0.81328
-0.81584
-0.80452
-0.82577
-0.79764
-0.78836
-0.83126
-0.82629
-0.81252
-0.82697
-0.88566
-0.86931
-0.90101
-0.87198
-0.95296
-1.0381
-0.99756
-1.0541
-1.0115
-1.0727
-1.299
-1.2194
-1.3836
-1.3858
0
0
0
0
0
0
0
0
-2.0139
0
0
0
0
0
0
0
0
0
0
0
0
0
0
0
0
0
0
0
0
0
0
0
0
0
0
0
0
0
0
0
0
0
0
0
0
0
0
0
0
-8.147
0
0
0
0
0
0
-0.88682
-0.87859
-0.87104
-0.86808
65.2496
-0.87967
-0.86112
-0.86868
-0.86248
-0.85975
-0.86551
-0.87686
-0.83316
-0.83312
-0.90118
-0.87712
-0.84014
-0.90117
-0.86331
-0.84894
-0.84894
-0.86055
-0.85518
-0.84109
-0.86785
-0.86775
-0.84951
-0.83373
-0.8402
-0.8448
-0.84656
-0.83588
-0.84656
-0.83317
-0.85113
-0.83317
-0.83972
-0.83275
-0.85213
-0.85483
-0.83772
-0.82719
-0.82327
-0.84912
-0.82307
-0.82307
-0.82605
-0.81438
-0.83656
-0.80741
-0.79803
-0.84311
-0.82919
-0.82233
-0.83705
-0.90198
-0.87917
-0.914
-0.88492
-0.96611
-1.0489
-1.0081
-1.0648
-1.024
-1.0865
-1.3121
-1.234
-1.3972
-1.4066
-1.9417
0
-2.3698
0
0
0
0
0
0
0
0
0
0
0
0
0
0
0
0
0
0
0
0
0
0
0
0
0
0
0
0
0
0
0
0
0
0
0
0
0
0
0
0
0
0
0
0
0
0
0
0
0
0
0
0
0
-0.89192
-0.88218
-0.87402
-0.86866
-0.87967
64.0663
-0.86478
-0.8695
-0.8633
-0.86062
-0.86642
-0.87815
-0.83402
-0.83398
-0.90294
-0.87865
-0.84127
-0.90291
-0.86468
-0.85015
-0.85017
-0.86164
-0.8566
-0.8423
-0.86791
-0.86782
-0.84973
-0.83452
-0.84099
-0.84451
-0.84777
-0.83702
-0.84778
-0.83436
-0.85187
-0.83437
-0.84088
-0.83378
-0.85313
-0.85602
-0.84076
-0.82832
-0.82395
-0.85052
-0.82422
-0.82421
-0.82671
-0.8158
-0.83714
-0.80855
-0.79914
-0.84512
-0.8308
-0.82343
-0.83826
-0.90237
-0.88195
-0.91561
-0.8869
-0.96688
-1.0507
-1.0099
-1.0667
-1.0238
-1.0684
-1.3149
-1.2358
-1.3982
-1.4095
0
0
0
0
0
0
0
0
0
0
0
0
0
0
0
0
0
0
0
0
0
-3.0566
0
0
0
0
0
0
0
0
0
0
0
0
0
0
0
0
0
0
0
0
0
0
0
0
0
0
0
0
0
0
0
0
0
0
-0.87484
-0.86537
-0.85764
-0.85522
-0.86112
-0.86478
62.3935
-0.85596
-0.84943
-0.84661
-0.85215
-0.86296
-0.82003
-0.81998
-0.89088
-0.86353
-0.82691
-0.89086
-0.84999
-0.8357
-0.83571
-0.84681
-0.84191
-0.82792
-0.85438
-0.85429
-0.8361
-0.82054
-0.82698
-0.83158
-0.83329
-0.82261
-0.83328
-0.81993
-0.83766
-0.81993
-0.8264
-0.8195
-0.8386
-0.84145
-0.82622
-0.81392
-0.80989
-0.83585
-0.80983
-0.80984
-0.81284
-0.80132
-0.82329
-0.79422
-0.78489
-0.82979
-0.81576
-0.80902
-0.82344
-0.88809
-0.86582
-0.9004
-0.87165
-0.9521
-1.0346
-0.99391
-1.0505
-1.0099
-1.0721
-1.2975
-1.2193
-1.3814
-1.3917
0
0
-2.3516
0
0
0
0
0
0
0
0
0
0
0
0
0
0
0
0
0
0
0
0
0
0
0
0
0
0
0
0
0
0
0
0
0
0
0
0
0
0
0
0
0
0
0
0
0
0
0
0
0
0
0
0
0
-0.88174
-0.87221
-0.86411
-0.85889
-0.86868
-0.8695
-0.85596
60.3153
-0.85298
-0.85027
-0.85607
-0.86746
-0.82349
-0.82345
-0.89026
-0.86779
-0.8305
-0.89024
-0.85396
-0.83946
-0.83946
-0.85167
-0.84585
-0.83175
-0.85858
-0.85849
-0.84001
-0.82421
-0.83085
-0.83593
-0.83714
-0.8265
-0.83714
-0.82373
-0.84198
-0.82373
-0.83019
-0.82325
-0.84298
-0.84527
-0.8301
-0.8177
-0.81363
-0.8398
-0.81355
-0.81357
-0.81647
-0.80523
-0.82679
-0.79794
-0.78858
-0.83378
-0.81971
-0.81278
-0.82795
-0.89278
-0.87083
-0.9049
-0.87597
-0.95628
-1.0389
-0.99811
-1.0547
-1.014
-1.0764
-1.302
-1.2234
-1.3866
-1.3972
0
0
0
0
0
0
0
0
0
0
0
0
0
0
0
0
0
0
0
0
0
0
0
0
0
0
0
0
0
0
0
0
0
0
0
0
0
0
0
0
0
0
0
0
0
0
0
0
0
0
0
0
0
0
0
0
-0.87561
-0.86612
-0.85791
-0.85268
-0.86248
-0.8633
-0.84943
-0.85298
58.4629
-0.84337
-0.84876
-0.8604
-0.81634
-0.8163
-0.88379
-0.86094
-0.82348
-0.88376
-0.84695
-0.83254
-0.83255
-0.84666
-0.83895
-0.82481
-0.85175
-0.85165
-0.83309
-0.81729
-0.82394
-0.82941
-0.83023
-0.81962
-0.83024
-0.81686
-0.83523
-0.81686
-0.82323
-0.81632
-0.83604
-0.83824
-0.82313
-0.81077
-0.80675
-0.83277
-0.80663
-0.80663
-0.80955
-0.79831
-0.81975
-0.79104
-0.7817
-0.82668
-0.81351
-0.80586
-0.82101
-0.88584
-0.86376
-0.8976
-0.86881
-0.9491
-1.0315
-0.99079
-1.0473
-1.0068
-1.0689
-1.294
-1.2154
-1.3788
0
0
0
0
0
0
0
0
0
0
0
0
0
0
0
0
0
0
0
0
0
0
0
0
0
0
0
0
0
0
0
0
0
0
0
0
0
0
0
0
0
0
0
0
0
0
0
0
0
0
0
0
0
0
0
0
0
-0.87286
-0.8634
-0.85515
-0.84982
-0.85975
-0.86062
-0.84661
-0.85027
-0.84337
56.8683
-0.84577
-0.85672
-0.81235
-0.81229
-0.88015
-0.85736
-0.81989
-0.88014
-0.84361
-0.82916
-0.82917
-0.84204
-0.83554
-0.82143
-0.84897
-0.84889
-0.82995
-0.81387
-0.82054
-0.82695
-0.8269
-0.81626
-0.82691
-0.81352
-0.83239
-0.81351
-0.81985
-0.81293
-0.83248
-0.83483
-0.81974
-0.80742
-0.80321
-0.82926
-0.80325
-0.80326
-0.80613
-0.79501
-0.81635
-0.7877
-0.77834
-0.82342
-0.81011
-0.80251
-0.8176
-0.8823
-0.86016
-0.89464
-0.86574
-0.94568
-1.0281
-0.98742
-1.0439
-1.0035
-1.0653
-1.2907
-1.2115
0
0
0
0
0
0
0
0
0
0
0
0
0
0
0
0
0
0
0
0
0
0
0
0
0
0
0
0
0
0
0
0
0
0
0
0
0
0
0
0
0
0
0
0
0
0
0
0
0
0
0
0
0
0
0
0
0
0
-0.87852
-0.86869
-0.86069
-0.85538
-0.86551
-0.86642
-0.85215
-0.85607
-0.84876
-0.84577
59.4319
-0.86216
-0.81825
-0.81821
-0.88505
-0.86225
-0.82539
-0.88502
-0.84831
-0.83439
-0.83441
-0.83605
-0.8404
-0.82675
-0.85344
-0.85335
-0.83493
-0.81886
-0.82565
-0.83097
-0.83206
-0.82141
-0.83206
-0.81866
-0.8367
-0.81868
-0.82507
-0.81859
-0.83773
-0.84009
-0.82494
-0.81259
-0.80876
-0.83388
-0.80846
-0.80846
-0.81103
-0.79998
-0.82159
-0.79286
-0.78353
-0.82861
-0.81565
-0.80771
-0.82262
-0.88835
-0.86537
-0.89996
-0.87058
-0.95128
-1.0337
-0.99308
-1.0496
-1.0093
-1.0715
-1.2963
0
0
0
0
0
0
0
0
0
0
0
0
0
0
0
-3.4493
0
0
0
0
0
0
0
0
0
0
0
0
0
0
0
0
0
0
0
0
0
0
0
0
0
0
0
0
0
0
0
0
0
0
0
0
0
0
0
0
0
0
0
-0.89613
-0.88609
-0.87645
-0.87126
-0.87686
-0.87815
-0.86296
-0.86746
-0.8604
-0.85672
-0.86216
60.4355
-0.82959
-0.82956
-0.89738
-0.87473
-0.83549
-0.89736
-0.85911
-0.84441
-0.84441
-0.85853
-0.85105
-0.83714
-0.86576
-0.86565
-0.84452
-0.82976
-0.83605
-0.84268
-0.84184
-0.8331
-0.84185
-0.82828
-0.84818
-0.82829
-0.83449
-0.82915
-0.85007
-0.85093
-0.83573
-0.82338
-0.81904
-0.84574
-0.81905
-0.81905
-0.82299
-0.81092
-0.83013
-0.80345
-0.79408
-0.84093
-0.77663
-0.81817
-0.83303
-0.89994
-0.87742
-0.91486
-0.8832
-0.96877
-1.0443
-1.0035
-1.0603
-1.0247
-1.0837
0
0
0
0
0
0
0
0
0
0
0
0
0
0
0
0
0
0
0
0
-5.0583
0
0
0
0
0
0
0
0
0
0
0
0
0
0
0
0
0
0
0
0
0
0
0
0
0
0
0
0
0
0
0
0
0
0
0
0
0
0
0
-0.84647
-0.8367
-0.82879
-0.82349
-0.83316
-0.83402
-0.82003
-0.82349
-0.81634
-0.81235
-0.81825
-0.82959
53.908
-0.77577
-0.85289
-0.83027
-0.79346
-0.85287
-0.81587
-0.80271
-0.80272
-0.81727
-0.80866
-0.79502
-0.82282
-0.82271
-0.80198
-0.78702
-0.79358
-0.80183
-0.80019
-0.78925
-0.80018
-0.78681
-0.80569
-0.7868
-0.79284
-0.78648
-0.80473
-0.80754
-0.79253
-0.78054
-0.77623
-0.80156
-0.77637
-0.77638
-0.779
-0.76807
-0.78919
-0.76095
-0.75173
-0.79599
-0.78282
-0.7756
-0.79027
-0.85361
-0.83215
-0.86605
-0.83803
-0.91714
-0.99914
-0.95888
-1.0148
-0.97453
-1.036
-1.2598
0
0
0
0
0
0
0
0
0
0
0
0
0
0
0
0
0
0
0
0
0
0
0
0
0
0
0
0
0
0
0
0
0
0
0
0
0
0
0
0
0
0
0
0
0
0
0
0
0
0
0
0
0
0
0
0
0
0
0
-0.84642
-0.83665
-0.82874
-0.82343
-0.83312
-0.83398
-0.81998
-0.82345
-0.8163
-0.81229
-0.81821
-0.82956
-0.77577
53.905
-0.85286
-0.83023
-0.79343
-0.85283
-0.81583
-0.80267
-0.80268
-0.81724
-0.80861
-0.79498
-0.82277
-0.82268
-0.80194
-0.78696
-0.79353
-0.80179
-0.80014
-0.78921
-0.80015
-0.78676
-0.80564
-0.78676
-0.7928
-0.78642
-0.80468
-0.80749
-0.79248
-0.78049
-0.77618
-0.8015
-0.77633
-0.77633
-0.77894
-0.76804
-0.78914
-0.76091
-0.75168
-0.79594
-0.78277
-0.77556
-0.79021
-0.85355
-0.83211
-0.866
-0.83797
-0.9171
-0.99909
-0.95883
-1.0148
-0.97448
-1.0359
-1.2597
0
0
0
0
0
0
0
0
0
0
0
0
0
0
0
0
0
0
0
0
0
0
0
0
0
0
0
0
0
0
0
0
0
0
0
0
0
0
0
0
0
0
0
0
0
0
0
0
0
0
0
0
0
0
0
0
0
0
0
-0.91413
-0.904
-0.89508
-0.88881
-0.90118
-0.90294
-0.89088
-0.89026
-0.88379
-0.88015
-0.88505
-0.89738
-0.85289
-0.85286
62.1402
-0.89629
-0.85839
-0.92484
-0.88099
-0.86702
-0.86703
-0.87907
-0.87317
-0.85912
-0.88641
-0.88632
-0.86712
-0.8513
-0.85771
-0.86195
-0.86454
-0.85376
-0.86455
-0.85098
-0.86867
-0.85098
-0.85753
-0.85132
-0.87009
-0.87267
-0.85732
-0.84484
-0.83997
-0.86641
-0.84066
-0.84065
-0.84346
-0.83221
-0.85345
-0.82496
-0.81548
-0.85944
-0.85081
-0.83992
-0.85459
-0.91717
-0.89637
-0.93147
-0.90236
-0.98554
-1.0679
-1.0269
-1.0839
0
0
0
0
0
0
0
0
0
0
0
0
0
0
0
0
0
0
0
0
0
0
0
0
0
0
0
0
0
0
0
0
0
0
0
0
0
0
0
0
0
-7.5032
0
0
0
0
0
0
0
0
0
0
0
0
0
0
0
0
0
0
0
0
-0.89441
-0.88435
-0.87465
-0.86937
-0.87712
-0.87865
-0.86353
-0.86779
-0.86094
-0.85736
-0.86225
-0.87473
-0.83027
-0.83023
-0.89629
58.1266
-0.83522
-0.89627
-0.8587
-0.84415
-0.84416
-0.86265
-0.85079
-0.8368
-0.86596
-0.86588
-0.84617
-0.82927
-0.83573
-0.84384
-0.84169
-0.83318
-0.84169
-0.82917
-0.84865
-0.82917
-0.83566
-0.82905
-0.84907
-0.85071
-0.83552
-0.82289
-0.81838
-0.84523
-0.81876
-0.81877
-0.82244
-0.80931
-0.83051
-0.8032
-0.79376
-0.83967
-0.82899
-0.81794
-0.83264
-0.89844
-0.87634
-0.86947
-0.88181
-0.96623
-1.0445
-1.0037
-1.0605
0
0
0
0
0
0
0
0
0
0
0
0
0
0
0
0
0
0
0
0
0
0
0
0
-4.862
0
0
0
0
0
0
0
0
0
0
0
0
0
0
0
0
0
0
0
0
0
0
0
0
0
0
0
0
0
0
0
0
0
0
0
0
0
-0.85348
-0.84372
-0.83572
-0.83037
-0.84014
-0.84127
-0.82691
-0.8305
-0.82348
-0.81989
-0.82539
-0.83549
-0.79346
-0.79343
-0.85839
-0.83522
52.0117
-0.85836
-0.82154
-0.81081
-0.81083
-0.82014
-0.81652
-0.80173
-0.82543
-0.82532
-0.80557
-0.79359
-0.80048
-0.80034
-0.80687
-0.79587
-0.80687
-0.79325
-0.80715
-0.79324
-0.79927
-0.79315
-0.81189
-0.81412
-0.79922
-0.78699
-0.78282
-0.80884
-0.78276
-0.78276
-0.78562
-0.77474
-0.79569
-0.76727
-0.75801
-0.80296
-0.78993
-0.78207
-0.79682
-0.86148
-0.83949
-0.8732
-0.84462
-0.9234
-1.0057
-0.96531
-1.0215
-0.98137
0
0
0
0
0
0
0
0
0
0
0
0
0
0
0
0
0
0
0
0
0
0
0
0
0
0
0
0
0
0
0
0
0
0
0
0
0
0
0
0
0
0
0
0
0
0
0
0
0
0
0
0
0
0
0
0
0
0
0
0
0
-0.91412
-0.904
-0.89505
-0.8888
-0.90117
-0.90291
-0.89086
-0.89024
-0.88376
-0.88014
-0.88502
-0.89736
-0.85287
-0.85283
-0.92484
-0.89627
-0.85836
62.1388
-0.88096
-0.867
-0.86703
-0.87904
-0.87315
-0.8591
-0.88639
-0.8863
-0.8671
-0.85128
-0.85769
-0.86193
-0.86452
-0.85373
-0.86453
-0.85096
-0.86866
-0.85096
-0.85752
-0.8513
-0.87007
-0.87266
-0.85729
-0.84483
-0.83995
-0.8664
-0.84063
-0.84063
-0.84343
-0.83218
-0.85343
-0.82493
-0.81544
-0.85943
-0.85079
-0.8399
-0.85456
-0.91715
-0.89634
-0.93145
-0.90234
-0.98552
-1.0678
-1.0269
-1.0839
0
0
0
0
0
0
0
0
0
0
0
0
0
0
0
0
0
0
0
0
0
0
0
0
0
0
0
0
0
0
0
0
0
0
0
0
0
0
0
0
0
0
0
0
0
0
0
0
0
0
0
0
0
0
0
0
0
0
0
-7.5031
0
0
-0.87598
-0.86589
-0.85811
-0.85295
-0.86331
-0.86468
-0.84999
-0.85396
-0.84695
-0.84361
-0.84831
-0.85911
-0.81587
-0.81583
-0.88099
-0.8587
-0.82154
-0.88096
56.6098
-0.83074
-0.83075
-0.84422
-0.83471
-0.82271
-0.85068
-0.85058
-0.83157
-0.81514
-0.82189
-0.8293
-0.82842
-0.81731
-0.82842
-0.81496
-0.83075
-0.81496
-0.82116
-0.81459
-0.83402
-0.83611
-0.82094
-0.8087
-0.80513
-0.81792
-0.8045
-0.8045
-0.80722
-0.79627
-0.817
-0.78893
-0.77988
-0.82474
-0.81199
-0.8041
-0.81874
-0.88514
-0.86261
-0.89606
-0.86698
-0.94696
-1.0304
-0.9898
-1.0463
0
0
0
0
0
0
0
0
0
0
0
0
0
0
0
0
0
0
0
0
0
0
0
0
0
0
0
0
-4.2152
0
0
0
0
0
0
0
0
0
0
0
0
0
0
0
0
0
0
0
0
0
0
0
0
0
0
0
0
0
0
0
0
0
-0.86212
-0.85231
-0.8443
-0.83893
-0.84894
-0.85015
-0.8357
-0.83946
-0.83254
-0.82916
-0.83439
-0.84441
-0.80271
-0.80267
-0.86702
-0.84415
-0.81081
-0.867
-0.83074
50.5112
-0.81022
-0.82786
-0.82091
-0.80856
-0.83385
-0.83376
-0.81751
-0.80064
-0.8073
-0.80874
-0.81463
-0.80352
-0.81462
-0.80103
-0.81894
-0.80104
-0.8073
-0.80146
-0.82072
-0.82235
-0.80756
-0.79509
-0.79106
-0.81774
-0.79077
-0.79077
-0.79386
-0.78308
-0.80403
-0.77531
-0.76596
-0.81172
-0.79862
-0.7902
-0.80531
-0.87145
-0.84892
-0.88316
-0.85355
-0.93196
-1.0146
-0.97398
0
0
0
0
0
0
0
0
0
0
0
0
0
0
0
0
0
0
0
0
0
0
0
0
0
0
0
0
0
0
0
0
0
0
0
0
0
0
0
0
0
0
0
0
0
0
0
0
0
0
0
0
0
0
0
0
0
0
0
0
0
0
0
-0.86214
-0.85234
-0.84432
-0.83894
-0.84894
-0.85017
-0.83571
-0.83946
-0.83255
-0.82917
-0.83441
-0.84441
-0.80272
-0.80268
-0.86703
-0.84416
-0.81083
-0.86703
-0.83075
-0.81022
50.512
-0.82787
-0.82093
-0.80858
-0.83385
-0.83377
-0.81753
-0.80066
-0.80732
-0.80876
-0.81464
-0.80354
-0.81463
-0.80106
-0.81894
-0.80106
-0.8073
-0.80147
-0.82073
-0.82236
-0.80757
-0.7951
-0.79107
-0.81775
-0.79079
-0.79079
-0.79387
-0.78309
-0.80405
-0.77531
-0.76597
-0.81173
-0.79862
-0.79021
-0.80533
-0.87147
-0.84894
-0.88317
-0.85357
-0.93197
-1.0146
-0.97398
0
0
0
0
0
0
0
0
0
0
0
0
0
0
0
0
0
0
0
0
0
0
0
0
0
0
0
0
0
0
0
0
0
0
0
0
0
0
0
0
0
0
0
0
0
0
0
0
0
0
0
0
0
0
0
0
0
0
0
0
0
0
0
-0.87295
-0.86491
-0.85505
-0.84973
-0.86055
-0.86164
-0.84681
-0.85167
-0.84666
-0.84204
-0.83605
-0.85853
-0.81727
-0.81724
-0.87907
-0.86265
-0.82014
-0.87904
-0.84422
-0.82786
-0.82787
58.0276
-0.83238
-0.81746
-0.84613
-0.84604
-0.82618
-0.80523
-0.81707
-0.82348
-0.82443
-0.81237
-0.82444
-0.81092
-0.82853
-0.81091
-0.8171
-0.80231
-0.81533
-0.83175
-0.81654
-0.80445
-0.80058
-0.82436
-0.80028
-0.80028
-0.79564
-0.79267
-0.8125
-0.78483
-0.7755
-0.81943
-0.80909
-0.80014
-0.81998
-0.87879
-0.85476
-0.89111
-0.86376
0
0
0
0
0
0
0
0
0
0
0
0
0
0
0
0
0
0
0
0
0
-2.8659
-3.4218
0
0
-3.5812
0
0
0
0
0
0
0
0
0
0
0
0
0
0
0
0
0
0
0
0
0
0
0
0
0
0
0
0
0
0
0
0
0
0
0
0
0
0
0
0
-0.86822
-0.85821
-0.85034
-0.84513
-0.85518
-0.8566
-0.84191
-0.84585
-0.83895
-0.83554
-0.8404
-0.85105
-0.80866
-0.80861
-0.87317
-0.85079
-0.81652
-0.87315
-0.83471
-0.82091
-0.82093
-0.83238
51.1163
-0.8136
-0.83864
-0.83854
-0.82242
-0.80574
-0.81236
-0.81329
-0.82004
-0.80849
-0.82004
-0.80633
-0.81522
-0.80632
-0.81259
-0.80658
-0.82632
-0.82765
-0.81273
-0.80034
-0.79686
-0.82014
-0.79593
-0.79593
-0.79907
-0.78815
-0.80906
-0.78042
-0.77107
-0.81716
-0.80478
-0.79541
-0.8105
-0.8787
-0.85546
-0.88967
-0.85907
0
0
0
0
0
0
0
0
0
0
0
0
0
0
0
0
0
0
0
-3.2145
0
0
0
0
0
0
0
0
0
0
0
0
0
0
0
0
0
0
0
0
0
0
0
0
0
0
0
0
0
0
0
0
0
0
0
0
0
0
0
0
0
0
0
0
0
0
-0.85334
-0.8438
-0.83613
-0.83087
-0.84109
-0.8423
-0.82792
-0.83175
-0.82481
-0.82143
-0.82675
-0.83714
-0.79502
-0.79498
-0.85912
-0.8368
-0.80173
-0.8591
-0.82271
-0.80856
-0.80858
-0.81746
-0.8136
48.791
-0.82487
-0.82477
-0.80844
-0.78965
-0.79837
-0.80051
-0.80711
-0.79194
-0.80712
-0.79277
-0.80965
-0.79277
-0.79859
-0.79079
-0.81118
-0.81349
-0.79858
-0.78642
-0.78228
-0.80693
-0.78195
-0.78195
-0.78482
-0.77435
-0.79482
-0.76652
-0.75722
-0.80268
-0.79029
-0.78144
-0.79607
-0.86161
-0.83961
-0.87358
-0.84452
0
0
0
0
0
0
0
0
0
0
0
0
0
0
0
0
0
0
0
0
-1.6884
0
0
0
0
0
0
0
0
0
0
0
0
0
0
0
0
0
0
0
0
0
0
0
0
0
0
0
0
0
0
0
0
0
0
0
0
0
0
0
0
0
0
0
0
0
-0.88102
-0.87119
-0.86276
-0.8567
-0.86785
-0.86791
-0.85438
-0.85858
-0.85175
-0.84897
-0.85344
-0.86576
-0.82282
-0.82277
-0.88641
-0.86596
-0.82543
-0.88639
-0.85068
-0.83385
-0.83385
-0.84613
-0.83864
-0.82487
55.4009
-0.85065
-0.82964
-0.81634
-0.82295
-0.82772
-0.83049
-0.81905
-0.83049
-0.81678
-0.83308
-0.81678
-0.82279
-0.81628
-0.83371
-0.83758
-0.82228
-0.81029
-0.80516
-0.83077
-0.80604
-0.80605
-0.80795
-0.79755
-0.81834
-0.79039
-0.78101
-0.82363
-0.81452
-0.80532
-0.81885
-0.87966
-0.86065
-0.89447
-0.86689
0
0
0
0
0
0
0
0
0
0
0
0
0
0
0
0
0
0
0
0
0
0
0
0
0
0
0
0
0
0
0
0
0
0
0
0
0
0
0
0
0
0
0
0
-6.8787
0
0
0
0
0
0
0
0
0
0
0
0
0
0
0
0
0
0
0
0
0
-0.88094
-0.87111
-0.86265
-0.85661
-0.86775
-0.86782
-0.85429
-0.85849
-0.85165
-0.84889
-0.85335
-0.86565
-0.82271
-0.82268
-0.88632
-0.86588
-0.82532
-0.8863
-0.85058
-0.83376
-0.83377
-0.84604
-0.83854
-0.82477
-0.85065
55.3947
-0.82955
-0.81625
-0.82286
-0.82762
-0.83039
-0.81896
-0.8304
-0.81669
-0.83298
-0.81669
-0.8227
-0.8162
-0.83363
-0.83749
-0.82219
-0.81019
-0.80507
-0.83069
-0.80595
-0.80595
-0.80785
-0.79746
-0.81826
-0.7903
-0.78093
-0.82355
-0.81444
-0.80522
-0.81875
-0.87956
-0.86056
-0.89437
-0.86681
0
0
0
0
0
0
0
0
0
0
0
0
0
0
0
0
0
0
0
0
0
0
0
0
0
0
0
0
0
0
0
0
0
0
0
0
0
0
0
0
0
0
0
0
0
0
0
0
0
0
0
0
-6.8777
0
0
0
0
0
0
0
0
0
0
0
0
0
-0.86187
-0.85209
-0.844
-0.83816
-0.84951
-0.84973
-0.8361
-0.84001
-0.83309
-0.82995
-0.83493
-0.84452
-0.80198
-0.80194
-0.86712
-0.84617
-0.80557
-0.8671
-0.83157
-0.81751
-0.81753
-0.82618
-0.82242
-0.80844
-0.82964
-0.82955
52.8599
-0.79987
-0.80645
-0.80443
-0.81373
-0.80277
-0.81373
-0.80047
-0.81221
-0.80047
-0.80693
-0.79983
-0.81805
-0.82186
-0.80679
-0.79431
-0.78998
-0.81487
-0.78998
-0.78999
-0.79232
-0.78174
-0.79158
-0.77534
-0.76596
-0.80906
-0.7957
-0.7899
-0.80455
-0.86459
-0.84633
0
0
0
0
0
0
0
0
0
0
0
0
0
0
0
0
0
0
0
-2.9815
0
0
0
0
0
0
0
0
0
0
0
0
0
0
0
-4.0879
0
0
0
0
0
0
0
0
0
0
0
0
0
0
0
0
0
0
0
0
0
0
0
0
0
0
0
0
0
0
0
0
-0.84681
-0.83702
-0.82908
-0.82363
-0.83373
-0.83452
-0.82054
-0.82421
-0.81729
-0.81387
-0.81886
-0.82976
-0.78702
-0.78696
-0.8513
-0.82927
-0.79359
-0.85128
-0.81514
-0.80064
-0.80066
-0.80523
-0.80574
-0.78965
-0.81634
-0.81625
-0.79987
48.5268
-0.78943
-0.78998
-0.80052
-0.78615
-0.80053
-0.78511
-0.80259
-0.7851
-0.79015
-0.78388
-0.79471
-0.80474
-0.78985
-0.77802
-0.77405
-0.79909
-0.77329
-0.7733
-0.7675
-0.76658
-0.78628
-0.75835
-0.74898
-0.79397
-0.78248
-0.77329
-0.7874
-0.85235
-0.82904
-0.86524
0
0
0
0
0
0
0
0
0
0
0
0
0
0
0
0
-2.7366
0
0
0
0
0
0
0
0
0
0
0
0
0
0
0
0
0
0
0
0
0
0
0
0
0
0
0
0
0
0
0
0
0
0
0
0
0
0
0
0
0
0
0
0
0
0
0
0
0
0
-0.85124
-0.84263
-0.83517
-0.82973
-0.8402
-0.84099
-0.82698
-0.83085
-0.82394
-0.82054
-0.82565
-0.83605
-0.79358
-0.79353
-0.85771
-0.83573
-0.80048
-0.85769
-0.82189
-0.8073
-0.80732
-0.81707
-0.81236
-0.79837
-0.82295
-0.82286
-0.80645
-0.78943
49.5912
-0.7975
-0.80621
-0.7927
-0.80622
-0.79163
-0.808
-0.79164
-0.79717
-0.79048
-0.80904
-0.81199
-0.79698
-0.78495
-0.78078
-0.80229
-0.78049
-0.78051
-0.78309
-0.77279
-0.79319
-0.76504
-0.75575
-0.80066
-0.7885
-0.78007
-0.79435
-0.85905
-0.83792
-0.87187
0
0
0
0
0
0
0
0
0
0
0
0
0
0
0
0
0
0
0
0
0
0
0
0
0
0
0
0
0
0
0
0
0
0
0
0
0
-3.4116
0
0
0
0
0
0
0
0
0
0
0
0
0
0
0
0
0
0
0
0
0
0
0
0
0
0
0
0
0
-0.85643
-0.84673
-0.83869
-0.83316
-0.8448
-0.84451
-0.83158
-0.83593
-0.82941
-0.82695
-0.83097
-0.84268
-0.80183
-0.80179
-0.86195
-0.84384
-0.80034
-0.86193
-0.8293
-0.80874
-0.80876
-0.82348
-0.81329
-0.80051
-0.82772
-0.82762
-0.80443
-0.78998
-0.7975
54.5816
-0.8066
-0.79512
-0.8066
-0.7936
-0.80312
-0.7936
-0.79968
-0.79266
-0.81
-0.81443
-0.79894
-0.78706
-0.78297
-0.80663
-0.78304
-0.78304
-0.78156
-0.77284
-0.79448
-0.76771
-0.75845
-0.79942
-0.78976
-0.78234
-0.78685
-0.85458
-0.82822
0
0
0
0
0
0
0
0
0
0
0
0
0
0
0
-2.903
0
0
0
0
0
0
0
0
0
0
0
0
0
0
0
0
0
0
0
0
0
0
0
0
0
0
0
0
0
0
0
0
0
0
-6.2405
0
0
0
0
0
0
0
0
0
0
0
0
0
0
0
0
0
-0.85966
-0.84986
-0.84196
-0.83656
-0.84656
-0.84777
-0.83329
-0.83714
-0.83023
-0.8269
-0.83206
-0.84184
-0.80019
-0.80014
-0.86454
-0.84169
-0.80687
-0.86452
-0.82842
-0.81463
-0.81464
-0.82443
-0.82004
-0.80711
-0.83049
-0.83039
-0.81373
-0.80052
-0.80621
-0.8066
46.5669
-0.803
-0.80556
-0.79641
-0.81431
-0.7964
-0.80264
-0.7973
-0.81831
-0.8179
-0.80326
-0.79098
-0.7869
-0.8142
-0.78628
-0.78627
-0.78965
-0.77913
-0.79984
-0.77089
-0.7615
-0.80841
-0.79524
-0.78605
-0.80127
-0.86857
-0.84608
-0.88161
0
0
0
0
0
0
0
0
0
0
0
0
0
0
0
0
0
0
0
0
0
0
0
0
0
0
0
0
0
0
0
0
0
0
0
0
0
0
0
0
0
0
0
0
0
0
0
0
0
0
0
0
0
0
0
0
0
0
0
0
0
0
0
0
0
0
0
-0.84885
-0.83256
-0.83067
-0.82579
-0.83588
-0.83702
-0.82261
-0.8265
-0.81962
-0.81626
-0.82141
-0.8331
-0.78925
-0.78921
-0.85376
-0.83318
-0.79587
-0.85373
-0.81731
-0.80352
-0.80354
-0.81237
-0.80849
-0.79194
-0.81905
-0.81896
-0.80277
-0.78615
-0.7927
-0.79512
-0.803
47.998
-0.80301
-0.7883
-0.80381
-0.78829
-0.79372
-0.78517
-0.80379
-0.80846
-0.79329
-0.78062
-0.77692
-0.80068
-0.77635
-0.77636
-0.77925
-0.76751
-0.7896
-0.76114
-0.75174
-0.7966
-0.7863
-0.77562
-0.79006
-0.85217
-0.83247
0
0
0
0
0
0
0
0
0
0
0
0
0
0
0
0
-2.9166
0
0
0
0
0
0
0
0
0
0
0
0
0
0
0
0
0
0
0
0
0
0
0
0
0
0
0
0
0
0
0
0
0
0
0
0
0
0
0
0
0
0
0
0
0
0
0
0
0
0
0
-0.85967
-0.84986
-0.84197
-0.83655
-0.84656
-0.84778
-0.83328
-0.83714
-0.83024
-0.82691
-0.83206
-0.84185
-0.80018
-0.80015
-0.86455
-0.84169
-0.80687
-0.86453
-0.82842
-0.81462
-0.81463
-0.82444
-0.82004
-0.80712
-0.83049
-0.8304
-0.81373
-0.80053
-0.80622
-0.8066
-0.80556
-0.80301
46.5672
-0.79641
-0.81432
-0.7964
-0.80266
-0.7973
-0.81831
-0.8179
-0.80327
-0.79098
-0.78691
-0.81421
-0.78627
-0.78627
-0.78966
-0.77913
-0.79985
-0.7709
-0.7615
-0.80841
-0.79524
-0.78605
-0.80129
-0.86858
-0.84609
-0.88161
0
0
0
0
0
0
0
0
0
0
0
0
0
0
0
0
0
0
0
0
0
0
0
0
0
0
0
0
0
0
0
0
0
0
0
0
0
0
0
0
0
0
0
0
0
0
0
0
0
0
0
0
0
0
0
0
0
0
0
0
0
0
0
0
0
0
0
-0.8462
-0.83648
-0.82864
-0.82332
-0.83317
-0.83436
-0.81993
-0.82373
-0.81686
-0.81352
-0.81866
-0.82828
-0.78681
-0.78676
-0.85098
-0.82917
-0.79325
-0.85096
-0.81496
-0.80103
-0.80106
-0.81092
-0.80633
-0.79277
-0.81678
-0.81669
-0.80047
-0.78511
-0.79163
-0.7936
-0.79641
-0.7883
-0.79641
44.9425
-0.80145
-0.77635
-0.79003
-0.78323
-0.80497
-0.8055
-0.79066
-0.77726
-0.77407
-0.80296
-0.773
-0.77301
-0.77621
-0.76498
-0.78651
-0.75806
-0.74885
-0.79537
-0.78182
-0.77293
-0.78826
-0.85136
-0.83206
0
0
0
0
0
0
0
0
0
0
0
0
0
0
0
0
0
0
0
0
0
0
0
0
0
0
0
0
0
0
0
0
0
0
0
0
0
0
0
0
0
0
0
0
0
0
0
0
0
0
0
0
0
0
0
0
0
0
0
0
0
0
0
0
0
0
0
0
-0.86373
-0.8534
-0.84331
-0.83906
-0.85113
-0.85187
-0.83766
-0.84198
-0.83523
-0.83239
-0.8367
-0.84818
-0.80569
-0.80564
-0.86867
-0.84865
-0.80715
-0.86866
-0.83075
-0.81894
-0.81894
-0.82853
-0.81522
-0.80965
-0.83308
-0.83298
-0.81221
-0.80259
-0.808
-0.80312
-0.81431
-0.80381
-0.81432
-0.80145
54.1599
-0.80146
-0.80764
-0.79992
-0.81888
-0.82252
-0.80673
-0.79503
-0.79078
-0.81165
-0.79111
-0.79113
-0.79344
-0.78182
-0.79109
-0.77573
-0.76659
-0.80864
-0.79834
-0.79079
0
0
0
0
0
0
0
0
0
0
0
0
0
0
0
0
0
0
0
0
0
0
-2.9683
0
-3.1903
0
0
0
0
0
0
0
0
0
0
0
0
0
0
0
0
0
0
0
-4.6711
0
0
0
0
0
0
0
0
0
0
0
0
0
0
0
0
0
0
0
0
0
0
0
0
0
0
-0.84619
-0.83649
-0.82863
-0.82332
-0.83317
-0.83437
-0.81993
-0.82373
-0.81686
-0.81351
-0.81868
-0.82829
-0.7868
-0.78676
-0.85098
-0.82917
-0.79324
-0.85096
-0.81496
-0.80104
-0.80106
-0.81091
-0.80632
-0.79277
-0.81678
-0.81669
-0.80047
-0.7851
-0.79164
-0.7936
-0.7964
-0.78829
-0.7964
-0.77635
-0.80146
44.9425
-0.79002
-0.78323
-0.80497
-0.80551
-0.79067
-0.77726
-0.77406
-0.80296
-0.77299
-0.773
-0.77622
-0.76499
-0.78651
-0.75806
-0.74886
-0.79536
-0.78183
-0.77293
-0.78825
-0.85136
-0.83208
0
0
0
0
0
0
0
0
0
0
0
0
0
0
0
0
0
0
0
0
0
0
0
0
0
0
0
0
0
0
0
0
0
0
0
0
0
0
0
0
0
0
0
0
0
0
0
0
0
0
0
0
0
0
0
0
0
0
0
0
0
0
0
0
0
0
0
0
-0.85291
-0.84314
-0.83524
-0.82993
-0.83972
-0.84088
-0.8264
-0.83019
-0.82323
-0.81985
-0.82507
-0.83449
-0.79284
-0.7928
-0.85753
-0.83566
-0.79927
-0.85752
-0.82116
-0.8073
-0.8073
-0.8171
-0.81259
-0.79859
-0.82279
-0.8227
-0.80693
-0.79015
-0.79717
-0.79968
-0.80264
-0.79372
-0.80266
-0.79003
-0.80764
-0.79002
43.6301
-0.78954
-0.81071
-0.81726
-0.80013
-0.78558
-0.78315
-0.80276
-0.78272
-0.78273
-0.78587
-0.77337
-0.79583
-0.76614
-0.75641
-0.80247
-0.79085
-0.78073
-0.797
0
0
0
0
0
0
0
0
0
0
0
0
0
0
0
0
0
0
0
0
0
0
0
0
0
0
0
0
0
0
0
0
0
0
0
0
0
0
0
0
0
0
0
0
0
0
0
0
0
0
0
0
0
0
0
0
0
0
0
0
0
0
0
0
0
0
0
0
0
0
-0.845
-0.8376
-0.82769
-0.82249
-0.83275
-0.83378
-0.8195
-0.82325
-0.81632
-0.81293
-0.81859
-0.82915
-0.78648
-0.78642
-0.85132
-0.82905
-0.79315
-0.8513
-0.81459
-0.80146
-0.80147
-0.80231
-0.80658
-0.79079
-0.81628
-0.8162
-0.79983
-0.78388
-0.79048
-0.79266
-0.7973
-0.78517
-0.7973
-0.78323
-0.79992
-0.78323
-0.78954
44.4804
-0.80463
-0.80938
-0.79068
-0.77964
-0.77471
-0.79686
-0.77519
-0.7752
-0.77677
-0.76484
-0.78581
-0.75873
-0.74965
-0.79442
0
-0.77401
0
0
0
0
0
0
0
0
0
0
0
0
0
0
0
0
0
0
0
0
0
0
0
0
0
0
-2.8009
0
0
0
0
0
0
0
0
0
0
0
0
0
0
0
0
0
0
0
0
0
0
0
0
0
0
0
0
0
0
0
0
0
0
0
0
0
0
0
0
0
0
0
0
-0.86548
-0.85544
-0.84722
-0.83938
-0.85213
-0.85313
-0.8386
-0.84298
-0.83604
-0.83248
-0.83773
-0.85007
-0.80473
-0.80468
-0.87009
-0.84907
-0.81189
-0.87007
-0.83402
-0.82072
-0.82073
-0.81533
-0.82632
-0.81118
-0.83371
-0.83363
-0.81805
-0.79471
-0.80904
-0.81
-0.81831
-0.80379
-0.81831
-0.80497
-0.81888
-0.80497
-0.81071
-0.80463
47.3688
-0.82644
-0.81091
-0.79835
-0.79496
-0.82399
-0.79425
-0.79426
-0.7888
-0.7867
-0.80737
-0.7786
-0.7696
-0.81426
0
0
0
0
0
0
0
0
0
0
0
0
0
0
0
0
0
0
0
0
0
0
0
0
0
-1.9898
0
0
0
0
0
0
-3.5173
0
0
0
0
0
0
0
0
0
0
0
0
0
0
0
0
0
0
0
0
0
0
0
0
0
0
0
0
0
0
0
0
0
0
0
0
0
0
0
0
-0.86783
-0.85803
-0.85012
-0.84475
-0.85483
-0.85602
-0.84145
-0.84527
-0.83824
-0.83483
-0.84009
-0.85093
-0.80754
-0.80749
-0.87267
-0.85071
-0.81412
-0.87266
-0.83611
-0.82235
-0.82236
-0.83175
-0.82765
-0.81349
-0.83758
-0.83749
-0.82186
-0.80474
-0.81199
-0.81443
-0.8179
-0.80846
-0.8179
-0.8055
-0.82252
-0.80551
-0.81726
-0.80938
-0.82644
42.8464
-0.82233
-0.79989
-0.80129
-0.81791
-0.7979
-0.79791
-0.8039
-0.79163
-0.81439
-0.7831
-0.77316
-0.82486
0
-0.79789
0
0
0
0
0
0
0
0
0
0
0
0
0
0
0
0
0
0
0
0
0
0
0
0
0
0
0
0
0
0
0
0
0
0
0
0
0
0
0
0
0
0
0
0
0
0
0
0
0
0
0
0
0
0
0
0
0
0
0
0
0
0
0
0
0
0
0
0
0
0
0
-0.85
-0.8426
-0.83474
-0.82951
-0.83772
-0.84076
-0.82622
-0.8301
-0.82313
-0.81974
-0.82494
-0.83573
-0.79253
-0.79248
-0.85732
-0.83552
-0.79922
-0.85729
-0.82094
-0.80756
-0.80757
-0.81654
-0.81273
-0.79858
-0.82228
-0.82219
-0.80679
-0.78985
-0.79698
-0.79894
-0.80326
-0.79329
-0.80327
-0.79066
-0.80673
-0.79067
-0.80013
-0.79068
-0.81091
-0.82233
42.3359
-0.78407
-0.78246
-0.80955
-0.78434
-0.78435
-0.78539
-0.77483
-0.79455
-0.76647
-0.75779
0
0
0
0
0
0
0
0
0
0
0
0
0
0
0
0
0
0
-1.8696
0
0
0
0
0
0
0
0
0
0
0
0
0
0
0
0
0
0
0
0
0
0
0
0
0
0
0
0
0
0
0
0
0
0
0
0
0
0
0
0
0
0
0
0
0
0
0
0
0
0
0
0
0
0
0
-0.84006
-0.83039
-0.82257
-0.81726
-0.82719
-0.82832
-0.81392
-0.8177
-0.81077
-0.80742
-0.81259
-0.82338
-0.78054
-0.78049
-0.84484
-0.82289
-0.78699
-0.84483
-0.8087
-0.79509
-0.7951
-0.80445
-0.80034
-0.78642
-0.81029
-0.81019
-0.79431
-0.77802
-0.78495
-0.78706
-0.79098
-0.78062
-0.79098
-0.77726
-0.79503
-0.77726
-0.78558
-0.77964
-0.79835
-0.79989
-0.78407
40.629
-0.76585
-0.79707
-0.77196
-0.77197
-0.76964
-0.75649
-0.77897
-0.75125
-0.74288
-0.79615
0
0
0
0
0
0
0
0
0
0
0
0
0
0
0
0
0
0
0
0
0
0
0
0
0
0
0
0
0
0
0
0
0
0
0
0
0
0
0
0
0
0
0
0
0
0
0
0
0
0
0
0
0
0
0
0
0
0
0
0
0
0
0
0
0
0
0
0
0
0
0
0
0
-0.8356
-0.8256
-0.81786
-0.81371
-0.82327
-0.82395
-0.80989
-0.81363
-0.80675
-0.80321
-0.80876
-0.81904
-0.77623
-0.77618
-0.83997
-0.81838
-0.78282
-0.83995
-0.80513
-0.79106
-0.79107
-0.80058
-0.79686
-0.78228
-0.80516
-0.80507
-0.78998
-0.77405
-0.78078
-0.78297
-0.7869
-0.77692
-0.78691
-0.77407
-0.79078
-0.77406
-0.78315
-0.77471
-0.79496
-0.80129
-0.78246
-0.76585
41.5982
-0.79695
-0.76906
-0.76906
-0.76246
-0.75264
-0.76964
-0.74656
-0.73894
0
0
0
0
0
0
0
0
0
0
0
0
0
0
0
0
0
0
0
0
0
0
0
0
0
0
0
0
0
0
0
0
0
0
0
0
0
0
0
0
0
0
-1.9611
0
0
0
0
0
0
0
0
0
0
0
0
0
0
0
0
0
0
0
0
0
0
0
0
0
0
0
0
0
0
0
-0.85694
-0.851
-0.84399
-0.83911
-0.84912
-0.85052
-0.83585
-0.8398
-0.83277
-0.82926
-0.83388
-0.84574
-0.80156
-0.8015
-0.86641
-0.84523
-0.80884
-0.8664
-0.81792
-0.81774
-0.81775
-0.82436
-0.82014
-0.80693
-0.83077
-0.83069
-0.81487
-0.79909
-0.80229
-0.80663
-0.8142
-0.80068
-0.81421
-0.80296
-0.81165
-0.80296
-0.80276
-0.79686
-0.82399
-0.81791
-0.80955
-0.79707
-0.79695
45.9165
-0.79328
-0.79328
-0.792
0
-0.79971
-0.77396
0
0
0
0
0
0
0
0
0
0
0
0
0
0
0
0
0
0
0
0
0
0
0
0
0
-2.3997
0
0
0
0
0
0
0
0
0
0
0
0
-4.1857
0
0
0
0
0
0
0
0
0
0
0
0
0
0
0
0
0
0
0
0
0
0
0
0
0
0
0
0
0
0
0
0
0
0
0
0
-0.836
-0.82637
-0.81857
-0.81328
-0.82307
-0.82422
-0.80983
-0.81355
-0.80663
-0.80325
-0.80846
-0.81905
-0.77637
-0.77633
-0.84066
-0.81876
-0.78276
-0.84063
-0.8045
-0.79077
-0.79079
-0.80028
-0.79593
-0.78195
-0.80604
-0.80595
-0.78998
-0.77329
-0.78049
-0.78304
-0.78628
-0.77635
-0.78627
-0.773
-0.79111
-0.77299
-0.78272
-0.77519
-0.79425
-0.7979
-0.78434
-0.77196
-0.76906
-0.79328
39.6638
-0.76409
-0.77253
-0.75826
-0.78407
-0.74879
-0.74057
0
0
0
0
0
0
0
0
0
0
0
0
0
0
0
0
0
0
0
0
0
0
0
0
0
0
0
0
0
0
0
0
0
0
0
0
0
0
0
0
0
0
0
0
0
0
0
0
0
0
0
0
0
0
0
0
0
0
0
0
0
0
0
0
0
0
0
0
0
0
0
0
0
0
-0.83601
-0.82638
-0.81857
-0.81328
-0.82307
-0.82421
-0.80984
-0.81357
-0.80663
-0.80326
-0.80846
-0.81905
-0.77638
-0.77633
-0.84065
-0.81877
-0.78276
-0.84063
-0.8045
-0.79077
-0.79079
-0.80028
-0.79593
-0.78195
-0.80605
-0.80595
-0.78999
-0.7733
-0.78051
-0.78304
-0.78627
-0.77636
-0.78627
-0.77301
-0.79113
-0.773
-0.78273
-0.7752
-0.79426
-0.79791
-0.78435
-0.77197
-0.76906
-0.79328
-0.76409
39.664
-0.77254
-0.75827
-0.78408
-0.74879
-0.74057
0
0
0
0
0
0
0
0
0
0
0
0
0
0
0
0
0
0
0
0
0
0
0
0
0
0
0
0
0
0
0
0
0
0
0
0
0
0
0
0
0
0
0
0
0
0
0
0
0
0
0
0
0
0
0
0
0
0
0
0
0
0
0
0
0
0
0
0
0
0
0
0
0
0
-0.83886
-0.82914
-0.82126
-0.81584
-0.82605
-0.82671
-0.81284
-0.81647
-0.80955
-0.80613
-0.81103
-0.82299
-0.779
-0.77894
-0.84346
-0.82244
-0.78562
-0.84343
-0.80722
-0.79386
-0.79387
-0.79564
-0.79907
-0.78482
-0.80795
-0.80785
-0.79232
-0.7675
-0.78309
-0.78156
-0.78965
-0.77925
-0.78966
-0.77621
-0.79344
-0.77622
-0.78587
-0.77677
-0.7888
-0.8039
-0.78539
-0.76964
-0.76246
-0.792
-0.77253
-0.77254
39.4015
0
0
0
0
0
0
0
0
0
0
0
0
0
0
0
0
0
0
0
0
0
0
0
0
0
0
0
-2.6827
0
0
0
0
0
0
0
0
0
0
0
0
0
0
0
0
0
0
0
0
0
0
0
0
0
0
0
0
0
0
0
0
0
0
0
0
0
0
0
0
0
0
0
0
0
0
0
0
0
0
-0.82702
-0.81758
-0.80973
-0.80452
-0.81438
-0.8158
-0.80132
-0.80523
-0.79831
-0.79501
-0.79998
-0.81092
-0.76807
-0.76804
-0.83221
-0.80931
-0.77474
-0.83218
-0.79627
-0.78308
-0.78309
-0.79267
-0.78815
-0.77435
-0.79755
-0.79746
-0.78174
-0.76658
-0.77279
-0.77284
-0.77913
-0.76751
-0.77913
-0.76498
-0.78182
-0.76499
-0.77337
-0.76484
-0.7867
-0.79163
-0.77483
-0.75649
-0.75264
0
-0.75826
-0.75827
0
38.5619
0
0
0
0
0
0
0
0
0
-0.8553
0
0
0
0
0
0
0
0
0
0
0
0
-2.2611
0
0
0
0
0
0
0
0
0
0
0
0
0
0
0
0
0
0
0
0
0
0
0
0
0
0
0
0
0
0
0
0
0
0
0
0
0
0
0
0
0
0
0
0
0
0
0
0
0
0
0
0
0
0
-0.84859
-0.83903
-0.83125
-0.82577
-0.83656
-0.83714
-0.82329
-0.82679
-0.81975
-0.81635
-0.82159
-0.83013
-0.78919
-0.78914
-0.85345
-0.83051
-0.79569
-0.85343
-0.817
-0.80403
-0.80405
-0.8125
-0.80906
-0.79482
-0.81834
-0.81826
-0.79158
-0.78628
-0.79319
-0.79448
-0.79984
-0.7896
-0.79985
-0.78651
-0.79109
-0.78651
-0.79583
-0.78581
-0.80737
-0.81439
-0.79455
-0.77897
-0.76964
-0.79971
-0.78407
-0.78408
0
0
40.0836
0
0
0
0
0
0
0
0
0
0
0
0
0
0
0
0
0
0
0
0
0
0
0
0
0
0
0
-2.9045
0
0
0
0
0
0
0
0
0
0
0
0
0
0
0
0
0
0
0
0
0
0
0
0
0
0
0
0
0
0
0
0
0
0
0
0
0
0
0
0
0
0
0
0
0
0
0
0
-0.82031
-0.81069
-0.8029
-0.79764
-0.80741
-0.80855
-0.79422
-0.79794
-0.79104
-0.7877
-0.79286
-0.80345
-0.76095
-0.76091
-0.82496
-0.8032
-0.76727
-0.82493
-0.78893
-0.77531
-0.77531
-0.78483
-0.78042
-0.76652
-0.79039
-0.7903
-0.77534
-0.75835
-0.76504
-0.76771
-0.77089
-0.76114
-0.7709
-0.75806
-0.77573
-0.75806
-0.76614
-0.75873
-0.7786
-0.7831
-0.76647
-0.75125
-0.74656
-0.77396
-0.74879
-0.74879
0
0
0
35.8925
0
0
0
0
0
0
0
0
0
0
0
0
0
0
0
0
0
0
0
0
0
0
0
0
0
0
0
0
0
0
0
0
0
0
0
0
0
0
0
0
0
0
0
0
0
0
0
0
0
0
0
0
0
0
0
0
0
0
0
0
0
0
0
0
0
0
0
0
0
0
0
0
0
0
0
-0.81107
-0.80139
-0.79362
-0.78836
-0.79803
-0.79914
-0.78489
-0.78858
-0.7817
-0.77834
-0.78353
-0.79408
-0.75173
-0.75168
-0.81548
-0.79376
-0.75801
-0.81544
-0.77988
-0.76596
-0.76597
-0.7755
-0.77107
-0.75722
-0.78101
-0.78093
-0.76596
-0.74898
-0.75575
-0.75845
-0.7615
-0.75174
-0.7615
-0.74885
-0.76659
-0.74886
-0.75641
-0.74965
-0.7696
-0.77316
-0.75779
-0.74288
-0.73894
0
-0.74057
-0.74057
0
0
0
0
34.7041
0
0
0
0
0
0
0
0
0
0
0
0
0
0
0
0
0
0
0
0
0
0
0
0
0
0
0
0
0
0
0
0
0
0
0
0
0
0
0
0
0
0
0
0
0
0
0
0
0
0
0
0
0
0
0
0
0
0
0
0
0
0
0
0
0
0
0
0
0
0
0
0
0
0
-0.85525
-0.845
-0.83705
-0.83126
-0.84311
-0.84512
-0.82979
-0.83378
-0.82668
-0.82342
-0.82861
-0.84093
-0.79599
-0.79594
-0.85944
-0.83967
-0.80296
-0.85943
-0.82474
-0.81172
-0.81173
-0.81943
-0.81716
-0.80268
-0.82363
-0.82355
-0.80906
-0.79397
-0.80066
-0.79942
-0.80841
-0.7966
-0.80841
-0.79537
-0.80864
-0.79536
-0.80247
-0.79442
-0.81426
-0.82486
0
-0.79615
0
0
0
0
0
0
0
0
0
39.0233
0
0
0
0
0
0
0
0
0
0
0
0
0
0
0
0
0
0
0
0
0
0
0
0
0
0
0
0
0
0
0
0
0
0
0
0
0
0
0
0
0
0
0
0
0
0
0
0
0
0
0
0
0
0
0
0
0
-5.4472
0
0
0
0
0
0
0
0
0
0
0
0
0
0
0
-0.85185
-0.84163
-0.83131
-0.82629
-0.82919
-0.8308
-0.81576
-0.81971
-0.81351
-0.81011
-0.81565
-0.77663
-0.78282
-0.78277
-0.85081
-0.82899
-0.78993
-0.85079
-0.81199
-0.79862
-0.79862
-0.80909
-0.80478
-0.79029
-0.81452
-0.81444
-0.7957
-0.78248
-0.7885
-0.78976
-0.79524
-0.7863
-0.79524
-0.78182
-0.79834
-0.78183
-0.79085
0
0
0
0
0
0
0
0
0
0
0
0
0
0
0
37.5858
0
0
0
0
0
0
0
0
0
0
0
0
0
0
0
0
0
0
0
0
0
0
0
0
0
0
0
0
0
0
0
0
-4.6417
0
0
0
0
0
0
0
0
0
0
0
-3.0672
0
0
0
0
0
0
0
0
0
0
0
0
0
0
0
0
0
0
0
0
0
0
0
0
0
0
0
-0.83543
-0.8256
-0.81779
-0.81252
-0.82233
-0.82343
-0.80902
-0.81278
-0.80586
-0.80251
-0.80771
-0.81817
-0.7756
-0.77556
-0.83992
-0.81794
-0.78207
-0.8399
-0.8041
-0.7902
-0.79021
-0.80014
-0.79541
-0.78144
-0.80532
-0.80522
-0.7899
-0.77329
-0.78007
-0.78234
-0.78605
-0.77562
-0.78605
-0.77293
-0.79079
-0.77293
-0.78073
-0.77401
0
-0.79789
0
0
0
0
0
0
0
0
0
0
0
0
0
31.1588
0
0
0
0
0
0
0
0
0
0
0
0
0
0
0
0
0
0
0
0
0
0
0
0
0
0
0
0
0
0
0
0
0
0
0
0
0
0
0
0
0
0
0
0
0
0
0
0
0
0
0
0
0
0
0
0
0
0
0
0
0
0
0
0
0
0
0
0
0
0
0
-0.8496
-0.83962
-0.83203
-0.82697
-0.83705
-0.83826
-0.82344
-0.82795
-0.82101
-0.8176
-0.82262
-0.83303
-0.79027
-0.79021
-0.85459
-0.83264
-0.79682
-0.85456
-0.81874
-0.80531
-0.80533
-0.81998
-0.8105
-0.79607
-0.81885
-0.81875
-0.80455
-0.7874
-0.79435
-0.78685
-0.80127
-0.79006
-0.80129
-0.78826
0
-0.78825
-0.797
0
0
0
0
0
0
0
0
0
0
0
0
0
0
0
0
0
33.7279
0
0
0
0
0
0
0
0
0
0
0
0
0
0
0
0
0
0
0
0
0
0
0
0
0
0
0
-3.7721
-0.6347
0
0
0
0
0
0
0
0
0
0
0
0
0
0
0
0
0
0
0
0
0
0
0
0
0
0
0
0
0
0
0
0
0
0
0
0
0
0
0
0
0
-0.91317
-0.90182
-0.89369
-0.88566
-0.90198
-0.90237
-0.88809
-0.89278
-0.88584
-0.8823
-0.88835
-0.89994
-0.85361
-0.85355
-0.91717
-0.89844
-0.86148
-0.91715
-0.88514
-0.87145
-0.87147
-0.87879
-0.8787
-0.86161
-0.87966
-0.87956
-0.86459
-0.85235
-0.85905
-0.85458
-0.86857
-0.85217
-0.86858
-0.85136
0
-0.85136
0
0
0
0
0
0
0
0
0
0
0
0
0
0
0
0
0
0
0
43.9664
0
0
0
0
0
0
0
0
0
0
0
0
0
0
0
0
0
0
0
0
0
-2.0258
0
0
0
0
0
0
0
0
0
0
0
0
0
0
0
0
0
0
0
0
0
0
0
0
-5.5871
0
0
0
0
0
0
0
0
0
0
-5.5871
0
0
0
0
0
0
0
0
0
0
0
-0.89144
-0.88103
-0.87308
-0.86931
-0.87917
-0.88195
-0.86582
-0.87083
-0.86376
-0.86016
-0.86537
-0.87742
-0.83215
-0.83211
-0.89637
-0.87634
-0.83949
-0.89634
-0.86261
-0.84892
-0.84894
-0.85476
-0.85546
-0.83961
-0.86065
-0.86056
-0.84633
-0.82904
-0.83792
-0.82822
-0.84608
-0.83247
-0.84609
-0.83206
0
-0.83208
0
0
0
0
0
0
0
0
0
0
0
0
0
0
0
0
0
0
0
0
39.8843
0
0
0
0
0
0
0
0
0
0
0
0
0
0
0
0
0
0
0
0
0
0
0
0
0
0
0
0
0
0
0
0
-4.5985
0
0
0
0
0
0
0
0
0
0
0
0
0
0
0
0
0
0
0
0
0
0
0
0
0
0
0
-5.2719
0
0
0
0
0
0
0
-0.92964
-0.91895
-0.90927
-0.90101
-0.914
-0.91561
-0.9004
-0.9049
-0.8976
-0.89464
-0.89996
-0.91486
-0.86605
-0.866
-0.93147
-0.86947
-0.8732
-0.93145
-0.89606
-0.88316
-0.88317
-0.89111
-0.88967
-0.87358
-0.89447
-0.89437
0
-0.86524
-0.87187
0
-0.88161
0
-0.88161
0
0
0
0
0
0
0
0
0
0
0
0
0
0
-0.8553
0
0
0
0
0
0
0
0
0
42.6515
0
0
0
0
0
0
0
0
0
0
0
0
0
0
0
0
0
0
0
0
0
0
0
0
0
0
0
0
0
-4.6949
0
0
0
0
0
0
0
0
0
0
0
0
0
0
0
0
0
-5.1284
0
0
0
0
-5.1284
0
0
0
0
0
0
0
0
0
0
0
0
0
0
-0.89656
-0.88694
-0.87898
-0.87198
-0.88492
-0.8869
-0.87165
-0.87597
-0.86881
-0.86574
-0.87058
-0.8832
-0.83803
-0.83797
-0.90236
-0.88181
-0.84462
-0.90234
-0.86698
-0.85355
-0.85357
-0.86376
-0.85907
-0.84452
-0.86689
-0.86681
0
0
0
0
0
0
0
0
0
0
0
0
0
0
0
0
0
0
0
0
0
0
0
0
0
0
0
0
0
0
0
0
29.499
0
0
0
0
0
0
0
0
0
0
0
-2.2333
0
0
0
0
0
0
0
0
0
0
0
0
0
0
0
0
0
0
0
0
0
0
0
0
0
0
0
0
0
0
-4.6411
0
0
0
0
0
0
0
0
0
0
0
0
0
0
0
0
0
0
0
0
0
0
0
-0.9813
-0.96988
-0.9557
-0.95296
-0.96611
-0.96688
-0.9521
-0.95628
-0.9491
-0.94568
-0.95128
-0.96877
-0.91714
-0.9171
-0.98554
-0.96623
-0.9234
-0.98552
-0.94696
-0.93196
-0.93197
0
0
0
0
0
0
0
0
0
0
0
0
0
0
0
0
0
0
0
0
0
0
0
0
0
0
0
0
0
0
0
0
0
0
0
0
0
0
24.0433
0
0
0
0
0
0
0
0
0
0
0
0
0
0
0
0
0
0
0
0
0
0
0
0
0
0
0
0
0
0
0
0
0
0
0
0
0
0
-4.0215
0
0
0
0
0
0
0
0
0
0
0
0
0
0
0
0
0
0
0
0
0
0
0
0
0
0
-1.0624
-1.0519
-1.0439
-1.0381
-1.0489
-1.0507
-1.0346
-1.0389
-1.0315
-1.0281
-1.0337
-1.0443
-0.99914
-0.99909
-1.0679
-1.0445
-1.0057
-1.0678
-1.0304
-1.0146
-1.0146
0
0
0
0
0
0
0
0
0
0
0
0
0
0
0
0
0
0
0
0
0
0
0
0
0
0
0
0
0
0
0
0
0
0
0
0
0
0
0
21.7508
0
0
0
0
0
0
0
0
0
0
0
0
0
0
0
0
0
0
0
0
0
0
0
0
0
0
0
0
0
0
0
0
0
0
0
0
0
0
0
0
0
0
0
0
0
0
0
0
0
0
0
0
0
0
0
0
0
0
0
0
0
0
0
0
-1.0216
-1.0112
-1.0032
-0.99756
-1.0081
-1.0099
-0.99391
-0.99811
-0.99079
-0.98742
-0.99308
-1.0035
-0.95888
-0.95883
-1.0269
-1.0037
-0.96531
-1.0269
-0.9898
-0.97398
-0.97398
0
0
0
0
0
0
0
0
0
0
0
0
0
0
0
0
0
0
0
0
0
0
0
0
0
0
0
0
0
0
0
0
0
0
0
0
0
0
0
0
20.8966
0
0
0
0
0
0
0
0
0
0
0
0
0
0
0
0
0
0
0
0
0
0
0
0
0
0
0
0
0
0
0
0
0
0
0
0
0
0
0
0
0
0
0
0
0
0
0
0
0
0
0
0
0
0
0
0
0
0
0
0
0
0
0
-1.0784
-1.0678
-1.0599
-1.0541
-1.0648
-1.0667
-1.0505
-1.0547
-1.0473
-1.0439
-1.0496
-1.0603
-1.0148
-1.0148
-1.0839
-1.0605
-1.0215
-1.0839
-1.0463
0
0
0
0
0
0
0
0
0
0
0
0
0
0
0
0
0
0
0
0
0
0
0
0
0
0
0
0
0
0
0
0
0
0
0
0
0
0
0
0
0
0
0
20.0237
0
0
0
0
0
0
0
0
0
0
0
0
0
0
0
0
0
0
0
0
0
0
0
0
0
0
0
0
0
0
0
0
0
0
0
0
0
0
0
0
0
0
0
0
0
0
0
0
0
0
0
0
0
0
0
0
0
0
0
0
0
0
-1.0375
-1.0267
-1.0181
-1.0115
-1.024
-1.0238
-1.0099
-1.014
-1.0068
-1.0035
-1.0093
-1.0247
-0.97453
-0.97448
0
0
-0.98137
0
0
0
0
0
0
0
0
0
0
0
0
0
0
0
0
0
0
0
0
0
0
0
0
0
0
0
0
0
0
0
0
0
0
0
0
0
0
0
0
0
0
0
0
0
0
18.5185
0
0
0
0
0
0
0
0
0
0
0
0
0
0
0
0
0
0
0
0
0
0
0
0
0
0
0
0
-3.3784
0
0
0
0
0
0
0
0
0
0
0
0
0
0
0
0
0
0
0
0
0
0
0
0
0
0
0
0
0
0
0
0
-1.0981
-1.0867
-1.0787
-1.0727
-1.0865
-1.0684
-1.0721
-1.0764
-1.0689
-1.0653
-1.0715
-1.0837
-1.036
-1.0359
0
0
0
0
0
0
0
0
0
0
0
0
0
0
0
0
0
0
0
0
0
0
0
0
0
0
0
0
0
0
0
0
0
0
0
0
0
0
0
0
0
0
0
0
0
0
0
0
0
0
17.8042
0
0
0
0
0
0
0
0
0
0
0
0
0
0
0
0
0
0
0
0
0
0
0
0
0
-2.8034
0
0
0
0
0
0
0
0
0
0
0
0
0
0
0
0
0
0
0
0
0
0
0
0
0
0
0
0
0
0
0
0
0
0
-1.3233
-1.3122
-1.305
-1.299
-1.3121
-1.3149
-1.2975
-1.302
-1.294
-1.2907
-1.2963
0
-1.2598
-1.2597
0
0
0
0
0
0
0
0
0
0
0
0
0
0
0
0
0
0
0
0
0
0
0
0
0
0
0
0
0
0
0
0
0
0
0
0
0
0
0
0
0
0
0
0
0
0
0
0
0
0
0
16.8665
0
0
0
0
0
0
0
0
0
0
0
0
0
0
0
0
0
0
0
0
0
0
0
0
0
0
0
0
0
0
0
0
0
0
0
0
0
0
0
0
0
0
0
0
0
0
0
0
0
0
0
0
0
0
0
0
0
0
0
-1.2417
-1.2499
-1.2244
-1.2194
-1.234
-1.2358
-1.2193
-1.2234
-1.2154
-1.2115
0
0
0
0
0
0
0
0
0
0
0
0
0
0
0
0
0
0
0
0
0
0
0
0
0
0
0
0
0
0
0
0
0
0
0
0
0
0
0
0
0
0
0
0
0
0
0
0
0
0
0
0
0
0
0
0
14.7715
0
0
0
0
0
0
0
0
0
0
0
0
0
-2.4968
0
0
0
0
0
0
0
0
0
0
0
0
0
0
0
0
0
0
0
0
0
0
0
0
0
0
0
0
0
0
0
0
0
0
0
0
0
0
0
0
0
0
0
0
-1.4068
-1.3931
-1.3847
-1.3836
-1.3972
-1.3982
-1.3814
-1.3866
-1.3788
0
0
0
0
0
0
0
0
0
0
0
0
0
0
0
0
0
0
0
0
0
0
0
0
0
0
0
0
0
0
0
0
0
0
0
0
0
0
0
0
0
0
0
0
0
0
0
0
0
0
0
0
0
0
0
0
0
0
17.0828
0
0
0
0
0
0
0
0
0
0
0
0
0
0
0
0
0
0
0
0
0
0
0
0
0
0
0
0
0
0
0
0
0
0
0
0
0
0
0
0
0
0
0
0
0
0
0
0
-4.5724
0
0
0
0
0
0
0
0
-1.4118
-1.3989
-1.3924
-1.3858
-1.4066
-1.4095
-1.3917
-1.3972
0
0
0
0
0
0
0
0
0
0
0
0
0
0
0
0
0
0
0
0
0
0
0
0
0
0
0
0
0
0
0
0
0
0
0
0
0
0
0
0
0
0
0
0
0
0
0
0
0
0
0
0
0
0
0
0
0
0
0
0
14.1597
0
0
0
0
0
0
0
0
0
0
0
0
0
0
0
0
0
0
0
0
0
0
0
0
0
0
0
0
-2.9659
0
0
0
0
0
0
0
0
0
0
0
0
0
0
0
0
0
0
0
0
0
0
0
0
0
0
0
-1.9339
0
0
0
-1.9417
0
0
0
0
0
0
0
0
0
0
0
0
0
0
0
0
0
0
0
0
0
0
0
0
0
0
0
0
0
0
0
0
0
0
0
-1.8696
0
0
0
0
0
0
0
0
0
0
0
0
0
0
0
0
0
0
0
0
0
0
0
0
0
0
0
0
12.8822
0
0
0
0
0
0
0
0
0
0
0
0
0
-2.6486
0
0
0
0
0
0
0
0
0
0
0
0
0
0
0
0
0
0
0
0
0
0
0
0
0
0
0
0
0
0
0
0
0
0
0
0
0
0
0
-4.4885
0
0
0
0
0
0
0
0
0
0
0
0
0
0
0
0
0
0
0
0
0
0
0
0
0
0
0
0
0
0
0
0
0
0
0
0
0
0
0
0
0
0
0
0
0
0
0
0
-2.2611
0
0
0
0
0
0
0
0
0
0
-2.2333
0
0
0
0
0
0
0
0
0
0
0
16.715
0
0
0
0
0
0
0
0
0
0
0
-3.6161
0
0
0
0
0
0
0
0
0
0
0
0
0
0
0
0
0
0
0
0
0
0
0
0
0
0
0
0
0
0
0
0
-4.3022
0
0
0
0
0
-4.3022
0
0
0
-2.3656
-2.3507
-2.3527
0
-2.3698
0
-2.3516
0
0
0
0
0
0
0
0
0
0
0
0
0
0
0
0
0
0
0
0
0
0
0
0
0
0
0
0
0
0
0
0
0
0
0
0
0
0
0
0
0
0
0
0
0
0
0
0
0
0
0
0
0
0
0
0
0
0
0
0
0
0
0
0
11.7904
0
0
0
0
0
0
0
0
0
0
0
0
0
0
0
0
0
0
0
0
0
0
0
0
0
0
0
0
0
0
0
0
0
0
0
0
0
0
0
0
0
0
0
0
0
0
0
0
0
0
0
0
0
0
0
0
0
0
0
0
0
0
0
0
0
0
0
0
0
0
0
0
0
0
0
0
0
0
0
0
0
0
-2.903
0
0
0
0
0
0
0
0
0
0
0
0
0
0
0
0
0
0
0
0
0
0
0
0
0
0
0
0
0
0
0
0
0
0
0
0
0
0
0
0
0
0
13.6528
0
-3.2937
0
0
0
0
0
0
0
-3.3322
0
0
0
0
0
0
0
0
0
0
0
0
0
-4.124
0
0
0
0
0
0
0
0
0
0
0
0
0
0
0
0
0
0
0
0
0
0
0
0
0
0
0
0
0
-3.0258
0
0
0
0
0
0
0
0
0
0
0
0
0
0
0
0
0
0
0
0
0
0
0
0
0
0
0
0
0
-2.9166
0
0
0
0
0
0
0
0
0
0
0
0
0
0
0
0
0
0
0
0
0
0
0
0
0
0
0
0
0
0
0
0
0
0
0
0
0
0
0
0
0
9.5192
0
0
0
0
0
-2.9615
0
0
0
0
0
0
0
0
0
0
0
0
0
0
0
0
0
0
0
0
0
0
0
0
0
0
0
0
0
0
0
0
0
0
0
0
0
0
0
-0.61531
0
0
0
0
0
0
0
0
0
0
0
0
0
0
0
0
0
0
0
0
0
0
0
0
0
0
0
0
0
0
0
0
-2.7366
0
0
0
0
0
0
0
0
0
0
0
0
0
0
0
0
0
0
-2.6827
0
0
0
0
0
0
0
0
0
0
0
0
0
0
0
0
0
0
0
0
0
0
0
0
0
-3.2937
0
11.6754
0
0
0
0
0
0
0
0
0
-2.9624
0
0
0
0
0
0
0
0
0
0
0
0
0
0
0
0
0
0
0
0
0
0
0
0
0
0
0
0
0
0
0
0
0
0
0
0
0
0
0
0
-2.4833
0
0
0
0
0
0
0
0
0
0
0
0
0
0
0
0
0
0
0
0
0
0
0
0
0
0
0
0
0
0
0
0
0
0
0
0
0
0
0
0
0
0
-2.3997
0
0
0
0
0
0
0
0
0
0
0
0
0
0
0
0
0
0
0
0
0
0
0
0
0
0
0
0
0
0
0
11.7728
0
0
0
0
0
0
0
0
0
0
0
0
0
0
0
0
0
0
0
-3.016
0
0
0
0
0
0
0
0
0
0
0
0
0
0
0
0
0
0
0
0
0
0
0
0
0
0
0
0
-3.8739
0
0
0
0
0
0
0
0
0
0
0
0
0
0
0
0
0
0
0
0
0
0
0
0
0
0
-2.9815
0
0
0
0
0
0
0
-2.9683
0
0
0
0
0
0
0
0
0
0
0
0
0
-2.9045
0
0
0
0
0
0
0
0
0
0
0
0
0
0
0
0
0
0
0
0
0
0
0
0
0
0
0
10.4106
0
0
0
0
0
0
0
0
0
0
0
0
0
0
0
0
0
0
0
0
0
0
0
0
0
0
0
0
0
0
0
-1.5563
0
0
0
0
0
0
0
0
0
0
0
0
0
0
0
0
0
0
0
-2.0139
0
0
0
0
0
0
0
0
0
0
0
0
0
0
0
0
0
0
0
0
0
0
0
0
0
0
0
0
0
0
0
0
0
0
-1.9898
0
0
0
0
0
0
0
0
0
0
0
0
0
0
0
0
-2.0258
0
0
0
0
0
0
0
0
0
0
0
0
0
0
0
0
0
0
0
0
0
9.5392
0
0
0
0
0
0
0
0
0
0
0
0
0
0
0
-3.5097
0
0
0
0
0
0
0
0
0
0
0
0
0
0
0
0
0
0
0
0
0
0
0
0
0
0
0
0
0
0
0
0
0
0
0
0
0
0
0
0
0
0
0
0
0
0
0
0
0
0
0
0
0
-3.2145
0
0
0
0
0
0
0
0
0
0
0
-3.1903
0
0
0
0
0
0
0
0
0
0
0
0
0
0
0
0
0
0
0
0
0
0
0
0
0
0
0
0
0
0
0
0
0
0
0
0
0
0
0
0
0
0
0
12.9718
0
0
0
0
0
0
0
-3.2935
0
0
0
0
0
0
0
-3.2736
0
0
0
0
0
0
0
0
0
0
0
0
0
0
0
0
0
0
0
0
0
0
0
0
0
0
0
0
0
0
0
0
0
0
0
0
0
0
0
0
0
0
0
0
0
0
0
0
0
0
0
0
0
-1.6884
0
0
0
0
0
0
0
0
0
0
0
0
0
0
0
0
0
0
0
0
0
0
0
0
0
0
0
0
0
0
0
0
0
0
0
0
0
0
0
0
0
0
0
0
0
0
0
0
0
-2.9615
0
0
0
0
0
11.3266
-2.51
0
0
0
0
0
0
0
0
0
0
0
0
0
0
0
0
0
0
0
0
0
0
0
0
0
0
0
0
0
0
0
-4.1668
0
0
0
0
0
0
0
0
0
0
0
0
0
0
0
0
0
0
0
0
0
0
0
0
0
0
0
0
0
0
0
0
0
-2.8659
0
0
0
0
0
0
0
0
0
0
0
0
0
0
0
-2.8009
0
0
0
0
0
0
0
0
0
0
0
0
0
0
0
0
0
0
0
0
0
0
0
0
0
0
0
0
-2.4968
0
0
0
0
0
0
0
0
0
0
0
0
-2.51
10.6736
0
0
0
0
0
0
0
0
0
0
0
0
0
0
0
0
0
0
0
0
0
0
0
0
0
0
0
0
0
0
0
0
0
0
0
0
0
0
0
0
0
0
0
0
0
0
0
0
0
0
0
0
0
0
-3.4493
0
0
0
0
0
0
0
0
0
0
-3.4218
0
0
0
0
0
0
0
0
0
0
0
0
0
0
0
0
0
0
0
0
0
0
0
0
0
0
0
0
0
0
0
0
0
0
0
0
0
0
0
0
0
0
0
0
0
0
0
0
0
0
0
0
0
0
0
0
0
0
0
11.4993
0
0
0
0
0
0
0
0
0
0
0
0
0
0
0
0
0
0
-4.6282
0
0
0
0
0
0
0
0
0
0
0
0
0
0
0
0
0
0
0
0
0
0
0
0
0
0
0
0
0
0
0
0
0
0
0
0
0
0
0
0
0
0
0
0
0
0
0
0
0
0
0
0
0
0
0
0
0
0
0
0
0
0
0
0
0
0
0
0
0
0
0
0
0
0
0
0
0
0
-3.7721
0
0
0
0
0
0
0
0
0
0
0
0
0
0
0
-3.6161
0
-3.3322
0
0
0
0
0
0
0
0
0
10.7205
0
0
0
0
0
0
0
0
0
0
0
0
0
0
0
0
0
0
0
0
0
0
0
0
0
0
0
0
0
0
0
0
0
0
0
0
0
0
0
0
0
0
0
0
0
0
0
0
0
0
0
0
0
0
0
0
0
0
0
0
0
0
0
0
0
0
0
0
0
0
0
0
0
0
0
0
0
0
0
0
0
0
0
0
0
0
0
0
0
0
0
0
0
0
0
0
-0.6347
0
0
0
0
0
0
0
0
0
0
0
0
0
0
-2.6486
0
0
0
0
0
0
0
0
0
0
0
0
0
7.5838
0
0
0
0
0
0
0
0
0
0
0
0
0
0
0
0
0
0
0
0
0
0
0
0
0
0
0
0
0
0
0
0
0
0
0
0
-4.3006
0
0
0
0
0
0
0
0
0
0
0
0
0
0
0
0
0
0
0
0
0
0
0
0
0
-3.5812
0
0
0
0
0
0
0
0
0
0
0
0
0
0
0
0
-3.5173
0
0
0
0
0
0
0
0
0
0
0
0
0
0
0
0
0
0
0
0
0
0
0
0
0
0
0
0
0
0
0
0
0
0
0
-2.9624
0
0
0
0
0
0
0
0
0
10.0609
0
0
0
0
0
0
0
0
0
0
0
0
0
0
0
0
0
0
0
0
0
0
0
0
0
0
0
0
0
0
0
0
0
0
0
0
0
0
0
0
0
0
0
0
0
0
0
0
0
0
0
-5.0583
0
0
0
0
0
0
0
0
0
0
0
0
0
0
0
0
0
0
0
0
0
0
0
0
0
0
0
0
0
0
0
0
0
0
0
0
0
0
0
0
-4.6417
0
0
0
0
0
0
0
0
0
0
0
0
0
0
0
0
0
0
0
0
0
0
0
0
0
0
0
0
0
0
0
0
9.7
0
0
0
0
0
0
0
0
0
0
0
0
0
0
0
0
0
0
0
0
0
0
0
0
0
0
0
0
0
0
0
0
0
0
0
0
0
0
0
0
0
0
0
0
0
0
0
0
0
0
0
0
0
0
0
0
0
0
0
0
0
0
0
0
0
0
0
0
0
0
0
0
0
0
0
0
0
0
0
0
0
0
0
0
0
0
0
0
0
0
0
0
0
0
0
0
0
0
0
0
0
0
0
0
0
0
0
0
0
0
0
0
0
0
0
0
0
-3.2935
0
0
0
0
0
0
0
7.7421
0
-4.4487
0
0
0
0
0
0
0
0
0
0
0
0
0
0
0
0
0
0
0
0
0
0
0
0
0
0
0
0
0
0
0
0
0
0
0
0
0
0
0
0
0
0
0
0
0
0
0
0
0
0
0
-4.862
0
0
0
0
0
0
0
0
0
0
0
0
0
0
0
0
0
0
0
0
0
0
0
0
0
0
0
0
0
0
0
0
0
0
0
0
0
0
0
0
0
-4.6949
0
0
0
0
0
0
0
0
0
0
0
0
0
0
0
0
0
0
0
0
0
0
0
0
0
0
0
0
0
9.5569
0
0
0
0
0
0
0
0
0
0
0
0
0
0
0
0
0
0
0
0
0
0
0
0
0
0
0
0
0
0
0
0
0
0
0
0
0
0
0
0
0
0
0
0
0
0
0
0
0
0
0
0
0
0
0
0
0
0
0
0
0
0
0
0
0
0
0
0
0
0
0
0
0
0
0
0
0
0
0
0
-4.1857
0
0
0
0
0
0
0
0
0
0
0
0
0
0
0
0
0
0
0
0
0
0
0
0
0
0
0
0
0
0
0
0
0
0
0
0
0
0
0
0
0
0
-4.4487
0
8.6344
0
0
0
0
0
0
0
0
0
0
0
0
0
0
0
0
0
0
0
0
0
0
0
0
0
0
0
0
0
0
0
0
0
0
0
0
0
0
0
0
0
0
0
0
0
0
0
0
0
0
0
0
0
0
0
0
0
0
0
0
0
0
0
0
0
0
0
0
0
0
0
0
0
0
0
0
0
0
0
0
0
0
0
0
0
0
0
0
0
0
0
0
-4.5985
0
0
0
0
0
0
0
0
0
0
0
0
0
0
0
0
0
0
0
0
0
0
0
0
0
0
0
0
0
0
0
0
8.6171
0
0
0
0
0
0
-4.0187
0
0
0
0
0
0
0
0
0
0
0
0
0
0
0
0
0
0
0
0
0
0
0
0
0
0
0
0
0
0
0
0
0
-3.0566
0
0
0
0
0
0
0
0
0
0
0
0
0
0
0
0
0
0
0
0
0
0
0
0
0
0
0
0
0
0
0
0
0
0
0
0
0
0
0
0
0
0
0
0
0
0
0
0
0
0
0
0
0
0
0
0
0
0
-2.8034
0
0
0
0
0
0
0
0
0
0
0
0
0
0
0
0
0
0
0
0
0
0
0
0
0
5.86
0
0
0
0
0
0
0
0
0
0
0
0
0
0
0
0
0
0
0
0
0
0
0
0
0
0
0
0
0
0
0
0
0
0
0
0
0
0
0
0
0
0
0
0
0
0
0
0
0
0
0
0
-4.2152
0
0
0
0
0
0
0
0
0
0
0
0
0
0
0
0
0
0
0
0
0
0
0
0
0
0
0
0
0
0
0
0
0
0
0
0
0
0
0
0
0
0
0
0
0
0
0
0
0
0
0
0
0
0
0
0
0
0
0
0
0
0
0
0
0
0
0
0
0
0
0
0
8.6376
0
0
-4.4223
0
0
0
0
0
0
0
0
0
0
0
0
0
0
0
0
0
0
0
0
0
0
0
0
0
0
0
0
0
0
0
0
0
0
0
0
0
0
0
0
0
0
0
0
0
0
0
0
0
0
0
0
0
0
0
0
-4.0879
0
0
0
0
0
0
0
0
0
0
0
0
0
0
0
0
0
0
0
0
0
0
0
0
0
0
0
0
0
0
0
0
0
0
0
0
-3.3784
0
0
0
0
0
0
0
0
0
0
0
0
0
0
0
0
0
0
0
0
0
0
0
0
0
0
0
0
7.4663
0
0
0
0
0
0
0
0
0
0
0
0
0
0
0
0
0
0
0
0
0
0
0
0
0
0
0
0
0
0
0
0
0
0
0
0
0
0
0
0
0
0
0
0
0
0
0
0
0
0
0
0
0
0
0
0
0
0
0
0
0
0
0
0
0
0
0
0
0
0
0
0
0
0
-1.9611
0
0
0
0
0
0
0
0
0
0
0
0
0
0
0
0
0
0
0
0
0
0
0
0
0
0
0
0
0
0
0
0
0
0
-3.5097
0
0
0
0
0
0
0
0
0
0
0
0
0
0
0
5.4708
0
0
0
0
0
0
0
0
0
0
0
0
0
0
0
0
0
0
0
0
0
0
0
0
0
0
0
0
0
0
0
0
0
0
0
0
0
0
0
0
0
0
0
0
0
0
0
0
0
0
0
0
0
0
0
0
0
0
0
0
0
0
0
0
0
0
0
0
0
0
0
0
0
0
0
0
0
0
0
0
0
0
0
0
0
0
0
0
0
0
0
0
0
0
0
0
0
0
0
0
0
0
0
0
0
0
0
0
0
-3.2736
0
0
0
0
0
0
0
0
0
0
0
0
-4.4223
0
0
7.6959
0
0
0
0
0
0
0
0
0
0
0
0
0
0
0
0
0
0
0
0
0
0
0
0
0
0
0
0
0
0
0
0
0
0
0
0
0
0
0
0
0
0
0
0
0
0
0
0
0
0
0
0
0
0
0
0
0
0
-3.4116
0
0
0
0
0
0
0
0
0
0
0
0
0
0
0
0
0
0
0
0
0
0
0
0
0
0
0
0
0
0
0
0
0
0
0
0
0
0
0
0
0
0
0
0
0
0
-3.016
0
0
0
0
0
0
0
0
0
0
0
0
0
0
0
0
0
0
0
6.4276
0
0
0
0
0
0
0
0
0
0
0
0
0
0
0
0
0
0
0
0
0
0
0
0
0
0
0
0
0
0
0
0
0
0
0
0
0
0
0
0
0
0
0
0
0
0
0
0
0
0
0
0
0
0
0
0
0
0
0
0
0
0
0
0
0
0
0
0
0
0
0
0
0
0
0
0
0
0
0
0
0
0
0
0
0
0
0
0
0
0
0
0
0
0
0
0
0
0
0
0
0
-4.124
0
0
0
0
0
0
0
0
0
0
0
0
0
0
0
0
-4.0187
0
0
0
0
0
0
8.1426
0
0
0
0
0
0
0
0
0
0
0
0
0
0
0
0
0
0
0
0
0
0
0
0
0
0
0
0
0
0
0
0
0
0
0
0
0
0
0
0
0
0
0
0
0
0
0
0
0
0
0
0
0
0
0
0
0
0
0
0
0
0
0
0
0
0
0
0
0
0
0
0
0
0
0
0
0
0
0
0
-3.0672
0
0
0
0
0
0
0
0
0
0
0
0
0
0
0
-2.9659
0
0
0
0
0
0
0
0
0
0
0
0
0
0
0
0
0
0
0
0
0
0
0
0
0
0
0
0
6.033
0
0
0
0
0
0
0
0
0
0
0
0
0
0
0
0
0
0
0
0
0
0
0
0
0
0
0
0
0
0
0
0
0
0
0
0
0
0
0
0
0
0
0
0
0
0
0
0
0
0
0
0
0
0
0
0
0
0
0
0
0
-4.6711
0
0
0
0
0
0
0
0
0
0
0
0
0
0
0
0
0
0
0
0
0
0
0
0
-4.0215
0
0
0
0
0
0
0
0
0
0
0
0
0
0
0
0
0
0
0
0
0
0
0
0
0
0
0
0
0
0
0
0
0
0
0
0
0
0
8.6925
0
0
0
0
0
0
0
0
0
0
0
0
0
0
0
0
0
0
0
0
0
0
0
0
0
0
0
0
-7.968
0
0
0
0
0
0
0
0
0
0
0
0
0
0
0
0
0
0
0
0
0
0
0
0
0
0
0
0
0
0
0
0
0
0
0
0
0
0
0
0
0
0
0
0
0
0
0
0
0
0
0
0
0
0
0
0
0
0
0
0
0
0
0
0
0
0
0
0
0
0
0
0
0
0
0
0
0
0
0
0
0
0
0
0
0
0
0
0
0
0
0
0
0
0
0
0
7.968
0
0
0
0
0
0
0
0
0
0
0
0
0
0
0
0
0
0
0
0
0
0
0
0
0
0
0
0
0
0
0
0
0
0
0
0
0
0
0
0
0
0
0
0
0
0
0
0
0
0
0
0
0
0
0
0
0
0
0
0
0
0
0
0
0
0
0
0
0
0
0
0
0
0
0
0
0
0
0
0
0
0
0
0
0
0
0
0
0
0
0
0
0
0
0
0
0
0
0
0
0
0
0
0
0
0
-4.6282
0
0
0
0
0
0
0
0
0
0
0
0
0
0
0
0
0
0
4.6282
0
0
0
0
0
0
0
0
0
0
0
0
0
0
0
0
0
0
0
0
0
0
0
0
0
0
0
0
0
0
0
0
0
0
0
0
0
0
0
0
0
0
0
0
0
0
0
0
0
0
0
0
0
0
0
0
0
0
0
0
0
0
0
0
0
0
0
0
0
0
0
0
0
0
0
0
0
0
0
0
0
0
-4.6411
0
0
0
0
0
0
0
0
0
0
0
0
0
0
0
0
0
0
0
0
0
0
0
0
0
0
0
0
0
0
0
0
0
0
0
0
0
0
0
0
0
0
4.6411
0
0
0
0
0
0
0
0
0
0
0
0
0
0
0
0
0
0
0
0
0
0
0
0
0
0
0
0
0
0
0
0
0
0
0
0
0
0
0
0
0
0
0
0
0
0
0
0
0
0
0
0
0
0
0
0
0
0
0
0
0
0
0
0
0
0
0
0
0
0
0
0
0
0
0
0
0
0
-5.5871
0
0
0
0
0
0
0
0
0
0
0
0
0
0
0
0
0
0
0
0
0
0
0
0
0
0
0
0
0
0
0
0
0
0
0
0
0
0
0
0
0
0
0
0
0
0
5.5871
0
0
0
0
0
0
0
0
0
0
0
0
0
0
0
0
0
0
0
0
0
0
0
0
0
0
0
0
0
0
0
0
0
0
0
0
0
0
0
0
0
0
0
0
0
0
-6.8787
0
0
0
0
0
0
0
0
0
0
0
0
0
0
0
0
0
0
0
0
0
0
0
0
0
0
0
0
0
0
0
0
0
0
0
0
0
0
0
0
0
0
0
0
0
0
0
0
0
0
0
0
0
0
0
0
0
0
0
0
0
0
0
0
0
0
0
0
0
0
0
0
0
0
0
0
0
0
6.8787
0
0
0
0
0
0
0
0
0
0
0
0
0
0
0
0
0
0
0
0
0
0
0
0
0
0
0
0
0
0
0
0
0
0
0
-7.5032
0
0
0
0
0
0
0
0
0
0
0
0
0
0
0
0
0
0
0
0
0
0
0
0
0
0
0
0
0
0
0
0
0
0
0
0
0
0
0
0
0
0
0
0
0
0
0
0
0
0
0
0
0
0
0
0
0
0
0
0
0
0
0
0
0
0
0
0
0
0
0
0
0
0
0
0
0
0
0
0
0
0
0
0
0
0
0
0
0
7.5032
0
0
0
0
0
0
0
0
0
0
0
0
0
0
0
0
0
0
0
0
0
0
0
0
0
0
0
0
0
0
0
0
0
0
0
0
0
0
0
0
0
0
0
0
0
0
0
0
0
0
0
0
0
0
0
0
0
0
0
0
0
0
0
0
0
0
0
0
0
0
0
0
0
0
0
0
0
-5.1284
0
0
0
0
0
0
0
0
0
0
0
0
0
0
0
0
0
0
0
0
0
0
0
0
0
0
0
0
0
0
0
0
0
0
0
0
0
0
0
0
0
0
0
0
0
0
0
5.1284
0
0
0
0
0
0
0
0
0
0
0
0
0
0
0
0
0
0
0
0
-8.6436
0
0
0
0
0
0
0
0
0
0
0
0
0
0
0
0
0
0
0
0
0
0
0
0
0
0
0
0
0
0
0
0
0
0
0
0
0
0
0
0
0
0
0
0
0
0
0
0
0
0
0
0
0
0
0
0
0
0
0
0
0
0
0
0
0
0
0
0
0
0
0
0
0
0
0
0
0
0
0
0
0
0
0
0
0
0
0
0
0
0
0
0
0
0
0
0
0
0
0
0
0
0
0
0
8.6436
0
0
0
0
0
0
0
0
0
0
0
0
0
0
0
0
0
0
0
0
0
0
0
0
0
0
0
0
0
0
0
0
0
0
0
0
0
0
0
0
0
0
0
0
0
0
0
-6.2405
0
0
0
0
0
0
0
0
0
0
0
0
0
0
0
0
0
0
0
0
0
0
0
0
0
0
0
0
0
0
0
0
0
0
0
0
0
0
0
0
0
0
0
0
0
0
0
0
0
0
0
0
0
0
0
0
0
0
0
0
0
0
0
0
0
0
0
0
0
0
0
0
0
0
0
0
0
6.2405
0
0
0
0
0
0
0
0
0
0
0
0
0
0
0
0
0
0
0
0
0
0
0
0
0
0
0
0
0
0
0
0
0
0
0
0
0
0
0
0
0
0
0
0
0
0
0
0
0
0
0
0
0
0
0
0
0
0
0
0
0
0
0
0
0
0
0
0
0
0
0
0
0
0
0
0
0
0
0
0
0
0
0
0
0
0
0
0
0
0
0
0
0
-1.5563
0
0
0
0
0
0
0
0
0
0
0
0
0
0
0
0
0
0
0
0
0
0
0
0
0
0
0
0
0
0
0
1.5563
0
0
0
0
0
0
0
0
0
0
0
0
0
0
0
0
0
0
0
0
0
0
0
0
0
0
0
0
0
0
0
0
0
0
0
0
0
0
0
0
0
0
0
0
0
0
0
0
0
0
0
0
0
0
0
0
0
0
0
0
0
0
0
0
0
0
0
-5.4472
0
0
0
0
0
0
0
0
0
0
0
0
0
0
0
0
0
0
0
0
0
0
0
0
0
0
0
0
0
0
0
0
0
0
0
0
0
0
0
0
0
0
0
0
0
0
0
0
0
0
0
0
0
0
0
0
0
5.4472
0
0
0
0
0
0
0
0
0
0
0
0
0
0
0
0
0
0
0
0
0
0
0
0
0
0
0
0
0
0
0
0
0
0
0
0
0
0
0
0
0
0
0
0
0
0
0
0
0
0
0
0
0
0
0
0
0
0
0
0
0
0
0
0
0
0
0
0
0
0
0
0
-5.1284
0
0
0
0
0
0
0
0
0
0
0
0
0
0
0
0
0
0
0
0
0
0
0
0
0
0
0
0
0
0
0
0
0
0
0
0
0
0
0
0
0
0
0
0
0
0
0
0
0
0
0
0
5.1284
0
0
0
0
0
0
0
0
0
0
0
0
0
0
0
0
0
0
0
0
0
0
0
0
0
0
0
0
0
0
0
0
0
0
0
0
0
0
0
-6.8777
0
0
0
0
0
0
0
0
0
0
0
0
0
0
0
0
0
0
0
0
0
0
0
0
0
0
0
0
0
0
0
0
0
0
0
0
0
0
0
0
0
0
0
0
0
0
0
0
0
0
0
0
0
0
0
0
0
0
0
0
0
0
0
0
0
0
0
0
0
0
0
0
0
0
0
0
0
0
0
0
0
0
0
0
0
6.8777
0
0
0
0
0
0
0
0
0
0
0
0
0
0
0
0
0
0
0
0
0
0
0
0
0
0
0
0
0
0
0
0
0
0
0
0
0
0
0
0
0
0
0
0
0
0
0
0
0
0
0
0
0
0
0
0
0
0
0
0
0
0
0
0
0
0
0
0
0
0
0
0
0
0
0
0
0
0
0
0
0
0
0
0
0
0
0
0
0
0
0
0
-4.1668
0
0
0
0
0
0
0
0
0
0
0
0
0
0
0
0
0
0
0
0
0
0
0
0
0
0
0
0
0
0
0
0
4.1668
0
0
0
0
0
0
0
0
0
0
0
0
0
0
0
0
0
0
0
0
0
0
0
0
0
0
0
0
0
0
0
0
0
0
0
0
0
0
0
0
0
0
0
0
0
0
0
0
0
0
0
0
0
0
0
0
0
0
0
0
0
0
0
0
0
0
0
-5.5871
0
0
0
0
0
0
0
0
0
0
0
0
0
0
0
0
0
0
0
0
0
0
0
0
0
0
0
0
0
0
0
0
0
0
0
0
0
0
0
0
0
0
0
0
0
0
0
0
0
0
0
0
0
0
0
0
0
5.5871
0
0
0
0
0
0
0
0
0
0
0
-8.652
0
0
0
0
0
0
0
0
0
0
0
0
0
0
0
0
0
0
0
0
0
0
0
0
0
0
0
0
0
0
0
0
0
0
0
0
0
0
0
0
0
0
0
0
0
0
0
0
0
0
0
0
0
0
0
0
0
0
0
0
0
0
0
0
0
0
0
0
0
0
0
0
0
0
0
0
0
0
0
0
0
0
0
0
0
0
0
0
0
0
0
0
0
0
0
0
0
0
0
0
0
0
0
0
0
0
0
0
0
0
0
0
0
8.652
0
0
0
0
0
0
0
0
0
0
0
0
0
0
0
0
0
0
0
0
0
0
0
0
0
0
0
0
0
0
0
0
0
0
0
0
0
0
0
0
0
0
0
0
0
0
0
0
0
0
0
0
0
0
0
0
0
0
0
0
0
0
0
0
0
0
0
0
0
0
0
0
0
0
0
0
0
0
0
0
-4.3022
0
0
0
0
0
0
0
0
0
0
0
0
0
0
0
0
0
0
0
0
0
0
0
0
0
0
0
0
0
0
0
0
0
0
0
0
0
0
0
0
0
0
0
0
4.3022
0
0
0
0
0
0
0
0
0
0
0
0
0
0
0
0
0
0
0
0
0
0
0
0
0
0
0
0
0
0
0
0
0
0
0
0
0
0
0
0
0
0
0
0
0
0
0
0
0
0
0
0
0
0
0
0
0
0
0
0
0
0
0
0
0
0
0
0
0
0
0
0
0
0
0
0
-4.5724
0
0
0
0
0
0
0
0
0
0
0
0
0
0
0
0
0
0
0
0
0
0
0
0
0
0
0
0
0
0
0
0
0
0
0
0
0
0
0
0
0
0
0
0
0
0
0
0
4.5724
0
0
0
0
0
0
0
0
0
0
0
0
0
0
0
0
0
0
0
0
0
0
0
0
0
0
0
0
0
0
0
0
0
0
0
0
0
0
0
0
0
0
0
0
0
0
0
0
0
0
0
0
0
0
0
0
0
0
0
0
0
0
0
0
-5.2719
0
0
0
0
0
0
0
0
0
0
0
0
0
0
0
0
0
0
0
0
0
0
0
0
0
0
0
0
0
0
0
0
0
0
0
0
0
0
0
0
0
0
0
0
0
0
0
0
0
0
0
0
0
0
0
0
0
0
0
0
5.2719
0
0
0
0
0
0
0
0
0
0
-8.147
0
0
0
0
0
0
0
0
0
0
0
0
0
0
0
0
0
0
0
0
0
0
0
0
0
0
0
0
0
0
0
0
0
0
0
0
0
0
0
0
0
0
0
0
0
0
0
0
0
0
0
0
0
0
0
0
0
0
0
0
0
0
0
0
0
0
0
0
0
0
0
0
0
0
0
0
0
0
0
0
0
0
0
0
0
0
0
0
0
0
0
0
0
0
0
0
0
0
0
0
0
0
0
0
0
0
0
0
0
0
0
0
0
0
8.147
0
0
0
0
0
0
0
0
0
0
0
0
0
0
0
0
0
0
0
0
0
0
0
0
0
0
0
0
0
0
0
0
0
0
0
0
0
0
0
0
0
0
0
0
0
0
0
0
0
0
0
0
0
0
0
0
0
0
0
0
0
0
0
0
0
0
0
0
0
0
0
0
0
0
0
0
0
0
0
-0.61531
0
0
0
0
0
0
0
0
0
0
0
0
0
0
0
0
0
0
0
0
0
0
0
0
0
0
0
0
0
0
0
0
0
0
0
0
0
0
0
0
0
0
0
0
0
0.61531
0
0
0
0
0
0
0
0
0
0
0
0
0
0
0
0
0
0
0
0
0
0
0
0
0
0
0
0
0
0
0
0
0
0
0
0
0
0
0
0
0
0
0
0
0
0
0
0
0
0
0
0
0
0
0
0
0
0
0
0
0
0
0
0
0
0
0
0
0
0
0
0
0
0
0
0
0
0
0
0
0
0
0
0
0
0
0
0
-4.3006
0
0
0
0
0
0
0
0
0
0
0
0
0
0
0
0
0
0
0
0
0
0
0
0
0
0
0
0
0
0
0
0
0
0
0
0
4.3006
0
0
0
0
0
0
0
0
0
0
0
0
0
0
0
0
0
0
0
0
0
0
0
0
0
0
0
0
0
0
0
0
0
0
0
0
0
0
0
0
0
0
0
0
0
0
0
0
0
0
0
0
0
0
0
0
0
0
0
0
0
0
0
0
0
0
0
0
0
0
0
0
0
0
-4.3022
0
0
0
0
0
0
0
0
0
0
0
0
0
0
0
0
0
0
0
0
0
0
0
0
0
0
0
0
0
0
0
0
0
0
0
0
0
0
0
0
0
0
0
0
0
0
0
0
0
0
4.3022
0
0
0
0
0
0
0
0
0
0
0
0
0
0
0
0
0
0
0
0
-7.5031
0
0
0
0
0
0
0
0
0
0
0
0
0
0
0
0
0
0
0
0
0
0
0
0
0
0
0
0
0
0
0
0
0
0
0
0
0
0
0
0
0
0
0
0
0
0
0
0
0
0
0
0
0
0
0
0
0
0
0
0
0
0
0
0
0
0
0
0
0
0
0
0
0
0
0
0
0
0
0
0
0
0
0
0
0
0
0
0
0
0
0
0
0
0
0
0
0
0
0
0
0
0
0
0
7.5031
0
0
0
0
0
0
0
0
0
0
0
0
0
0
0
0
0
0
0
0
0
0
0
0
0
0
0
0
0
0
0
0
0
0
0
0
0
0
0
0
0
0
0
0
0
0
0
0
0
0
0
0
0
0
0
0
0
0
0
0
0
0
0
0
0
0
0
0
0
0
0
-4.4885
0
0
0
0
0
0
0
0
0
0
0
0
0
0
0
0
0
0
0
0
0
0
0
0
0
0
0
0
0
0
0
0
0
0
0
0
0
0
0
0
0
0
0
0
0
0
0
0
0
0
0
0
0
4.4885
0
0
0
0
0
0
0
0
0
0
0
0
0
0
0
0
0
0
0
0
0
0
0
0
0
0
0
0
0
0
0
0
0
0
0
0
0
0
0
0
0
0
0
0
0
0
0
0
0
0
0
0
0
0
0
0
0
0
0
0
0
0
0
0
0
0
0
0
0
0
0
0
0
0
0
0
-3.8739
0
0
0
0
0
0
0
0
0
0
0
0
0
0
0
0
0
0
0
0
0
0
0
0
0
0
0
0
0
0
0
0
0
0
0
0
0
0
0
0
0
0
0
0
0
0
0
0
3.8739
