77.385
-0.89813
-0.88684
-0.88517
-0.88482
-0.89014
-0.87039
-0.87934
-0.8726
-0.87017
-0.87651
-0.89499
-0.84233
-0.84228
-0.91345
-0.89254
-0.85088
-0.91343
-0.87392
-0.8594
-0.85941
-0.871
-0.86643
-0.85062
-0.87914
-0.87904
-0.85785
-0.84429
-0.8484
-0.85305
-0.85695
-0.84576
-0.85696
-0.8436
-0.86206
-0.84359
-0.84947
-0.84285
-0.86318
-0.86288
-0.84443
-0.83768
-0.83124
-0.85433
-0.83182
-0.83183
-0.83233
-0.8189
-0.84343
-0.81585
-0.80748
-0.85157
-0.84635
-0.83484
-0.84437
-0.91309
-0.89233
-0.93125
-0.89433
-0.98692
-1.0745
-1.0331
-1.0823
-1.0441
-1.1011
-1.3406
-1.2521
-1.4266
-1.4245
-1.9525
0
-2.398
0
0
0
-2.5066
0
0
0
0
0
0
0
0
0
0
0
0
0
0
0
0
0
0
0
0
0
0
0
0
0
0
0
0
0
0
0
0
0
0
0
0
0
0
-8.7708
0
0
0
0
0
0
0
0
0
0
-0.89813
75.2692
-0.87487
-0.87351
-0.876
-0.87973
-0.86029
-0.86916
-0.86245
-0.86005
-0.86602
-0.88431
-0.83193
-0.83188
-0.9026
-0.88184
-0.84047
-0.90259
-0.86315
-0.84894
-0.84896
-0.86223
-0.85573
-0.84038
-0.8686
-0.8685
-0.8474
-0.83386
-0.83918
-0.84267
-0.8465
-0.82813
-0.8465
-0.83323
-0.85111
-0.83324
-0.83906
-0.83471
-0.85249
-0.85243
-0.83652
-0.82737
-0.82058
-0.8478
-0.82156
-0.82157
-0.82199
-0.80883
-0.83326
-0.80559
-0.79716
-0.84062
-0.83548
-0.82437
-0.83374
-0.90093
-0.88122
-0.91986
-0.88404
-0.97489
-1.0633
-1.022
-1.0711
-1.0325
-1.089
-1.3289
-1.2596
-1.4119
-1.4108
0
0
-2.3826
0
-3.0825
0
0
0
0
0
0
0
0
0
0
0
0
0
0
0
0
0
0
0
0
0
0
0
0
0
0
0
0
0
0
0
0
-8.7449
0
0
0
0
0
0
0
0
0
0
0
0
0
0
0
0
0
0
-0.88684
-0.87487
70.975
-0.86541
-0.86893
-0.87205
-0.85301
-0.86152
-0.85471
-0.85227
-0.85849
-0.87504
-0.82448
-0.82442
-0.89424
-0.87251
-0.83293
-0.89421
-0.85586
-0.84138
-0.8414
-0.85294
-0.84833
-0.83329
-0.86067
-0.86055
-0.83981
-0.82641
-0.83226
-0.83514
-0.83907
-0.82735
-0.83908
-0.82587
-0.84116
-0.82586
-0.83164
-0.82538
-0.84476
-0.845
-0.82913
-0.82002
-0.81332
-0.84138
-0.81423
-0.81423
-0.81462
-0.80147
-0.82596
-0.79829
-0.78986
-0.83318
-0.82552
-0.81702
-0.82666
-0.8933
-0.87375
-0.91059
-0.87656
-0.96034
-1.0557
-1.0145
-1.0635
-1.0244
-1.0814
-1.3221
-1.2345
-1.404
-1.4049
0
0
-2.3852
0
0
0
0
0
0
0
0
0
0
0
0
0
0
0
0
0
0
0
0
0
0
0
0
0
0
0
-8.0664
0
0
0
0
0
0
0
0
0
0
0
0
0
0
0
0
0
0
0
0
0
0
0
0
0
-0.88517
-0.87351
-0.86541
70.3945
-0.86512
-0.86572
-0.84981
-0.85535
-0.84853
-0.84597
-0.8522
-0.86887
-0.81822
-0.81815
-0.88682
-0.86625
-0.82662
-0.88681
-0.84973
-0.83504
-0.83505
-0.84661
-0.84216
-0.82706
-0.85356
-0.85345
-0.83295
-0.81996
-0.82584
-0.82862
-0.8327
-0.82154
-0.8327
-0.81958
-0.83603
-0.81958
-0.82536
-0.81922
-0.83581
-0.83866
-0.82295
-0.81375
-0.80826
-0.83554
-0.80799
-0.80799
-0.8082
-0.79531
-0.81949
-0.79208
-0.78366
-0.82638
-0.81956
-0.81079
-0.82064
-0.88421
-0.86911
-0.90101
-0.86844
-0.95685
-1.049
-1.0078
-1.0567
-1.0166
-1.0744
-1.315
-1.2286
-1.4021
-1.3971
0
0
0
0
0
0
0
0
-2.0381
0
0
0
0
0
0
0
0
0
0
0
0
0
0
0
0
0
0
0
0
0
0
0
0
0
0
0
0
0
0
0
0
0
0
0
0
0
0
0
0
-8.2472
0
0
0
0
0
0
-0.88482
-0.876
-0.86893
-0.86512
65.2239
-0.87768
-0.8562
-0.86602
-0.8592
-0.8568
-0.86326
-0.87527
-0.82878
-0.82873
-0.9002
-0.87479
-0.83729
-0.90018
-0.86105
-0.84597
-0.84597
-0.85833
-0.85312
-0.8382
-0.86567
-0.86556
-0.84529
-0.83096
-0.83723
-0.84125
-0.84363
-0.83251
-0.84363
-0.83034
-0.84904
-0.83034
-0.83606
-0.83035
-0.84956
-0.84966
-0.83197
-0.82459
-0.81872
-0.84649
-0.81868
-0.81868
-0.81929
-0.80604
-0.83131
-0.80274
-0.79422
-0.83922
-0.82314
-0.82152
-0.83154
-0.90171
-0.87985
-0.91516
-0.88248
-0.97082
-1.0608
-1.0194
-1.0686
-1.0301
-1.0894
-1.3295
-1.2442
-1.4169
-1.4195
-1.961
0
-2.4033
0
0
0
0
0
0
0
0
0
0
0
0
0
0
0
0
0
0
0
0
0
0
0
0
0
0
0
0
0
0
0
0
0
0
0
0
0
0
0
0
0
0
0
0
0
0
0
0
0
0
0
0
0
-0.89014
-0.87973
-0.87205
-0.86572
-0.87768
64.0405
-0.86008
-0.86684
-0.86003
-0.85769
-0.86417
-0.87659
-0.82963
-0.82958
-0.902
-0.87641
-0.83844
-0.90197
-0.86243
-0.84721
-0.84723
-0.85944
-0.85458
-0.83943
-0.86567
-0.86556
-0.84546
-0.83175
-0.83799
-0.84092
-0.84486
-0.83366
-0.84487
-0.83155
-0.84975
-0.83156
-0.83724
-0.83141
-0.85058
-0.85087
-0.83513
-0.82574
-0.81939
-0.8479
-0.81983
-0.81982
-0.81991
-0.80749
-0.83184
-0.80389
-0.79533
-0.84131
-0.82479
-0.82263
-0.83281
-0.90209
-0.88278
-0.91693
-0.88457
-0.97159
-1.0627
-1.0212
-1.0705
-1.0299
-1.0703
-1.3324
-1.2463
-1.4179
-1.4224
0
0
0
0
0
0
0
0
0
0
0
0
0
0
0
0
0
0
0
0
0
-3.1083
0
0
0
0
0
0
0
0
0
0
0
0
0
0
0
0
0
0
0
0
0
0
0
0
0
0
0
0
0
0
0
0
0
0
-0.87039
-0.86029
-0.85301
-0.84981
-0.8562
-0.86008
62.1781
-0.85108
-0.8438
-0.84128
-0.84746
-0.85881
-0.81326
-0.81321
-0.88765
-0.85868
-0.82165
-0.88762
-0.84526
-0.8303
-0.83032
-0.84199
-0.83738
-0.82259
-0.84968
-0.84958
-0.82941
-0.81534
-0.82157
-0.82553
-0.82792
-0.8168
-0.82791
-0.81467
-0.83302
-0.81467
-0.8203
-0.81465
-0.83354
-0.83382
-0.81813
-0.80889
-0.8029
-0.83075
-0.80301
-0.80302
-0.80365
-0.79058
-0.81561
-0.78715
-0.77867
-0.82344
-0.80728
-0.80576
-0.81549
-0.88522
-0.86398
-0.89897
-0.86671
-0.95418
-1.0438
-1.0025
-1.0515
-1.0134
-1.0723
-1.312
-1.2268
-1.3982
-1.4017
0
0
-2.3819
0
0
0
0
0
0
0
0
0
0
0
0
0
0
0
0
0
0
0
0
0
0
0
0
0
0
0
0
0
0
0
0
0
0
0
0
0
0
0
0
0
0
0
0
0
0
0
0
0
0
0
0
0
-0.87934
-0.86916
-0.86152
-0.85535
-0.86602
-0.86684
-0.85108
60.1971
-0.84908
-0.84674
-0.85323
-0.86528
-0.8185
-0.81845
-0.88855
-0.8649
-0.82706
-0.88852
-0.85109
-0.8359
-0.8359
-0.84887
-0.84319
-0.82827
-0.85581
-0.85571
-0.8352
-0.82084
-0.82729
-0.83181
-0.83362
-0.82254
-0.83361
-0.82031
-0.83928
-0.82031
-0.82592
-0.82026
-0.83983
-0.8395
-0.82386
-0.8145
-0.80847
-0.83657
-0.80855
-0.80857
-0.80909
-0.79632
-0.82091
-0.79268
-0.78417
-0.8293
-0.81311
-0.81135
-0.82191
-0.89191
-0.87098
-0.90548
-0.87296
-0.96032
-1.0501
-1.0087
-1.0578
-1.0195
-1.0787
-1.3186
-1.233
-1.4055
-1.4095
0
0
0
0
0
0
0
0
0
0
0
0
0
0
0
0
0
0
0
0
0
0
0
0
0
0
0
0
0
0
0
0
0
0
0
0
0
0
0
0
0
0
0
0
0
0
0
0
0
0
0
0
0
0
0
0
-0.8726
-0.86245
-0.85471
-0.84853
-0.8592
-0.86003
-0.8438
-0.84908
58.2889
-0.83924
-0.84514
-0.85755
-0.81071
-0.81066
-0.88145
-0.85737
-0.81939
-0.88142
-0.84342
-0.82833
-0.82834
-0.84365
-0.83564
-0.82069
-0.8483
-0.84819
-0.82762
-0.81328
-0.81973
-0.82461
-0.82607
-0.81501
-0.82608
-0.81279
-0.83182
-0.81279
-0.81832
-0.81268
-0.83224
-0.83181
-0.81623
-0.80692
-0.80094
-0.82886
-0.80099
-0.80099
-0.80153
-0.78876
-0.81321
-0.78514
-0.77666
-0.82151
-0.8063
-0.80379
-0.81432
-0.88428
-0.8632
-0.89745
-0.86511
-0.95244
-1.042
-1.0007
-1.0496
-1.0116
-1.0705
-1.3099
-1.2243
-1.397
0
0
0
0
0
0
0
0
0
0
0
0
0
0
0
0
0
0
0
0
0
0
0
0
0
0
0
0
0
0
0
0
0
0
0
0
0
0
0
0
0
0
0
0
0
0
0
0
0
0
0
0
0
0
0
0
0
-0.87017
-0.86005
-0.85227
-0.84597
-0.8568
-0.85769
-0.84128
-0.84674
-0.83924
56.6953
-0.84255
-0.85415
-0.80695
-0.80689
-0.8781
-0.85403
-0.81607
-0.87808
-0.84023
-0.82524
-0.82525
-0.83883
-0.83251
-0.81759
-0.84595
-0.84584
-0.82484
-0.81014
-0.81662
-0.82253
-0.82302
-0.81194
-0.82303
-0.80974
-0.82939
-0.80974
-0.81522
-0.80957
-0.82896
-0.82869
-0.81315
-0.80387
-0.79769
-0.82564
-0.7979
-0.7979
-0.79841
-0.78576
-0.81012
-0.78209
-0.77359
-0.81856
-0.80322
-0.80072
-0.81121
-0.88105
-0.85988
-0.89487
-0.86239
-0.94932
-1.0389
-0.99762
-1.0465
-1.0086
-1.067
-1.3069
-1.2206
0
0
0
0
0
0
0
0
0
0
0
0
0
0
0
0
0
0
0
0
0
0
0
0
0
0
0
0
0
0
0
0
0
0
0
0
0
0
0
0
0
0
0
0
0
0
0
0
0
0
0
0
0
0
0
0
0
0
-0.87651
-0.86602
-0.85849
-0.8522
-0.86326
-0.86417
-0.84746
-0.85323
-0.84514
-0.84255
59.3445
-0.86025
-0.81354
-0.8135
-0.8836
-0.85959
-0.82224
-0.88357
-0.84571
-0.83112
-0.83115
-0.83294
-0.83802
-0.82359
-0.851
-0.8509
-0.83045
-0.8158
-0.82238
-0.82718
-0.82884
-0.81777
-0.82884
-0.81555
-0.83431
-0.81556
-0.82111
-0.81592
-0.83486
-0.83462
-0.819
-0.8097
-0.80391
-0.8309
-0.80377
-0.80377
-0.80397
-0.79137
-0.81603
-0.78791
-0.77943
-0.82441
-0.80942
-0.80658
-0.81688
-0.88787
-0.86583
-0.90088
-0.86786
-0.95562
-1.0452
-1.004
-1.053
-1.0151
-1.0741
-1.3132
0
0
0
0
0
0
0
0
0
0
0
0
0
0
0
-3.5018
0
0
0
0
0
0
0
0
0
0
0
0
0
0
0
0
0
0
0
0
0
0
0
0
0
0
0
0
0
0
0
0
0
0
0
0
0
0
0
0
0
0
0
-0.89499
-0.88431
-0.87504
-0.86887
-0.87527
-0.87659
-0.85881
-0.86528
-0.85755
-0.85415
-0.86025
60.3984
-0.82552
-0.82548
-0.89665
-0.87305
-0.83291
-0.89662
-0.85711
-0.84171
-0.84171
-0.85688
-0.84931
-0.83457
-0.86401
-0.86389
-0.84058
-0.8273
-0.83338
-0.83952
-0.83916
-0.8301
-0.83917
-0.82569
-0.84648
-0.82569
-0.83105
-0.82721
-0.84798
-0.84608
-0.83041
-0.82115
-0.81479
-0.84343
-0.81498
-0.81498
-0.81662
-0.80294
-0.82501
-0.79903
-0.79052
-0.8375
-0.76822
-0.81763
-0.82783
-0.90008
-0.87853
-0.9169
-0.88125
-0.97426
-1.0565
-1.0151
-1.0643
-1.0316
-1.087
0
0
0
0
0
0
0
0
0
0
0
0
0
0
0
0
0
0
0
0
-5.1379
0
0
0
0
0
0
0
0
0
0
0
0
0
0
0
0
0
0
0
0
0
0
0
0
0
0
0
0
0
0
0
0
0
0
0
0
0
0
0
-0.84233
-0.83193
-0.82448
-0.81822
-0.82878
-0.82963
-0.81326
-0.8185
-0.81071
-0.80695
-0.81354
-0.82552
53.6316
-0.76864
-0.84934
-0.82549
-0.78832
-0.84932
-0.81114
-0.79741
-0.79743
-0.81269
-0.80421
-0.7898
-0.81824
-0.81812
-0.79565
-0.78188
-0.78823
-0.79596
-0.7949
-0.78352
-0.7949
-0.78161
-0.80141
-0.78161
-0.78678
-0.78169
-0.79969
-0.79995
-0.7845
-0.77556
-0.76928
-0.79643
-0.7696
-0.76961
-0.76987
-0.75744
-0.78154
-0.75396
-0.74559
-0.78967
-0.77448
-0.77236
-0.78245
-0.85073
-0.83031
-0.86465
-0.83317
-0.91911
-1.0082
-0.96738
-1.0158
-0.97797
-1.0361
-1.2741
0
0
0
0
0
0
0
0
0
0
0
0
0
0
0
0
0
0
0
0
0
0
0
0
0
0
0
0
0
0
0
0
0
0
0
0
0
0
0
0
0
0
0
0
0
0
0
0
0
0
0
0
0
0
0
0
0
0
0
-0.84228
-0.83188
-0.82442
-0.81815
-0.82873
-0.82958
-0.81321
-0.81845
-0.81066
-0.80689
-0.8135
-0.82548
-0.76864
53.6283
-0.84931
-0.82544
-0.78828
-0.84927
-0.81109
-0.79736
-0.79737
-0.81265
-0.80416
-0.78976
-0.81818
-0.81808
-0.79559
-0.78182
-0.78817
-0.79592
-0.79485
-0.78347
-0.79486
-0.78156
-0.80135
-0.78157
-0.78674
-0.78163
-0.79963
-0.7999
-0.78444
-0.7755
-0.76923
-0.79636
-0.76955
-0.76955
-0.76981
-0.75741
-0.78148
-0.75391
-0.74554
-0.78962
-0.77443
-0.77232
-0.78238
-0.85067
-0.83025
-0.8646
-0.8331
-0.91907
-1.0081
-0.96733
-1.0157
-0.97791
-1.036
-1.274
0
0
0
0
0
0
0
0
0
0
0
0
0
0
0
0
0
0
0
0
0
0
0
0
0
0
0
0
0
0
0
0
0
0
0
0
0
0
0
0
0
0
0
0
0
0
0
0
0
0
0
0
0
0
0
0
0
0
0
-0.91345
-0.9026
-0.89424
-0.88682
-0.9002
-0.902
-0.88765
-0.88855
-0.88145
-0.8781
-0.8836
-0.89665
-0.84934
-0.84931
62.1425
-0.89491
-0.85632
-0.92492
-0.87945
-0.86483
-0.86484
-0.87763
-0.8719
-0.85701
-0.88493
-0.88482
-0.86346
-0.84923
-0.85547
-0.859
-0.86237
-0.85117
-0.86238
-0.84891
-0.86736
-0.8489
-0.85461
-0.84977
-0.86823
-0.86824
-0.85239
-0.84299
-0.83608
-0.86448
-0.83699
-0.83698
-0.83733
-0.82457
-0.84882
-0.82101
-0.81238
-0.85616
-0.84566
-0.83986
-0.84979
-0.91748
-0.89781
-0.93352
-0.90068
-0.99135
-1.0807
-1.0391
-1.0885
0
0
0
0
0
0
0
0
0
0
0
0
0
0
0
0
0
0
0
0
0
0
0
0
0
0
0
0
0
0
0
0
0
0
0
0
0
0
0
0
0
-7.6033
0
0
0
0
0
0
0
0
0
0
0
0
0
0
0
0
0
0
0
0
-0.89254
-0.88184
-0.87251
-0.86625
-0.87479
-0.87641
-0.85868
-0.8649
-0.85737
-0.85403
-0.85959
-0.87305
-0.82549
-0.82544
-0.89491
58.0302
-0.8319
-0.89488
-0.85592
-0.84069
-0.8407
-0.86072
-0.84827
-0.83347
-0.86344
-0.86335
-0.84157
-0.82606
-0.83231
-0.83992
-0.83826
-0.82948
-0.83826
-0.8259
-0.84616
-0.82589
-0.83155
-0.82628
-0.84615
-0.84507
-0.8294
-0.81981
-0.81329
-0.84212
-0.81387
-0.81388
-0.81528
-0.80041
-0.82458
-0.79805
-0.78946
-0.83538
-0.8231
-0.81663
-0.82666
-0.89777
-0.87667
-0.86796
-0.87899
-0.97087
-1.0558
-1.0144
-1.0636
0
0
0
0
0
0
0
0
0
0
0
0
0
0
0
0
0
0
0
0
0
0
0
0
-4.9381
0
0
0
0
0
0
0
0
0
0
0
0
0
0
0
0
0
0
0
0
0
0
0
0
0
0
0
0
0
0
0
0
0
0
0
0
0
-0.85088
-0.84047
-0.83293
-0.82662
-0.83729
-0.83844
-0.82165
-0.82706
-0.81939
-0.81607
-0.82224
-0.83291
-0.78832
-0.78828
-0.85632
-0.8319
51.8147
-0.85629
-0.81829
-0.80703
-0.80705
-0.81698
-0.81374
-0.79801
-0.82226
-0.82215
-0.80004
-0.78996
-0.79663
-0.79583
-0.80308
-0.79165
-0.80308
-0.78953
-0.80393
-0.78952
-0.79472
-0.7899
-0.80845
-0.80804
-0.79271
-0.7835
-0.77737
-0.80533
-0.77745
-0.77746
-0.77798
-0.76559
-0.78952
-0.76175
-0.75334
-0.7982
-0.78318
-0.78033
-0.79052
-0.86034
-0.83926
-0.87345
-0.84132
-0.92695
-1.0164
-0.97542
-1.024
-0.98644
0
0
0
0
0
0
0
0
0
0
0
0
0
0
0
0
0
0
0
0
0
0
0
0
0
0
0
0
0
0
0
0
0
0
0
0
0
0
0
0
0
0
0
0
0
0
0
0
0
0
0
0
0
0
0
0
0
0
0
0
0
-0.91343
-0.90259
-0.89421
-0.88681
-0.90018
-0.90197
-0.88762
-0.88852
-0.88142
-0.87808
-0.88357
-0.89662
-0.84932
-0.84927
-0.92492
-0.89488
-0.85629
62.1408
-0.87942
-0.8648
-0.86483
-0.87759
-0.87188
-0.85698
-0.88491
-0.8848
-0.86343
-0.8492
-0.85546
-0.85898
-0.86235
-0.85114
-0.86236
-0.84888
-0.86735
-0.84888
-0.8546
-0.84974
-0.8682
-0.86822
-0.85236
-0.84297
-0.83606
-0.86446
-0.83695
-0.83696
-0.8373
-0.82454
-0.84879
-0.82098
-0.81235
-0.85614
-0.84563
-0.83984
-0.84977
-0.91746
-0.89778
-0.9335
-0.90065
-0.99132
-1.0806
-1.0391
-1.0884
0
0
0
0
0
0
0
0
0
0
0
0
0
0
0
0
0
0
0
0
0
0
0
0
0
0
0
0
0
0
0
0
0
0
0
0
0
0
0
0
0
0
0
0
0
0
0
0
0
0
0
0
0
0
0
0
0
0
0
-7.6032
0
0
-0.87392
-0.86315
-0.85586
-0.84973
-0.86105
-0.86243
-0.84526
-0.85109
-0.84342
-0.84023
-0.84571
-0.85711
-0.81114
-0.81109
-0.87945
-0.85592
-0.81829
-0.87942
56.5065
-0.82737
-0.82739
-0.8415
-0.83207
-0.81941
-0.84819
-0.84808
-0.82702
-0.81195
-0.81852
-0.82545
-0.8251
-0.81354
-0.8251
-0.81173
-0.82809
-0.81173
-0.81709
-0.81178
-0.83106
-0.83051
-0.81488
-0.80569
-0.80018
-0.81416
-0.79968
-0.79968
-0.80002
-0.78755
-0.81119
-0.78386
-0.77568
-0.82043
-0.80564
-0.80287
-0.81292
-0.8846
-0.86301
-0.89683
-0.86416
-0.95121
-1.0418
-1.0006
-1.0496
0
0
0
0
0
0
0
0
0
0
0
0
0
0
0
0
0
0
0
0
0
0
0
0
0
0
0
0
-4.2833
0
0
0
0
0
0
0
0
0
0
0
0
0
0
0
0
0
0
0
0
0
0
0
0
0
0
0
0
0
0
0
0
0
-0.8594
-0.84894
-0.84138
-0.83504
-0.84597
-0.84721
-0.8303
-0.8359
-0.82833
-0.82524
-0.83112
-0.84171
-0.79741
-0.79736
-0.86483
-0.84069
-0.80703
-0.8648
-0.82737
50.2972
-0.80573
-0.82456
-0.81783
-0.80465
-0.83054
-0.83044
-0.81207
-0.79681
-0.80307
-0.80409
-0.81067
-0.7991
-0.81066
-0.79714
-0.81552
-0.79715
-0.80257
-0.79805
-0.81719
-0.8161
-0.80088
-0.79145
-0.78544
-0.8141
-0.78529
-0.78529
-0.78604
-0.77375
-0.79769
-0.76961
-0.76111
-0.80683
-0.79174
-0.7883
-0.79885
-0.87026
-0.84858
-0.88337
-0.85013
-0.93534
-1.0252
-0.98397
0
0
0
0
0
0
0
0
0
0
0
0
0
0
0
0
0
0
0
0
0
0
0
0
0
0
0
0
0
0
0
0
0
0
0
0
0
0
0
0
0
0
0
0
0
0
0
0
0
0
0
0
0
0
0
0
0
0
0
0
0
0
0
-0.85941
-0.84896
-0.8414
-0.83505
-0.84597
-0.84723
-0.83032
-0.8359
-0.82834
-0.82525
-0.83115
-0.84171
-0.79743
-0.79737
-0.86484
-0.8407
-0.80705
-0.86483
-0.82739
-0.80573
50.298
-0.82456
-0.81785
-0.80468
-0.83055
-0.83045
-0.81208
-0.79683
-0.80309
-0.8041
-0.81068
-0.79912
-0.81068
-0.79716
-0.81552
-0.79717
-0.80258
-0.79806
-0.81719
-0.81611
-0.80089
-0.79146
-0.78545
-0.81411
-0.78531
-0.78531
-0.78605
-0.77376
-0.79771
-0.76962
-0.76113
-0.80684
-0.79175
-0.78831
-0.79887
-0.87028
-0.8486
-0.88337
-0.85015
-0.93536
-1.0252
-0.98398
0
0
0
0
0
0
0
0
0
0
0
0
0
0
0
0
0
0
0
0
0
0
0
0
0
0
0
0
0
0
0
0
0
0
0
0
0
0
0
0
0
0
0
0
0
0
0
0
0
0
0
0
0
0
0
0
0
0
0
0
0
0
0
-0.871
-0.86223
-0.85294
-0.84661
-0.85833
-0.85944
-0.84199
-0.84887
-0.84365
-0.83883
-0.83294
-0.85688
-0.81269
-0.81265
-0.87763
-0.86072
-0.81698
-0.87759
-0.8415
-0.82456
-0.82456
57.988
-0.82991
-0.81412
-0.84355
-0.84344
-0.82157
-0.80164
-0.81363
-0.81953
-0.8211
-0.80842
-0.82111
-0.80768
-0.8261
-0.80767
-0.813
-0.79912
-0.81136
-0.82611
-0.81044
-0.80139
-0.79559
-0.82112
-0.79541
-0.79542
-0.78794
-0.78398
-0.80667
-0.77974
-0.77126
-0.81507
-0.80307
-0.79889
-0.81455
-0.87814
-0.85501
-0.89201
-0.86104
0
0
0
0
0
0
0
0
0
0
0
0
0
0
0
0
0
0
0
0
0
-2.9054
-3.4733
0
0
-3.6509
0
0
0
0
0
0
0
0
0
0
0
0
0
0
0
0
0
0
0
0
0
0
0
0
0
0
0
0
0
0
0
0
0
0
0
0
0
0
0
0
-0.86643
-0.85573
-0.84833
-0.84216
-0.85312
-0.85458
-0.83738
-0.84319
-0.83564
-0.83251
-0.83802
-0.84931
-0.80421
-0.80416
-0.8719
-0.84827
-0.81374
-0.87188
-0.83207
-0.81783
-0.81785
-0.82991
50.9784
-0.8105
-0.83616
-0.83605
-0.81772
-0.80277
-0.80906
-0.80941
-0.81693
-0.80491
-0.81693
-0.80328
-0.8124
-0.80328
-0.80871
-0.80405
-0.82369
-0.82226
-0.8069
-0.79754
-0.79212
-0.81714
-0.79128
-0.79128
-0.79209
-0.77964
-0.80362
-0.77555
-0.76706
-0.81317
-0.79886
-0.79436
-0.80491
-0.87862
-0.85611
-0.89088
-0.85657
0
0
0
0
0
0
0
0
0
0
0
0
0
0
0
0
0
0
0
-3.2644
0
0
0
0
0
0
0
0
0
0
0
0
0
0
0
0
0
0
0
0
0
0
0
0
0
0
0
0
0
0
0
0
0
0
0
0
0
0
0
0
0
0
0
0
0
0
-0.85062
-0.84038
-0.83329
-0.82706
-0.8382
-0.83943
-0.82259
-0.82827
-0.82069
-0.81759
-0.82359
-0.83457
-0.7898
-0.78976
-0.85701
-0.83347
-0.79801
-0.85698
-0.81941
-0.80465
-0.80468
-0.81412
-0.8105
48.5736
-0.82159
-0.82147
-0.80308
-0.78558
-0.79453
-0.79589
-0.80323
-0.78721
-0.80323
-0.78889
-0.80642
-0.78889
-0.79386
-0.7873
-0.8077
-0.80723
-0.7919
-0.78278
-0.77666
-0.80312
-0.77645
-0.77645
-0.777
-0.76504
-0.78846
-0.76083
-0.75239
-0.79784
-0.78355
-0.77954
-0.78964
-0.86049
-0.83926
-0.87383
-0.84118
0
0
0
0
0
0
0
0
0
0
0
0
0
0
0
0
0
0
0
0
-1.7065
0
0
0
0
0
0
0
0
0
0
0
0
0
0
0
0
0
0
0
0
0
0
0
0
0
0
0
0
0
0
0
0
0
0
0
0
0
0
0
0
0
0
0
0
0
-0.87914
-0.8686
-0.86067
-0.85356
-0.86567
-0.86567
-0.84968
-0.85581
-0.8483
-0.84595
-0.851
-0.86401
-0.81824
-0.81818
-0.88493
-0.86344
-0.82226
-0.88491
-0.84819
-0.83054
-0.83055
-0.84355
-0.83616
-0.82159
55.3009
-0.84813
-0.82516
-0.81312
-0.81954
-0.82332
-0.82716
-0.81524
-0.82716
-0.81351
-0.83023
-0.81351
-0.81865
-0.81346
-0.8306
-0.83191
-0.81615
-0.80722
-0.80006
-0.82758
-0.80115
-0.80116
-0.80067
-0.78878
-0.81251
-0.78526
-0.77674
-0.81914
-0.80816
-0.80401
-0.81289
-0.87858
-0.86072
-0.8951
-0.86401
0
0
0
0
0
0
0
0
0
0
0
0
0
0
0
0
0
0
0
0
0
0
0
0
0
0
0
0
0
0
0
0
0
0
0
0
0
0
0
0
0
0
0
0
-6.9797
0
0
0
0
0
0
0
0
0
0
0
0
0
0
0
0
0
0
0
0
0
-0.87904
-0.8685
-0.86055
-0.85345
-0.86556
-0.86556
-0.84958
-0.85571
-0.84819
-0.84584
-0.8509
-0.86389
-0.81812
-0.81808
-0.88482
-0.86335
-0.82215
-0.8848
-0.84808
-0.83044
-0.83045
-0.84344
-0.83605
-0.82147
-0.84813
55.2938
-0.82505
-0.81302
-0.81943
-0.8232
-0.82704
-0.81513
-0.82705
-0.8134
-0.8301
-0.8134
-0.81854
-0.81336
-0.8305
-0.8318
-0.81604
-0.8071
-0.79996
-0.82748
-0.80104
-0.80104
-0.80055
-0.78867
-0.81241
-0.78515
-0.77664
-0.81904
-0.80806
-0.8039
-0.81278
-0.87846
-0.86062
-0.89498
-0.8639
0
0
0
0
0
0
0
0
0
0
0
0
0
0
0
0
0
0
0
0
0
0
0
0
0
0
0
0
0
0
0
0
0
0
0
0
0
0
0
0
0
0
0
0
0
0
0
0
0
0
0
0
-6.9788
0
0
0
0
0
0
0
0
0
0
0
0
0
-0.85785
-0.8474
-0.83981
-0.83295
-0.84529
-0.84546
-0.82941
-0.8352
-0.82762
-0.82484
-0.83045
-0.84058
-0.79565
-0.79559
-0.86346
-0.84157
-0.80004
-0.86343
-0.82702
-0.81207
-0.81208
-0.82157
-0.81772
-0.80308
-0.82516
-0.82505
52.6786
-0.79454
-0.80095
-0.79845
-0.80838
-0.79698
-0.80838
-0.79524
-0.80738
-0.79524
-0.80083
-0.79488
-0.81278
-0.81422
-0.79869
-0.78924
-0.78293
-0.80948
-0.78306
-0.78307
-0.78305
-0.77102
-0.78305
-0.76829
-0.75976
-0.80258
-0.78719
-0.78664
-0.79665
-0.86126
-0.84445
0
0
0
0
0
0
0
0
0
0
0
0
0
0
0
0
0
0
0
-3.0271
0
0
0
0
0
0
0
0
0
0
0
0
0
0
0
-4.1725
0
0
0
0
0
0
0
0
0
0
0
0
0
0
0
0
0
0
0
0
0
0
0
0
0
0
0
0
0
0
0
0
-0.84429
-0.83386
-0.82641
-0.81996
-0.83096
-0.83175
-0.81534
-0.82084
-0.81328
-0.81014
-0.8158
-0.8273
-0.78188
-0.78182
-0.84923
-0.82606
-0.78996
-0.8492
-0.81195
-0.79681
-0.79683
-0.80164
-0.80277
-0.78558
-0.81312
-0.81302
-0.79454
48.3475
-0.78574
-0.78524
-0.79676
-0.78161
-0.79677
-0.78132
-0.79948
-0.78131
-0.78552
-0.78056
-0.79082
-0.79859
-0.7833
-0.77447
-0.76856
-0.79553
-0.76786
-0.76787
-0.75903
-0.75754
-0.78007
-0.75279
-0.74426
-0.78926
-0.77593
-0.77153
-0.78102
-0.85129
-0.82866
-0.86561
0
0
0
0
0
0
0
0
0
0
0
0
0
0
0
0
-2.7849
0
0
0
0
0
0
0
0
0
0
0
0
0
0
0
0
0
0
0
0
0
0
0
0
0
0
0
0
0
0
0
0
0
0
0
0
0
0
0
0
0
0
0
0
0
0
0
0
0
0
-0.8484
-0.83918
-0.83226
-0.82584
-0.83723
-0.83799
-0.82157
-0.82729
-0.81973
-0.81662
-0.82238
-0.83338
-0.78823
-0.78817
-0.85547
-0.83231
-0.79663
-0.85546
-0.81852
-0.80307
-0.80309
-0.81363
-0.80906
-0.79453
-0.81954
-0.81943
-0.80095
-0.78574
49.4396
-0.79254
-0.8023
-0.78817
-0.80231
-0.78771
-0.80472
-0.78771
-0.79236
-0.78692
-0.80528
-0.80564
-0.7902
-0.78123
-0.77507
-0.79818
-0.77491
-0.77493
-0.77516
-0.76339
-0.78673
-0.75927
-0.75083
-0.79564
-0.78156
-0.77812
-0.78778
-0.85753
-0.83737
-0.87187
0
0
0
0
0
0
0
0
0
0
0
0
0
0
0
0
0
0
0
0
0
0
0
0
0
0
0
0
0
0
0
0
0
0
0
0
0
-3.4985
0
0
0
0
0
0
0
0
0
0
0
0
0
0
0
0
0
0
0
0
0
0
0
0
0
0
0
0
0
-0.85305
-0.84267
-0.83514
-0.82862
-0.84125
-0.84092
-0.82553
-0.83181
-0.82461
-0.82253
-0.82718
-0.83952
-0.79596
-0.79592
-0.859
-0.83992
-0.79583
-0.85898
-0.82545
-0.80409
-0.8041
-0.81953
-0.80941
-0.79589
-0.82332
-0.8232
-0.79845
-0.78524
-0.79254
54.3945
-0.80194
-0.79001
-0.80195
-0.78907
-0.7984
-0.78906
-0.79429
-0.78856
-0.80563
-0.80753
-0.79157
-0.78273
-0.77673
-0.80216
-0.77692
-0.77691
-0.77284
-0.76266
-0.78738
-0.76136
-0.75295
-0.79373
-0.78214
-0.7798
-0.77915
-0.85224
-0.82665
0
0
0
0
0
0
0
0
0
0
0
0
0
0
0
-2.9451
0
0
0
0
0
0
0
0
0
0
0
0
0
0
0
0
0
0
0
0
0
0
0
0
0
0
0
0
0
0
0
0
0
0
-6.2853
0
0
0
0
0
0
0
0
0
0
0
0
0
0
0
0
0
-0.85695
-0.8465
-0.83907
-0.8327
-0.84363
-0.84486
-0.82792
-0.83362
-0.82607
-0.82302
-0.82884
-0.83916
-0.7949
-0.79485
-0.86237
-0.83826
-0.80308
-0.86235
-0.8251
-0.81067
-0.81068
-0.8211
-0.81693
-0.80323
-0.82716
-0.82704
-0.80838
-0.79676
-0.8023
-0.80194
46.3319
-0.79874
-0.80117
-0.79234
-0.81109
-0.79234
-0.79776
-0.79376
-0.81458
-0.81149
-0.79646
-0.78725
-0.78117
-0.81073
-0.78063
-0.78063
-0.7817
-0.7697
-0.7934
-0.76509
-0.75657
-0.80356
-0.78843
-0.78409
-0.79476
-0.86746
-0.84562
-0.88197
0
0
0
0
0
0
0
0
0
0
0
0
0
0
0
0
0
0
0
0
0
0
0
0
0
0
0
0
0
0
0
0
0
0
0
0
0
0
0
0
0
0
0
0
0
0
0
0
0
0
0
0
0
0
0
0
0
0
0
0
0
0
0
0
0
0
0
-0.84576
-0.82813
-0.82735
-0.82154
-0.83251
-0.83366
-0.8168
-0.82254
-0.81501
-0.81194
-0.81777
-0.8301
-0.78352
-0.78347
-0.85117
-0.82948
-0.79165
-0.85114
-0.81354
-0.7991
-0.79912
-0.80842
-0.80491
-0.78721
-0.81524
-0.81513
-0.79698
-0.78161
-0.78817
-0.79001
-0.79874
47.794
-0.79875
-0.78403
-0.80027
-0.78403
-0.78859
-0.781
-0.79963
-0.80179
-0.78618
-0.7765
-0.77085
-0.79639
-0.77039
-0.77039
-0.77102
-0.75768
-0.78289
-0.75498
-0.74644
-0.79126
-0.77914
-0.77326
-0.78313
-0.85014
-0.83164
0
0
0
0
0
0
0
0
0
0
0
0
0
0
0
0
-2.9719
0
0
0
0
0
0
0
0
0
0
0
0
0
0
0
0
0
0
0
0
0
0
0
0
0
0
0
0
0
0
0
0
0
0
0
0
0
0
0
0
0
0
0
0
0
0
0
0
0
0
0
-0.85696
-0.8465
-0.83908
-0.8327
-0.84363
-0.84487
-0.82791
-0.83361
-0.82608
-0.82303
-0.82884
-0.83917
-0.7949
-0.79486
-0.86238
-0.83826
-0.80308
-0.86236
-0.8251
-0.81066
-0.81068
-0.82111
-0.81693
-0.80323
-0.82716
-0.82705
-0.80838
-0.79677
-0.80231
-0.80195
-0.80117
-0.79875
46.3322
-0.79234
-0.8111
-0.79234
-0.79778
-0.79376
-0.81459
-0.81149
-0.79647
-0.78726
-0.78117
-0.81075
-0.78063
-0.78063
-0.78171
-0.7697
-0.79341
-0.7651
-0.75657
-0.80355
-0.78843
-0.78409
-0.79477
-0.86748
-0.84563
-0.88198
0
0
0
0
0
0
0
0
0
0
0
0
0
0
0
0
0
0
0
0
0
0
0
0
0
0
0
0
0
0
0
0
0
0
0
0
0
0
0
0
0
0
0
0
0
0
0
0
0
0
0
0
0
0
0
0
0
0
0
0
0
0
0
0
0
0
0
-0.8436
-0.83323
-0.82587
-0.81958
-0.83034
-0.83155
-0.81467
-0.82031
-0.81279
-0.80974
-0.81555
-0.82569
-0.78161
-0.78156
-0.84891
-0.8259
-0.78953
-0.84888
-0.81173
-0.79714
-0.79716
-0.80768
-0.80328
-0.78889
-0.81351
-0.8134
-0.79524
-0.78132
-0.78771
-0.78907
-0.79234
-0.78403
-0.79234
44.7144
-0.79836
-0.77357
-0.78541
-0.77996
-0.80138
-0.79937
-0.78413
-0.77367
-0.76854
-0.79924
-0.76749
-0.7675
-0.76848
-0.75562
-0.7803
-0.75241
-0.74404
-0.79069
-0.77521
-0.77109
-0.7819
-0.84996
-0.83191
0
0
0
0
0
0
0
0
0
0
0
0
0
0
0
0
0
0
0
0
0
0
0
0
0
0
0
0
0
0
0
0
0
0
0
0
0
0
0
0
0
0
0
0
0
0
0
0
0
0
0
0
0
0
0
0
0
0
0
0
0
0
0
0
0
0
0
0
-0.86206
-0.85111
-0.84116
-0.83603
-0.84904
-0.84975
-0.83302
-0.83928
-0.83182
-0.82939
-0.83431
-0.84648
-0.80141
-0.80135
-0.86736
-0.84616
-0.80393
-0.86735
-0.82809
-0.81552
-0.81552
-0.8261
-0.8124
-0.80642
-0.83023
-0.8301
-0.80738
-0.79948
-0.80472
-0.7984
-0.81109
-0.80027
-0.8111
-0.79836
54.1825
-0.79837
-0.80374
-0.7973
-0.81607
-0.81711
-0.80088
-0.79219
-0.78598
-0.80842
-0.78648
-0.78649
-0.7865
-0.77332
-0.78468
-0.77087
-0.76264
-0.80442
-0.79226
-0.78975
0
0
0
0
0
0
0
0
0
0
0
0
0
0
0
0
0
0
0
0
0
0
-3.0155
0
-3.2393
0
0
0
0
0
0
0
0
0
0
0
0
0
0
0
0
0
0
0
-4.7841
0
0
0
0
0
0
0
0
0
0
0
0
0
0
0
0
0
0
0
0
0
0
0
0
0
0
-0.84359
-0.83324
-0.82586
-0.81958
-0.83034
-0.83156
-0.81467
-0.82031
-0.81279
-0.80974
-0.81556
-0.82569
-0.78161
-0.78157
-0.8489
-0.82589
-0.78952
-0.84888
-0.81173
-0.79715
-0.79717
-0.80767
-0.80328
-0.78889
-0.81351
-0.8134
-0.79524
-0.78131
-0.78771
-0.78906
-0.79234
-0.78403
-0.79234
-0.77357
-0.79837
44.7144
-0.7854
-0.77997
-0.80138
-0.79938
-0.78413
-0.77367
-0.76853
-0.79924
-0.76748
-0.7675
-0.76848
-0.75562
-0.7803
-0.7524
-0.74405
-0.79068
-0.77522
-0.77109
-0.7819
-0.84995
-0.83193
0
0
0
0
0
0
0
0
0
0
0
0
0
0
0
0
0
0
0
0
0
0
0
0
0
0
0
0
0
0
0
0
0
0
0
0
0
0
0
0
0
0
0
0
0
0
0
0
0
0
0
0
0
0
0
0
0
0
0
0
0
0
0
0
0
0
0
0
-0.84947
-0.83906
-0.83164
-0.82536
-0.83606
-0.83724
-0.8203
-0.82592
-0.81832
-0.81522
-0.82111
-0.83105
-0.78678
-0.78674
-0.85461
-0.83155
-0.79472
-0.8546
-0.81709
-0.80257
-0.80258
-0.813
-0.80871
-0.79386
-0.81865
-0.81854
-0.80083
-0.78552
-0.79236
-0.79429
-0.79776
-0.78859
-0.79778
-0.78541
-0.80374
-0.7854
43.3579
-0.78561
-0.80633
-0.81011
-0.79279
-0.78116
-0.77666
-0.79829
-0.77656
-0.77657
-0.77729
-0.76319
-0.78869
-0.7596
-0.75073
-0.79677
-0.78324
-0.77807
-0.78981
0
0
0
0
0
0
0
0
0
0
0
0
0
0
0
0
0
0
0
0
0
0
0
0
0
0
0
0
0
0
0
0
0
0
0
0
0
0
0
0
0
0
0
0
0
0
0
0
0
0
0
0
0
0
0
0
0
0
0
0
0
0
0
0
0
0
0
0
0
0
-0.84285
-0.83471
-0.82538
-0.81922
-0.83035
-0.83141
-0.81465
-0.82026
-0.81268
-0.80957
-0.81592
-0.82721
-0.78169
-0.78163
-0.84977
-0.82628
-0.7899
-0.84974
-0.81178
-0.79805
-0.79806
-0.79912
-0.80405
-0.7873
-0.81346
-0.81336
-0.79488
-0.78056
-0.78692
-0.78856
-0.79376
-0.781
-0.79376
-0.77996
-0.7973
-0.77997
-0.78561
44.3281
-0.80147
-0.80382
-0.78489
-0.77683
-0.7698
-0.79332
-0.77051
-0.77052
-0.76975
-0.75616
-0.7801
-0.75353
-0.74542
-0.79041
0
-0.77275
0
0
0
0
0
0
0
0
0
0
0
0
0
0
0
0
0
0
0
0
0
0
0
0
0
0
-2.8382
0
0
0
0
0
0
0
0
0
0
0
0
0
0
0
0
0
0
0
0
0
0
0
0
0
0
0
0
0
0
0
0
0
0
0
0
0
0
0
0
0
0
0
0
-0.86318
-0.85249
-0.84476
-0.83581
-0.84956
-0.85058
-0.83354
-0.83983
-0.83224
-0.82896
-0.83486
-0.84798
-0.79969
-0.79963
-0.86823
-0.84615
-0.80845
-0.8682
-0.83106
-0.81719
-0.81719
-0.81136
-0.82369
-0.8077
-0.8306
-0.8305
-0.81278
-0.79082
-0.80528
-0.80563
-0.81458
-0.79963
-0.81459
-0.80138
-0.81607
-0.80138
-0.80633
-0.80147
47.2583
-0.82063
-0.80465
-0.79519
-0.7897
-0.82089
-0.78923
-0.78924
-0.78081
-0.77773
-0.80142
-0.77314
-0.7651
-0.80977
0
0
0
0
0
0
0
0
0
0
0
0
0
0
0
0
0
0
0
0
0
0
0
0
0
-2.0138
0
0
0
0
0
0
-3.5836
0
0
0
0
0
0
0
0
0
0
0
0
0
0
0
0
0
0
0
0
0
0
0
0
0
0
0
0
0
0
0
0
0
0
0
0
0
0
0
0
-0.86288
-0.85243
-0.845
-0.83866
-0.84966
-0.85087
-0.83382
-0.8395
-0.83181
-0.82869
-0.83462
-0.84608
-0.79995
-0.7999
-0.86824
-0.84507
-0.80804
-0.86822
-0.83051
-0.8161
-0.81611
-0.82611
-0.82226
-0.80723
-0.83191
-0.8318
-0.81422
-0.79859
-0.80564
-0.80753
-0.81149
-0.80179
-0.81149
-0.79937
-0.81711
-0.79938
-0.81011
-0.80382
-0.82063
42.5104
-0.8132
-0.79444
-0.79299
-0.81216
-0.79028
-0.79029
-0.79354
-0.77976
-0.80537
-0.77478
-0.76593
-0.81747
0
-0.79363
0
0
0
0
0
0
0
0
0
0
0
0
0
0
0
0
0
0
0
0
0
0
0
0
0
0
0
0
0
0
0
0
0
0
0
0
0
0
0
0
0
0
0
0
0
0
0
0
0
0
0
0
0
0
0
0
0
0
0
0
0
0
0
0
0
0
0
0
0
0
0
-0.84443
-0.83652
-0.82913
-0.82295
-0.83197
-0.83513
-0.81813
-0.82386
-0.81623
-0.81315
-0.819
-0.83041
-0.7845
-0.78444
-0.85239
-0.8294
-0.79271
-0.85236
-0.81488
-0.80088
-0.80089
-0.81044
-0.8069
-0.7919
-0.81615
-0.81604
-0.79869
-0.7833
-0.7902
-0.79157
-0.79646
-0.78618
-0.79647
-0.78413
-0.80088
-0.78413
-0.79279
-0.78489
-0.80465
-0.8132
42.0021
-0.77749
-0.77339
-0.80341
-0.77685
-0.77685
-0.77429
-0.76237
-0.7845
-0.75747
-0.74991
0
0
0
0
0
0
0
0
0
0
0
0
0
0
0
0
0
0
-1.8833
0
0
0
0
0
0
0
0
0
0
0
0
0
0
0
0
0
0
0
0
0
0
0
0
0
0
0
0
0
0
0
0
0
0
0
0
0
0
0
0
0
0
0
0
0
0
0
0
0
0
0
0
0
0
0
-0.83768
-0.82737
-0.82002
-0.81375
-0.82459
-0.82574
-0.80889
-0.8145
-0.80692
-0.80387
-0.8097
-0.82115
-0.77556
-0.7755
-0.84299
-0.81981
-0.7835
-0.84297
-0.80569
-0.79145
-0.79146
-0.80139
-0.79754
-0.78278
-0.80722
-0.8071
-0.78924
-0.77447
-0.78123
-0.78273
-0.78725
-0.7765
-0.78726
-0.77367
-0.79219
-0.77367
-0.78116
-0.77683
-0.79519
-0.79444
-0.77749
40.4315
-0.76069
-0.79364
-0.76721
-0.76722
-0.76245
-0.74727
-0.7733
-0.74564
-0.73835
-0.79324
0
0
0
0
0
0
0
0
0
0
0
0
0
0
0
0
0
0
0
0
0
0
0
0
0
0
0
0
0
0
0
0
0
0
0
0
0
0
0
0
0
0
0
0
0
0
0
0
0
0
0
0
0
0
0
0
0
0
0
0
0
0
0
0
0
0
0
0
0
0
0
0
0
-0.83124
-0.82058
-0.81332
-0.80826
-0.81872
-0.81939
-0.8029
-0.80847
-0.80094
-0.79769
-0.80391
-0.81479
-0.76928
-0.76923
-0.83608
-0.81329
-0.77737
-0.83606
-0.80018
-0.78544
-0.78545
-0.79559
-0.79212
-0.77666
-0.80006
-0.79996
-0.78293
-0.76856
-0.77507
-0.77673
-0.78117
-0.77085
-0.78117
-0.76854
-0.78598
-0.76853
-0.77666
-0.7698
-0.7897
-0.79299
-0.77339
-0.76069
41.3383
-0.7917
-0.76311
-0.76312
-0.75298
-0.7416
-0.76119
-0.73887
-0.73233
0
0
0
0
0
0
0
0
0
0
0
0
0
0
0
0
0
0
0
0
0
0
0
0
0
0
0
0
0
0
0
0
0
0
0
0
0
0
0
0
0
0
-1.9937
0
0
0
0
0
0
0
0
0
0
0
0
0
0
0
0
0
0
0
0
0
0
0
0
0
0
0
0
0
0
0
-0.85433
-0.8478
-0.84138
-0.83554
-0.84649
-0.8479
-0.83075
-0.83657
-0.82886
-0.82564
-0.8309
-0.84343
-0.79643
-0.79636
-0.86448
-0.84212
-0.80533
-0.86446
-0.81416
-0.8141
-0.81411
-0.82112
-0.81714
-0.80312
-0.82758
-0.82748
-0.80948
-0.79553
-0.79818
-0.80216
-0.81073
-0.79639
-0.81075
-0.79924
-0.80842
-0.79924
-0.79829
-0.79332
-0.82089
-0.81216
-0.80341
-0.79364
-0.7917
45.8183
-0.7884
-0.7884
-0.7848
0
-0.79377
-0.76824
0
0
0
0
0
0
0
0
0
0
0
0
0
0
0
0
0
0
0
0
0
0
0
0
0
-2.4208
0
0
0
0
0
0
0
0
0
0
0
0
-4.2528
0
0
0
0
0
0
0
0
0
0
0
0
0
0
0
0
0
0
0
0
0
0
0
0
0
0
0
0
0
0
0
0
0
0
0
0
-0.83182
-0.82156
-0.81423
-0.80799
-0.81868
-0.81983
-0.80301
-0.80855
-0.80099
-0.7979
-0.80377
-0.81498
-0.7696
-0.76955
-0.83699
-0.81387
-0.77745
-0.83695
-0.79968
-0.78529
-0.78531
-0.79541
-0.79128
-0.77645
-0.80115
-0.80104
-0.78306
-0.76786
-0.77491
-0.77692
-0.78063
-0.77039
-0.78063
-0.76749
-0.78648
-0.76748
-0.77656
-0.77051
-0.78923
-0.79028
-0.77685
-0.76721
-0.76311
-0.7884
39.3835
-0.75603
-0.76432
-0.74787
-0.7784
-0.74132
-0.73429
0
0
0
0
0
0
0
0
0
0
0
0
0
0
0
0
0
0
0
0
0
0
0
0
0
0
0
0
0
0
0
0
0
0
0
0
0
0
0
0
0
0
0
0
0
0
0
0
0
0
0
0
0
0
0
0
0
0
0
0
0
0
0
0
0
0
0
0
0
0
0
0
0
0
-0.83183
-0.82157
-0.81423
-0.80799
-0.81868
-0.81982
-0.80302
-0.80857
-0.80099
-0.7979
-0.80377
-0.81498
-0.76961
-0.76955
-0.83698
-0.81388
-0.77746
-0.83696
-0.79968
-0.78529
-0.78531
-0.79542
-0.79128
-0.77645
-0.80116
-0.80104
-0.78307
-0.76787
-0.77493
-0.77691
-0.78063
-0.77039
-0.78063
-0.7675
-0.78649
-0.7675
-0.77657
-0.77052
-0.78924
-0.79029
-0.77685
-0.76722
-0.76312
-0.7884
-0.75603
39.3838
-0.76433
-0.74788
-0.77841
-0.74132
-0.73428
0
0
0
0
0
0
0
0
0
0
0
0
0
0
0
0
0
0
0
0
0
0
0
0
0
0
0
0
0
0
0
0
0
0
0
0
0
0
0
0
0
0
0
0
0
0
0
0
0
0
0
0
0
0
0
0
0
0
0
0
0
0
0
0
0
0
0
0
0
0
0
0
0
0
-0.83233
-0.82199
-0.81462
-0.8082
-0.81929
-0.81991
-0.80365
-0.80909
-0.80153
-0.79841
-0.80397
-0.81662
-0.76987
-0.76981
-0.83733
-0.81528
-0.77798
-0.8373
-0.80002
-0.78604
-0.78605
-0.78794
-0.79209
-0.777
-0.80067
-0.80055
-0.78305
-0.75903
-0.77516
-0.77284
-0.7817
-0.77102
-0.78171
-0.76848
-0.7865
-0.76848
-0.77729
-0.76975
-0.78081
-0.79354
-0.77429
-0.76245
-0.75298
-0.7848
-0.76432
-0.76433
39.0833
0
0
0
0
0
0
0
0
0
0
0
0
0
0
0
0
0
0
0
0
0
0
0
0
0
0
0
-2.7232
0
0
0
0
0
0
0
0
0
0
0
0
0
0
0
0
0
0
0
0
0
0
0
0
0
0
0
0
0
0
0
0
0
0
0
0
0
0
0
0
0
0
0
0
0
0
0
0
0
0
-0.8189
-0.80883
-0.80147
-0.79531
-0.80604
-0.80749
-0.79058
-0.79632
-0.78876
-0.78576
-0.79137
-0.80294
-0.75744
-0.75741
-0.82457
-0.80041
-0.76559
-0.82454
-0.78755
-0.77375
-0.77376
-0.78398
-0.77964
-0.76504
-0.78878
-0.78867
-0.77102
-0.75754
-0.76339
-0.76266
-0.7697
-0.75768
-0.7697
-0.75562
-0.77332
-0.75562
-0.76319
-0.75616
-0.77773
-0.77976
-0.76237
-0.74727
-0.7416
0
-0.74787
-0.74788
0
38.1714
0
0
0
0
0
0
0
0
0
-0.85057
0
0
0
0
0
0
0
0
0
0
0
0
-2.2959
0
0
0
0
0
0
0
0
0
0
0
0
0
0
0
0
0
0
0
0
0
0
0
0
0
0
0
0
0
0
0
0
0
0
0
0
0
0
0
0
0
0
0
0
0
0
0
0
0
0
0
0
0
0
-0.84343
-0.83326
-0.82596
-0.81949
-0.83131
-0.83184
-0.81561
-0.82091
-0.81321
-0.81012
-0.81603
-0.82501
-0.78154
-0.78148
-0.84882
-0.82458
-0.78952
-0.84879
-0.81119
-0.79769
-0.79771
-0.80667
-0.80362
-0.78846
-0.81251
-0.81241
-0.78305
-0.78007
-0.78673
-0.78738
-0.7934
-0.78289
-0.79341
-0.7803
-0.78468
-0.7803
-0.78869
-0.7801
-0.80142
-0.80537
-0.7845
-0.7733
-0.76119
-0.79377
-0.7784
-0.77841
0
0
39.8345
0
0
0
0
0
0
0
0
0
0
0
0
0
0
0
0
0
0
0
0
0
0
0
0
0
0
0
-2.946
0
0
0
0
0
0
0
0
0
0
0
0
0
0
0
0
0
0
0
0
0
0
0
0
0
0
0
0
0
0
0
0
0
0
0
0
0
0
0
0
0
0
0
0
0
0
0
0
-0.81585
-0.80559
-0.79829
-0.79208
-0.80274
-0.80389
-0.78715
-0.79268
-0.78514
-0.78209
-0.78791
-0.79903
-0.75396
-0.75391
-0.82101
-0.79805
-0.76175
-0.82098
-0.78386
-0.76961
-0.76962
-0.77974
-0.77555
-0.76083
-0.78526
-0.78515
-0.76829
-0.75279
-0.75927
-0.76136
-0.76509
-0.75498
-0.7651
-0.75241
-0.77087
-0.7524
-0.7596
-0.75353
-0.77314
-0.77478
-0.75747
-0.74564
-0.73887
-0.76824
-0.74132
-0.74132
0
0
0
35.6282
0
0
0
0
0
0
0
0
0
0
0
0
0
0
0
0
0
0
0
0
0
0
0
0
0
0
0
0
0
0
0
0
0
0
0
0
0
0
0
0
0
0
0
0
0
0
0
0
0
0
0
0
0
0
0
0
0
0
0
0
0
0
0
0
0
0
0
0
0
0
0
0
0
0
0
-0.80748
-0.79716
-0.78986
-0.78366
-0.79422
-0.79533
-0.77867
-0.78417
-0.77666
-0.77359
-0.77943
-0.79052
-0.74559
-0.74554
-0.81238
-0.78946
-0.75334
-0.81235
-0.77568
-0.76111
-0.76113
-0.77126
-0.76706
-0.75239
-0.77674
-0.77664
-0.75976
-0.74426
-0.75083
-0.75295
-0.75657
-0.74644
-0.75657
-0.74404
-0.76264
-0.74405
-0.75073
-0.74542
-0.7651
-0.76593
-0.74991
-0.73835
-0.73233
0
-0.73429
-0.73428
0
0
0
0
34.4859
0
0
0
0
0
0
0
0
0
0
0
0
0
0
0
0
0
0
0
0
0
0
0
0
0
0
0
0
0
0
0
0
0
0
0
0
0
0
0
0
0
0
0
0
0
0
0
0
0
0
0
0
0
0
0
0
0
0
0
0
0
0
0
0
0
0
0
0
0
0
0
0
0
0
-0.85157
-0.84062
-0.83318
-0.82638
-0.83922
-0.84131
-0.82344
-0.8293
-0.82151
-0.81856
-0.82441
-0.8375
-0.78967
-0.78962
-0.85616
-0.83538
-0.7982
-0.85614
-0.82043
-0.80683
-0.80684
-0.81507
-0.81317
-0.79784
-0.81914
-0.81904
-0.80258
-0.78926
-0.79564
-0.79373
-0.80356
-0.79126
-0.80355
-0.79069
-0.80442
-0.79068
-0.79677
-0.79041
-0.80977
-0.81747
0
-0.79324
0
0
0
0
0
0
0
0
0
38.9155
0
0
0
0
0
0
0
0
0
0
0
0
0
0
0
0
0
0
0
0
0
0
0
0
0
0
0
0
0
0
0
0
0
0
0
0
0
0
0
0
0
0
0
0
0
0
0
0
0
0
0
0
0
0
0
0
0
-5.532
0
0
0
0
0
0
0
0
0
0
0
0
0
0
0
-0.84635
-0.83548
-0.82552
-0.81956
-0.82314
-0.82479
-0.80728
-0.81311
-0.8063
-0.80322
-0.80942
-0.76822
-0.77448
-0.77443
-0.84566
-0.8231
-0.78318
-0.84563
-0.80564
-0.79174
-0.79175
-0.80307
-0.79886
-0.78355
-0.80816
-0.80806
-0.78719
-0.77593
-0.78156
-0.78214
-0.78843
-0.77914
-0.78843
-0.77521
-0.79226
-0.77522
-0.78324
0
0
0
0
0
0
0
0
0
0
0
0
0
0
0
37.4542
0
0
0
0
0
0
0
0
0
0
0
0
0
0
0
0
0
0
0
0
0
0
0
0
0
0
0
0
0
0
0
0
-4.7007
0
0
0
0
0
0
0
0
0
0
0
-3.125
0
0
0
0
0
0
0
0
0
0
0
0
0
0
0
0
0
0
0
0
0
0
0
0
0
0
0
-0.83484
-0.82437
-0.81702
-0.81079
-0.82152
-0.82263
-0.80576
-0.81135
-0.80379
-0.80072
-0.80658
-0.81763
-0.77236
-0.77232
-0.83986
-0.81663
-0.78033
-0.83984
-0.80287
-0.7883
-0.78831
-0.79889
-0.79436
-0.77954
-0.80401
-0.8039
-0.78664
-0.77153
-0.77812
-0.7798
-0.78409
-0.77326
-0.78409
-0.77109
-0.78975
-0.77109
-0.77807
-0.77275
0
-0.79363
0
0
0
0
0
0
0
0
0
0
0
0
0
31.0924
0
0
0
0
0
0
0
0
0
0
0
0
0
0
0
0
0
0
0
0
0
0
0
0
0
0
0
0
0
0
0
0
0
0
0
0
0
0
0
0
0
0
0
0
0
0
0
0
0
0
0
0
0
0
0
0
0
0
0
0
0
0
0
0
0
0
0
0
0
0
0
-0.84437
-0.83374
-0.82666
-0.82064
-0.83154
-0.83281
-0.81549
-0.82191
-0.81432
-0.81121
-0.81688
-0.82783
-0.78245
-0.78238
-0.84979
-0.82666
-0.79052
-0.84977
-0.81292
-0.79885
-0.79887
-0.81455
-0.80491
-0.78964
-0.81289
-0.81278
-0.79665
-0.78102
-0.78778
-0.77915
-0.79476
-0.78313
-0.79477
-0.7819
0
-0.7819
-0.78981
0
0
0
0
0
0
0
0
0
0
0
0
0
0
0
0
0
33.5723
0
0
0
0
0
0
0
0
0
0
0
0
0
0
0
0
0
0
0
0
0
0
0
0
0
0
0
-3.8301
-0.647
0
0
0
0
0
0
0
0
0
0
0
0
0
0
0
0
0
0
0
0
0
0
0
0
0
0
0
0
0
0
0
0
0
0
0
0
0
0
0
0
0
-0.91309
-0.90093
-0.8933
-0.88421
-0.90171
-0.90209
-0.88522
-0.89191
-0.88428
-0.88105
-0.88787
-0.90008
-0.85073
-0.85067
-0.91748
-0.89777
-0.86034
-0.91746
-0.8846
-0.87026
-0.87028
-0.87814
-0.87862
-0.86049
-0.87858
-0.87846
-0.86126
-0.85129
-0.85753
-0.85224
-0.86746
-0.85014
-0.86748
-0.84996
0
-0.84995
0
0
0
0
0
0
0
0
0
0
0
0
0
0
0
0
0
0
0
44.1143
0
0
0
0
0
0
0
0
0
0
0
0
0
0
0
0
0
0
0
0
0
-2.0538
0
0
0
0
0
0
0
0
0
0
0
0
0
0
0
0
0
0
0
0
0
0
0
0
-5.6668
0
0
0
0
0
0
0
0
0
0
-5.6668
0
0
0
0
0
0
0
0
0
0
0
-0.89233
-0.88122
-0.87375
-0.86911
-0.87985
-0.88278
-0.86398
-0.87098
-0.8632
-0.85988
-0.86583
-0.87853
-0.83031
-0.83025
-0.89781
-0.87667
-0.83926
-0.89778
-0.86301
-0.84858
-0.8486
-0.85501
-0.85611
-0.83926
-0.86072
-0.86062
-0.84445
-0.82866
-0.83737
-0.82665
-0.84562
-0.83164
-0.84563
-0.83191
0
-0.83193
0
0
0
0
0
0
0
0
0
0
0
0
0
0
0
0
0
0
0
0
40.0405
0
0
0
0
0
0
0
0
0
0
0
0
0
0
0
0
0
0
0
0
0
0
0
0
0
0
0
0
0
0
0
0
-4.6758
0
0
0
0
0
0
0
0
0
0
0
0
0
0
0
0
0
0
0
0
0
0
0
0
0
0
0
-5.3555
0
0
0
0
0
0
0
-0.93125
-0.91986
-0.91059
-0.90101
-0.91516
-0.91693
-0.89897
-0.90548
-0.89745
-0.89487
-0.90088
-0.9169
-0.86465
-0.8646
-0.93352
-0.86796
-0.87345
-0.9335
-0.89683
-0.88337
-0.88337
-0.89201
-0.89088
-0.87383
-0.8951
-0.89498
0
-0.86561
-0.87187
0
-0.88197
0
-0.88198
0
0
0
0
0
0
0
0
0
0
0
0
0
0
-0.85057
0
0
0
0
0
0
0
0
0
42.8574
0
0
0
0
0
0
0
0
0
0
0
0
0
0
0
0
0
0
0
0
0
0
0
0
0
0
0
0
0
-4.7672
0
0
0
0
0
0
0
0
0
0
0
0
0
0
0
0
0
-5.1904
0
0
0
0
-5.1904
0
0
0
0
0
0
0
0
0
0
0
0
0
0
-0.89433
-0.88404
-0.87656
-0.86844
-0.88248
-0.88457
-0.86671
-0.87296
-0.86511
-0.86239
-0.86786
-0.88125
-0.83317
-0.8331
-0.90068
-0.87899
-0.84132
-0.90065
-0.86416
-0.85013
-0.85015
-0.86104
-0.85657
-0.84118
-0.86401
-0.8639
0
0
0
0
0
0
0
0
0
0
0
0
0
0
0
0
0
0
0
0
0
0
0
0
0
0
0
0
0
0
0
0
29.5653
0
0
0
0
0
0
0
0
0
0
0
-2.269
0
0
0
0
0
0
0
0
0
0
0
0
0
0
0
0
0
0
0
0
0
0
0
0
0
0
0
0
0
0
-4.7507
0
0
0
0
0
0
0
0
0
0
0
0
0
0
0
0
0
0
0
0
0
0
0
-0.98692
-0.97489
-0.96034
-0.95685
-0.97082
-0.97159
-0.95418
-0.96032
-0.95244
-0.94932
-0.95562
-0.97426
-0.91911
-0.91907
-0.99135
-0.97087
-0.92695
-0.99132
-0.95121
-0.93534
-0.93536
0
0
0
0
0
0
0
0
0
0
0
0
0
0
0
0
0
0
0
0
0
0
0
0
0
0
0
0
0
0
0
0
0
0
0
0
0
0
24.2113
0
0
0
0
0
0
0
0
0
0
0
0
0
0
0
0
0
0
0
0
0
0
0
0
0
0
0
0
0
0
0
0
0
0
0
0
0
0
-4.1032
0
0
0
0
0
0
0
0
0
0
0
0
0
0
0
0
0
0
0
0
0
0
0
0
0
0
-1.0745
-1.0633
-1.0557
-1.049
-1.0608
-1.0627
-1.0438
-1.0501
-1.042
-1.0389
-1.0452
-1.0565
-1.0082
-1.0081
-1.0807
-1.0558
-1.0164
-1.0806
-1.0418
-1.0252
-1.0252
0
0
0
0
0
0
0
0
0
0
0
0
0
0
0
0
0
0
0
0
0
0
0
0
0
0
0
0
0
0
0
0
0
0
0
0
0
0
0
21.9846
0
0
0
0
0
0
0
0
0
0
0
0
0
0
0
0
0
0
0
0
0
0
0
0
0
0
0
0
0
0
0
0
0
0
0
0
0
0
0
0
0
0
0
0
0
0
0
0
0
0
0
0
0
0
0
0
0
0
0
0
0
0
0
0
-1.0331
-1.022
-1.0145
-1.0078
-1.0194
-1.0212
-1.0025
-1.0087
-1.0007
-0.99762
-1.004
-1.0151
-0.96738
-0.96733
-1.0391
-1.0144
-0.97542
-1.0391
-1.0006
-0.98397
-0.98398
0
0
0
0
0
0
0
0
0
0
0
0
0
0
0
0
0
0
0
0
0
0
0
0
0
0
0
0
0
0
0
0
0
0
0
0
0
0
0
0
21.1179
0
0
0
0
0
0
0
0
0
0
0
0
0
0
0
0
0
0
0
0
0
0
0
0
0
0
0
0
0
0
0
0
0
0
0
0
0
0
0
0
0
0
0
0
0
0
0
0
0
0
0
0
0
0
0
0
0
0
0
0
0
0
0
-1.0823
-1.0711
-1.0635
-1.0567
-1.0686
-1.0705
-1.0515
-1.0578
-1.0496
-1.0465
-1.053
-1.0643
-1.0158
-1.0157
-1.0885
-1.0636
-1.024
-1.0884
-1.0496
0
0
0
0
0
0
0
0
0
0
0
0
0
0
0
0
0
0
0
0
0
0
0
0
0
0
0
0
0
0
0
0
0
0
0
0
0
0
0
0
0
0
0
20.081
0
0
0
0
0
0
0
0
0
0
0
0
0
0
0
0
0
0
0
0
0
0
0
0
0
0
0
0
0
0
0
0
0
0
0
0
0
0
0
0
0
0
0
0
0
0
0
0
0
0
0
0
0
0
0
0
0
0
0
0
0
0
-1.0441
-1.0325
-1.0244
-1.0166
-1.0301
-1.0299
-1.0134
-1.0195
-1.0116
-1.0086
-1.0151
-1.0316
-0.97797
-0.97791
0
0
-0.98644
0
0
0
0
0
0
0
0
0
0
0
0
0
0
0
0
0
0
0
0
0
0
0
0
0
0
0
0
0
0
0
0
0
0
0
0
0
0
0
0
0
0
0
0
0
0
18.6557
0
0
0
0
0
0
0
0
0
0
0
0
0
0
0
0
0
0
0
0
0
0
0
0
0
0
0
0
-3.4359
0
0
0
0
0
0
0
0
0
0
0
0
0
0
0
0
0
0
0
0
0
0
0
0
0
0
0
0
0
0
0
0
-1.1011
-1.089
-1.0814
-1.0744
-1.0894
-1.0703
-1.0723
-1.0787
-1.0705
-1.067
-1.0741
-1.087
-1.0361
-1.036
0
0
0
0
0
0
0
0
0
0
0
0
0
0
0
0
0
0
0
0
0
0
0
0
0
0
0
0
0
0
0
0
0
0
0
0
0
0
0
0
0
0
0
0
0
0
0
0
0
0
17.8695
0
0
0
0
0
0
0
0
0
0
0
0
0
0
0
0
0
0
0
0
0
0
0
0
0
-2.8423
0
0
0
0
0
0
0
0
0
0
0
0
0
0
0
0
0
0
0
0
0
0
0
0
0
0
0
0
0
0
0
0
0
0
-1.3406
-1.3289
-1.3221
-1.315
-1.3295
-1.3324
-1.312
-1.3186
-1.3099
-1.3069
-1.3132
0
-1.2741
-1.274
0
0
0
0
0
0
0
0
0
0
0
0
0
0
0
0
0
0
0
0
0
0
0
0
0
0
0
0
0
0
0
0
0
0
0
0
0
0
0
0
0
0
0
0
0
0
0
0
0
0
0
17.0774
0
0
0
0
0
0
0
0
0
0
0
0
0
0
0
0
0
0
0
0
0
0
0
0
0
0
0
0
0
0
0
0
0
0
0
0
0
0
0
0
0
0
0
0
0
0
0
0
0
0
0
0
0
0
0
0
0
0
0
-1.2521
-1.2596
-1.2345
-1.2286
-1.2442
-1.2463
-1.2268
-1.233
-1.2243
-1.2206
0
0
0
0
0
0
0
0
0
0
0
0
0
0
0
0
0
0
0
0
0
0
0
0
0
0
0
0
0
0
0
0
0
0
0
0
0
0
0
0
0
0
0
0
0
0
0
0
0
0
0
0
0
0
0
0
14.9027
0
0
0
0
0
0
0
0
0
0
0
0
0
-2.5328
0
0
0
0
0
0
0
0
0
0
0
0
0
0
0
0
0
0
0
0
0
0
0
0
0
0
0
0
0
0
0
0
0
0
0
0
0
0
0
0
0
0
0
0
-1.4266
-1.4119
-1.404
-1.4021
-1.4169
-1.4179
-1.3982
-1.4055
-1.397
0
0
0
0
0
0
0
0
0
0
0
0
0
0
0
0
0
0
0
0
0
0
0
0
0
0
0
0
0
0
0
0
0
0
0
0
0
0
0
0
0
0
0
0
0
0
0
0
0
0
0
0
0
0
0
0
0
0
17.3313
0
0
0
0
0
0
0
0
0
0
0
0
0
0
0
0
0
0
0
0
0
0
0
0
0
0
0
0
0
0
0
0
0
0
0
0
0
0
0
0
0
0
0
0
0
0
0
0
-4.6513
0
0
0
0
0
0
0
0
-1.4245
-1.4108
-1.4049
-1.3971
-1.4195
-1.4224
-1.4017
-1.4095
0
0
0
0
0
0
0
0
0
0
0
0
0
0
0
0
0
0
0
0
0
0
0
0
0
0
0
0
0
0
0
0
0
0
0
0
0
0
0
0
0
0
0
0
0
0
0
0
0
0
0
0
0
0
0
0
0
0
0
0
14.3065
0
0
0
0
0
0
0
0
0
0
0
0
0
0
0
0
0
0
0
0
0
0
0
0
0
0
0
0
-3.0161
0
0
0
0
0
0
0
0
0
0
0
0
0
0
0
0
0
0
0
0
0
0
0
0
0
0
0
-1.9525
0
0
0
-1.961
0
0
0
0
0
0
0
0
0
0
0
0
0
0
0
0
0
0
0
0
0
0
0
0
0
0
0
0
0
0
0
0
0
0
0
-1.8833
0
0
0
0
0
0
0
0
0
0
0
0
0
0
0
0
0
0
0
0
0
0
0
0
0
0
0
0
13.0396
0
0
0
0
0
0
0
0
0
0
0
0
0
-2.696
0
0
0
0
0
0
0
0
0
0
0
0
0
0
0
0
0
0
0
0
0
0
0
0
0
0
0
0
0
0
0
0
0
0
0
0
0
0
0
-4.5469
0
0
0
0
0
0
0
0
0
0
0
0
0
0
0
0
0
0
0
0
0
0
0
0
0
0
0
0
0
0
0
0
0
0
0
0
0
0
0
0
0
0
0
0
0
0
0
0
-2.2959
0
0
0
0
0
0
0
0
0
0
-2.269
0
0
0
0
0
0
0
0
0
0
0
17.01
0
0
0
0
0
0
0
0
0
0
0
-3.6976
0
0
0
0
0
0
0
0
0
0
0
0
0
0
0
0
0
0
0
0
0
0
0
0
0
0
0
0
0
0
0
0
-4.3738
0
0
0
0
0
-4.3738
0
0
0
-2.398
-2.3826
-2.3852
0
-2.4033
0
-2.3819
0
0
0
0
0
0
0
0
0
0
0
0
0
0
0
0
0
0
0
0
0
0
0
0
0
0
0
0
0
0
0
0
0
0
0
0
0
0
0
0
0
0
0
0
0
0
0
0
0
0
0
0
0
0
0
0
0
0
0
0
0
0
0
0
11.951
0
0
0
0
0
0
0
0
0
0
0
0
0
0
0
0
0
0
0
0
0
0
0
0
0
0
0
0
0
0
0
0
0
0
0
0
0
0
0
0
0
0
0
0
0
0
0
0
0
0
0
0
0
0
0
0
0
0
0
0
0
0
0
0
0
0
0
0
0
0
0
0
0
0
0
0
0
0
0
0
0
0
-2.9451
0
0
0
0
0
0
0
0
0
0
0
0
0
0
0
0
0
0
0
0
0
0
0
0
0
0
0
0
0
0
0
0
0
0
0
0
0
0
0
0
0
0
13.8275
0
-3.3309
0
0
0
0
0
0
0
-3.3731
0
0
0
0
0
0
0
0
0
0
0
0
0
-4.1784
0
0
0
0
0
0
0
0
0
0
0
0
0
0
0
0
0
0
0
0
0
0
0
0
0
0
0
0
0
-3.0825
0
0
0
0
0
0
0
0
0
0
0
0
0
0
0
0
0
0
0
0
0
0
0
0
0
0
0
0
0
-2.9719
0
0
0
0
0
0
0
0
0
0
0
0
0
0
0
0
0
0
0
0
0
0
0
0
0
0
0
0
0
0
0
0
0
0
0
0
0
0
0
0
0
9.6701
0
0
0
0
0
-2.9904
0
0
0
0
0
0
0
0
0
0
0
0
0
0
0
0
0
0
0
0
0
0
0
0
0
0
0
0
0
0
0
0
0
0
0
0
0
0
0
-0.62535
0
0
0
0
0
0
0
0
0
0
0
0
0
0
0
0
0
0
0
0
0
0
0
0
0
0
0
0
0
0
0
0
-2.7849
0
0
0
0
0
0
0
0
0
0
0
0
0
0
0
0
0
0
-2.7232
0
0
0
0
0
0
0
0
0
0
0
0
0
0
0
0
0
0
0
0
0
0
0
0
0
-3.3309
0
11.8306
0
0
0
0
0
0
0
0
0
-2.9917
0
0
0
0
0
0
0
0
0
0
0
0
0
0
0
0
0
0
0
0
0
0
0
0
0
0
0
0
0
0
0
0
0
0
0
0
0
0
0
0
-2.5066
0
0
0
0
0
0
0
0
0
0
0
0
0
0
0
0
0
0
0
0
0
0
0
0
0
0
0
0
0
0
0
0
0
0
0
0
0
0
0
0
0
0
-2.4208
0
0
0
0
0
0
0
0
0
0
0
0
0
0
0
0
0
0
0
0
0
0
0
0
0
0
0
0
0
0
0
11.9214
0
0
0
0
0
0
0
0
0
0
0
0
0
0
0
0
0
0
0
-3.0635
0
0
0
0
0
0
0
0
0
0
0
0
0
0
0
0
0
0
0
0
0
0
0
0
0
0
0
0
-3.9306
0
0
0
0
0
0
0
0
0
0
0
0
0
0
0
0
0
0
0
0
0
0
0
0
0
0
-3.0271
0
0
0
0
0
0
0
-3.0155
0
0
0
0
0
0
0
0
0
0
0
0
0
-2.946
0
0
0
0
0
0
0
0
0
0
0
0
0
0
0
0
0
0
0
0
0
0
0
0
0
0
0
10.5674
0
0
0
0
0
0
0
0
0
0
0
0
0
0
0
0
0
0
0
0
0
0
0
0
0
0
0
0
0
0
0
-1.5789
0
0
0
0
0
0
0
0
0
0
0
0
0
0
0
0
0
0
0
-2.0381
0
0
0
0
0
0
0
0
0
0
0
0
0
0
0
0
0
0
0
0
0
0
0
0
0
0
0
0
0
0
0
0
0
0
-2.0138
0
0
0
0
0
0
0
0
0
0
0
0
0
0
0
0
-2.0538
0
0
0
0
0
0
0
0
0
0
0
0
0
0
0
0
0
0
0
0
0
9.672
0
0
0
0
0
0
0
0
0
0
0
0
0
0
0
-3.5662
0
0
0
0
0
0
0
0
0
0
0
0
0
0
0
0
0
0
0
0
0
0
0
0
0
0
0
0
0
0
0
0
0
0
0
0
0
0
0
0
0
0
0
0
0
0
0
0
0
0
0
0
0
-3.2644
0
0
0
0
0
0
0
0
0
0
0
-3.2393
0
0
0
0
0
0
0
0
0
0
0
0
0
0
0
0
0
0
0
0
0
0
0
0
0
0
0
0
0
0
0
0
0
0
0
0
0
0
0
0
0
0
0
13.1571
0
0
0
0
0
0
0
-3.3372
0
0
0
0
0
0
0
-3.3162
0
0
0
0
0
0
0
0
0
0
0
0
0
0
0
0
0
0
0
0
0
0
0
0
0
0
0
0
0
0
0
0
0
0
0
0
0
0
0
0
0
0
0
0
0
0
0
0
0
0
0
0
0
-1.7065
0
0
0
0
0
0
0
0
0
0
0
0
0
0
0
0
0
0
0
0
0
0
0
0
0
0
0
0
0
0
0
0
0
0
0
0
0
0
0
0
0
0
0
0
0
0
0
0
0
-2.9904
0
0
0
0
0
11.4986
-2.5404
0
0
0
0
0
0
0
0
0
0
0
0
0
0
0
0
0
0
0
0
0
0
0
0
0
0
0
0
0
0
0
-4.2614
0
0
0
0
0
0
0
0
0
0
0
0
0
0
0
0
0
0
0
0
0
0
0
0
0
0
0
0
0
0
0
0
0
-2.9054
0
0
0
0
0
0
0
0
0
0
0
0
0
0
0
-2.8382
0
0
0
0
0
0
0
0
0
0
0
0
0
0
0
0
0
0
0
0
0
0
0
0
0
0
0
0
-2.5328
0
0
0
0
0
0
0
0
0
0
0
0
-2.5404
10.8168
0
0
0
0
0
0
0
0
0
0
0
0
0
0
0
0
0
0
0
0
0
0
0
0
0
0
0
0
0
0
0
0
0
0
0
0
0
0
0
0
0
0
0
0
0
0
0
0
0
0
0
0
0
0
-3.5018
0
0
0
0
0
0
0
0
0
0
-3.4733
0
0
0
0
0
0
0
0
0
0
0
0
0
0
0
0
0
0
0
0
0
0
0
0
0
0
0
0
0
0
0
0
0
0
0
0
0
0
0
0
0
0
0
0
0
0
0
0
0
0
0
0
0
0
0
0
0
0
0
11.663
0
0
0
0
0
0
0
0
0
0
0
0
0
0
0
0
0
0
-4.6879
0
0
0
0
0
0
0
0
0
0
0
0
0
0
0
0
0
0
0
0
0
0
0
0
0
0
0
0
0
0
0
0
0
0
0
0
0
0
0
0
0
0
0
0
0
0
0
0
0
0
0
0
0
0
0
0
0
0
0
0
0
0
0
0
0
0
0
0
0
0
0
0
0
0
0
0
0
0
-3.8301
0
0
0
0
0
0
0
0
0
0
0
0
0
0
0
-3.6976
0
-3.3731
0
0
0
0
0
0
0
0
0
10.9008
0
0
0
0
0
0
0
0
0
0
0
0
0
0
0
0
0
0
0
0
0
0
0
0
0
0
0
0
0
0
0
0
0
0
0
0
0
0
0
0
0
0
0
0
0
0
0
0
0
0
0
0
0
0
0
0
0
0
0
0
0
0
0
0
0
0
0
0
0
0
0
0
0
0
0
0
0
0
0
0
0
0
0
0
0
0
0
0
0
0
0
0
0
0
0
0
-0.647
0
0
0
0
0
0
0
0
0
0
0
0
0
0
-2.696
0
0
0
0
0
0
0
0
0
0
0
0
0
7.7165
0
0
0
0
0
0
0
0
0
0
0
0
0
0
0
0
0
0
0
0
0
0
0
0
0
0
0
0
0
0
0
0
0
0
0
0
-4.3735
0
0
0
0
0
0
0
0
0
0
0
0
0
0
0
0
0
0
0
0
0
0
0
0
0
-3.6509
0
0
0
0
0
0
0
0
0
0
0
0
0
0
0
0
-3.5836
0
0
0
0
0
0
0
0
0
0
0
0
0
0
0
0
0
0
0
0
0
0
0
0
0
0
0
0
0
0
0
0
0
0
0
-2.9917
0
0
0
0
0
0
0
0
0
10.2261
0
0
0
0
0
0
0
0
0
0
0
0
0
0
0
0
0
0
0
0
0
0
0
0
0
0
0
0
0
0
0
0
0
0
0
0
0
0
0
0
0
0
0
0
0
0
0
0
0
0
0
-5.1379
0
0
0
0
0
0
0
0
0
0
0
0
0
0
0
0
0
0
0
0
0
0
0
0
0
0
0
0
0
0
0
0
0
0
0
0
0
0
0
0
-4.7007
0
0
0
0
0
0
0
0
0
0
0
0
0
0
0
0
0
0
0
0
0
0
0
0
0
0
0
0
0
0
0
0
9.8386
0
0
0
0
0
0
0
0
0
0
0
0
0
0
0
0
0
0
0
0
0
0
0
0
0
0
0
0
0
0
0
0
0
0
0
0
0
0
0
0
0
0
0
0
0
0
0
0
0
0
0
0
0
0
0
0
0
0
0
0
0
0
0
0
0
0
0
0
0
0
0
0
0
0
0
0
0
0
0
0
0
0
0
0
0
0
0
0
0
0
0
0
0
0
0
0
0
0
0
0
0
0
0
0
0
0
0
0
0
0
0
0
0
0
0
0
0
-3.3372
0
0
0
0
0
0
0
7.8412
0
-4.504
0
0
0
0
0
0
0
0
0
0
0
0
0
0
0
0
0
0
0
0
0
0
0
0
0
0
0
0
0
0
0
0
0
0
0
0
0
0
0
0
0
0
0
0
0
0
0
0
0
0
0
-4.9381
0
0
0
0
0
0
0
0
0
0
0
0
0
0
0
0
0
0
0
0
0
0
0
0
0
0
0
0
0
0
0
0
0
0
0
0
0
0
0
0
0
-4.7672
0
0
0
0
0
0
0
0
0
0
0
0
0
0
0
0
0
0
0
0
0
0
0
0
0
0
0
0
0
9.7054
0
0
0
0
0
0
0
0
0
0
0
0
0
0
0
0
0
0
0
0
0
0
0
0
0
0
0
0
0
0
0
0
0
0
0
0
0
0
0
0
0
0
0
0
0
0
0
0
0
0
0
0
0
0
0
0
0
0
0
0
0
0
0
0
0
0
0
0
0
0
0
0
0
0
0
0
0
0
0
0
-4.2528
0
0
0
0
0
0
0
0
0
0
0
0
0
0
0
0
0
0
0
0
0
0
0
0
0
0
0
0
0
0
0
0
0
0
0
0
0
0
0
0
0
0
-4.504
0
8.7568
0
0
0
0
0
0
0
0
0
0
0
0
0
0
0
0
0
0
0
0
0
0
0
0
0
0
0
0
0
0
0
0
0
0
0
0
0
0
0
0
0
0
0
0
0
0
0
0
0
0
0
0
0
0
0
0
0
0
0
0
0
0
0
0
0
0
0
0
0
0
0
0
0
0
0
0
0
0
0
0
0
0
0
0
0
0
0
0
0
0
0
0
-4.6758
0
0
0
0
0
0
0
0
0
0
0
0
0
0
0
0
0
0
0
0
0
0
0
0
0
0
0
0
0
0
0
0
8.7397
0
0
0
0
0
0
-4.0639
0
0
0
0
0
0
0
0
0
0
0
0
0
0
0
0
0
0
0
0
0
0
0
0
0
0
0
0
0
0
0
0
0
-3.1083
0
0
0
0
0
0
0
0
0
0
0
0
0
0
0
0
0
0
0
0
0
0
0
0
0
0
0
0
0
0
0
0
0
0
0
0
0
0
0
0
0
0
0
0
0
0
0
0
0
0
0
0
0
0
0
0
0
0
-2.8423
0
0
0
0
0
0
0
0
0
0
0
0
0
0
0
0
0
0
0
0
0
0
0
0
0
5.9506
0
0
0
0
0
0
0
0
0
0
0
0
0
0
0
0
0
0
0
0
0
0
0
0
0
0
0
0
0
0
0
0
0
0
0
0
0
0
0
0
0
0
0
0
0
0
0
0
0
0
0
0
-4.2833
0
0
0
0
0
0
0
0
0
0
0
0
0
0
0
0
0
0
0
0
0
0
0
0
0
0
0
0
0
0
0
0
0
0
0
0
0
0
0
0
0
0
0
0
0
0
0
0
0
0
0
0
0
0
0
0
0
0
0
0
0
0
0
0
0
0
0
0
0
0
0
0
8.7602
0
0
-4.4769
0
0
0
0
0
0
0
0
0
0
0
0
0
0
0
0
0
0
0
0
0
0
0
0
0
0
0
0
0
0
0
0
0
0
0
0
0
0
0
0
0
0
0
0
0
0
0
0
0
0
0
0
0
0
0
0
-4.1725
0
0
0
0
0
0
0
0
0
0
0
0
0
0
0
0
0
0
0
0
0
0
0
0
0
0
0
0
0
0
0
0
0
0
0
0
-3.4359
0
0
0
0
0
0
0
0
0
0
0
0
0
0
0
0
0
0
0
0
0
0
0
0
0
0
0
0
7.6083
0
0
0
0
0
0
0
0
0
0
0
0
0
0
0
0
0
0
0
0
0
0
0
0
0
0
0
0
0
0
0
0
0
0
0
0
0
0
0
0
0
0
0
0
0
0
0
0
0
0
0
0
0
0
0
0
0
0
0
0
0
0
0
0
0
0
0
0
0
0
0
0
0
0
-1.9937
0
0
0
0
0
0
0
0
0
0
0
0
0
0
0
0
0
0
0
0
0
0
0
0
0
0
0
0
0
0
0
0
0
0
-3.5662
0
0
0
0
0
0
0
0
0
0
0
0
0
0
0
5.56
0
0
0
0
0
0
0
0
0
0
0
0
0
0
0
0
0
0
0
0
0
0
0
0
0
0
0
0
0
0
0
0
0
0
0
0
0
0
0
0
0
0
0
0
0
0
0
0
0
0
0
0
0
0
0
0
0
0
0
0
0
0
0
0
0
0
0
0
0
0
0
0
0
0
0
0
0
0
0
0
0
0
0
0
0
0
0
0
0
0
0
0
0
0
0
0
0
0
0
0
0
0
0
0
0
0
0
0
0
-3.3162
0
0
0
0
0
0
0
0
0
0
0
0
-4.4769
0
0
7.7931
0
0
0
0
0
0
0
0
0
0
0
0
0
0
0
0
0
0
0
0
0
0
0
0
0
0
0
0
0
0
0
0
0
0
0
0
0
0
0
0
0
0
0
0
0
0
0
0
0
0
0
0
0
0
0
0
0
0
-3.4985
0
0
0
0
0
0
0
0
0
0
0
0
0
0
0
0
0
0
0
0
0
0
0
0
0
0
0
0
0
0
0
0
0
0
0
0
0
0
0
0
0
0
0
0
0
0
-3.0635
0
0
0
0
0
0
0
0
0
0
0
0
0
0
0
0
0
0
0
6.562
0
0
0
0
0
0
0
0
0
0
0
0
0
0
0
0
0
0
0
0
0
0
0
0
0
0
0
0
0
0
0
0
0
0
0
0
0
0
0
0
0
0
0
0
0
0
0
0
0
0
0
0
0
0
0
0
0
0
0
0
0
0
0
0
0
0
0
0
0
0
0
0
0
0
0
0
0
0
0
0
0
0
0
0
0
0
0
0
0
0
0
0
0
0
0
0
0
0
0
0
0
-4.1784
0
0
0
0
0
0
0
0
0
0
0
0
0
0
0
0
-4.0639
0
0
0
0
0
0
8.2423
0
0
0
0
0
0
0
0
0
0
0
0
0
0
0
0
0
0
0
0
0
0
0
0
0
0
0
0
0
0
0
0
0
0
0
0
0
0
0
0
0
0
0
0
0
0
0
0
0
0
0
0
0
0
0
0
0
0
0
0
0
0
0
0
0
0
0
0
0
0
0
0
0
0
0
0
0
0
0
0
-3.125
0
0
0
0
0
0
0
0
0
0
0
0
0
0
0
-3.0161
0
0
0
0
0
0
0
0
0
0
0
0
0
0
0
0
0
0
0
0
0
0
0
0
0
0
0
0
6.1411
0
0
0
0
0
0
0
0
0
0
0
0
0
0
0
0
0
0
0
0
0
0
0
0
0
0
0
0
0
0
0
0
0
0
0
0
0
0
0
0
0
0
0
0
0
0
0
0
0
0
0
0
0
0
0
0
0
0
0
0
0
-4.7841
0
0
0
0
0
0
0
0
0
0
0
0
0
0
0
0
0
0
0
0
0
0
0
0
-4.1032
0
0
0
0
0
0
0
0
0
0
0
0
0
0
0
0
0
0
0
0
0
0
0
0
0
0
0
0
0
0
0
0
0
0
0
0
0
0
8.8873
0
0
0
0
0
0
0
0
0
0
0
0
0
0
0
0
0
0
0
0
0
0
0
0
0
0
0
0
-8.0664
0
0
0
0
0
0
0
0
0
0
0
0
0
0
0
0
0
0
0
0
0
0
0
0
0
0
0
0
0
0
0
0
0
0
0
0
0
0
0
0
0
0
0
0
0
0
0
0
0
0
0
0
0
0
0
0
0
0
0
0
0
0
0
0
0
0
0
0
0
0
0
0
0
0
0
0
0
0
0
0
0
0
0
0
0
0
0
0
0
0
0
0
0
0
0
0
8.0664
0
0
0
0
0
0
0
0
0
0
0
0
0
0
0
0
0
0
0
0
0
0
0
0
0
0
0
0
0
0
0
0
0
0
0
0
0
0
0
0
0
0
0
0
0
0
0
0
0
0
0
0
0
0
0
0
0
0
0
0
0
0
0
0
0
0
0
0
0
0
0
0
0
0
0
0
0
0
0
0
0
0
0
0
0
0
0
0
0
0
0
0
0
0
0
0
0
0
0
0
0
0
0
0
0
0
-4.6879
0
0
0
0
0
0
0
0
0
0
0
0
0
0
0
0
0
0
4.6879
0
0
0
0
0
0
0
0
0
0
0
0
0
0
0
0
0
0
0
0
0
0
0
0
0
0
0
0
0
0
0
0
0
0
0
0
0
0
0
0
0
0
0
0
0
0
0
0
0
0
0
0
0
0
0
0
0
0
0
0
0
0
0
0
0
0
0
0
0
0
0
0
0
0
0
0
0
0
0
0
0
0
-4.7507
0
0
0
0
0
0
0
0
0
0
0
0
0
0
0
0
0
0
0
0
0
0
0
0
0
0
0
0
0
0
0
0
0
0
0
0
0
0
0
0
0
0
4.7507
0
0
0
0
0
0
0
0
0
0
0
0
0
0
0
0
0
0
0
0
0
0
0
0
0
0
0
0
0
0
0
0
0
0
0
0
0
0
0
0
0
0
0
0
0
0
0
0
0
0
0
0
0
0
0
0
0
0
0
0
0
0
0
0
0
0
0
0
0
0
0
0
0
0
0
0
0
0
-5.6668
0
0
0
0
0
0
0
0
0
0
0
0
0
0
0
0
0
0
0
0
0
0
0
0
0
0
0
0
0
0
0
0
0
0
0
0
0
0
0
0
0
0
0
0
0
0
5.6668
0
0
0
0
0
0
0
0
0
0
0
0
0
0
0
0
0
0
0
0
0
0
0
0
0
0
0
0
0
0
0
0
0
0
0
0
0
0
0
0
0
0
0
0
0
0
-6.9797
0
0
0
0
0
0
0
0
0
0
0
0
0
0
0
0
0
0
0
0
0
0
0
0
0
0
0
0
0
0
0
0
0
0
0
0
0
0
0
0
0
0
0
0
0
0
0
0
0
0
0
0
0
0
0
0
0
0
0
0
0
0
0
0
0
0
0
0
0
0
0
0
0
0
0
0
0
0
6.9797
0
0
0
0
0
0
0
0
0
0
0
0
0
0
0
0
0
0
0
0
0
0
0
0
0
0
0
0
0
0
0
0
0
0
0
-7.6033
0
0
0
0
0
0
0
0
0
0
0
0
0
0
0
0
0
0
0
0
0
0
0
0
0
0
0
0
0
0
0
0
0
0
0
0
0
0
0
0
0
0
0
0
0
0
0
0
0
0
0
0
0
0
0
0
0
0
0
0
0
0
0
0
0
0
0
0
0
0
0
0
0
0
0
0
0
0
0
0
0
0
0
0
0
0
0
0
0
7.6033
0
0
0
0
0
0
0
0
0
0
0
0
0
0
0
0
0
0
0
0
0
0
0
0
0
0
0
0
0
0
0
0
0
0
0
0
0
0
0
0
0
0
0
0
0
0
0
0
0
0
0
0
0
0
0
0
0
0
0
0
0
0
0
0
0
0
0
0
0
0
0
0
0
0
0
0
0
-5.1904
0
0
0
0
0
0
0
0
0
0
0
0
0
0
0
0
0
0
0
0
0
0
0
0
0
0
0
0
0
0
0
0
0
0
0
0
0
0
0
0
0
0
0
0
0
0
0
5.1904
0
0
0
0
0
0
0
0
0
0
0
0
0
0
0
0
0
0
0
0
-8.7449
0
0
0
0
0
0
0
0
0
0
0
0
0
0
0
0
0
0
0
0
0
0
0
0
0
0
0
0
0
0
0
0
0
0
0
0
0
0
0
0
0
0
0
0
0
0
0
0
0
0
0
0
0
0
0
0
0
0
0
0
0
0
0
0
0
0
0
0
0
0
0
0
0
0
0
0
0
0
0
0
0
0
0
0
0
0
0
0
0
0
0
0
0
0
0
0
0
0
0
0
0
0
0
0
8.7449
0
0
0
0
0
0
0
0
0
0
0
0
0
0
0
0
0
0
0
0
0
0
0
0
0
0
0
0
0
0
0
0
0
0
0
0
0
0
0
0
0
0
0
0
0
0
0
-6.2853
0
0
0
0
0
0
0
0
0
0
0
0
0
0
0
0
0
0
0
0
0
0
0
0
0
0
0
0
0
0
0
0
0
0
0
0
0
0
0
0
0
0
0
0
0
0
0
0
0
0
0
0
0
0
0
0
0
0
0
0
0
0
0
0
0
0
0
0
0
0
0
0
0
0
0
0
0
6.2853
0
0
0
0
0
0
0
0
0
0
0
0
0
0
0
0
0
0
0
0
0
0
0
0
0
0
0
0
0
0
0
0
0
0
0
0
0
0
0
0
0
0
0
0
0
0
0
0
0
0
0
0
0
0
0
0
0
0
0
0
0
0
0
0
0
0
0
0
0
0
0
0
0
0
0
0
0
0
0
0
0
0
0
0
0
0
0
0
0
0
0
0
0
-1.5789
0
0
0
0
0
0
0
0
0
0
0
0
0
0
0
0
0
0
0
0
0
0
0
0
0
0
0
0
0
0
0
1.5789
0
0
0
0
0
0
0
0
0
0
0
0
0
0
0
0
0
0
0
0
0
0
0
0
0
0
0
0
0
0
0
0
0
0
0
0
0
0
0
0
0
0
0
0
0
0
0
0
0
0
0
0
0
0
0
0
0
0
0
0
0
0
0
0
0
0
0
-5.532
0
0
0
0
0
0
0
0
0
0
0
0
0
0
0
0
0
0
0
0
0
0
0
0
0
0
0
0
0
0
0
0
0
0
0
0
0
0
0
0
0
0
0
0
0
0
0
0
0
0
0
0
0
0
0
0
0
5.532
0
0
0
0
0
0
0
0
0
0
0
0
0
0
0
0
0
0
0
0
0
0
0
0
0
0
0
0
0
0
0
0
0
0
0
0
0
0
0
0
0
0
0
0
0
0
0
0
0
0
0
0
0
0
0
0
0
0
0
0
0
0
0
0
0
0
0
0
0
0
0
0
-5.1904
0
0
0
0
0
0
0
0
0
0
0
0
0
0
0
0
0
0
0
0
0
0
0
0
0
0
0
0
0
0
0
0
0
0
0
0
0
0
0
0
0
0
0
0
0
0
0
0
0
0
0
0
5.1904
0
0
0
0
0
0
0
0
0
0
0
0
0
0
0
0
0
0
0
0
0
0
0
0
0
0
0
0
0
0
0
0
0
0
0
0
0
0
0
-6.9788
0
0
0
0
0
0
0
0
0
0
0
0
0
0
0
0
0
0
0
0
0
0
0
0
0
0
0
0
0
0
0
0
0
0
0
0
0
0
0
0
0
0
0
0
0
0
0
0
0
0
0
0
0
0
0
0
0
0
0
0
0
0
0
0
0
0
0
0
0
0
0
0
0
0
0
0
0
0
0
0
0
0
0
0
0
6.9788
0
0
0
0
0
0
0
0
0
0
0
0
0
0
0
0
0
0
0
0
0
0
0
0
0
0
0
0
0
0
0
0
0
0
0
0
0
0
0
0
0
0
0
0
0
0
0
0
0
0
0
0
0
0
0
0
0
0
0
0
0
0
0
0
0
0
0
0
0
0
0
0
0
0
0
0
0
0
0
0
0
0
0
0
0
0
0
0
0
0
0
0
-4.2614
0
0
0
0
0
0
0
0
0
0
0
0
0
0
0
0
0
0
0
0
0
0
0
0
0
0
0
0
0
0
0
0
4.2614
0
0
0
0
0
0
0
0
0
0
0
0
0
0
0
0
0
0
0
0
0
0
0
0
0
0
0
0
0
0
0
0
0
0
0
0
0
0
0
0
0
0
0
0
0
0
0
0
0
0
0
0
0
0
0
0
0
0
0
0
0
0
0
0
0
0
0
-5.6668
0
0
0
0
0
0
0
0
0
0
0
0
0
0
0
0
0
0
0
0
0
0
0
0
0
0
0
0
0
0
0
0
0
0
0
0
0
0
0
0
0
0
0
0
0
0
0
0
0
0
0
0
0
0
0
0
0
5.6668
0
0
0
0
0
0
0
0
0
0
0
-8.7708
0
0
0
0
0
0
0
0
0
0
0
0
0
0
0
0
0
0
0
0
0
0
0
0
0
0
0
0
0
0
0
0
0
0
0
0
0
0
0
0
0
0
0
0
0
0
0
0
0
0
0
0
0
0
0
0
0
0
0
0
0
0
0
0
0
0
0
0
0
0
0
0
0
0
0
0
0
0
0
0
0
0
0
0
0
0
0
0
0
0
0
0
0
0
0
0
0
0
0
0
0
0
0
0
0
0
0
0
0
0
0
0
0
8.7708
0
0
0
0
0
0
0
0
0
0
0
0
0
0
0
0
0
0
0
0
0
0
0
0
0
0
0
0
0
0
0
0
0
0
0
0
0
0
0
0
0
0
0
0
0
0
0
0
0
0
0
0
0
0
0
0
0
0
0
0
0
0
0
0
0
0
0
0
0
0
0
0
0
0
0
0
0
0
0
0
-4.3738
0
0
0
0
0
0
0
0
0
0
0
0
0
0
0
0
0
0
0
0
0
0
0
0
0
0
0
0
0
0
0
0
0
0
0
0
0
0
0
0
0
0
0
0
4.3738
0
0
0
0
0
0
0
0
0
0
0
0
0
0
0
0
0
0
0
0
0
0
0
0
0
0
0
0
0
0
0
0
0
0
0
0
0
0
0
0
0
0
0
0
0
0
0
0
0
0
0
0
0
0
0
0
0
0
0
0
0
0
0
0
0
0
0
0
0
0
0
0
0
0
0
0
-4.6513
0
0
0
0
0
0
0
0
0
0
0
0
0
0
0
0
0
0
0
0
0
0
0
0
0
0
0
0
0
0
0
0
0
0
0
0
0
0
0
0
0
0
0
0
0
0
0
0
4.6513
0
0
0
0
0
0
0
0
0
0
0
0
0
0
0
0
0
0
0
0
0
0
0
0
0
0
0
0
0
0
0
0
0
0
0
0
0
0
0
0
0
0
0
0
0
0
0
0
0
0
0
0
0
0
0
0
0
0
0
0
0
0
0
0
-5.3555
0
0
0
0
0
0
0
0
0
0
0
0
0
0
0
0
0
0
0
0
0
0
0
0
0
0
0
0
0
0
0
0
0
0
0
0
0
0
0
0
0
0
0
0
0
0
0
0
0
0
0
0
0
0
0
0
0
0
0
0
5.3555
0
0
0
0
0
0
0
0
0
0
-8.2472
0
0
0
0
0
0
0
0
0
0
0
0
0
0
0
0
0
0
0
0
0
0
0
0
0
0
0
0
0
0
0
0
0
0
0
0
0
0
0
0
0
0
0
0
0
0
0
0
0
0
0
0
0
0
0
0
0
0
0
0
0
0
0
0
0
0
0
0
0
0
0
0
0
0
0
0
0
0
0
0
0
0
0
0
0
0
0
0
0
0
0
0
0
0
0
0
0
0
0
0
0
0
0
0
0
0
0
0
0
0
0
0
0
0
8.2472
0
0
0
0
0
0
0
0
0
0
0
0
0
0
0
0
0
0
0
0
0
0
0
0
0
0
0
0
0
0
0
0
0
0
0
0
0
0
0
0
0
0
0
0
0
0
0
0
0
0
0
0
0
0
0
0
0
0
0
0
0
0
0
0
0
0
0
0
0
0
0
0
0
0
0
0
0
0
0
-0.62535
0
0
0
0
0
0
0
0
0
0
0
0
0
0
0
0
0
0
0
0
0
0
0
0
0
0
0
0
0
0
0
0
0
0
0
0
0
0
0
0
0
0
0
0
0
0.62535
0
0
0
0
0
0
0
0
0
0
0
0
0
0
0
0
0
0
0
0
0
0
0
0
0
0
0
0
0
0
0
0
0
0
0
0
0
0
0
0
0
0
0
0
0
0
0
0
0
0
0
0
0
0
0
0
0
0
0
0
0
0
0
0
0
0
0
0
0
0
0
0
0
0
0
0
0
0
0
0
0
0
0
0
0
0
0
0
-4.3735
0
0
0
0
0
0
0
0
0
0
0
0
0
0
0
0
0
0
0
0
0
0
0
0
0
0
0
0
0
0
0
0
0
0
0
0
4.3735
0
0
0
0
0
0
0
0
0
0
0
0
0
0
0
0
0
0
0
0
0
0
0
0
0
0
0
0
0
0
0
0
0
0
0
0
0
0
0
0
0
0
0
0
0
0
0
0
0
0
0
0
0
0
0
0
0
0
0
0
0
0
0
0
0
0
0
0
0
0
0
0
0
0
-4.3738
0
0
0
0
0
0
0
0
0
0
0
0
0
0
0
0
0
0
0
0
0
0
0
0
0
0
0
0
0
0
0
0
0
0
0
0
0
0
0
0
0
0
0
0
0
0
0
0
0
0
4.3738
0
0
0
0
0
0
0
0
0
0
0
0
0
0
0
0
0
0
0
0
-7.6032
0
0
0
0
0
0
0
0
0
0
0
0
0
0
0
0
0
0
0
0
0
0
0
0
0
0
0
0
0
0
0
0
0
0
0
0
0
0
0
0
0
0
0
0
0
0
0
0
0
0
0
0
0
0
0
0
0
0
0
0
0
0
0
0
0
0
0
0
0
0
0
0
0
0
0
0
0
0
0
0
0
0
0
0
0
0
0
0
0
0
0
0
0
0
0
0
0
0
0
0
0
0
0
0
7.6032
0
0
0
0
0
0
0
0
0
0
0
0
0
0
0
0
0
0
0
0
0
0
0
0
0
0
0
0
0
0
0
0
0
0
0
0
0
0
0
0
0
0
0
0
0
0
0
0
0
0
0
0
0
0
0
0
0
0
0
0
0
0
0
0
0
0
0
0
0
0
0
-4.5469
0
0
0
0
0
0
0
0
0
0
0
0
0
0
0
0
0
0
0
0
0
0
0
0
0
0
0
0
0
0
0
0
0
0
0
0
0
0
0
0
0
0
0
0
0
0
0
0
0
0
0
0
0
4.5469
0
0
0
0
0
0
0
0
0
0
0
0
0
0
0
0
0
0
0
0
0
0
0
0
0
0
0
0
0
0
0
0
0
0
0
0
0
0
0
0
0
0
0
0
0
0
0
0
0
0
0
0
0
0
0
0
0
0
0
0
0
0
0
0
0
0
0
0
0
0
0
0
0
0
0
0
-3.9306
0
0
0
0
0
0
0
0
0
0
0
0
0
0
0
0
0
0
0
0
0
0
0
0
0
0
0
0
0
0
0
0
0
0
0
0
0
0
0
0
0
0
0
0
0
0
0
0
3.9306
