0.8096791505813599
0.34756654500961304
-0.035833150148391724
0.014912232756614685
0.10658924281597137
0.06741081178188324
0.08764603734016418
0.13604961335659027
0.17063120007514954
0.20032548904418945
0.2388242781162262
0.2785286605358124
0.2799297273159027
0.19441458582878113
0.1714668571949005
0.20334425568580627
0.17086586356163025
0.18540966510772705
0.16664224863052368
0.19710835814476013
0.14060285687446594
0.18321442604064941
0.16758683323860168
0.036590367555618286
-0.25522005558013916
-0.23790809512138367
-0.3600696921348572
-0.32862770557403564
-0.403282105922699
-0.4540555477142334
-0.57939612865448
-0.5665459632873535
-0.7525863647460938
-1.0081472396850586
-1.5632188320159912
-1.9347774982452393
-2.133307456970215
-2.289456844329834
-2.3356523513793945
-2.7626218795776367
-2.8778927326202393
-3.0553243160247803
-3.722769021987915
-3.895660400390625
-4.076761245727539
-4.4598588943481445
-4.6411452293396
-4.637614727020264
-4.782989978790283
-4.7911553382873535
-5.18979549407959
-5.661527633666992
-5.960440635681152
-6.157156467437744
-6.268431663513184
-6.412314414978027
-6.448906898498535
-6.568138122558594
-6.576425552368164
-6.647999286651611
-6.819425582885742
-6.8156585693359375
-6.850802421569824
-6.896916389465332
-6.859463214874268
-6.873464584350586
-6.85464334487915
-6.876197338104248
-6.877558708190918
-6.881469249725342
-6.894047260284424
-6.89739990234375
-6.912162780761719
0.24098284542560577
