1.0612082481384277
0.7452239990234375
0.65586918592453
0.6926014423370361
0.6316921710968018
0.5251693725585938
0.5684845447540283
0.5929897427558899
0.5806626081466675
0.5753591060638428
0.6348404884338379
0.6603943109512329
0.6853551268577576
0.6863157153129578
0.6842924356460571
0.6635726690292358
0.5797015428543091
0.6329281330108643
0.587542712688446
0.631266713142395
0.6117721796035767
0.7382065057754517
0.9558618068695068
0.8464884757995605
0.6516991853713989
0.8283666372299194
0.6587746143341064
0.6220012307167053
0.7050434350967407
0.6201026439666748
0.8121042847633362
0.8854436278343201
0.9802230596542358
1.060456395149231
0.8802103996276855
1.0053508281707764
1.0485925674438477
1.118519902229309
1.1442656517028809
0.8977549076080322
0.981633186340332
1.04506516456604
1.0268638134002686
1.0181041955947876
1.058738350868225
0.970566987991333
0.7283213138580322
0.8811511397361755
1.067632794380188
1.525162935256958
0.6661587953567505
-1.0416890382766724
-2.85142183303833
-5.3669328689575195
-7.221166133880615
-8.186994552612305
-8.276894569396973
-8.434895515441895
-8.450542449951172
-8.49708366394043
-8.879705429077148
-8.895941734313965
-8.991198539733887
-9.032761573791504
-8.897640228271484
-8.92633056640625
-8.898509979248047
-9.007308006286621
-8.996511459350586
-8.995426177978516
-8.992984771728516
-8.980754852294922
-8.990642547607422
0.5451144576072693
