2.751608371734619
-13.101874351501465
-11.922955513000488
-11.695597648620605
-11.057621002197266
-11.02013874053955
-11.019721984863281
-11.006853103637695
-10.952641487121582
-10.907032012939453
-10.870935440063477
-10.738067626953125
-10.750417709350586
-10.812255859375
-10.789380073547363
-10.816242218017578
-10.801324844360352
-10.832710266113281
-10.872591972351074
-10.963129043579102
-11.072395324707031
-11.042004585266113
-11.112546920776367
-11.171894073486328
-11.354142189025879
-11.316208839416504
-11.394639015197754
-11.34531021118164
-11.331930160522461
-11.294346809387207
-11.3068208694458
-11.187088966369629
-11.243751525878906
-11.255516052246094
-11.234685897827148
-11.133404731750488
-11.182062149047852
-11.259638786315918
-11.27116584777832
-11.216085433959961
-11.149648666381836
-11.053335189819336
-10.924956321716309
-10.925077438354492
-10.874252319335938
-10.920401573181152
-10.950782775878906
-10.926250457763672
-10.932952880859375
-10.900407791137695
-10.892206192016602
-10.91807746887207
-10.965785026550293
-10.981221199035645
-11.027355194091797
-11.020294189453125
-10.993175506591797
-11.005105972290039
-10.998530387878418
-10.991630554199219
-10.980321884155273
-10.974518775939941
-10.978200912475586
-10.958524703979492
-10.95635986328125
-10.955246925354004
-10.948413848876953
-10.943187713623047
-10.939912796020508
-10.936391830444336
-10.933854103088379
-10.932811737060547
-10.927200317382812
-10.921030044555664
