0.7895921468734741
0.3527824878692627
0.2713625431060791
0.28390684723854065
0.3065807819366455
0.23045745491981506
0.23652398586273193
0.2717934250831604
0.27773499488830566
0.27452215552330017
0.2960650324821472
0.3123164474964142
0.3142218589782715
0.29897597432136536
0.27341586351394653
0.28579992055892944
0.27434268593788147
0.29058459401130676
0.26792004704475403
0.2897501587867737
0.2681605815887451
0.2847610116004944
0.3459855318069458
0.26048922538757324
0.08296206593513489
0.14869165420532227
0.11856958270072937
0.14720410108566284
0.14125379920005798
0.07013827562332153
0.026583969593048096
0.004925370216369629
-0.03940454125404358
-0.09552876651287079
-0.2622275948524475
-0.3922988474369049
-0.42231959104537964
-0.524416983127594
-0.43959930539131165
-0.6494002342224121
-0.555117130279541
-0.45497211813926697
-0.8942763805389404
-1.1199917793273926
-1.7342967987060547
-3.1170949935913086
-4.088318824768066
-4.723386764526367
-5.189192771911621
-5.280345916748047
-5.501458644866943
-5.74172830581665
-5.936434268951416
-6.03419303894043
-5.996270656585693
-6.012881755828857
-5.9839606285095215
-5.996937274932861
-5.959184646606445
-5.822142601013184
-5.8875226974487305
-5.900331497192383
-5.945294380187988
-6.035109519958496
-6.021495342254639
-6.058949947357178
-6.066856384277344
-6.112664222717285
-6.118752479553223
-6.126025199890137
-6.131455898284912
-6.127410888671875
-6.141325950622559
0.2707119584083557
