1.0127761363983154
0.668751060962677
0.5787473917007446
0.5994536876678467
0.5213764309883118
0.4165416359901428
0.45643314719200134
0.48269224166870117
0.46957913041114807
0.4698871374130249
0.5200024843215942
0.5354295969009399
0.5557321906089783
0.5563439130783081
0.547861635684967
0.5318756103515625
0.45296213030815125
0.5031841993331909
0.43969881534576416
0.4903644025325775
0.47290241718292236
0.577226459980011
0.7938815355300903
0.6935782432556152
0.509759783744812
0.6709280014038086
0.5176717638969421
0.48830723762512207
0.5751659870147705
0.5112209916114807
0.6864997744560242
0.7918540835380554
0.8856367468833923
0.9538089632987976
0.7907586693763733
0.8773636817932129
0.9234816431999207
0.9717168807983398
1.0316966772079468
0.7610293030738831
0.829626739025116
0.9222549200057983
0.8938036561012268
0.920167863368988
0.9024739861488342
0.7170746922492981
0.5443550944328308
0.7785998582839966
0.8330239653587341
0.822989821434021
-1.0540823936462402
-3.188563346862793
-5.1001505851745605
-6.937171936035156
-7.796048641204834
-7.992159843444824
-7.781755447387695
-7.777036190032959
-7.794933319091797
-7.805486679077148
-8.086400985717773
-8.103653907775879
-8.187017440795898
-8.249658584594727
-8.149700164794922
-8.16514778137207
-8.12797737121582
-8.197486877441406
-8.186508178710938
-8.183819770812988
-8.188992500305176
-8.179879188537598
-8.190540313720703
0.43475067615509033
