0.9592000246047974
0.9587299823760986
0.9577699899673462
0.9579300284385681
0.9577599763870239
0.9578400254249573
0.9576200246810913
0.9579499959945679
0.9579399824142456
0.9576799869537354
0.9581500291824341
0.9578099846839905
0.957610011100769
0.9576900005340576
0.9575700163841248
0.9575700163841248
0.9574099779129028
0.9567599892616272
0.9563300013542175
0.9570900201797485
0.957099974155426
0.9590799808502197
0.9595699906349182
0.9591799974441528
0.9584199786186218
0.9579399824142456
0.9558500051498413
0.9558600187301636
0.9569799900054932
0.9558500051498413
0.957069993019104
0.9586700201034546
0.9566799998283386
0.9585999846458435
0.9576500058174133
0.9615300297737122
0.9580199718475342
0.9582899808883667
0.9582899808883667
0.9580199718475342
0.9580100178718567
0.9580399990081787
0.9554399847984314
0.9563999772071838
0.9563999772071838
0.9553200006484985
0.9564999938011169
2.3259999752044678
-10.0
-10.0
-10.0
-10.0
-10.0
-10.0
-10.0
-10.0
-10.0
-10.0
-10.0
-10.0
-10.0
-10.0
-10.0
-10.0
-10.0
-10.0
-10.0
-10.0
-10.0
-10.0
-10.0
-10.0
-10.0
0.959309995174408
