60.8047
-0.94137
-0.93885
-0.94318
-0.93939
-0.94438
-0.9388
-0.942
-0.93985
-0.93917
-0.94106
-0.93994
-0.93801
-0.93973
-0.93933
-0.93934
-0.93819
-0.93734
-0.93828
-0.9385
-0.93851
-0.94216
-0.93941
-0.94092
-0.93979
-0.93979
-0.93862
-0.9362
-0.9362
-0.93822
-0.93619
-0.93641
-0.93825
-0.93745
-0.93822
-0.93501
-0.94379
-0.94017
-0.94099
-0.94466
-0.94016
-0.94018
-0.94018
-0.93494
-0.93467
-0.93467
-0.93262
-0.93737
-0.94267
-0.94608
-0.95044
-0.93175
-0.93177
-0.93619
-0.94005
-0.95938
-0.93826
-0.96119
-0.96632
0
-1.0763
-1.1523
0
0
0
0
0
-1.2849
0
0
0
0
0
0
0
-2.7546
0
0
0
0
0
0
0
0
0
0
0
0
0
0
0
0
0
0
0
0
0
0
0
0
0
0
0
0
0
0
0
0
0
0
0
0
0
0
0
0
0
0
-0.94137
59.9264
-0.93744
-0.94162
-0.93811
-0.94301
-0.93745
-0.94048
-0.93836
-0.93778
-0.93948
-0.93844
-0.93766
-0.93824
-0.93781
-0.93782
-0.93688
-0.93582
-0.93691
-0.93713
-0.93714
-0.94073
-0.94047
-0.93938
-0.93826
-0.93826
-0.93762
-0.93483
-0.93483
-0.93667
-0.93483
-0.93506
-0.9346
-0.93607
-0.93663
-0.93339
-0.94422
-0.93877
-0.93949
-0.94332
-0.93877
-0.93877
-0.93876
-0.93361
-0.93334
-0.93335
-0.93131
-0.93604
-0.94125
-0.94464
-0.94887
-0.93034
-0.93034
-0.93476
-0.93865
-0.95794
-0.93657
-0.95961
-0.9668
0
-1.0744
-1.1513
0
0
0
0
0
0
0
-0.97288
0
0
0
0
0
0
0
0
0
0
0
0
0
0
0
-2.2676
0
0
0
0
0
0
0
0
0
0
0
0
0
0
0
0
0
0
0
0
0
0
0
0
0
0
0
0
0
0
0
0
-0.93885
-0.93744
58.5108
-0.93904
-0.93552
-0.94032
-0.93493
-0.93781
-0.93578
-0.93529
-0.93685
-0.93586
-0.93518
-0.93559
-0.93527
-0.93527
-0.9343
-0.93328
-0.93446
-0.93469
-0.9347
-0.9379
-0.93798
-0.93686
-0.93575
-0.93575
-0.93512
-0.93241
-0.9324
-0.9341
-0.9324
-0.93257
-0.93406
-0.93425
-0.93417
-0.93165
-0.94174
-0.93634
-0.93704
-0.94039
-0.93633
-0.93633
-0.93633
-0.93112
-0.93083
-0.93082
-0.92878
-0.93349
-0.93872
-0.9421
-0.94638
-0.92783
-0.92782
-0.93223
-0.93612
-0.95536
-0.93406
-0.95703
-0.96403
0
-1.0718
-1.1487
0
0
0
0
0
0
0
0
0
0
0
0
0
0
0
0
0
0
0
0
0
0
0
0
0
0
-1.9712
0
0
0
0
0
0
0
0
0
0
0
0
0
0
0
0
0
0
0
0
0
0
0
0
0
0
0
0
0
-0.94318
-0.94162
-0.93904
60.3459
-0.93975
-0.94467
-0.93901
-0.94202
-0.94001
-0.93952
-0.94082
-0.93999
-0.93939
-0.93942
-0.93932
-0.93933
-0.93853
-0.9373
-0.93851
-0.93873
-0.93873
-0.94167
-0.94239
-0.94084
-0.9397
-0.93969
-0.93915
-0.93644
-0.93644
-0.93815
-0.93644
-0.93676
-0.938
-0.93765
-0.93792
-0.93444
-0.94609
-0.94038
-0.94103
-0.94486
-0.94039
-0.94039
-0.94039
-0.93517
-0.9349
-0.9349
-0.93286
-0.93788
-0.94284
-0.94627
-0.95048
-0.93192
-0.93192
-0.93635
-0.94031
-0.95964
-0.93806
-0.96135
-0.96803
0
-1.0765
-1.1536
0
0
0
0
0
0
0
0
0
0
0
0
0
0
0
0
0
0
0
0
0
0
0
0
0
0
0
0
0
0
0
0
0
0
-3.5647
0
0
0
0
0
0
0
0
0
0
0
0
0
0
0
0
0
0
0
0
0
-0.93939
-0.93811
-0.93552
-0.93975
58.8277
-0.94107
-0.93547
-0.93854
-0.93649
-0.93584
-0.93768
-0.93654
-0.93574
-0.93647
-0.93594
-0.93594
-0.93289
-0.93394
-0.93495
-0.9352
-0.93519
-0.93859
-0.9386
-0.93753
-0.93641
-0.93642
-0.93562
-0.9329
-0.93291
-0.93484
-0.93291
-0.93316
-0.93486
-0.93417
-0.93483
-0.93165
-0.94229
-0.93684
-0.93754
-0.94137
-0.93683
-0.93684
-0.93684
-0.93162
-0.93135
-0.93134
-0.92931
-0.93407
-0.93919
-0.94256
-0.94687
-0.9283
-0.92829
-0.93268
-0.9365
-0.95589
-0.93467
-0.95756
-0.96464
0
-1.0721
-1.149
0
0
0
0
0
0
0
0
0
0
0
0
0
0
0
0
0
0
0
0
0
0
0
0
-2.257
0
0
0
0
0
0
0
0
0
0
0
0
0
0
0
0
0
0
0
0
0
0
0
0
0
0
0
0
0
0
0
-0.94438
-0.94301
-0.94032
-0.94467
-0.94107
60.8769
-0.93976
-0.9429
-0.94069
-0.94034
-0.94146
-0.94072
-0.94022
-0.93995
-0.94004
-0.94003
-0.93935
-0.93802
-0.93933
-0.93956
-0.93955
-0.94327
-0.94316
-0.94148
-0.94035
-0.94037
-0.93989
-0.93724
-0.93726
-0.93881
-0.93725
-0.93754
-0.93868
-0.93843
-0.93887
-0.935
-0.94694
-0.94121
-0.94177
-0.94561
-0.94121
-0.94121
-0.94121
-0.93598
-0.93572
-0.93572
-0.93368
-0.93865
-0.94365
-0.94748
-0.95145
-0.93274
-0.93275
-0.93717
-0.94116
-0.96055
-0.93861
-0.96227
-0.9682
0
0
0
0
0
0
0
0
0
0
0
0
0
0
-1.0299
-1.5436
0
0
0
0
0
0
0
0
0
0
0
0
0
0
0
0
0
0
0
0
0
0
0
0
0
0
0
0
0
0
0
-3.7055
0
0
0
0
0
0
0
0
0
0
0
-0.9388
-0.93745
-0.93493
-0.93901
-0.93547
-0.93976
55.6289
-0.93727
-0.93536
-0.93504
-0.93609
-0.93566
-0.93491
-0.93497
-0.93496
-0.93497
-0.93401
-0.93299
-0.93417
-0.93439
-0.93439
-0.93753
-0.93776
-0.93654
-0.93543
-0.93542
-0.93482
-0.93209
-0.9321
-0.93378
-0.9321
-0.93223
-0.93352
-0.93329
-0.93391
-0.93061
-0.94141
-0.93602
-0.93672
-0.94054
-0.93601
-0.93602
-0.93602
-0.93082
-0.93055
-0.93055
-0.92853
-0.93318
-0.93844
-0.94219
-0.94625
-0.92755
-0.92755
-0.93197
-0.93587
-0.95514
-0.9339
-0.95682
-0.96401
0
0
0
0
0
0
0
-1.3271
0
0
0
0
0
0
0
0
0
0
0
0
0
0
0
0
0
0
0
0
0
0
0
0
0
0
0
0
0
0
0
0
0
0
0
0
0
0
0
0
0
0
0
0
0
0
0
0
0
0
0
-0.942
-0.94048
-0.93781
-0.94202
-0.93854
-0.9429
-0.93727
58.5196
-0.93816
-0.93771
-0.93862
-0.93805
-0.93759
-0.9374
-0.9374
-0.9374
-0.93675
-0.9354
-0.93673
-0.93694
-0.93696
-0.9397
-0.94057
-0.93888
-0.93775
-0.93775
-0.93743
-0.93463
-0.93464
-0.9362
-0.93464
-0.93493
-0.93615
-0.93584
-0.93601
-0.93247
-0.94433
-0.93859
-0.93908
-0.94303
-0.93858
-0.93858
-0.93859
-0.93339
-0.9331
-0.9331
-0.93108
-0.93606
-0.94106
-0.94489
-0.94871
-0.93015
-0.93016
-0.93458
-0.93857
-0.95795
-0.93597
-0.95964
0
0
0
0
0
0
-1.3697
0
0
0
0
0
0
0
0
0
0
0
0
0
0
0
0
0
0
0
0
0
0
0
0
0
0
0
0
0
0
0
0
0
0
0
0
0
0
0
0
0
0
0
0
0
-3.667
0
0
0
0
0
0
0
-0.93985
-0.93836
-0.93578
-0.94001
-0.93649
-0.94069
-0.93536
-0.93816
57.6528
-0.93585
-0.93674
-0.9362
-0.9357
-0.93543
-0.93558
-0.93558
-0.93487
-0.93359
-0.93488
-0.9351
-0.9351
-0.93791
-0.93859
-0.93711
-0.93598
-0.93599
-0.9355
-0.93281
-0.9328
-0.9344
-0.93282
-0.93308
-0.93419
-0.93399
-0.93424
-0.93072
-0.94235
-0.93676
-0.93735
-0.94121
-0.93674
-0.93675
-0.93675
-0.93156
-0.93127
-0.93127
-0.92924
-0.9342
-0.9392
-0.94302
-0.9468
-0.92832
-0.92832
-0.93274
-0.93673
-0.95607
-0.93449
-0.95775
-0.96461
0
0
0
0
0
0
0
0
0
0
0
0
0
0
0
0
0
0
0
0
0
0
0
0
0
0
0
0
0
0
0
0
0
0
0
0
0
0
0
0
0
0
0
-3.3099
0
0
0
0
0
0
0
0
0
0
0
0
0
0
0
-0.93917
-0.93778
-0.93529
-0.93952
-0.93584
-0.94034
-0.93504
-0.93771
-0.93585
55.5696
-0.93674
-0.93611
-0.93517
-0.93559
-0.93538
-0.93538
-0.93434
-0.9334
-0.93443
-0.93467
-0.93467
-0.93797
-0.93799
-0.93695
-0.93584
-0.93584
-0.93514
-0.93236
-0.93237
-0.93419
-0.93237
-0.93253
-0.9342
-0.93368
-0.93433
-0.93111
-0.94177
-0.93636
-0.93698
-0.94092
-0.93637
-0.93637
-0.93637
-0.93116
-0.93088
-0.93089
-0.92886
-0.93006
-0.93877
-0.9425
-0.94643
-0.92789
-0.92788
-0.9323
-0.93615
-0.95542
-0.93423
-0.95709
0
0
0
0
0
0
0
0
0
0
0
0
0
0
0
0
0
0
0
0
0
-2.2147
0
0
0
0
0
0
0
0
0
0
0
0
0
0
0
0
0
0
0
0
0
0
0
0
0
0
0
0
0
0
0
0
0
0
0
0
0
0
-0.94106
-0.93948
-0.93685
-0.94082
-0.93768
-0.94146
-0.93609
-0.93862
-0.93674
-0.93674
60.0902
-0.93664
-0.93648
-0.93471
-0.93589
-0.93589
-0.93567
-0.93387
-0.93559
-0.93579
-0.93579
-0.93783
-0.93946
-0.93733
-0.93616
-0.93615
-0.93621
-0.93345
-0.93347
-0.93452
-0.93346
-0.93372
-0.93348
-0.93461
-0.93452
-0.93057
-0.94311
-0.93743
-0.93776
-0.94198
-0.93742
-0.93743
-0.93743
-0.93226
-0.932
-0.932
-0.93
-0.93502
-0.94009
-0.94398
-0.94747
-0.92924
-0.92925
-0.93369
0
0
0
0
0
-1.1275
0
0
0
0
0
0
0
0
0
0
0
0
0
0
0
0
0
0
0
0
0
0
0
0
0
0
0
-2.3815
0
0
0
0
-3.4784
0
0
0
0
0
0
0
0
0
0
0
0
-3.4784
0
0
0
0
0
0
0
0
0
0
0
0
-0.93994
-0.93844
-0.93586
-0.93999
-0.93654
-0.94072
-0.93566
-0.93805
-0.9362
-0.93611
-0.93664
55.3885
-0.93582
-0.9354
-0.93573
-0.93574
-0.93502
-0.93372
-0.93504
-0.93526
-0.93525
-0.93807
-0.93871
-0.93724
-0.93611
-0.93611
-0.9357
-0.93294
-0.93295
-0.93449
-0.93295
-0.93319
-0.93428
-0.93412
-0.9344
-0.93086
-0.94245
-0.93689
-0.93741
-0.94139
-0.9369
-0.93689
-0.9369
-0.93169
-0.93142
-0.93142
-0.92939
-0.93429
-0.93936
-0.94318
-0.94698
-0.92849
-0.92849
-0.9329
-0.9369
-0.95628
0
-0.95803
0
0
0
0
0
0
0
0
0
0
0
0
0
0
0
0
0
0
0
0
0
0
0
0
0
0
0
0
0
0
0
0
0
0
0
0
0
0
0
0
0
-2.9376
0
0
0
0
0
0
0
0
0
0
0
0
0
0
0
0
0
0
-0.93801
-0.93766
-0.93518
-0.93939
-0.93574
-0.94022
-0.93491
-0.93759
-0.9357
-0.93517
-0.93648
-0.93582
54.3285
-0.93524
-0.93526
-0.93525
-0.93422
-0.93325
-0.93432
-0.93455
-0.93454
-0.9378
-0.93683
-0.9368
-0.9357
-0.9357
-0.93506
-0.93224
-0.93226
-0.93406
-0.93226
-0.93239
-0.93405
-0.93345
-0.93418
-0.93092
-0.9399
-0.9362
-0.93736
-0.94072
-0.93619
-0.93619
-0.9362
-0.93098
-0.9307
-0.9307
-0.92868
-0.93336
-0.93864
-0.94236
-0.94632
-0.92775
-0.92775
-0.93217
-0.93604
-0.95532
0
0
0
0
0
0
0
-0.9739
0
0
0
0
0
0
0
-1.8989
0
0
0
0
0
0
0
0
0
0
0
0
0
0
0
0
0
0
0
0
0
0
0
0
0
0
0
0
0
0
0
0
0
0
0
0
0
0
0
0
0
0
0
0
0
0
-0.93973
-0.93824
-0.93559
-0.93942
-0.93647
-0.93995
-0.93497
-0.9374
-0.93543
-0.93559
-0.93471
-0.9354
-0.93524
57.7655
-0.9347
-0.93471
-0.93455
-0.9327
-0.93445
-0.93466
-0.93465
-0.93668
-0.93816
-0.93618
-0.93502
-0.93502
-0.93505
-0.93234
-0.93233
-0.93341
-0.93234
-0.93264
-0.93371
-0.93347
-0.93325
-0.92936
-0.94197
-0.93631
-0.9366
-0.9408
-0.93631
-0.93631
-0.93632
-0.93111
-0.93083
-0.93083
-0.92883
-0.93392
-0.93891
-0.94279
-0.94644
-0.92806
-0.92807
-0.9325
0
0
0
0
0
0
0
0
0
0
0
0
-1.3394
0
0
0
0
0
0
0
0
0
0
0
0
0
0
0
0
0
0
0
0
0
0
0
0
0
0
0
0
0
0
0
0
0
0
-3.4309
0
0
0
0
0
0
0
0
0
0
0
0
0
-3.4308
0
0
-0.93933
-0.93781
-0.93527
-0.93932
-0.93594
-0.94004
-0.93496
-0.9374
-0.93558
-0.93538
-0.93589
-0.93573
-0.93526
-0.9347
53.1591
-0.9351
-0.93434
-0.93305
-0.93436
-0.93461
-0.93461
-0.93733
-0.93804
-0.93654
-0.93541
-0.93541
-0.93503
-0.93229
-0.93229
-0.93377
-0.93229
-0.93249
-0.93357
-0.93345
-0.93374
-0.93018
-0.94178
-0.93624
-0.93674
-0.94072
-0.93624
-0.93623
-0.93624
-0.93103
-0.93077
-0.93076
-0.92874
-0.9336
-0.93872
-0.94251
-0.94633
-0.92784
-0.92784
-0.93226
-0.93626
0
0
0
0
0
0
0
0
0
0
0
0
0
0
0
0
0
0
0
0
0
0
0
0
0
0
0
0
0
0
0
0
0
0
0
0
0
0
0
0
0
0
-2.6578
0
0
0
0
0
0
0
0
0
0
0
0
0
0
0
0
0
0
0
0
-0.93934
-0.93782
-0.93527
-0.93933
-0.93594
-0.94003
-0.93497
-0.9374
-0.93558
-0.93538
-0.93589
-0.93574
-0.93525
-0.93471
-0.9351
53.1591
-0.93434
-0.93306
-0.93437
-0.93461
-0.9346
-0.93733
-0.93804
-0.93654
-0.93542
-0.9354
-0.93504
-0.93229
-0.9323
-0.93377
-0.93229
-0.9325
-0.93358
-0.93346
-0.93374
-0.93017
-0.94178
-0.93624
-0.93673
-0.94073
-0.93624
-0.93623
-0.93625
-0.93105
-0.93077
-0.93077
-0.92874
-0.9336
-0.93873
-0.9425
-0.94633
-0.92784
-0.92783
-0.93226
-0.93627
0
0
0
0
0
0
0
0
0
0
0
0
0
0
0
0
0
0
0
0
0
0
0
0
0
0
0
0
0
0
0
0
0
0
0
0
0
0
0
0
0
0
0
0
0
0
0
0
0
0
0
0
0
0
0
0
-2.6577
0
0
0
0
0
0
-0.93819
-0.93688
-0.9343
-0.93853
-0.93289
-0.93935
-0.93401
-0.93675
-0.93487
-0.93434
-0.93567
-0.93502
-0.93422
-0.93455
-0.93434
-0.93434
52.6991
-0.9323
-0.93342
-0.93363
-0.93362
-0.93677
-0.93691
-0.93585
-0.93477
-0.93475
-0.93407
-0.93131
-0.93131
-0.93316
-0.93131
-0.93152
-0.93318
-0.93254
-0.93321
-0.93001
-0.94063
-0.93522
-0.93582
-0.93975
-0.93522
-0.93523
-0.93523
-0.93001
-0.92972
-0.92972
-0.92768
-0.93242
-0.93757
-0.94125
-0.94522
-0.92666
-0.92666
-0.93106
-0.93489
0
0
0
0
0
0
0
0
0
0
0
0
0
0
0
0
0
0
0
0
0
0
0
0
0
0
0
0
0
0
0
-2.2473
0
0
0
0
0
0
0
0
0
0
0
0
0
0
0
0
0
0
0
0
0
0
0
0
0
0
0
0
0
0
0
-0.93734
-0.93582
-0.93328
-0.9373
-0.93394
-0.93802
-0.93299
-0.9354
-0.93359
-0.9334
-0.93387
-0.93372
-0.93325
-0.9327
-0.93305
-0.93306
-0.9323
51.9734
-0.93234
-0.93257
-0.93258
-0.93506
-0.93587
-0.93442
-0.93328
-0.93329
-0.93294
-0.93021
-0.93022
-0.93161
-0.93023
-0.9304
-0.93141
-0.93135
-0.93163
-0.92805
-0.93968
-0.93415
-0.93464
-0.93862
-0.93415
-0.93415
-0.93416
-0.92895
-0.92868
-0.92867
-0.92668
-0.9315
-0.93663
-0.9404
-0.94424
-0.92576
-0.92576
-0.93018
0
0
0
0
0
0
0
0
0
0
0
0
0
0
0
0
0
0
0
0
0
0
0
0
0
0
0
0
0
0
0
0
0
0
0
0
0
0
0
0
0
0
0
0
0
0
0
0
0
0
0
0
0
0
-2.516
0
0
0
0
0
0
0
0
0
-0.93828
-0.93691
-0.93446
-0.93851
-0.93495
-0.93933
-0.93417
-0.93673
-0.93488
-0.93443
-0.93559
-0.93504
-0.93432
-0.93445
-0.93436
-0.93437
-0.93342
-0.93234
50.4614
-0.93383
-0.93383
-0.93691
-0.93713
-0.93597
-0.93488
-0.93488
-0.93427
-0.9315
-0.93151
-0.9332
-0.93151
-0.93163
-0.9332
-0.93269
-0.93338
-0.93008
-0.94076
-0.93544
-0.93609
-0.93994
-0.93544
-0.93543
-0.93544
-0.93022
-0.92994
-0.92994
-0.92792
-0.93256
-0.93784
-0.94156
-0.94551
-0.92694
-0.92694
-0.93136
-0.93522
0
0
0
0
0
0
0
0
0
0
0
0
0
0
0
0
0
0
0
0
0
0
0
0
0
0
0
0
0
0
0
0
0
0
0
0
0
0
0
0
0
0
0
0
0
0
0
0
0
0
0
0
0
0
0
0
0
0
0
0
0
0
0
-0.9385
-0.93713
-0.93469
-0.93873
-0.9352
-0.93956
-0.93439
-0.93694
-0.9351
-0.93467
-0.93579
-0.93526
-0.93455
-0.93466
-0.93461
-0.93461
-0.93363
-0.93257
-0.93383
48.6064
-0.93372
-0.93759
-0.93766
-0.93616
-0.93509
-0.93509
-0.93448
-0.93173
-0.93174
-0.9334
-0.93174
-0.93184
-0.93339
-0.93289
-0.93358
-0.93027
-0.94097
-0.93565
-0.93628
-0.94014
-0.93565
-0.93564
-0.93564
-0.93044
-0.93016
-0.93016
-0.92815
-0.93277
-0.93809
-0.9418
-0.94576
-0.92718
-0.92717
0
0
0
0
0
0
0
0
0
0
0
0
0
0
0
0
0
0
0
0
0
0
0
0
0
0
0
0
0
0
0
0
0
0
0
0
0
0
0
0
0
0
0
0
0
0
0
0
0
0
0
0
0
0
0
0
0
0
0
0
0
0
0
0
0
-0.93851
-0.93714
-0.9347
-0.93873
-0.93519
-0.93955
-0.93439
-0.93696
-0.9351
-0.93467
-0.93579
-0.93525
-0.93454
-0.93465
-0.93461
-0.9346
-0.93362
-0.93258
-0.93383
-0.93372
48.6065
-0.93759
-0.93766
-0.93615
-0.9351
-0.9351
-0.93448
-0.93174
-0.93173
-0.9334
-0.93173
-0.93184
-0.93338
-0.9329
-0.93357
-0.93027
-0.94097
-0.93565
-0.93629
-0.94014
-0.93566
-0.93565
-0.93565
-0.93044
-0.93016
-0.93015
-0.92813
-0.93278
-0.9381
-0.94181
-0.94576
-0.92718
-0.92718
0
0
0
0
0
0
0
0
0
0
0
0
0
0
0
0
0
0
0
0
0
0
0
0
0
0
0
0
0
0
0
0
0
0
0
0
0
0
0
0
0
0
0
0
0
0
0
0
0
0
0
0
0
0
0
0
0
0
0
0
0
0
0
0
0
-0.94216
-0.94073
-0.9379
-0.94167
-0.93859
-0.94327
-0.93753
-0.9397
-0.93791
-0.93797
-0.93783
-0.93807
-0.9378
-0.93668
-0.93733
-0.93733
-0.93677
-0.93506
-0.93691
-0.93759
-0.93759
49.6275
-0.94177
-0.93908
-0.93791
-0.93791
-0.93794
-0.93498
-0.93498
-0.93632
-0.93499
-0.93525
-0.93628
-0.93618
-0.93669
-0.93254
-0.94457
-0.93899
-0.93941
-0.94342
-0.93899
-0.93899
-0.93899
-0.93378
-0.93351
-0.93351
-0.93148
-0.93638
0
0
0
0
0
0
0
0
0
0
0
0
0
0
0
0
0
0
0
0
0
0
0
0
-0.9628
0
0
0
0
0
0
0
0
0
0
0
0
0
0
0
0
-2.3342
0
0
0
0
0
0
0
0
0
0
0
0
0
0
0
0
0
-2.2592
0
0
0
0
0
0
0
0
0
0
-0.93941
-0.94047
-0.93798
-0.94239
-0.9386
-0.94316
-0.93776
-0.94057
-0.93859
-0.93799
-0.93946
-0.93871
-0.93683
-0.93816
-0.93804
-0.93804
-0.93691
-0.93587
-0.93713
-0.93766
-0.93766
-0.94177
48.6611
-0.93963
-0.93857
-0.93857
-0.93777
-0.93492
-0.93493
-0.93694
-0.93493
-0.93516
-0.93713
-0.93619
-0.93718
-0.93369
-0.94258
-0.93894
-0.93962
-0.94336
-0.93894
-0.93894
-0.93895
-0.93368
-0.93341
-0.9334
-0.93136
-0.93611
0
0
0
0
0
0
0
0
0
0
0
0
0
0
0
0
0
0
0
0
0
0
0
0
0
0
0
0
-0.93795
-3.6451
0
0
0
0
0
0
0
0
0
0
0
0
0
0
0
0
0
0
0
0
0
0
0
0
0
0
0
0
0
0
0
0
0
0
0
0
0
0
0
0
-0.94092
-0.93938
-0.93686
-0.94084
-0.93753
-0.94148
-0.93654
-0.93888
-0.93711
-0.93695
-0.93733
-0.93724
-0.9368
-0.93618
-0.93654
-0.93654
-0.93585
-0.93442
-0.93597
-0.93616
-0.93615
-0.93908
-0.93963
47.2054
-0.937
-0.937
-0.93668
-0.93391
-0.9339
-0.93545
-0.9339
-0.93422
-0.93549
-0.93511
-0.93538
-0.9318
-0.94349
-0.93793
-0.93843
-0.9424
-0.93793
-0.93794
-0.93794
-0.93274
-0.93245
-0.93245
-0.93044
-0.93531
-0.94077
0
0
0
0
0
0
0
0
0
0
0
0
0
0
0
0
0
0
0
0
0
0
0
0
0
0
0
0
0
0
0
0
0
0
0
0
0
0
0
0
0
0
0
0
0
0
0
0
0
0
0
0
0
0
0
0
0
0
0
0
0
0
0
0
0
0
0
0
-2.2409
-0.93979
-0.93826
-0.93575
-0.9397
-0.93641
-0.94035
-0.93543
-0.93775
-0.93598
-0.93584
-0.93616
-0.93611
-0.9357
-0.93502
-0.93541
-0.93542
-0.93477
-0.93328
-0.93488
-0.93509
-0.9351
-0.93791
-0.93857
-0.937
45.9725
-0.93568
-0.93534
-0.93266
-0.93267
-0.93453
-0.93266
-0.93307
-0.93441
-0.93392
-0.93419
-0.93063
-0.94227
-0.93676
-0.93728
-0.94123
-0.93676
-0.93675
-0.93678
-0.93156
-0.93129
-0.93128
-0.92929
-0.93415
0
0
0
0
0
0
0
0
0
0
0
0
0
0
0
0
0
0
0
0
0
0
0
0
0
0
0
0
0
0
0
0
0
0
0
0
0
0
0
0
0
0
0
0
0
0
0
-2.0016
0
0
0
0
0
0
0
0
0
0
0
0
0
0
0
0
0
0
0
0
0
0
-0.93979
-0.93826
-0.93575
-0.93969
-0.93642
-0.94037
-0.93542
-0.93775
-0.93599
-0.93584
-0.93615
-0.93611
-0.9357
-0.93502
-0.93541
-0.9354
-0.93475
-0.93329
-0.93488
-0.93509
-0.9351
-0.93791
-0.93857
-0.937
-0.93568
45.9724
-0.93535
-0.93266
-0.93266
-0.93453
-0.93268
-0.93306
-0.93441
-0.93392
-0.93419
-0.93063
-0.94228
-0.93676
-0.93727
-0.94123
-0.93676
-0.93675
-0.93677
-0.93156
-0.93128
-0.93129
-0.92929
-0.93416
0
0
0
0
0
0
0
0
0
0
0
0
0
0
0
0
0
0
0
0
0
0
0
0
0
0
0
0
0
0
0
0
0
0
0
0
0
0
0
0
0
0
0
0
0
0
0
0
0
0
0
0
0
0
0
0
0
0
0
0
0
-2.0016
0
0
0
0
0
0
0
0
-0.93862
-0.93762
-0.93512
-0.93915
-0.93562
-0.93989
-0.93482
-0.93743
-0.9355
-0.93514
-0.93621
-0.9357
-0.93506
-0.93505
-0.93503
-0.93504
-0.93407
-0.93294
-0.93427
-0.93448
-0.93448
-0.93794
-0.93777
-0.93668
-0.93534
-0.93535
45.2229
-0.93219
-0.93218
-0.93403
-0.93218
-0.93238
-0.93401
-0.93331
-0.93397
-0.93065
-0.9414
-0.9361
-0.93679
-0.94053
-0.9361
-0.93609
-0.9361
-0.93088
-0.93059
-0.93058
-0.92857
-0.93325
0
0
0
0
0
0
0
0
0
0
0
0
0
0
0
0
0
0
0
-1.2767
0
0
0
0
0
0
0
0
0
0
0
0
0
0
0
0
0
0
0
0
0
0
0
0
0
0
0
0
0
0
0
0
0
0
0
0
0
0
0
0
0
0
0
0
0
0
0
0
0
0
-0.9362
-0.93483
-0.93241
-0.93644
-0.9329
-0.93724
-0.93209
-0.93463
-0.93281
-0.93236
-0.93345
-0.93294
-0.93224
-0.93234
-0.93229
-0.93229
-0.93131
-0.93021
-0.9315
-0.93173
-0.93174
-0.93498
-0.93492
-0.93391
-0.93266
-0.93266
-0.93219
43.8144
-0.92866
-0.93128
-0.92866
-0.92916
-0.932
-0.9302
-0.93086
-0.92755
-0.93826
-0.93305
-0.93375
-0.93754
-0.93304
-0.93305
-0.93306
-0.92791
-0.92761
-0.92762
-0.92561
-0.93025
0
0
0
0
0
0
0
0
0
0
0
0
0
0
0
0
0
0
0
0
0
0
0
0
0
0
0
0
0
0
0
0
0
0
0
0
0
0
0
0
0
0
0
0
0
0
0
0
0
0
0
0
0
0
0
0
0
0
0
0
0
0
0
0
0
0
0
0
0
0
-0.9362
-0.93483
-0.9324
-0.93644
-0.93291
-0.93726
-0.9321
-0.93464
-0.9328
-0.93237
-0.93347
-0.93295
-0.93226
-0.93233
-0.93229
-0.9323
-0.93131
-0.93022
-0.93151
-0.93174
-0.93173
-0.93498
-0.93493
-0.9339
-0.93267
-0.93266
-0.93218
-0.92866
43.8146
-0.9313
-0.92867
-0.92916
-0.93201
-0.93019
-0.93086
-0.92755
-0.93826
-0.93305
-0.93375
-0.93755
-0.93305
-0.93304
-0.93305
-0.92792
-0.92761
-0.92763
-0.92562
-0.93026
0
0
0
0
0
0
0
0
0
0
0
0
0
0
0
0
0
0
0
0
0
0
0
0
0
0
0
0
0
0
0
0
0
0
0
0
0
0
0
0
0
0
0
0
0
0
0
0
0
0
0
0
0
0
0
0
0
0
0
0
0
0
0
0
0
0
0
0
0
0
-0.93822
-0.93667
-0.9341
-0.93815
-0.93484
-0.93881
-0.93378
-0.9362
-0.9344
-0.93419
-0.93452
-0.93449
-0.93406
-0.93341
-0.93377
-0.93377
-0.93316
-0.93161
-0.9332
-0.9334
-0.9334
-0.93632
-0.93694
-0.93545
-0.93453
-0.93453
-0.93403
-0.93128
-0.9313
45.958
-0.9313
-0.92853
-0.93239
-0.93205
-0.93213
-0.92873
-0.94032
-0.93491
-0.93534
-0.93893
-0.93491
-0.93491
-0.93491
-0.92967
-0.92945
-0.92946
0
0
0
0
0
0
0
0
0
0
0
0
0
0
0
0
0
0
0
0
0
0
0
0
0
0
0
0
0
0
0
0
0
0
0
-2.2109
0
0
0
0
0
0
0
0
0
0
0
0
0
0
0
0
0
0
0
0
0
0
0
0
0
0
0
0
0
0
0
-1.7166
0
0
0
0
-0.93619
-0.93483
-0.9324
-0.93644
-0.93291
-0.93725
-0.9321
-0.93464
-0.93282
-0.93237
-0.93346
-0.93295
-0.93226
-0.93234
-0.93229
-0.93229
-0.93131
-0.93023
-0.93151
-0.93174
-0.93173
-0.93499
-0.93493
-0.9339
-0.93266
-0.93268
-0.93218
-0.92866
-0.92867
-0.9313
43.8146
-0.92916
-0.932
-0.9302
-0.93087
-0.92754
-0.93826
-0.93305
-0.93376
-0.93755
-0.93306
-0.93306
-0.93306
-0.92792
-0.92763
-0.92762
-0.92562
-0.93026
0
0
0
0
0
0
0
0
0
0
0
0
0
0
0
0
0
0
0
0
0
0
0
0
0
0
0
0
0
0
0
0
0
0
0
0
0
0
0
0
0
0
0
0
0
0
0
0
0
0
0
0
0
0
0
0
0
0
0
0
0
0
0
0
0
0
0
0
0
0
-0.93641
-0.93506
-0.93257
-0.93676
-0.93316
-0.93754
-0.93223
-0.93493
-0.93308
-0.93253
-0.93372
-0.93319
-0.93239
-0.93264
-0.93249
-0.9325
-0.93152
-0.9304
-0.93163
-0.93184
-0.93184
-0.93525
-0.93516
-0.93422
-0.93307
-0.93306
-0.93238
-0.92916
-0.92916
-0.92853
-0.92916
43.213
-0.93175
-0.93002
-0.93052
-0.92732
-0.93792
-0.93292
-0.93342
0
-0.93291
-0.93293
-0.93293
-0.92781
-0.92756
-0.92756
0
0
0
0
0
0
0
0
0
0
0
0
0
0
0
0
0
0
0
0
0
0
0
0
0
0
0
0
0
0
0
0
0
0
0
-2.1898
0
0
0
0
0
0
0
0
0
0
0
0
0
0
0
0
0
0
0
0
0
0
0
0
0
0
0
0
0
0
0
0
0
0
0
0
-0.93825
-0.9346
-0.93406
-0.938
-0.93486
-0.93868
-0.93352
-0.93615
-0.93419
-0.9342
-0.93348
-0.93428
-0.93405
-0.93371
-0.93357
-0.93358
-0.93318
-0.93141
-0.9332
-0.93339
-0.93338
-0.93628
-0.93713
-0.93549
-0.93441
-0.93441
-0.93401
-0.932
-0.93201
-0.93239
-0.932
-0.93175
45.0838
-0.9318
-0.93161
-0.92806
-0.93953
-0.93468
0
0
-0.93468
-0.93468
-0.93468
0
0
0
0
0
0
0
0
0
0
0
0
0
0
0
0
-1.1265
0
0
0
0
0
0
0
0
0
0
0
0
0
0
0
0
0
0
-2.4317
0
0
0
0
0
0
-2.2498
0
0
0
0
0
0
0
0
0
0
0
0
0
0
0
0
0
0
0
0
0
0
0
0
0
0
0
0
-1.9105
0
0
0
-0.93745
-0.93607
-0.93425
-0.93765
-0.93417
-0.93843
-0.93329
-0.93584
-0.93399
-0.93368
-0.93461
-0.93412
-0.93345
-0.93347
-0.93345
-0.93346
-0.93254
-0.93135
-0.93269
-0.93289
-0.9329
-0.93618
-0.93619
-0.93511
-0.93392
-0.93392
-0.93331
-0.9302
-0.93019
-0.93205
-0.9302
-0.93002
-0.9318
40.8965
-0.9321
-0.92765
-0.9394
-0.93463
-0.935
0
-0.93463
-0.93462
-0.93463
-0.92933
0
0
0
0
0
0
0
0
0
0
0
0
0
0
0
0
0
0
0
0
0
0
0
0
0
0
-1.6817
0
0
0
0
0
0
0
0
0
0
0
0
0
0
0
0
0
0
0
0
0
0
0
0
0
0
0
0
0
0
0
0
0
0
0
0
0
0
0
0
0
0
0
0
0
0
0
-0.93822
-0.93663
-0.93417
-0.93792
-0.93483
-0.93887
-0.93391
-0.93601
-0.93424
-0.93433
-0.93452
-0.9344
-0.93418
-0.93325
-0.93374
-0.93374
-0.93321
-0.93163
-0.93338
-0.93358
-0.93357
-0.93669
-0.93718
-0.93538
-0.93419
-0.93419
-0.93397
-0.93086
-0.93086
-0.93213
-0.93087
-0.93052
-0.93161
-0.9321
36.0003
0
0
0
0
-0.93783
0
0
0
0
0
0
0
0
0
0
0
0
0
0
0
0
0
0
0
0
0
0
-0.91711
0
0
-1.0118
0
0
0
0
0
0
0
0
0
0
0
0
0
0
0
0
0
0
0
0
0
0
0
0
0
0
0
0
0
0
0
0
0
0
-1.3747
0
0
0
0
0
0
0
0
0
0
0
0
0
0
0
0
0
-0.93501
-0.93339
-0.93165
-0.93444
-0.93165
-0.935
-0.93061
-0.93247
-0.93072
-0.93111
-0.93057
-0.93086
-0.93092
-0.92936
-0.93018
-0.93017
-0.93001
-0.92805
-0.93008
-0.93027
-0.93027
-0.93254
-0.93369
-0.9318
-0.93063
-0.93063
-0.93065
-0.92755
-0.92755
-0.92873
-0.92754
-0.92732
-0.92806
-0.92765
0
36.6187
0
0
0
0
0
0
0
0
0
0
0
0
0
0
0
0
0
0
0
0
0
0
0
0
0
0
0
0
0
0
0
0
0
0
-1.6873
0
0
0
0
0
0
0
0
0
0
0
0
0
0
0
0
0
0
0
0
0
0
0
0
0
0
0
0
0
0
0
0
0
0
0
0
0
0
0
0
0
-1.6451
0
0
0
-1.6451
0
-0.94379
-0.94422
-0.94174
-0.94609
-0.94229
-0.94694
-0.94141
-0.94433
-0.94235
-0.94177
-0.94311
-0.94245
-0.9399
-0.94197
-0.94178
-0.94178
-0.94063
-0.93968
-0.94076
-0.94097
-0.94097
-0.94457
-0.94258
-0.94349
-0.94227
-0.94228
-0.9414
-0.93826
-0.93826
-0.94032
-0.93826
-0.93792
-0.93953
-0.9394
0
0
33.892
0
0
0
0
0
0
0
0
0
0
0
0
0
0
0
0
0
0
0
0
0
0
0
0
0
0
0
0
0
0
0
0
0
0
-1.8745
0
0
0
0
0
0
0
0
0
0
0
0
0
0
0
0
0
0
0
0
0
0
0
0
0
0
0
0
0
0
0
0
0
0
0
0
0
0
0
0
0
0
0
0
0
0
-0.94017
-0.93877
-0.93634
-0.94038
-0.93684
-0.94121
-0.93602
-0.93859
-0.93676
-0.93636
-0.93743
-0.93689
-0.9362
-0.93631
-0.93624
-0.93624
-0.93522
-0.93415
-0.93544
-0.93565
-0.93565
-0.93899
-0.93894
-0.93793
-0.93676
-0.93676
-0.9361
-0.93305
-0.93305
-0.93491
-0.93305
-0.93292
-0.93468
-0.93463
0
0
0
31.8386
0
0
0
0
0
0
0
0
0
0
0
0
0
0
0
0
0
0
0
0
0
0
0
0
0
0
0
0
0
0
0
0
0
0
0
0
0
0
0
0
0
0
0
0
0
0
0
0
0
0
0
0
0
0
0
0
0
0
0
0
0
0
0
0
0
0
0
0
0
0
0
0
0
0
0
0
0
0
0
0
-0.94099
-0.93949
-0.93704
-0.94103
-0.93754
-0.94177
-0.93672
-0.93908
-0.93735
-0.93698
-0.93776
-0.93741
-0.93736
-0.9366
-0.93674
-0.93673
-0.93582
-0.93464
-0.93609
-0.93628
-0.93629
-0.93941
-0.93962
-0.93843
-0.93728
-0.93727
-0.93679
-0.93375
-0.93375
-0.93534
-0.93376
-0.93342
0
-0.935
0
0
0
0
32.1573
0
0
0
0
0
0
0
0
0
0
0
0
0
0
0
0
0
0
0
0
0
0
0
0
0
0
0
0
0
0
0
0
0
0
0
0
0
0
0
0
0
-1.2338
0
0
0
0
0
0
0
0
0
0
0
0
0
0
0
0
0
0
0
0
0
0
0
0
0
0
0
0
0
0
0
0
0
0
0
0
0
-0.94466
-0.94332
-0.94039
-0.94486
-0.94137
-0.94561
-0.94054
-0.94303
-0.94121
-0.94092
-0.94198
-0.94139
-0.94072
-0.9408
-0.94072
-0.94073
-0.93975
-0.93862
-0.93994
-0.94014
-0.94014
-0.94342
-0.94336
-0.9424
-0.94123
-0.94123
-0.94053
-0.93754
-0.93755
-0.93893
-0.93755
0
0
0
-0.93783
0
0
0
0
32.5765
0
0
0
0
0
0
-0.94091
0
0
0
0
0
0
0
0
0
0
0
0
0
0
0
0
0
0
0
0
0
0
0
0
0
0
0
0
0
0
0
0
0
0
0
0
-1.5232
0
0
0
0
0
0
0
0
0
0
0
0
0
0
0
0
0
0
0
0
0
0
0
0
0
0
0
0
0
0
0
0
0
0
-0.94016
-0.93877
-0.93633
-0.94039
-0.93683
-0.94121
-0.93601
-0.93858
-0.93674
-0.93637
-0.93742
-0.9369
-0.93619
-0.93631
-0.93624
-0.93624
-0.93522
-0.93415
-0.93544
-0.93565
-0.93566
-0.93899
-0.93894
-0.93793
-0.93676
-0.93676
-0.9361
-0.93304
-0.93305
-0.93491
-0.93306
-0.93291
-0.93468
-0.93463
0
0
0
0
0
0
31.8386
0
0
0
0
0
0
0
0
0
0
0
0
0
0
0
0
0
0
0
0
0
0
0
0
0
0
0
0
0
0
0
0
0
0
0
0
0
0
0
0
0
0
0
0
0
0
0
0
0
0
0
0
0
0
0
0
0
0
0
0
0
0
0
0
0
0
0
0
0
0
0
0
0
0
0
0
0
-0.94018
-0.93877
-0.93633
-0.94039
-0.93684
-0.94121
-0.93602
-0.93858
-0.93675
-0.93637
-0.93743
-0.93689
-0.93619
-0.93631
-0.93623
-0.93623
-0.93523
-0.93415
-0.93543
-0.93564
-0.93565
-0.93899
-0.93894
-0.93794
-0.93675
-0.93675
-0.93609
-0.93305
-0.93304
-0.93491
-0.93306
-0.93293
-0.93468
-0.93462
0
0
0
0
0
0
0
31.8385
0
0
0
0
0
0
0
0
0
0
0
0
0
0
0
0
0
0
0
0
0
0
0
0
0
0
0
0
0
0
0
0
0
0
0
0
0
0
0
0
0
0
0
0
0
0
0
0
0
0
0
0
0
0
0
0
0
0
0
0
0
0
0
0
0
0
0
0
0
0
0
0
0
0
0
0
-0.94018
-0.93876
-0.93633
-0.94039
-0.93684
-0.94121
-0.93602
-0.93859
-0.93675
-0.93637
-0.93743
-0.9369
-0.9362
-0.93632
-0.93624
-0.93625
-0.93523
-0.93416
-0.93544
-0.93564
-0.93565
-0.93899
-0.93895
-0.93794
-0.93678
-0.93677
-0.9361
-0.93306
-0.93305
-0.93491
-0.93306
-0.93293
-0.93468
-0.93463
0
0
0
0
0
0
0
0
31.8387
0
0
0
0
0
0
0
0
0
0
0
0
0
0
0
0
0
0
0
0
0
0
0
0
0
0
0
0
0
0
0
0
0
0
0
0
0
0
0
0
0
0
0
0
0
0
0
0
0
0
0
0
0
0
0
0
0
0
0
0
0
0
0
0
0
0
0
0
0
0
0
0
0
0
0
-0.93494
-0.93361
-0.93112
-0.93517
-0.93162
-0.93598
-0.93082
-0.93339
-0.93156
-0.93116
-0.93226
-0.93169
-0.93098
-0.93111
-0.93103
-0.93105
-0.93001
-0.92895
-0.93022
-0.93044
-0.93044
-0.93378
-0.93368
-0.93274
-0.93156
-0.93156
-0.93088
-0.92791
-0.92792
-0.92967
-0.92792
-0.92781
0
-0.92933
0
0
0
0
0
0
0
0
0
30.7323
0
0
0
0
0
0
0
0
0
0
0
0
0
0
0
0
0
0
0
0
0
0
0
0
0
0
0
0
0
0
0
0
0
0
0
0
0
0
0
0
0
0
0
0
0
0
0
0
0
0
0
0
0
0
0
0
0
0
0
0
0
0
0
0
0
0
0
0
0
0
0
0
0
0
-0.93467
-0.93334
-0.93083
-0.9349
-0.93135
-0.93572
-0.93055
-0.9331
-0.93127
-0.93088
-0.932
-0.93142
-0.9307
-0.93083
-0.93077
-0.93077
-0.92972
-0.92868
-0.92994
-0.93016
-0.93016
-0.93351
-0.93341
-0.93245
-0.93129
-0.93128
-0.93059
-0.92761
-0.92761
-0.92945
-0.92763
-0.92756
0
0
0
0
0
0
0
0
0
0
0
0
29.7941
0
0
0
0
0
0
0
0
0
0
0
0
0
0
0
0
0
0
0
0
0
0
0
0
0
0
0
0
0
0
0
0
0
0
0
0
0
0
0
0
0
0
0
0
0
0
0
0
0
0
0
0
0
0
0
0
0
0
0
0
0
0
0
0
0
0
0
0
0
0
0
0
0
-0.93467
-0.93335
-0.93082
-0.9349
-0.93134
-0.93572
-0.93055
-0.9331
-0.93127
-0.93089
-0.932
-0.93142
-0.9307
-0.93083
-0.93076
-0.93077
-0.92972
-0.92867
-0.92994
-0.93016
-0.93015
-0.93351
-0.9334
-0.93245
-0.93128
-0.93129
-0.93058
-0.92762
-0.92763
-0.92946
-0.92762
-0.92756
0
0
0
0
0
0
0
0
0
0
0
0
0
29.7941
0
0
0
0
0
0
0
0
0
0
0
0
0
0
0
0
0
0
0
0
0
0
0
0
0
0
0
0
0
0
0
0
0
0
0
0
0
0
0
0
0
0
0
0
0
0
0
0
0
0
0
0
0
0
0
0
0
0
0
0
0
0
0
0
0
0
0
0
0
0
0
0
-0.93262
-0.93131
-0.92878
-0.93286
-0.92931
-0.93368
-0.92853
-0.93108
-0.92924
-0.92886
-0.93
-0.92939
-0.92868
-0.92883
-0.92874
-0.92874
-0.92768
-0.92668
-0.92792
-0.92815
-0.92813
-0.93148
-0.93136
-0.93044
-0.92929
-0.92929
-0.92857
-0.92561
-0.92562
0
-0.92562
0
0
0
0
0
0
0
0
-0.94091
0
0
0
0
0
0
28.8174
0
0
0
0
0
0
0
0
0
0
0
0
0
0
0
0
0
0
0
0
0
0
0
0
0
0
0
0
0
0
0
0
0
0
0
0
0
0
0
0
0
0
0
0
0
0
0
0
0
0
0
0
0
0
0
0
0
0
0
0
0
0
0
0
0
0
0
0
0
0
0
-0.93737
-0.93604
-0.93349
-0.93788
-0.93407
-0.93865
-0.93318
-0.93606
-0.9342
-0.93006
-0.93502
-0.93429
-0.93336
-0.93392
-0.9336
-0.9336
-0.93242
-0.9315
-0.93256
-0.93277
-0.93278
-0.93638
-0.93611
-0.93531
-0.93415
-0.93416
-0.93325
-0.93025
-0.93026
0
-0.93026
0
0
0
0
0
0
0
0
0
0
0
0
0
0
0
0
30.1608
0
0
0
0
0
0
0
0
0
0
0
0
0
0
0
0
0
0
0
0
0
0
0
0
0
0
0
0
0
0
0
-2.1438
0
0
0
0
0
0
0
0
0
0
0
0
0
0
0
0
0
0
0
0
0
0
0
0
0
0
0
0
0
0
0
0
0
0
0
0
0
0
-0.94267
-0.94125
-0.93872
-0.94284
-0.93919
-0.94365
-0.93844
-0.94106
-0.9392
-0.93877
-0.94009
-0.93936
-0.93864
-0.93891
-0.93872
-0.93873
-0.93757
-0.93663
-0.93784
-0.93809
-0.9381
0
0
-0.94077
0
0
0
0
0
0
0
0
0
0
0
0
0
0
0
0
0
0
0
0
0
0
0
0
20.6692
0
0
0
0
0
0
0
0
0
0
0
0
0
0
0
0
0
0
0
0
0
0
0
0
0
0
0
0
0
0
0
0
0
0
0
0
0
0
0
0
0
0
0
0
0
0
0
0
0
0
0
0
0
0
0
0
0
0
0
0
0
0
0
0
0
0
0
0
0
-0.94608
-0.94464
-0.9421
-0.94627
-0.94256
-0.94748
-0.94219
-0.94489
-0.94302
-0.9425
-0.94398
-0.94318
-0.94236
-0.94279
-0.94251
-0.9425
-0.94125
-0.9404
-0.94156
-0.9418
-0.94181
0
0
0
0
0
0
0
0
0
0
0
0
0
0
0
0
0
0
0
0
0
0
0
0
0
0
0
0
20.8725
0
0
0
0
0
0
0
0
0
0
-1.0666
0
0
0
0
0
0
0
0
0
0
0
0
0
0
0
0
0
0
0
0
0
0
0
0
0
0
0
0
0
0
0
0
0
0
0
0
0
0
0
0
0
0
0
0
0
0
0
0
0
0
0
0
0
0
0
0
0
-0.95044
-0.94887
-0.94638
-0.95048
-0.94687
-0.95145
-0.94625
-0.94871
-0.9468
-0.94643
-0.94747
-0.94698
-0.94632
-0.94644
-0.94633
-0.94633
-0.94522
-0.94424
-0.94551
-0.94576
-0.94576
0
0
0
0
0
0
0
0
0
0
0
0
0
0
0
0
0
0
0
0
0
0
0
0
0
0
0
0
0
21.0172
0
0
0
0
0
0
0
0
-1.1282
0
0
0
0
0
0
0
0
0
0
0
0
0
0
0
0
0
0
0
0
0
0
0
0
0
0
0
0
0
0
0
0
0
0
0
0
0
0
0
0
0
0
0
0
0
0
0
0
0
0
0
0
0
0
0
0
0
0
-0.93175
-0.93034
-0.92783
-0.93192
-0.9283
-0.93274
-0.92755
-0.93015
-0.92832
-0.92789
-0.92924
-0.92849
-0.92775
-0.92806
-0.92784
-0.92784
-0.92666
-0.92576
-0.92694
-0.92718
-0.92718
0
0
0
0
0
0
0
0
0
0
0
0
0
0
0
0
0
0
0
0
0
0
0
0
0
0
0
0
0
0
19.4997
0
0
0
0
0
0
0
0
0
0
0
0
0
0
0
0
0
0
0
0
0
0
0
0
0
0
0
0
0
0
0
0
0
0
0
0
0
0
0
0
0
0
0
0
0
0
0
0
0
0
0
0
0
0
0
0
0
0
0
0
0
0
0
0
0
0
-0.93177
-0.93034
-0.92782
-0.93192
-0.92829
-0.93275
-0.92755
-0.93016
-0.92832
-0.92788
-0.92925
-0.92849
-0.92775
-0.92807
-0.92784
-0.92783
-0.92666
-0.92576
-0.92694
-0.92717
-0.92718
0
0
0
0
0
0
0
0
0
0
0
0
0
0
0
0
0
0
0
0
0
0
0
0
0
0
0
0
0
0
0
19.4997
0
0
0
0
0
0
0
0
0
0
0
0
0
0
0
0
0
0
0
0
0
0
0
0
0
0
0
0
0
0
0
0
0
0
0
0
0
0
0
0
0
0
0
0
0
0
0
0
0
0
0
0
0
0
0
0
0
0
0
0
0
0
0
0
0
-0.93619
-0.93476
-0.93223
-0.93635
-0.93268
-0.93717
-0.93197
-0.93458
-0.93274
-0.9323
-0.93369
-0.9329
-0.93217
-0.9325
-0.93226
-0.93226
-0.93106
-0.93018
-0.93136
0
0
0
0
0
0
0
0
0
0
0
0
0
0
0
0
0
0
0
0
0
0
0
0
0
0
0
0
0
0
0
0
0
0
17.7293
0
0
0
0
0
0
0
0
0
0
0
0
0
0
0
0
0
0
0
0
0
0
0
0
0
0
0
0
0
0
0
0
0
0
0
0
0
0
0
0
0
0
0
0
0
0
0
0
0
0
0
0
0
0
0
0
0
0
0
0
0
0
0
0
-0.94005
-0.93865
-0.93612
-0.94031
-0.9365
-0.94116
-0.93587
-0.93857
-0.93673
-0.93615
0
-0.9369
-0.93604
0
-0.93626
-0.93627
-0.93489
0
-0.93522
0
0
0
0
0
0
0
0
0
0
0
0
0
0
0
0
0
0
0
0
0
0
0
0
0
0
0
0
0
0
0
0
0
0
0
14.9957
0
0
0
0
0
0
0
0
0
0
0
0
0
0
0
0
0
0
0
0
0
0
0
0
0
0
0
0
0
0
0
0
0
0
0
0
0
0
0
0
0
0
0
0
0
0
0
0
0
0
0
0
0
0
0
0
0
0
0
0
0
0
0
-0.95938
-0.95794
-0.95536
-0.95964
-0.95589
-0.96055
-0.95514
-0.95795
-0.95607
-0.95542
0
-0.95628
-0.95532
0
0
0
0
0
0
0
0
0
0
0
0
0
0
0
0
0
0
0
0
0
0
0
0
0
0
0
0
0
0
0
0
0
0
0
0
0
0
0
0
0
0
11.4849
0
0
0
0
0
0
0
0
0
0
0
0
0
0
0
0
0
0
0
0
0
0
0
0
0
0
0
0
0
0
0
0
0
0
0
0
0
0
0
0
0
0
0
0
0
0
0
0
0
0
0
0
0
0
0
0
0
0
0
0
0
0
-0.93826
-0.93657
-0.93406
-0.93806
-0.93467
-0.93861
-0.9339
-0.93597
-0.93449
-0.93423
0
0
0
0
0
0
0
0
0
0
0
0
0
0
0
0
0
0
0
0
0
0
0
0
0
0
0
0
0
0
0
0
0
0
0
0
0
0
0
0
0
0
0
0
0
0
9.5426
0
0
0
0
0
0
0
0
0
0
0
0
0
0
0
0
0
0
0
0
0
0
0
0
0
0
0
0
0
0
0
0
0
0
0
0
0
0
0
0
0
0
0
0
0
0
-0.18382
0
0
0
0
0
0
0
0
0
0
0
0
0
0
-0.96119
-0.95961
-0.95703
-0.96135
-0.95756
-0.96227
-0.95682
-0.95964
-0.95775
-0.95709
0
-0.95803
0
0
0
0
0
0
0
0
0
0
0
0
0
0
0
0
0
0
0
0
0
0
0
0
0
0
0
0
0
0
0
0
0
0
0
0
0
0
0
0
0
0
0
0
0
10.5483
0
0
0
0
0
0
0
0
0
0
0
0
0
0
0
0
0
0
0
0
0
0
0
0
0
0
0
0
0
0
0
0
0
0
0
0
0
0
0
0
0
0
0
0
0
0
0
0
0
0
0
0
0
0
0
0
0
0
0
0
-0.96632
-0.9668
-0.96403
-0.96803
-0.96464
-0.9682
-0.96401
0
-0.96461
0
0
0
0
0
0
0
0
0
0
0
0
0
0
0
0
0
0
0
0
0
0
0
0
0
0
0
0
0
0
0
0
0
0
0
0
0
0
0
0
0
0
0
0
0
0
0
0
0
9.9366
0
0
0
0
-0.99933
0
0
0
-1.2107
0
0
0
0
0
0
0
0
0
0
0
0
0
0
0
0
0
0
0
0
0
0
0
0
0
0
0
0
0
0
0
0
0
0
0
0
0
0
0
0
0
0
0
0
0
0
0
0
0
0
0
0
0
0
0
0
0
0
0
0
-1.1275
0
0
0
0
0
0
0
0
0
0
0
0
0
0
0
0
0
0
0
0
0
-1.1265
0
0
0
0
0
0
0
0
0
0
0
0
0
0
0
0
0
-1.1282
0
0
0
0
0
0
0
0
7.8192
0
0
-1.0145
0
0
0
0
0
0
0
0
0
0
0
0
0
0
0
0
0
0
0
0
0
-1.6544
0
0
-1.7682
0
0
0
0
0
0
0
0
0
0
0
0
0
0
0
0
0
0
0
0
0
0
0
0
0
0
0
0
0
0
-1.0763
-1.0744
-1.0718
-1.0765
-1.0721
0
0
0
0
0
0
0
0
0
0
0
0
0
0
0
0
0
0
0
0
0
0
0
0
0
0
0
0
0
0
0
0
0
0
0
0
0
0
0
0
0
0
0
0
-1.0666
0
0
0
0
0
0
0
0
0
0
6.4377
0
0
0
0
0
0
0
0
0
0
0
0
0
0
0
0
0
0
0
0
0
0
0
0
0
0
0
0
0
0
0
0
0
0
0
0
0
0
0
0
0
0
0
0
0
0
0
0
0
0
0
0
0
0
0
0
0
-1.1523
-1.1513
-1.1487
-1.1536
-1.149
0
0
0
0
0
0
0
0
0
0
0
0
0
0
0
0
0
0
0
0
0
0
0
0
0
0
0
0
0
0
0
0
0
0
0
0
0
0
0
0
0
0
0
0
0
0
0
0
0
0
0
0
0
0
0
0
5.755
0
0
0
0
0
0
0
0
0
0
0
0
0
0
0
0
0
0
0
0
0
0
0
0
0
0
0
0
0
0
0
0
0
0
0
0
0
0
0
0
0
0
0
0
0
0
0
0
0
0
0
0
0
0
0
0
0
0
0
0
0
0
0
0
0
0
0
0
0
0
0
0
0
0
0
0
0
0
0
0
0
0
0
0
0
0
0
0
0
0
-0.91711
0
0
0
0
0
0
0
0
0
0
0
0
0
0
0
0
0
0
0
0
0
0
0
0
-1.0145
0
0
5.2936
0
0
0
0
0
0
0
0
0
-1.7787
-1.5833
0
0
0
0
0
0
0
0
0
0
0
0
0
0
0
0
0
0
0
0
0
0
0
0
0
0
0
0
0
0
0
0
0
0
0
0
0
0
0
0
0
0
0
0
0
0
0
0
0
0
0
0
0
0
0
0
-0.9739
0
0
0
0
0
0
0
0
0
0
0
0
0
0
0
0
0
0
0
0
0
0
0
0
0
0
0
0
0
0
0
0
0
0
0
0
0
0
0
0
0
0
0
0
0
-0.99933
0
0
0
0
4.706
0
0
0
0
0
0
0
0
0
0
0
0
0
0
0
0
-1.8053
0
0
0
0
0
0
0
0
0
0
0
0
0
0
0
0
0
0
0
0
0
0
0
-0.92743
0
0
0
0
0
0
0
0
0
0
0
0
0
0
0
0
0
0
0
0
-1.3697
0
0
0
0
0
0
0
0
0
0
0
0
0
0
0
0
0
0
0
0
0
0
0
0
0
0
0
0
0
0
0
0
0
0
0
0
0
0
0
0
0
0
0
0
0
0
0
0
0
0
0
0
0
0
0
0
6.9008
0
0
0
0
0
0
0
0
0
-1.7284
0
0
0
0
0
0
0
0
0
0
0
0
0
0
-1.9042
-1.8986
0
0
0
0
0
0
0
0
0
0
0
0
0
0
0
0
0
0
0
0
0
0
0
0
0
0
0
0
0
0
0
0
0
0
0
0
0
0
0
0
0
0
0
0
0
0
0
0
0
0
0
0
0
0
0
0
0
0
0
0
0
-1.0118
0
0
0
0
0
0
0
0
0
0
0
0
0
0
0
0
0
0
0
0
0
0
0
0
0
0
0
0
0
0
5.521
-1.4779
0
0
0
0
0
0
0
0
0
0
0
0
0
0
0
0
0
-1.7791
0
0
0
0
0
0
0
0
-1.2522
0
0
0
0
0
0
0
0
0
0
0
0
0
0
0
0
0
0
0
0
0
0
0
0
0
0
0
0
0
0
-1.3271
0
0
0
0
0
0
-1.3394
0
0
0
0
0
0
0
0
0
0
0
0
0
0
0
0
0
0
0
0
0
0
0
0
0
0
0
0
0
0
0
0
0
0
0
0
0
0
0
0
0
0
0
0
0
0
0
0
0
0
0
-1.4779
5.7336
0
0
0
0
0
0
0
0
0
0
0
-1.5892
0
0
0
0
0
0
0
0
0
0
0
0
0
0
0
0
0
0
0
0
0
0
0
0
0
0
0
0
0
0
0
0
0
0
0
0
0
0
0
-1.2849
0
0
0
0
0
0
0
0
0
0
0
0
0
0
0
0
0
0
0
0
0
0
0
0
0
-1.2767
0
0
0
0
0
0
0
0
0
0
0
0
0
0
0
0
0
0
0
0
0
0
0
0
0
0
0
0
0
0
0
-1.2107
0
0
0
0
0
0
0
0
5.4414
0
0
0
0
0
0
0
0
0
0
0
0
0
0
0
0
0
0
0
0
0
0
-1.6691
0
0
0
0
0
0
0
0
0
0
0
0
0
0
0
0
0
0
0
0
0
0
0
0
0
0
0
0
0
0
0
0
0
0
0
0
0
0
0
0
0
0
0
0
0
0
0
0
0
0
0
0
0
0
0
0
0
0
0
0
0
0
0
0
0
0
0
0
0
0
0
0
0
0
0
0
0
0
0
0
0
0
0
0
0
0
0
0
0
0
0
0
0
0
0
5.5103
0
-1.6287
0
0
0
0
0
0
0
0
0
0
0
0
0
0
0
0
0
-2.0093
0
0
-1.8722
0
0
0
0
0
0
0
0
0
0
0
0
0
0
0
0
0
0
0
0
0
0
0
0
0
0
0
-0.97288
0
0
0
0
0
0
0
0
0
0
0
0
0
0
0
0
0
0
0
0
0
0
0
0
0
0
0
0
0
0
0
0
0
0
0
0
0
0
0
0
0
0
0
0
0
0
0
0
0
0
0
0
0
0
0
0
0
0
0
0
0
0
0
0
0
0
0
4.2756
0
0
0
0
-1.3024
0
0
0
0
0
0
0
0
0
0
0
0
0
0
0
0
0
0
0
-2.0003
0
0
0
0
0
0
0
0
0
0
0
0
0
0
0
0
0
0
0
0
0
0
0
0
0
0
0
0
0
0
0
0
0
0
0
0
0
0
0
0
0
0
0
0
0
0
0
0
0
0
0
0
0
0
0
0
-1.6817
0
-1.6873
0
0
0
0
0
0
0
0
0
0
0
0
0
0
0
0
0
0
0
0
0
0
0
0
0
0
0
0
0
0
0
0
-1.6287
0
4.9978
0
0
0
0
0
0
0
0
0
0
0
0
0
0
0
0
0
0
0
0
0
0
0
0
0
0
0
0
0
0
0
0
0
0
0
0
0
0
0
0
0
0
0
0
0
0
0
0
0
0
0
0
0
0
0
0
0
0
0
-1.8989
0
0
0
0
0
0
0
0
0
0
0
0
0
0
0
0
0
0
0
0
0
0
0
-1.8745
0
0
0
0
0
0
0
0
0
0
0
0
0
0
0
0
0
0
0
0
0
0
0
0
0
0
0
0
0
0
0
0
0
0
5.2362
0
0
0
-1.4628
0
0
0
0
0
0
0
0
0
0
0
0
0
0
0
0
0
0
0
0
0
0
0
0
0
0
0
0
0
0
0
0
0
0
0
0
0
0
0
0
0
0
0
0
0
0
0
0
0
0
0
0
0
0
0
0
0
0
0
0
0
0
0
-0.9628
0
0
0
0
0
0
0
0
0
0
0
0
0
0
0
0
0
0
0
0
0
0
0
0
0
0
0
0
0
0
0
0
0
0
0
0
0
0
0
0
-1.7787
0
0
0
0
0
0
0
0
0
3.8182
0
0
0
0
0
0
0
0
0
-1.0766
0
0
0
0
0
0
0
0
0
0
0
0
0
0
0
0
0
0
0
0
0
0
0
0
0
0
0
0
0
0
0
0
0
0
0
0
0
0
0
0
-1.0299
0
0
0
0
0
0
0
0
0
0
0
0
0
0
0
0
0
0
0
0
0
0
0
0
0
0
0
0
0
0
0
0
0
0
0
0
0
0
0
0
0
0
0
0
0
0
0
0
0
0
0
0
0
0
0
0
-1.5833
0
0
0
0
0
0
0
0
0
0
4.246
0
0
0
0
0
0
0
0
0
0
0
0
0
0
0
0
0
0
0
0
0
0
0
0
-1.6328
0
0
0
0
0
0
0
0
0
0
0
0
0
0
0
0
0
0
0
0
0
0
0
0
-1.5436
0
0
0
0
0
0
0
0
0
0
0
0
0
0
0
0
0
0
0
0
0
0
0
0
0
0
0
0
0
0
0
0
0
0
0
0
0
0
0
0
0
0
0
0
0
0
0
0
0
0
0
0
0
0
0
0
0
0
-1.7284
0
0
0
0
-1.3024
0
0
0
0
4.5744
0
0
0
0
0
0
0
0
0
0
0
0
0
0
0
0
0
0
0
0
0
0
0
0
0
0
0
0
0
0
0
0
0
0
0
0
0
0
0
0
0
0
0
-2.7546
0
0
0
0
0
0
0
0
0
0
0
0
0
0
0
0
0
0
0
0
0
0
0
0
0
0
0
0
0
0
0
0
0
0
0
0
0
0
0
0
0
0
0
0
0
0
0
0
0
0
0
0
0
0
0
0
0
0
0
0
0
0
0
0
0
0
0
0
0
0
-1.4628
0
0
0
5.7636
0
-1.5461
0
0
0
0
0
0
0
0
0
0
0
0
0
0
0
0
0
0
0
0
0
0
0
0
0
0
0
0
0
0
0
0
0
0
0
0
0
0
0
0
0
0
0
0
0
0
0
0
0
0
0
0
0
0
0
0
0
0
0
0
0
0
-0.93795
0
0
0
0
0
0
0
0
0
0
0
0
0
0
0
0
0
0
0
0
0
0
0
0
0
0
0
0
0
0
0
0
0
0
0
0
0
0
0
0
0
0
0
0
0
0
0
0
0
0
0
0
0
3.0089
0
0
0
0
0
-2.071
0
0
0
0
0
0
0
0
0
0
0
0
0
0
0
0
0
0
0
0
0
0
0
0
0
0
0
0
0
0
0
0
0
0
0
0
0
0
0
0
0
0
0
0
0
0
0
0
0
0
0
0
0
0
0
0
0
-3.6451
0
0
0
0
0
0
0
0
0
0
0
0
0
0
0
0
0
0
0
0
0
0
0
0
0
0
0
0
0
0
0
0
0
0
0
0
0
0
0
0
0
0
0
0
0
0
0
0
0
0
0
0
-1.5461
0
5.1913
0
0
0
0
0
0
0
0
0
0
0
0
0
0
0
0
0
0
0
0
0
0
0
0
0
0
0
0
0
0
0
0
0
0
0
0
0
0
0
0
0
0
0
0
0
0
0
0
0
0
0
0
0
0
0
0
0
0
0
0
0
0
0
0
0
0
0
0
0
0
0
0
-2.4317
0
0
0
0
0
0
0
0
0
0
0
0
0
0
0
0
0
0
0
0
0
0
0
0
0
0
0
0
0
0
0
0
0
-1.5892
0
0
0
0
0
0
0
0
0
0
0
4.0209
0
0
0
0
0
0
0
0
0
0
0
0
0
0
0
0
0
0
0
0
0
0
0
0
0
0
0
0
0
0
0
0
0
0
0
0
0
0
0
0
0
0
0
0
0
0
0
0
-2.2147
0
0
0
0
0
0
0
0
0
0
0
0
0
0
0
0
0
0
0
0
0
0
0
0
0
0
0
0
0
0
0
0
0
0
0
0
0
-2.1438
0
0
0
0
0
0
0
0
0
0
0
0
0
0
0
0
0
0
0
0
0
0
0
0
0
0
0
0
0
0
0
4.3585
0
0
0
0
0
0
0
0
0
0
0
0
0
0
0
0
0
0
0
0
0
0
0
0
0
0
0
0
0
0
0
0
0
0
0
0
0
0
0
0
0
0
0
0
0
0
0
0
0
0
0
0
0
0
0
0
0
0
0
0
0
0
0
0
0
0
0
0
0
0
0
0
0
0
0
0
-1.2338
0
0
0
0
0
0
0
0
0
0
0
0
0
0
0
0
0
0
0
0
0
0
0
0
-1.8053
0
0
0
0
0
0
0
0
0
0
0
0
0
0
0
0
3.0391
0
0
0
0
0
0
0
0
0
0
0
0
0
0
0
0
0
0
0
0
0
0
0
0
0
0
0
0
0
0
0
0
0
0
0
0
0
0
0
0
0
0
0
0
0
0
0
0
0
0
0
0
0
0
0
0
0
0
0
0
0
0
0
0
0
0
-2.2109
0
-2.1898
0
0
0
0
0
0
0
0
0
0
0
0
0
0
0
0
0
0
0
0
0
0
0
0
0
0
0
0
0
0
0
0
0
0
0
0
0
0
0
0
0
0
0
0
0
0
0
0
0
4.4008
0
0
0
0
0
0
0
0
0
0
0
0
0
0
0
0
0
0
0
0
0
0
0
0
0
0
0
0
0
0
0
0
0
0
0
0
0
0
0
0
0
0
0
0
0
0
0
0
0
0
0
0
0
0
0
0
0
0
0
0
0
0
0
0
0
0
0
0
0
0
0
0
0
0
0
0
0
0
0
0
0
0
0
0
0
0
0
0
0
0
0
0
0
0
0
0
0
0
0
0
0
0
0
0
0
0
0
0
-1.0766
0
0
0
-2.071
0
0
0
0
0
3.1476
0
0
0
0
0
0
0
0
0
0
0
0
0
0
0
0
0
0
0
0
0
0
0
0
0
0
0
0
0
0
0
0
0
0
0
0
0
0
0
0
0
0
0
0
0
0
0
0
0
0
0
0
0
0
0
0
0
0
0
0
0
0
0
0
0
0
0
0
0
0
0
0
0
0
-1.5232
0
0
0
0
0
0
0
0
0
0
0
0
0
0
0
0
0
0
0
0
0
0
0
0
0
0
0
0
0
0
0
0
0
0
0
0
0
0
0
0
0
0
0
3.2916
0
0
0
0
0
0
0
-1.7684
0
0
0
0
0
0
0
0
0
0
0
0
0
0
0
0
0
0
0
0
0
0
0
0
0
0
0
0
0
0
0
0
0
0
0
0
0
0
0
0
0
0
0
0
0
0
0
0
0
0
0
0
0
0
0
0
0
0
0
0
0
0
0
0
0
0
0
0
0
0
0
0
0
0
0
0
0
0
0
0
0
0
0
0
0
-1.6544
0
0
0
0
0
-1.7791
0
0
0
0
0
0
0
0
0
0
0
0
0
0
0
0
0
0
3.4336
0
0
0
0
0
0
0
0
0
0
0
0
0
0
0
0
0
0
0
0
0
0
0
0
0
0
0
0
0
0
0
0
0
0
-2.2676
0
0
0
0
0
0
0
0
0
0
0
0
0
0
0
0
0
0
0
0
0
0
0
0
0
0
0
0
0
0
-2.2498
0
0
0
0
0
0
0
0
0
0
0
0
0
0
0
0
0
0
0
0
0
0
0
0
0
0
0
0
0
0
0
0
0
0
0
0
0
0
0
0
0
0
0
0
0
0
0
0
0
0
0
0
4.5174
0
0
0
0
0
0
0
0
0
0
0
0
0
0
0
0
0
0
0
0
0
0
0
0
0
0
0
0
0
0
0
0
0
0
0
0
-2.257
0
0
0
0
0
0
0
0
0
0
0
-2.2473
0
0
0
0
0
0
0
0
0
0
0
0
0
0
0
0
0
0
0
0
0
0
0
0
0
0
0
0
0
0
0
0
0
0
0
0
0
0
0
0
0
0
0
0
0
0
0
0
0
0
0
0
0
0
0
0
0
0
0
0
0
0
0
0
0
0
0
0
0
4.5043
0
0
0
0
0
0
0
0
0
0
0
0
0
0
0
0
0
0
0
0
0
0
0
0
0
0
0
0
0
0
0
0
0
0
0
0
0
0
0
0
0
-2.3815
0
0
0
0
0
0
0
0
0
0
0
0
0
0
0
0
0
0
0
0
0
0
0
0
0
0
0
0
0
0
0
0
0
0
0
0
0
0
0
0
0
0
0
0
0
0
0
0
-1.7682
0
0
0
0
0
0
0
0
0
0
0
0
0
0
0
0
0
0
0
0
0
0
0
0
0
0
0
4.1496
0
0
0
0
0
0
0
0
0
0
0
0
0
0
0
0
0
0
0
0
0
0
0
0
0
0
0
0
0
0
0
0
-1.9712
0
0
0
0
0
0
0
0
0
0
0
0
0
0
0
0
0
0
0
0
0
0
0
0
0
0
0
0
0
0
0
0
0
0
0
0
0
0
0
0
0
0
0
0
0
0
0
0
0
0
0
0
0
0
0
0
0
0
0
0
0
0
0
0
0
-2.0093
0
0
0
0
0
0
0
0
0
0
0
0
0
0
0
0
0
0
0
3.9805
0
0
0
0
0
0
0
0
0
0
0
0
0
0
0
0
0
0
0
0
0
0
0
0
0
0
0
0
0
0
0
0
0
0
0
0
0
0
0
0
0
0
0
0
0
0
0
0
0
0
-2.3342
0
0
0
0
0
0
0
0
0
0
0
0
0
0
0
0
0
0
0
0
0
0
0
0
0
0
0
0
0
0
0
0
0
0
0
0
0
0
0
0
0
0
-1.9042
0
0
0
0
0
0
0
0
0
0
0
0
0
0
0
0
0
0
0
0
0
0
0
0
4.2384
0
0
0
0
0
0
0
0
0
0
0
0
0
0
0
0
0
0
0
0
0
0
0
0
0
0
0
0
0
0
0
0
0
0
0
0
0
0
0
0
0
0
0
0
0
0
0
0
0
0
0
0
0
0
0
0
0
0
0
0
0
0
0
0
0
0
0
0
0
0
0
0
0
0
0
0
0
0
0
0
0
0
0
0
0
0
0
0
0
0
0
0
-1.8986
0
0
-1.6691
0
0
0
0
0
0
0
0
0
0
0
0
0
0
0
0
0
0
0
0
0
0
3.5677
0
0
0
0
0
0
0
0
0
0
0
0
0
0
0
0
0
0
0
0
0
0
0
0
0
0
0
0
0
0
0
0
0
0
0
0
0
0
0
0
0
0
0
0
0
0
0
0
0
0
0
0
0
0
0
0
0
0
0
0
0
0
0
0
0
0
0
0
0
0
0
0
0
0
0
0
0
0
0
0
0
0
0
0
0
0
0
0
0
0
0
0
0
0
0
-1.8722
0
0
0
0
0
0
0
0
0
0
0
0
0
0
-1.7684
0
0
0
0
0
0
0
3.6406
0
0
0
0
0
0
0
0
0
0
0
0
0
0
0
0
0
0
0
0
0
0
0
0
0
0
0
0
0
0
0
0
0
0
0
0
-3.4784
0
0
0
0
0
0
0
0
0
0
0
0
0
0
0
0
0
0
0
0
0
0
0
0
0
0
0
0
0
0
0
0
0
0
0
0
0
0
0
0
0
0
0
0
0
0
0
0
0
0
0
0
0
0
0
0
0
0
0
0
0
0
0
0
0
0
0
0
0
0
0
0
0
0
0
0
0
0
0
0
0
3.4784
0
0
0
0
0
0
0
0
0
0
0
0
0
0
0
0
0
0
0
0
0
0
0
0
0
0
0
0
0
0
0
0
0
0
0
0
0
0
0
0
0
0
0
0
0
0
0
0
0
0
0
0
0
0
0
0
0
0
0
0
0
0
0
0
0
0
0
0
0
0
0
0
0
0
0
0
0
0
0
0
0
0
0
0
0
0
0
0
0
0
-1.2522
0
0
0
0
0
0
0
0
0
0
0
0
0
0
0
0
0
0
0
0
0
0
0
0
0
0
0
1.2522
0
0
0
0
0
0
0
0
0
0
0
0
0
0
0
0
0
0
0
0
0
0
0
0
0
0
0
0
0
0
0
0
0
0
0
0
0
0
0
0
0
0
0
0
0
0
0
0
0
0
0
0
0
0
0
0
0
0
0
0
0
0
0
0
0
0
0
0
0
0
0
0
0
0
0
0
0
0
0
0
0
0
0
0
0
0
0
0
0
0
0
0
0
-2.0003
0
0
0
0
0
0
0
0
0
0
0
0
0
0
0
0
0
0
0
0
0
0
0
0
2.0003
0
0
0
0
0
0
0
0
0
0
0
0
0
0
0
0
0
0
0
0
0
0
0
0
0
0
0
0
0
0
0
0
0
0
0
0
0
0
0
0
0
0
0
0
0
0
0
-2.0016
0
0
0
0
0
0
0
0
0
0
0
0
0
0
0
0
0
0
0
0
0
0
0
0
0
0
0
0
0
0
0
0
0
0
0
0
0
0
0
0
0
0
0
0
0
0
0
0
0
0
0
0
0
0
0
0
0
0
0
0
0
0
0
0
0
0
0
0
0
0
2.0016
0
0
0
0
0
0
0
0
0
0
0
0
0
0
0
0
0
0
0
0
0
0
0
0
0
-3.5647
0
0
0
0
0
0
0
0
0
0
0
0
0
0
0
0
0
0
0
0
0
0
0
0
0
0
0
0
0
0
0
0
0
0
0
0
0
0
0
0
0
0
0
0
0
0
0
0
0
0
0
0
0
0
0
0
0
0
0
0
0
0
0
0
0
0
0
0
0
0
0
0
0
0
0
0
0
0
0
0
0
0
0
0
0
0
0
0
0
0
0
0
3.5647
0
0
0
0
0
0
0
0
0
0
0
0
0
0
0
0
0
0
0
0
0
0
0
0
0
0
0
0
0
0
0
0
0
0
0
-2.6578
0
0
0
0
0
0
0
0
0
0
0
0
0
0
0
0
0
0
0
0
0
0
0
0
0
0
0
0
0
0
0
0
0
0
0
0
0
0
0
0
0
0
0
0
0
0
0
0
0
0
0
0
0
0
0
0
0
0
0
0
0
0
0
0
0
0
0
0
0
0
0
0
0
0
0
0
0
0
0
0
0
0
2.6578
0
0
0
0
0
0
0
0
0
0
0
0
0
0
0
0
0
0
0
0
0
0
0
0
0
0
0
0
0
0
0
0
0
0
0
0
0
0
0
0
0
0
0
0
0
0
0
0
0
0
0
0
0
0
0
0
0
0
0
0
0
0
0
0
0
0
0
0
0
0
0
0
0
0
0
0
0
0
0
0
0
0
0
0
0
0
0
0
0
0
0
0
0
-1.6328
0
0
0
0
0
0
0
0
0
0
0
0
0
0
0
0
0
0
0
0
0
0
0
0
1.6328
0
0
0
0
0
0
0
0
0
0
0
0
0
0
0
0
0
0
0
0
0
0
0
0
0
0
0
0
0
0
-2.9376
0
0
0
0
0
0
0
0
0
0
0
0
0
0
0
0
0
0
0
0
0
0
0
0
0
0
0
0
0
0
0
0
0
0
0
0
0
0
0
0
0
0
0
0
0
0
0
0
0
0
0
0
0
0
0
0
0
0
0
0
0
0
0
0
0
0
0
0
0
0
0
0
0
0
0
0
0
0
0
0
0
0
0
0
0
0
0
2.9376
0
0
0
0
0
0
0
0
0
0
0
0
0
0
0
0
0
0
0
0
0
0
0
0
0
0
0
0
0
0
0
0
0
0
0
0
0
0
0
0
0
0
0
0
0
0
0
0
0
0
0
0
-1.3747
0
0
0
0
0
0
0
0
0
0
0
0
0
0
0
0
0
0
0
0
0
0
0
0
0
0
0
0
0
0
0
0
0
0
0
0
0
0
0
0
0
0
0
0
0
0
0
0
0
0
0
0
0
0
0
0
0
0
0
0
0
0
0
0
0
1.3747
0
0
0
0
0
0
0
0
0
0
0
0
0
0
0
0
0
0
0
0
0
0
0
0
0
0
0
0
0
0
-3.4309
0
0
0
0
0
0
0
0
0
0
0
0
0
0
0
0
0
0
0
0
0
0
0
0
0
0
0
0
0
0
0
0
0
0
0
0
0
0
0
0
0
0
0
0
0
0
0
0
0
0
0
0
0
0
0
0
0
0
0
0
0
0
0
0
0
0
0
0
0
0
0
0
0
0
0
0
0
0
0
0
0
0
0
0
0
0
0
3.4309
0
0
0
0
0
0
0
0
0
0
0
0
0
0
0
0
0
0
0
0
0
0
0
0
-3.3099
0
0
0
0
0
0
0
0
0
0
0
0
0
0
0
0
0
0
0
0
0
0
0
0
0
0
0
0
0
0
0
0
0
0
0
0
0
0
0
0
0
0
0
0
0
0
0
0
0
0
0
0
0
0
0
0
0
0
0
0
0
0
0
0
0
0
0
0
0
0
0
0
0
0
0
0
0
0
0
0
0
0
0
0
0
0
0
0
0
0
0
0
0
3.3099
0
0
0
0
0
0
0
0
0
0
0
0
0
0
0
0
0
0
0
0
0
0
0
0
0
0
0
0
0
0
0
0
0
0
0
0
0
0
0
0
0
0
0
0
0
0
0
0
0
0
0
0
0
0
0
0
0
0
0
0
0
0
0
0
0
0
0
0
0
0
0
-0.18382
0
0
0
0
0
0
0
0
0
0
0
0
0
0
0
0
0
0
0
0
0
0
0
0
0
0
0
0
0
0
0
0
0
0
0
0
0
0
0
0
0
0
0
0
0
0
0.18382
0
0
0
0
0
0
0
0
0
0
0
0
0
0
0
0
0
0
0
0
0
0
0
0
0
0
0
0
0
0
0
0
0
0
0
0
0
0
0
0
0
0
0
0
0
0
0
0
0
0
0
0
0
0
0
0
0
0
0
0
0
0
0
0
0
0
0
0
0
0
0
0
0
0
0
0
0
-0.92743
0
0
0
0
0
0
0
0
0
0
0
0
0
0
0
0
0
0
0
0
0
0
0
0
0
0
0
0
0
0
0
0
0
0
0
0
0
0
0
0
0.92743
0
0
0
0
0
0
0
0
0
0
0
0
0
0
0
0
0
0
0
0
0
0
0
-3.4784
0
0
0
0
0
0
0
0
0
0
0
0
0
0
0
0
0
0
0
0
0
0
0
0
0
0
0
0
0
0
0
0
0
0
0
0
0
0
0
0
0
0
0
0
0
0
0
0
0
0
0
0
0
0
0
0
0
0
0
0
0
0
0
0
0
0
0
0
0
0
0
0
0
0
0
0
0
0
0
0
0
0
0
0
0
0
0
0
0
0
0
0
0
0
3.4784
0
0
0
0
0
0
0
0
0
0
0
0
0
0
0
0
0
-3.7055
0
0
0
0
0
0
0
0
0
0
0
0
0
0
0
0
0
0
0
0
0
0
0
0
0
0
0
0
0
0
0
0
0
0
0
0
0
0
0
0
0
0
0
0
0
0
0
0
0
0
0
0
0
0
0
0
0
0
0
0
0
0
0
0
0
0
0
0
0
0
0
0
0
0
0
0
0
0
0
0
0
0
0
0
0
0
0
0
0
0
0
0
0
0
0
0
0
0
0
0
3.7055
0
0
0
0
0
0
0
0
0
0
0
0
0
0
0
0
0
0
0
0
0
0
0
0
0
0
0
0
0
0
0
0
-2.2592
0
0
0
0
0
0
0
0
0
0
0
0
0
0
0
0
0
0
0
0
0
0
0
0
0
0
0
0
0
0
0
0
0
0
0
0
0
0
0
0
0
0
0
0
0
0
0
0
0
0
0
0
0
0
0
0
0
0
0
0
0
0
0
0
0
0
0
0
0
0
0
0
0
0
0
0
0
0
0
0
0
0
0
0
0
2.2592
0
0
0
0
0
0
0
0
0
0
0
0
0
0
0
0
0
0
0
0
0
0
0
0
0
0
0
-2.516
0
0
0
0
0
0
0
0
0
0
0
0
0
0
0
0
0
0
0
0
0
0
0
0
0
0
0
0
0
0
0
0
0
0
0
0
0
0
0
0
0
0
0
0
0
0
0
0
0
0
0
0
0
0
0
0
0
0
0
0
0
0
0
0
0
0
0
0
0
0
0
0
0
0
0
0
0
0
0
0
0
0
0
0
0
0
0
0
0
0
2.516
0
0
0
0
0
0
0
0
0
0
0
0
0
0
0
0
0
0
0
0
0
0
0
0
0
0
0
0
0
0
0
0
0
0
-2.0016
0
0
0
0
0
0
0
0
0
0
0
0
0
0
0
0
0
0
0
0
0
0
0
0
0
0
0
0
0
0
0
0
0
0
0
0
0
0
0
0
0
0
0
0
0
0
0
0
0
0
0
0
0
0
0
0
0
0
0
0
0
0
0
0
0
0
0
0
0
0
0
0
0
0
0
0
0
0
0
0
0
0
0
2.0016
0
0
0
0
0
0
0
0
0
0
0
0
0
0
0
-3.667
0
0
0
0
0
0
0
0
0
0
0
0
0
0
0
0
0
0
0
0
0
0
0
0
0
0
0
0
0
0
0
0
0
0
0
0
0
0
0
0
0
0
0
0
0
0
0
0
0
0
0
0
0
0
0
0
0
0
0
0
0
0
0
0
0
0
0
0
0
0
0
0
0
0
0
0
0
0
0
0
0
0
0
0
0
0
0
0
0
0
0
0
0
0
0
0
0
0
0
0
0
0
3.667
0
0
0
0
0
0
0
0
0
0
0
0
0
0
0
0
0
0
0
0
0
0
-2.6577
0
0
0
0
0
0
0
0
0
0
0
0
0
0
0
0
0
0
0
0
0
0
0
0
0
0
0
0
0
0
0
0
0
0
0
0
0
0
0
0
0
0
0
0
0
0
0
0
0
0
0
0
0
0
0
0
0
0
0
0
0
0
0
0
0
0
0
0
0
0
0
0
0
0
0
0
0
0
0
0
0
0
0
0
0
0
0
0
0
0
0
0
0
0
0
2.6577
0
0
0
0
0
0
0
0
0
0
0
0
0
0
0
0
0
0
0
0
0
0
0
0
0
0
0
0
0
0
0
0
0
0
0
0
0
0
0
0
0
-1.6451
0
0
0
0
0
0
0
0
0
0
0
0
0
0
0
0
0
0
0
0
0
0
0
0
0
0
0
0
0
0
0
0
0
0
0
0
0
0
0
0
0
0
0
0
0
0
0
0
0
0
0
0
0
0
0
0
0
0
0
0
0
0
0
0
0
0
0
0
0
0
0
0
0
0
0
0
1.6451
0
0
0
0
0
0
0
0
0
0
0
0
0
0
0
0
0
0
0
0
0
0
0
0
0
0
0
0
0
0
0
0
0
0
-1.7166
0
0
0
0
0
0
0
0
0
0
0
0
0
0
0
0
0
0
0
0
0
0
0
0
0
0
0
0
0
0
0
0
0
0
0
0
0
0
0
0
0
0
0
0
0
0
0
0
0
0
0
0
0
0
0
0
0
0
0
0
0
0
0
0
0
0
0
0
0
0
0
0
0
0
0
0
0
0
0
0
0
0
0
1.7166
0
0
0
0
0
0
0
0
0
0
0
0
0
0
0
0
0
0
0
0
0
0
0
0
0
0
0
0
0
0
0
0
0
0
0
0
-1.9105
0
0
0
0
0
0
0
0
0
0
0
0
0
0
0
0
0
0
0
0
0
0
0
0
0
0
0
0
0
0
0
0
0
0
0
0
0
0
0
0
0
0
0
0
0
0
0
0
0
0
0
0
0
0
0
0
0
0
0
0
0
0
0
0
0
0
0
0
0
0
0
0
0
0
0
0
0
0
0
0
0
1.9105
0
0
0
0
0
0
0
0
0
0
0
0
0
0
0
0
-3.4308
0
0
0
0
0
0
0
0
0
0
0
0
0
0
0
0
0
0
0
0
0
0
0
0
0
0
0
0
0
0
0
0
0
0
0
0
0
0
0
0
0
0
0
0
0
0
0
0
0
0
0
0
0
0
0
0
0
0
0
0
0
0
0
0
0
0
0
0
0
0
0
0
0
0
0
0
0
0
0
0
0
0
0
0
0
0
0
0
0
0
0
0
0
0
0
0
0
0
0
0
0
3.4308
0
0
0
0
0
0
0
0
0
0
0
0
0
0
0
0
0
0
0
0
0
0
0
0
0
0
0
0
0
0
0
0
0
0
0
0
0
-1.6451
0
0
0
0
0
0
0
0
0
0
0
0
0
0
0
0
0
0
0
0
0
0
0
0
0
0
0
0
0
0
0
0
0
0
0
0
0
0
0
0
0
0
0
0
0
0
0
0
0
0
0
0
0
0
0
0
0
0
0
0
0
0
0
0
0
0
0
0
0
0
0
0
0
0
0
0
0
0
0
0
1.6451
0
0
0
0
0
0
0
0
0
0
0
0
0
0
0
0
0
0
0
0
0
0
0
0
-2.2409
0
0
0
0
0
0
0
0
0
0
0
0
0
0
0
0
0
0
0
0
0
0
0
0
0
0
0
0
0
0
0
0
0
0
0
0
0
0
0
0
0
0
0
0
0
0
0
0
0
0
0
0
0
0
0
0
0
0
0
0
0
0
0
0
0
0
0
0
0
0
0
0
0
0
0
0
0
0
0
0
0
0
0
0
0
0
0
0
0
0
0
0
0
2.2409
