1.9132356643676758
-6.122742652893066
-9.324256896972656
-7.129373550415039
-9.203022003173828
-10.393994331359863
-10.574597358703613
-10.477258682250977
-10.369471549987793
-10.400577545166016
-10.45917797088623
-10.358670234680176
-10.315765380859375
-10.391623497009277
-10.402010917663574
-10.485292434692383
-10.499319076538086
-10.39752197265625
-10.234613418579102
-10.16344165802002
-10.133974075317383
-10.316028594970703
-10.399805068969727
-10.387653350830078
-10.373388290405273
-10.314327239990234
-10.206001281738281
-10.232945442199707
-10.063116073608398
-9.842792510986328
-9.706116676330566
-9.624505996704102
-9.668352127075195
-9.568950653076172
-9.333696365356445
-9.359720230102539
-9.124040603637695
-8.938461303710938
-8.769603729248047
-8.733708381652832
-8.855548858642578
-9.062091827392578
-9.32352066040039
-9.288272857666016
-9.159629821777344
-9.071016311645508
-9.071146011352539
-9.077554702758789
-8.982152938842773
-8.77862548828125
-8.679365158081055
-8.666865348815918
-8.647603988647461
-8.602560043334961
-8.581083297729492
-8.598570823669434
-8.601818084716797
-8.595040321350098
-8.606572151184082
-8.702006340026855
-8.83027458190918
-8.879369735717773
-8.905608177185059
-8.935600280761719
-8.957572937011719
-8.986294746398926
-8.997953414916992
-9.003633499145508
-9.004568099975586
-9.004287719726562
-9.013813018798828
-9.019086837768555
-9.035436630249023
-11.610026359558105
