0.8121682405471802
0.4413853883743286
1.0458601713180542
-1.13692045211792
-0.9965581893920898
-1.1017348766326904
-1.0606541633605957
-1.0269832611083984
-1.0020513534545898
-1.0424387454986572
-1.0949745178222656
-1.0153372287750244
-0.9672226309776306
-1.177988052368164
-1.142295002937317
-1.07161283493042
-1.0457074642181396
-0.9618197679519653
-0.9589663147926331
-0.9297251105308533
-0.9547032117843628
-1.0751521587371826
-1.118579626083374
-1.1905102729797363
-1.3514397144317627
-1.537186622619629
-1.8085989952087402
-1.9121661186218262
-1.9536468982696533
-1.8430395126342773
-1.5864429473876953
-1.5489729642868042
-1.9677176475524902
-2.1203041076660156
-1.9927939176559448
-1.9553176164627075
-1.7058634757995605
-0.9333904385566711
-0.4786825180053711
-3.011850357055664
-6.648174285888672
-9.956527709960938
-10.406425476074219
-10.265779495239258
-9.974206924438477
-9.522054672241211
-9.245220184326172
-9.343565940856934
-9.317084312438965
-9.122206687927246
-8.99255657196045
-8.919839859008789
-8.749156951904297
-8.695765495300293
-8.753547668457031
-8.851096153259277
-8.892455101013184
-8.7946195602417
-8.75564956665039
-8.608235359191895
-8.493307113647461
-8.49489974975586
-8.48763656616211
-8.532010078430176
-8.561190605163574
-8.607948303222656
-8.639430046081543
-8.676885604858398
-8.69461727142334
-8.702373504638672
-8.724836349487305
-8.730558395385742
-8.74015998840332
0.6889550685882568
