1.2017115354537964
-1.3899964094161987
-3.2430248260498047
-6.493888854980469
-8.6632080078125
-8.915963172912598
-8.91840934753418
-8.774057388305664
-8.745616912841797
-8.822449684143066
-9.003390312194824
-8.8906888961792
-8.86795425415039
-9.170022964477539
-9.314504623413086
-9.536745071411133
-9.642509460449219
-9.755754470825195
-9.68088150024414
-9.600997924804688
-9.548589706420898
-9.653413772583008
-9.751631736755371
-9.773283004760742
-9.842264175415039
-9.847833633422852
-9.778952598571777
-9.794246673583984
-9.695569038391113
-9.500164031982422
-9.340591430664062
-9.291624069213867
-9.3223237991333
-9.218417167663574
-9.072229385375977
-9.112417221069336
-8.893293380737305
-8.750120162963867
-8.614322662353516
-8.579060554504395
-8.647647857666016
-8.786197662353516
-8.962726593017578
-8.912219047546387
-8.778430938720703
-8.67593765258789
-8.673027992248535
-8.698715209960938
-8.593408584594727
-8.361218452453613
-8.269954681396484
-8.252360343933105
-8.24008846282959
-8.22583293914795
-8.232032775878906
-8.245437622070312
-8.242237091064453
-8.241022109985352
-8.24987506866455
-8.346466064453125
-8.468080520629883
-8.521410942077637
-8.547221183776855
-8.592963218688965
-8.621097564697266
-8.65592098236084
-8.670976638793945
-8.684048652648926
-8.687186241149902
-8.687435150146484
-8.704217910766602
-8.711517333984375
-8.732048034667969
-11.061258316040039
