1.153090000152588
1.3065381050109863
1.3052529096603394
1.3629814386367798
1.3684440851211548
1.403167724609375
1.402008056640625
1.410690188407898
1.4420888423919678
1.4137259721755981
1.3792756795883179
1.396030068397522
1.4523437023162842
1.3425841331481934
1.4215764999389648
1.4584909677505493
1.4453493356704712
1.5037717819213867
1.5014770030975342
1.5007359981536865
1.5467896461486816
1.5229690074920654
1.520082950592041
1.5233643054962158
1.559730052947998
1.5620851516723633
1.5477464199066162
1.5433930158615112
1.5061094760894775
1.519580602645874
1.5047502517700195
1.5195250511169434
1.4603893756866455
1.558121919631958
1.4918630123138428
1.378847599029541
1.5130374431610107
1.5098025798797607
1.4751195907592773
1.4714860916137695
1.5577704906463623
1.4999449253082275
1.685441255569458
1.6462959051132202
1.637635588645935
1.6786388158798218
1.8330268859863281
1.8107510805130005
1.852329134941101
1.780045509338379
2.0753135681152344
2.065548896789551
2.138005495071411
-1.0501430034637451
-6.209251403808594
-10.66020679473877
-12.363606452941895
-12.430475234985352
-12.299222946166992
-12.187469482421875
-12.118430137634277
-12.127754211425781
-12.110066413879395
-12.13416862487793
-12.14339828491211
-12.11239242553711
-12.127065658569336
-12.1137056350708
-12.100760459899902
-12.089365005493164
-12.073896408081055
-12.058431625366211
-12.022496223449707
1.384505033493042
