0.7193492650985718
1.4291096925735474
2.118751049041748
-1.8010778427124023
-0.24302881956100464
-0.2849498689174652
-0.29449933767318726
-0.2842765152454376
-0.25989657640457153
-0.26923370361328125
-0.27675729990005493
-0.19980791211128235
-0.1405249387025833
-0.22240538895130157
-0.20538392663002014
-0.16083064675331116
-0.12475693970918655
-0.1008324921131134
-0.1542651653289795
-0.14313842356204987
-0.1061495840549469
-0.1701911836862564
-0.21696044504642487
-0.22238090634346008
-0.2521093189716339
-0.3090988099575043
-0.28543469309806824
-0.28315240144729614
-0.31750982999801636
-0.24511034786701202
-0.2206088900566101
-0.28264373540878296
-0.3944700360298157
-0.37701910734176636
-0.4087987244129181
-0.48556551337242126
-0.34183046221733093
-0.29443031549453735
-0.32047590613365173
-0.2957698404788971
-0.38038450479507446
-0.6491218209266663
-0.6253148317337036
-0.10743138194084167
0.46613478660583496
-0.8726790547370911
-3.4606266021728516
-8.280486106872559
-9.740757942199707
-9.98632526397705
-9.378870010375977
-9.515936851501465
-9.397193908691406
-9.2697114944458
-9.041007995605469
-8.883602142333984
-8.801258087158203
-8.671493530273438
-8.681269645690918
-8.563383102416992
-8.56342887878418
-8.682260513305664
-8.7432861328125
-8.933551788330078
-8.964957237243652
-8.966042518615723
-8.967772483825684
-8.99331283569336
-9.003101348876953
-9.010011672973633
-9.022797584533691
-9.025802612304688
-9.034499168395996
0.7843271493911743
