1.091390609741211
-0.3482283353805542
-0.031193971633911133
2.7265095710754395
-9.903067588806152
-12.494277000427246
-12.384330749511719
-11.742841720581055
-11.3140230178833
-11.258943557739258
-11.246403694152832
-10.977298736572266
-10.854814529418945
-10.920309066772461
-10.912076950073242
-11.008657455444336
-11.097766876220703
-11.050138473510742
-10.88589859008789
-10.773338317871094
-10.777290344238281
-10.913187026977539
-11.015157699584961
-11.05678939819336
-11.153739929199219
-11.123617172241211
-10.976593017578125
-10.977032661437988
-10.8261137008667
-10.529561996459961
-10.311552047729492
-10.310543060302734
-10.53459358215332
-10.460911750793457
-10.218931198120117
-10.285205841064453
-10.07787799835205
-9.933492660522461
-9.747700691223145
-9.712008476257324
-9.755138397216797
-9.822284698486328
-9.89095687866211
-9.785913467407227
-9.61988353729248
-9.519813537597656
-9.554544448852539
-9.613372802734375
-9.497783660888672
-9.229902267456055
-9.1095609664917
-9.071557998657227
-9.087590217590332
-9.061229705810547
-9.039655685424805
-9.067262649536133
-9.064107894897461
-9.032475471496582
-9.023094177246094
-9.097190856933594
-9.213635444641113
-9.277563095092773
-9.3068265914917
-9.328997611999512
-9.345443725585938
-9.367300033569336
-9.370718955993652
-9.373411178588867
-9.371278762817383
-9.369157791137695
-9.377043724060059
-9.380620002746582
-9.391603469848633
-12.69694995880127
