0.928879976272583
0.9290099740028381
0.9294000267982483
0.929610013961792
0.9279000163078308
0.9282199740409851
0.9310500025749207
0.9272000193595886
0.9265099763870239
0.9278500080108643
0.9272000193595886
0.9276599884033203
0.9260900020599365
0.9264400005340576
0.9264299869537354
0.9281499981880188
0.92781001329422
0.9315900206565857
0.9280700087547302
0.9261500239372253
0.9285500049591064
0.9274799823760986
0.9270700216293335
0.9266600012779236
0.9259499907493591
0.9276800155639648
0.9328299760818481
0.9279800057411194
0.9283300042152405
0.9280800223350525
0.9271699786186218
0.9263499975204468
0.926859974861145
0.9266499876976013
0.9258400201797485
0.9318299889564514
0.9286900162696838
0.9293100237846375
0.9283599853515625
0.9276099801063538
0.9276099801063538
0.9256799817085266
0.7463799715042114
1.919100046157837
-10.0
-10.0
-10.0
-10.0
-10.0
-10.0
-10.0
-10.0
-10.0
-10.0
-10.0
-10.0
-10.0
-10.0
-10.0
-10.0
-10.0
-10.0
-10.0
-10.0
-10.0
-10.0
-10.0
-10.0
-10.0
-10.0
-10.0
-10.0
-10.0
0.9311599731445312
