0.9602699875831604
0.9603700041770935
0.959630012512207
0.9599699974060059
0.9591500163078308
0.9606500267982483
0.9598600268363953
0.9598900079727173
0.9617800116539001
0.9625399708747864
0.9614499807357788
0.9611999988555908
0.9612699747085571
0.962149977684021
0.9595400094985962
0.9603000283241272
0.9602400064468384
0.9595199823379517
0.9605100154876709
0.9598399996757507
0.9590499997138977
0.9591500163078308
0.9591500163078308
0.9591500163078308
0.9605000019073486
0.9582399725914001
0.9582499861717224
0.9582499861717224
0.957360029220581
0.957360029220581
0.9569799900054932
0.9591599702835083
0.959309995174408
0.959309995174408
0.9577199816703796
0.9587200284004211
0.9611999988555908
0.9611600041389465
0.9611600041389465
0.9596499800682068
0.9596499800682068
0.9592800140380859
0.9587699770927429
0.9593899846076965
0.958079993724823
0.9595000147819519
0.9579200148582458
1.291200041770935
-10.0
-10.0
-10.0
-10.0
-10.0
-10.0
-10.0
-10.0
-10.0
-10.0
-10.0
-10.0
-10.0
-10.0
-10.0
-10.0
-10.0
-10.0
-10.0
-10.0
-10.0
-10.0
-10.0
-10.0
-10.0
0.96288001537323
