3.9213621616363525
3.6125237941741943
-7.546168804168701
-10.64062213897705
-10.277506828308105
-6.065211772918701
-14.013400077819824
-12.798967361450195
-12.560792922973633
-17.135387420654297
-13.436921119689941
-7.474481582641602
-26.978927612304688
-11.914864540100098
-12.218266487121582
-17.322206497192383
-17.160594940185547
-7.8767170906066895
-3.513397455215454
-14.187506675720215
-13.305380821228027
-11.058865547180176
-22.37398910522461
-22.24418067932129
-12.827031135559082
-16.97762107849121
-18.946746826171875
-26.500516891479492
-15.29996395111084
-10.325576782226562
-10.429473876953125
-15.883991241455078
-9.162551879882812
-18.41246795654297
-22.802703857421875
-17.04143524169922
-18.254507064819336
-5.589728355407715
-22.311542510986328
-9.580375671386719
-14.80659294128418
-7.82021427154541
-24.96328353881836
-22.274471282958984
-11.760905265808105
-19.818492889404297
-35.45009994506836
-28.388818740844727
-19.986509323120117
-19.537900924682617
-14.508584022521973
-0.855095624923706
-8.705302238464355
-17.15472412109375
-14.138989448547363
-11.559721946716309
-19.77324867248535
-22.42263412475586
-2.9714512825012207
-22.799638748168945
-12.831188201904297
-13.798160552978516
-21.712011337280273
-14.248133659362793
-18.962045669555664
-26.33633041381836
-18.753690719604492
-24.008241653442383
-18.225341796875
-7.654889106750488
-20.595550537109375
-19.965097427368164
-34.77137756347656
-8.024235725402832
