2.443363666534424
-2.9483513832092285
-1.9462515115737915
-4.822887420654297
-3.6128859519958496
-4.270898342132568
-5.144803047180176
-5.396757125854492
-3.478760242462158
-4.597759246826172
-4.715686321258545
-5.0129852294921875
-4.931607723236084
-4.784994602203369
-4.780965805053711
-5.225383758544922
-4.550683498382568
-3.5828003883361816
-5.697657585144043
-5.67491340637207
-4.576982498168945
-5.900763511657715
-4.746272087097168
-4.657664775848389
-5.774692058563232
-3.659687042236328
-6.655149936676025
-3.6780083179473877
-6.173754692077637
-4.585099220275879
-3.4739797115325928
-6.035930156707764
-5.524371147155762
-5.025396347045898
-6.660892486572266
-5.471672534942627
-4.863945960998535
-6.344978332519531
-4.780647277832031
-4.509520530700684
-3.104450225830078
-3.487605571746826
-5.269211292266846
-6.002379894256592
-6.409109115600586
-7.4097161293029785
-6.43403434753418
-5.769142150878906
-8.49821662902832
-6.533516883850098
-5.706511974334717
-4.0309062004089355
-5.738643646240234
-6.169963836669922
-7.169981956481934
-7.379570007324219
-6.509869575500488
-4.108434200286865
-5.555589199066162
-4.179477691650391
-4.761491298675537
-8.492300033569336
-5.913052558898926
-7.373056411743164
-6.1696648597717285
-4.7141008377075195
-7.644213676452637
-6.055028915405273
-5.126264572143555
-6.499826908111572
-5.858044624328613
-4.900755405426025
-7.046174049377441
-5.772736549377441
