3.9138646125793457
3.567152500152588
-7.600773334503174
-10.738543510437012
-10.330719947814941
-6.142293930053711
-14.101187705993652
-12.747617721557617
-12.595846176147461
-17.176692962646484
-13.47506046295166
-7.466126441955566
-27.065561294555664
-11.966997146606445
-12.22170639038086
-17.43421173095703
-17.22869300842285
-7.937170028686523
-3.5635297298431396
-14.259366035461426
-13.324250221252441
-11.080669403076172
-22.465404510498047
-22.29326820373535
-12.880587577819824
-17.056730270385742
-19.01799201965332
-26.59902000427246
-15.35708999633789
-10.297269821166992
-10.447833061218262
-15.89887809753418
-9.216524124145508
-18.521589279174805
-22.847925186157227
-17.118070602416992
-18.302104949951172
-5.6176323890686035
-22.369556427001953
-9.639749526977539
-14.833538055419922
-7.7467756271362305
-25.08222007751465
-22.31368637084961
-11.781892776489258
-19.93524932861328
-35.55644226074219
-28.438535690307617
-20.050168991088867
-19.611114501953125
-14.556431770324707
-0.8892298936843872
-8.721443176269531
-17.271406173706055
-14.253612518310547
-11.6392822265625
-19.907577514648438
-22.530742645263672
-2.9789366722106934
-22.858600616455078
-12.910637855529785
-13.850550651550293
-21.79450798034668
-14.276247024536133
-18.96581268310547
-26.437299728393555
-18.905685424804688
-24.05130958557129
-18.316404342651367
-7.724068641662598
-20.64605140686035
-20.023988723754883
-34.860267639160156
-8.079054832458496
