6.462915420532227
-8.606818199157715
-8.646366119384766
-10.352466583251953
-9.160512924194336
-9.172628402709961
-12.122528076171875
-10.780722618103027
-10.69244384765625
-8.814126968383789
-10.107039451599121
-12.87528133392334
-11.329462051391602
-9.94021987915039
-10.801803588867188
-9.942697525024414
-10.903522491455078
-10.9976224899292
-13.396289825439453
-11.25247859954834
-13.99312973022461
-9.546764373779297
-8.374978065490723
-12.875504493713379
-11.72041130065918
-9.461713790893555
-11.948271751403809
-11.145880699157715
-11.729686737060547
-10.968437194824219
-9.852694511413574
-12.185362815856934
-11.6543550491333
-12.11530876159668
-13.825984954833984
-12.175811767578125
-11.501016616821289
-12.607505798339844
-10.696456909179688
-12.227679252624512
-7.161262512207031
-11.579545974731445
-12.959070205688477
-12.285022735595703
-10.512262344360352
-13.155597686767578
-11.931315422058105
-9.4725341796875
-13.145231246948242
-12.097272872924805
-12.444507598876953
-8.225153923034668
-9.230329513549805
-12.743802070617676
-11.7770414352417
-12.799667358398438
-14.169623374938965
-9.124724388122559
-9.087231636047363
-10.826700210571289
-9.871175765991211
-13.463902473449707
-9.24836540222168
-13.27275276184082
-10.119050979614258
-8.328289985656738
-12.405941009521484
-10.931594848632812
-11.588200569152832
-12.3958740234375
-9.236063003540039
-12.334712982177734
-12.222909927368164
-13.19550895690918
