4.988106727600098
4.420255184173584
-7.206603050231934
-9.174555778503418
-9.461801528930664
-4.71997594833374
-13.410867691040039
-13.691957473754883
-12.440844535827637
-17.060518264770508
-13.150858879089355
-8.143009185791016
-25.824844360351562
-11.862435340881348
-12.112401008605957
-16.189884185791016
-16.387409210205078
-7.303635597229004
-2.773289203643799
-12.953145027160645
-13.108739852905273
-10.948766708374023
-20.904027938842773
-21.917640686035156
-12.401516914367676
-16.25236701965332
-18.185556411743164
-25.39222526550293
-14.72282886505127
-11.446372032165527
-10.558708190917969
-15.917243957519531
-8.364862442016602
-16.679941177368164
-22.381561279296875
-15.66191291809082
-18.067340850830078
-5.400115013122559
-21.660432815551758
-8.822271347045898
-14.80502986907959
-8.581230163574219
-23.968429565429688
-22.632659912109375
-11.596120834350586
-18.621177673339844
-34.8396110534668
-28.151865005493164
-18.98031997680664
-18.812774658203125
-14.205001831054688
-0.3998260498046875
-8.680740356445312
-15.979511260986328
-12.946294784545898
-10.650217056274414
-17.786584854125977
-21.191696166992188
-2.829869508743286
-22.158254623413086
-12.156253814697266
-13.05378532409668
-20.47791862487793
-14.336990356445312
-19.175418853759766
-24.92452049255371
-16.84705352783203
-23.785696029663086
-17.402379989624023
-6.755850315093994
-19.96343231201172
-19.222658157348633
-34.473140716552734
-7.449263095855713
