0.3892773687839508
2.9334776401519775
4.267812252044678
13.07519817352295
9.119152069091797
-1.9902745485305786
-8.604966163635254
-3.929856061935425
2.3622729778289795
5.145010948181152
4.879580020904541
-2.2438395023345947
-0.3535897731781006
-2.515421152114868
1.256094217300415
-2.154897928237915
-0.7876962423324585
-1.5045801401138306
3.167302131652832
-3.3937911987304688
-5.710943222045898
-8.059606552124023
-11.805931091308594
1.703081727027893
3.489860773086548
4.28594446182251
-1.177970290184021
0.355172336101532
-4.682857990264893
-8.716355323791504
-0.800149142742157
1.8530484437942505
-12.282699584960938
-11.67493724822998
1.8379957675933838
-0.6767817139625549
-5.81311559677124
-1.2636760473251343
-8.724706649780273
-1.2978774309158325
-10.636466979980469
-6.016611099243164
-18.362302780151367
4.351922035217285
-14.458001136779785
-11.410130500793457
-10.6773042678833
-7.601665019989014
-13.18414306640625
-13.706233024597168
-12.600419998168945
-12.938621520996094
-14.656763076782227
-8.4585542678833
-20.125137329101562
-14.351800918579102
-11.007121086120605
-15.257054328918457
-12.145822525024414
-10.187589645385742
-6.647629737854004
-9.577740669250488
-13.656656265258789
-14.507567405700684
-12.00786018371582
-10.851112365722656
-21.46010971069336
-15.66100788116455
-16.988964080810547
-15.077690124511719
-8.132469177246094
-10.62156867980957
-4.20127010345459
0.9582115411758423
