0.07597558200359344
3.1986522674560547
4.374574184417725
13.744840621948242
9.428055763244629
-1.7528332471847534
-8.466105461120605
-3.993476629257202
2.8124239444732666
5.132949352264404
5.544760227203369
-2.2288196086883545
0.6118375062942505
-2.3965182304382324
1.6735308170318604
-2.2004177570343018
-0.22352337837219238
-1.2488386631011963
3.1101157665252686
-3.2622456550598145
-5.383532524108887
-8.423093795776367
-11.685981750488281
2.00711727142334
3.8702197074890137
4.680928707122803
-0.7403851747512817
1.0024152994155884
-4.256105899810791
-9.022547721862793
-0.5845581889152527
2.7511098384857178
-12.833959579467773
-11.871787071228027
2.6069071292877197
0.05403487756848335
-4.962637424468994
-1.0988224744796753
-8.908414840698242
-0.9458924531936646
-10.75450325012207
-5.594804286956787
-18.388267517089844
4.907106399536133
-14.405704498291016
-11.579485893249512
-10.52211856842041
-7.995776176452637
-13.467832565307617
-13.235274314880371
-12.571281433105469
-13.188560485839844
-14.859846115112305
-8.336751937866211
-20.817140579223633
-14.44997787475586
-10.899100303649902
-15.221851348876953
-12.670523643493652
-9.828695297241211
-6.485149383544922
-9.511430740356445
-13.339083671569824
-14.633484840393066
-11.788424491882324
-10.836769104003906
-21.876951217651367
-15.41346263885498
-17.109397888183594
-15.223372459411621
-8.05339241027832
-10.367205619812012
-4.255093574523926
0.9343920946121216
