2.3460052013397217
2.2760868072509766
3.226330280303955
11.587252616882324
8.740816116333008
-1.5074163675308228
-7.344825267791748
-4.39135217666626
-0.4110037088394165
3.9447824954986572
4.158524513244629
-2.408884286880493
-2.8941431045532227
-3.146177053451538
0.5290305614471436
-1.1721436977386475
-1.83074152469635
-2.946870803833008
4.3277668952941895
-4.237293243408203
-5.616372585296631
-7.4071784019470215
-11.184005737304688
0.9152291417121887
2.424302816390991
3.83217453956604
-3.202928304672241
-0.9708781838417053
-5.529804706573486
-5.748673915863037
-3.0421814918518066
-1.6895043849945068
-11.213424682617188
-9.771790504455566
0.7308699488639832
-2.6636812686920166
-6.965198516845703
-1.2458219528198242
-8.243657112121582
-1.9048811197280884
-9.348050117492676
-6.206200122833252
-17.07799530029297
2.3731493949890137
-13.94837760925293
-11.01844310760498
-10.788787841796875
-4.9733662605285645
-10.573734283447266
-14.625212669372559
-13.001955032348633
-13.714033126831055
-13.92053508758545
-7.747735023498535
-17.41684913635254
-13.925596237182617
-12.115219116210938
-16.563840866088867
-11.37342643737793
-11.269706726074219
-6.92522668838501
-9.394506454467773
-13.613201141357422
-13.904590606689453
-12.929503440856934
-10.545994758605957
-19.542438507080078
-14.848381996154785
-18.860897064208984
-16.294050216674805
-6.75867223739624
-10.24831485748291
-3.1139650344848633
-1.3509825468063354
