6.258481025695801
-7.931231498718262
-7.463649749755859
-9.394183158874512
-9.375298500061035
-8.875268936157227
-11.38199234008789
-11.10329532623291
-10.27418327331543
-9.083388328552246
-10.672998428344727
-12.308865547180176
-11.402559280395508
-9.738311767578125
-11.15822696685791
-10.336931228637695
-11.274712562561035
-10.708635330200195
-13.768098831176758
-11.193161964416504
-13.518056869506836
-9.887662887573242
-8.86227798461914
-12.781891822814941
-11.152924537658691
-8.816309928894043
-11.128800392150879
-11.127219200134277
-12.014320373535156
-11.303882598876953
-9.672894477844238
-11.94251823425293
-11.091225624084473
-11.953533172607422
-13.858213424682617
-11.726757049560547
-11.106987953186035
-11.867681503295898
-10.72515869140625
-11.820051193237305
-6.6633148193359375
-11.197549819946289
-13.059696197509766
-11.993034362792969
-10.730825424194336
-12.715579986572266
-11.5414400100708
-9.738306045532227
-13.209400177001953
-12.127792358398438
-11.589545249938965
-7.953433036804199
-9.596491813659668
-12.200674057006836
-11.519302368164062
-12.569896697998047
-13.636269569396973
-9.504465103149414
-9.023422241210938
-10.152538299560547
-9.913869857788086
-12.965983390808105
-9.586342811584473
-13.237619400024414
-9.898927688598633
-8.463441848754883
-12.352333068847656
-10.785152435302734
-10.942139625549316
-12.13197135925293
-9.455381393432617
-11.821212768554688
-11.827657699584961
-12.664104461669922
