4.045527458190918
-5.203366279602051
-4.680082321166992
-6.742487907409668
-7.168000221252441
-6.860196590423584
-8.307212829589844
-8.865018844604492
-7.586115837097168
-7.459630012512207
-8.641606330871582
-8.398918151855469
-8.618020057678223
-7.073769569396973
-8.453787803649902
-8.131962776184082
-8.558506965637207
-7.284579277038574
-9.876852035522461
-8.091580390930176
-9.543814659118652
-7.919023513793945
-7.490726470947266
-9.019408226013184
-8.80543041229248
-6.459739685058594
-8.767875671386719
-8.082158088684082
-9.441366195678711
-8.426825523376465
-6.948618412017822
-8.7069730758667
-8.107163429260254
-8.685720443725586
-10.434398651123047
-8.052188873291016
-8.33879280090332
-8.69923210144043
-7.911223411560059
-8.148765563964844
-5.066030025482178
-8.047151565551758
-9.529394149780273
-8.908723831176758
-8.77048110961914
-9.806818008422852
-8.87523078918457
-8.013664245605469
-11.077604293823242
-9.253030776977539
-8.710826873779297
-5.990634918212891
-8.234748840332031
-9.014474868774414
-9.011690139770508
-10.100482940673828
-9.7536039352417
-6.793582916259766
-7.23948860168457
-6.906219005584717
-7.0862884521484375
-10.540230751037598
-7.897625923156738
-10.247260093688965
-7.70726203918457
-6.469425201416016
-9.320013999938965
-8.26058578491211
-7.836565971374512
-9.30433464050293
-7.817042350769043
-8.127799987792969
-9.30390739440918
-9.221887588500977
