6.448461532592773
-8.557303428649902
-8.620039939880371
-10.312740325927734
-9.148510932922363
-9.158514022827148
-12.051897048950195
-10.762426376342773
-10.677688598632812
-8.829202651977539
-10.109556198120117
-12.84709644317627
-11.306524276733398
-9.906523704528809
-10.78006362915039
-9.959465026855469
-10.892650604248047
-10.955394744873047
-13.37632942199707
-11.20846176147461
-13.957386016845703
-9.523662567138672
-8.377532958984375
-12.858248710632324
-11.67354965209961
-9.431211471557617
-11.906271934509277
-11.13786506652832
-11.73173713684082
-10.942330360412598
-9.812633514404297
-12.149324417114258
-11.619991302490234
-12.056097030639648
-13.811335563659668
-12.145149230957031
-11.47844123840332
-12.551748275756836
-10.650943756103516
-12.20052719116211
-7.169591903686523
-11.540899276733398
-12.9423828125
-12.230953216552734
-10.487236022949219
-13.124038696289062
-11.89436149597168
-9.454540252685547
-13.12890911102295
-12.06062126159668
-12.409830093383789
-8.213129043579102
-9.203579902648926
-12.697154998779297
-11.731552124023438
-12.780452728271484
-14.104937553405762
-9.134841918945312
-9.082557678222656
-10.821712493896484
-9.872114181518555
-13.41433048248291
-9.250869750976562
-13.264449119567871
-10.087334632873535
-8.341155052185059
-12.403749465942383
-10.92691421508789
-11.528700828552246
-12.340067863464355
-9.222513198852539
-12.304088592529297
-12.203947067260742
-13.144536972045898
