0.9607800245285034
0.9607800245285034
0.9599199891090393
0.9601500034332275
0.9602299928665161
0.959879994392395
0.959879994392395
0.9598900079727173
0.9607300162315369
0.9597799777984619
0.9604899883270264
0.9604399800300598
0.9597600102424622
0.9598399996757507
0.9587399959564209
0.958869993686676
0.9601100087165833
0.9609100222587585
0.9593300223350525
0.9593499898910522
0.9607300162315369
0.95933997631073
0.9591799974441528
0.9586899876594543
0.9601600170135498
0.9596899747848511
0.9609299898147583
0.960070013999939
0.9592199921607971
0.9592400193214417
0.9596899747848511
0.9609100222587585
0.960099995136261
0.9599599838256836
0.9613800048828125
0.9613800048828125
0.959630012512207
0.9605600237846375
0.9607499837875366
0.9603400230407715
0.9603300094604492
0.960319995880127
0.959850013256073
0.9604899883270264
0.9612900018692017
0.9624500274658203
0.9601699709892273
0.9574699997901917
0.9574599862098694
0.9573000073432922
0.9630699753761292
0.9596899747848511
0.9591000080108643
0.9591000080108643
0.9617400169372559
0.9592400193214417
0.9596199989318848
0.9618899822235107
0.964139997959137
0.9588299989700317
0.9559100270271301
0.9480500221252441
0.9676200151443481
1.0326000452041626
-10.0
-10.0
-10.0
-10.0
-10.0
-10.0
-10.0
-10.0
-10.0
0.9613100290298462
