0.9757199883460999
0.9757999777793884
0.9755100011825562
0.9755399823188782
0.9749900102615356
0.9746400117874146
0.9745200276374817
0.974560022354126
0.9749400019645691
0.9750999808311462
0.9750199913978577
0.9748899936676025
0.9747200012207031
0.9747300148010254
0.974839985370636
0.9746800065040588
0.9752500057220459
0.9747400283813477
0.9747800230979919
0.9747700095176697
0.9747800230979919
0.9755200147628784
0.9755200147628784
0.9762799739837646
0.9763100147247314
0.9747700095176697
0.9746800065040588
0.9746299982070923
0.9753299951553345
0.9738799929618835
0.9737899899482727
0.9738699793815613
0.9733999967575073
0.9734899997711182
0.9733999967575073
0.9747099876403809
0.9749299883842468
0.9750900268554688
0.9749799966812134
0.9746000170707703
0.9746999740600586
0.9749100208282471
0.9736800193786621
0.9736499786376953
0.9736300110816956
0.9747200012207031
0.9746299982070923
0.9745500087738037
0.9740800261497498
0.9739699959754944
0.9759200215339661
0.9764400124549866
0.9757400155067444
0.9740300178527832
0.9759899973869324
0.9743300080299377
0.9768000245094299
0.9766799807548523
0.9789000153541565
0.9742299914360046
0.9742299914360046
0.9743199944496155
3.4927000999450684
-10.0
-10.0
-10.0
-10.0
-10.0
-10.0
-10.0
-10.0
-10.0
-10.0
0.9761499762535095
