0.9512100219726562
0.9517899751663208
0.9511799812316895
0.9510999917984009
0.9511200189590454
0.9509000182151794
0.9504299759864807
0.9509000182151794
0.9502500295639038
0.9514399766921997
0.9514399766921997
0.951449990272522
0.9514200091362
0.3509100079536438
-10.0
-10.0
-10.0
-10.0
-10.0
-10.0
-10.0
-10.0
-10.0
-10.0
-10.0
-10.0
-10.0
-10.0
-10.0
-10.0
-10.0
-10.0
-10.0
-10.0
-10.0
-10.0
-10.0
-10.0
-10.0
-10.0
-10.0
-10.0
-10.0
-10.0
-10.0
-10.0
-10.0
-10.0
-10.0
-10.0
-10.0
-10.0
-10.0
-10.0
-10.0
-10.0
-10.0
-10.0
-10.0
-10.0
-10.0
-10.0
-10.0
-10.0
-10.0
-10.0
-10.0
-10.0
-10.0
-10.0
-10.0
-10.0
-10.0
0.9590299725532532
