0.9314200282096863
0.9292700290679932
0.9290800094604492
0.9304500222206116
0.9278299808502197
0.927839994430542
0.9257000088691711
0.9257500171661377
0.9257400035858154
0.9258300065994263
0.9246299862861633
0.9270099997520447
0.928380012512207
0.9259899854660034
0.926580011844635
0.9294400215148926
0.9294499754905701
0.927299976348877
0.929099977016449
0.9285500049591064
0.9281399846076965
0.9279299974441528
0.9269700050354004
0.9269700050354004
0.9240099787712097
0.9266999959945679
0.9240099787712097
0.9244899749755859
0.9247000217437744
0.9326300024986267
0.9251599907875061
0.9271000027656555
0.9118000268936157
-10.0
-10.0
-10.0
-10.0
-10.0
-10.0
-10.0
-10.0
-10.0
-10.0
-10.0
-10.0
-10.0
-10.0
-10.0
-10.0
-10.0
-10.0
-10.0
-10.0
-10.0
-10.0
-10.0
-10.0
-10.0
-10.0
-10.0
-10.0
-10.0
-10.0
-10.0
-10.0
-10.0
-10.0
-10.0
-10.0
-10.0
-10.0
-10.0
-10.0
0.9325600266456604
