1
0.95535
0.93869
0.93005
0.92451
0.92033
0.91658
0.91342
0.91067
0.90819
0.90589
0.90424
0.89733
0.89099
0.88489
0.87922
0.87368
0.86857
0.86358
0.85899
0.85456
0.85045
0.8465
0.84267
0.83884
0.835
0.83111
0.82714
0.82305
0.81885
0.81453
0.8101
0.8056
0.80108
0.79659
0.79216
0.78785
0.78369
0.7797
0.77587
0.77219
0.76866
0.76525
0.76196
0.75879
0.7557
0.75271
0.74978
0.7469
0.74404
0.74122
0.73841
0.73563
0.73289
0.73019
0.72755
0.72498
0.72246
0.71999
0.71755
0.71514
0.71277
0.71045
0.70818
0.70597
0.7038
0.70167
0.69956
0.69744
0.69528
0.69304
0.69066
0.68808
0.68524
0.6821
0.67871
0.67518
0.67168
0.66835
0.66526
0.6624
0.65975
0.6573
0.65501
0.65286
0.65082
0.64887
0.64699
0.64516
0.64336
