1
0.95803
0.94296
0.93547
0.93071
0.92704
0.92369
0.92088
0.9184
0.91616
0.91402
0.91245
0.90661
0.90131
0.89622
0.89151
0.88688
0.88263
0.87843
0.87455
0.87075
0.86722
0.86382
0.86054
0.85731
0.85413
0.85102
0.84797
0.84499
0.84209
0.83925
0.83646
0.83372
0.83101
0.82837
0.82577
0.82323
0.82074
0.8183
0.81589
0.81351
0.81115
0.80881
0.8065
0.80422
0.80196
0.79973
0.79751
0.79529
0.79304
0.79077
0.78847
0.78615
0.7838
0.78145
0.7791
0.77675
0.77439
0.772
0.76956
0.76706
0.76451
0.76192
0.75931
0.75667
0.75404
0.7514
0.74878
0.74616
0.74356
0.74099
0.73844
0.73592
0.73343
0.73095
0.72849
0.72602
0.72354
0.72101
0.71842
0.71575
0.71299
0.71011
0.70712
0.70402
0.70084
0.69761
0.69434
0.69106
0.68776
