1
0.95983
0.94626
0.93965
0.93525
0.9319
0.92888
0.92624
0.92393
0.92176
0.91971
0.91814
0.91313
0.90848
0.90395
0.89968
0.89543
0.89147
0.88752
0.8838
0.88013
0.87666
0.87329
0.86999
0.8667
0.86343
0.86018
0.85697
0.8538
0.85069
0.84762
0.84458
0.84157
0.8386
0.83566
0.83277
0.82992
0.82713
0.82438
0.82167
0.81898
0.81631
0.81368
0.81108
0.80851
0.80599
0.80351
0.80106
0.79862
0.79619
0.79376
0.79133
0.78889
0.78648
0.78408
0.78173
0.77941
0.77714
0.77488
0.77263
0.77038
0.76812
0.76587
0.76364
0.76144
0.75926
0.75711
0.75498
0.75287
0.75077
0.74869
0.74662
0.74458
0.74255
0.74055
0.73856
0.73659
0.73463
0.73267
0.73071
0.72876
0.7268
0.72486
0.72293
0.72102
0.71911
0.71722
0.71534
0.71347
0.7116
