1
0.96001
0.94773
0.94254
0.9391
0.9363
0.93403
0.93179
0.93003
0.92834
0.92686
0.92573
0.92214
0.91892
0.91589
0.91315
0.91047
0.90808
0.90574
0.90362
0.90156
0.89965
0.89777
0.89594
0.89412
0.8923
0.89047
0.88862
0.88678
0.88494
0.88312
0.88131
0.87948
0.87763
0.87575
0.87388
0.87205
0.87027
0.86851
0.8667
0.86472
0.86244
0.85978
0.85675
0.85349
0.85016
0.8469
0.84377
0.84077
0.83788
0.8351
0.83239
0.82974
0.82715
0.82462
0.82215
0.81973
0.81737
0.81506
0.81277
0.8105
0.80826
0.80604
0.80385
0.8017
0.79959
0.79751
0.79546
0.79341
0.79138
0.78937
0.78736
0.78537
0.7834
0.78145
0.77953
0.77764
0.77578
0.77394
0.77212
0.77032
0.76853
0.76675
0.76497
0.7632
0.76143
0.75965
0.75786
0.75607
0.75427
