1
0.96965
0.95878
0.96332
0.96023
0.96173
0.95947
0.96341
0.96209
0.96329
0.96104
0.96296
0.96295
0.96628
0.96791
0.97313
0.97991
0.99068
0.99655
1.0018
1.0047
1.0082
1.0117
1.0157
1.0201
1.0248
1.03
1.0356
1.0418
1.0486
1.056
1.0635
1.0703
1.0763
1.0819
1.0874
1.0932
1.0995
1.106
1.112
1.1171
1.1214
1.1255
1.1296
1.134
1.1389
1.1441
1.1495
1.1545
1.1588
1.1625
1.1659
1.1693
1.1728
1.1766
1.1807
1.185
1.1893
1.1934
1.1971
1.2006
1.2039
1.2072
1.2106
1.2143
1.2182
1.2222
1.2262
1.2301
1.2338
1.2371
1.2402
1.2429
1.2455
1.2479
1.2503
1.2528
1.2555
1.2584
1.2616
1.2651
1.269
1.2733
1.278
1.2828
1.2876
1.2924
1.2969
1.3012
1.3051
