1
0.96004
0.94819
0.94393
0.94158
0.93953
0.93783
0.93622
0.93468
0.93263
0.93063
0.92907
0.92542
0.922
0.91852
0.91521
0.91189
0.90892
0.90597
0.90326
0.90052
0.89795
0.89541
0.89291
0.89037
0.88784
0.88533
0.88291
0.88058
0.87837
0.87629
0.87433
0.87249
0.87079
0.86923
0.86783
0.86659
0.86552
0.8646
0.86378
0.86298
0.86212
0.86114
0.86001
0.85873
0.85734
0.85587
0.85434
0.85277
0.85115
0.84948
0.84777
0.84601
0.84423
0.84244
0.84065
0.83888
0.83711
0.83534
0.83355
0.83172
0.82986
0.82798
0.82609
0.82421
0.82235
0.82049
0.81863
0.81678
0.81493
0.81308
0.81124
0.80941
0.80758
0.80575
0.80392
0.80207
0.80019
0.79827
0.79632
0.79431
0.79228
0.79021
0.78814
0.78607
0.78403
0.78204
0.78012
0.77827
0.77651
