1
0.95596
0.94057
0.93272
0.92736
0.9233
0.91977
0.91673
0.91414
0.91174
0.90958
0.90797
0.90173
0.89602
0.89055
0.88547
0.8805
0.87591
0.87144
0.86733
0.86335
0.85966
0.85611
0.85265
0.84918
0.84567
0.84209
0.83841
0.83461
0.83067
0.82662
0.82245
0.81821
0.81394
0.8097
0.80553
0.80147
0.79757
0.79384
0.79029
0.78688
0.78363
0.78051
0.77751
0.77463
0.77185
0.76917
0.76656
0.764
0.76148
0.75898
0.7565
0.75405
0.75164
0.74928
0.74697
0.74473
0.74255
0.7404
0.73829
0.73621
0.73415
0.73215
0.73019
0.72829
0.72642
0.72459
0.72278
0.72095
0.71908
0.71712
0.71503
0.71274
0.71018
0.70733
0.70421
0.70096
0.69775
0.69469
0.69185
0.68925
0.68685
0.68464
0.68258
0.68065
0.67882
0.67708
0.67541
0.67379
0.67219
