1
0.96225
0.95435
0.96898
0.97084
0.98421
0.98858
0.99723
0.99586
0.99779
0.99424
0.99487
0.9958
1.0014
1.0044
1.0091
1.0085
1.0079
1.0078
1.0103
1.0131
1.0181
1.0247
1.0308
1.036
1.041
1.0462
1.0516
1.0572
1.0629
1.0685
1.0738
1.0788
1.0837
1.0886
1.0935
1.0982
1.1027
1.1073
1.1117
1.1161
1.1205
1.1251
1.1298
1.1346
1.1392
1.1436
1.1477
1.1515
1.1552
1.1588
1.162
1.1647
1.1672
1.1696
1.1721
1.1751
1.1784
1.182
1.1853
1.1883
1.1911
1.1938
1.1967
1.1999
1.2033
1.2066
1.2096
1.2123
1.2147
1.2168
1.2187
1.2207
1.2227
1.225
1.2274
1.23
1.2325
1.2349
1.2371
1.2391
1.241
1.2429
1.2447
1.2465
1.2485
1.2505
1.2526
1.2547
1.2568
