1
0.95572
0.93996
0.93196
0.9264
0.92158
0.91677
0.91234
0.90804
0.90391
0.90002
0.89688
0.88777
0.8795
0.87181
0.86467
0.85759
0.85068
0.84362
0.83672
0.82993
0.82354
0.81753
0.81191
0.80661
0.80159
0.79682
0.79221
0.7877
0.7832
0.77868
0.77411
0.7695
0.76491
0.76041
0.75604
0.75187
0.7479
0.74415
0.74062
0.7373
0.73419
0.73129
0.72859
0.72606
0.72366
0.72127
0.7187
0.71576
0.71232
0.70849
0.70452
0.70062
0.69688
0.69327
0.68976
0.68634
0.68299
0.67968
0.67643
0.67323
0.67012
0.66712
0.66425
0.66151
0.6589
0.6564
0.65399
0.65164
0.64934
0.64709
0.64486
0.64266
0.64048
0.63833
0.63622
0.63416
0.63213
0.63015
0.62821
0.62631
0.62447
0.62268
0.62094
0.61926
0.61762
0.61603
0.61447
0.61294
0.61143
