1
0.957
0.94294
0.93616
0.93128
0.92704
0.92265
0.91873
0.91481
0.91109
0.90753
0.9047
0.89692
0.88979
0.88312
0.87704
0.87119
0.86584
0.86064
0.85587
0.85138
0.84713
0.84277
0.8386
0.83477
0.83112
0.82752
0.82394
0.82039
0.81689
0.81349
0.81022
0.80708
0.80405
0.80111
0.79829
0.79562
0.79313
0.79079
0.78859
0.7865
0.78449
0.78253
0.7806
0.77865
0.77662
0.77447
0.77219
0.76983
0.76744
0.76507
0.76275
0.7605
0.75833
0.75624
0.75427
0.75241
0.75069
0.74911
0.74765
0.74631
0.74509
0.74398
0.74298
0.74208
0.74126
0.74048
0.73971
0.73891
0.73801
0.737
0.73582
0.73448
0.73302
0.73155
0.73016
0.72893
0.72786
0.72695
0.72616
0.72545
0.72479
0.72411
0.72337
0.72254
0.7216
0.72059
0.71953
0.71848
0.71745
