1
0.95615
0.94124
0.93344
0.92814
0.92382
0.91964
0.91604
0.91239
0.90905
0.90585
0.90323
0.8953
0.88798
0.88106
0.87464
0.86834
0.86239
0.85648
0.8509
0.84547
0.84039
0.83556
0.83093
0.82643
0.82205
0.8178
0.81367
0.80967
0.80581
0.80208
0.79845
0.79494
0.79152
0.78822
0.78502
0.7819
0.77884
0.77584
0.77284
0.76982
0.76676
0.76364
0.76049
0.75731
0.75411
0.75092
0.74773
0.74454
0.74133
0.73811
0.73487
0.73162
0.72838
0.72519
0.72205
0.71899
0.71603
0.71314
0.71033
0.70756
0.70486
0.70223
0.69967
0.69719
0.69479
0.69245
0.69016
0.68791
0.68568
0.68347
0.68129
0.67913
0.677
0.67489
0.67281
0.67075
0.6687
0.66665
0.6646
0.66255
0.6605
0.65848
0.65646
0.65446
0.65247
0.65051
0.64855
0.64659
0.64463
