1
0.9578
0.94191
0.93243
0.92504
0.91929
0.91437
0.91023
0.90666
0.90353
0.9008
0.89877
0.891
0.88396
0.87734
0.87126
0.86544
0.86015
0.85507
0.85041
0.84592
0.84172
0.83769
0.83378
0.82991
0.82608
0.82229
0.81856
0.81489
0.8113
0.80778
0.80431
0.80088
0.7975
0.79415
0.79083
0.78751
0.78419
0.78083
0.77738
0.77381
0.77011
0.76629
0.76241
0.75852
0.7547
0.75097
0.74736
0.74386
0.74046
0.73714
0.7339
0.73073
0.72764
0.72465
0.72178
0.71904
0.71641
0.71388
0.71141
0.70896
0.70654
0.70417
0.70184
0.69956
0.69733
0.69512
0.69291
0.69069
0.68845
0.6862
0.68394
0.68168
0.67943
0.67719
0.67497
0.67275
0.6705
0.66822
0.66587
0.66344
0.66094
0.65835
0.65564
0.6528
0.64981
0.64665
0.64334
0.63993
0.63648
