1
0.95636
0.93996
0.92983
0.92205
0.91592
0.91067
0.90631
0.90265
0.89945
0.89667
0.8947
0.88652
0.87909
0.87205
0.86553
0.85926
0.8535
0.84796
0.84288
0.83798
0.83342
0.82904
0.8248
0.8206
0.81643
0.81226
0.80808
0.80385
0.79956
0.79519
0.79071
0.78609
0.78136
0.77655
0.77171
0.76691
0.76223
0.75773
0.75341
0.74931
0.74539
0.74166
0.7381
0.73467
0.73135
0.72812
0.72494
0.72181
0.71869
0.71559
0.7125
0.70944
0.70642
0.70348
0.70064
0.69792
0.69531
0.69279
0.69034
0.68795
0.68561
0.68334
0.68114
0.67901
0.67693
0.67489
0.67284
0.67076
0.66862
0.6664
0.66406
0.66153
0.6588
0.6558
0.65253
0.64903
0.64542
0.6418
0.63828
0.6349
0.63167
0.62858
0.62563
0.62278
0.62005
0.61741
0.61488
0.61244
0.6101
