1
0.9541
0.93703
0.92722
0.91993
0.91445
0.90991
0.9061
0.90292
0.90008
0.89762
0.89586
0.88793
0.88067
0.87373
0.86727
0.86101
0.85527
0.84972
0.84464
0.83975
0.8352
0.83081
0.82652
0.82219
0.81781
0.81333
0.80872
0.80396
0.79906
0.79403
0.78888
0.78367
0.77843
0.77323
0.76812
0.76315
0.75836
0.7538
0.74946
0.74535
0.74144
0.73773
0.7342
0.73083
0.72758
0.72444
0.72137
0.71834
0.71534
0.71236
0.70939
0.70644
0.70353
0.70069
0.69794
0.69529
0.69274
0.69028
0.68786
0.68549
0.68316
0.68089
0.67869
0.67654
0.67444
0.67235
0.67023
0.66804
0.66575
0.66332
0.66068
0.65778
0.65457
0.65101
0.64716
0.64314
0.63912
0.63522
0.63152
0.62801
0.62469
0.62153
0.61852
0.61564
0.61287
0.61022
0.60769
0.60528
0.60297
