1
0.95833
0.94361
0.93627
0.93206
0.92829
0.9254
0.92235
0.92
0.91786
0.9162
0.915
0.91014
0.9054
0.90075
0.89622
0.89178
0.88753
0.88347
0.8795
0.87557
0.87163
0.86757
0.86346
0.85931
0.85518
0.8511
0.84708
0.84315
0.83931
0.83553
0.83172
0.82775
0.82351
0.819
0.81435
0.8097
0.80514
0.80069
0.79633
0.792
0.78761
0.78312
0.77857
0.77408
0.76974
0.76558
0.7616
0.75778
0.75409
0.75055
0.74714
0.74388
0.74079
0.73788
0.73517
0.73266
0.73036
0.72823
0.72626
0.72443
0.72271
0.72112
0.71963
0.71822
0.71689
0.71561
0.71436
0.71312
0.71187
0.71062
0.70935
0.70807
0.70677
0.70545
0.70414
0.70284
0.70154
0.70025
0.69896
0.69768
0.6964
0.69512
0.69385
0.69257
0.6913
0.69002
0.68876
0.68751
0.68627
