1
0.95603
0.93871
0.92889
0.92224
0.91685
0.9121
0.9079
0.90439
0.90132
0.89874
0.89699
0.88925
0.88201
0.87487
0.86794
0.86099
0.85437
0.84788
0.84181
0.83592
0.83031
0.82476
0.81918
0.8135
0.80774
0.80192
0.79607
0.79019
0.78432
0.77845
0.77261
0.76681
0.76108
0.75542
0.74984
0.74432
0.73887
0.73349
0.7282
0.72299
0.7179
0.71292
0.70809
0.70341
0.6989
0.69456
0.69042
0.68647
0.68271
0.6791
0.67561
0.67218
0.66872
0.66515
0.66141
0.65747
0.65341
0.64942
0.64571
0.64237
0.63943
0.63683
0.63452
0.63243
0.6305
0.62866
0.62686
0.62506
0.62323
0.62136
0.61943
0.61743
0.61534
0.61315
0.61085
0.60844
0.6059
0.60321
0.60037
0.59738
0.59426
0.59104
0.58778
0.58452
0.58134
0.57826
0.57532
0.57251
0.56983
