1
0.85359
2.0218
2.1331
2.3378
2.4651
2.5301
2.5689
2.6199
2.6551
2.6739
2.7058
2.8118
2.9054
2.9889
3.0655
3.1371
3.2056
3.271
3.3337
3.3934
3.4505
3.5047
3.5563
3.6055
3.6529
3.6986
3.7428
3.7854
3.8265
3.8661
3.9044
3.9413
3.9773
4.0123
4.0465
4.0799
4.1126
4.1446
4.1759
4.2066
4.2367
4.2663
4.2954
4.324
4.3522
4.3798
4.407
4.4337
4.4598
4.4854
4.5105
4.535
4.5592
4.583
4.6064
4.6296
4.6525
4.6751
4.6975
4.7196
4.7414
4.7629
4.7841
4.8049
4.8252
4.8452
4.8646
4.8835
4.9019
4.9198
4.937
4.9537
4.9699
4.9855
5.0006
5.0152
5.0294
5.0432
5.0568
5.07
5.083
5.0958
5.1084
5.1209
5.1333
5.1457
5.1579
5.17
5.182
