1
0.95514
0.9374
0.92771
0.92133
0.9162
0.91161
0.90775
0.90445
0.90184
0.89963
0.89825
0.89089
0.88428
0.878
0.87241
0.86714
0.86136
0.85322
0.84437
0.83608
0.82858
0.82154
0.8149
0.8086
0.80263
0.79697
0.79159
0.78647
0.78159
0.77693
0.77249
0.76827
0.76431
0.7606
0.75716
0.754
0.7511
0.74847
0.74612
0.74403
0.74221
0.74061
0.73921
0.73795
0.7368
0.73572
0.73469
0.73371
0.73273
0.73167
0.73046
0.72902
0.72732
0.72535
0.72315
0.72088
0.71874
0.71693
0.71551
0.71444
0.7136
0.71289
0.71221
0.71148
0.71063
0.70969
0.70871
0.70783
0.70715
0.70674
0.70659
0.70666
0.70689
0.70721
0.70756
0.70789
0.70816
0.70834
0.7084
0.70833
0.70812
0.70777
0.70731
0.70679
0.70626
0.70579
0.70542
0.70518
0.70507
