1
0.95878
0.94662
0.94279
0.94036
0.93556
0.93499
0.93123
0.92954
0.92804
0.92837
0.92815
0.92695
0.92597
0.92664
0.92754
0.92973
0.93121
0.93313
0.93364
0.93285
0.93011
0.92611
0.92231
0.91959
0.91772
0.91623
0.91463
0.91249
0.90939
0.90512
0.89996
0.8947
0.88995
0.88572
0.88177
0.87786
0.87373
0.86916
0.86405
0.85859
0.85331
0.84882
0.84535
0.84282
0.84102
0.83971
0.83871
0.83789
0.83723
0.83676
0.83652
0.83654
0.83678
0.83726
0.83796
0.83884
0.83989
0.84106
0.84232
0.84369
0.84521
0.84692
0.84885
0.85102
0.85343
0.85605
0.85883
0.86166
0.86444
0.86707
0.86948
0.87164
0.87357
0.87528
0.8768
0.87815
0.87936
0.88043
0.88138
0.88224
0.88301
0.88371
0.88434
0.8849
0.8854
0.88584
0.88621
0.88654
0.88682
