1
0.95757
0.94035
0.93094
0.92413
0.91844
0.91332
0.90921
0.90554
0.90241
0.89949
0.8973
0.88911
0.88159
0.87436
0.8676
0.86094
0.85469
0.84854
0.84274
0.83709
0.8318
0.82676
0.82202
0.8175
0.81317
0.80902
0.80501
0.80109
0.79723
0.79339
0.78952
0.78558
0.78156
0.77748
0.77338
0.76932
0.76536
0.76157
0.75796
0.75453
0.75125
0.7481
0.74503
0.74199
0.73895
0.73588
0.73277
0.7296
0.72638
0.72311
0.71982
0.71651
0.71321
0.70994
0.70671
0.70353
0.7004
0.6973
0.69422
0.69116
0.68814
0.68518
0.68227
0.67944
0.6767
0.67404
0.67148
0.669
0.66659
0.66421
0.66184
0.65941
0.65688
0.65418
0.6513
0.64828
0.64521
0.64224
0.63945
0.6369
0.6346
0.63253
0.63066
0.62897
0.62741
0.62595
0.62455
0.62316
0.62176
