1
0.95949
0.94509
0.93941
0.93595
0.93283
0.93011
0.92788
0.9256
0.92308
0.92058
0.91859
0.9131
0.9079
0.90262
0.89754
0.8924
0.88762
0.8828
0.87822
0.87359
0.86916
0.86483
0.86065
0.85657
0.85264
0.84887
0.8453
0.84195
0.8388
0.83589
0.83317
0.83065
0.82834
0.82623
0.82434
0.82266
0.82121
0.81997
0.81888
0.81786
0.81681
0.81564
0.81431
0.8128
0.81111
0.80928
0.80733
0.80525
0.80307
0.80079
0.79841
0.79596
0.79343
0.79086
0.78824
0.7856
0.78292
0.7802
0.77741
0.77456
0.77164
0.76869
0.76572
0.76276
0.75982
0.75691
0.75405
0.75122
0.74844
0.74572
0.74304
0.74042
0.73785
0.73532
0.73284
0.7304
0.72798
0.72559
0.72322
0.72089
0.7186
0.71636
0.71419
0.71209
0.71008
0.70816
0.70634
0.70458
0.70289
