1
0.95779
0.94218
0.93464
0.92922
0.92438
0.92079
0.91724
0.91465
0.91207
0.91004
0.9082
0.90217
0.89661
0.89133
0.88631
0.88131
0.87647
0.87178
0.86714
0.86263
0.85819
0.8539
0.84971
0.84562
0.84164
0.83782
0.83415
0.83068
0.8274
0.82434
0.82153
0.81896
0.81662
0.81446
0.81237
0.81016
0.80769
0.8049
0.80187
0.79874
0.79562
0.79256
0.78957
0.78662
0.78365
0.78067
0.77767
0.77464
0.77159
0.76852
0.76542
0.7623
0.75916
0.756
0.75284
0.74967
0.7465
0.74332
0.74014
0.73695
0.73376
0.73058
0.72745
0.72436
0.72134
0.7184
0.71554
0.71277
0.71009
0.7075
0.70501
0.70261
0.70031
0.69809
0.69596
0.69393
0.69199
0.69016
0.68843
0.68681
0.68531
0.68393
0.68266
0.68151
0.68045
0.67948
0.67856
0.67767
0.6768
