1
0.95899
0.94367
0.93645
0.93176
0.92762
0.92453
0.92165
0.91924
0.91701
0.91498
0.91323
0.90747
0.90197
0.89659
0.89137
0.88614
0.88103
0.87598
0.87099
0.86601
0.86113
0.85627
0.85157
0.84706
0.84279
0.83876
0.835
0.83152
0.82831
0.82536
0.82256
0.81976
0.81684
0.81375
0.8106
0.80749
0.8045
0.80162
0.79883
0.79604
0.79318
0.79016
0.78703
0.78387
0.78076
0.77774
0.77479
0.77187
0.76898
0.76608
0.7632
0.76031
0.75742
0.75454
0.75168
0.74883
0.74601
0.74318
0.74034
0.73748
0.73461
0.73175
0.72892
0.72614
0.72341
0.72076
0.71818
0.71566
0.7132
0.71081
0.70848
0.70621
0.70399
0.70184
0.69975
0.69775
0.69583
0.694
0.69226
0.69062
0.68909
0.68765
0.68631
0.68506
0.6839
0.6828
0.68176
0.68076
0.67979
