1
0.95684
0.9389
0.92979
0.92335
0.91817
0.91361
0.91007
0.90695
0.90432
0.90187
0.89997
0.89233
0.88536
0.87884
0.87304
0.86769
0.86316
0.8589
0.8549
0.85023
0.8446
0.83845
0.83277
0.82777
0.82328
0.81918
0.81536
0.81179
0.80842
0.80524
0.80222
0.79936
0.79664
0.79407
0.79162
0.78928
0.78704
0.78486
0.78271
0.78054
0.77833
0.776
0.77353
0.77092
0.76822
0.76554
0.76298
0.76065
0.75859
0.75681
0.75528
0.75398
0.75285
0.75186
0.75099
0.7502
0.7495
0.74885
0.74822
0.74757
0.74688
0.74614
0.74533
0.74444
0.74346
0.74236
0.74111
0.7397
0.73812
0.73639
0.73456
0.73271
0.73095
0.72933
0.72789
0.72663
0.72548
0.72439
0.72333
0.72225
0.72115
0.72003
0.71896
0.71799
0.71718
0.71657
0.71618
0.71598
0.71594
