1
0.95725
0.93974
0.93051
0.92401
0.91879
0.91417
0.9104
0.90697
0.9039
0.90092
0.89851
0.89013
0.88227
0.87457
0.86716
0.8596
0.85214
0.84446
0.83689
0.82936
0.82217
0.81529
0.80881
0.80268
0.79689
0.7914
0.78613
0.78102
0.776
0.77103
0.76607
0.76115
0.75632
0.75165
0.74718
0.74297
0.73905
0.73543
0.73211
0.7291
0.72637
0.72391
0.72167
0.71961
0.71763
0.71562
0.71337
0.71068
0.70743
0.70371
0.69979
0.69591
0.69216
0.68852
0.68498
0.68149
0.67803
0.67457
0.6711
0.66765
0.66424
0.6609
0.65767
0.65456
0.65159
0.64874
0.64602
0.64341
0.64091
0.63852
0.63621
0.63397
0.63182
0.62973
0.62773
0.6258
0.62396
0.6222
0.62054
0.61897
0.61751
0.61615
0.6149
0.61374
0.61265
0.61163
0.61065
0.60969
0.60874
