1
0.95924
0.94286
0.93317
0.92687
0.92183
0.91728
0.91306
0.90968
0.90649
0.90354
0.90136
0.89359
0.88661
0.88001
0.87408
0.86838
0.86327
0.85832
0.85385
0.84956
0.84565
0.84195
0.83848
0.83515
0.83197
0.82892
0.82602
0.82325
0.82058
0.818
0.81548
0.81298
0.8105
0.80802
0.80554
0.80303
0.80048
0.79786
0.79512
0.79223
0.78919
0.78601
0.78276
0.77948
0.77624
0.77309
0.77003
0.76707
0.76419
0.76139
0.75865
0.75597
0.75335
0.75079
0.74831
0.7459
0.74354
0.74122
0.7389
0.73659
0.73427
0.73196
0.72967
0.72741
0.72519
0.72302
0.7209
0.71884
0.71684
0.71492
0.71309
0.71134
0.70968
0.70809
0.70657
0.70511
0.70368
0.70226
0.70084
0.6994
0.69792
0.69638
0.69475
0.69299
0.69107
0.68894
0.6866
0.68408
0.68143
