1
1.8093
1.8031
1.7162
1.7145
1.7051
1.8054
1.7774
1.8877
1.9325
1.9457
1.9948
2.0532
2.1415
2.2081
2.2999
2.3766
2.4636
2.5244
2.5938
2.6514
2.7119
2.7663
2.8202
2.8721
2.9238
2.9755
3.0277
3.0801
3.1323
3.1835
3.233
3.2807
3.3266
3.371
3.4146
3.4577
3.5009
3.5446
3.5891
3.6344
3.6802
3.7261
3.7716
3.8161
3.8588
3.8995
3.9379
3.9742
4.0087
4.0416
4.0732
4.1038
4.1333
4.1621
4.1902
4.2177
4.2447
4.2712
4.2972
4.3227
4.3476
4.372
4.3959
4.4194
4.4424
4.4651
4.4874
4.5094
4.5312
4.5527
4.574
4.595
4.6158
4.6364
4.6569
4.6771
4.6972
4.7171
4.7367
4.7561
4.7754
4.7944
4.8132
4.8318
4.8503
4.8685
4.8865
4.9044
4.922
