1
0.95531
0.93698
0.9262
0.91939
0.91412
0.90963
0.90547
0.90231
0.89929
0.89653
0.89451
0.88595
0.87827
0.87102
0.8645
0.85827
0.85265
0.84712
0.84198
0.8368
0.83174
0.82663
0.82149
0.81632
0.81119
0.80616
0.8013
0.79665
0.79224
0.78806
0.78409
0.78031
0.7767
0.77325
0.76993
0.76674
0.76367
0.76071
0.75784
0.75504
0.75231
0.74963
0.74698
0.74436
0.74176
0.73915
0.73655
0.73395
0.73136
0.72881
0.72632
0.72391
0.72162
0.71946
0.71745
0.71556
0.71378
0.71203
0.71026
0.70837
0.7063
0.70396
0.7013
0.69833
0.69517
0.69198
0.68896
0.6862
0.6837
0.68146
0.67943
0.67757
0.67587
0.67428
0.67279
0.67136
0.66997
0.6686
0.66724
0.66589
0.66454
0.6632
0.66184
0.66047
0.65907
0.65763
0.65614
0.65459
0.65298
