1
0.95944
0.94554
0.93955
0.93579
0.9325
0.92956
0.927
0.9245
0.92174
0.91912
0.91711
0.91153
0.90645
0.90156
0.89704
0.89271
0.88889
0.88523
0.88192
0.87868
0.87567
0.87278
0.86998
0.86724
0.86456
0.86198
0.85952
0.85721
0.85505
0.85305
0.85119
0.84947
0.84787
0.84639
0.84502
0.84373
0.8425
0.84127
0.83997
0.83848
0.83673
0.83466
0.83232
0.82977
0.82711
0.82443
0.82179
0.81921
0.81669
0.81421
0.81179
0.8094
0.80705
0.80474
0.80248
0.80027
0.79812
0.79599
0.79386
0.79174
0.78961
0.78749
0.78539
0.78331
0.78127
0.77926
0.77728
0.77533
0.77342
0.77155
0.76974
0.76797
0.76624
0.76455
0.76288
0.76121
0.75952
0.75779
0.756
0.75415
0.75221
0.75018
0.74804
0.74577
0.74335
0.74078
0.73806
0.73522
0.73234
