1
0.95945
0.94554
0.93955
0.93579
0.9325
0.92956
0.927
0.92449
0.92173
0.91912
0.91711
0.91152
0.90645
0.90155
0.89704
0.8927
0.88888
0.88522
0.88191
0.87867
0.87566
0.87276
0.86997
0.86722
0.86455
0.86196
0.8595
0.85719
0.85503
0.85303
0.85117
0.84945
0.84785
0.84637
0.84499
0.8437
0.84247
0.84124
0.83993
0.83844
0.83669
0.83462
0.83227
0.82972
0.82707
0.82439
0.82175
0.81916
0.81664
0.81417
0.81174
0.80935
0.807
0.80469
0.80243
0.80023
0.79807
0.79594
0.79382
0.79169
0.78956
0.78744
0.78534
0.78326
0.78121
0.7792
0.77722
0.77526
0.77335
0.77148
0.76966
0.76788
0.76615
0.76445
0.76277
0.76109
0.75939
0.75765
0.75585
0.75397
0.75202
0.74996
0.7478
0.7455
0.74307
0.74047
0.73773
0.73486
0.73195
