1
0.95942
0.94529
0.9385
0.93377
0.92981
0.92641
0.92327
0.92065
0.9183
0.91627
0.9147
0.90934
0.9046
0.9003
0.89648
0.89291
0.88977
0.88683
0.88419
0.88171
0.87947
0.87732
0.87529
0.87335
0.87146
0.86961
0.86779
0.866
0.86425
0.86256
0.86088
0.85921
0.85749
0.85572
0.8539
0.85201
0.85003
0.8479
0.84551
0.84272
0.83941
0.83554
0.8312
0.8266
0.82198
0.81752
0.8133
0.80935
0.80563
0.80212
0.79877
0.79556
0.79246
0.78948
0.78661
0.78383
0.78114
0.77853
0.77598
0.77348
0.77102
0.76861
0.76626
0.76397
0.76173
0.75956
0.75744
0.75538
0.75337
0.75144
0.74956
0.74774
0.74598
0.74427
0.74262
0.74102
0.73944
0.73789
0.73634
0.73478
0.73318
0.73151
0.72975
0.72784
0.72575
0.72343
0.72088
0.71813
0.71526
