1
0.95635
0.93903
0.92927
0.92186
0.91611
0.91082
0.90667
0.90301
0.89994
0.89714
0.89505
0.88662
0.87904
0.87187
0.86514
0.85852
0.85231
0.84628
0.84072
0.83544
0.83055
0.82584
0.82126
0.81673
0.81225
0.80784
0.80351
0.79927
0.79514
0.79113
0.78724
0.78348
0.77983
0.77625
0.7727
0.7691
0.76542
0.7616
0.75761
0.75345
0.74914
0.74473
0.74032
0.736
0.73186
0.72796
0.72433
0.72099
0.7179
0.715
0.71223
0.7095
0.7067
0.70375
0.70056
0.69711
0.69348
0.68984
0.68638
0.68321
0.68035
0.67776
0.67541
0.67325
0.67125
0.66935
0.66752
0.66573
0.66399
0.66227
0.66055
0.65884
0.6571
0.65533
0.6535
0.6516
0.64958
0.64744
0.64515
0.64269
0.64006
0.63728
0.63434
0.63128
0.62811
0.62483
0.62147
0.61805
0.61465
