1
0.9577
0.94003
0.92999
0.92267
0.91683
0.9117
0.90767
0.90428
0.90162
0.89946
0.89796
0.89064
0.88477
0.87864
0.8701
0.86208
0.85552
0.84969
0.84448
0.83954
0.83497
0.83065
0.82656
0.82268
0.81903
0.81563
0.81251
0.80969
0.80718
0.80503
0.80325
0.80186
0.80084
0.80014
0.79971
0.79944
0.79927
0.79911
0.79889
0.79851
0.79788
0.79692
0.79558
0.79383
0.79162
0.78896
0.78596
0.78291
0.78016
0.77785
0.77591
0.77416
0.77243
0.77056
0.76847
0.76624
0.76409
0.76229
0.76095
0.76004
0.75945
0.75906
0.75878
0.75853
0.75822
0.7578
0.75724
0.75654
0.75579
0.75511
0.75461
0.75439
0.75447
0.75483
0.75545
0.75627
0.75724
0.75834
0.75951
0.76073
0.76197
0.76317
0.76431
0.76533
0.76619
0.76685
0.76732
0.7676
0.76779
