1
0.95797
0.94329
0.9342
0.92722
0.92122
0.91567
0.91129
0.90712
0.90362
0.90039
0.89801
0.88969
0.88218
0.87504
0.86854
0.86227
0.8566
0.85117
0.84623
0.84156
0.83733
0.83341
0.82982
0.82651
0.82346
0.82061
0.8178
0.81486
0.81165
0.80821
0.80459
0.80074
0.79655
0.79202
0.78728
0.78254
0.77792
0.77349
0.76927
0.76529
0.76153
0.75796
0.75457
0.75134
0.74825
0.74529
0.74244
0.73968
0.73701
0.7344
0.73186
0.72937
0.72696
0.72463
0.72239
0.72024
0.71818
0.71621
0.7143
0.71247
0.7107
0.70902
0.70741
0.70588
0.70443
0.70304
0.7017
0.7004
0.69912
0.69784
0.69649
0.69503
0.6934
0.69155
0.68944
0.68714
0.68476
0.68243
0.68027
0.67832
0.67659
0.67507
0.67373
0.67254
0.67148
0.67052
0.66962
0.66878
0.66797
