1
0.95779
0.94356
0.9363
0.93093
0.92562
0.91925
0.91541
0.91076
0.9084
0.90637
0.90516
0.89849
0.89216
0.88601
0.88045
0.87518
0.87068
0.86624
0.86244
0.85889
0.85599
0.85349
0.8513
0.84917
0.84698
0.84465
0.84221
0.83968
0.83712
0.83452
0.83189
0.8292
0.82644
0.8236
0.82069
0.81774
0.81482
0.81199
0.80933
0.80689
0.8047
0.80276
0.80101
0.79938
0.79776
0.79609
0.79433
0.79245
0.79046
0.78838
0.78624
0.78406
0.78189
0.77974
0.77767
0.77567
0.77377
0.77196
0.77023
0.76857
0.76699
0.7655
0.76407
0.76272
0.76142
0.76017
0.75897
0.7578
0.75665
0.75552
0.75436
0.75314
0.75181
0.75032
0.74865
0.74684
0.74495
0.74309
0.74131
0.73965
0.7381
0.73665
0.73528
0.73398
0.73275
0.73158
0.73046
0.72938
0.72834
