1
0.95484
0.93698
0.92655
0.9187
0.91252
0.90682
0.90243
0.8986
0.8954
0.89252
0.89046
0.88156
0.87352
0.86589
0.8587
0.85159
0.8449
0.83838
0.83237
0.82665
0.82138
0.81631
0.81138
0.80648
0.80159
0.79671
0.79181
0.78687
0.78189
0.77686
0.77178
0.76667
0.76155
0.75645
0.7514
0.74643
0.74158
0.73688
0.73233
0.72794
0.72371
0.71964
0.71575
0.71203
0.70848
0.70512
0.70196
0.69898
0.69617
0.69348
0.69085
0.6882
0.68546
0.68254
0.67937
0.67593
0.67232
0.66871
0.66529
0.66217
0.65938
0.65688
0.65464
0.6526
0.65072
0.64896
0.64725
0.64558
0.64389
0.64213
0.64024
0.63816
0.6358
0.63311
0.63006
0.62668
0.62308
0.6194
0.61574
0.61216
0.60866
0.60526
0.60197
0.59882
0.59583
0.59302
0.59038
0.58789
0.58554
