1
0.95622
0.93805
0.92734
0.91962
0.91337
0.90788
0.9036
0.9001
0.89736
0.89513
0.89368
0.88591
0.87961
0.87305
0.86406
0.85558
0.84857
0.84229
0.83666
0.83133
0.82642
0.82179
0.81741
0.81321
0.80921
0.80541
0.8018
0.79838
0.79514
0.79208
0.78923
0.78659
0.78418
0.782
0.78006
0.77837
0.77694
0.77577
0.77484
0.77409
0.77341
0.77267
0.77174
0.77051
0.76884
0.76667
0.76409
0.76137
0.75886
0.75671
0.75486
0.75316
0.75144
0.74955
0.74744
0.74517
0.74299
0.74117
0.73982
0.73893
0.73838
0.73804
0.73783
0.73764
0.73741
0.73707
0.73657
0.73593
0.73519
0.73444
0.73376
0.73318
0.73266
0.73215
0.7316
0.73101
0.73047
0.73008
0.72993
0.73003
0.73038
0.73094
0.73167
0.73255
0.73353
0.7346
0.73573
0.73691
0.73811
