1
0.95607
0.94191
0.9368
0.93408
0.93174
0.92954
0.92694
0.92424
0.92125
0.91869
0.91635
0.91052
0.90488
0.8995
0.89432
0.88931
0.8846
0.87987
0.87534
0.87075
0.86628
0.8618
0.85736
0.85297
0.84867
0.84448
0.84038
0.83633
0.83232
0.82832
0.82431
0.8203
0.81629
0.81232
0.8084
0.80453
0.80072
0.79696
0.79325
0.78958
0.78597
0.78247
0.77911
0.77594
0.773
0.77031
0.76789
0.76572
0.7638
0.76209
0.76057
0.75918
0.75786
0.75653
0.75516
0.75369
0.75211
0.7504
0.74855
0.74655
0.74443
0.74222
0.73994
0.73762
0.73529
0.73295
0.73063
0.72833
0.72607
0.72387
0.72173
0.71967
0.7177
0.71583
0.71408
0.71244
0.71094
0.70957
0.70835
0.7073
0.70642
0.70572
0.70517
0.70473
0.70435
0.70396
0.70352
0.703
0.7024
