1
0.95781
0.94412
0.93719
0.93235
0.92809
0.92293
0.92047
0.91693
0.91565
0.91443
0.91365
0.90811
0.90243
0.89655
0.89101
0.88554
0.8807
0.87576
0.87139
0.86715
0.86348
0.8601
0.85696
0.85381
0.85058
0.84725
0.8439
0.84061
0.83746
0.8345
0.83177
0.82926
0.82697
0.82486
0.82289
0.82104
0.81928
0.81761
0.81603
0.81456
0.81321
0.81194
0.81072
0.80948
0.80818
0.8068
0.80531
0.80373
0.80206
0.80033
0.79857
0.79678
0.795
0.79323
0.79148
0.78975
0.78805
0.78636
0.78465
0.78294
0.78122
0.77952
0.77785
0.77622
0.77464
0.77311
0.77164
0.77023
0.76888
0.76761
0.76642
0.76531
0.76429
0.76335
0.76248
0.76167
0.76089
0.76011
0.75932
0.75851
0.75765
0.75676
0.75584
0.75489
0.75393
0.75295
0.75198
0.75102
0.75008
