1
0.95632
0.93872
0.92837
0.92119
0.91591
0.91159
0.90856
0.90599
0.90414
0.90259
0.90145
0.89472
0.88905
0.88278
0.87384
0.86522
0.85796
0.85135
0.84532
0.83955
0.83413
0.82891
0.8239
0.81904
0.81437
0.80993
0.80577
0.80193
0.79845
0.79537
0.79272
0.79051
0.78877
0.78747
0.78656
0.78598
0.78567
0.78558
0.78563
0.78574
0.78579
0.78568
0.7853
0.78455
0.78332
0.78156
0.77936
0.77701
0.77485
0.77304
0.77153
0.77015
0.76873
0.76713
0.76526
0.76321
0.76119
0.75947
0.75818
0.75728
0.75666
0.75622
0.75585
0.75549
0.75508
0.75454
0.75386
0.75304
0.75215
0.75133
0.75069
0.75031
0.75023
0.75042
0.75087
0.75152
0.75233
0.75327
0.7543
0.7554
0.75654
0.75771
0.75889
0.76009
0.7613
0.76251
0.76374
0.76499
0.76625
