1
0.95754
0.94623
0.93977
0.93339
0.92781
0.92394
0.92122
0.9193
0.91716
0.91514
0.91375
0.90831
0.90355
0.89904
0.89503
0.89133
0.88843
0.886
0.88445
0.88347
0.88332
0.88384
0.88498
0.88645
0.88791
0.88898
0.88932
0.8886
0.88679
0.88462
0.8833
0.88321
0.88393
0.88491
0.88572
0.88603
0.88567
0.88491
0.88447
0.88485
0.88588
0.88714
0.88826
0.88898
0.8891
0.88851
0.88731
0.88594
0.88498
0.88469
0.88505
0.88588
0.88702
0.88836
0.88978
0.89122
0.89259
0.89385
0.89496
0.89593
0.89678
0.89751
0.89812
0.89859
0.8989
0.89902
0.89894
0.8987
0.89835
0.89793
0.89749
0.89701
0.89649
0.89592
0.8953
0.89468
0.89409
0.89361
0.89327
0.89308
0.89304
0.89313
0.89332
0.8936
0.89396
0.8944
0.89493
0.89552
0.89619
