1
0.95789
0.94143
0.93214
0.92625
0.9216
0.91811
0.91413
0.91165
0.90873
0.90578
0.9039
0.89627
0.88971
0.88357
0.87874
0.87427
0.8697
0.86364
0.85745
0.85178
0.84717
0.843
0.8391
0.83521
0.83135
0.82751
0.82372
0.82001
0.8164
0.81288
0.80945
0.80613
0.80295
0.79993
0.7971
0.7945
0.79218
0.79017
0.78854
0.78734
0.78667
0.78662
0.78724
0.78855
0.79044
0.79274
0.79518
0.7975
0.79953
0.8012
0.8025
0.80347
0.80415
0.8046
0.80484
0.80491
0.80482
0.80458
0.80417
0.80361
0.8029
0.80206
0.80112
0.8001
0.79902
0.79789
0.79672
0.79553
0.79433
0.79313
0.79195
0.79081
0.78971
0.78865
0.78764
0.78665
0.78568
0.78467
0.7836
0.78245
0.78118
0.77978
0.77825
0.77658
0.7748
0.77294
0.77101
0.76904
0.76702
