1
0.95603
0.93948
0.93062
0.92468
0.9201
0.91602
0.9126
0.90959
0.90682
0.9042
0.90217
0.89466
0.88776
0.88115
0.87492
0.86867
0.8626
0.85642
0.85044
0.84453
0.83896
0.83366
0.82866
0.82389
0.81935
0.815
0.81078
0.80663
0.8025
0.79833
0.79412
0.78987
0.78567
0.78156
0.77763
0.77389
0.7704
0.76715
0.76416
0.76141
0.75892
0.75667
0.75466
0.75286
0.7512
0.74954
0.74772
0.74551
0.74281
0.73969
0.73643
0.73323
0.73017
0.72724
0.7244
0.7216
0.71881
0.71602
0.7132
0.71037
0.70756
0.70479
0.70208
0.69946
0.69692
0.69446
0.69207
0.68975
0.6875
0.6853
0.68315
0.68104
0.67896
0.67691
0.67488
0.67287
0.67085
0.66882
0.66676
0.66464
0.66246
0.66021
0.65787
0.65546
0.65299
0.65048
0.64796
0.64545
0.64294
