1
0.95822
0.94454
0.93849
0.93466
0.9315
0.92893
0.92651
0.9246
0.92285
0.92132
0.92019
0.91586
0.91204
0.90852
0.90539
0.90239
0.89975
0.89722
0.89496
0.89282
0.89089
0.88902
0.88724
0.8855
0.88379
0.8821
0.88043
0.87877
0.87715
0.87555
0.87398
0.8724
0.87081
0.8692
0.86761
0.86606
0.86456
0.86308
0.86156
0.85986
0.85787
0.85548
0.85273
0.84973
0.84665
0.84362
0.8407
0.83788
0.83516
0.83251
0.8299
0.82734
0.8248
0.82229
0.81979
0.81732
0.81486
0.81239
0.80991
0.8074
0.80486
0.8023
0.79974
0.79719
0.79464
0.79212
0.7896
0.7871
0.78461
0.78215
0.77972
0.77731
0.77493
0.77257
0.77024
0.76793
0.76562
0.7633
0.76093
0.75851
0.756
0.7534
0.75068
0.74785
0.74493
0.74195
0.73892
0.73586
0.73279
