1
0.96087
0.94893
0.94071
0.9356
0.93419
0.93179
0.92806
0.92897
0.92781
0.92761
0.92587
0.9245
0.92154
0.91978
0.91617
0.91387
0.91076
0.90829
0.90582
0.90347
0.90175
0.90026
0.89914
0.89791
0.89626
0.89406
0.89149
0.88877
0.88595
0.88308
0.88029
0.87769
0.87532
0.87317
0.87122
0.86942
0.86773
0.86613
0.86456
0.86301
0.86143
0.85981
0.85815
0.85645
0.85471
0.85294
0.85115
0.84934
0.84749
0.8456
0.84367
0.8417
0.83969
0.83765
0.83558
0.83345
0.83126
0.82898
0.82657
0.82402
0.82137
0.81868
0.816
0.81342
0.81098
0.8087
0.80658
0.80462
0.80281
0.80113
0.79957
0.79812
0.79677
0.7955
0.7943
0.79315
0.79203
0.7909
0.78973
0.78851
0.78721
0.78582
0.78433
0.78276
0.78113
0.77947
0.77782
0.7762
0.77462
