1
0.95642
0.94276
0.93817
0.93618
0.93435
0.93266
0.93028
0.928
0.92523
0.92288
0.92087
0.91594
0.91142
0.90728
0.90341
0.89977
0.89647
0.89317
0.8901
0.88704
0.88414
0.88129
0.87852
0.87582
0.87322
0.87073
0.86831
0.86594
0.86358
0.86122
0.85881
0.85635
0.85386
0.85134
0.84882
0.84629
0.84377
0.84127
0.83878
0.83631
0.83388
0.83153
0.8293
0.82723
0.82534
0.82364
0.82214
0.82083
0.81968
0.81868
0.81778
0.81694
0.8161
0.81523
0.81428
0.81323
0.81205
0.81072
0.80924
0.8076
0.80582
0.80391
0.80191
0.79985
0.79774
0.7956
0.79345
0.7913
0.78917
0.78706
0.78501
0.78301
0.78108
0.77922
0.77745
0.77576
0.77415
0.77262
0.77117
0.76979
0.76848
0.76722
0.76598
0.76472
0.7634
0.762
0.76048
0.75885
0.75711
