1
4.5322
4.585
4.7138
4.8514
4.9425
5.0351
5.0993
5.1471
5.1587
5.1703
5.1838
5.2921
5.3941
5.4873
5.5737
5.6554
5.7345
5.8081
5.8771
5.9412
6.003
6.0628
6.1209
6.1772
6.2321
6.2859
6.3391
6.3919
6.4443
6.4965
6.5483
6.5997
6.6505
6.7008
6.7504
6.7992
6.847
6.8936
6.9385
6.9816
7.0225
7.0609
7.0969
7.1309
7.1634
7.1948
7.2257
7.2563
7.2868
7.3171
7.3473
7.3773
7.4071
7.4366
7.4657
7.4945
7.523
7.551
7.5785
7.6055
7.632
7.658
7.6834
7.7083
7.7326
7.7564
7.7795
7.802
7.824
7.8454
7.8663
7.8868
7.9067
7.9262
7.9453
7.9638
7.9817
7.9991
8.0159
8.0321
8.0477
8.0627
8.0772
8.0911
8.1045
8.1174
8.1299
8.1421
8.154
