1
0.95759
0.94284
0.93633
0.93246
0.92918
0.92635
0.92387
0.92147
0.91866
0.91591
0.91372
0.90748
0.9016
0.89576
0.89014
0.88444
0.87896
0.87335
0.8679
0.86244
0.85726
0.8523
0.84758
0.84304
0.8387
0.83454
0.83053
0.82664
0.82281
0.81901
0.81524
0.81154
0.80795
0.80456
0.80143
0.79863
0.79618
0.79408
0.7923
0.79079
0.78945
0.78823
0.78706
0.78594
0.78481
0.7836
0.78215
0.78028
0.77787
0.77502
0.77199
0.76901
0.76616
0.76343
0.76079
0.75821
0.75567
0.75313
0.7506
0.74808
0.7456
0.74318
0.74084
0.7386
0.73645
0.73439
0.73241
0.73048
0.72861
0.72678
0.72498
0.7232
0.72144
0.71969
0.71794
0.7162
0.71446
0.71271
0.71094
0.70916
0.70737
0.70557
0.70379
0.70203
0.70032
0.69866
0.69708
0.69559
0.69419
