1
0.95605
0.94049
0.93366
0.92944
0.92587
0.92294
0.92052
0.91823
0.9158
0.91347
0.91177
0.9057
0.90036
0.89529
0.89085
0.88672
0.8821
0.87508
0.86733
0.86011
0.85371
0.84781
0.84237
0.83732
0.83268
0.82844
0.8246
0.82118
0.81816
0.81555
0.81336
0.81156
0.81019
0.80923
0.80867
0.8085
0.8087
0.80925
0.8101
0.81117
0.81238
0.81363
0.81483
0.81598
0.81704
0.81803
0.81897
0.81986
0.82066
0.82128
0.82162
0.8216
0.82116
0.82027
0.81898
0.81743
0.81586
0.81446
0.81331
0.81237
0.81154
0.81071
0.80982
0.80879
0.8076
0.80627
0.8049
0.80362
0.80256
0.8018
0.80132
0.8011
0.80104
0.8011
0.80118
0.80125
0.80124
0.80111
0.80083
0.80039
0.79977
0.799
0.79811
0.79717
0.79627
0.79548
0.79489
0.79452
0.79439
