1
0.95888
0.94585
0.94061
0.93744
0.93478
0.93243
0.93049
0.92855
0.92619
0.9238
0.92196
0.9171
0.91241
0.90764
0.90311
0.89866
0.89476
0.89104
0.88775
0.88462
0.88158
0.87827
0.87503
0.872
0.86907
0.86613
0.8632
0.86031
0.85751
0.85486
0.85242
0.85021
0.84821
0.84641
0.84486
0.84361
0.84267
0.84204
0.84165
0.84141
0.84124
0.84102
0.84069
0.84019
0.83947
0.83853
0.83738
0.83609
0.83474
0.83337
0.83204
0.83075
0.82953
0.82839
0.82733
0.82637
0.82551
0.82475
0.82407
0.82346
0.82292
0.82244
0.82202
0.82165
0.82132
0.82101
0.8207
0.82034
0.8199
0.81934
0.81861
0.81772
0.8167
0.81564
0.81463
0.81373
0.81295
0.81227
0.81166
0.81106
0.81044
0.80975
0.80894
0.80801
0.80697
0.80588
0.80481
0.80382
0.80296
