1
0.95666
0.94165
0.93498
0.93049
0.92681
0.92351
0.92095
0.9186
0.91611
0.91374
0.91195
0.90587
0.90024
0.89464
0.8892
0.88372
0.87862
0.87363
0.86904
0.86461
0.86047
0.85642
0.8524
0.84834
0.84426
0.84021
0.83624
0.83239
0.8287
0.82519
0.82188
0.81878
0.81591
0.81326
0.8108
0.80852
0.80639
0.8044
0.80251
0.80066
0.79877
0.79682
0.79477
0.79264
0.79049
0.78837
0.78632
0.78437
0.7825
0.7807
0.77891
0.77704
0.77501
0.77273
0.77013
0.7672
0.764
0.76074
0.7576
0.75471
0.75207
0.74967
0.74747
0.74542
0.74347
0.74159
0.73973
0.73787
0.73599
0.73407
0.7321
0.73007
0.72796
0.72576
0.72346
0.72104
0.71848
0.71575
0.71284
0.70977
0.70654
0.7032
0.6998
0.69643
0.69315
0.69003
0.68709
0.68436
0.68184
