1
0.95438
0.93711
0.92771
0.92104
0.916
0.91159
0.90805
0.90497
0.9022
0.89962
0.89766
0.88967
0.8823
0.8753
0.86888
0.86276
0.85724
0.85191
0.84694
0.84203
0.83707
0.83167
0.8262
0.82087
0.81559
0.81029
0.80503
0.79989
0.79493
0.79022
0.78582
0.7817
0.77783
0.77416
0.7707
0.76747
0.76448
0.7617
0.7591
0.75666
0.75433
0.75208
0.74988
0.74767
0.74538
0.74299
0.74049
0.73796
0.73545
0.73305
0.73082
0.72879
0.72699
0.72543
0.72412
0.72305
0.72219
0.72149
0.72089
0.72031
0.71963
0.71878
0.71768
0.71632
0.71477
0.71322
0.7118
0.71058
0.70955
0.70862
0.70771
0.70679
0.70585
0.70497
0.70421
0.70359
0.70312
0.70279
0.70254
0.70236
0.70218
0.70196
0.70164
0.70119
0.7006
0.69988
0.69907
0.69821
0.69733
