1
0.95271
0.93334
0.92282
0.91555
0.90996
0.90522
0.90138
0.89823
0.89548
0.89309
0.89132
0.88274
0.87513
0.8683
0.86246
0.85737
0.85326
0.84957
0.8461
0.84187
0.83645
0.83022
0.82417
0.81853
0.81322
0.80819
0.80342
0.79892
0.79471
0.79079
0.78714
0.78373
0.78053
0.77752
0.77467
0.77193
0.76926
0.76664
0.764
0.76131
0.75852
0.75559
0.75249
0.74926
0.74598
0.74276
0.73977
0.73709
0.73483
0.73299
0.73157
0.73054
0.72988
0.72954
0.72949
0.7297
0.73013
0.7307
0.73132
0.73188
0.73224
0.73231
0.73198
0.73122
0.7301
0.72879
0.72741
0.72606
0.72473
0.72341
0.72211
0.72087
0.71976
0.71881
0.71804
0.71739
0.71681
0.71623
0.71557
0.71482
0.71395
0.71298
0.71195
0.71095
0.71003
0.70923
0.70858
0.70806
0.70765
