1
0.95347
0.93757
0.93135
0.92797
0.92496
0.92231
0.91903
0.91606
0.91265
0.90989
0.90749
0.9006
0.89429
0.88859
0.88334
0.8785
0.87407
0.86969
0.86544
0.861
0.85649
0.85177
0.84693
0.84201
0.83711
0.8323
0.82759
0.823
0.81856
0.81425
0.81004
0.80594
0.80193
0.798
0.79415
0.79038
0.78666
0.783
0.77939
0.77583
0.77232
0.76891
0.76564
0.76252
0.7596
0.75689
0.75441
0.75217
0.75018
0.74842
0.74689
0.74554
0.74434
0.74324
0.7422
0.74116
0.74011
0.73897
0.73771
0.73623
0.73448
0.7324
0.72994
0.72712
0.72407
0.72097
0.71801
0.71528
0.7128
0.71054
0.70849
0.70662
0.70491
0.70334
0.7019
0.70059
0.6994
0.69834
0.69742
0.69665
0.69605
0.69562
0.69533
0.69514
0.69498
0.69478
0.6945
0.69409
0.69354
