1
0.94868
0.92906
0.91798
0.91026
0.9043
0.89957
0.89603
0.89374
0.8919
0.89034
0.88918
0.88039
0.86939
0.85846
0.84935
0.84114
0.83371
0.82663
0.81999
0.81349
0.80724
0.80114
0.79523
0.78957
0.7843
0.77953
0.77535
0.77182
0.76897
0.7668
0.76522
0.76404
0.76303
0.76197
0.76065
0.75887
0.7565
0.75359
0.75055
0.7479
0.74581
0.74411
0.74251
0.74074
0.73857
0.73596
0.73316
0.73071
0.7289
0.72768
0.72686
0.72626
0.72575
0.72521
0.72452
0.72364
0.72259
0.72156
0.72076
0.72034
0.72024
0.72033
0.72045
0.7205
0.72052
0.72061
0.7209
0.72142
0.72216
0.72306
0.72409
0.72521
0.72639
0.72761
0.72884
0.73008
0.7313
0.7325
0.73369
0.73485
0.73601
0.73716
0.73828
0.73937
0.74042
0.7414
0.74233
0.74318
0.74397
