1
0.9483
0.92803
0.91643
0.90847
0.90237
0.89753
0.8939
0.89154
0.88966
0.88808
0.88692
0.87784
0.86651
0.85507
0.84514
0.83575
0.8269
0.81832
0.81025
0.80243
0.795
0.78801
0.78164
0.77592
0.77087
0.76649
0.76276
0.75964
0.75708
0.75502
0.75331
0.75177
0.75019
0.74841
0.74628
0.74368
0.74054
0.73696
0.73337
0.7303
0.72794
0.72611
0.72454
0.72295
0.72112
0.71898
0.7168
0.71503
0.71395
0.71346
0.71333
0.7133
0.71315
0.71265
0.71155
0.70968
0.70707
0.70411
0.70141
0.69935
0.698
0.69725
0.69696
0.69695
0.69708
0.69724
0.69734
0.69733
0.6972
0.69699
0.69678
0.69666
0.69671
0.69697
0.69744
0.69811
0.69895
0.69992
0.70101
0.70219
0.70343
0.70473
0.70607
0.70743
0.7088
0.71018
0.71157
0.71297
0.71438
