1
0.95458
0.93919
0.93317
0.92943
0.92621
0.92309
0.91978
0.91664
0.91329
0.91057
0.90826
0.90155
0.89536
0.88956
0.88395
0.87847
0.87323
0.86802
0.86311
0.85829
0.8537
0.84916
0.84464
0.84014
0.83569
0.83131
0.82698
0.82268
0.81838
0.8141
0.80982
0.80556
0.80134
0.79715
0.79298
0.78882
0.78466
0.78051
0.77638
0.77228
0.76828
0.76442
0.76077
0.75738
0.7543
0.75156
0.7492
0.74722
0.74558
0.74422
0.74306
0.74196
0.74076
0.73931
0.73748
0.73522
0.73259
0.72977
0.72697
0.72431
0.72183
0.7195
0.71731
0.71522
0.7132
0.71121
0.70923
0.70725
0.70525
0.70322
0.70117
0.6991
0.69701
0.6949
0.69278
0.69064
0.68849
0.68634
0.6842
0.68208
0.68001
0.67804
0.67617
0.67444
0.67283
0.67134
0.66993
0.66858
0.6673
