1
0.95763
0.94544
0.94087
0.93809
0.9352
0.93241
0.92923
0.92582
0.92214
0.91894
0.91621
0.90998
0.90421
0.89877
0.89374
0.88896
0.88463
0.88037
0.87641
0.87251
0.86884
0.86531
0.862
0.85895
0.85618
0.85363
0.85117
0.84862
0.84589
0.84299
0.83997
0.83678
0.8333
0.8295
0.82549
0.82142
0.81737
0.81339
0.8095
0.80572
0.80209
0.79864
0.79542
0.79245
0.78976
0.78737
0.78528
0.78348
0.78196
0.78067
0.77958
0.77862
0.77773
0.77685
0.77593
0.77493
0.77385
0.77266
0.77136
0.76995
0.76844
0.76687
0.76524
0.76357
0.76189
0.76019
0.75849
0.75679
0.7551
0.75345
0.75184
0.75029
0.7488
0.74741
0.74613
0.74496
0.74394
0.74307
0.74238
0.74189
0.74161
0.74155
0.74168
0.74197
0.74235
0.74277
0.74316
0.74351
0.74379
