1
0.72176
0.86941
1.1981
1.1981
1.2876
1.2273
1.3394
1.387
1.4916
1.5548
1.6094
1.6888
1.758
1.8213
1.8815
1.937
1.9903
2.039
2.0855
2.1287
2.1701
2.2091
2.2461
2.2811
2.3146
2.3466
2.3775
2.4074
2.4365
2.465
2.493
2.5205
2.5476
2.5742
2.6004
2.6261
2.6513
2.6761
2.7004
2.7244
2.7479
2.7711
2.7939
2.8166
2.839
2.8612
2.8833
2.9054
2.9272
2.9489
2.9703
2.9913
3.0117
3.0316
3.0506
3.0689
3.0864
3.1037
3.1209
3.1382
3.1557
3.1733
3.1909
3.2085
3.2259
3.2431
3.2601
3.2767
3.2931
3.3092
3.3249
3.3403
3.3555
3.3703
3.3848
3.399
3.4128
3.4263
3.4394
3.4522
3.4646
3.4767
3.4887
3.5006
3.5124
3.5243
3.5363
3.5483
3.5605
