1
0.96142
0.9438
0.92825
0.91955
0.91768
0.91507
0.91477
0.91356
0.91282
0.91003
0.90936
0.9029
0.89897
0.89471
0.89133
0.88712
0.88306
0.87945
0.87536
0.87217
0.86847
0.86528
0.86162
0.85786
0.85393
0.84999
0.84612
0.84241
0.83889
0.83561
0.83259
0.82987
0.82749
0.82548
0.82384
0.82251
0.82147
0.82068
0.8201
0.81974
0.81956
0.81957
0.81975
0.82007
0.82053
0.82114
0.82189
0.82278
0.8238
0.82492
0.8261
0.82725
0.8283
0.82917
0.82979
0.83012
0.83021
0.83022
0.83031
0.83056
0.83098
0.83154
0.83218
0.83286
0.83352
0.83413
0.83465
0.83506
0.83535
0.83552
0.83556
0.83546
0.83523
0.83485
0.83433
0.83365
0.8328
0.83177
0.83055
0.82914
0.82756
0.82583
0.82401
0.82213
0.82026
0.81843
0.81666
0.81496
0.81333
