1
0.95598
0.94274
0.93384
0.92543
0.91851
0.91334
0.90965
0.90699
0.90478
0.90289
0.90162
0.89481
0.8889
0.88351
0.87879
0.87445
0.87089
0.86782
0.86564
0.8641
0.86344
0.86351
0.86427
0.86541
0.86658
0.86739
0.86746
0.86645
0.8643
0.86174
0.85994
0.85928
0.85932
0.85952
0.85943
0.85873
0.85726
0.8553
0.8536
0.8527
0.85253
0.85275
0.85303
0.85311
0.85277
0.85186
0.85045
0.84894
0.84787
0.84753
0.84787
0.84872
0.84993
0.85138
0.85297
0.85462
0.85626
0.85783
0.85929
0.86066
0.86194
0.86315
0.86428
0.86532
0.86622
0.86694
0.86749
0.86788
0.86816
0.86837
0.86854
0.86868
0.86877
0.86881
0.86881
0.86881
0.86887
0.86905
0.8694
0.86993
0.87063
0.87148
0.87243
0.87347
0.87456
0.87568
0.87679
0.8779
0.87897
