1
0.95649
0.93931
0.92999
0.92356
0.91851
0.91417
0.91083
0.90813
0.90604
0.90435
0.90323
0.8969
0.8919
0.88649
0.87858
0.87111
0.86504
0.85963
0.85479
0.8502
0.84594
0.84191
0.83808
0.83441
0.83094
0.82769
0.8247
0.822
0.81961
0.81757
0.81589
0.8146
0.8137
0.81317
0.81297
0.81304
0.81333
0.81381
0.81442
0.81509
0.81572
0.81621
0.81645
0.81631
0.81571
0.81457
0.81299
0.81125
0.80969
0.80848
0.80754
0.80672
0.80585
0.80481
0.80352
0.80206
0.80068
0.79964
0.79904
0.79887
0.799
0.79932
0.79973
0.80015
0.8005
0.80072
0.80076
0.80063
0.8004
0.80019
0.80012
0.80027
0.80066
0.8013
0.80214
0.80317
0.80433
0.8056
0.80695
0.80836
0.80982
0.81131
0.81283
0.81436
0.8159
0.81746
0.81902
0.8206
0.82218
