1
0.95353
0.93532
0.92542
0.91881
0.91379
0.90951
0.90595
0.90297
0.90034
0.89799
0.89626
0.8883
0.88114
0.87429
0.86774
0.8611
0.8547
0.84836
0.84233
0.83636
0.83059
0.82502
0.81978
0.81485
0.81022
0.80584
0.80167
0.79764
0.79371
0.78984
0.78599
0.78212
0.77825
0.7744
0.7706
0.7669
0.76334
0.75995
0.75672
0.75366
0.75077
0.74804
0.74548
0.74309
0.74086
0.73879
0.73687
0.73507
0.73338
0.73177
0.73021
0.72867
0.72708
0.72535
0.72333
0.72093
0.71808
0.71498
0.7119
0.70903
0.70638
0.70391
0.70156
0.69927
0.69697
0.69461
0.69216
0.68961
0.68697
0.68429
0.68164
0.67911
0.67675
0.67462
0.6727
0.67098
0.66942
0.66801
0.6667
0.66548
0.66433
0.66324
0.66219
0.66118
0.6602
0.65924
0.65829
0.65735
0.65641
