1
0.95776
0.94338
0.9365
0.93241
0.9289
0.9264
0.92386
0.92188
0.91994
0.91829
0.91693
0.91204
0.90753
0.90329
0.89928
0.89542
0.89175
0.88828
0.88492
0.88166
0.87849
0.87531
0.87218
0.86914
0.86623
0.86348
0.8609
0.85852
0.85635
0.85435
0.85243
0.85045
0.84828
0.84589
0.84337
0.84085
0.83839
0.83602
0.83368
0.83132
0.82885
0.82624
0.82352
0.82083
0.81826
0.81584
0.81359
0.81145
0.80943
0.80749
0.80562
0.80381
0.80206
0.80038
0.79878
0.79725
0.7958
0.7944
0.79303
0.7917
0.79039
0.78913
0.78792
0.78675
0.78564
0.78456
0.7835
0.78245
0.78141
0.78036
0.7793
0.77824
0.77717
0.7761
0.77504
0.77399
0.77296
0.77194
0.77093
0.76992
0.76891
0.76792
0.76692
0.76593
0.76495
0.76397
0.763
0.76204
0.76111
