1
0.96244
0.95374
0.96751
0.969
0.98265
0.98781
0.99757
0.99759
1.001
0.99887
1.0008
1.0034
1.0105
1.0147
1.0205
1.0208
1.0211
1.0221
1.0256
1.0294
1.0354
1.0429
1.0498
1.0557
1.0613
1.0671
1.073
1.079
1.0852
1.0913
1.0971
1.1025
1.1079
1.1134
1.1189
1.1242
1.1294
1.1346
1.1398
1.145
1.1503
1.1558
1.1616
1.1676
1.1734
1.179
1.1842
1.1893
1.1942
1.1989
1.2033
1.2073
1.211
1.2147
1.2186
1.2229
1.2278
1.2328
1.2376
1.242
1.2462
1.2503
1.2545
1.2591
1.2639
1.2687
1.2732
1.2772
1.2808
1.2841
1.2873
1.2904
1.2937
1.2971
1.3009
1.3047
1.3086
1.3122
1.3156
1.3186
1.3214
1.3241
1.3266
1.3292
1.3318
1.3345
1.3374
1.3403
1.3433
