1
0.9573
0.94242
0.93477
0.92951
0.92551
0.92187
0.91897
0.91639
0.91405
0.9118
0.9101
0.90395
0.89823
0.89267
0.88751
0.88251
0.87804
0.87375
0.86992
0.86633
0.86291
0.85928
0.85575
0.85247
0.84932
0.84619
0.84304
0.83992
0.83684
0.83384
0.83099
0.82828
0.82569
0.82322
0.82089
0.81875
0.81682
0.81508
0.81353
0.81212
0.81086
0.80971
0.80864
0.80759
0.80649
0.80528
0.80396
0.80256
0.80115
0.79977
0.79848
0.79728
0.7962
0.79525
0.79444
0.79377
0.79324
0.79285
0.79259
0.79243
0.79239
0.79245
0.79262
0.79288
0.7932
0.79356
0.79393
0.79426
0.7945
0.79462
0.79456
0.79433
0.79397
0.79358
0.79323
0.79301
0.79292
0.79297
0.7931
0.79328
0.79346
0.79359
0.79361
0.7935
0.79324
0.79287
0.79243
0.79197
0.79154
