1
4.1603
4.2394
4.2869
4.2764
4.2725
4.2151
4.252
4.2414
4.2632
4.2633
4.2756
4.3555
4.4454
4.5266
4.6138
4.6862
4.7625
4.8236
4.8898
4.9485
5.0081
5.0643
5.12
5.1742
5.227
5.2782
5.3276
5.3751
5.4207
5.4642
5.5054
5.5444
5.5809
5.6148
5.6463
5.6755
5.7026
5.728
5.7519
5.7749
5.7971
5.8189
5.8404
5.8619
5.8835
5.9051
5.9269
5.9488
5.9706
5.9925
6.0142
6.0358
6.0572
6.0786
6.0998
6.121
6.1421
6.1633
6.1846
6.206
6.2273
6.2488
6.2703
6.2918
6.3133
6.3348
6.3562
6.3776
6.3989
6.42
6.441
6.4619
6.4826
6.5031
6.5235
6.5439
6.5641
6.5842
6.6042
6.6241
6.6439
6.6636
6.6833
6.7029
6.7225
6.7421
6.7619
6.7816
6.8015
