1
0.95406
0.93637
0.92679
0.92038
0.91556
0.9115
0.90827
0.90557
0.90325
0.90111
0.89955
0.89213
0.88565
0.87972
0.87442
0.8694
0.86489
0.86057
0.85663
0.85283
0.84933
0.84599
0.84278
0.83964
0.83656
0.83354
0.8306
0.82773
0.82492
0.82216
0.81943
0.8167
0.81394
0.81112
0.80823
0.80522
0.80209
0.7988
0.79538
0.79187
0.78832
0.78484
0.78146
0.77821
0.77509
0.77208
0.76915
0.76625
0.76335
0.76043
0.75749
0.75454
0.75162
0.74875
0.74597
0.74329
0.74073
0.73825
0.73583
0.73346
0.73115
0.72887
0.72666
0.7245
0.72239
0.72032
0.71828
0.71626
0.71426
0.71227
0.71028
0.7083
0.70633
0.70436
0.7024
0.70043
0.69846
0.69648
0.6945
0.69252
0.69055
0.68859
0.68664
0.68472
0.68281
0.68093
0.67906
0.67722
0.67539
