1
0.95407
0.93713
0.92842
0.92272
0.91838
0.91455
0.91136
0.90861
0.90616
0.9039
0.9023
0.89522
0.88884
0.88279
0.87724
0.87186
0.86695
0.8622
0.85787
0.85372
0.84991
0.84628
0.84277
0.83929
0.8358
0.83228
0.82868
0.82499
0.82118
0.81727
0.81327
0.80921
0.80514
0.8011
0.79716
0.79333
0.78967
0.78618
0.78288
0.77973
0.77673
0.77388
0.77116
0.76855
0.76606
0.76366
0.76134
0.75906
0.75683
0.75463
0.75246
0.75033
0.74824
0.74622
0.74428
0.74241
0.74062
0.73889
0.73721
0.73558
0.73399
0.73247
0.73102
0.72963
0.72829
0.72698
0.72569
0.72438
0.72301
0.72155
0.71994
0.71811
0.71601
0.71359
0.7109
0.70806
0.70524
0.70256
0.70009
0.69784
0.69578
0.69389
0.69215
0.69052
0.68898
0.68752
0.68612
0.68474
0.68338
