1
0.95822
0.94453
0.9385
0.93467
0.93151
0.92893
0.92651
0.92461
0.92286
0.92133
0.9202
0.91587
0.91205
0.90854
0.90541
0.90241
0.89977
0.89725
0.895
0.89286
0.89094
0.88908
0.8873
0.88557
0.88388
0.88221
0.88055
0.87891
0.8773
0.87573
0.87418
0.87263
0.87107
0.8695
0.86795
0.86644
0.86499
0.86358
0.86212
0.8605
0.85859
0.8563
0.85365
0.85077
0.84784
0.84496
0.84222
0.8396
0.83711
0.83472
0.83242
0.83019
0.82803
0.82594
0.82393
0.822
0.82014
0.81835
0.81662
0.81492
0.81327
0.81166
0.81011
0.80861
0.80716
0.80575
0.80436
0.80298
0.8016
0.80022
0.79885
0.79748
0.7961
0.79474
0.79339
0.79206
0.79075
0.78945
0.78815
0.78686
0.78557
0.78428
0.78298
0.78167
0.78035
0.77901
0.77765
0.77628
0.77488
