1
0.95833
0.94667
0.94043
0.93514
0.93305
0.93039
0.93
0.9285
0.92763
0.92541
0.92395
0.91861
0.91481
0.91102
0.90822
0.90503
0.90274
0.90073
0.89949
0.89885
0.89856
0.89873
0.89903
0.89942
0.89977
0.90004
0.90018
0.90016
0.89998
0.89963
0.89913
0.89853
0.89789
0.89732
0.89685
0.89654
0.89638
0.89634
0.89641
0.89651
0.89657
0.89653
0.89628
0.89578
0.89502
0.89411
0.89315
0.89221
0.89129
0.89039
0.88955
0.88884
0.88831
0.88798
0.88784
0.88786
0.88799
0.88817
0.88833
0.88846
0.88856
0.88865
0.88875
0.88888
0.88902
0.8892
0.88942
0.88972
0.89012
0.89061
0.89119
0.89181
0.89244
0.89307
0.89369
0.89429
0.89489
0.8955
0.89614
0.89684
0.8976
0.89844
0.89936
0.90035
0.90138
0.90246
0.90358
0.90472
0.90588
