1
0.95647
0.94073
0.93203
0.92633
0.92223
0.91879
0.91622
0.91387
0.91191
0.90999
0.90849
0.90216
0.89621
0.89036
0.88481
0.8793
0.87416
0.86909
0.86438
0.85978
0.85547
0.85131
0.84727
0.84328
0.83934
0.83549
0.83174
0.8281
0.82459
0.8212
0.81792
0.81476
0.81172
0.80882
0.80603
0.80337
0.80081
0.79834
0.79593
0.79356
0.79122
0.78891
0.78663
0.78438
0.78217
0.78002
0.77791
0.77584
0.77379
0.77178
0.76979
0.76785
0.76595
0.76412
0.76234
0.76063
0.75896
0.75732
0.75568
0.75403
0.75238
0.75075
0.74916
0.74761
0.7461
0.74464
0.74321
0.74183
0.74047
0.73915
0.73787
0.73662
0.7354
0.73422
0.73305
0.73191
0.73076
0.72961
0.72844
0.72724
0.72603
0.7248
0.72355
0.72229
0.72101
0.71971
0.7184
0.71708
0.71574
