1
1.0181
1.3903
1.4235
1.4971
1.54
1.5684
1.5938
1.589
1.5948
1.6142
1.6332
1.6955
1.7515
1.8071
1.8631
1.9164
1.9691
2.0198
2.0693
2.1168
2.1626
2.2066
2.2483
2.2874
2.3245
2.3601
2.3943
2.4271
2.4588
2.4891
2.5181
2.5459
2.5726
2.5981
2.6227
2.6463
2.669
2.6908
2.7118
2.7319
2.751
2.7693
2.7865
2.8029
2.8183
2.8327
2.8459
2.8578
2.8683
2.8773
2.885
2.8916
2.8974
2.903
2.9087
2.9148
2.9215
2.9285
2.9359
2.9435
2.9513
2.9593
2.9674
2.9755
2.9836
2.9915
2.9992
3.0066
3.0137
3.0204
3.0267
3.0327
3.0384
3.0438
3.0491
3.0544
3.0597
3.0651
3.0707
3.0765
3.0826
3.0891
3.0959
3.1029
3.1103
3.118
3.1259
3.1342
3.1427
