1
0.95629
0.9417
0.93481
0.93017
0.92604
0.92184
0.91796
0.91417
0.91059
0.90725
0.90464
0.89702
0.89024
0.88405
0.87847
0.8731
0.86812
0.8632
0.85857
0.85408
0.84993
0.84602
0.84233
0.83877
0.83536
0.83206
0.82888
0.82581
0.82282
0.81992
0.81708
0.81428
0.81152
0.8088
0.80613
0.8035
0.8009
0.79833
0.79576
0.79318
0.79059
0.78797
0.78535
0.78273
0.78012
0.77753
0.77497
0.77242
0.76988
0.76733
0.76476
0.76218
0.7596
0.75701
0.75446
0.75194
0.74946
0.74703
0.74463
0.74225
0.73991
0.7376
0.73533
0.73311
0.73093
0.72878
0.72665
0.72452
0.7224
0.72027
0.71814
0.716
0.71387
0.71174
0.70962
0.7075
0.7054
0.7033
0.7012
0.69911
0.69703
0.69496
0.6929
0.69084
0.68878
0.6867
0.68459
0.68244
0.68023
