1
0.95631
0.94002
0.931
0.9248
0.91982
0.9153
0.91157
0.90835
0.90554
0.90298
0.90116
0.89383
0.88727
0.88112
0.87551
0.8701
0.86518
0.86042
0.85607
0.8519
0.84807
0.84444
0.84098
0.83762
0.83433
0.8311
0.8279
0.8247
0.82146
0.81816
0.81477
0.81125
0.80763
0.80393
0.80021
0.79652
0.79292
0.78945
0.78613
0.78295
0.7799
0.77698
0.77418
0.77147
0.76885
0.76631
0.76383
0.7614
0.75899
0.7566
0.75424
0.75192
0.74964
0.74742
0.74529
0.74323
0.74125
0.73934
0.73748
0.73566
0.73389
0.73219
0.73055
0.72897
0.72746
0.72599
0.72455
0.72313
0.72171
0.72026
0.71873
0.71707
0.71523
0.71316
0.71084
0.70831
0.70567
0.70305
0.70054
0.69818
0.69598
0.69392
0.69197
0.69012
0.68833
0.68657
0.68483
0.68308
0.68128
