1
0.96086
0.94892
0.94071
0.9356
0.93419
0.93179
0.92806
0.92897
0.9278
0.92761
0.92587
0.9245
0.92154
0.91979
0.91618
0.91389
0.91077
0.9083
0.90584
0.9035
0.90179
0.9003
0.89919
0.89797
0.89632
0.89413
0.89158
0.88887
0.88606
0.88321
0.88044
0.87786
0.87551
0.87339
0.87147
0.8697
0.86806
0.8665
0.86499
0.86349
0.86197
0.86043
0.85885
0.85724
0.85561
0.85396
0.85231
0.85065
0.84898
0.8473
0.8456
0.84389
0.84218
0.84048
0.83878
0.83708
0.83538
0.83362
0.8318
0.82991
0.82797
0.82603
0.82417
0.82244
0.82087
0.81949
0.81828
0.81723
0.8163
0.81549
0.81477
0.81414
0.81358
0.81308
0.81265
0.81226
0.81191
0.81158
0.81126
0.81095
0.81064
0.81033
0.81003
0.80973
0.80943
0.80914
0.80886
0.80858
0.80832
