1
1.2164
1.1821
1.1437
1.1704
1.221
1.2707
1.3185
1.3661
1.424
1.4648
1.5181
1.596
1.6577
1.7111
1.7572
1.8024
1.8468
1.8908
1.9354
1.9812
2.0292
2.0789
2.1277
2.1724
2.2116
2.2461
2.2768
2.3043
2.3292
2.3518
2.3722
2.3906
2.4073
2.4223
2.436
2.4484
2.4597
2.4701
2.4797
2.4886
2.497
2.5047
2.5119
2.5186
2.5248
2.5303
2.5352
2.5396
2.5434
2.5467
2.5496
2.5521
2.5542
2.556
2.5574
2.5585
2.5594
2.56
2.5603
2.5605
2.5607
2.5609
2.5614
2.5621
2.5632
2.5647
2.5664
2.5684
2.5707
2.5732
2.5758
2.5786
2.5815
2.5845
2.5876
2.5908
2.594
2.5973
2.6006
2.6038
2.6071
2.6104
2.6137
2.617
2.6202
2.6235
2.6267
2.6299
2.6331
