1
0.84167
0.88236
1.072
0.9866
1.0725
0.95314
1.1503
1.0515
1.1455
1.1388
1.2174
1.2402
1.3114
1.3524
1.4373
1.5009
1.6014
1.6633
1.7459
1.8022
1.8626
1.9057
1.9471
1.9805
2.0099
2.0355
2.0584
2.0794
2.0987
2.1169
2.134
2.1502
2.1655
2.1799
2.1935
2.2066
2.2193
2.2318
2.2441
2.2563
2.2684
2.2804
2.2925
2.3048
2.3175
2.3307
2.3444
2.3586
2.3733
2.3885
2.4039
2.4198
2.4361
2.4531
2.471
2.4899
2.5102
2.5318
2.5547
2.5788
2.6035
2.6285
2.653
2.6767
2.6991
2.72
2.7396
2.7579
2.775
2.7912
2.8066
2.8214
2.8358
2.8497
2.8635
2.8771
2.8906
2.9042
2.9179
2.9318
2.946
2.9606
2.9757
2.9913
3.0074
3.0242
3.0416
3.0595
3.0779
