1
0.96784
0.95582
0.95939
0.95592
0.95697
0.95432
0.95796
0.95641
0.95746
0.95507
0.95695
0.95613
0.95882
0.95991
0.96469
0.9711
0.98158
0.98719
0.99227
0.99505
0.99846
1.0019
1.0059
1.0103
1.0151
1.0203
1.0261
1.0325
1.0395
1.0471
1.0547
1.0618
1.0681
1.0739
1.0798
1.0859
1.0926
1.0994
1.1058
1.1113
1.116
1.1205
1.1251
1.1299
1.1352
1.141
1.1468
1.1523
1.1571
1.1614
1.1654
1.1694
1.1735
1.178
1.1828
1.1879
1.1931
1.198
1.2026
1.207
1.2112
1.2155
1.22
1.2246
1.2294
1.2345
1.2395
1.2444
1.2489
1.2532
1.2571
1.2607
1.2641
1.2673
1.2705
1.2738
1.2772
1.2808
1.2847
1.2889
1.2935
1.2984
1.3037
1.3091
1.3145
1.3199
1.325
1.3298
1.3343
