1
0.9582
0.94637
0.94296
0.9406
0.93598
0.93573
0.93242
0.93103
0.92967
0.93001
0.9296
0.92832
0.9275
0.92853
0.92991
0.93265
0.93471
0.9372
0.93833
0.93821
0.93623
0.9331
0.93028
0.92868
0.92805
0.92793
0.92782
0.92729
0.92593
0.9235
0.92026
0.91704
0.9144
0.91235
0.91062
0.90894
0.90704
0.90466
0.90168
0.89827
0.895
0.89247
0.89093
0.89032
0.89043
0.89104
0.89196
0.89304
0.89427
0.89566
0.89723
0.89899
0.90091
0.90299
0.90519
0.90749
0.90985
0.91223
0.91461
0.917
0.91946
0.92203
0.92478
0.92772
0.93087
0.93422
0.93771
0.94125
0.94473
0.94805
0.95115
0.95399
0.9566
0.95899
0.96118
0.96321
0.96509
0.96683
0.96845
0.96998
0.97142
0.97279
0.97411
0.97537
0.97657
0.97774
0.97886
0.97994
0.98099
