1
0.95558
0.93833
0.93045
0.9281
0.92847
0.92982
0.93228
0.9348
0.9368
0.9384
0.94023
0.94101
0.94137
0.93838
0.93336
0.9266
0.91972
0.91603
0.91492
0.91385
0.91107
0.90628
0.90263
0.90207
0.90395
0.90742
0.91191
0.91707
0.92266
0.92852
0.93451
0.94051
0.94647
0.95237
0.9582
0.96396
0.96964
0.97522
0.98067
0.98594
0.99099
0.99585
1.0006
1.0052
1.0097
1.0143
1.0188
1.0231
1.0273
1.0313
1.0351
1.0387
1.042
1.0451
1.0477
1.05
1.0518
1.0531
1.0542
1.055
1.056
1.0571
1.0587
1.0605
1.0627
1.065
1.0674
1.0698
1.0722
1.0744
1.0765
1.0784
1.0801
1.0815
1.0827
1.0836
1.0845
1.0853
1.0861
1.087
1.088
1.0891
1.0905
1.0919
1.0934
1.095
1.0966
1.0982
1.0997
