1
0.95775
0.94199
0.93357
0.92772
0.92309
0.91886
0.91533
0.91218
0.90944
0.90693
0.90506
0.89812
0.89194
0.8862
0.88099
0.87602
0.87153
0.86722
0.86327
0.85949
0.856
0.85271
0.84958
0.84653
0.84358
0.84074
0.838
0.83537
0.83285
0.83041
0.82805
0.82573
0.82345
0.8212
0.81895
0.81668
0.81435
0.81194
0.8094
0.80668
0.80379
0.80077
0.79767
0.79457
0.79154
0.78864
0.78588
0.78326
0.78077
0.77839
0.77611
0.77394
0.77188
0.76993
0.7681
0.7664
0.76481
0.76331
0.76188
0.76049
0.75916
0.75788
0.75666
0.75549
0.75438
0.7533
0.75225
0.75122
0.75022
0.74924
0.7483
0.74739
0.74652
0.74567
0.74486
0.74405
0.74323
0.74238
0.7415
0.74057
0.73957
0.73849
0.73731
0.73599
0.73448
0.73278
0.73086
0.72875
0.72652
