1
0.95313
0.934
0.92358
0.91651
0.91118
0.90672
0.90325
0.90046
0.89809
0.89599
0.89448
0.88654
0.87966
0.87359
0.86853
0.86418
0.86083
0.85797
0.85546
0.85237
0.84834
0.84376
0.83958
0.83596
0.83274
0.82978
0.827
0.82437
0.82184
0.81938
0.81699
0.81461
0.81224
0.80984
0.80737
0.80481
0.8021
0.79923
0.79619
0.79298
0.78964
0.7862
0.78269
0.77916
0.77568
0.77235
0.76926
0.76648
0.76403
0.7619
0.76005
0.75845
0.75708
0.75591
0.75493
0.75413
0.75349
0.75298
0.75256
0.75218
0.7518
0.75141
0.75098
0.75049
0.74989
0.74916
0.74825
0.74714
0.7458
0.74427
0.74259
0.74084
0.73913
0.73752
0.73605
0.73469
0.7334
0.73211
0.73078
0.72936
0.72785
0.72628
0.72468
0.72316
0.72176
0.72056
0.71959
0.71883
0.71828
