1
0.95164
0.93195
0.92087
0.91343
0.90799
0.9036
0.90024
0.89754
0.89529
0.89324
0.89177
0.88341
0.8763
0.86996
0.86445
0.85935
0.85488
0.85064
0.84681
0.84312
0.83969
0.83638
0.83316
0.82994
0.82673
0.82351
0.82029
0.81707
0.81384
0.81057
0.80721
0.8037
0.79998
0.796
0.7917
0.78705
0.78204
0.77672
0.77121
0.76565
0.76017
0.75488
0.74983
0.74498
0.74028
0.73567
0.73106
0.72639
0.72161
0.71673
0.71178
0.70682
0.70193
0.69715
0.69251
0.68799
0.6836
0.67927
0.675
0.67078
0.6666
0.66251
0.65852
0.65466
0.65095
0.64738
0.64394
0.64062
0.6374
0.63425
0.63116
0.6281
0.62506
0.62203
0.619
0.61597
0.61292
0.60987
0.60682
0.60378
0.60078
0.59782
0.59492
0.59209
0.58934
0.58667
0.58408
0.58157
0.57914
