1
0.95263
0.93365
0.92303
0.91534
0.90965
0.90471
0.90104
0.89796
0.89545
0.89315
0.89148
0.88291
0.87536
0.86831
0.86181
0.85545
0.84956
0.84387
0.83866
0.83371
0.82913
0.82472
0.8204
0.81608
0.81178
0.8075
0.80328
0.79913
0.79505
0.79106
0.78715
0.7833
0.77951
0.77572
0.77188
0.76794
0.76387
0.75966
0.75533
0.75092
0.74652
0.74222
0.73808
0.73412
0.73037
0.72681
0.72344
0.72023
0.71714
0.71412
0.71113
0.70809
0.70493
0.7016
0.69802
0.6942
0.69019
0.68618
0.68233
0.67878
0.67551
0.67252
0.66976
0.66718
0.66475
0.6624
0.6601
0.65781
0.65551
0.65318
0.65082
0.64841
0.64595
0.64342
0.64082
0.63814
0.63536
0.63246
0.62943
0.6263
0.62307
0.61978
0.61649
0.61325
0.61012
0.60713
0.60432
0.60167
0.59918
