1
0.95413
0.93656
0.92614
0.91839
0.91261
0.90798
0.90425
0.90124
0.89865
0.89639
0.89477
0.88681
0.87975
0.87321
0.86725
0.86158
0.85645
0.85152
0.847
0.84262
0.83852
0.83454
0.83064
0.82674
0.82284
0.81893
0.81503
0.81113
0.80726
0.80341
0.79955
0.79566
0.79173
0.78776
0.78373
0.77963
0.77545
0.77122
0.76693
0.76265
0.75842
0.75431
0.75036
0.74657
0.74292
0.73939
0.73593
0.73249
0.72905
0.72557
0.72206
0.71853
0.71502
0.71156
0.7082
0.70494
0.70179
0.69872
0.6957
0.69273
0.68978
0.68688
0.68401
0.68118
0.67839
0.67563
0.67287
0.67011
0.66733
0.66454
0.66173
0.65888
0.65599
0.65306
0.6501
0.6471
0.64407
0.64101
0.63793
0.63485
0.63178
0.62873
0.6257
0.62269
0.61971
0.61675
0.61384
0.61099
0.60819
