1
0.95461
0.93679
0.92709
0.9209
0.91619
0.91203
0.90857
0.90575
0.90346
0.90146
0.9002
0.89323
0.88698
0.88111
0.87578
0.87068
0.8661
0.8617
0.85767
0.85373
0.85
0.84633
0.84267
0.83894
0.83515
0.83132
0.82744
0.82353
0.81956
0.81552
0.81139
0.80714
0.80278
0.7983
0.7937
0.789
0.7842
0.77931
0.77436
0.76939
0.76447
0.75965
0.75497
0.75045
0.74607
0.74179
0.73758
0.73341
0.72924
0.72507
0.72093
0.71683
0.71283
0.70898
0.70531
0.70184
0.69858
0.69549
0.69256
0.68975
0.68707
0.68452
0.68208
0.67976
0.67754
0.67541
0.67336
0.67136
0.6694
0.66749
0.66561
0.66375
0.66191
0.6601
0.65829
0.65649
0.65469
0.65287
0.65105
0.64922
0.64739
0.64556
0.64374
0.64192
0.64011
0.63831
0.63651
0.63471
0.63292
