1
0.95349
0.93807
0.9275
0.9179
0.91022
0.90459
0.90066
0.8979
0.89567
0.89378
0.89252
0.88454
0.87775
0.87171
0.86652
0.86186
0.85807
0.85484
0.85255
0.85092
0.85018
0.85018
0.85086
0.85192
0.85301
0.85372
0.85368
0.85255
0.85027
0.84754
0.84551
0.84457
0.84423
0.84392
0.8432
0.84168
0.83921
0.83605
0.83299
0.83061
0.82891
0.8276
0.82641
0.8251
0.82343
0.82125
0.81861
0.81586
0.81354
0.8119
0.81088
0.81035
0.81015
0.8102
0.8104
0.8107
0.81101
0.81127
0.81144
0.81153
0.81154
0.81149
0.81135
0.81113
0.81077
0.81027
0.8096
0.80879
0.80788
0.80692
0.80595
0.80495
0.80392
0.80286
0.80177
0.80071
0.79972
0.79887
0.79821
0.79775
0.79748
0.7974
0.79746
0.79764
0.79791
0.79825
0.79864
0.79906
0.7995
