1
0.95566
0.94006
0.93313
0.92907
0.92583
0.92326
0.92116
0.91927
0.91708
0.91494
0.91336
0.90765
0.90266
0.89798
0.8938
0.88985
0.88645
0.88322
0.88036
0.87757
0.87501
0.87257
0.87022
0.86788
0.86558
0.86334
0.8612
0.85918
0.85729
0.85552
0.85385
0.85227
0.85076
0.8493
0.84787
0.84645
0.84502
0.84355
0.84199
0.8403
0.83847
0.83647
0.83435
0.83211
0.8298
0.82744
0.82504
0.82258
0.82006
0.81745
0.81476
0.81201
0.80922
0.80642
0.80365
0.80092
0.79824
0.79559
0.79295
0.7903
0.78765
0.78501
0.78239
0.7798
0.77724
0.77473
0.77223
0.76976
0.7673
0.76486
0.76243
0.76001
0.75759
0.75518
0.75276
0.75032
0.74785
0.74535
0.74281
0.74023
0.73762
0.73499
0.73237
0.72977
0.7272
0.72471
0.72228
0.71994
0.7177
