1
0.95312
0.934
0.92358
0.9165
0.91118
0.90672
0.90326
0.90046
0.89809
0.896
0.89448
0.88654
0.87966
0.87359
0.86853
0.86418
0.86084
0.85797
0.85547
0.85237
0.84834
0.84376
0.83958
0.83596
0.83274
0.82978
0.827
0.82437
0.82183
0.81938
0.81698
0.81461
0.81223
0.80983
0.80737
0.8048
0.8021
0.79922
0.79618
0.79296
0.78962
0.78618
0.78267
0.77914
0.77566
0.77232
0.76923
0.76645
0.764
0.76187
0.76002
0.75842
0.75704
0.75587
0.75489
0.75409
0.75345
0.75294
0.75252
0.75213
0.75175
0.75136
0.75092
0.75042
0.74981
0.74907
0.74814
0.74701
0.74565
0.74409
0.74238
0.74061
0.73887
0.73725
0.73575
0.73437
0.73304
0.73172
0.73033
0.72886
0.72728
0.72563
0.72396
0.72236
0.72091
0.71967
0.71865
0.71787
0.71728
