1
1.4146
1.7476
1.9013
2.1173
2.2793
2.3634
2.421
2.4797
2.5267
2.5461
2.5814
2.6853
2.7771
2.8556
2.9258
2.9892
3.0489
3.1054
3.1598
3.2117
3.2619
3.3101
3.3568
3.4019
3.4458
3.4889
3.5308
3.5715
3.6106
3.6479
3.6833
3.7167
3.7481
3.7778
3.8056
3.8318
3.8564
3.8797
3.902
3.9235
3.9448
3.966
3.9875
4.0094
4.0316
4.0543
4.0775
4.1012
4.1254
4.1499
4.1746
4.1994
4.2244
4.2494
4.2745
4.2996
4.3249
4.3502
4.3755
4.4008
4.4262
4.4515
4.4767
4.5017
4.5264
4.5506
4.5742
4.5972
4.6195
4.6411
4.662
4.6823
4.7019
4.7209
4.7392
4.757
4.7742
4.7908
4.8069
4.8226
4.8378
4.8527
4.8671
4.8813
4.8952
4.9088
4.9222
4.9354
4.9485
