1
0.96061
0.94288
0.92731
0.91967
0.91852
0.91697
0.91701
0.91641
0.91588
0.91302
0.91221
0.90589
0.90202
0.89786
0.89488
0.89165
0.88914
0.88762
0.88579
0.88484
0.88319
0.88195
0.88014
0.87815
0.87588
0.8735
0.87113
0.86886
0.86677
0.86489
0.86322
0.86174
0.86046
0.85936
0.85842
0.8576
0.85685
0.85616
0.8555
0.85491
0.85443
0.8541
0.85395
0.85396
0.85412
0.85438
0.85471
0.85506
0.85541
0.85573
0.85602
0.85629
0.85657
0.8569
0.8573
0.85779
0.85836
0.85899
0.85964
0.86028
0.86089
0.86145
0.86194
0.86238
0.86275
0.86304
0.86324
0.86336
0.86339
0.86333
0.86319
0.86296
0.86264
0.86224
0.86176
0.86119
0.86055
0.85981
0.85899
0.85809
0.85712
0.85608
0.85499
0.85383
0.85263
0.85138
0.85007
0.84871
0.8473
