1
0.95525
0.93736
0.92732
0.92029
0.91491
0.91023
0.90646
0.90322
0.90045
0.89794
0.89609
0.888
0.88096
0.87458
0.86893
0.86365
0.85896
0.85452
0.85048
0.84663
0.8431
0.83976
0.83658
0.83348
0.83048
0.82756
0.82473
0.82199
0.81933
0.81673
0.81415
0.81155
0.80889
0.80614
0.80325
0.80017
0.79685
0.79326
0.78937
0.7852
0.78081
0.77629
0.77174
0.76725
0.76289
0.75869
0.75464
0.75071
0.74688
0.74311
0.73939
0.73572
0.73214
0.72865
0.72528
0.72205
0.71893
0.71591
0.71294
0.71001
0.70713
0.70429
0.70151
0.6988
0.69615
0.69356
0.69103
0.68855
0.68613
0.68376
0.68146
0.67921
0.67703
0.67491
0.67284
0.6708
0.66879
0.66678
0.66476
0.66273
0.66067
0.65857
0.65641
0.65416
0.65177
0.64923
0.64652
0.64366
0.64072
