1
0.95585
0.93995
0.93067
0.92374
0.91813
0.91328
0.90959
0.90611
0.90323
0.90056
0.89858
0.89059
0.88354
0.87698
0.87114
0.86558
0.86064
0.85595
0.85173
0.84775
0.84415
0.84082
0.83779
0.83502
0.8325
0.83019
0.82797
0.82568
0.82321
0.82062
0.81795
0.81517
0.81212
0.80875
0.80512
0.80134
0.79746
0.79351
0.7895
0.7855
0.78157
0.77777
0.77413
0.77067
0.76738
0.76423
0.76119
0.75822
0.75528
0.75236
0.74944
0.74654
0.74368
0.7409
0.73821
0.73563
0.73315
0.73076
0.72843
0.72615
0.72391
0.72172
0.71959
0.71752
0.7155
0.71353
0.7116
0.70969
0.70782
0.70598
0.70416
0.70238
0.70062
0.69891
0.69724
0.6956
0.694
0.69243
0.69088
0.68938
0.68791
0.6865
0.68514
0.68384
0.6826
0.68143
0.68031
0.67925
0.67825
