1
0.9548
0.93776
0.92846
0.92199
0.91722
0.9131
0.90995
0.90724
0.90487
0.9026
0.9009
0.89357
0.88696
0.88074
0.87513
0.8698
0.86511
0.86067
0.85674
0.85308
0.8496
0.84591
0.84233
0.839
0.83578
0.83257
0.82932
0.82608
0.82286
0.81969
0.81662
0.81362
0.81066
0.8077
0.80474
0.8018
0.79887
0.79595
0.79305
0.79019
0.78742
0.78477
0.78225
0.77983
0.77742
0.77496
0.77242
0.7698
0.76714
0.76449
0.76189
0.75935
0.75693
0.75464
0.7525
0.75054
0.74875
0.74713
0.74564
0.74428
0.74303
0.74189
0.74086
0.73992
0.73905
0.73824
0.73744
0.73662
0.73573
0.73473
0.73359
0.73229
0.73087
0.72943
0.72806
0.72683
0.72575
0.72481
0.72399
0.72324
0.72251
0.72178
0.72098
0.72008
0.71908
0.71802
0.71694
0.71588
0.71489
