1
0.95354
0.93484
0.92435
0.91724
0.91189
0.90737
0.90371
0.9006
0.8978
0.89519
0.89317
0.88449
0.87673
0.86949
0.86281
0.85625
0.84999
0.84368
0.83761
0.83165
0.82604
0.82071
0.81568
0.81088
0.8063
0.8019
0.79762
0.7934
0.78916
0.78487
0.78048
0.77601
0.77149
0.76697
0.76247
0.75802
0.75363
0.74931
0.74509
0.74102
0.73717
0.73358
0.7303
0.72731
0.72453
0.72182
0.71899
0.7158
0.71212
0.70803
0.70379
0.69963
0.69564
0.69182
0.68817
0.68464
0.68121
0.67785
0.67455
0.67131
0.66816
0.6651
0.66217
0.65936
0.65669
0.65412
0.65166
0.64927
0.64695
0.64469
0.64247
0.64028
0.63811
0.63598
0.63388
0.63181
0.62977
0.62777
0.62579
0.62386
0.62198
0.62014
0.61836
0.61664
0.61497
0.61335
0.61178
0.61027
0.60879
