1
0.96525
0.95104
0.95289
0.94816
0.94834
0.94513
0.94842
0.94667
0.94759
0.94515
0.94695
0.9449
0.94663
0.94702
0.95126
0.95728
0.96746
0.97287
0.97781
0.98049
0.9838
0.98718
0.99111
0.99536
1.0001
1.0052
1.0108
1.017
1.0238
1.0312
1.0386
1.0453
1.0511
1.0564
1.0615
1.0667
1.0722
1.0777
1.0825
1.0863
1.0893
1.092
1.0948
1.098
1.1017
1.1059
1.1101
1.114
1.1172
1.1198
1.1221
1.1243
1.1266
1.1292
1.1321
1.1353
1.1386
1.1416
1.1443
1.1468
1.1492
1.1516
1.1541
1.1568
1.1598
1.1629
1.1661
1.1691
1.1719
1.1744
1.1766
1.1785
1.1803
1.1819
1.1835
1.1852
1.1871
1.1892
1.1916
1.1943
1.1975
1.2009
1.2048
1.2088
1.2129
1.2169
1.2207
1.2243
1.2276
