1
0.96265
0.94712
0.93344
0.92739
0.92753
0.92694
0.92765
0.92749
0.92722
0.92452
0.92379
0.91896
0.91599
0.91213
0.90885
0.90475
0.90079
0.89736
0.89333
0.89012
0.88629
0.88301
0.87928
0.87543
0.87135
0.86724
0.86325
0.85953
0.85619
0.85327
0.85076
0.84866
0.84698
0.84571
0.84484
0.84434
0.84416
0.84428
0.84466
0.84525
0.84602
0.84695
0.848
0.84915
0.85037
0.85164
0.85294
0.85425
0.85555
0.85683
0.85807
0.85927
0.86043
0.86156
0.86266
0.86374
0.8648
0.86581
0.86674
0.86757
0.8683
0.86891
0.86942
0.86982
0.87012
0.8703
0.87038
0.87035
0.87023
0.87001
0.86971
0.86933
0.86889
0.86838
0.86781
0.86718
0.86649
0.86573
0.86491
0.86402
0.86308
0.86209
0.86105
0.85997
0.85884
0.85766
0.85644
0.85517
0.85385
