1
0.95722
0.94287
0.93623
0.93252
0.9295
0.92746
0.9253
0.9236
0.92184
0.92032
0.91901
0.91439
0.90987
0.90528
0.90054
0.89553
0.89028
0.88485
0.8793
0.87381
0.86852
0.86336
0.85836
0.85353
0.84887
0.84443
0.84026
0.8364
0.8329
0.82973
0.82677
0.82389
0.82092
0.81782
0.81467
0.81157
0.80859
0.80571
0.80289
0.80006
0.79714
0.79408
0.79092
0.78778
0.78476
0.7819
0.77919
0.77658
0.77406
0.7716
0.76918
0.76677
0.76438
0.76201
0.75966
0.75734
0.75506
0.75278
0.75051
0.74823
0.74596
0.7437
0.74148
0.73932
0.73719
0.73511
0.73305
0.73101
0.72898
0.72695
0.72493
0.7229
0.72088
0.71888
0.7169
0.71494
0.71301
0.71109
0.70919
0.70731
0.70545
0.70363
0.70184
0.70009
0.69839
0.69674
0.69515
0.69362
0.69216
