1
0.95595
0.9388
0.9297
0.92365
0.91909
0.91521
0.91226
0.90982
0.90791
0.90635
0.90529
0.89922
0.89422
0.88846
0.87982
0.8712
0.86355
0.8562
0.84918
0.84238
0.83601
0.83001
0.82432
0.81888
0.81368
0.80877
0.8042
0.80004
0.79634
0.79312
0.79041
0.78821
0.7865
0.78525
0.78439
0.78387
0.78361
0.78357
0.78368
0.78387
0.78403
0.78405
0.78382
0.78323
0.78217
0.78057
0.77853
0.77632
0.77427
0.77252
0.77102
0.76959
0.76806
0.7663
0.76425
0.76199
0.75976
0.75783
0.75631
0.75517
0.75431
0.75361
0.753
0.75238
0.7517
0.75088
0.7499
0.74875
0.74752
0.7463
0.74524
0.7444
0.74381
0.74347
0.74335
0.74341
0.74362
0.74393
0.74434
0.74482
0.74536
0.74596
0.74661
0.74731
0.74807
0.74888
0.74974
0.75066
0.75163
