59.5596
-0.90086
-0.8948
-0.90725
-0.8987
-0.91259
-0.89776
-0.90402
-0.89698
-0.90227
-0.9174
-0.90303
-0.89785
-0.90701
-0.90095
-0.90095
-0.89662
-0.89575
-0.89898
-0.9004
-0.9004
-0.90467
-0.90248
-0.90047
-0.89789
-0.89768
-0.8941
-0.89165
-0.89166
-0.90326
-0.89165
-0.89056
-0.90392
-0.89235
-0.90182
-0.90195
-0.91252
-0.90154
-0.91536
-0.91527
-0.90154
-0.90154
-0.90155
-0.88874
-0.88238
-0.88238
-0.87827
-0.89702
-0.89687
-0.91855
-0.93391
-0.88629
-0.88629
-0.89032
-0.90786
-1.0263
-0.9735
-0.99641
-1.0401
0
-1.2882
-1.371
0
0
0
0
0
-1.5457
0
0
0
0
0
0
0
-2.7195
0
0
0
0
0
0
0
0
0
0
0
0
0
0
0
0
0
0
0
0
0
0
0
0
0
0
0
0
0
0
0
0
0
0
0
0
0
0
0
0
0
0
-0.90086
59.4208
-0.8938
-0.90629
-0.89778
-0.9113
-0.8967
-0.90301
-0.89586
-0.90092
-0.9164
-0.9019
-0.89804
-0.90597
-0.89989
-0.89989
-0.89559
-0.89469
-0.89779
-0.8992
-0.8992
-0.90336
-0.90405
-0.89937
-0.89679
-0.89657
-0.8939
-0.89049
-0.89049
-0.90214
-0.89049
-0.88936
-0.89726
-0.89126
-0.90056
-0.90104
-0.91362
-0.90026
-0.91423
-0.91426
-0.90026
-0.90026
-0.90026
-0.88768
-0.88134
-0.88134
-0.87726
-0.89572
-0.89565
-0.91726
-0.93245
-0.8851
-0.88509
-0.88911
-0.90655
-1.0244
-0.9716
-0.99437
-1.0435
0
-1.2858
-1.3698
0
0
0
0
0
0
0
-1.3181
0
0
0
0
0
0
0
0
0
0
0
0
0
0
0
-2.8733
0
0
0
0
0
0
0
0
0
0
0
0
0
0
0
0
0
0
0
0
0
0
0
0
0
0
0
0
0
0
0
0
-0.8948
-0.8938
57.4586
-0.90004
-0.89122
-0.90529
-0.89066
-0.89734
-0.8895
-0.89483
-0.9103
-0.89566
-0.89192
-0.90135
-0.8938
-0.8938
-0.8894
-0.88867
-0.89189
-0.89333
-0.89333
-0.89715
-0.89794
-0.89339
-0.89086
-0.89065
-0.88798
-0.88467
-0.88467
-0.89605
-0.88467
-0.88349
-0.89686
-0.88607
-0.89484
-0.8958
-0.90751
-0.89438
-0.90814
-0.90804
-0.89438
-0.89438
-0.89438
-0.88167
-0.87534
-0.87533
-0.87127
-0.88969
-0.88944
-0.91082
-0.92619
-0.87894
-0.87894
-0.88287
-0.90015
-1.0173
-0.96447
-0.98709
-1.0355
0
-1.2761
-1.3598
0
0
0
0
0
0
0
0
0
0
0
0
0
0
0
0
0
0
0
0
0
0
0
0
0
0
-2.5905
0
0
0
0
0
0
0
0
0
0
0
0
0
0
0
0
0
0
0
0
0
0
0
0
0
0
0
0
0
-0.90725
-0.90629
-0.90004
60.0692
-0.90412
-0.91798
-0.903
-0.90915
-0.90191
-0.90773
-0.92193
-0.90816
-0.90438
-0.91171
-0.90613
-0.90613
-0.90201
-0.90089
-0.90419
-0.90562
-0.90562
-0.90942
-0.91042
-0.90564
-0.90308
-0.90286
-0.9003
-0.89686
-0.89686
-0.90866
-0.89686
-0.89596
-0.90929
-0.89761
-0.90694
-0.90711
-0.92008
-0.90674
-0.92056
-0.92064
-0.90674
-0.90674
-0.90674
-0.89387
-0.88746
-0.88746
-0.88333
-0.90265
-0.90185
-0.92367
-0.93905
-0.8912
-0.8912
-0.89523
-0.91291
-1.0316
-0.97836
-1.0015
-1.0505
0
-1.2949
-1.3803
0
0
0
0
0
0
0
0
0
0
0
0
0
0
0
0
0
0
0
0
0
0
0
0
0
0
0
0
0
0
0
0
0
0
-4.4518
0
0
0
0
0
0
0
0
0
0
0
0
0
0
0
0
0
0
0
0
0
-0.8987
-0.89778
-0.89122
-0.90412
57.9349
-0.9093
-0.89434
-0.90156
-0.89348
-0.89848
-0.9142
-0.89954
-0.89572
-0.90543
-0.89758
-0.89758
-0.88821
-0.89241
-0.89547
-0.89691
-0.89691
-0.90106
-0.90191
-0.89711
-0.89456
-0.89435
-0.89161
-0.88822
-0.88823
-0.89989
-0.88823
-0.88714
-0.90097
-0.88904
-0.89855
-0.89882
-0.91135
-0.89799
-0.91182
-0.91178
-0.89799
-0.89799
-0.89799
-0.88522
-0.87889
-0.87889
-0.8748
-0.89322
-0.89303
-0.91457
-0.92996
-0.88249
-0.88249
-0.88643
-0.90372
-1.0218
-0.96919
-0.99168
-1.041
0
-1.2821
-1.3668
0
0
0
0
0
0
0
0
0
0
0
0
0
0
0
0
0
0
0
0
0
0
0
0
-2.843
0
0
0
0
0
0
0
0
0
0
0
0
0
0
0
0
0
0
0
0
0
0
0
0
0
0
0
0
0
0
0
-0.91259
-0.9113
-0.90529
-0.91798
-0.9093
60.8171
-0.90691
-0.9133
-0.90578
-0.91166
-0.92581
-0.91201
-0.90826
-0.91556
-0.90998
-0.90998
-0.90592
-0.90471
-0.90812
-0.90956
-0.90955
-0.91442
-0.91438
-0.90945
-0.90686
-0.90665
-0.90429
-0.90071
-0.90072
-0.91237
-0.90072
-0.89972
-0.91301
-0.90146
-0.91084
-0.91079
-0.92401
-0.91067
-0.92437
-0.92471
-0.91067
-0.91066
-0.91067
-0.89774
-0.89129
-0.89129
-0.88715
-0.90653
-0.90571
-0.92918
-0.94324
-0.89501
-0.89501
-0.89906
-0.91682
-1.0362
-0.98223
-1.006
-1.0557
0
0
0
0
0
0
0
0
0
0
0
0
0
0
-0.91868
-1.9781
0
0
0
0
0
0
0
0
0
0
0
0
0
0
0
0
0
0
0
0
0
0
0
0
0
0
0
0
0
0
0
-4.7465
0
0
0
0
0
0
0
0
0
0
0
-0.89776
-0.8967
-0.89066
-0.903
-0.89434
-0.90691
53.9345
-0.89814
-0.8918
-0.8975
-0.91166
-0.89856
-0.89427
-0.90021
-0.8961
-0.89611
-0.89168
-0.89094
-0.89414
-0.89557
-0.89557
-0.89957
-0.90031
-0.89561
-0.89309
-0.89288
-0.89024
-0.88684
-0.88685
-0.89826
-0.88684
-0.88561
-0.89804
-0.88758
-0.89662
-0.89732
-0.9097
-0.89663
-0.91039
-0.91047
-0.89663
-0.89662
-0.89662
-0.88392
-0.87759
-0.87759
-0.87353
-0.89191
-0.89177
-0.91458
-0.92874
-0.88125
-0.88124
-0.88519
-0.90255
-1.0202
-0.96735
-0.99
-1.0394
0
0
0
0
0
0
0
-1.5733
0
0
0
0
0
0
0
0
0
0
0
0
0
0
0
0
0
0
0
0
0
0
0
0
0
0
0
0
0
0
0
0
0
0
0
0
0
0
0
0
0
0
0
0
0
0
0
0
0
0
0
-0.90402
-0.90301
-0.89734
-0.90915
-0.90156
-0.9133
-0.89814
57.5821
-0.89685
-0.90248
-0.9167
-0.90279
-0.89918
-0.90817
-0.9009
-0.9009
-0.89694
-0.89572
-0.89918
-0.90061
-0.90061
-0.90382
-0.90502
-0.90043
-0.89789
-0.89768
-0.89552
-0.89184
-0.89185
-0.90326
-0.89184
-0.89082
-0.90379
-0.89258
-0.90172
-0.90186
-0.9148
-0.90166
-0.91522
-0.91563
-0.90166
-0.90165
-0.90166
-0.88886
-0.88249
-0.88249
-0.8784
-0.89752
-0.89679
-0.91998
-0.93375
-0.88621
-0.88621
-0.8902
-0.90783
-1.0261
-0.97296
-0.99612
0
0
0
0
0
0
-1.3176
0
0
0
0
0
0
0
0
0
0
0
0
0
0
0
0
0
0
0
0
0
0
0
0
0
0
0
0
0
0
0
0
0
0
0
0
0
0
0
0
0
0
0
0
0
-4.6488
0
0
0
0
0
0
0
-0.89698
-0.89586
-0.8895
-0.90191
-0.89348
-0.90578
-0.8918
-0.89685
56.1966
-0.89592
-0.9102
-0.89671
-0.89298
-0.9001
-0.89473
-0.89473
-0.89049
-0.88959
-0.89292
-0.89434
-0.89434
-0.8979
-0.899
-0.89424
-0.89174
-0.89153
-0.88902
-0.88564
-0.88564
-0.89694
-0.88564
-0.88446
-0.89764
-0.88635
-0.89563
-0.89577
-0.90849
-0.89537
-0.90896
-0.9091
-0.89536
-0.89536
-0.89537
-0.88266
-0.87636
-0.87636
-0.8723
-0.89082
-0.8905
-0.91334
-0.92716
-0.88002
-0.88002
-0.88396
-0.90133
-1.0187
-0.96594
-0.9885
-1.0381
0
0
0
0
0
0
0
0
0
0
0
0
0
0
0
0
0
0
0
0
0
0
0
0
0
0
0
0
0
0
0
0
0
0
0
0
0
0
0
0
0
0
0
-3.9063
0
0
0
0
0
0
0
0
0
0
0
0
0
0
0
-0.90227
-0.90092
-0.89483
-0.90773
-0.89848
-0.91166
-0.8975
-0.90248
-0.89592
54.367
-0.916
-0.90299
-0.89865
-0.90512
-0.90042
-0.90042
-0.89576
-0.89518
-0.89821
-0.89965
-0.89965
-0.90386
-0.90468
-0.89982
-0.89728
-0.89706
-0.89444
-0.89087
-0.89088
-0.90242
-0.89088
-0.88955
-0.90364
-0.89191
-0.90151
-0.90175
-0.91416
-0.90091
-0.91468
-0.91485
-0.90091
-0.9009
-0.90091
-0.88812
-0.88175
-0.88174
-0.8777
-0.88721
-0.89604
-0.91903
-0.93309
-0.88548
-0.88548
-0.88948
-0.9068
-1.0249
-0.9721
-0.99483
0
0
0
0
0
0
0
0
0
0
0
0
0
0
0
0
0
0
0
0
0
-2.8116
0
0
0
0
0
0
0
0
0
0
0
0
0
0
0
0
0
0
0
0
0
0
0
0
0
0
0
0
0
0
0
0
0
0
0
0
0
0
-0.9174
-0.9164
-0.9103
-0.92193
-0.9142
-0.92581
-0.91166
-0.9167
-0.9102
-0.916
61.7787
-0.91619
-0.91222
-0.91831
-0.91367
-0.91366
-0.9098
-0.9083
-0.91201
-0.91337
-0.91337
-0.91655
-0.91778
-0.91291
-0.91044
-0.91022
-0.90811
-0.90452
-0.90453
-0.91591
-0.90453
-0.90338
-0.91548
-0.90526
-0.91441
-0.91432
-0.92768
-0.91451
-0.928
-0.9287
-0.91451
-0.91451
-0.91451
-0.90159
-0.89513
-0.89512
-0.89101
-0.91029
-0.9098
-0.93345
-0.94493
-0.8991
-0.8991
-0.90318
0
0
0
0
0
-1.2026
0
0
0
0
0
0
0
0
0
0
0
0
0
0
0
0
0
0
0
0
0
0
0
0
0
0
0
-3.1753
0
0
0
0
-4.5129
0
0
0
0
0
0
0
0
0
0
0
0
-4.5129
0
0
0
0
0
0
0
0
0
0
0
0
-0.90303
-0.9019
-0.89566
-0.90816
-0.89954
-0.91201
-0.89856
-0.90279
-0.89671
-0.90299
-0.91619
54.2787
-0.89925
-0.90563
-0.90089
-0.90088
-0.89667
-0.89571
-0.89906
-0.9005
-0.9005
-0.90425
-0.90517
-0.90042
-0.89793
-0.89771
-0.89525
-0.89173
-0.89174
-0.90313
-0.89173
-0.89052
-0.90385
-0.89246
-0.90186
-0.90197
-0.91467
-0.90157
-0.91524
-0.91548
-0.90157
-0.90157
-0.90157
-0.88878
-0.88242
-0.88242
-0.87835
-0.89694
-0.89669
-0.91973
-0.93365
-0.88613
-0.88613
-0.89009
-0.9075
-1.0258
0
-0.99569
0
0
0
0
0
0
0
0
0
0
0
0
0
0
0
0
0
0
0
0
0
0
0
0
0
0
0
0
0
0
0
0
0
0
0
0
0
0
0
0
0
-3.6504
0
0
0
0
0
0
0
0
0
0
0
0
0
0
0
0
0
0
-0.89785
-0.89804
-0.89192
-0.90438
-0.89572
-0.90826
-0.89427
-0.89918
-0.89298
-0.89865
-0.91222
-0.89925
52.876
-0.90181
-0.89706
-0.89706
-0.89276
-0.89188
-0.89514
-0.89658
-0.89658
-0.90039
-0.9014
-0.89656
-0.89399
-0.89378
-0.8914
-0.88782
-0.88783
-0.89922
-0.88783
-0.88663
-0.90003
-0.88856
-0.89809
-0.89824
-0.90668
-0.89767
-0.91132
-0.9115
-0.89766
-0.89766
-0.89766
-0.88494
-0.87862
-0.87862
-0.87458
-0.89304
-0.89285
-0.91574
-0.92971
-0.88233
-0.88232
-0.88628
-0.90361
-1.0215
0
0
0
0
0
0
0
-1.228
0
0
0
0
0
0
0
-2.2303
0
0
0
0
0
0
0
0
0
0
0
0
0
0
0
0
0
0
0
0
0
0
0
0
0
0
0
0
0
0
0
0
0
0
0
0
0
0
0
0
0
0
0
0
0
0
-0.90701
-0.90597
-0.90135
-0.91171
-0.90543
-0.91556
-0.90021
-0.90817
-0.9001
-0.90512
-0.91831
-0.90563
-0.90181
57.9426
-0.90323
-0.90323
-0.89942
-0.89802
-0.9017
-0.90309
-0.9031
-0.90605
-0.90748
-0.90268
-0.90022
-0.9
-0.89779
-0.8943
-0.8943
-0.90546
-0.8943
-0.89312
-0.90512
-0.89499
-0.90346
-0.90407
-0.91728
-0.90414
-0.91756
-0.91805
-0.90414
-0.90414
-0.90415
-0.89138
-0.88501
-0.88501
-0.88093
-0.89981
-0.8994
-0.92266
-0.93641
-0.88884
-0.88885
-0.89284
0
0
0
0
0
0
0
0
0
0
0
0
-1.5801
0
0
0
0
0
0
0
0
0
0
0
0
0
0
0
0
0
0
0
0
0
0
0
0
0
0
0
0
0
0
0
0
0
0
-4.2603
0
0
0
0
0
0
0
0
0
0
0
0
0
-4.2601
0
0
-0.90095
-0.89989
-0.8938
-0.90613
-0.89758
-0.90998
-0.8961
-0.9009
-0.89473
-0.90042
-0.91367
-0.90089
-0.89706
-0.90323
51.7127
-0.89884
-0.89435
-0.89344
-0.8968
-0.89826
-0.89826
-0.90192
-0.90271
-0.89814
-0.89565
-0.89544
-0.89296
-0.88945
-0.88947
-0.90077
-0.88946
-0.88819
-0.90152
-0.89017
-0.89962
-0.89969
-0.91224
-0.89929
-0.91292
-0.91316
-0.89928
-0.89928
-0.89929
-0.88651
-0.88016
-0.88016
-0.87609
-0.89458
-0.89439
-0.91741
-0.93137
-0.88384
-0.88384
-0.88778
-0.90513
0
0
0
0
0
0
0
0
0
0
0
0
0
0
0
0
0
0
0
0
0
0
0
0
0
0
0
0
0
0
0
0
0
0
0
0
0
0
0
0
0
0
-3.2255
0
0
0
0
0
0
0
0
0
0
0
0
0
0
0
0
0
0
0
0
-0.90095
-0.89989
-0.8938
-0.90613
-0.89758
-0.90998
-0.89611
-0.9009
-0.89473
-0.90042
-0.91366
-0.90088
-0.89706
-0.90323
-0.89884
51.7124
-0.89435
-0.89344
-0.8968
-0.89826
-0.89826
-0.90191
-0.90271
-0.89814
-0.89565
-0.89543
-0.89296
-0.88946
-0.88946
-0.90078
-0.88945
-0.88819
-0.90152
-0.89017
-0.89962
-0.89969
-0.91224
-0.89928
-0.91291
-0.91316
-0.89928
-0.89928
-0.89928
-0.88651
-0.88016
-0.88016
-0.87609
-0.89458
-0.89439
-0.9174
-0.93137
-0.88384
-0.88383
-0.88777
-0.90513
0
0
0
0
0
0
0
0
0
0
0
0
0
0
0
0
0
0
0
0
0
0
0
0
0
0
0
0
0
0
0
0
0
0
0
0
0
0
0
0
0
0
0
0
0
0
0
0
0
0
0
0
0
0
0
0
-3.2253
0
0
0
0
0
0
-0.89662
-0.89559
-0.8894
-0.90201
-0.88821
-0.90592
-0.89168
-0.89694
-0.89049
-0.89576
-0.9098
-0.89667
-0.89276
-0.89942
-0.89435
-0.89435
51.0512
-0.8889
-0.89231
-0.8937
-0.8937
-0.89705
-0.89817
-0.89364
-0.89117
-0.89095
-0.8884
-0.88489
-0.88489
-0.89621
-0.88489
-0.88364
-0.89739
-0.88569
-0.89518
-0.89543
-0.90771
-0.89462
-0.90822
-0.90846
-0.89462
-0.89461
-0.89462
-0.88188
-0.87556
-0.87556
-0.8715
-0.88968
-0.88959
-0.91237
-0.92643
-0.87909
-0.87908
-0.88298
-0.90007
0
0
0
0
0
0
0
0
0
0
0
0
0
0
0
0
0
0
0
0
0
0
0
0
0
0
0
0
0
0
0
-2.8084
0
0
0
0
0
0
0
0
0
0
0
0
0
0
0
0
0
0
0
0
0
0
0
0
0
0
0
0
0
0
0
-0.89575
-0.89469
-0.88867
-0.90089
-0.89241
-0.90471
-0.89094
-0.89572
-0.88959
-0.89518
-0.9083
-0.89571
-0.89188
-0.89802
-0.89344
-0.89344
-0.8889
50.3792
-0.89165
-0.89305
-0.89305
-0.89539
-0.8969
-0.89266
-0.89021
-0.89
-0.88759
-0.88415
-0.88416
-0.89515
-0.88416
-0.88281
-0.89584
-0.8848
-0.89415
-0.8942
-0.90671
-0.89389
-0.90738
-0.90758
-0.89389
-0.89388
-0.89389
-0.88118
-0.87488
-0.87487
-0.87084
-0.88915
-0.88898
-0.9118
-0.92567
-0.87851
-0.87851
-0.88242
0
0
0
0
0
0
0
0
0
0
0
0
0
0
0
0
0
0
0
0
0
0
0
0
0
0
0
0
0
0
0
0
0
0
0
0
0
0
0
0
0
0
0
0
0
0
0
0
0
0
0
0
0
0
-3.077
0
0
0
0
0
0
0
0
0
-0.89898
-0.89779
-0.89189
-0.90419
-0.89547
-0.90812
-0.89414
-0.89918
-0.89292
-0.89821
-0.91201
-0.89906
-0.89514
-0.9017
-0.8968
-0.8968
-0.89231
-0.89165
48.3856
-0.89637
-0.89637
-0.90041
-0.9012
-0.89637
-0.89387
-0.89366
-0.89101
-0.88748
-0.88748
-0.89897
-0.88748
-0.88622
-0.90007
-0.88825
-0.89794
-0.89809
-0.91031
-0.8973
-0.91107
-0.91111
-0.8973
-0.8973
-0.8973
-0.88453
-0.87818
-0.87817
-0.87411
-0.89248
-0.89231
-0.91521
-0.92935
-0.88175
-0.88175
-0.88566
-0.90283
0
0
0
0
0
0
0
0
0
0
0
0
0
0
0
0
0
0
0
0
0
0
0
0
0
0
0
0
0
0
0
0
0
0
0
0
0
0
0
0
0
0
0
0
0
0
0
0
0
0
0
0
0
0
0
0
0
0
0
0
0
0
0
-0.9004
-0.8992
-0.89333
-0.90562
-0.89691
-0.90956
-0.89557
-0.90061
-0.89434
-0.89965
-0.91337
-0.9005
-0.89658
-0.90309
-0.89826
-0.89826
-0.8937
-0.89305
-0.89637
46.6722
-0.89726
-0.9018
-0.90247
-0.89783
-0.89536
-0.89515
-0.8924
-0.88888
-0.88888
-0.90097
-0.88888
-0.88772
-0.90216
-0.88971
-0.89943
-0.89957
-0.91177
-0.89882
-0.9126
-0.91261
-0.89882
-0.89881
-0.89882
-0.88605
-0.87969
-0.87968
-0.87564
-0.89403
-0.89385
-0.91677
-0.93089
-0.88329
-0.88328
0
0
0
0
0
0
0
0
0
0
0
0
0
0
0
0
0
0
0
0
0
0
0
0
0
0
0
0
0
0
0
0
0
0
0
0
0
0
0
0
0
0
0
0
0
0
0
0
0
0
0
0
0
0
0
0
0
0
0
0
0
0
0
0
0
-0.9004
-0.8992
-0.89333
-0.90562
-0.89691
-0.90955
-0.89557
-0.90061
-0.89434
-0.89965
-0.91337
-0.9005
-0.89658
-0.9031
-0.89826
-0.89826
-0.8937
-0.89305
-0.89637
-0.89726
46.6722
-0.9018
-0.90247
-0.89783
-0.89536
-0.89515
-0.8924
-0.88887
-0.88888
-0.90096
-0.88888
-0.88772
-0.90216
-0.88971
-0.89943
-0.89957
-0.91177
-0.89881
-0.9126
-0.91262
-0.89882
-0.89881
-0.89881
-0.88605
-0.87968
-0.87968
-0.87564
-0.89403
-0.89385
-0.91678
-0.9309
-0.88329
-0.88328
0
0
0
0
0
0
0
0
0
0
0
0
0
0
0
0
0
0
0
0
0
0
0
0
0
0
0
0
0
0
0
0
0
0
0
0
0
0
0
0
0
0
0
0
0
0
0
0
0
0
0
0
0
0
0
0
0
0
0
0
0
0
0
0
0
-0.90467
-0.90336
-0.89715
-0.90942
-0.90106
-0.91442
-0.89957
-0.90382
-0.8979
-0.90386
-0.91655
-0.90425
-0.90039
-0.90605
-0.90192
-0.90191
-0.89705
-0.89539
-0.90041
-0.9018
-0.9018
49.4977
-0.90659
-0.90134
-0.8988
-0.89859
-0.89673
-0.89277
-0.89278
-0.9039
-0.89278
-0.89145
-0.90467
-0.89344
-0.90252
-0.90253
-0.91557
-0.9028
-0.91607
-0.91646
-0.9028
-0.90279
-0.9028
-0.88994
-0.88352
-0.88352
-0.87944
-0.89797
0
0
0
0
0
0
0
0
0
0
0
0
0
0
0
0
0
0
0
0
0
0
0
0
-1.5515
0
0
0
0
0
0
0
0
0
0
0
0
0
0
0
0
-2.729
0
0
0
0
0
0
0
0
0
0
0
0
0
0
0
0
0
-2.8819
0
0
0
0
0
0
0
0
0
0
-0.90248
-0.90405
-0.89794
-0.91042
-0.90191
-0.91438
-0.90031
-0.90502
-0.899
-0.90468
-0.91778
-0.90517
-0.9014
-0.90748
-0.90271
-0.90271
-0.89817
-0.8969
-0.9012
-0.90247
-0.90247
-0.90659
48.0207
-0.90228
-0.89977
-0.89956
-0.89696
-0.8934
-0.89341
-0.90498
-0.89341
-0.89223
-0.90589
-0.89409
-0.90391
-0.9036
-0.91667
-0.9034
-0.9169
-0.917
-0.90341
-0.9034
-0.90341
-0.89052
-0.88409
-0.88409
-0.88
-0.89879
0
0
0
0
0
0
0
0
0
0
0
0
0
0
0
0
0
0
0
0
0
0
0
0
0
0
0
0
-1.9295
-3.7208
0
0
0
0
0
0
0
0
0
0
0
0
0
0
0
0
0
0
0
0
0
0
0
0
0
0
0
0
0
0
0
0
0
0
0
0
0
0
0
0
-0.90047
-0.89937
-0.89339
-0.90564
-0.89711
-0.90945
-0.89561
-0.90043
-0.89424
-0.89982
-0.91291
-0.90042
-0.89656
-0.90268
-0.89814
-0.89814
-0.89364
-0.89266
-0.89637
-0.89783
-0.89783
-0.90134
-0.90228
45.7674
-0.89508
-0.89485
-0.89215
-0.8887
-0.8887
-0.90047
-0.8887
-0.88749
-0.90115
-0.88943
-0.89886
-0.89888
-0.91143
-0.89866
-0.91219
-0.91234
-0.89867
-0.89866
-0.89867
-0.88585
-0.87944
-0.87944
-0.87538
-0.89391
-0.89424
0
0
0
0
0
0
0
0
0
0
0
0
0
0
0
0
0
0
0
0
0
0
0
0
0
0
0
0
0
0
0
0
0
0
0
0
0
0
0
0
0
0
0
0
0
0
0
0
0
0
0
0
0
0
0
0
0
0
0
0
0
0
0
0
0
0
0
0
-2.7177
-0.89789
-0.89679
-0.89086
-0.90308
-0.89456
-0.90686
-0.89309
-0.89789
-0.89174
-0.89728
-0.91044
-0.89793
-0.89399
-0.90022
-0.89565
-0.89565
-0.89117
-0.89021
-0.89387
-0.89536
-0.89536
-0.8988
-0.89977
-0.89508
44.391
-0.8916
-0.8889
-0.88597
-0.88597
-0.89779
-0.88597
-0.88478
-0.89927
-0.88671
-0.89606
-0.89594
-0.90864
-0.89601
-0.90925
-0.90956
-0.89601
-0.896
-0.89601
-0.88326
-0.87687
-0.87687
-0.87284
-0.89129
0
0
0
0
0
0
0
0
0
0
0
0
0
0
0
0
0
0
0
0
0
0
0
0
0
0
0
0
0
0
0
0
0
0
0
0
0
0
0
0
0
0
0
0
0
0
0
-2.3559
0
0
0
0
0
0
0
0
0
0
0
0
0
0
0
0
0
0
0
0
0
0
-0.89768
-0.89657
-0.89065
-0.90286
-0.89435
-0.90665
-0.89288
-0.89768
-0.89153
-0.89706
-0.91022
-0.89771
-0.89378
-0.9
-0.89544
-0.89543
-0.89095
-0.89
-0.89366
-0.89515
-0.89515
-0.89859
-0.89956
-0.89485
-0.8916
44.3261
-0.88867
-0.88575
-0.88575
-0.89756
-0.88575
-0.88456
-0.89908
-0.88649
-0.89585
-0.89573
-0.90841
-0.89579
-0.90903
-0.90935
-0.89579
-0.89579
-0.89579
-0.88306
-0.87666
-0.87666
-0.87262
-0.89107
0
0
0
0
0
0
0
0
0
0
0
0
0
0
0
0
0
0
0
0
0
0
0
0
0
0
0
0
0
0
0
0
0
0
0
0
0
0
0
0
0
0
0
0
0
0
0
0
0
0
0
0
0
0
0
0
0
0
0
0
0
-2.3009
0
0
0
0
0
0
0
0
-0.8941
-0.8939
-0.88798
-0.9003
-0.89161
-0.90429
-0.89024
-0.89552
-0.88902
-0.89444
-0.90811
-0.89525
-0.8914
-0.89779
-0.89296
-0.89296
-0.8884
-0.88759
-0.89101
-0.8924
-0.8924
-0.89673
-0.89696
-0.89215
-0.8889
-0.88867
43.4342
-0.8836
-0.8836
-0.89464
-0.8836
-0.88233
-0.89536
-0.88407
-0.89359
-0.89356
-0.9059
-0.89329
-0.90671
-0.90663
-0.89329
-0.89329
-0.89329
-0.88048
-0.87411
-0.87411
-0.87006
-0.88844
0
0
0
0
0
0
0
0
0
0
0
0
0
0
0
0
0
0
0
-1.5252
0
0
0
0
0
0
0
0
0
0
0
0
0
0
0
0
0
0
0
0
0
0
0
0
0
0
0
0
0
0
0
0
0
0
0
0
0
0
0
0
0
0
0
0
0
0
0
0
0
0
-0.89165
-0.89049
-0.88467
-0.89686
-0.88822
-0.90071
-0.88684
-0.89184
-0.88564
-0.89087
-0.90452
-0.89173
-0.88782
-0.8943
-0.88945
-0.88946
-0.88489
-0.88415
-0.88748
-0.88888
-0.88887
-0.89277
-0.8934
-0.8887
-0.88597
-0.88575
-0.8836
41.7434
-0.87703
-0.89114
-0.87703
-0.88093
-0.89267
-0.88028
-0.8898
-0.88978
-0.9019
-0.88953
-0.90295
-0.90299
-0.88953
-0.88953
-0.88953
-0.87682
-0.87048
-0.87048
-0.86658
-0.88484
0
0
0
0
0
0
0
0
0
0
0
0
0
0
0
0
0
0
0
0
0
0
0
0
0
0
0
0
0
0
0
0
0
0
0
0
0
0
0
0
0
0
0
0
0
0
0
0
0
0
0
0
0
0
0
0
0
0
0
0
0
0
0
0
0
0
0
0
0
0
-0.89166
-0.89049
-0.88467
-0.89686
-0.88823
-0.90072
-0.88685
-0.89185
-0.88564
-0.89088
-0.90453
-0.89174
-0.88783
-0.8943
-0.88947
-0.88946
-0.88489
-0.88416
-0.88748
-0.88888
-0.88888
-0.89278
-0.89341
-0.8887
-0.88597
-0.88575
-0.8836
-0.87703
41.7437
-0.89115
-0.87703
-0.88094
-0.89268
-0.88029
-0.8898
-0.88978
-0.90191
-0.88954
-0.90296
-0.903
-0.88954
-0.88954
-0.88954
-0.87683
-0.87048
-0.87048
-0.86659
-0.88485
0
0
0
0
0
0
0
0
0
0
0
0
0
0
0
0
0
0
0
0
0
0
0
0
0
0
0
0
0
0
0
0
0
0
0
0
0
0
0
0
0
0
0
0
0
0
0
0
0
0
0
0
0
0
0
0
0
0
0
0
0
0
0
0
0
0
0
0
0
0
-0.90326
-0.90214
-0.89605
-0.90866
-0.89989
-0.91237
-0.89826
-0.90326
-0.89694
-0.90242
-0.91591
-0.90313
-0.89922
-0.90546
-0.90077
-0.90078
-0.89621
-0.89515
-0.89897
-0.90097
-0.90096
-0.9039
-0.90498
-0.90047
-0.89779
-0.89756
-0.89464
-0.89114
-0.89115
45.9193
-0.89115
-0.88238
-0.90377
-0.89196
-0.90098
-0.90102
-0.91386
-0.90141
-0.91448
-0.91397
-0.9014
-0.9014
-0.9014
-0.88853
-0.88211
-0.88211
0
0
0
0
0
0
0
0
0
0
0
0
0
0
0
0
0
0
0
0
0
0
0
0
0
0
0
0
0
0
0
0
0
0
0
-2.7739
0
0
0
0
0
0
0
0
0
0
0
0
0
0
0
0
0
0
0
0
0
0
0
0
0
0
0
0
0
0
0
-2.6511
0
0
0
0
-0.89165
-0.89049
-0.88467
-0.89686
-0.88823
-0.90072
-0.88684
-0.89184
-0.88564
-0.89088
-0.90453
-0.89173
-0.88783
-0.8943
-0.88946
-0.88945
-0.88489
-0.88416
-0.88748
-0.88888
-0.88888
-0.89278
-0.89341
-0.8887
-0.88597
-0.88575
-0.8836
-0.87703
-0.87703
-0.89115
41.7435
-0.88094
-0.89267
-0.88029
-0.8898
-0.88978
-0.90191
-0.88953
-0.90295
-0.903
-0.88953
-0.88953
-0.88954
-0.87683
-0.87048
-0.87048
-0.86659
-0.88484
0
0
0
0
0
0
0
0
0
0
0
0
0
0
0
0
0
0
0
0
0
0
0
0
0
0
0
0
0
0
0
0
0
0
0
0
0
0
0
0
0
0
0
0
0
0
0
0
0
0
0
0
0
0
0
0
0
0
0
0
0
0
0
0
0
0
0
0
0
0
-0.89056
-0.88936
-0.88349
-0.89596
-0.88714
-0.89972
-0.88561
-0.89082
-0.88446
-0.88955
-0.90338
-0.89052
-0.88663
-0.89312
-0.88819
-0.88819
-0.88364
-0.88281
-0.88622
-0.88772
-0.88772
-0.89145
-0.89223
-0.88749
-0.88478
-0.88456
-0.88233
-0.88093
-0.88094
-0.88238
-0.88094
41.73
-0.8933
-0.87679
-0.88576
-0.88549
-0.89769
-0.8865
-0.89929
0
-0.8865
-0.8865
-0.8865
-0.87432
-0.86802
-0.86802
0
0
0
0
0
0
0
0
0
0
0
0
0
0
0
0
0
0
0
0
0
0
0
0
0
0
0
0
0
0
0
0
0
0
0
-2.7125
0
0
0
0
0
0
0
0
0
0
0
0
0
0
0
0
0
0
0
0
0
0
0
0
0
0
0
0
0
0
0
0
0
0
0
0
-0.90392
-0.89726
-0.89686
-0.90929
-0.90097
-0.91301
-0.89804
-0.90379
-0.89764
-0.90364
-0.91548
-0.90385
-0.90003
-0.90512
-0.90152
-0.90152
-0.89739
-0.89584
-0.90007
-0.90216
-0.90216
-0.90467
-0.90589
-0.90115
-0.89927
-0.89908
-0.89536
-0.89267
-0.89268
-0.90377
-0.89267
-0.8933
45.0109
-0.89232
-0.90052
-0.90044
-0.91244
-0.9015
0
0
-0.9015
-0.9015
-0.9015
0
0
0
0
0
0
0
0
0
0
0
0
0
0
0
0
-1.2117
0
0
0
0
0
0
0
0
0
0
0
0
0
0
0
0
0
0
-2.8463
0
0
0
0
0
0
-2.8077
0
0
0
0
0
0
0
0
0
0
0
0
0
0
0
0
0
0
0
0
0
0
0
0
0
0
0
0
-2.1034
0
0
0
-0.89235
-0.89126
-0.88607
-0.89761
-0.88904
-0.90146
-0.88758
-0.89258
-0.88635
-0.89191
-0.90526
-0.89246
-0.88856
-0.89499
-0.89017
-0.89017
-0.88569
-0.8848
-0.88825
-0.88971
-0.88971
-0.89344
-0.89409
-0.88943
-0.88671
-0.88649
-0.88407
-0.88028
-0.88029
-0.89196
-0.88029
-0.87679
-0.89232
39.4133
-0.88999
-0.88627
-0.90113
-0.8908
-0.90288
0
-0.89081
-0.8908
-0.8908
-0.87815
0
0
0
0
0
0
0
0
0
0
0
0
0
0
0
0
0
0
0
0
0
0
0
0
0
0
-2.0396
0
0
0
0
0
0
0
0
0
0
0
0
0
0
0
0
0
0
0
0
0
0
0
0
0
0
0
0
0
0
0
0
0
0
0
0
0
0
0
0
0
0
0
0
0
0
0
-0.90182
-0.90056
-0.89484
-0.90694
-0.89855
-0.91084
-0.89662
-0.90172
-0.89563
-0.90151
-0.91441
-0.90186
-0.89809
-0.90346
-0.89962
-0.89962
-0.89518
-0.89415
-0.89794
-0.89943
-0.89943
-0.90252
-0.90391
-0.89886
-0.89606
-0.89585
-0.89359
-0.8898
-0.8898
-0.90098
-0.8898
-0.88576
-0.90052
-0.88999
35.8131
0
0
0
0
-0.90676
0
0
0
0
0
0
0
0
0
0
0
0
0
0
0
0
0
0
0
0
0
0
-1.279
0
0
-1.4667
0
0
0
0
0
0
0
0
0
0
0
0
0
0
0
0
0
0
0
0
0
0
0
0
0
0
0
0
0
0
0
0
0
0
-1.611
0
0
0
0
0
0
0
0
0
0
0
0
0
0
0
0
0
-0.90195
-0.90104
-0.8958
-0.90711
-0.89882
-0.91079
-0.89732
-0.90186
-0.89577
-0.90175
-0.91432
-0.90197
-0.89824
-0.90407
-0.89969
-0.89969
-0.89543
-0.8942
-0.89809
-0.89957
-0.89957
-0.90253
-0.9036
-0.89888
-0.89594
-0.89573
-0.89356
-0.88978
-0.88978
-0.90102
-0.88978
-0.88549
-0.90044
-0.88627
0
36.2111
0
0
0
0
0
0
0
0
0
0
0
0
0
0
0
0
0
0
0
0
0
0
0
0
0
0
0
0
0
0
0
0
0
0
-2.0513
0
0
0
0
0
0
0
0
0
0
0
0
0
0
0
0
0
0
0
0
0
0
0
0
0
0
0
0
0
0
0
0
0
0
0
0
0
0
0
0
0
-1.8049
0
0
0
-1.8051
0
-0.91252
-0.91362
-0.90751
-0.92008
-0.91135
-0.92401
-0.9097
-0.9148
-0.90849
-0.91416
-0.92768
-0.91467
-0.90668
-0.91728
-0.91224
-0.91224
-0.90771
-0.90671
-0.91031
-0.91177
-0.91177
-0.91557
-0.91667
-0.91143
-0.90864
-0.90841
-0.9059
-0.9019
-0.90191
-0.91386
-0.90191
-0.89769
-0.91244
-0.90113
0
0
33.1503
0
0
0
0
0
0
0
0
0
0
0
0
0
0
0
0
0
0
0
0
0
0
0
0
0
0
0
0
0
0
0
0
0
0
-2.1776
0
0
0
0
0
0
0
0
0
0
0
0
0
0
0
0
0
0
0
0
0
0
0
0
0
0
0
0
0
0
0
0
0
0
0
0
0
0
0
0
0
0
0
0
0
0
-0.90154
-0.90026
-0.89438
-0.90674
-0.89799
-0.91067
-0.89663
-0.90166
-0.89537
-0.90091
-0.91451
-0.90157
-0.89767
-0.90414
-0.89929
-0.89928
-0.89462
-0.89389
-0.8973
-0.89882
-0.89881
-0.9028
-0.9034
-0.89866
-0.89601
-0.89579
-0.89329
-0.88953
-0.88954
-0.90141
-0.88953
-0.8865
-0.9015
-0.8908
0
0
0
30.5448
0
0
0
0
0
0
0
0
0
0
0
0
0
0
0
0
0
0
0
0
0
0
0
0
0
0
0
0
0
0
0
0
0
0
0
0
0
0
0
0
0
0
0
0
0
0
0
0
0
0
0
0
0
0
0
0
0
0
0
0
0
0
0
0
0
0
0
0
0
0
0
0
0
0
0
0
0
0
0
0
-0.91536
-0.91423
-0.90814
-0.92056
-0.91182
-0.92437
-0.91039
-0.91522
-0.90896
-0.91468
-0.928
-0.91524
-0.91132
-0.91756
-0.91292
-0.91291
-0.90822
-0.90738
-0.91107
-0.9126
-0.9126
-0.91607
-0.9169
-0.91219
-0.90925
-0.90903
-0.90671
-0.90295
-0.90296
-0.91448
-0.90295
-0.89929
0
-0.90288
0
0
0
0
31.7598
0
0
0
0
0
0
0
0
0
0
0
0
0
0
0
0
0
0
0
0
0
0
0
0
0
0
0
0
0
0
0
0
0
0
0
0
0
0
0
0
0
-1.6706
0
0
0
0
0
0
0
0
0
0
0
0
0
0
0
0
0
0
0
0
0
0
0
0
0
0
0
0
0
0
0
0
0
0
0
0
0
-0.91527
-0.91426
-0.90804
-0.92064
-0.91178
-0.92471
-0.91047
-0.91563
-0.9091
-0.91485
-0.9287
-0.91548
-0.9115
-0.91805
-0.91316
-0.91316
-0.90846
-0.90758
-0.91111
-0.91261
-0.91262
-0.91646
-0.917
-0.91234
-0.90956
-0.90935
-0.90663
-0.90299
-0.903
-0.91397
-0.903
0
0
0
-0.90676
0
0
0
0
32.3091
0
0
0
0
0
0
-0.90396
0
0
0
0
0
0
0
0
0
0
0
0
0
0
0
0
0
0
0
0
0
0
0
0
0
0
0
0
0
0
0
0
0
0
0
0
-2.2069
0
0
0
0
0
0
0
0
0
0
0
0
0
0
0
0
0
0
0
0
0
0
0
0
0
0
0
0
0
0
0
0
0
0
-0.90154
-0.90026
-0.89438
-0.90674
-0.89799
-0.91067
-0.89663
-0.90166
-0.89536
-0.90091
-0.91451
-0.90157
-0.89766
-0.90414
-0.89928
-0.89928
-0.89462
-0.89389
-0.8973
-0.89882
-0.89882
-0.9028
-0.90341
-0.89867
-0.89601
-0.89579
-0.89329
-0.88953
-0.88954
-0.9014
-0.88953
-0.8865
-0.9015
-0.89081
0
0
0
0
0
0
30.5448
0
0
0
0
0
0
0
0
0
0
0
0
0
0
0
0
0
0
0
0
0
0
0
0
0
0
0
0
0
0
0
0
0
0
0
0
0
0
0
0
0
0
0
0
0
0
0
0
0
0
0
0
0
0
0
0
0
0
0
0
0
0
0
0
0
0
0
0
0
0
0
0
0
0
0
0
0
-0.90154
-0.90026
-0.89438
-0.90674
-0.89799
-0.91066
-0.89662
-0.90165
-0.89536
-0.9009
-0.91451
-0.90157
-0.89766
-0.90414
-0.89928
-0.89928
-0.89461
-0.89388
-0.8973
-0.89881
-0.89881
-0.90279
-0.9034
-0.89866
-0.896
-0.89579
-0.89329
-0.88953
-0.88954
-0.9014
-0.88953
-0.8865
-0.9015
-0.8908
0
0
0
0
0
0
0
30.5447
0
0
0
0
0
0
0
0
0
0
0
0
0
0
0
0
0
0
0
0
0
0
0
0
0
0
0
0
0
0
0
0
0
0
0
0
0
0
0
0
0
0
0
0
0
0
0
0
0
0
0
0
0
0
0
0
0
0
0
0
0
0
0
0
0
0
0
0
0
0
0
0
0
0
0
0
-0.90155
-0.90026
-0.89438
-0.90674
-0.89799
-0.91067
-0.89662
-0.90166
-0.89537
-0.90091
-0.91451
-0.90157
-0.89766
-0.90415
-0.89929
-0.89928
-0.89462
-0.89389
-0.8973
-0.89882
-0.89881
-0.9028
-0.90341
-0.89867
-0.89601
-0.89579
-0.89329
-0.88953
-0.88954
-0.9014
-0.88954
-0.8865
-0.9015
-0.8908
0
0
0
0
0
0
0
0
30.5448
0
0
0
0
0
0
0
0
0
0
0
0
0
0
0
0
0
0
0
0
0
0
0
0
0
0
0
0
0
0
0
0
0
0
0
0
0
0
0
0
0
0
0
0
0
0
0
0
0
0
0
0
0
0
0
0
0
0
0
0
0
0
0
0
0
0
0
0
0
0
0
0
0
0
0
-0.88874
-0.88768
-0.88167
-0.89387
-0.88522
-0.89774
-0.88392
-0.88886
-0.88266
-0.88812
-0.90159
-0.88878
-0.88494
-0.89138
-0.88651
-0.88651
-0.88188
-0.88118
-0.88453
-0.88605
-0.88605
-0.88994
-0.89052
-0.88585
-0.88326
-0.88306
-0.88048
-0.87682
-0.87683
-0.88853
-0.87683
-0.87432
0
-0.87815
0
0
0
0
0
0
0
0
0
29.2225
0
0
0
0
0
0
0
0
0
0
0
0
0
0
0
0
0
0
0
0
0
0
0
0
0
0
0
0
0
0
0
0
0
0
0
0
0
0
0
0
0
0
0
0
0
0
0
0
0
0
0
0
0
0
0
0
0
0
0
0
0
0
0
0
0
0
0
0
0
0
0
0
0
0
-0.88238
-0.88134
-0.87534
-0.88746
-0.87889
-0.89129
-0.87759
-0.88249
-0.87636
-0.88175
-0.89513
-0.88242
-0.87862
-0.88501
-0.88016
-0.88016
-0.87556
-0.87488
-0.87818
-0.87969
-0.87968
-0.88352
-0.88409
-0.87944
-0.87687
-0.87666
-0.87411
-0.87048
-0.87048
-0.88211
-0.87048
-0.86802
0
0
0
0
0
0
0
0
0
0
0
0
28.1406
0
0
0
0
0
0
0
0
0
0
0
0
0
0
0
0
0
0
0
0
0
0
0
0
0
0
0
0
0
0
0
0
0
0
0
0
0
0
0
0
0
0
0
0
0
0
0
0
0
0
0
0
0
0
0
0
0
0
0
0
0
0
0
0
0
0
0
0
0
0
0
0
0
-0.88238
-0.88134
-0.87533
-0.88746
-0.87889
-0.89129
-0.87759
-0.88249
-0.87636
-0.88174
-0.89512
-0.88242
-0.87862
-0.88501
-0.88016
-0.88016
-0.87556
-0.87487
-0.87817
-0.87968
-0.87968
-0.88352
-0.88409
-0.87944
-0.87687
-0.87666
-0.87411
-0.87048
-0.87048
-0.88211
-0.87048
-0.86802
0
0
0
0
0
0
0
0
0
0
0
0
0
28.1406
0
0
0
0
0
0
0
0
0
0
0
0
0
0
0
0
0
0
0
0
0
0
0
0
0
0
0
0
0
0
0
0
0
0
0
0
0
0
0
0
0
0
0
0
0
0
0
0
0
0
0
0
0
0
0
0
0
0
0
0
0
0
0
0
0
0
0
0
0
0
0
0
-0.87827
-0.87726
-0.87127
-0.88333
-0.8748
-0.88715
-0.87353
-0.8784
-0.8723
-0.8777
-0.89101
-0.87835
-0.87458
-0.88093
-0.87609
-0.87609
-0.8715
-0.87084
-0.87411
-0.87564
-0.87564
-0.87944
-0.88
-0.87538
-0.87284
-0.87262
-0.87006
-0.86658
-0.86659
0
-0.86659
0
0
0
0
0
0
0
0
-0.90396
0
0
0
0
0
0
27.1729
0
0
0
0
0
0
0
0
0
0
0
0
0
0
0
0
0
0
0
0
0
0
0
0
0
0
0
0
0
0
0
0
0
0
0
0
0
0
0
0
0
0
0
0
0
0
0
0
0
0
0
0
0
0
0
0
0
0
0
0
0
0
0
0
0
0
0
0
0
0
0
-0.89702
-0.89572
-0.88969
-0.90265
-0.89322
-0.90653
-0.89191
-0.89752
-0.89082
-0.88721
-0.91029
-0.89694
-0.89304
-0.89981
-0.89458
-0.89458
-0.88968
-0.88915
-0.89248
-0.89403
-0.89403
-0.89797
-0.89879
-0.89391
-0.89129
-0.89107
-0.88844
-0.88484
-0.88485
0
-0.88484
0
0
0
0
0
0
0
0
0
0
0
0
0
0
0
0
29.4182
0
0
0
0
0
0
0
0
0
0
0
0
0
0
0
0
0
0
0
0
0
0
0
0
0
0
0
0
0
0
0
-2.6012
0
0
0
0
0
0
0
0
0
0
0
0
0
0
0
0
0
0
0
0
0
0
0
0
0
0
0
0
0
0
0
0
0
0
0
0
0
0
-0.89687
-0.89565
-0.88944
-0.90185
-0.89303
-0.90571
-0.89177
-0.89679
-0.8905
-0.89604
-0.9098
-0.89669
-0.89285
-0.8994
-0.89439
-0.89439
-0.88959
-0.88898
-0.89231
-0.89385
-0.89385
0
0
-0.89424
0
0
0
0
0
0
0
0
0
0
0
0
0
0
0
0
0
0
0
0
0
0
0
0
19.698
0
0
0
0
0
0
0
0
0
0
0
0
0
0
0
0
0
0
0
0
0
0
0
0
0
0
0
0
0
0
0
0
0
0
0
0
0
0
0
0
0
0
0
0
0
0
0
0
0
0
0
0
0
0
0
0
0
0
0
0
0
0
0
0
0
0
0
0
0
-0.91855
-0.91726
-0.91082
-0.92367
-0.91457
-0.92918
-0.91458
-0.91998
-0.91334
-0.91903
-0.93345
-0.91973
-0.91574
-0.92266
-0.91741
-0.9174
-0.91237
-0.9118
-0.91521
-0.91677
-0.91678
0
0
0
0
0
0
0
0
0
0
0
0
0
0
0
0
0
0
0
0
0
0
0
0
0
0
0
0
20.5376
0
0
0
0
0
0
0
0
0
0
-1.2573
0
0
0
0
0
0
0
0
0
0
0
0
0
0
0
0
0
0
0
0
0
0
0
0
0
0
0
0
0
0
0
0
0
0
0
0
0
0
0
0
0
0
0
0
0
0
0
0
0
0
0
0
0
0
0
0
0
-0.93391
-0.93245
-0.92619
-0.93905
-0.92996
-0.94324
-0.92874
-0.93375
-0.92716
-0.93309
-0.94493
-0.93365
-0.92971
-0.93641
-0.93137
-0.93137
-0.92643
-0.92567
-0.92935
-0.93089
-0.9309
0
0
0
0
0
0
0
0
0
0
0
0
0
0
0
0
0
0
0
0
0
0
0
0
0
0
0
0
0
20.8138
0
0
0
0
0
0
0
0
-1.2356
0
0
0
0
0
0
0
0
0
0
0
0
0
0
0
0
0
0
0
0
0
0
0
0
0
0
0
0
0
0
0
0
0
0
0
0
0
0
0
0
0
0
0
0
0
0
0
0
0
0
0
0
0
0
0
0
0
0
-0.88629
-0.8851
-0.87894
-0.8912
-0.88249
-0.89501
-0.88125
-0.88621
-0.88002
-0.88548
-0.8991
-0.88613
-0.88233
-0.88884
-0.88384
-0.88384
-0.87909
-0.87851
-0.88175
-0.88329
-0.88329
0
0
0
0
0
0
0
0
0
0
0
0
0
0
0
0
0
0
0
0
0
0
0
0
0
0
0
0
0
0
18.582
0
0
0
0
0
0
0
0
0
0
0
0
0
0
0
0
0
0
0
0
0
0
0
0
0
0
0
0
0
0
0
0
0
0
0
0
0
0
0
0
0
0
0
0
0
0
0
0
0
0
0
0
0
0
0
0
0
0
0
0
0
0
0
0
0
0
-0.88629
-0.88509
-0.87894
-0.8912
-0.88249
-0.89501
-0.88124
-0.88621
-0.88002
-0.88548
-0.8991
-0.88613
-0.88232
-0.88885
-0.88384
-0.88383
-0.87908
-0.87851
-0.88175
-0.88328
-0.88328
0
0
0
0
0
0
0
0
0
0
0
0
0
0
0
0
0
0
0
0
0
0
0
0
0
0
0
0
0
0
0
18.582
0
0
0
0
0
0
0
0
0
0
0
0
0
0
0
0
0
0
0
0
0
0
0
0
0
0
0
0
0
0
0
0
0
0
0
0
0
0
0
0
0
0
0
0
0
0
0
0
0
0
0
0
0
0
0
0
0
0
0
0
0
0
0
0
0
-0.89032
-0.88911
-0.88287
-0.89523
-0.88643
-0.89906
-0.88519
-0.8902
-0.88396
-0.88948
-0.90318
-0.89009
-0.88628
-0.89284
-0.88778
-0.88777
-0.88298
-0.88242
-0.88566
0
0
0
0
0
0
0
0
0
0
0
0
0
0
0
0
0
0
0
0
0
0
0
0
0
0
0
0
0
0
0
0
0
0
16.8908
0
0
0
0
0
0
0
0
0
0
0
0
0
0
0
0
0
0
0
0
0
0
0
0
0
0
0
0
0
0
0
0
0
0
0
0
0
0
0
0
0
0
0
0
0
0
0
0
0
0
0
0
0
0
0
0
0
0
0
0
0
0
0
0
-0.90786
-0.90655
-0.90015
-0.91291
-0.90372
-0.91682
-0.90255
-0.90783
-0.90133
-0.9068
0
-0.9075
-0.90361
0
-0.90513
-0.90513
-0.90007
0
-0.90283
0
0
0
0
0
0
0
0
0
0
0
0
0
0
0
0
0
0
0
0
0
0
0
0
0
0
0
0
0
0
0
0
0
0
0
14.4908
0
0
0
0
0
0
0
0
0
0
0
0
0
0
0
0
0
0
0
0
0
0
0
0
0
0
0
0
0
0
0
0
0
0
0
0
0
0
0
0
0
0
0
0
0
0
0
0
0
0
0
0
0
0
0
0
0
0
0
0
0
0
0
-1.0263
-1.0244
-1.0173
-1.0316
-1.0218
-1.0362
-1.0202
-1.0261
-1.0187
-1.0249
0
-1.0258
-1.0215
0
0
0
0
0
0
0
0
0
0
0
0
0
0
0
0
0
0
0
0
0
0
0
0
0
0
0
0
0
0
0
0
0
0
0
0
0
0
0
0
0
0
12.2947
0
0
0
0
0
0
0
0
0
0
0
0
0
0
0
0
0
0
0
0
0
0
0
0
0
0
0
0
0
0
0
0
0
0
0
0
0
0
0
0
0
0
0
0
0
0
0
0
0
0
0
0
0
0
0
0
0
0
0
0
0
0
-0.9735
-0.9716
-0.96447
-0.97836
-0.96919
-0.98223
-0.96735
-0.97296
-0.96594
-0.9721
0
0
0
0
0
0
0
0
0
0
0
0
0
0
0
0
0
0
0
0
0
0
0
0
0
0
0
0
0
0
0
0
0
0
0
0
0
0
0
0
0
0
0
0
0
0
9.9699
0
0
0
0
0
0
0
0
0
0
0
0
0
0
0
0
0
0
0
0
0
0
0
0
0
0
0
0
0
0
0
0
0
0
0
0
0
0
0
0
0
0
0
0
0
0
-0.25224
0
0
0
0
0
0
0
0
0
0
0
0
0
0
-0.99641
-0.99437
-0.98709
-1.0015
-0.99168
-1.006
-0.99
-0.99612
-0.9885
-0.99483
0
-0.99569
0
0
0
0
0
0
0
0
0
0
0
0
0
0
0
0
0
0
0
0
0
0
0
0
0
0
0
0
0
0
0
0
0
0
0
0
0
0
0
0
0
0
0
0
0
10.9422
0
0
0
0
0
0
0
0
0
0
0
0
0
0
0
0
0
0
0
0
0
0
0
0
0
0
0
0
0
0
0
0
0
0
0
0
0
0
0
0
0
0
0
0
0
0
0
0
0
0
0
0
0
0
0
0
0
0
0
0
-1.0401
-1.0435
-1.0355
-1.0505
-1.041
-1.0557
-1.0394
0
-1.0381
0
0
0
0
0
0
0
0
0
0
0
0
0
0
0
0
0
0
0
0
0
0
0
0
0
0
0
0
0
0
0
0
0
0
0
0
0
0
0
0
0
0
0
0
0
0
0
0
0
11.213
0
0
0
0
-1.3505
0
0
0
-1.5187
0
0
0
0
0
0
0
0
0
0
0
0
0
0
0
0
0
0
0
0
0
0
0
0
0
0
0
0
0
0
0
0
0
0
0
0
0
0
0
0
0
0
0
0
0
0
0
0
0
0
0
0
0
0
0
0
0
0
0
0
-1.2026
0
0
0
0
0
0
0
0
0
0
0
0
0
0
0
0
0
0
0
0
0
-1.2117
0
0
0
0
0
0
0
0
0
0
0
0
0
0
0
0
0
-1.2356
0
0
0
0
0
0
0
0
9.537
0
0
-1.4658
0
0
0
0
0
0
0
0
0
0
0
0
0
0
0
0
0
0
0
0
0
-2.2969
0
0
-2.1246
0
0
0
0
0
0
0
0
0
0
0
0
0
0
0
0
0
0
0
0
0
0
0
0
0
0
0
0
0
0
-1.2882
-1.2858
-1.2761
-1.2949
-1.2821
0
0
0
0
0
0
0
0
0
0
0
0
0
0
0
0
0
0
0
0
0
0
0
0
0
0
0
0
0
0
0
0
0
0
0
0
0
0
0
0
0
0
0
0
-1.2573
0
0
0
0
0
0
0
0
0
0
7.6844
0
0
0
0
0
0
0
0
0
0
0
0
0
0
0
0
0
0
0
0
0
0
0
0
0
0
0
0
0
0
0
0
0
0
0
0
0
0
0
0
0
0
0
0
0
0
0
0
0
0
0
0
0
0
0
0
0
-1.371
-1.3698
-1.3598
-1.3803
-1.3668
0
0
0
0
0
0
0
0
0
0
0
0
0
0
0
0
0
0
0
0
0
0
0
0
0
0
0
0
0
0
0
0
0
0
0
0
0
0
0
0
0
0
0
0
0
0
0
0
0
0
0
0
0
0
0
0
6.8477
0
0
0
0
0
0
0
0
0
0
0
0
0
0
0
0
0
0
0
0
0
0
0
0
0
0
0
0
0
0
0
0
0
0
0
0
0
0
0
0
0
0
0
0
0
0
0
0
0
0
0
0
0
0
0
0
0
0
0
0
0
0
0
0
0
0
0
0
0
0
0
0
0
0
0
0
0
0
0
0
0
0
0
0
0
0
0
0
0
0
-1.279
0
0
0
0
0
0
0
0
0
0
0
0
0
0
0
0
0
0
0
0
0
0
0
0
-1.4658
0
0
6.6565
0
0
0
0
0
0
0
0
0
-2.1096
-1.8022
0
0
0
0
0
0
0
0
0
0
0
0
0
0
0
0
0
0
0
0
0
0
0
0
0
0
0
0
0
0
0
0
0
0
0
0
0
0
0
0
0
0
0
0
0
0
0
0
0
0
0
0
0
0
0
0
-1.228
0
0
0
0
0
0
0
0
0
0
0
0
0
0
0
0
0
0
0
0
0
0
0
0
0
0
0
0
0
0
0
0
0
0
0
0
0
0
0
0
0
0
0
0
0
-1.3505
0
0
0
0
5.5565
0
0
0
0
0
0
0
0
0
0
0
0
0
0
0
0
-2.1695
0
0
0
0
0
0
0
0
0
0
0
0
0
0
0
0
0
0
0
0
0
0
0
-0.80856
0
0
0
0
0
0
0
0
0
0
0
0
0
0
0
0
0
0
0
0
-1.3176
0
0
0
0
0
0
0
0
0
0
0
0
0
0
0
0
0
0
0
0
0
0
0
0
0
0
0
0
0
0
0
0
0
0
0
0
0
0
0
0
0
0
0
0
0
0
0
0
0
0
0
0
0
0
0
0
7.9505
0
0
0
0
0
0
0
0
0
-2.0102
0
0
0
0
0
0
0
0
0
0
0
0
0
0
-2.2507
-2.372
0
0
0
0
0
0
0
0
0
0
0
0
0
0
0
0
0
0
0
0
0
0
0
0
0
0
0
0
0
0
0
0
0
0
0
0
0
0
0
0
0
0
0
0
0
0
0
0
0
0
0
0
0
0
0
0
0
0
0
0
0
-1.4667
0
0
0
0
0
0
0
0
0
0
0
0
0
0
0
0
0
0
0
0
0
0
0
0
0
0
0
0
0
0
7.6046
-1.7013
0
0
0
0
0
0
0
0
0
0
0
0
0
0
0
0
0
-2.0585
0
0
0
0
0
0
0
0
-2.3781
0
0
0
0
0
0
0
0
0
0
0
0
0
0
0
0
0
0
0
0
0
0
0
0
0
0
0
0
0
0
-1.5733
0
0
0
0
0
0
-1.5801
0
0
0
0
0
0
0
0
0
0
0
0
0
0
0
0
0
0
0
0
0
0
0
0
0
0
0
0
0
0
0
0
0
0
0
0
0
0
0
0
0
0
0
0
0
0
0
0
0
0
0
-1.7013
6.7459
0
0
0
0
0
0
0
0
0
0
0
-1.8913
0
0
0
0
0
0
0
0
0
0
0
0
0
0
0
0
0
0
0
0
0
0
0
0
0
0
0
0
0
0
0
0
0
0
0
0
0
0
0
-1.5457
0
0
0
0
0
0
0
0
0
0
0
0
0
0
0
0
0
0
0
0
0
0
0
0
0
-1.5252
0
0
0
0
0
0
0
0
0
0
0
0
0
0
0
0
0
0
0
0
0
0
0
0
0
0
0
0
0
0
0
-1.5187
0
0
0
0
0
0
0
0
6.6814
0
0
0
0
0
0
0
0
0
0
0
0
0
0
0
0
0
0
0
0
0
0
-2.0918
0
0
0
0
0
0
0
0
0
0
0
0
0
0
0
0
0
0
0
0
0
0
0
0
0
0
0
0
0
0
0
0
0
0
0
0
0
0
0
0
0
0
0
0
0
0
0
0
0
0
0
0
0
0
0
0
0
0
0
0
0
0
0
0
0
0
0
0
0
0
0
0
0
0
0
0
0
0
0
0
0
0
0
0
0
0
0
0
0
0
0
0
0
0
0
6.7511
0
-2.0197
0
0
0
0
0
0
0
0
0
0
0
0
0
0
0
0
0
-2.4586
0
0
-2.2728
0
0
0
0
0
0
0
0
0
0
0
0
0
0
0
0
0
0
0
0
0
0
0
0
0
0
0
-1.3181
0
0
0
0
0
0
0
0
0
0
0
0
0
0
0
0
0
0
0
0
0
0
0
0
0
0
0
0
0
0
0
0
0
0
0
0
0
0
0
0
0
0
0
0
0
0
0
0
0
0
0
0
0
0
0
0
0
0
0
0
0
0
0
0
0
0
0
6.0476
0
0
0
0
-1.9269
0
0
0
0
0
0
0
0
0
0
0
0
0
0
0
0
0
0
0
-2.8026
0
0
0
0
0
0
0
0
0
0
0
0
0
0
0
0
0
0
0
0
0
0
0
0
0
0
0
0
0
0
0
0
0
0
0
0
0
0
0
0
0
0
0
0
0
0
0
0
0
0
0
0
0
0
0
0
-2.0396
0
-2.0513
0
0
0
0
0
0
0
0
0
0
0
0
0
0
0
0
0
0
0
0
0
0
0
0
0
0
0
0
0
0
0
0
-2.0197
0
6.1105
0
0
0
0
0
0
0
0
0
0
0
0
0
0
0
0
0
0
0
0
0
0
0
0
0
0
0
0
0
0
0
0
0
0
0
0
0
0
0
0
0
0
0
0
0
0
0
0
0
0
0
0
0
0
0
0
0
0
0
-2.2303
0
0
0
0
0
0
0
0
0
0
0
0
0
0
0
0
0
0
0
0
0
0
0
-2.1776
0
0
0
0
0
0
0
0
0
0
0
0
0
0
0
0
0
0
0
0
0
0
0
0
0
0
0
0
0
0
0
0
0
0
6.274
0
0
0
-1.8661
0
0
0
0
0
0
0
0
0
0
0
0
0
0
0
0
0
0
0
0
0
0
0
0
0
0
0
0
0
0
0
0
0
0
0
0
0
0
0
0
0
0
0
0
0
0
0
0
0
0
0
0
0
0
0
0
0
0
0
0
0
0
0
-1.5515
0
0
0
0
0
0
0
0
0
0
0
0
0
0
0
0
0
0
0
0
0
0
0
0
0
0
0
0
0
0
0
0
0
0
0
0
0
0
0
0
-2.1096
0
0
0
0
0
0
0
0
0
5.8481
0
0
0
0
0
0
0
0
0
-2.187
0
0
0
0
0
0
0
0
0
0
0
0
0
0
0
0
0
0
0
0
0
0
0
0
0
0
0
0
0
0
0
0
0
0
0
0
0
0
0
0
-0.91868
0
0
0
0
0
0
0
0
0
0
0
0
0
0
0
0
0
0
0
0
0
0
0
0
0
0
0
0
0
0
0
0
0
0
0
0
0
0
0
0
0
0
0
0
0
0
0
0
0
0
0
0
0
0
0
0
-1.8022
0
0
0
0
0
0
0
0
0
0
5.3516
0
0
0
0
0
0
0
0
0
0
0
0
0
0
0
0
0
0
0
0
0
0
0
0
-2.6307
0
0
0
0
0
0
0
0
0
0
0
0
0
0
0
0
0
0
0
0
0
0
0
0
-1.9781
0
0
0
0
0
0
0
0
0
0
0
0
0
0
0
0
0
0
0
0
0
0
0
0
0
0
0
0
0
0
0
0
0
0
0
0
0
0
0
0
0
0
0
0
0
0
0
0
0
0
0
0
0
0
0
0
0
0
-2.0102
0
0
0
0
-1.9269
0
0
0
0
5.9152
0
0
0
0
0
0
0
0
0
0
0
0
0
0
0
0
0
0
0
0
0
0
0
0
0
0
0
0
0
0
0
0
0
0
0
0
0
0
0
0
0
0
0
-2.7195
0
0
0
0
0
0
0
0
0
0
0
0
0
0
0
0
0
0
0
0
0
0
0
0
0
0
0
0
0
0
0
0
0
0
0
0
0
0
0
0
0
0
0
0
0
0
0
0
0
0
0
0
0
0
0
0
0
0
0
0
0
0
0
0
0
0
0
0
0
0
-1.8661
0
0
0
6.5796
0
-1.994
0
0
0
0
0
0
0
0
0
0
0
0
0
0
0
0
0
0
0
0
0
0
0
0
0
0
0
0
0
0
0
0
0
0
0
0
0
0
0
0
0
0
0
0
0
0
0
0
0
0
0
0
0
0
0
0
0
0
0
0
0
0
-1.9295
0
0
0
0
0
0
0
0
0
0
0
0
0
0
0
0
0
0
0
0
0
0
0
0
0
0
0
0
0
0
0
0
0
0
0
0
0
0
0
0
0
0
0
0
0
0
0
0
0
0
0
0
0
4.6276
0
0
0
0
0
-2.6981
0
0
0
0
0
0
0
0
0
0
0
0
0
0
0
0
0
0
0
0
0
0
0
0
0
0
0
0
0
0
0
0
0
0
0
0
0
0
0
0
0
0
0
0
0
0
0
0
0
0
0
0
0
0
0
0
0
-3.7208
0
0
0
0
0
0
0
0
0
0
0
0
0
0
0
0
0
0
0
0
0
0
0
0
0
0
0
0
0
0
0
0
0
0
0
0
0
0
0
0
0
0
0
0
0
0
0
0
0
0
0
0
-1.994
0
5.7148
0
0
0
0
0
0
0
0
0
0
0
0
0
0
0
0
0
0
0
0
0
0
0
0
0
0
0
0
0
0
0
0
0
0
0
0
0
0
0
0
0
0
0
0
0
0
0
0
0
0
0
0
0
0
0
0
0
0
0
0
0
0
0
0
0
0
0
0
0
0
0
0
-2.8463
0
0
0
0
0
0
0
0
0
0
0
0
0
0
0
0
0
0
0
0
0
0
0
0
0
0
0
0
0
0
0
0
0
-1.8913
0
0
0
0
0
0
0
0
0
0
0
4.7376
0
0
0
0
0
0
0
0
0
0
0
0
0
0
0
0
0
0
0
0
0
0
0
0
0
0
0
0
0
0
0
0
0
0
0
0
0
0
0
0
0
0
0
0
0
0
0
0
-2.8116
0
0
0
0
0
0
0
0
0
0
0
0
0
0
0
0
0
0
0
0
0
0
0
0
0
0
0
0
0
0
0
0
0
0
0
0
0
-2.6012
0
0
0
0
0
0
0
0
0
0
0
0
0
0
0
0
0
0
0
0
0
0
0
0
0
0
0
0
0
0
0
5.4128
0
0
0
0
0
0
0
0
0
0
0
0
0
0
0
0
0
0
0
0
0
0
0
0
0
0
0
0
0
0
0
0
0
0
0
0
0
0
0
0
0
0
0
0
0
0
0
0
0
0
0
0
0
0
0
0
0
0
0
0
0
0
0
0
0
0
0
0
0
0
0
0
0
0
0
0
-1.6706
0
0
0
0
0
0
0
0
0
0
0
0
0
0
0
0
0
0
0
0
0
0
0
0
-2.1695
0
0
0
0
0
0
0
0
0
0
0
0
0
0
0
0
3.84
0
0
0
0
0
0
0
0
0
0
0
0
0
0
0
0
0
0
0
0
0
0
0
0
0
0
0
0
0
0
0
0
0
0
0
0
0
0
0
0
0
0
0
0
0
0
0
0
0
0
0
0
0
0
0
0
0
0
0
0
0
0
0
0
0
0
-2.7739
0
-2.7125
0
0
0
0
0
0
0
0
0
0
0
0
0
0
0
0
0
0
0
0
0
0
0
0
0
0
0
0
0
0
0
0
0
0
0
0
0
0
0
0
0
0
0
0
0
0
0
0
0
5.4864
0
0
0
0
0
0
0
0
0
0
0
0
0
0
0
0
0
0
0
0
0
0
0
0
0
0
0
0
0
0
0
0
0
0
0
0
0
0
0
0
0
0
0
0
0
0
0
0
0
0
0
0
0
0
0
0
0
0
0
0
0
0
0
0
0
0
0
0
0
0
0
0
0
0
0
0
0
0
0
0
0
0
0
0
0
0
0
0
0
0
0
0
0
0
0
0
0
0
0
0
0
0
0
0
0
0
0
0
-2.187
0
0
0
-2.6981
0
0
0
0
0
4.8851
0
0
0
0
0
0
0
0
0
0
0
0
0
0
0
0
0
0
0
0
0
0
0
0
0
0
0
0
0
0
0
0
0
0
0
0
0
0
0
0
0
0
0
0
0
0
0
0
0
0
0
0
0
0
0
0
0
0
0
0
0
0
0
0
0
0
0
0
0
0
0
0
0
0
-2.2069
0
0
0
0
0
0
0
0
0
0
0
0
0
0
0
0
0
0
0
0
0
0
0
0
0
0
0
0
0
0
0
0
0
0
0
0
0
0
0
0
0
0
0
4.475
0
0
0
0
0
0
0
-2.2681
0
0
0
0
0
0
0
0
0
0
0
0
0
0
0
0
0
0
0
0
0
0
0
0
0
0
0
0
0
0
0
0
0
0
0
0
0
0
0
0
0
0
0
0
0
0
0
0
0
0
0
0
0
0
0
0
0
0
0
0
0
0
0
0
0
0
0
0
0
0
0
0
0
0
0
0
0
0
0
0
0
0
0
0
0
-2.2969
0
0
0
0
0
-2.0585
0
0
0
0
0
0
0
0
0
0
0
0
0
0
0
0
0
0
4.3554
0
0
0
0
0
0
0
0
0
0
0
0
0
0
0
0
0
0
0
0
0
0
0
0
0
0
0
0
0
0
0
0
0
0
-2.8733
0
0
0
0
0
0
0
0
0
0
0
0
0
0
0
0
0
0
0
0
0
0
0
0
0
0
0
0
0
0
-2.8077
0
0
0
0
0
0
0
0
0
0
0
0
0
0
0
0
0
0
0
0
0
0
0
0
0
0
0
0
0
0
0
0
0
0
0
0
0
0
0
0
0
0
0
0
0
0
0
0
0
0
0
0
5.681
0
0
0
0
0
0
0
0
0
0
0
0
0
0
0
0
0
0
0
0
0
0
0
0
0
0
0
0
0
0
0
0
0
0
0
0
-2.843
0
0
0
0
0
0
0
0
0
0
0
-2.8084
0
0
0
0
0
0
0
0
0
0
0
0
0
0
0
0
0
0
0
0
0
0
0
0
0
0
0
0
0
0
0
0
0
0
0
0
0
0
0
0
0
0
0
0
0
0
0
0
0
0
0
0
0
0
0
0
0
0
0
0
0
0
0
0
0
0
0
0
0
5.6514
0
0
0
0
0
0
0
0
0
0
0
0
0
0
0
0
0
0
0
0
0
0
0
0
0
0
0
0
0
0
0
0
0
0
0
0
0
0
0
0
0
-3.1753
0
0
0
0
0
0
0
0
0
0
0
0
0
0
0
0
0
0
0
0
0
0
0
0
0
0
0
0
0
0
0
0
0
0
0
0
0
0
0
0
0
0
0
0
0
0
0
0
-2.1246
0
0
0
0
0
0
0
0
0
0
0
0
0
0
0
0
0
0
0
0
0
0
0
0
0
0
0
5.2999
0
0
0
0
0
0
0
0
0
0
0
0
0
0
0
0
0
0
0
0
0
0
0
0
0
0
0
0
0
0
0
0
-2.5905
0
0
0
0
0
0
0
0
0
0
0
0
0
0
0
0
0
0
0
0
0
0
0
0
0
0
0
0
0
0
0
0
0
0
0
0
0
0
0
0
0
0
0
0
0
0
0
0
0
0
0
0
0
0
0
0
0
0
0
0
0
0
0
0
0
-2.4586
0
0
0
0
0
0
0
0
0
0
0
0
0
0
0
0
0
0
0
5.0491
0
0
0
0
0
0
0
0
0
0
0
0
0
0
0
0
0
0
0
0
0
0
0
0
0
0
0
0
0
0
0
0
0
0
0
0
0
0
0
0
0
0
0
0
0
0
0
0
0
0
-2.729
0
0
0
0
0
0
0
0
0
0
0
0
0
0
0
0
0
0
0
0
0
0
0
0
0
0
0
0
0
0
0
0
0
0
0
0
0
0
0
0
0
0
-2.2507
0
0
0
0
0
0
0
0
0
0
0
0
0
0
0
0
0
0
0
0
0
0
0
0
4.9797
0
0
0
0
0
0
0
0
0
0
0
0
0
0
0
0
0
0
0
0
0
0
0
0
0
0
0
0
0
0
0
0
0
0
0
0
0
0
0
0
0
0
0
0
0
0
0
0
0
0
0
0
0
0
0
0
0
0
0
0
0
0
0
0
0
0
0
0
0
0
0
0
0
0
0
0
0
0
0
0
0
0
0
0
0
0
0
0
0
0
0
0
-2.372
0
0
-2.0918
0
0
0
0
0
0
0
0
0
0
0
0
0
0
0
0
0
0
0
0
0
0
4.4638
0
0
0
0
0
0
0
0
0
0
0
0
0
0
0
0
0
0
0
0
0
0
0
0
0
0
0
0
0
0
0
0
0
0
0
0
0
0
0
0
0
0
0
0
0
0
0
0
0
0
0
0
0
0
0
0
0
0
0
0
0
0
0
0
0
0
0
0
0
0
0
0
0
0
0
0
0
0
0
0
0
0
0
0
0
0
0
0
0
0
0
0
0
0
0
-2.2728
0
0
0
0
0
0
0
0
0
0
0
0
0
0
-2.2681
0
0
0
0
0
0
0
4.5409
0
0
0
0
0
0
0
0
0
0
0
0
0
0
0
0
0
0
0
0
0
0
0
0
0
0
0
0
0
0
0
0
0
0
0
0
-4.5129
0
0
0
0
0
0
0
0
0
0
0
0
0
0
0
0
0
0
0
0
0
0
0
0
0
0
0
0
0
0
0
0
0
0
0
0
0
0
0
0
0
0
0
0
0
0
0
0
0
0
0
0
0
0
0
0
0
0
0
0
0
0
0
0
0
0
0
0
0
0
0
0
0
0
0
0
0
0
0
0
0
4.5129
0
0
0
0
0
0
0
0
0
0
0
0
0
0
0
0
0
0
0
0
0
0
0
0
0
0
0
0
0
0
0
0
0
0
0
0
0
0
0
0
0
0
0
0
0
0
0
0
0
0
0
0
0
0
0
0
0
0
0
0
0
0
0
0
0
0
0
0
0
0
0
0
0
0
0
0
0
0
0
0
0
0
0
0
0
0
0
0
0
0
-2.3781
0
0
0
0
0
0
0
0
0
0
0
0
0
0
0
0
0
0
0
0
0
0
0
0
0
0
0
2.3781
0
0
0
0
0
0
0
0
0
0
0
0
0
0
0
0
0
0
0
0
0
0
0
0
0
0
0
0
0
0
0
0
0
0
0
0
0
0
0
0
0
0
0
0
0
0
0
0
0
0
0
0
0
0
0
0
0
0
0
0
0
0
0
0
0
0
0
0
0
0
0
0
0
0
0
0
0
0
0
0
0
0
0
0
0
0
0
0
0
0
0
0
0
-2.8026
0
0
0
0
0
0
0
0
0
0
0
0
0
0
0
0
0
0
0
0
0
0
0
0
2.8026
0
0
0
0
0
0
0
0
0
0
0
0
0
0
0
0
0
0
0
0
0
0
0
0
0
0
0
0
0
0
0
0
0
0
0
0
0
0
0
0
0
0
0
0
0
0
0
-2.3559
0
0
0
0
0
0
0
0
0
0
0
0
0
0
0
0
0
0
0
0
0
0
0
0
0
0
0
0
0
0
0
0
0
0
0
0
0
0
0
0
0
0
0
0
0
0
0
0
0
0
0
0
0
0
0
0
0
0
0
0
0
0
0
0
0
0
0
0
0
0
2.3559
0
0
0
0
0
0
0
0
0
0
0
0
0
0
0
0
0
0
0
0
0
0
0
0
0
-4.4518
0
0
0
0
0
0
0
0
0
0
0
0
0
0
0
0
0
0
0
0
0
0
0
0
0
0
0
0
0
0
0
0
0
0
0
0
0
0
0
0
0
0
0
0
0
0
0
0
0
0
0
0
0
0
0
0
0
0
0
0
0
0
0
0
0
0
0
0
0
0
0
0
0
0
0
0
0
0
0
0
0
0
0
0
0
0
0
0
0
0
0
0
4.4518
0
0
0
0
0
0
0
0
0
0
0
0
0
0
0
0
0
0
0
0
0
0
0
0
0
0
0
0
0
0
0
0
0
0
0
-3.2255
0
0
0
0
0
0
0
0
0
0
0
0
0
0
0
0
0
0
0
0
0
0
0
0
0
0
0
0
0
0
0
0
0
0
0
0
0
0
0
0
0
0
0
0
0
0
0
0
0
0
0
0
0
0
0
0
0
0
0
0
0
0
0
0
0
0
0
0
0
0
0
0
0
0
0
0
0
0
0
0
0
0
3.2255
0
0
0
0
0
0
0
0
0
0
0
0
0
0
0
0
0
0
0
0
0
0
0
0
0
0
0
0
0
0
0
0
0
0
0
0
0
0
0
0
0
0
0
0
0
0
0
0
0
0
0
0
0
0
0
0
0
0
0
0
0
0
0
0
0
0
0
0
0
0
0
0
0
0
0
0
0
0
0
0
0
0
0
0
0
0
0
0
0
0
0
0
0
-2.6307
0
0
0
0
0
0
0
0
0
0
0
0
0
0
0
0
0
0
0
0
0
0
0
0
2.6307
0
0
0
0
0
0
0
0
0
0
0
0
0
0
0
0
0
0
0
0
0
0
0
0
0
0
0
0
0
0
-3.6504
0
0
0
0
0
0
0
0
0
0
0
0
0
0
0
0
0
0
0
0
0
0
0
0
0
0
0
0
0
0
0
0
0
0
0
0
0
0
0
0
0
0
0
0
0
0
0
0
0
0
0
0
0
0
0
0
0
0
0
0
0
0
0
0
0
0
0
0
0
0
0
0
0
0
0
0
0
0
0
0
0
0
0
0
0
0
0
3.6504
0
0
0
0
0
0
0
0
0
0
0
0
0
0
0
0
0
0
0
0
0
0
0
0
0
0
0
0
0
0
0
0
0
0
0
0
0
0
0
0
0
0
0
0
0
0
0
0
0
0
0
0
-1.611
0
0
0
0
0
0
0
0
0
0
0
0
0
0
0
0
0
0
0
0
0
0
0
0
0
0
0
0
0
0
0
0
0
0
0
0
0
0
0
0
0
0
0
0
0
0
0
0
0
0
0
0
0
0
0
0
0
0
0
0
0
0
0
0
0
1.611
0
0
0
0
0
0
0
0
0
0
0
0
0
0
0
0
0
0
0
0
0
0
0
0
0
0
0
0
0
0
-4.2603
0
0
0
0
0
0
0
0
0
0
0
0
0
0
0
0
0
0
0
0
0
0
0
0
0
0
0
0
0
0
0
0
0
0
0
0
0
0
0
0
0
0
0
0
0
0
0
0
0
0
0
0
0
0
0
0
0
0
0
0
0
0
0
0
0
0
0
0
0
0
0
0
0
0
0
0
0
0
0
0
0
0
0
0
0
0
0
4.2603
0
0
0
0
0
0
0
0
0
0
0
0
0
0
0
0
0
0
0
0
0
0
0
0
-3.9063
0
0
0
0
0
0
0
0
0
0
0
0
0
0
0
0
0
0
0
0
0
0
0
0
0
0
0
0
0
0
0
0
0
0
0
0
0
0
0
0
0
0
0
0
0
0
0
0
0
0
0
0
0
0
0
0
0
0
0
0
0
0
0
0
0
0
0
0
0
0
0
0
0
0
0
0
0
0
0
0
0
0
0
0
0
0
0
0
0
0
0
0
0
3.9063
0
0
0
0
0
0
0
0
0
0
0
0
0
0
0
0
0
0
0
0
0
0
0
0
0
0
0
0
0
0
0
0
0
0
0
0
0
0
0
0
0
0
0
0
0
0
0
0
0
0
0
0
0
0
0
0
0
0
0
0
0
0
0
0
0
0
0
0
0
0
0
-0.25224
0
0
0
0
0
0
0
0
0
0
0
0
0
0
0
0
0
0
0
0
0
0
0
0
0
0
0
0
0
0
0
0
0
0
0
0
0
0
0
0
0
0
0
0
0
0
0.25224
0
0
0
0
0
0
0
0
0
0
0
0
0
0
0
0
0
0
0
0
0
0
0
0
0
0
0
0
0
0
0
0
0
0
0
0
0
0
0
0
0
0
0
0
0
0
0
0
0
0
0
0
0
0
0
0
0
0
0
0
0
0
0
0
0
0
0
0
0
0
0
0
0
0
0
0
0
-0.80856
0
0
0
0
0
0
0
0
0
0
0
0
0
0
0
0
0
0
0
0
0
0
0
0
0
0
0
0
0
0
0
0
0
0
0
0
0
0
0
0
0.80856
0
0
0
0
0
0
0
0
0
0
0
0
0
0
0
0
0
0
0
0
0
0
0
-4.5129
0
0
0
0
0
0
0
0
0
0
0
0
0
0
0
0
0
0
0
0
0
0
0
0
0
0
0
0
0
0
0
0
0
0
0
0
0
0
0
0
0
0
0
0
0
0
0
0
0
0
0
0
0
0
0
0
0
0
0
0
0
0
0
0
0
0
0
0
0
0
0
0
0
0
0
0
0
0
0
0
0
0
0
0
0
0
0
0
0
0
0
0
0
0
4.5129
0
0
0
0
0
0
0
0
0
0
0
0
0
0
0
0
0
-4.7465
0
0
0
0
0
0
0
0
0
0
0
0
0
0
0
0
0
0
0
0
0
0
0
0
0
0
0
0
0
0
0
0
0
0
0
0
0
0
0
0
0
0
0
0
0
0
0
0
0
0
0
0
0
0
0
0
0
0
0
0
0
0
0
0
0
0
0
0
0
0
0
0
0
0
0
0
0
0
0
0
0
0
0
0
0
0
0
0
0
0
0
0
0
0
0
0
0
0
0
0
4.7465
0
0
0
0
0
0
0
0
0
0
0
0
0
0
0
0
0
0
0
0
0
0
0
0
0
0
0
0
0
0
0
0
-2.8819
0
0
0
0
0
0
0
0
0
0
0
0
0
0
0
0
0
0
0
0
0
0
0
0
0
0
0
0
0
0
0
0
0
0
0
0
0
0
0
0
0
0
0
0
0
0
0
0
0
0
0
0
0
0
0
0
0
0
0
0
0
0
0
0
0
0
0
0
0
0
0
0
0
0
0
0
0
0
0
0
0
0
0
0
0
2.8819
0
0
0
0
0
0
0
0
0
0
0
0
0
0
0
0
0
0
0
0
0
0
0
0
0
0
0
-3.077
0
0
0
0
0
0
0
0
0
0
0
0
0
0
0
0
0
0
0
0
0
0
0
0
0
0
0
0
0
0
0
0
0
0
0
0
0
0
0
0
0
0
0
0
0
0
0
0
0
0
0
0
0
0
0
0
0
0
0
0
0
0
0
0
0
0
0
0
0
0
0
0
0
0
0
0
0
0
0
0
0
0
0
0
0
0
0
0
0
0
3.077
0
0
0
0
0
0
0
0
0
0
0
0
0
0
0
0
0
0
0
0
0
0
0
0
0
0
0
0
0
0
0
0
0
0
-2.3009
0
0
0
0
0
0
0
0
0
0
0
0
0
0
0
0
0
0
0
0
0
0
0
0
0
0
0
0
0
0
0
0
0
0
0
0
0
0
0
0
0
0
0
0
0
0
0
0
0
0
0
0
0
0
0
0
0
0
0
0
0
0
0
0
0
0
0
0
0
0
0
0
0
0
0
0
0
0
0
0
0
0
0
2.3009
0
0
0
0
0
0
0
0
0
0
0
0
0
0
0
-4.6488
0
0
0
0
0
0
0
0
0
0
0
0
0
0
0
0
0
0
0
0
0
0
0
0
0
0
0
0
0
0
0
0
0
0
0
0
0
0
0
0
0
0
0
0
0
0
0
0
0
0
0
0
0
0
0
0
0
0
0
0
0
0
0
0
0
0
0
0
0
0
0
0
0
0
0
0
0
0
0
0
0
0
0
0
0
0
0
0
0
0
0
0
0
0
0
0
0
0
0
0
0
0
4.6488
0
0
0
0
0
0
0
0
0
0
0
0
0
0
0
0
0
0
0
0
0
0
-3.2253
0
0
0
0
0
0
0
0
0
0
0
0
0
0
0
0
0
0
0
0
0
0
0
0
0
0
0
0
0
0
0
0
0
0
0
0
0
0
0
0
0
0
0
0
0
0
0
0
0
0
0
0
0
0
0
0
0
0
0
0
0
0
0
0
0
0
0
0
0
0
0
0
0
0
0
0
0
0
0
0
0
0
0
0
0
0
0
0
0
0
0
0
0
0
0
3.2253
0
0
0
0
0
0
0
0
0
0
0
0
0
0
0
0
0
0
0
0
0
0
0
0
0
0
0
0
0
0
0
0
0
0
0
0
0
0
0
0
0
-1.8049
0
0
0
0
0
0
0
0
0
0
0
0
0
0
0
0
0
0
0
0
0
0
0
0
0
0
0
0
0
0
0
0
0
0
0
0
0
0
0
0
0
0
0
0
0
0
0
0
0
0
0
0
0
0
0
0
0
0
0
0
0
0
0
0
0
0
0
0
0
0
0
0
0
0
0
0
1.8049
0
0
0
0
0
0
0
0
0
0
0
0
0
0
0
0
0
0
0
0
0
0
0
0
0
0
0
0
0
0
0
0
0
0
-2.6511
0
0
0
0
0
0
0
0
0
0
0
0
0
0
0
0
0
0
0
0
0
0
0
0
0
0
0
0
0
0
0
0
0
0
0
0
0
0
0
0
0
0
0
0
0
0
0
0
0
0
0
0
0
0
0
0
0
0
0
0
0
0
0
0
0
0
0
0
0
0
0
0
0
0
0
0
0
0
0
0
0
0
0
2.6511
0
0
0
0
0
0
0
0
0
0
0
0
0
0
0
0
0
0
0
0
0
0
0
0
0
0
0
0
0
0
0
0
0
0
0
0
-2.1034
0
0
0
0
0
0
0
0
0
0
0
0
0
0
0
0
0
0
0
0
0
0
0
0
0
0
0
0
0
0
0
0
0
0
0
0
0
0
0
0
0
0
0
0
0
0
0
0
0
0
0
0
0
0
0
0
0
0
0
0
0
0
0
0
0
0
0
0
0
0
0
0
0
0
0
0
0
0
0
0
0
2.1034
0
0
0
0
0
0
0
0
0
0
0
0
0
0
0
0
-4.2601
0
0
0
0
0
0
0
0
0
0
0
0
0
0
0
0
0
0
0
0
0
0
0
0
0
0
0
0
0
0
0
0
0
0
0
0
0
0
0
0
0
0
0
0
0
0
0
0
0
0
0
0
0
0
0
0
0
0
0
0
0
0
0
0
0
0
0
0
0
0
0
0
0
0
0
0
0
0
0
0
0
0
0
0
0
0
0
0
0
0
0
0
0
0
0
0
0
0
0
0
0
4.2601
0
0
0
0
0
0
0
0
0
0
0
0
0
0
0
0
0
0
0
0
0
0
0
0
0
0
0
0
0
0
0
0
0
0
0
0
0
-1.8051
0
0
0
0
0
0
0
0
0
0
0
0
0
0
0
0
0
0
0
0
0
0
0
0
0
0
0
0
0
0
0
0
0
0
0
0
0
0
0
0
0
0
0
0
0
0
0
0
0
0
0
0
0
0
0
0
0
0
0
0
0
0
0
0
0
0
0
0
0
0
0
0
0
0
0
0
0
0
0
0
1.8051
0
0
0
0
0
0
0
0
0
0
0
0
0
0
0
0
0
0
0
0
0
0
0
0
-2.7177
0
0
0
0
0
0
0
0
0
0
0
0
0
0
0
0
0
0
0
0
0
0
0
0
0
0
0
0
0
0
0
0
0
0
0
0
0
0
0
0
0
0
0
0
0
0
0
0
0
0
0
0
0
0
0
0
0
0
0
0
0
0
0
0
0
0
0
0
0
0
0
0
0
0
0
0
0
0
0
0
0
0
0
0
0
0
0
0
0
0
0
0
0
2.7177
