1
0.97508
0.96873
0.96364
0.96022
0.95786
0.95399
0.95248
0.94911
0.94818
0.94511
0.94223
0.93946
0.93682
0.9343
0.93187
0.92959
0.92742
0.92537
0.92339
0.92151
0.9197
0.91796
0.91627
0.91461
0.91295
0.91131
0.90965
0.90793
0.90618
0.90448
0.90287
0.90134
0.89987
0.89848
0.89713
0.89585
0.89461
0.89341
0.89224
0.89109
0.88998
0.88888
0.88782
0.88678
0.88577
0.88479
0.88383
0.88291
0.88201
0.88115
0.88031
0.8795
0.87872
0.87797
0.87723
0.87652
0.87583
0.87516
0.87449
0.87384
0.87319
0.87254
0.87189
0.87123
0.87055
0.86985
0.86913
0.86838
0.86759
0.86677
0.8659
0.86501
0.86408
0.86313
0.86215
0.86115
0.86013
0.8591
0.85804
0.85695
0.85584
0.85471
0.85355
0.85237
0.85118
0.85
0.84882
0.84767
0.84655
0.84547
0.84443
0.84345
0.84251
0.84161
0.84076
0.83996
0.8392
0.83848
0.83779
0.83713
0.8365
0.8359
0.83532
0.83476
0.83423
0.8337
0.8332
0.8327
0.83222
0.83175
0.83129
0.83084
0.83039
0.82995
0.82951
0.82908
0.82865
0.82822
0.82779
0.82735
0.8269
0.82645
0.82598
0.82549
0.82499
0.82446
0.82391
0.82333
0.82272
0.82209
0.82142
0.82073
0.82002
0.81928
0.81851
0.81773
0.81694
0.81613
0.81532
0.81451
0.81369
0.81289
0.81209
0.8113
0.81053
0.80978
0.80905
0.80834
0.80764
0.80697
0.80632
0.80569
0.80508
0.80449
0.80391
0.80336
