1
0.97615
0.97234
0.96809
0.96544
0.96346
0.96064
0.9595
0.95728
0.95662
0.95475
0.95311
0.95151
0.95
0.94855
0.94718
0.94599
0.94492
0.94398
0.94313
0.94239
0.94171
0.94109
0.94048
0.93987
0.9392
0.93847
0.93762
0.93655
0.93527
0.93408
0.93306
0.93217
0.93136
0.93063
0.92996
0.92933
0.92873
0.92815
0.92758
0.927
0.92641
0.92581
0.92519
0.92456
0.92392
0.92326
0.9226
0.92192
0.92124
0.92056
0.91987
0.91918
0.91849
0.9178
0.9171
0.91642
0.91573
0.91506
0.9144
0.91374
0.9131
0.91246
0.91184
0.91123
0.91063
0.91003
0.90945
0.90889
0.90832
0.90778
0.90724
0.90671
0.90619
0.90568
0.90518
0.90468
0.90419
0.90372
0.90325
0.90278
0.90233
0.90188
0.90144
0.901
0.90058
0.90015
0.89974
0.89933
0.89892
0.89853
0.89813
0.89774
0.89736
0.89698
0.8966
0.89622
0.89585
0.89548
0.89511
0.89474
0.89437
0.89401
0.89366
0.8933
0.89295
0.8926
0.89225
0.8919
0.89155
0.89121
0.89087
0.89053
0.89019
0.88986
0.88952
0.88919
0.88886
0.88854
0.88821
0.88789
0.88758
0.88726
0.88695
0.88664
0.88634
0.88603
0.88573
0.88544
0.88514
0.88485
0.88456
0.88428
0.884
0.88372
0.88345
0.88318
0.88291
0.88265
0.88239
0.88214
0.88189
0.88164
0.8814
0.88116
0.88093
0.8807
0.88048
0.88026
0.88004
0.87983
0.87962
0.87942
0.87922
0.87902
0.87883
0.87864
