1
0.97455
0.96818
0.96285
0.95917
0.95658
0.95244
0.95092
0.94739
0.94661
0.94349
0.94066
0.93801
0.93554
0.93322
0.93102
0.92899
0.92707
0.92528
0.92354
0.92189
0.92025
0.91864
0.917
0.91536
0.91371
0.91207
0.9104
0.90867
0.90689
0.90517
0.9035
0.90188
0.90028
0.89866
0.89703
0.89535
0.89365
0.89191
0.89015
0.88837
0.88656
0.88474
0.88291
0.88107
0.87923
0.87739
0.87557
0.87376
0.87199
0.87025
0.86855
0.86688
0.86524
0.86363
0.86204
0.86047
0.85892
0.85738
0.85584
0.85431
0.85277
0.85124
0.84971
0.84818
0.84665
0.84513
0.84363
0.84214
0.84067
0.83922
0.8378
0.83642
0.83506
0.83373
0.83244
0.83118
0.82996
0.82877
0.82761
0.82648
0.82538
0.82431
0.82327
0.82226
0.82127
0.82031
0.81937
0.81846
0.81757
0.8167
0.81585
0.81502
0.81421
0.81341
0.81263
0.81186
0.81111
0.81037
0.80964
0.80893
0.80822
0.80753
0.80684
0.80617
0.8055
0.80484
0.80419
0.80354
0.8029
0.80227
0.80165
0.80103
0.80042
0.79982
0.79922
0.79864
0.79806
0.79749
0.79692
0.79637
0.79582
0.79528
0.79474
0.79422
0.79369
0.79318
0.79267
0.79216
0.79167
0.79118
0.79069
0.79021
0.78973
0.78926
0.7888
0.78834
0.78788
0.78743
0.78699
0.78655
0.78611
0.78568
0.78525
0.78482
0.78439
0.78396
0.78353
0.7831
0.78266
0.78221
0.78176
0.7813
0.78084
0.78036
0.77986
0.77936
