1
0.97544
0.9697
0.96512
0.96199
0.95982
0.95638
0.95506
0.95217
0.95142
0.9489
0.94662
0.94446
0.94243
0.94053
0.93873
0.93709
0.93555
0.93413
0.93277
0.93152
0.93033
0.92922
0.92813
0.92708
0.92602
0.92498
0.9239
0.92276
0.92158
0.92044
0.91939
0.9184
0.91747
0.91658
0.91574
0.91494
0.91417
0.91343
0.91269
0.91197
0.91125
0.91053
0.90983
0.90913
0.90844
0.90776
0.90709
0.90643
0.90578
0.90515
0.90453
0.90391
0.90331
0.90271
0.90212
0.90154
0.90096
0.90039
0.89982
0.89926
0.89871
0.89816
0.89763
0.89709
0.89657
0.89605
0.89553
0.89503
0.89452
0.89403
0.89354
0.89306
0.89258
0.89211
0.89164
0.89118
0.89072
0.89027
0.88982
0.88938
0.88894
0.88851
0.88808
0.88766
0.88724
0.88682
0.88641
0.886
0.8856
0.88521
0.88482
0.88443
0.88404
0.88366
0.88328
0.8829
0.88253
0.88215
0.88178
0.88142
0.88105
0.88069
0.88033
0.87998
0.87962
0.87927
0.87893
0.87858
0.87824
0.87789
0.87755
0.87721
0.87688
0.87654
0.87621
0.87588
0.87555
0.87522
0.8749
0.87457
0.87425
0.87394
0.87362
0.8733
0.87299
0.87267
0.87236
0.87205
0.87175
0.87144
0.87114
0.87083
0.87053
0.87023
0.86993
0.86963
0.86934
0.86904
0.86875
0.86846
0.86817
0.86788
0.8676
0.86732
0.86704
0.86676
0.86649
0.86622
0.86595
0.86568
0.86542
0.86515
0.8649
0.86464
0.86438
0.86413
