1
0.97411
0.96704
0.96096
0.95647
0.95317
0.94799
0.94597
0.94143
0.94037
0.93627
0.93247
0.92887
0.92548
0.92228
0.91924
0.91643
0.91377
0.91129
0.90893
0.90673
0.90463
0.90267
0.90078
0.89898
0.89724
0.89555
0.89388
0.8922
0.89054
0.88897
0.88754
0.88622
0.88501
0.8839
0.88288
0.88193
0.88104
0.8802
0.87939
0.8786
0.87779
0.87697
0.87611
0.8752
0.87424
0.87322
0.87214
0.87101
0.86983
0.86863
0.86741
0.86618
0.86494
0.86369
0.86243
0.86117
0.85991
0.85866
0.85742
0.85621
0.85502
0.85388
0.85278
0.85173
0.85073
0.84978
0.84887
0.84802
0.8472
0.84643
0.84569
0.84498
0.8443
0.84365
0.84301
0.8424
0.84179
0.84119
0.84059
0.83999
0.83938
0.83875
0.8381
0.83743
0.83673
0.836
0.83523
0.83443
0.83359
0.83272
0.83182
0.83089
0.82995
0.82899
0.82802
0.82706
0.8261
0.82514
0.82419
0.82326
0.82234
0.82143
0.82053
0.81965
0.81877
0.8179
0.81704
0.81619
0.81534
0.81449
0.81364
0.8128
0.81195
0.81111
0.81026
0.80941
0.80856
0.8077
0.80685
0.80598
0.80512
0.80425
0.80337
0.80249
0.80161
0.80072
0.79983
0.79894
0.79804
0.79714
0.79623
0.79531
0.79439
0.79346
0.79252
0.79157
0.79061
0.78964
0.78865
0.78764
0.78662
0.78558
0.78452
0.78344
0.78234
0.78123
0.7801
0.77896
0.77782
0.77668
0.77554
0.77442
0.77332
0.77225
0.7712
0.77018
