1
0.9772
0.96899
0.96572
0.96284
0.95987
0.95704
0.95411
0.9528
0.95111
0.94937
0.94668
0.94444
0.94219
0.94007
0.93806
0.93626
0.93454
0.93294
0.93139
0.92996
0.9286
0.92737
0.92624
0.92525
0.9244
0.9237
0.92314
0.92268
0.92226
0.92193
0.92175
0.92168
0.92172
0.92186
0.92208
0.92236
0.92266
0.92293
0.92312
0.92322
0.92321
0.92311
0.92293
0.92269
0.9224
0.9221
0.9218
0.92152
0.92127
0.92107
0.92093
0.92084
0.92082
0.92087
0.92099
0.92117
0.92142
0.92172
0.92206
0.92242
0.9228
0.92318
0.92356
0.92393
0.92429
0.92464
0.92497
0.92529
0.92558
0.92585
0.9261
0.92632
0.92653
0.92673
0.92692
0.92712
0.92732
0.92754
0.92776
0.92799
0.92824
0.9285
0.92877
0.92905
0.92934
0.92964
0.92996
0.93028
0.9306
0.93093
0.93125
0.93157
0.93189
0.93219
0.93249
0.93277
0.93304
0.93329
0.93353
0.93375
0.93396
0.93414
0.9343
0.93445
0.93456
0.93466
0.93474
0.93481
0.93488
0.93494
0.935
0.93508
0.93517
0.93528
0.93542
0.93558
0.93578
0.936
0.93625
0.93654
0.93684
0.93717
0.93752
0.93788
0.93824
0.93861
0.93898
0.93934
0.9397
0.94005
0.94039
0.94072
0.94105
0.94137
0.94167
0.94197
0.94226
0.94254
0.94282
0.94309
0.94335
0.9436
0.94385
0.9441
0.94433
0.94456
0.94478
0.94499
0.94519
0.94538
0.94556
0.94572
0.94588
0.94602
0.94615
0.94626
