1
1.0283
1.1079
1.1791
1.1965
1.225
1.2741
1.286
1.3135
1.2988
1.3201
1.3479
1.3774
1.407
1.4358
1.4636
1.4905
1.5163
1.5413
1.5653
1.5885
1.6109
1.6325
1.6533
1.6734
1.6927
1.7114
1.7294
1.7468
1.7638
1.7806
1.7972
1.8134
1.8294
1.845
1.8603
1.8753
1.8899
1.9043
1.9183
1.9321
1.9456
1.9588
1.9717
1.9844
1.9969
2.0091
2.0211
2.0329
2.0445
2.0559
2.0671
2.0782
2.0891
2.0998
2.1103
2.1206
2.1308
2.1407
2.1505
2.1602
2.1697
2.179
2.1881
2.1971
2.206
2.2147
2.2233
2.2318
2.2401
2.2483
2.2564
2.2643
2.2722
2.2799
2.2876
2.2951
2.3026
2.3099
2.3172
2.3243
2.3314
2.3384
2.3453
2.3521
2.3589
2.3656
2.3722
2.3788
2.3852
2.3917
2.398
2.4044
2.4106
2.4168
2.423
2.4291
2.4351
2.4411
2.447
2.4529
2.4588
2.4646
2.4704
2.4761
2.4818
2.4874
2.493
2.4986
2.5041
2.5095
2.515
2.5203
2.5256
2.5309
2.5361
2.5413
2.5465
2.5516
2.5566
2.5616
2.5666
2.5715
2.5764
2.5812
2.586
2.5907
2.5954
2.6001
2.6047
2.6093
2.6139
2.6184
2.6229
2.6273
2.6317
2.6361
2.6404
2.6448
2.649
2.6533
2.6575
2.6617
2.6658
2.67
2.6741
2.6782
2.6822
2.6862
2.6903
2.6942
2.6982
2.7022
2.7061
2.71
2.7139
2.7178
