1
0.97685
0.97205
0.96834
0.96532
0.96354
0.96062
0.9593
0.95698
0.95613
0.95411
0.95228
0.95053
0.94895
0.94746
0.94595
0.94443
0.94284
0.94121
0.9395
0.93777
0.93598
0.93415
0.93227
0.93034
0.92835
0.92631
0.92422
0.92207
0.91982
0.91751
0.91521
0.91296
0.91078
0.90867
0.90665
0.9047
0.90284
0.90105
0.89934
0.89771
0.89616
0.8947
0.89332
0.89203
0.89081
0.88967
0.88859
0.88755
0.88655
0.88557
0.88459
0.88362
0.88264
0.88166
0.88068
0.8797
0.87873
0.87777
0.87682
0.87589
0.87497
0.87407
0.87318
0.87231
0.87145
0.87061
0.86977
0.86893
0.86809
0.86725
0.8664
0.86554
0.86467
0.86378
0.86288
0.86196
0.86102
0.86006
0.85909
0.8581
0.8571
0.85607
0.85504
0.85399
0.85293
0.85185
0.85077
0.84968
0.84857
0.84746
0.84635
0.84522
0.84409
0.84295
0.84181
0.84066
0.83951
0.83836
0.83722
0.83607
0.83493
0.8338
0.83268
0.83157
0.83047
0.82939
0.82832
0.82728
0.82625
0.82525
0.82427
0.82332
0.82239
0.82149
0.82062
0.81977
0.81895
0.81816
0.81739
0.81664
0.81591
0.81519
0.81449
0.8138
0.81312
0.81245
0.81178
0.81112
0.81046
0.80981
0.80916
0.80852
0.80789
0.80726
0.80665
0.80605
0.80547
0.80491
0.80438
0.80388
0.8034
0.80297
0.80257
0.80221
0.8019
0.80163
0.80142
0.80124
0.80111
0.80101
0.80095
0.80091
0.80089
0.80088
0.80088
0.80088
