1
0.97481
0.9686
0.9634
0.9598
0.95725
0.95321
0.95178
0.94838
0.94767
0.94476
0.94222
0.93993
0.93794
0.93623
0.9348
0.93369
0.93286
0.93232
0.93202
0.93196
0.93212
0.93247
0.93298
0.93363
0.93438
0.93524
0.93617
0.93714
0.93815
0.9393
0.9406
0.94206
0.94366
0.94538
0.9472
0.94912
0.95113
0.95321
0.95536
0.95759
0.95989
0.96225
0.96468
0.96718
0.96974
0.97235
0.97501
0.97771
0.98044
0.98319
0.98596
0.98876
0.99157
0.9944
0.99726
1.0001
1.0031
1.006
1.0089
1.0119
1.0148
1.0178
1.0208
1.0238
1.0268
1.0297
1.0327
1.0357
1.0387
1.0416
1.0446
1.0475
1.0504
1.0533
1.0561
1.0588
1.0615
1.064
1.0664
1.0686
1.0707
1.0726
1.0743
1.0759
1.0772
1.0784
1.0795
1.0803
1.0811
1.0817
1.0823
1.083
1.0836
1.0843
1.0851
1.086
1.0871
1.0882
1.0894
1.0907
1.0921
1.0935
1.095
1.0965
1.0981
1.0997
1.1013
1.103
1.1047
1.1064
1.1081
1.1098
1.1115
1.1133
1.115
1.1166
1.1183
1.12
1.1216
1.1232
1.1247
1.1262
1.1277
1.1291
1.1304
1.1316
1.1328
1.1339
1.1349
1.1359
1.1367
1.1375
1.1382
1.1388
1.1394
1.1401
1.1407
1.1414
1.1422
1.143
1.1439
1.1448
1.1458
1.1469
1.1481
1.1493
1.1505
1.1518
1.1531
1.1544
1.1558
1.1572
1.1586
1.16
1.1614
1.1629
