1
0.97387
0.9674
0.96251
0.95902
0.95669
0.95261
0.9511
0.94752
0.94665
0.94342
0.94049
0.93772
0.9352
0.93284
0.93059
0.92846
0.92636
0.9244
0.92247
0.92068
0.91901
0.91749
0.91608
0.91474
0.91348
0.91226
0.91109
0.90994
0.90883
0.90775
0.90671
0.90571
0.90474
0.90382
0.90292
0.90207
0.90124
0.90043
0.89964
0.89885
0.89807
0.89729
0.89651
0.89572
0.89494
0.89417
0.89339
0.89261
0.89184
0.89106
0.89028
0.8895
0.88871
0.88791
0.88711
0.88629
0.88548
0.88466
0.88384
0.88302
0.88219
0.88137
0.88054
0.87972
0.87889
0.87808
0.87726
0.87645
0.87565
0.87486
0.87407
0.8733
0.87254
0.8718
0.87107
0.87037
0.86968
0.86902
0.86838
0.86776
0.86716
0.86659
0.86604
0.86552
0.86501
0.86453
0.86406
0.86362
0.86318
0.86277
0.86236
0.86196
0.86157
0.86118
0.86079
0.8604
0.86001
0.85962
0.85923
0.85882
0.8584
0.85797
0.85753
0.85707
0.85659
0.85609
0.85556
0.85501
0.85443
0.85382
0.85318
0.85251
0.85181
0.85109
0.85034
0.84956
0.84877
0.84797
0.84716
0.84635
0.84554
0.84474
0.84396
0.84319
0.84243
0.84169
0.84098
0.84028
0.8396
0.83893
0.83828
0.83765
0.83703
0.83642
0.83582
0.83523
0.83465
0.83408
0.83351
0.83296
0.8324
0.83185
0.83131
0.83077
0.83023
0.8297
0.82918
0.82865
0.82814
0.82763
0.82712
0.82662
0.82612
0.82563
0.82515
0.82467
