1
0.97455
0.96653
0.96061
0.95622
0.9533
0.94832
0.9463
0.94175
0.94052
0.9363
0.93229
0.92841
0.9247
0.92115
0.91771
0.91444
0.91129
0.90829
0.90538
0.90261
0.89994
0.89737
0.89488
0.89247
0.89013
0.88786
0.88564
0.88348
0.88138
0.87936
0.87742
0.87554
0.87373
0.87198
0.8703
0.86867
0.86711
0.8656
0.86415
0.86274
0.86138
0.86006
0.85878
0.85755
0.85635
0.85519
0.85408
0.853
0.85196
0.85095
0.84998
0.84903
0.84811
0.84721
0.84632
0.84544
0.84455
0.84366
0.84275
0.84181
0.84085
0.83984
0.8388
0.83771
0.83657
0.8354
0.83418
0.83293
0.83164
0.83033
0.82899
0.82764
0.82626
0.82486
0.82344
0.82201
0.82057
0.81913
0.8177
0.81629
0.81491
0.81358
0.81229
0.81106
0.80988
0.80876
0.8077
0.80668
0.80572
0.80479
0.80391
0.80307
0.80226
0.80147
0.80071
0.79997
0.79925
0.79855
0.79786
0.79718
0.79652
0.79586
0.7952
0.79455
0.7939
0.79324
0.79257
0.7919
0.79122
0.79052
0.78981
0.78908
0.78833
0.78756
0.78677
0.78594
0.7851
0.78423
0.78333
0.78241
0.78146
0.78049
0.7795
0.7785
0.77749
0.77647
0.77546
0.77444
0.77344
0.77245
0.77147
0.77051
0.76957
0.76865
0.76774
0.76686
0.76599
0.76514
0.76431
0.76349
0.76268
0.76189
0.7611
0.76033
0.75957
0.7588
0.75805
0.7573
0.75656
0.75581
0.75507
0.75432
0.75358
0.75282
0.75207
0.75131
