1
0.9742
0.96764
0.9623
0.95892
0.9567
0.95288
0.95173
0.94855
0.94798
0.9452
0.94267
0.94025
0.93795
0.93574
0.93361
0.9316
0.92968
0.92783
0.92603
0.92429
0.9226
0.92095
0.91931
0.91769
0.91605
0.9144
0.9127
0.91094
0.9091
0.90732
0.90562
0.904
0.90244
0.90093
0.89948
0.89807
0.8967
0.89537
0.89406
0.89276
0.89147
0.8902
0.88894
0.88768
0.88644
0.8852
0.88398
0.88278
0.88159
0.88042
0.87927
0.87813
0.87701
0.87591
0.87484
0.87378
0.87275
0.87175
0.87078
0.86983
0.86891
0.86802
0.86716
0.86633
0.86552
0.86474
0.86397
0.86323
0.8625
0.86179
0.86109
0.86039
0.85971
0.85902
0.85835
0.85767
0.857
0.85632
0.85565
0.85498
0.85431
0.85364
0.85298
0.85231
0.85165
0.851
0.85034
0.8497
0.84906
0.84842
0.8478
0.84718
0.84657
0.84596
0.84536
0.84477
0.84418
0.84361
0.84304
0.84248
0.84193
0.84139
0.84085
0.84033
0.83981
0.83931
0.83881
0.83833
0.83785
0.83739
0.83693
0.83649
0.83605
0.83562
0.8352
0.83478
0.83436
0.83394
0.83352
0.8331
0.83266
0.83222
0.83177
0.8313
0.83081
0.83031
0.82979
0.82925
0.82869
0.82812
0.82753
0.82693
0.82631
0.82569
0.82505
0.82441
0.82375
0.8231
0.82244
0.82177
0.82111
0.82045
0.81979
0.81914
0.81848
0.81784
0.81719
0.81656
0.81593
0.8153
0.81468
0.81407
0.81347
0.81287
0.81228
0.8117
