1
0.97436
0.96586
0.96006
0.95585
0.95319
0.94859
0.94716
0.94328
0.94267
0.93924
0.9361
0.93312
0.93031
0.92763
0.92502
0.92252
0.92007
0.91768
0.91532
0.91302
0.91074
0.9085
0.90626
0.90404
0.90181
0.89959
0.89738
0.89518
0.89301
0.89088
0.88878
0.88673
0.88471
0.88273
0.8808
0.87892
0.87709
0.87531
0.87357
0.87187
0.87021
0.86858
0.86699
0.86543
0.86389
0.86238
0.86089
0.85942
0.85796
0.85651
0.85506
0.85361
0.85216
0.85071
0.84925
0.8478
0.84636
0.84492
0.84351
0.84211
0.84074
0.83939
0.83807
0.83677
0.8355
0.83425
0.83301
0.83179
0.83058
0.82937
0.82815
0.82692
0.82568
0.82441
0.82312
0.82181
0.82046
0.81909
0.8177
0.81628
0.81485
0.8134
0.81194
0.81046
0.80898
0.80749
0.80599
0.80447
0.80295
0.80142
0.7999
0.79839
0.79691
0.79546
0.79406
0.79271
0.79142
0.79019
0.78902
0.7879
0.78684
0.78583
0.78486
0.78395
0.78307
0.78223
0.78143
0.78065
0.77991
0.77919
0.77849
0.77781
0.77715
0.77651
0.77587
0.77525
0.77464
0.77403
0.77343
0.77283
0.77223
0.77163
0.77102
0.77041
0.76979
0.76916
0.76852
0.76787
0.76721
0.76653
0.76584
0.76514
0.76442
0.7637
0.76296
0.76222
0.76146
0.7607
0.75994
0.75917
0.7584
0.75762
0.75684
0.75607
0.75529
0.75452
0.75375
0.75299
0.75224
0.75149
0.75075
0.75003
0.74931
0.74861
0.74792
0.74724
