1
0.97644
0.97119
0.9677
0.96485
0.96354
0.96093
0.95987
0.95775
0.95694
0.95499
0.95324
0.95153
0.95001
0.94856
0.94706
0.9455
0.94375
0.94193
0.93997
0.93798
0.93595
0.93394
0.93192
0.92988
0.92781
0.92573
0.92364
0.92157
0.91951
0.91742
0.91531
0.91322
0.91116
0.90916
0.90722
0.90534
0.90353
0.90178
0.9001
0.89849
0.89695
0.89549
0.89411
0.8928
0.89157
0.8904
0.88929
0.88821
0.88716
0.88613
0.8851
0.88406
0.88302
0.88197
0.88092
0.87986
0.87881
0.87776
0.87673
0.8757
0.8747
0.87371
0.87273
0.87178
0.87083
0.8699
0.86898
0.86807
0.86716
0.86625
0.86534
0.86442
0.86349
0.86257
0.86162
0.86068
0.85972
0.85876
0.85778
0.8568
0.85581
0.85482
0.85382
0.85281
0.8518
0.85079
0.84977
0.84874
0.84771
0.84668
0.84563
0.84458
0.84352
0.84245
0.84138
0.84029
0.8392
0.83811
0.837
0.8359
0.8348
0.8337
0.8326
0.83151
0.83042
0.82935
0.82828
0.82723
0.8262
0.82518
0.82419
0.82321
0.82226
0.82134
0.82043
0.81955
0.8187
0.81787
0.81706
0.81627
0.81549
0.81473
0.81399
0.81325
0.81252
0.8118
0.81108
0.81037
0.80966
0.80895
0.80825
0.80755
0.80686
0.80617
0.8055
0.80484
0.8042
0.80357
0.80297
0.8024
0.80186
0.80136
0.80089
0.80047
0.80009
0.79976
0.79947
0.79923
0.79903
0.79887
0.79874
0.79863
0.79855
0.79847
0.79841
0.79834
