1
0.97417
0.96576
0.95983
0.95541
0.95249
0.94737
0.94524
0.94046
0.93901
0.93442
0.92987
0.92537
0.92096
0.9167
0.91257
0.90864
0.90488
0.90131
0.8979
0.89468
0.89162
0.88873
0.88598
0.88337
0.88087
0.87848
0.87617
0.87394
0.87179
0.86972
0.86773
0.86578
0.86388
0.86202
0.86018
0.85836
0.85656
0.85477
0.85298
0.8512
0.84942
0.84764
0.84588
0.84414
0.84241
0.84072
0.83906
0.83744
0.83585
0.83432
0.83282
0.83138
0.82997
0.8286
0.82726
0.82595
0.82466
0.82339
0.82211
0.82083
0.81954
0.81823
0.8169
0.81554
0.81414
0.81272
0.81127
0.80979
0.8083
0.80679
0.80526
0.80372
0.80217
0.8006
0.79902
0.79743
0.79583
0.79424
0.79267
0.79112
0.78961
0.78814
0.78672
0.78536
0.78406
0.78282
0.78163
0.78049
0.77941
0.77837
0.77737
0.7764
0.77548
0.77458
0.7737
0.77285
0.77202
0.77121
0.77042
0.76964
0.76887
0.76811
0.76736
0.76661
0.76586
0.76511
0.76436
0.7636
0.76284
0.76207
0.76128
0.76048
0.75966
0.75883
0.75797
0.7571
0.7562
0.75529
0.75435
0.75338
0.7524
0.7514
0.75039
0.74936
0.74833
0.74729
0.74626
0.74523
0.74422
0.74322
0.74224
0.74127
0.74033
0.73941
0.73851
0.73763
0.73677
0.73594
0.73512
0.73431
0.73353
0.73276
0.732
0.73125
0.73051
0.72978
0.72906
0.72835
0.72764
0.72693
0.72623
0.72553
0.72482
0.72411
0.7234
0.72269
