1
0.97414
0.96577
0.95999
0.95552
0.95246
0.94741
0.94559
0.94115
0.94017
0.93612
0.93233
0.92871
0.92527
0.92199
0.91882
0.9158
0.91288
0.91007
0.90734
0.9047
0.90212
0.8996
0.8971
0.89463
0.89216
0.8897
0.88721
0.88472
0.88224
0.87978
0.87736
0.87498
0.87266
0.8704
0.86821
0.86609
0.86404
0.86206
0.86013
0.85825
0.85642
0.85463
0.85289
0.85118
0.84952
0.8479
0.84631
0.84476
0.84325
0.84176
0.84031
0.83888
0.83747
0.83608
0.83471
0.83335
0.83201
0.83068
0.82937
0.82808
0.8268
0.82554
0.8243
0.82307
0.82186
0.82066
0.81949
0.81833
0.81718
0.81606
0.81496
0.81387
0.8128
0.81174
0.81071
0.8097
0.80871
0.80773
0.80678
0.80585
0.80493
0.80403
0.80316
0.8023
0.80146
0.80064
0.79984
0.79906
0.79829
0.79755
0.79681
0.7961
0.7954
0.79471
0.79404
0.79338
0.79273
0.7921
0.79148
0.79087
0.79027
0.78969
0.78912
0.78855
0.788
0.78746
0.78693
0.78641
0.78589
0.78539
0.78489
0.7844
0.78392
0.78344
0.78297
0.7825
0.78204
0.78159
0.78114
0.7807
0.78026
0.77983
0.77941
0.77899
0.77858
0.77817
0.77777
0.77737
0.77698
0.7766
0.77621
0.77584
0.77547
0.7751
0.77473
0.77437
0.77401
0.77365
0.77329
0.77294
0.77258
0.77222
0.77186
0.7715
0.77113
0.77077
0.77039
0.77001
0.76963
0.76923
0.76883
0.76841
0.76799
0.76755
0.76711
0.76665
