1
0.97562
0.964
0.96136
0.95736
0.95413
0.94796
0.94583
0.94151
0.94116
0.93794
0.93484
0.93197
0.92939
0.92715
0.92513
0.92339
0.92182
0.92047
0.91922
0.91808
0.91698
0.91589
0.91476
0.91355
0.91224
0.91082
0.90929
0.90766
0.90597
0.90426
0.90256
0.90087
0.89924
0.89769
0.89625
0.89492
0.89374
0.89268
0.89173
0.89088
0.89011
0.88941
0.88879
0.88823
0.88774
0.88733
0.88698
0.88668
0.88642
0.88618
0.88592
0.88564
0.88532
0.88496
0.88456
0.88413
0.88366
0.88318
0.88267
0.88214
0.88159
0.88104
0.88048
0.87992
0.87938
0.87885
0.87833
0.87784
0.87737
0.87692
0.87649
0.87607
0.87567
0.87528
0.87491
0.87455
0.8742
0.87386
0.87353
0.8732
0.87289
0.87258
0.87229
0.872
0.87172
0.87145
0.8712
0.87095
0.87071
0.87048
0.87026
0.87005
0.86985
0.86966
0.86947
0.86928
0.86911
0.86894
0.86877
0.86862
0.86847
0.86833
0.86819
0.86806
0.86794
0.86783
0.86774
0.86765
0.86759
0.86755
0.86753
0.86753
0.86757
0.86763
0.86773
0.86786
0.86802
0.86821
0.86843
0.86867
0.86893
0.86922
0.86951
0.86981
0.87012
0.87043
0.87073
0.87104
0.87133
0.87162
0.87191
0.87219
0.87247
0.87274
0.87302
0.87329
0.87356
0.87384
0.87412
0.8744
0.87469
0.87498
0.87528
0.87559
0.8759
0.87623
0.87656
0.8769
0.87724
0.8776
0.87796
0.87833
0.8787
0.87908
0.87947
0.87986
