1
0.97648
0.96562
0.96113
0.95726
0.95373
0.94982
0.94681
0.94459
0.94312
0.94062
0.93728
0.93449
0.93175
0.9292
0.92679
0.92456
0.92238
0.92031
0.91825
0.91627
0.91433
0.91248
0.91068
0.90899
0.90739
0.90594
0.90465
0.90353
0.90256
0.9017
0.90091
0.90017
0.8995
0.89888
0.89834
0.89785
0.89738
0.89688
0.89633
0.89569
0.89496
0.89415
0.89327
0.89234
0.89136
0.89036
0.88936
0.88837
0.8874
0.88644
0.88552
0.88463
0.88378
0.88296
0.88219
0.88146
0.88078
0.88013
0.87951
0.87892
0.87835
0.87779
0.87724
0.87669
0.87615
0.87561
0.87507
0.87454
0.874
0.87346
0.87291
0.87236
0.87182
0.87127
0.87074
0.87022
0.86971
0.86922
0.86876
0.86831
0.86788
0.86746
0.86707
0.86669
0.86634
0.866
0.86568
0.86539
0.86511
0.86484
0.8646
0.86436
0.86413
0.86391
0.86369
0.86348
0.86327
0.86307
0.86286
0.86265
0.86244
0.86222
0.86199
0.86175
0.8615
0.86125
0.86098
0.86072
0.86045
0.86019
0.85993
0.8597
0.85948
0.85928
0.85911
0.85897
0.85885
0.85877
0.85871
0.85868
0.85866
0.85867
0.85869
0.85872
0.85876
0.85879
0.85882
0.85884
0.85885
0.85885
0.85884
0.85881
0.85878
0.85874
0.85868
0.85862
0.85855
0.85848
0.85841
0.85833
0.85825
0.85817
0.85808
0.858
0.85792
0.85784
0.85776
0.85767
0.85759
0.8575
0.85741
0.85732
0.85723
0.85713
0.85702
0.85691
