1
0.9742
0.96554
0.95924
0.9548
0.95204
0.94721
0.94583
0.94183
0.94135
0.93787
0.93474
0.93184
0.92916
0.92667
0.92428
0.92204
0.91986
0.91778
0.91572
0.91373
0.91177
0.90985
0.90794
0.90604
0.90414
0.90225
0.90037
0.89851
0.89669
0.89492
0.89318
0.89148
0.88982
0.88818
0.88657
0.885
0.88347
0.88195
0.88046
0.87898
0.87751
0.87605
0.87459
0.87314
0.87169
0.87024
0.86878
0.86733
0.86586
0.86438
0.86288
0.86136
0.85982
0.85825
0.85667
0.85508
0.85348
0.85187
0.85027
0.84868
0.84711
0.84555
0.84402
0.84251
0.84103
0.83958
0.83815
0.83676
0.8354
0.83406
0.83276
0.83148
0.83023
0.82901
0.82781
0.82663
0.82547
0.82433
0.82321
0.82211
0.82102
0.81995
0.81889
0.81786
0.81683
0.81583
0.81484
0.81387
0.81292
0.81199
0.81109
0.8102
0.80933
0.80849
0.80766
0.80685
0.80607
0.8053
0.80455
0.80382
0.80311
0.80242
0.80174
0.80108
0.80043
0.7998
0.79918
0.79857
0.79797
0.79739
0.79681
0.79623
0.79566
0.7951
0.79453
0.79397
0.79341
0.79284
0.79228
0.79171
0.79113
0.79055
0.78996
0.78937
0.78877
0.78816
0.78754
0.78692
0.78628
0.78564
0.78499
0.78434
0.78368
0.78302
0.78235
0.78167
0.781
0.78033
0.77965
0.77897
0.7783
0.77763
0.77696
0.77629
0.77562
0.77496
0.7743
0.77364
0.77299
0.77234
0.77169
0.77104
0.77039
0.76975
0.7691
0.76845
