1
0.97406
0.96555
0.95986
0.95566
0.9529
0.94817
0.94662
0.94258
0.9419
0.9383
0.93501
0.93192
0.92903
0.92631
0.9237
0.92124
0.91885
0.91656
0.91432
0.91216
0.91003
0.90795
0.90586
0.9038
0.90173
0.89966
0.89759
0.89552
0.89345
0.89139
0.88932
0.88723
0.88512
0.88298
0.88083
0.87866
0.8765
0.87435
0.87221
0.87007
0.86794
0.86583
0.86373
0.86165
0.85958
0.85752
0.85547
0.85342
0.85137
0.84933
0.84727
0.84521
0.84314
0.84105
0.83895
0.83684
0.83472
0.83258
0.83043
0.82827
0.8261
0.82392
0.82172
0.81951
0.81728
0.81503
0.81276
0.81047
0.80816
0.80581
0.80345
0.80106
0.79866
0.79624
0.79382
0.79139
0.78898
0.78657
0.78417
0.7818
0.77944
0.77711
0.7748
0.77252
0.77026
0.76804
0.76585
0.76369
0.76156
0.75947
0.75741
0.75538
0.75338
0.75142
0.74948
0.74757
0.74568
0.74381
0.74197
0.74015
0.73835
0.73656
0.73479
0.73302
0.73127
0.72953
0.7278
0.72607
0.72434
0.72262
0.7209
0.71918
0.71746
0.71575
0.71403
0.71231
0.7106
0.70889
0.70718
0.70549
0.70381
0.70214
0.70048
0.69883
0.69721
0.6956
0.69402
0.69245
0.6909
0.68938
0.68787
0.68639
0.68493
0.6835
0.68209
0.68071
0.67934
0.67801
0.67669
0.6754
0.67413
0.67289
0.67167
0.67047
0.66929
0.66813
0.66699
0.66587
0.66476
0.66367
0.6626
0.66154
0.6605
0.65947
0.65846
0.65747
