1
0.97339
0.96483
0.95899
0.95439
0.95137
0.94604
0.94411
0.93947
0.93856
0.9344
0.93059
0.927
0.92367
0.92058
0.91766
0.91498
0.91247
0.91016
0.908
0.90602
0.90419
0.90253
0.90102
0.89965
0.8984
0.89724
0.89613
0.89501
0.89388
0.89274
0.89162
0.89052
0.88945
0.88841
0.88739
0.88641
0.88545
0.8845
0.88357
0.88264
0.88172
0.8808
0.87989
0.87899
0.87809
0.8772
0.87632
0.87544
0.87456
0.87369
0.87282
0.87195
0.87108
0.8702
0.86931
0.86841
0.86751
0.8666
0.86569
0.86477
0.86384
0.86291
0.86197
0.86103
0.86008
0.85914
0.85819
0.85724
0.85629
0.85535
0.85441
0.85347
0.85254
0.85162
0.85071
0.84981
0.84893
0.84806
0.8472
0.84636
0.84554
0.84474
0.84395
0.84318
0.84243
0.84169
0.84098
0.84028
0.83959
0.83892
0.83826
0.83761
0.83698
0.83635
0.83573
0.83512
0.83451
0.83391
0.83331
0.83271
0.83211
0.8315
0.83089
0.83027
0.82963
0.82898
0.82832
0.82763
0.82692
0.82618
0.82542
0.82463
0.82382
0.82297
0.82211
0.82123
0.82034
0.81943
0.81852
0.81762
0.81672
0.81583
0.81496
0.81411
0.81327
0.81246
0.81166
0.81089
0.81014
0.80941
0.8087
0.808
0.80732
0.80666
0.80601
0.80537
0.80474
0.80412
0.80351
0.80291
0.80232
0.80173
0.80115
0.80057
0.8
0.79943
0.79887
0.79831
0.79776
0.79721
0.79666
0.79612
0.79558
0.79504
0.79451
0.79399
