1
0.97401
0.96502
0.95886
0.95455
0.95175
0.94683
0.94529
0.94107
0.94039
0.93661
0.93314
0.92987
0.92678
0.92386
0.92104
0.91837
0.91576
0.91324
0.91076
0.90836
0.90598
0.90365
0.90133
0.89902
0.89672
0.89442
0.89212
0.88983
0.88757
0.88534
0.88315
0.88099
0.87887
0.8768
0.87477
0.87278
0.87085
0.86897
0.86714
0.86534
0.86358
0.86186
0.86018
0.85852
0.8569
0.8553
0.85372
0.85216
0.85061
0.84908
0.84754
0.84602
0.84449
0.84296
0.84142
0.8399
0.83837
0.83685
0.83534
0.83383
0.83234
0.83086
0.82938
0.82791
0.82643
0.82496
0.82347
0.82197
0.82046
0.81893
0.81737
0.8158
0.81421
0.81261
0.811
0.80938
0.80774
0.8061
0.80444
0.80277
0.80108
0.79938
0.79766
0.79593
0.7942
0.79248
0.79078
0.78913
0.78751
0.78595
0.78444
0.783
0.78162
0.7803
0.77904
0.77784
0.7767
0.7756
0.77455
0.77355
0.77259
0.77166
0.77076
0.7699
0.76906
0.76825
0.76746
0.7667
0.76594
0.76521
0.76449
0.76378
0.76308
0.76239
0.7617
0.76102
0.76035
0.75967
0.75899
0.75831
0.75762
0.75692
0.7562
0.75546
0.75471
0.75393
0.75312
0.75229
0.75143
0.75053
0.74961
0.74866
0.74768
0.74668
0.74566
0.74463
0.74358
0.74253
0.74147
0.74041
0.73936
0.73833
0.73731
0.73631
0.73533
0.73437
0.73344
0.73254
0.73167
0.73082
0.73
0.72921
0.72845
0.72771
0.727
0.72631
