1
0.97537
0.96553
0.96091
0.957
0.95467
0.95025
0.94886
0.94402
0.9427
0.93857
0.93474
0.93095
0.92729
0.92376
0.92033
0.91711
0.91402
0.91112
0.90835
0.90577
0.90332
0.90104
0.89889
0.89688
0.89498
0.89322
0.89155
0.88999
0.88852
0.88714
0.88582
0.88454
0.88328
0.88201
0.88073
0.87943
0.8781
0.87673
0.87531
0.87385
0.87234
0.87078
0.86919
0.86757
0.86593
0.86427
0.8626
0.86092
0.85924
0.85757
0.85589
0.85423
0.85256
0.85089
0.84923
0.84757
0.8459
0.84424
0.84258
0.84092
0.83925
0.83758
0.83592
0.83426
0.8326
0.83094
0.82929
0.82765
0.82603
0.82441
0.82282
0.82124
0.81969
0.81817
0.81668
0.81522
0.8138
0.81242
0.81109
0.8098
0.80855
0.80735
0.80619
0.80507
0.804
0.80296
0.80196
0.80098
0.80003
0.79911
0.7982
0.79731
0.79643
0.79556
0.79471
0.79386
0.79303
0.79221
0.79139
0.7906
0.78982
0.78906
0.78831
0.78759
0.78689
0.78621
0.78556
0.78494
0.78435
0.78379
0.78326
0.78277
0.78231
0.78189
0.7815
0.78116
0.78085
0.78058
0.78035
0.78014
0.77997
0.77983
0.77972
0.77962
0.77954
0.77948
0.77943
0.77938
0.77933
0.77929
0.77925
0.7792
0.77915
0.7791
0.77904
0.77898
0.77892
0.77884
0.77877
0.77869
0.7786
0.77851
0.77841
0.7783
0.77819
0.77808
0.77795
0.77782
0.77769
0.77756
0.77741
0.77727
0.77712
0.77697
0.77682
0.77667
