1
0.97424
0.96527
0.95926
0.95474
0.95202
0.94721
0.94579
0.94183
0.94133
0.93786
0.93474
0.93183
0.92915
0.92668
0.92434
0.92219
0.92014
0.91824
0.91641
0.9147
0.91308
0.91156
0.91012
0.90877
0.90748
0.90623
0.90497
0.90369
0.90235
0.90097
0.89958
0.89818
0.89678
0.89539
0.89402
0.89268
0.89135
0.89005
0.88877
0.88749
0.88624
0.88499
0.88375
0.88251
0.88128
0.88005
0.87882
0.87758
0.87634
0.87508
0.8738
0.8725
0.87118
0.86983
0.86846
0.86707
0.86566
0.86424
0.86282
0.86141
0.85999
0.85859
0.8572
0.85583
0.85447
0.85314
0.85182
0.85053
0.84926
0.848
0.84677
0.84556
0.84437
0.8432
0.84205
0.84091
0.83979
0.83868
0.83758
0.8365
0.83543
0.83437
0.83332
0.83229
0.83127
0.83027
0.82928
0.82831
0.82735
0.82641
0.82549
0.82459
0.8237
0.82283
0.82198
0.82115
0.82033
0.81952
0.81874
0.81796
0.81721
0.81646
0.81573
0.81501
0.8143
0.8136
0.8129
0.81222
0.81154
0.81087
0.8102
0.80954
0.80889
0.80823
0.80758
0.80693
0.80628
0.80563
0.80498
0.80434
0.80369
0.80305
0.8024
0.80175
0.8011
0.80045
0.79981
0.79916
0.79851
0.79786
0.79721
0.79657
0.79592
0.79528
0.79464
0.794
0.79337
0.79275
0.79213
0.79152
0.79092
0.79032
0.78974
0.78916
0.78859
0.78803
0.78748
0.78695
0.78642
0.7859
0.78539
0.7849
0.7844
0.78392
0.78345
0.78299
