1
0.97423
0.96541
0.95882
0.9536
0.95011
0.94447
0.94273
0.93812
0.93766
0.93376
0.93038
0.92735
0.92463
0.92216
0.91985
0.91769
0.91561
0.91361
0.91164
0.9097
0.90775
0.90579
0.90377
0.9017
0.89955
0.89733
0.89503
0.89266
0.89023
0.88781
0.8854
0.88303
0.88072
0.8785
0.87637
0.87433
0.8724
0.87055
0.86878
0.86707
0.86542
0.86383
0.86228
0.86078
0.85933
0.8579
0.85651
0.85515
0.85382
0.8525
0.8512
0.84992
0.84864
0.84737
0.8461
0.84483
0.84357
0.8423
0.84104
0.83978
0.83852
0.83726
0.83601
0.83476
0.83352
0.83228
0.83105
0.82982
0.82861
0.8274
0.82621
0.82503
0.82386
0.82271
0.82157
0.82045
0.81935
0.81827
0.8172
0.81615
0.81512
0.8141
0.81311
0.81213
0.81117
0.81022
0.8093
0.80838
0.80749
0.8066
0.80573
0.80487
0.80402
0.80318
0.80236
0.80153
0.80072
0.79992
0.79912
0.79834
0.79756
0.79679
0.79603
0.79528
0.79453
0.79379
0.79306
0.79234
0.79163
0.79092
0.79022
0.78953
0.78884
0.78816
0.78749
0.78682
0.78616
0.78551
0.78487
0.78423
0.7836
0.78298
0.78236
0.78175
0.78115
0.78055
0.77996
0.77938
0.77881
0.77825
0.77769
0.77714
0.7766
0.77607
0.77555
0.77503
0.77452
0.77402
0.77353
0.77305
0.77258
0.77211
0.77165
0.7712
0.77076
0.77032
0.7699
0.76948
0.76907
0.76867
0.76827
0.76788
0.7675
0.76712
0.76675
0.76639
