1
0.97376
0.96556
0.95953
0.9552
0.95236
0.94743
0.94566
0.94127
0.94035
0.93637
0.93267
0.92918
0.92591
0.92281
0.91984
0.91704
0.91436
0.91181
0.90934
0.90697
0.90464
0.90235
0.90007
0.89784
0.89564
0.89351
0.89142
0.88938
0.88738
0.88544
0.88356
0.88169
0.87984
0.87797
0.87607
0.87415
0.8722
0.87024
0.86826
0.86628
0.86429
0.8623
0.86031
0.85833
0.85635
0.85438
0.85243
0.85051
0.84863
0.84678
0.84497
0.8432
0.84147
0.83976
0.83807
0.8364
0.83474
0.8331
0.83145
0.82981
0.82817
0.82652
0.82488
0.82323
0.82159
0.81996
0.81833
0.81673
0.81514
0.81357
0.81204
0.81053
0.80905
0.80761
0.8062
0.80483
0.80349
0.80219
0.80091
0.79967
0.79847
0.79729
0.79614
0.79502
0.79393
0.79286
0.79183
0.79081
0.78982
0.78885
0.78791
0.78698
0.78607
0.78518
0.7843
0.78345
0.7826
0.78177
0.78095
0.78014
0.77935
0.77856
0.77779
0.77702
0.77626
0.77551
0.77477
0.77404
0.77331
0.77259
0.77187
0.77116
0.77046
0.76977
0.76908
0.7684
0.76773
0.76706
0.7664
0.76575
0.76511
0.76447
0.76384
0.76322
0.7626
0.76199
0.76138
0.76078
0.76019
0.7596
0.75901
0.75843
0.75786
0.75729
0.75672
0.75616
0.75561
0.75505
0.7545
0.75396
0.75342
0.75288
0.75234
0.75181
0.75127
0.75073
0.75018
0.74964
0.74908
0.74853
0.74796
0.74738
0.74679
0.74619
0.74558
0.74495
