1
0.97498
0.96893
0.9645
0.96153
0.95982
0.95671
0.9556
0.95291
0.95215
0.94966
0.94734
0.94509
0.94297
0.94092
0.9389
0.93692
0.9349
0.93296
0.93099
0.92913
0.92735
0.92569
0.9241
0.92258
0.9211
0.91966
0.91825
0.91686
0.9155
0.91418
0.9129
0.91165
0.91044
0.90928
0.90816
0.90709
0.90606
0.90506
0.90409
0.90314
0.90222
0.90131
0.90042
0.89956
0.89872
0.8979
0.8971
0.89633
0.89558
0.89485
0.89414
0.89345
0.89278
0.89212
0.89148
0.89086
0.89025
0.88966
0.8891
0.88855
0.88801
0.8875
0.88699
0.88651
0.88603
0.88556
0.88509
0.88462
0.88415
0.88366
0.88315
0.88263
0.88208
0.8815
0.88089
0.88025
0.87959
0.87889
0.87816
0.87742
0.87666
0.87588
0.8751
0.8743
0.87348
0.87266
0.87181
0.87094
0.87004
0.86913
0.86822
0.8673
0.86638
0.86549
0.86462
0.86379
0.863
0.86224
0.86153
0.86085
0.86021
0.85961
0.85903
0.85849
0.85797
0.85748
0.85701
0.85655
0.85612
0.8557
0.85529
0.8549
0.85451
0.85414
0.85377
0.85341
0.85305
0.8527
0.85235
0.852
0.85165
0.8513
0.85094
0.85058
0.85021
0.84982
0.84943
0.84903
0.84861
0.84818
0.84774
0.84728
0.84681
0.84632
0.84582
0.84531
0.84478
0.84425
0.8437
0.84314
0.84257
0.84199
0.8414
0.8408
0.8402
0.8396
0.83899
0.83838
0.83777
0.83716
0.83655
0.83594
0.83534
0.83475
0.83416
0.83358
