1
0.97402
0.96529
0.95944
0.95516
0.95229
0.94741
0.9457
0.9414
0.94046
0.93651
0.93278
0.92922
0.92583
0.9226
0.91949
0.91652
0.91364
0.91087
0.90817
0.90555
0.903
0.90051
0.89806
0.89566
0.89328
0.89093
0.88861
0.88632
0.88407
0.88187
0.87972
0.87761
0.87553
0.8735
0.87152
0.86958
0.8677
0.86586
0.86406
0.86229
0.86056
0.85886
0.85718
0.85553
0.8539
0.85228
0.85068
0.84908
0.84748
0.84589
0.84428
0.84267
0.84104
0.83939
0.83773
0.83607
0.83439
0.83272
0.83104
0.82938
0.82773
0.8261
0.82449
0.8229
0.82133
0.81979
0.81827
0.81677
0.81531
0.81387
0.81245
0.81106
0.80968
0.80834
0.80701
0.8057
0.80441
0.80314
0.80189
0.80065
0.79943
0.79823
0.79704
0.79587
0.79472
0.79358
0.79247
0.79138
0.7903
0.78926
0.78823
0.78722
0.78623
0.78527
0.78432
0.7834
0.78249
0.7816
0.78074
0.77989
0.77905
0.77824
0.77744
0.77666
0.77589
0.77514
0.77441
0.77368
0.77297
0.77228
0.77159
0.77092
0.77025
0.7696
0.76896
0.76832
0.76769
0.76707
0.76646
0.76586
0.76527
0.76468
0.7641
0.76352
0.76295
0.76239
0.76183
0.76128
0.76074
0.7602
0.75967
0.75914
0.75863
0.75812
0.75762
0.75714
0.75666
0.75619
0.75574
0.7553
0.75487
0.75445
0.75405
0.75366
0.75329
0.75293
0.75258
0.75225
0.75193
0.75162
0.75133
0.75104
0.75077
0.75051
0.75026
0.75002
