1
0.97573
0.96893
0.96354
0.95928
0.9565
0.95213
0.95046
0.94669
0.94578
0.9424
0.93934
0.9365
0.93386
0.93135
0.92886
0.92644
0.92394
0.92152
0.91903
0.91659
0.91419
0.91187
0.90958
0.90734
0.90511
0.90291
0.90073
0.89858
0.89647
0.89441
0.89241
0.89048
0.8886
0.8868
0.88506
0.88339
0.88178
0.88022
0.87871
0.87723
0.87579
0.87438
0.873
0.87165
0.87032
0.86902
0.86775
0.86651
0.86529
0.8641
0.86293
0.86178
0.86065
0.85954
0.85845
0.85738
0.85632
0.85529
0.85429
0.8533
0.85235
0.85142
0.85052
0.84964
0.8488
0.84799
0.84721
0.84647
0.84576
0.84509
0.84446
0.84387
0.84332
0.84281
0.84235
0.84193
0.84155
0.84122
0.84093
0.84068
0.84046
0.84029
0.84015
0.84004
0.83996
0.8399
0.83987
0.83985
0.83984
0.83984
0.83984
0.83983
0.83981
0.83978
0.83972
0.83963
0.83951
0.83934
0.83911
0.83882
0.83845
0.83799
0.83741
0.83671
0.83586
0.83486
0.83368
0.83236
0.83089
0.82934
0.82775
0.82615
0.82459
0.82307
0.82162
0.82022
0.81889
0.81762
0.8164
0.81522
0.81409
0.81301
0.81195
0.81094
0.80995
0.80899
0.80806
0.80715
0.80627
0.80541
0.80457
0.80375
0.80295
0.80216
0.80139
0.80064
0.79991
0.7992
0.7985
0.79782
0.79716
0.79652
0.7959
0.79529
0.79471
0.79414
0.7936
0.79307
0.79257
0.79208
0.79162
0.79117
0.79075
0.79035
0.78997
0.78961
