1
0.9754
0.96573
0.96083
0.95682
0.9545
0.9501
0.94898
0.94441
0.94354
0.9399
0.93676
0.9338
0.93105
0.92845
0.92593
0.92358
0.9213
0.91914
0.91702
0.91502
0.91307
0.91121
0.90939
0.90765
0.90596
0.90434
0.90279
0.90131
0.89992
0.89861
0.89738
0.8962
0.89506
0.89394
0.89284
0.89173
0.89063
0.88952
0.88839
0.88723
0.88605
0.88485
0.88363
0.8824
0.88114
0.87988
0.8786
0.87731
0.876
0.87468
0.87335
0.872
0.87064
0.86925
0.86785
0.86642
0.86498
0.86352
0.86204
0.86054
0.85903
0.8575
0.85596
0.85441
0.85286
0.8513
0.84974
0.84819
0.84664
0.8451
0.84357
0.84207
0.84059
0.83913
0.8377
0.8363
0.83495
0.83363
0.83236
0.83114
0.82996
0.82882
0.82774
0.82669
0.82569
0.82474
0.82382
0.82293
0.82207
0.82124
0.82043
0.81964
0.81887
0.81811
0.81736
0.81663
0.81592
0.81521
0.81453
0.81387
0.81322
0.8126
0.812
0.81142
0.81087
0.81034
0.80985
0.80938
0.80895
0.80854
0.80818
0.80784
0.80754
0.80728
0.80704
0.80684
0.80667
0.80653
0.80643
0.80634
0.80628
0.80624
0.80622
0.8062
0.8062
0.80619
0.80619
0.80618
0.80617
0.80614
0.80611
0.80607
0.80601
0.80594
0.80585
0.80575
0.80564
0.80552
0.80538
0.80522
0.80506
0.80487
0.80468
0.80446
0.80424
0.804
0.80374
0.80347
0.80319
0.8029
0.80258
0.80226
0.80192
0.80157
0.80121
0.80083
