1
0.97436
0.96586
0.96007
0.95585
0.9532
0.9486
0.94716
0.94329
0.94268
0.93925
0.9361
0.93313
0.93031
0.92764
0.92502
0.92253
0.92007
0.91769
0.91533
0.91303
0.91075
0.90851
0.90627
0.90405
0.90182
0.8996
0.89739
0.89519
0.89302
0.89089
0.88879
0.88674
0.88472
0.88274
0.88081
0.87893
0.8771
0.87532
0.87358
0.87188
0.87022
0.86859
0.867
0.86544
0.8639
0.86239
0.86091
0.85943
0.85798
0.85652
0.85508
0.85363
0.85218
0.85073
0.84928
0.84783
0.84638
0.84495
0.84353
0.84214
0.84077
0.83942
0.8381
0.8368
0.83553
0.83428
0.83305
0.83183
0.83061
0.8294
0.82818
0.82696
0.82571
0.82445
0.82316
0.82185
0.8205
0.81913
0.81774
0.81632
0.81489
0.81344
0.81198
0.81051
0.80903
0.80754
0.80604
0.80452
0.803
0.80147
0.79995
0.79844
0.79696
0.79552
0.79412
0.79277
0.79148
0.79025
0.78908
0.78797
0.78691
0.7859
0.78494
0.78402
0.78315
0.78231
0.78151
0.78074
0.78
0.77928
0.77859
0.77791
0.77726
0.77661
0.77598
0.77537
0.77476
0.77415
0.77356
0.77296
0.77237
0.77177
0.77117
0.77057
0.76996
0.76933
0.7687
0.76805
0.7674
0.76672
0.76604
0.76534
0.76463
0.76391
0.76318
0.76244
0.76169
0.76094
0.76018
0.75941
0.75864
0.75787
0.7571
0.75632
0.75555
0.75478
0.75401
0.75325
0.7525
0.75175
0.75101
0.75029
0.74957
0.74887
0.74818
0.7475
