1
0.97371
0.96559
0.95998
0.95596
0.95363
0.94931
0.94804
0.94446
0.94397
0.94085
0.93803
0.93541
0.93303
0.93087
0.92889
0.92713
0.92554
0.92415
0.92291
0.92186
0.92097
0.92027
0.91973
0.91935
0.91911
0.91899
0.91892
0.91888
0.91884
0.91882
0.91884
0.91891
0.91903
0.9192
0.9194
0.91965
0.91991
0.92017
0.92043
0.92066
0.92087
0.92104
0.92117
0.92128
0.9214
0.92155
0.9218
0.92217
0.9227
0.92342
0.92435
0.92548
0.9268
0.9283
0.92997
0.93179
0.93374
0.93581
0.93798
0.94023
0.94257
0.94496
0.9474
0.94988
0.95239
0.95493
0.95748
0.96004
0.96261
0.96517
0.96773
0.97027
0.9728
0.97531
0.9778
0.98027
0.98272
0.98514
0.98754
0.98992
0.99228
0.99461
0.99692
0.99921
1.0015
1.0037
1.0059
1.0081
1.0102
1.0123
1.0144
1.0165
1.0185
1.0205
1.0224
1.0244
1.0263
1.0282
1.03
1.0319
1.0337
1.0355
1.0373
1.0391
1.0409
1.0426
1.0443
1.046
1.0476
1.0493
1.0509
1.0525
1.054
1.0556
1.0571
1.0585
1.06
1.0614
1.0627
1.0641
1.0654
1.0667
1.0679
1.0691
1.0703
1.0714
1.0724
1.0735
1.0745
1.0754
1.0763
1.0771
1.0779
1.0786
1.0793
1.08
1.0806
1.0812
1.0818
1.0823
1.0828
1.0834
1.0839
1.0844
1.0849
1.0855
1.086
1.0866
1.0872
1.0878
1.0885
1.0891
1.0898
1.0906
1.0913
1.092
