1
0.97668
0.9692
0.96501
0.96213
0.95989
0.95724
0.95593
0.95337
0.9533
0.95087
0.94903
0.94694
0.94521
0.94362
0.94213
0.94073
0.93933
0.93805
0.93678
0.93563
0.93457
0.93364
0.93277
0.93196
0.93118
0.93043
0.9297
0.92898
0.92827
0.92756
0.92684
0.92613
0.92541
0.9247
0.924
0.92332
0.92268
0.92206
0.92147
0.9209
0.92036
0.91983
0.91931
0.91881
0.91833
0.91786
0.9174
0.91696
0.91654
0.91614
0.91575
0.91537
0.91498
0.91459
0.9142
0.9138
0.91339
0.91297
0.91255
0.91213
0.9117
0.91128
0.91086
0.91044
0.91002
0.90961
0.90921
0.90881
0.90841
0.90802
0.90764
0.90726
0.90689
0.90653
0.90617
0.90582
0.90547
0.90513
0.90479
0.90444
0.9041
0.90375
0.90341
0.90306
0.90271
0.90236
0.90202
0.90168
0.90134
0.90101
0.90068
0.90036
0.90004
0.89973
0.89944
0.89916
0.8989
0.89866
0.89846
0.89831
0.89821
0.89817
0.89822
0.89837
0.89863
0.89901
0.89952
0.90015
0.90087
0.90164
0.90242
0.90316
0.90384
0.90444
0.90496
0.90539
0.90575
0.90603
0.90624
0.90639
0.90648
0.90652
0.9065
0.90644
0.90634
0.90619
0.90601
0.90579
0.90554
0.90525
0.90494
0.9046
0.90422
0.90383
0.9034
0.90296
0.90249
0.902
0.90149
0.90096
0.90041
0.89985
0.89928
0.89869
0.8981
0.89751
0.89692
0.89633
0.89575
0.89519
0.89464
0.89411
0.89362
0.89316
0.89274
0.89237
