1
0.97417
0.96572
0.96011
0.9559
0.9534
0.94876
0.94703
0.94288
0.94177
0.93781
0.93393
0.93011
0.9264
0.92286
0.91948
0.91633
0.91336
0.91063
0.90808
0.90575
0.90363
0.90173
0.90002
0.89852
0.89717
0.89597
0.89483
0.89372
0.89261
0.8915
0.89041
0.88932
0.88824
0.88716
0.88609
0.885
0.8839
0.88278
0.88163
0.88046
0.87926
0.87803
0.87679
0.87553
0.87427
0.873
0.87174
0.87049
0.86925
0.86803
0.86683
0.86565
0.86449
0.86335
0.86222
0.86112
0.86003
0.85897
0.85792
0.85689
0.85588
0.85488
0.85391
0.85295
0.852
0.85107
0.85016
0.84926
0.84837
0.8475
0.84664
0.8458
0.84496
0.84414
0.84334
0.84255
0.84176
0.84099
0.84024
0.83949
0.83875
0.83803
0.83731
0.8366
0.83591
0.83522
0.83454
0.83387
0.83321
0.83255
0.8319
0.83126
0.83063
0.83
0.82938
0.82876
0.82815
0.82754
0.82694
0.82634
0.82575
0.82516
0.82458
0.824
0.82343
0.82286
0.82229
0.82173
0.82118
0.82062
0.82007
0.81952
0.81898
0.81844
0.8179
0.81737
0.81684
0.81631
0.81579
0.81527
0.81476
0.81425
0.81375
0.81324
0.81275
0.81225
0.81177
0.81128
0.8108
0.81033
0.80986
0.8094
0.80894
0.80848
0.80803
0.80758
0.80714
0.8067
0.80627
0.80584
0.80541
0.80499
0.80458
0.80416
0.80376
0.80335
0.80295
0.80255
0.80215
0.80175
0.80136
0.80097
0.80059
0.8002
0.79982
0.79944
