1
3.4927
3.9073
3.9868
4.1068
4.2063
4.3824
4.4487
4.5864
4.6142
4.7207
4.8175
4.9044
4.9908
5.0705
5.1431
5.2072
5.2574
5.304
5.342
5.3797
5.4193
5.4628
5.5091
5.5557
5.6027
5.6488
5.6946
5.7395
5.7831
5.8244
5.8639
5.9022
5.9398
5.9773
6.0148
6.0526
6.0907
6.129
6.1674
6.2057
6.2439
6.2819
6.3194
6.3566
6.3934
6.4296
6.4654
6.5006
6.5352
6.5693
6.6028
6.6358
6.6681
6.6999
6.7311
6.7618
6.792
6.8216
6.8508
6.8796
6.9079
6.9358
6.9633
6.9904
7.0171
7.0434
7.0693
7.0949
7.1201
7.1449
7.1694
7.1936
7.2174
7.2409
7.2642
7.2871
7.3098
7.3322
7.3543
7.3762
7.3979
7.4194
7.4406
7.4616
7.4825
7.5031
7.5235
7.5437
7.5637
7.5835
7.6032
7.6226
7.6418
7.6608
7.6797
7.6983
7.7167
7.735
7.753
7.7708
7.7885
7.8059
7.8231
7.8401
7.8569
7.8735
7.8899
7.9062
7.9222
7.9381
7.9539
7.9695
7.9849
8.0002
8.0154
8.0304
8.0453
8.06
8.0746
8.0891
8.1035
8.1177
8.1318
8.1458
8.1596
8.1733
8.1869
8.2003
8.2136
8.2267
8.2397
8.2525
8.2651
8.2777
8.29
8.3022
8.3143
8.3262
8.3381
8.3498
8.3614
8.3729
8.3844
8.3958
8.4072
8.4185
8.4298
8.4411
8.4524
8.4636
8.4749
8.4862
8.4975
8.5088
8.5201
8.5314
