1
0.97406
0.96525
0.95923
0.95491
0.95215
0.9473
0.94566
0.94138
0.94046
0.93648
0.93265
0.92891
0.9253
0.92185
0.91853
0.91539
0.9124
0.90956
0.90683
0.90425
0.90178
0.89943
0.89717
0.89501
0.8929
0.89086
0.88888
0.88694
0.88504
0.8832
0.88139
0.87961
0.87784
0.87607
0.87432
0.87257
0.87081
0.86906
0.86729
0.86551
0.86372
0.86191
0.86009
0.85825
0.85641
0.85456
0.85271
0.85086
0.849
0.84715
0.8453
0.84344
0.84159
0.83974
0.83789
0.83605
0.83422
0.83241
0.83063
0.82887
0.82714
0.82544
0.82377
0.82214
0.82054
0.81898
0.81745
0.81596
0.8145
0.81307
0.81168
0.81031
0.80897
0.80766
0.80637
0.8051
0.80386
0.80263
0.80142
0.80024
0.79906
0.79791
0.79677
0.79565
0.79455
0.79346
0.79239
0.79134
0.79032
0.78931
0.78832
0.78734
0.78639
0.78546
0.78454
0.78364
0.78276
0.78189
0.78104
0.78021
0.77939
0.77858
0.77778
0.777
0.77623
0.77547
0.77472
0.77398
0.77325
0.77253
0.77181
0.77111
0.77041
0.76972
0.76903
0.76835
0.76767
0.767
0.76633
0.76567
0.76502
0.76436
0.76371
0.76306
0.76242
0.76178
0.76113
0.7605
0.75986
0.75923
0.7586
0.75798
0.75736
0.75674
0.75614
0.75553
0.75494
0.75435
0.75377
0.7532
0.75265
0.7521
0.75156
0.75103
0.75051
0.75
0.74951
0.74902
0.74855
0.74809
0.74763
0.74719
0.74676
0.74633
0.74592
0.74551
