1
1.5729
1.5157
1.7186
1.6397
1.7392
1.8272
1.8424
1.9658
1.9923
2.1019
2.2015
2.291
2.3749
2.4545
2.5334
2.6123
2.689
2.7639
2.8343
2.9024
2.9684
3.0361
3.107
3.1834
3.2636
3.3444
3.4209
3.4896
3.5462
3.5909
3.6283
3.6621
3.6941
3.7253
3.7559
3.7862
3.8162
3.8458
3.875
3.9038
3.9321
3.9601
3.9876
4.0146
4.0413
4.0676
4.0935
4.1191
4.1442
4.169
4.1935
4.2176
4.2413
4.2646
4.2876
4.3102
4.3325
4.3543
4.3758
4.397
4.4179
4.4384
4.4586
4.4786
4.4982
4.5176
4.5367
4.5556
4.5743
4.5927
4.6109
4.6289
4.6467
4.6643
4.6818
4.699
4.716
4.7329
4.7496
4.7661
4.7825
4.7987
4.8148
4.8307
4.8464
4.862
4.8775
4.8928
4.9081
4.9231
4.9381
4.953
4.9677
4.9823
4.9968
5.0112
5.0254
5.0396
5.0537
5.0676
5.0815
5.0952
5.1089
5.1225
5.136
5.1493
5.1626
5.1759
5.189
5.202
5.215
5.2279
5.2407
5.2534
5.266
5.2786
5.291
5.3034
5.3158
5.328
5.3402
5.3523
5.3643
5.3763
5.3882
5.4
5.4117
5.4234
5.435
5.4466
5.4581
5.4695
5.4809
5.4922
5.5034
5.5147
5.5258
5.5369
5.5479
5.5589
5.5698
5.5807
5.5915
5.6023
5.613
5.6236
5.6342
5.6447
5.6551
5.6655
5.6759
5.6862
5.6964
5.7065
5.7166
5.7266
