1
0.97442
0.96615
0.96053
0.9562
0.95345
0.94863
0.94681
0.94257
0.94155
0.93766
0.93399
0.93045
0.92709
0.92389
0.92082
0.91794
0.91519
0.91261
0.91014
0.90785
0.90568
0.90367
0.90179
0.90005
0.89841
0.89686
0.89533
0.89379
0.89224
0.89067
0.88909
0.88753
0.88598
0.88446
0.88295
0.88146
0.87999
0.87853
0.87708
0.87564
0.8742
0.87278
0.87136
0.86996
0.86858
0.86721
0.86586
0.86453
0.86322
0.86193
0.86066
0.85941
0.85818
0.85696
0.85575
0.85457
0.85339
0.85224
0.85111
0.85
0.84891
0.84784
0.8468
0.84578
0.84479
0.84381
0.84287
0.84195
0.84105
0.84018
0.83933
0.8385
0.8377
0.83693
0.83617
0.83543
0.83472
0.83403
0.83335
0.8327
0.83205
0.83143
0.83082
0.83022
0.82963
0.82905
0.82849
0.82793
0.82738
0.82683
0.82628
0.82574
0.82521
0.82467
0.82414
0.82362
0.82309
0.82257
0.82205
0.82154
0.82104
0.82054
0.82005
0.81956
0.81908
0.81861
0.81815
0.81769
0.81724
0.81679
0.81635
0.81592
0.81548
0.81506
0.81464
0.81422
0.81382
0.81342
0.81302
0.81263
0.81224
0.81185
0.81147
0.81108
0.8107
0.8103
0.8099
0.80949
0.80907
0.80864
0.8082
0.80774
0.80728
0.8068
0.80631
0.80581
0.80531
0.80479
0.80427
0.80375
0.80323
0.8027
0.80217
0.80165
0.80112
0.8006
0.80008
0.79956
0.79905
0.79854
0.79803
0.79753
0.79704
0.79655
0.79606
0.79558
