1
0.97352
0.9647
0.9582
0.95324
0.94992
0.94435
0.94257
0.93787
0.93725
0.93316
0.92951
0.92618
0.92315
0.92035
0.91769
0.91521
0.91282
0.91056
0.90834
0.90617
0.90399
0.90179
0.89954
0.89726
0.89495
0.89262
0.89027
0.88789
0.8855
0.88312
0.88076
0.8784
0.87605
0.87369
0.87132
0.86895
0.86657
0.8642
0.86184
0.85949
0.85716
0.85484
0.85254
0.85025
0.84799
0.84575
0.84355
0.84137
0.83924
0.83716
0.83511
0.83311
0.83114
0.8292
0.82728
0.82538
0.82349
0.82161
0.81973
0.81785
0.81597
0.81409
0.8122
0.81032
0.80844
0.80656
0.8047
0.80286
0.80103
0.79924
0.79747
0.79573
0.79403
0.79236
0.79074
0.78915
0.7876
0.78609
0.78461
0.78318
0.78178
0.78042
0.77909
0.77779
0.77653
0.77531
0.77411
0.77294
0.77181
0.77069
0.76961
0.76855
0.76751
0.76649
0.7655
0.76452
0.76356
0.76262
0.7617
0.76079
0.75989
0.75902
0.75815
0.7573
0.75646
0.75563
0.75481
0.75401
0.75321
0.75243
0.75165
0.75089
0.75014
0.7494
0.74867
0.74795
0.74724
0.74654
0.74586
0.74518
0.74451
0.74386
0.74321
0.74257
0.74195
0.74133
0.74072
0.74011
0.73952
0.73893
0.73835
0.73778
0.73722
0.73667
0.73612
0.73558
0.73504
0.73452
0.734
0.73348
0.73297
0.73247
0.73197
0.73147
0.73097
0.73047
0.72998
0.72948
0.72897
0.72846
0.72794
0.72742
0.72688
0.72634
0.72578
0.72521
