1
0.97523
0.96753
0.96165
0.95756
0.95491
0.95046
0.94889
0.94507
0.94427
0.94085
0.93769
0.93468
0.93182
0.92909
0.92642
0.92386
0.92134
0.91889
0.91646
0.91409
0.91173
0.90941
0.90709
0.90479
0.90248
0.90019
0.89791
0.89567
0.89348
0.89137
0.88935
0.88742
0.88557
0.8838
0.88211
0.88049
0.87894
0.87744
0.87599
0.87458
0.8732
0.87184
0.87052
0.86923
0.86797
0.86673
0.86553
0.86435
0.86321
0.86209
0.86099
0.85992
0.85887
0.85784
0.85683
0.85584
0.85487
0.85393
0.853
0.8521
0.85122
0.85036
0.84953
0.84872
0.84792
0.84715
0.8464
0.84567
0.84496
0.84427
0.84359
0.84292
0.84227
0.84164
0.84101
0.8404
0.8398
0.83921
0.83862
0.83805
0.83748
0.83692
0.83636
0.8358
0.83525
0.83471
0.83417
0.83364
0.83311
0.83259
0.83207
0.83155
0.83104
0.83053
0.83003
0.82953
0.82903
0.82854
0.82805
0.82757
0.8271
0.82663
0.82617
0.82571
0.82525
0.82481
0.82436
0.82393
0.82349
0.82306
0.82264
0.82221
0.82179
0.82137
0.82095
0.82053
0.82011
0.81969
0.81927
0.81885
0.81842
0.81799
0.81755
0.81711
0.81667
0.81622
0.81576
0.8153
0.81483
0.81436
0.81388
0.8134
0.81291
0.81242
0.81192
0.81142
0.81092
0.81041
0.8099
0.80938
0.80886
0.80834
0.80782
0.80729
0.80675
0.80621
0.80567
0.80513
0.80457
0.80402
0.80345
0.80289
0.80231
0.80173
0.80114
0.80054
