1
0.97337
0.9651
0.95896
0.95445
0.95138
0.94602
0.94415
0.93946
0.93857
0.9344
0.93059
0.927
0.92367
0.92056
0.91761
0.91484
0.91221
0.90973
0.90735
0.9051
0.90295
0.90091
0.89895
0.89706
0.89524
0.89348
0.89177
0.89012
0.88854
0.88704
0.88561
0.88425
0.88294
0.88167
0.88045
0.87927
0.87811
0.87697
0.87585
0.87473
0.87361
0.87249
0.87138
0.87026
0.86915
0.86805
0.86694
0.86584
0.86475
0.86367
0.86258
0.8615
0.86042
0.85934
0.85825
0.85717
0.85609
0.85501
0.85393
0.85285
0.85178
0.85071
0.84964
0.84858
0.84753
0.84648
0.84544
0.84441
0.84339
0.84237
0.84137
0.84038
0.8394
0.83844
0.83749
0.83657
0.83566
0.83477
0.8339
0.83306
0.83223
0.83143
0.83064
0.82988
0.82914
0.82842
0.82772
0.82703
0.82637
0.82572
0.8251
0.82448
0.82388
0.8233
0.82272
0.82215
0.8216
0.82105
0.82051
0.81997
0.81944
0.8189
0.81836
0.81782
0.81728
0.81672
0.81614
0.81556
0.81495
0.81432
0.81367
0.813
0.8123
0.81157
0.81083
0.81006
0.80927
0.80848
0.80767
0.80686
0.80605
0.80525
0.80445
0.80366
0.80288
0.80212
0.80136
0.80062
0.7999
0.79918
0.79847
0.79778
0.79709
0.79641
0.79573
0.79506
0.79439
0.79372
0.79306
0.7924
0.79173
0.79107
0.7904
0.78973
0.78906
0.78838
0.7877
0.78702
0.78634
0.78564
0.78495
0.78425
0.78354
0.78283
0.78211
0.78139
