1
0.97471
0.96848
0.96385
0.96074
0.95886
0.95547
0.95422
0.95122
0.95035
0.94754
0.94488
0.94227
0.93979
0.93738
0.93498
0.93264
0.93027
0.92798
0.92569
0.92351
0.92142
0.91945
0.91757
0.91576
0.91399
0.91225
0.91054
0.90885
0.90718
0.90553
0.9039
0.9023
0.90073
0.89919
0.89769
0.89622
0.89479
0.8934
0.89203
0.89068
0.88936
0.88806
0.8868
0.88556
0.88436
0.88319
0.88206
0.88097
0.87991
0.87889
0.8779
0.87694
0.87601
0.87511
0.87424
0.87339
0.87258
0.87179
0.87103
0.8703
0.86959
0.86892
0.86827
0.86765
0.86705
0.86648
0.86594
0.86542
0.86492
0.86444
0.86398
0.86354
0.86311
0.8627
0.86229
0.86189
0.86149
0.8611
0.8607
0.86029
0.85987
0.85944
0.85899
0.85852
0.85803
0.85752
0.85698
0.85642
0.85584
0.85523
0.8546
0.85394
0.85325
0.85253
0.85177
0.85099
0.85016
0.84931
0.84843
0.84754
0.84664
0.84575
0.84488
0.84402
0.8432
0.84241
0.84166
0.84095
0.84027
0.83963
0.83902
0.83844
0.83788
0.83735
0.83684
0.83634
0.83586
0.83539
0.83493
0.83448
0.83403
0.83358
0.83314
0.8327
0.83225
0.8318
0.83135
0.83089
0.83043
0.82996
0.82949
0.82901
0.82853
0.82805
0.82756
0.82706
0.82656
0.82606
0.82556
0.82505
0.82454
0.82402
0.8235
0.82298
0.82246
0.82193
0.8214
0.82087
0.82035
0.81982
0.81929
0.81877
0.81825
0.81774
0.81723
0.81673
