1
0.97605
0.96974
0.96448
0.96057
0.95829
0.95421
0.9522
0.94845
0.94708
0.94361
0.94023
0.93701
0.93387
0.93086
0.92783
0.92494
0.92222
0.91961
0.91712
0.9147
0.91237
0.91012
0.90795
0.90585
0.90382
0.90186
0.89995
0.8981
0.8963
0.89456
0.89289
0.89127
0.8897
0.88819
0.88673
0.88534
0.88399
0.88271
0.88147
0.88028
0.87914
0.87804
0.87699
0.87598
0.87503
0.87412
0.87326
0.87246
0.87171
0.87101
0.87037
0.86978
0.86924
0.86873
0.86827
0.86782
0.8674
0.86698
0.86658
0.86617
0.86575
0.86533
0.8649
0.86445
0.86399
0.86352
0.86304
0.86255
0.86205
0.86154
0.86103
0.86052
0.86
0.85948
0.85897
0.85845
0.85793
0.85742
0.8569
0.85639
0.85588
0.85537
0.85486
0.85435
0.85385
0.85335
0.85285
0.85236
0.85187
0.85138
0.8509
0.85041
0.84993
0.84945
0.84897
0.8485
0.84803
0.84756
0.84709
0.84663
0.84617
0.84571
0.84526
0.84482
0.84439
0.84396
0.84354
0.84313
0.84273
0.84234
0.84196
0.84159
0.84123
0.84089
0.84057
0.84025
0.83995
0.83967
0.8394
0.83915
0.8389
0.83866
0.83844
0.83821
0.83799
0.83777
0.83755
0.83733
0.8371
0.83687
0.83663
0.83638
0.83613
0.83587
0.83561
0.83534
0.83507
0.83479
0.8345
0.83421
0.83391
0.83361
0.83331
0.83301
0.8327
0.83239
0.83208
0.83176
0.83145
0.83114
0.83082
0.83051
0.83019
0.82988
0.82957
0.82926
