1
0.97513
0.96747
0.96217
0.95811
0.95537
0.95089
0.9491
0.94514
0.94408
0.94041
0.93693
0.93355
0.93031
0.92718
0.92411
0.92114
0.91824
0.91546
0.91277
0.9102
0.90774
0.90541
0.90317
0.90103
0.89898
0.89702
0.89513
0.89331
0.89154
0.88984
0.88818
0.88658
0.88503
0.88352
0.88207
0.88067
0.87931
0.87799
0.87671
0.87545
0.87422
0.87301
0.87183
0.87066
0.86952
0.86841
0.86731
0.86624
0.86519
0.86417
0.86316
0.86217
0.8612
0.86025
0.8593
0.85837
0.85746
0.85656
0.85567
0.8548
0.85395
0.85311
0.85228
0.85147
0.85068
0.8499
0.84914
0.84839
0.84765
0.84693
0.84623
0.84554
0.84486
0.8442
0.84355
0.84291
0.84229
0.84168
0.84108
0.84049
0.83991
0.83934
0.83878
0.83822
0.83768
0.83714
0.83662
0.83609
0.83558
0.83507
0.83457
0.83407
0.83358
0.83309
0.83261
0.83213
0.83165
0.83118
0.83071
0.83024
0.82978
0.82932
0.82886
0.82841
0.82796
0.82751
0.82707
0.82662
0.82618
0.82574
0.82531
0.82487
0.82444
0.82401
0.82358
0.82315
0.82272
0.82229
0.82186
0.82144
0.82101
0.82059
0.82017
0.81975
0.81933
0.81891
0.81849
0.81807
0.81766
0.81724
0.81683
0.81641
0.816
0.81558
0.81517
0.81475
0.81433
0.81391
0.81348
0.81304
0.81261
0.81216
0.8117
0.81124
0.81076
0.81028
0.80978
0.80927
0.80874
0.8082
0.80765
0.80708
0.8065
0.80591
0.80531
0.80469
