1
0.97419
0.96527
0.95912
0.95471
0.95183
0.94682
0.94519
0.94096
0.94034
0.93667
0.93335
0.93022
0.9273
0.92454
0.92188
0.91936
0.9169
0.91455
0.91222
0.90998
0.90778
0.90564
0.90353
0.90146
0.89942
0.89743
0.89549
0.89362
0.89182
0.89012
0.88851
0.88698
0.8855
0.88407
0.88268
0.88132
0.87999
0.87866
0.87734
0.87601
0.87468
0.87335
0.87202
0.87069
0.86936
0.86802
0.86669
0.86536
0.86402
0.86267
0.86132
0.85995
0.85856
0.85715
0.85573
0.85429
0.85285
0.8514
0.84995
0.8485
0.84707
0.84565
0.84424
0.84286
0.84149
0.84014
0.83881
0.83751
0.83622
0.83496
0.83372
0.8325
0.8313
0.83013
0.82897
0.82782
0.8267
0.82559
0.82449
0.82342
0.82235
0.8213
0.82027
0.81925
0.81826
0.81727
0.81631
0.81537
0.81446
0.81356
0.81269
0.81184
0.81101
0.81021
0.80942
0.80866
0.80792
0.8072
0.8065
0.80581
0.80514
0.80449
0.80385
0.80322
0.80261
0.802
0.8014
0.80081
0.80023
0.79965
0.79907
0.79849
0.79792
0.79735
0.79678
0.7962
0.79563
0.79506
0.79448
0.79391
0.79333
0.79275
0.79217
0.79159
0.79101
0.79042
0.78983
0.78924
0.78864
0.78805
0.78745
0.78686
0.78626
0.78567
0.78507
0.78449
0.7839
0.78331
0.78273
0.78216
0.78159
0.78104
0.78048
0.77994
0.77941
0.77888
0.77837
0.77786
0.77736
0.77688
0.7764
0.77594
0.77548
0.77504
0.7746
0.77417
