1
0.97908
0.97028
0.9669
0.96422
0.96211
0.96049
0.95858
0.95734
0.95687
0.95556
0.9543
0.95314
0.95208
0.95102
0.9499
0.94891
0.94786
0.9469
0.94589
0.94498
0.9441
0.94334
0.94265
0.9421
0.94167
0.94138
0.94122
0.9412
0.94131
0.94153
0.94188
0.94234
0.94294
0.94366
0.94451
0.94547
0.94656
0.94776
0.9491
0.95057
0.9522
0.95398
0.95592
0.95801
0.96025
0.96262
0.96511
0.96769
0.97036
0.97307
0.97581
0.97855
0.98126
0.98393
0.98656
0.98914
0.99166
0.99412
0.99652
0.99885
1.0011
1.0033
1.0054
1.0074
1.0093
1.0111
1.0128
1.0143
1.0156
1.0168
1.0177
1.0185
1.019
1.0194
1.0196
1.0196
1.0197
1.0197
1.0198
1.02
1.0204
1.021
1.0217
1.0226
1.0236
1.0247
1.026
1.0273
1.0287
1.0301
1.0316
1.0331
1.0347
1.0363
1.0379
1.0396
1.0412
1.0429
1.0447
1.0464
1.0482
1.0499
1.0517
1.0535
1.0553
1.0571
1.059
1.0608
1.0627
1.0646
1.0665
1.0684
1.0704
1.0723
1.0743
1.0763
1.0783
1.0804
1.0825
1.0846
1.0867
1.0889
1.0911
1.0933
1.0956
1.0979
1.1003
1.1028
1.1053
1.1079
1.1105
1.1132
1.1159
1.1187
1.1214
1.1241
1.1267
1.1293
1.1318
1.1341
1.1364
1.1386
1.1407
1.1427
1.1446
1.1465
1.1483
1.15
1.1517
1.1533
1.1549
1.1564
1.158
1.1595
1.161
1.1625
