1
0.97499
0.96673
0.96076
0.95652
0.95376
0.94914
0.94764
0.94377
0.94314
0.93976
0.93668
0.93379
0.93107
0.92849
0.92598
0.92357
0.92118
0.91886
0.91652
0.91421
0.91187
0.90954
0.90715
0.90474
0.90228
0.8998
0.89729
0.89477
0.89227
0.88982
0.88742
0.88507
0.88278
0.88057
0.87843
0.87636
0.87437
0.87245
0.87059
0.86879
0.86703
0.86533
0.86366
0.86203
0.86043
0.85886
0.85732
0.85579
0.85428
0.85278
0.85128
0.84978
0.84827
0.84677
0.84525
0.84374
0.84224
0.84074
0.83926
0.8378
0.83636
0.83495
0.83357
0.83222
0.8309
0.82961
0.82836
0.82714
0.82595
0.82479
0.82365
0.82255
0.82146
0.8204
0.81935
0.81833
0.81732
0.81632
0.81533
0.81435
0.81338
0.81241
0.81146
0.81052
0.80958
0.80866
0.80774
0.80684
0.80595
0.80507
0.80421
0.80336
0.80252
0.8017
0.80089
0.80009
0.7993
0.79853
0.79777
0.79702
0.79628
0.79555
0.79484
0.79413
0.79343
0.79274
0.79206
0.79139
0.79072
0.79006
0.7894
0.78876
0.78811
0.78747
0.78683
0.7862
0.78557
0.78494
0.78432
0.78369
0.78307
0.78246
0.78184
0.78122
0.78061
0.77999
0.77938
0.77876
0.77815
0.77754
0.77693
0.77632
0.77572
0.77511
0.77452
0.77393
0.77334
0.77276
0.77219
0.77163
0.77108
0.77053
0.77
0.76947
0.76896
0.76846
0.76797
0.76749
0.76702
0.76656
0.76612
0.76568
0.76526
0.76485
0.76444
0.76405
