1
0.97477
0.9673
0.96189
0.95762
0.95521
0.95063
0.94856
0.94445
0.9429
0.93872
0.93442
0.93024
0.926
0.92191
0.918
0.91427
0.91078
0.90748
0.90435
0.90143
0.89865
0.89604
0.89354
0.89115
0.88884
0.88661
0.88443
0.8823
0.88021
0.87816
0.87614
0.87415
0.87218
0.87022
0.86828
0.86635
0.86443
0.86251
0.86059
0.85867
0.85673
0.8548
0.85286
0.85092
0.84899
0.84707
0.84518
0.84331
0.84147
0.83967
0.83791
0.8362
0.83453
0.83291
0.83135
0.82984
0.82839
0.827
0.82567
0.8244
0.82319
0.82204
0.82094
0.81988
0.81887
0.81789
0.81695
0.81603
0.81513
0.81425
0.81337
0.81251
0.81165
0.8108
0.80994
0.80909
0.80823
0.80737
0.80651
0.80564
0.80477
0.80389
0.80301
0.80212
0.80123
0.80034
0.79944
0.79854
0.79763
0.79673
0.79583
0.79493
0.79403
0.79313
0.79225
0.79136
0.79049
0.78963
0.78877
0.78792
0.78708
0.78625
0.78543
0.78462
0.78381
0.78301
0.78221
0.78143
0.78064
0.77987
0.7791
0.77833
0.77757
0.77682
0.77607
0.77533
0.77459
0.77386
0.77314
0.77243
0.77172
0.77102
0.77033
0.76965
0.76897
0.7683
0.76764
0.76699
0.76635
0.76572
0.7651
0.76448
0.76387
0.76328
0.76269
0.76211
0.76154
0.76098
0.76043
0.75989
0.75936
0.75883
0.75831
0.75781
0.75731
0.75682
0.75634
0.75587
0.75541
0.75495
0.75451
0.75408
0.75366
0.75324
0.75284
0.75245
