1
0.97298
0.96369
0.95688
0.95173
0.94816
0.94205
0.93969
0.93408
0.93267
0.92733
0.92214
0.91708
0.91219
0.90751
0.90302
0.89879
0.89477
0.89099
0.8874
0.88404
0.88088
0.87793
0.87515
0.87255
0.87011
0.86781
0.86564
0.86358
0.86164
0.85982
0.8581
0.85648
0.85493
0.85345
0.85201
0.85062
0.84926
0.84791
0.84656
0.84519
0.84378
0.84234
0.84083
0.83927
0.83765
0.83595
0.83421
0.83242
0.8306
0.82876
0.82692
0.82509
0.82326
0.82145
0.81964
0.81786
0.81609
0.81435
0.81265
0.81098
0.80937
0.8078
0.8063
0.80486
0.80349
0.80217
0.80092
0.79972
0.79857
0.79747
0.79641
0.7954
0.79442
0.79348
0.79256
0.79167
0.79079
0.78992
0.78906
0.7882
0.78734
0.78646
0.78557
0.78466
0.78372
0.78276
0.78176
0.78073
0.77967
0.77858
0.77746
0.77632
0.77516
0.77399
0.77282
0.77165
0.77048
0.76932
0.76818
0.76704
0.76593
0.76483
0.76374
0.76267
0.76161
0.76056
0.75952
0.7585
0.75747
0.75646
0.75545
0.75444
0.75344
0.75244
0.75144
0.75044
0.74945
0.74845
0.74746
0.74646
0.74547
0.74447
0.74347
0.74248
0.74148
0.74048
0.73947
0.73847
0.73746
0.73646
0.73545
0.73443
0.73341
0.73238
0.73135
0.73031
0.72925
0.72819
0.72712
0.72603
0.72492
0.7238
0.72266
0.7215
0.72032
0.71913
0.71793
0.71672
0.71551
0.7143
0.7131
0.71192
0.71075
0.70961
0.7085
0.70741
