1
0.97328
0.96437
0.95812
0.9534
0.95013
0.94458
0.94274
0.93798
0.93727
0.9331
0.92934
0.92585
0.92264
0.91965
0.91682
0.91418
0.91164
0.90924
0.90692
0.90469
0.90253
0.90043
0.89836
0.89633
0.89431
0.89233
0.89035
0.8884
0.88648
0.8846
0.88276
0.88096
0.87919
0.87745
0.87575
0.8741
0.87248
0.8709
0.86934
0.86781
0.8663
0.8648
0.86332
0.86184
0.86038
0.85891
0.85745
0.85598
0.8545
0.853
0.85149
0.84996
0.8484
0.84682
0.84521
0.84358
0.84194
0.84029
0.83863
0.83698
0.83533
0.83369
0.83206
0.83045
0.82885
0.82727
0.8257
0.82416
0.82264
0.82114
0.81966
0.8182
0.81676
0.81535
0.81396
0.81259
0.81124
0.80992
0.80862
0.80734
0.80608
0.80485
0.80364
0.80245
0.80129
0.80015
0.79904
0.79796
0.7969
0.79587
0.79486
0.79388
0.79292
0.79199
0.79107
0.79017
0.78929
0.78843
0.78758
0.78674
0.78591
0.78509
0.78426
0.78344
0.78262
0.78178
0.78094
0.78008
0.77921
0.77832
0.77741
0.77648
0.77553
0.77455
0.77356
0.77254
0.77152
0.77048
0.76944
0.7684
0.76736
0.76633
0.76531
0.7643
0.76331
0.76234
0.76138
0.76044
0.75952
0.75862
0.75773
0.75685
0.756
0.75515
0.75432
0.75351
0.75271
0.75191
0.75113
0.75037
0.74961
0.74887
0.74814
0.74742
0.74671
0.74601
0.74532
0.74465
0.74399
0.74334
0.7427
0.74208
0.74147
0.74086
0.74028
0.7397
