1
0.97421
0.96589
0.96057
0.95649
0.95395
0.94943
0.94773
0.94368
0.9426
0.93877
0.93509
0.9315
0.92803
0.9247
0.92149
0.91846
0.91557
0.91285
0.91027
0.90786
0.90559
0.90349
0.90152
0.89971
0.89802
0.89641
0.89485
0.89329
0.8917
0.89011
0.88852
0.88696
0.88542
0.88391
0.88243
0.88097
0.87955
0.87815
0.87676
0.87539
0.87403
0.87269
0.87137
0.87007
0.86879
0.86753
0.86629
0.86507
0.86388
0.86271
0.86156
0.86042
0.8593
0.85819
0.85709
0.856
0.85492
0.85385
0.85279
0.85175
0.85071
0.84969
0.84868
0.84769
0.8467
0.84573
0.84477
0.84383
0.8429
0.84198
0.84108
0.84019
0.83931
0.83845
0.8376
0.83677
0.83596
0.83516
0.83437
0.8336
0.83284
0.83209
0.83137
0.83065
0.82995
0.82927
0.8286
0.82794
0.8273
0.82667
0.82606
0.82546
0.82487
0.82429
0.82372
0.82317
0.82262
0.82209
0.82156
0.82105
0.82055
0.82005
0.81956
0.81909
0.81861
0.81815
0.81769
0.81723
0.81678
0.81634
0.81589
0.81545
0.81502
0.81458
0.81415
0.81372
0.81329
0.81286
0.81244
0.81202
0.8116
0.81118
0.81077
0.81036
0.80995
0.80954
0.80913
0.80873
0.80833
0.80793
0.80754
0.80714
0.80675
0.80636
0.80597
0.80558
0.8052
0.80481
0.80442
0.80403
0.80364
0.80325
0.80285
0.80245
0.80205
0.80164
0.80122
0.8008
0.80037
0.79993
0.79948
0.79903
0.79856
0.79808
0.79759
0.7971
