1
0.97406
0.96741
0.96234
0.95892
0.9568
0.95303
0.95179
0.94855
0.94787
0.94494
0.94229
0.93981
0.93755
0.93543
0.93338
0.93143
0.92947
0.92761
0.92576
0.92398
0.92224
0.92057
0.91893
0.91731
0.91573
0.91417
0.91264
0.91113
0.90964
0.90816
0.9067
0.90524
0.90376
0.90225
0.9007
0.89911
0.89748
0.89582
0.89413
0.89241
0.89066
0.8889
0.88713
0.88534
0.88354
0.88175
0.87996
0.87819
0.87645
0.87473
0.87304
0.87138
0.86975
0.86813
0.86654
0.86495
0.86337
0.8618
0.86024
0.85867
0.8571
0.85553
0.85397
0.8524
0.85084
0.84929
0.84775
0.84623
0.84474
0.84327
0.84183
0.84043
0.83907
0.83774
0.83646
0.83522
0.83401
0.83285
0.83173
0.83065
0.82961
0.8286
0.82764
0.8267
0.8258
0.82493
0.82409
0.82328
0.82249
0.82173
0.82098
0.82025
0.81954
0.81885
0.81816
0.81748
0.81682
0.81616
0.81551
0.81486
0.81422
0.81358
0.81295
0.81232
0.81169
0.81106
0.81044
0.80981
0.80919
0.80857
0.80795
0.80734
0.80673
0.80612
0.80552
0.80493
0.80434
0.80375
0.80317
0.80259
0.80202
0.80145
0.80089
0.80033
0.79978
0.79923
0.79868
0.79814
0.7976
0.79707
0.79653
0.796
0.79548
0.79495
0.79443
0.79391
0.7934
0.79289
0.79238
0.79188
0.79138
0.79088
0.79038
0.78989
0.78939
0.7889
0.7884
0.7879
0.7874
0.78689
0.78637
0.78585
0.78532
0.78478
0.78422
0.78366
