1
0.97408
0.96743
0.96235
0.95893
0.95681
0.95303
0.95179
0.94856
0.94787
0.94495
0.9423
0.93981
0.93755
0.93544
0.93338
0.93144
0.92948
0.92762
0.92576
0.92398
0.92224
0.92057
0.91893
0.91732
0.91573
0.91418
0.91265
0.91114
0.90965
0.90817
0.90671
0.90525
0.90377
0.90226
0.90071
0.89912
0.89749
0.89583
0.89414
0.89242
0.89067
0.88891
0.88714
0.88535
0.88355
0.88176
0.87997
0.8782
0.87646
0.87474
0.87306
0.8714
0.86976
0.86814
0.86655
0.86496
0.86338
0.86181
0.86025
0.85868
0.85711
0.85555
0.85398
0.85241
0.85085
0.8493
0.84776
0.84625
0.84475
0.84328
0.84185
0.84045
0.83908
0.83776
0.83647
0.83523
0.83403
0.83287
0.83175
0.83067
0.82963
0.82862
0.82766
0.82672
0.82582
0.82496
0.82412
0.8233
0.82252
0.82175
0.82101
0.82028
0.81957
0.81887
0.81819
0.81751
0.81685
0.81619
0.81554
0.81489
0.81425
0.81362
0.81298
0.81235
0.81173
0.8111
0.81048
0.80985
0.80923
0.80861
0.808
0.80739
0.80678
0.80617
0.80557
0.80498
0.80439
0.8038
0.80322
0.80265
0.80208
0.80151
0.80095
0.80039
0.79984
0.7993
0.79875
0.79821
0.79767
0.79714
0.79661
0.79608
0.79556
0.79504
0.79452
0.794
0.79349
0.79298
0.79248
0.79198
0.79148
0.79098
0.79049
0.79
0.7895
0.78901
0.78852
0.78802
0.78752
0.78702
0.7865
0.78598
0.78546
0.78492
0.78437
0.78381
