1
0.97614
0.96356
0.95724
0.95305
0.95004
0.94666
0.9441
0.94118
0.94026
0.93778
0.93523
0.93356
0.93227
0.93145
0.93104
0.93109
0.93149
0.93227
0.93335
0.93475
0.93641
0.93833
0.94043
0.94269
0.94504
0.94748
0.94995
0.95246
0.95501
0.95761
0.96025
0.96293
0.96562
0.96832
0.97102
0.97371
0.97639
0.97908
0.98179
0.98453
0.98726
0.98994
0.99252
0.99492
0.99708
0.99892
1.0004
1.0013
1.0017
1.0015
1.0009
1
0.99916
0.99856
0.9983
0.99839
0.9988
0.99947
1.0004
1.0014
1.0027
1.004
1.0054
1.0069
1.0085
1.0101
1.0117
1.0134
1.0151
1.0167
1.0184
1.02
1.0216
1.0232
1.0247
1.0262
1.0276
1.0289
1.0302
1.0313
1.0324
1.0333
1.0341
1.0349
1.0355
1.0359
1.0363
1.0364
1.0365
1.0363
1.036
1.0356
1.035
1.0343
1.0335
1.0326
1.0316
1.0306
1.0294
1.0281
1.0268
1.0255
1.0242
1.023
1.022
1.0211
1.0204
1.0199
1.0196
1.0196
1.0197
1.02
1.0205
1.0211
1.0218
1.0226
1.0235
1.0244
1.0254
1.0265
1.0276
1.0287
1.0299
1.031
1.0322
1.0335
1.0347
1.0359
1.0371
1.0384
1.0396
1.0408
1.0421
1.0433
1.0445
1.0457
1.0469
1.0481
1.0493
1.0505
1.0517
1.0529
1.054
1.0552
1.0563
1.0575
1.0586
1.0597
1.0608
1.0619
1.063
1.064
1.0651
1.0661
1.0671
1.0681
