1
0.97522
0.96875
0.96354
0.96008
0.95754
0.95343
0.95174
0.94804
0.94693
0.94349
0.94025
0.93706
0.93398
0.93098
0.92807
0.92529
0.92261
0.92005
0.91755
0.91517
0.91285
0.91063
0.90845
0.90633
0.90424
0.90217
0.90011
0.89802
0.8959
0.89386
0.89194
0.89013
0.88843
0.88682
0.88529
0.88385
0.88248
0.88118
0.87994
0.87875
0.87761
0.87652
0.87548
0.87447
0.87351
0.87257
0.87166
0.87076
0.86986
0.86896
0.86803
0.86708
0.86607
0.86502
0.86391
0.86275
0.86155
0.86031
0.85904
0.85776
0.85647
0.85517
0.85387
0.85256
0.85124
0.84991
0.84859
0.84728
0.84598
0.84472
0.84349
0.84231
0.84118
0.8401
0.83907
0.83809
0.83716
0.83627
0.83542
0.83462
0.83384
0.8331
0.83239
0.8317
0.83104
0.83039
0.82977
0.82916
0.82855
0.82796
0.82737
0.82677
0.82617
0.82556
0.82493
0.82429
0.82362
0.82293
0.82221
0.82146
0.82068
0.81987
0.81903
0.81817
0.81728
0.81637
0.81544
0.81451
0.81357
0.81263
0.8117
0.81077
0.80986
0.80897
0.8081
0.80724
0.80641
0.8056
0.80481
0.80404
0.80328
0.80255
0.80182
0.80111
0.80042
0.79973
0.79906
0.79839
0.79772
0.79706
0.7964
0.79574
0.79509
0.79443
0.79378
0.79312
0.79246
0.79179
0.79113
0.79046
0.78979
0.78912
0.78845
0.78777
0.7871
0.78642
0.78574
0.78506
0.78439
0.78371
0.78304
0.78237
0.7817
0.78103
0.78038
0.77972
