1
0.97438
0.96645
0.96057
0.95624
0.95349
0.94873
0.94712
0.94306
0.9423
0.93869
0.9354
0.93232
0.92947
0.92682
0.9243
0.92194
0.91969
0.91756
0.91553
0.91361
0.91179
0.91007
0.90842
0.90685
0.90533
0.90388
0.90248
0.90113
0.89984
0.8986
0.89741
0.89627
0.89517
0.89412
0.89311
0.89214
0.8912
0.89029
0.88939
0.88851
0.88763
0.88677
0.88591
0.88507
0.88423
0.8834
0.88259
0.88179
0.88101
0.88024
0.87947
0.87873
0.87798
0.87725
0.87653
0.87581
0.8751
0.8744
0.87371
0.87303
0.87236
0.8717
0.87105
0.87042
0.86979
0.86918
0.86858
0.86798
0.8674
0.86683
0.86628
0.86573
0.8652
0.86467
0.86416
0.86366
0.86316
0.86268
0.86221
0.86174
0.86128
0.86083
0.86039
0.85996
0.85953
0.85911
0.8587
0.85829
0.85789
0.8575
0.85711
0.85673
0.85635
0.85598
0.85561
0.85525
0.8549
0.85455
0.8542
0.85387
0.85354
0.85321
0.85289
0.85257
0.85227
0.85196
0.85166
0.85137
0.85108
0.85079
0.8505
0.85022
0.84994
0.84966
0.84937
0.84909
0.8488
0.84851
0.84822
0.84792
0.84762
0.84731
0.847
0.84667
0.84634
0.84601
0.84566
0.84531
0.84495
0.84459
0.84421
0.84383
0.84345
0.84305
0.84265
0.84224
0.84183
0.8414
0.84098
0.84054
0.84011
0.83966
0.83921
0.83875
0.83828
0.83781
0.83734
0.83685
0.83636
0.83587
0.83536
0.83485
0.83433
0.8338
0.83325
0.8327
