1
0.97292
0.96347
0.95685
0.95173
0.94855
0.94289
0.94114
0.93635
0.93571
0.93143
0.92752
0.92387
0.92049
0.91736
0.91443
0.91173
0.90921
0.90688
0.90469
0.90267
0.90079
0.89907
0.89747
0.89601
0.89464
0.89336
0.8921
0.89083
0.88952
0.88818
0.88683
0.88548
0.88414
0.88281
0.88149
0.88017
0.87886
0.87756
0.87626
0.87496
0.87366
0.87237
0.87109
0.86983
0.86858
0.86736
0.86616
0.86498
0.86383
0.86269
0.86158
0.86048
0.8594
0.85832
0.85725
0.85619
0.85513
0.85408
0.85303
0.85199
0.85095
0.84992
0.84889
0.84786
0.84685
0.84585
0.84485
0.84387
0.84291
0.84195
0.84102
0.8401
0.83919
0.83831
0.83745
0.83661
0.83579
0.83499
0.8342
0.83344
0.83269
0.83196
0.83124
0.83054
0.82985
0.82917
0.8285
0.82784
0.82719
0.82654
0.82589
0.82525
0.82461
0.82397
0.82333
0.82268
0.82203
0.82139
0.82074
0.82009
0.81944
0.81878
0.81813
0.81747
0.81682
0.81616
0.81549
0.81482
0.81414
0.81345
0.81274
0.81201
0.81126
0.81049
0.80969
0.80886
0.80799
0.8071
0.80617
0.8052
0.80421
0.80319
0.80216
0.80112
0.80008
0.79904
0.79803
0.79703
0.79606
0.79512
0.79422
0.79335
0.79251
0.79171
0.79094
0.7902
0.7895
0.78882
0.78817
0.78754
0.78694
0.78635
0.78578
0.78523
0.78469
0.78417
0.78366
0.78315
0.78266
0.78218
0.7817
0.78122
0.78075
0.78028
0.77981
0.77935
