1
0.98044
0.98346
0.97778
0.97659
0.98076
0.98931
0.99608
1.0041
1.0082
1.0159
1.0235
1.031
1.0382
1.0452
1.052
1.0582
1.0632
1.0665
1.0674
1.0659
1.0637
1.0626
1.0636
1.0663
1.0701
1.0745
1.0794
1.0845
1.0897
1.0952
1.1007
1.1061
1.1112
1.1161
1.1206
1.1246
1.1279
1.1306
1.1328
1.1345
1.1361
1.138
1.14
1.1424
1.145
1.1478
1.1508
1.1538
1.1569
1.1601
1.1632
1.1663
1.1694
1.1724
1.1755
1.1784
1.1814
1.1843
1.1871
1.1899
1.1927
1.1954
1.1981
1.2007
1.2032
1.2057
1.2082
1.2106
1.213
1.2154
1.2177
1.22
1.2223
1.2245
1.2267
1.229
1.2311
1.2333
1.2355
1.2376
1.2397
1.2418
1.2438
1.2459
1.2479
1.2499
1.2519
1.2538
1.2558
1.2577
1.2596
1.2614
1.2633
1.2651
1.2669
1.2686
1.2703
1.272
1.2737
1.2753
1.2769
1.2785
1.28
1.2815
1.283
1.2844
1.2859
1.2872
1.2886
1.2899
1.2912
1.2925
1.2938
1.295
1.2962
1.2974
1.2986
1.2998
1.301
1.3021
1.3033
1.3044
1.3055
1.3066
1.3077
1.3087
1.3097
1.3108
1.3118
1.3127
1.3137
1.3146
1.3155
1.3164
1.3173
1.3182
1.319
1.3198
1.3206
1.3214
1.3222
1.323
1.3237
1.3245
1.3252
1.326
1.3267
1.3275
1.3282
1.329
1.3297
1.3304
1.3311
1.3318
1.3324
1.3331
