1
0.97363
0.96628
0.96045
0.95622
0.95338
0.94857
0.94683
0.94258
0.94162
0.93771
0.93409
0.93065
0.92747
0.92446
0.92158
0.91884
0.91614
0.9136
0.9111
0.90877
0.90658
0.90456
0.90267
0.90089
0.89921
0.8976
0.89608
0.89462
0.89323
0.89192
0.89069
0.88953
0.88845
0.88744
0.8865
0.88564
0.88483
0.88407
0.88333
0.8826
0.88186
0.88109
0.88029
0.87944
0.87852
0.87755
0.87651
0.87541
0.87427
0.87309
0.87189
0.87066
0.86942
0.86817
0.8669
0.86562
0.86434
0.86305
0.86179
0.86054
0.85932
0.85814
0.85701
0.85593
0.85489
0.85391
0.85298
0.85209
0.85125
0.85046
0.8497
0.84898
0.8483
0.84765
0.84703
0.84643
0.84585
0.84528
0.84472
0.84417
0.84361
0.84305
0.84248
0.84189
0.84127
0.84063
0.83996
0.83926
0.83852
0.83775
0.83696
0.83613
0.83529
0.83443
0.83355
0.83268
0.8318
0.83092
0.83004
0.82917
0.82831
0.82746
0.82661
0.82577
0.82493
0.82409
0.82325
0.82242
0.82158
0.82074
0.8199
0.81906
0.81821
0.81736
0.8165
0.81564
0.81477
0.8139
0.81302
0.81213
0.81124
0.81035
0.80944
0.80853
0.80762
0.80669
0.80576
0.80483
0.80389
0.80294
0.80198
0.80101
0.80004
0.79905
0.79805
0.79704
0.79601
0.79497
0.79392
0.79285
0.79176
0.79064
0.78951
0.78836
0.78719
0.78601
0.78481
0.7836
0.78239
0.78119
0.77999
0.7788
0.77764
0.7765
0.77539
0.77431
