1
0.97403
0.96622
0.96046
0.95631
0.95347
0.94863
0.947
0.94285
0.94205
0.93836
0.93504
0.93196
0.92921
0.92671
0.92439
0.92226
0.92022
0.91837
0.91662
0.91505
0.91364
0.91239
0.91126
0.91022
0.90926
0.90835
0.90747
0.90664
0.90585
0.90509
0.90434
0.90361
0.90289
0.90219
0.9015
0.90082
0.90016
0.89951
0.89884
0.89816
0.89746
0.89675
0.89602
0.89528
0.89452
0.89375
0.89297
0.89218
0.89139
0.89058
0.88975
0.88892
0.88806
0.88717
0.88627
0.88535
0.88441
0.88345
0.88247
0.88148
0.88048
0.87946
0.87843
0.8774
0.87636
0.87531
0.87425
0.87319
0.87213
0.87106
0.87
0.86893
0.86787
0.86681
0.86576
0.86471
0.86367
0.86263
0.8616
0.86057
0.85956
0.85854
0.85754
0.85655
0.85556
0.85459
0.85361
0.85265
0.85169
0.85074
0.84979
0.84885
0.8479
0.84696
0.84601
0.84506
0.84411
0.84316
0.8422
0.84125
0.84029
0.83933
0.83837
0.83741
0.83645
0.8355
0.83454
0.83359
0.83264
0.8317
0.83077
0.82986
0.82895
0.82806
0.82718
0.82633
0.82549
0.82467
0.82387
0.8231
0.82235
0.82163
0.82093
0.82027
0.81963
0.81903
0.81845
0.81792
0.81742
0.81695
0.81653
0.81614
0.81579
0.81548
0.81521
0.81497
0.81475
0.81457
0.8144
0.81425
0.8141
0.81395
0.81381
0.81365
0.81349
0.81332
0.81313
0.81293
0.81272
0.8125
0.81227
0.81203
0.81177
0.81151
0.81124
0.81096
