1
0.97482
0.96682
0.96099
0.95638
0.95374
0.94895
0.94718
0.94325
0.94234
0.93866
0.93514
0.93193
0.92878
0.92581
0.92302
0.92036
0.91786
0.91546
0.91315
0.91092
0.90874
0.90662
0.90448
0.90236
0.90021
0.89806
0.89588
0.89369
0.89149
0.8893
0.88712
0.88494
0.88278
0.88063
0.87852
0.87644
0.87441
0.87243
0.87048
0.86856
0.86668
0.86483
0.863
0.86119
0.85941
0.85764
0.85589
0.85414
0.85241
0.85069
0.84896
0.84724
0.84552
0.84381
0.8421
0.84041
0.83874
0.83709
0.83548
0.83391
0.83239
0.83091
0.82947
0.82808
0.82673
0.82542
0.82414
0.82289
0.82167
0.82046
0.81928
0.8181
0.81694
0.81578
0.81462
0.81347
0.81232
0.81117
0.81001
0.80885
0.80768
0.80651
0.80533
0.80415
0.80297
0.80179
0.80061
0.79943
0.79825
0.79708
0.79592
0.79476
0.79362
0.79249
0.79138
0.79027
0.78919
0.78812
0.78707
0.78603
0.78501
0.78401
0.78301
0.78203
0.78106
0.78011
0.77916
0.77822
0.77728
0.77636
0.77544
0.77453
0.77362
0.77272
0.77182
0.77092
0.77003
0.76915
0.76826
0.76739
0.76651
0.76564
0.76477
0.7639
0.76304
0.76218
0.76133
0.76048
0.75963
0.75879
0.75796
0.75713
0.75631
0.7555
0.7547
0.75391
0.75312
0.75235
0.75159
0.75084
0.75011
0.74939
0.74868
0.74799
0.74732
0.74666
0.74602
0.74539
0.74478
0.7442
0.74362
0.74307
0.74253
0.74202
0.74152
0.74104
