1
0.9752
0.96878
0.96369
0.96029
0.95798
0.95416
0.95263
0.9492
0.9481
0.94485
0.94168
0.9385
0.9354
0.93239
0.92952
0.92683
0.92432
0.92198
0.91978
0.91775
0.91586
0.91412
0.91248
0.91094
0.90946
0.90804
0.90663
0.90519
0.90372
0.9023
0.90096
0.8997
0.89848
0.89729
0.89612
0.89495
0.89378
0.8926
0.8914
0.89017
0.88892
0.88764
0.88633
0.88502
0.88369
0.88235
0.88102
0.87969
0.87837
0.87708
0.8758
0.87453
0.87329
0.87207
0.87087
0.8697
0.86855
0.86742
0.86632
0.86525
0.8642
0.86317
0.86217
0.86118
0.86022
0.85928
0.85836
0.85746
0.85657
0.85571
0.85486
0.85403
0.85321
0.85241
0.85162
0.85085
0.85009
0.84934
0.8486
0.84788
0.84716
0.84646
0.84576
0.84507
0.84439
0.84372
0.84306
0.8424
0.84175
0.84111
0.84047
0.83985
0.83922
0.8386
0.83799
0.83738
0.83677
0.83618
0.83558
0.83499
0.8344
0.83382
0.83324
0.83267
0.83211
0.83155
0.83099
0.83044
0.8299
0.82936
0.82882
0.82829
0.82777
0.82725
0.82674
0.82623
0.82573
0.82524
0.82475
0.82427
0.82379
0.82332
0.82286
0.8224
0.82194
0.8215
0.82105
0.82062
0.82018
0.81976
0.81933
0.81892
0.8185
0.81809
0.81769
0.81729
0.8169
0.81651
0.81613
0.81575
0.81537
0.815
0.81463
0.81427
0.81391
0.81356
0.81321
0.81286
0.81252
0.81218
0.81184
0.8115
0.81117
0.81084
0.81052
0.8102
