1
0.97401
0.966
0.9601
0.95585
0.95308
0.94824
0.94656
0.94231
0.94147
0.9377
0.9343
0.93116
0.92836
0.92588
0.92367
0.92178
0.92017
0.91887
0.91781
0.91703
0.91646
0.91612
0.91597
0.916
0.91618
0.91653
0.91701
0.91763
0.9184
0.91932
0.92038
0.92158
0.92291
0.92435
0.9259
0.92755
0.92929
0.93112
0.93303
0.93504
0.93713
0.9393
0.94155
0.94387
0.94627
0.94872
0.95123
0.95378
0.95637
0.95899
0.96164
0.9643
0.967
0.96971
0.97245
0.97521
0.97799
0.9808
0.98362
0.98644
0.98928
0.99213
0.99498
0.99783
1.0007
1.0035
1.0064
1.0092
1.012
1.0149
1.0177
1.0205
1.0233
1.026
1.0287
1.0313
1.0338
1.0362
1.0384
1.0405
1.0425
1.0443
1.0459
1.0473
1.0485
1.0496
1.0505
1.0513
1.0519
1.0525
1.053
1.0535
1.054
1.0546
1.0554
1.0562
1.0571
1.0581
1.0592
1.0604
1.0617
1.063
1.0644
1.0658
1.0673
1.0688
1.0703
1.0719
1.0735
1.0751
1.0767
1.0783
1.0799
1.0815
1.0831
1.0846
1.0862
1.0877
1.0892
1.0907
1.0921
1.0935
1.0949
1.0962
1.0974
1.0985
1.0996
1.1006
1.1015
1.1023
1.103
1.1037
1.1043
1.1048
1.1053
1.1058
1.1064
1.1069
1.1076
1.1083
1.109
1.1099
1.1107
1.1117
1.1127
1.1138
1.1149
1.116
1.1172
1.1184
1.1196
1.1208
1.122
1.1233
1.1246
1.1259
