1
0.97526
0.96905
0.96433
0.96125
0.959
0.9556
0.95422
0.95127
0.9505
0.94785
0.9454
0.94303
0.94076
0.9386
0.93651
0.93459
0.93277
0.9311
0.92951
0.92805
0.92669
0.92543
0.92425
0.92313
0.92205
0.921
0.91994
0.91882
0.91763
0.91647
0.91536
0.91429
0.91324
0.9122
0.91116
0.91012
0.90908
0.90803
0.90697
0.90588
0.90478
0.90367
0.90254
0.9014
0.90025
0.89908
0.89792
0.89674
0.89556
0.89437
0.89318
0.89197
0.89076
0.88953
0.8883
0.88706
0.88581
0.88457
0.88332
0.88207
0.88082
0.87957
0.87833
0.87709
0.87585
0.87462
0.87339
0.87217
0.87096
0.86976
0.86857
0.86738
0.8662
0.86504
0.86388
0.86274
0.86161
0.86049
0.85939
0.8583
0.85723
0.85617
0.85512
0.8541
0.85309
0.85209
0.85112
0.85016
0.84922
0.8483
0.8474
0.84651
0.84565
0.8448
0.84397
0.84315
0.84236
0.84158
0.84082
0.84007
0.83934
0.83863
0.83794
0.83727
0.83661
0.83597
0.83534
0.83473
0.83414
0.83356
0.83301
0.83246
0.83194
0.83142
0.83093
0.83045
0.82999
0.82955
0.82912
0.82871
0.82832
0.82794
0.82758
0.82724
0.82692
0.82661
0.82632
0.82604
0.82578
0.82553
0.8253
0.82507
0.82486
0.82466
0.82446
0.82427
0.82409
0.82391
0.82373
0.82356
0.82338
0.82319
0.823
0.82281
0.82261
0.82241
0.82219
0.82197
0.82174
0.8215
0.82126
0.821
0.82074
0.82047
0.82019
0.81991
