1
0.97577
0.96842
0.96345
0.95915
0.95659
0.95217
0.95055
0.94697
0.94622
0.94312
0.94037
0.93779
0.93544
0.93323
0.93103
0.92883
0.92657
0.92427
0.92188
0.91943
0.9169
0.91432
0.91163
0.90888
0.90603
0.90313
0.90017
0.89718
0.89418
0.89117
0.88817
0.8852
0.88228
0.87944
0.87669
0.87403
0.87148
0.86902
0.86667
0.86442
0.86227
0.86023
0.8583
0.85647
0.85473
0.85308
0.8515
0.84999
0.84851
0.84706
0.84563
0.84421
0.84279
0.84137
0.83996
0.83854
0.83713
0.83574
0.83435
0.83298
0.83162
0.83028
0.82896
0.82765
0.82635
0.82506
0.82378
0.82251
0.82124
0.81996
0.81868
0.8174
0.81611
0.81481
0.8135
0.81218
0.81086
0.80952
0.80818
0.80682
0.80547
0.8041
0.80274
0.80137
0.79999
0.79862
0.79724
0.79587
0.79449
0.79312
0.79174
0.79037
0.789
0.78763
0.78627
0.7849
0.78355
0.78219
0.78085
0.77951
0.77818
0.77687
0.77557
0.77429
0.77303
0.77178
0.77056
0.76936
0.76819
0.76705
0.76593
0.76484
0.76379
0.76276
0.76177
0.76081
0.75988
0.75898
0.7581
0.75726
0.75643
0.75563
0.75485
0.75408
0.75333
0.75259
0.75186
0.75114
0.75042
0.74972
0.74902
0.74833
0.74766
0.747
0.74635
0.74572
0.74511
0.74453
0.74397
0.74344
0.74294
0.74248
0.74205
0.74167
0.74133
0.74104
0.74079
0.74058
0.74041
0.74027
0.74016
0.74008
0.74001
0.73995
0.7399
0.73985
