1
0.97486
0.96724
0.96145
0.95659
0.95366
0.94853
0.94644
0.94213
0.94099
0.93696
0.93312
0.92961
0.9262
0.92301
0.92003
0.91721
0.91458
0.91208
0.90968
0.90741
0.90519
0.90303
0.90086
0.89871
0.89653
0.89432
0.89206
0.88977
0.88744
0.88511
0.88278
0.88046
0.87817
0.87592
0.87373
0.8716
0.86952
0.86751
0.86554
0.86362
0.86174
0.85991
0.85811
0.85636
0.85464
0.85295
0.85131
0.84969
0.84812
0.84658
0.84508
0.84361
0.84217
0.84077
0.8394
0.83808
0.83679
0.83555
0.83435
0.83319
0.83207
0.83099
0.82995
0.82894
0.82797
0.82701
0.82608
0.82516
0.82425
0.82335
0.82245
0.82156
0.82066
0.81976
0.81887
0.81796
0.81706
0.81615
0.81524
0.81432
0.81339
0.81247
0.81154
0.81061
0.80968
0.80874
0.80781
0.80688
0.80595
0.80502
0.80409
0.80317
0.80226
0.80135
0.80045
0.79956
0.79868
0.79781
0.79695
0.79611
0.79527
0.79445
0.79363
0.79283
0.79203
0.79124
0.79046
0.78968
0.78892
0.78816
0.7874
0.78666
0.78592
0.78518
0.78445
0.78373
0.78301
0.7823
0.7816
0.7809
0.78022
0.77954
0.77886
0.7782
0.77754
0.7769
0.77626
0.77563
0.77501
0.77439
0.77379
0.7732
0.77261
0.77204
0.77147
0.77092
0.77037
0.76983
0.7693
0.76878
0.76827
0.76777
0.76727
0.76679
0.76631
0.76584
0.76538
0.76493
0.76449
0.76406
0.76364
0.76323
0.76283
0.76244
0.76206
0.76169
