1
0.97733
0.9688
0.96524
0.96227
0.95923
0.95628
0.95333
0.95195
0.95033
0.94854
0.94582
0.94353
0.94123
0.93905
0.93701
0.93515
0.93338
0.93173
0.93012
0.92862
0.9272
0.92591
0.9247
0.92364
0.9227
0.92191
0.92126
0.9207
0.92015
0.91971
0.9194
0.91921
0.91913
0.91914
0.91924
0.9194
0.91957
0.91971
0.91978
0.91975
0.91962
0.91939
0.91908
0.9187
0.91828
0.91784
0.9174
0.91698
0.91659
0.91624
0.91593
0.91569
0.9155
0.91538
0.91533
0.91535
0.91542
0.91555
0.91571
0.9159
0.9161
0.91631
0.91651
0.91671
0.9169
0.91707
0.91723
0.91738
0.9175
0.91761
0.91769
0.91775
0.9178
0.91784
0.91788
0.91792
0.91797
0.91803
0.9181
0.91818
0.91828
0.91839
0.91851
0.91864
0.91879
0.91895
0.91912
0.9193
0.91948
0.91967
0.91986
0.92004
0.92023
0.9204
0.92056
0.92072
0.92086
0.92099
0.9211
0.9212
0.92129
0.92135
0.9214
0.92143
0.92143
0.92142
0.92139
0.92136
0.92132
0.92127
0.92123
0.92121
0.9212
0.92122
0.92126
0.92133
0.92143
0.92156
0.92173
0.92192
0.92214
0.92238
0.92265
0.92292
0.9232
0.92349
0.92378
0.92407
0.92435
0.92463
0.9249
0.92516
0.92542
0.92567
0.92591
0.92614
0.92637
0.92659
0.9268
0.92701
0.92721
0.92741
0.9276
0.92778
0.92796
0.92812
0.92829
0.92844
0.92858
0.92871
0.92882
0.92893
0.92903
0.92911
0.92917
0.92922
