1
0.97439
0.96591
0.95988
0.95556
0.95279
0.94806
0.94652
0.94247
0.94179
0.93819
0.93489
0.9318
0.92892
0.92621
0.92361
0.92117
0.91881
0.91656
0.91436
0.91225
0.91018
0.90817
0.90618
0.90423
0.90228
0.90036
0.89846
0.89657
0.89472
0.8929
0.89113
0.88939
0.88768
0.886
0.88437
0.88279
0.88125
0.87976
0.87829
0.87686
0.87546
0.87408
0.87271
0.87136
0.87002
0.8687
0.86737
0.86605
0.86472
0.86339
0.86205
0.86068
0.8593
0.8579
0.85647
0.85504
0.85359
0.85214
0.85069
0.84924
0.84781
0.84638
0.84498
0.84359
0.84223
0.84089
0.83957
0.83828
0.83701
0.83576
0.83454
0.83334
0.83216
0.831
0.82986
0.82874
0.82763
0.82654
0.82545
0.82439
0.82333
0.82229
0.82126
0.82024
0.81924
0.81825
0.81727
0.81631
0.81537
0.81444
0.81354
0.81265
0.81177
0.81091
0.81007
0.80925
0.80844
0.80764
0.80686
0.80609
0.80534
0.8046
0.80387
0.80315
0.80244
0.80174
0.80105
0.80037
0.7997
0.79903
0.79836
0.7977
0.79704
0.79639
0.79574
0.79509
0.79444
0.79379
0.79315
0.7925
0.79186
0.79122
0.79057
0.78993
0.78928
0.78863
0.78798
0.78733
0.78668
0.78603
0.78538
0.78473
0.78407
0.78342
0.78278
0.78213
0.78149
0.78085
0.78022
0.77959
0.77897
0.77836
0.77775
0.77716
0.77657
0.77599
0.77543
0.77487
0.77432
0.77378
0.77325
0.77273
0.77222
0.77172
0.77123
0.77074
