1
0.97539
0.96505
0.96004
0.95582
0.95328
0.94869
0.94761
0.94297
0.94227
0.93864
0.93556
0.93269
0.93006
0.92759
0.92521
0.92298
0.92079
0.91872
0.91666
0.91468
0.91272
0.91081
0.9089
0.90701
0.90513
0.90328
0.90146
0.89968
0.89794
0.89625
0.8946
0.89297
0.89135
0.88975
0.88815
0.88657
0.88499
0.88342
0.88185
0.88028
0.8787
0.87711
0.87552
0.87392
0.87231
0.87068
0.86903
0.86736
0.86567
0.86394
0.86217
0.86037
0.85851
0.85662
0.85468
0.8527
0.85068
0.84864
0.84657
0.84448
0.84237
0.84026
0.83814
0.83602
0.8339
0.8318
0.8297
0.82762
0.82556
0.82352
0.82151
0.81953
0.81757
0.81565
0.81377
0.81192
0.81012
0.80836
0.80664
0.80498
0.80336
0.80179
0.80027
0.79879
0.79737
0.79599
0.79465
0.79335
0.79209
0.79087
0.78967
0.78851
0.78737
0.78626
0.78517
0.7841
0.78305
0.78203
0.78103
0.78006
0.77912
0.7782
0.77731
0.77645
0.77562
0.77482
0.77405
0.77331
0.77261
0.77194
0.77131
0.77071
0.77015
0.76962
0.76913
0.76868
0.76826
0.76788
0.76753
0.76721
0.76691
0.76664
0.76639
0.76616
0.76594
0.76572
0.76551
0.76531
0.7651
0.76489
0.76467
0.76444
0.76421
0.76398
0.76374
0.76349
0.76324
0.76298
0.76272
0.76246
0.7622
0.76193
0.76167
0.7614
0.76113
0.76086
0.76059
0.76033
0.76007
0.75981
0.75955
0.7593
0.75905
0.75881
0.75857
0.75834
