1
0.9749
0.9681
0.96258
0.95823
0.95541
0.95046
0.94814
0.94363
0.94224
0.93816
0.93428
0.93063
0.92713
0.92381
0.92051
0.91739
0.91447
0.91167
0.90902
0.90644
0.90398
0.90159
0.8993
0.89708
0.89493
0.89284
0.89081
0.88882
0.88689
0.88503
0.88323
0.88148
0.87978
0.87814
0.87655
0.87501
0.87353
0.87209
0.87071
0.86936
0.86805
0.86677
0.86555
0.86436
0.86322
0.86212
0.86106
0.86006
0.85911
0.85821
0.85735
0.85654
0.85576
0.85502
0.85431
0.85361
0.85293
0.85225
0.85157
0.85089
0.85019
0.84947
0.84874
0.84799
0.84722
0.84644
0.84564
0.84482
0.844
0.84317
0.84233
0.84149
0.84065
0.83981
0.83898
0.83815
0.83733
0.83652
0.83572
0.83494
0.83416
0.8334
0.83265
0.83192
0.8312
0.83049
0.8298
0.82912
0.82846
0.8278
0.82716
0.82652
0.8259
0.82528
0.82466
0.82405
0.82345
0.82285
0.82225
0.82165
0.82105
0.82045
0.81985
0.81924
0.81863
0.818
0.81737
0.81672
0.81607
0.8154
0.81471
0.81401
0.8133
0.81257
0.81184
0.8111
0.81036
0.80963
0.8089
0.80819
0.80749
0.8068
0.80614
0.80549
0.80487
0.80426
0.80367
0.8031
0.80255
0.802
0.80147
0.80095
0.80044
0.79993
0.79943
0.79894
0.79845
0.79796
0.79748
0.797
0.79652
0.79605
0.79557
0.7951
0.79463
0.79417
0.7937
0.79324
0.79279
0.79234
0.79189
0.79145
0.79101
0.79058
0.79016
0.78975
