1
0.97324
0.96479
0.95907
0.95496
0.95217
0.94726
0.94539
0.94085
0.93967
0.93545
0.93137
0.92734
0.92334
0.91933
0.91526
0.91119
0.90713
0.90317
0.89936
0.89578
0.89243
0.88932
0.88639
0.88361
0.88091
0.87821
0.87542
0.8725
0.86945
0.86634
0.86321
0.86009
0.85702
0.85401
0.85108
0.84823
0.84546
0.84276
0.84011
0.83749
0.8349
0.83232
0.82975
0.82718
0.8246
0.82204
0.81949
0.81697
0.8145
0.81207
0.80971
0.80741
0.80518
0.80301
0.8009
0.79885
0.79686
0.79493
0.79305
0.79121
0.78943
0.78769
0.78599
0.78433
0.78271
0.78113
0.77959
0.77807
0.7766
0.77515
0.77373
0.77235
0.771
0.76967
0.76837
0.7671
0.76586
0.76465
0.76345
0.76229
0.76114
0.76002
0.75892
0.75784
0.75679
0.75575
0.75473
0.75373
0.75275
0.75178
0.75083
0.7499
0.74897
0.74806
0.74716
0.74627
0.74539
0.74452
0.74365
0.7428
0.74195
0.74111
0.74028
0.73945
0.73863
0.73781
0.737
0.73619
0.73538
0.73458
0.73378
0.73299
0.73221
0.73143
0.73066
0.72989
0.72912
0.72836
0.72761
0.72685
0.7261
0.72534
0.72459
0.72382
0.72306
0.72228
0.7215
0.7207
0.71989
0.71907
0.71822
0.71737
0.71649
0.7156
0.7147
0.71379
0.71287
0.71195
0.71103
0.71012
0.70923
0.70835
0.7075
0.70667
0.70586
0.70507
0.70431
0.70357
0.70284
0.70212
0.7014
0.70068
0.69995
0.69921
0.69844
0.69763
