1
0.97431
0.96623
0.96038
0.9564
0.95381
0.94934
0.94789
0.94406
0.94336
0.93995
0.93677
0.93371
0.93078
0.92793
0.92511
0.92237
0.91963
0.91694
0.91423
0.91155
0.90886
0.90618
0.90347
0.90075
0.89802
0.89528
0.89253
0.8898
0.8871
0.88448
0.88193
0.87948
0.87711
0.87484
0.87265
0.87056
0.86856
0.86664
0.86478
0.86298
0.86124
0.85956
0.85792
0.85633
0.85478
0.85327
0.85181
0.8504
0.84903
0.84771
0.84642
0.84518
0.84397
0.84281
0.84168
0.84059
0.83954
0.83853
0.83756
0.83663
0.83575
0.8349
0.8341
0.83333
0.83259
0.83189
0.83122
0.83057
0.82995
0.82935
0.82875
0.82818
0.8276
0.82704
0.82648
0.82592
0.82535
0.82479
0.82422
0.82365
0.82307
0.82249
0.82191
0.82132
0.82073
0.82014
0.81954
0.81894
0.81834
0.81774
0.81714
0.81654
0.81594
0.81534
0.81474
0.81415
0.81355
0.81296
0.81237
0.81179
0.81121
0.81064
0.81007
0.80951
0.80895
0.8084
0.80786
0.80733
0.80681
0.8063
0.80579
0.80529
0.8048
0.80432
0.80384
0.80336
0.80289
0.80241
0.80193
0.80144
0.80095
0.80044
0.79993
0.79939
0.79884
0.79827
0.79769
0.79708
0.79646
0.79582
0.79516
0.79449
0.79381
0.79311
0.7924
0.79168
0.79096
0.79022
0.78949
0.78875
0.78801
0.78727
0.78653
0.78579
0.78506
0.78433
0.7836
0.78288
0.78216
0.78145
0.78075
0.78006
0.77937
0.77869
0.77802
0.77735
