1
0.97551
0.96425
0.96246
0.95922
0.95641
0.95078
0.94857
0.94443
0.94358
0.94023
0.93673
0.93327
0.92994
0.92686
0.92394
0.92126
0.91877
0.9165
0.91438
0.91242
0.91054
0.90875
0.90698
0.90522
0.90342
0.90159
0.89973
0.89784
0.89594
0.89407
0.89224
0.89044
0.8887
0.88702
0.88543
0.88394
0.88256
0.88128
0.88009
0.87897
0.87792
0.87692
0.87598
0.87511
0.87429
0.87355
0.87286
0.87224
0.87165
0.87109
0.87052
0.86994
0.86933
0.86869
0.86802
0.86733
0.86663
0.86592
0.86519
0.86447
0.86374
0.86302
0.86231
0.86161
0.86094
0.86029
0.85968
0.85909
0.85855
0.85803
0.85753
0.85707
0.85663
0.85621
0.85581
0.85542
0.85506
0.85471
0.85437
0.85405
0.85373
0.85343
0.85314
0.85287
0.8526
0.85235
0.85211
0.85189
0.85167
0.85148
0.85129
0.85111
0.85095
0.8508
0.85066
0.85053
0.85041
0.8503
0.8502
0.85011
0.85003
0.84996
0.8499
0.84986
0.84982
0.84979
0.84978
0.84978
0.84981
0.84985
0.84991
0.84999
0.85011
0.85025
0.85042
0.85061
0.85084
0.8511
0.85138
0.85168
0.852
0.85234
0.85269
0.85305
0.85342
0.85378
0.85415
0.85451
0.85488
0.85523
0.85559
0.85593
0.85628
0.85662
0.85695
0.85729
0.85762
0.85795
0.85828
0.85861
0.85895
0.85928
0.85961
0.85995
0.86029
0.86063
0.86097
0.86131
0.86165
0.86199
0.86232
0.86265
0.86298
0.8633
0.86361
0.86391
