1
0.97309
0.96359
0.95632
0.95057
0.94653
0.93993
0.93766
0.93195
0.93106
0.92599
0.92138
0.91709
0.91314
0.90945
0.90596
0.90269
0.89957
0.89662
0.89377
0.89105
0.88842
0.88588
0.88339
0.88095
0.87854
0.87617
0.87383
0.87151
0.86923
0.86702
0.86489
0.86284
0.86089
0.85904
0.85729
0.85564
0.85409
0.85262
0.85122
0.84985
0.84852
0.84719
0.84586
0.8445
0.84311
0.84168
0.84021
0.8387
0.83717
0.83561
0.83404
0.83247
0.83089
0.8293
0.8277
0.8261
0.82449
0.82289
0.82131
0.81974
0.81821
0.81671
0.81525
0.81385
0.81249
0.81118
0.80991
0.8087
0.80752
0.80639
0.8053
0.80423
0.8032
0.8022
0.80123
0.80027
0.79933
0.7984
0.79748
0.79656
0.79563
0.7947
0.79375
0.79279
0.7918
0.79079
0.78975
0.78868
0.78758
0.78646
0.78531
0.78414
0.78296
0.78177
0.78058
0.77939
0.77821
0.77704
0.77588
0.77474
0.77362
0.77252
0.77143
0.77035
0.76929
0.76825
0.76721
0.76619
0.76517
0.76416
0.76316
0.76216
0.76117
0.76017
0.75918
0.7582
0.75721
0.75622
0.75523
0.75424
0.75326
0.75227
0.75128
0.75028
0.74929
0.7483
0.7473
0.7463
0.7453
0.7443
0.74329
0.74228
0.74127
0.74025
0.73922
0.73818
0.73713
0.73608
0.735
0.73392
0.73281
0.7317
0.73056
0.7294
0.72823
0.72704
0.72584
0.72463
0.72342
0.72221
0.72101
0.71983
0.71867
0.71753
0.71641
0.71533
