1
0.97395
0.96522
0.95849
0.95343
0.94986
0.94401
0.94177
0.93657
0.93544
0.9307
0.92625
0.92201
0.91798
0.91414
0.91041
0.90686
0.9034
0.90007
0.89682
0.89367
0.89059
0.88759
0.88464
0.88174
0.87889
0.87609
0.87335
0.87067
0.86808
0.86561
0.86326
0.86104
0.85895
0.85698
0.85514
0.85341
0.85178
0.85025
0.84879
0.84738
0.846
0.84464
0.84328
0.8419
0.8405
0.83907
0.83761
0.83613
0.83463
0.83311
0.8316
0.83009
0.82859
0.82709
0.8256
0.82412
0.82265
0.8212
0.81978
0.81839
0.81704
0.81575
0.81451
0.81333
0.81221
0.81115
0.81015
0.8092
0.8083
0.80744
0.80663
0.80586
0.80511
0.80439
0.8037
0.80302
0.80236
0.80169
0.80103
0.80037
0.79969
0.79899
0.79827
0.79752
0.79674
0.79593
0.79508
0.79418
0.79325
0.79228
0.79128
0.79025
0.7892
0.78813
0.78706
0.78598
0.7849
0.78382
0.78276
0.7817
0.78066
0.77962
0.7786
0.77759
0.77659
0.77559
0.7746
0.77362
0.77265
0.77168
0.77071
0.76974
0.76878
0.76781
0.76685
0.76588
0.76492
0.76395
0.76298
0.76201
0.76104
0.76007
0.75909
0.75811
0.75713
0.75615
0.75516
0.75417
0.75318
0.75218
0.75118
0.75018
0.74916
0.74815
0.74712
0.74609
0.74504
0.74398
0.74291
0.74182
0.74071
0.73959
0.73845
0.73729
0.73612
0.73492
0.73372
0.7325
0.73129
0.73008
0.72888
0.72769
0.72652
0.72538
0.72427
0.72319
