1
0.97443
0.96674
0.96043
0.95556
0.95257
0.94729
0.94515
0.94049
0.93935
0.93514
0.93116
0.92744
0.92388
0.92051
0.91718
0.91404
0.91109
0.90826
0.90556
0.90293
0.90041
0.89795
0.89555
0.89322
0.89094
0.88871
0.88651
0.88435
0.88222
0.88013
0.87808
0.87607
0.87409
0.87214
0.87022
0.86834
0.8665
0.8647
0.86292
0.86119
0.85948
0.85783
0.85622
0.85466
0.85315
0.85171
0.85033
0.84902
0.84777
0.84659
0.84548
0.84443
0.84343
0.84248
0.84157
0.8407
0.83985
0.83902
0.83819
0.83737
0.83655
0.83572
0.83488
0.83404
0.83319
0.83233
0.83147
0.8306
0.82974
0.82888
0.82803
0.82719
0.82636
0.82554
0.82474
0.82394
0.82317
0.82241
0.82166
0.82093
0.82021
0.8195
0.81881
0.81812
0.81745
0.81678
0.81612
0.81546
0.81481
0.81416
0.81351
0.81286
0.81221
0.81155
0.8109
0.81023
0.80957
0.80891
0.80824
0.80757
0.8069
0.80624
0.80557
0.80491
0.80425
0.8036
0.80294
0.80229
0.80164
0.80098
0.80032
0.79965
0.79897
0.79828
0.79758
0.79686
0.79612
0.79536
0.79458
0.79377
0.79295
0.79212
0.79127
0.79042
0.78957
0.78873
0.78791
0.7871
0.78632
0.78557
0.78484
0.78414
0.78347
0.78283
0.78222
0.78163
0.78107
0.78053
0.78001
0.77951
0.77903
0.77856
0.77811
0.77768
0.77725
0.77684
0.77644
0.77605
0.77566
0.77529
0.77492
0.77456
0.7742
0.77385
0.7735
0.77316
