1
0.97325
0.96447
0.95812
0.95349
0.95054
0.94534
0.94386
0.93955
0.93908
0.93537
0.93204
0.92897
0.92614
0.92349
0.92094
0.91854
0.91619
0.91394
0.91169
0.90951
0.90733
0.90518
0.903
0.90081
0.89859
0.89635
0.89406
0.89175
0.88942
0.88712
0.88484
0.88261
0.88043
0.87831
0.87627
0.8743
0.87241
0.87059
0.86882
0.86711
0.86545
0.86383
0.86225
0.86071
0.8592
0.85773
0.85629
0.85489
0.85352
0.85218
0.85087
0.84959
0.84833
0.8471
0.84589
0.8447
0.84354
0.84241
0.8413
0.84021
0.83915
0.83812
0.83711
0.83613
0.83517
0.83424
0.83332
0.83242
0.83154
0.83067
0.82981
0.82897
0.82813
0.82729
0.82647
0.82564
0.82483
0.82402
0.82321
0.82241
0.82162
0.82083
0.82004
0.81927
0.8185
0.81775
0.817
0.81626
0.81553
0.81482
0.81411
0.81341
0.81273
0.81205
0.81139
0.81073
0.81009
0.80946
0.80883
0.80822
0.80762
0.80704
0.80646
0.8059
0.80535
0.80482
0.8043
0.80379
0.8033
0.80281
0.80235
0.80189
0.80145
0.80101
0.80058
0.80017
0.79975
0.79934
0.79892
0.79851
0.79808
0.79765
0.79721
0.79676
0.79629
0.79581
0.79531
0.79479
0.79426
0.79371
0.79315
0.79258
0.79199
0.79139
0.79079
0.79017
0.78954
0.78891
0.78828
0.78765
0.78701
0.78637
0.78574
0.7851
0.78447
0.78384
0.78322
0.7826
0.78199
0.78138
0.78078
0.78018
0.77959
0.779
0.77843
0.77785
