1
0.97331
0.96507
0.95958
0.95548
0.95248
0.94749
0.9455
0.94102
0.94002
0.93596
0.93218
0.92859
0.92521
0.92202
0.91897
0.91611
0.91339
0.91085
0.90842
0.90618
0.90406
0.90209
0.90023
0.89849
0.89684
0.89529
0.8938
0.89237
0.89098
0.88964
0.88834
0.88706
0.88578
0.88451
0.88324
0.88197
0.88071
0.87943
0.87815
0.87686
0.87556
0.87425
0.87293
0.8716
0.87028
0.86895
0.86761
0.86628
0.86494
0.86359
0.86224
0.86088
0.85952
0.85814
0.85674
0.85534
0.85392
0.8525
0.85107
0.84963
0.84818
0.84673
0.84527
0.84381
0.84234
0.84087
0.83941
0.83794
0.83647
0.83501
0.83355
0.8321
0.83066
0.82924
0.82783
0.82643
0.82505
0.8237
0.82236
0.82105
0.81977
0.81851
0.81727
0.81607
0.81488
0.81373
0.81261
0.81151
0.81044
0.8094
0.80838
0.80739
0.80642
0.80547
0.80455
0.80364
0.80275
0.80188
0.80103
0.80019
0.79936
0.79855
0.79774
0.79693
0.79613
0.79532
0.79452
0.7937
0.79288
0.79205
0.79121
0.79036
0.78949
0.78862
0.78773
0.78685
0.78596
0.78508
0.7842
0.78334
0.78251
0.78169
0.78091
0.78015
0.77943
0.77874
0.77808
0.77746
0.77686
0.7763
0.77577
0.77526
0.77477
0.77431
0.77386
0.77342
0.773
0.77259
0.77218
0.77178
0.77137
0.77097
0.77057
0.77016
0.76975
0.76933
0.76891
0.76847
0.76804
0.76759
0.76714
0.76668
0.76622
0.76575
0.76528
0.7648
