1
0.97485
0.9682
0.963
0.95941
0.9568
0.95262
0.95089
0.94713
0.94594
0.94239
0.93897
0.93563
0.9324
0.92931
0.92634
0.92355
0.92088
0.91835
0.9159
0.91356
0.91129
0.9091
0.90694
0.90481
0.9027
0.9006
0.8985
0.8964
0.89439
0.89251
0.89072
0.88901
0.88735
0.88575
0.88419
0.88267
0.88119
0.87975
0.87834
0.87696
0.87562
0.87431
0.87303
0.8718
0.87059
0.86942
0.86829
0.86718
0.8661
0.86505
0.86402
0.86301
0.86202
0.86104
0.86008
0.85912
0.85817
0.85724
0.85632
0.8554
0.85449
0.85359
0.8527
0.85182
0.85095
0.85008
0.84923
0.84839
0.84756
0.84673
0.84592
0.84512
0.84433
0.84355
0.84278
0.84202
0.84128
0.84055
0.83983
0.83912
0.83843
0.83775
0.83708
0.83643
0.83579
0.83517
0.83456
0.83396
0.83338
0.83282
0.83226
0.83172
0.83119
0.83067
0.83016
0.82966
0.82917
0.82869
0.82823
0.82777
0.82732
0.82689
0.82646
0.82604
0.82564
0.82524
0.82485
0.82447
0.8241
0.82374
0.82339
0.82304
0.82271
0.82238
0.82206
0.82175
0.82144
0.82115
0.82086
0.82058
0.82031
0.82004
0.81979
0.81954
0.8193
0.81907
0.81884
0.81862
0.81841
0.8182
0.818
0.81781
0.81763
0.81745
0.81728
0.81711
0.81695
0.8168
0.81666
0.81652
0.81638
0.81625
0.81613
0.81601
0.8159
0.81579
0.81569
0.81559
0.81549
0.81539
0.8153
0.81521
0.81513
0.81504
0.81496
0.81488
