1
0.97502
0.96749
0.96191
0.95783
0.95508
0.95051
0.94875
0.94476
0.94379
0.94018
0.93681
0.93357
0.9305
0.92755
0.92467
0.92192
0.91923
0.91662
0.91405
0.91154
0.90905
0.90659
0.90412
0.90166
0.89919
0.89673
0.89427
0.89182
0.8894
0.88702
0.88469
0.8824
0.88015
0.87794
0.87575
0.87358
0.87142
0.86929
0.86716
0.86505
0.86298
0.86093
0.85893
0.85698
0.85508
0.85322
0.85141
0.84965
0.84794
0.84627
0.84464
0.84305
0.84149
0.83997
0.83849
0.83704
0.83562
0.83424
0.83289
0.83157
0.83027
0.82901
0.82776
0.82654
0.82534
0.82415
0.82297
0.8218
0.82064
0.81948
0.81831
0.81715
0.81597
0.81479
0.81359
0.81238
0.81114
0.80989
0.80861
0.80731
0.80598
0.80464
0.80326
0.80187
0.80047
0.79907
0.79766
0.79625
0.79485
0.79347
0.79209
0.79074
0.7894
0.78807
0.78677
0.78548
0.7842
0.78295
0.78171
0.78048
0.77927
0.77807
0.77687
0.77569
0.77452
0.77335
0.77219
0.77103
0.76988
0.76873
0.76759
0.76645
0.76531
0.76418
0.76305
0.76193
0.76081
0.7597
0.75859
0.7575
0.75641
0.75534
0.75428
0.75324
0.75221
0.75119
0.7502
0.74922
0.74826
0.74733
0.74642
0.74553
0.74467
0.74384
0.74304
0.74227
0.74152
0.74081
0.74013
0.73949
0.73887
0.73829
0.73774
0.73722
0.73672
0.73625
0.7358
0.73536
0.73493
0.73451
0.73409
0.73366
0.73323
0.73278
0.73231
0.73183
