1
0.97824
0.96965
0.96608
0.9625
0.96067
0.95726
0.95585
0.95325
0.95238
0.94998
0.94781
0.94612
0.94452
0.94315
0.94176
0.9405
0.93932
0.93827
0.93732
0.93645
0.9357
0.93499
0.93432
0.93364
0.93296
0.93226
0.93157
0.93087
0.93018
0.92949
0.9288
0.92812
0.92746
0.92683
0.92623
0.92568
0.92518
0.92472
0.9243
0.92392
0.92357
0.92326
0.92298
0.92273
0.92251
0.92233
0.92217
0.92204
0.92194
0.92187
0.92182
0.9218
0.92179
0.92179
0.92181
0.92185
0.9219
0.92196
0.92205
0.92214
0.92225
0.92239
0.92254
0.9227
0.92289
0.9231
0.92333
0.92358
0.92386
0.92415
0.92447
0.92481
0.92518
0.92557
0.92598
0.92642
0.92688
0.92736
0.92787
0.9284
0.92895
0.92951
0.9301
0.93071
0.93133
0.93197
0.93262
0.93329
0.93397
0.93466
0.93536
0.93607
0.93678
0.9375
0.93822
0.93895
0.93968
0.94041
0.94114
0.94188
0.94261
0.94335
0.94409
0.94483
0.94558
0.94632
0.94706
0.9478
0.94854
0.94928
0.95001
0.95075
0.95148
0.95221
0.95294
0.95367
0.95439
0.95511
0.95582
0.95653
0.95724
0.95795
0.95865
0.95935
0.96004
0.96073
0.96141
0.96209
0.96276
0.96343
0.96409
0.96474
0.96539
0.96604
0.96667
0.9673
0.96793
0.96854
0.96915
0.96975
0.97034
0.97092
0.97149
0.97205
0.9726
0.97313
0.97366
0.97418
0.97468
0.97517
0.97564
0.9761
0.97655
0.97698
0.9774
0.9778
