1
0.97635
0.96561
0.96352
0.96027
0.95755
0.95217
0.9501
0.94632
0.94574
0.94288
0.93996
0.93715
0.93449
0.9321
0.92985
0.92781
0.9259
0.92416
0.92249
0.92091
0.91934
0.91778
0.91615
0.91446
0.91268
0.9108
0.90885
0.90685
0.90483
0.90284
0.90091
0.89904
0.89727
0.89561
0.89407
0.89267
0.89142
0.89031
0.88931
0.88842
0.88762
0.8869
0.88626
0.88569
0.88521
0.88481
0.88448
0.88422
0.88401
0.88382
0.88364
0.88345
0.88324
0.883
0.88274
0.88246
0.88216
0.88186
0.88156
0.88125
0.88094
0.88064
0.88035
0.88007
0.87982
0.8796
0.8794
0.87924
0.87911
0.879
0.87892
0.87886
0.87881
0.87878
0.87876
0.87875
0.87874
0.87874
0.87874
0.87874
0.87874
0.87873
0.87873
0.87872
0.87871
0.8787
0.87869
0.87867
0.87866
0.87864
0.87862
0.8786
0.87857
0.87854
0.87852
0.87848
0.87844
0.8784
0.87836
0.87832
0.87828
0.87824
0.8782
0.87815
0.87811
0.87807
0.87804
0.87802
0.87801
0.87802
0.87804
0.87808
0.87815
0.87824
0.87837
0.87852
0.8787
0.87891
0.87914
0.87939
0.87966
0.87995
0.88024
0.88054
0.88085
0.88115
0.88145
0.88174
0.88202
0.88229
0.88256
0.88282
0.88308
0.88333
0.88357
0.88381
0.88406
0.8843
0.88454
0.88479
0.88504
0.8853
0.88556
0.88583
0.88611
0.88639
0.88668
0.88697
0.88728
0.88759
0.88791
0.88824
0.88857
0.88891
0.88926
0.8896
