1
0.97436
0.96602
0.95992
0.95518
0.9519
0.94653
0.94459
0.93994
0.93903
0.93489
0.9311
0.92754
0.92421
0.92106
0.91805
0.91519
0.91242
0.90977
0.90717
0.90467
0.9022
0.89979
0.8974
0.89501
0.89261
0.8902
0.88777
0.88532
0.88287
0.88043
0.87803
0.87566
0.87333
0.87106
0.86885
0.86671
0.86463
0.86261
0.86064
0.85871
0.85683
0.85498
0.85318
0.85142
0.84969
0.848
0.84634
0.84472
0.84312
0.84156
0.84003
0.83853
0.83704
0.83558
0.83414
0.83272
0.83132
0.82994
0.82859
0.82726
0.82596
0.82467
0.82342
0.82219
0.82098
0.81981
0.81865
0.81753
0.81643
0.81535
0.81431
0.81328
0.81229
0.81132
0.81038
0.80946
0.80856
0.80769
0.80685
0.80602
0.80522
0.80443
0.80367
0.80292
0.80219
0.80147
0.80077
0.80008
0.7994
0.79873
0.79806
0.7974
0.79675
0.7961
0.79546
0.79483
0.7942
0.79357
0.79296
0.79235
0.79175
0.79116
0.79058
0.79001
0.78945
0.7889
0.78837
0.78784
0.78733
0.78683
0.78635
0.78587
0.7854
0.78495
0.78451
0.78408
0.78366
0.78325
0.78285
0.78246
0.78207
0.78169
0.78131
0.78093
0.78055
0.78016
0.77977
0.77937
0.77895
0.77853
0.7781
0.77766
0.7772
0.77674
0.77626
0.77579
0.7753
0.77481
0.77431
0.77381
0.77331
0.77281
0.7723
0.7718
0.7713
0.77081
0.77032
0.76983
0.76934
0.76886
0.76839
0.76792
0.76745
0.76699
0.76654
0.76609
