1
0.97362
0.96518
0.95943
0.95508
0.95279
0.94813
0.94638
0.94238
0.9412
0.93718
0.93315
0.92944
0.92571
0.92216
0.91879
0.91556
0.91253
0.90963
0.90686
0.90423
0.9017
0.89928
0.89691
0.89461
0.89236
0.89017
0.88803
0.88594
0.88391
0.88192
0.87998
0.87805
0.87613
0.87421
0.8723
0.87038
0.86845
0.86653
0.8646
0.86266
0.86072
0.85878
0.85684
0.8549
0.85297
0.85104
0.84913
0.84722
0.84534
0.84347
0.84163
0.83981
0.83803
0.83628
0.83458
0.83293
0.83134
0.82982
0.82836
0.82698
0.82568
0.82444
0.82327
0.82217
0.82112
0.82013
0.81917
0.81826
0.81737
0.81651
0.81566
0.81483
0.81401
0.8132
0.81238
0.81157
0.81076
0.80995
0.80913
0.8083
0.80747
0.80663
0.80577
0.8049
0.80402
0.80312
0.80221
0.80128
0.80033
0.79937
0.7984
0.79742
0.79642
0.79542
0.79441
0.7934
0.79237
0.79135
0.79032
0.78929
0.78826
0.78722
0.78619
0.78515
0.78411
0.78306
0.78201
0.78096
0.77991
0.77886
0.77781
0.77675
0.7757
0.77465
0.7736
0.77256
0.77152
0.77049
0.76947
0.76846
0.76747
0.76649
0.76553
0.76459
0.76367
0.76278
0.76191
0.76108
0.76027
0.7595
0.75876
0.75805
0.75738
0.75674
0.75613
0.75556
0.75501
0.7545
0.75401
0.75354
0.7531
0.75267
0.75227
0.75188
0.7515
0.75114
0.75078
0.75043
0.75008
0.74974
0.7494
0.74906
0.74873
0.74839
0.74804
0.7477
