1
0.97538
0.96705
0.96511
0.96308
0.9624
0.95925
0.95795
0.95577
0.95519
0.95335
0.95143
0.94954
0.94765
0.94582
0.94388
0.94196
0.94005
0.9381
0.93615
0.93414
0.93213
0.93009
0.92802
0.92594
0.92383
0.9217
0.91954
0.91738
0.91522
0.91311
0.91107
0.90911
0.90723
0.90542
0.90367
0.90196
0.90031
0.89869
0.89711
0.89558
0.89408
0.89262
0.89123
0.88989
0.8886
0.88738
0.8862
0.88509
0.88401
0.88298
0.88199
0.88103
0.8801
0.87919
0.8783
0.87743
0.87658
0.87574
0.8749
0.87407
0.87323
0.8724
0.87158
0.87076
0.86996
0.86918
0.86842
0.8677
0.867
0.86635
0.86572
0.86514
0.8646
0.86409
0.86361
0.86316
0.86275
0.86237
0.86202
0.86171
0.86143
0.86119
0.861
0.86084
0.86072
0.86065
0.8606
0.8606
0.86062
0.86066
0.86072
0.86079
0.86086
0.86093
0.86099
0.86104
0.86107
0.86108
0.86107
0.86103
0.86098
0.8609
0.86081
0.8607
0.86058
0.86044
0.8603
0.86015
0.86001
0.85986
0.85972
0.85959
0.85947
0.85937
0.8593
0.85926
0.85925
0.85927
0.85933
0.85943
0.85956
0.85973
0.85992
0.86014
0.86037
0.86062
0.86087
0.86112
0.86136
0.8616
0.86183
0.86205
0.86226
0.86246
0.86266
0.86284
0.86302
0.86319
0.86336
0.86353
0.86369
0.86384
0.864
0.86415
0.8643
0.86446
0.86461
0.86476
0.86492
0.86507
0.86523
0.86538
0.86554
0.8657
0.86586
0.86603
