1
0.97401
0.96625
0.9605
0.95604
0.95346
0.9486
0.94664
0.94242
0.94126
0.93726
0.93334
0.9296
0.92577
0.92196
0.91816
0.91434
0.9106
0.90697
0.90351
0.90028
0.89726
0.89447
0.89181
0.88928
0.88677
0.88423
0.88155
0.87869
0.87566
0.87251
0.86929
0.86606
0.86284
0.85966
0.85654
0.85348
0.85049
0.84756
0.84468
0.84182
0.83898
0.83614
0.8333
0.83046
0.82761
0.82477
0.82195
0.81915
0.81641
0.81373
0.81113
0.8086
0.80615
0.80379
0.80152
0.79935
0.79726
0.79526
0.79335
0.79153
0.78979
0.78813
0.78654
0.78502
0.78356
0.78215
0.78078
0.77946
0.77817
0.77691
0.77568
0.77447
0.77327
0.77209
0.77092
0.76976
0.76861
0.76746
0.76632
0.76519
0.76406
0.76293
0.7618
0.76068
0.75956
0.75845
0.75734
0.75623
0.75513
0.75404
0.75295
0.75187
0.7508
0.74974
0.74869
0.74764
0.74661
0.74559
0.74458
0.74358
0.74259
0.74161
0.74063
0.73966
0.73869
0.73773
0.73677
0.7358
0.73485
0.73389
0.73294
0.73198
0.73103
0.73008
0.72913
0.72819
0.72724
0.72629
0.72534
0.72439
0.72344
0.72248
0.72152
0.72055
0.71957
0.71859
0.71759
0.71658
0.71555
0.71452
0.71346
0.71238
0.71129
0.71019
0.70907
0.70793
0.70679
0.70565
0.70452
0.70339
0.70227
0.70118
0.70011
0.69906
0.69803
0.69703
0.69605
0.6951
0.69415
0.69323
0.69231
0.69139
0.69047
0.68954
0.68859
0.68761
