1
0.97702
0.96831
0.96318
0.95951
0.95655
0.95287
0.95107
0.94758
0.94731
0.94406
0.94141
0.93853
0.93597
0.93356
0.93124
0.92904
0.9269
0.92485
0.92283
0.92087
0.91893
0.91701
0.91508
0.91315
0.91121
0.90928
0.90733
0.9054
0.90349
0.90162
0.89981
0.89803
0.89631
0.89465
0.89305
0.89153
0.89008
0.88871
0.8874
0.88617
0.885
0.88389
0.88284
0.88183
0.88088
0.87997
0.87911
0.8783
0.87753
0.8768
0.87612
0.87546
0.87483
0.87422
0.87362
0.87302
0.87245
0.87188
0.87132
0.87077
0.87024
0.86972
0.86921
0.86872
0.86824
0.86777
0.86731
0.86687
0.86643
0.86601
0.86559
0.86517
0.86476
0.86436
0.86396
0.86355
0.86315
0.86274
0.86232
0.86189
0.86145
0.86099
0.86053
0.86005
0.85957
0.85907
0.85858
0.85808
0.85757
0.85707
0.85657
0.85607
0.85558
0.8551
0.85463
0.85418
0.85375
0.85335
0.85299
0.85267
0.85241
0.85222
0.85212
0.85212
0.85223
0.85246
0.85283
0.85331
0.85389
0.85452
0.85516
0.85577
0.85633
0.85682
0.85723
0.85756
0.85782
0.85801
0.85814
0.85822
0.85824
0.85821
0.85814
0.85803
0.85788
0.85769
0.85747
0.85722
0.85695
0.85664
0.85631
0.85596
0.85558
0.85519
0.85477
0.85433
0.85388
0.85341
0.85292
0.85242
0.8519
0.85137
0.85083
0.85028
0.84973
0.84918
0.84863
0.84808
0.84754
0.84702
0.84651
0.84603
0.84557
0.84515
0.84476
0.84443
