1
0.97579
0.969
0.96365
0.95964
0.95724
0.95289
0.95081
0.94688
0.94559
0.94205
0.93864
0.93536
0.93214
0.929
0.92582
0.92275
0.91982
0.91696
0.9142
0.91148
0.90886
0.90631
0.90385
0.90147
0.89918
0.897
0.89491
0.89293
0.89106
0.88933
0.88771
0.8862
0.88477
0.88342
0.88213
0.88089
0.8797
0.87852
0.87737
0.87623
0.8751
0.874
0.87292
0.87187
0.87086
0.86989
0.86896
0.86808
0.86725
0.86648
0.86576
0.8651
0.86448
0.86389
0.86335
0.86283
0.86233
0.86184
0.86136
0.86088
0.86039
0.85988
0.85937
0.85885
0.85831
0.85775
0.85719
0.85661
0.85603
0.85544
0.85485
0.85425
0.85366
0.85305
0.85245
0.85186
0.85126
0.85067
0.85008
0.8495
0.84892
0.84835
0.84778
0.84722
0.84667
0.84613
0.84559
0.84506
0.84455
0.84404
0.84355
0.84306
0.84258
0.84212
0.84166
0.84121
0.84077
0.84034
0.83993
0.83952
0.83912
0.83873
0.83835
0.83798
0.83762
0.83727
0.83692
0.83659
0.83627
0.83596
0.83566
0.83537
0.83509
0.83483
0.83458
0.83434
0.83412
0.8339
0.83371
0.83352
0.83334
0.83317
0.833
0.83284
0.83268
0.83252
0.83236
0.83219
0.83202
0.83185
0.83166
0.83148
0.83128
0.83108
0.83087
0.83066
0.83044
0.83022
0.82999
0.82976
0.82953
0.82929
0.82906
0.82882
0.82858
0.82834
0.8281
0.82786
0.82763
0.82739
0.82716
0.82693
0.82671
0.82649
0.82627
0.82607
