1
0.97307
0.9642
0.95857
0.95475
0.95245
0.94814
0.94674
0.94293
0.94218
0.93862
0.93523
0.93199
0.92888
0.9259
0.923
0.92025
0.9176
0.91511
0.91273
0.9105
0.90842
0.90649
0.9047
0.90306
0.90155
0.90017
0.8989
0.89771
0.89659
0.89553
0.89449
0.89344
0.89237
0.89125
0.89009
0.8889
0.88766
0.8864
0.88509
0.88376
0.8824
0.88101
0.87961
0.87818
0.87673
0.87527
0.87378
0.87226
0.87072
0.86915
0.86755
0.86592
0.86425
0.86255
0.86082
0.85906
0.85727
0.85546
0.85363
0.85179
0.84995
0.8481
0.84625
0.84441
0.84258
0.84076
0.83897
0.8372
0.83545
0.83374
0.83206
0.83042
0.82882
0.82727
0.82576
0.8243
0.82288
0.82152
0.82021
0.81894
0.81772
0.81655
0.81541
0.81431
0.81325
0.81221
0.81121
0.81023
0.80926
0.80831
0.80738
0.80646
0.80555
0.80464
0.80374
0.80285
0.80197
0.80108
0.80021
0.79934
0.79847
0.79761
0.79676
0.79591
0.79507
0.79423
0.7934
0.79258
0.79177
0.79096
0.79016
0.78937
0.78859
0.78782
0.78706
0.78632
0.78558
0.78486
0.78415
0.78346
0.78278
0.78212
0.78147
0.78084
0.78023
0.77965
0.77908
0.77853
0.778
0.77748
0.77699
0.77652
0.77607
0.77564
0.77522
0.77482
0.77444
0.77406
0.7737
0.77334
0.77299
0.77265
0.77231
0.77198
0.77164
0.77131
0.77097
0.77063
0.77029
0.76994
0.76959
0.76924
0.76887
0.7685
0.76813
0.76775
