1
0.97416
0.96435
0.96224
0.9603
0.95915
0.95546
0.95425
0.95168
0.95118
0.94886
0.94646
0.944
0.94156
0.93917
0.93678
0.93442
0.93201
0.92961
0.92719
0.92482
0.92245
0.92011
0.91777
0.91543
0.91309
0.91074
0.90838
0.90601
0.90366
0.90136
0.89914
0.897
0.89493
0.89293
0.89097
0.88906
0.88718
0.88532
0.88349
0.88167
0.87988
0.87811
0.87637
0.87468
0.87301
0.87139
0.86979
0.86822
0.86667
0.86513
0.86361
0.86208
0.86057
0.85905
0.85754
0.85604
0.85455
0.85308
0.85163
0.8502
0.84879
0.84742
0.84608
0.84478
0.84352
0.84231
0.84115
0.84005
0.839
0.83801
0.83708
0.8362
0.83538
0.8346
0.83388
0.8332
0.83257
0.83199
0.83145
0.83096
0.83051
0.83012
0.82977
0.82948
0.82924
0.82904
0.82889
0.82878
0.82871
0.82867
0.82866
0.82866
0.82868
0.8287
0.82871
0.82872
0.82872
0.82871
0.82869
0.82864
0.82859
0.82851
0.82843
0.82832
0.82821
0.82808
0.82794
0.82779
0.82763
0.82747
0.82731
0.82715
0.827
0.82686
0.82673
0.82663
0.82655
0.82649
0.82646
0.82646
0.82649
0.82655
0.82663
0.82674
0.82686
0.827
0.82714
0.82729
0.82744
0.82758
0.82773
0.82787
0.828
0.82813
0.82825
0.82837
0.82848
0.82859
0.8287
0.8288
0.82889
0.82898
0.82905
0.82912
0.82918
0.82924
0.82928
0.82931
0.82933
0.82933
0.82932
0.82929
0.82925
0.82919
0.82911
0.82901
