1
0.97409
0.96605
0.96098
0.95731
0.95472
0.95043
0.94858
0.94457
0.94333
0.9395
0.93576
0.93211
0.92856
0.92513
0.92179
0.91861
0.91554
0.91262
0.90982
0.90717
0.90465
0.90228
0.90003
0.89791
0.89589
0.89396
0.89212
0.89034
0.88862
0.88696
0.88534
0.88374
0.88216
0.88059
0.87902
0.87747
0.87593
0.87439
0.87285
0.87131
0.86978
0.86825
0.86673
0.86521
0.86371
0.86221
0.86072
0.85925
0.85778
0.85632
0.85486
0.85341
0.85195
0.8505
0.84904
0.84758
0.84611
0.84465
0.84318
0.84172
0.84026
0.83879
0.83734
0.83588
0.83443
0.83298
0.83154
0.83011
0.82868
0.82726
0.82585
0.82446
0.82307
0.82169
0.82033
0.81898
0.81764
0.81633
0.81503
0.81374
0.81248
0.81123
0.81
0.8088
0.80761
0.80645
0.80531
0.80419
0.80309
0.80201
0.80095
0.79992
0.7989
0.79791
0.79693
0.79598
0.79504
0.79413
0.79324
0.79236
0.79151
0.79068
0.78987
0.78908
0.78831
0.78756
0.78684
0.78613
0.78545
0.78479
0.78415
0.78352
0.78293
0.78235
0.78179
0.78125
0.78074
0.78025
0.77978
0.77934
0.77892
0.77852
0.77814
0.77779
0.77746
0.77716
0.77687
0.77661
0.77637
0.77615
0.77594
0.77576
0.77559
0.77543
0.77529
0.77516
0.77504
0.77493
0.77482
0.77472
0.77462
0.77452
0.77442
0.77432
0.77422
0.77411
0.774
0.77388
0.77376
0.77363
0.77349
0.77335
0.7732
0.77304
0.77288
0.77271
