1
0.97498
0.96732
0.96201
0.958
0.95526
0.95077
0.94895
0.94491
0.94376
0.93999
0.93637
0.93282
0.92937
0.926
0.92269
0.91949
0.91636
0.91335
0.91041
0.90758
0.90485
0.90222
0.89967
0.89721
0.89482
0.89251
0.89025
0.88804
0.88588
0.88377
0.8817
0.87965
0.87761
0.87557
0.87352
0.87144
0.86936
0.86725
0.86512
0.86297
0.86083
0.8587
0.85658
0.85449
0.85243
0.8504
0.8484
0.84643
0.84449
0.84258
0.8407
0.83884
0.83702
0.83522
0.83344
0.83169
0.82998
0.82828
0.82662
0.82498
0.82337
0.82178
0.82021
0.81865
0.81712
0.81559
0.81408
0.81258
0.81108
0.80959
0.8081
0.8066
0.80511
0.80361
0.80211
0.8006
0.79907
0.79754
0.79599
0.79442
0.79285
0.79125
0.78965
0.78804
0.78643
0.78482
0.78322
0.78164
0.78007
0.77852
0.777
0.7755
0.77403
0.77258
0.77115
0.76975
0.76838
0.76702
0.76569
0.76437
0.76308
0.7618
0.76054
0.75929
0.75805
0.75682
0.75559
0.75438
0.75318
0.75198
0.75078
0.74959
0.74841
0.74723
0.74605
0.74488
0.74372
0.74256
0.74141
0.74027
0.73914
0.73802
0.73691
0.73582
0.73474
0.73368
0.73263
0.7316
0.73059
0.72961
0.72864
0.7277
0.72678
0.72588
0.72501
0.72417
0.72335
0.72256
0.72179
0.72105
0.72033
0.71963
0.71895
0.7183
0.71765
0.71702
0.71639
0.71575
0.71512
0.71447
0.71381
0.71313
0.71242
0.71169
0.71092
0.71013
