1
0.97592
0.9667
0.96231
0.95806
0.95586
0.95147
0.95001
0.94535
0.94399
0.94001
0.93638
0.93299
0.92967
0.92649
0.92346
0.92059
0.91786
0.91529
0.91281
0.91047
0.90819
0.90601
0.90386
0.90176
0.89968
0.89766
0.89566
0.89369
0.89175
0.88987
0.88801
0.88619
0.88437
0.88257
0.88077
0.87899
0.87721
0.87543
0.87366
0.87187
0.87008
0.86829
0.8665
0.86471
0.86292
0.86114
0.85936
0.85759
0.85582
0.85407
0.85232
0.85057
0.84884
0.84711
0.8454
0.8437
0.84201
0.84034
0.83868
0.83705
0.83543
0.83383
0.83224
0.83067
0.82912
0.82758
0.82604
0.82452
0.823
0.82149
0.81998
0.81848
0.81699
0.81551
0.81405
0.81259
0.81116
0.80975
0.80836
0.807
0.80567
0.80436
0.80309
0.80184
0.80062
0.79942
0.79825
0.79709
0.79596
0.79484
0.79373
0.79264
0.79156
0.79049
0.78943
0.78839
0.78736
0.78634
0.78534
0.78436
0.78339
0.78245
0.78152
0.78062
0.77974
0.77888
0.77805
0.77724
0.77647
0.77572
0.77501
0.77432
0.77367
0.77306
0.77247
0.77193
0.77141
0.77093
0.77049
0.77007
0.76968
0.76932
0.76899
0.76867
0.76838
0.76809
0.76782
0.76756
0.7673
0.76705
0.7668
0.76655
0.7663
0.76605
0.7658
0.76555
0.76529
0.76503
0.76478
0.76452
0.76426
0.764
0.76374
0.76348
0.76322
0.76296
0.76269
0.76244
0.76218
0.76192
0.76167
0.76142
0.76118
0.76094
0.76071
0.76049
