1
0.97309
0.96358
0.95632
0.95057
0.94653
0.93992
0.93765
0.93195
0.93106
0.92598
0.92137
0.91709
0.91313
0.90945
0.90596
0.90269
0.89957
0.89662
0.89377
0.89106
0.88842
0.88588
0.88339
0.88095
0.87855
0.87618
0.87383
0.87151
0.86923
0.86702
0.86489
0.86285
0.8609
0.85904
0.8573
0.85565
0.8541
0.85263
0.85122
0.84986
0.84852
0.8472
0.84586
0.8445
0.84311
0.84168
0.84021
0.83871
0.83717
0.83562
0.83405
0.83247
0.83089
0.8293
0.82771
0.8261
0.8245
0.8229
0.82131
0.81975
0.81821
0.81671
0.81526
0.81385
0.81249
0.81118
0.80992
0.8087
0.80753
0.80639
0.8053
0.80423
0.80321
0.8022
0.80123
0.80027
0.79933
0.7984
0.79748
0.79656
0.79563
0.7947
0.79375
0.79279
0.7918
0.79079
0.78975
0.78868
0.78758
0.78646
0.78531
0.78414
0.78296
0.78177
0.78057
0.77939
0.7782
0.77704
0.77588
0.77474
0.77362
0.77251
0.77142
0.77035
0.76929
0.76824
0.76721
0.76618
0.76517
0.76416
0.76315
0.76215
0.76116
0.76016
0.75917
0.75819
0.7572
0.75621
0.75522
0.75423
0.75324
0.75225
0.75126
0.75027
0.74928
0.74828
0.74728
0.74628
0.74528
0.74428
0.74327
0.74226
0.74124
0.74021
0.73918
0.73814
0.73709
0.73603
0.73496
0.73387
0.73276
0.73164
0.7305
0.72934
0.72816
0.72696
0.72576
0.72455
0.72333
0.72212
0.72092
0.71972
0.71855
0.71741
0.71629
0.71521
