1
0.97315
0.96475
0.95913
0.95479
0.95173
0.94651
0.94452
0.93976
0.93858
0.93416
0.92997
0.9259
0.92201
0.91827
0.91466
0.91121
0.90789
0.9047
0.90161
0.89864
0.89576
0.89298
0.89025
0.88758
0.88496
0.88239
0.87985
0.87733
0.87486
0.87243
0.87006
0.86772
0.86543
0.86317
0.86096
0.85878
0.85665
0.85456
0.85249
0.85046
0.84845
0.84647
0.84453
0.84262
0.84074
0.8389
0.8371
0.83534
0.8336
0.83191
0.83025
0.82862
0.82701
0.82543
0.82387
0.82234
0.82083
0.81935
0.81788
0.81645
0.81503
0.81364
0.81227
0.81092
0.8096
0.80829
0.80701
0.80575
0.80451
0.80329
0.80209
0.80091
0.79974
0.7986
0.79747
0.79636
0.79527
0.79419
0.79313
0.79209
0.79106
0.79005
0.78905
0.78807
0.7871
0.78615
0.78521
0.78429
0.78338
0.78249
0.78161
0.78074
0.77988
0.77904
0.77821
0.77739
0.77658
0.77578
0.77499
0.77422
0.77345
0.77269
0.77194
0.7712
0.77047
0.76974
0.76902
0.76831
0.7676
0.7669
0.76621
0.76553
0.76485
0.76418
0.76352
0.76286
0.76222
0.76158
0.76096
0.76034
0.75974
0.75914
0.75855
0.75797
0.7574
0.75684
0.75628
0.75573
0.75517
0.75462
0.75407
0.75352
0.75296
0.75239
0.75182
0.75123
0.75063
0.75002
0.7494
0.74876
0.7481
0.74743
0.74674
0.74603
0.7453
0.74456
0.7438
0.74302
0.74223
0.74143
0.74061
0.73977
0.73892
0.73806
0.73718
0.73628
