1
0.97523
0.96769
0.96213
0.95809
0.95528
0.95067
0.94877
0.94463
0.94349
0.93968
0.93606
0.93255
0.92914
0.92583
0.92258
0.91942
0.91631
0.91328
0.91027
0.90733
0.90441
0.90153
0.89866
0.8958
0.89295
0.8901
0.88727
0.88445
0.88167
0.87897
0.87633
0.87378
0.8713
0.86891
0.8666
0.86437
0.86221
0.86012
0.85808
0.8561
0.85417
0.85229
0.85045
0.84867
0.84692
0.84523
0.84357
0.84197
0.8404
0.83888
0.8374
0.83596
0.83456
0.83319
0.83185
0.83055
0.82929
0.82806
0.82687
0.82572
0.82461
0.82353
0.82249
0.8215
0.82054
0.81961
0.81872
0.81787
0.81705
0.81626
0.8155
0.81477
0.81407
0.81339
0.81273
0.8121
0.81149
0.81089
0.81031
0.80975
0.8092
0.80866
0.80813
0.80761
0.80709
0.80658
0.80607
0.80556
0.80506
0.80455
0.80405
0.80354
0.80303
0.80251
0.802
0.80148
0.80096
0.80044
0.79992
0.7994
0.79889
0.79838
0.79787
0.79737
0.79688
0.79639
0.79591
0.79544
0.79497
0.79452
0.79407
0.79363
0.7932
0.79278
0.79238
0.79197
0.79158
0.7912
0.79082
0.79045
0.79009
0.78972
0.78937
0.78901
0.78864
0.78827
0.7879
0.78751
0.78711
0.7867
0.78628
0.78584
0.7854
0.78494
0.78448
0.78401
0.78352
0.78304
0.78255
0.78205
0.78155
0.78105
0.78055
0.78006
0.77956
0.77907
0.77857
0.77808
0.7776
0.77712
0.77665
0.77618
0.77571
0.77526
0.77481
0.77436
