1
0.97399
0.96598
0.96052
0.95639
0.95353
0.94869
0.94672
0.94227
0.94096
0.93674
0.93268
0.92874
0.92495
0.92131
0.9178
0.91445
0.91123
0.90816
0.9052
0.90238
0.89965
0.89704
0.89451
0.89207
0.8897
0.8874
0.88515
0.88294
0.88079
0.87869
0.87662
0.87459
0.87257
0.87055
0.86853
0.86649
0.86445
0.8624
0.86033
0.85826
0.8562
0.85415
0.85214
0.85016
0.84821
0.8463
0.84442
0.84258
0.84077
0.839
0.83725
0.83553
0.83383
0.83216
0.83051
0.82889
0.82729
0.82571
0.82415
0.82261
0.82109
0.81959
0.81809
0.81661
0.81514
0.81368
0.81222
0.81076
0.8093
0.80784
0.80638
0.80491
0.80344
0.80195
0.80046
0.79895
0.79743
0.7959
0.79434
0.79277
0.79119
0.78958
0.78797
0.78634
0.78472
0.78309
0.78147
0.77987
0.77828
0.77671
0.77516
0.77364
0.77214
0.77067
0.76921
0.76779
0.76638
0.76499
0.76363
0.76229
0.76096
0.75966
0.75837
0.75709
0.75583
0.75458
0.75334
0.75212
0.7509
0.74969
0.74849
0.74731
0.74613
0.74496
0.7438
0.74265
0.74151
0.74038
0.73927
0.73817
0.73709
0.73602
0.73498
0.73395
0.73294
0.73196
0.73099
0.73006
0.72914
0.72826
0.7274
0.72657
0.72578
0.72502
0.72429
0.72359
0.72293
0.72231
0.72172
0.72117
0.72065
0.72017
0.71973
0.71932
0.71894
0.71858
0.71825
0.71793
0.71763
0.71734
0.71704
0.71674
0.71644
0.71612
0.71578
0.71543
