1
0.97496
0.96723
0.96222
0.95851
0.95593
0.95167
0.94981
0.94581
0.94442
0.94049
0.93659
0.93268
0.92877
0.9249
0.92105
0.9173
0.91361
0.91004
0.90655
0.90319
0.89995
0.89684
0.89382
0.89091
0.88809
0.88535
0.88268
0.88007
0.87753
0.87506
0.87266
0.87032
0.86803
0.86579
0.8636
0.86145
0.85935
0.85729
0.85526
0.85326
0.85128
0.84933
0.8474
0.8455
0.84364
0.8418
0.84
0.83822
0.83648
0.83477
0.83309
0.83144
0.82981
0.82821
0.82663
0.82507
0.82354
0.82203
0.82055
0.81909
0.81766
0.81626
0.81488
0.81352
0.81219
0.81089
0.80961
0.80836
0.80713
0.80593
0.80475
0.80359
0.80246
0.80135
0.80026
0.79919
0.79815
0.79712
0.79612
0.79514
0.79417
0.79323
0.79231
0.7914
0.79052
0.78965
0.7888
0.78797
0.78715
0.78636
0.78558
0.78481
0.78406
0.78333
0.78261
0.7819
0.78121
0.78053
0.77987
0.77921
0.77857
0.77794
0.77732
0.77672
0.77612
0.77554
0.77497
0.7744
0.77385
0.7733
0.77276
0.77223
0.77171
0.77119
0.77068
0.77018
0.76968
0.76919
0.7687
0.76823
0.76775
0.76729
0.76683
0.76638
0.76593
0.7655
0.76506
0.76463
0.76421
0.76379
0.76337
0.76295
0.76254
0.76212
0.7617
0.76127
0.76084
0.7604
0.75995
0.75948
0.759
0.7585
0.75798
0.75744
0.75687
0.75627
0.75564
0.75499
0.75429
0.75357
0.75281
0.75203
0.75121
0.75036
0.74949
0.74861
