1
0.97631
0.96606
0.96213
0.95863
0.95521
0.95144
0.94808
0.94562
0.94346
0.94044
0.93638
0.93279
0.92916
0.9257
0.92236
0.91922
0.91618
0.91328
0.91046
0.90777
0.9052
0.90279
0.9005
0.89839
0.89646
0.89474
0.89323
0.89194
0.89084
0.88989
0.88905
0.8883
0.88765
0.88709
0.88661
0.88619
0.88581
0.88541
0.88496
0.88444
0.88384
0.88316
0.88243
0.88166
0.88087
0.88007
0.8793
0.87856
0.87786
0.87722
0.87664
0.87612
0.87567
0.87529
0.87499
0.87474
0.87456
0.87443
0.87434
0.87427
0.87422
0.87418
0.87413
0.87409
0.87403
0.87397
0.87389
0.87381
0.87371
0.87359
0.87346
0.87332
0.87316
0.873
0.87285
0.8727
0.87256
0.87243
0.87231
0.87221
0.87212
0.87204
0.87198
0.87193
0.8719
0.87187
0.87186
0.87186
0.87186
0.87186
0.87187
0.87188
0.87189
0.87189
0.87189
0.87188
0.87186
0.87183
0.87179
0.87175
0.87169
0.87162
0.87154
0.87145
0.87135
0.87123
0.87111
0.87099
0.87087
0.87076
0.87066
0.87058
0.87052
0.87048
0.87048
0.87051
0.87058
0.87068
0.87082
0.87099
0.87119
0.87142
0.87167
0.87194
0.87222
0.87252
0.87282
0.87313
0.87344
0.87376
0.87407
0.87439
0.8747
0.87502
0.87533
0.87565
0.87597
0.87629
0.87661
0.87693
0.87725
0.87757
0.8779
0.87822
0.87854
0.87886
0.87918
0.8795
0.87981
0.88011
0.88041
0.8807
0.88098
0.88126
0.88152
0.88176
