1
0.9753
0.9686
0.96319
0.95945
0.95676
0.95249
0.95085
0.94715
0.94621
0.94288
0.93979
0.9368
0.93397
0.93127
0.9287
0.92629
0.92399
0.92179
0.91964
0.91757
0.91552
0.9135
0.91148
0.90946
0.90742
0.90538
0.90331
0.90125
0.89927
0.89743
0.8957
0.89405
0.89248
0.89097
0.88952
0.88813
0.88681
0.88553
0.8843
0.88311
0.88196
0.88083
0.87975
0.87868
0.87763
0.87661
0.8756
0.8746
0.87362
0.87264
0.87168
0.87072
0.86977
0.86882
0.86788
0.86695
0.86602
0.86512
0.86422
0.86334
0.86248
0.86164
0.86083
0.86003
0.85927
0.85852
0.85781
0.85711
0.85645
0.8558
0.85518
0.85458
0.854
0.85343
0.85288
0.85234
0.85181
0.85129
0.85077
0.85026
0.84975
0.84924
0.84873
0.84823
0.84772
0.84722
0.84673
0.84623
0.84574
0.84525
0.84476
0.84428
0.84381
0.84333
0.84286
0.8424
0.84194
0.84148
0.84103
0.84059
0.84015
0.83972
0.83929
0.83887
0.83845
0.83803
0.83763
0.83722
0.83682
0.83643
0.83604
0.83565
0.83526
0.83488
0.83449
0.83411
0.83374
0.83336
0.83298
0.8326
0.83222
0.83184
0.83146
0.83108
0.83069
0.83031
0.82992
0.82952
0.82912
0.82871
0.8283
0.82789
0.82747
0.82704
0.8266
0.82616
0.82571
0.82525
0.82479
0.82432
0.82384
0.82336
0.82287
0.82238
0.82189
0.8214
0.82091
0.82042
0.81993
0.81945
0.81897
0.8185
0.81804
0.81758
0.81713
0.81669
