1
0.9741
0.96589
0.96053
0.95675
0.95405
0.94947
0.94755
0.94331
0.94211
0.93809
0.93422
0.93042
0.92673
0.92314
0.91962
0.91624
0.91294
0.90978
0.90671
0.90379
0.90097
0.8983
0.89574
0.8933
0.89096
0.88873
0.88658
0.88451
0.88251
0.88058
0.87871
0.8769
0.87513
0.87339
0.8717
0.87004
0.86843
0.86686
0.86532
0.86382
0.86235
0.86091
0.85951
0.85815
0.85682
0.85551
0.85422
0.85294
0.85166
0.85036
0.84904
0.84768
0.84626
0.84479
0.84325
0.84164
0.83998
0.83828
0.83654
0.83478
0.833
0.83121
0.82941
0.82759
0.82576
0.82392
0.82208
0.82025
0.81843
0.81664
0.81488
0.81317
0.81151
0.8099
0.80835
0.80685
0.8054
0.804
0.80265
0.80134
0.80008
0.79885
0.79767
0.79652
0.7954
0.79431
0.79325
0.79222
0.79121
0.79022
0.78924
0.78828
0.78732
0.78636
0.78541
0.78445
0.78348
0.78249
0.7815
0.78049
0.77946
0.77842
0.77736
0.77628
0.7752
0.77411
0.77301
0.77192
0.77084
0.76977
0.76872
0.7677
0.7667
0.76573
0.76479
0.76388
0.76301
0.76218
0.76137
0.7606
0.75985
0.75914
0.75846
0.7578
0.75716
0.75655
0.75596
0.75539
0.75484
0.7543
0.75377
0.75325
0.75274
0.75224
0.75174
0.75124
0.75074
0.75024
0.74974
0.74923
0.74871
0.74818
0.74765
0.7471
0.74655
0.74598
0.7454
0.74482
0.74422
0.74361
0.74299
0.74237
0.74173
0.74109
0.74044
0.73979
