1
0.9744
0.96632
0.96105
0.95723
0.95457
0.95017
0.94843
0.94449
0.94353
0.93992
0.93652
0.93324
0.9301
0.92709
0.92416
0.92138
0.91868
0.91612
0.91362
0.91126
0.90898
0.90682
0.90473
0.90275
0.90084
0.89901
0.89724
0.89552
0.89386
0.89225
0.8907
0.88917
0.88768
0.88621
0.88476
0.88334
0.88195
0.88057
0.87921
0.87785
0.8765
0.87515
0.87379
0.87244
0.87107
0.8697
0.86833
0.86695
0.86555
0.86416
0.86275
0.86133
0.8599
0.85847
0.85702
0.85558
0.85413
0.85268
0.85124
0.8498
0.84837
0.84696
0.84557
0.84419
0.84283
0.84149
0.84017
0.83887
0.8376
0.83634
0.83511
0.83389
0.83269
0.8315
0.83034
0.82918
0.82803
0.82689
0.82577
0.82465
0.82353
0.82242
0.82132
0.82022
0.81913
0.81805
0.81698
0.81591
0.81486
0.81382
0.81278
0.81176
0.81075
0.80975
0.80877
0.8078
0.80684
0.8059
0.80497
0.80406
0.80317
0.80229
0.80143
0.80058
0.79975
0.79894
0.79814
0.79736
0.7966
0.79585
0.79512
0.79441
0.79372
0.79304
0.79237
0.79173
0.7911
0.79049
0.78989
0.78931
0.78875
0.7882
0.78767
0.78716
0.78666
0.78617
0.7857
0.78524
0.78478
0.78435
0.78392
0.78349
0.78307
0.78266
0.78225
0.78183
0.78142
0.781
0.78058
0.78015
0.77971
0.77927
0.77881
0.77835
0.77788
0.7774
0.77692
0.77642
0.77592
0.77542
0.77491
0.7744
0.77388
0.77337
0.77285
0.77233
