1
0.97365
0.96477
0.95843
0.95364
0.95041
0.945
0.94309
0.93835
0.9374
0.93303
0.92891
0.92495
0.92115
0.9175
0.91395
0.91055
0.90725
0.90409
0.90101
0.89807
0.89523
0.8925
0.88986
0.88732
0.88485
0.88245
0.88011
0.87782
0.87558
0.8734
0.87127
0.86919
0.86715
0.86514
0.86316
0.86121
0.85928
0.85738
0.85549
0.85361
0.85175
0.84991
0.84808
0.84628
0.84451
0.84277
0.84106
0.83938
0.83774
0.83613
0.83454
0.83299
0.83145
0.82994
0.82845
0.82698
0.82553
0.8241
0.82268
0.82128
0.81991
0.81855
0.8172
0.81588
0.81458
0.81329
0.81203
0.81079
0.80958
0.80838
0.80722
0.80607
0.80496
0.80387
0.80281
0.80178
0.80077
0.79979
0.79884
0.79791
0.797
0.79612
0.79525
0.79441
0.79358
0.79277
0.79197
0.79118
0.79041
0.78965
0.78889
0.78813
0.78738
0.78663
0.78589
0.78514
0.78439
0.78365
0.7829
0.78215
0.78141
0.78067
0.77993
0.77918
0.77844
0.77769
0.77695
0.77619
0.77543
0.77466
0.77388
0.77307
0.77225
0.7714
0.77052
0.76961
0.76867
0.7677
0.76668
0.76563
0.76456
0.76346
0.76234
0.76121
0.76009
0.75897
0.75788
0.7568
0.75576
0.75475
0.75377
0.75283
0.75193
0.75107
0.75023
0.74943
0.74866
0.74792
0.74719
0.74649
0.7458
0.74513
0.74446
0.7438
0.74315
0.7425
0.74185
0.74119
0.74053
0.73986
0.73918
0.7385
0.7378
0.7371
0.73639
0.73567
