1
1.4784
1.2507
1.2959
1.3178
1.2745
1.4334
1.3599
1.4876
1.5077
1.6047
1.6878
1.7719
1.8518
1.9237
1.9893
2.0546
2.1142
2.1725
2.2254
2.2771
2.325
2.372
2.417
2.4615
2.505
2.5484
2.5913
2.6339
2.676
2.7174
2.7577
2.7968
2.8346
2.8709
2.9059
2.9393
2.9712
3.0017
3.0309
3.0588
3.0856
3.1115
3.1365
3.1608
3.1846
3.2079
3.2309
3.2537
3.2763
3.2988
3.3214
3.3439
3.3666
3.3893
3.4122
3.4353
3.4586
3.482
3.5055
3.5293
3.5531
3.577
3.6009
3.6249
3.6488
3.6726
3.6963
3.7197
3.7429
3.7659
3.7885
3.8107
3.8326
3.8542
3.8754
3.8963
3.9168
3.9371
3.957
3.9766
3.9959
4.0149
4.0336
4.052
4.0701
4.0879
4.1054
4.1225
4.1394
4.1561
4.1725
4.1886
4.2045
4.2202
4.2356
4.2509
4.266
4.2809
4.2956
4.3101
4.3245
4.3388
4.3529
4.3668
4.3807
4.3944
4.408
4.4215
4.4349
4.4482
4.4615
4.4747
4.4878
4.5009
4.514
4.527
4.54
4.553
4.5659
4.5789
4.5918
4.6048
4.6177
4.6307
4.6437
4.6567
4.6697
4.6828
4.6959
4.709
4.7222
4.7354
4.7487
4.7621
4.7754
4.7889
4.8024
4.8159
4.8295
4.8432
4.8569
4.8706
4.8844
4.8982
4.912
4.9258
4.9396
4.9535
4.9673
4.9811
4.9948
5.0085
5.0222
5.0358
5.0494
5.0629
