1
0.97365
0.96544
0.95935
0.95492
0.95207
0.94719
0.94579
0.94179
0.9414
0.93802
0.93506
0.9324
0.93004
0.92792
0.92597
0.92422
0.9226
0.92113
0.91975
0.9185
0.91732
0.91623
0.91519
0.9142
0.91325
0.91233
0.91145
0.9106
0.9098
0.9091
0.9085
0.90802
0.90768
0.90749
0.90747
0.90763
0.90799
0.90855
0.90931
0.91029
0.91149
0.91293
0.9146
0.9165
0.9186
0.92088
0.92329
0.9258
0.92835
0.93092
0.93348
0.93602
0.93852
0.94099
0.94344
0.94585
0.94825
0.95062
0.95299
0.95534
0.95769
0.96003
0.96237
0.9647
0.96704
0.96937
0.9717
0.97403
0.97635
0.97867
0.98099
0.9833
0.9856
0.9879
0.99018
0.99246
0.99474
0.997
0.99925
1.0015
1.0037
1.0059
1.0081
1.0103
1.0125
1.0146
1.0168
1.0189
1.021
1.0231
1.0252
1.0272
1.0293
1.0313
1.0333
1.0353
1.0373
1.0393
1.0413
1.0432
1.0452
1.0471
1.0491
1.051
1.0529
1.0548
1.0567
1.0586
1.0605
1.0624
1.0643
1.0661
1.068
1.0698
1.0716
1.0734
1.0752
1.077
1.0788
1.0806
1.0823
1.0841
1.0858
1.0875
1.0892
1.0909
1.0926
1.0942
1.0959
1.0975
1.0991
1.1007
1.1023
1.1039
1.1054
1.107
1.1085
1.11
1.1115
1.113
1.1145
1.116
1.1175
1.1189
1.1204
1.1218
1.1233
1.1247
1.1261
1.1275
1.1289
1.1303
1.1317
1.1331
1.1344
1.1358
