1
0.97342
0.96387
0.95748
0.95257
0.949
0.94302
0.94077
0.93539
0.93417
0.92919
0.92449
0.92002
0.9158
0.91183
0.90807
0.90457
0.90125
0.89816
0.89524
0.8925
0.8899
0.88745
0.88508
0.88282
0.88064
0.87854
0.87648
0.87449
0.87258
0.87073
0.86894
0.86718
0.86546
0.86377
0.8621
0.86047
0.85886
0.85727
0.8557
0.85413
0.85257
0.85101
0.84946
0.84791
0.84638
0.84486
0.84334
0.84184
0.84035
0.83887
0.8374
0.83594
0.83447
0.833
0.83153
0.83006
0.82858
0.8271
0.82562
0.82414
0.82266
0.82119
0.81971
0.81824
0.81677
0.81531
0.81384
0.81239
0.81093
0.80949
0.80805
0.80662
0.80519
0.80377
0.80236
0.80096
0.79956
0.79817
0.79679
0.79542
0.79406
0.79271
0.79137
0.79003
0.78871
0.7874
0.7861
0.78481
0.78353
0.78227
0.78102
0.77978
0.77855
0.77732
0.77611
0.77491
0.77372
0.77254
0.77137
0.7702
0.76905
0.7679
0.76677
0.76565
0.76454
0.76344
0.76235
0.76127
0.76021
0.75917
0.75814
0.75712
0.75613
0.75515
0.7542
0.75326
0.75235
0.75147
0.7506
0.74977
0.74896
0.74817
0.74742
0.74669
0.74599
0.74533
0.7447
0.7441
0.74354
0.74302
0.74253
0.74208
0.74166
0.74128
0.74094
0.74062
0.74033
0.74006
0.7398
0.73956
0.73932
0.73907
0.73881
0.73855
0.73826
0.73796
0.73765
0.7373
0.73694
0.73656
0.73616
0.73573
0.73529
0.73482
0.73434
0.73384
