1
0.97444
0.96676
0.96045
0.95556
0.95258
0.9473
0.94516
0.9405
0.93935
0.93514
0.93117
0.92744
0.92388
0.92052
0.91719
0.91404
0.91109
0.90826
0.90557
0.90294
0.90041
0.89795
0.89555
0.89322
0.89094
0.88871
0.88652
0.88435
0.88222
0.88014
0.87809
0.87608
0.87409
0.87214
0.87023
0.86835
0.8665
0.8647
0.86292
0.86118
0.85948
0.85782
0.85621
0.85465
0.85314
0.8517
0.85032
0.849
0.84775
0.84657
0.84546
0.8444
0.8434
0.84245
0.84154
0.84066
0.83981
0.83897
0.83815
0.83733
0.8365
0.83567
0.83483
0.83399
0.83313
0.83227
0.83141
0.83055
0.82968
0.82883
0.82797
0.82713
0.8263
0.82548
0.82467
0.82388
0.8231
0.82234
0.82159
0.82086
0.82013
0.81942
0.81873
0.81804
0.81736
0.81669
0.81602
0.81536
0.81471
0.81406
0.8134
0.81275
0.81209
0.81144
0.81077
0.81011
0.80944
0.80877
0.8081
0.80742
0.80675
0.80608
0.80541
0.80474
0.80407
0.80341
0.80274
0.80208
0.80141
0.80075
0.80007
0.79939
0.7987
0.798
0.79728
0.79654
0.79579
0.79501
0.79422
0.7934
0.79256
0.79171
0.79085
0.78998
0.78912
0.78826
0.78742
0.7866
0.7858
0.78503
0.78429
0.78358
0.78289
0.78224
0.78161
0.781
0.78042
0.77987
0.77933
0.77881
0.77831
0.77782
0.77735
0.77689
0.77644
0.776
0.77557
0.77514
0.77473
0.77432
0.77391
0.77351
0.77311
0.77271
0.77231
0.77192
