1
0.97435
0.96619
0.96048
0.9563
0.95347
0.94873
0.94694
0.94271
0.94169
0.93777
0.93405
0.93046
0.92698
0.92361
0.92028
0.91707
0.91391
0.91087
0.90787
0.90496
0.90209
0.89927
0.89648
0.89373
0.89104
0.88843
0.88588
0.88337
0.88093
0.87855
0.87622
0.87392
0.87162
0.86932
0.86698
0.86462
0.86223
0.85983
0.8574
0.85496
0.85252
0.85008
0.84763
0.84519
0.84276
0.84034
0.83795
0.83559
0.83327
0.831
0.82876
0.82657
0.82442
0.8223
0.82021
0.81814
0.81609
0.81406
0.81204
0.81003
0.80802
0.80603
0.80404
0.80206
0.8001
0.79815
0.79623
0.79432
0.79245
0.79061
0.7888
0.78704
0.78531
0.78362
0.78198
0.78038
0.77882
0.7773
0.77583
0.77439
0.77299
0.77162
0.77029
0.769
0.76774
0.76652
0.76532
0.76416
0.76302
0.76191
0.76083
0.75977
0.75873
0.75772
0.75673
0.75575
0.75479
0.75386
0.75293
0.75202
0.75113
0.75025
0.74939
0.74853
0.74769
0.74685
0.74603
0.74522
0.74441
0.74362
0.74283
0.74205
0.74129
0.74053
0.73978
0.73904
0.73831
0.73759
0.73687
0.73617
0.73547
0.73478
0.7341
0.73343
0.73276
0.73211
0.73145
0.73081
0.73017
0.72954
0.72891
0.72829
0.72767
0.72706
0.72645
0.72584
0.72524
0.72463
0.72403
0.72342
0.72281
0.72219
0.72157
0.72094
0.72029
0.71964
0.71896
0.71827
0.71756
0.71683
0.71607
0.7153
0.7145
0.71367
0.71282
0.71194
