1
0.97411
0.96611
0.96056
0.9563
0.95323
0.94813
0.94603
0.94143
0.94022
0.93597
0.93194
0.92805
0.9243
0.9207
0.91718
0.91381
0.91054
0.90742
0.90439
0.9015
0.89873
0.8961
0.89356
0.89114
0.8888
0.88656
0.88439
0.88228
0.88024
0.87829
0.87641
0.8746
0.87285
0.87116
0.86951
0.86791
0.86636
0.86484
0.86334
0.86187
0.86041
0.85897
0.85754
0.85613
0.85474
0.85336
0.852
0.85065
0.84932
0.848
0.84669
0.84539
0.8441
0.84281
0.84153
0.84025
0.83898
0.83772
0.83646
0.83521
0.83397
0.83274
0.83151
0.8303
0.82909
0.82789
0.8267
0.82551
0.82434
0.82319
0.82204
0.82091
0.81979
0.81869
0.81761
0.81655
0.81551
0.81449
0.81349
0.81251
0.81155
0.81062
0.80971
0.80883
0.80796
0.80712
0.80631
0.80551
0.80473
0.80397
0.80323
0.80251
0.80181
0.80112
0.80044
0.79977
0.79912
0.79847
0.79783
0.79719
0.79655
0.79592
0.79529
0.79465
0.794
0.79335
0.79268
0.79199
0.79129
0.79057
0.78982
0.78904
0.78824
0.78741
0.78656
0.78568
0.78478
0.78385
0.78292
0.78197
0.78102
0.78007
0.77912
0.77818
0.77725
0.77633
0.77543
0.77454
0.77367
0.77281
0.77198
0.77115
0.77034
0.76954
0.76876
0.76798
0.76721
0.76644
0.76568
0.76492
0.76416
0.7634
0.76263
0.76186
0.76108
0.7603
0.75951
0.7587
0.75789
0.75707
0.75624
0.7554
0.75455
0.7537
0.75284
0.75197
