1
0.97503
0.96741
0.96189
0.95795
0.95532
0.95088
0.94913
0.94517
0.94413
0.94048
0.937
0.93358
0.93025
0.92699
0.92374
0.92058
0.91744
0.91437
0.91131
0.90831
0.90532
0.90237
0.89943
0.89649
0.89356
0.89062
0.8877
0.88478
0.88191
0.87909
0.87635
0.87369
0.87111
0.86862
0.86621
0.86389
0.86165
0.85949
0.8574
0.85538
0.85342
0.85154
0.84971
0.84796
0.84628
0.84466
0.84311
0.84162
0.8402
0.83885
0.83755
0.8363
0.83511
0.83397
0.83287
0.83182
0.83082
0.82985
0.82894
0.82806
0.82722
0.82643
0.82567
0.82495
0.82426
0.82361
0.82299
0.8224
0.82183
0.82129
0.82077
0.82026
0.81976
0.81927
0.81878
0.8183
0.81781
0.81732
0.81681
0.81628
0.81574
0.81516
0.81456
0.81394
0.81327
0.81259
0.81187
0.81112
0.81035
0.80954
0.80871
0.80785
0.80696
0.80604
0.80508
0.8041
0.80308
0.80204
0.80098
0.7999
0.79883
0.79777
0.79673
0.79572
0.79475
0.79381
0.79292
0.79208
0.79127
0.7905
0.78977
0.78907
0.7884
0.78776
0.78714
0.78655
0.78597
0.7854
0.78485
0.78431
0.78378
0.78326
0.78274
0.78222
0.78171
0.78119
0.78068
0.78017
0.77965
0.77913
0.77862
0.7781
0.77758
0.77707
0.77655
0.77603
0.77552
0.775
0.77447
0.77395
0.77343
0.77291
0.77238
0.77186
0.77133
0.7708
0.77027
0.76974
0.76921
0.76869
0.76816
0.76764
0.76712
0.7666
0.7661
0.76559
