1
0.97623
0.967
0.96245
0.95865
0.95633
0.95216
0.95091
0.9465
0.94548
0.94196
0.93889
0.93594
0.93316
0.93048
0.92784
0.92531
0.9228
0.92037
0.91795
0.91558
0.91322
0.91089
0.90855
0.90623
0.90392
0.90164
0.89938
0.89717
0.89503
0.89297
0.89099
0.88909
0.88727
0.88551
0.88381
0.88217
0.88057
0.87902
0.87749
0.876
0.87452
0.87306
0.87163
0.87021
0.86881
0.86743
0.86607
0.86472
0.86338
0.86205
0.86073
0.85941
0.85809
0.85677
0.85544
0.85411
0.85277
0.85142
0.85007
0.84871
0.84734
0.84597
0.8446
0.84322
0.84185
0.84047
0.8391
0.83774
0.83639
0.83505
0.83372
0.83241
0.83112
0.82985
0.82861
0.82739
0.8262
0.82505
0.82394
0.82286
0.82182
0.82082
0.81985
0.81892
0.81802
0.81716
0.81632
0.81551
0.81471
0.81393
0.81317
0.81241
0.81167
0.81092
0.81019
0.80945
0.80873
0.80801
0.8073
0.8066
0.80591
0.80524
0.80458
0.80394
0.80331
0.80271
0.80213
0.80158
0.80105
0.80055
0.80008
0.79965
0.79924
0.79888
0.79855
0.79825
0.79799
0.79776
0.79757
0.79742
0.79729
0.79719
0.79711
0.79706
0.79702
0.79699
0.79697
0.79696
0.79695
0.79694
0.79693
0.79692
0.7969
0.79688
0.79686
0.79683
0.79679
0.79675
0.79671
0.79666
0.7966
0.79653
0.79646
0.79639
0.79631
0.79622
0.79612
0.79602
0.79592
0.79581
0.7957
0.79558
0.79546
0.79534
0.79522
0.7951
