1
0.97629
0.96677
0.96131
0.95737
0.95422
0.95009
0.94814
0.94423
0.94397
0.94038
0.93742
0.93425
0.93142
0.92875
0.92621
0.92383
0.92153
0.91935
0.91724
0.91523
0.91329
0.91144
0.90964
0.90793
0.90628
0.90472
0.90323
0.90182
0.90052
0.89932
0.89821
0.89717
0.89619
0.89525
0.89436
0.89349
0.89266
0.89185
0.89106
0.89028
0.88952
0.88877
0.88804
0.88732
0.88662
0.88594
0.88528
0.88464
0.88404
0.88346
0.8829
0.88236
0.88183
0.8813
0.88077
0.88023
0.8797
0.87916
0.87862
0.87808
0.87753
0.87698
0.87644
0.87589
0.87534
0.87479
0.87424
0.8737
0.87315
0.87261
0.87206
0.87152
0.87098
0.87044
0.8699
0.86936
0.86881
0.86827
0.86772
0.86716
0.8666
0.86604
0.86547
0.8649
0.86433
0.86376
0.8632
0.86264
0.86209
0.86156
0.86104
0.86053
0.86004
0.85957
0.85912
0.8587
0.85831
0.85796
0.85766
0.85741
0.85723
0.85713
0.85711
0.8572
0.85741
0.85775
0.85822
0.85881
0.85949
0.86023
0.86097
0.86168
0.86234
0.86292
0.86341
0.86383
0.86417
0.86443
0.86463
0.86477
0.86484
0.86487
0.86485
0.86478
0.86467
0.86452
0.86433
0.8641
0.86385
0.86357
0.86325
0.86291
0.86254
0.86215
0.86173
0.86129
0.86083
0.86035
0.85985
0.85933
0.8588
0.85825
0.85768
0.85711
0.85653
0.85594
0.85536
0.85478
0.8542
0.85364
0.85309
0.85257
0.85207
0.85161
0.85118
0.85081
