1
0.97258
0.96171
0.95826
0.9552
0.9535
0.94882
0.94763
0.94431
0.94422
0.94144
0.9388
0.93629
0.93395
0.93178
0.92967
0.92766
0.92564
0.92367
0.92167
0.91972
0.91776
0.91582
0.91386
0.9119
0.9099
0.90788
0.90583
0.90375
0.90167
0.89964
0.89768
0.89578
0.89395
0.89216
0.89041
0.88868
0.88696
0.88525
0.88355
0.88185
0.88016
0.8785
0.87686
0.87525
0.87368
0.87215
0.87064
0.86917
0.86771
0.86627
0.86483
0.8634
0.86196
0.86052
0.85908
0.85764
0.8562
0.85477
0.85334
0.85194
0.85055
0.84918
0.84784
0.84654
0.84528
0.84407
0.84291
0.84181
0.84077
0.8398
0.83889
0.83805
0.83727
0.83656
0.8359
0.8353
0.83476
0.83426
0.83382
0.83343
0.83308
0.83279
0.83254
0.83234
0.83218
0.83206
0.83198
0.83193
0.83191
0.8319
0.83191
0.83192
0.83193
0.83193
0.83191
0.83188
0.83182
0.83174
0.83164
0.83151
0.83136
0.83119
0.831
0.83079
0.83057
0.83033
0.83008
0.82981
0.82953
0.82923
0.82891
0.82858
0.82822
0.82784
0.82744
0.82702
0.82657
0.8261
0.82561
0.8251
0.82458
0.82404
0.8235
0.82296
0.82242
0.8219
0.8214
0.82091
0.82046
0.82004
0.81965
0.81929
0.81897
0.81869
0.81845
0.81823
0.81805
0.8179
0.81778
0.81769
0.81762
0.81757
0.81755
0.81754
0.81755
0.81758
0.81762
0.81768
0.81774
0.81781
0.8179
0.81799
0.81808
0.81818
0.81828
0.81838
