1
0.9735
0.96515
0.95927
0.95472
0.95145
0.94589
0.94375
0.93878
0.93769
0.93323
0.92911
0.92521
0.92154
0.91809
0.91479
0.91168
0.90869
0.90586
0.90311
0.9005
0.89797
0.89554
0.89318
0.8909
0.88868
0.88652
0.88442
0.88237
0.88039
0.8785
0.87669
0.87497
0.87332
0.87174
0.87024
0.86881
0.86745
0.86614
0.86487
0.86365
0.86245
0.86128
0.86012
0.85898
0.85785
0.85673
0.85561
0.8545
0.85339
0.85228
0.85117
0.85006
0.84896
0.84785
0.84674
0.84563
0.84453
0.84344
0.84235
0.84127
0.84021
0.83916
0.83812
0.8371
0.83609
0.83511
0.83414
0.83319
0.83226
0.83135
0.83045
0.82957
0.8287
0.82785
0.82701
0.82618
0.82536
0.82455
0.82375
0.82296
0.82217
0.82139
0.82061
0.81984
0.81907
0.81831
0.81756
0.81681
0.81606
0.81532
0.81459
0.81386
0.81313
0.8124
0.81167
0.81095
0.81023
0.8095
0.80877
0.80804
0.80731
0.80657
0.80582
0.80506
0.80429
0.80351
0.80271
0.80189
0.80105
0.80019
0.7993
0.79839
0.79746
0.79651
0.79554
0.79455
0.79354
0.79253
0.79151
0.79049
0.78948
0.78847
0.78747
0.78648
0.78551
0.78455
0.78361
0.78268
0.78177
0.78087
0.77998
0.77911
0.77825
0.77739
0.77654
0.77569
0.77485
0.77401
0.77318
0.77234
0.77151
0.77068
0.76985
0.76903
0.7682
0.76738
0.76657
0.76576
0.76496
0.76417
0.76338
0.76261
0.76184
0.76109
0.76035
0.75963
