1
0.97171
0.96157
0.95435
0.94917
0.94578
0.93967
0.93771
0.93226
0.93129
0.92622
0.92142
0.9169
0.9126
0.90855
0.90465
0.90095
0.89738
0.894
0.89073
0.88761
0.88463
0.88178
0.87905
0.87646
0.87399
0.87167
0.86949
0.86746
0.86558
0.86387
0.86229
0.86083
0.85946
0.85817
0.85693
0.85573
0.85458
0.85344
0.85232
0.85119
0.85004
0.84887
0.84767
0.84641
0.84509
0.84371
0.84226
0.84076
0.83921
0.83762
0.83599
0.83434
0.83267
0.83097
0.82926
0.82752
0.82577
0.82402
0.82228
0.82055
0.81885
0.81718
0.81556
0.81398
0.81246
0.811
0.8096
0.80825
0.80696
0.80572
0.80454
0.80341
0.80233
0.80131
0.80032
0.79938
0.79848
0.79762
0.79678
0.79596
0.79516
0.79436
0.79357
0.79277
0.79195
0.79111
0.79025
0.78936
0.78843
0.78747
0.78648
0.78546
0.78441
0.78334
0.78226
0.78118
0.78008
0.77899
0.77789
0.7768
0.77571
0.77463
0.77355
0.77247
0.7714
0.77032
0.76925
0.76818
0.76711
0.76603
0.76496
0.76388
0.76279
0.7617
0.76061
0.75952
0.75842
0.75732
0.75622
0.75511
0.754
0.75289
0.75178
0.75067
0.74956
0.74845
0.74734
0.74623
0.74513
0.74403
0.74294
0.74184
0.74075
0.73967
0.73858
0.73749
0.7364
0.73531
0.73421
0.73311
0.73199
0.73087
0.72973
0.72858
0.72741
0.72624
0.72505
0.72387
0.72268
0.72149
0.72031
0.71914
0.718
0.71688
0.71579
0.71472
