1
0.97263
0.96357
0.9572
0.95234
0.94908
0.94342
0.94155
0.93661
0.93579
0.93133
0.92722
0.92334
0.91972
0.91632
0.91309
0.91006
0.90716
0.90444
0.90181
0.89932
0.89691
0.89461
0.89235
0.89016
0.88801
0.88589
0.8838
0.88173
0.87968
0.87764
0.87561
0.87356
0.87149
0.86939
0.86727
0.86513
0.86297
0.86082
0.85866
0.85649
0.85433
0.85219
0.85006
0.84796
0.84588
0.84383
0.84181
0.83983
0.83788
0.83595
0.83406
0.8322
0.83036
0.82853
0.82672
0.82492
0.82312
0.82132
0.81952
0.81771
0.81588
0.81404
0.81217
0.81029
0.80837
0.80643
0.80446
0.80245
0.80042
0.79835
0.79625
0.79413
0.79199
0.78983
0.78767
0.78551
0.78337
0.78123
0.77912
0.77702
0.77495
0.77291
0.77089
0.7689
0.76693
0.76499
0.76307
0.76118
0.75931
0.75746
0.75562
0.75381
0.752
0.7502
0.74842
0.74664
0.74486
0.74309
0.74132
0.73956
0.7378
0.73603
0.73427
0.73251
0.73074
0.72896
0.72718
0.72539
0.72359
0.72177
0.71994
0.71808
0.7162
0.71429
0.71236
0.71039
0.7084
0.70638
0.70434
0.70227
0.70018
0.69809
0.696
0.69392
0.69186
0.68982
0.68782
0.68587
0.68397
0.68211
0.68032
0.67858
0.67689
0.67527
0.67369
0.67217
0.67069
0.66927
0.66788
0.66654
0.66523
0.66396
0.66272
0.66151
0.66032
0.65916
0.65801
0.65689
0.65578
0.65468
0.65359
0.65252
0.65145
0.65039
0.64934
0.6483
