1
0.97432
0.96644
0.96079
0.9565
0.95347
0.94846
0.94648
0.94195
0.94077
0.93659
0.93266
0.92885
0.92521
0.92173
0.91836
0.91515
0.91206
0.90911
0.90624
0.9035
0.90084
0.89828
0.89578
0.89334
0.89094
0.8886
0.88627
0.88397
0.8817
0.87946
0.87723
0.87501
0.87277
0.87052
0.86825
0.86594
0.86361
0.86126
0.85887
0.85647
0.85406
0.85167
0.8493
0.84695
0.84464
0.84236
0.84012
0.83791
0.83575
0.83363
0.83154
0.8295
0.82749
0.82553
0.8236
0.82172
0.81987
0.81807
0.81631
0.81459
0.81291
0.81126
0.80965
0.80808
0.80653
0.80502
0.80353
0.80206
0.80061
0.79919
0.79777
0.79637
0.79498
0.7936
0.79223
0.79085
0.78947
0.78809
0.78671
0.78531
0.7839
0.78249
0.78107
0.77963
0.7782
0.77677
0.77534
0.77392
0.77252
0.77112
0.76975
0.76839
0.76704
0.76572
0.76441
0.76312
0.76184
0.76059
0.75934
0.75812
0.75691
0.75571
0.75453
0.75336
0.7522
0.75104
0.7499
0.74876
0.74763
0.74651
0.74539
0.74428
0.74317
0.74207
0.74097
0.73989
0.73882
0.73775
0.73671
0.73567
0.73465
0.73366
0.73267
0.73171
0.73076
0.72983
0.7289
0.728
0.7271
0.7262
0.72532
0.72445
0.72359
0.72275
0.72192
0.7211
0.7203
0.71952
0.71876
0.71802
0.7173
0.71661
0.71594
0.7153
0.71468
0.71407
0.71348
0.7129
0.71233
0.71177
0.71121
0.71064
0.71006
0.70948
0.70888
0.70827
