1
0.9726
0.96308
0.95627
0.95133
0.94805
0.94223
0.94037
0.9353
0.93449
0.92988
0.9256
0.92157
0.91778
0.91421
0.91079
0.90756
0.90446
0.90152
0.89867
0.89595
0.89331
0.89077
0.88828
0.88586
0.88348
0.88114
0.87883
0.87655
0.8743
0.8721
0.86994
0.86783
0.86575
0.86371
0.8617
0.85973
0.85779
0.85589
0.85401
0.85216
0.85034
0.84855
0.8468
0.84509
0.84343
0.8418
0.84023
0.83871
0.83722
0.83579
0.8344
0.83304
0.83172
0.83044
0.82918
0.82795
0.82674
0.82555
0.82439
0.82323
0.82209
0.82095
0.81981
0.81868
0.81754
0.81639
0.81523
0.81405
0.81285
0.81164
0.8104
0.80915
0.80788
0.80661
0.80532
0.80403
0.80274
0.80144
0.80014
0.79882
0.79749
0.79615
0.79479
0.79341
0.79204
0.79066
0.7893
0.78796
0.78665
0.78537
0.78413
0.78293
0.78177
0.78065
0.77956
0.77851
0.7775
0.77651
0.77556
0.77463
0.77372
0.77284
0.77197
0.77113
0.77029
0.76947
0.76865
0.76784
0.76703
0.76622
0.7654
0.76457
0.76372
0.76286
0.76197
0.76105
0.76011
0.75912
0.7581
0.75704
0.75595
0.75483
0.75368
0.7525
0.75132
0.75011
0.74891
0.7477
0.74649
0.74529
0.74409
0.74291
0.74173
0.74057
0.73942
0.73828
0.73715
0.73604
0.73495
0.73388
0.73282
0.73179
0.73079
0.72981
0.72885
0.72792
0.72702
0.72614
0.72529
0.72446
0.72365
0.72286
0.72209
0.72134
0.72061
0.71988
