1
0.97322
0.96412
0.95729
0.952
0.94815
0.94182
0.93935
0.9336
0.93228
0.92696
0.92194
0.91712
0.91253
0.90815
0.90394
0.89993
0.89608
0.89241
0.88887
0.8855
0.88226
0.87916
0.87617
0.8733
0.87052
0.86784
0.86525
0.86274
0.86032
0.85801
0.8558
0.85369
0.85166
0.84972
0.84786
0.84607
0.84435
0.84268
0.84105
0.83944
0.83784
0.83622
0.83459
0.83292
0.83121
0.82945
0.82765
0.8258
0.82393
0.82203
0.82013
0.81823
0.81633
0.81443
0.81255
0.81067
0.80881
0.80696
0.80515
0.80337
0.80165
0.79997
0.79836
0.79682
0.79535
0.79394
0.79261
0.79133
0.79013
0.78898
0.78789
0.78685
0.78586
0.78492
0.78403
0.78316
0.78233
0.78152
0.78074
0.77996
0.77919
0.77842
0.77764
0.77685
0.77603
0.77519
0.77432
0.77342
0.77248
0.77151
0.77051
0.76948
0.76843
0.76736
0.76628
0.76519
0.76411
0.76302
0.76195
0.76089
0.75984
0.7588
0.75778
0.75677
0.75577
0.75479
0.75381
0.75284
0.75188
0.75092
0.74997
0.74903
0.74809
0.74715
0.74622
0.7453
0.74438
0.74346
0.74255
0.74164
0.74074
0.73984
0.73894
0.73805
0.73715
0.73625
0.73534
0.73442
0.73349
0.73254
0.73158
0.7306
0.7296
0.72859
0.72755
0.72649
0.72542
0.72431
0.72319
0.72204
0.72087
0.71967
0.71845
0.71721
0.71594
0.71465
0.71335
0.71204
0.71072
0.7094
0.70809
0.70679
0.70551
0.70425
0.70302
0.70183
