1
0.97409
0.96732
0.96169
0.95766
0.95463
0.94978
0.9479
0.94367
0.94271
0.93894
0.93551
0.93225
0.92921
0.92635
0.92366
0.92119
0.91887
0.9167
0.91463
0.91269
0.91082
0.90903
0.90727
0.90554
0.90381
0.90209
0.90034
0.89856
0.89684
0.89524
0.89374
0.8923
0.89093
0.88959
0.8883
0.88703
0.88579
0.88457
0.88337
0.88217
0.881
0.87984
0.87869
0.87756
0.87645
0.87536
0.87429
0.87323
0.87219
0.87116
0.87014
0.86913
0.86812
0.86712
0.86612
0.86512
0.86412
0.86312
0.86212
0.86112
0.86012
0.85911
0.85811
0.85711
0.8561
0.8551
0.8541
0.8531
0.85211
0.85111
0.85013
0.84914
0.84817
0.8472
0.84624
0.8453
0.84436
0.84344
0.84253
0.84163
0.84075
0.83988
0.83903
0.83819
0.83736
0.83655
0.83576
0.83497
0.8342
0.83344
0.8327
0.83196
0.83123
0.83051
0.82979
0.82908
0.82838
0.82767
0.82697
0.82627
0.82556
0.82485
0.82414
0.82342
0.82268
0.82193
0.82117
0.82038
0.81958
0.81875
0.8179
0.81703
0.81613
0.81522
0.81428
0.81333
0.81237
0.8114
0.81044
0.80948
0.80852
0.80759
0.80667
0.80577
0.80489
0.80404
0.80321
0.80241
0.80162
0.80086
0.80012
0.7994
0.7987
0.79801
0.79734
0.79668
0.79603
0.79539
0.79476
0.79415
0.79354
0.79293
0.79234
0.79175
0.79116
0.79058
0.79001
0.78944
0.78887
0.78831
0.78776
0.78721
0.78667
0.78613
0.7856
0.78507
