1
0.97575
0.96964
0.96431
0.96077
0.95827
0.95436
0.95281
0.94947
0.9486
0.94562
0.94286
0.94019
0.93764
0.93519
0.93282
0.93058
0.9284
0.9263
0.92422
0.92218
0.92014
0.9181
0.91602
0.9139
0.91173
0.9095
0.90721
0.90487
0.90257
0.9004
0.89833
0.89635
0.89446
0.89265
0.89091
0.88923
0.88763
0.88607
0.88456
0.8831
0.88168
0.88031
0.87899
0.8777
0.87647
0.87527
0.87412
0.87301
0.87194
0.8709
0.8699
0.86892
0.86798
0.86705
0.86615
0.86527
0.86441
0.86356
0.86274
0.86193
0.86115
0.86038
0.85962
0.85889
0.85817
0.85746
0.85678
0.8561
0.85544
0.85479
0.85415
0.85352
0.8529
0.85228
0.85167
0.85107
0.85047
0.84987
0.84928
0.84868
0.84809
0.8475
0.84691
0.84631
0.84572
0.84513
0.84453
0.84394
0.84335
0.84275
0.84216
0.84156
0.84096
0.84037
0.83977
0.83918
0.83858
0.83798
0.83739
0.8368
0.83621
0.83562
0.83503
0.83445
0.83387
0.83329
0.83271
0.83214
0.83157
0.83101
0.83045
0.82989
0.82933
0.82879
0.82824
0.8277
0.82717
0.82664
0.82612
0.82561
0.8251
0.82459
0.82409
0.8236
0.82311
0.82263
0.82216
0.82168
0.82122
0.82076
0.8203
0.81985
0.8194
0.81896
0.81853
0.8181
0.81767
0.81725
0.81684
0.81643
0.81603
0.81563
0.81523
0.81484
0.81446
0.81408
0.8137
0.81333
0.81296
0.8126
0.81224
0.81189
0.81154
0.81119
0.81085
0.81051
