1
0.97655
0.97181
0.96675
0.9632
0.961
0.95735
0.95549
0.95226
0.95103
0.94811
0.9453
0.94261
0.93998
0.93745
0.93489
0.93249
0.93025
0.9281
0.92605
0.92402
0.92206
0.92012
0.91819
0.91627
0.91434
0.91241
0.91045
0.90846
0.90653
0.90471
0.90298
0.90131
0.89968
0.8981
0.89656
0.89506
0.8936
0.89217
0.89079
0.88944
0.88813
0.88686
0.88565
0.88448
0.88337
0.88231
0.88131
0.88037
0.87948
0.87866
0.87789
0.87718
0.87652
0.8759
0.87531
0.87476
0.87422
0.87369
0.87317
0.87265
0.87212
0.87159
0.87104
0.87048
0.86991
0.86932
0.86872
0.86812
0.86751
0.86689
0.86626
0.86563
0.865
0.86436
0.86373
0.86309
0.86245
0.86181
0.86117
0.86053
0.85989
0.85925
0.85861
0.85797
0.85733
0.8567
0.85606
0.85543
0.85481
0.85418
0.85356
0.85294
0.85232
0.8517
0.85109
0.85048
0.84987
0.84926
0.84867
0.84807
0.84748
0.84691
0.84633
0.84577
0.84521
0.84467
0.84414
0.84361
0.84311
0.84261
0.84213
0.84167
0.84122
0.84079
0.84037
0.83998
0.8396
0.83924
0.8389
0.83858
0.83826
0.83797
0.83768
0.8374
0.83712
0.83685
0.83658
0.83631
0.83604
0.83576
0.83549
0.83521
0.83493
0.83464
0.83435
0.83406
0.83377
0.83348
0.83318
0.83288
0.83258
0.83229
0.83199
0.83169
0.8314
0.8311
0.83081
0.83052
0.83024
0.82995
0.82968
0.8294
0.82913
0.82887
0.82861
0.82836
