1
0.97474
0.96731
0.96248
0.9583
0.95572
0.95112
0.94933
0.94543
0.9445
0.94103
0.93788
0.93485
0.93204
0.92937
0.92672
0.92409
0.92142
0.91872
0.91596
0.91317
0.91033
0.90746
0.90454
0.90158
0.89859
0.89559
0.89258
0.88958
0.8866
0.88362
0.88065
0.87772
0.87483
0.872
0.86924
0.86655
0.86393
0.86139
0.85893
0.85656
0.85428
0.85208
0.84999
0.848
0.84609
0.84427
0.84252
0.84083
0.83918
0.83756
0.83597
0.83439
0.83281
0.83125
0.82969
0.82813
0.82659
0.82507
0.82356
0.82208
0.82061
0.81917
0.81775
0.81636
0.81498
0.81362
0.81228
0.81094
0.80961
0.80829
0.80696
0.80564
0.80431
0.80297
0.80163
0.80028
0.79892
0.79755
0.79617
0.79478
0.79338
0.79198
0.79057
0.78915
0.78772
0.7863
0.78487
0.78344
0.782
0.78057
0.77914
0.7777
0.77627
0.77483
0.7734
0.77197
0.77054
0.76912
0.7677
0.76629
0.76489
0.7635
0.76212
0.76076
0.75941
0.75808
0.75677
0.75548
0.75422
0.75298
0.75177
0.75058
0.74943
0.7483
0.74721
0.74614
0.74511
0.7441
0.74312
0.74217
0.74124
0.74034
0.73945
0.73857
0.73771
0.73686
0.73602
0.73518
0.73435
0.73352
0.7327
0.73187
0.73105
0.73023
0.72942
0.72861
0.72781
0.72702
0.72624
0.72547
0.72472
0.724
0.7233
0.72263
0.72199
0.72138
0.72081
0.72027
0.71976
0.71928
0.71882
0.71838
0.71795
0.71752
0.7171
0.71668
