1
0.97417
0.96728
0.9616
0.9578
0.95515
0.95078
0.94923
0.94544
0.94468
0.94134
0.93826
0.93525
0.93227
0.92929
0.92625
0.92324
0.92023
0.91732
0.91452
0.91192
0.90949
0.90724
0.9051
0.90303
0.90096
0.89881
0.89647
0.89391
0.89122
0.88849
0.88575
0.88304
0.88036
0.87772
0.87515
0.87263
0.87016
0.86775
0.86536
0.86299
0.86064
0.85828
0.85593
0.85357
0.8512
0.84884
0.84649
0.84416
0.84188
0.83965
0.83747
0.83536
0.83331
0.83132
0.82939
0.82753
0.82572
0.82396
0.82225
0.82059
0.81898
0.81741
0.81588
0.81438
0.81293
0.81151
0.81012
0.80876
0.80743
0.80613
0.80486
0.80362
0.80239
0.8012
0.80002
0.79887
0.79774
0.79663
0.79554
0.79447
0.79341
0.79237
0.79134
0.79034
0.78934
0.78836
0.7874
0.78644
0.7855
0.78458
0.78366
0.78276
0.78186
0.78098
0.7801
0.77923
0.77837
0.77751
0.77666
0.77582
0.77498
0.77415
0.77332
0.7725
0.77167
0.77085
0.77003
0.76922
0.7684
0.76759
0.76678
0.76597
0.76517
0.76436
0.76356
0.76276
0.76196
0.76116
0.76036
0.75956
0.75875
0.75794
0.75712
0.7563
0.75546
0.75462
0.75376
0.75288
0.75199
0.75107
0.75014
0.74919
0.74821
0.74722
0.7462
0.74518
0.74414
0.74309
0.74205
0.74101
0.73998
0.73897
0.73797
0.73699
0.73603
0.7351
0.73418
0.73327
0.73238
0.7315
0.73062
0.72973
0.72884
0.72792
0.72699
0.72601
