1
0.97416
0.96173
0.95847
0.9541
0.95067
0.94392
0.9417
0.93678
0.93639
0.93255
0.92881
0.92529
0.92206
0.9192
0.91658
0.91426
0.91216
0.9103
0.90861
0.90706
0.9056
0.90422
0.90284
0.90145
0.9
0.89852
0.89698
0.89541
0.89382
0.89224
0.89068
0.88914
0.88763
0.88617
0.88478
0.88346
0.88222
0.88106
0.87997
0.87893
0.87795
0.87701
0.87613
0.87529
0.87452
0.8738
0.87315
0.87255
0.87198
0.87144
0.87089
0.87033
0.86975
0.86914
0.8685
0.86785
0.86718
0.8665
0.86582
0.86512
0.86442
0.86372
0.86302
0.86232
0.86164
0.86097
0.86032
0.85968
0.85907
0.85848
0.8579
0.85733
0.85679
0.85626
0.85575
0.85526
0.85478
0.85433
0.85389
0.85347
0.85308
0.8527
0.85234
0.852
0.85167
0.85136
0.85107
0.85078
0.8505
0.85023
0.84996
0.84968
0.8494
0.84911
0.8488
0.84849
0.84815
0.8478
0.84744
0.84706
0.84666
0.84625
0.84583
0.8454
0.84496
0.84451
0.84407
0.84362
0.84319
0.84277
0.84237
0.84198
0.84161
0.84126
0.84093
0.84061
0.84031
0.84001
0.83971
0.83941
0.83911
0.83881
0.8385
0.83818
0.83787
0.83756
0.83725
0.83696
0.83668
0.83641
0.83617
0.83595
0.83575
0.83557
0.83542
0.83529
0.83519
0.83512
0.83507
0.83504
0.83504
0.83506
0.8351
0.83516
0.83525
0.83535
0.83546
0.8356
0.83574
0.8359
0.83607
0.83626
0.83645
0.83665
0.83685
0.83706
