1
0.97234
0.96376
0.95758
0.95268
0.94899
0.94278
0.94041
0.93488
0.93378
0.92884
0.92433
0.9201
0.91617
0.91251
0.90906
0.90585
0.90281
0.89998
0.89729
0.89478
0.8924
0.89016
0.88802
0.88599
0.88404
0.88217
0.88036
0.87861
0.87692
0.87531
0.87378
0.87231
0.8709
0.86955
0.86825
0.86699
0.86577
0.86458
0.86341
0.86226
0.86111
0.85997
0.85883
0.85769
0.85656
0.85542
0.85428
0.85314
0.85198
0.85082
0.84965
0.84846
0.84725
0.84603
0.84478
0.84352
0.84223
0.84093
0.8396
0.83826
0.83691
0.83554
0.83415
0.83276
0.83136
0.82995
0.82854
0.82713
0.82572
0.82433
0.82294
0.82158
0.82023
0.81891
0.81762
0.81636
0.81513
0.81393
0.81277
0.81164
0.81055
0.80949
0.80846
0.80747
0.8065
0.80556
0.80464
0.80375
0.80287
0.80201
0.80117
0.80033
0.7995
0.79868
0.79785
0.79702
0.79618
0.79532
0.79445
0.79356
0.79263
0.79167
0.79066
0.7896
0.78849
0.78731
0.78606
0.78473
0.78332
0.78183
0.78026
0.77861
0.77689
0.77512
0.7733
0.77146
0.76963
0.76782
0.76605
0.76435
0.76274
0.76122
0.75981
0.7585
0.7573
0.75621
0.75522
0.75432
0.75351
0.75277
0.7521
0.75149
0.75092
0.7504
0.74991
0.74945
0.749
0.74857
0.74814
0.74772
0.74729
0.74686
0.74643
0.74598
0.74552
0.74506
0.74457
0.74408
0.74358
0.74306
0.74253
0.742
0.74145
0.7409
0.74035
0.7398
