1
0.97212
0.96273
0.9557
0.95016
0.94607
0.93924
0.93668
0.93055
0.92936
0.92381
0.91867
0.91383
0.90929
0.90503
0.90099
0.8972
0.89359
0.89021
0.88697
0.88393
0.88103
0.87829
0.87567
0.87317
0.87079
0.86851
0.86632
0.86423
0.86223
0.86035
0.85858
0.85691
0.85534
0.85386
0.85247
0.85115
0.8499
0.8487
0.84754
0.84639
0.84524
0.84408
0.84289
0.84166
0.84037
0.83903
0.83763
0.83618
0.83469
0.83316
0.83161
0.83005
0.82847
0.82687
0.82526
0.82363
0.822
0.82036
0.81874
0.81713
0.81554
0.81399
0.81247
0.811
0.80957
0.80819
0.80685
0.80555
0.80429
0.80307
0.80188
0.80073
0.79961
0.79851
0.79745
0.7964
0.79538
0.79437
0.79337
0.79237
0.79138
0.79039
0.78938
0.78836
0.78733
0.78627
0.78519
0.78409
0.78296
0.78181
0.78063
0.77944
0.77823
0.77702
0.7758
0.77458
0.77337
0.77216
0.77096
0.76977
0.76859
0.76741
0.76623
0.76505
0.76387
0.76267
0.76147
0.76024
0.759
0.75773
0.75644
0.75513
0.75379
0.75243
0.75104
0.74964
0.74822
0.7468
0.74537
0.74394
0.74252
0.74111
0.73971
0.73833
0.73696
0.73562
0.73429
0.73298
0.73168
0.73039
0.72912
0.72786
0.7266
0.72535
0.72409
0.72284
0.72158
0.72031
0.71904
0.71775
0.71645
0.71513
0.71379
0.71244
0.71107
0.70969
0.7083
0.7069
0.7055
0.70411
0.70273
0.70136
0.70002
0.69871
0.69744
0.6962
