1
0.97519
0.96885
0.96368
0.96015
0.95774
0.95384
0.95236
0.94901
0.94815
0.94512
0.94229
0.93954
0.93689
0.93434
0.93187
0.92954
0.92729
0.92514
0.92304
0.92102
0.91904
0.91711
0.91517
0.91325
0.91131
0.90936
0.90738
0.90536
0.9034
0.90156
0.89981
0.89813
0.89652
0.89496
0.89344
0.89196
0.89052
0.88911
0.88773
0.88639
0.88507
0.88379
0.88254
0.88133
0.88016
0.87903
0.87794
0.87689
0.87588
0.8749
0.87396
0.87305
0.87216
0.8713
0.87047
0.86966
0.86887
0.8681
0.86736
0.86663
0.86592
0.86523
0.86455
0.86389
0.86323
0.86258
0.86193
0.86127
0.8606
0.85992
0.85921
0.85848
0.85772
0.85692
0.85608
0.85521
0.85429
0.85334
0.85236
0.85134
0.8503
0.84923
0.84814
0.84703
0.8459
0.84475
0.84358
0.84238
0.84115
0.83991
0.83866
0.83741
0.83617
0.83495
0.83376
0.83261
0.83151
0.83045
0.82944
0.82847
0.82755
0.82668
0.82584
0.82503
0.82427
0.82353
0.82283
0.82215
0.82149
0.82086
0.82025
0.81966
0.81908
0.81852
0.81798
0.81744
0.81692
0.81641
0.8159
0.8154
0.8149
0.81441
0.81392
0.81342
0.81292
0.81242
0.81191
0.8114
0.81088
0.81034
0.8098
0.80925
0.80869
0.80813
0.80755
0.80696
0.80637
0.80576
0.80515
0.80453
0.8039
0.80327
0.80263
0.80198
0.80133
0.80067
0.80001
0.79935
0.79869
0.79803
0.79737
0.79672
0.79607
0.79542
0.79478
0.79415
