1
0.97259
0.96275
0.9558
0.95035
0.94627
0.93942
0.93697
0.93095
0.92993
0.92459
0.91977
0.9153
0.91122
0.90748
0.90402
0.90086
0.89793
0.89525
0.89276
0.89048
0.88835
0.88638
0.88451
0.88275
0.88108
0.87949
0.87795
0.87648
0.87507
0.87374
0.87245
0.87121
0.86999
0.86881
0.86765
0.86652
0.86541
0.86431
0.86322
0.86212
0.86102
0.85991
0.85879
0.85767
0.85654
0.85541
0.85427
0.85313
0.85198
0.85083
0.84967
0.8485
0.8473
0.84609
0.84485
0.8436
0.84231
0.84102
0.8397
0.83836
0.837
0.83563
0.83424
0.83284
0.83142
0.82999
0.82854
0.82709
0.82563
0.82416
0.82269
0.82122
0.81975
0.81828
0.81681
0.81535
0.81389
0.81245
0.81101
0.80958
0.80817
0.80676
0.80537
0.804
0.80263
0.80129
0.79995
0.79864
0.79733
0.79605
0.79477
0.7935
0.79225
0.791
0.78976
0.78852
0.78729
0.78606
0.78484
0.78361
0.78238
0.78115
0.77992
0.77868
0.77742
0.77616
0.77489
0.7736
0.77231
0.771
0.76967
0.76833
0.76699
0.76563
0.76428
0.76293
0.76158
0.76025
0.75894
0.75766
0.75642
0.75521
0.75405
0.75293
0.75187
0.75086
0.7499
0.749
0.74815
0.74735
0.7466
0.74591
0.74527
0.74468
0.74413
0.74363
0.74316
0.74271
0.7423
0.7419
0.74151
0.74113
0.74074
0.74035
0.73996
0.73956
0.73915
0.73873
0.7383
0.73787
0.73743
0.73698
0.73652
0.73606
0.7356
0.73514
