1
0.97424
0.96614
0.95964
0.95495
0.95142
0.94582
0.94383
0.93903
0.93815
0.93391
0.93009
0.92652
0.92325
0.92025
0.91749
0.91502
0.91275
0.9107
0.9088
0.90707
0.90544
0.90391
0.90241
0.90098
0.89955
0.89813
0.89669
0.89524
0.89385
0.89258
0.89138
0.89022
0.88909
0.88798
0.88689
0.8858
0.88473
0.88365
0.88257
0.88148
0.88039
0.87929
0.87819
0.8771
0.87601
0.87492
0.87384
0.87276
0.87169
0.87063
0.86957
0.8685
0.86742
0.86633
0.86523
0.86412
0.86299
0.86184
0.86069
0.85953
0.85835
0.85716
0.85596
0.85475
0.85354
0.85231
0.85108
0.84984
0.8486
0.84735
0.8461
0.84484
0.84358
0.84231
0.84104
0.83977
0.8385
0.83723
0.83595
0.83467
0.83339
0.8321
0.83082
0.82953
0.82825
0.82697
0.8257
0.82443
0.82316
0.8219
0.82064
0.81939
0.81814
0.81689
0.81565
0.81441
0.81318
0.81195
0.81073
0.80951
0.8083
0.8071
0.8059
0.80472
0.80354
0.80237
0.80121
0.80006
0.79893
0.79781
0.79671
0.79562
0.79455
0.7935
0.79247
0.79147
0.79049
0.78953
0.7886
0.7877
0.78682
0.78598
0.78517
0.78438
0.78364
0.78293
0.78225
0.78162
0.78102
0.78047
0.77996
0.77948
0.77906
0.77867
0.77832
0.77801
0.77774
0.77749
0.77726
0.77705
0.77684
0.77664
0.77644
0.77623
0.77602
0.77579
0.77556
0.77531
0.77505
0.77477
0.77449
0.77419
0.77388
0.77357
0.77325
0.77292
