1
0.97397
0.96593
0.96027
0.95618
0.9534
0.94867
0.94689
0.94265
0.94164
0.93773
0.93402
0.93041
0.92694
0.92359
0.92031
0.91717
0.91411
0.91117
0.90829
0.90554
0.90286
0.90027
0.89773
0.89525
0.89281
0.89041
0.88804
0.8857
0.88338
0.88109
0.87883
0.87659
0.87434
0.8721
0.86984
0.86756
0.86527
0.86297
0.86064
0.85831
0.85599
0.85368
0.85142
0.84919
0.84702
0.84491
0.84286
0.84087
0.83894
0.83708
0.83529
0.83355
0.83188
0.83028
0.82874
0.82726
0.82585
0.8245
0.8232
0.82197
0.82079
0.81966
0.81858
0.81754
0.81655
0.8156
0.81468
0.81379
0.81293
0.81209
0.81126
0.81043
0.80961
0.80877
0.80792
0.80705
0.80615
0.8052
0.80422
0.80318
0.80209
0.80094
0.79974
0.79848
0.79718
0.79583
0.79445
0.79304
0.79161
0.79016
0.78869
0.78721
0.78572
0.7842
0.78267
0.78112
0.77955
0.77797
0.77638
0.77479
0.77322
0.77167
0.77015
0.76868
0.76726
0.7659
0.7646
0.76335
0.76217
0.76104
0.75996
0.75893
0.75794
0.75698
0.75606
0.75517
0.7543
0.75346
0.75262
0.75181
0.751
0.75019
0.7494
0.7486
0.74781
0.74702
0.74623
0.74544
0.74465
0.74387
0.74309
0.74231
0.74154
0.74077
0.74001
0.73926
0.73851
0.73776
0.73702
0.73629
0.73555
0.73483
0.7341
0.73337
0.73265
0.73192
0.73118
0.73045
0.7297
0.72895
0.72819
0.72742
0.72665
0.72586
0.72507
0.72427
