1
0.97492
0.96777
0.96197
0.95801
0.95527
0.95093
0.94954
0.94598
0.94542
0.94233
0.93956
0.93697
0.93455
0.93229
0.93016
0.92819
0.92631
0.92453
0.92278
0.9211
0.91941
0.91774
0.91604
0.9143
0.9125
0.91065
0.90873
0.90676
0.9048
0.90294
0.90113
0.89937
0.89764
0.89594
0.89427
0.89263
0.89101
0.88942
0.88785
0.8863
0.88476
0.88324
0.88175
0.88027
0.8788
0.87736
0.87592
0.87448
0.87305
0.87162
0.87018
0.86873
0.86726
0.86577
0.86427
0.86275
0.86123
0.85971
0.85818
0.85667
0.85516
0.85367
0.8522
0.85074
0.84931
0.8479
0.84651
0.84514
0.8438
0.84248
0.84118
0.8399
0.83865
0.8374
0.83618
0.83497
0.83377
0.83259
0.83141
0.83025
0.8291
0.82795
0.82682
0.8257
0.82459
0.82349
0.8224
0.82134
0.82028
0.81924
0.81822
0.81722
0.81623
0.81526
0.8143
0.81336
0.81244
0.81153
0.81064
0.80976
0.80889
0.80805
0.80721
0.80639
0.80557
0.80477
0.80398
0.8032
0.80243
0.80167
0.80092
0.80017
0.79943
0.79869
0.79797
0.79724
0.79652
0.79581
0.7951
0.79439
0.79369
0.79299
0.79229
0.7916
0.79091
0.79022
0.78953
0.78884
0.78815
0.78747
0.78679
0.78611
0.78544
0.78477
0.7841
0.78344
0.78279
0.78214
0.7815
0.78087
0.78025
0.77964
0.77904
0.77844
0.77786
0.77729
0.77674
0.77619
0.77566
0.77513
0.77462
0.77412
0.77363
0.77315
0.77268
0.77222
