1
0.97432
0.9662
0.96048
0.95628
0.95337
0.94852
0.94671
0.9424
0.94142
0.93752
0.9339
0.93043
0.92715
0.92405
0.92106
0.91822
0.91548
0.91286
0.91029
0.90783
0.90541
0.90308
0.90079
0.89856
0.89636
0.89422
0.89212
0.89005
0.88803
0.88608
0.88418
0.88233
0.88052
0.87873
0.87696
0.87521
0.87346
0.87172
0.86996
0.8682
0.86644
0.86468
0.86293
0.86119
0.85946
0.85775
0.85605
0.85437
0.8527
0.85105
0.84941
0.84779
0.84619
0.84462
0.84307
0.84156
0.84008
0.83863
0.83721
0.83584
0.8345
0.83321
0.83195
0.83073
0.82956
0.82842
0.82732
0.82625
0.82521
0.82421
0.82322
0.82224
0.82128
0.82032
0.81936
0.81838
0.81739
0.81638
0.81535
0.81428
0.81319
0.81207
0.81092
0.80975
0.80856
0.80737
0.80617
0.80497
0.80378
0.80259
0.80142
0.80026
0.79912
0.79798
0.79686
0.79576
0.79466
0.79359
0.79252
0.79147
0.79043
0.7894
0.78839
0.78738
0.78639
0.78541
0.78443
0.78347
0.78251
0.78156
0.78061
0.77967
0.77874
0.77781
0.77688
0.77595
0.77502
0.7741
0.77318
0.77226
0.77134
0.77042
0.7695
0.76859
0.76767
0.76675
0.76584
0.76493
0.76401
0.7631
0.76219
0.76127
0.76037
0.75946
0.75856
0.75766
0.75676
0.75586
0.75497
0.75409
0.7532
0.75233
0.75145
0.75058
0.74972
0.74886
0.748
0.74715
0.74631
0.74546
0.74462
0.74378
0.74294
0.7421
0.74127
0.74043
