1
0.97171
0.96158
0.95436
0.94918
0.94579
0.93968
0.93771
0.93226
0.9313
0.92623
0.92143
0.91691
0.91261
0.90856
0.90466
0.90095
0.89739
0.894
0.89073
0.88762
0.88464
0.88179
0.87906
0.87647
0.874
0.87168
0.8695
0.86747
0.86559
0.86388
0.8623
0.86084
0.85947
0.85818
0.85694
0.85574
0.85458
0.85345
0.85232
0.8512
0.85005
0.84888
0.84768
0.84642
0.8451
0.84371
0.84227
0.84077
0.83922
0.83763
0.836
0.83435
0.83268
0.83098
0.82927
0.82753
0.82578
0.82403
0.82229
0.82056
0.81886
0.81719
0.81557
0.81399
0.81247
0.81101
0.80961
0.80826
0.80697
0.80573
0.80455
0.80342
0.80234
0.80132
0.80033
0.79939
0.79849
0.79763
0.79679
0.79597
0.79517
0.79438
0.79358
0.79278
0.79196
0.79113
0.79026
0.78937
0.78844
0.78748
0.78649
0.78547
0.78442
0.78336
0.78228
0.78119
0.7801
0.779
0.7779
0.77681
0.77573
0.77464
0.77356
0.77249
0.77141
0.77034
0.76927
0.7682
0.76713
0.76605
0.76497
0.76389
0.76281
0.76172
0.76063
0.75954
0.75844
0.75734
0.75624
0.75514
0.75403
0.75292
0.75181
0.75069
0.74958
0.74847
0.74737
0.74626
0.74516
0.74406
0.74297
0.74188
0.74079
0.7397
0.73862
0.73753
0.73645
0.73536
0.73426
0.73316
0.73205
0.73093
0.72979
0.72865
0.72749
0.72632
0.72514
0.72396
0.72277
0.72159
0.72042
0.71926
0.71812
0.71701
0.71592
0.71486
