1
0.97419
0.9662
0.96049
0.9563
0.9533
0.94837
0.94642
0.94196
0.94082
0.93671
0.93283
0.92908
0.9255
0.92208
0.91877
0.91561
0.91256
0.90966
0.90683
0.90413
0.90151
0.89899
0.89652
0.89412
0.89176
0.88946
0.88718
0.88493
0.88271
0.88054
0.8784
0.87627
0.87415
0.87203
0.86989
0.86772
0.86553
0.86331
0.86106
0.85878
0.85649
0.85419
0.85191
0.84964
0.8474
0.84519
0.84301
0.84087
0.83877
0.8367
0.83467
0.83268
0.83073
0.82883
0.82697
0.82515
0.82338
0.82166
0.81999
0.81836
0.81677
0.81524
0.81374
0.81229
0.81088
0.80951
0.80818
0.80688
0.80562
0.80439
0.80319
0.802
0.80084
0.79969
0.79855
0.79741
0.79628
0.79514
0.794
0.79284
0.79168
0.79052
0.78934
0.78816
0.78698
0.78581
0.78464
0.78348
0.78234
0.78121
0.7801
0.77901
0.77793
0.77686
0.77582
0.77478
0.77376
0.77276
0.77177
0.77079
0.76983
0.76888
0.76795
0.76703
0.76612
0.76522
0.76433
0.76346
0.76259
0.76173
0.76087
0.76003
0.75919
0.75835
0.75753
0.75671
0.7559
0.7551
0.75431
0.75353
0.75277
0.75201
0.75126
0.75052
0.74979
0.74906
0.74833
0.7476
0.74687
0.74613
0.74539
0.74464
0.74388
0.74312
0.74236
0.7416
0.74083
0.74006
0.7393
0.73854
0.73778
0.73702
0.73627
0.73553
0.73479
0.73406
0.73333
0.73261
0.73189
0.73117
0.73045
0.72973
0.72901
0.72829
0.72756
0.72684
