1
0.9757
0.96631
0.96195
0.9582
0.95603
0.95197
0.95083
0.94648
0.94547
0.94194
0.93883
0.93584
0.933
0.93025
0.92753
0.92494
0.92239
0.91996
0.91756
0.91526
0.91301
0.91083
0.9087
0.90664
0.90462
0.90267
0.90078
0.89896
0.8972
0.89552
0.89392
0.89237
0.89087
0.88941
0.88799
0.8866
0.88523
0.88388
0.88254
0.88122
0.87991
0.87861
0.87733
0.87607
0.87483
0.8736
0.8724
0.87122
0.87005
0.86889
0.86775
0.86662
0.8655
0.86438
0.86327
0.86217
0.86106
0.85996
0.85886
0.85776
0.85666
0.85556
0.85446
0.85336
0.85226
0.85114
0.85003
0.8489
0.84775
0.84659
0.8454
0.84419
0.84294
0.84167
0.84036
0.83902
0.83765
0.83626
0.83485
0.83343
0.83201
0.83058
0.82915
0.82773
0.8263
0.82486
0.82341
0.82195
0.82047
0.81897
0.81747
0.81597
0.81448
0.81304
0.81164
0.81029
0.80901
0.80781
0.80668
0.80562
0.80464
0.80374
0.8029
0.80214
0.80145
0.80082
0.80026
0.79976
0.79932
0.79895
0.79863
0.79837
0.79816
0.79799
0.79788
0.7978
0.79777
0.79777
0.7978
0.79786
0.79793
0.79801
0.7981
0.7982
0.79829
0.79837
0.79844
0.79849
0.79853
0.79854
0.79853
0.7985
0.79844
0.79836
0.79825
0.79812
0.79797
0.79779
0.79759
0.79737
0.79712
0.79686
0.79658
0.79628
0.79596
0.79564
0.7953
0.79496
0.79461
0.79425
0.7939
0.79355
0.7932
0.79286
0.79253
0.79221
