1
0.97494
0.96846
0.96342
0.96009
0.95762
0.95387
0.95235
0.94908
0.94825
0.94528
0.94251
0.93983
0.93726
0.93482
0.93247
0.9303
0.92825
0.92635
0.92451
0.92281
0.92119
0.91966
0.91816
0.91672
0.9153
0.91389
0.91246
0.91101
0.9096
0.90828
0.90701
0.90577
0.90454
0.9033
0.90205
0.90079
0.89952
0.89823
0.89693
0.89562
0.8943
0.89297
0.89165
0.89033
0.88903
0.88772
0.88643
0.88514
0.88387
0.88259
0.88133
0.88007
0.8788
0.87753
0.87626
0.87499
0.87371
0.87243
0.87115
0.86987
0.86859
0.8673
0.86602
0.86474
0.86346
0.86219
0.86091
0.85964
0.85838
0.85712
0.85587
0.85462
0.85338
0.85215
0.85092
0.8497
0.8485
0.8473
0.84611
0.84494
0.84378
0.84263
0.84149
0.84037
0.83926
0.83816
0.83709
0.83603
0.83498
0.83396
0.83295
0.83195
0.83098
0.83002
0.82907
0.82815
0.82724
0.82635
0.82547
0.82462
0.82378
0.82296
0.82215
0.82137
0.8206
0.81985
0.81912
0.8184
0.8177
0.81702
0.81635
0.8157
0.81507
0.81445
0.81386
0.81328
0.81271
0.81217
0.81164
0.81113
0.81065
0.81017
0.80972
0.80929
0.80887
0.80847
0.80809
0.80772
0.80737
0.80704
0.80672
0.80641
0.80611
0.80583
0.80555
0.80528
0.80502
0.80476
0.8045
0.80424
0.80399
0.80372
0.80346
0.80319
0.80292
0.80264
0.80235
0.80206
0.80175
0.80144
0.80112
0.8008
0.80047
0.80013
0.79978
0.79943
