1
0.97355
0.96565
0.96023
0.95614
0.95327
0.94833
0.9465
0.94215
0.94123
0.93738
0.93387
0.93057
0.92751
0.92467
0.92197
0.91947
0.9171
0.91489
0.91278
0.9108
0.90891
0.90713
0.90542
0.90379
0.90221
0.90069
0.8992
0.89776
0.89636
0.89502
0.89374
0.89251
0.89133
0.89019
0.88909
0.88803
0.88701
0.88601
0.88503
0.88407
0.88312
0.88219
0.88127
0.88036
0.87946
0.87857
0.87769
0.87683
0.87598
0.87513
0.87429
0.87345
0.87262
0.87179
0.87096
0.87012
0.86929
0.86845
0.86761
0.86677
0.86594
0.8651
0.86426
0.86342
0.86258
0.86174
0.8609
0.86006
0.85923
0.8584
0.85757
0.85675
0.85594
0.85514
0.85435
0.85356
0.8528
0.85204
0.85131
0.85058
0.84987
0.84918
0.8485
0.84784
0.84719
0.84656
0.84595
0.84535
0.84477
0.84419
0.84363
0.84308
0.84255
0.84201
0.84149
0.84097
0.84045
0.83994
0.83943
0.83892
0.8384
0.83788
0.83736
0.83682
0.83627
0.83571
0.83513
0.83453
0.83391
0.83327
0.8326
0.8319
0.83118
0.83044
0.82968
0.8289
0.8281
0.8273
0.8265
0.82569
0.8249
0.82411
0.82334
0.82258
0.82185
0.82114
0.82044
0.81977
0.81912
0.81848
0.81787
0.81727
0.81668
0.81611
0.81555
0.815
0.81446
0.81393
0.8134
0.81289
0.81237
0.81186
0.81136
0.81086
0.81037
0.80988
0.80939
0.8089
0.80842
0.80794
0.80747
0.807
0.80653
0.80607
0.80561
0.80516
