1
0.97291
0.96345
0.95614
0.9503
0.94613
0.93927
0.93659
0.93037
0.929
0.92327
0.91788
0.91273
0.90785
0.90321
0.89877
0.89457
0.89055
0.88673
0.88306
0.87958
0.87625
0.87307
0.87002
0.86709
0.86428
0.86158
0.85898
0.85647
0.85407
0.8518
0.84965
0.84761
0.84569
0.84388
0.84218
0.84057
0.83907
0.83764
0.83628
0.83498
0.8337
0.83245
0.8312
0.82992
0.82862
0.82728
0.82589
0.82446
0.82299
0.8215
0.82
0.81849
0.81699
0.81549
0.81398
0.81247
0.81095
0.80942
0.80787
0.80632
0.80475
0.80318
0.80161
0.80005
0.79848
0.79693
0.79538
0.79386
0.79234
0.79085
0.78937
0.78792
0.78647
0.78504
0.78361
0.78219
0.78078
0.77938
0.778
0.77663
0.7753
0.774
0.77273
0.77148
0.77026
0.76906
0.76786
0.76668
0.76549
0.76431
0.76311
0.76191
0.76071
0.7595
0.7583
0.75711
0.75592
0.75475
0.75359
0.75245
0.75133
0.75022
0.74913
0.74805
0.74698
0.74591
0.74485
0.74378
0.7427
0.74162
0.74051
0.73939
0.73825
0.73708
0.73588
0.73465
0.73338
0.73208
0.73075
0.72938
0.72798
0.72655
0.72509
0.72362
0.72213
0.72062
0.71912
0.71761
0.71612
0.71463
0.71315
0.71169
0.71024
0.7088
0.70737
0.70595
0.70455
0.70314
0.70174
0.70033
0.69891
0.69749
0.69606
0.69461
0.69315
0.69167
0.69018
0.68868
0.68717
0.68565
0.68413
0.68261
0.6811
0.67961
0.67813
0.67668
