1
0.97272
0.96308
0.95592
0.9506
0.94684
0.94042
0.93807
0.93228
0.93109
0.92574
0.92071
0.91592
0.91138
0.90706
0.90293
0.89902
0.89527
0.89171
0.88828
0.88503
0.88192
0.87895
0.87609
0.87336
0.87072
0.86819
0.86575
0.86339
0.86113
0.85899
0.85696
0.85505
0.85323
0.85153
0.84992
0.84841
0.84698
0.84564
0.84435
0.84311
0.8419
0.8407
0.83949
0.83827
0.83701
0.8357
0.83436
0.83297
0.83156
0.83012
0.82868
0.82723
0.8258
0.82437
0.82296
0.82155
0.82016
0.81878
0.81741
0.81606
0.81474
0.81345
0.8122
0.81097
0.80978
0.80861
0.80747
0.80633
0.8052
0.80408
0.80295
0.80182
0.80068
0.79955
0.7984
0.79726
0.7961
0.79493
0.79374
0.79252
0.79126
0.78997
0.78862
0.78724
0.78581
0.78434
0.78286
0.78135
0.77985
0.77834
0.77685
0.77537
0.77391
0.77248
0.77109
0.76973
0.7684
0.76712
0.76588
0.76469
0.76353
0.76241
0.76132
0.76027
0.75924
0.75824
0.75727
0.75631
0.75537
0.75444
0.75352
0.7526
0.75169
0.75078
0.74987
0.74895
0.74803
0.74709
0.74615
0.74519
0.74421
0.74322
0.7422
0.74115
0.74008
0.73897
0.73784
0.73667
0.73546
0.73422
0.73295
0.73164
0.73029
0.72892
0.72751
0.72607
0.72461
0.72312
0.72161
0.72008
0.71853
0.71697
0.7154
0.71381
0.71222
0.71063
0.70904
0.70745
0.70587
0.70431
0.70277
0.70125
0.69976
0.69831
0.6969
0.69554
