1
0.97284
0.96336
0.95626
0.95088
0.94694
0.94031
0.93771
0.93163
0.93018
0.92448
0.91907
0.91386
0.90887
0.9041
0.89949
0.8951
0.89086
0.88682
0.88291
0.87919
0.87561
0.8722
0.86893
0.8658
0.8628
0.85993
0.8572
0.85458
0.8521
0.84978
0.8476
0.84557
0.84368
0.84192
0.84029
0.83879
0.8374
0.83611
0.83491
0.83377
0.83268
0.83162
0.83056
0.82948
0.82836
0.8272
0.82596
0.82466
0.82329
0.82185
0.82036
0.81881
0.8172
0.81554
0.81383
0.81206
0.81025
0.80841
0.80654
0.80467
0.8028
0.80095
0.79913
0.79734
0.79559
0.79389
0.79223
0.79063
0.7891
0.78764
0.78626
0.78495
0.78372
0.78257
0.78148
0.78046
0.7795
0.77858
0.77771
0.77686
0.77604
0.77523
0.77443
0.77362
0.7728
0.77196
0.77109
0.77018
0.76924
0.76825
0.76721
0.76613
0.76501
0.76384
0.76264
0.76141
0.76014
0.75884
0.75752
0.75618
0.75481
0.75342
0.75201
0.75059
0.74915
0.74769
0.74623
0.74477
0.7433
0.74183
0.74037
0.73892
0.73748
0.73606
0.73465
0.73326
0.73188
0.73053
0.72919
0.72788
0.72658
0.72531
0.72405
0.72282
0.7216
0.7204
0.71922
0.71806
0.71691
0.71577
0.71464
0.71352
0.71241
0.71129
0.71018
0.70906
0.70793
0.70679
0.70564
0.70446
0.70326
0.70204
0.70079
0.6995
0.69819
0.69684
0.69546
0.69405
0.69262
0.69118
0.68972
0.68826
0.68681
0.68537
0.68394
0.68254
