1
0.9747
0.96729
0.96209
0.95841
0.95606
0.95194
0.95039
0.94674
0.94583
0.94254
0.93949
0.93659
0.93385
0.93127
0.9288
0.92649
0.92428
0.92221
0.92022
0.91834
0.91655
0.91485
0.91322
0.91165
0.91014
0.90869
0.90728
0.90591
0.90458
0.90332
0.90211
0.90095
0.89985
0.89878
0.89776
0.89679
0.89586
0.89496
0.89409
0.89324
0.89241
0.8916
0.89081
0.89003
0.88927
0.88853
0.8878
0.88709
0.8864
0.88573
0.88507
0.88442
0.88377
0.88314
0.88251
0.88189
0.88127
0.88065
0.88004
0.87944
0.87884
0.87824
0.87765
0.87706
0.87648
0.8759
0.87533
0.87477
0.8742
0.87365
0.8731
0.87255
0.87202
0.87148
0.87095
0.87043
0.86992
0.86941
0.8689
0.8684
0.8679
0.86741
0.86693
0.86645
0.86598
0.86551
0.86505
0.86459
0.86414
0.8637
0.86326
0.86283
0.86239
0.86197
0.86154
0.86112
0.8607
0.86029
0.85988
0.85947
0.85906
0.85865
0.85825
0.85785
0.85746
0.85706
0.85667
0.85628
0.85589
0.8555
0.85511
0.85472
0.85434
0.85395
0.85357
0.85319
0.85281
0.85243
0.85204
0.85167
0.85129
0.85091
0.85054
0.85017
0.84979
0.84942
0.84905
0.84868
0.84832
0.84795
0.84758
0.84721
0.84685
0.84648
0.84612
0.84575
0.84539
0.84503
0.84466
0.8443
0.84394
0.84358
0.84322
0.84286
0.8425
0.84215
0.84179
0.84144
0.84109
0.84074
0.84039
0.84004
0.83969
0.83935
0.839
0.83866
