1
0.97287
0.96338
0.95628
0.9509
0.94695
0.94032
0.93772
0.93164
0.93019
0.92449
0.91907
0.91386
0.90888
0.90411
0.8995
0.89511
0.89088
0.88683
0.88293
0.8792
0.87563
0.87221
0.86894
0.86581
0.86281
0.85994
0.85721
0.85459
0.85211
0.84979
0.84761
0.84558
0.84369
0.84193
0.8403
0.8388
0.83741
0.83612
0.83492
0.83378
0.83269
0.83163
0.83057
0.82949
0.82837
0.82721
0.82597
0.82467
0.8233
0.82186
0.82037
0.81882
0.81721
0.81555
0.81384
0.81207
0.81026
0.80842
0.80655
0.80468
0.80281
0.80096
0.79914
0.79735
0.7956
0.7939
0.79224
0.79064
0.78911
0.78765
0.78627
0.78496
0.78373
0.78258
0.78149
0.78047
0.77951
0.77859
0.77772
0.77687
0.77605
0.77524
0.77444
0.77363
0.77281
0.77197
0.7711
0.77019
0.76925
0.76826
0.76722
0.76614
0.76502
0.76386
0.76265
0.76142
0.76015
0.75886
0.75754
0.75619
0.75482
0.75344
0.75203
0.7506
0.74916
0.74771
0.74625
0.74478
0.74331
0.74185
0.74039
0.73894
0.7375
0.73608
0.73467
0.73328
0.7319
0.73055
0.72921
0.7279
0.72661
0.72533
0.72408
0.72285
0.72163
0.72043
0.71925
0.71809
0.71694
0.71581
0.71468
0.71356
0.71245
0.71134
0.71023
0.70911
0.70799
0.70685
0.7057
0.70453
0.70334
0.70212
0.70087
0.69959
0.69828
0.69694
0.69557
0.69417
0.69274
0.69131
0.68986
0.6884
0.68696
0.68552
0.6841
0.68271
