1
0.97431
0.9666
0.96157
0.95791
0.95545
0.95118
0.94948
0.94559
0.94444
0.9408
0.93732
0.93395
0.93072
0.92763
0.92465
0.92183
0.91911
0.91652
0.91403
0.91166
0.90939
0.90722
0.90513
0.90312
0.90118
0.8993
0.89747
0.89569
0.89397
0.89231
0.89072
0.88918
0.8877
0.88627
0.88489
0.88355
0.88226
0.88101
0.87978
0.87859
0.87743
0.87629
0.87517
0.87408
0.87302
0.87198
0.87097
0.86997
0.86901
0.86806
0.86713
0.86621
0.86531
0.86441
0.86353
0.86266
0.86179
0.86093
0.86008
0.85924
0.85841
0.85758
0.85676
0.85595
0.85514
0.85435
0.85356
0.85278
0.852
0.85124
0.85048
0.84973
0.84899
0.84826
0.84754
0.84683
0.84612
0.84543
0.84474
0.84407
0.8434
0.84274
0.84209
0.84145
0.84082
0.8402
0.83959
0.83899
0.83839
0.83781
0.83723
0.83666
0.8361
0.83554
0.83499
0.83445
0.83391
0.83337
0.83285
0.83233
0.83181
0.83131
0.83081
0.83032
0.82983
0.82936
0.82889
0.82843
0.82797
0.82753
0.82709
0.82666
0.82623
0.82582
0.82541
0.825
0.82461
0.82422
0.82385
0.82348
0.82311
0.82276
0.82241
0.82207
0.82174
0.82142
0.8211
0.82079
0.82049
0.82019
0.81991
0.81963
0.81936
0.81909
0.81884
0.81859
0.81835
0.81812
0.81789
0.81767
0.81746
0.81725
0.81705
0.81686
0.81667
0.81649
0.81631
0.81614
0.81597
0.81581
0.81565
0.8155
0.81535
0.8152
0.81506
0.81492
