1
0.9742
0.96579
0.95977
0.95525
0.95204
0.94656
0.94422
0.9391
0.93757
0.93271
0.92802
0.92342
0.91895
0.9146
0.91034
0.90623
0.90221
0.89832
0.89452
0.89084
0.88726
0.8838
0.88042
0.87714
0.87395
0.87084
0.86781
0.86486
0.86201
0.85926
0.85663
0.8541
0.85167
0.84935
0.84713
0.84502
0.84301
0.8411
0.83928
0.83755
0.83591
0.83435
0.83288
0.8315
0.8302
0.82897
0.82782
0.82671
0.82565
0.82461
0.82358
0.82252
0.82142
0.82026
0.81903
0.81774
0.81637
0.81494
0.81344
0.8119
0.8103
0.80865
0.80693
0.80516
0.80332
0.80141
0.79945
0.79745
0.79541
0.79336
0.79132
0.78929
0.78729
0.78531
0.78337
0.78147
0.7796
0.77779
0.77604
0.77435
0.77273
0.77119
0.76974
0.76836
0.76707
0.76585
0.76471
0.76363
0.76261
0.76163
0.76069
0.75979
0.75891
0.75804
0.75718
0.75632
0.75545
0.75458
0.75368
0.75276
0.75182
0.75084
0.74984
0.7488
0.74773
0.74664
0.74551
0.74437
0.74321
0.74203
0.74084
0.73964
0.73843
0.73722
0.73601
0.73478
0.73356
0.73232
0.73108
0.72984
0.72859
0.72733
0.72606
0.7248
0.72353
0.72227
0.72102
0.71977
0.71853
0.71731
0.71609
0.71489
0.7137
0.71253
0.71136
0.71021
0.70906
0.70792
0.70678
0.70565
0.70452
0.70339
0.70227
0.70115
0.70003
0.69892
0.69781
0.6967
0.6956
0.6945
0.69341
0.69233
0.69125
0.69019
0.68913
0.68808
