1
0.97602
0.96987
0.96503
0.96142
0.95935
0.95558
0.95379
0.95042
0.94925
0.94623
0.94334
0.94061
0.93796
0.93544
0.93289
0.93048
0.92821
0.92604
0.92397
0.92195
0.92001
0.91812
0.91628
0.9145
0.91277
0.91108
0.90942
0.9078
0.90621
0.90468
0.90319
0.90174
0.90034
0.89898
0.89766
0.8964
0.89518
0.894
0.89286
0.89177
0.89071
0.88969
0.88871
0.88778
0.88689
0.88605
0.88526
0.88452
0.88384
0.88321
0.88264
0.88211
0.88163
0.88119
0.88079
0.88041
0.88005
0.8797
0.87936
0.87901
0.87866
0.8783
0.87794
0.87755
0.87716
0.87675
0.87633
0.87591
0.87547
0.87503
0.87458
0.87413
0.87367
0.87321
0.87275
0.8723
0.87184
0.87138
0.87092
0.87046
0.87001
0.86955
0.8691
0.86865
0.8682
0.86775
0.8673
0.86686
0.86643
0.86599
0.86556
0.86513
0.8647
0.86428
0.86386
0.86344
0.86302
0.86261
0.8622
0.86179
0.86139
0.861
0.86061
0.86023
0.85986
0.8595
0.85915
0.8588
0.85847
0.85815
0.85784
0.85754
0.85726
0.85699
0.85674
0.85651
0.85628
0.85608
0.85589
0.85571
0.85555
0.85539
0.85524
0.8551
0.85496
0.85482
0.85468
0.85453
0.85439
0.85423
0.85408
0.85391
0.85374
0.85357
0.85338
0.85319
0.853
0.8528
0.8526
0.85239
0.85218
0.85196
0.85174
0.85152
0.85129
0.85107
0.85084
0.85061
0.85038
0.85015
0.84992
0.84969
0.84946
0.84924
0.84901
0.84879
