1
0.90711
0.99299
1.0582
1.1778
1.2172
1.2649
1.2783
1.309
1.3024
1.3318
1.3547
1.3817
1.4015
1.4211
1.4357
1.4513
1.4627
1.4773
1.4892
1.5027
1.5139
1.5264
1.5379
1.5504
1.5621
1.5739
1.5849
1.5948
1.6026
1.6088
1.6146
1.6205
1.6268
1.6335
1.6404
1.6476
1.6549
1.6624
1.6699
1.6773
1.6846
1.6918
1.6989
1.7059
1.7127
1.7195
1.7261
1.7326
1.7391
1.7454
1.7517
1.758
1.7641
1.7702
1.7763
1.7823
1.7883
1.7942
1.8002
1.8061
1.8121
1.8181
1.8241
1.8301
1.8362
1.8423
1.8484
1.8545
1.8605
1.8664
1.8722
1.8779
1.8833
1.8886
1.8936
1.8985
1.9033
1.9079
1.9124
1.9168
1.9211
1.9254
1.9295
1.9336
1.9377
1.9417
1.9456
1.9495
1.9534
1.9572
1.961
1.9647
1.9684
1.9721
1.9757
1.9793
1.9828
1.9862
1.9897
1.993
1.9963
1.9996
2.0028
2.0059
2.009
2.0121
2.015
2.018
2.0209
2.0237
2.0265
2.0293
2.032
2.0348
2.0374
2.0401
2.0427
2.0452
2.0478
2.0503
2.0528
2.0553
2.0577
2.0601
2.0625
2.0649
2.0672
2.0695
2.0718
2.0741
2.0763
2.0785
2.0807
2.0829
2.085
2.0872
2.0893
2.0914
2.0934
2.0955
2.0975
2.0995
2.1015
2.1034
2.1054
2.1073
2.1092
2.111
2.1129
2.1147
2.1165
2.1183
2.12
2.1217
2.1234
2.1251
