1
0.97348
0.96546
0.95997
0.95582
0.953
0.94812
0.94642
0.9422
0.94141
0.93769
0.93433
0.93118
0.92826
0.92554
0.92295
0.92053
0.91823
0.91605
0.91394
0.91192
0.90997
0.90808
0.90623
0.90442
0.90263
0.90088
0.89914
0.89743
0.89573
0.89408
0.89248
0.8909
0.88936
0.88786
0.88638
0.88494
0.88353
0.88214
0.88078
0.87944
0.87812
0.87682
0.87554
0.87429
0.87305
0.87184
0.87066
0.8695
0.86837
0.86725
0.86616
0.86509
0.86404
0.86299
0.86197
0.86096
0.85996
0.85897
0.85799
0.85703
0.85609
0.85515
0.85423
0.85331
0.85241
0.85152
0.85065
0.84978
0.84893
0.84808
0.84725
0.84643
0.84561
0.84481
0.84402
0.84324
0.84246
0.8417
0.84094
0.8402
0.83946
0.83872
0.838
0.83728
0.83658
0.83588
0.83519
0.83451
0.83384
0.83317
0.83251
0.83186
0.83122
0.83058
0.82995
0.82932
0.8287
0.82808
0.82747
0.82687
0.82627
0.82567
0.82508
0.82449
0.82391
0.82333
0.82276
0.82219
0.82162
0.82106
0.8205
0.81995
0.8194
0.81885
0.81832
0.81778
0.81725
0.81673
0.81621
0.81569
0.81519
0.81468
0.81419
0.81369
0.81319
0.8127
0.81221
0.81172
0.81122
0.81073
0.81022
0.80972
0.80921
0.80869
0.80817
0.80763
0.80709
0.80654
0.80597
0.8054
0.80482
0.80422
0.80362
0.803
0.80238
0.80176
0.80113
0.80049
0.79985
0.79921
0.79856
0.79792
0.79727
0.79663
0.79598
0.79533
