1
0.97341
0.96486
0.95869
0.95413
0.95109
0.94578
0.9438
0.93899
0.93793
0.93359
0.92948
0.92548
0.92153
0.9176
0.91361
0.90962
0.90562
0.90173
0.89797
0.89443
0.89111
0.88801
0.88508
0.88229
0.87956
0.87682
0.87399
0.871
0.86786
0.86465
0.86141
0.85819
0.855
0.85188
0.84884
0.84588
0.84301
0.84021
0.83747
0.83478
0.83212
0.82948
0.82686
0.82424
0.82164
0.81906
0.8165
0.81398
0.81151
0.8091
0.80676
0.8045
0.80231
0.8002
0.79815
0.79615
0.79421
0.7923
0.79041
0.78854
0.78668
0.7848
0.78291
0.781
0.77907
0.77712
0.77515
0.77316
0.77117
0.76916
0.76716
0.76515
0.76314
0.76113
0.75911
0.75709
0.75508
0.75308
0.75111
0.74918
0.7473
0.74548
0.74373
0.74206
0.74046
0.73894
0.73748
0.7361
0.73478
0.73353
0.73233
0.73117
0.73007
0.729
0.72797
0.72697
0.726
0.72506
0.72413
0.72323
0.72234
0.72146
0.72059
0.71972
0.71886
0.71799
0.71711
0.71623
0.71534
0.71442
0.71349
0.71253
0.71156
0.71055
0.70951
0.70844
0.70733
0.70619
0.70501
0.70379
0.70254
0.70125
0.69994
0.69859
0.69722
0.69584
0.69443
0.69302
0.69159
0.69017
0.68873
0.6873
0.68586
0.68443
0.68299
0.68156
0.68014
0.67873
0.67733
0.67595
0.67459
0.67325
0.67194
0.67066
0.6694
0.66816
0.66695
0.66576
0.66457
0.6634
0.66223
0.66104
0.65984
0.65862
0.65737
0.65608
