1
0.97306
0.96481
0.95923
0.95549
0.95323
0.949
0.94776
0.94419
0.94368
0.94054
0.93764
0.93493
0.93239
0.92998
0.92767
0.92548
0.92334
0.9213
0.91928
0.91733
0.91542
0.91357
0.91174
0.90995
0.90818
0.90643
0.9047
0.90299
0.90132
0.89969
0.89811
0.89657
0.89507
0.89361
0.89219
0.89081
0.88947
0.88817
0.88689
0.88564
0.88441
0.8832
0.88201
0.88084
0.87969
0.87856
0.87746
0.87638
0.87533
0.87431
0.87332
0.87235
0.8714
0.87048
0.86959
0.86872
0.86787
0.86705
0.86626
0.86549
0.86475
0.86403
0.86334
0.86268
0.86204
0.86142
0.86082
0.86023
0.85966
0.8591
0.85855
0.85801
0.85747
0.85694
0.8564
0.85587
0.85534
0.85481
0.85427
0.85374
0.8532
0.85267
0.85213
0.85159
0.85106
0.85052
0.84999
0.84946
0.84894
0.84842
0.8479
0.84739
0.84689
0.84639
0.84589
0.8454
0.84491
0.84443
0.84395
0.84349
0.84303
0.84257
0.84212
0.84168
0.84125
0.84082
0.84041
0.84
0.83959
0.8392
0.83882
0.83844
0.83807
0.8377
0.83734
0.83698
0.83663
0.83627
0.8359
0.83553
0.83515
0.83476
0.83436
0.83394
0.8335
0.83304
0.83257
0.83207
0.83156
0.83102
0.83047
0.82991
0.82933
0.82874
0.82813
0.82752
0.8269
0.82627
0.82563
0.82499
0.82435
0.82371
0.82307
0.82243
0.8218
0.82116
0.82053
0.8199
0.81928
0.81866
0.81805
0.81744
0.81684
0.81624
0.81565
0.81506
