1
0.97394
0.96622
0.96125
0.95761
0.95528
0.95119
0.94965
0.94606
0.94523
0.94198
0.93895
0.93609
0.9334
0.93088
0.92846
0.9262
0.92403
0.92199
0.92001
0.91814
0.91633
0.9146
0.91291
0.91127
0.90967
0.90811
0.90656
0.90503
0.90352
0.90204
0.90056
0.89908
0.89758
0.89606
0.89452
0.89297
0.89142
0.88986
0.88831
0.88676
0.88521
0.88368
0.88216
0.88066
0.87918
0.87772
0.87628
0.87486
0.87347
0.8721
0.87075
0.86942
0.8681
0.8668
0.86551
0.86423
0.86294
0.86165
0.86035
0.85904
0.8577
0.85635
0.85496
0.85355
0.8521
0.85062
0.8491
0.84754
0.84593
0.84428
0.84259
0.84086
0.8391
0.83731
0.8355
0.83368
0.83185
0.83002
0.8282
0.82638
0.82458
0.82279
0.82102
0.81926
0.81752
0.8158
0.8141
0.81242
0.81076
0.80911
0.80749
0.80587
0.80428
0.8027
0.80113
0.79957
0.79802
0.79648
0.79495
0.79343
0.79191
0.79039
0.78888
0.78737
0.78586
0.78435
0.78284
0.78133
0.77981
0.77829
0.77676
0.77523
0.7737
0.77216
0.77062
0.76908
0.76754
0.766
0.76447
0.76295
0.76143
0.75993
0.75845
0.75698
0.75554
0.75411
0.75271
0.75132
0.74996
0.74862
0.74731
0.74602
0.74475
0.7435
0.74228
0.74108
0.7399
0.73874
0.7376
0.73647
0.73537
0.73428
0.73321
0.73215
0.73111
0.73007
0.72905
0.72803
0.72702
0.72603
0.72503
0.72405
0.72307
0.72209
0.72112
0.72016
