1
0.97399
0.96547
0.95975
0.95566
0.9531
0.94867
0.94734
0.9437
0.94324
0.94009
0.93726
0.93466
0.93228
0.93009
0.92801
0.92608
0.92421
0.92244
0.92069
0.91901
0.91734
0.91571
0.91409
0.91247
0.91085
0.90923
0.9076
0.90598
0.90437
0.90278
0.90122
0.89967
0.89815
0.89664
0.89517
0.89373
0.89233
0.89096
0.88962
0.88829
0.88699
0.8857
0.88443
0.88317
0.88193
0.88069
0.87946
0.87823
0.877
0.87576
0.87451
0.87325
0.87196
0.87066
0.86934
0.86801
0.86667
0.86532
0.86397
0.86262
0.86129
0.85997
0.85867
0.85738
0.85612
0.85488
0.85366
0.85247
0.8513
0.85015
0.84902
0.84791
0.84683
0.84576
0.84471
0.84368
0.84266
0.84165
0.84065
0.83967
0.8387
0.83773
0.83678
0.83583
0.8349
0.83398
0.83307
0.83218
0.8313
0.83043
0.82958
0.82875
0.82793
0.82713
0.82634
0.82557
0.82481
0.82406
0.82333
0.8226
0.82189
0.82119
0.82051
0.81983
0.81917
0.81851
0.81786
0.81721
0.81657
0.81594
0.81531
0.81469
0.81407
0.81345
0.81284
0.81223
0.81162
0.81101
0.8104
0.8098
0.80919
0.80859
0.80798
0.80737
0.80676
0.80616
0.80555
0.80493
0.80432
0.80371
0.8031
0.80249
0.80188
0.80127
0.80066
0.80006
0.79946
0.79887
0.79828
0.7977
0.79712
0.79655
0.796
0.79545
0.7949
0.79437
0.79385
0.79334
0.79284
0.79234
0.79186
0.79138
0.79092
0.79046
0.79001
0.78957
