1
0.68038
0.5469
0.50892
0.69528
0.73815
0.73148
0.81506
0.82865
0.83133
0.82399
0.78266
0.78001
0.75507
0.74267
0.71456
0.69736
0.65907
0.64076
0.61396
0.60068
0.57821
0.56427
0.54721
0.53775
0.5291
0.52778
0.53177
0.54322
0.55029
0.54922
0.54416
0.53825
0.53254
0.5276
0.52358
0.52055
0.51849
0.51736
0.51707
0.51749
0.51851
0.52003
0.52195
0.52421
0.52673
0.52946
0.53239
0.53548
0.53872
0.54208
0.54557
0.54915
0.55281
0.55649
0.56018
0.56383
0.56741
0.57091
0.5743
0.57758
0.58073
0.58375
0.58664
0.58938
0.59199
0.59446
0.59678
0.59898
0.60105
0.60301
0.60489
0.6067
0.60848
0.61024
0.61201
0.6138
0.61564
0.61753
0.61948
0.62149
0.62355
0.62568
0.62786
0.63009
0.63237
0.6347
0.63708
0.6395
0.64197
0.64447
0.647
0.64957
0.65216
0.65477
0.6574
0.66005
0.66271
0.66537
0.66805
0.67074
0.67343
0.67614
0.67885
0.68158
0.68433
0.68709
0.68987
0.69268
0.6955
0.69834
0.7012
0.70408
0.70698
0.7099
0.71283
0.71577
0.71872
0.72168
0.72465
0.72762
0.7306
0.73359
0.73658
0.73957
0.74257
0.74557
0.74857
0.75158
0.75458
0.75759
0.76059
0.7636
0.7666
0.76959
0.77257
0.77553
0.77847
0.78138
0.78425
0.78707
0.78985
0.79256
0.79521
0.79778
0.80029
0.80272
0.80507
0.80735
0.80955
0.81168
0.81373
0.81571
0.81762
0.81945
0.82123
0.82294
