1
0.97923
0.98028
0.97397
0.97216
0.97625
0.98403
0.99058
0.99784
1.0019
1.009
1.0159
1.0229
1.0296
1.0362
1.0425
1.0482
1.0528
1.0556
1.056
1.0541
1.0513
1.0497
1.0502
1.0523
1.0555
1.0595
1.0641
1.0689
1.0741
1.0795
1.0849
1.09
1.095
1.0996
1.1039
1.1076
1.1108
1.1132
1.1152
1.1167
1.1182
1.1199
1.1219
1.1241
1.1267
1.1294
1.1324
1.1354
1.1385
1.1417
1.1448
1.148
1.1511
1.1543
1.1574
1.1605
1.1635
1.1665
1.1695
1.1724
1.1753
1.1781
1.1809
1.1836
1.1862
1.1889
1.1915
1.194
1.1965
1.199
1.2014
1.2039
1.2063
1.2086
1.211
1.2134
1.2157
1.218
1.2203
1.2226
1.2248
1.2271
1.2293
1.2315
1.2336
1.2358
1.2379
1.2401
1.2421
1.2442
1.2463
1.2483
1.2503
1.2522
1.2542
1.2561
1.258
1.2598
1.2617
1.2634
1.2652
1.2669
1.2686
1.2703
1.2719
1.2735
1.2751
1.2767
1.2782
1.2797
1.2811
1.2826
1.284
1.2854
1.2868
1.2882
1.2896
1.2909
1.2923
1.2936
1.2949
1.2962
1.2975
1.2988
1.3
1.3013
1.3025
1.3037
1.3049
1.3061
1.3072
1.3084
1.3095
1.3106
1.3117
1.3128
1.3138
1.3148
1.3159
1.3169
1.3179
1.3189
1.3198
1.3208
1.3218
1.3228
1.3237
1.3247
1.3256
1.3266
1.3275
1.3284
1.3293
1.3302
1.3311
1.3319
