1
0.97643
0.96633
0.96234
0.959
0.95589
0.95269
0.94961
0.94784
0.94611
0.94391
0.94077
0.93819
0.93562
0.93322
0.93096
0.92889
0.92689
0.92501
0.92316
0.92142
0.91975
0.91821
0.91677
0.91546
0.91431
0.91333
0.91255
0.91197
0.91156
0.91128
0.91109
0.91098
0.91094
0.91097
0.91108
0.91123
0.91139
0.91153
0.91159
0.91157
0.91145
0.91124
0.91096
0.91063
0.91026
0.90988
0.90951
0.90917
0.90887
0.90862
0.90843
0.9083
0.90824
0.90825
0.90833
0.90848
0.90869
0.90895
0.90925
0.90957
0.90991
0.91025
0.91058
0.91091
0.91122
0.91153
0.91181
0.91208
0.91233
0.91256
0.91276
0.91294
0.91311
0.91327
0.91342
0.91358
0.91374
0.91391
0.91408
0.91427
0.91447
0.91468
0.9149
0.91513
0.91537
0.91561
0.91587
0.91613
0.9164
0.91666
0.91693
0.91718
0.91744
0.91768
0.91791
0.91812
0.91832
0.91851
0.91868
0.91884
0.91897
0.91909
0.91919
0.91926
0.91931
0.91934
0.91935
0.91935
0.91934
0.91933
0.91933
0.91933
0.91935
0.91939
0.91945
0.91954
0.91966
0.91981
0.91999
0.92019
0.92042
0.92067
0.92094
0.92122
0.92151
0.9218
0.92208
0.92237
0.92265
0.92292
0.92318
0.92343
0.92368
0.92391
0.92414
0.92436
0.92456
0.92476
0.92495
0.92514
0.92531
0.92548
0.92564
0.9258
0.92594
0.92608
0.9262
0.92632
0.92642
0.92651
0.92659
0.92666
0.92671
0.92674
0.92676
0.92677
