1
0.97335
0.96503
0.95931
0.95521
0.95257
0.94795
0.9464
0.94243
0.94176
0.93824
0.93502
0.93205
0.9293
0.92675
0.92432
0.92206
0.91989
0.91785
0.91586
0.91394
0.91202
0.91013
0.90823
0.90636
0.90449
0.90267
0.90087
0.89909
0.89734
0.89563
0.89396
0.89229
0.89062
0.88892
0.88718
0.8854
0.88358
0.88174
0.87988
0.878
0.87611
0.87421
0.87232
0.87042
0.86852
0.86664
0.86478
0.86295
0.86116
0.8594
0.85769
0.85601
0.85437
0.85275
0.85116
0.84958
0.84802
0.84647
0.84491
0.84336
0.84181
0.84026
0.8387
0.83714
0.83559
0.83405
0.83251
0.83099
0.82949
0.82801
0.82656
0.82514
0.82375
0.82239
0.82107
0.81978
0.81852
0.81729
0.8161
0.81493
0.8138
0.8127
0.81162
0.81057
0.80955
0.80855
0.80757
0.80662
0.80569
0.80478
0.80389
0.80302
0.80216
0.80132
0.8005
0.79969
0.79889
0.79811
0.79734
0.79658
0.79583
0.79509
0.79436
0.79363
0.79292
0.79221
0.79151
0.79082
0.79013
0.78945
0.78877
0.78811
0.78745
0.78679
0.78615
0.78551
0.78488
0.78425
0.78363
0.78302
0.78242
0.78183
0.78124
0.78066
0.78008
0.77952
0.77895
0.7784
0.77785
0.7773
0.77676
0.77623
0.77569
0.77517
0.77465
0.77413
0.77362
0.77312
0.77262
0.77212
0.77162
0.77113
0.77065
0.77016
0.76967
0.76917
0.76868
0.76818
0.76767
0.76716
0.76664
0.76611
0.76557
0.76501
0.76445
0.76387
