1
1.594
1.5656
1.7955
1.7959
1.8938
2.0237
2.0934
2.221
2.2776
2.3951
2.5104
2.6227
2.7364
2.8448
2.94
3.0211
3.0917
3.1544
3.2122
3.2659
3.3171
3.3657
3.4122
3.4566
3.4991
3.5399
3.5791
3.6169
3.6528
3.6839
3.7103
3.7338
3.7555
3.7763
3.7964
3.8161
3.8357
3.8551
3.8745
3.8939
3.9133
3.9327
3.9522
3.9717
3.9911
4.0106
4.03
4.0494
4.0686
4.0877
4.1066
4.1253
4.1438
4.1621
4.1802
4.198
4.2156
4.233
4.2501
4.267
4.2838
4.3003
4.3167
4.3328
4.3488
4.3646
4.3802
4.3956
4.4109
4.4259
4.4408
4.4554
4.4699
4.4842
4.4983
4.5122
4.526
4.5395
4.5529
4.5661
4.5791
4.5919
4.6046
4.6171
4.6295
4.6417
4.6538
4.6657
4.6775
4.6892
4.7007
4.7121
4.7233
4.7344
4.7454
4.7563
4.767
4.7776
4.7882
4.7986
4.8089
4.8191
4.8292
4.8392
4.8491
4.8589
4.8686
4.8783
4.8879
4.8974
4.9069
4.9163
4.9256
4.9349
4.9441
4.9533
4.9624
4.9715
4.9805
4.9895
4.9984
5.0072
5.016
5.0247
5.0333
5.0418
5.0503
5.0587
5.067
5.0752
5.0834
5.0914
5.0995
5.1074
5.1153
5.1231
5.1308
5.1385
5.1462
5.1538
5.1614
5.169
5.1765
5.184
5.1916
5.1991
5.2066
5.2141
5.2217
5.2292
5.2366
5.2441
5.2515
5.2589
5.2662
5.2735
