1
0.9742
0.96633
0.96099
0.95709
0.95449
0.95007
0.94835
0.94442
0.94346
0.93989
0.93652
0.93331
0.93025
0.92735
0.92455
0.92189
0.91933
0.91689
0.91451
0.91223
0.91002
0.9079
0.90584
0.90383
0.90187
0.89996
0.89807
0.89621
0.89438
0.89261
0.89088
0.88918
0.88752
0.88589
0.88429
0.88272
0.88118
0.87967
0.87817
0.8767
0.87524
0.8738
0.87238
0.87098
0.8696
0.86826
0.86693
0.86563
0.86436
0.86312
0.8619
0.86071
0.85954
0.8584
0.85727
0.85617
0.85508
0.85402
0.85298
0.85197
0.85098
0.85001
0.84907
0.84816
0.84727
0.84641
0.84557
0.84476
0.84398
0.84321
0.84248
0.84177
0.84108
0.84041
0.83977
0.83914
0.83854
0.83795
0.83739
0.83683
0.8363
0.83577
0.83526
0.83476
0.83426
0.83378
0.8333
0.83282
0.83235
0.83188
0.83141
0.83094
0.83047
0.83
0.82953
0.82906
0.82859
0.82812
0.82765
0.82719
0.82673
0.82627
0.82582
0.82537
0.82493
0.82449
0.82406
0.82364
0.82322
0.82281
0.82241
0.82201
0.82162
0.82124
0.82086
0.82049
0.82013
0.81977
0.81942
0.81907
0.81873
0.8184
0.81806
0.81773
0.81739
0.81704
0.81669
0.81632
0.81595
0.81556
0.81516
0.81475
0.81432
0.81388
0.81344
0.81298
0.81251
0.81203
0.81155
0.81106
0.81057
0.81008
0.80958
0.80908
0.80858
0.80809
0.80759
0.8071
0.80661
0.80612
0.80563
0.80516
0.80468
0.80421
0.80374
0.80328
