1
0.9739
0.96595
0.96079
0.95708
0.95462
0.95037
0.94868
0.94483
0.94374
0.94013
0.93666
0.93333
0.93014
0.92711
0.92419
0.92143
0.91877
0.91625
0.91381
0.91148
0.90924
0.90711
0.90506
0.90308
0.90116
0.89932
0.89751
0.89576
0.89406
0.89243
0.89086
0.88934
0.88787
0.88645
0.88507
0.88374
0.88246
0.88121
0.87999
0.8788
0.87764
0.8765
0.87539
0.87431
0.87325
0.87222
0.87122
0.87024
0.86929
0.86835
0.86744
0.86655
0.86567
0.8648
0.86394
0.86309
0.86224
0.86141
0.86058
0.85975
0.85893
0.85812
0.85731
0.85652
0.85572
0.85494
0.85417
0.8534
0.85264
0.85189
0.85114
0.85041
0.84968
0.84896
0.84825
0.84755
0.84686
0.84617
0.8455
0.84483
0.84417
0.84352
0.84287
0.84224
0.84161
0.84099
0.84038
0.83977
0.83917
0.83858
0.83799
0.83741
0.83683
0.83626
0.83569
0.83513
0.83457
0.83402
0.83347
0.83293
0.83239
0.83186
0.83133
0.83081
0.8303
0.82979
0.82929
0.82879
0.8283
0.82782
0.82734
0.82687
0.82641
0.82595
0.8255
0.82505
0.82461
0.82418
0.82376
0.82334
0.82294
0.82254
0.82215
0.82176
0.82139
0.82102
0.82066
0.82031
0.81996
0.81962
0.81929
0.81897
0.81866
0.81836
0.81806
0.81777
0.81749
0.81722
0.81695
0.8167
0.81645
0.8162
0.81597
0.81573
0.81551
0.81529
0.81507
0.81486
0.81465
0.81445
0.81425
0.81406
0.81387
0.81367
0.81349
0.8133
