1
0.97328
0.96383
0.95741
0.95259
0.94926
0.94353
0.94164
0.93672
0.93597
0.93166
0.92778
0.92421
0.92097
0.91803
0.91532
0.91287
0.9106
0.90854
0.90662
0.90486
0.90321
0.90169
0.90023
0.89886
0.89754
0.89628
0.89506
0.89388
0.89275
0.89166
0.89061
0.88958
0.88856
0.88756
0.88658
0.88561
0.88465
0.88371
0.88275
0.88179
0.88082
0.87985
0.87886
0.87787
0.87688
0.87587
0.87487
0.87386
0.87285
0.87183
0.8708
0.86976
0.8687
0.86762
0.86651
0.86539
0.86424
0.86308
0.86189
0.86068
0.85946
0.85822
0.85696
0.85568
0.85438
0.85307
0.85174
0.8504
0.84903
0.84765
0.84626
0.84485
0.84342
0.84197
0.84051
0.83903
0.83753
0.83602
0.83449
0.83295
0.83139
0.82982
0.82823
0.82664
0.82504
0.82344
0.82184
0.82024
0.81865
0.81707
0.81549
0.81393
0.81238
0.81085
0.80934
0.80784
0.80636
0.8049
0.80345
0.80203
0.80063
0.79925
0.79789
0.79655
0.79523
0.79394
0.79266
0.79141
0.79018
0.78897
0.78778
0.78662
0.78549
0.78438
0.7833
0.78224
0.78122
0.78022
0.77926
0.77832
0.77742
0.77655
0.77571
0.77491
0.77415
0.77342
0.77273
0.77208
0.77148
0.77091
0.77038
0.76991
0.76947
0.76908
0.76872
0.76841
0.76812
0.76786
0.76763
0.76741
0.7672
0.767
0.76679
0.76659
0.76637
0.76614
0.76591
0.76566
0.7654
0.76513
0.76485
0.76456
0.76426
0.76396
0.76364
0.76332
