1
0.97396
0.96575
0.95997
0.95561
0.95281
0.94805
0.94654
0.94259
0.94206
0.93867
0.93566
0.93294
0.93046
0.92821
0.92608
0.92412
0.92225
0.92048
0.91875
0.91708
0.91544
0.91383
0.91221
0.9106
0.90896
0.9073
0.90561
0.90389
0.90215
0.90043
0.89872
0.89704
0.89539
0.89379
0.89224
0.89076
0.88932
0.88794
0.88661
0.88531
0.88405
0.88282
0.88163
0.88046
0.87932
0.8782
0.87711
0.87603
0.87498
0.87393
0.8729
0.87188
0.87086
0.86984
0.86882
0.86779
0.86677
0.86575
0.86472
0.86369
0.86266
0.86162
0.86059
0.85955
0.85851
0.85746
0.85641
0.85536
0.8543
0.85324
0.85218
0.85111
0.85003
0.84896
0.84787
0.84678
0.84569
0.84459
0.84349
0.84238
0.84126
0.84015
0.83903
0.83792
0.8368
0.8357
0.83459
0.8335
0.83242
0.83135
0.8303
0.82926
0.82823
0.82723
0.82624
0.82528
0.82434
0.82341
0.82251
0.82163
0.82077
0.81993
0.81911
0.81831
0.81753
0.81677
0.81603
0.8153
0.81459
0.8139
0.81322
0.81256
0.81191
0.81127
0.81064
0.81003
0.80943
0.80884
0.80826
0.80769
0.80713
0.80658
0.80605
0.80551
0.80499
0.80448
0.80397
0.80347
0.80298
0.8025
0.80202
0.80155
0.80108
0.80062
0.80017
0.79973
0.79929
0.79886
0.79843
0.79801
0.79759
0.79718
0.79677
0.79637
0.79597
0.79558
0.79519
0.79481
0.79443
0.79406
0.79369
0.79332
0.79296
0.7926
0.79225
0.7919
