1
0.97451
0.96847
0.9641
0.96127
0.95967
0.95671
0.95576
0.95329
0.95273
0.95053
0.94855
0.94669
0.94503
0.94349
0.94201
0.94061
0.93919
0.93785
0.9365
0.93524
0.93405
0.93297
0.93197
0.93101
0.9301
0.92921
0.92834
0.92748
0.92664
0.92581
0.925
0.92421
0.92344
0.92269
0.92198
0.92129
0.92062
0.91998
0.91934
0.91872
0.9181
0.91748
0.91687
0.91626
0.91566
0.91506
0.91447
0.91388
0.91329
0.91271
0.91213
0.91155
0.91097
0.91038
0.90979
0.90919
0.9086
0.908
0.9074
0.9068
0.9062
0.9056
0.90501
0.90441
0.90382
0.90322
0.90262
0.90203
0.90143
0.90084
0.90024
0.89964
0.89904
0.89843
0.89783
0.89721
0.8966
0.89597
0.89535
0.89472
0.89408
0.89344
0.8928
0.89216
0.89151
0.89086
0.89021
0.88956
0.88891
0.88826
0.88762
0.88698
0.88634
0.88571
0.88509
0.88447
0.88386
0.88325
0.88265
0.88206
0.88148
0.8809
0.88033
0.87976
0.87921
0.87866
0.87811
0.87758
0.87704
0.87652
0.876
0.87549
0.87498
0.87447
0.87397
0.87348
0.87299
0.87251
0.87203
0.87156
0.87109
0.87063
0.87017
0.86971
0.86926
0.86881
0.86836
0.86791
0.86747
0.86703
0.86659
0.86616
0.86572
0.86529
0.86486
0.86443
0.864
0.86357
0.86315
0.86272
0.8623
0.86189
0.86147
0.86106
0.86066
0.86026
0.85986
0.85947
0.85908
0.85869
0.85831
0.85794
0.85757
0.8572
0.85684
0.85648
