1
0.97625
0.96621
0.9624
0.9591
0.95602
0.95269
0.94974
0.94795
0.94638
0.94421
0.94113
0.93856
0.93601
0.93364
0.93139
0.92934
0.92734
0.92546
0.92362
0.92188
0.9202
0.91865
0.91718
0.91585
0.91466
0.91364
0.91281
0.91217
0.91169
0.91134
0.91106
0.91085
0.91071
0.91064
0.91064
0.91068
0.91073
0.91075
0.9107
0.91056
0.91031
0.90998
0.90957
0.9091
0.90859
0.90807
0.90755
0.90705
0.90658
0.90615
0.90578
0.90546
0.9052
0.905
0.90486
0.90478
0.90476
0.90477
0.90482
0.90489
0.90496
0.90503
0.90508
0.90512
0.90514
0.90514
0.90511
0.90505
0.90496
0.90483
0.90467
0.90447
0.90425
0.904
0.90373
0.90345
0.90316
0.90287
0.90256
0.90226
0.90195
0.90164
0.90132
0.90101
0.9007
0.9004
0.9001
0.89981
0.89952
0.89924
0.89897
0.8987
0.89844
0.89818
0.89792
0.89766
0.89741
0.89716
0.89691
0.89666
0.89641
0.89616
0.89591
0.89565
0.89538
0.89511
0.89483
0.89456
0.89429
0.89403
0.89379
0.89357
0.89338
0.89321
0.89307
0.89298
0.89291
0.89289
0.8929
0.89295
0.89303
0.89313
0.89325
0.8934
0.89355
0.89371
0.89388
0.89404
0.8942
0.89436
0.89451
0.89465
0.89479
0.89493
0.89505
0.89517
0.89528
0.89539
0.8955
0.89559
0.89568
0.89577
0.89585
0.89592
0.89599
0.89605
0.89611
0.89615
0.89619
0.89622
0.89623
0.89624
0.89623
0.89622
0.89619
0.89614
