1
0.97474
0.96714
0.96213
0.95853
0.95621
0.95224
0.95073
0.94724
0.94635
0.94313
0.94007
0.9371
0.93421
0.93142
0.92866
0.926
0.92339
0.92087
0.9184
0.91602
0.91371
0.91149
0.90934
0.90727
0.90527
0.90332
0.90143
0.89958
0.89778
0.89605
0.89437
0.89274
0.89115
0.88961
0.8881
0.88663
0.8852
0.88379
0.88241
0.88104
0.87969
0.87836
0.87704
0.87573
0.87444
0.87317
0.87191
0.87066
0.86943
0.86822
0.86701
0.86582
0.86463
0.86344
0.86227
0.8611
0.85993
0.85877
0.85762
0.85648
0.85534
0.85422
0.85309
0.85198
0.85087
0.84977
0.84867
0.84758
0.84649
0.8454
0.84432
0.84323
0.84215
0.84107
0.83998
0.8389
0.83781
0.83672
0.83562
0.83453
0.83342
0.83232
0.83122
0.83012
0.82902
0.82792
0.82683
0.82575
0.82468
0.82363
0.82259
0.82157
0.82056
0.81957
0.8186
0.81765
0.81672
0.81581
0.81492
0.81405
0.81321
0.81238
0.81157
0.81079
0.81002
0.80927
0.80853
0.80782
0.80711
0.80643
0.80575
0.80509
0.80444
0.8038
0.80318
0.80256
0.80195
0.80135
0.80076
0.80018
0.79961
0.79904
0.79849
0.79793
0.79739
0.79685
0.79632
0.79579
0.79527
0.79475
0.79424
0.79373
0.79322
0.79272
0.79222
0.79172
0.79122
0.79072
0.79022
0.78971
0.7892
0.78869
0.78817
0.78764
0.7871
0.78656
0.786
0.78544
0.78486
0.78427
0.78366
0.78305
0.78242
0.78178
0.78113
0.78048
