1
0.9752
0.96567
0.96136
0.95771
0.95561
0.95162
0.9506
0.94637
0.94556
0.94225
0.93942
0.93678
0.93434
0.93205
0.92985
0.92779
0.9258
0.92394
0.9221
0.92037
0.91868
0.91706
0.91548
0.91395
0.91247
0.91106
0.90968
0.90836
0.9071
0.9059
0.90475
0.90364
0.90255
0.90147
0.9004
0.89934
0.89827
0.89721
0.89613
0.89504
0.89394
0.89282
0.8917
0.89056
0.88942
0.88826
0.88709
0.88592
0.88473
0.88352
0.8823
0.88106
0.8798
0.8785
0.87719
0.87584
0.87446
0.87306
0.87163
0.87017
0.86868
0.86717
0.86563
0.86407
0.86249
0.86089
0.85928
0.85766
0.85602
0.85438
0.85274
0.8511
0.84946
0.84782
0.8462
0.84458
0.84299
0.84142
0.83987
0.83834
0.83684
0.83537
0.83393
0.83252
0.83114
0.82979
0.82847
0.82717
0.82591
0.82466
0.82344
0.82224
0.82107
0.81991
0.81877
0.81766
0.81657
0.81551
0.81447
0.81347
0.81249
0.81155
0.81063
0.80975
0.80891
0.8081
0.80733
0.8066
0.80591
0.80526
0.80465
0.80408
0.80356
0.80308
0.80264
0.80225
0.80189
0.80158
0.80131
0.80108
0.80087
0.8007
0.80056
0.80044
0.80034
0.80025
0.80018
0.80011
0.80005
0.79999
0.79993
0.79986
0.7998
0.79973
0.79965
0.79958
0.79949
0.7994
0.79931
0.79921
0.7991
0.79898
0.79886
0.79874
0.79861
0.79847
0.79832
0.79818
0.79802
0.79787
0.79771
0.79754
0.79738
0.79721
0.79705
0.79688
