1
0.9739
0.9662
0.96128
0.95781
0.9556
0.95163
0.95024
0.94669
0.94576
0.94241
0.93917
0.93597
0.93284
0.92978
0.92675
0.92381
0.92094
0.91817
0.91548
0.91289
0.91039
0.90797
0.9056
0.90329
0.90102
0.89878
0.89657
0.89439
0.89225
0.89016
0.88813
0.88616
0.88423
0.88236
0.88053
0.87876
0.87703
0.87536
0.87372
0.87212
0.87055
0.86902
0.86753
0.86608
0.86465
0.86327
0.86192
0.8606
0.85932
0.85807
0.85685
0.85565
0.85448
0.85333
0.85219
0.85107
0.84997
0.84889
0.84782
0.84677
0.84573
0.84471
0.84371
0.84272
0.84174
0.84078
0.83983
0.83889
0.83797
0.83706
0.83616
0.83528
0.8344
0.83355
0.8327
0.83186
0.83105
0.83024
0.82944
0.82866
0.82789
0.82713
0.82638
0.82565
0.82492
0.82421
0.82351
0.82283
0.82215
0.82149
0.82084
0.8202
0.81958
0.81896
0.81835
0.81776
0.81717
0.81659
0.81603
0.81547
0.81493
0.81439
0.81387
0.81336
0.81285
0.81235
0.81186
0.81138
0.81091
0.81045
0.80999
0.80954
0.80909
0.80865
0.80822
0.80778
0.80736
0.80694
0.80652
0.80611
0.80571
0.80531
0.80491
0.80452
0.80414
0.80375
0.80337
0.803
0.80263
0.80226
0.8019
0.80154
0.80118
0.80082
0.80047
0.80011
0.79976
0.79941
0.79906
0.79871
0.79836
0.798
0.79765
0.79729
0.79692
0.79656
0.79618
0.7958
0.79542
0.79502
0.79462
0.79422
0.7938
0.79337
0.79294
0.79249
