1
0.97391
0.96597
0.96063
0.95694
0.95452
0.95012
0.94856
0.94463
0.94366
0.94
0.93651
0.93309
0.92977
0.92652
0.92331
0.92018
0.9171
0.91411
0.91117
0.90834
0.90557
0.90288
0.90024
0.89767
0.89514
0.89266
0.89023
0.88786
0.88555
0.88333
0.88121
0.87917
0.87722
0.87536
0.87359
0.87191
0.87031
0.8688
0.86737
0.86601
0.86472
0.8635
0.86235
0.86126
0.86023
0.85924
0.8583
0.85738
0.85649
0.8556
0.85469
0.85377
0.85281
0.8518
0.85075
0.84964
0.8485
0.84732
0.84611
0.84489
0.84365
0.84241
0.84115
0.83988
0.83861
0.83732
0.83603
0.83474
0.83347
0.83222
0.83101
0.82983
0.82871
0.82763
0.82659
0.82561
0.82467
0.82377
0.8229
0.82207
0.82128
0.82052
0.81978
0.81906
0.81837
0.8177
0.81704
0.8164
0.81576
0.81513
0.8145
0.81387
0.81323
0.81258
0.81192
0.81124
0.81054
0.80981
0.80905
0.80827
0.80746
0.80662
0.80575
0.80485
0.80393
0.803
0.80204
0.80109
0.80012
0.79916
0.79821
0.79726
0.79634
0.79543
0.79454
0.79367
0.79282
0.792
0.79119
0.79041
0.78964
0.7889
0.78816
0.78745
0.78674
0.78605
0.78536
0.78469
0.78401
0.78335
0.78268
0.78202
0.78136
0.7807
0.78004
0.77937
0.77871
0.77805
0.77738
0.77671
0.77604
0.77537
0.77469
0.77402
0.77334
0.77266
0.77199
0.77131
0.77064
0.76997
0.7693
0.76864
0.76797
0.76732
0.76667
0.76603
