1
0.97395
0.96628
0.96141
0.9581
0.95599
0.95229
0.95105
0.94786
0.94722
0.94433
0.94163
0.93902
0.93651
0.93409
0.93171
0.92944
0.92722
0.92512
0.92309
0.92119
0.91937
0.91766
0.91601
0.91443
0.91291
0.91144
0.91001
0.90861
0.90723
0.90588
0.90456
0.90324
0.90194
0.90064
0.89935
0.89807
0.89679
0.89553
0.89427
0.89302
0.89177
0.89054
0.88931
0.88809
0.88688
0.88568
0.8845
0.88332
0.88215
0.88099
0.87984
0.87869
0.87753
0.87638
0.87522
0.87406
0.87289
0.87173
0.87056
0.86938
0.86821
0.86703
0.86585
0.86468
0.8635
0.86232
0.86115
0.85997
0.8588
0.85763
0.85647
0.85531
0.85415
0.853
0.85186
0.85073
0.8496
0.84849
0.84739
0.8463
0.84522
0.84415
0.84309
0.84205
0.84102
0.84001
0.83902
0.83804
0.83708
0.83613
0.8352
0.83429
0.83339
0.83252
0.83165
0.83081
0.82998
0.82917
0.82837
0.8276
0.82684
0.8261
0.82538
0.82467
0.82399
0.82332
0.82266
0.82203
0.82141
0.82081
0.82022
0.81965
0.8191
0.81856
0.81805
0.81754
0.81705
0.81658
0.81613
0.8157
0.81528
0.81488
0.8145
0.81413
0.81378
0.81345
0.81313
0.81282
0.81254
0.81226
0.812
0.81175
0.81151
0.81128
0.81106
0.81084
0.81063
0.81042
0.81022
0.81001
0.8098
0.80959
0.80937
0.80915
0.80893
0.80869
0.80846
0.80821
0.80796
0.8077
0.80743
0.80716
0.80688
0.8066
0.80631
0.80601
