1
0.89588
1.1945
1.3281
1.3906
1.3702
1.4258
1.4457
1.4959
1.5118
1.5636
1.614
1.6541
1.6943
1.7297
1.7642
1.7927
1.8208
1.8428
1.8644
1.8819
1.8996
1.9155
1.9324
1.9485
1.965
1.9811
1.9975
2.0141
2.0316
2.0496
2.0673
2.0841
2.0998
2.1145
2.1283
2.1411
2.1532
2.1646
2.1753
2.1855
2.1954
2.2053
2.2151
2.2248
2.2345
2.2441
2.2535
2.2628
2.2719
2.2807
2.2893
2.2977
2.3058
2.3137
2.3214
2.3289
2.3361
2.3431
2.35
2.3566
2.363
2.3693
2.3755
2.3815
2.3874
2.3932
2.399
2.4047
2.4104
2.416
2.4217
2.4274
2.4331
2.4388
2.4445
2.4503
2.4562
2.462
2.468
2.4739
2.4799
2.4859
2.4919
2.4979
2.504
2.51
2.5161
2.5222
2.5282
2.5343
2.5404
2.5465
2.5526
2.5587
2.5649
2.571
2.5771
2.5832
2.5893
2.5954
2.6015
2.6077
2.6138
2.62
2.6261
2.6323
2.6385
2.6448
2.651
2.6574
2.6637
2.6701
2.6766
2.6831
2.6897
2.6964
2.7032
2.71
2.717
2.724
2.7312
2.7384
2.7458
2.7533
2.7609
2.7686
2.7765
2.7844
2.7926
2.8008
2.8092
2.8176
2.8262
2.8349
2.8438
2.8527
2.8617
2.8707
2.8799
2.8891
2.8984
2.9078
2.9172
2.9267
2.9362
2.9457
2.9553
2.9649
2.9744
2.9839
2.9934
3.0027
3.0118
3.0207
3.0295
3.0379
