1
0.97465
0.96765
0.96264
0.95877
0.95673
0.95273
0.95118
0.94787
0.94688
0.94368
0.94053
0.93759
0.93462
0.93177
0.92904
0.9264
0.92389
0.92149
0.91918
0.91699
0.91487
0.91284
0.91081
0.90882
0.90682
0.90484
0.90284
0.90085
0.89885
0.89689
0.89494
0.89303
0.89115
0.8893
0.8875
0.88575
0.88405
0.88238
0.88076
0.87917
0.87762
0.8761
0.87462
0.87316
0.87174
0.87035
0.869
0.86768
0.86639
0.86513
0.86392
0.86273
0.86158
0.86047
0.85939
0.85836
0.85736
0.8564
0.85549
0.85461
0.85378
0.85299
0.85223
0.8515
0.85079
0.85011
0.84944
0.84879
0.84814
0.84749
0.84684
0.84619
0.84553
0.84487
0.84419
0.8435
0.8428
0.84209
0.84136
0.84062
0.83987
0.83911
0.83833
0.83754
0.83674
0.83593
0.83512
0.8343
0.83347
0.83264
0.83181
0.83098
0.83015
0.82932
0.8285
0.82769
0.82688
0.82608
0.82529
0.82451
0.82374
0.82298
0.82222
0.82148
0.82074
0.82001
0.81929
0.81857
0.81785
0.81714
0.81644
0.81575
0.81506
0.81437
0.81369
0.81302
0.81234
0.81168
0.81102
0.81037
0.80973
0.80909
0.80846
0.80783
0.80722
0.80661
0.80601
0.80542
0.80484
0.80427
0.8037
0.80315
0.8026
0.80206
0.80153
0.80101
0.8005
0.79999
0.7995
0.79901
0.79853
0.79805
0.79759
0.79713
0.79668
0.79624
0.79581
0.79538
0.79496
0.79455
0.79415
0.79376
0.79338
0.79301
0.79264
0.79229
