1
0.44355
0.32931
0.21095
0.38073
0.338
0.22247
0.34821
0.23943
0.3859
0.27345
0.32368
0.32516
0.3701
0.33875
0.40444
0.35834
0.42098
0.37635
0.42437
0.39336
0.42692
0.40635
0.42624
0.41559
0.4279
0.42538
0.43536
0.44025
0.45162
0.45791
0.46294
0.46591
0.46846
0.47058
0.47274
0.47498
0.47743
0.48008
0.48291
0.48589
0.48896
0.4921
0.49529
0.49852
0.50177
0.50505
0.50835
0.51167
0.515
0.51835
0.52171
0.52506
0.5284
0.53172
0.53499
0.53823
0.54142
0.54456
0.54766
0.55072
0.55374
0.55672
0.55966
0.56257
0.56545
0.56829
0.57111
0.57388
0.57662
0.5793
0.58192
0.58449
0.58699
0.58942
0.5918
0.59411
0.59637
0.59859
0.60077
0.60292
0.60503
0.60713
0.6092
0.61125
0.61329
0.61531
0.61733
0.61934
0.62135
0.62335
0.62535
0.62734
0.62934
0.63132
0.63331
0.63528
0.63725
0.6392
0.64115
0.64309
0.64501
0.64692
0.64883
0.65071
0.6526
0.65447
0.65633
0.65819
0.66003
0.66187
0.6637
0.66553
0.66735
0.66916
0.67096
0.67276
0.67455
0.67633
0.67811
0.67988
0.68164
0.6834
0.68515
0.68689
0.68863
0.69035
0.69207
0.69378
0.69548
0.69717
0.69884
0.70051
0.70215
0.70379
0.7054
0.70699
0.70856
0.71011
0.71163
0.71313
0.71459
0.71603
0.71743
0.7188
0.72014
0.72144
0.7227
0.72394
0.72514
0.72632
0.72747
0.72858
0.72968
0.73075
0.7318
0.73284
