1
0.97274
0.96415
0.9586
0.95501
0.953
0.94896
0.94792
0.94447
0.94394
0.94076
0.93776
0.93491
0.93219
0.92958
0.92701
0.92453
0.9221
0.91976
0.91747
0.91527
0.91314
0.91109
0.90908
0.90713
0.90523
0.9034
0.90165
0.89997
0.89839
0.89691
0.89551
0.89417
0.89288
0.89162
0.89038
0.88917
0.88797
0.88678
0.88561
0.88445
0.8833
0.88216
0.88104
0.87993
0.87884
0.87777
0.87671
0.87566
0.87463
0.87361
0.87259
0.87157
0.87055
0.86953
0.86851
0.86749
0.86646
0.86543
0.8644
0.86337
0.86235
0.86132
0.86031
0.8593
0.8583
0.85731
0.85634
0.85538
0.85443
0.85351
0.8526
0.85172
0.85086
0.85003
0.84922
0.84844
0.84769
0.84696
0.84626
0.84559
0.84494
0.84431
0.8437
0.84311
0.84254
0.84198
0.84143
0.84088
0.84035
0.83981
0.83928
0.83875
0.83821
0.83768
0.83714
0.8366
0.83605
0.8355
0.83495
0.8344
0.83384
0.83328
0.83272
0.83216
0.83159
0.83103
0.83046
0.82989
0.82933
0.82876
0.82819
0.82763
0.82706
0.8265
0.82594
0.82538
0.82483
0.82428
0.82374
0.8232
0.82267
0.82214
0.82162
0.8211
0.8206
0.8201
0.81961
0.81913
0.81866
0.8182
0.81775
0.81731
0.81688
0.81647
0.81607
0.81567
0.81529
0.81493
0.81457
0.81422
0.81389
0.81356
0.81325
0.81294
0.81264
0.81235
0.81207
0.81179
0.81151
0.81125
0.81099
0.81073
0.81047
0.81022
0.80996
0.80971
