1
0.9734
0.96586
0.96063
0.9572
0.95519
0.95139
0.95043
0.94733
0.94699
0.94431
0.94191
0.93966
0.9376
0.93568
0.93385
0.93216
0.93056
0.92908
0.9277
0.92645
0.92529
0.92424
0.92325
0.92234
0.92148
0.92069
0.91994
0.91926
0.91864
0.91811
0.91766
0.9173
0.91702
0.9168
0.91665
0.91656
0.91651
0.91648
0.91648
0.91648
0.91646
0.91644
0.9164
0.91637
0.91635
0.91639
0.91652
0.91679
0.91724
0.91789
0.91875
0.91982
0.9211
0.92256
0.9242
0.926
0.92794
0.93
0.93217
0.93443
0.93676
0.93917
0.94162
0.94412
0.94664
0.9492
0.95177
0.95435
0.95693
0.95951
0.96208
0.96464
0.96718
0.96971
0.97221
0.97469
0.97714
0.97957
0.98198
0.98436
0.98671
0.98905
0.99135
0.99363
0.99589
0.99811
1.0003
1.0025
1.0046
1.0067
1.0087
1.0108
1.0128
1.0147
1.0167
1.0186
1.0205
1.0223
1.0242
1.026
1.0278
1.0296
1.0314
1.0331
1.0349
1.0366
1.0383
1.0399
1.0416
1.0432
1.0448
1.0464
1.048
1.0495
1.051
1.0525
1.054
1.0554
1.0568
1.0582
1.0595
1.0609
1.0621
1.0634
1.0646
1.0657
1.0669
1.068
1.069
1.07
1.0709
1.0718
1.0727
1.0735
1.0742
1.075
1.0756
1.0763
1.0769
1.0775
1.0781
1.0787
1.0793
1.0799
1.0805
1.0811
1.0817
1.0824
1.0831
1.0838
1.0845
1.0853
1.086
1.0869
1.0877
1.0885
