1
1.1266
1.4142
1.4024
1.4842
1.5254
1.6531
1.6286
1.7334
1.6757
1.7433
1.7713
1.8122
1.8497
1.8881
1.9271
1.9655
2.0016
2.0351
2.0661
2.0952
2.1229
2.1494
2.1751
2.2001
2.2246
2.2487
2.2723
2.2955
2.3181
2.3403
2.3616
2.382
2.4016
2.4204
2.4386
2.4562
2.4732
2.4899
2.5063
2.5224
2.5383
2.5539
2.5692
2.5844
2.5992
2.6137
2.6279
2.6417
2.655
2.668
2.6806
2.6928
2.7046
2.7162
2.7274
2.7384
2.7491
2.7597
2.77
2.7802
2.7902
2.8001
2.8098
2.8194
2.8288
2.8381
2.8473
2.8564
2.8654
2.8743
2.8831
2.8918
2.9005
2.9091
2.9177
2.9263
2.935
2.9436
2.9524
2.9612
2.9701
2.9791
2.9881
2.9973
3.0066
3.016
3.0254
3.0349
3.0445
3.054
3.0635
3.073
3.0823
3.0915
3.1006
3.1094
3.1181
3.1266
3.1349
3.1429
3.1508
3.1585
3.166
3.1734
3.1806
3.1877
3.1947
3.2016
3.2084
3.2151
3.2217
3.2283
3.2349
3.2414
3.2479
3.2544
3.2608
3.2672
3.2737
3.2801
3.2866
3.293
3.2995
3.306
3.3126
3.3192
3.3259
3.3326
3.3394
3.3462
3.3532
3.3602
3.3673
3.3745
3.3817
3.3891
3.3965
3.4041
3.4117
3.4193
3.4271
3.4349
3.4427
3.4506
3.4585
3.4664
3.4743
3.4823
3.4902
3.4982
3.5061
3.5139
3.5218
3.5295
3.5373
3.5449
