1
0.97439
0.96676
0.96134
0.95726
0.95458
0.95
0.9483
0.94426
0.94333
0.93968
0.93633
0.93317
0.93024
0.9275
0.92488
0.92242
0.92005
0.9178
0.91561
0.9135
0.91144
0.90943
0.90744
0.90548
0.90351
0.90155
0.89959
0.89762
0.89565
0.89372
0.89183
0.88998
0.88819
0.88645
0.88479
0.8832
0.88168
0.88023
0.87883
0.87749
0.87619
0.87494
0.87373
0.87255
0.87141
0.8703
0.86921
0.86815
0.86712
0.8661
0.8651
0.86412
0.86314
0.86216
0.86119
0.86023
0.85926
0.8583
0.85733
0.85637
0.85541
0.85445
0.85349
0.85253
0.85158
0.85062
0.84967
0.84873
0.84778
0.84684
0.84591
0.84498
0.84405
0.84313
0.84222
0.84131
0.84041
0.83951
0.83862
0.83774
0.83686
0.83599
0.83512
0.83426
0.8334
0.83255
0.8317
0.83085
0.83002
0.82918
0.82834
0.8275
0.82667
0.82584
0.82501
0.82418
0.82335
0.82252
0.8217
0.82087
0.82006
0.81924
0.81844
0.81764
0.81684
0.81606
0.81529
0.81453
0.81378
0.81305
0.81232
0.81161
0.81091
0.81023
0.80955
0.80889
0.80824
0.80761
0.80698
0.80637
0.80577
0.80519
0.80461
0.80405
0.8035
0.80296
0.80243
0.80191
0.80141
0.80091
0.80042
0.79994
0.79947
0.79901
0.79856
0.79812
0.79769
0.79727
0.79685
0.79645
0.79605
0.79566
0.79527
0.7949
0.79453
0.79416
0.79381
0.79346
0.79311
0.79277
0.79244
0.79211
0.79178
0.79146
0.79114
0.79083
