1
0.97438
0.96675
0.96133
0.95725
0.95457
0.94999
0.94829
0.94426
0.94333
0.93967
0.93632
0.93317
0.93024
0.9275
0.92487
0.92241
0.92005
0.9178
0.91561
0.9135
0.91144
0.90943
0.90744
0.90547
0.90351
0.90155
0.89959
0.89762
0.89565
0.89372
0.89183
0.88998
0.88818
0.88645
0.88479
0.88319
0.88168
0.88022
0.87883
0.87748
0.87619
0.87494
0.87373
0.87255
0.87141
0.87029
0.86921
0.86815
0.86711
0.8661
0.8651
0.86411
0.86313
0.86216
0.86119
0.86022
0.85926
0.85829
0.85733
0.85636
0.8554
0.85444
0.85348
0.85252
0.85157
0.85062
0.84966
0.84872
0.84777
0.84683
0.8459
0.84497
0.84404
0.84312
0.84221
0.8413
0.8404
0.8395
0.83861
0.83773
0.83685
0.83598
0.83511
0.83425
0.83339
0.83254
0.83169
0.83084
0.83
0.82916
0.82833
0.82749
0.82666
0.82583
0.825
0.82416
0.82334
0.82251
0.82168
0.82086
0.82004
0.81923
0.81842
0.81762
0.81683
0.81605
0.81528
0.81452
0.81377
0.81303
0.8123
0.81159
0.81089
0.81021
0.80953
0.80887
0.80822
0.80759
0.80696
0.80635
0.80575
0.80516
0.80459
0.80403
0.80347
0.80293
0.8024
0.80189
0.80138
0.80088
0.80039
0.79991
0.79944
0.79898
0.79853
0.79809
0.79766
0.79723
0.79682
0.79641
0.79601
0.79562
0.79523
0.79486
0.79449
0.79412
0.79376
0.79341
0.79307
0.79273
0.79239
0.79206
0.79174
0.79141
0.7911
0.79078
