1
0.97452
0.96728
0.9623
0.95867
0.95621
0.95192
0.95006
0.94602
0.94468
0.94082
0.93709
0.93343
0.92989
0.92648
0.92314
0.91995
0.91686
0.91389
0.911
0.90823
0.90554
0.90296
0.90044
0.89801
0.89565
0.89335
0.8911
0.8889
0.88675
0.88468
0.88268
0.88072
0.87882
0.87697
0.87516
0.87339
0.87167
0.86999
0.86834
0.86672
0.86512
0.86356
0.86201
0.8605
0.859
0.85754
0.8561
0.85469
0.85331
0.85195
0.85061
0.8493
0.848
0.84672
0.84546
0.84423
0.84301
0.8418
0.84062
0.83946
0.83833
0.83721
0.83612
0.83505
0.834
0.83297
0.83197
0.83099
0.83003
0.8291
0.82818
0.82728
0.82641
0.82555
0.82471
0.82389
0.82309
0.8223
0.82152
0.82075
0.81999
0.81925
0.81851
0.81778
0.81705
0.81632
0.81559
0.81487
0.81414
0.81341
0.81268
0.81194
0.8112
0.81045
0.80969
0.80893
0.80816
0.8074
0.80663
0.80586
0.8051
0.80434
0.80358
0.80284
0.8021
0.80138
0.80066
0.79996
0.79928
0.79861
0.79795
0.79731
0.79668
0.79607
0.79548
0.7949
0.79434
0.79379
0.79326
0.79274
0.79223
0.79174
0.79125
0.79077
0.79029
0.78982
0.78934
0.78886
0.78838
0.78789
0.78739
0.78689
0.78638
0.78586
0.78534
0.78481
0.78428
0.78375
0.78322
0.78268
0.78215
0.78161
0.78108
0.78056
0.78004
0.77952
0.77901
0.77851
0.77801
0.77752
0.77704
0.77656
0.77609
0.77563
0.77518
0.77474
