1
0.97443
0.96718
0.96193
0.95834
0.95614
0.95207
0.95056
0.94688
0.94588
0.94247
0.93924
0.93613
0.93318
0.93038
0.92767
0.92511
0.92264
0.9203
0.91802
0.91585
0.91376
0.91176
0.90982
0.90795
0.90615
0.90441
0.90272
0.9011
0.89954
0.89807
0.89668
0.89535
0.89408
0.89285
0.89167
0.89054
0.88944
0.88837
0.88732
0.88628
0.88526
0.88424
0.88324
0.88224
0.88126
0.88028
0.87931
0.87836
0.87742
0.87649
0.87556
0.87465
0.87373
0.87282
0.87192
0.87102
0.87012
0.86923
0.86834
0.86746
0.86659
0.86572
0.86486
0.864
0.86315
0.86231
0.86148
0.86065
0.85984
0.85903
0.85822
0.85743
0.85664
0.85586
0.85509
0.85432
0.85356
0.85281
0.85206
0.85132
0.85058
0.84984
0.84911
0.84839
0.84766
0.84695
0.84623
0.84552
0.84482
0.84412
0.84342
0.84272
0.84203
0.84134
0.84065
0.83997
0.83929
0.83861
0.83794
0.83728
0.83662
0.83598
0.83534
0.83471
0.8341
0.8335
0.83291
0.83233
0.83177
0.83122
0.83068
0.83015
0.82964
0.82914
0.82865
0.82816
0.82768
0.82721
0.82674
0.82629
0.82583
0.82537
0.82492
0.82447
0.82401
0.82356
0.8231
0.82264
0.82217
0.82171
0.82124
0.82077
0.82029
0.81981
0.81933
0.81884
0.81835
0.81785
0.81735
0.81685
0.81634
0.81583
0.81531
0.81479
0.81426
0.81372
0.81318
0.81263
0.81208
0.81151
0.81094
0.81036
0.80977
0.80917
0.80856
0.80793
