1
0.97443
0.96691
0.96163
0.95775
0.95517
0.95064
0.94869
0.94444
0.94308
0.93903
0.93514
0.93134
0.92767
0.92415
0.92072
0.91745
0.91428
0.91125
0.90831
0.90549
0.90275
0.90012
0.89755
0.89507
0.89265
0.89031
0.88802
0.88579
0.88362
0.88153
0.87951
0.87757
0.8757
0.87389
0.87214
0.87046
0.86884
0.86729
0.86578
0.86433
0.86292
0.86156
0.86024
0.85897
0.85774
0.85655
0.85541
0.8543
0.85322
0.85219
0.85118
0.8502
0.84924
0.8483
0.84737
0.84644
0.8455
0.84456
0.8436
0.84261
0.84158
0.84051
0.8394
0.83824
0.83704
0.83578
0.83449
0.83315
0.83178
0.83038
0.82895
0.8275
0.82602
0.82452
0.82299
0.82145
0.81989
0.81832
0.81676
0.81521
0.8137
0.81221
0.81078
0.80938
0.80804
0.80675
0.80551
0.80431
0.80315
0.80203
0.80094
0.79988
0.79885
0.79784
0.79685
0.79587
0.79491
0.79396
0.79302
0.79209
0.79117
0.79026
0.78935
0.78844
0.78754
0.78663
0.78573
0.78483
0.78392
0.783
0.78208
0.78115
0.78021
0.77926
0.77829
0.77731
0.77631
0.7753
0.77426
0.77321
0.77215
0.77107
0.76998
0.76888
0.76778
0.76669
0.7656
0.76452
0.76346
0.76242
0.76139
0.7604
0.75942
0.75847
0.75755
0.75665
0.75577
0.75491
0.75408
0.75327
0.75247
0.75169
0.75092
0.75017
0.74944
0.74871
0.74799
0.74728
0.74658
0.74588
0.74519
0.74449
0.7438
0.74311
0.74242
0.74172
