1
0.97494
0.96949
0.96552
0.963
0.96157
0.95884
0.95775
0.95526
0.95432
0.95191
0.94963
0.94739
0.9453
0.94329
0.94132
0.93943
0.93752
0.93571
0.9339
0.9322
0.9306
0.92914
0.92776
0.92646
0.92523
0.92404
0.92289
0.92177
0.92069
0.91965
0.91864
0.91766
0.91673
0.91583
0.91497
0.91416
0.91338
0.91263
0.9119
0.91119
0.91049
0.9098
0.90912
0.90844
0.90777
0.90712
0.90646
0.90582
0.90518
0.90455
0.90392
0.90329
0.90266
0.90203
0.9014
0.90076
0.90013
0.8995
0.89886
0.89823
0.8976
0.89697
0.89634
0.89572
0.89511
0.89449
0.89389
0.89329
0.8927
0.89211
0.89153
0.89096
0.89039
0.88984
0.88929
0.88875
0.88822
0.8877
0.88718
0.88668
0.88618
0.88569
0.8852
0.88473
0.88425
0.88379
0.88332
0.88285
0.88239
0.88192
0.88145
0.88097
0.88049
0.88
0.8795
0.87899
0.87848
0.87795
0.87742
0.87687
0.87633
0.87577
0.87521
0.87465
0.87408
0.87352
0.87295
0.87239
0.87183
0.87127
0.87071
0.87016
0.86962
0.86908
0.86855
0.86802
0.8675
0.86699
0.86649
0.86599
0.8655
0.86502
0.86455
0.86408
0.86362
0.86316
0.86271
0.86227
0.86183
0.8614
0.86098
0.86056
0.86014
0.85973
0.85932
0.85892
0.85853
0.85814
0.85775
0.85737
0.85699
0.85662
0.85626
0.8559
0.85555
0.8552
0.85486
0.85453
0.8542
0.85388
0.85356
0.85325
0.85295
0.85265
0.85236
0.85207
