1
0.63072
0.70511
1.3798
1.7718
1.9676
2.1078
2.1741
2.2972
2.3496
2.4694
2.5614
2.6382
2.7083
2.7733
2.8341
2.8921
2.947
2.9994
3.0493
3.0976
3.1441
3.1893
3.233
3.2758
3.3174
3.3581
3.398
3.4371
3.4756
3.5133
3.5499
3.5851
3.6188
3.6511
3.6822
3.712
3.7408
3.7687
3.7958
3.8221
3.8477
3.8726
3.897
3.9207
3.944
3.9668
3.9891
4.011
4.0326
4.0538
4.0746
4.095
4.1151
4.1348
4.1543
4.1733
4.1921
4.2105
4.2287
4.2465
4.2641
4.2814
4.2984
4.3152
4.3317
4.348
4.364
4.3798
4.3954
4.4108
4.4259
4.4407
4.4554
4.4698
4.4841
4.4981
4.5119
4.5255
4.5389
4.5521
4.5652
4.5781
4.5908
4.6034
4.6159
4.6282
4.6403
4.6524
4.6643
4.6762
4.6879
4.6995
4.711
4.7224
4.7337
4.7449
4.7559
4.7669
4.7777
4.7884
4.799
4.8095
4.8199
4.8301
4.8403
4.8503
4.8602
4.87
4.8797
4.8893
4.8987
4.9081
4.9173
4.9265
4.9355
4.9445
4.9533
4.9621
4.9708
4.9793
4.9878
4.9963
5.0046
5.0129
5.0211
5.0292
5.0372
5.0452
5.0531
5.0609
5.0687
5.0764
5.0841
5.0917
5.0993
5.1068
5.1142
5.1217
5.129
5.1364
5.1437
5.151
5.1582
5.1654
5.1726
5.1797
5.1868
5.1939
5.201
5.208
5.215
5.2219
5.2288
5.2357
5.2425
5.2493
