1
0.97394
0.96663
0.96116
0.95712
0.95441
0.9498
0.94815
0.94419
0.94343
0.93998
0.9369
0.93409
0.93158
0.92933
0.9273
0.9255
0.92389
0.92247
0.9212
0.92011
0.91916
0.91836
0.91768
0.91711
0.91663
0.91623
0.91591
0.91566
0.91548
0.91541
0.91545
0.91561
0.91589
0.9163
0.91684
0.91752
0.91834
0.91931
0.92044
0.92174
0.92322
0.92489
0.92676
0.92881
0.93103
0.93339
0.93586
0.93838
0.94093
0.94346
0.94597
0.94844
0.95087
0.95326
0.95562
0.95796
0.96027
0.96258
0.96488
0.96718
0.96949
0.97181
0.97413
0.97646
0.97881
0.98116
0.98353
0.9859
0.98828
0.99066
0.99305
0.99544
0.99783
1.0002
1.0026
1.005
1.0073
1.0097
1.0121
1.0144
1.0167
1.019
1.0213
1.0236
1.0258
1.0281
1.0303
1.0324
1.0346
1.0367
1.0389
1.0409
1.043
1.045
1.047
1.049
1.051
1.0529
1.0548
1.0567
1.0586
1.0604
1.0622
1.064
1.0657
1.0675
1.0691
1.0708
1.0724
1.074
1.0756
1.0771
1.0785
1.08
1.0814
1.0827
1.084
1.0853
1.0865
1.0877
1.0889
1.09
1.0911
1.0922
1.0933
1.0943
1.0954
1.0964
1.0974
1.0985
1.0995
1.1005
1.1015
1.1025
1.1035
1.1046
1.1056
1.1066
1.1075
1.1085
1.1095
1.1105
1.1115
1.1125
1.1135
1.1145
1.1154
1.1164
1.1174
1.1184
1.1194
1.1204
1.1214
1.1224
1.1233
1.1243
