1
0.97451
0.96706
0.96195
0.95803
0.9552
0.95068
0.94874
0.94469
0.94364
0.93996
0.93657
0.93339
0.93043
0.92768
0.92508
0.92269
0.92045
0.9184
0.91647
0.91471
0.91308
0.91159
0.91022
0.90894
0.90774
0.90661
0.9055
0.90442
0.90334
0.90228
0.90123
0.90018
0.89912
0.89804
0.89695
0.89585
0.89472
0.89357
0.8924
0.8912
0.88996
0.8887
0.88742
0.88611
0.88477
0.88342
0.88205
0.88066
0.87925
0.87783
0.87639
0.87493
0.87347
0.87199
0.8705
0.86901
0.86752
0.86602
0.86454
0.86306
0.8616
0.86014
0.8587
0.85727
0.85586
0.85446
0.85308
0.85171
0.85036
0.84903
0.84771
0.84641
0.84512
0.84385
0.8426
0.84136
0.84014
0.83894
0.83776
0.8366
0.83545
0.83432
0.8332
0.8321
0.83102
0.82995
0.8289
0.82787
0.82684
0.82583
0.82484
0.82385
0.82288
0.82191
0.82095
0.82
0.81906
0.81812
0.81719
0.81626
0.81533
0.81441
0.81348
0.81255
0.81162
0.81069
0.80975
0.80881
0.80786
0.8069
0.80593
0.80495
0.80396
0.80296
0.80194
0.80091
0.79987
0.79882
0.79777
0.79671
0.79565
0.79459
0.79353
0.79249
0.79146
0.79045
0.78945
0.78848
0.78752
0.78659
0.78568
0.7848
0.78393
0.78308
0.78225
0.78144
0.78064
0.77985
0.77907
0.7783
0.77754
0.77678
0.77603
0.77529
0.77455
0.77381
0.77308
0.77235
0.77162
0.7709
0.77018
0.76947
0.76875
0.76805
0.76734
0.76664
