1
0.97446
0.96674
0.96116
0.95686
0.95374
0.94853
0.94628
0.9415
0.94011
0.93568
0.93151
0.92752
0.92375
0.92018
0.91675
0.91352
0.91041
0.90747
0.90463
0.90193
0.89934
0.89688
0.8945
0.89222
0.89
0.88785
0.88575
0.88369
0.88168
0.87974
0.87788
0.87609
0.87438
0.87273
0.87115
0.86963
0.86818
0.86678
0.86542
0.8641
0.86282
0.86158
0.86037
0.85919
0.85803
0.85689
0.85576
0.85463
0.8535
0.85235
0.85117
0.84995
0.84868
0.84735
0.84598
0.84455
0.84308
0.84158
0.84007
0.83854
0.83702
0.83549
0.83397
0.83246
0.83094
0.82943
0.82793
0.82644
0.82499
0.82357
0.82219
0.82087
0.8196
0.81839
0.81724
0.81615
0.8151
0.8141
0.81315
0.81224
0.81136
0.81052
0.80971
0.80892
0.80816
0.80742
0.80669
0.80598
0.80527
0.80457
0.80387
0.80315
0.80243
0.80169
0.80092
0.80013
0.79931
0.79845
0.79756
0.79662
0.79564
0.79462
0.79356
0.79245
0.7913
0.79011
0.78889
0.78764
0.78636
0.78506
0.78375
0.78242
0.78108
0.77974
0.77839
0.77703
0.77567
0.77431
0.77294
0.77158
0.77022
0.76887
0.76752
0.76619
0.76486
0.76355
0.76225
0.76096
0.75969
0.75844
0.75719
0.75596
0.75474
0.75354
0.75234
0.75115
0.74997
0.7488
0.74764
0.74649
0.74534
0.74419
0.74306
0.74193
0.74082
0.7397
0.7386
0.73751
0.73643
0.73536
0.7343
0.73325
0.73222
0.73119
0.73018
0.72919
