1
0.97445
0.96697
0.96182
0.95773
0.95482
0.95003
0.94795
0.94355
0.94221
0.93807
0.93416
0.93039
0.92681
0.92342
0.92018
0.91713
0.91423
0.91151
0.90891
0.90647
0.90414
0.90195
0.89984
0.89782
0.89586
0.89394
0.89205
0.89018
0.88834
0.88653
0.88477
0.88304
0.88135
0.87969
0.87806
0.87645
0.87486
0.87329
0.87173
0.87017
0.86861
0.86706
0.8655
0.86395
0.86241
0.86087
0.85933
0.85781
0.85629
0.85478
0.85328
0.85179
0.8503
0.84883
0.84737
0.84593
0.84451
0.84311
0.84173
0.84038
0.83905
0.83775
0.83648
0.83524
0.83402
0.83283
0.83167
0.83054
0.82943
0.82835
0.82729
0.82625
0.82524
0.82425
0.82328
0.82234
0.82141
0.82051
0.81962
0.81875
0.8179
0.81706
0.81624
0.81544
0.81465
0.81387
0.8131
0.81235
0.8116
0.81087
0.81014
0.80943
0.80871
0.808
0.80729
0.80659
0.80588
0.80518
0.80448
0.80377
0.80306
0.80234
0.80162
0.8009
0.80016
0.79941
0.79865
0.79788
0.7971
0.79629
0.79548
0.79464
0.79378
0.7929
0.79201
0.79109
0.79015
0.78919
0.78822
0.78723
0.78623
0.78523
0.78422
0.78321
0.7822
0.7812
0.78021
0.77923
0.77826
0.77731
0.77637
0.77544
0.77453
0.77363
0.77275
0.77187
0.77101
0.77016
0.76931
0.76848
0.76765
0.76683
0.76602
0.76521
0.76441
0.76361
0.76282
0.76202
0.76123
0.76044
0.75965
0.75887
0.75808
0.75729
0.7565
0.7557
