1
0.97473
0.96741
0.96217
0.95808
0.9553
0.95065
0.94875
0.94464
0.94356
0.93983
0.93639
0.93314
0.93009
0.92723
0.9245
0.92194
0.9195
0.9172
0.91498
0.91289
0.91089
0.90898
0.90715
0.90538
0.90365
0.90196
0.90028
0.89862
0.89698
0.89538
0.89384
0.89234
0.89088
0.88945
0.88807
0.88672
0.8854
0.88411
0.88283
0.88156
0.88031
0.87906
0.87783
0.8766
0.87539
0.87419
0.873
0.87183
0.87066
0.86952
0.86838
0.86726
0.86616
0.86507
0.864
0.86295
0.86193
0.86093
0.85996
0.85901
0.8581
0.85721
0.85634
0.8555
0.85468
0.85388
0.85309
0.8523
0.85151
0.85072
0.84991
0.84909
0.84824
0.84737
0.84647
0.84554
0.84457
0.84358
0.84256
0.84151
0.84044
0.83936
0.83826
0.83713
0.83599
0.83483
0.83365
0.83244
0.83121
0.82996
0.82869
0.82742
0.82616
0.82491
0.82369
0.8225
0.82135
0.82023
0.81914
0.8181
0.81708
0.81609
0.81513
0.81418
0.81326
0.81234
0.81144
0.81054
0.80965
0.80875
0.80785
0.80695
0.80603
0.8051
0.80416
0.8032
0.80223
0.80125
0.80025
0.79923
0.7982
0.79717
0.79612
0.79506
0.79401
0.79294
0.79187
0.79081
0.78975
0.78868
0.78761
0.78655
0.78549
0.78442
0.78336
0.7823
0.78124
0.78019
0.77913
0.77807
0.77701
0.77595
0.7749
0.77385
0.7728
0.77176
0.77072
0.76969
0.76867
0.76766
0.76666
0.76567
0.76469
0.76372
0.76277
0.76184
