1
0.97509
0.96949
0.96506
0.96183
0.95973
0.95619
0.95473
0.95163
0.9507
0.9479
0.94539
0.94305
0.94096
0.93906
0.93727
0.93562
0.934
0.93251
0.93107
0.92976
0.92857
0.92753
0.92658
0.92571
0.92488
0.92408
0.92329
0.92249
0.9217
0.92091
0.92012
0.91936
0.9186
0.91787
0.91715
0.91645
0.91576
0.91507
0.91437
0.91366
0.91293
0.91219
0.91142
0.91063
0.90983
0.90901
0.90818
0.90733
0.90647
0.9056
0.90471
0.90382
0.90291
0.902
0.90108
0.90017
0.89926
0.89836
0.89747
0.89659
0.89573
0.89489
0.89406
0.89325
0.89245
0.89168
0.89093
0.89019
0.88948
0.88879
0.88811
0.88745
0.88682
0.8862
0.8856
0.88502
0.88446
0.88392
0.8834
0.88289
0.8824
0.88192
0.88146
0.88101
0.88057
0.88014
0.87972
0.8793
0.87889
0.87849
0.87808
0.87767
0.87725
0.87683
0.8764
0.87596
0.87551
0.87504
0.87456
0.87407
0.87356
0.87303
0.87248
0.87191
0.87133
0.87072
0.87008
0.86943
0.86874
0.86804
0.86731
0.86655
0.86576
0.86495
0.86411
0.86325
0.86236
0.86144
0.8605
0.85955
0.85858
0.85759
0.8566
0.8556
0.8546
0.85361
0.85262
0.85163
0.85066
0.8497
0.84875
0.84781
0.84688
0.84597
0.84506
0.84417
0.84329
0.84241
0.84155
0.8407
0.83987
0.83904
0.83822
0.83742
0.83663
0.83585
0.83508
0.83432
0.83358
0.83285
0.83213
0.83142
0.83073
0.83005
0.82938
0.82872
