1
0.97532
0.96812
0.96297
0.95891
0.95604
0.95144
0.94941
0.94527
0.94403
0.94019
0.93659
0.93312
0.92981
0.92666
0.92361
0.92071
0.91791
0.91526
0.91271
0.91029
0.90798
0.90581
0.90373
0.90174
0.89983
0.89798
0.89617
0.8944
0.89266
0.89098
0.88934
0.88776
0.88621
0.88469
0.88321
0.88175
0.88031
0.87889
0.87747
0.87606
0.87464
0.87322
0.87179
0.87036
0.86893
0.86749
0.86605
0.86461
0.86317
0.86173
0.8603
0.85886
0.85743
0.85601
0.8546
0.8532
0.85181
0.85045
0.8491
0.84777
0.84647
0.8452
0.84395
0.84273
0.84153
0.84036
0.83921
0.83809
0.83699
0.83592
0.83487
0.83384
0.83284
0.83186
0.8309
0.82995
0.82903
0.82813
0.82724
0.82637
0.82551
0.82467
0.82384
0.82303
0.82222
0.82143
0.82065
0.81987
0.81911
0.81835
0.81759
0.81684
0.8161
0.81535
0.8146
0.81386
0.81311
0.81236
0.8116
0.81084
0.81007
0.8093
0.80852
0.80773
0.80692
0.80611
0.80528
0.80444
0.80358
0.80271
0.80182
0.80091
0.79998
0.79902
0.79805
0.79705
0.79604
0.795
0.79395
0.79289
0.79181
0.79073
0.78964
0.78855
0.78747
0.78639
0.78532
0.78426
0.78321
0.78218
0.78116
0.78016
0.77917
0.77819
0.77722
0.77626
0.77532
0.77438
0.77344
0.77252
0.7716
0.77068
0.76977
0.76885
0.76793
0.76702
0.7661
0.76518
0.76425
0.76332
0.76238
0.76145
0.76051
0.75956
0.75861
0.75766
