69.1743
-0.94184
-0.93639
-0.94045
-0.93509
-0.94184
-0.93758
-0.93857
-0.93935
-0.94503
-0.93747
-0.93555
-0.93622
-0.9473
-0.93507
-0.9448
-0.94468
-0.93506
-0.94542
-0.93902
-0.93635
-0.93483
-0.93483
-0.93484
-0.94098
-0.93219
-0.93218
-0.93829
-0.92812
-0.92813
-0.92986
-0.92604
-0.93576
-0.93571
-0.93571
-0.92884
-0.93449
-0.93834
-0.93525
-0.93525
-0.93914
-0.93914
-0.94024
-0.93649
-0.93402
-0.93469
-0.93315
-0.93308
-0.93655
-0.9252
-0.92734
-0.93609
-0.94335
-0.94576
-0.97642
-0.96791
-1.0632
-1.0631
-1.0735
-1.0195
-1.0294
-0.97496
0
-1.1761
0
0
0
0
0
-1.2323
0
0
-1.3444
0
0
0
0
-1.2326
0
0
0
0
-1.5181
0
0
0
0
0
0
0
0
0
0
0
0
0
0
0
0
0
0
-4.8658
0
0
0
0
0
0
0
0
0
0
0
-0.94184
66.1546
-0.9363
-0.94017
-0.93505
-0.94163
-0.93753
-0.9384
-0.93917
-0.94476
-0.9372
-0.93538
-0.93605
-0.94712
-0.93489
-0.94463
-0.94453
-0.93489
-0.94525
-0.93883
-0.93617
-0.93465
-0.93466
-0.93465
-0.94098
-0.93201
-0.93201
-0.93806
-0.92795
-0.92795
-0.92979
-0.92586
-0.93558
-0.93553
-0.93553
-0.92909
-0.93431
-0.93815
-0.93511
-0.9351
-0.93895
-0.93896
-0.94017
-0.93631
-0.93381
-0.9348
-0.93294
-0.93289
-0.93632
-0.925
-0.92689
-0.93604
-0.9431
-0.94551
-0.97652
-0.96803
-1.063
-1.0629
-1.0804
-1.0159
-1.0298
-0.97903
0
-1.1756
0
0
0
0
0
-1.2304
0
0
0
0
0
0
0
-1.2307
0
0
0
0
0
0
0
0
0
0
0
0
0
0
0
-4.7139
0
0
0
0
0
0
0
0
0
0
0
0
0
0
0
0
0
0
0
-0.93639
-0.9363
61.144
-0.93547
-0.93064
-0.9376
-0.93329
-0.93416
-0.93496
-0.94068
-0.9331
-0.93127
-0.93183
-0.94334
-0.93069
-0.94048
-0.94049
-0.93069
-0.94139
-0.93483
-0.93196
-0.93047
-0.93047
-0.93047
-0.93687
-0.92784
-0.92783
-0.93386
-0.92377
-0.92378
-0.92567
-0.92178
-0.93137
-0.93132
-0.93132
-0.92499
-0.93007
-0.93431
-0.93115
-0.93116
-0.9347
-0.93471
-0.936
-0.93207
-0.92959
-0.93079
-0.92872
-0.92867
-0.93236
-0.92079
-0.92342
-0.93171
-0.93864
-0.94097
-0.97163
-0.96412
-1.0575
-1.0574
-1.0754
-1.0113
-1.0242
-0.97357
0
-1.1649
0
0
0
0
0
-1.2163
0
0
0
0
0
0
0
-1.2166
0
0
0
0
0
0
0
0
0
0
0
0
0
0
0
0
0
0
0
0
0
0
0
0
0
0
0
0
0
0
0
0
0
0
0
-0.94045
-0.94017
-0.93547
63.4796
-0.93442
-0.9408
-0.93699
-0.93784
-0.93865
-0.94428
-0.93673
-0.93494
-0.93553
-0.94722
-0.93438
-0.94456
-0.94448
-0.93438
-0.94557
-0.93882
-0.93565
-0.93416
-0.93416
-0.93415
-0.94089
-0.93151
-0.9315
-0.93762
-0.92744
-0.92744
-0.9293
-0.92538
-0.93507
-0.93503
-0.93503
-0.9286
-0.93379
-0.93781
-0.93474
-0.93473
-0.93843
-0.93844
-0.93964
-0.93579
-0.9333
-0.93436
-0.93244
-0.93239
-0.93577
-0.92448
-0.92659
-0.93547
-0.94235
-0.94466
-0.97548
-0.96723
-1.0616
-1.0615
-1.0798
-1.0147
-1.0281
-0.97802
0
-1.1725
0
0
0
0
0
0
0
0
0
0
0
0
0
0
0
0
0
0
0
0
0
0
0
0
0
0
0
0
0
0
0
0
0
0
0
0
0
0
-4.5369
0
0
0
0
0
0
0
0
0
0
-0.93509
-0.93505
-0.93064
-0.93442
58.6363
-0.93662
-0.93214
-0.93299
-0.93382
-0.93965
-0.93202
-0.9302
-0.9307
-0.94287
-0.92956
-0.93971
-0.93974
-0.92955
-0.94096
-0.93415
-0.93084
-0.92935
-0.92935
-0.92935
-0.93612
-0.92671
-0.92671
-0.93279
-0.92264
-0.92264
-0.92456
-0.9207
-0.93024
-0.93019
-0.93019
-0.92389
-0.92893
-0.93339
-0.93019
-0.93019
-0.93356
-0.93356
-0.93487
-0.93093
-0.92844
-0.92977
-0.92758
-0.92754
-0.93119
-0.91965
-0.92257
-0.93051
-0.93723
-0.93947
-0.96996
-0.96272
-1.0553
-1.0552
-1.0742
-1.0092
-1.0218
-0.9718
0
-1.1604
0
0
0
0
0
0
0
0
0
0
0
0
0
0
0
0
0
0
0
0
0
0
0
0
0
0
0
0
0
0
0
0
0
0
0
0
0
0
0
0
0
0
0
0
0
0
0
0
0
-0.94184
-0.94163
-0.9376
-0.9408
-0.93662
59.1792
-0.93866
-0.93952
-0.94032
-0.94607
-0.93831
-0.9366
-0.93718
-0.94931
-0.93603
-0.94629
-0.94623
-0.93602
-0.94747
-0.9405
-0.93731
-0.9358
-0.9358
-0.9358
-0.94276
-0.93315
-0.93315
-0.93916
-0.92908
-0.92909
-0.931
-0.92702
-0.93673
-0.93668
-0.93668
-0.93027
-0.9356
-0.9394
-0.9364
-0.9364
-0.9401
-0.9401
-0.94135
-0.93744
-0.93495
-0.93587
-0.93408
-0.93403
-0.93774
-0.9261
-0.92822
-0.93704
-0.94394
-0.94622
-0.97694
-0.96906
-1.064
-1.064
-1.0816
0
0
0
0
0
0
0
0
0
0
0
0
0
0
0
0
0
0
0
0
0
0
0
0
0
0
0
0
0
0
0
0
0
0
0
0
0
0
0
0
0
0
0
0
0
0
0
0
0
0
-4.3322
0
0
0
-0.93758
-0.93753
-0.93329
-0.93699
-0.93214
-0.93866
54.6112
-0.93544
-0.93622
-0.94205
-0.93435
-0.93258
-0.93307
-0.94472
-0.9319
-0.94187
-0.9419
-0.9319
-0.94296
-0.93643
-0.9332
-0.9317
-0.9317
-0.93169
-0.93851
-0.92905
-0.92905
-0.93505
-0.92497
-0.92496
-0.92691
-0.92302
-0.9326
-0.93255
-0.93255
-0.92622
-0.93141
-0.93563
-0.93252
-0.93253
-0.93594
-0.93593
-0.93733
-0.93329
-0.93079
-0.93204
-0.92993
-0.92989
-0.93374
-0.92198
-0.92485
-0.93284
-0.9397
-0.94198
-0.97253
-0.96545
-1.0594
-1.0593
-1.0769
0
0
0
0
0
0
0
0
0
0
0
0
0
0
0
0
0
0
0
0
0
0
0
0
0
0
0
0
0
0
0
0
0
0
0
0
0
0
0
0
0
0
0
0
0
0
0
0
0
0
0
0
0
0
-0.93857
-0.9384
-0.93416
-0.93784
-0.93299
-0.93952
-0.93544
53.5779
-0.937
-0.94257
-0.93513
-0.93334
-0.93381
-0.94541
-0.93265
-0.94269
-0.94275
-0.93265
-0.94361
-0.93725
-0.93396
-0.93245
-0.93244
-0.93244
-0.9394
-0.9298
-0.92979
-0.93583
-0.92572
-0.92571
-0.92768
-0.92378
-0.93337
-0.93332
-0.93331
-0.9271
-0.93218
-0.93641
-0.93332
-0.93331
-0.9367
-0.9367
-0.93811
-0.93406
-0.93157
-0.93279
-0.93069
-0.93064
-0.93451
-0.92274
-0.92561
-0.93362
-0.94044
-0.94272
-0.97333
-0.96633
-1.0601
-1.0601
0
0
0
0
0
0
0
0
0
0
0
0
0
0
0
0
0
0
0
0
0
0
0
0
0
0
0
0
0
0
0
0
0
0
0
0
0
0
0
0
0
0
0
0
0
0
0
0
0
0
0
0
0
0
0
-0.93935
-0.93917
-0.93496
-0.93865
-0.93382
-0.94032
-0.93622
-0.937
51.4876
-0.94314
-0.93563
-0.9338
-0.93421
-0.94591
-0.93306
-0.94343
-0.94357
-0.93306
-0.94411
-0.9379
-0.9344
-0.93291
-0.93291
-0.9329
-0.94027
-0.93025
-0.93024
-0.9363
-0.92616
-0.92615
-0.92815
-0.9242
-0.93385
-0.9338
-0.93379
-0.92756
-0.93269
-0.93688
-0.93377
-0.93377
-0.93719
-0.93718
-0.9386
-0.93453
-0.93203
-0.93326
-0.93115
-0.93111
-0.9351
-0.92319
-0.9261
-0.93425
-0.94095
-0.94322
-0.97459
-0.96685
0
0
0
0
0
0
0
0
0
0
0
0
0
0
0
0
0
0
0
0
0
0
0
0
0
0
0
0
0
0
0
0
0
0
0
0
0
0
0
0
0
0
0
0
0
0
0
0
0
0
0
0
0
0
0
0
0
-0.94503
-0.94476
-0.94068
-0.94428
-0.93965
-0.94607
-0.94205
-0.94257
-0.94314
55.0568
-0.94107
-0.93934
-0.93991
-0.95193
-0.93872
-0.94902
-0.949
-0.93872
-0.95005
-0.94316
-0.94002
-0.93851
-0.93851
-0.9385
-0.94545
-0.93584
-0.93584
-0.94187
-0.93175
-0.93174
-0.93371
-0.9297
-0.93946
-0.9394
-0.9394
-0.93308
-0.93837
-0.94208
-0.93909
-0.9391
-0.94284
-0.94284
-0.94414
-0.94018
-0.93766
-0.93855
-0.93679
-0.93673
-0.94061
-0.92879
-0.93089
-0.93988
-0.94663
-0.94891
-0.98028
0
0
0
0
0
0
0
0
0
0
0
0
0
0
0
0
0
0
0
0
0
0
0
0
0
0
0
0
0
0
0
0
0
0
0
0
0
0
0
0
0
0
0
0
0
0
0
0
0
0
0
0
0
0
0
-4.2405
0
0
-0.93747
-0.9372
-0.9331
-0.93673
-0.93202
-0.93831
-0.93435
-0.93513
-0.93563
-0.94107
50.7354
-0.93172
-0.93233
-0.94359
-0.93101
-0.94122
-0.94138
-0.93101
-0.94185
-0.93574
-0.93237
-0.93088
-0.93087
-0.93088
-0.9382
-0.92821
-0.9282
-0.93414
-0.92411
-0.92412
-0.9261
-0.92213
-0.93181
-0.93175
-0.93175
-0.92551
-0.93064
-0.93457
-0.93154
-0.93153
-0.93513
-0.93513
-0.93651
-0.93249
-0.92999
-0.93114
-0.92912
-0.92908
-0.9331
-0.92118
-0.92399
-0.93236
-0.93904
-0.94133
0
0
0
0
0
0
0
0
0
0
0
0
0
-1.2956
0
0
0
0
0
0
0
0
0
0
0
0
0
0
0
0
0
0
0
0
0
0
0
0
0
0
0
0
0
0
0
0
0
0
0
0
0
0
0
0
0
0
0
0
0
-0.93555
-0.93538
-0.93127
-0.93494
-0.9302
-0.9366
-0.93258
-0.93334
-0.9338
-0.93934
-0.93172
50.0342
-0.93048
-0.94192
-0.92925
-0.93944
-0.94005
-0.92926
-0.94018
-0.93391
-0.93062
-0.92912
-0.92912
-0.92912
-0.93637
-0.92644
-0.92644
-0.93231
-0.92234
-0.92236
-0.92431
-0.92037
-0.93002
-0.92997
-0.92997
-0.92371
-0.92885
-0.93288
-0.9298
-0.92981
-0.93333
-0.93334
-0.93471
-0.9307
-0.9282
-0.92938
-0.92733
-0.92729
-0.93128
-0.9194
-0.92223
-0.93054
-0.93717
-0.93944
0
0
0
0
0
0
0
0
0
0
0
0
0
0
0
0
-0.68668
0
0
0
0
0
0
0
0
0
0
0
0
0
0
0
0
0
0
0
0
0
0
0
0
0
0
0
0
0
0
0
0
0
0
0
0
0
0
0
0
0
0
-0.93622
-0.93605
-0.93183
-0.93553
-0.9307
-0.93718
-0.93307
-0.93381
-0.93421
-0.93991
-0.93233
-0.93048
50.3484
-0.94275
-0.92979
-0.94016
-0.94032
-0.92979
-0.94101
-0.93462
-0.93116
-0.92966
-0.92966
-0.92966
-0.93706
-0.92699
-0.927
-0.93292
-0.9229
-0.9229
-0.9249
-0.92095
-0.93058
-0.93052
-0.93052
-0.92429
-0.92941
-0.93354
-0.93046
-0.93046
-0.93388
-0.93389
-0.93531
-0.93124
-0.92875
-0.92995
-0.92788
-0.92784
-0.93181
-0.91994
-0.92288
-0.93094
-0.93767
-0.93994
-0.97115
0
0
0
0
0
0
0
0
0
0
0
0
0
0
0
0
0
0
0
0
0
0
0
0
0
0
0
0
0
0
0
0
0
0
0
0
0
0
0
0
0
0
0
0
0
0
0
0
0
0
0
0
0
0
0
0
0
0
-0.9473
-0.94712
-0.94334
-0.94722
-0.94287
-0.94931
-0.94472
-0.94541
-0.94591
-0.95193
-0.94359
-0.94192
-0.94275
57.9465
-0.94146
-0.95114
-0.95105
-0.94145
-0.95179
-0.94482
-0.94264
-0.94105
-0.94105
-0.94105
-0.94727
-0.93837
-0.93837
-0.94422
-0.9343
-0.93429
-0.93615
-0.93208
-0.94203
-0.94197
-0.94197
-0.93549
-0.94097
-0.94378
-0.94107
-0.94108
-0.94546
-0.94546
-0.94657
-0.9428
-0.94028
-0.94066
-0.93941
-0.93935
-0.94305
-0.93141
-0.93237
-0.9427
0
0
0
0
0
0
0
0
0
0
0
0
0
0
0
0
0
0
0
-0.91818
0
0
0
0
0
0
0
0
0
0
0
0
0
0
0
-4.4822
0
-4.4822
0
0
0
0
0
0
0
0
0
0
0
0
0
0
0
0
0
0
0
0
0
0
0
-0.93507
-0.93489
-0.93069
-0.93438
-0.92956
-0.93603
-0.9319
-0.93265
-0.93306
-0.93872
-0.93101
-0.92925
-0.92979
-0.94146
49.3135
-0.93875
-0.93891
-0.92863
-0.9397
-0.93317
-0.93001
-0.92847
-0.92847
-0.92847
-0.93554
-0.92577
-0.92578
-0.93164
-0.92167
-0.92167
-0.92367
-0.91974
-0.92935
-0.92931
-0.9293
-0.92309
-0.92818
-0.93231
-0.92921
-0.92922
-0.93265
-0.93266
-0.93408
-0.93002
-0.92753
-0.92875
-0.92665
-0.92661
-0.93065
-0.91873
-0.92163
-0.9299
-0.93641
-0.93867
0
0
0
0
0
0
0
0
0
0
0
0
0
0
0
0
0
0
0
0
0
0
0
0
0
0
0
0
0
0
0
0
0
0
0
0
0
0
0
0
0
0
0
0
0
0
0
0
0
0
0
0
0
0
0
0
0
0
0
-0.9448
-0.94463
-0.94048
-0.94456
-0.93971
-0.94629
-0.94187
-0.94269
-0.94343
-0.94902
-0.94122
-0.93944
-0.94016
-0.95114
-0.93875
52.8115
-0.94906
-0.93875
-0.94908
-0.94292
-0.93997
-0.93846
-0.93846
-0.93845
-0.94561
-0.93578
-0.93578
-0.94179
-0.93168
-0.93168
-0.93366
-0.92962
-0.93942
-0.93936
-0.93937
-0.93302
-0.93833
-0.94188
-0.93896
-0.93896
-0.94281
-0.94281
-0.9441
-0.94015
-0.93763
-0.93848
-0.93677
-0.93671
-0.94064
-0.92877
-0.93076
-0.94009
-0.94688
0
0
0
0
0
0
0
0
0
0
0
0
0
0
0
0
0
0
0
0
0
0
0
0
0
0
0
0
0
0
0
0
0
0
0
0
0
0
0
0
0
0
0
0
0
0
0
0
0
0
-3.9267
0
0
0
0
0
0
0
0
0
-0.94468
-0.94453
-0.94049
-0.94448
-0.93974
-0.94623
-0.9419
-0.94275
-0.94357
-0.949
-0.94138
-0.94005
-0.94032
-0.95105
-0.93891
-0.94906
52.6643
-0.93891
-0.94902
-0.94287
-0.94004
-0.93846
-0.93845
-0.93845
-0.9456
-0.93576
-0.93576
-0.94174
-0.93167
-0.93168
-0.93361
-0.92959
-0.93943
-0.93937
-0.93937
-0.93298
-0.93832
-0.94178
-0.93887
-0.93887
-0.94281
-0.94281
-0.94405
-0.94015
-0.93764
-0.93843
-0.93677
-0.93671
-0.94059
-0.92877
-0.93072
-0.94003
0
0
0
0
0
0
0
0
0
0
0
0
0
0
0
0
0
0
-0.70098
0
0
0
0
0
0
0
0
0
0
0
0
0
0
0
0
0
0
0
0
0
0
0
0
0
0
0
0
0
0
0
0
0
0
0
0
-4.0251
0
0
0
0
0
-0.93506
-0.93489
-0.93069
-0.93438
-0.92955
-0.93602
-0.9319
-0.93265
-0.93306
-0.93872
-0.93101
-0.92926
-0.92979
-0.94145
-0.92863
-0.93875
-0.93891
49.3135
-0.93971
-0.93315
-0.93001
-0.92847
-0.92847
-0.92846
-0.93554
-0.92578
-0.92578
-0.93164
-0.92167
-0.92167
-0.92368
-0.91974
-0.92936
-0.9293
-0.92931
-0.92309
-0.92819
-0.93232
-0.92922
-0.92922
-0.93266
-0.93266
-0.93408
-0.93002
-0.92752
-0.92875
-0.92666
-0.92661
-0.93066
-0.91873
-0.92163
-0.92991
-0.93642
-0.93867
0
0
0
0
0
0
0
0
0
0
0
0
0
0
0
0
0
0
0
0
0
0
0
0
0
0
0
0
0
0
0
0
0
0
0
0
0
0
0
0
0
0
0
0
0
0
0
0
0
0
0
0
0
0
0
0
0
0
0
-0.94542
-0.94525
-0.94139
-0.94557
-0.94096
-0.94747
-0.94296
-0.94361
-0.94411
-0.95005
-0.94185
-0.94018
-0.94101
-0.95179
-0.9397
-0.94908
-0.94902
-0.93971
56.5042
-0.94282
-0.94087
-0.9393
-0.93931
-0.9393
-0.94523
-0.93662
-0.93662
-0.94242
-0.93255
-0.93255
-0.93442
-0.93033
-0.94027
-0.94021
-0.94021
-0.93376
-0.93921
-0.94197
-0.9393
-0.93931
-0.94369
-0.94369
-0.94483
-0.94104
-0.93854
-0.93889
-0.93766
-0.93759
-0.94132
-0.92967
-0.93061
-0.94098
0
0
0
0
0
0
0
0
0
0
0
0
0
0
0
0
0
0
0
0
0
0
0
0
0
0
0
0
0
0
0
0
0
0
0
0
0
0
0
0
0
0
0
0
0
0
0
0
-4.265
0
0
0
0
0
0
0
-4.265
0
0
0
0
-0.93902
-0.93883
-0.93483
-0.93882
-0.93415
-0.9405
-0.93643
-0.93725
-0.9379
-0.94316
-0.93574
-0.93391
-0.93462
-0.94482
-0.93317
-0.94292
-0.94287
-0.93315
-0.94282
50.9665
-0.93435
-0.93283
-0.93282
-0.93282
-0.93959
-0.93014
-0.93013
-0.93601
-0.92605
-0.92605
-0.92802
-0.92399
-0.93376
-0.93371
-0.93371
-0.9274
-0.93263
-0.93619
-0.9333
-0.9333
-0.93713
-0.93712
-0.93841
-0.93448
-0.93197
-0.93284
-0.9311
-0.93105
-0.93495
-0.92314
-0.92521
-0.9344
0
0
0
0
0
0
0
0
0
0
0
0
0
0
0
0
0
0
0
0
0
0
0
0
0
0
0
0
0
0
0
0
0
0
0
0
0
0
0
0
0
0
0
0
0
0
0
0
0
0
0
0
0
0
0
0
0
0
0
-3.313
0
-0.93635
-0.93617
-0.93196
-0.93565
-0.93084
-0.93731
-0.9332
-0.93396
-0.9344
-0.94002
-0.93237
-0.93062
-0.93116
-0.94264
-0.93001
-0.93997
-0.94004
-0.93001
-0.94087
-0.93435
48.4421
-0.92973
-0.92974
-0.92973
-0.93662
-0.92704
-0.92704
-0.93307
-0.92294
-0.92294
-0.92504
-0.9211
-0.93072
-0.93068
-0.93067
-0.92446
-0.92956
-0.93374
-0.9306
-0.9306
-0.93404
-0.93405
-0.93546
-0.9314
-0.92889
-0.93014
-0.92803
-0.92799
-0.93205
-0.92009
-0.92297
-0.93125
-0.93777
0
0
0
0
0
0
0
0
0
0
0
0
0
0
0
0
0
0
0
0
0
0
0
0
0
0
0
0
0
0
0
0
0
0
0
0
0
0
0
0
0
0
0
0
0
0
0
0
0
0
0
0
0
0
0
0
0
0
0
0
-0.93483
-0.93465
-0.93047
-0.93416
-0.92935
-0.9358
-0.9317
-0.93245
-0.93291
-0.93851
-0.93088
-0.92912
-0.92966
-0.94105
-0.92847
-0.93846
-0.93846
-0.92847
-0.9393
-0.93283
-0.92973
47.4261
-0.92787
-0.92787
-0.93512
-0.9254
-0.9254
-0.93176
-0.92131
-0.92131
-0.92346
-0.91952
-0.92917
-0.92911
-0.92912
-0.92288
-0.92798
-0.9321
-0.929
-0.929
-0.93247
-0.93247
-0.93387
-0.92982
-0.92732
-0.92854
-0.92645
-0.92642
-0.93045
-0.91853
-0.92142
-0.92967
0
0
0
0
0
0
0
0
0
0
0
0
0
0
0
0
0
0
0
0
0
0
0
0
0
0
0
0
0
0
0
0
0
0
0
0
0
0
0
0
0
0
0
0
0
0
0
0
0
0
0
0
0
0
0
0
0
0
0
0
0
-0.93483
-0.93466
-0.93047
-0.93416
-0.92935
-0.9358
-0.9317
-0.93244
-0.93291
-0.93851
-0.93087
-0.92912
-0.92966
-0.94105
-0.92847
-0.93846
-0.93845
-0.92847
-0.93931
-0.93282
-0.92974
-0.92787
47.426
-0.92787
-0.93511
-0.9254
-0.9254
-0.93175
-0.92132
-0.92131
-0.92346
-0.91951
-0.92917
-0.92911
-0.92911
-0.92288
-0.92798
-0.9321
-0.92899
-0.929
-0.93247
-0.93247
-0.93387
-0.92982
-0.92732
-0.92853
-0.92646
-0.92642
-0.93045
-0.91852
-0.92143
-0.92967
0
0
0
0
0
0
0
0
0
0
0
0
0
0
0
0
0
0
0
0
0
0
0
0
0
0
0
0
0
0
0
0
0
0
0
0
0
0
0
0
0
0
0
0
0
0
0
0
0
0
0
0
0
0
0
0
0
0
0
0
0
-0.93484
-0.93465
-0.93047
-0.93415
-0.92935
-0.9358
-0.93169
-0.93244
-0.9329
-0.9385
-0.93088
-0.92912
-0.92966
-0.94105
-0.92847
-0.93845
-0.93845
-0.92846
-0.9393
-0.93282
-0.92973
-0.92787
-0.92787
47.4259
-0.93511
-0.9254
-0.9254
-0.93175
-0.92131
-0.92131
-0.92345
-0.91951
-0.92917
-0.92911
-0.92911
-0.92287
-0.92798
-0.9321
-0.929
-0.929
-0.93247
-0.93246
-0.93387
-0.92982
-0.92731
-0.92854
-0.92646
-0.92641
-0.93045
-0.91852
-0.92142
-0.92967
0
0
0
0
0
0
0
0
0
0
0
0
0
0
0
0
0
0
0
0
0
0
0
0
0
0
0
0
0
0
0
0
0
0
0
0
0
0
0
0
0
0
0
0
0
0
0
0
0
0
0
0
0
0
0
0
0
0
0
0
0
-0.94098
-0.94098
-0.93687
-0.94089
-0.93612
-0.94276
-0.93851
-0.9394
-0.94027
-0.94545
-0.9382
-0.93637
-0.93706
-0.94727
-0.93554
-0.94561
-0.9456
-0.93554
-0.94523
-0.93959
-0.93662
-0.93512
-0.93511
-0.93511
51.8961
-0.93238
-0.93238
-0.93688
-0.92819
-0.92819
-0.93017
-0.92587
-0.93592
-0.93587
-0.93587
-0.92954
-0.93476
-0.93686
-0.93535
-0.93535
-0.93936
-0.93936
-0.94053
-0.9367
-0.93419
-0.93528
-0.93331
-0.93328
-0.93789
-0.92531
0
0
0
0
0
0
0
0
0
0
0
0
0
0
0
0
0
0
0
0
0
0
0
0
0
0
0
0
0
0
0
0
0
0
-2.3688
0
0
0
0
0
0
0
0
0
0
0
0
0
0
0
0
0
0
0
0
0
0
0
0
0
0
0
-3.6283
-0.93219
-0.93201
-0.92784
-0.93151
-0.92671
-0.93315
-0.92905
-0.9298
-0.93025
-0.93584
-0.92821
-0.92644
-0.92699
-0.93837
-0.92577
-0.93578
-0.93576
-0.92578
-0.93662
-0.93014
-0.92704
-0.9254
-0.9254
-0.9254
-0.93238
46.362
-0.92258
-0.92892
-0.91841
-0.9184
-0.92065
-0.91667
-0.92635
-0.92635
-0.92635
-0.92005
-0.92516
-0.92919
-0.92614
-0.92614
-0.92965
-0.92965
-0.93103
-0.92701
-0.92451
-0.92571
-0.92366
-0.92361
-0.92764
-0.91573
-0.9186
0
0
0
0
0
0
0
0
0
0
0
0
0
0
0
0
0
0
0
0
0
0
0
0
0
0
0
0
0
0
0
0
0
0
0
0
0
0
0
0
0
0
0
0
0
0
0
0
0
0
0
0
0
0
0
0
0
0
0
0
0
0
-0.93218
-0.93201
-0.92783
-0.9315
-0.92671
-0.93315
-0.92905
-0.92979
-0.93024
-0.93584
-0.9282
-0.92644
-0.927
-0.93837
-0.92578
-0.93578
-0.93576
-0.92578
-0.93662
-0.93013
-0.92704
-0.9254
-0.9254
-0.9254
-0.93238
-0.92258
46.362
-0.92893
-0.9184
-0.9184
-0.92064
-0.91668
-0.92635
-0.92636
-0.92636
-0.92005
-0.92516
-0.92918
-0.92613
-0.92614
-0.92965
-0.92966
-0.93103
-0.92701
-0.92451
-0.92571
-0.92365
-0.92361
-0.92764
-0.91573
-0.9186
0
0
0
0
0
0
0
0
0
0
0
0
0
0
0
0
0
0
0
0
0
0
0
0
0
0
0
0
0
0
0
0
0
0
0
0
0
0
0
0
0
0
0
0
0
0
0
0
0
0
0
0
0
0
0
0
0
0
0
0
0
0
-0.93829
-0.93806
-0.93386
-0.93762
-0.93279
-0.93916
-0.93505
-0.93583
-0.9363
-0.94187
-0.93414
-0.93231
-0.93292
-0.94422
-0.93164
-0.94179
-0.94174
-0.93164
-0.94242
-0.93601
-0.93307
-0.93176
-0.93175
-0.93175
-0.93688
-0.92892
-0.92893
48.4067
-0.92463
-0.92462
-0.92661
-0.92276
-0.93253
-0.9325
-0.9325
-0.92617
-0.93145
-0.9384
-0.93226
-0.93226
-0.93582
-0.93582
-0.93718
-0.93315
-0.93063
-0.9315
-0.92976
-0.9297
-0.93423
-0.92178
0
0
0
0
0
0
0
0
0
0
0
0
0
0
0
0
0
0
0
0
0
0
0
0
0
0
0
0
0
0
-2.6697
0
0
0
0
0
0
0
0
0
0
0
0
0
0
0
0
0
0
0
0
0
0
0
0
0
0
0
0
0
0
0
0
-0.92812
-0.92795
-0.92377
-0.92744
-0.92264
-0.92908
-0.92497
-0.92572
-0.92616
-0.93175
-0.92411
-0.92234
-0.9229
-0.9343
-0.92167
-0.93168
-0.93167
-0.92167
-0.93255
-0.92605
-0.92294
-0.92131
-0.92132
-0.92131
-0.92819
-0.91841
-0.9184
-0.92463
45.2411
-0.91382
-0.91621
-0.91236
-0.92205
-0.92217
-0.92217
-0.91573
-0.92083
-0.92458
-0.92171
-0.92171
-0.9253
-0.9253
-0.92662
-0.92268
-0.92018
-0.92133
-0.91933
-0.91931
-0.92323
-0.91143
0
0
0
0
0
0
0
0
0
0
0
0
0
0
0
0
0
0
0
0
0
0
0
0
0
0
0
0
0
0
0
0
0
0
0
0
0
0
0
0
0
0
0
0
0
0
0
0
0
0
0
0
0
0
0
0
0
0
0
0
0
0
0
-0.92813
-0.92795
-0.92378
-0.92744
-0.92264
-0.92909
-0.92496
-0.92571
-0.92615
-0.93174
-0.92412
-0.92236
-0.9229
-0.93429
-0.92167
-0.93168
-0.93168
-0.92167
-0.93255
-0.92605
-0.92294
-0.92131
-0.92131
-0.92131
-0.92819
-0.9184
-0.9184
-0.92462
-0.91382
45.2411
-0.91622
-0.91235
-0.92205
-0.92217
-0.92217
-0.91572
-0.92084
-0.92458
-0.92171
-0.92171
-0.9253
-0.9253
-0.92663
-0.92267
-0.92018
-0.92132
-0.91932
-0.91931
-0.92322
-0.91143
0
0
0
0
0
0
0
0
0
0
0
0
0
0
0
0
0
0
0
0
0
0
0
0
0
0
0
0
0
0
0
0
0
0
0
0
0
0
0
0
0
0
0
0
0
0
0
0
0
0
0
0
0
0
0
0
0
0
0
0
0
0
0
-0.92986
-0.92979
-0.92567
-0.9293
-0.92456
-0.931
-0.92691
-0.92768
-0.92815
-0.93371
-0.9261
-0.92431
-0.9249
-0.93615
-0.92367
-0.93366
-0.93361
-0.92368
-0.93442
-0.92802
-0.92504
-0.92346
-0.92346
-0.92345
-0.93017
-0.92065
-0.92064
-0.92661
-0.91621
-0.91622
46.1299
-0.91407
-0.92392
-0.92402
-0.92402
-0.91741
-0.92265
-0.92609
-0.92348
-0.92348
-0.92716
-0.92716
-0.92879
-0.92452
-0.92201
-0.92312
-0.92115
-0.92112
0
-0.91333
0
0
0
0
0
0
0
0
0
0
0
0
0
0
0
0
0
0
0
0
0
0
0
0
0
0
0
0
0
0
0
0
0
0
0
-1.7213
0
0
0
0
0
0
0
0
0
0
0
0
0
0
0
0
0
0
0
0
0
0
0
0
0
0
0
-0.92604
-0.92586
-0.92178
-0.92538
-0.9207
-0.92702
-0.92302
-0.92378
-0.9242
-0.9297
-0.92213
-0.92037
-0.92095
-0.93208
-0.91974
-0.92962
-0.92959
-0.91974
-0.93033
-0.92399
-0.9211
-0.91952
-0.91951
-0.91951
-0.92587
-0.91667
-0.91668
-0.92276
-0.91236
-0.91235
-0.91407
44.4363
-0.91971
-0.92006
-0.92006
-0.91314
-0.91829
-0.92125
-0.91885
-0.91886
-0.92277
-0.92277
-0.9239
-0.92015
-0.91767
0
-0.91681
-0.91665
0
-0.90911
0
0
0
0
0
0
0
0
0
0
0
0
-1.1398
0
0
0
0
0
0
0
0
0
0
0
0
0
0
0
0
0
0
0
0
0
0
0
0
0
0
0
0
0
0
0
0
0
0
0
0
0
0
0
0
0
0
0
0
0
0
0
0
0
0
-0.93576
-0.93558
-0.93137
-0.93507
-0.93024
-0.93673
-0.9326
-0.93337
-0.93385
-0.93946
-0.93181
-0.93002
-0.93058
-0.94203
-0.92935
-0.93942
-0.93943
-0.92936
-0.94027
-0.93376
-0.93072
-0.92917
-0.92917
-0.92917
-0.93592
-0.92635
-0.92635
-0.93253
-0.92205
-0.92205
-0.92392
-0.91971
41.9171
-0.92894
-0.92894
-0.92255
-0.92917
-0.93447
-0.93052
-0.93052
-0.93424
-0.93425
-0.93548
-0.9315
-0.92877
0
0
0
0
0
0
-0.93061
0
0
0
0
0
0
0
0
0
0
0
0
0
0
0
0
0
0
0
0
0
0
0
0
0
0
0
0
0
0
0
0
0
0
0
0
0
0
0
0
0
0
0
0
0
0
0
0
0
0
0
0
0
0
0
0
0
0
0
0
0
-0.93571
-0.93553
-0.93132
-0.93503
-0.93019
-0.93668
-0.93255
-0.93332
-0.9338
-0.9394
-0.93175
-0.92997
-0.93052
-0.94197
-0.92931
-0.93936
-0.93937
-0.9293
-0.94021
-0.93371
-0.93068
-0.92911
-0.92911
-0.92911
-0.93587
-0.92635
-0.92636
-0.9325
-0.92217
-0.92217
-0.92402
-0.92006
-0.92894
41.9117
-0.92694
-0.92278
-0.92915
-0.93455
-0.93057
-0.93057
-0.93418
-0.93418
-0.93547
-0.93144
-0.92874
0
-0.92772
0
0
0
0
0
0
0
0
0
0
0
0
0
0
0
0
0
0
0
0
0
0
0
0
0
0
0
0
0
0
0
0
0
0
0
0
0
0
0
0
0
0
0
0
0
0
0
0
0
0
0
0
0
0
0
0
0
0
0
0
0
0
0
0
0
0
-0.93571
-0.93553
-0.93132
-0.93503
-0.93019
-0.93668
-0.93255
-0.93331
-0.93379
-0.9394
-0.93175
-0.92997
-0.93052
-0.94197
-0.9293
-0.93937
-0.93937
-0.92931
-0.94021
-0.93371
-0.93067
-0.92912
-0.92911
-0.92911
-0.93587
-0.92635
-0.92636
-0.9325
-0.92217
-0.92217
-0.92402
-0.92006
-0.92894
-0.92694
41.9117
-0.92278
-0.92915
-0.93454
-0.93057
-0.93058
-0.93418
-0.93418
-0.93547
-0.93145
-0.92875
0
-0.92772
0
0
0
0
0
0
0
0
0
0
0
0
0
0
0
0
0
0
0
0
0
0
0
0
0
0
0
0
0
0
0
0
0
0
0
0
0
0
0
0
0
0
0
0
0
0
0
0
0
0
0
0
0
0
0
0
0
0
0
0
0
0
0
0
0
0
-0.92884
-0.92909
-0.92499
-0.9286
-0.92389
-0.93027
-0.92622
-0.9271
-0.92756
-0.93308
-0.92551
-0.92371
-0.92429
-0.93549
-0.92309
-0.93302
-0.93298
-0.92309
-0.93376
-0.9274
-0.92446
-0.92288
-0.92288
-0.92287
-0.92954
-0.92005
-0.92005
-0.92617
-0.91573
-0.91572
-0.91741
-0.91314
-0.92255
-0.92278
-0.92278
41.4143
-0.92236
-0.92444
-0.92226
-0.92226
-0.92677
-0.92676
-0.92759
-0.92413
0
0
0
0
0
0
0
0
0
0
0
0
0
0
0
0
0
0
0
0
0
-1.6368
0
0
0
0
0
0
0
0
0
0
0
0
0
0
0
0
0
0
0
0
0
0
0
0
0
0
0
0
0
0
0
0
0
0
0
0
0
0
0
0
0
0
0
0
0
0
0
-0.93449
-0.93431
-0.93007
-0.93379
-0.92893
-0.9356
-0.93141
-0.93218
-0.93269
-0.93837
-0.93064
-0.92885
-0.92941
-0.94097
-0.92818
-0.93833
-0.93832
-0.92819
-0.93921
-0.93263
-0.92956
-0.92798
-0.92798
-0.92798
-0.93476
-0.92516
-0.92516
-0.93145
-0.92083
-0.92084
-0.92265
-0.91829
-0.92917
-0.92915
-0.92915
-0.92236
39.1623
-0.93162
-0.9274
-0.92741
-0.93273
-0.93274
0
0
0
0
0
0
0
0
0
0
0
0
0
0
0
0
0
0
-1.0214
0
0
0
0
0
0
0
0
0
0
0
0
0
0
0
0
0
0
0
0
0
0
0
0
0
0
0
0
0
0
0
0
0
0
0
0
0
0
0
0
0
0
0
0
0
0
0
0
0
0
0
0
-0.93834
-0.93815
-0.93431
-0.93781
-0.93339
-0.9394
-0.93563
-0.93641
-0.93688
-0.94208
-0.93457
-0.93288
-0.93354
-0.94378
-0.93231
-0.94188
-0.94178
-0.93232
-0.94197
-0.93619
-0.93374
-0.9321
-0.9321
-0.9321
-0.93686
-0.92919
-0.92918
-0.9384
-0.92458
-0.92458
-0.92609
-0.92125
-0.93447
-0.93455
-0.93454
-0.92444
-0.93162
39.813
0
0
0
0
0
0
0
0
0
0
0
0
0
0
0
0
0
0
0
0
0
0
0
0
0
0
0
0
0
0
0
0
0
0
0
0
0
0
0
0
0
0
0
0
0
-2.6604
0
0
0
0
0
0
0
0
0
0
-2.5892
0
0
0
0
0
0
0
0
0
0
0
0
0
0
0
0
0
0
-0.93525
-0.93511
-0.93115
-0.93474
-0.93019
-0.9364
-0.93252
-0.93332
-0.93377
-0.93909
-0.93154
-0.9298
-0.93046
-0.94107
-0.92921
-0.93896
-0.93887
-0.92922
-0.9393
-0.9333
-0.9306
-0.929
-0.92899
-0.929
-0.93535
-0.92614
-0.92613
-0.93226
-0.92171
-0.92171
-0.92348
-0.91885
-0.93052
-0.93057
-0.93057
-0.92226
-0.9274
0
37.6151
-0.92436
0
0
0
0
0
0
0
0
0
0
0
0
0
0
0
0
0
0
0
0
0
0
0
0
0
0
0
0
0
0
0
0
0
0
0
0
0
0
0
0
0
0
0
0
0
0
0
0
0
0
0
0
0
0
0
0
0
0
-2.243
0
0
0
0
0
0
0
0
0
0
0
0
0
0
-0.93525
-0.9351
-0.93116
-0.93473
-0.93019
-0.9364
-0.93253
-0.93331
-0.93377
-0.9391
-0.93153
-0.92981
-0.93046
-0.94108
-0.92922
-0.93896
-0.93887
-0.92922
-0.93931
-0.9333
-0.9306
-0.929
-0.929
-0.929
-0.93535
-0.92614
-0.92614
-0.93226
-0.92171
-0.92171
-0.92348
-0.91886
-0.93052
-0.93057
-0.93058
-0.92226
-0.92741
0
-0.92436
37.6154
0
0
0
0
0
0
0
0
0
0
0
0
0
0
0
0
0
0
0
0
0
0
0
0
0
0
0
0
0
0
0
0
0
0
0
0
0
0
0
0
0
0
0
0
0
0
0
0
0
0
0
0
0
0
0
0
0
0
0
0
0
0
0
0
0
0
-2.2431
0
0
0
0
0
0
-0.93914
-0.93895
-0.9347
-0.93843
-0.93356
-0.9401
-0.93594
-0.9367
-0.93719
-0.94284
-0.93513
-0.93333
-0.93388
-0.94546
-0.93265
-0.94281
-0.94281
-0.93266
-0.94369
-0.93713
-0.93404
-0.93247
-0.93247
-0.93247
-0.93936
-0.92965
-0.92965
-0.93582
-0.9253
-0.9253
-0.92716
-0.92277
-0.93424
-0.93418
-0.93418
-0.92677
-0.93273
0
0
0
34.5857
0
0
0
0
0
0
0
0
0
0
0
0
0
0
0
0
0
0
0
0
0
0
0
0
0
0
0
0
0
0
0
0
0
0
0
0
0
0
0
0
0
0
0
0
0
0
0
0
0
0
0
0
0
0
0
0
0
0
0
0
0
0
0
0
0
0
0
0
0
0
0
0
-0.93914
-0.93896
-0.93471
-0.93844
-0.93356
-0.9401
-0.93593
-0.9367
-0.93718
-0.94284
-0.93513
-0.93334
-0.93389
-0.94546
-0.93266
-0.94281
-0.94281
-0.93266
-0.94369
-0.93712
-0.93405
-0.93247
-0.93247
-0.93246
-0.93936
-0.92965
-0.92966
-0.93582
-0.9253
-0.9253
-0.92716
-0.92277
-0.93425
-0.93418
-0.93418
-0.92676
-0.93274
0
0
0
0
34.5857
0
0
0
0
0
0
0
0
0
0
0
0
0
0
0
0
0
0
0
0
0
0
0
0
0
0
0
0
0
0
0
0
0
0
0
0
0
0
0
0
0
0
0
0
0
0
0
0
0
0
0
0
0
0
0
0
0
0
0
0
0
0
0
0
0
0
0
0
0
0
0
-0.94024
-0.94017
-0.936
-0.93964
-0.93487
-0.94135
-0.93733
-0.93811
-0.9386
-0.94414
-0.93651
-0.93471
-0.93531
-0.94657
-0.93408
-0.9441
-0.94405
-0.93408
-0.94483
-0.93841
-0.93546
-0.93387
-0.93387
-0.93387
-0.94053
-0.93103
-0.93103
-0.93718
-0.92662
-0.92663
-0.92879
-0.9239
-0.93548
-0.93547
-0.93547
-0.92759
0
0
0
0
0
0
35.2304
0
0
0
0
0
0
0
0
0
0
0
0
0
0
0
0
0
0
0
0
0
0
0
0
0
0
0
0
0
0
0
0
0
0
0
-1.5306
0
0
0
0
0
0
0
0
0
0
0
0
0
0
0
0
0
0
0
0
0
0
0
0
0
0
0
0
0
0
0
0
0
0
-0.93649
-0.93631
-0.93207
-0.93579
-0.93093
-0.93744
-0.93329
-0.93406
-0.93453
-0.94018
-0.93249
-0.9307
-0.93124
-0.9428
-0.93002
-0.94015
-0.94015
-0.93002
-0.94104
-0.93448
-0.9314
-0.92982
-0.92982
-0.92982
-0.9367
-0.92701
-0.92701
-0.93315
-0.92268
-0.92267
-0.92452
-0.92015
-0.9315
-0.93144
-0.93145
-0.92413
0
0
0
0
0
0
0
33.5574
0
0
0
0
0
0
0
0
0
0
0
0
0
0
0
0
0
0
0
0
0
0
0
0
0
0
0
0
0
0
0
0
0
0
0
0
0
0
0
0
0
0
0
0
0
0
0
0
0
0
0
0
0
0
0
0
0
0
0
0
0
0
0
0
0
0
0
0
0
-0.93402
-0.93381
-0.92959
-0.9333
-0.92844
-0.93495
-0.93079
-0.93157
-0.93203
-0.93766
-0.92999
-0.9282
-0.92875
-0.94028
-0.92753
-0.93763
-0.93764
-0.92752
-0.93854
-0.93197
-0.92889
-0.92732
-0.92732
-0.92731
-0.93419
-0.92451
-0.92451
-0.93063
-0.92018
-0.92018
-0.92201
-0.91767
-0.92877
-0.92874
-0.92875
0
0
0
0
0
0
0
0
0
32.5452
0
0
0
0
0
0
0
0
0
0
0
0
0
0
0
0
0
0
0
0
0
0
0
0
0
0
0
0
0
0
0
0
0
0
0
0
0
0
0
0
0
0
0
0
0
0
0
0
0
0
0
0
0
0
0
0
0
0
0
0
0
0
0
0
0
0
0
0
-0.93469
-0.9348
-0.93079
-0.93436
-0.92977
-0.93587
-0.93204
-0.93279
-0.93326
-0.93855
-0.93114
-0.92938
-0.92995
-0.94066
-0.92875
-0.93848
-0.93843
-0.92875
-0.93889
-0.93284
-0.93014
-0.92854
-0.92853
-0.92854
-0.93528
-0.92571
-0.92571
-0.9315
-0.92133
-0.92132
-0.92312
0
0
0
0
0
0
0
0
0
0
0
0
0
0
32.299
0
-0.9282
0
0
0
0
0
0
0
0
0
0
0
0
0
0
0
0
-1.2956
0
0
0
0
0
0
0
0
-1.2013
0
0
0
0
0
0
0
0
0
0
0
0
0
0
0
0
0
0
0
0
0
0
0
0
0
0
0
0
0
0
0
0
0
0
0
0
0
0
0
-0.93315
-0.93294
-0.92872
-0.93244
-0.92758
-0.93408
-0.92993
-0.93069
-0.93115
-0.93679
-0.92912
-0.92733
-0.92788
-0.93941
-0.92665
-0.93677
-0.93677
-0.92666
-0.93766
-0.9311
-0.92803
-0.92645
-0.92646
-0.92646
-0.93331
-0.92366
-0.92365
-0.92976
-0.91933
-0.91932
-0.92115
-0.91681
0
-0.92772
-0.92772
0
0
0
0
0
0
0
0
0
0
0
31.5867
0
0
0
0
0
0
0
0
0
0
0
0
0
0
0
0
0
0
0
0
0
0
0
0
0
0
0
0
0
0
0
0
0
0
0
0
0
0
0
0
0
0
0
0
0
0
0
0
0
0
0
0
0
0
0
0
0
0
0
0
0
0
0
0
0
0
-0.93308
-0.93289
-0.92867
-0.93239
-0.92754
-0.93403
-0.92989
-0.93064
-0.93111
-0.93673
-0.92908
-0.92729
-0.92784
-0.93935
-0.92661
-0.93671
-0.93671
-0.92661
-0.93759
-0.93105
-0.92799
-0.92642
-0.92642
-0.92641
-0.93328
-0.92361
-0.92361
-0.9297
-0.91931
-0.91931
-0.92112
-0.91665
0
0
0
0
0
0
0
0
0
0
0
0
0
-0.9282
0
30.6578
0
0
0
0
0
0
0
0
0
0
0
0
0
0
0
0
0
0
0
0
0
0
0
0
0
0
0
0
0
0
0
0
0
0
0
0
0
0
0
0
0
0
0
0
0
0
0
0
0
0
0
0
0
0
0
0
0
0
0
0
0
0
0
0
0
-0.93655
-0.93632
-0.93236
-0.93577
-0.93119
-0.93774
-0.93374
-0.93451
-0.9351
-0.94061
-0.9331
-0.93128
-0.93181
-0.94305
-0.93065
-0.94064
-0.94059
-0.93066
-0.94132
-0.93495
-0.93205
-0.93045
-0.93045
-0.93045
-0.93789
-0.92764
-0.92764
-0.93423
-0.92323
-0.92322
0
0
0
0
0
0
0
0
0
0
0
0
0
0
0
0
0
0
30.7428
0
0
0
0
0
0
0
0
0
0
-1.0076
0
0
0
0
0
0
0
0
0
0
0
0
0
0
0
0
-1.7261
0
0
0
0
0
0
0
0
0
0
0
0
0
0
0
0
0
0
0
0
0
0
0
0
0
0
0
0
0
0
0
0
0
0
0
0
-0.9252
-0.925
-0.92079
-0.92448
-0.91965
-0.9261
-0.92198
-0.92274
-0.92319
-0.92879
-0.92118
-0.9194
-0.91994
-0.93141
-0.91873
-0.92877
-0.92877
-0.91873
-0.92967
-0.92314
-0.92009
-0.91853
-0.91852
-0.91852
-0.92531
-0.91573
-0.91573
-0.92178
-0.91143
-0.91143
-0.91333
-0.90911
0
0
0
0
0
0
0
0
0
0
0
0
0
0
0
0
0
29.4772
0
0
0
0
0
0
0
0
0
0
0
0
0
0
0
0
0
0
0
0
0
0
0
0
0
0
0
0
0
0
0
0
0
0
0
0
0
0
0
0
0
0
0
0
0
0
0
0
0
0
0
0
0
0
0
0
0
0
0
0
0
0
0
-0.92734
-0.92689
-0.92342
-0.92659
-0.92257
-0.92822
-0.92485
-0.92561
-0.9261
-0.93089
-0.92399
-0.92223
-0.92288
-0.93237
-0.92163
-0.93076
-0.93072
-0.92163
-0.93061
-0.92521
-0.92297
-0.92142
-0.92143
-0.92142
0
-0.9186
-0.9186
0
0
0
0
0
0
0
0
0
0
0
0
0
0
0
0
0
0
0
0
0
0
0
27.67
0
0
0
0
0
0
0
0
0
0
0
0
0
0
0
0
0
0
0
0
0
0
0
0
0
0
0
0
0
0
0
0
0
0
0
0
0
0
0
-1.8105
0
-1.8106
0
0
0
0
0
0
0
0
0
0
0
0
0
0
0
0
0
0
0
0
-0.93609
-0.93604
-0.93171
-0.93547
-0.93051
-0.93704
-0.93284
-0.93362
-0.93425
-0.93988
-0.93236
-0.93054
-0.93094
-0.9427
-0.9299
-0.94009
-0.94003
-0.92991
-0.94098
-0.9344
-0.93125
-0.92967
-0.92967
-0.92967
0
0
0
0
0
0
0
0
-0.93061
0
0
0
0
0
0
0
0
0
0
0
0
0
0
0
0
0
0
25.1162
0
0
0
0
0
0
0
0
0
0
0
0
0
0
-1.766
0
0
0
0
0
0
0
0
0
0
0
0
0
0
0
0
0
0
0
0
0
0
0
0
0
0
0
0
0
0
0
0
0
0
0
0
0
0
0
0
0
0
0
0
0
0
-0.94335
-0.9431
-0.93864
-0.94235
-0.93723
-0.94394
-0.9397
-0.94044
-0.94095
-0.94663
-0.93904
-0.93717
-0.93767
0
-0.93641
-0.94688
0
-0.93642
0
0
-0.93777
0
0
0
0
0
0
0
0
0
0
0
0
0
0
0
0
0
0
0
0
0
0
0
0
0
0
0
0
0
0
0
15.9877
0
0
0
0
0
0
0
0
0
0
0
0
0
0
0
0
0
0
0
0
0
0
0
0
0
0
0
0
0
0
0
0
0
0
0
0
0
0
0
0
0
0
0
0
0
0
0
0
0
0
0
0
0
0
0
0
0
0
0
0
-0.94576
-0.94551
-0.94097
-0.94466
-0.93947
-0.94622
-0.94198
-0.94272
-0.94322
-0.94891
-0.94133
-0.93944
-0.93994
0
-0.93867
0
0
-0.93867
0
0
0
0
0
0
0
0
0
0
0
0
0
0
0
0
0
0
0
0
0
0
0
0
0
0
0
0
0
0
0
0
0
0
0
14.1375
0
0
0
0
0
0
0
0
0
0
0
0
0
0
0
0
0
0
0
0
0
0
0
0
0
0
0
0
0
0
0
0
0
0
0
0
0
0
0
0
0
0
0
0
0
0
0
0
0
0
0
0
0
0
0
0
0
0
0
-0.97642
-0.97652
-0.97163
-0.97548
-0.96996
-0.97694
-0.97253
-0.97333
-0.97459
-0.98028
0
0
-0.97115
0
0
0
0
0
0
0
0
0
0
0
0
0
0
0
0
0
0
0
0
0
0
0
0
0
0
0
0
0
0
0
0
0
0
0
0
0
0
0
0
0
12.4045
0
0
0
0
0
0
0
0
0
0
0
-1.6856
0
0
0
0
0
0
0
0
0
0
0
0
0
0
0
0
0
0
0
0
0
0
0
0
0
0
0
0
0
0
0
0
0
0
0
0
0
0
0
0
0
0
0
0
0
0
-0.96791
-0.96803
-0.96412
-0.96723
-0.96272
-0.96906
-0.96545
-0.96633
-0.96685
0
0
0
0
0
0
0
0
0
0
0
0
0
0
0
0
0
0
0
0
0
0
0
0
0
0
0
0
0
0
0
0
0
0
0
0
0
0
0
0
0
0
0
0
0
0
11.241
0
0
0
0
0
0
0
0
0
0
0
0
0
0
0
-0.94756
0
0
0
0
0
0
0
0
0
0
0
0
0
0
0
0
0
0
0
0
0
0
0
0
0
0
0
0
0
0
0
0
-1.5957
0
0
0
0
0
0
0
0
-1.0632
-1.063
-1.0575
-1.0616
-1.0553
-1.064
-1.0594
-1.0601
0
0
0
0
0
0
0
0
0
0
0
0
0
0
0
0
0
0
0
0
0
0
0
0
0
0
0
0
0
0
0
0
0
0
0
0
0
0
0
0
0
0
0
0
0
0
0
0
8.484
0
0
0
0
0
0
0
0
0
0
0
0
0
0
0
0
0
0
0
0
0
0
0
0
0
0
0
0
0
0
0
0
0
0
0
0
0
0
0
0
0
0
0
0
0
0
0
0
0
0
0
0
0
0
0
0
-1.0631
-1.0629
-1.0574
-1.0615
-1.0552
-1.064
-1.0593
-1.0601
0
0
0
0
0
0
0
0
0
0
0
0
0
0
0
0
0
0
0
0
0
0
0
0
0
0
0
0
0
0
0
0
0
0
0
0
0
0
0
0
0
0
0
0
0
0
0
0
0
8.4836
0
0
0
0
0
0
0
0
0
0
0
0
0
0
0
0
0
0
0
0
0
0
0
0
0
0
0
0
0
0
0
0
0
0
0
0
0
0
0
0
0
0
0
0
0
0
0
0
0
0
0
0
0
0
0
-1.0735
-1.0804
-1.0754
-1.0798
-1.0742
-1.0816
-1.0769
0
0
0
0
0
0
0
0
0
0
0
0
0
0
0
0
0
0
0
0
0
0
0
0
0
0
0
0
0
0
0
0
0
0
0
0
0
0
0
0
0
0
0
0
0
0
0
0
0
0
0
9.3419
0
0
0
0
0
0
0
0
0
0
0
0
0
0
0
0
0
0
0
0
0
0
0
0
0
0
0
-1.8002
0
0
0
0
0
0
0
0
0
0
0
0
0
0
0
0
0
0
0
0
0
0
0
0
0
0
-1.0195
-1.0159
-1.0113
-1.0147
-1.0092
0
0
0
0
0
0
0
0
0
0
0
0
0
0
0
0
0
0
0
0
0
0
0
0
0
0
0
0
0
0
0
0
0
0
0
0
0
0
0
0
0
0
0
-1.0076
0
0
0
0
0
0
0
0
0
0
7.2891
0
0
0
0
0
0
0
0
0
0
0
0
0
0
-1.2109
0
0
0
0
0
0
0
0
0
0
0
0
0
0
0
0
0
0
0
0
0
0
0
0
0
0
0
0
0
0
0
0
0
0
0
0
0
0
-1.0294
-1.0298
-1.0242
-1.0281
-1.0218
0
0
0
0
0
0
0
0
0
0
0
0
0
0
0
0
0
0
0
0
0
0
0
0
0
0
0
0
0
0
0
-1.0214
0
0
0
0
0
0
0
0
0
0
0
0
0
0
0
0
0
0
0
0
0
0
0
7.5347
0
0
0
0
0
0
0
-1.3799
0
0
0
0
0
0
0
0
0
0
0
0
0
0
0
0
0
0
0
0
0
0
0
0
0
0
0
0
0
0
0
0
0
0
0
0
0
0
0
0
0
0
0
0
-0.97496
-0.97903
-0.97357
-0.97802
-0.9718
0
0
0
0
0
0
0
0
0
0
0
0
0
0
0
0
0
0
0
0
0
0
0
0
0
0
0
0
0
0
0
0
0
0
0
0
0
0
0
0
0
0
0
0
0
0
0
0
0
0
0
0
0
0
0
0
6.3968
0
0
0
0
0
0
0
0
0
0
0
-1.1897
0
0
0
0
0
0
0
0
0
0
0
0
0
0
0
0
0
0
0
0
0
0
0
-0.32971
0
0
0
0
0
0
0
0
0
0
0
0
0
0
0
0
0
0
0
0
0
0
0
0
0
0
0
0
0
0
0
0
0
0
0
0
0
0
0
0
0
0
0
0
0
0
-1.1398
0
0
0
0
0
0
0
0
0
0
0
0
0
0
0
0
0
0
0
0
0
0
0
0
0
0
0
0
0
0
9.5085
0
0
0
0
0
-1.6861
0
0
0
0
0
0
-1.9159
0
0
0
0
-2.3846
0
0
-2.3822
0
0
0
0
0
0
0
0
0
0
0
0
0
0
0
0
0
0
0
0
0
0
0
0
0
0
0
0
0
-1.1761
-1.1756
-1.1649
-1.1725
-1.1604
0
0
0
0
0
0
0
0
0
0
0
0
0
0
0
0
0
0
0
0
0
0
0
0
0
0
0
0
0
0
0
0
0
0
0
0
0
0
0
0
0
0
0
0
0
0
0
0
0
0
0
0
0
0
0
0
0
0
5.8495
0
0
0
0
0
0
0
0
0
0
0
0
0
0
0
0
0
0
0
0
0
0
0
0
0
0
0
0
0
0
0
0
0
0
0
0
0
0
0
0
0
0
0
0
0
0
0
0
0
0
0
0
0
0
0
0
0
0
0
0
0
0
0
0
0
0
0
0
0
0
0
0
0
0
0
0
0
0
0
0
0
0
0
0
0
0
0
0
0
0
0
0
0
0
-1.2956
0
0
0
0
0
0
0
0
0
0
0
0
0
0
0
0
0
0
6.7013
0
0
-1.3644
0
0
0
0
0
0
0
-1.9764
0
0
0
0
0
0
0
0
-2.065
0
0
0
0
0
0
0
0
0
0
0
0
0
0
0
0
0
0
0
0
0
0
0
0
0
0
0
0
0
0
0
0
0
0
0
0
0
0
0
0
0
0
0
0
0
0
0
0
0
0
0
0
0
0
0
0
0
0
0
0
0
0
0
-1.6368
0
0
0
0
0
0
0
0
0
0
0
0
0
0
0
0
0
0
0
0
0
0
0
0
0
0
0
0
0
6.3572
0
0
0
0
0
0
0
0
0
0
0
0
0
0
0
0
-1.3152
0
0
0
-1.4573
0
0
0
0
0
0
0
0
0
0
0
0
0
0
0
0
0
0
-1.948
0
0
0
0
0
0
0
0
0
0
0
0
0
0
0
0
0
0
0
0
0
0
0
0
0
0
0
0
0
0
0
0
0
0
0
0
0
0
0
0
0
0
0
0
0
0
0
0
0
0
0
0
0
0
0
0
0
0
-1.766
0
0
-1.6856
0
0
0
0
0
0
0
0
0
0
0
7.5534
0
0
0
0
0
0
0
0
0
0
0
0
-1.8741
0
0
0
0
0
0
0
0
0
0
0
0
0
0
0
0
0
0
0
-2.2277
0
0
0
0
0
0
0
0
0
0
0
0
0
0
0
0
0
0
0
0
0
0
0
-1.2956
0
0
0
0
0
0
0
0
0
0
0
0
0
0
0
0
0
0
0
0
0
0
0
0
0
0
0
0
0
0
0
0
0
0
0
0
0
0
0
0
0
0
0
0
0
0
0
0
0
0
0
0
0
-1.3644
0
0
5.3564
0
0
0
0
0
-1.4885
-1.208
0
0
0
0
0
0
0
0
0
0
0
0
0
0
0
0
0
0
0
0
0
0
0
0
0
0
0
0
0
0
0
0
0
0
0
0
0
0
0
0
0
0
0
0
0
0
0
0
0
0
0
0
0
0
0
0
0
0
0
0
0
0
0
0
0
0
0
0
0
0
0
0
0
0
0
0
0
0
0
0
0
0
0
0
0
0
0
0
0
0
0
0
0
0
0
0
0
0
-1.3799
0
-1.6861
0
0
0
0
0
7.1154
0
0
0
0
0
0
0
0
0
-1.8378
0
0
0
0
0
0
0
0
0
0
0
0
0
0
0
0
-2.2116
0
0
0
0
0
0
0
0
0
0
0
0
0
0
0
0
0
-1.2323
-1.2304
-1.2163
0
0
0
0
0
0
0
0
0
0
0
0
0
0
0
0
0
0
0
0
0
0
0
0
0
0
0
0
0
0
0
0
0
0
0
0
0
0
0
0
0
0
0
0
0
0
0
0
0
0
0
0
0
0
0
0
0
0
0
0
0
0
0
0
0
0
3.679
0
0
0
0
0
0
0
0
0
0
0
0
0
0
0
0
0
0
0
0
0
0
0
0
0
0
0
0
0
0
0
0
0
0
0
0
0
0
0
0
0
0
0
0
0
0
0
0
0
0
0
0
0
0
-0.68668
0
0
0
0
-0.70098
0
0
0
0
0
0
0
0
0
0
0
0
0
0
0
0
0
0
0
0
0
0
0
0
0
0
0
0
0
0
0
0
0
0
0
0
0
0
0
0
0
0
0
0
0
0
0
0
0
0
0
0
0
1.9865
0
0
0
0
0
0
0
0
0
0
0
0
0
0
0
0
0
0
0
0
-0.59885
0
0
0
0
0
0
0
0
0
0
0
0
0
0
0
0
0
0
0
0
0
0
0
0
0
0
0
0
0
0
0
0
0
0
-0.91818
0
0
0
0
0
0
0
0
0
0
0
0
0
0
0
0
0
0
0
0
0
0
0
0
0
0
0
0
0
0
0
0
0
0
0
0
0
0
0
0
0
-0.94756
0
0
0
0
0
0
0
0
0
0
0
0
0
0
0
3.0333
0
0
0
0
0
0
0
0
0
0
0
0
0
0
0
0
0
0
0
0
0
0
0
0
-1.1675
0
0
0
0
0
0
0
0
0
0
0
0
0
0
0
0
-1.3444
0
0
0
0
0
0
0
0
0
0
0
0
0
0
0
0
0
0
0
0
0
0
0
0
0
0
0
0
0
0
0
0
0
0
0
0
0
0
0
0
0
0
0
0
0
0
0
0
0
0
0
0
0
0
0
0
0
0
0
0
0
0
0
0
0
0
0
0
0
0
0
4.6401
0
-1.834
0
0
0
0
0
0
0
0
0
0
0
0
0
-1.4617
0
0
0
0
0
0
0
0
0
0
0
0
0
0
0
0
0
0
0
0
0
0
0
0
0
0
0
0
0
0
0
0
0
0
0
0
0
0
0
0
0
0
0
0
0
0
0
0
0
0
0
0
0
0
0
0
0
0
0
0
0
0
0
0
0
0
0
0
0
-1.2013
0
0
0
0
0
0
0
0
0
0
0
0
0
0
0
-1.1897
0
0
0
0
0
-1.4885
0
0
0
0
0
3.8795
0
0
0
0
0
0
0
0
0
0
0
0
0
0
0
0
0
0
0
0
0
0
0
0
0
0
0
0
0
0
0
0
0
0
0
0
0
0
0
0
0
0
0
0
0
0
0
0
0
0
0
0
0
0
0
0
0
0
0
0
0
0
0
0
0
0
0
0
0
0
0
0
0
0
0
0
0
0
0
0
0
0
0
0
0
0
0
0
0
0
0
0
0
0
0
0
0
0
-1.2109
0
0
0
0
0
0
0
-1.208
0
0
0
0
-1.834
0
4.2529
0
0
0
0
0
0
0
0
0
0
0
0
0
0
0
0
0
0
0
0
0
0
0
0
0
0
0
0
0
0
0
0
0
0
0
0
0
0
0
0
0
0
0
0
0
0
0
0
0
0
0
0
0
0
0
0
0
0
0
0
0
0
0
0
0
0
0
0
0
0
0
0
0
0
0
0
0
0
0
0
0
0
0
0
0
0
0
0
0
0
0
0
0
0
0
0
0
0
0
0
-1.9159
0
-1.9764
0
0
0
0
0
0
0
0
0
0
5.6575
-1.7652
0
0
0
0
0
0
0
0
0
0
0
0
0
0
0
0
0
0
0
0
0
0
0
0
0
0
0
0
0
0
0
0
0
0
0
0
0
0
0
0
0
0
0
0
0
0
0
0
0
0
0
0
0
0
0
0
0
0
0
0
0
0
0
0
0
0
0
0
0
0
0
0
0
0
0
0
0
0
0
0
0
0
0
0
-1.7261
0
0
0
0
0
0
0
0
0
0
0
0
0
0
0
0
0
0
0
0
0
0
0
0
0
0
-1.7652
5.8458
0
0
-2.3545
0
0
0
0
0
0
0
0
0
0
0
0
0
0
0
0
0
0
0
0
0
0
0
0
0
0
0
0
0
0
0
0
0
-1.2326
-1.2307
-1.2166
0
0
0
0
0
0
0
0
0
0
0
0
0
0
0
0
0
0
0
0
0
0
0
0
0
0
0
0
0
0
0
0
0
0
0
0
0
0
0
0
0
0
0
0
0
0
0
0
0
0
0
0
0
0
0
0
0
0
0
0
0
0
0
0
0
0
0
0
0
0
0
0
0
0
3.6799
0
0
0
0
0
0
0
0
0
0
0
0
0
0
0
0
0
0
0
0
0
0
0
0
0
0
0
0
0
0
0
0
0
0
0
0
0
0
0
0
0
0
0
0
0
0
0
0
0
0
0
0
0
0
0
0
0
0
0
0
0
0
0
0
0
0
0
0
0
0
0
0
0
0
0
0
0
-1.5306
0
0
0
0
0
0
0
0
0
0
0
0
0
0
0
0
0
0
0
0
0
0
0
0
0
-1.8378
0
0
0
0
0
0
0
0
0
5.3611
0
0
-1.9928
0
0
0
0
0
0
0
0
0
0
0
0
0
0
0
0
0
0
0
0
0
0
0
0
0
0
0
0
0
0
0
0
0
0
0
0
0
0
0
0
0
0
0
0
0
0
0
0
0
0
0
0
0
0
0
0
0
0
0
0
0
0
0
0
0
0
0
0
0
0
0
0
0
0
0
0
0
0
0
0
0
0
0
0
0
0
0
0
0
0
0
0
0
0
0
0
0
-1.8741
0
0
0
0
0
0
0
0
0
-2.3545
0
0
4.2287
0
0
0
0
0
0
0
0
0
0
0
0
0
0
0
0
0
0
0
0
0
0
0
0
0
0
0
0
0
0
0
0
0
0
0
0
0
0
0
0
0
0
0
0
0
0
0
0
0
0
0
0
0
0
0
0
0
0
0
0
-2.6697
0
0
0
0
0
0
0
0
0
0
0
0
0
0
0
0
0
0
0
0
0
0
0
0
0
0
0
0
0
0
0
0
0
0
-2.3846
0
0
0
0
0
0
0
0
0
0
0
0
0
0
0
0
0
5.0543
0
0
0
0
0
0
0
0
0
0
0
0
0
0
0
0
0
0
0
0
0
0
0
0
0
0
0
0
0
0
0
0
0
0
0
0
0
0
0
0
0
0
0
0
0
0
0
0
0
0
0
0
0
0
0
0
0
0
0
0
0
0
0
0
0
0
0
0
0
0
0
0
0
0
0
0
0
0
0
0
0
0
0
0
0
0
0
0
0
0
0
0
0
0
0
0
0
0
0
0
0
0
0
0
0
0
0
0
0
0
-1.9928
0
0
4.5
0
0
0
-2.5072
0
0
0
0
0
0
0
0
0
0
0
0
0
0
0
0
0
0
0
0
0
0
0
0
0
0
0
-1.5181
0
0
0
0
0
0
0
0
0
0
0
0
0
0
0
0
0
0
0
0
0
0
0
0
0
0
0
0
0
0
0
0
0
0
0
0
0
0
0
0
0
0
0
0
0
0
0
0
0
0
0
0
0
0
0
0
0
0
0
0
0
0
0
0
-1.3152
0
0
0
0
0
0
0
0
0
0
0
0
0
0
0
0
2.8332
0
0
0
0
0
0
0
0
0
0
0
0
0
0
0
0
0
0
0
0
0
0
0
0
0
0
0
0
0
0
0
0
0
0
0
0
0
0
0
0
0
0
0
0
0
0
0
0
0
0
0
0
0
0
0
0
0
0
0
0
0
0
0
0
0
0
0
-2.6604
0
0
0
0
0
0
0
0
0
0
0
0
0
0
0
0
0
0
0
0
0
0
0
0
-2.3822
0
0
0
0
0
0
0
0
0
0
0
0
0
0
0
0
0
0
0
0
5.0426
0
0
0
0
0
0
0
0
0
0
0
0
0
0
0
0
0
0
0
0
0
0
0
0
0
0
0
0
0
0
0
0
0
0
0
0
0
0
0
0
0
0
0
0
0
0
0
0
0
0
0
0
0
-2.3688
0
0
0
0
0
0
0
0
0
0
0
0
0
0
0
0
0
0
0
0
0
0
0
0
0
0
0
0
0
0
0
0
0
0
0
0
0
0
0
-2.065
0
0
0
0
0
0
0
0
0
0
0
0
0
0
0
0
0
0
0
4.4338
0
0
0
0
0
0
0
0
0
0
0
0
0
0
0
0
0
0
0
0
0
0
0
0
0
0
0
0
0
0
0
0
0
0
0
0
0
0
0
0
0
0
0
0
0
0
0
0
0
0
0
0
0
0
0
0
0
0
-1.7213
0
0
0
0
0
0
0
0
0
0
0
0
0
0
0
0
0
0
0
0
0
0
0
0
0
0
0
0
0
0
0
0
0
0
0
0
0
0
0
0
0
0
0
0
0
0
0
0
0
0
-2.5072
0
0
0
4.2285
0
0
0
0
0
0
0
0
0
0
0
0
0
0
0
0
0
0
0
0
0
0
0
0
0
0
0
0
0
0
0
0
0
0
0
0
0
0
0
0
0
0
0
0
0
0
0
0
0
0
0
0
0
0
0
0
0
0
0
0
0
0
0
0
0
0
0
0
0
0
0
0
0
0
0
0
0
0
0
0
0
0
0
0
0
-1.8002
0
0
0
0
0
0
-1.4573
0
0
0
0
0
0
0
0
0
0
0
0
0
0
0
0
0
0
0
0
3.2575
0
0
0
0
0
0
0
0
0
0
0
0
0
0
0
0
0
0
0
0
0
0
0
0
0
0
0
0
0
0
0
0
0
0
0
0
0
0
0
-4.4822
0
0
0
0
0
0
0
0
0
0
0
0
0
0
0
0
0
0
0
0
0
0
0
0
0
0
0
0
0
0
0
0
0
0
0
0
0
0
0
0
0
0
0
0
0
0
0
0
0
0
0
0
0
0
0
0
0
0
0
0
0
0
0
0
0
0
0
0
0
0
0
0
0
4.4822
0
0
0
0
0
0
0
0
0
0
0
0
0
0
0
0
0
0
0
0
0
0
0
0
0
0
0
0
0
0
0
0
0
0
0
0
0
0
0
0
0
0
0
0
0
0
0
0
0
0
0
0
0
0
0
0
0
0
0
0
0
0
0
0
0
0
0
0
0
0
0
0
0
0
0
0
0
0
0
0
0
0
0
0
0
0
0
0
0
0
0
0
0
0
0
0
0
-1.4617
0
0
0
0
0
0
0
0
0
0
0
0
0
0
0
1.4617
0
0
0
0
0
0
0
0
0
0
0
0
0
0
0
0
0
0
0
0
0
0
0
0
0
0
0
0
0
0
0
0
0
0
0
0
0
-4.4822
0
0
0
0
0
0
0
0
0
0
0
0
0
0
0
0
0
0
0
0
0
0
0
0
0
0
0
0
0
0
0
0
0
0
0
0
0
0
0
0
0
0
0
0
0
0
0
0
0
0
0
0
0
0
0
0
0
0
0
0
0
0
0
0
0
0
0
0
0
0
0
0
0
0
0
4.4822
0
0
0
0
0
0
0
0
0
0
0
0
0
0
0
0
0
0
0
0
0
0
0
0
0
0
0
0
0
0
0
0
0
0
0
0
0
0
0
0
0
0
0
0
0
0
0
0
0
0
0
0
0
0
0
0
0
0
0
0
0
0
0
0
0
0
0
0
0
0
0
0
0
-1.8105
0
0
0
0
0
0
0
0
0
0
0
0
0
0
0
0
0
0
0
0
0
0
0
0
0
0
0
0
0
0
0
0
0
0
0
0
0
0
0
1.8105
0
0
0
0
0
0
0
0
0
0
0
0
0
0
0
0
0
0
0
0
0
0
0
0
0
0
0
0
0
0
0
0
0
0
0
0
0
0
0
0
0
0
0
0
0
0
0
0
0
0
0
0
0
0
0
0
0
0
0
0
0
0
0
0
0
0
0
0
0
0
0
0
0
0
0
0
0
0
0
0
0
0
0
0
0
0
0
0
0
0
0
0
-0.59885
0
0
0
0
0
0
0
0
0
0
0
0
0
0
0
0
0
0
0
0
0.59885
0
0
0
0
0
0
0
0
0
0
0
0
0
0
0
0
0
0
0
0
0
0
0
0
0
0
0
0
0
0
0
0
0
0
0
0
0
0
0
0
0
0
0
0
0
0
0
0
0
0
0
0
0
0
0
0
0
0
0
0
0
0
0
0
0
0
0
0
0
0
0
-1.8106
0
0
0
0
0
0
0
0
0
0
0
0
0
0
0
0
0
0
0
0
0
0
0
0
0
0
0
0
0
0
0
0
0
0
0
0
0
0
0
0
0
1.8106
0
0
0
0
0
0
0
0
0
0
0
0
0
0
0
0
0
0
0
0
0
-4.7139
0
0
0
0
0
0
0
0
0
0
0
0
0
0
0
0
0
0
0
0
0
0
0
0
0
0
0
0
0
0
0
0
0
0
0
0
0
0
0
0
0
0
0
0
0
0
0
0
0
0
0
0
0
0
0
0
0
0
0
0
0
0
0
0
0
0
0
0
0
0
0
0
0
0
0
0
0
0
0
0
0
0
0
0
0
0
0
0
0
0
0
4.7139
0
0
0
0
0
0
0
0
0
0
0
0
0
0
0
0
0
0
0
0
0
0
0
0
0
0
0
0
0
0
0
0
0
0
0
0
0
0
0
0
0
0
0
0
0
0
0
0
0
0
0
0
0
0
0
0
-2.5892
0
0
0
0
0
0
0
0
0
0
0
0
0
0
0
0
0
0
0
0
0
0
0
0
0
0
0
0
0
0
0
0
0
0
0
0
0
0
0
0
0
0
0
0
0
0
0
0
0
0
0
0
0
0
0
0
2.5892
0
0
0
0
0
0
0
0
0
0
0
0
0
0
0
0
0
0
0
0
0
0
0
0
0
0
0
0
0
0
0
0
0
0
0
0
0
0
0
0
0
0
0
0
0
0
0
0
0
0
0
0
0
0
0
0
0
0
0
0
0
0
0
0
0
0
0
0
0
0
0
0
0
0
0
0
0
0
0
0
0
0
0
0
0
0
-2.2116
0
0
0
0
0
0
0
0
0
0
0
0
0
0
0
0
0
0
0
0
0
0
0
0
0
0
2.2116
0
0
0
0
0
0
0
0
0
0
0
0
0
0
0
0
0
0
0
0
0
0
0
0
0
0
0
0
0
0
0
0
0
0
0
0
0
0
0
0
0
0
0
0
0
0
0
0
0
0
0
0
0
0
0
0
0
0
0
0
0
0
0
0
0
0
0
0
0
0
0
0
0
0
0
0
0
0
0
0
0
0
0
0
0
0
0
0
-1.1675
0
0
0
0
0
0
0
0
0
0
0
0
0
0
0
0
0
0
0
0
0
0
0
0
1.1675
0
0
0
0
0
0
0
0
0
0
0
0
0
0
0
0
0
0
0
0
0
0
0
0
0
0
0
0
0
0
0
0
0
0
0
0
0
0
0
0
0
0
0
0
0
0
0
0
0
0
0
0
0
0
0
0
0
0
0
0
0
0
0
0
0
0
0
0
0
0
0
0
0
0
0
0
0
-0.32971
0
0
0
0
0
0
0
0
0
0
0
0
0
0
0
0
0
0
0
0
0
0
0
0
0
0
0
0
0
0
0
0
0
0
0
0.32971
0
0
0
0
0
0
0
0
0
0
0
0
0
0
0
0
0
0
0
0
0
0
0
0
0
0
0
0
0
0
0
0
0
0
0
0
0
0
0
0
0
0
0
0
0
0
0
0
0
0
0
0
0
-2.243
0
0
0
0
0
0
0
0
0
0
0
0
0
0
0
0
0
0
0
0
0
0
0
0
0
0
0
0
0
0
0
0
0
0
0
0
0
0
0
0
0
0
0
0
0
0
0
0
0
0
0
0
0
0
0
0
0
0
0
2.243
0
0
0
0
0
0
0
0
0
0
0
0
0
0
0
0
0
0
0
0
0
0
0
0
0
0
0
0
0
0
0
0
0
0
0
0
0
0
0
0
0
0
0
0
0
0
0
0
0
0
0
0
0
0
0
0
0
0
0
0
0
0
0
0
0
0
0
0
0
0
0
0
0
0
0
0
0
0
0
0
-2.2277
0
0
0
0
0
0
0
0
0
0
0
0
0
0
0
0
0
0
0
0
0
0
0
0
0
0
0
0
0
0
0
0
2.2277
0
0
0
0
0
0
0
0
0
0
0
0
0
0
0
0
0
0
0
0
0
0
0
0
0
0
0
0
0
0
0
-4.265
0
0
0
0
0
0
0
0
0
0
0
0
0
0
0
0
0
0
0
0
0
0
0
0
0
0
0
0
0
0
0
0
0
0
0
0
0
0
0
0
0
0
0
0
0
0
0
0
0
0
0
0
0
0
0
0
0
0
0
0
0
0
0
0
0
0
0
0
0
0
0
0
0
0
0
0
0
0
0
0
0
4.265
0
0
0
0
0
0
0
0
0
0
0
0
-4.8658
0
0
0
0
0
0
0
0
0
0
0
0
0
0
0
0
0
0
0
0
0
0
0
0
0
0
0
0
0
0
0
0
0
0
0
0
0
0
0
0
0
0
0
0
0
0
0
0
0
0
0
0
0
0
0
0
0
0
0
0
0
0
0
0
0
0
0
0
0
0
0
0
0
0
0
0
0
0
0
0
0
0
0
0
0
0
0
0
0
0
0
0
0
0
0
0
0
0
0
0
4.8658
0
0
0
0
0
0
0
0
0
0
0
0
0
0
-4.5369
0
0
0
0
0
0
0
0
0
0
0
0
0
0
0
0
0
0
0
0
0
0
0
0
0
0
0
0
0
0
0
0
0
0
0
0
0
0
0
0
0
0
0
0
0
0
0
0
0
0
0
0
0
0
0
0
0
0
0
0
0
0
0
0
0
0
0
0
0
0
0
0
0
0
0
0
0
0
0
0
0
0
0
0
0
0
0
0
0
0
0
0
0
0
0
0
0
0
4.5369
0
0
0
0
0
0
0
0
0
0
0
0
0
0
0
0
0
0
0
0
0
0
0
0
0
-3.9267
0
0
0
0
0
0
0
0
0
0
0
0
0
0
0
0
0
0
0
0
0
0
0
0
0
0
0
0
0
0
0
0
0
0
0
0
0
0
0
0
0
0
0
0
0
0
0
0
0
0
0
0
0
0
0
0
0
0
0
0
0
0
0
0
0
0
0
0
0
0
0
0
0
0
0
0
0
0
0
0
0
0
0
0
0
0
0
3.9267
0
0
0
0
0
0
0
0
0
0
0
0
0
0
0
0
0
0
0
0
0
0
0
0
0
0
0
0
0
0
0
0
0
0
0
0
0
0
0
0
0
0
0
0
0
0
0
0
0
0
0
0
0
0
0
0
0
0
0
0
0
0
0
0
-1.5957
0
0
0
0
0
0
0
0
0
0
0
0
0
0
0
0
0
0
0
0
0
0
0
0
0
0
0
0
0
0
0
0
0
0
0
0
0
0
0
0
0
0
0
0
0
0
0
0
1.5957
0
0
0
0
0
0
0
0
0
0
0
0
0
0
0
0
0
0
0
0
0
0
0
0
0
0
0
0
0
0
0
0
0
0
0
0
0
0
0
0
0
0
0
0
0
0
0
0
0
0
0
0
0
0
0
0
0
0
0
0
0
0
0
0
0
0
0
0
0
0
0
0
0
-1.948
0
0
0
0
0
0
0
0
0
0
0
0
0
0
0
0
0
0
0
0
0
0
0
0
0
0
0
0
0
0
0
0
0
0
0
0
0
0
0
1.948
0
0
0
0
0
0
0
0
0
0
0
0
0
0
0
0
0
0
0
0
0
0
0
0
0
0
0
0
0
0
0
0
0
0
0
0
0
0
0
0
0
0
0
0
0
0
-2.2431
0
0
0
0
0
0
0
0
0
0
0
0
0
0
0
0
0
0
0
0
0
0
0
0
0
0
0
0
0
0
0
0
0
0
0
0
0
0
0
0
0
0
0
0
0
0
0
0
0
0
0
0
0
0
0
0
0
0
0
0
0
0
0
0
0
0
2.2431
0
0
0
0
0
0
0
0
0
0
0
0
0
0
0
0
0
0
0
0
0
0
-4.0251
0
0
0
0
0
0
0
0
0
0
0
0
0
0
0
0
0
0
0
0
0
0
0
0
0
0
0
0
0
0
0
0
0
0
0
0
0
0
0
0
0
0
0
0
0
0
0
0
0
0
0
0
0
0
0
0
0
0
0
0
0
0
0
0
0
0
0
0
0
0
0
0
0
0
0
0
0
0
0
0
0
0
0
0
0
0
0
0
0
0
4.0251
0
0
0
0
0
0
0
0
0
0
0
0
0
0
0
0
0
0
0
0
0
0
0
-4.265
0
0
0
0
0
0
0
0
0
0
0
0
0
0
0
0
0
0
0
0
0
0
0
0
0
0
0
0
0
0
0
0
0
0
0
0
0
0
0
0
0
0
0
0
0
0
0
0
0
0
0
0
0
0
0
0
0
0
0
0
0
0
0
0
0
0
0
0
0
0
0
0
0
0
0
0
0
0
0
0
0
0
0
0
0
0
0
0
0
4.265
0
0
0
0
0
0
0
0
0
-4.3322
0
0
0
0
0
0
0
0
0
0
0
0
0
0
0
0
0
0
0
0
0
0
0
0
0
0
0
0
0
0
0
0
0
0
0
0
0
0
0
0
0
0
0
0
0
0
0
0
0
0
0
0
0
0
0
0
0
0
0
0
0
0
0
0
0
0
0
0
0
0
0
0
0
0
0
0
0
0
0
0
0
0
0
0
0
0
0
0
0
0
0
0
0
0
0
0
0
0
0
0
0
0
0
4.3322
0
0
0
0
0
0
0
0
0
0
0
0
-4.2405
0
0
0
0
0
0
0
0
0
0
0
0
0
0
0
0
0
0
0
0
0
0
0
0
0
0
0
0
0
0
0
0
0
0
0
0
0
0
0
0
0
0
0
0
0
0
0
0
0
0
0
0
0
0
0
0
0
0
0
0
0
0
0
0
0
0
0
0
0
0
0
0
0
0
0
0
0
0
0
0
0
0
0
0
0
0
0
0
0
0
0
0
0
0
0
0
0
0
0
0
4.2405
0
0
0
0
0
0
0
0
0
0
0
0
0
0
0
0
0
0
0
0
0
-3.313
0
0
0
0
0
0
0
0
0
0
0
0
0
0
0
0
0
0
0
0
0
0
0
0
0
0
0
0
0
0
0
0
0
0
0
0
0
0
0
0
0
0
0
0
0
0
0
0
0
0
0
0
0
0
0
0
0
0
0
0
0
0
0
0
0
0
0
0
0
0
0
0
0
0
0
0
0
0
0
0
0
0
0
0
0
0
0
0
0
0
0
3.313
0
0
0
0
0
0
0
0
0
0
0
0
0
0
0
0
0
0
0
0
0
0
0
0
0
-3.6283
0
0
0
0
0
0
0
0
0
0
0
0
0
0
0
0
0
0
0
0
0
0
0
0
0
0
0
0
0
0
0
0
0
0
0
0
0
0
0
0
0
0
0
0
0
0
0
0
0
0
0
0
0
0
0
0
0
0
0
0
0
0
0
0
0
0
0
0
0
0
0
0
0
0
0
0
0
0
0
0
0
0
0
0
0
0
0
3.6283
