76.119
-0.95641
-0.95696
-0.95308
-0.9584
-0.95323
-0.95459
-0.95323
-0.95839
-0.94889
-0.95201
-0.95035
-0.95202
-0.95279
-0.95248
-0.94716
-0.94716
-0.94381
-0.95313
-0.94381
-0.94381
-0.94381
-0.94382
-0.94903
-0.94599
-0.94822
-0.94687
-0.94847
-0.95639
-0.94848
-0.94838
-0.94936
-0.94903
-0.94917
-0.94578
-0.94577
-0.94576
-0.94917
-0.94688
-0.94178
-0.9487
-0.94179
-0.94178
-0.93957
-0.93959
-0.94184
-0.94398
-0.94312
-0.94611
-0.94661
-0.94812
-0.94713
-0.94424
-0.94542
-0.94543
-0.94306
-0.94747
-0.95733
-0.94464
-0.94692
-0.95439
-0.9457
-0.95155
-0.94066
-0.95966
-1.0954
-1.1087
0
0
0
0
0
0
0
0
-1.2582
0
0
-1.8296
0
0
0
0
0
0
0
0
0
0
0
0
0
0
0
0
-5.0692
0
0
0
0
0
0
0
0
0
0
0
0
0
0
-5.0692
0
0
0
0
0
0
0
0
0
0
0
0
-0.95641
72.3943
-0.95358
-0.95037
-0.95534
-0.95051
-0.95207
-0.9505
-0.95563
-0.94625
-0.94938
-0.94765
-0.94939
-0.9502
-0.94995
-0.94448
-0.94449
-0.94116
-0.95072
-0.94116
-0.94115
-0.94116
-0.94114
-0.94663
-0.94333
-0.94556
-0.94417
-0.94581
-0.95422
-0.94581
-0.94537
-0.94745
-0.94707
-0.94655
-0.94311
-0.9431
-0.94311
-0.94674
-0.94428
-0.93914
-0.94628
-0.93916
-0.93915
-0.93695
-0.93694
-0.93923
-0.94133
-0.94107
-0.94345
-0.94418
-0.94569
-0.94445
-0.94158
-0.94297
-0.94299
-0.94039
-0.94481
-0.95439
-0.94243
-0.94441
-0.95156
-0.94288
-0.94867
-0.93779
-0.95648
-1.091
-1.1037
0
0
0
0
0
0
0
0
-1.2455
0
0
-1.8258
0
-1.4354
0
0
0
0
0
0
0
0
0
0
0
0
0
0
0
0
0
0
0
0
0
0
0
0
0
0
0
0
0
0
0
0
0
0
0
-5.1695
0
0
0
0
0
0
-0.95696
-0.95358
69.9352
-0.95015
-0.95499
-0.95024
-0.95183
-0.95024
-0.95535
-0.94601
-0.94908
-0.94738
-0.9491
-0.94993
-0.94968
-0.94423
-0.94424
-0.9409
-0.95041
-0.94089
-0.94089
-0.94089
-0.94089
-0.94634
-0.94305
-0.9453
-0.94396
-0.94555
-0.95394
-0.94555
-0.94543
-0.94715
-0.94675
-0.94648
-0.94285
-0.94285
-0.94285
-0.94644
-0.94411
-0.93889
-0.94598
-0.93888
-0.9389
-0.93668
-0.93668
-0.93908
-0.94107
-0.94071
-0.94318
-0.94389
-0.94539
-0.94419
-0.94132
-0.94268
-0.94267
-0.94012
-0.94456
-0.95422
-0.94191
-0.94404
-0.95127
-0.9426
-0.94839
-0.93751
-0.95619
-1.0907
-1.1034
0
0
0
0
0
-0.85526
0
0
-1.2452
0
0
0
0
0
0
0
0
0
0
0
0
0
0
0
0
0
0
0
0
0
0
0
0
0
0
0
0
0
0
-5.1331
0
0
0
0
0
0
0
0
0
0
0
0
0
0
0
0
-0.95308
-0.95037
-0.95015
65.442
-0.95239
-0.94822
-0.95023
-0.94822
-0.95318
-0.94407
-0.94696
-0.94541
-0.94696
-0.94794
-0.94771
-0.94224
-0.94224
-0.93891
-0.94837
-0.93891
-0.93891
-0.9389
-0.93892
-0.94437
-0.94107
-0.94331
-0.94185
-0.94357
-0.9536
-0.94358
-0.94326
-0.9453
-0.94484
-0.94435
-0.94086
-0.94087
-0.94086
-0.94454
-0.94121
-0.93692
-0.94411
-0.93693
-0.93692
-0.93473
-0.93472
-0.93712
-0.9391
-0.93905
-0.94122
-0.94205
-0.94355
-0.94221
-0.93933
-0.94086
-0.94086
-0.93815
-0.94251
-0.95173
-0.94068
-0.94232
-0.94928
-0.94062
-0.9464
-0.93554
-0.95419
-1.0884
-1.1009
0
0
0
0
0
0
0
0
0
0
0
0
0
0
0
0
-2.8718
0
0
0
0
0
0
0
0
0
0
0
0
0
0
0
0
0
0
0
0
0
0
0
0
0
0
0
0
0
0
0
0
0
0
0
0
0
0
0
-0.9584
-0.95534
-0.95499
-0.95239
67.7205
-0.9524
-0.95404
-0.9524
-0.95748
-0.94819
-0.95133
-0.94955
-0.95135
-0.95223
-0.95186
-0.94637
-0.94637
-0.94302
-0.95256
-0.94302
-0.94303
-0.94303
-0.94302
-0.94847
-0.9452
-0.94743
-0.94612
-0.94769
-0.95639
-0.9477
-0.94758
-0.94945
-0.9491
-0.94845
-0.94498
-0.94499
-0.94499
-0.9486
-0.94629
-0.94102
-0.94815
-0.94102
-0.94102
-0.93881
-0.93881
-0.94123
-0.94321
-0.94288
-0.94534
-0.94603
-0.94755
-0.94635
-0.94345
-0.94481
-0.94483
-0.94226
-0.94671
-0.95637
-0.9441
-0.9462
-0.95345
-0.94474
-0.95055
-0.93964
-0.95838
-1.0933
-1.106
0
0
0
0
0
0
0
0
0
0
0
0
0
0
0
0
0
0
0
0
0
0
0
0
0
0
-4.8785
0
0
0
0
0
0
0
0
0
0
0
0
0
0
0
0
0
0
0
0
0
0
0
0
0
0
0
0
0
-0.95323
-0.95051
-0.95024
-0.94822
-0.9524
62.582
-0.95017
-0.94874
-0.95315
-0.94432
-0.94687
-0.94563
-0.94688
-0.94768
-0.94822
-0.94236
-0.94236
-0.93903
-0.94896
-0.93903
-0.93904
-0.93904
-0.93903
-0.94479
-0.94123
-0.94348
-0.94213
-0.94375
-0.95169
-0.94375
-0.94353
-0.94647
-0.94588
-0.94456
-0.94105
-0.94106
-0.94106
-0.94478
-0.94243
-0.93711
-0.94436
-0.93711
-0.93711
-0.93491
-0.93491
-0.93744
-0.93929
-0.93935
-0.94141
-0.94227
-0.94377
-0.94241
-0.93956
-0.94106
-0.94105
-0.93835
-0.94276
-0.95203
-0.9406
-0.94245
-0.94944
-0.94078
-0.94655
-0.93569
-0.95428
-1.0884
-1.1008
0
0
0
0
0
0
0
0
0
0
0
0
0
0
0
0
0
0
0
0
0
0
0
0
0
0
0
0
0
0
0
0
0
0
0
0
0
0
0
0
0
0
0
0
0
0
0
0
0
0
0
0
0
0
0
0
-0.95459
-0.95207
-0.95183
-0.95023
-0.95404
-0.95017
65.7079
-0.95016
-0.95452
-0.94578
-0.94848
-0.94728
-0.94849
-0.94939
-0.95042
-0.94397
-0.94398
-0.94064
-0.95013
-0.94063
-0.94064
-0.94064
-0.94064
-0.94608
-0.94281
-0.94505
-0.94514
-0.94532
-0.95372
-0.94532
-0.94659
-0.94706
-0.9465
-0.94607
-0.94261
-0.9426
-0.94261
-0.94609
-0.94387
-0.93864
-0.9457
-0.93866
-0.93864
-0.93647
-0.93646
-0.9383
-0.94085
-0.94046
-0.94297
-0.94372
-0.94526
-0.94397
-0.94111
-0.94258
-0.94257
-0.93993
-0.9433
-0.95362
-0.9421
-0.94399
-0.95105
-0.94237
-0.94816
-0.93727
-0.95589
0
0
0
-1.7732
0
0
0
0
0
0
0
0
0
0
0
0
-3.4446
0
0
0
0
0
0
0
0
0
0
0
0
0
0
0
0
0
0
0
0
0
0
0
0
0
0
0
0
0
0
0
0
0
0
0
0
0
0
0
0
0
-0.95323
-0.9505
-0.95024
-0.94822
-0.9524
-0.94874
-0.95016
62.582
-0.95316
-0.94433
-0.94687
-0.94563
-0.94687
-0.94768
-0.94823
-0.94236
-0.94235
-0.93904
-0.94896
-0.93904
-0.93903
-0.93904
-0.93904
-0.94478
-0.94122
-0.94348
-0.94214
-0.94376
-0.95169
-0.94374
-0.94353
-0.94647
-0.94588
-0.94455
-0.94106
-0.94106
-0.94106
-0.94478
-0.94244
-0.93711
-0.94436
-0.9371
-0.93711
-0.93491
-0.93491
-0.93745
-0.9393
-0.93936
-0.94141
-0.94226
-0.94377
-0.9424
-0.93955
-0.94106
-0.94105
-0.93836
-0.94275
-0.95203
-0.9406
-0.94243
-0.94945
-0.94079
-0.94656
-0.93569
-0.95427
-1.0884
-1.1007
0
0
0
0
0
0
0
0
0
0
0
0
0
0
0
0
0
0
0
0
0
0
0
0
0
0
0
0
0
0
0
0
0
0
0
0
0
0
0
0
0
0
0
0
0
0
0
0
0
0
0
0
0
0
0
0
-0.95839
-0.95563
-0.95535
-0.95318
-0.95748
-0.95315
-0.95452
-0.95316
66.7631
-0.94864
-0.95165
-0.95019
-0.95166
-0.95291
-0.9522
-0.94685
-0.94685
-0.94343
-0.95281
-0.94343
-0.94345
-0.94344
-0.94343
-0.94873
-0.94562
-0.94786
-0.94634
-0.94811
-0.95631
-0.94811
-0.94791
-0.94907
-0.94903
-0.94884
-0.94541
-0.94542
-0.94542
-0.94888
-0.94657
-0.94143
-0.94845
-0.94143
-0.94143
-0.93923
-0.93922
-0.94155
-0.94363
-0.94305
-0.94577
-0.94637
-0.94789
-0.94677
-0.94389
-0.94516
-0.94516
-0.9427
-0.94707
-0.95676
-0.94446
-0.94667
-0.95405
-0.94534
-0.95119
-0.94029
0
0
0
0
0
0
0
-1.0555
0
0
-1.2948
0
0
0
0
0
0
0
0
0
0
0
0
0
0
0
0
0
0
0
0
0
0
0
0
0
0
0
0
0
0
0
0
0
0
0
0
0
0
0
0
0
0
0
-4.7045
0
0
0
0
-0.94889
-0.94625
-0.94601
-0.94407
-0.94819
-0.94432
-0.94578
-0.94433
-0.94864
61.1042
-0.9425
-0.94107
-0.9425
-0.94334
-0.94352
-0.93769
-0.93769
-0.93452
-0.94437
-0.93451
-0.93451
-0.93451
-0.93452
-0.94003
-0.93671
-0.93898
-0.93756
-0.93925
-0.94759
-0.93924
-0.93893
-0.94209
-0.94125
-0.94002
-0.93656
-0.93658
-0.93659
-0.94018
-0.93792
-0.93265
-0.93976
-0.93265
-0.93265
-0.93046
-0.93046
-0.93292
-0.93481
-0.93473
-0.93693
-0.9377
-0.93921
-0.93792
-0.93507
-0.93652
-0.93653
-0.93389
-0.93823
-0.94742
-0.9361
-0.93796
-0.94499
-0.93637
-0.94212
-0.93132
-0.94989
0
0
0
0
0
0
0
0
0
0
0
0
0
0
-0.99378
0
0
0
0
0
0
0
0
0
0
0
0
0
0
0
0
0
0
0
0
0
0
0
0
0
0
0
0
0
0
0
0
0
0
0
0
0
0
0
0
0
0
0
-0.95201
-0.94938
-0.94908
-0.94696
-0.95133
-0.94687
-0.94848
-0.94687
-0.95165
-0.9425
64.1619
-0.94401
-0.94502
-0.94598
-0.94601
-0.94068
-0.94068
-0.93735
-0.94644
-0.93734
-0.93734
-0.93735
-0.93734
-0.94248
-0.93947
-0.94171
-0.94028
-0.94197
-0.94996
-0.94197
-0.9417
-0.94271
-0.94229
-0.94272
-0.93927
-0.93928
-0.93928
-0.94269
-0.94046
-0.93533
-0.9423
-0.93533
-0.93533
-0.93313
-0.93313
-0.93552
-0.93751
-0.93692
-0.93963
-0.94023
-0.94172
-0.94063
-0.93778
-0.93904
-0.93904
-0.93659
-0.94086
-0.95027
-0.9384
-0.94055
-0.94787
-0.93923
-0.94503
-0.93422
-0.95313
0
0
0
0
0
0
0
0
0
0
0
0
0
0
0
0
0
0
0
0
0
0
0
-3.8842
0
0
0
0
0
0
0
0
0
0
0
0
0
0
0
0
0
0
0
0
0
0
0
0
0
0
0
0
0
0
0
0
0
0
-0.95035
-0.94765
-0.94738
-0.94541
-0.94955
-0.94563
-0.94728
-0.94563
-0.95019
-0.94107
-0.94401
61.2885
-0.94403
-0.94488
-0.94509
-0.93917
-0.93919
-0.93596
-0.94592
-0.93595
-0.93595
-0.93595
-0.93596
-0.94163
-0.93817
-0.94043
-0.93906
-0.94072
-0.94912
-0.94071
-0.94044
-0.94373
-0.94296
-0.94152
-0.93804
-0.93803
-0.93804
-0.9417
-0.9394
-0.93411
-0.94127
-0.9341
-0.9341
-0.93191
-0.9319
-0.93441
-0.93627
-0.93628
-0.93839
-0.9392
-0.94072
-0.93938
-0.93652
-0.93801
-0.93801
-0.93534
-0.93972
-0.94895
-0.9376
-0.93944
-0.94643
-0.93779
-0.94355
-0.93273
-0.95127
-1.0852
0
0
0
0
0
0
0
0
0
0
0
0
0
0
0
0
0
0
0
0
0
0
0
0
0
0
0
0
0
0
0
0
0
0
0
0
0
0
0
0
0
0
0
0
0
0
0
0
0
0
0
0
0
0
0
0
0
-0.95202
-0.94939
-0.9491
-0.94696
-0.95135
-0.94688
-0.94849
-0.94687
-0.95166
-0.9425
-0.94502
-0.94403
64.1653
-0.946
-0.94603
-0.94068
-0.94068
-0.93735
-0.94645
-0.93734
-0.93735
-0.93734
-0.93734
-0.9425
-0.93949
-0.94171
-0.94029
-0.94198
-0.94997
-0.94198
-0.94172
-0.94272
-0.94231
-0.94272
-0.93929
-0.93928
-0.9393
-0.94269
-0.94047
-0.93534
-0.94232
-0.93535
-0.93535
-0.93315
-0.93314
-0.93554
-0.93752
-0.93692
-0.93964
-0.94023
-0.94175
-0.94064
-0.93779
-0.93904
-0.93906
-0.9366
-0.94088
-0.95027
-0.93842
-0.94056
-0.94789
-0.93923
-0.94506
-0.93423
-0.95314
0
0
0
0
0
0
0
0
0
0
0
0
0
0
0
0
0
0
0
0
0
0
0
0
0
0
0
0
0
0
0
0
-3.887
0
0
0
0
0
0
0
0
0
0
0
0
0
0
0
0
0
0
0
0
0
0
0
0
0
-0.95279
-0.9502
-0.94993
-0.94794
-0.95223
-0.94768
-0.94939
-0.94768
-0.95291
-0.94334
-0.94598
-0.94488
-0.946
64.5052
-0.94682
-0.94155
-0.94155
-0.93818
-0.94725
-0.93817
-0.93817
-0.93818
-0.93818
-0.94328
-0.94031
-0.94255
-0.94109
-0.94281
-0.95068
-0.94281
-0.94251
-0.94316
-0.94307
-0.94353
-0.94011
-0.94012
-0.94011
-0.94346
-0.94125
-0.93617
-0.94307
-0.93617
-0.93616
-0.93397
-0.93398
-0.93631
-0.93834
-0.93763
-0.94046
-0.94102
-0.94253
-0.94148
-0.93861
-0.93984
-0.93984
-0.93743
-0.94171
-0.95123
-0.9392
-0.94139
-0.94876
-0.94012
-0.94594
-0.93511
0
0
0
0
0
0
0
-1.0514
0
0
0
0
0
0
0
0
0
0
0
0
0
0
0
0
0
0
0
0
0
0
0
0
0
0
0
0
0
0
0
0
0
-4.0775
0
0
0
0
0
0
0
0
0
0
0
0
0
0
0
0
0
-0.95248
-0.94995
-0.94968
-0.94771
-0.95186
-0.94822
-0.95042
-0.94823
-0.9522
-0.94352
-0.94601
-0.94509
-0.94603
-0.94682
61.7434
-0.94156
-0.94155
-0.93818
-0.94816
-0.93817
-0.93817
-0.93818
-0.93818
-0.94388
-0.94039
-0.94266
-0.93982
-0.94293
-0.95077
-0.94294
-0.94119
-0.94582
-0.94504
-0.94371
-0.94026
-0.94026
-0.94025
-0.94379
-0.94152
-0.93627
-0.94337
-0.93627
-0.93628
-0.93407
-0.93408
-0.93633
-0.93845
-0.93826
-0.94057
-0.94137
-0.94287
-0.94157
-0.93872
-0.94018
-0.94018
-0.93753
-0.94229
-0.95259
-0.93982
-0.94177
-0.94884
-0.94018
-0.94597
-0.93513
0
0
0
0
0
0
0
0
0
0
0
0
-2.3548
0
0
0
0
0
0
0
0
0
0
0
0
0
0
0
0
0
0
0
0
0
0
0
0
0
0
0
0
0
0
0
0
0
0
0
0
0
0
0
0
0
0
0
0
0
0
-0.94716
-0.94448
-0.94423
-0.94224
-0.94637
-0.94236
-0.94397
-0.94236
-0.94685
-0.93769
-0.94068
-0.93917
-0.94068
-0.94155
-0.94156
59.996
-0.93598
-0.93279
-0.94238
-0.93279
-0.93278
-0.93279
-0.93279
-0.9381
-0.93494
-0.9372
-0.93579
-0.93747
-0.94593
-0.93747
-0.93715
-0.93986
-0.93905
-0.93825
-0.93479
-0.93479
-0.9348
-0.93836
-0.93611
-0.93086
-0.93796
-0.93086
-0.93087
-0.92868
-0.92866
-0.93115
-0.93302
-0.93296
-0.93513
-0.93592
-0.93741
-0.93611
-0.93328
-0.93473
-0.93474
-0.93209
-0.93641
-0.94558
-0.93432
-0.93615
-0.94313
-0.93452
-0.94025
-0.92946
-0.94797
0
0
0
0
0
0
0
0
0
0
0
0
0
0
0
0
0
0
0
0
0
0
0
0
0
0
0
0
0
0
0
0
0
0
0
0
0
0
0
0
0
0
0
0
0
0
0
0
0
0
0
0
0
0
0
0
0
0
-0.94716
-0.94449
-0.94424
-0.94224
-0.94637
-0.94236
-0.94398
-0.94235
-0.94685
-0.93769
-0.94068
-0.93919
-0.94068
-0.94155
-0.94155
-0.93598
59.996
-0.93279
-0.94237
-0.93278
-0.93278
-0.93278
-0.93279
-0.9381
-0.93494
-0.9372
-0.93579
-0.93748
-0.94593
-0.93748
-0.93715
-0.93986
-0.93906
-0.93826
-0.9348
-0.9348
-0.9348
-0.93837
-0.9361
-0.93085
-0.93796
-0.93086
-0.93086
-0.92867
-0.92867
-0.93114
-0.93303
-0.93296
-0.93513
-0.93591
-0.93742
-0.93613
-0.93328
-0.93473
-0.93474
-0.9321
-0.93641
-0.94557
-0.93432
-0.93614
-0.94313
-0.93452
-0.94026
-0.92946
-0.94796
0
0
0
0
0
0
0
0
0
0
0
0
0
0
0
0
0
0
0
0
0
0
0
0
0
0
0
0
0
0
0
0
0
0
0
0
0
0
0
0
0
0
0
0
0
0
0
0
0
0
0
0
0
0
0
0
0
0
-0.94381
-0.94116
-0.9409
-0.93891
-0.94302
-0.93903
-0.94064
-0.93904
-0.94343
-0.93452
-0.93735
-0.93596
-0.93735
-0.93818
-0.93818
-0.93279
-0.93279
58.8372
-0.93899
-0.92922
-0.92922
-0.92922
-0.92922
-0.9349
-0.93154
-0.93379
-0.93221
-0.93407
-0.94263
-0.93408
-0.93355
-0.9366
-0.93589
-0.93483
-0.93139
-0.93139
-0.93139
-0.93482
-0.93265
-0.92748
-0.93447
-0.92748
-0.92748
-0.92529
-0.92529
-0.92771
-0.92961
-0.92946
-0.9317
-0.93245
-0.93394
-0.93268
-0.92985
-0.93129
-0.93128
-0.92867
-0.93296
-0.94206
-0.93091
-0.93272
-0.93968
-0.93112
-0.93683
-0.92609
0
0
0
0
0
0
0
0
0
0
0
0
0
0
0
0
0
0
0
0
0
0
0
0
0
0
0
0
0
0
0
0
0
0
0
0
0
0
0
0
0
0
0
0
0
0
0
0
0
0
0
0
0
0
0
0
0
0
0
-0.95313
-0.95072
-0.95041
-0.94837
-0.95256
-0.94896
-0.95013
-0.94896
-0.95281
-0.94437
-0.94644
-0.94592
-0.94645
-0.94725
-0.94816
-0.94238
-0.94237
-0.93899
61.6762
-0.93898
-0.93898
-0.93898
-0.93898
-0.94448
-0.94108
-0.94335
-0.94199
-0.94361
-0.95075
-0.94362
-0.94341
-0.94599
-0.94509
-0.9444
-0.94094
-0.94093
-0.94095
-0.94449
-0.94222
-0.93698
-0.94408
-0.93699
-0.93699
-0.93479
-0.93479
-0.93725
-0.93917
-0.93879
-0.9413
-0.94198
-0.94348
-0.94231
-0.93945
-0.94077
-0.94078
-0.93825
-0.94265
-0.952
-0.94018
-0.94229
-0.94955
-0.94089
-0.9467
0
0
0
0
0
0
0
0
0
0
0
0
0
0
0
0
0
0
0
0
0
0
0
0
0
0
0
0
0
0
0
0
0
0
0
0
0
0
0
0
0
0
0
0
0
0
0
0
0
-3.1822
0
0
0
0
0
0
0
0
0
0
-0.94381
-0.94116
-0.94089
-0.93891
-0.94302
-0.93903
-0.94063
-0.93904
-0.94343
-0.93451
-0.93734
-0.93595
-0.93734
-0.93817
-0.93817
-0.93279
-0.93278
-0.92922
-0.93898
58.8368
-0.92921
-0.92922
-0.92922
-0.93489
-0.93153
-0.93378
-0.93221
-0.93408
-0.94263
-0.93408
-0.93354
-0.93658
-0.93587
-0.93481
-0.93138
-0.93139
-0.93138
-0.93481
-0.93264
-0.92748
-0.93445
-0.92748
-0.92748
-0.92529
-0.92529
-0.9277
-0.92961
-0.92946
-0.9317
-0.93246
-0.93395
-0.93268
-0.92984
-0.93128
-0.93128
-0.92867
-0.93295
-0.94206
-0.93091
-0.93271
-0.93968
-0.93111
-0.93682
-0.92608
0
0
0
0
0
0
0
0
0
0
0
0
0
0
0
0
0
0
0
0
0
0
0
0
0
0
0
0
0
0
0
0
0
0
0
0
0
0
0
0
0
0
0
0
0
0
0
0
0
0
0
0
0
0
0
0
0
0
0
-0.94381
-0.94115
-0.94089
-0.93891
-0.94303
-0.93904
-0.94064
-0.93903
-0.94345
-0.93451
-0.93734
-0.93595
-0.93735
-0.93817
-0.93817
-0.93278
-0.93278
-0.92922
-0.93898
-0.92921
58.8368
-0.92922
-0.92921
-0.9349
-0.93152
-0.93379
-0.9322
-0.93406
-0.94264
-0.93406
-0.93355
-0.93661
-0.93589
-0.93481
-0.93138
-0.93138
-0.93138
-0.9348
-0.93265
-0.92747
-0.93445
-0.92748
-0.92747
-0.92529
-0.92529
-0.92771
-0.92961
-0.92947
-0.93169
-0.93244
-0.93393
-0.93267
-0.92985
-0.93128
-0.93127
-0.92866
-0.93295
-0.94205
-0.93089
-0.93271
-0.93967
-0.93111
-0.93683
-0.92609
0
0
0
0
0
0
0
0
0
0
0
0
0
0
0
0
0
0
0
0
0
0
0
0
0
0
0
0
0
0
0
0
0
0
0
0
0
0
0
0
0
0
0
0
0
0
0
0
0
0
0
0
0
0
0
0
0
0
0
-0.94381
-0.94116
-0.94089
-0.9389
-0.94303
-0.93904
-0.94064
-0.93904
-0.94344
-0.93451
-0.93735
-0.93595
-0.93734
-0.93818
-0.93818
-0.93279
-0.93278
-0.92922
-0.93898
-0.92922
-0.92922
58.8369
-0.92922
-0.9349
-0.93152
-0.93378
-0.93221
-0.93407
-0.94262
-0.93407
-0.93356
-0.9366
-0.93588
-0.93481
-0.93139
-0.93138
-0.93139
-0.93481
-0.93266
-0.92748
-0.93446
-0.92746
-0.92747
-0.92528
-0.92529
-0.92771
-0.92961
-0.92946
-0.93169
-0.93246
-0.93394
-0.93268
-0.92985
-0.93127
-0.93128
-0.92867
-0.93295
-0.94207
-0.9309
-0.93272
-0.93968
-0.93112
-0.93682
-0.92609
0
0
0
0
0
0
0
0
0
0
0
0
0
0
0
0
0
0
0
0
0
0
0
0
0
0
0
0
0
0
0
0
0
0
0
0
0
0
0
0
0
0
0
0
0
0
0
0
0
0
0
0
0
0
0
0
0
0
0
-0.94382
-0.94114
-0.94089
-0.93892
-0.94302
-0.93903
-0.94064
-0.93904
-0.94343
-0.93452
-0.93734
-0.93596
-0.93734
-0.93818
-0.93818
-0.93279
-0.93279
-0.92922
-0.93898
-0.92922
-0.92921
-0.92922
58.837
-0.93488
-0.93153
-0.93379
-0.9322
-0.93407
-0.94263
-0.93407
-0.93355
-0.93661
-0.93589
-0.93482
-0.93139
-0.93139
-0.93139
-0.93481
-0.93264
-0.92748
-0.93446
-0.92748
-0.92748
-0.92529
-0.92529
-0.92771
-0.92961
-0.92946
-0.9317
-0.93247
-0.93394
-0.93268
-0.92986
-0.93129
-0.93128
-0.92867
-0.93296
-0.94206
-0.93092
-0.93271
-0.93968
-0.93111
-0.93683
-0.92608
0
0
0
0
0
0
0
0
0
0
0
0
0
0
0
0
0
0
0
0
0
0
0
0
0
0
0
0
0
0
0
0
0
0
0
0
0
0
0
0
0
0
0
0
0
0
0
0
0
0
0
0
0
0
0
0
0
0
0
-0.94903
-0.94663
-0.94634
-0.94437
-0.94847
-0.94479
-0.94608
-0.94478
-0.94873
-0.94003
-0.94248
-0.94163
-0.9425
-0.94328
-0.94388
-0.9381
-0.9381
-0.9349
-0.94448
-0.93489
-0.9349
-0.9349
-0.93488
60.434
-0.93689
-0.93914
-0.93768
-0.93941
-0.9471
-0.93941
-0.93908
-0.94153
-0.94052
-0.94017
-0.93674
-0.93674
-0.93675
-0.94018
-0.93796
-0.9328
-0.93976
-0.93281
-0.93279
-0.9306
-0.9306
-0.93303
-0.93496
-0.9345
-0.93707
-0.93772
-0.93921
-0.93808
-0.93524
-0.93652
-0.93652
-0.93404
-0.93839
-0.94764
-0.93595
-0.93803
-0.94527
-0.93665
0
0
0
0
0
0
0
0
0
0
0
0
0
0
0
0
0
0
0
0
0
0
0
0
0
0
0
0
0
0
0
0
0
0
0
0
-3.1383
0
0
0
0
0
0
0
0
0
0
0
0
0
0
0
0
0
0
0
0
0
0
0
0
-0.94599
-0.94333
-0.94305
-0.94107
-0.9452
-0.94123
-0.94281
-0.94122
-0.94562
-0.93671
-0.93947
-0.93817
-0.93949
-0.94031
-0.94039
-0.93494
-0.93494
-0.93154
-0.94108
-0.93153
-0.93152
-0.93152
-0.93153
-0.93689
57.1067
-0.93621
-0.9342
-0.93643
-0.94449
-0.93643
-0.93577
-0.93805
-0.93737
-0.93716
-0.93368
-0.93367
-0.93367
-0.93713
-0.93496
-0.92972
-0.93678
-0.92971
-0.9297
-0.92751
-0.92752
-0.92998
-0.93186
-0.93186
-0.93397
-0.93478
-0.93628
-0.93499
-0.93214
-0.93359
-0.9336
-0.93096
-0.93522
-0.94432
-0.93313
-0.93494
-0.94197
-0.93335
0
0
0
0
0
0
0
0
0
0
0
0
0
0
0
0
0
0
0
0
0
0
0
0
0
0
0
0
0
0
0
0
0
0
0
0
0
0
0
0
0
0
0
0
0
0
0
0
0
0
0
0
0
0
0
0
0
0
0
0
0
-0.94822
-0.94556
-0.9453
-0.94331
-0.94743
-0.94348
-0.94505
-0.94348
-0.94786
-0.93898
-0.94171
-0.94043
-0.94171
-0.94255
-0.94266
-0.9372
-0.9372
-0.93379
-0.94335
-0.93378
-0.93379
-0.93378
-0.93379
-0.93914
-0.93621
56.3081
-0.93661
-0.93871
-0.94667
-0.9387
-0.93811
-0.94016
-0.93953
-0.9395
-0.93596
-0.93595
-0.93596
-0.93956
-0.93733
-0.93196
-0.93917
-0.93197
-0.93196
-0.92974
-0.92974
-0.93229
-0.93417
-0.93431
-0.9363
-0.93714
-0.93863
-0.93733
-0.93448
-0.93594
-0.93595
-0.93327
-0.93754
-0.94668
-0.93543
-0.93725
-0.94432
0
0
0
0
0
0
0
0
0
0
0
0
0
0
0
0
0
0
0
0
0
0
0
0
0
0
0
0
0
0
0
0
0
0
0
0
0
0
0
0
0
0
0
0
0
0
0
0
0
0
0
0
0
0
0
0
0
0
0
0
0
0
-0.94687
-0.94417
-0.94396
-0.94185
-0.94612
-0.94213
-0.94514
-0.94214
-0.94634
-0.93756
-0.94028
-0.93906
-0.94029
-0.94109
-0.93982
-0.93579
-0.93579
-0.93221
-0.94199
-0.93221
-0.9322
-0.93221
-0.9322
-0.93768
-0.9342
-0.93661
57.87
-0.93699
-0.94516
-0.93698
-0.93446
-0.93872
-0.93804
-0.93776
-0.93431
-0.9343
-0.93432
-0.93766
-0.93545
-0.93029
-0.93734
-0.9303
-0.93029
-0.92807
-0.92808
-0.93057
-0.93246
-0.9324
-0.93457
-0.93536
-0.93685
-0.93557
-0.93271
-0.93419
-0.93419
-0.93153
-0.93618
-0.9459
-0.93374
0
0
0
0
0
0
0
0
0
0
0
0
0
0
0
-1.2764
0
0
-2.259
0
0
0
0
0
0
0
0
0
0
0
0
0
0
0
0
0
0
0
0
0
0
0
0
0
0
0
0
0
0
0
0
0
0
0
0
0
0
0
0
0
0
0
0
0
-0.94847
-0.94581
-0.94555
-0.94357
-0.94769
-0.94375
-0.94532
-0.94376
-0.94811
-0.93925
-0.94197
-0.94072
-0.94198
-0.94281
-0.94293
-0.93747
-0.93748
-0.93407
-0.94361
-0.93408
-0.93406
-0.93407
-0.93407
-0.93941
-0.93643
-0.93871
-0.93699
55.3787
-0.94692
-0.93883
-0.93847
-0.9404
-0.9398
-0.93981
-0.93619
-0.93619
-0.93619
-0.93997
-0.93762
-0.93215
-0.93938
-0.93216
-0.93215
-0.92993
-0.92993
-0.93252
-0.9344
-0.93462
-0.93654
-0.9374
-0.93889
-0.93757
-0.93471
-0.93619
-0.9362
-0.93351
-0.93779
-0.94691
-0.93569
-0.93751
0
0
0
0
0
0
0
0
0
0
0
0
0
0
0
0
0
0
0
0
0
0
0
0
0
0
0
0
0
0
0
0
0
0
0
0
0
0
0
0
0
0
0
0
0
0
0
0
0
0
0
0
0
0
0
0
0
0
0
0
0
0
0
-0.95639
-0.95422
-0.95394
-0.9536
-0.95639
-0.95169
-0.95372
-0.95169
-0.95631
-0.94759
-0.94996
-0.94912
-0.94997
-0.95068
-0.95077
-0.94593
-0.94593
-0.94263
-0.95075
-0.94263
-0.94264
-0.94262
-0.94263
-0.9471
-0.94449
-0.94667
-0.94516
-0.94692
64.9147
-0.94691
-0.94658
-0.94657
-0.94583
-0.94755
-0.94418
-0.94419
-0.9442
-0.94723
-0.94448
-0.94017
-0.94686
-0.94017
-0.94018
-0.93796
-0.93796
-0.94015
-0.94237
-0.94111
-0.94451
-0.94484
-0.94638
-0.94557
-0.94268
-0.94373
-0.94373
-0.9415
-0.94569
0
0
0
0
0
0
0
0
0
0
0
0
0
0
0
0
0
0
0
0
0
0
0
0
0
0
0
-2.9578
0
0
0
0
0
0
0
0
0
0
0
0
0
0
0
0
0
0
0
0
0
0
0
0
0
0
-4.481
0
0
0
0
0
0
0
-4.4805
0
0
0
-0.94848
-0.94581
-0.94555
-0.94358
-0.9477
-0.94375
-0.94532
-0.94374
-0.94811
-0.93924
-0.94197
-0.94071
-0.94198
-0.94281
-0.94294
-0.93747
-0.93748
-0.93408
-0.94362
-0.93408
-0.93406
-0.93407
-0.93407
-0.93941
-0.93643
-0.9387
-0.93698
-0.93883
-0.94691
55.3786
-0.93847
-0.9404
-0.93981
-0.93981
-0.93618
-0.93618
-0.93619
-0.93997
-0.93761
-0.93215
-0.93938
-0.93215
-0.93216
-0.92995
-0.92994
-0.93252
-0.9344
-0.93461
-0.93654
-0.9374
-0.93888
-0.93758
-0.93471
-0.93619
-0.93619
-0.93351
-0.9378
-0.94691
-0.93568
-0.93751
0
0
0
0
0
0
0
0
0
0
0
0
0
0
0
0
0
0
0
0
0
0
0
0
0
0
0
0
0
0
0
0
0
0
0
0
0
0
0
0
0
0
0
0
0
0
0
0
0
0
0
0
0
0
0
0
0
0
0
0
0
0
0
-0.94838
-0.94537
-0.94543
-0.94326
-0.94758
-0.94353
-0.94659
-0.94353
-0.94791
-0.93893
-0.9417
-0.94044
-0.94172
-0.94251
-0.94119
-0.93715
-0.93715
-0.93355
-0.94341
-0.93354
-0.93355
-0.93356
-0.93355
-0.93908
-0.93577
-0.93811
-0.93446
-0.93847
-0.94658
-0.93847
57.1616
-0.94001
-0.9394
-0.93932
-0.93581
-0.93581
-0.93581
-0.93932
-0.93703
-0.93176
-0.93892
-0.93175
-0.93175
-0.92953
-0.92952
-0.93209
-0.93395
-0.93409
-0.93607
-0.93694
-0.93844
-0.93711
-0.93425
-0.93575
-0.93575
-0.93305
-0.9377
-0.94746
0
0
0
0
0
0
0
0
0
0
0
0
0
0
0
0
0
0
0
-2.2591
0
0
-1.4197
0
0
0
0
0
0
0
0
0
0
0
0
0
0
0
0
0
0
0
0
0
0
0
0
0
0
0
0
0
0
0
0
0
0
0
0
0
0
0
0
0
0
-0.94936
-0.94745
-0.94715
-0.9453
-0.94945
-0.94647
-0.94706
-0.94647
-0.94907
-0.94209
-0.94271
-0.94373
-0.94272
-0.94316
-0.94582
-0.93986
-0.93986
-0.9366
-0.94599
-0.93658
-0.93661
-0.9366
-0.93661
-0.94153
-0.93805
-0.94016
-0.93872
-0.9404
-0.94657
-0.9404
-0.94001
60.806
-0.93983
-0.94106
-0.93775
-0.93776
-0.93775
-0.94073
-0.93868
-0.93376
-0.94028
-0.93377
-0.93377
-0.93143
-0.93144
-0.93374
-0.93586
-0.93468
-0.93799
-0.93837
-0.93987
-0.93903
-0.93617
-0.93722
-0.93721
-0.93497
0
0
0
0
0
0
0
0
0
0
0
0
0
0
0
0
0
0
0
0
0
0
0
0
0
0
0
0
0
-1.4602
0
0
0
0
-3.8205
0
0
0
0
0
0
0
0
0
0
0
0
0
0
0
0
0
0
0
0
0
0
0
0
0
0
0
0
0
-3.8196
0
0
-0.94903
-0.94707
-0.94675
-0.94484
-0.9491
-0.94588
-0.9465
-0.94588
-0.94903
-0.94125
-0.94229
-0.94296
-0.94231
-0.94307
-0.94504
-0.93905
-0.93906
-0.93589
-0.94509
-0.93587
-0.93589
-0.93588
-0.93589
-0.94052
-0.93737
-0.93953
-0.93804
-0.9398
-0.94583
-0.93981
-0.9394
-0.93983
60.6424
-0.94051
-0.93715
-0.93716
-0.93716
-0.94014
-0.93813
-0.93315
-0.93979
-0.93315
-0.93316
-0.93095
-0.93094
-0.93327
-0.93534
-0.93419
-0.93746
-0.9378
-0.9393
-0.93849
-0.93562
-0.93664
-0.93665
-0.93445
-0.93872
0
0
0
0
0
0
0
0
0
0
0
0
0
0
0
0
0
0
0
0
0
0
0
0
0
0
0
0
0
0
0
0
0
0
0
-4.0148
0
0
0
0
0
0
0
0
0
0
0
0
0
0
0
-4.0146
0
0
0
0
0
0
0
0
0
0
0
0
0
0
-0.94917
-0.94655
-0.94648
-0.94435
-0.94845
-0.94456
-0.94607
-0.94455
-0.94884
-0.94002
-0.94272
-0.94152
-0.94272
-0.94353
-0.94371
-0.93825
-0.93826
-0.93483
-0.9444
-0.93481
-0.93481
-0.93481
-0.93482
-0.94017
-0.93716
-0.9395
-0.93776
-0.93981
-0.94755
-0.93981
-0.93932
-0.94106
-0.94051
54.3991
-0.93662
-0.93662
-0.93662
-0.9407
-0.93856
-0.93269
-0.94043
-0.9327
-0.9327
-0.93054
-0.93055
-0.93335
-0.93521
-0.93586
-0.93739
-0.93839
-0.93986
-0.93853
-0.93563
-0.93714
-0.93713
-0.93441
-0.93866
-0.94769
0
0
0
0
0
0
0
0
0
0
0
0
0
0
-0.85028
0
0
0
0
0
0
0
0
0
0
0
0
0
0
0
0
0
0
0
0
0
0
0
0
0
0
0
0
0
0
0
0
0
0
0
0
0
0
0
0
0
0
0
0
0
0
0
0
0
0
-0.94578
-0.94311
-0.94285
-0.94086
-0.94498
-0.94105
-0.94261
-0.94106
-0.94541
-0.93656
-0.93927
-0.93804
-0.93929
-0.94011
-0.94026
-0.93479
-0.9348
-0.93139
-0.94094
-0.93138
-0.93138
-0.93139
-0.93139
-0.93674
-0.93368
-0.93596
-0.93431
-0.93619
-0.94418
-0.93618
-0.93581
-0.93775
-0.93715
-0.93662
53.3497
-0.93267
-0.93267
-0.93721
-0.93486
-0.92904
-0.93692
-0.92905
-0.92904
-0.92691
-0.9269
-0.92962
-0.93157
-0.93203
-0.93373
-0.93465
-0.93612
-0.93482
-0.93195
-0.93342
-0.93341
-0.93074
-0.93499
-0.94402
0
0
0
0
0
0
0
0
0
0
0
0
0
0
0
0
0
0
0
0
0
0
0
0
0
0
0
0
0
0
0
0
0
0
0
0
0
0
0
0
0
0
0
0
0
0
0
0
0
0
0
0
0
0
0
0
0
0
0
0
0
0
0
0
0
-0.94577
-0.9431
-0.94285
-0.94087
-0.94499
-0.94106
-0.9426
-0.94106
-0.94542
-0.93658
-0.93928
-0.93803
-0.93928
-0.94012
-0.94026
-0.93479
-0.9348
-0.93139
-0.94093
-0.93139
-0.93138
-0.93138
-0.93139
-0.93674
-0.93367
-0.93595
-0.9343
-0.93619
-0.94419
-0.93618
-0.93581
-0.93776
-0.93716
-0.93662
-0.93267
53.3497
-0.93268
-0.93721
-0.93488
-0.92904
-0.93693
-0.92904
-0.92905
-0.9269
-0.92691
-0.92964
-0.93157
-0.93203
-0.93374
-0.93465
-0.93612
-0.93483
-0.93194
-0.93342
-0.93342
-0.93073
-0.935
-0.94403
0
0
0
0
0
0
0
0
0
0
0
0
0
0
0
0
0
0
0
0
0
0
0
0
0
0
0
0
0
0
0
0
0
0
0
0
0
0
0
0
0
0
0
0
0
0
0
0
0
0
0
0
0
0
0
0
0
0
0
0
0
0
0
0
0
-0.94576
-0.94311
-0.94285
-0.94086
-0.94499
-0.94106
-0.94261
-0.94106
-0.94542
-0.93659
-0.93928
-0.93804
-0.9393
-0.94011
-0.94025
-0.9348
-0.9348
-0.93139
-0.94095
-0.93138
-0.93138
-0.93139
-0.93139
-0.93675
-0.93367
-0.93596
-0.93432
-0.93619
-0.9442
-0.93619
-0.93581
-0.93775
-0.93716
-0.93662
-0.93267
-0.93268
53.3497
-0.93721
-0.93487
-0.92905
-0.93693
-0.92904
-0.92904
-0.92691
-0.92692
-0.92963
-0.93156
-0.93204
-0.93373
-0.93465
-0.93612
-0.93482
-0.93195
-0.93341
-0.93342
-0.93073
-0.93499
-0.94402
0
0
0
0
0
0
0
0
0
0
0
0
0
0
0
0
0
0
0
0
0
0
0
0
0
0
0
0
0
0
0
0
0
0
0
0
0
0
0
0
0
0
0
0
0
0
0
0
0
0
0
0
0
0
0
0
0
0
0
0
0
0
0
0
0
-0.94917
-0.94674
-0.94644
-0.94454
-0.9486
-0.94478
-0.94609
-0.94478
-0.94888
-0.94018
-0.94269
-0.9417
-0.94269
-0.94346
-0.94379
-0.93836
-0.93837
-0.93482
-0.94449
-0.93481
-0.9348
-0.93481
-0.93481
-0.94018
-0.93713
-0.93956
-0.93766
-0.93997
-0.94723
-0.93997
-0.93932
-0.94073
-0.94014
-0.9407
-0.93721
-0.93721
-0.93721
55.4105
-0.93858
-0.933
-0.94018
-0.93299
-0.933
-0.93078
-0.93077
-0.93339
-0.93531
-0.93521
-0.93748
-0.93821
-0.9397
-0.93857
-0.93569
-0.93701
-0.93702
-0.93448
-0.93875
0
0
0
0
0
0
0
0
0
0
0
0
0
0
0
0
0
0
0
0
0
0
0
0
0
0
0
0
0
0
0
0
0
0
0
0
0
0
0
0
0
0
0
0
0
0
-2.8064
0
0
0
0
0
0
0
0
0
0
0
0
0
0
0
0
0
0
0
-0.94688
-0.94428
-0.94411
-0.94121
-0.94629
-0.94243
-0.94387
-0.94244
-0.94657
-0.93792
-0.94046
-0.9394
-0.94047
-0.94125
-0.94152
-0.93611
-0.9361
-0.93265
-0.94222
-0.93264
-0.93265
-0.93266
-0.93264
-0.93796
-0.93496
-0.93733
-0.93545
-0.93762
-0.94448
-0.93761
-0.93703
-0.93868
-0.93813
-0.93856
-0.93486
-0.93488
-0.93487
-0.93858
54.2282
-0.93051
-0.93829
-0.93051
-0.9305
-0.92794
-0.92794
-0.93063
-0.93275
-0.93323
-0.93493
-0.93583
-0.93731
-0.93606
-0.93317
-0.93463
-0.93464
-0.93193
0
0
0
0
0
0
0
0
0
0
0
0
0
0
-1.6984
0
0
0
0
0
0
0
0
-0.99125
0
0
0
0
0
0
0
0
0
0
0
0
0
0
0
0
0
0
0
0
0
0
0
0
0
0
0
0
0
0
0
0
0
0
0
0
0
0
0
0
0
0
0
-0.94178
-0.93914
-0.93889
-0.93692
-0.94102
-0.93711
-0.93864
-0.93711
-0.94143
-0.93265
-0.93533
-0.93411
-0.93534
-0.93617
-0.93627
-0.93086
-0.93085
-0.92748
-0.93698
-0.92748
-0.92747
-0.92748
-0.92748
-0.9328
-0.92972
-0.93196
-0.93029
-0.93215
-0.94017
-0.93215
-0.93176
-0.93376
-0.93315
-0.93269
-0.92904
-0.92904
-0.92905
-0.933
-0.93051
52.183
-0.93263
-0.92482
-0.92483
-0.92273
-0.92272
-0.92532
-0.92745
-0.92747
-0.92958
-0.93033
-0.93181
-0.93062
-0.92776
-0.92915
-0.92916
-0.92653
-0.93081
0
0
0
0
0
0
0
0
0
0
0
0
0
0
0
0
0
0
0
0
0
0
0
0
0
0
0
0
0
0
0
0
0
0
0
0
0
0
0
0
0
0
0
0
0
0
0
0
0
0
0
0
0
0
0
0
0
0
0
0
0
0
0
0
0
0
-0.9487
-0.94628
-0.94598
-0.94411
-0.94815
-0.94436
-0.9457
-0.94436
-0.94845
-0.93976
-0.9423
-0.94127
-0.94232
-0.94307
-0.94337
-0.93796
-0.93796
-0.93447
-0.94408
-0.93445
-0.93445
-0.93446
-0.93446
-0.93976
-0.93678
-0.93917
-0.93734
-0.93938
-0.94686
-0.93938
-0.93892
-0.94028
-0.93979
-0.94043
-0.93692
-0.93693
-0.93693
-0.94018
-0.93829
-0.93263
54.1118
-0.93263
-0.93262
-0.93005
-0.93004
-0.93288
-0.93481
-0.93494
-0.93703
-0.93789
-0.93935
-0.9382
-0.93529
-0.93665
-0.93666
-0.93405
0
0
0
0
0
0
0
0
0
0
0
0
0
0
0
0
0
0
0
0
0
0
0
0
0
0
0
0
0
0
0
0
0
0
0
0
0
0
0
0
0
0
0
0
0
0
0
0
0
0
0
0
0
0
0
0
0
-2.4683
0
0
0
0
0
0
0
0
0
-0.94179
-0.93916
-0.93888
-0.93693
-0.94102
-0.93711
-0.93866
-0.9371
-0.94143
-0.93265
-0.93533
-0.9341
-0.93535
-0.93617
-0.93627
-0.93086
-0.93086
-0.92748
-0.93699
-0.92748
-0.92748
-0.92746
-0.92748
-0.93281
-0.92971
-0.93197
-0.9303
-0.93216
-0.94017
-0.93215
-0.93175
-0.93377
-0.93315
-0.9327
-0.92905
-0.92904
-0.92904
-0.93299
-0.93051
-0.92482
-0.93263
52.183
-0.92482
-0.92272
-0.92272
-0.92533
-0.92745
-0.92747
-0.92957
-0.93034
-0.9318
-0.93063
-0.92776
-0.92917
-0.92916
-0.92653
-0.9308
0
0
0
0
0
0
0
0
0
0
0
0
0
0
0
0
0
0
0
0
0
0
0
0
0
0
0
0
0
0
0
0
0
0
0
0
0
0
0
0
0
0
0
0
0
0
0
0
0
0
0
0
0
0
0
0
0
0
0
0
0
0
0
0
0
0
-0.94178
-0.93915
-0.9389
-0.93692
-0.94102
-0.93711
-0.93864
-0.93711
-0.94143
-0.93265
-0.93533
-0.9341
-0.93535
-0.93616
-0.93628
-0.93087
-0.93086
-0.92748
-0.93699
-0.92748
-0.92747
-0.92747
-0.92748
-0.93279
-0.9297
-0.93196
-0.93029
-0.93215
-0.94018
-0.93216
-0.93175
-0.93377
-0.93316
-0.9327
-0.92904
-0.92905
-0.92904
-0.933
-0.9305
-0.92483
-0.93262
-0.92482
52.183
-0.92272
-0.92272
-0.92532
-0.92744
-0.92748
-0.92959
-0.93033
-0.93181
-0.93062
-0.92775
-0.92916
-0.92915
-0.92654
-0.9308
0
0
0
0
0
0
0
0
0
0
0
0
0
0
0
0
0
0
0
0
0
0
0
0
0
0
0
0
0
0
0
0
0
0
0
0
0
0
0
0
0
0
0
0
0
0
0
0
0
0
0
0
0
0
0
0
0
0
0
0
0
0
0
0
0
0
-0.93957
-0.93695
-0.93668
-0.93473
-0.93881
-0.93491
-0.93647
-0.93491
-0.93923
-0.93046
-0.93313
-0.93191
-0.93315
-0.93397
-0.93407
-0.92868
-0.92867
-0.92529
-0.93479
-0.92529
-0.92529
-0.92528
-0.92529
-0.9306
-0.92751
-0.92974
-0.92807
-0.92993
-0.93796
-0.92995
-0.92953
-0.93143
-0.93095
-0.93054
-0.92691
-0.9269
-0.92691
-0.93078
-0.92794
-0.92273
-0.93005
-0.92272
-0.92272
51.1295
-0.92027
-0.92275
-0.92524
-0.92443
-0.9273
-0.92779
-0.92928
-0.92821
-0.92535
-0.9267
-0.92669
-0.92412
0
0
0
0
0
0
0
0
0
0
0
0
0
0
0
0
0
0
0
0
0
0
0
0
0
0
0
0
0
0
0
0
0
0
0
0
0
0
0
0
0
0
0
0
0
0
0
0
0
0
0
0
0
0
0
0
0
0
0
0
0
0
0
0
0
0
0
-0.93959
-0.93694
-0.93668
-0.93472
-0.93881
-0.93491
-0.93646
-0.93491
-0.93922
-0.93046
-0.93313
-0.9319
-0.93314
-0.93398
-0.93408
-0.92866
-0.92867
-0.92529
-0.93479
-0.92529
-0.92529
-0.92529
-0.92529
-0.9306
-0.92752
-0.92974
-0.92808
-0.92993
-0.93796
-0.92994
-0.92952
-0.93144
-0.93094
-0.93055
-0.9269
-0.92691
-0.92692
-0.93077
-0.92794
-0.92272
-0.93004
-0.92272
-0.92272
-0.92027
51.1295
-0.92274
-0.92524
-0.92443
-0.92729
-0.92779
-0.92928
-0.92821
-0.92534
-0.9267
-0.92671
-0.92411
0
0
0
0
0
0
0
0
0
0
0
0
0
0
0
0
0
0
0
0
0
0
0
0
0
0
0
0
0
0
0
0
0
0
0
0
0
0
0
0
0
0
0
0
0
0
0
0
0
0
0
0
0
0
0
0
0
0
0
0
0
0
0
0
0
0
0
-0.94184
-0.93923
-0.93908
-0.93712
-0.94123
-0.93744
-0.9383
-0.93745
-0.94155
-0.93292
-0.93552
-0.93441
-0.93554
-0.93631
-0.93633
-0.93115
-0.93114
-0.92771
-0.93725
-0.9277
-0.92771
-0.92771
-0.92771
-0.93303
-0.92998
-0.93229
-0.93057
-0.93252
-0.94015
-0.93252
-0.93209
-0.93374
-0.93327
-0.93335
-0.92962
-0.92964
-0.92963
-0.93339
-0.93063
-0.92532
-0.93288
-0.92533
-0.92532
-0.92275
-0.92274
50.3493
-0.92867
-0.92409
-0.93011
-0.92963
-0.93117
-0.93071
-0.92817
0
0
0
0
0
0
0
0
0
0
0
0
0
0
0
0
0
0
0
0
-1.8736
0
0
0
0
0
0
0
0
0
0
0
0
0
0
0
0
0
0
0
0
0
0
0
0
0
0
0
0
0
0
0
0
0
0
0
0
0
0
0
0
0
0
0
0
0
0
0
0
0
-0.94398
-0.94133
-0.94107
-0.9391
-0.94321
-0.93929
-0.94085
-0.9393
-0.94363
-0.93481
-0.93751
-0.93627
-0.93752
-0.93834
-0.93845
-0.93302
-0.93303
-0.92961
-0.93917
-0.92961
-0.92961
-0.92961
-0.92961
-0.93496
-0.93186
-0.93417
-0.93246
-0.9344
-0.94237
-0.9344
-0.93395
-0.93586
-0.93534
-0.93521
-0.93157
-0.93157
-0.93156
-0.93531
-0.93275
-0.92745
-0.93481
-0.92745
-0.92744
-0.92524
-0.92524
-0.92867
48.5811
-0.92852
-0.9318
-0.93195
-0.93332
-0.93308
-0.93051
0
0
0
0
0
0
0
0
0
0
0
0
0
0
0
0
0
0
0
0
0
0
0
0
0
0
0
0
0
0
0
0
0
0
0
0
0
0
0
0
0
0
0
0
0
0
0
0
0
0
0
0
0
0
0
0
0
0
0
0
0
0
0
0
0
0
0
0
0
0
-0.94312
-0.94107
-0.94071
-0.93905
-0.94288
-0.93935
-0.94046
-0.93936
-0.94305
-0.93473
-0.93692
-0.93628
-0.93692
-0.93763
-0.93826
-0.93296
-0.93296
-0.92946
-0.93879
-0.92946
-0.92947
-0.92946
-0.92946
-0.9345
-0.93186
-0.93431
-0.9324
-0.93462
-0.94111
-0.93461
-0.93409
-0.93468
-0.93419
-0.93586
-0.93203
-0.93203
-0.93204
-0.93521
-0.93323
-0.92747
-0.93494
-0.92747
-0.92748
-0.92443
-0.92443
-0.92409
-0.92852
50.1914
-0.93024
0
0
0
0
0
0
0
0
0
0
0
0
0
0
0
0
0
0
0
0
0
0
0
0
0
0
0
0
0
0
0
0
0
0
0
0
0
0
0
0
0
0
0
0
0
0
0
0
0
0
0
0
0
0
0
0
0
0
0
0
-2.6771
0
0
0
0
-2.6768
0
0
0
0
0
0
0
0
-0.94611
-0.94345
-0.94318
-0.94122
-0.94534
-0.94141
-0.94297
-0.94141
-0.94577
-0.93693
-0.93963
-0.93839
-0.93964
-0.94046
-0.94057
-0.93513
-0.93513
-0.9317
-0.9413
-0.9317
-0.93169
-0.93169
-0.9317
-0.93707
-0.93397
-0.9363
-0.93457
-0.93654
-0.94451
-0.93654
-0.93607
-0.93799
-0.93746
-0.93739
-0.93373
-0.93374
-0.93373
-0.93748
-0.93493
-0.92958
-0.93703
-0.92957
-0.92959
-0.9273
-0.92729
-0.93011
-0.9318
-0.93024
46.8212
-0.93358
0
-0.93651
0
0
0
0
0
0
0
0
0
0
0
0
0
0
0
0
0
0
0
0
0
0
0
0
0
0
0
0
0
0
0
0
0
0
0
0
0
0
0
0
0
0
0
0
0
0
0
0
0
0
0
0
0
0
0
0
0
0
0
0
0
0
0
0
0
0
0
0
0
0
0
-0.94661
-0.94418
-0.94389
-0.94205
-0.94603
-0.94227
-0.94372
-0.94226
-0.94637
-0.9377
-0.94023
-0.9392
-0.94023
-0.94102
-0.94137
-0.93592
-0.93591
-0.93245
-0.94198
-0.93246
-0.93244
-0.93246
-0.93247
-0.93772
-0.93478
-0.93714
-0.93536
-0.9374
-0.94484
-0.9374
-0.93694
-0.93837
-0.9378
-0.93839
-0.93465
-0.93465
-0.93465
-0.93821
-0.93583
-0.93033
-0.93789
-0.93034
-0.93033
-0.92779
-0.92779
-0.92963
-0.93195
0
-0.93358
47.2754
0
0
0
0
0
0
0
0
0
0
0
0
0
0
0
0
0
0
0
0
0
0
0
0
0
0
0
0
0
0
0
0
0
0
0
0
0
0
0
0
0
0
0
0
0
0
0
0
0
0
0
0
0
0
0
0
0
0
0
0
0
0
0
0
0
0
0
0
0
0
0
-2.2884
0
-0.94812
-0.94569
-0.94539
-0.94355
-0.94755
-0.94377
-0.94526
-0.94377
-0.94789
-0.93921
-0.94172
-0.94072
-0.94175
-0.94253
-0.94287
-0.93741
-0.93742
-0.93394
-0.94348
-0.93395
-0.93393
-0.93394
-0.93394
-0.93921
-0.93628
-0.93863
-0.93685
-0.93889
-0.94638
-0.93888
-0.93844
-0.93987
-0.9393
-0.93986
-0.93612
-0.93612
-0.93612
-0.9397
-0.93731
-0.93181
-0.93935
-0.9318
-0.93181
-0.92928
-0.92928
-0.93117
-0.93332
0
0
0
46.3727
0
0
0
0
0
0
0
0
0
0
0
0
0
0
0
0
0
0
0
0
0
0
0
0
0
0
0
0
0
0
0
0
0
0
0
0
0
0
0
0
0
0
0
0
0
0
0
0
0
0
0
0
0
0
0
0
-2.2491
0
0
0
0
0
0
0
0
0
0
0
0
0
0
0
-0.94713
-0.94445
-0.94419
-0.94221
-0.94635
-0.94241
-0.94397
-0.9424
-0.94677
-0.93792
-0.94063
-0.93938
-0.94064
-0.94148
-0.94157
-0.93611
-0.93613
-0.93268
-0.94231
-0.93268
-0.93267
-0.93268
-0.93268
-0.93808
-0.93499
-0.93733
-0.93557
-0.93757
-0.94557
-0.93758
-0.93711
-0.93903
-0.93849
-0.93853
-0.93482
-0.93483
-0.93482
-0.93857
-0.93606
-0.93062
-0.9382
-0.93063
-0.93062
-0.92821
-0.92821
-0.93071
-0.93308
0
-0.93651
0
0
45.0052
0
0
0
0
0
0
0
0
0
0
0
0
0
0
0
0
0
0
0
0
0
0
0
0
0
0
0
0
0
0
0
0
0
0
0
0
0
0
0
0
0
0
0
0
0
0
0
0
0
0
0
0
0
0
0
0
0
0
0
0
0
0
0
0
0
0
0
0
0
0
0
-0.94424
-0.94158
-0.94132
-0.93933
-0.94345
-0.93956
-0.94111
-0.93955
-0.94389
-0.93507
-0.93778
-0.93652
-0.93779
-0.93861
-0.93872
-0.93328
-0.93328
-0.92985
-0.93945
-0.92984
-0.92985
-0.92985
-0.92986
-0.93524
-0.93214
-0.93448
-0.93271
-0.93471
-0.94268
-0.93471
-0.93425
-0.93617
-0.93562
-0.93563
-0.93195
-0.93194
-0.93195
-0.93569
-0.93317
-0.92776
-0.93529
-0.92776
-0.92775
-0.92535
-0.92534
-0.92817
-0.93051
0
0
0
0
0
43.9348
0
0
0
0
0
0
0
0
0
0
0
0
0
0
0
0
0
0
0
0
0
0
0
0
0
0
0
0
0
0
0
0
0
0
0
0
0
0
0
0
0
0
0
0
0
0
0
0
0
0
0
0
0
0
0
0
0
0
0
0
0
0
0
0
0
0
0
0
0
0
-0.94542
-0.94297
-0.94268
-0.94086
-0.94481
-0.94106
-0.94258
-0.94106
-0.94516
-0.93652
-0.93904
-0.93801
-0.93904
-0.93984
-0.94018
-0.93473
-0.93473
-0.93129
-0.94077
-0.93128
-0.93128
-0.93127
-0.93129
-0.93652
-0.93359
-0.93594
-0.93419
-0.93619
-0.94373
-0.93619
-0.93575
-0.93722
-0.93664
-0.93714
-0.93342
-0.93342
-0.93341
-0.93701
-0.93463
-0.92915
-0.93665
-0.92917
-0.92916
-0.9267
-0.9267
0
0
0
0
0
0
0
0
44.1605
0
0
0
0
0
0
0
0
0
0
0
0
0
0
0
0
0
0
0
0
0
0
0
0
0
0
0
0
0
0
0
0
0
-2.0221
0
0
0
0
0
0
0
0
0
0
0
0
0
0
0
0
0
0
0
0
0
0
0
0
0
0
0
0
0
0
0
0
0
0
0
-0.94543
-0.94299
-0.94267
-0.94086
-0.94483
-0.94105
-0.94257
-0.94105
-0.94516
-0.93653
-0.93904
-0.93801
-0.93906
-0.93984
-0.94018
-0.93474
-0.93474
-0.93128
-0.94078
-0.93128
-0.93127
-0.93128
-0.93128
-0.93652
-0.9336
-0.93595
-0.93419
-0.9362
-0.94373
-0.93619
-0.93575
-0.93721
-0.93665
-0.93713
-0.93341
-0.93342
-0.93342
-0.93702
-0.93464
-0.92916
-0.93666
-0.92916
-0.92915
-0.92669
-0.92671
0
0
0
0
0
0
0
0
0
44.1607
0
0
0
0
0
0
0
0
0
0
0
0
0
0
0
0
0
0
0
0
0
0
0
0
0
0
0
0
0
0
0
0
0
0
0
0
0
0
0
0
0
0
0
0
0
-2.0223
0
0
0
0
0
0
0
0
0
0
0
0
0
0
0
0
0
0
0
0
0
0
-0.94306
-0.94039
-0.94012
-0.93815
-0.94226
-0.93835
-0.93993
-0.93836
-0.9427
-0.93389
-0.93659
-0.93534
-0.9366
-0.93743
-0.93753
-0.93209
-0.9321
-0.92867
-0.93825
-0.92867
-0.92866
-0.92867
-0.92867
-0.93404
-0.93096
-0.93327
-0.93153
-0.93351
-0.9415
-0.93351
-0.93305
-0.93497
-0.93445
-0.93441
-0.93074
-0.93073
-0.93073
-0.93448
-0.93193
-0.92653
-0.93405
-0.92653
-0.92654
-0.92412
-0.92411
0
0
0
0
0
0
0
0
0
0
42.0222
0
0
0
0
0
0
0
0
0
0
0
0
0
0
0
0
0
0
0
0
0
0
0
0
0
0
0
0
0
0
0
0
0
0
0
0
0
0
0
0
0
0
0
0
0
0
0
0
0
0
0
0
0
0
0
0
0
0
0
0
0
0
0
0
0
0
0
-0.94747
-0.94481
-0.94456
-0.94251
-0.94671
-0.94276
-0.9433
-0.94275
-0.94707
-0.93823
-0.94086
-0.93972
-0.94088
-0.94171
-0.94229
-0.93641
-0.93641
-0.93296
-0.94265
-0.93295
-0.93295
-0.93295
-0.93296
-0.93839
-0.93522
-0.93754
-0.93618
-0.93779
-0.94569
-0.9378
-0.9377
0
-0.93872
-0.93866
-0.93499
-0.935
-0.93499
-0.93875
0
-0.93081
0
-0.9308
-0.9308
0
0
0
0
0
0
0
0
0
0
0
0
0
39.2774
0
0
0
0
0
0
0
0
0
0
0
-1.7317
0
0
0
0
0
0
0
0
0
0
0
0
0
0
0
0
0
0
0
0
0
0
0
0
0
0
0
0
0
0
0
0
0
0
0
0
0
0
0
0
0
0
0
0
0
0
0
0
0
0
0
0
0
0
-0.95733
-0.95439
-0.95422
-0.95173
-0.95637
-0.95203
-0.95362
-0.95203
-0.95676
-0.94742
-0.95027
-0.94895
-0.95027
-0.95123
-0.95259
-0.94558
-0.94557
-0.94206
-0.952
-0.94206
-0.94205
-0.94207
-0.94206
-0.94764
-0.94432
-0.94668
-0.9459
-0.94691
0
-0.94691
-0.94746
0
0
-0.94769
-0.94402
-0.94403
-0.94402
0
0
0
0
0
0
0
0
0
0
0
0
0
0
0
0
0
0
0
0
36.9342
0
0
0
0
0
0
0
0
0
-1.0929
0
0
0
0
0
0
0
0
0
0
0
0
0
0
-3.5931
0
0
0
0
0
0
0
0
0
0
0
0
0
0
0
0
0
0
0
0
0
0
0
0
0
0
0
0
0
0
0
0
0
0
0
0
0
0
0
0
-0.94464
-0.94243
-0.94191
-0.94068
-0.9441
-0.9406
-0.9421
-0.9406
-0.94446
-0.9361
-0.9384
-0.9376
-0.93842
-0.9392
-0.93982
-0.93432
-0.93432
-0.93091
-0.94018
-0.93091
-0.93089
-0.9309
-0.93092
-0.93595
-0.93313
-0.93543
-0.93374
-0.93569
0
-0.93568
0
0
0
0
0
0
0
0
0
0
0
0
0
0
0
0
0
0
0
0
0
0
0
0
0
0
0
0
30.4154
0
0
0
0
0
0
0
0
0
0
0
0
0
0
0
0
0
0
0
0
0
0
0
0
0
0
0
0
0
0
0
0
0
0
0
0
0
-1.6157
0
0
0
0
0
0
0
-1.6157
0
0
0
0
0
0
0
0
0
0
0
0
0
0
0
0
0
0
-0.94692
-0.94441
-0.94404
-0.94232
-0.9462
-0.94245
-0.94399
-0.94243
-0.94667
-0.93796
-0.94055
-0.93944
-0.94056
-0.94139
-0.94177
-0.93615
-0.93614
-0.93272
-0.94229
-0.93271
-0.93271
-0.93272
-0.93271
-0.93803
-0.93494
-0.93725
0
-0.93751
0
-0.93751
0
0
0
0
0
0
0
0
0
0
0
0
0
0
0
0
0
0
0
0
0
0
0
0
0
0
0
0
0
28.0614
0
0
0
0
0
0
0
0
0
0
0
0
0
0
0
0
0
0
0
0
0
0
0
0
0
0
0
0
0
0
0
-1.7569
0
0
0
0
0
0
0
0
0
0
0
0
0
0
0
0
0
0
0
0
0
0
0
0
0
0
0
0
0
0
0
-0.95439
-0.95156
-0.95127
-0.94928
-0.95345
-0.94944
-0.95105
-0.94945
-0.95405
-0.94499
-0.94787
-0.94643
-0.94789
-0.94876
-0.94884
-0.94313
-0.94313
-0.93968
-0.94955
-0.93968
-0.93967
-0.93968
-0.93968
-0.94527
-0.94197
-0.94432
0
0
0
0
0
0
0
0
0
0
0
0
0
0
0
0
0
0
0
0
0
0
0
0
0
0
0
0
0
0
0
0
0
0
24.6145
0
0
0
0
0
0
0
0
0
0
0
0
0
0
0
0
0
0
0
0
0
0
0
0
0
0
0
0
0
0
0
0
0
0
0
0
0
0
0
0
0
0
0
0
0
0
0
0
0
0
0
0
0
0
0
0
0
0
0
0
0
0
-0.9457
-0.94288
-0.9426
-0.94062
-0.94474
-0.94078
-0.94237
-0.94079
-0.94534
-0.93637
-0.93923
-0.93779
-0.93923
-0.94012
-0.94018
-0.93452
-0.93452
-0.93112
-0.94089
-0.93111
-0.93111
-0.93112
-0.93111
-0.93665
-0.93335
0
0
0
0
0
0
0
0
0
0
0
0
0
0
0
0
0
0
0
0
0
0
0
0
0
0
0
0
0
0
0
0
0
0
0
0
23.4543
0
0
0
0
0
0
0
0
0
0
0
0
0
0
0
0
0
0
0
0
0
0
0
0
0
0
0
0
0
0
0
0
0
0
0
0
0
0
0
0
0
0
0
0
0
0
0
0
0
0
0
0
0
0
0
0
0
0
0
0
0
-0.95155
-0.94867
-0.94839
-0.9464
-0.95055
-0.94655
-0.94816
-0.94656
-0.95119
-0.94212
-0.94503
-0.94355
-0.94506
-0.94594
-0.94597
-0.94025
-0.94026
-0.93683
-0.9467
-0.93682
-0.93683
-0.93682
-0.93683
0
0
0
0
0
0
0
0
0
0
0
0
0
0
0
0
0
0
0
0
0
0
0
0
0
0
0
0
0
0
0
0
0
0
0
0
0
0
0
21.717
0
0
0
0
0
0
0
0
0
0
0
0
0
0
0
0
0
0
0
0
0
0
0
0
0
0
0
0
0
0
0
0
0
0
0
0
0
0
0
0
0
0
0
0
0
0
0
0
0
0
0
0
0
0
0
0
0
0
0
0
-0.94066
-0.93779
-0.93751
-0.93554
-0.93964
-0.93569
-0.93727
-0.93569
-0.94029
-0.93132
-0.93422
-0.93273
-0.93423
-0.93511
-0.93513
-0.92946
-0.92946
-0.92609
0
-0.92608
-0.92609
-0.92609
-0.92608
0
0
0
0
0
0
0
0
0
0
0
0
0
0
0
0
0
0
0
0
0
0
0
0
0
0
0
0
0
0
0
0
0
0
0
0
0
0
0
0
20.5322
0
0
0
0
0
0
0
0
0
0
0
0
0
0
0
0
0
0
0
0
0
0
0
0
0
0
0
0
0
0
0
0
0
0
0
0
0
0
0
0
0
0
0
0
0
0
0
0
0
0
0
0
0
0
0
0
0
0
0
-0.95966
-0.95648
-0.95619
-0.95419
-0.95838
-0.95428
-0.95589
-0.95427
0
-0.94989
-0.95313
-0.95127
-0.95314
0
0
-0.94797
-0.94796
0
0
0
0
0
0
0
0
0
0
0
0
0
0
0
0
0
0
0
0
0
0
0
0
0
0
0
0
0
0
0
0
0
0
0
0
0
0
0
0
0
0
0
0
0
0
0
13.3527
0
0
0
0
0
0
0
0
0
0
0
0
0
0
0
0
0
0
0
0
0
0
0
0
0
0
0
0
0
0
0
0
0
0
0
0
0
0
0
0
0
0
0
0
0
0
0
0
0
0
0
0
0
0
0
0
0
0
-1.0954
-1.091
-1.0907
-1.0884
-1.0933
-1.0884
0
-1.0884
0
0
0
-1.0852
0
0
0
0
0
0
0
0
0
0
0
0
0
0
0
0
0
0
0
0
0
0
0
0
0
0
0
0
0
0
0
0
0
0
0
0
0
0
0
0
0
0
0
0
0
0
0
0
0
0
0
0
0
8.7209
0
0
0
0
0
0
0
0
0
0
0
0
0
0
0
0
0
0
0
0
0
0
0
0
0
0
0
0
0
0
0
0
0
0
0
0
0
0
0
0
0
0
0
0
0
0
0
0
0
0
0
0
0
0
0
0
0
-1.1087
-1.1037
-1.1034
-1.1009
-1.106
-1.1008
0
-1.1007
0
0
0
0
0
0
0
0
0
0
0
0
0
0
0
0
0
0
0
0
0
0
0
0
0
0
0
0
0
0
0
0
0
0
0
0
0
0
0
0
0
0
0
0
0
0
0
0
0
0
0
0
0
0
0
0
0
0
7.7243
0
0
0
0
0
0
0
0
0
0
0
0
0
0
0
0
0
0
0
0
0
0
0
0
0
0
0
0
0
0
0
0
0
0
0
0
0
0
0
0
0
0
0
0
0
0
0
0
0
0
0
0
0
0
0
0
0
0
0
0
0
0
0
0
0
0
0
0
0
0
0
0
0
0
0
0
0
0
0
0
0
0
0
0
0
0
0
0
0
0
0
0
0
0
0
0
0
0
0
0
0
0
0
0
0
0
0
0
0
0
0
0
0
-1.0929
0
0
0
0
0
0
0
0
0
5.3741
0
0
0
-1.2009
0
0
0
0
0
0
0
0
0
0
0
0
0
-1.5676
0
0
0
0
0
0
0
0
0
0
0
0
0
0
0
-1.5128
0
0
0
0
0
0
0
0
0
0
0
0
0
0
0
0
0
0
0
0
0
0
0
0
0
0
0
-1.7732
0
0
0
0
0
0
0
0
0
0
0
0
0
0
0
0
0
0
0
0
0
0
0
0
0
0
0
0
0
0
0
0
0
0
0
0
0
0
0
0
0
0
0
0
0
0
0
0
0
-1.7317
0
0
0
0
0
0
0
0
0
0
0
7.4814
-2.0275
0
0
0
0
0
0
0
0
0
0
0
0
-1.949
0
0
0
0
0
0
0
0
0
0
0
0
0
0
0
0
0
0
0
0
0
0
0
0
0
0
0
0
0
0
0
0
0
0
0
0
0
0
0
0
0
0
0
0
0
0
0
0
0
0
0
0
0
0
0
0
0
0
0
0
0
0
0
0
0
0
0
0
0
0
0
0
0
0
0
0
0
0
0
0
0
0
0
0
0
0
0
0
0
0
0
0
0
0
0
0
0
0
0
0
0
0
0
0
0
0
0
0
-2.0275
8.3837
0
0
0
-2.0786
0
0
-2.2848
0
0
0
0
-1.9928
0
0
0
0
0
0
0
0
0
0
0
0
0
0
0
0
0
0
0
0
0
0
0
0
0
0
0
0
0
0
0
0
0
0
0
0
0
0
0
0
0
0
0
0
0
0
0
0
0
0
0
0
0
0
0
0
0
0
0
0
0
0
0
0
0
0
0
0
0
0
0
0
0
0
0
0
0
0
0
-1.6984
0
0
0
0
0
0
0
0
0
0
0
0
0
0
0
0
0
0
0
0
0
0
0
0
0
0
0
0
0
0
0
9.2198
0
0
0
0
0
0
0
0
0
0
0
0
-2.4962
-2.4739
0
0
0
0
0
0
0
0
0
0
0
0
0
0
0
0
0
0
0
0
0
0
0
0
0
0
0
0
0
0
-2.5513
0
0
0
0
0
0
0
0
0
0
0
0
0
0
0
-1.0555
0
0
0
0
-1.0514
0
0
0
0
0
0
0
0
0
0
0
0
0
0
0
0
0
0
0
0
0
0
0
0
0
0
0
0
0
0
0
0
0
0
0
0
0
0
0
0
0
0
0
0
0
0
0
0
0
0
0
0
0
-1.2009
0
0
0
3.6339
0
0
0
0
0
0
0
0
0
0
0
0
0
0
0
0
0
0
0
0
0
0
0
0
0
0
0
0
0
0
-0.32619
0
0
0
0
0
0
0
0
0
0
0
0
0
0
0
0
0
0
0
0
0
0
-0.85526
0
0
0
0
0
0
0
0
0
0
0
0
0
0
0
0
0
0
0
0
0
0
0
0
0
0
0
0
0
0
-0.85028
0
0
0
0
0
0
0
0
0
0
0
0
0
0
0
0
0
0
0
0
0
0
0
0
0
0
0
0
0
0
0
0
0
0
0
0
0
0
2.5431
0
0
0
0
0
0
0
0
0
0
0
0
0
-0.83759
0
0
0
0
0
0
0
0
0
0
0
0
0
0
0
0
0
0
0
0
0
0
0
0
0
0
0
0
0
0
0
0
0
0
0
0
0
0
0
0
0
0
0
0
0
0
0
0
0
0
0
0
0
0
0
0
0
0
0
0
0
0
0
0
0
0
0
0
0
0
0
0
0
0
0
0
0
0
0
0
0
-1.8736
0
0
0
0
0
0
0
0
0
0
0
0
0
0
0
0
0
0
0
0
0
0
0
-2.0786
0
0
0
6.425
0
0
0
0
0
0
0
0
0
0
0
0
0
0
0
0
0
0
0
0
0
0
0
0
0
0
0
0
0
0
0
0
0
0
0
0
0
0
0
0
0
0
0
0
0
0
0
0
-2.4728
0
0
0
0
0
0
0
0
-1.2948
0
0
0
0
0
0
0
0
0
0
0
0
0
0
0
0
0
-1.2764
0
0
0
0
0
0
0
0
0
0
0
0
0
0
0
0
0
0
0
0
0
0
0
0
0
0
0
0
0
0
0
0
0
0
0
0
0
0
0
0
0
0
0
0
0
0
0
4.6746
0
0
0
0
0
0
0
0
0
0
0
0
0
0
-2.1034
0
0
0
0
0
0
0
0
0
0
0
0
0
0
0
0
0
0
0
0
0
0
0
0
0
0
0
0
0
0
0
0
0
-1.2582
-1.2455
-1.2452
0
0
0
0
0
0
0
0
0
0
0
0
0
0
0
0
0
0
0
0
0
0
0
0
0
0
0
0
0
0
0
0
0
0
0
0
0
0
0
0
0
0
0
0
0
0
0
0
0
0
0
0
0
0
0
0
0
0
0
0
0
0
0
0
0
0
0
0
0
0
0
0
3.7488
0
0
0
0
0
0
0
0
0
0
0
0
0
0
0
0
0
0
0
0
0
0
0
0
0
0
0
0
0
0
0
0
0
0
0
0
0
0
0
0
0
0
0
0
0
0
0
0
0
0
0
0
0
0
0
0
0
0
0
0
0
-2.3548
0
0
0
0
0
0
0
0
0
0
0
0
0
0
0
0
0
0
0
0
0
0
0
0
0
0
0
0
0
0
0
0
0
0
0
0
0
0
0
0
0
0
0
0
0
0
0
0
0
0
0
0
0
0
-2.2848
0
0
0
0
0
0
6.1272
-1.4876
0
0
0
0
0
0
0
0
0
0
0
0
0
0
0
0
0
0
0
0
0
0
0
0
0
0
0
0
0
0
0
0
0
0
0
0
0
0
0
0
0
0
0
0
0
0
0
0
0
0
0
0
0
0
0
0
0
0
0
0
0
0
0
0
0
0
0
0
0
0
0
-2.259
0
0
0
-2.2591
0
0
0
0
0
0
0
0
0
0
0
0
0
0
0
0
0
0
0
0
0
0
0
0
0
0
0
0
0
0
0
0
0
0
0
0
0
0
0
0
0
0
0
0
0
-1.4876
6.0056
0
0
0
0
0
0
0
0
0
0
0
0
0
0
0
0
0
0
0
0
0
0
0
0
0
0
0
0
0
0
0
0
0
0
0
0
0
0
0
0
0
0
0
0
0
-1.8296
-1.8258
0
0
0
0
0
0
0
0
0
0
0
0
0
0
0
0
0
0
0
0
0
0
0
0
0
0
0
0
0
0
0
0
0
0
0
0
0
0
0
0
0
0
0
0
0
0
0
0
0
0
0
0
0
0
0
0
0
0
0
0
0
0
0
0
0
0
0
0
0
0
0
0
0
0
0
0
6.1104
0
0
0
0
0
0
0
0
0
0
0
0
0
0
0
-2.4549
0
0
0
0
0
0
0
0
0
0
0
0
0
0
0
0
0
0
0
0
0
0
0
0
0
0
0
0
0
0
0
0
0
0
0
0
0
-0.99378
0
0
0
0
0
0
0
0
0
0
0
0
0
0
0
0
0
0
0
0
0
0
0
0
0
0
0
0
-0.99125
0
0
0
0
0
0
0
0
0
0
0
0
0
0
0
0
0
0
0
0
0
0
0
0
0
0
0
0
0
0
0
0
0
0
0
0
0
0
0
0
3.1117
0
0
0
0
0
0
0
0
0
0
0
0
0
0
0
0
0
0
0
0
0
0
0
0
0
0
0
0
0
0
0
0
0
0
0
0
0
-1.1266
0
0
0
0
0
0
-1.4354
0
0
0
0
0
0
0
0
0
0
0
0
0
0
0
0
0
0
0
0
0
0
0
0
0
0
0
0
-1.4197
0
0
0
0
0
0
0
0
0
0
0
0
0
0
0
0
0
0
0
0
0
0
0
0
0
0
0
0
0
0
0
0
0
0
0
0
0
0
0
0
0
0
0
0
0
0
0
0
0
5.0233
0
0
0
0
0
0
0
0
0
0
0
0
0
0
0
0
0
0
-2.1681
0
0
0
0
0
0
0
0
0
0
0
0
0
0
0
0
0
0
0
0
0
0
0
0
0
0
0
0
0
-3.4446
0
0
0
0
0
0
0
0
0
0
0
0
0
0
0
0
0
0
0
0
0
0
0
0
0
0
0
0
0
0
0
0
0
0
0
0
0
0
0
0
0
0
0
0
0
0
0
0
0
0
0
0
0
0
0
0
0
0
0
0
0
0
-1.9928
0
0
0
0
0
0
0
0
0
0
0
5.4373
0
0
0
0
0
0
0
0
0
0
0
0
0
0
0
0
0
0
0
0
0
0
0
0
0
0
0
0
0
0
0
0
0
0
0
0
0
0
0
0
0
0
0
0
0
0
0
0
0
0
0
0
0
0
0
0
0
0
0
0
0
0
0
0
0
0
0
0
0
0
0
0
0
0
0
0
0
0
0
0
0
0
0
0
0
0
0
0
0
0
0
0
0
0
0
0
0
0
-3.5931
0
0
0
0
0
0
0
0
0
0
-1.949
0
0
0
0
0
0
0
0
0
0
0
0
0
5.5421
0
0
0
0
0
0
0
0
0
0
0
0
0
0
0
0
0
0
0
0
0
0
0
0
0
0
0
0
0
0
0
0
0
0
0
0
0
0
0
0
0
0
0
-2.8718
0
0
0
0
0
0
0
0
0
0
0
0
0
0
0
0
0
0
0
0
0
0
0
0
0
0
0
0
0
0
0
0
0
0
0
0
0
0
0
0
0
0
0
0
0
0
0
0
0
0
0
0
0
0
0
0
0
0
0
0
0
0
0
0
0
0
-2.4962
0
0
0
0
0
0
0
0
0
0
0
0
5.368
0
0
0
0
0
0
0
0
0
0
0
0
0
0
0
0
0
0
0
0
0
0
0
0
0
0
0
0
0
0
0
0
0
0
0
0
0
0
0
0
0
0
0
0
0
0
0
0
0
0
0
0
0
0
0
0
0
0
0
0
0
0
0
0
0
0
0
-2.9578
0
0
0
0
0
0
0
0
0
0
0
0
0
0
0
0
0
0
0
0
0
0
0
0
0
0
0
0
0
0
0
0
0
0
0
0
0
0
0
0
0
-2.4739
0
0
0
0
0
0
0
0
0
0
0
0
0
5.4318
0
0
0
0
0
0
0
0
0
0
0
0
0
0
0
0
0
0
0
0
0
0
0
0
0
0
0
0
0
0
0
0
0
0
0
0
0
0
0
0
0
0
0
0
0
0
0
0
0
0
0
0
0
0
0
0
0
0
0
0
0
0
0
0
0
0
0
0
0
-1.4602
0
0
0
0
0
0
0
0
0
0
0
0
0
0
0
0
0
0
0
0
0
0
0
0
0
0
0
0
0
0
0
0
0
0
0
-1.5676
0
0
0
0
0
0
0
0
0
0
0
0
0
0
0
0
0
3.0278
0
0
0
0
0
0
0
0
0
0
0
0
0
0
0
0
0
0
0
0
0
0
0
0
0
0
0
0
0
0
0
0
0
0
0
0
0
0
0
0
0
0
0
0
0
0
0
0
0
0
0
0
0
0
0
0
0
0
0
0
0
0
0
0
0
0
0
0
0
0
0
0
0
0
0
0
0
0
0
0
0
0
0
0
0
0
0
0
0
0
0
0
0
0
0
0
0
0
0
0
0
0
0
0
0
0
0
0
0
-0.83759
0
0
0
0
0
0
0
0
0
0
0
0
0
0.83759
0
0
0
0
0
0
0
0
0
0
0
0
0
0
0
0
0
0
0
0
0
0
0
0
0
0
0
0
0
0
0
0
0
0
0
0
0
0
0
0
0
0
0
0
0
0
0
0
0
0
0
0
0
0
0
0
0
0
0
0
0
0
0
0
0
0
0
0
0
0
0
0
0
0
0
0
0
0
0
0
0
0
0
0
0
0
0
0
0
-2.0221
0
0
0
0
0
0
0
0
0
0
0
0
0
0
0
0
0
0
0
0
0
0
0
0
0
0
0
0
0
0
0
0
0
2.0221
0
0
0
0
0
0
0
0
0
0
0
0
0
0
0
0
0
0
0
0
0
0
0
0
0
0
0
0
0
0
0
0
0
0
0
0
0
0
0
0
0
0
0
0
0
-3.8842
0
0
0
0
0
0
0
0
0
0
0
0
0
0
0
0
0
0
0
0
0
0
0
0
0
0
0
0
0
0
0
0
0
0
0
0
0
0
0
0
0
0
0
0
0
0
0
0
0
0
0
0
0
0
0
0
0
0
0
0
0
0
0
0
0
0
0
0
0
0
0
0
0
0
0
0
0
3.8842
0
0
0
0
0
0
0
0
0
0
0
0
0
0
0
0
0
0
0
0
0
0
0
0
0
0
0
0
0
0
0
0
0
0
0
0
0
0
0
0
0
0
0
0
0
0
0
0
0
0
0
0
0
0
0
0
0
0
0
0
0
0
0
0
0
0
0
0
0
0
0
0
0
0
0
0
0
0
0
0
0
0
0
0
0
0
0
0
0
0
0
0
0
0
0
0
0
0
0
0
0
0
0
0
0
0
0
0
-2.1034
0
0
0
0
0
0
0
0
0
0
0
0
0
0
2.1034
0
0
0
0
0
0
0
0
0
0
0
0
0
0
0
0
0
0
0
0
0
0
0
0
0
0
0
0
0
0
0
0
0
0
0
0
0
0
0
0
0
0
0
0
0
0
0
0
0
0
0
0
0
0
0
0
0
0
0
0
0
0
0
0
-3.8205
0
0
0
0
0
0
0
0
0
0
0
0
0
0
0
0
0
0
0
0
0
0
0
0
0
0
0
0
0
0
0
0
0
0
0
0
0
0
0
0
0
0
0
0
0
0
0
0
0
0
0
0
0
0
0
0
0
0
3.8205
0
0
0
0
0
0
0
0
0
0
0
0
0
0
0
0
0
0
0
0
0
0
0
0
0
0
0
0
0
0
0
0
0
0
0
0
0
0
0
0
0
0
0
0
0
0
0
0
0
0
0
0
0
0
0
0
0
0
0
0
0
0
0
0
0
0
0
0
0
0
0
0
0
0
0
0
0
0
0
0
0
0
0
0
0
0
0
0
0
0
0
-1.7569
0
0
0
0
0
0
0
0
0
0
0
0
0
0
0
0
0
0
0
0
0
0
0
0
0
0
0
0
0
0
0
1.7569
0
0
0
0
0
0
0
0
0
0
0
0
0
0
0
0
0
0
0
0
0
0
0
0
0
0
0
0
0
0
0
0
0
0
0
0
0
0
0
0
0
0
0
0
0
0
0
0
0
0
0
0
0
0
0
0
0
0
0
0
0
0
0
-4.0148
0
0
0
0
0
0
0
0
0
0
0
0
0
0
0
0
0
0
0
0
0
0
0
0
0
0
0
0
0
0
0
0
0
0
0
0
0
0
0
0
0
0
0
0
0
0
0
0
0
0
0
0
0
0
0
0
0
0
0
4.0148
0
0
0
0
0
0
0
0
0
0
0
0
0
0
0
0
0
0
0
0
0
0
0
0
0
0
0
0
0
0
0
0
0
0
-4.8785
0
0
0
0
0
0
0
0
0
0
0
0
0
0
0
0
0
0
0
0
0
0
0
0
0
0
0
0
0
0
0
0
0
0
0
0
0
0
0
0
0
0
0
0
0
0
0
0
0
0
0
0
0
0
0
0
0
0
0
0
0
0
0
0
0
0
0
0
0
0
0
0
0
0
0
0
0
0
0
0
0
0
0
0
0
0
0
0
4.8785
0
0
0
0
0
0
0
0
0
0
0
0
0
0
0
0
0
0
0
0
0
0
0
0
0
0
0
0
0
0
0
0
0
0
0
0
0
0
0
0
0
0
0
0
0
0
0
0
0
0
0
0
0
0
0
0
0
0
0
0
0
0
0
0
0
0
0
0
0
0
0
0
0
0
0
0
0
0
0
0
0
0
0
0
0
0
0
0
0
0
0
0
0
0
0
0
0
0
0
0
0
0
0
0
0
0
0
-2.4549
0
0
0
0
0
0
0
0
0
0
0
0
0
0
0
2.4549
0
0
0
0
0
0
0
0
0
0
0
0
0
0
0
0
0
0
0
0
0
0
0
0
0
0
0
0
-5.0692
0
0
0
0
0
0
0
0
0
0
0
0
0
0
0
0
0
0
0
0
0
0
0
0
0
0
0
0
0
0
0
0
0
0
0
0
0
0
0
0
0
0
0
0
0
0
0
0
0
0
0
0
0
0
0
0
0
0
0
0
0
0
0
0
0
0
0
0
0
0
0
0
0
0
0
0
0
0
0
0
0
0
0
0
0
0
0
0
0
0
0
0
0
0
5.0692
0
0
0
0
0
0
0
0
0
0
0
0
0
0
0
0
0
0
0
0
0
0
0
0
0
0
0
0
0
0
0
0
0
0
0
0
0
0
0
0
0
0
0
0
0
0
0
0
0
0
0
0
0
0
0
0
0
0
0
0
0
0
0
0
0
0
0
0
0
0
0
0
0
0
0
0
0
0
0
0
0
0
0
0
0
-1.6157
0
0
0
0
0
0
0
0
0
0
0
0
0
0
0
0
0
0
0
0
0
0
0
0
0
0
0
0
0
0
0
0
0
0
0
0
0
1.6157
0
0
0
0
0
0
0
0
0
0
0
0
0
0
0
0
0
0
0
0
0
0
0
0
0
0
0
0
0
0
0
0
0
0
0
0
0
0
-3.887
0
0
0
0
0
0
0
0
0
0
0
0
0
0
0
0
0
0
0
0
0
0
0
0
0
0
0
0
0
0
0
0
0
0
0
0
0
0
0
0
0
0
0
0
0
0
0
0
0
0
0
0
0
0
0
0
0
0
0
0
0
0
0
0
0
0
0
0
0
0
0
0
0
0
0
0
0
0
0
0
0
0
0
0
3.887
0
0
0
0
0
0
0
0
0
0
0
0
0
0
0
0
0
0
0
0
0
0
0
0
0
0
0
0
0
0
0
0
0
0
0
0
0
0
0
0
0
0
0
0
0
0
0
0
-3.1383
0
0
0
0
0
0
0
0
0
0
0
0
0
0
0
0
0
0
0
0
0
0
0
0
0
0
0
0
0
0
0
0
0
0
0
0
0
0
0
0
0
0
0
0
0
0
0
0
0
0
0
0
0
0
0
0
0
0
0
0
0
0
0
0
0
0
0
0
0
0
0
0
0
0
3.1383
0
0
0
0
0
0
0
0
0
0
0
0
0
0
0
0
0
0
0
0
0
0
0
0
0
0
0
0
0
0
0
0
0
0
0
0
0
0
0
0
0
0
0
0
0
0
0
0
0
0
0
0
0
0
0
0
0
0
0
0
0
0
0
0
0
0
0
0
0
0
0
0
0
0
0
0
0
0
0
0
0
0
0
0
0
0
0
0
0
0
0
0
0
0
0
0
0
0
0
0
0
0
0
0
-2.1681
0
0
0
0
0
0
0
0
0
0
0
0
0
0
0
0
0
0
2.1681
0
0
0
0
0
0
0
0
0
0
0
0
0
0
0
0
0
0
0
0
0
0
0
0
0
0
0
0
0
0
0
0
0
0
0
0
0
0
0
0
0
0
0
0
0
0
0
0
0
0
0
0
0
0
0
0
0
0
0
0
0
0
0
0
0
0
0
0
0
0
0
0
0
0
0
0
0
-2.0223
0
0
0
0
0
0
0
0
0
0
0
0
0
0
0
0
0
0
0
0
0
0
0
0
0
0
0
0
0
0
0
0
0
0
0
0
0
0
0
0
0
0
0
0
0
2.0223
0
0
0
0
0
0
0
0
0
0
0
0
0
0
0
0
0
0
0
0
0
0
0
0
0
0
0
0
0
0
0
0
0
0
0
0
0
0
0
0
0
0
0
0
0
0
0
0
0
0
0
0
0
0
0
0
0
0
0
0
0
0
0
0
0
0
0
0
0
0
0
0
0
0
0
0
0
0
0
0
0
0
0
0
0
0
0
0
0
-1.5128
0
0
0
0
0
0
0
0
0
0
0
0
0
0
0
0
0
0
0
0
0
0
0
0
0
0
0
0
0
0
0
0
0
1.5128
0
0
0
0
0
0
0
0
0
0
0
0
0
0
0
0
0
0
0
0
0
0
0
0
0
0
0
0
0
0
0
0
0
0
0
0
0
0
0
0
0
0
0
0
0
0
0
0
0
0
0
0
0
0
0
0
0
0
0
0
0
0
0
0
0
0
0
0
0
0
0
0
0
0
0
0
0
0
0
0
0
0
0
0
0
0
0
0
0
0
0
0
-0.32619
0
0
0
0
0
0
0
0
0
0
0
0
0
0
0
0
0
0
0
0
0
0
0
0
0
0
0
0
0
0
0.32619
0
0
0
0
0
0
0
0
0
0
0
0
0
0
0
0
0
0
0
0
0
0
0
0
0
0
0
0
0
0
0
0
0
0
0
0
0
0
0
0
0
0
0
0
0
0
0
0
0
0
0
0
0
0
0
0
0
-2.8064
0
0
0
0
0
0
0
0
0
0
0
0
0
0
0
0
0
0
0
0
0
0
0
0
0
0
0
0
0
0
0
0
0
0
0
0
0
0
0
0
0
0
0
0
0
0
0
0
0
0
0
0
0
0
0
0
0
0
0
0
0
0
0
0
0
2.8064
0
0
0
0
0
0
0
0
0
0
0
0
0
0
0
0
0
0
0
0
0
0
0
0
0
0
0
0
0
0
0
0
0
0
0
0
0
0
0
0
0
0
0
0
0
0
0
0
0
0
0
0
0
0
0
0
0
0
0
0
0
0
0
0
0
0
0
0
0
0
0
0
0
0
0
0
0
-1.6157
0
0
0
0
0
0
0
0
0
0
0
0
0
0
0
0
0
0
0
0
0
0
0
0
0
0
0
0
0
0
0
0
0
0
0
0
0
0
0
0
0
0
0
0
0
1.6157
0
0
0
0
0
0
0
0
0
0
0
0
0
0
0
0
0
0
0
0
0
0
0
0
0
0
0
0
0
0
0
-4.0775
0
0
0
0
0
0
0
0
0
0
0
0
0
0
0
0
0
0
0
0
0
0
0
0
0
0
0
0
0
0
0
0
0
0
0
0
0
0
0
0
0
0
0
0
0
0
0
0
0
0
0
0
0
0
0
0
0
0
0
0
0
0
0
0
0
0
0
0
0
0
0
0
0
0
0
0
0
0
0
0
0
0
0
0
0
0
0
0
0
0
0
4.0775
0
0
0
0
0
0
0
0
0
0
0
0
0
0
0
0
0
0
0
-5.1331
0
0
0
0
0
0
0
0
0
0
0
0
0
0
0
0
0
0
0
0
0
0
0
0
0
0
0
0
0
0
0
0
0
0
0
0
0
0
0
0
0
0
0
0
0
0
0
0
0
0
0
0
0
0
0
0
0
0
0
0
0
0
0
0
0
0
0
0
0
0
0
0
0
0
0
0
0
0
0
0
0
0
0
0
0
0
0
0
0
0
0
0
0
0
0
0
0
0
0
0
0
0
0
5.1331
0
0
0
0
0
0
0
0
0
0
0
0
0
0
0
0
0
0
0
0
0
0
0
0
0
0
0
0
0
0
0
0
0
0
0
0
0
0
0
0
0
0
0
0
0
0
0
0
0
0
0
0
0
0
0
0
0
0
0
0
0
0
0
0
0
0
-2.2491
0
0
0
0
0
0
0
0
0
0
0
0
0
0
0
0
0
0
0
0
0
0
0
0
0
0
0
0
0
0
0
0
0
0
0
0
0
0
0
0
0
0
0
0
0
0
0
0
0
0
0
0
0
0
0
0
2.2491
0
0
0
0
0
0
0
0
0
0
0
0
0
0
0
0
0
0
0
0
0
0
0
0
0
0
0
0
0
0
0
0
0
0
0
0
0
0
0
0
0
0
0
0
0
0
0
-4.0146
0
0
0
0
0
0
0
0
0
0
0
0
0
0
0
0
0
0
0
0
0
0
0
0
0
0
0
0
0
0
0
0
0
0
0
0
0
0
0
0
0
0
0
0
0
0
0
0
0
0
0
0
0
0
0
0
0
0
0
0
0
0
0
0
0
0
0
0
0
0
0
0
0
0
0
4.0146
0
0
0
0
0
0
0
0
0
0
0
0
0
0
0
0
0
0
0
0
0
0
0
0
0
0
0
0
0
0
0
0
0
0
0
0
0
0
0
0
0
0
0
0
0
0
0
0
0
0
0
0
0
0
0
0
0
0
0
0
0
-2.6771
0
0
0
0
0
0
0
0
0
0
0
0
0
0
0
0
0
0
0
0
0
0
0
0
0
0
0
0
0
0
0
0
0
0
0
0
0
0
0
0
0
0
0
0
0
0
0
0
0
0
0
0
0
0
0
0
0
0
0
0
0
2.6771
0
0
0
0
0
0
0
0
0
0
0
0
0
-5.0692
0
0
0
0
0
0
0
0
0
0
0
0
0
0
0
0
0
0
0
0
0
0
0
0
0
0
0
0
0
0
0
0
0
0
0
0
0
0
0
0
0
0
0
0
0
0
0
0
0
0
0
0
0
0
0
0
0
0
0
0
0
0
0
0
0
0
0
0
0
0
0
0
0
0
0
0
0
0
0
0
0
0
0
0
0
0
0
0
0
0
0
0
0
0
0
0
0
0
0
0
0
0
0
0
0
0
0
0
0
5.0692
0
0
0
0
0
0
0
0
0
0
0
0
0
0
0
0
0
0
0
0
0
0
0
0
0
0
0
0
0
0
0
0
0
0
0
0
0
0
0
0
-4.481
0
0
0
0
0
0
0
0
0
0
0
0
0
0
0
0
0
0
0
0
0
0
0
0
0
0
0
0
0
0
0
0
0
0
0
0
0
0
0
0
0
0
0
0
0
0
0
0
0
0
0
0
0
0
0
0
0
0
0
0
0
0
0
0
0
0
0
0
0
0
0
0
0
0
0
0
0
0
0
0
0
0
4.481
0
0
0
0
0
0
0
0
0
0
0
0
0
0
0
0
0
0
0
0
0
0
0
0
0
0
0
0
0
-3.1822
0
0
0
0
0
0
0
0
0
0
0
0
0
0
0
0
0
0
0
0
0
0
0
0
0
0
0
0
0
0
0
0
0
0
0
0
0
0
0
0
0
0
0
0
0
0
0
0
0
0
0
0
0
0
0
0
0
0
0
0
0
0
0
0
0
0
0
0
0
0
0
0
0
0
0
0
0
0
0
0
0
0
0
0
0
0
0
0
0
0
0
0
0
3.1822
0
0
0
0
0
0
0
0
0
0
0
0
0
0
0
0
0
0
0
0
0
0
0
0
0
0
0
0
0
0
0
0
0
0
0
0
0
0
0
0
0
0
0
0
0
0
0
0
0
0
-2.4683
0
0
0
0
0
0
0
0
0
0
0
0
0
0
0
0
0
0
0
0
0
0
0
0
0
0
0
0
0
0
0
0
0
0
0
0
0
0
0
0
0
0
0
0
0
0
0
0
0
0
0
0
0
0
0
0
0
0
0
0
0
0
0
0
0
0
0
0
0
0
0
0
2.4683
0
0
0
0
0
0
0
0
0
0
0
0
0
0
0
0
0
0
0
0
0
0
0
0
0
0
0
0
0
0
0
0
0
0
0
0
0
0
0
0
0
0
0
0
0
0
0
0
0
0
0
0
0
0
0
0
-2.6768
0
0
0
0
0
0
0
0
0
0
0
0
0
0
0
0
0
0
0
0
0
0
0
0
0
0
0
0
0
0
0
0
0
0
0
0
0
0
0
0
0
0
0
0
0
0
0
0
0
0
0
0
0
0
0
0
0
0
0
0
0
0
0
0
0
0
2.6768
0
0
0
0
0
0
0
0
0
0
0
0
0
0
0
0
0
0
0
0
0
0
0
0
0
0
0
0
0
0
0
0
0
0
0
0
0
0
0
0
0
0
0
0
0
0
0
0
0
0
0
0
0
0
0
0
0
0
0
0
0
0
0
0
0
0
0
0
0
0
0
0
0
0
0
0
0
0
-2.5513
0
0
0
0
0
0
0
0
0
0
0
0
0
0
0
0
0
0
0
0
0
0
0
0
0
0
0
0
0
0
0
0
0
0
0
0
0
0
0
0
0
0
0
0
2.5513
0
0
0
0
0
0
0
0
-5.1695
0
0
0
0
0
0
0
0
0
0
0
0
0
0
0
0
0
0
0
0
0
0
0
0
0
0
0
0
0
0
0
0
0
0
0
0
0
0
0
0
0
0
0
0
0
0
0
0
0
0
0
0
0
0
0
0
0
0
0
0
0
0
0
0
0
0
0
0
0
0
0
0
0
0
0
0
0
0
0
0
0
0
0
0
0
0
0
0
0
0
0
0
0
0
0
0
0
0
0
0
0
0
0
0
0
0
0
0
0
0
0
0
0
0
5.1695
0
0
0
0
0
0
0
0
0
0
0
0
0
0
0
0
0
0
0
0
0
0
0
0
0
0
0
0
0
0
0
0
0
0
0
0
0
0
0
0
0
0
0
0
0
0
0
0
0
0
0
0
0
0
0
0
0
0
0
0
0
0
0
0
0
0
0
0
0
0
0
0
0
0
0
0
0
0
0
0
0
0
0
0
0
-1.1266
0
0
0
0
0
0
0
0
0
0
0
0
0
0
0
0
0
0
0
0
0
0
0
0
0
0
0
0
0
0
0
0
0
0
0
0
0
1.1266
0
0
0
0
0
0
0
0
0
0
0
0
0
-4.7045
0
0
0
0
0
0
0
0
0
0
0
0
0
0
0
0
0
0
0
0
0
0
0
0
0
0
0
0
0
0
0
0
0
0
0
0
0
0
0
0
0
0
0
0
0
0
0
0
0
0
0
0
0
0
0
0
0
0
0
0
0
0
0
0
0
0
0
0
0
0
0
0
0
0
0
0
0
0
0
0
0
0
0
0
0
0
0
0
0
0
0
0
0
0
0
0
0
0
0
0
0
0
0
0
0
0
0
0
0
4.7045
0
0
0
0
0
0
0
0
0
0
0
0
0
0
0
0
0
0
0
0
0
0
0
0
0
0
0
0
0
0
0
0
-4.4805
0
0
0
0
0
0
0
0
0
0
0
0
0
0
0
0
0
0
0
0
0
0
0
0
0
0
0
0
0
0
0
0
0
0
0
0
0
0
0
0
0
0
0
0
0
0
0
0
0
0
0
0
0
0
0
0
0
0
0
0
0
0
0
0
0
0
0
0
0
0
0
0
0
0
0
0
0
0
0
0
0
0
0
0
0
0
0
0
0
0
4.4805
0
0
0
0
0
0
0
0
0
0
0
0
0
0
0
0
0
0
0
0
0
0
0
0
0
0
0
0
0
0
0
0
0
0
-3.8196
0
0
0
0
0
0
0
0
0
0
0
0
0
0
0
0
0
0
0
0
0
0
0
0
0
0
0
0
0
0
0
0
0
0
0
0
0
0
0
0
0
0
0
0
0
0
0
0
0
0
0
0
0
0
0
0
0
0
0
0
0
0
0
0
0
0
0
0
0
0
0
0
0
0
0
0
0
0
0
0
0
0
0
0
0
0
0
0
3.8196
0
0
0
0
0
0
0
0
0
0
0
0
0
0
0
0
0
0
0
0
0
0
0
0
0
0
0
0
0
0
0
0
0
0
0
0
0
0
0
0
0
0
0
0
0
0
0
0
0
0
0
-2.2884
0
0
0
0
0
0
0
0
0
0
0
0
0
0
0
0
0
0
0
0
0
0
0
0
0
0
0
0
0
0
0
0
0
0
0
0
0
0
0
0
0
0
0
0
0
0
0
0
0
0
0
0
0
0
0
0
0
0
0
0
0
0
0
0
0
0
0
0
0
0
0
2.2884
0
0
0
0
0
0
0
0
0
0
0
0
0
0
0
0
0
0
0
0
0
0
0
0
0
0
0
0
0
0
0
0
0
0
0
0
0
0
0
0
0
0
0
0
0
0
0
0
0
0
0
0
0
0
0
0
0
0
0
0
0
0
0
0
0
0
0
0
0
0
0
0
0
0
-2.4728
0
0
0
0
0
0
0
0
0
0
0
0
0
0
0
0
0
0
0
0
0
0
0
0
0
0
0
0
0
0
0
0
0
0
0
0
0
0
0
0
0
0
0
0
0
0
0
0
2.4728
