71.9575
-0.96656
-0.96636
-0.96734
-0.96762
-0.96697
-0.96813
-0.96698
-0.9672
-0.96601
-0.96657
-0.96613
-0.96657
-0.96649
-0.96601
-0.96564
-0.96564
-0.9648
-0.96528
-0.96478
-0.96477
-0.96477
-0.9648
-0.96495
-0.9656
-0.96648
-0.9666
-0.96638
-0.96704
-0.9664
-0.96651
-0.9668
-0.96662
-0.96601
-0.96548
-0.96547
-0.96547
-0.96606
-0.96517
-0.96415
-0.96478
-0.96417
-0.96416
-0.96362
-0.96366
-0.96487
-0.96508
-0.96615
-0.96547
-0.96653
-0.96641
-0.96575
-0.96556
-0.966
-0.96601
-0.96447
-0.96608
-0.96695
-0.9643
-0.96666
-0.96681
-0.96525
-0.96658
-0.96449
-0.96664
-0.97613
-0.97456
0
0
0
0
0
0
0
0
-0.89318
0
0
-0.73106
0
0
0
0
0
0
0
0
0
0
0
0
0
0
0
0
-3.2848
0
0
0
0
0
0
0
0
0
0
0
0
0
0
-3.2847
0
0
0
0
0
0
0
0
0
0
0
0
-0.96656
69.3255
-0.96616
-0.96715
-0.96743
-0.96679
-0.96781
-0.96678
-0.96705
-0.96582
-0.96642
-0.96594
-0.96641
-0.96635
-0.96576
-0.96542
-0.96544
-0.9646
-0.96514
-0.96461
-0.96456
-0.9646
-0.96457
-0.96481
-0.9654
-0.96627
-0.96634
-0.96618
-0.96693
-0.96619
-0.96645
-0.96669
-0.96654
-0.96583
-0.96529
-0.96527
-0.9653
-0.96588
-0.96496
-0.96399
-0.96462
-0.96399
-0.96397
-0.96345
-0.96345
-0.96469
-0.9649
-0.96609
-0.96529
-0.96639
-0.96626
-0.96555
-0.96536
-0.96585
-0.96588
-0.96429
-0.96584
-0.96663
-0.96432
-0.96654
-0.96662
-0.96503
-0.96636
-0.9643
-0.96637
-0.97581
-0.97426
0
0
0
0
0
0
0
0
-0.8922
0
0
-0.731
0
-0.72859
0
0
0
0
0
0
0
0
0
0
0
0
0
0
0
0
0
0
0
0
0
0
0
0
0
0
0
0
0
0
0
0
0
0
0
-3.2219
0
0
0
0
0
0
-0.96636
-0.96616
68.572
-0.96699
-0.96731
-0.96664
-0.96771
-0.96665
-0.96695
-0.9657
-0.96628
-0.96577
-0.96629
-0.96625
-0.96565
-0.96532
-0.96534
-0.96449
-0.965
-0.96449
-0.96446
-0.96446
-0.96446
-0.96469
-0.96526
-0.96615
-0.96624
-0.96605
-0.96682
-0.96606
-0.96616
-0.96659
-0.96646
-0.96587
-0.96515
-0.96515
-0.96514
-0.96575
-0.96487
-0.96384
-0.9645
-0.96381
-0.96387
-0.96332
-0.96331
-0.96454
-0.96477
-0.96597
-0.96516
-0.96627
-0.96616
-0.96543
-0.96522
-0.96575
-0.96575
-0.96413
-0.96568
-0.96652
-0.96423
-0.96641
-0.96647
-0.9649
-0.9662
-0.96413
-0.9662
-0.97562
-0.97403
0
0
0
0
0
-0.72823
0
0
-0.89208
0
0
0
0
0
0
0
0
0
0
0
0
0
0
0
0
0
0
0
0
0
0
0
0
0
0
0
0
0
0
-3.2084
0
0
0
0
0
0
0
0
0
0
0
0
0
0
0
0
-0.96734
-0.96715
-0.96699
65.4411
-0.96833
-0.96762
-0.96857
-0.9676
-0.96803
-0.96671
-0.9673
-0.96678
-0.96728
-0.96729
-0.96654
-0.9663
-0.96629
-0.96545
-0.96604
-0.96545
-0.96544
-0.96542
-0.96545
-0.96571
-0.96626
-0.96711
-0.96721
-0.96703
-0.96798
-0.96703
-0.96711
-0.96768
-0.96752
-0.96672
-0.96611
-0.96613
-0.96613
-0.96677
-0.96596
-0.96479
-0.96552
-0.96482
-0.9648
-0.96431
-0.96429
-0.96557
-0.96574
-0.96708
-0.96614
-0.96728
-0.96716
-0.96639
-0.96619
-0.96676
-0.96676
-0.96513
-0.96656
-0.96739
-0.96546
-0.96743
-0.96742
-0.96582
-0.96718
-0.96508
-0.96711
-0.9765
-0.97489
0
0
0
0
0
0
0
0
0
0
0
0
0
0
0
0
-1.6336
0
0
0
0
0
0
0
0
0
0
0
0
0
0
0
0
0
0
0
0
0
0
0
0
0
0
0
0
0
0
0
0
0
0
0
0
0
0
0
-0.96762
-0.96743
-0.96731
-0.96833
67.0148
-0.96796
-0.96904
-0.96797
-0.96835
-0.96705
-0.96761
-0.96711
-0.9676
-0.9676
-0.96695
-0.96661
-0.96661
-0.96576
-0.96632
-0.96576
-0.96577
-0.96578
-0.96575
-0.96598
-0.96658
-0.96745
-0.96761
-0.96737
-0.96816
-0.96737
-0.96749
-0.96794
-0.96777
-0.967
-0.96645
-0.96646
-0.96644
-0.96706
-0.96624
-0.96516
-0.9658
-0.96515
-0.96515
-0.96463
-0.96464
-0.96587
-0.96608
-0.96731
-0.96649
-0.96756
-0.96747
-0.96674
-0.96651
-0.96703
-0.96708
-0.96545
-0.96699
-0.96782
-0.96557
-0.96773
-0.96779
-0.9662
-0.96753
-0.96544
-0.96753
-0.97694
-0.97536
0
0
0
0
0
0
0
0
0
0
0
0
0
0
0
0
0
0
0
0
0
0
0
0
0
0
-3.1861
0
0
0
0
0
0
0
0
0
0
0
0
0
0
0
0
0
0
0
0
0
0
0
0
0
0
0
0
0
-0.96697
-0.96679
-0.96664
-0.96762
-0.96796
63.7829
-0.96821
-0.96723
-0.96773
-0.96635
-0.96693
-0.96637
-0.96694
-0.96694
-0.96618
-0.96591
-0.96591
-0.96505
-0.96565
-0.96505
-0.96506
-0.96508
-0.96504
-0.96533
-0.96586
-0.96676
-0.96683
-0.96665
-0.96751
-0.96667
-0.96674
-0.96729
-0.96712
-0.96634
-0.96572
-0.96575
-0.96575
-0.9664
-0.96552
-0.96446
-0.96513
-0.96443
-0.96444
-0.96393
-0.96392
-0.9652
-0.96536
-0.96668
-0.96576
-0.96688
-0.96678
-0.96602
-0.96584
-0.96637
-0.96638
-0.9647
-0.96618
-0.96702
-0.96505
-0.96707
-0.96703
-0.96545
-0.96678
-0.96473
-0.96677
-0.97616
-0.97457
0
0
0
0
0
0
0
0
0
0
0
0
0
0
0
0
0
0
0
0
0
0
0
0
0
0
0
0
0
0
0
0
0
0
0
0
0
0
0
0
0
0
0
0
0
0
0
0
0
0
0
0
0
0
0
0
-0.96813
-0.96781
-0.96771
-0.96857
-0.96904
-0.96821
66.3886
-0.9682
-0.96878
-0.96723
-0.96799
-0.96734
-0.96799
-0.96798
-0.96648
-0.96682
-0.96685
-0.96597
-0.96669
-0.96596
-0.96598
-0.96597
-0.96598
-0.96638
-0.96677
-0.96765
-0.96745
-0.96759
-0.96875
-0.9676
-0.96735
-0.9685
-0.96833
-0.96722
-0.96663
-0.96662
-0.96664
-0.96748
-0.96649
-0.96533
-0.96624
-0.96536
-0.96535
-0.96487
-0.96484
-0.96618
-0.96629
-0.96792
-0.96669
-0.96798
-0.96789
-0.96692
-0.96674
-0.96751
-0.96749
-0.96568
-0.96606
-0.9666
-0.96634
-0.96825
-0.96795
-0.96635
-0.96769
-0.96557
-0.96766
0
0
0
-1.5901
0
0
0
0
0
0
0
0
0
0
0
0
-2.9076
0
0
0
0
0
0
0
0
0
0
0
0
0
0
0
0
0
0
0
0
0
0
0
0
0
0
0
0
0
0
0
0
0
0
0
0
0
0
0
0
0
-0.96698
-0.96678
-0.96665
-0.9676
-0.96797
-0.96723
-0.9682
63.783
-0.96774
-0.96634
-0.96694
-0.96637
-0.96692
-0.96693
-0.96618
-0.96592
-0.96589
-0.96506
-0.96565
-0.96506
-0.96505
-0.96506
-0.96505
-0.96533
-0.96588
-0.96674
-0.96686
-0.96666
-0.96751
-0.96664
-0.96675
-0.96731
-0.96712
-0.96632
-0.96576
-0.96575
-0.96574
-0.96638
-0.96553
-0.96443
-0.96514
-0.96443
-0.96445
-0.96392
-0.96392
-0.9652
-0.96537
-0.96668
-0.96577
-0.96687
-0.96678
-0.96599
-0.96581
-0.96639
-0.96639
-0.96475
-0.96619
-0.96703
-0.96506
-0.96703
-0.96704
-0.96547
-0.96679
-0.96471
-0.96676
-0.97619
-0.97455
0
0
0
0
0
0
0
0
0
0
0
0
0
0
0
0
0
0
0
0
0
0
0
0
0
0
0
0
0
0
0
0
0
0
0
0
0
0
0
0
0
0
0
0
0
0
0
0
0
0
0
0
0
0
0
0
-0.9672
-0.96705
-0.96695
-0.96803
-0.96835
-0.96773
-0.96878
-0.96774
65.605
-0.96674
-0.96732
-0.96688
-0.96731
-0.96734
-0.96665
-0.96635
-0.96634
-0.96545
-0.96601
-0.96549
-0.96551
-0.96549
-0.96546
-0.96566
-0.96631
-0.96717
-0.96741
-0.96708
-0.96776
-0.96708
-0.96716
-0.96758
-0.96739
-0.96669
-0.96618
-0.9662
-0.96618
-0.96674
-0.96584
-0.96486
-0.9655
-0.96484
-0.96485
-0.96435
-0.96434
-0.96556
-0.96578
-0.9669
-0.96619
-0.96723
-0.96714
-0.96643
-0.96621
-0.96672
-0.96672
-0.96517
-0.9667
-0.96762
-0.96513
-0.96737
-0.96752
-0.9659
-0.96727
-0.96518
0
0
0
0
0
0
0
-0.80968
0
0
-0.72986
0
0
0
0
0
0
0
0
0
0
0
0
0
0
0
0
0
0
0
0
0
0
0
0
0
0
0
0
0
0
0
0
0
0
0
0
0
0
0
0
0
0
0
-3.1754
0
0
0
0
-0.96601
-0.96582
-0.9657
-0.96671
-0.96705
-0.96635
-0.96723
-0.96634
-0.96674
62.5012
-0.96597
-0.96547
-0.96595
-0.96597
-0.96523
-0.96497
-0.96497
-0.96413
-0.9647
-0.96415
-0.96412
-0.96412
-0.96415
-0.96434
-0.96494
-0.96583
-0.96588
-0.96574
-0.96653
-0.9657
-0.96575
-0.96629
-0.96616
-0.96536
-0.96478
-0.9648
-0.96483
-0.96546
-0.96474
-0.96349
-0.96419
-0.9635
-0.96349
-0.96297
-0.963
-0.96425
-0.96442
-0.96571
-0.96483
-0.96592
-0.96582
-0.96506
-0.96488
-0.96543
-0.96544
-0.96381
-0.96525
-0.96607
-0.96408
-0.96609
-0.96611
-0.96453
-0.96585
-0.96379
-0.96585
0
0
0
0
0
0
0
0
0
0
0
0
0
0
-0.72842
0
0
0
0
0
0
0
0
0
0
0
0
0
0
0
0
0
0
0
0
0
0
0
0
0
0
0
0
0
0
0
0
0
0
0
0
0
0
0
0
0
0
0
-0.96657
-0.96642
-0.96628
-0.9673
-0.96761
-0.96693
-0.96799
-0.96694
-0.96732
-0.96597
64.9681
-0.96605
-0.96654
-0.96655
-0.96587
-0.96556
-0.96555
-0.9647
-0.96524
-0.9647
-0.9647
-0.9647
-0.96471
-0.96492
-0.96549
-0.96637
-0.96651
-0.96628
-0.96706
-0.96629
-0.9664
-0.96682
-0.96667
-0.96595
-0.96539
-0.9654
-0.96539
-0.966
-0.96514
-0.96407
-0.96476
-0.96406
-0.96408
-0.96357
-0.96355
-0.96479
-0.96499
-0.96623
-0.96539
-0.96649
-0.96636
-0.96564
-0.96547
-0.96598
-0.96597
-0.96439
-0.96589
-0.96678
-0.96445
-0.96666
-0.96672
-0.9651
-0.96644
-0.9644
-0.96646
0
0
0
0
0
0
0
0
0
0
0
0
0
0
0
0
0
0
0
0
0
0
0
-3.1591
0
0
0
0
0
0
0
0
0
0
0
0
0
0
0
0
0
0
0
0
0
0
0
0
0
0
0
0
0
0
0
0
0
0
-0.96613
-0.96594
-0.96577
-0.96678
-0.96711
-0.96637
-0.96734
-0.96637
-0.96688
-0.96547
-0.96605
62.7528
-0.96606
-0.9661
-0.9653
-0.96502
-0.96507
-0.96418
-0.96478
-0.96421
-0.96419
-0.96419
-0.96419
-0.96445
-0.965
-0.9659
-0.96598
-0.96581
-0.96662
-0.96579
-0.96585
-0.96643
-0.96626
-0.96547
-0.96489
-0.96488
-0.96487
-0.96553
-0.9647
-0.96357
-0.96427
-0.96355
-0.96355
-0.96306
-0.96303
-0.96432
-0.96448
-0.9658
-0.96487
-0.966
-0.96592
-0.96514
-0.96494
-0.96551
-0.96551
-0.96388
-0.96529
-0.96613
-0.96417
-0.96619
-0.96615
-0.96458
-0.96591
-0.96386
-0.9659
-0.97529
0
0
0
0
0
0
0
0
0
0
0
0
0
0
0
0
0
0
0
0
0
0
0
0
0
0
0
0
0
0
0
0
0
0
0
0
0
0
0
0
0
0
0
0
0
0
0
0
0
0
0
0
0
0
0
0
0
-0.96657
-0.96641
-0.96629
-0.96728
-0.9676
-0.96694
-0.96799
-0.96692
-0.96731
-0.96595
-0.96654
-0.96606
64.9678
-0.96654
-0.96588
-0.96553
-0.96554
-0.96469
-0.96523
-0.96468
-0.96469
-0.96468
-0.96467
-0.96491
-0.9655
-0.96637
-0.96649
-0.96628
-0.96704
-0.96629
-0.96641
-0.96681
-0.96667
-0.96593
-0.9654
-0.96538
-0.9654
-0.96598
-0.96513
-0.96407
-0.96476
-0.96407
-0.9641
-0.96355
-0.96353
-0.9648
-0.965
-0.96622
-0.96538
-0.96646
-0.96638
-0.96565
-0.96547
-0.96596
-0.96598
-0.96439
-0.96592
-0.96677
-0.96445
-0.96663
-0.96672
-0.9651
-0.96646
-0.96439
-0.96647
0
0
0
0
0
0
0
0
0
0
0
0
0
0
0
0
0
0
0
0
0
0
0
0
0
0
0
0
0
0
0
0
-3.1591
0
0
0
0
0
0
0
0
0
0
0
0
0
0
0
0
0
0
0
0
0
0
0
0
0
-0.96649
-0.96635
-0.96625
-0.96729
-0.9676
-0.96694
-0.96798
-0.96693
-0.96734
-0.96597
-0.96655
-0.9661
-0.96654
64.8099
-0.96586
-0.96554
-0.96555
-0.96468
-0.9652
-0.96466
-0.96467
-0.96468
-0.96467
-0.96488
-0.96548
-0.96636
-0.96642
-0.96627
-0.96698
-0.96626
-0.96635
-0.96678
-0.9666
-0.96591
-0.96535
-0.96536
-0.96536
-0.96592
-0.96509
-0.96406
-0.9647
-0.96405
-0.96404
-0.96353
-0.96355
-0.96476
-0.96495
-0.96614
-0.96538
-0.96644
-0.96633
-0.96563
-0.96543
-0.96591
-0.96593
-0.96436
-0.96591
-0.96682
-0.96436
-0.9666
-0.96669
-0.96513
-0.96644
-0.96437
0
0
0
0
0
0
0
-0.80946
0
0
0
0
0
0
0
0
0
0
0
0
0
0
0
0
0
0
0
0
0
0
0
0
0
0
0
0
0
0
0
0
0
-3.1598
0
0
0
0
0
0
0
0
0
0
0
0
0
0
0
0
0
-0.96601
-0.96576
-0.96565
-0.96654
-0.96695
-0.96618
-0.96648
-0.96618
-0.96665
-0.96523
-0.96587
-0.9653
-0.96588
-0.96586
62.7741
-0.96481
-0.9648
-0.96393
-0.96459
-0.96392
-0.96392
-0.96395
-0.96393
-0.96425
-0.96475
-0.96563
-0.96543
-0.96554
-0.9665
-0.96555
-0.96531
-0.96627
-0.96613
-0.96522
-0.96463
-0.96463
-0.96462
-0.96535
-0.96442
-0.96332
-0.96408
-0.9633
-0.96332
-0.9628
-0.96281
-0.96413
-0.96423
-0.96568
-0.96465
-0.96584
-0.96572
-0.9649
-0.96471
-0.96532
-0.96531
-0.96362
-0.9647
-0.96546
-0.9641
-0.96608
-0.96592
-0.9643
-0.96564
-0.96357
0
0
0
0
0
0
0
0
0
0
0
0
-1.9779
0
0
0
0
0
0
0
0
0
0
0
0
0
0
0
0
0
0
0
0
0
0
0
0
0
0
0
0
0
0
0
0
0
0
0
0
0
0
0
0
0
0
0
0
0
0
-0.96564
-0.96542
-0.96532
-0.9663
-0.96661
-0.96591
-0.96682
-0.96592
-0.96635
-0.96497
-0.96556
-0.96502
-0.96553
-0.96554
-0.96481
61.7458
-0.96452
-0.96368
-0.96428
-0.9637
-0.96368
-0.96368
-0.9637
-0.96394
-0.96451
-0.96538
-0.96545
-0.96529
-0.96612
-0.96529
-0.96535
-0.96589
-0.96571
-0.96496
-0.96437
-0.96437
-0.96438
-0.96502
-0.96416
-0.96306
-0.96374
-0.96307
-0.96308
-0.96257
-0.96253
-0.96384
-0.96399
-0.96526
-0.9644
-0.9655
-0.96539
-0.96463
-0.96445
-0.96501
-0.965
-0.96338
-0.96481
-0.96566
-0.96368
-0.96569
-0.96565
-0.96408
-0.96543
-0.96335
-0.96543
0
0
0
0
0
0
0
0
0
0
0
0
0
0
0
0
0
0
0
0
0
0
0
0
0
0
0
0
0
0
0
0
0
0
0
0
0
0
0
0
0
0
0
0
0
0
0
0
0
0
0
0
0
0
0
0
0
0
-0.96564
-0.96544
-0.96534
-0.96629
-0.96661
-0.96591
-0.96685
-0.96589
-0.96634
-0.96497
-0.96555
-0.96507
-0.96554
-0.96555
-0.9648
-0.96452
61.746
-0.96369
-0.96427
-0.96369
-0.96368
-0.96369
-0.96368
-0.96393
-0.96451
-0.96539
-0.96545
-0.96532
-0.96612
-0.96532
-0.96536
-0.96587
-0.96571
-0.96499
-0.96437
-0.9644
-0.9644
-0.96503
-0.96414
-0.96303
-0.96375
-0.96307
-0.96307
-0.96253
-0.96255
-0.9638
-0.964
-0.96528
-0.96438
-0.96549
-0.9654
-0.96466
-0.96446
-0.96501
-0.96501
-0.96339
-0.96481
-0.96563
-0.96367
-0.96568
-0.96568
-0.96407
-0.96545
-0.96335
-0.96542
0
0
0
0
0
0
0
0
0
0
0
0
0
0
0
0
0
0
0
0
0
0
0
0
0
0
0
0
0
0
0
0
0
0
0
0
0
0
0
0
0
0
0
0
0
0
0
0
0
0
0
0
0
0
0
0
0
0
-0.9648
-0.9646
-0.96449
-0.96545
-0.96576
-0.96505
-0.96597
-0.96506
-0.96545
-0.96413
-0.9647
-0.96418
-0.96469
-0.96468
-0.96393
-0.96368
-0.96369
60.7265
-0.96341
-0.96279
-0.9628
-0.96278
-0.96282
-0.96307
-0.96367
-0.96451
-0.96458
-0.96444
-0.96521
-0.96445
-0.96445
-0.965
-0.96485
-0.96407
-0.9635
-0.9635
-0.9635
-0.96414
-0.96328
-0.9622
-0.96289
-0.96221
-0.9622
-0.96168
-0.96166
-0.96294
-0.96311
-0.96442
-0.96351
-0.9646
-0.96451
-0.96377
-0.96359
-0.96414
-0.96412
-0.9625
-0.96393
-0.96478
-0.96278
-0.96481
-0.96479
-0.96321
-0.96455
-0.96246
0
0
0
0
0
0
0
0
0
0
0
0
0
0
0
0
0
0
0
0
0
0
0
0
0
0
0
0
0
0
0
0
0
0
0
0
0
0
0
0
0
0
0
0
0
0
0
0
0
0
0
0
0
0
0
0
0
0
0
-0.96528
-0.96514
-0.965
-0.96604
-0.96632
-0.96565
-0.96669
-0.96565
-0.96601
-0.9647
-0.96524
-0.96478
-0.96523
-0.9652
-0.96459
-0.96428
-0.96427
-0.96341
62.9254
-0.9634
-0.96338
-0.96339
-0.96339
-0.96357
-0.9642
-0.96506
-0.96512
-0.96497
-0.96566
-0.96499
-0.96504
-0.96542
-0.9653
-0.96461
-0.96405
-0.96404
-0.96407
-0.96462
-0.96378
-0.96273
-0.9634
-0.96275
-0.96275
-0.96222
-0.96225
-0.96346
-0.96366
-0.96485
-0.96407
-0.96514
-0.96503
-0.96432
-0.96412
-0.96463
-0.96464
-0.96305
-0.96458
-0.96544
-0.96307
-0.96527
-0.96535
-0.96377
-0.96511
0
0
0
0
0
0
0
0
0
0
0
0
0
0
0
0
0
0
0
0
0
0
0
0
0
0
0
0
0
0
0
0
0
0
0
0
0
0
0
0
0
0
0
0
0
0
0
0
0
-3.1282
0
0
0
0
0
0
0
0
0
0
-0.96478
-0.96461
-0.96449
-0.96545
-0.96576
-0.96505
-0.96596
-0.96506
-0.96549
-0.96415
-0.9647
-0.96421
-0.96468
-0.96466
-0.96392
-0.9637
-0.96369
-0.96279
-0.9634
60.7265
-0.96278
-0.96279
-0.96279
-0.96304
-0.96365
-0.96452
-0.96457
-0.96447
-0.96522
-0.96446
-0.96445
-0.96497
-0.96483
-0.96407
-0.96353
-0.96351
-0.96348
-0.96414
-0.96326
-0.96221
-0.96288
-0.96221
-0.96219
-0.96167
-0.96167
-0.96295
-0.96313
-0.96441
-0.96351
-0.96465
-0.96452
-0.96378
-0.96358
-0.96413
-0.96411
-0.96252
-0.96394
-0.96477
-0.96278
-0.96481
-0.96479
-0.9632
-0.96455
-0.96247
0
0
0
0
0
0
0
0
0
0
0
0
0
0
0
0
0
0
0
0
0
0
0
0
0
0
0
0
0
0
0
0
0
0
0
0
0
0
0
0
0
0
0
0
0
0
0
0
0
0
0
0
0
0
0
0
0
0
0
-0.96477
-0.96456
-0.96446
-0.96544
-0.96577
-0.96506
-0.96598
-0.96505
-0.96551
-0.96412
-0.9647
-0.96419
-0.96469
-0.96467
-0.96392
-0.96368
-0.96368
-0.9628
-0.96338
-0.96278
60.7261
-0.9628
-0.96277
-0.96306
-0.96366
-0.96453
-0.96456
-0.96442
-0.96521
-0.96442
-0.96446
-0.96499
-0.96486
-0.96406
-0.96348
-0.96352
-0.9635
-0.96413
-0.96328
-0.96219
-0.96288
-0.96222
-0.96218
-0.96168
-0.96167
-0.96293
-0.96315
-0.96442
-0.96352
-0.96458
-0.96449
-0.96375
-0.96358
-0.96411
-0.9641
-0.9625
-0.96392
-0.96472
-0.96276
-0.96479
-0.9648
-0.9632
-0.96456
-0.96247
0
0
0
0
0
0
0
0
0
0
0
0
0
0
0
0
0
0
0
0
0
0
0
0
0
0
0
0
0
0
0
0
0
0
0
0
0
0
0
0
0
0
0
0
0
0
0
0
0
0
0
0
0
0
0
0
0
0
0
-0.96477
-0.9646
-0.96446
-0.96542
-0.96578
-0.96508
-0.96597
-0.96506
-0.96549
-0.96412
-0.9647
-0.96419
-0.96468
-0.96468
-0.96395
-0.96368
-0.96369
-0.96278
-0.96339
-0.96279
-0.9628
60.7265
-0.96279
-0.96308
-0.96363
-0.9645
-0.96457
-0.96445
-0.96519
-0.96442
-0.96448
-0.96499
-0.96484
-0.96406
-0.96351
-0.96348
-0.96352
-0.96413
-0.96331
-0.96221
-0.96287
-0.96218
-0.96221
-0.96166
-0.96167
-0.96296
-0.96312
-0.96441
-0.96351
-0.96464
-0.9645
-0.96377
-0.9636
-0.96411
-0.96412
-0.9625
-0.96392
-0.96478
-0.96278
-0.96482
-0.96479
-0.96322
-0.96455
-0.9625
0
0
0
0
0
0
0
0
0
0
0
0
0
0
0
0
0
0
0
0
0
0
0
0
0
0
0
0
0
0
0
0
0
0
0
0
0
0
0
0
0
0
0
0
0
0
0
0
0
0
0
0
0
0
0
0
0
0
0
-0.9648
-0.96457
-0.96446
-0.96545
-0.96575
-0.96504
-0.96598
-0.96505
-0.96546
-0.96415
-0.96471
-0.96419
-0.96467
-0.96467
-0.96393
-0.9637
-0.96368
-0.96282
-0.96339
-0.96279
-0.96277
-0.96279
60.7263
-0.96302
-0.96365
-0.96455
-0.96455
-0.96442
-0.96521
-0.96442
-0.96445
-0.965
-0.96486
-0.96406
-0.96351
-0.96351
-0.96351
-0.96412
-0.96328
-0.9622
-0.96288
-0.9622
-0.96221
-0.96167
-0.96166
-0.96294
-0.96313
-0.96441
-0.96351
-0.96465
-0.96451
-0.96378
-0.96359
-0.96414
-0.96411
-0.9625
-0.96394
-0.96475
-0.9628
-0.96479
-0.9648
-0.9632
-0.96455
-0.96246
0
0
0
0
0
0
0
0
0
0
0
0
0
0
0
0
0
0
0
0
0
0
0
0
0
0
0
0
0
0
0
0
0
0
0
0
0
0
0
0
0
0
0
0
0
0
0
0
0
0
0
0
0
0
0
0
0
0
0
-0.96495
-0.96481
-0.96469
-0.96571
-0.96598
-0.96533
-0.96638
-0.96533
-0.96566
-0.96434
-0.96492
-0.96445
-0.96491
-0.96488
-0.96425
-0.96394
-0.96393
-0.96307
-0.96357
-0.96304
-0.96306
-0.96308
-0.96302
61.9239
-0.9639
-0.96475
-0.96474
-0.96462
-0.96529
-0.96463
-0.96467
-0.96507
-0.96494
-0.96425
-0.96372
-0.96371
-0.96373
-0.96428
-0.9634
-0.9624
-0.96303
-0.96242
-0.96238
-0.96189
-0.96188
-0.96312
-0.96331
-0.9645
-0.96372
-0.96481
-0.96469
-0.96396
-0.9638
-0.9643
-0.96427
-0.96271
-0.96425
-0.96508
-0.96276
-0.96492
-0.96503
-0.96345
0
0
0
0
0
0
0
0
0
0
0
0
0
0
0
0
0
0
0
0
0
0
0
0
0
0
0
0
0
0
0
0
0
0
0
0
-3.1122
0
0
0
0
0
0
0
0
0
0
0
0
0
0
0
0
0
0
0
0
0
0
0
0
-0.9656
-0.9654
-0.96526
-0.96626
-0.96658
-0.96586
-0.96677
-0.96588
-0.96631
-0.96494
-0.96549
-0.965
-0.9655
-0.96548
-0.96475
-0.96451
-0.96451
-0.96367
-0.9642
-0.96365
-0.96366
-0.96363
-0.96365
-0.9639
58.849
-0.96537
-0.96539
-0.96526
-0.96602
-0.96526
-0.96531
-0.96583
-0.96569
-0.96491
-0.96435
-0.96433
-0.96432
-0.96497
-0.96413
-0.96304
-0.96371
-0.96301
-0.96301
-0.96253
-0.96252
-0.96377
-0.96393
-0.96523
-0.96432
-0.96545
-0.96536
-0.96461
-0.9644
-0.96495
-0.96495
-0.96334
-0.96475
-0.96559
-0.96363
-0.96563
-0.96563
-0.96403
0
0
0
0
0
0
0
0
0
0
0
0
0
0
0
0
0
0
0
0
0
0
0
0
0
0
0
0
0
0
0
0
0
0
0
0
0
0
0
0
0
0
0
0
0
0
0
0
0
0
0
0
0
0
0
0
0
0
0
0
0
-0.96648
-0.96627
-0.96615
-0.96711
-0.96745
-0.96676
-0.96765
-0.96674
-0.96717
-0.96583
-0.96637
-0.9659
-0.96637
-0.96636
-0.96563
-0.96538
-0.96539
-0.96451
-0.96506
-0.96452
-0.96453
-0.9645
-0.96455
-0.96475
-0.96537
57.9376
-0.96629
-0.96616
-0.96696
-0.96614
-0.96622
-0.96678
-0.96659
-0.96583
-0.96522
-0.96521
-0.96521
-0.96586
-0.96504
-0.96391
-0.96462
-0.96391
-0.96391
-0.96337
-0.96337
-0.96468
-0.96485
-0.96617
-0.96527
-0.96635
-0.96625
-0.96552
-0.96533
-0.96585
-0.96586
-0.96424
-0.96565
-0.96652
-0.96452
-0.96655
-0.96655
0
0
0
0
0
0
0
0
0
0
0
0
0
0
0
0
0
0
0
0
0
0
0
0
0
0
0
0
0
0
0
0
0
0
0
0
0
0
0
0
0
0
0
0
0
0
0
0
0
0
0
0
0
0
0
0
0
0
0
0
0
0
-0.9666
-0.96634
-0.96624
-0.96721
-0.96761
-0.96683
-0.96745
-0.96686
-0.96741
-0.96588
-0.96651
-0.96598
-0.96649
-0.96642
-0.96543
-0.96545
-0.96545
-0.96458
-0.96512
-0.96457
-0.96456
-0.96457
-0.96455
-0.96474
-0.96539
-0.96629
58.2741
-0.96626
-0.96713
-0.96625
-0.96594
-0.96694
-0.96677
-0.96589
-0.96531
-0.9653
-0.96533
-0.966
-0.96512
-0.964
-0.96476
-0.96401
-0.96399
-0.96346
-0.9635
-0.96469
-0.96495
-0.96634
-0.96536
-0.96651
-0.96638
-0.96562
-0.96541
-0.96601
-0.96599
-0.96434
-0.96558
-0.96635
-0.96471
0
0
0
0
0
0
0
0
0
0
0
0
0
0
0
-0.7306
0
0
-1.5347
0
0
0
0
0
0
0
0
0
0
0
0
0
0
0
0
0
0
0
0
0
0
0
0
0
0
0
0
0
0
0
0
0
0
0
0
0
0
0
0
0
0
0
0
0
-0.96638
-0.96618
-0.96605
-0.96703
-0.96737
-0.96665
-0.96759
-0.96666
-0.96708
-0.96574
-0.96628
-0.96581
-0.96628
-0.96627
-0.96554
-0.96529
-0.96532
-0.96444
-0.96497
-0.96447
-0.96442
-0.96445
-0.96442
-0.96462
-0.96526
-0.96616
-0.96626
56.9661
-0.96698
-0.96605
-0.96617
-0.96668
-0.96651
-0.96574
-0.96515
-0.96514
-0.96513
-0.96579
-0.96498
-0.96379
-0.96454
-0.96383
-0.9638
-0.96328
-0.9633
-0.9646
-0.96477
-0.96606
-0.96518
-0.96627
-0.96617
-0.9654
-0.96522
-0.96577
-0.96579
-0.96413
-0.9656
-0.96642
-0.96444
-0.96645
0
0
0
0
0
0
0
0
0
0
0
0
0
0
0
0
0
0
0
0
0
0
0
0
0
0
0
0
0
0
0
0
0
0
0
0
0
0
0
0
0
0
0
0
0
0
0
0
0
0
0
0
0
0
0
0
0
0
0
0
0
0
0
-0.96704
-0.96693
-0.96682
-0.96798
-0.96816
-0.96751
-0.96875
-0.96751
-0.96776
-0.96653
-0.96706
-0.96662
-0.96704
-0.96698
-0.9665
-0.96612
-0.96612
-0.96521
-0.96566
-0.96522
-0.96521
-0.96519
-0.96521
-0.96529
-0.96602
-0.96696
-0.96713
-0.96698
61.9993
-0.96695
-0.96711
-0.96729
-0.96711
-0.96654
-0.966
-0.96601
-0.96602
-0.96655
-0.96584
-0.96463
-0.96528
-0.96464
-0.96465
-0.96412
-0.96412
-0.96535
-0.96556
-0.9666
-0.96598
-0.96699
-0.9669
-0.96625
-0.96605
-0.96649
-0.96649
-0.96499
-0.96664
0
0
0
0
0
0
0
0
0
0
0
0
0
0
0
0
0
0
0
0
0
0
0
0
0
0
0
-1.6309
0
0
0
0
0
0
0
0
0
0
0
0
0
0
0
0
0
0
0
0
0
0
0
0
0
0
-3.1279
0
0
0
0
0
0
0
-3.1278
0
0
0
-0.9664
-0.96619
-0.96606
-0.96703
-0.96737
-0.96667
-0.9676
-0.96664
-0.96708
-0.9657
-0.96629
-0.96579
-0.96629
-0.96626
-0.96555
-0.96529
-0.96532
-0.96445
-0.96499
-0.96446
-0.96442
-0.96442
-0.96442
-0.96463
-0.96526
-0.96614
-0.96625
-0.96605
-0.96695
56.9661
-0.96617
-0.96669
-0.96653
-0.96574
-0.96512
-0.96515
-0.96514
-0.96578
-0.96497
-0.96381
-0.96453
-0.96382
-0.96384
-0.96332
-0.9633
-0.96457
-0.96477
-0.96606
-0.96517
-0.96626
-0.96614
-0.96542
-0.9652
-0.96576
-0.96578
-0.96414
-0.96562
-0.96644
-0.96442
-0.96644
0
0
0
0
0
0
0
0
0
0
0
0
0
0
0
0
0
0
0
0
0
0
0
0
0
0
0
0
0
0
0
0
0
0
0
0
0
0
0
0
0
0
0
0
0
0
0
0
0
0
0
0
0
0
0
0
0
0
0
0
0
0
0
-0.96651
-0.96645
-0.96616
-0.96711
-0.96749
-0.96674
-0.96735
-0.96675
-0.96716
-0.96575
-0.9664
-0.96585
-0.96641
-0.96635
-0.96531
-0.96535
-0.96536
-0.96445
-0.96504
-0.96445
-0.96446
-0.96448
-0.96445
-0.96467
-0.96531
-0.96622
-0.96594
-0.96617
-0.96711
-0.96617
57.3028
-0.96686
-0.96666
-0.96577
-0.96519
-0.96519
-0.96521
-0.96587
-0.96503
-0.96389
-0.96465
-0.96388
-0.96387
-0.96337
-0.96336
-0.96459
-0.96483
-0.96624
-0.96523
-0.96639
-0.9663
-0.96548
-0.9653
-0.96588
-0.9659
-0.96423
-0.96544
-0.96624
0
0
0
0
0
0
0
0
0
0
0
0
0
0
0
0
0
0
0
-1.5342
0
0
-0.73039
0
0
0
0
0
0
0
0
0
0
0
0
0
0
0
0
0
0
0
0
0
0
0
0
0
0
0
0
0
0
0
0
0
0
0
0
0
0
0
0
0
0
-0.9668
-0.96669
-0.96659
-0.96768
-0.96794
-0.96729
-0.9685
-0.96731
-0.96758
-0.96629
-0.96682
-0.96643
-0.96681
-0.96678
-0.96627
-0.96589
-0.96587
-0.965
-0.96542
-0.96497
-0.96499
-0.96499
-0.965
-0.96507
-0.96583
-0.96678
-0.96694
-0.96668
-0.96729
-0.96669
-0.96686
60.9886
-0.96684
-0.96632
-0.96583
-0.96584
-0.96581
-0.96635
-0.96553
-0.96444
-0.96499
-0.96445
-0.96447
-0.96382
-0.96383
-0.96508
-0.96531
-0.96632
-0.96571
-0.96671
-0.9666
-0.96596
-0.96581
-0.96622
-0.96619
-0.96471
0
0
0
0
0
0
0
0
0
0
0
0
0
0
0
0
0
0
0
0
0
0
0
0
0
0
0
0
0
-1.6397
0
0
0
0
-3.1079
0
0
0
0
0
0
0
0
0
0
0
0
0
0
0
0
0
0
0
0
0
0
0
0
0
0
0
0
0
-3.1078
0
0
-0.96662
-0.96654
-0.96646
-0.96752
-0.96777
-0.96712
-0.96833
-0.96712
-0.96739
-0.96616
-0.96667
-0.96626
-0.96667
-0.9666
-0.96613
-0.96571
-0.96571
-0.96485
-0.9653
-0.96483
-0.96486
-0.96484
-0.96486
-0.96494
-0.96569
-0.96659
-0.96677
-0.96651
-0.96711
-0.96653
-0.96666
-0.96684
60.3307
-0.96614
-0.96562
-0.96563
-0.96563
-0.96615
-0.96538
-0.96423
-0.96486
-0.96422
-0.96422
-0.9637
-0.96369
-0.96498
-0.96521
-0.96619
-0.96561
-0.96657
-0.96646
-0.96586
-0.96564
-0.96606
-0.96608
-0.96459
-0.96623
0
0
0
0
0
0
0
0
0
0
0
0
0
0
0
0
0
0
0
0
0
0
0
0
0
0
0
0
0
0
0
0
0
0
0
-3.1199
0
0
0
0
0
0
0
0
0
0
0
0
0
0
0
-3.1199
0
0
0
0
0
0
0
0
0
0
0
0
0
0
-0.96601
-0.96583
-0.96587
-0.96672
-0.967
-0.96634
-0.96722
-0.96632
-0.96669
-0.96536
-0.96595
-0.96547
-0.96593
-0.96591
-0.96522
-0.96496
-0.96499
-0.96407
-0.96461
-0.96407
-0.96406
-0.96406
-0.96406
-0.96425
-0.96491
-0.96583
-0.96589
-0.96574
-0.96654
-0.96574
-0.96577
-0.96632
-0.96614
55.745
-0.96479
-0.96479
-0.96478
-0.96545
-0.9646
-0.96346
-0.96417
-0.96347
-0.96348
-0.96294
-0.96294
-0.96425
-0.96442
-0.96568
-0.9648
-0.96591
-0.96579
-0.96509
-0.96488
-0.96544
-0.9654
-0.9638
-0.96525
-0.96602
0
0
0
0
0
0
0
0
0
0
0
0
0
0
-0.72951
0
0
0
0
0
0
0
0
0
0
0
0
0
0
0
0
0
0
0
0
0
0
0
0
0
0
0
0
0
0
0
0
0
0
0
0
0
0
0
0
0
0
0
0
0
0
0
0
0
0
-0.96548
-0.96529
-0.96515
-0.96611
-0.96645
-0.96572
-0.96663
-0.96576
-0.96618
-0.96478
-0.96539
-0.96489
-0.9654
-0.96535
-0.96463
-0.96437
-0.96437
-0.9635
-0.96405
-0.96353
-0.96348
-0.96351
-0.96351
-0.96372
-0.96435
-0.96522
-0.96531
-0.96515
-0.966
-0.96512
-0.96519
-0.96583
-0.96562
-0.96479
54.9824
-0.96415
-0.96414
-0.96487
-0.96408
-0.96281
-0.96356
-0.96281
-0.96281
-0.96229
-0.96229
-0.96362
-0.96382
-0.9651
-0.96421
-0.9653
-0.9652
-0.96444
-0.96426
-0.96481
-0.9648
-0.96319
-0.96461
-0.96544
0
0
0
0
0
0
0
0
0
0
0
0
0
0
0
0
0
0
0
0
0
0
0
0
0
0
0
0
0
0
0
0
0
0
0
0
0
0
0
0
0
0
0
0
0
0
0
0
0
0
0
0
0
0
0
0
0
0
0
0
0
0
0
0
0
-0.96547
-0.96527
-0.96515
-0.96613
-0.96646
-0.96575
-0.96662
-0.96575
-0.9662
-0.9648
-0.9654
-0.96488
-0.96538
-0.96536
-0.96463
-0.96437
-0.9644
-0.9635
-0.96404
-0.96351
-0.96352
-0.96348
-0.96351
-0.96371
-0.96433
-0.96521
-0.9653
-0.96514
-0.96601
-0.96515
-0.96519
-0.96584
-0.96563
-0.96479
-0.96415
54.9827
-0.96416
-0.96487
-0.9641
-0.96281
-0.96358
-0.9628
-0.96283
-0.96228
-0.9623
-0.96363
-0.96379
-0.96512
-0.96422
-0.96531
-0.96521
-0.96445
-0.96426
-0.96481
-0.96481
-0.96317
-0.96466
-0.96548
0
0
0
0
0
0
0
0
0
0
0
0
0
0
0
0
0
0
0
0
0
0
0
0
0
0
0
0
0
0
0
0
0
0
0
0
0
0
0
0
0
0
0
0
0
0
0
0
0
0
0
0
0
0
0
0
0
0
0
0
0
0
0
0
0
-0.96547
-0.9653
-0.96514
-0.96613
-0.96644
-0.96575
-0.96664
-0.96574
-0.96618
-0.96483
-0.96539
-0.96487
-0.9654
-0.96536
-0.96462
-0.96438
-0.9644
-0.9635
-0.96407
-0.96348
-0.9635
-0.96352
-0.96351
-0.96373
-0.96432
-0.96521
-0.96533
-0.96513
-0.96602
-0.96514
-0.96521
-0.96581
-0.96563
-0.96478
-0.96414
-0.96416
54.9826
-0.96489
-0.96411
-0.96285
-0.96359
-0.96281
-0.96283
-0.96231
-0.96231
-0.9636
-0.96378
-0.96511
-0.96418
-0.96529
-0.96518
-0.96443
-0.96426
-0.96479
-0.9648
-0.96317
-0.96461
-0.96545
0
0
0
0
0
0
0
0
0
0
0
0
0
0
0
0
0
0
0
0
0
0
0
0
0
0
0
0
0
0
0
0
0
0
0
0
0
0
0
0
0
0
0
0
0
0
0
0
0
0
0
0
0
0
0
0
0
0
0
0
0
0
0
0
0
-0.96606
-0.96588
-0.96575
-0.96677
-0.96706
-0.9664
-0.96748
-0.96638
-0.96674
-0.96546
-0.966
-0.96553
-0.96598
-0.96592
-0.96535
-0.96502
-0.96503
-0.96414
-0.96462
-0.96414
-0.96413
-0.96413
-0.96412
-0.96428
-0.96497
-0.96586
-0.966
-0.96579
-0.96655
-0.96578
-0.96587
-0.96635
-0.96615
-0.96545
-0.96487
-0.96487
-0.96489
57.0707
-0.96469
-0.96341
-0.96412
-0.96339
-0.96341
-0.96291
-0.96291
-0.96421
-0.96439
-0.96558
-0.96482
-0.96587
-0.96576
-0.96506
-0.96488
-0.96538
-0.96538
-0.9638
-0.96534
0
0
0
0
0
0
0
0
0
0
0
0
0
0
0
0
0
0
0
0
0
0
0
0
0
0
0
0
0
0
0
0
0
0
0
0
0
0
0
0
0
0
0
0
0
0
-3.0196
0
0
0
0
0
0
0
0
0
0
0
0
0
0
0
0
0
0
0
-0.96517
-0.96496
-0.96487
-0.96596
-0.96624
-0.96552
-0.96649
-0.96553
-0.96584
-0.96474
-0.96514
-0.9647
-0.96513
-0.96509
-0.96442
-0.96416
-0.96414
-0.96328
-0.96378
-0.96326
-0.96328
-0.96331
-0.96328
-0.9634
-0.96413
-0.96504
-0.96512
-0.96498
-0.96584
-0.96497
-0.96503
-0.96553
-0.96538
-0.9646
-0.96408
-0.9641
-0.96411
-0.96469
54.432
-0.96268
-0.96322
-0.96266
-0.96265
-0.96201
-0.962
-0.96331
-0.9635
-0.96467
-0.96388
-0.96494
-0.96484
-0.96415
-0.96397
-0.96444
-0.96446
-0.96289
0
0
0
0
0
0
0
0
0
0
0
0
0
0
-0.6641
0
0
0
0
0
0
0
0
-0.72843
0
0
0
0
0
0
0
0
0
0
0
0
0
0
0
0
0
0
0
0
0
0
0
0
0
0
0
0
0
0
0
0
0
0
0
0
0
0
0
0
0
0
0
-0.96415
-0.96399
-0.96384
-0.96479
-0.96516
-0.96446
-0.96533
-0.96443
-0.96486
-0.96349
-0.96407
-0.96357
-0.96407
-0.96406
-0.96332
-0.96306
-0.96303
-0.9622
-0.96273
-0.96221
-0.96219
-0.96221
-0.9622
-0.9624
-0.96304
-0.96391
-0.964
-0.96379
-0.96463
-0.96381
-0.96389
-0.96444
-0.96423
-0.96346
-0.96281
-0.96281
-0.96285
-0.96341
-0.96268
53.9426
-0.96216
-0.96142
-0.96144
-0.96094
-0.96091
-0.9622
-0.96239
-0.96364
-0.96277
-0.96387
-0.96376
-0.96302
-0.96286
-0.96335
-0.96338
-0.96175
-0.96323
0
0
0
0
0
0
0
0
0
0
0
0
0
0
0
0
0
0
0
0
0
0
0
0
0
0
0
0
0
0
0
0
0
0
0
0
0
0
0
0
0
0
0
0
0
0
0
0
0
0
0
0
0
0
0
0
0
0
0
0
0
0
0
0
0
0
-0.96478
-0.96462
-0.9645
-0.96552
-0.9658
-0.96513
-0.96624
-0.96514
-0.9655
-0.96419
-0.96476
-0.96427
-0.96476
-0.9647
-0.96408
-0.96374
-0.96375
-0.96289
-0.9634
-0.96288
-0.96288
-0.96287
-0.96288
-0.96303
-0.96371
-0.96462
-0.96476
-0.96454
-0.96528
-0.96453
-0.96465
-0.96499
-0.96486
-0.96417
-0.96356
-0.96358
-0.96359
-0.96412
-0.96322
-0.96216
56.0132
-0.96215
-0.96215
-0.96151
-0.96148
-0.96275
-0.96297
-0.9641
-0.96339
-0.96439
-0.96432
-0.96363
-0.96346
-0.96392
-0.96393
-0.96235
0
0
0
0
0
0
0
0
0
0
0
0
0
0
0
0
0
0
0
0
0
0
0
0
0
0
0
0
0
0
0
0
0
0
0
0
0
0
0
0
0
0
0
0
0
0
0
0
0
0
0
0
0
0
0
0
0
-2.998
0
0
0
0
0
0
0
0
0
-0.96417
-0.96399
-0.96381
-0.96482
-0.96515
-0.96443
-0.96536
-0.96443
-0.96484
-0.9635
-0.96406
-0.96355
-0.96407
-0.96405
-0.9633
-0.96307
-0.96307
-0.96221
-0.96275
-0.96221
-0.96222
-0.96218
-0.9622
-0.96242
-0.96301
-0.96391
-0.96401
-0.96383
-0.96464
-0.96382
-0.96388
-0.96445
-0.96422
-0.96347
-0.96281
-0.9628
-0.96281
-0.96339
-0.96266
-0.96142
-0.96215
53.9426
-0.9614
-0.96092
-0.96093
-0.9622
-0.96239
-0.96365
-0.96278
-0.96388
-0.96374
-0.96303
-0.96286
-0.96339
-0.96336
-0.96175
-0.96322
0
0
0
0
0
0
0
0
0
0
0
0
0
0
0
0
0
0
0
0
0
0
0
0
0
0
0
0
0
0
0
0
0
0
0
0
0
0
0
0
0
0
0
0
0
0
0
0
0
0
0
0
0
0
0
0
0
0
0
0
0
0
0
0
0
0
-0.96416
-0.96397
-0.96387
-0.9648
-0.96515
-0.96444
-0.96535
-0.96445
-0.96485
-0.96349
-0.96408
-0.96355
-0.9641
-0.96404
-0.96332
-0.96308
-0.96307
-0.9622
-0.96275
-0.96219
-0.96218
-0.96221
-0.96221
-0.96238
-0.96301
-0.96391
-0.96399
-0.9638
-0.96465
-0.96384
-0.96387
-0.96447
-0.96422
-0.96348
-0.96281
-0.96283
-0.96283
-0.96341
-0.96265
-0.96144
-0.96215
-0.9614
53.9427
-0.9609
-0.96092
-0.96221
-0.96238
-0.96365
-0.96281
-0.96388
-0.96377
-0.96301
-0.96284
-0.96337
-0.96336
-0.96177
-0.96318
0
0
0
0
0
0
0
0
0
0
0
0
0
0
0
0
0
0
0
0
0
0
0
0
0
0
0
0
0
0
0
0
0
0
0
0
0
0
0
0
0
0
0
0
0
0
0
0
0
0
0
0
0
0
0
0
0
0
0
0
0
0
0
0
0
0
-0.96362
-0.96345
-0.96332
-0.96431
-0.96463
-0.96393
-0.96487
-0.96392
-0.96435
-0.96297
-0.96357
-0.96306
-0.96355
-0.96353
-0.9628
-0.96257
-0.96253
-0.96168
-0.96222
-0.96167
-0.96168
-0.96166
-0.96167
-0.96189
-0.96253
-0.96337
-0.96346
-0.96328
-0.96412
-0.96332
-0.96337
-0.96382
-0.9637
-0.96294
-0.96229
-0.96228
-0.96231
-0.96291
-0.96201
-0.96094
-0.96151
-0.96092
-0.9609
52.95
-0.96036
-0.96156
-0.9618
-0.96299
-0.96221
-0.96326
-0.96315
-0.96242
-0.96224
-0.96275
-0.96274
-0.96116
0
0
0
0
0
0
0
0
0
0
0
0
0
0
0
0
0
0
0
0
0
0
0
0
0
0
0
0
0
0
0
0
0
0
0
0
0
0
0
0
0
0
0
0
0
0
0
0
0
0
0
0
0
0
0
0
0
0
0
0
0
0
0
0
0
0
0
-0.96366
-0.96345
-0.96331
-0.96429
-0.96464
-0.96392
-0.96484
-0.96392
-0.96434
-0.963
-0.96355
-0.96303
-0.96353
-0.96355
-0.96281
-0.96253
-0.96255
-0.96166
-0.96225
-0.96167
-0.96167
-0.96167
-0.96166
-0.96188
-0.96252
-0.96337
-0.9635
-0.9633
-0.96412
-0.9633
-0.96336
-0.96383
-0.96369
-0.96294
-0.96229
-0.9623
-0.96231
-0.96291
-0.962
-0.96091
-0.96148
-0.96093
-0.96092
-0.96036
52.95
-0.96156
-0.9618
-0.963
-0.96218
-0.96325
-0.96313
-0.96241
-0.96221
-0.96276
-0.96277
-0.96116
0
0
0
0
0
0
0
0
0
0
0
0
0
0
0
0
0
0
0
0
0
0
0
0
0
0
0
0
0
0
0
0
0
0
0
0
0
0
0
0
0
0
0
0
0
0
0
0
0
0
0
0
0
0
0
0
0
0
0
0
0
0
0
0
0
0
0
-0.96487
-0.96469
-0.96454
-0.96557
-0.96587
-0.9652
-0.96618
-0.9652
-0.96556
-0.96425
-0.96479
-0.96432
-0.9648
-0.96476
-0.96413
-0.96384
-0.9638
-0.96294
-0.96346
-0.96295
-0.96293
-0.96296
-0.96294
-0.96312
-0.96377
-0.96468
-0.96469
-0.9646
-0.96535
-0.96457
-0.96459
-0.96508
-0.96498
-0.96425
-0.96362
-0.96363
-0.9636
-0.96421
-0.96331
-0.9622
-0.96275
-0.9622
-0.96221
-0.96156
-0.96156
50.6666
-0.96326
-0.96447
-0.96371
-0.96474
-0.96464
-0.96397
-0.96377
0
0
0
0
0
0
0
0
0
0
0
0
0
0
0
0
0
0
0
0
-0.53698
0
0
0
0
0
0
0
0
0
0
0
0
0
0
0
0
0
0
0
0
0
0
0
0
0
0
0
0
0
0
0
0
0
0
0
0
0
0
0
0
0
0
0
0
0
0
0
0
0
-0.96508
-0.9649
-0.96477
-0.96574
-0.96608
-0.96536
-0.96629
-0.96537
-0.96578
-0.96442
-0.96499
-0.96448
-0.965
-0.96495
-0.96423
-0.96399
-0.964
-0.96311
-0.96366
-0.96313
-0.96315
-0.96312
-0.96313
-0.96331
-0.96393
-0.96485
-0.96495
-0.96477
-0.96556
-0.96477
-0.96483
-0.96531
-0.96521
-0.96442
-0.96382
-0.96379
-0.96378
-0.96439
-0.9635
-0.96239
-0.96297
-0.96239
-0.96238
-0.9618
-0.9618
-0.96326
50.1392
-0.96463
-0.96387
-0.96493
-0.9648
-0.96412
-0.96392
0
0
0
0
0
0
0
0
0
0
0
0
0
0
0
0
0
0
0
0
0
0
0
0
0
0
0
0
0
0
0
0
0
0
0
0
0
0
0
0
0
0
0
0
0
0
0
0
0
0
0
0
0
0
0
0
0
0
0
0
0
0
0
0
0
0
0
0
0
0
-0.96615
-0.96609
-0.96597
-0.96708
-0.96731
-0.96668
-0.96792
-0.96668
-0.9669
-0.96571
-0.96623
-0.9658
-0.96622
-0.96614
-0.96568
-0.96526
-0.96528
-0.96442
-0.96485
-0.96441
-0.96442
-0.96441
-0.96441
-0.9645
-0.96523
-0.96617
-0.96634
-0.96606
-0.9666
-0.96606
-0.96624
-0.96632
-0.96619
-0.96568
-0.9651
-0.96512
-0.96511
-0.96558
-0.96467
-0.96364
-0.9641
-0.96365
-0.96365
-0.96299
-0.963
-0.96447
-0.96463
52.2628
-0.96511
0
0
0
0
0
0
0
0
0
0
0
0
0
0
0
0
0
0
0
0
0
0
0
0
0
0
0
0
0
0
0
0
0
0
0
0
0
0
0
0
0
0
0
0
0
0
0
0
0
0
0
0
0
0
0
0
0
0
0
0
-2.9613
0
0
0
0
-2.9612
0
0
0
0
0
0
0
0
-0.96547
-0.96529
-0.96516
-0.96614
-0.96649
-0.96576
-0.96669
-0.96577
-0.96619
-0.96483
-0.96539
-0.96487
-0.96538
-0.96538
-0.96465
-0.9644
-0.96438
-0.96351
-0.96407
-0.96351
-0.96352
-0.96351
-0.96351
-0.96372
-0.96432
-0.96527
-0.96536
-0.96518
-0.96598
-0.96517
-0.96523
-0.96571
-0.96561
-0.9648
-0.96421
-0.96422
-0.96418
-0.96482
-0.96388
-0.96277
-0.96339
-0.96278
-0.96281
-0.96221
-0.96218
-0.96371
-0.96387
-0.96511
48.2305
-0.96545
0
-0.96474
0
0
0
0
0
0
0
0
0
0
0
0
0
0
0
0
0
0
0
0
0
0
0
0
0
0
0
0
0
0
0
0
0
0
0
0
0
0
0
0
0
0
0
0
0
0
0
0
0
0
0
0
0
0
0
0
0
0
0
0
0
0
0
0
0
0
0
0
0
0
0
-0.96653
-0.96639
-0.96627
-0.96728
-0.96756
-0.96688
-0.96798
-0.96687
-0.96723
-0.96592
-0.96649
-0.966
-0.96646
-0.96644
-0.96584
-0.9655
-0.96549
-0.9646
-0.96514
-0.96465
-0.96458
-0.96464
-0.96465
-0.96481
-0.96545
-0.96635
-0.96651
-0.96627
-0.96699
-0.96626
-0.96639
-0.96671
-0.96657
-0.96591
-0.9653
-0.96531
-0.96529
-0.96587
-0.96494
-0.96387
-0.96439
-0.96388
-0.96388
-0.96326
-0.96325
-0.96474
-0.96493
0
-0.96545
49.1863
0
0
0
0
0
0
0
0
0
0
0
0
0
0
0
0
0
0
0
0
0
0
0
0
0
0
0
0
0
0
0
0
0
0
0
0
0
0
0
0
0
0
0
0
0
0
0
0
0
0
0
0
0
0
0
0
0
0
0
0
0
0
0
0
0
0
0
0
0
0
0
-2.8343
0
-0.96641
-0.96626
-0.96616
-0.96716
-0.96747
-0.96678
-0.96789
-0.96678
-0.96714
-0.96582
-0.96636
-0.96592
-0.96638
-0.96633
-0.96572
-0.96539
-0.9654
-0.96451
-0.96503
-0.96452
-0.96449
-0.9645
-0.96451
-0.96469
-0.96536
-0.96625
-0.96638
-0.96617
-0.9669
-0.96614
-0.9663
-0.9666
-0.96646
-0.96579
-0.9652
-0.96521
-0.96518
-0.96576
-0.96484
-0.96376
-0.96432
-0.96374
-0.96377
-0.96315
-0.96313
-0.96464
-0.9648
0
0
0
48.1891
0
0
0
0
0
0
0
0
0
0
0
0
0
0
0
0
0
0
0
0
0
0
0
0
0
0
0
0
0
0
0
0
0
0
0
0
0
0
0
0
0
0
0
0
0
0
0
0
0
0
0
0
0
0
0
0
-2.8077
0
0
0
0
0
0
0
0
0
0
0
0
0
0
0
-0.96575
-0.96555
-0.96543
-0.96639
-0.96674
-0.96602
-0.96692
-0.96599
-0.96643
-0.96506
-0.96564
-0.96514
-0.96565
-0.96563
-0.9649
-0.96463
-0.96466
-0.96377
-0.96432
-0.96378
-0.96375
-0.96377
-0.96378
-0.96396
-0.96461
-0.96552
-0.96562
-0.9654
-0.96625
-0.96542
-0.96548
-0.96596
-0.96586
-0.96509
-0.96444
-0.96445
-0.96443
-0.96506
-0.96415
-0.96302
-0.96363
-0.96303
-0.96301
-0.96242
-0.96241
-0.96397
-0.96412
0
-0.96474
0
0
46.3117
0
0
0
0
0
0
0
0
0
0
0
0
0
0
0
0
0
0
0
0
0
0
0
0
0
0
0
0
0
0
0
0
0
0
0
0
0
0
0
0
0
0
0
0
0
0
0
0
0
0
0
0
0
0
0
0
0
0
0
0
0
0
0
0
0
0
0
0
0
0
0
-0.96556
-0.96536
-0.96522
-0.96619
-0.96651
-0.96584
-0.96674
-0.96581
-0.96621
-0.96488
-0.96547
-0.96494
-0.96547
-0.96543
-0.96471
-0.96445
-0.96446
-0.96359
-0.96412
-0.96358
-0.96358
-0.9636
-0.96359
-0.9638
-0.9644
-0.96533
-0.96541
-0.96522
-0.96605
-0.9652
-0.9653
-0.96581
-0.96564
-0.96488
-0.96426
-0.96426
-0.96426
-0.96488
-0.96397
-0.96286
-0.96346
-0.96286
-0.96284
-0.96224
-0.96221
-0.96377
-0.96392
0
0
0
0
0
45.3381
0
0
0
0
0
0
0
0
0
0
0
0
0
0
0
0
0
0
0
0
0
0
0
0
0
0
0
0
0
0
0
0
0
0
0
0
0
0
0
0
0
0
0
0
0
0
0
0
0
0
0
0
0
0
0
0
0
0
0
0
0
0
0
0
0
0
0
0
0
0
-0.966
-0.96585
-0.96575
-0.96676
-0.96703
-0.96637
-0.96751
-0.96639
-0.96672
-0.96543
-0.96598
-0.96551
-0.96596
-0.96591
-0.96532
-0.96501
-0.96501
-0.96414
-0.96463
-0.96413
-0.96411
-0.96411
-0.96414
-0.9643
-0.96495
-0.96585
-0.96601
-0.96577
-0.96649
-0.96576
-0.96588
-0.96622
-0.96606
-0.96544
-0.96481
-0.96481
-0.96479
-0.96538
-0.96444
-0.96335
-0.96392
-0.96339
-0.96337
-0.96275
-0.96276
0
0
0
0
0
0
0
0
46.185
0
0
0
0
0
0
0
0
0
0
0
0
0
0
0
0
0
0
0
0
0
0
0
0
0
0
0
0
0
0
0
0
0
-2.7507
0
0
0
0
0
0
0
0
0
0
0
0
0
0
0
0
0
0
0
0
0
0
0
0
0
0
0
0
0
0
0
0
0
0
0
-0.96601
-0.96588
-0.96575
-0.96676
-0.96708
-0.96638
-0.96749
-0.96639
-0.96672
-0.96544
-0.96597
-0.96551
-0.96598
-0.96593
-0.96531
-0.965
-0.96501
-0.96412
-0.96464
-0.96411
-0.9641
-0.96412
-0.96411
-0.96427
-0.96495
-0.96586
-0.96599
-0.96579
-0.96649
-0.96578
-0.9659
-0.96619
-0.96608
-0.9654
-0.9648
-0.96481
-0.9648
-0.96538
-0.96446
-0.96338
-0.96393
-0.96336
-0.96336
-0.96274
-0.96277
0
0
0
0
0
0
0
0
0
46.185
0
0
0
0
0
0
0
0
0
0
0
0
0
0
0
0
0
0
0
0
0
0
0
0
0
0
0
0
0
0
0
0
0
0
0
0
0
0
0
0
0
0
0
0
0
-2.7507
0
0
0
0
0
0
0
0
0
0
0
0
0
0
0
0
0
0
0
0
0
0
-0.96447
-0.96429
-0.96413
-0.96513
-0.96545
-0.9647
-0.96568
-0.96475
-0.96517
-0.96381
-0.96439
-0.96388
-0.96439
-0.96436
-0.96362
-0.96338
-0.96339
-0.9625
-0.96305
-0.96252
-0.9625
-0.9625
-0.9625
-0.96271
-0.96334
-0.96424
-0.96434
-0.96413
-0.96499
-0.96414
-0.96423
-0.96471
-0.96459
-0.9638
-0.96319
-0.96317
-0.96317
-0.9638
-0.96289
-0.96175
-0.96235
-0.96175
-0.96177
-0.96116
-0.96116
0
0
0
0
0
0
0
0
0
0
43.3619
0
0
0
0
0
0
0
0
0
0
0
0
0
0
0
0
0
0
0
0
0
0
0
0
0
0
0
0
0
0
0
0
0
0
0
0
0
0
0
0
0
0
0
0
0
0
0
0
0
0
0
0
0
0
0
0
0
0
0
0
0
0
0
0
0
0
0
-0.96608
-0.96584
-0.96568
-0.96656
-0.96699
-0.96618
-0.96606
-0.96619
-0.9667
-0.96525
-0.96589
-0.96529
-0.96592
-0.96591
-0.9647
-0.96481
-0.96481
-0.96393
-0.96458
-0.96394
-0.96392
-0.96392
-0.96394
-0.96425
-0.96475
-0.96565
-0.96558
-0.9656
-0.96664
-0.96562
-0.96544
0
-0.96623
-0.96525
-0.96461
-0.96466
-0.96461
-0.96534
0
-0.96323
0
-0.96322
-0.96318
0
0
0
0
0
0
0
0
0
0
0
0
0
40.203
0
0
0
0
0
0
0
0
0
0
0
-1.5961
0
0
0
0
0
0
0
0
0
0
0
0
0
0
0
0
0
0
0
0
0
0
0
0
0
0
0
0
0
0
0
0
0
0
0
0
0
0
0
0
0
0
0
0
0
0
0
0
0
0
0
0
0
0
-0.96695
-0.96663
-0.96652
-0.96739
-0.96782
-0.96702
-0.9666
-0.96703
-0.96762
-0.96607
-0.96678
-0.96613
-0.96677
-0.96682
-0.96546
-0.96566
-0.96563
-0.96478
-0.96544
-0.96477
-0.96472
-0.96478
-0.96475
-0.96508
-0.96559
-0.96652
-0.96635
-0.96642
0
-0.96644
-0.96624
0
0
-0.96602
-0.96544
-0.96548
-0.96545
0
0
0
0
0
0
0
0
0
0
0
0
0
0
0
0
0
0
0
0
36.0985
0
0
0
0
0
0
0
0
0
-0.73277
0
0
0
0
0
0
0
0
0
0
0
0
0
0
-2.5185
0
0
0
0
0
0
0
0
0
0
0
0
0
0
0
0
0
0
0
0
0
0
0
0
0
0
0
0
0
0
0
0
0
0
0
0
0
0
0
0
-0.9643
-0.96432
-0.96423
-0.96546
-0.96557
-0.96505
-0.96634
-0.96506
-0.96513
-0.96408
-0.96445
-0.96417
-0.96445
-0.96436
-0.9641
-0.96368
-0.96367
-0.96278
-0.96307
-0.96278
-0.96276
-0.96278
-0.9628
-0.96276
-0.96363
-0.96452
-0.96471
-0.96444
0
-0.96442
0
0
0
0
0
0
0
0
0
0
0
0
0
0
0
0
0
0
0
0
0
0
0
0
0
0
0
0
32.6031
0
0
0
0
0
0
0
0
0
0
0
0
0
0
0
0
0
0
0
0
0
0
0
0
0
0
0
0
0
0
0
0
0
0
0
0
0
-2.3216
0
0
0
0
0
0
0
-2.3216
0
0
0
0
0
0
0
0
0
0
0
0
0
0
0
0
0
0
-0.96666
-0.96654
-0.96641
-0.96743
-0.96773
-0.96707
-0.96825
-0.96703
-0.96737
-0.96609
-0.96666
-0.96619
-0.96663
-0.9666
-0.96608
-0.96569
-0.96568
-0.96481
-0.96527
-0.96481
-0.96479
-0.96482
-0.96479
-0.96492
-0.96563
-0.96655
0
-0.96645
0
-0.96644
0
0
0
0
0
0
0
0
0
0
0
0
0
0
0
0
0
0
0
0
0
0
0
0
0
0
0
0
0
28.9989
0
0
0
0
0
0
0
0
0
0
0
0
0
0
0
0
0
0
0
0
0
0
0
0
0
0
0
0
0
0
0
-1.9455
0
0
0
0
0
0
0
0
0
0
0
0
0
0
0
0
0
0
0
0
0
0
0
0
0
0
0
0
0
0
0
-0.96681
-0.96662
-0.96647
-0.96742
-0.96779
-0.96703
-0.96795
-0.96704
-0.96752
-0.96611
-0.96672
-0.96615
-0.96672
-0.96669
-0.96592
-0.96565
-0.96568
-0.96479
-0.96535
-0.96479
-0.9648
-0.96479
-0.9648
-0.96503
-0.96563
-0.96655
0
0
0
0
0
0
0
0
0
0
0
0
0
0
0
0
0
0
0
0
0
0
0
0
0
0
0
0
0
0
0
0
0
0
25.1208
0
0
0
0
0
0
0
0
0
0
0
0
0
0
0
0
0
0
0
0
0
0
0
0
0
0
0
0
0
0
0
0
0
0
0
0
0
0
0
0
0
0
0
0
0
0
0
0
0
0
0
0
0
0
0
0
0
0
0
0
0
0
-0.96525
-0.96503
-0.9649
-0.96582
-0.9662
-0.96545
-0.96635
-0.96547
-0.9659
-0.96453
-0.9651
-0.96458
-0.9651
-0.96513
-0.9643
-0.96408
-0.96407
-0.96321
-0.96377
-0.9632
-0.9632
-0.96322
-0.9632
-0.96345
-0.96403
0
0
0
0
0
0
0
0
0
0
0
0
0
0
0
0
0
0
0
0
0
0
0
0
0
0
0
0
0
0
0
0
0
0
0
0
24.1146
0
0
0
0
0
0
0
0
0
0
0
0
0
0
0
0
0
0
0
0
0
0
0
0
0
0
0
0
0
0
0
0
0
0
0
0
0
0
0
0
0
0
0
0
0
0
0
0
0
0
0
0
0
0
0
0
0
0
0
0
0
-0.96658
-0.96636
-0.9662
-0.96718
-0.96753
-0.96678
-0.96769
-0.96679
-0.96727
-0.96585
-0.96644
-0.96591
-0.96646
-0.96644
-0.96564
-0.96543
-0.96545
-0.96455
-0.96511
-0.96455
-0.96456
-0.96455
-0.96455
0
0
0
0
0
0
0
0
0
0
0
0
0
0
0
0
0
0
0
0
0
0
0
0
0
0
0
0
0
0
0
0
0
0
0
0
0
0
0
22.2179
0
0
0
0
0
0
0
0
0
0
0
0
0
0
0
0
0
0
0
0
0
0
0
0
0
0
0
0
0
0
0
0
0
0
0
0
0
0
0
0
0
0
0
0
0
0
0
0
0
0
0
0
0
0
0
0
0
0
0
0
-0.96449
-0.9643
-0.96413
-0.96508
-0.96544
-0.96473
-0.96557
-0.96471
-0.96518
-0.96379
-0.9644
-0.96386
-0.96439
-0.96437
-0.96357
-0.96335
-0.96335
-0.96246
0
-0.96247
-0.96247
-0.9625
-0.96246
0
0
0
0
0
0
0
0
0
0
0
0
0
0
0
0
0
0
0
0
0
0
0
0
0
0
0
0
0
0
0
0
0
0
0
0
0
0
0
0
21.2071
0
0
0
0
0
0
0
0
0
0
0
0
0
0
0
0
0
0
0
0
0
0
0
0
0
0
0
0
0
0
0
0
0
0
0
0
0
0
0
0
0
0
0
0
0
0
0
0
0
0
0
0
0
0
0
0
0
0
0
-0.96664
-0.96637
-0.9662
-0.96711
-0.96753
-0.96677
-0.96766
-0.96676
0
-0.96585
-0.96646
-0.9659
-0.96647
0
0
-0.96543
-0.96542
0
0
0
0
0
0
0
0
0
0
0
0
0
0
0
0
0
0
0
0
0
0
0
0
0
0
0
0
0
0
0
0
0
0
0
0
0
0
0
0
0
0
0
0
0
0
0
13.5306
0
0
0
0
0
0
0
0
0
0
0
0
0
0
0
0
0
0
0
0
0
0
0
0
0
0
0
0
0
0
0
0
0
0
0
0
0
0
0
0
0
0
0
0
0
0
0
0
0
0
0
0
0
0
0
0
0
0
-0.97613
-0.97581
-0.97562
-0.9765
-0.97694
-0.97616
0
-0.97619
0
0
0
-0.97529
0
0
0
0
0
0
0
0
0
0
0
0
0
0
0
0
0
0
0
0
0
0
0
0
0
0
0
0
0
0
0
0
0
0
0
0
0
0
0
0
0
0
0
0
0
0
0
0
0
0
0
0
0
7.8086
0
0
0
0
0
0
0
0
0
0
0
0
0
0
0
0
0
0
0
0
0
0
0
0
0
0
0
0
0
0
0
0
0
0
0
0
0
0
0
0
0
0
0
0
0
0
0
0
0
0
0
0
0
0
0
0
0
-0.97456
-0.97426
-0.97403
-0.97489
-0.97536
-0.97457
0
-0.97455
0
0
0
0
0
0
0
0
0
0
0
0
0
0
0
0
0
0
0
0
0
0
0
0
0
0
0
0
0
0
0
0
0
0
0
0
0
0
0
0
0
0
0
0
0
0
0
0
0
0
0
0
0
0
0
0
0
0
6.8222
0
0
0
0
0
0
0
0
0
0
0
0
0
0
0
0
0
0
0
0
0
0
0
0
0
0
0
0
0
0
0
0
0
0
0
0
0
0
0
0
0
0
0
0
0
0
0
0
0
0
0
0
0
0
0
0
0
0
0
0
0
0
0
0
0
0
0
0
0
0
0
0
0
0
0
0
0
0
0
0
0
0
0
0
0
0
0
0
0
0
0
0
0
0
0
0
0
0
0
0
0
0
0
0
0
0
0
0
0
0
0
0
0
-0.73277
0
0
0
0
0
0
0
0
0
3.7475
0
0
0
-0.72293
0
0
0
0
0
0
0
0
0
0
0
0
0
-1.5931
0
0
0
0
0
0
0
0
0
0
0
0
0
0
0
-0.69869
0
0
0
0
0
0
0
0
0
0
0
0
0
0
0
0
0
0
0
0
0
0
0
0
0
0
0
-1.5901
0
0
0
0
0
0
0
0
0
0
0
0
0
0
0
0
0
0
0
0
0
0
0
0
0
0
0
0
0
0
0
0
0
0
0
0
0
0
0
0
0
0
0
0
0
0
0
0
0
-1.5961
0
0
0
0
0
0
0
0
0
0
0
6.1259
-1.3658
0
0
0
0
0
0
0
0
0
0
0
0
-1.574
0
0
0
0
0
0
0
0
0
0
0
0
0
0
0
0
0
0
0
0
0
0
0
0
0
0
0
0
0
0
0
0
0
0
0
0
0
0
0
0
0
0
0
0
0
0
0
0
0
0
0
0
0
0
0
0
0
0
0
0
0
0
0
0
0
0
0
0
0
0
0
0
0
0
0
0
0
0
0
0
0
0
0
0
0
0
0
0
0
0
0
0
0
0
0
0
0
0
0
0
0
0
0
0
0
0
0
0
-1.3658
5.8921
0
0
0
-1.8538
0
0
-1.3254
0
0
0
0
-1.347
0
0
0
0
0
0
0
0
0
0
0
0
0
0
0
0
0
0
0
0
0
0
0
0
0
0
0
0
0
0
0
0
0
0
0
0
0
0
0
0
0
0
0
0
0
0
0
0
0
0
0
0
0
0
0
0
0
0
0
0
0
0
0
0
0
0
0
0
0
0
0
0
0
0
0
0
0
0
0
-0.6641
0
0
0
0
0
0
0
0
0
0
0
0
0
0
0
0
0
0
0
0
0
0
0
0
0
0
0
0
0
0
0
5.0308
0
0
0
0
0
0
0
0
0
0
0
0
-1.4862
-1.4844
0
0
0
0
0
0
0
0
0
0
0
0
0
0
0
0
0
0
0
0
0
0
0
0
0
0
0
0
0
0
-1.3962
0
0
0
0
0
0
0
0
0
0
0
0
0
0
0
-0.80968
0
0
0
0
-0.80946
0
0
0
0
0
0
0
0
0
0
0
0
0
0
0
0
0
0
0
0
0
0
0
0
0
0
0
0
0
0
0
0
0
0
0
0
0
0
0
0
0
0
0
0
0
0
0
0
0
0
0
0
0
-0.72293
0
0
0
2.7033
0
0
0
0
0
0
0
0
0
0
0
0
0
0
0
0
0
0
0
0
0
0
0
0
0
0
0
0
0
0
-0.36125
0
0
0
0
0
0
0
0
0
0
0
0
0
0
0
0
0
0
0
0
0
0
-0.72823
0
0
0
0
0
0
0
0
0
0
0
0
0
0
0
0
0
0
0
0
0
0
0
0
0
0
0
0
0
0
-0.72951
0
0
0
0
0
0
0
0
0
0
0
0
0
0
0
0
0
0
0
0
0
0
0
0
0
0
0
0
0
0
0
0
0
0
0
0
0
0
2.0215
0
0
0
0
0
0
0
0
0
0
0
0
0
-0.56381
0
0
0
0
0
0
0
0
0
0
0
0
0
0
0
0
0
0
0
0
0
0
0
0
0
0
0
0
0
0
0
0
0
0
0
0
0
0
0
0
0
0
0
0
0
0
0
0
0
0
0
0
0
0
0
0
0
0
0
0
0
0
0
0
0
0
0
0
0
0
0
0
0
0
0
0
0
0
0
0
0
-0.53698
0
0
0
0
0
0
0
0
0
0
0
0
0
0
0
0
0
0
0
0
0
0
0
-1.8538
0
0
0
3.6472
0
0
0
0
0
0
0
0
0
0
0
0
0
0
0
0
0
0
0
0
0
0
0
0
0
0
0
0
0
0
0
0
0
0
0
0
0
0
0
0
0
0
0
0
0
0
0
0
-1.2565
0
0
0
0
0
0
0
0
-0.72986
0
0
0
0
0
0
0
0
0
0
0
0
0
0
0
0
0
-0.7306
0
0
0
0
0
0
0
0
0
0
0
0
0
0
0
0
0
0
0
0
0
0
0
0
0
0
0
0
0
0
0
0
0
0
0
0
0
0
0
0
0
0
0
0
0
0
0
2.025
0
0
0
0
0
0
0
0
0
0
0
0
0
0
-0.56455
0
0
0
0
0
0
0
0
0
0
0
0
0
0
0
0
0
0
0
0
0
0
0
0
0
0
0
0
0
0
0
0
0
-0.89318
-0.8922
-0.89208
0
0
0
0
0
0
0
0
0
0
0
0
0
0
0
0
0
0
0
0
0
0
0
0
0
0
0
0
0
0
0
0
0
0
0
0
0
0
0
0
0
0
0
0
0
0
0
0
0
0
0
0
0
0
0
0
0
0
0
0
0
0
0
0
0
0
0
0
0
0
0
0
2.6775
0
0
0
0
0
0
0
0
0
0
0
0
0
0
0
0
0
0
0
0
0
0
0
0
0
0
0
0
0
0
0
0
0
0
0
0
0
0
0
0
0
0
0
0
0
0
0
0
0
0
0
0
0
0
0
0
0
0
0
0
0
-1.9779
0
0
0
0
0
0
0
0
0
0
0
0
0
0
0
0
0
0
0
0
0
0
0
0
0
0
0
0
0
0
0
0
0
0
0
0
0
0
0
0
0
0
0
0
0
0
0
0
0
0
0
0
0
0
-1.3254
0
0
0
0
0
0
4.7635
-1.4601
0
0
0
0
0
0
0
0
0
0
0
0
0
0
0
0
0
0
0
0
0
0
0
0
0
0
0
0
0
0
0
0
0
0
0
0
0
0
0
0
0
0
0
0
0
0
0
0
0
0
0
0
0
0
0
0
0
0
0
0
0
0
0
0
0
0
0
0
0
0
0
-1.5347
0
0
0
-1.5342
0
0
0
0
0
0
0
0
0
0
0
0
0
0
0
0
0
0
0
0
0
0
0
0
0
0
0
0
0
0
0
0
0
0
0
0
0
0
0
0
0
0
0
0
0
-1.4601
4.5291
0
0
0
0
0
0
0
0
0
0
0
0
0
0
0
0
0
0
0
0
0
0
0
0
0
0
0
0
0
0
0
0
0
0
0
0
0
0
0
0
0
0
0
0
0
-0.73106
-0.731
0
0
0
0
0
0
0
0
0
0
0
0
0
0
0
0
0
0
0
0
0
0
0
0
0
0
0
0
0
0
0
0
0
0
0
0
0
0
0
0
0
0
0
0
0
0
0
0
0
0
0
0
0
0
0
0
0
0
0
0
0
0
0
0
0
0
0
0
0
0
0
0
0
0
0
0
2.0285
0
0
0
0
0
0
0
0
0
0
0
0
0
0
0
-0.56643
0
0
0
0
0
0
0
0
0
0
0
0
0
0
0
0
0
0
0
0
0
0
0
0
0
0
0
0
0
0
0
0
0
0
0
0
0
-0.72842
0
0
0
0
0
0
0
0
0
0
0
0
0
0
0
0
0
0
0
0
0
0
0
0
0
0
0
0
-0.72843
0
0
0
0
0
0
0
0
0
0
0
0
0
0
0
0
0
0
0
0
0
0
0
0
0
0
0
0
0
0
0
0
0
0
0
0
0
0
0
0
2.0202
0
0
0
0
0
0
0
0
0
0
0
0
0
0
0
0
0
0
0
0
0
0
0
0
0
0
0
0
0
0
0
0
0
0
0
0
0
-0.56333
0
0
0
0
0
0
-0.72859
0
0
0
0
0
0
0
0
0
0
0
0
0
0
0
0
0
0
0
0
0
0
0
0
0
0
0
0
-0.73039
0
0
0
0
0
0
0
0
0
0
0
0
0
0
0
0
0
0
0
0
0
0
0
0
0
0
0
0
0
0
0
0
0
0
0
0
0
0
0
0
0
0
0
0
0
0
0
0
0
2.024
0
0
0
0
0
0
0
0
0
0
0
0
0
0
0
0
0
0
-0.56498
0
0
0
0
0
0
0
0
0
0
0
0
0
0
0
0
0
0
0
0
0
0
0
0
0
0
0
0
0
-2.9076
0
0
0
0
0
0
0
0
0
0
0
0
0
0
0
0
0
0
0
0
0
0
0
0
0
0
0
0
0
0
0
0
0
0
0
0
0
0
0
0
0
0
0
0
0
0
0
0
0
0
0
0
0
0
0
0
0
0
0
0
0
0
-1.347
0
0
0
0
0
0
0
0
0
0
0
4.2547
0
0
0
0
0
0
0
0
0
0
0
0
0
0
0
0
0
0
0
0
0
0
0
0
0
0
0
0
0
0
0
0
0
0
0
0
0
0
0
0
0
0
0
0
0
0
0
0
0
0
0
0
0
0
0
0
0
0
0
0
0
0
0
0
0
0
0
0
0
0
0
0
0
0
0
0
0
0
0
0
0
0
0
0
0
0
0
0
0
0
0
0
0
0
0
0
0
0
-2.5185
0
0
0
0
0
0
0
0
0
0
-1.574
0
0
0
0
0
0
0
0
0
0
0
0
0
4.0925
0
0
0
0
0
0
0
0
0
0
0
0
0
0
0
0
0
0
0
0
0
0
0
0
0
0
0
0
0
0
0
0
0
0
0
0
0
0
0
0
0
0
0
-1.6336
0
0
0
0
0
0
0
0
0
0
0
0
0
0
0
0
0
0
0
0
0
0
0
0
0
0
0
0
0
0
0
0
0
0
0
0
0
0
0
0
0
0
0
0
0
0
0
0
0
0
0
0
0
0
0
0
0
0
0
0
0
0
0
0
0
0
-1.4862
0
0
0
0
0
0
0
0
0
0
0
0
3.1198
0
0
0
0
0
0
0
0
0
0
0
0
0
0
0
0
0
0
0
0
0
0
0
0
0
0
0
0
0
0
0
0
0
0
0
0
0
0
0
0
0
0
0
0
0
0
0
0
0
0
0
0
0
0
0
0
0
0
0
0
0
0
0
0
0
0
0
-1.6309
0
0
0
0
0
0
0
0
0
0
0
0
0
0
0
0
0
0
0
0
0
0
0
0
0
0
0
0
0
0
0
0
0
0
0
0
0
0
0
0
0
-1.4844
0
0
0
0
0
0
0
0
0
0
0
0
0
3.1153
0
0
0
0
0
0
0
0
0
0
0
0
0
0
0
0
0
0
0
0
0
0
0
0
0
0
0
0
0
0
0
0
0
0
0
0
0
0
0
0
0
0
0
0
0
0
0
0
0
0
0
0
0
0
0
0
0
0
0
0
0
0
0
0
0
0
0
0
0
-1.6397
0
0
0
0
0
0
0
0
0
0
0
0
0
0
0
0
0
0
0
0
0
0
0
0
0
0
0
0
0
0
0
0
0
0
0
-1.5931
0
0
0
0
0
0
0
0
0
0
0
0
0
0
0
0
0
3.2328
0
0
0
0
0
0
0
0
0
0
0
0
0
0
0
0
0
0
0
0
0
0
0
0
0
0
0
0
0
0
0
0
0
0
0
0
0
0
0
0
0
0
0
0
0
0
0
0
0
0
0
0
0
0
0
0
0
0
0
0
0
0
0
0
0
0
0
0
0
0
0
0
0
0
0
0
0
0
0
0
0
0
0
0
0
0
0
0
0
0
0
0
0
0
0
0
0
0
0
0
0
0
0
0
0
0
0
0
0
-0.56381
0
0
0
0
0
0
0
0
0
0
0
0
0
0.56381
0
0
0
0
0
0
0
0
0
0
0
0
0
0
0
0
0
0
0
0
0
0
0
0
0
0
0
0
0
0
0
0
0
0
0
0
0
0
0
0
0
0
0
0
0
0
0
0
0
0
0
0
0
0
0
0
0
0
0
0
0
0
0
0
0
0
0
0
0
0
0
0
0
0
0
0
0
0
0
0
0
0
0
0
0
0
0
0
0
-2.7507
0
0
0
0
0
0
0
0
0
0
0
0
0
0
0
0
0
0
0
0
0
0
0
0
0
0
0
0
0
0
0
0
0
2.7507
0
0
0
0
0
0
0
0
0
0
0
0
0
0
0
0
0
0
0
0
0
0
0
0
0
0
0
0
0
0
0
0
0
0
0
0
0
0
0
0
0
0
0
0
0
-3.1591
0
0
0
0
0
0
0
0
0
0
0
0
0
0
0
0
0
0
0
0
0
0
0
0
0
0
0
0
0
0
0
0
0
0
0
0
0
0
0
0
0
0
0
0
0
0
0
0
0
0
0
0
0
0
0
0
0
0
0
0
0
0
0
0
0
0
0
0
0
0
0
0
0
0
0
0
0
3.1591
0
0
0
0
0
0
0
0
0
0
0
0
0
0
0
0
0
0
0
0
0
0
0
0
0
0
0
0
0
0
0
0
0
0
0
0
0
0
0
0
0
0
0
0
0
0
0
0
0
0
0
0
0
0
0
0
0
0
0
0
0
0
0
0
0
0
0
0
0
0
0
0
0
0
0
0
0
0
0
0
0
0
0
0
0
0
0
0
0
0
0
0
0
0
0
0
0
0
0
0
0
0
0
0
0
0
0
0
-0.56455
0
0
0
0
0
0
0
0
0
0
0
0
0
0
0.56455
0
0
0
0
0
0
0
0
0
0
0
0
0
0
0
0
0
0
0
0
0
0
0
0
0
0
0
0
0
0
0
0
0
0
0
0
0
0
0
0
0
0
0
0
0
0
0
0
0
0
0
0
0
0
0
0
0
0
0
0
0
0
0
0
-3.1079
0
0
0
0
0
0
0
0
0
0
0
0
0
0
0
0
0
0
0
0
0
0
0
0
0
0
0
0
0
0
0
0
0
0
0
0
0
0
0
0
0
0
0
0
0
0
0
0
0
0
0
0
0
0
0
0
0
0
3.1079
0
0
0
0
0
0
0
0
0
0
0
0
0
0
0
0
0
0
0
0
0
0
0
0
0
0
0
0
0
0
0
0
0
0
0
0
0
0
0
0
0
0
0
0
0
0
0
0
0
0
0
0
0
0
0
0
0
0
0
0
0
0
0
0
0
0
0
0
0
0
0
0
0
0
0
0
0
0
0
0
0
0
0
0
0
0
0
0
0
0
0
-1.9455
0
0
0
0
0
0
0
0
0
0
0
0
0
0
0
0
0
0
0
0
0
0
0
0
0
0
0
0
0
0
0
1.9455
0
0
0
0
0
0
0
0
0
0
0
0
0
0
0
0
0
0
0
0
0
0
0
0
0
0
0
0
0
0
0
0
0
0
0
0
0
0
0
0
0
0
0
0
0
0
0
0
0
0
0
0
0
0
0
0
0
0
0
0
0
0
0
-3.1199
0
0
0
0
0
0
0
0
0
0
0
0
0
0
0
0
0
0
0
0
0
0
0
0
0
0
0
0
0
0
0
0
0
0
0
0
0
0
0
0
0
0
0
0
0
0
0
0
0
0
0
0
0
0
0
0
0
0
0
3.1199
0
0
0
0
0
0
0
0
0
0
0
0
0
0
0
0
0
0
0
0
0
0
0
0
0
0
0
0
0
0
0
0
0
0
-3.1861
0
0
0
0
0
0
0
0
0
0
0
0
0
0
0
0
0
0
0
0
0
0
0
0
0
0
0
0
0
0
0
0
0
0
0
0
0
0
0
0
0
0
0
0
0
0
0
0
0
0
0
0
0
0
0
0
0
0
0
0
0
0
0
0
0
0
0
0
0
0
0
0
0
0
0
0
0
0
0
0
0
0
0
0
0
0
0
0
3.1861
0
0
0
0
0
0
0
0
0
0
0
0
0
0
0
0
0
0
0
0
0
0
0
0
0
0
0
0
0
0
0
0
0
0
0
0
0
0
0
0
0
0
0
0
0
0
0
0
0
0
0
0
0
0
0
0
0
0
0
0
0
0
0
0
0
0
0
0
0
0
0
0
0
0
0
0
0
0
0
0
0
0
0
0
0
0
0
0
0
0
0
0
0
0
0
0
0
0
0
0
0
0
0
0
0
0
0
-0.56643
0
0
0
0
0
0
0
0
0
0
0
0
0
0
0
0.56643
0
0
0
0
0
0
0
0
0
0
0
0
0
0
0
0
0
0
0
0
0
0
0
0
0
0
0
0
-3.2848
0
0
0
0
0
0
0
0
0
0
0
0
0
0
0
0
0
0
0
0
0
0
0
0
0
0
0
0
0
0
0
0
0
0
0
0
0
0
0
0
0
0
0
0
0
0
0
0
0
0
0
0
0
0
0
0
0
0
0
0
0
0
0
0
0
0
0
0
0
0
0
0
0
0
0
0
0
0
0
0
0
0
0
0
0
0
0
0
0
0
0
0
0
0
3.2848
0
0
0
0
0
0
0
0
0
0
0
0
0
0
0
0
0
0
0
0
0
0
0
0
0
0
0
0
0
0
0
0
0
0
0
0
0
0
0
0
0
0
0
0
0
0
0
0
0
0
0
0
0
0
0
0
0
0
0
0
0
0
0
0
0
0
0
0
0
0
0
0
0
0
0
0
0
0
0
0
0
0
0
0
0
-2.3216
0
0
0
0
0
0
0
0
0
0
0
0
0
0
0
0
0
0
0
0
0
0
0
0
0
0
0
0
0
0
0
0
0
0
0
0
0
2.3216
0
0
0
0
0
0
0
0
0
0
0
0
0
0
0
0
0
0
0
0
0
0
0
0
0
0
0
0
0
0
0
0
0
0
0
0
0
0
-3.1591
0
0
0
0
0
0
0
0
0
0
0
0
0
0
0
0
0
0
0
0
0
0
0
0
0
0
0
0
0
0
0
0
0
0
0
0
0
0
0
0
0
0
0
0
0
0
0
0
0
0
0
0
0
0
0
0
0
0
0
0
0
0
0
0
0
0
0
0
0
0
0
0
0
0
0
0
0
0
0
0
0
0
0
0
3.1591
0
0
0
0
0
0
0
0
0
0
0
0
0
0
0
0
0
0
0
0
0
0
0
0
0
0
0
0
0
0
0
0
0
0
0
0
0
0
0
0
0
0
0
0
0
0
0
0
-3.1122
0
0
0
0
0
0
0
0
0
0
0
0
0
0
0
0
0
0
0
0
0
0
0
0
0
0
0
0
0
0
0
0
0
0
0
0
0
0
0
0
0
0
0
0
0
0
0
0
0
0
0
0
0
0
0
0
0
0
0
0
0
0
0
0
0
0
0
0
0
0
0
0
0
0
3.1122
0
0
0
0
0
0
0
0
0
0
0
0
0
0
0
0
0
0
0
0
0
0
0
0
0
0
0
0
0
0
0
0
0
0
0
0
0
0
0
0
0
0
0
0
0
0
0
0
0
0
0
0
0
0
0
0
0
0
0
0
0
0
0
0
0
0
0
0
0
0
0
0
0
0
0
0
0
0
0
0
0
0
0
0
0
0
0
0
0
0
0
0
0
0
0
0
0
0
0
0
0
0
0
0
-0.56498
0
0
0
0
0
0
0
0
0
0
0
0
0
0
0
0
0
0
0.56498
0
0
0
0
0
0
0
0
0
0
0
0
0
0
0
0
0
0
0
0
0
0
0
0
0
0
0
0
0
0
0
0
0
0
0
0
0
0
0
0
0
0
0
0
0
0
0
0
0
0
0
0
0
0
0
0
0
0
0
0
0
0
0
0
0
0
0
0
0
0
0
0
0
0
0
0
0
-2.7507
0
0
0
0
0
0
0
0
0
0
0
0
0
0
0
0
0
0
0
0
0
0
0
0
0
0
0
0
0
0
0
0
0
0
0
0
0
0
0
0
0
0
0
0
0
2.7507
0
0
0
0
0
0
0
0
0
0
0
0
0
0
0
0
0
0
0
0
0
0
0
0
0
0
0
0
0
0
0
0
0
0
0
0
0
0
0
0
0
0
0
0
0
0
0
0
0
0
0
0
0
0
0
0
0
0
0
0
0
0
0
0
0
0
0
0
0
0
0
0
0
0
0
0
0
0
0
0
0
0
0
0
0
0
0
0
0
-0.69869
0
0
0
0
0
0
0
0
0
0
0
0
0
0
0
0
0
0
0
0
0
0
0
0
0
0
0
0
0
0
0
0
0
0.69869
0
0
0
0
0
0
0
0
0
0
0
0
0
0
0
0
0
0
0
0
0
0
0
0
0
0
0
0
0
0
0
0
0
0
0
0
0
0
0
0
0
0
0
0
0
0
0
0
0
0
0
0
0
0
0
0
0
0
0
0
0
0
0
0
0
0
0
0
0
0
0
0
0
0
0
0
0
0
0
0
0
0
0
0
0
0
0
0
0
0
0
0
-0.36125
0
0
0
0
0
0
0
0
0
0
0
0
0
0
0
0
0
0
0
0
0
0
0
0
0
0
0
0
0
0
0.36125
0
0
0
0
0
0
0
0
0
0
0
0
0
0
0
0
0
0
0
0
0
0
0
0
0
0
0
0
0
0
0
0
0
0
0
0
0
0
0
0
0
0
0
0
0
0
0
0
0
0
0
0
0
0
0
0
0
-3.0196
0
0
0
0
0
0
0
0
0
0
0
0
0
0
0
0
0
0
0
0
0
0
0
0
0
0
0
0
0
0
0
0
0
0
0
0
0
0
0
0
0
0
0
0
0
0
0
0
0
0
0
0
0
0
0
0
0
0
0
0
0
0
0
0
0
3.0196
0
0
0
0
0
0
0
0
0
0
0
0
0
0
0
0
0
0
0
0
0
0
0
0
0
0
0
0
0
0
0
0
0
0
0
0
0
0
0
0
0
0
0
0
0
0
0
0
0
0
0
0
0
0
0
0
0
0
0
0
0
0
0
0
0
0
0
0
0
0
0
0
0
0
0
0
0
-2.3216
0
0
0
0
0
0
0
0
0
0
0
0
0
0
0
0
0
0
0
0
0
0
0
0
0
0
0
0
0
0
0
0
0
0
0
0
0
0
0
0
0
0
0
0
0
2.3216
0
0
0
0
0
0
0
0
0
0
0
0
0
0
0
0
0
0
0
0
0
0
0
0
0
0
0
0
0
0
0
-3.1598
0
0
0
0
0
0
0
0
0
0
0
0
0
0
0
0
0
0
0
0
0
0
0
0
0
0
0
0
0
0
0
0
0
0
0
0
0
0
0
0
0
0
0
0
0
0
0
0
0
0
0
0
0
0
0
0
0
0
0
0
0
0
0
0
0
0
0
0
0
0
0
0
0
0
0
0
0
0
0
0
0
0
0
0
0
0
0
0
0
0
0
3.1598
0
0
0
0
0
0
0
0
0
0
0
0
0
0
0
0
0
0
0
-3.2084
0
0
0
0
0
0
0
0
0
0
0
0
0
0
0
0
0
0
0
0
0
0
0
0
0
0
0
0
0
0
0
0
0
0
0
0
0
0
0
0
0
0
0
0
0
0
0
0
0
0
0
0
0
0
0
0
0
0
0
0
0
0
0
0
0
0
0
0
0
0
0
0
0
0
0
0
0
0
0
0
0
0
0
0
0
0
0
0
0
0
0
0
0
0
0
0
0
0
0
0
0
0
0
3.2084
0
0
0
0
0
0
0
0
0
0
0
0
0
0
0
0
0
0
0
0
0
0
0
0
0
0
0
0
0
0
0
0
0
0
0
0
0
0
0
0
0
0
0
0
0
0
0
0
0
0
0
0
0
0
0
0
0
0
0
0
0
0
0
0
0
0
-2.8077
0
0
0
0
0
0
0
0
0
0
0
0
0
0
0
0
0
0
0
0
0
0
0
0
0
0
0
0
0
0
0
0
0
0
0
0
0
0
0
0
0
0
0
0
0
0
0
0
0
0
0
0
0
0
0
0
2.8077
0
0
0
0
0
0
0
0
0
0
0
0
0
0
0
0
0
0
0
0
0
0
0
0
0
0
0
0
0
0
0
0
0
0
0
0
0
0
0
0
0
0
0
0
0
0
0
-3.1199
0
0
0
0
0
0
0
0
0
0
0
0
0
0
0
0
0
0
0
0
0
0
0
0
0
0
0
0
0
0
0
0
0
0
0
0
0
0
0
0
0
0
0
0
0
0
0
0
0
0
0
0
0
0
0
0
0
0
0
0
0
0
0
0
0
0
0
0
0
0
0
0
0
0
0
3.1199
0
0
0
0
0
0
0
0
0
0
0
0
0
0
0
0
0
0
0
0
0
0
0
0
0
0
0
0
0
0
0
0
0
0
0
0
0
0
0
0
0
0
0
0
0
0
0
0
0
0
0
0
0
0
0
0
0
0
0
0
0
-2.9613
0
0
0
0
0
0
0
0
0
0
0
0
0
0
0
0
0
0
0
0
0
0
0
0
0
0
0
0
0
0
0
0
0
0
0
0
0
0
0
0
0
0
0
0
0
0
0
0
0
0
0
0
0
0
0
0
0
0
0
0
0
2.9613
0
0
0
0
0
0
0
0
0
0
0
0
0
-3.2847
0
0
0
0
0
0
0
0
0
0
0
0
0
0
0
0
0
0
0
0
0
0
0
0
0
0
0
0
0
0
0
0
0
0
0
0
0
0
0
0
0
0
0
0
0
0
0
0
0
0
0
0
0
0
0
0
0
0
0
0
0
0
0
0
0
0
0
0
0
0
0
0
0
0
0
0
0
0
0
0
0
0
0
0
0
0
0
0
0
0
0
0
0
0
0
0
0
0
0
0
0
0
0
0
0
0
0
0
0
3.2847
0
0
0
0
0
0
0
0
0
0
0
0
0
0
0
0
0
0
0
0
0
0
0
0
0
0
0
0
0
0
0
0
0
0
0
0
0
0
0
0
-3.1279
0
0
0
0
0
0
0
0
0
0
0
0
0
0
0
0
0
0
0
0
0
0
0
0
0
0
0
0
0
0
0
0
0
0
0
0
0
0
0
0
0
0
0
0
0
0
0
0
0
0
0
0
0
0
0
0
0
0
0
0
0
0
0
0
0
0
0
0
0
0
0
0
0
0
0
0
0
0
0
0
0
0
3.1279
0
0
0
0
0
0
0
0
0
0
0
0
0
0
0
0
0
0
0
0
0
0
0
0
0
0
0
0
0
-3.1282
0
0
0
0
0
0
0
0
0
0
0
0
0
0
0
0
0
0
0
0
0
0
0
0
0
0
0
0
0
0
0
0
0
0
0
0
0
0
0
0
0
0
0
0
0
0
0
0
0
0
0
0
0
0
0
0
0
0
0
0
0
0
0
0
0
0
0
0
0
0
0
0
0
0
0
0
0
0
0
0
0
0
0
0
0
0
0
0
0
0
0
0
0
3.1282
0
0
0
0
0
0
0
0
0
0
0
0
0
0
0
0
0
0
0
0
0
0
0
0
0
0
0
0
0
0
0
0
0
0
0
0
0
0
0
0
0
0
0
0
0
0
0
0
0
0
-2.998
0
0
0
0
0
0
0
0
0
0
0
0
0
0
0
0
0
0
0
0
0
0
0
0
0
0
0
0
0
0
0
0
0
0
0
0
0
0
0
0
0
0
0
0
0
0
0
0
0
0
0
0
0
0
0
0
0
0
0
0
0
0
0
0
0
0
0
0
0
0
0
0
2.998
0
0
0
0
0
0
0
0
0
0
0
0
0
0
0
0
0
0
0
0
0
0
0
0
0
0
0
0
0
0
0
0
0
0
0
0
0
0
0
0
0
0
0
0
0
0
0
0
0
0
0
0
0
0
0
0
-2.9612
0
0
0
0
0
0
0
0
0
0
0
0
0
0
0
0
0
0
0
0
0
0
0
0
0
0
0
0
0
0
0
0
0
0
0
0
0
0
0
0
0
0
0
0
0
0
0
0
0
0
0
0
0
0
0
0
0
0
0
0
0
0
0
0
0
0
2.9612
0
0
0
0
0
0
0
0
0
0
0
0
0
0
0
0
0
0
0
0
0
0
0
0
0
0
0
0
0
0
0
0
0
0
0
0
0
0
0
0
0
0
0
0
0
0
0
0
0
0
0
0
0
0
0
0
0
0
0
0
0
0
0
0
0
0
0
0
0
0
0
0
0
0
0
0
0
0
-1.3962
0
0
0
0
0
0
0
0
0
0
0
0
0
0
0
0
0
0
0
0
0
0
0
0
0
0
0
0
0
0
0
0
0
0
0
0
0
0
0
0
0
0
0
0
1.3962
0
0
0
0
0
0
0
0
-3.2219
0
0
0
0
0
0
0
0
0
0
0
0
0
0
0
0
0
0
0
0
0
0
0
0
0
0
0
0
0
0
0
0
0
0
0
0
0
0
0
0
0
0
0
0
0
0
0
0
0
0
0
0
0
0
0
0
0
0
0
0
0
0
0
0
0
0
0
0
0
0
0
0
0
0
0
0
0
0
0
0
0
0
0
0
0
0
0
0
0
0
0
0
0
0
0
0
0
0
0
0
0
0
0
0
0
0
0
0
0
0
0
0
0
0
3.2219
0
0
0
0
0
0
0
0
0
0
0
0
0
0
0
0
0
0
0
0
0
0
0
0
0
0
0
0
0
0
0
0
0
0
0
0
0
0
0
0
0
0
0
0
0
0
0
0
0
0
0
0
0
0
0
0
0
0
0
0
0
0
0
0
0
0
0
0
0
0
0
0
0
0
0
0
0
0
0
0
0
0
0
0
0
-0.56333
0
0
0
0
0
0
0
0
0
0
0
0
0
0
0
0
0
0
0
0
0
0
0
0
0
0
0
0
0
0
0
0
0
0
0
0
0
0.56333
0
0
0
0
0
0
0
0
0
0
0
0
0
-3.1754
0
0
0
0
0
0
0
0
0
0
0
0
0
0
0
0
0
0
0
0
0
0
0
0
0
0
0
0
0
0
0
0
0
0
0
0
0
0
0
0
0
0
0
0
0
0
0
0
0
0
0
0
0
0
0
0
0
0
0
0
0
0
0
0
0
0
0
0
0
0
0
0
0
0
0
0
0
0
0
0
0
0
0
0
0
0
0
0
0
0
0
0
0
0
0
0
0
0
0
0
0
0
0
0
0
0
0
0
0
3.1754
0
0
0
0
0
0
0
0
0
0
0
0
0
0
0
0
0
0
0
0
0
0
0
0
0
0
0
0
0
0
0
0
-3.1278
0
0
0
0
0
0
0
0
0
0
0
0
0
0
0
0
0
0
0
0
0
0
0
0
0
0
0
0
0
0
0
0
0
0
0
0
0
0
0
0
0
0
0
0
0
0
0
0
0
0
0
0
0
0
0
0
0
0
0
0
0
0
0
0
0
0
0
0
0
0
0
0
0
0
0
0
0
0
0
0
0
0
0
0
0
0
0
0
0
0
3.1278
0
0
0
0
0
0
0
0
0
0
0
0
0
0
0
0
0
0
0
0
0
0
0
0
0
0
0
0
0
0
0
0
0
0
-3.1078
0
0
0
0
0
0
0
0
0
0
0
0
0
0
0
0
0
0
0
0
0
0
0
0
0
0
0
0
0
0
0
0
0
0
0
0
0
0
0
0
0
0
0
0
0
0
0
0
0
0
0
0
0
0
0
0
0
0
0
0
0
0
0
0
0
0
0
0
0
0
0
0
0
0
0
0
0
0
0
0
0
0
0
0
0
0
0
0
3.1078
0
0
0
0
0
0
0
0
0
0
0
0
0
0
0
0
0
0
0
0
0
0
0
0
0
0
0
0
0
0
0
0
0
0
0
0
0
0
0
0
0
0
0
0
0
0
0
0
0
0
0
-2.8343
0
0
0
0
0
0
0
0
0
0
0
0
0
0
0
0
0
0
0
0
0
0
0
0
0
0
0
0
0
0
0
0
0
0
0
0
0
0
0
0
0
0
0
0
0
0
0
0
0
0
0
0
0
0
0
0
0
0
0
0
0
0
0
0
0
0
0
0
0
0
0
2.8343
0
0
0
0
0
0
0
0
0
0
0
0
0
0
0
0
0
0
0
0
0
0
0
0
0
0
0
0
0
0
0
0
0
0
0
0
0
0
0
0
0
0
0
0
0
0
0
0
0
0
0
0
0
0
0
0
0
0
0
0
0
0
0
0
0
0
0
0
0
0
0
0
0
0
-1.2565
0
0
0
0
0
0
0
0
0
0
0
0
0
0
0
0
0
0
0
0
0
0
0
0
0
0
0
0
0
0
0
0
0
0
0
0
0
0
0
0
0
0
0
0
0
0
0
0
1.2565
