74.5838
-0.9642
-0.96367
-0.96073
-0.96436
-0.95986
-0.96177
-0.95988
-0.96375
-0.95798
-0.96099
-0.95877
-0.96099
-0.96068
-0.9593
-0.95674
-0.95675
-0.95364
-0.96013
-0.95364
-0.95362
-0.95363
-0.95365
-0.95845
-0.95662
-0.95813
-0.95839
-0.95724
-0.95955
-0.95725
-0.95854
-0.95723
-0.95631
-0.95759
-0.9565
-0.95649
-0.95647
-0.95766
-0.95514
-0.95287
-0.95669
-0.95287
-0.95286
-0.95156
-0.95159
-0.95433
-0.95487
-0.95312
-0.95599
-0.956
-0.95662
-0.95654
-0.95468
-0.95495
-0.95496
-0.95427
-0.95706
-0.9651
-0.94612
-0.95562
-0.96077
-0.95547
-0.95956
-0.95273
-0.96084
-1.0192
-1.0282
0
0
0
0
0
0
0
0
-0.99049
0
0
-1.1877
0
0
0
0
0
0
0
0
0
0
0
0
0
0
0
0
-4.552
0
0
0
0
0
0
0
0
0
0
0
0
0
0
-4.552
0
0
0
0
0
0
0
0
0
0
0
0
-0.9642
70.6778
-0.96229
-0.95997
-0.96319
-0.95913
-0.96119
-0.95912
-0.96289
-0.95727
-0.96034
-0.95804
-0.96034
-0.96006
-0.95864
-0.956
-0.95603
-0.95292
-0.95965
-0.95292
-0.95289
-0.95292
-0.95289
-0.95797
-0.9559
-0.95742
-0.95762
-0.95654
-0.95954
-0.95654
-0.95808
-0.95723
-0.95633
-0.95692
-0.95578
-0.95577
-0.95579
-0.95716
-0.95449
-0.95218
-0.9562
-0.95219
-0.95217
-0.95087
-0.95086
-0.95371
-0.95416
-0.95302
-0.95529
-0.95555
-0.95615
-0.95583
-0.95397
-0.95448
-0.95451
-0.95355
-0.95628
-0.96396
-0.94583
-0.95497
-0.95992
-0.9546
-0.95866
-0.95181
-0.95971
-1.0173
-1.026
0
0
0
0
0
0
0
0
-0.98625
0
0
-1.186
0
-0.64624
0
0
0
0
0
0
0
0
0
0
0
0
0
0
0
0
0
0
0
0
0
0
0
0
0
0
0
0
0
0
0
0
0
0
0
-4.6036
0
0
0
0
0
0
-0.96367
-0.96229
69.1555
-0.95946
-0.96269
-0.95862
-0.96069
-0.95862
-0.96241
-0.95681
-0.95979
-0.95752
-0.9598
-0.95953
-0.95814
-0.95554
-0.95555
-0.95244
-0.95909
-0.95243
-0.95242
-0.95241
-0.95242
-0.95742
-0.9554
-0.95691
-0.95714
-0.95604
-0.95894
-0.95605
-0.95729
-0.95665
-0.95576
-0.95677
-0.95527
-0.95527
-0.95526
-0.95664
-0.95401
-0.95168
-0.95569
-0.95164
-0.9517
-0.95037
-0.95036
-0.95318
-0.95366
-0.95246
-0.95478
-0.95502
-0.95563
-0.95531
-0.95345
-0.95398
-0.95397
-0.95302
-0.95576
-0.96349
-0.94542
-0.95447
-0.9594
-0.9541
-0.95814
-0.95131
-0.95922
-1.0169
-1.0255
0
0
0
0
0
-0.4152
0
0
-0.98567
0
0
0
0
0
0
0
0
0
0
0
0
0
0
0
0
0
0
0
0
0
0
0
0
0
0
0
0
0
0
-4.5319
0
0
0
0
0
0
0
0
0
0
0
0
0
0
0
0
-0.96073
-0.95997
-0.95946
65.5678
-0.96077
-0.95723
-0.95942
-0.95721
-0.96084
-0.95546
-0.95821
-0.95615
-0.95819
-0.95801
-0.9567
-0.95416
-0.95414
-0.95103
-0.95765
-0.95104
-0.95102
-0.95102
-0.95103
-0.95604
-0.954
-0.9555
-0.95571
-0.95464
-0.95747
-0.95465
-0.95584
-0.95555
-0.95463
-0.95508
-0.95385
-0.95386
-0.95386
-0.95529
-0.95242
-0.95028
-0.95436
-0.95028
-0.95027
-0.949
-0.94898
-0.95185
-0.95227
-0.95134
-0.9534
-0.95375
-0.95437
-0.95392
-0.95205
-0.95273
-0.95272
-0.95164
-0.95421
-0.96157
-0.94455
-0.95321
-0.958
-0.95267
-0.95675
-0.9499
-0.95783
-1.0155
-1.0241
0
0
0
0
0
0
0
0
0
0
0
0
0
0
0
0
-2.4384
0
0
0
0
0
0
0
0
0
0
0
0
0
0
0
0
0
0
0
0
0
0
0
0
0
0
0
0
0
0
0
0
0
0
0
0
0
0
0
-0.96436
-0.96319
-0.96269
-0.96077
67.5255
-0.95988
-0.96193
-0.95989
-0.96364
-0.9581
-0.96094
-0.9588
-0.96094
-0.96072
-0.95939
-0.95678
-0.95677
-0.95366
-0.96025
-0.95366
-0.95367
-0.95367
-0.95365
-0.95861
-0.95665
-0.95815
-0.95844
-0.95728
-0.96
-0.95729
-0.95857
-0.95774
-0.95679
-0.95767
-0.9565
-0.95652
-0.9565
-0.95788
-0.9553
-0.95293
-0.95695
-0.95291
-0.95292
-0.95162
-0.95162
-0.95443
-0.95492
-0.95368
-0.95605
-0.95625
-0.95689
-0.95659
-0.95469
-0.95519
-0.95522
-0.95428
-0.957
-0.96474
-0.94679
-0.95578
-0.96072
-0.9554
-0.95945
-0.9526
-0.96061
-1.0186
-1.0274
0
0
0
0
0
0
0
0
0
0
0
0
0
0
0
0
0
0
0
0
0
0
0
0
0
0
-4.2221
0
0
0
0
0
0
0
0
0
0
0
0
0
0
0
0
0
0
0
0
0
0
0
0
0
0
0
0
0
-0.95986
-0.95913
-0.95862
-0.95723
-0.95988
63.0765
-0.95864
-0.95651
-0.95991
-0.95467
-0.95728
-0.95535
-0.95729
-0.95705
-0.95599
-0.95331
-0.95332
-0.95019
-0.95685
-0.95019
-0.95019
-0.9502
-0.95018
-0.95522
-0.95317
-0.95469
-0.9549
-0.95381
-0.95682
-0.95383
-0.95504
-0.95479
-0.95379
-0.95427
-0.95303
-0.95306
-0.95305
-0.95447
-0.95189
-0.94947
-0.95357
-0.94945
-0.94946
-0.94816
-0.94816
-0.95108
-0.95145
-0.95057
-0.95257
-0.95293
-0.95355
-0.9531
-0.95126
-0.95192
-0.95191
-0.95079
-0.95343
-0.9608
-0.94379
-0.95243
-0.95716
-0.95185
-0.95591
-0.94911
-0.95704
-1.0147
-1.0233
0
0
0
0
0
0
0
0
0
0
0
0
0
0
0
0
0
0
0
0
0
0
0
0
0
0
0
0
0
0
0
0
0
0
0
0
0
0
0
0
0
0
0
0
0
0
0
0
0
0
0
0
0
0
0
0
-0.96177
-0.96119
-0.96069
-0.95942
-0.96193
-0.95864
66.1402
-0.95863
-0.9619
-0.95671
-0.95933
-0.95751
-0.95933
-0.95913
-0.95874
-0.95544
-0.95545
-0.95232
-0.95881
-0.95232
-0.95232
-0.95232
-0.95233
-0.95721
-0.9553
-0.95681
-0.95806
-0.95596
-0.95876
-0.95596
-0.95822
-0.95664
-0.95571
-0.95635
-0.95516
-0.95515
-0.95517
-0.95646
-0.95396
-0.95156
-0.95555
-0.95159
-0.95158
-0.95031
-0.95028
-0.95294
-0.95359
-0.95249
-0.95471
-0.95507
-0.95572
-0.95523
-0.95339
-0.95408
-0.95407
-0.95297
-0.95468
-0.96241
-0.94578
-0.95464
-0.95931
-0.95398
-0.95806
-0.9512
-0.95913
0
0
0
-1.7391
0
0
0
0
0
0
0
0
0
0
0
0
-3.2297
0
0
0
0
0
0
0
0
0
0
0
0
0
0
0
0
0
0
0
0
0
0
0
0
0
0
0
0
0
0
0
0
0
0
0
0
0
0
0
0
0
-0.95988
-0.95912
-0.95862
-0.95721
-0.95989
-0.95651
-0.95863
63.0765
-0.95992
-0.95467
-0.95729
-0.95535
-0.95728
-0.95704
-0.956
-0.95332
-0.9533
-0.95019
-0.95686
-0.9502
-0.95018
-0.95019
-0.95019
-0.95522
-0.95317
-0.95469
-0.95492
-0.95382
-0.95682
-0.95381
-0.95504
-0.9548
-0.95379
-0.95425
-0.95306
-0.95306
-0.95305
-0.95446
-0.95189
-0.94946
-0.95358
-0.94945
-0.94947
-0.94817
-0.94816
-0.95109
-0.95147
-0.95058
-0.95258
-0.95292
-0.95355
-0.95308
-0.95124
-0.95192
-0.9519
-0.95083
-0.95343
-0.96078
-0.94378
-0.9524
-0.95716
-0.95187
-0.95592
-0.94909
-0.95702
-1.0147
-1.0232
0
0
0
0
0
0
0
0
0
0
0
0
0
0
0
0
0
0
0
0
0
0
0
0
0
0
0
0
0
0
0
0
0
0
0
0
0
0
0
0
0
0
0
0
0
0
0
0
0
0
0
0
0
0
0
0
-0.96375
-0.96289
-0.96241
-0.96084
-0.96364
-0.95991
-0.9619
-0.95992
65.9559
-0.95792
-0.96072
-0.95876
-0.96072
-0.96064
-0.95922
-0.95666
-0.95665
-0.95347
-0.95996
-0.9535
-0.95352
-0.9535
-0.95348
-0.95833
-0.95649
-0.95798
-0.9585
-0.95711
-0.95955
-0.95712
-0.95838
-0.95728
-0.95641
-0.95746
-0.95635
-0.95638
-0.95636
-0.95761
-0.95503
-0.95274
-0.9567
-0.95274
-0.95274
-0.95145
-0.95144
-0.95423
-0.95474
-0.95335
-0.95588
-0.95601
-0.95664
-0.95641
-0.95453
-0.95496
-0.95495
-0.95412
-0.95681
-0.9645
-0.9464
-0.95559
-0.96063
-0.95529
-0.9594
-0.95256
0
0
0
0
0
0
0
-1.0094
0
0
-0.57392
0
0
0
0
0
0
0
0
0
0
0
0
0
0
0
0
0
0
0
0
0
0
0
0
0
0
0
0
0
0
0
0
0
0
0
0
0
0
0
0
0
0
0
-4.0875
0
0
0
0
-0.95798
-0.95727
-0.95681
-0.95546
-0.9581
-0.95467
-0.95671
-0.95467
-0.95792
61.3463
-0.95536
-0.95347
-0.95535
-0.95513
-0.95404
-0.95133
-0.95133
-0.94825
-0.95491
-0.94825
-0.94824
-0.94824
-0.94826
-0.95326
-0.95124
-0.95278
-0.95293
-0.95191
-0.9551
-0.95189
-0.95306
-0.95295
-0.95194
-0.9523
-0.95112
-0.95115
-0.95117
-0.95251
-0.95021
-0.94756
-0.9516
-0.94755
-0.94756
-0.94625
-0.94627
-0.94916
-0.94954
-0.94859
-0.95068
-0.95097
-0.95159
-0.95119
-0.94934
-0.94997
-0.94998
-0.94892
-0.95151
-0.95882
-0.9418
-0.95051
-0.95529
-0.94999
-0.95405
-0.94725
-0.9552
0
0
0
0
0
0
0
0
0
0
0
0
0
0
-0.4279
0
0
0
0
0
0
0
0
0
0
0
0
0
0
0
0
0
0
0
0
0
0
0
0
0
0
0
0
0
0
0
0
0
0
0
0
0
0
0
0
0
0
0
-0.96099
-0.96034
-0.95979
-0.95821
-0.96094
-0.95728
-0.95933
-0.95729
-0.96072
-0.95536
64.8253
-0.95613
-0.95794
-0.95772
-0.95663
-0.95404
-0.95404
-0.95091
-0.95735
-0.95092
-0.95091
-0.95092
-0.95093
-0.95576
-0.95387
-0.95538
-0.95566
-0.95451
-0.95681
-0.95451
-0.95579
-0.95474
-0.9538
-0.95493
-0.95375
-0.95377
-0.95376
-0.95507
-0.95251
-0.95015
-0.95416
-0.95015
-0.95015
-0.94886
-0.94885
-0.95168
-0.95215
-0.95085
-0.95328
-0.95346
-0.95406
-0.95379
-0.95196
-0.95242
-0.95242
-0.95154
-0.95418
-0.96179
-0.94401
-0.95304
-0.95798
-0.95266
-0.95673
-0.94994
-0.95801
0
0
0
0
0
0
0
0
0
0
0
0
0
0
0
0
0
0
0
0
0
0
0
-3.7437
0
0
0
0
0
0
0
0
0
0
0
0
0
0
0
0
0
0
0
0
0
0
0
0
0
0
0
0
0
0
0
0
0
0
-0.95877
-0.95804
-0.95752
-0.95615
-0.9588
-0.95535
-0.95751
-0.95535
-0.95876
-0.95347
-0.95613
61.9798
-0.95614
-0.95595
-0.95482
-0.9521
-0.95214
-0.949
-0.95567
-0.94901
-0.94899
-0.94899
-0.94901
-0.95408
-0.95198
-0.95353
-0.95372
-0.95269
-0.95585
-0.95267
-0.95385
-0.95373
-0.95271
-0.95311
-0.95191
-0.95189
-0.9519
-0.95331
-0.95076
-0.94831
-0.95239
-0.94829
-0.9483
-0.94701
-0.947
-0.94992
-0.95029
-0.9494
-0.95142
-0.95174
-0.95239
-0.95194
-0.95008
-0.95074
-0.95074
-0.94968
-0.95227
-0.9596
-0.94264
-0.95129
-0.95602
-0.95072
-0.95479
-0.94798
-0.9559
-1.0136
0
0
0
0
0
0
0
0
0
0
0
0
0
0
0
0
0
0
0
0
0
0
0
0
0
0
0
0
0
0
0
0
0
0
0
0
0
0
0
0
0
0
0
0
0
0
0
0
0
0
0
0
0
0
0
0
0
-0.96099
-0.96034
-0.9598
-0.95819
-0.96094
-0.95729
-0.95933
-0.95728
-0.96072
-0.95535
-0.95794
-0.95614
64.8257
-0.95772
-0.95664
-0.95403
-0.95402
-0.95091
-0.95734
-0.9509
-0.95092
-0.9509
-0.9509
-0.95576
-0.95387
-0.95538
-0.95566
-0.95452
-0.95681
-0.95452
-0.9558
-0.95473
-0.9538
-0.95491
-0.95376
-0.95376
-0.95377
-0.95505
-0.95252
-0.95015
-0.95415
-0.95016
-0.95017
-0.94885
-0.94884
-0.95167
-0.95215
-0.95084
-0.95327
-0.95344
-0.95407
-0.95381
-0.95196
-0.95241
-0.95243
-0.95154
-0.9542
-0.96179
-0.94401
-0.95303
-0.95799
-0.95266
-0.95677
-0.94994
-0.95803
0
0
0
0
0
0
0
0
0
0
0
0
0
0
0
0
0
0
0
0
0
0
0
0
0
0
0
0
0
0
0
0
-3.7442
0
0
0
0
0
0
0
0
0
0
0
0
0
0
0
0
0
0
0
0
0
0
0
0
0
-0.96068
-0.96006
-0.95953
-0.95801
-0.96072
-0.95705
-0.95913
-0.95704
-0.96064
-0.95513
-0.95772
-0.95595
-0.95772
64.8967
-0.95641
-0.95383
-0.95384
-0.9507
-0.95707
-0.95068
-0.95068
-0.95068
-0.95068
-0.95548
-0.95364
-0.95515
-0.95537
-0.95429
-0.95641
-0.95428
-0.95552
-0.95435
-0.95349
-0.95466
-0.9535
-0.95352
-0.95351
-0.95475
-0.95225
-0.94992
-0.95384
-0.94991
-0.94991
-0.94861
-0.94863
-0.95141
-0.9519
-0.95051
-0.95303
-0.95316
-0.95377
-0.95357
-0.9517
-0.95212
-0.95213
-0.9513
-0.95396
-0.96158
-0.94369
-0.95279
-0.95776
-0.95247
-0.95655
-0.94972
0
0
0
0
0
0
0
-1.0063
0
0
0
0
0
0
0
0
0
0
0
0
0
0
0
0
0
0
0
0
0
0
0
0
0
0
0
0
0
0
0
0
0
-3.7824
0
0
0
0
0
0
0
0
0
0
0
0
0
0
0
0
0
-0.9593
-0.95864
-0.95814
-0.9567
-0.95939
-0.95599
-0.95874
-0.956
-0.95922
-0.95404
-0.95663
-0.95482
-0.95664
-0.95641
62.3023
-0.95271
-0.9527
-0.94952
-0.95621
-0.94951
-0.94951
-0.94953
-0.94952
-0.95459
-0.95251
-0.95404
-0.95304
-0.95316
-0.9563
-0.95318
-0.95316
-0.95426
-0.95329
-0.95361
-0.95242
-0.95242
-0.95241
-0.95375
-0.95119
-0.94879
-0.95283
-0.94878
-0.94881
-0.94749
-0.94751
-0.95042
-0.95077
-0.94985
-0.95192
-0.95229
-0.9529
-0.95243
-0.95058
-0.95126
-0.95125
-0.95014
-0.95304
-0.9612
-0.94311
-0.95191
-0.95661
-0.95129
-0.95536
-0.94854
0
0
0
0
0
0
0
0
0
0
0
0
-2.26
0
0
0
0
0
0
0
0
0
0
0
0
0
0
0
0
0
0
0
0
0
0
0
0
0
0
0
0
0
0
0
0
0
0
0
0
0
0
0
0
0
0
0
0
0
0
-0.95674
-0.956
-0.95554
-0.95416
-0.95678
-0.95331
-0.95544
-0.95332
-0.95666
-0.95133
-0.95404
-0.9521
-0.95403
-0.95383
-0.95271
60.8345
-0.94997
-0.9469
-0.9536
-0.9469
-0.94689
-0.94689
-0.94691
-0.95195
-0.9499
-0.95144
-0.95156
-0.95058
-0.95383
-0.95057
-0.95172
-0.95168
-0.9506
-0.951
-0.94981
-0.94981
-0.94982
-0.95115
-0.94863
-0.94622
-0.95024
-0.94622
-0.94623
-0.94494
-0.94491
-0.94783
-0.94822
-0.94723
-0.94935
-0.94964
-0.95025
-0.94984
-0.948
-0.94864
-0.94864
-0.94758
-0.95017
-0.9575
-0.94057
-0.9492
-0.95393
-0.94864
-0.9527
-0.94589
-0.95383
0
0
0
0
0
0
0
0
0
0
0
0
0
0
0
0
0
0
0
0
0
0
0
0
0
0
0
0
0
0
0
0
0
0
0
0
0
0
0
0
0
0
0
0
0
0
0
0
0
0
0
0
0
0
0
0
0
0
-0.95675
-0.95603
-0.95555
-0.95414
-0.95677
-0.95332
-0.95545
-0.9533
-0.95665
-0.95133
-0.95404
-0.95214
-0.95402
-0.95384
-0.9527
-0.94997
60.8347
-0.94691
-0.95358
-0.94691
-0.9469
-0.9469
-0.9469
-0.95194
-0.94991
-0.95144
-0.95157
-0.95059
-0.95384
-0.95059
-0.95173
-0.95167
-0.95061
-0.95101
-0.94982
-0.94984
-0.94984
-0.95116
-0.94861
-0.9462
-0.95025
-0.94622
-0.94623
-0.94492
-0.94492
-0.94781
-0.94822
-0.94724
-0.94933
-0.94962
-0.95027
-0.94987
-0.948
-0.94864
-0.94864
-0.94758
-0.95017
-0.95747
-0.94057
-0.94918
-0.95395
-0.94864
-0.95271
-0.94589
-0.95382
0
0
0
0
0
0
0
0
0
0
0
0
0
0
0
0
0
0
0
0
0
0
0
0
0
0
0
0
0
0
0
0
0
0
0
0
0
0
0
0
0
0
0
0
0
0
0
0
0
0
0
0
0
0
0
0
0
0
-0.95364
-0.95292
-0.95244
-0.95103
-0.95366
-0.95019
-0.95232
-0.95019
-0.95347
-0.94825
-0.95091
-0.949
-0.95091
-0.9507
-0.94952
-0.9469
-0.94691
59.6835
-0.95041
-0.94359
-0.9436
-0.94359
-0.94361
-0.94879
-0.94675
-0.94827
-0.94826
-0.94741
-0.95074
-0.94741
-0.94843
-0.94863
-0.94752
-0.94782
-0.94664
-0.94664
-0.94663
-0.94787
-0.94543
-0.94306
-0.94702
-0.94305
-0.94306
-0.94175
-0.94174
-0.94461
-0.94502
-0.94398
-0.94614
-0.94638
-0.94702
-0.94665
-0.94481
-0.94542
-0.94541
-0.94438
-0.94696
-0.95426
-0.93738
-0.946
-0.95073
-0.94545
-0.9495
-0.94271
0
0
0
0
0
0
0
0
0
0
0
0
0
0
0
0
0
0
0
0
0
0
0
0
0
0
0
0
0
0
0
0
0
0
0
0
0
0
0
0
0
0
0
0
0
0
0
0
0
0
0
0
0
0
0
0
0
0
0
-0.96013
-0.95965
-0.95909
-0.95765
-0.96025
-0.95685
-0.95881
-0.95686
-0.95996
-0.95491
-0.95735
-0.95567
-0.95734
-0.95707
-0.95621
-0.9536
-0.95358
-0.95041
62.6072
-0.95041
-0.95038
-0.9504
-0.95041
-0.9553
-0.95332
-0.95484
-0.95504
-0.95396
-0.95667
-0.95399
-0.95521
-0.95455
-0.95356
-0.95438
-0.95321
-0.95318
-0.95322
-0.95451
-0.95197
-0.9496
-0.9536
-0.94961
-0.94961
-0.94831
-0.94832
-0.95114
-0.95159
-0.95028
-0.95275
-0.95291
-0.95353
-0.95326
-0.9514
-0.95186
-0.95187
-0.95098
-0.95366
-0.9612
-0.94346
-0.95248
-0.95744
-0.95213
-0.95621
0
0
0
0
0
0
0
0
0
0
0
0
0
0
0
0
0
0
0
0
0
0
0
0
0
0
0
0
0
0
0
0
0
0
0
0
0
0
0
0
0
0
0
0
0
0
0
0
0
-3.4661
0
0
0
0
0
0
0
0
0
0
-0.95364
-0.95292
-0.95243
-0.95104
-0.95366
-0.95019
-0.95232
-0.9502
-0.9535
-0.94825
-0.95092
-0.94901
-0.9509
-0.95068
-0.94951
-0.9469
-0.94691
-0.94359
-0.95041
59.6835
-0.94358
-0.94359
-0.9436
-0.94877
-0.94673
-0.94827
-0.94825
-0.94743
-0.95075
-0.94742
-0.94843
-0.94859
-0.94751
-0.9478
-0.94665
-0.94664
-0.94663
-0.94787
-0.94542
-0.94307
-0.94699
-0.94305
-0.94305
-0.94176
-0.94175
-0.94461
-0.94503
-0.94399
-0.94614
-0.94642
-0.94704
-0.94666
-0.9448
-0.94542
-0.94541
-0.9444
-0.94696
-0.95426
-0.93738
-0.946
-0.95074
-0.94546
-0.94951
-0.94271
0
0
0
0
0
0
0
0
0
0
0
0
0
0
0
0
0
0
0
0
0
0
0
0
0
0
0
0
0
0
0
0
0
0
0
0
0
0
0
0
0
0
0
0
0
0
0
0
0
0
0
0
0
0
0
0
0
0
0
-0.95362
-0.95289
-0.95242
-0.95102
-0.95367
-0.95019
-0.95232
-0.95018
-0.95352
-0.94824
-0.95091
-0.94899
-0.95092
-0.95068
-0.94951
-0.94689
-0.9469
-0.9436
-0.95038
-0.94358
59.6831
-0.9436
-0.94357
-0.94879
-0.94673
-0.94827
-0.94824
-0.94739
-0.95075
-0.94739
-0.94844
-0.94862
-0.94753
-0.94779
-0.94663
-0.94665
-0.94663
-0.94786
-0.94543
-0.94305
-0.947
-0.94306
-0.94304
-0.94175
-0.94175
-0.9446
-0.94503
-0.94399
-0.94613
-0.94638
-0.94701
-0.94663
-0.9448
-0.94542
-0.9454
-0.94438
-0.94695
-0.95422
-0.93736
-0.94599
-0.95074
-0.94545
-0.94952
-0.94271
0
0
0
0
0
0
0
0
0
0
0
0
0
0
0
0
0
0
0
0
0
0
0
0
0
0
0
0
0
0
0
0
0
0
0
0
0
0
0
0
0
0
0
0
0
0
0
0
0
0
0
0
0
0
0
0
0
0
0
-0.95363
-0.95292
-0.95241
-0.95102
-0.95367
-0.9502
-0.95232
-0.95019
-0.9535
-0.94824
-0.95092
-0.94899
-0.9509
-0.95068
-0.94953
-0.94689
-0.9469
-0.94359
-0.9504
-0.94359
-0.9436
59.6832
-0.94359
-0.94878
-0.94671
-0.94826
-0.94824
-0.94741
-0.95073
-0.94739
-0.94845
-0.94861
-0.94752
-0.94779
-0.94665
-0.94662
-0.94663
-0.94786
-0.94545
-0.94306
-0.947
-0.94303
-0.94305
-0.94173
-0.94174
-0.94462
-0.94502
-0.94398
-0.94613
-0.94643
-0.94702
-0.94665
-0.94481
-0.94539
-0.9454
-0.94439
-0.94694
-0.95428
-0.93737
-0.94601
-0.95075
-0.94546
-0.9495
-0.94272
0
0
0
0
0
0
0
0
0
0
0
0
0
0
0
0
0
0
0
0
0
0
0
0
0
0
0
0
0
0
0
0
0
0
0
0
0
0
0
0
0
0
0
0
0
0
0
0
0
0
0
0
0
0
0
0
0
0
0
-0.95365
-0.95289
-0.95242
-0.95103
-0.95365
-0.95018
-0.95233
-0.95019
-0.95348
-0.94826
-0.95093
-0.94901
-0.9509
-0.95068
-0.94952
-0.94691
-0.9469
-0.94361
-0.95041
-0.9436
-0.94357
-0.94359
59.6834
-0.94876
-0.94673
-0.94829
-0.94824
-0.9474
-0.95074
-0.9474
-0.94843
-0.94863
-0.94754
-0.94781
-0.94664
-0.94664
-0.94664
-0.94786
-0.94542
-0.94306
-0.94701
-0.94305
-0.94306
-0.94175
-0.94174
-0.94461
-0.94502
-0.94399
-0.94614
-0.94643
-0.94703
-0.94665
-0.94481
-0.94543
-0.9454
-0.94438
-0.94696
-0.95425
-0.93739
-0.94599
-0.95075
-0.94544
-0.9495
-0.94271
0
0
0
0
0
0
0
0
0
0
0
0
0
0
0
0
0
0
0
0
0
0
0
0
0
0
0
0
0
0
0
0
0
0
0
0
0
0
0
0
0
0
0
0
0
0
0
0
0
0
0
0
0
0
0
0
0
0
0
-0.95845
-0.95797
-0.95742
-0.95604
-0.95861
-0.95522
-0.95721
-0.95522
-0.95833
-0.95326
-0.95576
-0.95408
-0.95576
-0.95548
-0.95459
-0.95195
-0.95194
-0.94879
-0.9553
-0.94877
-0.94879
-0.94878
-0.94876
61.4656
-0.95162
-0.95314
-0.95326
-0.95225
-0.95517
-0.95226
-0.95344
-0.95302
-0.95197
-0.95266
-0.95152
-0.95152
-0.95152
-0.95275
-0.95025
-0.94791
-0.95182
-0.94792
-0.94789
-0.94661
-0.94661
-0.94944
-0.94989
-0.94853
-0.95103
-0.95117
-0.95178
-0.95155
-0.94971
-0.95014
-0.95013
-0.94928
-0.95195
-0.95945
-0.94178
-0.95078
-0.95574
-0.95045
0
0
0
0
0
0
0
0
0
0
0
0
0
0
0
0
0
0
0
0
0
0
0
0
0
0
0
0
0
0
0
0
0
0
0
0
-3.3813
0
0
0
0
0
0
0
0
0
0
0
0
0
0
0
0
0
0
0
0
0
0
0
0
-0.95662
-0.9559
-0.9554
-0.954
-0.95665
-0.95317
-0.9553
-0.95317
-0.95649
-0.95124
-0.95387
-0.95198
-0.95387
-0.95364
-0.95251
-0.9499
-0.94991
-0.94675
-0.95332
-0.94673
-0.94673
-0.94671
-0.94673
-0.95162
57.9752
-0.95153
-0.95151
-0.95058
-0.95335
-0.95057
-0.95173
-0.95084
-0.94974
-0.951
-0.9498
-0.94979
-0.94978
-0.95115
-0.94862
-0.94619
-0.95024
-0.94616
-0.94615
-0.94488
-0.94488
-0.94776
-0.94816
-0.94728
-0.94929
-0.94962
-0.95026
-0.94983
-0.94796
-0.94861
-0.94862
-0.94757
-0.95009
-0.95737
-0.94049
-0.94911
-0.95388
-0.94856
0
0
0
0
0
0
0
0
0
0
0
0
0
0
0
0
0
0
0
0
0
0
0
0
0
0
0
0
0
0
0
0
0
0
0
0
0
0
0
0
0
0
0
0
0
0
0
0
0
0
0
0
0
0
0
0
0
0
0
0
0
-0.95813
-0.95742
-0.95691
-0.9555
-0.95815
-0.95469
-0.95681
-0.95469
-0.95798
-0.95278
-0.95538
-0.95353
-0.95538
-0.95515
-0.95404
-0.95144
-0.95144
-0.94827
-0.95484
-0.94827
-0.94827
-0.94826
-0.94829
-0.95314
-0.95153
57.1177
-0.95317
-0.95208
-0.95486
-0.95206
-0.95338
-0.95237
-0.95131
-0.95257
-0.95133
-0.95131
-0.95132
-0.9528
-0.9502
-0.94769
-0.95184
-0.94769
-0.94769
-0.94636
-0.94635
-0.94932
-0.94972
-0.9489
-0.95086
-0.9512
-0.95181
-0.9514
-0.94956
-0.95019
-0.95019
-0.94911
-0.95164
-0.95895
-0.94203
-0.95068
-0.95547
0
0
0
0
0
0
0
0
0
0
0
0
0
0
0
0
0
0
0
0
0
0
0
0
0
0
0
0
0
0
0
0
0
0
0
0
0
0
0
0
0
0
0
0
0
0
0
0
0
0
0
0
0
0
0
0
0
0
0
0
0
0
-0.95839
-0.95762
-0.95714
-0.95571
-0.95844
-0.9549
-0.95806
-0.95492
-0.9585
-0.95293
-0.95566
-0.95372
-0.95566
-0.95537
-0.95304
-0.95156
-0.95157
-0.94826
-0.95504
-0.94825
-0.94824
-0.94824
-0.94824
-0.95326
-0.95151
-0.95317
57.8855
-0.95235
-0.95507
-0.95233
-0.95214
-0.9525
-0.95141
-0.95273
-0.95153
-0.95154
-0.95156
-0.95301
-0.95034
-0.94788
-0.95207
-0.9479
-0.94788
-0.94653
-0.94657
-0.9496
-0.94991
-0.9492
-0.95105
-0.95147
-0.95206
-0.95159
-0.94971
-0.95044
-0.95043
-0.9493
-0.95212
-0.95986
-0.94214
0
0
0
0
0
0
0
0
0
0
0
0
0
0
0
-0.57099
0
0
-2.0929
0
0
0
0
0
0
0
0
0
0
0
0
0
0
0
0
0
0
0
0
0
0
0
0
0
0
0
0
0
0
0
0
0
0
0
0
0
0
0
0
0
0
0
0
0
-0.95724
-0.95654
-0.95604
-0.95464
-0.95728
-0.95381
-0.95596
-0.95382
-0.95711
-0.95191
-0.95451
-0.95269
-0.95452
-0.95429
-0.95316
-0.95058
-0.95059
-0.94741
-0.95396
-0.94743
-0.94739
-0.94741
-0.9474
-0.95225
-0.95058
-0.95208
-0.95235
56.1103
-0.95408
-0.95108
-0.95249
-0.95156
-0.95051
-0.95168
-0.95046
-0.95045
-0.95044
-0.9519
-0.9493
-0.94676
-0.95084
-0.94677
-0.94674
-0.94543
-0.94543
-0.94839
-0.9488
-0.94793
-0.94994
-0.95025
-0.95087
-0.95045
-0.94859
-0.94924
-0.94926
-0.94816
-0.95074
-0.95801
-0.94113
-0.94976
0
0
0
0
0
0
0
0
0
0
0
0
0
0
0
0
0
0
0
0
0
0
0
0
0
0
0
0
0
0
0
0
0
0
0
0
0
0
0
0
0
0
0
0
0
0
0
0
0
0
0
0
0
0
0
0
0
0
0
0
0
0
0
-0.95955
-0.95954
-0.95894
-0.95747
-0.96
-0.95682
-0.95876
-0.95682
-0.95955
-0.9551
-0.95681
-0.95585
-0.95681
-0.95641
-0.9563
-0.95383
-0.95384
-0.95074
-0.95667
-0.95075
-0.95075
-0.95073
-0.95074
-0.95517
-0.95335
-0.95486
-0.95507
-0.95408
63.8656
-0.95406
-0.95531
-0.95417
-0.95306
-0.95437
-0.95325
-0.95326
-0.95328
-0.95425
-0.95161
-0.9496
-0.95327
-0.9496
-0.94961
-0.94829
-0.94829
-0.95104
-0.9516
-0.94961
-0.95276
-0.95263
-0.95327
-0.95332
-0.95145
-0.95164
-0.95164
-0.95104
-0.95368
0
0
0
0
0
0
0
0
0
0
0
0
0
0
0
0
0
0
0
0
0
0
0
0
0
0
0
-2.5311
0
0
0
0
0
0
0
0
0
0
0
0
0
0
0
0
0
0
0
0
0
0
0
0
0
0
-3.9603
0
0
0
0
0
0
0
-3.96
0
0
0
-0.95725
-0.95654
-0.95605
-0.95465
-0.95729
-0.95383
-0.95596
-0.95381
-0.95712
-0.95189
-0.95451
-0.95267
-0.95452
-0.95428
-0.95318
-0.95057
-0.95059
-0.94741
-0.95399
-0.94742
-0.94739
-0.94739
-0.9474
-0.95226
-0.95057
-0.95206
-0.95233
-0.95108
-0.95406
56.1102
-0.95248
-0.95157
-0.95055
-0.95168
-0.95042
-0.95045
-0.95046
-0.95188
-0.94927
-0.94676
-0.95083
-0.94675
-0.94678
-0.94544
-0.94544
-0.94837
-0.94879
-0.94793
-0.94993
-0.95024
-0.95085
-0.95046
-0.94858
-0.94924
-0.94924
-0.94817
-0.95074
-0.95801
-0.94112
-0.94974
0
0
0
0
0
0
0
0
0
0
0
0
0
0
0
0
0
0
0
0
0
0
0
0
0
0
0
0
0
0
0
0
0
0
0
0
0
0
0
0
0
0
0
0
0
0
0
0
0
0
0
0
0
0
0
0
0
0
0
0
0
0
0
-0.95854
-0.95808
-0.95729
-0.95584
-0.95857
-0.95504
-0.95822
-0.95504
-0.95838
-0.95306
-0.95579
-0.95385
-0.9558
-0.95552
-0.95316
-0.95172
-0.95173
-0.94843
-0.95521
-0.94843
-0.94844
-0.94845
-0.94843
-0.95344
-0.95173
-0.95338
-0.95214
-0.95249
-0.95531
-0.95248
57.0218
-0.95274
-0.9517
-0.95286
-0.95166
-0.95166
-0.95166
-0.95321
-0.95048
-0.94796
-0.95219
-0.94794
-0.94795
-0.94664
-0.94663
-0.9497
-0.94998
-0.94934
-0.95113
-0.95157
-0.95219
-0.95167
-0.94983
-0.95053
-0.95054
-0.9494
-0.95222
-0.95998
0
0
0
0
0
0
0
0
0
0
0
0
0
0
0
0
0
0
0
-2.0918
0
0
-0.64271
0
0
0
0
0
0
0
0
0
0
0
0
0
0
0
0
0
0
0
0
0
0
0
0
0
0
0
0
0
0
0
0
0
0
0
0
0
0
0
0
0
0
-0.95723
-0.95723
-0.95665
-0.95555
-0.95774
-0.95479
-0.95664
-0.9548
-0.95728
-0.95295
-0.95474
-0.95373
-0.95473
-0.95435
-0.95426
-0.95168
-0.95167
-0.94863
-0.95455
-0.94859
-0.94862
-0.94861
-0.94863
-0.95302
-0.95084
-0.95237
-0.9525
-0.95156
-0.95417
-0.95157
-0.95274
61.3737
-0.95067
-0.9519
-0.95087
-0.95088
-0.95085
-0.95176
-0.94956
-0.94721
-0.95078
-0.94721
-0.94723
-0.94578
-0.9458
-0.94859
-0.94915
-0.94724
-0.95028
-0.95014
-0.95074
-0.95082
-0.94899
-0.94912
-0.9491
-0.94856
0
0
0
0
0
0
0
0
0
0
0
0
0
0
0
0
0
0
0
0
0
0
0
0
0
0
0
0
0
-1.5929
0
0
0
0
-3.7227
0
0
0
0
0
0
0
0
0
0
0
0
0
0
0
0
0
0
0
0
0
0
0
0
0
0
0
0
0
-3.7225
0
0
-0.95631
-0.95633
-0.95576
-0.95463
-0.95679
-0.95379
-0.95571
-0.95379
-0.95641
-0.95194
-0.9538
-0.95271
-0.9538
-0.95349
-0.95329
-0.9506
-0.95061
-0.94752
-0.95356
-0.94751
-0.94753
-0.94752
-0.94754
-0.95197
-0.94974
-0.95131
-0.95141
-0.95051
-0.95306
-0.95055
-0.9517
-0.95067
60.8164
-0.95093
-0.94983
-0.94984
-0.94984
-0.95075
-0.94859
-0.94616
-0.94981
-0.94616
-0.94616
-0.94485
-0.94485
-0.94764
-0.94818
-0.94622
-0.94932
-0.94914
-0.94975
-0.94985
-0.94798
-0.94813
-0.94815
-0.94758
-0.9503
0
0
0
0
0
0
0
0
0
0
0
0
0
0
0
0
0
0
0
0
0
0
0
0
0
0
0
0
0
0
0
0
0
0
0
-3.7923
0
0
0
0
0
0
0
0
0
0
0
0
0
0
0
-3.7922
0
0
0
0
0
0
0
0
0
0
0
0
0
0
-0.95759
-0.95692
-0.95677
-0.95508
-0.95767
-0.95427
-0.95635
-0.95425
-0.95746
-0.9523
-0.95493
-0.95311
-0.95491
-0.95466
-0.95361
-0.951
-0.95101
-0.94782
-0.95438
-0.9478
-0.94779
-0.94779
-0.94781
-0.95266
-0.951
-0.95257
-0.95273
-0.95168
-0.95437
-0.95168
-0.95286
-0.9519
-0.95093
54.6568
-0.95079
-0.95079
-0.95077
-0.95223
-0.94971
-0.94705
-0.95133
-0.94706
-0.94707
-0.94576
-0.94577
-0.94885
-0.94925
-0.94867
-0.9504
-0.95079
-0.95139
-0.95101
-0.94913
-0.94978
-0.94976
-0.94868
-0.95121
-0.95839
0
0
0
0
0
0
0
0
0
0
0
0
0
0
-0.41348
0
0
0
0
0
0
0
0
0
0
0
0
0
0
0
0
0
0
0
0
0
0
0
0
0
0
0
0
0
0
0
0
0
0
0
0
0
0
0
0
0
0
0
0
0
0
0
0
0
0
-0.9565
-0.95578
-0.95527
-0.95385
-0.9565
-0.95303
-0.95516
-0.95306
-0.95635
-0.95112
-0.95375
-0.95191
-0.95376
-0.9535
-0.95242
-0.94981
-0.94982
-0.94664
-0.95321
-0.94665
-0.94663
-0.94665
-0.94664
-0.95152
-0.9498
-0.95133
-0.95153
-0.95046
-0.95325
-0.95042
-0.95166
-0.95087
-0.94983
-0.95079
54.1747
-0.94932
-0.94931
-0.95107
-0.94845
-0.94567
-0.95018
-0.94568
-0.94566
-0.94441
-0.94441
-0.94756
-0.94798
-0.94746
-0.94915
-0.94957
-0.95016
-0.94973
-0.94785
-0.94852
-0.94851
-0.94743
-0.94994
-0.95716
0
0
0
0
0
0
0
0
0
0
0
0
0
0
0
0
0
0
0
0
0
0
0
0
0
0
0
0
0
0
0
0
0
0
0
0
0
0
0
0
0
0
0
0
0
0
0
0
0
0
0
0
0
0
0
0
0
0
0
0
0
0
0
0
0
-0.95649
-0.95577
-0.95527
-0.95386
-0.95652
-0.95306
-0.95515
-0.95306
-0.95638
-0.95115
-0.95377
-0.95189
-0.95376
-0.95352
-0.95242
-0.94981
-0.94984
-0.94664
-0.95318
-0.94664
-0.94665
-0.94662
-0.94664
-0.95152
-0.94979
-0.95131
-0.95154
-0.95045
-0.95326
-0.95045
-0.95166
-0.95088
-0.94984
-0.95079
-0.94932
54.1749
-0.94932
-0.95106
-0.94848
-0.94567
-0.9502
-0.94567
-0.94567
-0.94441
-0.94443
-0.94758
-0.94797
-0.94747
-0.94916
-0.94957
-0.95017
-0.94973
-0.94786
-0.94853
-0.94853
-0.94741
-0.94997
-0.9572
0
0
0
0
0
0
0
0
0
0
0
0
0
0
0
0
0
0
0
0
0
0
0
0
0
0
0
0
0
0
0
0
0
0
0
0
0
0
0
0
0
0
0
0
0
0
0
0
0
0
0
0
0
0
0
0
0
0
0
0
0
0
0
0
0
-0.95647
-0.95579
-0.95526
-0.95386
-0.9565
-0.95305
-0.95517
-0.95305
-0.95636
-0.95117
-0.95376
-0.9519
-0.95377
-0.95351
-0.95241
-0.94982
-0.94984
-0.94663
-0.95322
-0.94663
-0.94663
-0.94663
-0.94664
-0.95152
-0.94978
-0.95132
-0.95156
-0.95044
-0.95328
-0.95046
-0.95166
-0.95085
-0.94984
-0.95077
-0.94931
-0.94932
54.1747
-0.95107
-0.94847
-0.94569
-0.95019
-0.94565
-0.94567
-0.94443
-0.94444
-0.94755
-0.94796
-0.94746
-0.94913
-0.94955
-0.95015
-0.94971
-0.94785
-0.9485
-0.94852
-0.9474
-0.94994
-0.95716
0
0
0
0
0
0
0
0
0
0
0
0
0
0
0
0
0
0
0
0
0
0
0
0
0
0
0
0
0
0
0
0
0
0
0
0
0
0
0
0
0
0
0
0
0
0
0
0
0
0
0
0
0
0
0
0
0
0
0
0
0
0
0
0
0
-0.95766
-0.95716
-0.95664
-0.95529
-0.95788
-0.95447
-0.95646
-0.95446
-0.95761
-0.95251
-0.95507
-0.95331
-0.95505
-0.95475
-0.95375
-0.95115
-0.95116
-0.94787
-0.95451
-0.94787
-0.94786
-0.94786
-0.94786
-0.95275
-0.95115
-0.9528
-0.95301
-0.9519
-0.95425
-0.95188
-0.95321
-0.95176
-0.95075
-0.95223
-0.95107
-0.95106
-0.95107
56.2788
-0.94984
-0.94723
-0.95117
-0.94721
-0.94722
-0.94591
-0.94589
-0.94883
-0.94931
-0.94798
-0.95048
-0.9506
-0.95122
-0.95104
-0.94917
-0.94957
-0.94958
-0.94874
-0.95135
0
0
0
0
0
0
0
0
0
0
0
0
0
0
0
0
0
0
0
0
0
0
0
0
0
0
0
0
0
0
0
0
0
0
0
0
0
0
0
0
0
0
0
0
0
0
-2.9894
0
0
0
0
0
0
0
0
0
0
0
0
0
0
0
0
0
0
0
-0.95514
-0.95449
-0.95401
-0.95242
-0.9553
-0.95189
-0.95396
-0.95189
-0.95503
-0.95021
-0.95251
-0.95076
-0.95252
-0.95225
-0.95119
-0.94863
-0.94861
-0.94543
-0.95197
-0.94542
-0.94543
-0.94545
-0.94542
-0.95025
-0.94862
-0.9502
-0.95034
-0.9493
-0.95161
-0.94927
-0.95048
-0.94956
-0.94859
-0.94971
-0.94845
-0.94848
-0.94847
-0.94984
53.896
-0.94451
-0.94882
-0.94451
-0.9445
-0.94294
-0.94295
-0.94607
-0.94661
-0.94581
-0.94775
-0.94805
-0.94869
-0.94835
-0.94647
-0.94705
-0.94707
-0.94603
0
0
0
0
0
0
0
0
0
0
0
0
0
0
-1.2691
0
0
0
0
0
0
0
0
-0.42759
0
0
0
0
0
0
0
0
0
0
0
0
0
0
0
0
0
0
0
0
0
0
0
0
0
0
0
0
0
0
0
0
0
0
0
0
0
0
0
0
0
0
0
-0.95287
-0.95218
-0.95168
-0.95028
-0.95293
-0.94947
-0.95156
-0.94946
-0.95274
-0.94756
-0.95015
-0.94831
-0.95015
-0.94992
-0.94879
-0.94622
-0.9462
-0.94306
-0.9496
-0.94307
-0.94305
-0.94306
-0.94306
-0.94791
-0.94619
-0.94769
-0.94788
-0.94676
-0.9496
-0.94676
-0.94796
-0.94721
-0.94616
-0.94705
-0.94567
-0.94567
-0.94569
-0.94723
-0.94451
53.0138
-0.94638
-0.94178
-0.94179
-0.94065
-0.94063
-0.94371
-0.9442
-0.94329
-0.94534
-0.94563
-0.94624
-0.94588
-0.94403
-0.94462
-0.94463
-0.94356
-0.94616
0
0
0
0
0
0
0
0
0
0
0
0
0
0
0
0
0
0
0
0
0
0
0
0
0
0
0
0
0
0
0
0
0
0
0
0
0
0
0
0
0
0
0
0
0
0
0
0
0
0
0
0
0
0
0
0
0
0
0
0
0
0
0
0
0
0
-0.95669
-0.9562
-0.95569
-0.95436
-0.95695
-0.95357
-0.95555
-0.95358
-0.9567
-0.9516
-0.95416
-0.95239
-0.95415
-0.95384
-0.95283
-0.95024
-0.95025
-0.94702
-0.9536
-0.94699
-0.947
-0.947
-0.94701
-0.95182
-0.95024
-0.95184
-0.95207
-0.95084
-0.95327
-0.95083
-0.95219
-0.95078
-0.94981
-0.95133
-0.95018
-0.9502
-0.95019
-0.95117
-0.94882
-0.94638
55.1043
-0.94638
-0.94636
-0.9448
-0.94478
-0.94783
-0.94831
-0.94718
-0.94952
-0.94968
-0.95029
-0.95012
-0.94824
-0.94866
-0.94867
-0.94778
0
0
0
0
0
0
0
0
0
0
0
0
0
0
0
0
0
0
0
0
0
0
0
0
0
0
0
0
0
0
0
0
0
0
0
0
0
0
0
0
0
0
0
0
0
0
0
0
0
0
0
0
0
0
0
0
0
-2.8164
0
0
0
0
0
0
0
0
0
-0.95287
-0.95219
-0.95164
-0.95028
-0.95291
-0.94945
-0.95159
-0.94945
-0.95274
-0.94755
-0.95015
-0.94829
-0.95016
-0.94991
-0.94878
-0.94622
-0.94622
-0.94305
-0.94961
-0.94305
-0.94306
-0.94303
-0.94305
-0.94792
-0.94616
-0.94769
-0.9479
-0.94677
-0.9496
-0.94675
-0.94794
-0.94721
-0.94616
-0.94706
-0.94568
-0.94567
-0.94565
-0.94721
-0.94451
-0.94178
-0.94638
53.0135
-0.94178
-0.94062
-0.94064
-0.94371
-0.9442
-0.94329
-0.94533
-0.94562
-0.94622
-0.94589
-0.94401
-0.94465
-0.94462
-0.94357
-0.94614
0
0
0
0
0
0
0
0
0
0
0
0
0
0
0
0
0
0
0
0
0
0
0
0
0
0
0
0
0
0
0
0
0
0
0
0
0
0
0
0
0
0
0
0
0
0
0
0
0
0
0
0
0
0
0
0
0
0
0
0
0
0
0
0
0
0
-0.95286
-0.95217
-0.9517
-0.95027
-0.95292
-0.94946
-0.95158
-0.94947
-0.95274
-0.94756
-0.95015
-0.9483
-0.95017
-0.94991
-0.94881
-0.94623
-0.94623
-0.94306
-0.94961
-0.94305
-0.94304
-0.94305
-0.94306
-0.94789
-0.94615
-0.94769
-0.94788
-0.94674
-0.94961
-0.94678
-0.94795
-0.94723
-0.94616
-0.94707
-0.94566
-0.94567
-0.94567
-0.94722
-0.9445
-0.94179
-0.94636
-0.94178
53.0137
-0.94063
-0.94063
-0.94371
-0.9442
-0.9433
-0.94537
-0.94562
-0.94624
-0.94587
-0.94401
-0.94463
-0.94462
-0.94359
-0.94613
0
0
0
0
0
0
0
0
0
0
0
0
0
0
0
0
0
0
0
0
0
0
0
0
0
0
0
0
0
0
0
0
0
0
0
0
0
0
0
0
0
0
0
0
0
0
0
0
0
0
0
0
0
0
0
0
0
0
0
0
0
0
0
0
0
0
-0.95156
-0.95087
-0.95037
-0.949
-0.95162
-0.94816
-0.95031
-0.94817
-0.95145
-0.94625
-0.94886
-0.94701
-0.94885
-0.94861
-0.94749
-0.94494
-0.94492
-0.94175
-0.94831
-0.94176
-0.94175
-0.94173
-0.94175
-0.94661
-0.94488
-0.94636
-0.94653
-0.94543
-0.94829
-0.94544
-0.94664
-0.94578
-0.94485
-0.94576
-0.94441
-0.94441
-0.94443
-0.94591
-0.94294
-0.94065
-0.9448
-0.94062
-0.94063
51.9947
-0.93932
-0.94228
-0.94289
-0.94134
-0.94398
-0.94405
-0.94468
-0.94439
-0.94252
-0.94312
-0.94312
-0.94212
0
0
0
0
0
0
0
0
0
0
0
0
0
0
0
0
0
0
0
0
0
0
0
0
0
0
0
0
0
0
0
0
0
0
0
0
0
0
0
0
0
0
0
0
0
0
0
0
0
0
0
0
0
0
0
0
0
0
0
0
0
0
0
0
0
0
0
-0.95159
-0.95086
-0.95036
-0.94898
-0.95162
-0.94816
-0.95028
-0.94816
-0.95144
-0.94627
-0.94885
-0.947
-0.94884
-0.94863
-0.94751
-0.94491
-0.94492
-0.94174
-0.94832
-0.94175
-0.94175
-0.94174
-0.94174
-0.94661
-0.94488
-0.94635
-0.94657
-0.94543
-0.94829
-0.94544
-0.94663
-0.9458
-0.94485
-0.94577
-0.94441
-0.94443
-0.94444
-0.94589
-0.94295
-0.94063
-0.94478
-0.94064
-0.94063
-0.93932
51.9947
-0.94228
-0.94288
-0.94135
-0.94396
-0.94405
-0.94467
-0.94439
-0.94251
-0.94314
-0.94314
-0.94212
0
0
0
0
0
0
0
0
0
0
0
0
0
0
0
0
0
0
0
0
0
0
0
0
0
0
0
0
0
0
0
0
0
0
0
0
0
0
0
0
0
0
0
0
0
0
0
0
0
0
0
0
0
0
0
0
0
0
0
0
0
0
0
0
0
0
0
-0.95433
-0.95371
-0.95318
-0.95185
-0.95443
-0.95108
-0.95294
-0.95109
-0.95423
-0.94916
-0.95168
-0.94992
-0.95167
-0.95141
-0.95042
-0.94783
-0.94781
-0.94461
-0.95114
-0.94461
-0.9446
-0.94462
-0.94461
-0.94944
-0.94776
-0.94932
-0.9496
-0.94839
-0.95104
-0.94837
-0.9497
-0.94859
-0.94764
-0.94885
-0.94756
-0.94758
-0.94755
-0.94883
-0.94607
-0.94371
-0.94783
-0.94371
-0.94371
-0.94228
-0.94228
50.7448
-0.94639
-0.94347
-0.94724
-0.94698
-0.94758
-0.94769
-0.94586
0
0
0
0
0
0
0
0
0
0
0
0
0
0
0
0
0
0
0
0
-1.4288
0
0
0
0
0
0
0
0
0
0
0
0
0
0
0
0
0
0
0
0
0
0
0
0
0
0
0
0
0
0
0
0
0
0
0
0
0
0
0
0
0
0
0
0
0
0
0
0
0
-0.95487
-0.95416
-0.95366
-0.95227
-0.95492
-0.95145
-0.95359
-0.95147
-0.95474
-0.94954
-0.95215
-0.95029
-0.95215
-0.9519
-0.95077
-0.94822
-0.94822
-0.94502
-0.95159
-0.94503
-0.94503
-0.94502
-0.94502
-0.94989
-0.94816
-0.94972
-0.94991
-0.9488
-0.9516
-0.94879
-0.94998
-0.94915
-0.94818
-0.94925
-0.94798
-0.94797
-0.94796
-0.94931
-0.94661
-0.9442
-0.94831
-0.9442
-0.9442
-0.94289
-0.94288
-0.94639
49.3394
-0.9448
-0.94742
-0.94739
-0.9479
-0.94815
-0.94629
0
0
0
0
0
0
0
0
0
0
0
0
0
0
0
0
0
0
0
0
0
0
0
0
0
0
0
0
0
0
0
0
0
0
0
0
0
0
0
0
0
0
0
0
0
0
0
0
0
0
0
0
0
0
0
0
0
0
0
0
0
0
0
0
0
0
0
0
0
0
-0.95312
-0.95302
-0.95246
-0.95134
-0.95368
-0.95057
-0.95249
-0.95058
-0.95335
-0.94859
-0.95085
-0.9494
-0.95084
-0.95051
-0.94985
-0.94723
-0.94724
-0.94398
-0.95028
-0.94399
-0.94399
-0.94398
-0.94399
-0.94853
-0.94728
-0.9489
-0.9492
-0.94793
-0.94961
-0.94793
-0.94934
-0.94724
-0.94622
-0.94867
-0.94746
-0.94747
-0.94746
-0.94798
-0.94581
-0.94329
-0.94718
-0.94329
-0.9433
-0.94134
-0.94135
-0.94347
-0.9448
51.3777
-0.9458
0
0
0
0
0
0
0
0
0
0
0
0
0
0
0
0
0
0
0
0
0
0
0
0
0
0
0
0
0
0
0
0
0
0
0
0
0
0
0
0
0
0
0
0
0
0
0
0
0
0
0
0
0
0
0
0
0
0
0
0
-2.9409
0
0
0
0
-2.9406
0
0
0
0
0
0
0
0
-0.95599
-0.95529
-0.95478
-0.9534
-0.95605
-0.95257
-0.95471
-0.95258
-0.95588
-0.95068
-0.95328
-0.95142
-0.95327
-0.95303
-0.95192
-0.94935
-0.94933
-0.94614
-0.95275
-0.94614
-0.94613
-0.94613
-0.94614
-0.95103
-0.94929
-0.95086
-0.95105
-0.94994
-0.95276
-0.94993
-0.95113
-0.95028
-0.94932
-0.9504
-0.94915
-0.94916
-0.94913
-0.95048
-0.94775
-0.94534
-0.94952
-0.94533
-0.94537
-0.94398
-0.94396
-0.94724
-0.94742
-0.9458
47.5011
-0.94834
0
-0.95022
0
0
0
0
0
0
0
0
0
0
0
0
0
0
0
0
0
0
0
0
0
0
0
0
0
0
0
0
0
0
0
0
0
0
0
0
0
0
0
0
0
0
0
0
0
0
0
0
0
0
0
0
0
0
0
0
0
0
0
0
0
0
0
0
0
0
0
0
0
0
0
-0.956
-0.95555
-0.95502
-0.95375
-0.95625
-0.95293
-0.95507
-0.95292
-0.95601
-0.95097
-0.95346
-0.95174
-0.95344
-0.95316
-0.95229
-0.94964
-0.94962
-0.94638
-0.95291
-0.94642
-0.94638
-0.94643
-0.94643
-0.95117
-0.94962
-0.9512
-0.95147
-0.95025
-0.95263
-0.95024
-0.95157
-0.95014
-0.94914
-0.95079
-0.94957
-0.94957
-0.94955
-0.9506
-0.94805
-0.94563
-0.94968
-0.94562
-0.94562
-0.94405
-0.94405
-0.94698
-0.94739
0
-0.94834
48.0921
0
0
0
0
0
0
0
0
0
0
0
0
0
0
0
0
0
0
0
0
0
0
0
0
0
0
0
0
0
0
0
0
0
0
0
0
0
0
0
0
0
0
0
0
0
0
0
0
0
0
0
0
0
0
0
0
0
0
0
0
0
0
0
0
0
0
0
0
0
0
0
-2.4764
0
-0.95662
-0.95615
-0.95563
-0.95437
-0.95689
-0.95355
-0.95572
-0.95355
-0.95664
-0.95159
-0.95406
-0.95239
-0.95407
-0.95377
-0.9529
-0.95025
-0.95027
-0.94702
-0.95353
-0.94704
-0.94701
-0.94702
-0.94703
-0.95178
-0.95026
-0.95181
-0.95206
-0.95087
-0.95327
-0.95085
-0.95219
-0.95074
-0.94975
-0.95139
-0.95016
-0.95017
-0.95015
-0.95122
-0.94869
-0.94624
-0.95029
-0.94622
-0.94624
-0.94468
-0.94467
-0.94758
-0.9479
0
0
0
47.1041
0
0
0
0
0
0
0
0
0
0
0
0
0
0
0
0
0
0
0
0
0
0
0
0
0
0
0
0
0
0
0
0
0
0
0
0
0
0
0
0
0
0
0
0
0
0
0
0
0
0
0
0
0
0
0
0
-2.4079
0
0
0
0
0
0
0
0
0
0
0
0
0
0
0
-0.95654
-0.95583
-0.95531
-0.95392
-0.95659
-0.9531
-0.95523
-0.95308
-0.95641
-0.95119
-0.95379
-0.95194
-0.95381
-0.95357
-0.95243
-0.94984
-0.94987
-0.94665
-0.95326
-0.94666
-0.94663
-0.94665
-0.94665
-0.95155
-0.94983
-0.9514
-0.95159
-0.95045
-0.95332
-0.95046
-0.95167
-0.95082
-0.94985
-0.95101
-0.94973
-0.94973
-0.94971
-0.95104
-0.94835
-0.94588
-0.95012
-0.94589
-0.94587
-0.94439
-0.94439
-0.94769
-0.94815
0
-0.95022
0
0
45.6321
0
0
0
0
0
0
0
0
0
0
0
0
0
0
0
0
0
0
0
0
0
0
0
0
0
0
0
0
0
0
0
0
0
0
0
0
0
0
0
0
0
0
0
0
0
0
0
0
0
0
0
0
0
0
0
0
0
0
0
0
0
0
0
0
0
0
0
0
0
0
0
-0.95468
-0.95397
-0.95345
-0.95205
-0.95469
-0.95126
-0.95339
-0.95124
-0.95453
-0.94934
-0.95196
-0.95008
-0.95196
-0.9517
-0.95058
-0.948
-0.948
-0.94481
-0.9514
-0.9448
-0.9448
-0.94481
-0.94481
-0.94971
-0.94796
-0.94956
-0.94971
-0.94859
-0.95145
-0.94858
-0.94983
-0.94899
-0.94798
-0.94913
-0.94785
-0.94786
-0.94785
-0.94917
-0.94647
-0.94403
-0.94824
-0.94401
-0.94401
-0.94252
-0.94251
-0.94586
-0.94629
0
0
0
0
0
44.5945
0
0
0
0
0
0
0
0
0
0
0
0
0
0
0
0
0
0
0
0
0
0
0
0
0
0
0
0
0
0
0
0
0
0
0
0
0
0
0
0
0
0
0
0
0
0
0
0
0
0
0
0
0
0
0
0
0
0
0
0
0
0
0
0
0
0
0
0
0
0
-0.95495
-0.95448
-0.95398
-0.95273
-0.95519
-0.95192
-0.95408
-0.95192
-0.95496
-0.94997
-0.95242
-0.95074
-0.95241
-0.95212
-0.95126
-0.94864
-0.94864
-0.94542
-0.95186
-0.94542
-0.94542
-0.94539
-0.94543
-0.95014
-0.94861
-0.95019
-0.95044
-0.94924
-0.95164
-0.94924
-0.95053
-0.94912
-0.94813
-0.94978
-0.94852
-0.94853
-0.9485
-0.94957
-0.94705
-0.94462
-0.94866
-0.94465
-0.94463
-0.94312
-0.94314
0
0
0
0
0
0
0
0
44.9642
0
0
0
0
0
0
0
0
0
0
0
0
0
0
0
0
0
0
0
0
0
0
0
0
0
0
0
0
0
0
0
0
0
-2.2368
0
0
0
0
0
0
0
0
0
0
0
0
0
0
0
0
0
0
0
0
0
0
0
0
0
0
0
0
0
0
0
0
0
0
0
-0.95496
-0.95451
-0.95397
-0.95272
-0.95522
-0.95191
-0.95407
-0.9519
-0.95495
-0.94998
-0.95242
-0.95074
-0.95243
-0.95213
-0.95125
-0.94864
-0.94864
-0.94541
-0.95187
-0.94541
-0.9454
-0.9454
-0.9454
-0.95013
-0.94862
-0.95019
-0.95043
-0.94926
-0.95164
-0.94924
-0.95054
-0.9491
-0.94815
-0.94976
-0.94851
-0.94853
-0.94852
-0.94958
-0.94707
-0.94463
-0.94867
-0.94462
-0.94462
-0.94312
-0.94314
0
0
0
0
0
0
0
0
0
44.9643
0
0
0
0
0
0
0
0
0
0
0
0
0
0
0
0
0
0
0
0
0
0
0
0
0
0
0
0
0
0
0
0
0
0
0
0
0
0
0
0
0
0
0
0
0
-2.2369
0
0
0
0
0
0
0
0
0
0
0
0
0
0
0
0
0
0
0
0
0
0
-0.95427
-0.95355
-0.95302
-0.95164
-0.95428
-0.95079
-0.95297
-0.95083
-0.95412
-0.94892
-0.95154
-0.94968
-0.95154
-0.9513
-0.95014
-0.94758
-0.94758
-0.94438
-0.95098
-0.9444
-0.94438
-0.94439
-0.94438
-0.94928
-0.94757
-0.94911
-0.9493
-0.94816
-0.95104
-0.94817
-0.9494
-0.94856
-0.94758
-0.94868
-0.94743
-0.94741
-0.9474
-0.94874
-0.94603
-0.94356
-0.94778
-0.94357
-0.94359
-0.94212
-0.94212
0
0
0
0
0
0
0
0
0
0
42.6832
0
0
0
0
0
0
0
0
0
0
0
0
0
0
0
0
0
0
0
0
0
0
0
0
0
0
0
0
0
0
0
0
0
0
0
0
0
0
0
0
0
0
0
0
0
0
0
0
0
0
0
0
0
0
0
0
0
0
0
0
0
0
0
0
0
0
0
-0.95706
-0.95628
-0.95576
-0.95421
-0.957
-0.95343
-0.95468
-0.95343
-0.95681
-0.95151
-0.95418
-0.95227
-0.9542
-0.95396
-0.95304
-0.95017
-0.95017
-0.94696
-0.95366
-0.94696
-0.94695
-0.94694
-0.94696
-0.95195
-0.95009
-0.95164
-0.95212
-0.95074
-0.95368
-0.95074
-0.95222
0
-0.9503
-0.95121
-0.94994
-0.94997
-0.94994
-0.95135
0
-0.94616
0
-0.94614
-0.94613
0
0
0
0
0
0
0
0
0
0
0
0
0
39.7796
0
0
0
0
0
0
0
0
0
0
0
-1.7186
0
0
0
0
0
0
0
0
0
0
0
0
0
0
0
0
0
0
0
0
0
0
0
0
0
0
0
0
0
0
0
0
0
0
0
0
0
0
0
0
0
0
0
0
0
0
0
0
0
0
0
0
0
0
-0.9651
-0.96396
-0.96349
-0.96157
-0.96474
-0.9608
-0.96241
-0.96078
-0.9645
-0.95882
-0.96179
-0.9596
-0.96179
-0.96158
-0.9612
-0.9575
-0.95747
-0.95426
-0.9612
-0.95426
-0.95422
-0.95428
-0.95425
-0.95945
-0.95737
-0.95895
-0.95986
-0.95801
0
-0.95801
-0.95998
0
0
-0.95839
-0.95716
-0.9572
-0.95716
0
0
0
0
0
0
0
0
0
0
0
0
0
0
0
0
0
0
0
0
37.0237
0
0
0
0
0
0
0
0
0
-1.0733
0
0
0
0
0
0
0
0
0
0
0
0
0
0
-3.3293
0
0
0
0
0
0
0
0
0
0
0
0
0
0
0
0
0
0
0
0
0
0
0
0
0
0
0
0
0
0
0
0
0
0
0
0
0
0
0
0
-0.94612
-0.94583
-0.94542
-0.94455
-0.94679
-0.94379
-0.94578
-0.94378
-0.9464
-0.9418
-0.94401
-0.94264
-0.94401
-0.94369
-0.94311
-0.94057
-0.94057
-0.93738
-0.94346
-0.93738
-0.93736
-0.93737
-0.93739
-0.94178
-0.94049
-0.94203
-0.94214
-0.94113
0
-0.94112
0
0
0
0
0
0
0
0
0
0
0
0
0
0
0
0
0
0
0
0
0
0
0
0
0
0
0
0
30.6088
0
0
0
0
0
0
0
0
0
0
0
0
0
0
0
0
0
0
0
0
0
0
0
0
0
0
0
0
0
0
0
0
0
0
0
0
0
-1.6404
0
0
0
0
0
0
0
-1.6404
0
0
0
0
0
0
0
0
0
0
0
0
0
0
0
0
0
0
-0.95562
-0.95497
-0.95447
-0.95321
-0.95578
-0.95243
-0.95464
-0.9524
-0.95559
-0.95051
-0.95304
-0.95129
-0.95303
-0.95279
-0.95191
-0.9492
-0.94918
-0.946
-0.95248
-0.946
-0.94599
-0.94601
-0.94599
-0.95078
-0.94911
-0.95068
0
-0.94976
0
-0.94974
0
0
0
0
0
0
0
0
0
0
0
0
0
0
0
0
0
0
0
0
0
0
0
0
0
0
0
0
0
28.4924
0
0
0
0
0
0
0
0
0
0
0
0
0
0
0
0
0
0
0
0
0
0
0
0
0
0
0
0
0
0
0
-1.8598
0
0
0
0
0
0
0
0
0
0
0
0
0
0
0
0
0
0
0
0
0
0
0
0
0
0
0
0
0
0
0
-0.96077
-0.95992
-0.9594
-0.958
-0.96072
-0.95716
-0.95931
-0.95716
-0.96063
-0.95529
-0.95798
-0.95602
-0.95799
-0.95776
-0.95661
-0.95393
-0.95395
-0.95073
-0.95744
-0.95074
-0.95074
-0.95075
-0.95075
-0.95574
-0.95388
-0.95547
0
0
0
0
0
0
0
0
0
0
0
0
0
0
0
0
0
0
0
0
0
0
0
0
0
0
0
0
0
0
0
0
0
0
24.8588
0
0
0
0
0
0
0
0
0
0
0
0
0
0
0
0
0
0
0
0
0
0
0
0
0
0
0
0
0
0
0
0
0
0
0
0
0
0
0
0
0
0
0
0
0
0
0
0
0
0
0
0
0
0
0
0
0
0
0
0
0
0
-0.95547
-0.9546
-0.9541
-0.95267
-0.9554
-0.95185
-0.95398
-0.95187
-0.95529
-0.94999
-0.95266
-0.95072
-0.95266
-0.95247
-0.95129
-0.94864
-0.94864
-0.94545
-0.95213
-0.94546
-0.94545
-0.94546
-0.94544
-0.95045
-0.94856
0
0
0
0
0
0
0
0
0
0
0
0
0
0
0
0
0
0
0
0
0
0
0
0
0
0
0
0
0
0
0
0
0
0
0
0
23.7707
0
0
0
0
0
0
0
0
0
0
0
0
0
0
0
0
0
0
0
0
0
0
0
0
0
0
0
0
0
0
0
0
0
0
0
0
0
0
0
0
0
0
0
0
0
0
0
0
0
0
0
0
0
0
0
0
0
0
0
0
0
-0.95956
-0.95866
-0.95814
-0.95675
-0.95945
-0.95591
-0.95806
-0.95592
-0.9594
-0.95405
-0.95673
-0.95479
-0.95677
-0.95655
-0.95536
-0.9527
-0.95271
-0.9495
-0.95621
-0.94951
-0.94952
-0.9495
-0.9495
0
0
0
0
0
0
0
0
0
0
0
0
0
0
0
0
0
0
0
0
0
0
0
0
0
0
0
0
0
0
0
0
0
0
0
0
0
0
0
21.9653
0
0
0
0
0
0
0
0
0
0
0
0
0
0
0
0
0
0
0
0
0
0
0
0
0
0
0
0
0
0
0
0
0
0
0
0
0
0
0
0
0
0
0
0
0
0
0
0
0
0
0
0
0
0
0
0
0
0
0
0
-0.95273
-0.95181
-0.95131
-0.9499
-0.9526
-0.94911
-0.9512
-0.94909
-0.95256
-0.94725
-0.94994
-0.94798
-0.94994
-0.94972
-0.94854
-0.94589
-0.94589
-0.94271
0
-0.94271
-0.94271
-0.94272
-0.94271
0
0
0
0
0
0
0
0
0
0
0
0
0
0
0
0
0
0
0
0
0
0
0
0
0
0
0
0
0
0
0
0
0
0
0
0
0
0
0
0
20.859
0
0
0
0
0
0
0
0
0
0
0
0
0
0
0
0
0
0
0
0
0
0
0
0
0
0
0
0
0
0
0
0
0
0
0
0
0
0
0
0
0
0
0
0
0
0
0
0
0
0
0
0
0
0
0
0
0
0
0
-0.96084
-0.95971
-0.95922
-0.95783
-0.96061
-0.95704
-0.95913
-0.95702
0
-0.9552
-0.95801
-0.9559
-0.95803
0
0
-0.95383
-0.95382
0
0
0
0
0
0
0
0
0
0
0
0
0
0
0
0
0
0
0
0
0
0
0
0
0
0
0
0
0
0
0
0
0
0
0
0
0
0
0
0
0
0
0
0
0
0
0
13.4062
0
0
0
0
0
0
0
0
0
0
0
0
0
0
0
0
0
0
0
0
0
0
0
0
0
0
0
0
0
0
0
0
0
0
0
0
0
0
0
0
0
0
0
0
0
0
0
0
0
0
0
0
0
0
0
0
0
0
-1.0192
-1.0173
-1.0169
-1.0155
-1.0186
-1.0147
0
-1.0147
0
0
0
-1.0136
0
0
0
0
0
0
0
0
0
0
0
0
0
0
0
0
0
0
0
0
0
0
0
0
0
0
0
0
0
0
0
0
0
0
0
0
0
0
0
0
0
0
0
0
0
0
0
0
0
0
0
0
0
8.1306
0
0
0
0
0
0
0
0
0
0
0
0
0
0
0
0
0
0
0
0
0
0
0
0
0
0
0
0
0
0
0
0
0
0
0
0
0
0
0
0
0
0
0
0
0
0
0
0
0
0
0
0
0
0
0
0
0
-1.0282
-1.026
-1.0255
-1.0241
-1.0274
-1.0233
0
-1.0232
0
0
0
0
0
0
0
0
0
0
0
0
0
0
0
0
0
0
0
0
0
0
0
0
0
0
0
0
0
0
0
0
0
0
0
0
0
0
0
0
0
0
0
0
0
0
0
0
0
0
0
0
0
0
0
0
0
0
7.1776
0
0
0
0
0
0
0
0
0
0
0
0
0
0
0
0
0
0
0
0
0
0
0
0
0
0
0
0
0
0
0
0
0
0
0
0
0
0
0
0
0
0
0
0
0
0
0
0
0
0
0
0
0
0
0
0
0
0
0
0
0
0
0
0
0
0
0
0
0
0
0
0
0
0
0
0
0
0
0
0
0
0
0
0
0
0
0
0
0
0
0
0
0
0
0
0
0
0
0
0
0
0
0
0
0
0
0
0
0
0
0
0
0
-1.0733
0
0
0
0
0
0
0
0
0
5.4835
0
0
0
-1.1543
0
0
0
0
0
0
0
0
0
0
0
0
0
-1.6857
0
0
0
0
0
0
0
0
0
0
0
0
0
0
0
-1.5703
0
0
0
0
0
0
0
0
0
0
0
0
0
0
0
0
0
0
0
0
0
0
0
0
0
0
0
-1.7391
0
0
0
0
0
0
0
0
0
0
0
0
0
0
0
0
0
0
0
0
0
0
0
0
0
0
0
0
0
0
0
0
0
0
0
0
0
0
0
0
0
0
0
0
0
0
0
0
0
-1.7186
0
0
0
0
0
0
0
0
0
0
0
7.1427
-1.8448
0
0
0
0
0
0
0
0
0
0
0
0
-1.8401
0
0
0
0
0
0
0
0
0
0
0
0
0
0
0
0
0
0
0
0
0
0
0
0
0
0
0
0
0
0
0
0
0
0
0
0
0
0
0
0
0
0
0
0
0
0
0
0
0
0
0
0
0
0
0
0
0
0
0
0
0
0
0
0
0
0
0
0
0
0
0
0
0
0
0
0
0
0
0
0
0
0
0
0
0
0
0
0
0
0
0
0
0
0
0
0
0
0
0
0
0
0
0
0
0
0
0
0
-1.8448
7.7056
0
0
0
-2.0683
0
0
-2.0737
0
0
0
0
-1.7188
0
0
0
0
0
0
0
0
0
0
0
0
0
0
0
0
0
0
0
0
0
0
0
0
0
0
0
0
0
0
0
0
0
0
0
0
0
0
0
0
0
0
0
0
0
0
0
0
0
0
0
0
0
0
0
0
0
0
0
0
0
0
0
0
0
0
0
0
0
0
0
0
0
0
0
0
0
0
0
-1.2691
0
0
0
0
0
0
0
0
0
0
0
0
0
0
0
0
0
0
0
0
0
0
0
0
0
0
0
0
0
0
0
7.731
0
0
0
0
0
0
0
0
0
0
0
0
-2.2873
-2.2827
0
0
0
0
0
0
0
0
0
0
0
0
0
0
0
0
0
0
0
0
0
0
0
0
0
0
0
0
0
0
-1.8918
0
0
0
0
0
0
0
0
0
0
0
0
0
0
0
-1.0094
0
0
0
0
-1.0063
0
0
0
0
0
0
0
0
0
0
0
0
0
0
0
0
0
0
0
0
0
0
0
0
0
0
0
0
0
0
0
0
0
0
0
0
0
0
0
0
0
0
0
0
0
0
0
0
0
0
0
0
0
-1.1543
0
0
0
3.3545
0
0
0
0
0
0
0
0
0
0
0
0
0
0
0
0
0
0
0
0
0
0
0
0
0
0
0
0
0
0
-0.18454
0
0
0
0
0
0
0
0
0
0
0
0
0
0
0
0
0
0
0
0
0
0
-0.4152
0
0
0
0
0
0
0
0
0
0
0
0
0
0
0
0
0
0
0
0
0
0
0
0
0
0
0
0
0
0
-0.41348
0
0
0
0
0
0
0
0
0
0
0
0
0
0
0
0
0
0
0
0
0
0
0
0
0
0
0
0
0
0
0
0
0
0
0
0
0
0
1.1626
0
0
0
0
0
0
0
0
0
0
0
0
0
-0.33391
0
0
0
0
0
0
0
0
0
0
0
0
0
0
0
0
0
0
0
0
0
0
0
0
0
0
0
0
0
0
0
0
0
0
0
0
0
0
0
0
0
0
0
0
0
0
0
0
0
0
0
0
0
0
0
0
0
0
0
0
0
0
0
0
0
0
0
0
0
0
0
0
0
0
0
0
0
0
0
0
0
-1.4288
0
0
0
0
0
0
0
0
0
0
0
0
0
0
0
0
0
0
0
0
0
0
0
-2.0683
0
0
0
5.6204
0
0
0
0
0
0
0
0
0
0
0
0
0
0
0
0
0
0
0
0
0
0
0
0
0
0
0
0
0
0
0
0
0
0
0
0
0
0
0
0
0
0
0
0
0
0
0
0
-2.1232
0
0
0
0
0
0
0
0
-0.57392
0
0
0
0
0
0
0
0
0
0
0
0
0
0
0
0
0
-0.57099
0
0
0
0
0
0
0
0
0
0
0
0
0
0
0
0
0
0
0
0
0
0
0
0
0
0
0
0
0
0
0
0
0
0
0
0
0
0
0
0
0
0
0
0
0
0
0
1.6329
0
0
0
0
0
0
0
0
0
0
0
0
0
0
-0.488
0
0
0
0
0
0
0
0
0
0
0
0
0
0
0
0
0
0
0
0
0
0
0
0
0
0
0
0
0
0
0
0
0
-0.99049
-0.98625
-0.98567
0
0
0
0
0
0
0
0
0
0
0
0
0
0
0
0
0
0
0
0
0
0
0
0
0
0
0
0
0
0
0
0
0
0
0
0
0
0
0
0
0
0
0
0
0
0
0
0
0
0
0
0
0
0
0
0
0
0
0
0
0
0
0
0
0
0
0
0
0
0
0
0
2.9624
0
0
0
0
0
0
0
0
0
0
0
0
0
0
0
0
0
0
0
0
0
0
0
0
0
0
0
0
0
0
0
0
0
0
0
0
0
0
0
0
0
0
0
0
0
0
0
0
0
0
0
0
0
0
0
0
0
0
0
0
0
-2.26
0
0
0
0
0
0
0
0
0
0
0
0
0
0
0
0
0
0
0
0
0
0
0
0
0
0
0
0
0
0
0
0
0
0
0
0
0
0
0
0
0
0
0
0
0
0
0
0
0
0
0
0
0
0
-2.0737
0
0
0
0
0
0
5.7899
-1.4562
0
0
0
0
0
0
0
0
0
0
0
0
0
0
0
0
0
0
0
0
0
0
0
0
0
0
0
0
0
0
0
0
0
0
0
0
0
0
0
0
0
0
0
0
0
0
0
0
0
0
0
0
0
0
0
0
0
0
0
0
0
0
0
0
0
0
0
0
0
0
0
-2.0929
0
0
0
-2.0918
0
0
0
0
0
0
0
0
0
0
0
0
0
0
0
0
0
0
0
0
0
0
0
0
0
0
0
0
0
0
0
0
0
0
0
0
0
0
0
0
0
0
0
0
0
-1.4562
5.6408
0
0
0
0
0
0
0
0
0
0
0
0
0
0
0
0
0
0
0
0
0
0
0
0
0
0
0
0
0
0
0
0
0
0
0
0
0
0
0
0
0
0
0
0
0
-1.1877
-1.186
0
0
0
0
0
0
0
0
0
0
0
0
0
0
0
0
0
0
0
0
0
0
0
0
0
0
0
0
0
0
0
0
0
0
0
0
0
0
0
0
0
0
0
0
0
0
0
0
0
0
0
0
0
0
0
0
0
0
0
0
0
0
0
0
0
0
0
0
0
0
0
0
0
0
0
0
3.9291
0
0
0
0
0
0
0
0
0
0
0
0
0
0
0
-1.5554
0
0
0
0
0
0
0
0
0
0
0
0
0
0
0
0
0
0
0
0
0
0
0
0
0
0
0
0
0
0
0
0
0
0
0
0
0
-0.4279
0
0
0
0
0
0
0
0
0
0
0
0
0
0
0
0
0
0
0
0
0
0
0
0
0
0
0
0
-0.42759
0
0
0
0
0
0
0
0
0
0
0
0
0
0
0
0
0
0
0
0
0
0
0
0
0
0
0
0
0
0
0
0
0
0
0
0
0
0
0
0
1.2132
0
0
0
0
0
0
0
0
0
0
0
0
0
0
0
0
0
0
0
0
0
0
0
0
0
0
0
0
0
0
0
0
0
0
0
0
0
-0.35775
0
0
0
0
0
0
-0.64624
0
0
0
0
0
0
0
0
0
0
0
0
0
0
0
0
0
0
0
0
0
0
0
0
0
0
0
0
-0.64271
0
0
0
0
0
0
0
0
0
0
0
0
0
0
0
0
0
0
0
0
0
0
0
0
0
0
0
0
0
0
0
0
0
0
0
0
0
0
0
0
0
0
0
0
0
0
0
0
0
1.8728
0
0
0
0
0
0
0
0
0
0
0
0
0
0
0
0
0
0
-0.58384
0
0
0
0
0
0
0
0
0
0
0
0
0
0
0
0
0
0
0
0
0
0
0
0
0
0
0
0
0
-3.2297
0
0
0
0
0
0
0
0
0
0
0
0
0
0
0
0
0
0
0
0
0
0
0
0
0
0
0
0
0
0
0
0
0
0
0
0
0
0
0
0
0
0
0
0
0
0
0
0
0
0
0
0
0
0
0
0
0
0
0
0
0
0
-1.7188
0
0
0
0
0
0
0
0
0
0
0
4.9484
0
0
0
0
0
0
0
0
0
0
0
0
0
0
0
0
0
0
0
0
0
0
0
0
0
0
0
0
0
0
0
0
0
0
0
0
0
0
0
0
0
0
0
0
0
0
0
0
0
0
0
0
0
0
0
0
0
0
0
0
0
0
0
0
0
0
0
0
0
0
0
0
0
0
0
0
0
0
0
0
0
0
0
0
0
0
0
0
0
0
0
0
0
0
0
0
0
0
-3.3293
0
0
0
0
0
0
0
0
0
0
-1.8401
0
0
0
0
0
0
0
0
0
0
0
0
0
5.1694
0
0
0
0
0
0
0
0
0
0
0
0
0
0
0
0
0
0
0
0
0
0
0
0
0
0
0
0
0
0
0
0
0
0
0
0
0
0
0
0
0
0
0
-2.4384
0
0
0
0
0
0
0
0
0
0
0
0
0
0
0
0
0
0
0
0
0
0
0
0
0
0
0
0
0
0
0
0
0
0
0
0
0
0
0
0
0
0
0
0
0
0
0
0
0
0
0
0
0
0
0
0
0
0
0
0
0
0
0
0
0
0
-2.2873
0
0
0
0
0
0
0
0
0
0
0
0
4.7258
0
0
0
0
0
0
0
0
0
0
0
0
0
0
0
0
0
0
0
0
0
0
0
0
0
0
0
0
0
0
0
0
0
0
0
0
0
0
0
0
0
0
0
0
0
0
0
0
0
0
0
0
0
0
0
0
0
0
0
0
0
0
0
0
0
0
0
-2.5311
0
0
0
0
0
0
0
0
0
0
0
0
0
0
0
0
0
0
0
0
0
0
0
0
0
0
0
0
0
0
0
0
0
0
0
0
0
0
0
0
0
-2.2827
0
0
0
0
0
0
0
0
0
0
0
0
0
4.8138
0
0
0
0
0
0
0
0
0
0
0
0
0
0
0
0
0
0
0
0
0
0
0
0
0
0
0
0
0
0
0
0
0
0
0
0
0
0
0
0
0
0
0
0
0
0
0
0
0
0
0
0
0
0
0
0
0
0
0
0
0
0
0
0
0
0
0
0
0
-1.5929
0
0
0
0
0
0
0
0
0
0
0
0
0
0
0
0
0
0
0
0
0
0
0
0
0
0
0
0
0
0
0
0
0
0
0
-1.6857
0
0
0
0
0
0
0
0
0
0
0
0
0
0
0
0
0
3.2786
0
0
0
0
0
0
0
0
0
0
0
0
0
0
0
0
0
0
0
0
0
0
0
0
0
0
0
0
0
0
0
0
0
0
0
0
0
0
0
0
0
0
0
0
0
0
0
0
0
0
0
0
0
0
0
0
0
0
0
0
0
0
0
0
0
0
0
0
0
0
0
0
0
0
0
0
0
0
0
0
0
0
0
0
0
0
0
0
0
0
0
0
0
0
0
0
0
0
0
0
0
0
0
0
0
0
0
0
0
-0.33391
0
0
0
0
0
0
0
0
0
0
0
0
0
0.33391
0
0
0
0
0
0
0
0
0
0
0
0
0
0
0
0
0
0
0
0
0
0
0
0
0
0
0
0
0
0
0
0
0
0
0
0
0
0
0
0
0
0
0
0
0
0
0
0
0
0
0
0
0
0
0
0
0
0
0
0
0
0
0
0
0
0
0
0
0
0
0
0
0
0
0
0
0
0
0
0
0
0
0
0
0
0
0
0
0
-2.2368
0
0
0
0
0
0
0
0
0
0
0
0
0
0
0
0
0
0
0
0
0
0
0
0
0
0
0
0
0
0
0
0
0
2.2368
0
0
0
0
0
0
0
0
0
0
0
0
0
0
0
0
0
0
0
0
0
0
0
0
0
0
0
0
0
0
0
0
0
0
0
0
0
0
0
0
0
0
0
0
0
-3.7437
0
0
0
0
0
0
0
0
0
0
0
0
0
0
0
0
0
0
0
0
0
0
0
0
0
0
0
0
0
0
0
0
0
0
0
0
0
0
0
0
0
0
0
0
0
0
0
0
0
0
0
0
0
0
0
0
0
0
0
0
0
0
0
0
0
0
0
0
0
0
0
0
0
0
0
0
0
3.7437
0
0
0
0
0
0
0
0
0
0
0
0
0
0
0
0
0
0
0
0
0
0
0
0
0
0
0
0
0
0
0
0
0
0
0
0
0
0
0
0
0
0
0
0
0
0
0
0
0
0
0
0
0
0
0
0
0
0
0
0
0
0
0
0
0
0
0
0
0
0
0
0
0
0
0
0
0
0
0
0
0
0
0
0
0
0
0
0
0
0
0
0
0
0
0
0
0
0
0
0
0
0
0
0
0
0
0
0
-0.488
0
0
0
0
0
0
0
0
0
0
0
0
0
0
0.488
0
0
0
0
0
0
0
0
0
0
0
0
0
0
0
0
0
0
0
0
0
0
0
0
0
0
0
0
0
0
0
0
0
0
0
0
0
0
0
0
0
0
0
0
0
0
0
0
0
0
0
0
0
0
0
0
0
0
0
0
0
0
0
0
-3.7227
0
0
0
0
0
0
0
0
0
0
0
0
0
0
0
0
0
0
0
0
0
0
0
0
0
0
0
0
0
0
0
0
0
0
0
0
0
0
0
0
0
0
0
0
0
0
0
0
0
0
0
0
0
0
0
0
0
0
3.7227
0
0
0
0
0
0
0
0
0
0
0
0
0
0
0
0
0
0
0
0
0
0
0
0
0
0
0
0
0
0
0
0
0
0
0
0
0
0
0
0
0
0
0
0
0
0
0
0
0
0
0
0
0
0
0
0
0
0
0
0
0
0
0
0
0
0
0
0
0
0
0
0
0
0
0
0
0
0
0
0
0
0
0
0
0
0
0
0
0
0
0
-1.8598
0
0
0
0
0
0
0
0
0
0
0
0
0
0
0
0
0
0
0
0
0
0
0
0
0
0
0
0
0
0
0
1.8598
0
0
0
0
0
0
0
0
0
0
0
0
0
0
0
0
0
0
0
0
0
0
0
0
0
0
0
0
0
0
0
0
0
0
0
0
0
0
0
0
0
0
0
0
0
0
0
0
0
0
0
0
0
0
0
0
0
0
0
0
0
0
0
-3.7923
0
0
0
0
0
0
0
0
0
0
0
0
0
0
0
0
0
0
0
0
0
0
0
0
0
0
0
0
0
0
0
0
0
0
0
0
0
0
0
0
0
0
0
0
0
0
0
0
0
0
0
0
0
0
0
0
0
0
0
3.7923
0
0
0
0
0
0
0
0
0
0
0
0
0
0
0
0
0
0
0
0
0
0
0
0
0
0
0
0
0
0
0
0
0
0
-4.2221
0
0
0
0
0
0
0
0
0
0
0
0
0
0
0
0
0
0
0
0
0
0
0
0
0
0
0
0
0
0
0
0
0
0
0
0
0
0
0
0
0
0
0
0
0
0
0
0
0
0
0
0
0
0
0
0
0
0
0
0
0
0
0
0
0
0
0
0
0
0
0
0
0
0
0
0
0
0
0
0
0
0
0
0
0
0
0
0
4.2221
0
0
0
0
0
0
0
0
0
0
0
0
0
0
0
0
0
0
0
0
0
0
0
0
0
0
0
0
0
0
0
0
0
0
0
0
0
0
0
0
0
0
0
0
0
0
0
0
0
0
0
0
0
0
0
0
0
0
0
0
0
0
0
0
0
0
0
0
0
0
0
0
0
0
0
0
0
0
0
0
0
0
0
0
0
0
0
0
0
0
0
0
0
0
0
0
0
0
0
0
0
0
0
0
0
0
0
-1.5554
0
0
0
0
0
0
0
0
0
0
0
0
0
0
0
1.5554
0
0
0
0
0
0
0
0
0
0
0
0
0
0
0
0
0
0
0
0
0
0
0
0
0
0
0
0
-4.552
0
0
0
0
0
0
0
0
0
0
0
0
0
0
0
0
0
0
0
0
0
0
0
0
0
0
0
0
0
0
0
0
0
0
0
0
0
0
0
0
0
0
0
0
0
0
0
0
0
0
0
0
0
0
0
0
0
0
0
0
0
0
0
0
0
0
0
0
0
0
0
0
0
0
0
0
0
0
0
0
0
0
0
0
0
0
0
0
0
0
0
0
0
0
4.552
0
0
0
0
0
0
0
0
0
0
0
0
0
0
0
0
0
0
0
0
0
0
0
0
0
0
0
0
0
0
0
0
0
0
0
0
0
0
0
0
0
0
0
0
0
0
0
0
0
0
0
0
0
0
0
0
0
0
0
0
0
0
0
0
0
0
0
0
0
0
0
0
0
0
0
0
0
0
0
0
0
0
0
0
0
-1.6404
0
0
0
0
0
0
0
0
0
0
0
0
0
0
0
0
0
0
0
0
0
0
0
0
0
0
0
0
0
0
0
0
0
0
0
0
0
1.6404
0
0
0
0
0
0
0
0
0
0
0
0
0
0
0
0
0
0
0
0
0
0
0
0
0
0
0
0
0
0
0
0
0
0
0
0
0
0
-3.7442
0
0
0
0
0
0
0
0
0
0
0
0
0
0
0
0
0
0
0
0
0
0
0
0
0
0
0
0
0
0
0
0
0
0
0
0
0
0
0
0
0
0
0
0
0
0
0
0
0
0
0
0
0
0
0
0
0
0
0
0
0
0
0
0
0
0
0
0
0
0
0
0
0
0
0
0
0
0
0
0
0
0
0
0
3.7442
0
0
0
0
0
0
0
0
0
0
0
0
0
0
0
0
0
0
0
0
0
0
0
0
0
0
0
0
0
0
0
0
0
0
0
0
0
0
0
0
0
0
0
0
0
0
0
0
-3.3813
0
0
0
0
0
0
0
0
0
0
0
0
0
0
0
0
0
0
0
0
0
0
0
0
0
0
0
0
0
0
0
0
0
0
0
0
0
0
0
0
0
0
0
0
0
0
0
0
0
0
0
0
0
0
0
0
0
0
0
0
0
0
0
0
0
0
0
0
0
0
0
0
0
0
3.3813
0
0
0
0
0
0
0
0
0
0
0
0
0
0
0
0
0
0
0
0
0
0
0
0
0
0
0
0
0
0
0
0
0
0
0
0
0
0
0
0
0
0
0
0
0
0
0
0
0
0
0
0
0
0
0
0
0
0
0
0
0
0
0
0
0
0
0
0
0
0
0
0
0
0
0
0
0
0
0
0
0
0
0
0
0
0
0
0
0
0
0
0
0
0
0
0
0
0
0
0
0
0
0
0
-0.58384
0
0
0
0
0
0
0
0
0
0
0
0
0
0
0
0
0
0
0.58384
0
0
0
0
0
0
0
0
0
0
0
0
0
0
0
0
0
0
0
0
0
0
0
0
0
0
0
0
0
0
0
0
0
0
0
0
0
0
0
0
0
0
0
0
0
0
0
0
0
0
0
0
0
0
0
0
0
0
0
0
0
0
0
0
0
0
0
0
0
0
0
0
0
0
0
0
0
-2.2369
0
0
0
0
0
0
0
0
0
0
0
0
0
0
0
0
0
0
0
0
0
0
0
0
0
0
0
0
0
0
0
0
0
0
0
0
0
0
0
0
0
0
0
0
0
2.2369
0
0
0
0
0
0
0
0
0
0
0
0
0
0
0
0
0
0
0
0
0
0
0
0
0
0
0
0
0
0
0
0
0
0
0
0
0
0
0
0
0
0
0
0
0
0
0
0
0
0
0
0
0
0
0
0
0
0
0
0
0
0
0
0
0
0
0
0
0
0
0
0
0
0
0
0
0
0
0
0
0
0
0
0
0
0
0
0
0
-1.5703
0
0
0
0
0
0
0
0
0
0
0
0
0
0
0
0
0
0
0
0
0
0
0
0
0
0
0
0
0
0
0
0
0
1.5703
0
0
0
0
0
0
0
0
0
0
0
0
0
0
0
0
0
0
0
0
0
0
0
0
0
0
0
0
0
0
0
0
0
0
0
0
0
0
0
0
0
0
0
0
0
0
0
0
0
0
0
0
0
0
0
0
0
0
0
0
0
0
0
0
0
0
0
0
0
0
0
0
0
0
0
0
0
0
0
0
0
0
0
0
0
0
0
0
0
0
0
0
-0.18454
0
0
0
0
0
0
0
0
0
0
0
0
0
0
0
0
0
0
0
0
0
0
0
0
0
0
0
0
0
0
0.18454
0
0
0
0
0
0
0
0
0
0
0
0
0
0
0
0
0
0
0
0
0
0
0
0
0
0
0
0
0
0
0
0
0
0
0
0
0
0
0
0
0
0
0
0
0
0
0
0
0
0
0
0
0
0
0
0
0
-2.9894
0
0
0
0
0
0
0
0
0
0
0
0
0
0
0
0
0
0
0
0
0
0
0
0
0
0
0
0
0
0
0
0
0
0
0
0
0
0
0
0
0
0
0
0
0
0
0
0
0
0
0
0
0
0
0
0
0
0
0
0
0
0
0
0
0
2.9894
0
0
0
0
0
0
0
0
0
0
0
0
0
0
0
0
0
0
0
0
0
0
0
0
0
0
0
0
0
0
0
0
0
0
0
0
0
0
0
0
0
0
0
0
0
0
0
0
0
0
0
0
0
0
0
0
0
0
0
0
0
0
0
0
0
0
0
0
0
0
0
0
0
0
0
0
0
-1.6404
0
0
0
0
0
0
0
0
0
0
0
0
0
0
0
0
0
0
0
0
0
0
0
0
0
0
0
0
0
0
0
0
0
0
0
0
0
0
0
0
0
0
0
0
0
1.6404
0
0
0
0
0
0
0
0
0
0
0
0
0
0
0
0
0
0
0
0
0
0
0
0
0
0
0
0
0
0
0
-3.7824
0
0
0
0
0
0
0
0
0
0
0
0
0
0
0
0
0
0
0
0
0
0
0
0
0
0
0
0
0
0
0
0
0
0
0
0
0
0
0
0
0
0
0
0
0
0
0
0
0
0
0
0
0
0
0
0
0
0
0
0
0
0
0
0
0
0
0
0
0
0
0
0
0
0
0
0
0
0
0
0
0
0
0
0
0
0
0
0
0
0
0
3.7824
0
0
0
0
0
0
0
0
0
0
0
0
0
0
0
0
0
0
0
-4.5319
0
0
0
0
0
0
0
0
0
0
0
0
0
0
0
0
0
0
0
0
0
0
0
0
0
0
0
0
0
0
0
0
0
0
0
0
0
0
0
0
0
0
0
0
0
0
0
0
0
0
0
0
0
0
0
0
0
0
0
0
0
0
0
0
0
0
0
0
0
0
0
0
0
0
0
0
0
0
0
0
0
0
0
0
0
0
0
0
0
0
0
0
0
0
0
0
0
0
0
0
0
0
0
4.5319
0
0
0
0
0
0
0
0
0
0
0
0
0
0
0
0
0
0
0
0
0
0
0
0
0
0
0
0
0
0
0
0
0
0
0
0
0
0
0
0
0
0
0
0
0
0
0
0
0
0
0
0
0
0
0
0
0
0
0
0
0
0
0
0
0
0
-2.4079
0
0
0
0
0
0
0
0
0
0
0
0
0
0
0
0
0
0
0
0
0
0
0
0
0
0
0
0
0
0
0
0
0
0
0
0
0
0
0
0
0
0
0
0
0
0
0
0
0
0
0
0
0
0
0
0
2.4079
0
0
0
0
0
0
0
0
0
0
0
0
0
0
0
0
0
0
0
0
0
0
0
0
0
0
0
0
0
0
0
0
0
0
0
0
0
0
0
0
0
0
0
0
0
0
0
-3.7922
0
0
0
0
0
0
0
0
0
0
0
0
0
0
0
0
0
0
0
0
0
0
0
0
0
0
0
0
0
0
0
0
0
0
0
0
0
0
0
0
0
0
0
0
0
0
0
0
0
0
0
0
0
0
0
0
0
0
0
0
0
0
0
0
0
0
0
0
0
0
0
0
0
0
0
3.7922
0
0
0
0
0
0
0
0
0
0
0
0
0
0
0
0
0
0
0
0
0
0
0
0
0
0
0
0
0
0
0
0
0
0
0
0
0
0
0
0
0
0
0
0
0
0
0
0
0
0
0
0
0
0
0
0
0
0
0
0
0
-2.9409
0
0
0
0
0
0
0
0
0
0
0
0
0
0
0
0
0
0
0
0
0
0
0
0
0
0
0
0
0
0
0
0
0
0
0
0
0
0
0
0
0
0
0
0
0
0
0
0
0
0
0
0
0
0
0
0
0
0
0
0
0
2.9409
0
0
0
0
0
0
0
0
0
0
0
0
0
-4.552
0
0
0
0
0
0
0
0
0
0
0
0
0
0
0
0
0
0
0
0
0
0
0
0
0
0
0
0
0
0
0
0
0
0
0
0
0
0
0
0
0
0
0
0
0
0
0
0
0
0
0
0
0
0
0
0
0
0
0
0
0
0
0
0
0
0
0
0
0
0
0
0
0
0
0
0
0
0
0
0
0
0
0
0
0
0
0
0
0
0
0
0
0
0
0
0
0
0
0
0
0
0
0
0
0
0
0
0
0
4.552
0
0
0
0
0
0
0
0
0
0
0
0
0
0
0
0
0
0
0
0
0
0
0
0
0
0
0
0
0
0
0
0
0
0
0
0
0
0
0
0
-3.9603
0
0
0
0
0
0
0
0
0
0
0
0
0
0
0
0
0
0
0
0
0
0
0
0
0
0
0
0
0
0
0
0
0
0
0
0
0
0
0
0
0
0
0
0
0
0
0
0
0
0
0
0
0
0
0
0
0
0
0
0
0
0
0
0
0
0
0
0
0
0
0
0
0
0
0
0
0
0
0
0
0
0
3.9603
0
0
0
0
0
0
0
0
0
0
0
0
0
0
0
0
0
0
0
0
0
0
0
0
0
0
0
0
0
-3.4661
0
0
0
0
0
0
0
0
0
0
0
0
0
0
0
0
0
0
0
0
0
0
0
0
0
0
0
0
0
0
0
0
0
0
0
0
0
0
0
0
0
0
0
0
0
0
0
0
0
0
0
0
0
0
0
0
0
0
0
0
0
0
0
0
0
0
0
0
0
0
0
0
0
0
0
0
0
0
0
0
0
0
0
0
0
0
0
0
0
0
0
0
0
3.4661
0
0
0
0
0
0
0
0
0
0
0
0
0
0
0
0
0
0
0
0
0
0
0
0
0
0
0
0
0
0
0
0
0
0
0
0
0
0
0
0
0
0
0
0
0
0
0
0
0
0
-2.8164
0
0
0
0
0
0
0
0
0
0
0
0
0
0
0
0
0
0
0
0
0
0
0
0
0
0
0
0
0
0
0
0
0
0
0
0
0
0
0
0
0
0
0
0
0
0
0
0
0
0
0
0
0
0
0
0
0
0
0
0
0
0
0
0
0
0
0
0
0
0
0
0
2.8164
0
0
0
0
0
0
0
0
0
0
0
0
0
0
0
0
0
0
0
0
0
0
0
0
0
0
0
0
0
0
0
0
0
0
0
0
0
0
0
0
0
0
0
0
0
0
0
0
0
0
0
0
0
0
0
0
-2.9406
0
0
0
0
0
0
0
0
0
0
0
0
0
0
0
0
0
0
0
0
0
0
0
0
0
0
0
0
0
0
0
0
0
0
0
0
0
0
0
0
0
0
0
0
0
0
0
0
0
0
0
0
0
0
0
0
0
0
0
0
0
0
0
0
0
0
2.9406
0
0
0
0
0
0
0
0
0
0
0
0
0
0
0
0
0
0
0
0
0
0
0
0
0
0
0
0
0
0
0
0
0
0
0
0
0
0
0
0
0
0
0
0
0
0
0
0
0
0
0
0
0
0
0
0
0
0
0
0
0
0
0
0
0
0
0
0
0
0
0
0
0
0
0
0
0
0
-1.8918
0
0
0
0
0
0
0
0
0
0
0
0
0
0
0
0
0
0
0
0
0
0
0
0
0
0
0
0
0
0
0
0
0
0
0
0
0
0
0
0
0
0
0
0
1.8918
0
0
0
0
0
0
0
0
-4.6036
0
0
0
0
0
0
0
0
0
0
0
0
0
0
0
0
0
0
0
0
0
0
0
0
0
0
0
0
0
0
0
0
0
0
0
0
0
0
0
0
0
0
0
0
0
0
0
0
0
0
0
0
0
0
0
0
0
0
0
0
0
0
0
0
0
0
0
0
0
0
0
0
0
0
0
0
0
0
0
0
0
0
0
0
0
0
0
0
0
0
0
0
0
0
0
0
0
0
0
0
0
0
0
0
0
0
0
0
0
0
0
0
0
0
4.6036
0
0
0
0
0
0
0
0
0
0
0
0
0
0
0
0
0
0
0
0
0
0
0
0
0
0
0
0
0
0
0
0
0
0
0
0
0
0
0
0
0
0
0
0
0
0
0
0
0
0
0
0
0
0
0
0
0
0
0
0
0
0
0
0
0
0
0
0
0
0
0
0
0
0
0
0
0
0
0
0
0
0
0
0
0
-0.35775
0
0
0
0
0
0
0
0
0
0
0
0
0
0
0
0
0
0
0
0
0
0
0
0
0
0
0
0
0
0
0
0
0
0
0
0
0
0.35775
0
0
0
0
0
0
0
0
0
0
0
0
0
-4.0875
0
0
0
0
0
0
0
0
0
0
0
0
0
0
0
0
0
0
0
0
0
0
0
0
0
0
0
0
0
0
0
0
0
0
0
0
0
0
0
0
0
0
0
0
0
0
0
0
0
0
0
0
0
0
0
0
0
0
0
0
0
0
0
0
0
0
0
0
0
0
0
0
0
0
0
0
0
0
0
0
0
0
0
0
0
0
0
0
0
0
0
0
0
0
0
0
0
0
0
0
0
0
0
0
0
0
0
0
0
4.0875
0
0
0
0
0
0
0
0
0
0
0
0
0
0
0
0
0
0
0
0
0
0
0
0
0
0
0
0
0
0
0
0
-3.96
0
0
0
0
0
0
0
0
0
0
0
0
0
0
0
0
0
0
0
0
0
0
0
0
0
0
0
0
0
0
0
0
0
0
0
0
0
0
0
0
0
0
0
0
0
0
0
0
0
0
0
0
0
0
0
0
0
0
0
0
0
0
0
0
0
0
0
0
0
0
0
0
0
0
0
0
0
0
0
0
0
0
0
0
0
0
0
0
0
0
3.96
0
0
0
0
0
0
0
0
0
0
0
0
0
0
0
0
0
0
0
0
0
0
0
0
0
0
0
0
0
0
0
0
0
0
-3.7225
0
0
0
0
0
0
0
0
0
0
0
0
0
0
0
0
0
0
0
0
0
0
0
0
0
0
0
0
0
0
0
0
0
0
0
0
0
0
0
0
0
0
0
0
0
0
0
0
0
0
0
0
0
0
0
0
0
0
0
0
0
0
0
0
0
0
0
0
0
0
0
0
0
0
0
0
0
0
0
0
0
0
0
0
0
0
0
0
3.7225
0
0
0
0
0
0
0
0
0
0
0
0
0
0
0
0
0
0
0
0
0
0
0
0
0
0
0
0
0
0
0
0
0
0
0
0
0
0
0
0
0
0
0
0
0
0
0
0
0
0
0
-2.4764
0
0
0
0
0
0
0
0
0
0
0
0
0
0
0
0
0
0
0
0
0
0
0
0
0
0
0
0
0
0
0
0
0
0
0
0
0
0
0
0
0
0
0
0
0
0
0
0
0
0
0
0
0
0
0
0
0
0
0
0
0
0
0
0
0
0
0
0
0
0
0
2.4764
0
0
0
0
0
0
0
0
0
0
0
0
0
0
0
0
0
0
0
0
0
0
0
0
0
0
0
0
0
0
0
0
0
0
0
0
0
0
0
0
0
0
0
0
0
0
0
0
0
0
0
0
0
0
0
0
0
0
0
0
0
0
0
0
0
0
0
0
0
0
0
0
0
0
-2.1232
0
0
0
0
0
0
0
0
0
0
0
0
0
0
0
0
0
0
0
0
0
0
0
0
0
0
0
0
0
0
0
0
0
0
0
0
0
0
0
0
0
0
0
0
0
0
0
0
2.1232
